"ISO3","Area","cpc_name1","Element","Unit","Year","value","Item","grouped"
"MAC","China, Macao Special Administrative Region","Animal fats","Production","t",1992,921.14,NA,"yes"
"MAC","China, Macao Special Administrative Region","Animal fats","Production","t",1993,942.9499999999999,NA,"yes"
"MAC","China, Macao Special Administrative Region","Animal fats","Production","t",1994,1015.2900000000001,NA,"yes"
"MAC","China, Macao Special Administrative Region","Animal fats","Production","t",1995,1018.25,NA,"yes"
"MAC","China, Macao Special Administrative Region","Animal fats","Production","t",1996,1056.04,NA,"yes"
"MAC","China, Macao Special Administrative Region","Animal fats","Production","t",1997,1175.92,NA,"yes"
"MAC","China, Macao Special Administrative Region","Animal fats","Production","t",1998,1190.8400000000001,NA,"yes"
"MAC","China, Macao Special Administrative Region","Animal fats","Production","t",1999,1112.19,NA,"yes"
"MAC","China, Macao Special Administrative Region","Animal fats","Production","t",2000,1086.82,NA,"yes"
"MAC","China, Macao Special Administrative Region","Animal fats","Production","t",2001,1105.73,NA,"yes"
"MAC","China, Macao Special Administrative Region","Animal fats","Production","t",2002,1011.89,NA,"yes"
"MAC","China, Macao Special Administrative Region","Animal fats","Production","t",2003,1027.54,NA,"yes"
"MAC","China, Macao Special Administrative Region","Animal fats","Production","t",2004,1029.1599999999999,NA,"yes"
"MAC","China, Macao Special Administrative Region","Animal fats","Production","t",2005,1013.83,NA,"yes"
"MAC","China, Macao Special Administrative Region","Animal fats","Production","t",2006,1003.95,NA,"yes"
"MAC","China, Macao Special Administrative Region","Animal fats","Production","t",2007,987.56,NA,"yes"
"MAC","China, Macao Special Administrative Region","Animal fats","Production","t",2008,798.4100000000001,NA,"yes"
"MAC","China, Macao Special Administrative Region","Animal fats","Production","t",2009,770.2099999999999,NA,"yes"
"MAC","China, Macao Special Administrative Region","Animal fats","Production","t",2010,942.9599999999999,NA,"yes"
"MAC","China, Macao Special Administrative Region","Animal fats","Production","t",2011,1054.42,NA,"yes"
"MAC","China, Macao Special Administrative Region","Animal fats","Production","t",2012,1135.3600000000001,NA,"yes"
"MAC","China, Macao Special Administrative Region","Animal fats","Production","t",2013,1136.8799999999999,NA,"yes"
"MAC","China, Macao Special Administrative Region","Animal fats","Production","t",2014,1136.79,NA,"yes"
"MAC","China, Macao Special Administrative Region","Animal fats","Production","t",2015,1036.99,NA,"yes"
"MAC","China, Macao Special Administrative Region","Animal fats","Production","t",2016,926.7,NA,"yes"
"MAC","China, Macao Special Administrative Region","Animal fats","Production","t",2017,870.5899999999999,NA,"yes"
"MAC","China, Macao Special Administrative Region","Animal fats","Production","t",2018,812.28,NA,"yes"
"MAC","China, Macao Special Administrative Region","Animal fats","Production","t",2019,742.87,NA,"yes"
"MAC","China, Macao Special Administrative Region","Animal fats","Production","t",2020,785.59,NA,"yes"
"MAC","China, Macao Special Administrative Region","Animal fats","Production","t",2021,811.83,NA,"yes"
"MAC","China, Macao Special Administrative Region","Animal fats","Production","t",2022,773.12,NA,"yes"
"MAC","China, Macao Special Administrative Region","Animal fats","Production","t",2023,389.61,NA,"yes"
"MAC","China, Macao Special Administrative Region","Edible roots and tubers with high starch or inulin content","Area harvested","ha",1992,0,NA,"yes"
"MAC","China, Macao Special Administrative Region","Edible roots and tubers with high starch or inulin content","Area harvested","ha",1993,0,NA,"yes"
"MAC","China, Macao Special Administrative Region","Edible roots and tubers with high starch or inulin content","Area harvested","ha",1994,0,NA,"yes"
"MAC","China, Macao Special Administrative Region","Edible roots and tubers with high starch or inulin content","Area harvested","ha",1995,0,NA,"yes"
"MAC","China, Macao Special Administrative Region","Edible roots and tubers with high starch or inulin content","Area harvested","ha",1996,0,NA,"yes"
"MAC","China, Macao Special Administrative Region","Edible roots and tubers with high starch or inulin content","Area harvested","ha",1997,0,NA,"yes"
"MAC","China, Macao Special Administrative Region","Edible roots and tubers with high starch or inulin content","Area harvested","ha",1998,0,NA,"yes"
"MAC","China, Macao Special Administrative Region","Edible roots and tubers with high starch or inulin content","Area harvested","ha",1999,0,NA,"yes"
"MAC","China, Macao Special Administrative Region","Edible roots and tubers with high starch or inulin content","Area harvested","ha",2000,0,NA,"yes"
"MAC","China, Macao Special Administrative Region","Edible roots and tubers with high starch or inulin content","Area harvested","ha",2001,0,NA,"yes"
"MAC","China, Macao Special Administrative Region","Edible roots and tubers with high starch or inulin content","Area harvested","ha",2002,0,NA,"yes"
"MAC","China, Macao Special Administrative Region","Edible roots and tubers with high starch or inulin content","Area harvested","ha",2003,0,NA,"yes"
"MAC","China, Macao Special Administrative Region","Edible roots and tubers with high starch or inulin content","Area harvested","ha",2004,0,NA,"yes"
"MAC","China, Macao Special Administrative Region","Edible roots and tubers with high starch or inulin content","Area harvested","ha",2005,0,NA,"yes"
"MAC","China, Macao Special Administrative Region","Edible roots and tubers with high starch or inulin content","Area harvested","ha",2006,0,NA,"yes"
"MAC","China, Macao Special Administrative Region","Edible roots and tubers with high starch or inulin content","Area harvested","ha",2007,0,NA,"yes"
"MAC","China, Macao Special Administrative Region","Edible roots and tubers with high starch or inulin content","Area harvested","ha",2008,0,NA,"yes"
"MAC","China, Macao Special Administrative Region","Edible roots and tubers with high starch or inulin content","Area harvested","ha",2009,0,NA,"yes"
"MAC","China, Macao Special Administrative Region","Edible roots and tubers with high starch or inulin content","Area harvested","ha",2010,0,NA,"yes"
"MAC","China, Macao Special Administrative Region","Edible roots and tubers with high starch or inulin content","Area harvested","ha",2011,0,NA,"yes"
"MAC","China, Macao Special Administrative Region","Edible roots and tubers with high starch or inulin content","Area harvested","ha",2012,0,NA,"yes"
"MAC","China, Macao Special Administrative Region","Edible roots and tubers with high starch or inulin content","Area harvested","ha",2013,0,NA,"yes"
"MAC","China, Macao Special Administrative Region","Edible roots and tubers with high starch or inulin content","Area harvested","ha",2014,0,NA,"yes"
"MAC","China, Macao Special Administrative Region","Edible roots and tubers with high starch or inulin content","Area harvested","ha",2015,0,NA,"yes"
"MAC","China, Macao Special Administrative Region","Edible roots and tubers with high starch or inulin content","Area harvested","ha",2016,0,NA,"yes"
"MAC","China, Macao Special Administrative Region","Edible roots and tubers with high starch or inulin content","Area harvested","ha",2017,0,NA,"yes"
"MAC","China, Macao Special Administrative Region","Edible roots and tubers with high starch or inulin content","Area harvested","ha",2018,0,NA,"yes"
"MAC","China, Macao Special Administrative Region","Edible roots and tubers with high starch or inulin content","Area harvested","ha",2019,0,NA,"yes"
"MAC","China, Macao Special Administrative Region","Edible roots and tubers with high starch or inulin content","Area harvested","ha",2020,0,NA,"yes"
"MAC","China, Macao Special Administrative Region","Edible roots and tubers with high starch or inulin content","Area harvested","ha",2021,0,NA,"yes"
"MAC","China, Macao Special Administrative Region","Edible roots and tubers with high starch or inulin content","Area harvested","ha",2022,0,NA,"yes"
"MAC","China, Macao Special Administrative Region","Edible roots and tubers with high starch or inulin content","Area harvested","ha",2023,0,NA,"yes"
"MAC","China, Macao Special Administrative Region","Edible roots and tubers with high starch or inulin content","Production","t",1992,0,NA,"yes"
"MAC","China, Macao Special Administrative Region","Edible roots and tubers with high starch or inulin content","Production","t",1993,0,NA,"yes"
"MAC","China, Macao Special Administrative Region","Edible roots and tubers with high starch or inulin content","Production","t",1994,0,NA,"yes"
"MAC","China, Macao Special Administrative Region","Edible roots and tubers with high starch or inulin content","Production","t",1995,0,NA,"yes"
"MAC","China, Macao Special Administrative Region","Edible roots and tubers with high starch or inulin content","Production","t",1996,0,NA,"yes"
"MAC","China, Macao Special Administrative Region","Edible roots and tubers with high starch or inulin content","Production","t",1997,0,NA,"yes"
"MAC","China, Macao Special Administrative Region","Edible roots and tubers with high starch or inulin content","Production","t",1998,0,NA,"yes"
"MAC","China, Macao Special Administrative Region","Edible roots and tubers with high starch or inulin content","Production","t",1999,0,NA,"yes"
"MAC","China, Macao Special Administrative Region","Edible roots and tubers with high starch or inulin content","Production","t",2000,0,NA,"yes"
"MAC","China, Macao Special Administrative Region","Edible roots and tubers with high starch or inulin content","Production","t",2001,0,NA,"yes"
"MAC","China, Macao Special Administrative Region","Edible roots and tubers with high starch or inulin content","Production","t",2002,0,NA,"yes"
"MAC","China, Macao Special Administrative Region","Edible roots and tubers with high starch or inulin content","Production","t",2003,0,NA,"yes"
"MAC","China, Macao Special Administrative Region","Edible roots and tubers with high starch or inulin content","Production","t",2004,0,NA,"yes"
"MAC","China, Macao Special Administrative Region","Edible roots and tubers with high starch or inulin content","Production","t",2005,0,NA,"yes"
"MAC","China, Macao Special Administrative Region","Edible roots and tubers with high starch or inulin content","Production","t",2006,0,NA,"yes"
"MAC","China, Macao Special Administrative Region","Edible roots and tubers with high starch or inulin content","Production","t",2007,0,NA,"yes"
"MAC","China, Macao Special Administrative Region","Edible roots and tubers with high starch or inulin content","Production","t",2008,0,NA,"yes"
"MAC","China, Macao Special Administrative Region","Edible roots and tubers with high starch or inulin content","Production","t",2009,0,NA,"yes"
"MAC","China, Macao Special Administrative Region","Edible roots and tubers with high starch or inulin content","Production","t",2010,0,NA,"yes"
"MAC","China, Macao Special Administrative Region","Edible roots and tubers with high starch or inulin content","Production","t",2011,0,NA,"yes"
"MAC","China, Macao Special Administrative Region","Edible roots and tubers with high starch or inulin content","Production","t",2012,0,NA,"yes"
"MAC","China, Macao Special Administrative Region","Edible roots and tubers with high starch or inulin content","Production","t",2013,0,NA,"yes"
"MAC","China, Macao Special Administrative Region","Edible roots and tubers with high starch or inulin content","Production","t",2014,0,NA,"yes"
"MAC","China, Macao Special Administrative Region","Edible roots and tubers with high starch or inulin content","Production","t",2015,0,NA,"yes"
"MAC","China, Macao Special Administrative Region","Edible roots and tubers with high starch or inulin content","Production","t",2016,0,NA,"yes"
"MAC","China, Macao Special Administrative Region","Edible roots and tubers with high starch or inulin content","Production","t",2017,0,NA,"yes"
"MAC","China, Macao Special Administrative Region","Edible roots and tubers with high starch or inulin content","Production","t",2018,0,NA,"yes"
"MAC","China, Macao Special Administrative Region","Edible roots and tubers with high starch or inulin content","Production","t",2019,0,NA,"yes"
"MAC","China, Macao Special Administrative Region","Edible roots and tubers with high starch or inulin content","Production","t",2020,0,NA,"yes"
"MAC","China, Macao Special Administrative Region","Edible roots and tubers with high starch or inulin content","Production","t",2021,0,NA,"yes"
"MAC","China, Macao Special Administrative Region","Edible roots and tubers with high starch or inulin content","Production","t",2022,0,NA,"yes"
"MAC","China, Macao Special Administrative Region","Edible roots and tubers with high starch or inulin content","Production","t",2023,0,NA,"yes"
"MAC","China, Macao Special Administrative Region","Eggs of hens or other birds in shell, fresh","Production","1000 No",1992,12800,NA,"yes"
"MAC","China, Macao Special Administrative Region","Eggs of hens or other birds in shell, fresh","Production","1000 No",1993,12800,NA,"yes"
"MAC","China, Macao Special Administrative Region","Eggs of hens or other birds in shell, fresh","Production","1000 No",1994,12600,NA,"yes"
"MAC","China, Macao Special Administrative Region","Eggs of hens or other birds in shell, fresh","Production","1000 No",1995,12700,NA,"yes"
"MAC","China, Macao Special Administrative Region","Eggs of hens or other birds in shell, fresh","Production","1000 No",1996,12000,NA,"yes"
"MAC","China, Macao Special Administrative Region","Eggs of hens or other birds in shell, fresh","Production","1000 No",1997,12000,NA,"yes"
"MAC","China, Macao Special Administrative Region","Eggs of hens or other birds in shell, fresh","Production","1000 No",1998,14400,NA,"yes"
"MAC","China, Macao Special Administrative Region","Eggs of hens or other birds in shell, fresh","Production","1000 No",1999,16800,NA,"yes"
"MAC","China, Macao Special Administrative Region","Eggs of hens or other birds in shell, fresh","Production","1000 No",2000,19500,NA,"yes"
"MAC","China, Macao Special Administrative Region","Eggs of hens or other birds in shell, fresh","Production","1000 No",2001,20000,NA,"yes"
"MAC","China, Macao Special Administrative Region","Eggs of hens or other birds in shell, fresh","Production","1000 No",2002,20000,NA,"yes"
"MAC","China, Macao Special Administrative Region","Eggs of hens or other birds in shell, fresh","Production","1000 No",2003,14000,NA,"yes"
"MAC","China, Macao Special Administrative Region","Eggs of hens or other birds in shell, fresh","Production","1000 No",2004,10000,NA,"yes"
"MAC","China, Macao Special Administrative Region","Eggs of hens or other birds in shell, fresh","Production","1000 No",2005,12000,NA,"yes"
"MAC","China, Macao Special Administrative Region","Eggs of hens or other birds in shell, fresh","Production","1000 No",2006,12000,NA,"yes"
"MAC","China, Macao Special Administrative Region","Eggs of hens or other birds in shell, fresh","Production","1000 No",2007,18000,NA,"yes"
"MAC","China, Macao Special Administrative Region","Eggs of hens or other birds in shell, fresh","Production","1000 No",2008,8000,NA,"yes"
"MAC","China, Macao Special Administrative Region","Eggs of hens or other birds in shell, fresh","Production","1000 No",2009,8000,NA,"yes"
"MAC","China, Macao Special Administrative Region","Eggs of hens or other birds in shell, fresh","Production","1000 No",2010,8000,NA,"yes"
"MAC","China, Macao Special Administrative Region","Eggs of hens or other birds in shell, fresh","Production","1000 No",2011,7600,NA,"yes"
"MAC","China, Macao Special Administrative Region","Eggs of hens or other birds in shell, fresh","Production","1000 No",2012,7700,NA,"yes"
"MAC","China, Macao Special Administrative Region","Eggs of hens or other birds in shell, fresh","Production","1000 No",2013,8000,NA,"yes"
"MAC","China, Macao Special Administrative Region","Eggs of hens or other birds in shell, fresh","Production","1000 No",2014,8960,NA,"yes"
"MAC","China, Macao Special Administrative Region","Eggs of hens or other birds in shell, fresh","Production","1000 No",2015,8240,NA,"yes"
"MAC","China, Macao Special Administrative Region","Eggs of hens or other birds in shell, fresh","Production","1000 No",2016,8259,NA,"yes"
"MAC","China, Macao Special Administrative Region","Eggs of hens or other birds in shell, fresh","Production","1000 No",2017,8600,NA,"yes"
"MAC","China, Macao Special Administrative Region","Eggs of hens or other birds in shell, fresh","Production","1000 No",2018,8500,NA,"yes"
"MAC","China, Macao Special Administrative Region","Eggs of hens or other birds in shell, fresh","Production","1000 No",2019,8500,NA,"yes"
"MAC","China, Macao Special Administrative Region","Eggs of hens or other birds in shell, fresh","Production","1000 No",2020,8500,NA,"yes"
"MAC","China, Macao Special Administrative Region","Eggs of hens or other birds in shell, fresh","Production","1000 No",2021,8500,NA,"yes"
"MAC","China, Macao Special Administrative Region","Eggs of hens or other birds in shell, fresh","Production","1000 No",2022,8500,NA,"yes"
"MAC","China, Macao Special Administrative Region","Eggs of hens or other birds in shell, fresh","Production","1000 No",2023,8500,NA,"yes"
"MAC","China, Macao Special Administrative Region","Eggs of hens or other birds in shell, fresh","Production","t",1992,640,NA,"yes"
"MAC","China, Macao Special Administrative Region","Eggs of hens or other birds in shell, fresh","Production","t",1993,640,NA,"yes"
"MAC","China, Macao Special Administrative Region","Eggs of hens or other birds in shell, fresh","Production","t",1994,630,NA,"yes"
"MAC","China, Macao Special Administrative Region","Eggs of hens or other birds in shell, fresh","Production","t",1995,635,NA,"yes"
"MAC","China, Macao Special Administrative Region","Eggs of hens or other birds in shell, fresh","Production","t",1996,600,NA,"yes"
"MAC","China, Macao Special Administrative Region","Eggs of hens or other birds in shell, fresh","Production","t",1997,600,NA,"yes"
"MAC","China, Macao Special Administrative Region","Eggs of hens or other birds in shell, fresh","Production","t",1998,720,NA,"yes"
"MAC","China, Macao Special Administrative Region","Eggs of hens or other birds in shell, fresh","Production","t",1999,840,NA,"yes"
"MAC","China, Macao Special Administrative Region","Eggs of hens or other birds in shell, fresh","Production","t",2000,980,NA,"yes"
"MAC","China, Macao Special Administrative Region","Eggs of hens or other birds in shell, fresh","Production","t",2001,1000,NA,"yes"
"MAC","China, Macao Special Administrative Region","Eggs of hens or other birds in shell, fresh","Production","t",2002,1000,NA,"yes"
"MAC","China, Macao Special Administrative Region","Eggs of hens or other birds in shell, fresh","Production","t",2003,700,NA,"yes"
"MAC","China, Macao Special Administrative Region","Eggs of hens or other birds in shell, fresh","Production","t",2004,500,NA,"yes"
"MAC","China, Macao Special Administrative Region","Eggs of hens or other birds in shell, fresh","Production","t",2005,600,NA,"yes"
"MAC","China, Macao Special Administrative Region","Eggs of hens or other birds in shell, fresh","Production","t",2006,600,NA,"yes"
"MAC","China, Macao Special Administrative Region","Eggs of hens or other birds in shell, fresh","Production","t",2007,900,NA,"yes"
"MAC","China, Macao Special Administrative Region","Eggs of hens or other birds in shell, fresh","Production","t",2008,400,NA,"yes"
"MAC","China, Macao Special Administrative Region","Eggs of hens or other birds in shell, fresh","Production","t",2009,400,NA,"yes"
"MAC","China, Macao Special Administrative Region","Eggs of hens or other birds in shell, fresh","Production","t",2010,400,NA,"yes"
"MAC","China, Macao Special Administrative Region","Eggs of hens or other birds in shell, fresh","Production","t",2011,380,NA,"yes"
"MAC","China, Macao Special Administrative Region","Eggs of hens or other birds in shell, fresh","Production","t",2012,385,NA,"yes"
"MAC","China, Macao Special Administrative Region","Eggs of hens or other birds in shell, fresh","Production","t",2013,400,NA,"yes"
"MAC","China, Macao Special Administrative Region","Eggs of hens or other birds in shell, fresh","Production","t",2014,631.86,NA,"yes"
"MAC","China, Macao Special Administrative Region","Eggs of hens or other birds in shell, fresh","Production","t",2015,641.13,NA,"yes"
"MAC","China, Macao Special Administrative Region","Eggs of hens or other birds in shell, fresh","Production","t",2016,427,NA,"yes"
"MAC","China, Macao Special Administrative Region","Eggs of hens or other birds in shell, fresh","Production","t",2017,430,NA,"yes"
"MAC","China, Macao Special Administrative Region","Eggs of hens or other birds in shell, fresh","Production","t",2018,425,NA,"yes"
"MAC","China, Macao Special Administrative Region","Eggs of hens or other birds in shell, fresh","Production","t",2019,425,NA,"yes"
"MAC","China, Macao Special Administrative Region","Eggs of hens or other birds in shell, fresh","Production","t",2020,425,NA,"yes"
"MAC","China, Macao Special Administrative Region","Eggs of hens or other birds in shell, fresh","Production","t",2021,425,NA,"yes"
"MAC","China, Macao Special Administrative Region","Eggs of hens or other birds in shell, fresh","Production","t",2022,425,NA,"yes"
"MAC","China, Macao Special Administrative Region","Eggs of hens or other birds in shell, fresh","Production","t",2023,425,NA,"yes"
"MAC","China, Macao Special Administrative Region","Eggs of hens or other birds in shell, fresh","Yield","No/An",1992,78,NA,"yes"
"MAC","China, Macao Special Administrative Region","Eggs of hens or other birds in shell, fresh","Yield","No/An",1993,78,NA,"yes"
"MAC","China, Macao Special Administrative Region","Eggs of hens or other birds in shell, fresh","Yield","No/An",1994,79,NA,"yes"
"MAC","China, Macao Special Administrative Region","Eggs of hens or other birds in shell, fresh","Yield","No/An",1995,79,NA,"yes"
"MAC","China, Macao Special Administrative Region","Eggs of hens or other birds in shell, fresh","Yield","No/An",1996,77,NA,"yes"
"MAC","China, Macao Special Administrative Region","Eggs of hens or other birds in shell, fresh","Yield","No/An",1997,77,NA,"yes"
"MAC","China, Macao Special Administrative Region","Eggs of hens or other birds in shell, fresh","Yield","No/An",1998,78,NA,"yes"
"MAC","China, Macao Special Administrative Region","Eggs of hens or other birds in shell, fresh","Yield","No/An",1999,76,NA,"yes"
"MAC","China, Macao Special Administrative Region","Eggs of hens or other birds in shell, fresh","Yield","No/An",2000,78,NA,"yes"
"MAC","China, Macao Special Administrative Region","Eggs of hens or other birds in shell, fresh","Yield","No/An",2001,77,NA,"yes"
"MAC","China, Macao Special Administrative Region","Eggs of hens or other birds in shell, fresh","Yield","No/An",2002,77,NA,"yes"
"MAC","China, Macao Special Administrative Region","Eggs of hens or other birds in shell, fresh","Yield","No/An",2003,78,NA,"yes"
"MAC","China, Macao Special Administrative Region","Eggs of hens or other birds in shell, fresh","Yield","No/An",2004,77,NA,"yes"
"MAC","China, Macao Special Administrative Region","Eggs of hens or other birds in shell, fresh","Yield","No/An",2005,77,NA,"yes"
"MAC","China, Macao Special Administrative Region","Eggs of hens or other birds in shell, fresh","Yield","No/An",2006,77,NA,"yes"
"MAC","China, Macao Special Administrative Region","Eggs of hens or other birds in shell, fresh","Yield","No/An",2007,78,NA,"yes"
"MAC","China, Macao Special Administrative Region","Eggs of hens or other birds in shell, fresh","Yield","No/An",2008,76,NA,"yes"
"MAC","China, Macao Special Administrative Region","Eggs of hens or other birds in shell, fresh","Yield","No/An",2009,76,NA,"yes"
"MAC","China, Macao Special Administrative Region","Eggs of hens or other birds in shell, fresh","Yield","No/An",2010,76,NA,"yes"
"MAC","China, Macao Special Administrative Region","Eggs of hens or other birds in shell, fresh","Yield","No/An",2011,76,NA,"yes"
"MAC","China, Macao Special Administrative Region","Eggs of hens or other birds in shell, fresh","Yield","No/An",2012,77,NA,"yes"
"MAC","China, Macao Special Administrative Region","Eggs of hens or other birds in shell, fresh","Yield","No/An",2013,76,NA,"yes"
"MAC","China, Macao Special Administrative Region","Eggs of hens or other birds in shell, fresh","Yield","No/An",2014,52,NA,"yes"
"MAC","China, Macao Special Administrative Region","Eggs of hens or other birds in shell, fresh","Yield","No/An",2015,48,NA,"yes"
"MAC","China, Macao Special Administrative Region","Eggs of hens or other birds in shell, fresh","Yield","No/An",2016,72,NA,"yes"
"MAC","China, Macao Special Administrative Region","Eggs of hens or other birds in shell, fresh","Yield","No/An",2017,80,NA,"yes"
"MAC","China, Macao Special Administrative Region","Eggs of hens or other birds in shell, fresh","Yield","No/An",2018,76,NA,"yes"
"MAC","China, Macao Special Administrative Region","Eggs of hens or other birds in shell, fresh","Yield","No/An",2019,77,NA,"yes"
"MAC","China, Macao Special Administrative Region","Eggs of hens or other birds in shell, fresh","Yield","No/An",2020,78,NA,"yes"
"MAC","China, Macao Special Administrative Region","Eggs of hens or other birds in shell, fresh","Yield","No/An",2021,78,NA,"yes"
"MAC","China, Macao Special Administrative Region","Eggs of hens or other birds in shell, fresh","Yield","No/An",2022,78,NA,"yes"
"MAC","China, Macao Special Administrative Region","Eggs of hens or other birds in shell, fresh","Yield","No/An",2023,77,NA,"yes"
"MAC","China, Macao Special Administrative Region","Live animals","Stocks","1000 An",1992,450,NA,"yes"
"MAC","China, Macao Special Administrative Region","Live animals","Stocks","1000 An",1993,460,NA,"yes"
"MAC","China, Macao Special Administrative Region","Live animals","Stocks","1000 An",1994,430,NA,"yes"
"MAC","China, Macao Special Administrative Region","Live animals","Stocks","1000 An",1995,430,NA,"yes"
"MAC","China, Macao Special Administrative Region","Live animals","Stocks","1000 An",1996,420,NA,"yes"
"MAC","China, Macao Special Administrative Region","Live animals","Stocks","1000 An",1997,420,NA,"yes"
"MAC","China, Macao Special Administrative Region","Live animals","Stocks","1000 An",1998,500,NA,"yes"
"MAC","China, Macao Special Administrative Region","Live animals","Stocks","1000 An",1999,600,NA,"yes"
"MAC","China, Macao Special Administrative Region","Live animals","Stocks","1000 An",2000,500,NA,"yes"
"MAC","China, Macao Special Administrative Region","Live animals","Stocks","1000 An",2001,600,NA,"yes"
"MAC","China, Macao Special Administrative Region","Live animals","Stocks","1000 An",2002,600,NA,"yes"
"MAC","China, Macao Special Administrative Region","Live animals","Stocks","1000 An",2003,700,NA,"yes"
"MAC","China, Macao Special Administrative Region","Live animals","Stocks","1000 An",2004,600,NA,"yes"
"MAC","China, Macao Special Administrative Region","Live animals","Stocks","1000 An",2005,700,NA,"yes"
"MAC","China, Macao Special Administrative Region","Live animals","Stocks","1000 An",2006,700,NA,"yes"
"MAC","China, Macao Special Administrative Region","Live animals","Stocks","1000 An",2007,780,NA,"yes"
"MAC","China, Macao Special Administrative Region","Live animals","Stocks","1000 An",2008,700,NA,"yes"
"MAC","China, Macao Special Administrative Region","Live animals","Stocks","1000 An",2009,700,NA,"yes"
"MAC","China, Macao Special Administrative Region","Live animals","Stocks","1000 An",2010,700,NA,"yes"
"MAC","China, Macao Special Administrative Region","Live animals","Stocks","1000 An",2011,700,NA,"yes"
"MAC","China, Macao Special Administrative Region","Live animals","Stocks","1000 An",2012,750,NA,"yes"
"MAC","China, Macao Special Administrative Region","Live animals","Stocks","1000 An",2013,730,NA,"yes"
"MAC","China, Macao Special Administrative Region","Live animals","Stocks","1000 An",2014,720,NA,"yes"
"MAC","China, Macao Special Administrative Region","Live animals","Stocks","1000 An",2015,743,NA,"yes"
"MAC","China, Macao Special Administrative Region","Live animals","Stocks","1000 An",2016,754,NA,"yes"
"MAC","China, Macao Special Administrative Region","Live animals","Stocks","1000 An",2017,767,NA,"yes"
"MAC","China, Macao Special Administrative Region","Live animals","Stocks","1000 An",2018,773,NA,"yes"
"MAC","China, Macao Special Administrative Region","Live animals","Stocks","1000 An",2019,783,NA,"yes"
"MAC","China, Macao Special Administrative Region","Live animals","Stocks","1000 An",2020,780,NA,"yes"
"MAC","China, Macao Special Administrative Region","Live animals","Stocks","1000 An",2021,793,NA,"yes"
"MAC","China, Macao Special Administrative Region","Live animals","Stocks","1000 An",2022,805,NA,"yes"
"MAC","China, Macao Special Administrative Region","Live animals","Stocks","1000 An",2023,819,NA,"yes"
"MAC","China, Macao Special Administrative Region","Meat and meat products","Production","t",1992,15417.74,NA,"yes"
"MAC","China, Macao Special Administrative Region","Meat and meat products","Production","t",1993,15902.28,NA,"yes"
"MAC","China, Macao Special Administrative Region","Meat and meat products","Production","t",1994,16703.62,NA,"yes"
"MAC","China, Macao Special Administrative Region","Meat and meat products","Production","t",1995,16536.25,NA,"yes"
"MAC","China, Macao Special Administrative Region","Meat and meat products","Production","t",1996,16725.24,NA,"yes"
"MAC","China, Macao Special Administrative Region","Meat and meat products","Production","t",1997,17285.04,NA,"yes"
"MAC","China, Macao Special Administrative Region","Meat and meat products","Production","t",1998,17045.85,NA,"yes"
"MAC","China, Macao Special Administrative Region","Meat and meat products","Production","t",1999,16935.72,NA,"yes"
"MAC","China, Macao Special Administrative Region","Meat and meat products","Production","t",2000,16884.5,NA,"yes"
"MAC","China, Macao Special Administrative Region","Meat and meat products","Production","t",2001,16918.72,NA,"yes"
"MAC","China, Macao Special Administrative Region","Meat and meat products","Production","t",2002,15893.47,NA,"yes"
"MAC","China, Macao Special Administrative Region","Meat and meat products","Production","t",2003,15641.45,NA,"yes"
"MAC","China, Macao Special Administrative Region","Meat and meat products","Production","t",2004,15558.88,NA,"yes"
"MAC","China, Macao Special Administrative Region","Meat and meat products","Production","t",2005,15530.36,NA,"yes"
"MAC","China, Macao Special Administrative Region","Meat and meat products","Production","t",2006,15650.68,NA,"yes"
"MAC","China, Macao Special Administrative Region","Meat and meat products","Production","t",2007,15938.08,NA,"yes"
"MAC","China, Macao Special Administrative Region","Meat and meat products","Production","t",2008,12804.58,NA,"yes"
"MAC","China, Macao Special Administrative Region","Meat and meat products","Production","t",2009,12577.48,NA,"yes"
"MAC","China, Macao Special Administrative Region","Meat and meat products","Production","t",2010,12339.67,NA,"yes"
"MAC","China, Macao Special Administrative Region","Meat and meat products","Production","t",2011,13280.32,NA,"yes"
"MAC","China, Macao Special Administrative Region","Meat and meat products","Production","t",2012,13591,NA,"yes"
"MAC","China, Macao Special Administrative Region","Meat and meat products","Production","t",2013,13609.88,NA,"yes"
"MAC","China, Macao Special Administrative Region","Meat and meat products","Production","t",2014,13140.96,NA,"yes"
"MAC","China, Macao Special Administrative Region","Meat and meat products","Production","t",2015,12279.96,NA,"yes"
"MAC","China, Macao Special Administrative Region","Meat and meat products","Production","t",2016,11661.73,NA,"yes"
"MAC","China, Macao Special Administrative Region","Meat and meat products","Production","t",2017,11106.14,NA,"yes"
"MAC","China, Macao Special Administrative Region","Meat and meat products","Production","t",2018,10504.81,NA,"yes"
"MAC","China, Macao Special Administrative Region","Meat and meat products","Production","t",2019,9667.36,NA,"yes"
"MAC","China, Macao Special Administrative Region","Meat and meat products","Production","t",2020,9733.26,NA,"yes"
"MAC","China, Macao Special Administrative Region","Meat and meat products","Production","t",2021,9635.27,NA,"yes"
"MAC","China, Macao Special Administrative Region","Meat and meat products","Production","t",2022,9571.17,NA,"yes"
"MAC","China, Macao Special Administrative Region","Meat and meat products","Production","t",2023,9506.27,NA,"yes"
"MAC","China, Macao Special Administrative Region","Other animal products","Production","t",1992,233.94,NA,"yes"
"MAC","China, Macao Special Administrative Region","Other animal products","Production","t",1993,231.26000000000002,NA,"yes"
"MAC","China, Macao Special Administrative Region","Other animal products","Production","t",1994,224.5,NA,"yes"
"MAC","China, Macao Special Administrative Region","Other animal products","Production","t",1995,190.04,NA,"yes"
"MAC","China, Macao Special Administrative Region","Other animal products","Production","t",1996,196.63,NA,"yes"
"MAC","China, Macao Special Administrative Region","Other animal products","Production","t",1997,149.23,NA,"yes"
"MAC","China, Macao Special Administrative Region","Other animal products","Production","t",1998,159.73,NA,"yes"
"MAC","China, Macao Special Administrative Region","Other animal products","Production","t",1999,160.2,NA,"yes"
"MAC","China, Macao Special Administrative Region","Other animal products","Production","t",2000,150.73,NA,"yes"
"MAC","China, Macao Special Administrative Region","Other animal products","Production","t",2001,164.04,NA,"yes"
"MAC","China, Macao Special Administrative Region","Other animal products","Production","t",2002,156.56,NA,"yes"
"MAC","China, Macao Special Administrative Region","Other animal products","Production","t",2003,155.63,NA,"yes"
"MAC","China, Macao Special Administrative Region","Other animal products","Production","t",2004,162.4,NA,"yes"
"MAC","China, Macao Special Administrative Region","Other animal products","Production","t",2005,154.85000000000002,NA,"yes"
"MAC","China, Macao Special Administrative Region","Other animal products","Production","t",2006,177.23,NA,"yes"
"MAC","China, Macao Special Administrative Region","Other animal products","Production","t",2007,165.82,NA,"yes"
"MAC","China, Macao Special Administrative Region","Other animal products","Production","t",2008,116.25999999999999,NA,"yes"
"MAC","China, Macao Special Administrative Region","Other animal products","Production","t",2009,131.4,NA,"yes"
"MAC","China, Macao Special Administrative Region","Other animal products","Production","t",2010,129.73000000000002,NA,"yes"
"MAC","China, Macao Special Administrative Region","Other animal products","Production","t",2011,132.63,NA,"yes"
"MAC","China, Macao Special Administrative Region","Other animal products","Production","t",2012,114.52,NA,"yes"
"MAC","China, Macao Special Administrative Region","Other animal products","Production","t",2013,116.3,NA,"yes"
"MAC","China, Macao Special Administrative Region","Other animal products","Production","t",2014,121.45,NA,"yes"
"MAC","China, Macao Special Administrative Region","Other animal products","Production","t",2015,123.39,NA,"yes"
"MAC","China, Macao Special Administrative Region","Other animal products","Production","t",2016,121.54,NA,"yes"
"MAC","China, Macao Special Administrative Region","Other animal products","Production","t",2017,118.57,NA,"yes"
"MAC","China, Macao Special Administrative Region","Other animal products","Production","t",2018,115.82000000000001,NA,"yes"
"MAC","China, Macao Special Administrative Region","Other animal products","Production","t",2019,112.9,NA,"yes"
"MAC","China, Macao Special Administrative Region","Other animal products","Production","t",2020,112.30999999999999,NA,"yes"
"MAC","China, Macao Special Administrative Region","Other animal products","Production","t",2021,110.79,NA,"yes"
"MAC","China, Macao Special Administrative Region","Other animal products","Production","t",2022,109.2,NA,"yes"
"MAC","China, Macao Special Administrative Region","Other animal products","Production","t",2023,107.61999999999999,NA,"yes"
"MAC","China, Macao Special Administrative Region","Other dairy products","Production","t",1992,0,NA,"yes"
"MAC","China, Macao Special Administrative Region","Other dairy products","Production","t",1993,0,NA,"yes"
"MAC","China, Macao Special Administrative Region","Other dairy products","Production","t",1994,0,NA,"yes"
"MAC","China, Macao Special Administrative Region","Other dairy products","Production","t",1995,0,NA,"yes"
"MAC","China, Macao Special Administrative Region","Other dairy products","Production","t",1996,0,NA,"yes"
"MAC","China, Macao Special Administrative Region","Other dairy products","Production","t",1997,0,NA,"yes"
"MAC","China, Macao Special Administrative Region","Other dairy products","Production","t",1998,0,NA,"yes"
"MAC","China, Macao Special Administrative Region","Other dairy products","Production","t",1999,0,NA,"yes"
"MAC","China, Macao Special Administrative Region","Other dairy products","Production","t",2000,0,NA,"yes"
"MAC","China, Macao Special Administrative Region","Other dairy products","Production","t",2001,0,NA,"yes"
"MAC","China, Macao Special Administrative Region","Other dairy products","Production","t",2002,0,NA,"yes"
"MAC","China, Macao Special Administrative Region","Other dairy products","Production","t",2003,0,NA,"yes"
"MAC","China, Macao Special Administrative Region","Other dairy products","Production","t",2004,0,NA,"yes"
"MAC","China, Macao Special Administrative Region","Other dairy products","Production","t",2005,0,NA,"yes"
"MAC","China, Macao Special Administrative Region","Other dairy products","Production","t",2006,0,NA,"yes"
"MAC","China, Macao Special Administrative Region","Other dairy products","Production","t",2007,0,NA,"yes"
"MAC","China, Macao Special Administrative Region","Other dairy products","Production","t",2008,0,NA,"yes"
"MAC","China, Macao Special Administrative Region","Other dairy products","Production","t",2009,0,NA,"yes"
"MAC","China, Macao Special Administrative Region","Other dairy products","Production","t",2010,0,NA,"yes"
"MAC","China, Macao Special Administrative Region","Other dairy products","Production","t",2011,0,NA,"yes"
"MAC","China, Macao Special Administrative Region","Other dairy products","Production","t",2012,0,NA,"yes"
"MAC","China, Macao Special Administrative Region","Other dairy products","Production","t",2013,0,NA,"yes"
"MAC","China, Macao Special Administrative Region","Other dairy products","Production","t",2014,1.25,NA,"yes"
"MAC","China, Macao Special Administrative Region","Other dairy products","Production","t",2015,0.92,NA,"yes"
"MAC","China, Macao Special Administrative Region","Other dairy products","Production","t",2016,1.25,NA,"yes"
"MAC","China, Macao Special Administrative Region","Other dairy products","Production","t",2017,316.53,NA,"yes"
"MAC","China, Macao Special Administrative Region","Other dairy products","Production","t",2018,307.43,NA,"yes"
"MAC","China, Macao Special Administrative Region","Other dairy products","Production","t",2019,9.28,NA,"yes"
"MAC","China, Macao Special Administrative Region","Other dairy products","Production","t",2020,0.75,NA,"yes"
"MAC","China, Macao Special Administrative Region","Other dairy products","Production","t",2021,1.64,NA,"yes"
"MAC","China, Macao Special Administrative Region","Other dairy products","Production","t",2022,7.01,NA,"yes"
"MAC","China, Macao Special Administrative Region","Other dairy products","Production","t",2023,0,NA,"yes"
"MAC","China, Macao Special Administrative Region","Pulses (dried leguminous vegetables)","Area harvested","ha",1992,0,NA,"yes"
"MAC","China, Macao Special Administrative Region","Pulses (dried leguminous vegetables)","Area harvested","ha",1993,0,NA,"yes"
"MAC","China, Macao Special Administrative Region","Pulses (dried leguminous vegetables)","Area harvested","ha",1994,0,NA,"yes"
"MAC","China, Macao Special Administrative Region","Pulses (dried leguminous vegetables)","Area harvested","ha",1995,0,NA,"yes"
"MAC","China, Macao Special Administrative Region","Pulses (dried leguminous vegetables)","Area harvested","ha",1996,0,NA,"yes"
"MAC","China, Macao Special Administrative Region","Pulses (dried leguminous vegetables)","Area harvested","ha",1997,0,NA,"yes"
"MAC","China, Macao Special Administrative Region","Pulses (dried leguminous vegetables)","Area harvested","ha",1998,0,NA,"yes"
"MAC","China, Macao Special Administrative Region","Pulses (dried leguminous vegetables)","Area harvested","ha",1999,0,NA,"yes"
"MAC","China, Macao Special Administrative Region","Pulses (dried leguminous vegetables)","Area harvested","ha",2000,0,NA,"yes"
"MAC","China, Macao Special Administrative Region","Pulses (dried leguminous vegetables)","Area harvested","ha",2001,0,NA,"yes"
"MAC","China, Macao Special Administrative Region","Pulses (dried leguminous vegetables)","Area harvested","ha",2002,0,NA,"yes"
"MAC","China, Macao Special Administrative Region","Pulses (dried leguminous vegetables)","Area harvested","ha",2003,0,NA,"yes"
"MAC","China, Macao Special Administrative Region","Pulses (dried leguminous vegetables)","Area harvested","ha",2004,0,NA,"yes"
"MAC","China, Macao Special Administrative Region","Pulses (dried leguminous vegetables)","Area harvested","ha",2005,0,NA,"yes"
"MAC","China, Macao Special Administrative Region","Pulses (dried leguminous vegetables)","Area harvested","ha",2006,0,NA,"yes"
"MAC","China, Macao Special Administrative Region","Pulses (dried leguminous vegetables)","Area harvested","ha",2007,0,NA,"yes"
"MAC","China, Macao Special Administrative Region","Pulses (dried leguminous vegetables)","Area harvested","ha",2008,0,NA,"yes"
"MAC","China, Macao Special Administrative Region","Pulses (dried leguminous vegetables)","Area harvested","ha",2009,0,NA,"yes"
"MAC","China, Macao Special Administrative Region","Pulses (dried leguminous vegetables)","Area harvested","ha",2010,0,NA,"yes"
"MAC","China, Macao Special Administrative Region","Pulses (dried leguminous vegetables)","Area harvested","ha",2011,0,NA,"yes"
"MAC","China, Macao Special Administrative Region","Pulses (dried leguminous vegetables)","Area harvested","ha",2012,0,NA,"yes"
"MAC","China, Macao Special Administrative Region","Pulses (dried leguminous vegetables)","Area harvested","ha",2013,0,NA,"yes"
"MAC","China, Macao Special Administrative Region","Pulses (dried leguminous vegetables)","Area harvested","ha",2014,0,NA,"yes"
"MAC","China, Macao Special Administrative Region","Pulses (dried leguminous vegetables)","Area harvested","ha",2015,0,NA,"yes"
"MAC","China, Macao Special Administrative Region","Pulses (dried leguminous vegetables)","Area harvested","ha",2016,0,NA,"yes"
"MAC","China, Macao Special Administrative Region","Pulses (dried leguminous vegetables)","Area harvested","ha",2017,0,NA,"yes"
"MAC","China, Macao Special Administrative Region","Pulses (dried leguminous vegetables)","Area harvested","ha",2018,0,NA,"yes"
"MAC","China, Macao Special Administrative Region","Pulses (dried leguminous vegetables)","Area harvested","ha",2019,0,NA,"yes"
"MAC","China, Macao Special Administrative Region","Pulses (dried leguminous vegetables)","Area harvested","ha",2020,0,NA,"yes"
"MAC","China, Macao Special Administrative Region","Pulses (dried leguminous vegetables)","Area harvested","ha",2021,0,NA,"yes"
"MAC","China, Macao Special Administrative Region","Pulses (dried leguminous vegetables)","Area harvested","ha",2022,0,NA,"yes"
"MAC","China, Macao Special Administrative Region","Pulses (dried leguminous vegetables)","Area harvested","ha",2023,0,NA,"yes"
"MAC","China, Macao Special Administrative Region","Pulses (dried leguminous vegetables)","Production","t",1992,0,NA,"yes"
"MAC","China, Macao Special Administrative Region","Pulses (dried leguminous vegetables)","Production","t",1993,0,NA,"yes"
"MAC","China, Macao Special Administrative Region","Pulses (dried leguminous vegetables)","Production","t",1994,0,NA,"yes"
"MAC","China, Macao Special Administrative Region","Pulses (dried leguminous vegetables)","Production","t",1995,0,NA,"yes"
"MAC","China, Macao Special Administrative Region","Pulses (dried leguminous vegetables)","Production","t",1996,0,NA,"yes"
"MAC","China, Macao Special Administrative Region","Pulses (dried leguminous vegetables)","Production","t",1997,0,NA,"yes"
"MAC","China, Macao Special Administrative Region","Pulses (dried leguminous vegetables)","Production","t",1998,0,NA,"yes"
"MAC","China, Macao Special Administrative Region","Pulses (dried leguminous vegetables)","Production","t",1999,0,NA,"yes"
"MAC","China, Macao Special Administrative Region","Pulses (dried leguminous vegetables)","Production","t",2000,0,NA,"yes"
"MAC","China, Macao Special Administrative Region","Pulses (dried leguminous vegetables)","Production","t",2001,0,NA,"yes"
"MAC","China, Macao Special Administrative Region","Pulses (dried leguminous vegetables)","Production","t",2002,0,NA,"yes"
"MAC","China, Macao Special Administrative Region","Pulses (dried leguminous vegetables)","Production","t",2003,0,NA,"yes"
"MAC","China, Macao Special Administrative Region","Pulses (dried leguminous vegetables)","Production","t",2004,0,NA,"yes"
"MAC","China, Macao Special Administrative Region","Pulses (dried leguminous vegetables)","Production","t",2005,0,NA,"yes"
"MAC","China, Macao Special Administrative Region","Pulses (dried leguminous vegetables)","Production","t",2006,0,NA,"yes"
"MAC","China, Macao Special Administrative Region","Pulses (dried leguminous vegetables)","Production","t",2007,0,NA,"yes"
"MAC","China, Macao Special Administrative Region","Pulses (dried leguminous vegetables)","Production","t",2008,0,NA,"yes"
"MAC","China, Macao Special Administrative Region","Pulses (dried leguminous vegetables)","Production","t",2009,0,NA,"yes"
"MAC","China, Macao Special Administrative Region","Pulses (dried leguminous vegetables)","Production","t",2010,0,NA,"yes"
"MAC","China, Macao Special Administrative Region","Pulses (dried leguminous vegetables)","Production","t",2011,0,NA,"yes"
"MAC","China, Macao Special Administrative Region","Pulses (dried leguminous vegetables)","Production","t",2012,0,NA,"yes"
"MAC","China, Macao Special Administrative Region","Pulses (dried leguminous vegetables)","Production","t",2013,0,NA,"yes"
"MAC","China, Macao Special Administrative Region","Pulses (dried leguminous vegetables)","Production","t",2014,0,NA,"yes"
"MAC","China, Macao Special Administrative Region","Pulses (dried leguminous vegetables)","Production","t",2015,0,NA,"yes"
"MAC","China, Macao Special Administrative Region","Pulses (dried leguminous vegetables)","Production","t",2016,0,NA,"yes"
"MAC","China, Macao Special Administrative Region","Pulses (dried leguminous vegetables)","Production","t",2017,0,NA,"yes"
"MAC","China, Macao Special Administrative Region","Pulses (dried leguminous vegetables)","Production","t",2018,0,NA,"yes"
"MAC","China, Macao Special Administrative Region","Pulses (dried leguminous vegetables)","Production","t",2019,0,NA,"yes"
"MAC","China, Macao Special Administrative Region","Pulses (dried leguminous vegetables)","Production","t",2020,0,NA,"yes"
"MAC","China, Macao Special Administrative Region","Pulses (dried leguminous vegetables)","Production","t",2021,0,NA,"yes"
"MAC","China, Macao Special Administrative Region","Pulses (dried leguminous vegetables)","Production","t",2022,0,NA,"yes"
"MAC","China, Macao Special Administrative Region","Pulses (dried leguminous vegetables)","Production","t",2023,0,NA,"yes"
"MAC","China, Macao Special Administrative Region","Stimulant, spice and aromatic crops","Area harvested","ha",1992,80,NA,"yes"
"MAC","China, Macao Special Administrative Region","Stimulant, spice and aromatic crops","Area harvested","ha",1993,85,NA,"yes"
"MAC","China, Macao Special Administrative Region","Stimulant, spice and aromatic crops","Area harvested","ha",1994,90,NA,"yes"
"MAC","China, Macao Special Administrative Region","Stimulant, spice and aromatic crops","Area harvested","ha",1995,94,NA,"yes"
"MAC","China, Macao Special Administrative Region","Stimulant, spice and aromatic crops","Area harvested","ha",1996,100,NA,"yes"
"MAC","China, Macao Special Administrative Region","Stimulant, spice and aromatic crops","Area harvested","ha",1997,102,NA,"yes"
"MAC","China, Macao Special Administrative Region","Stimulant, spice and aromatic crops","Area harvested","ha",1998,105,NA,"yes"
"MAC","China, Macao Special Administrative Region","Stimulant, spice and aromatic crops","Area harvested","ha",1999,107,NA,"yes"
"MAC","China, Macao Special Administrative Region","Stimulant, spice and aromatic crops","Area harvested","ha",2000,110,NA,"yes"
"MAC","China, Macao Special Administrative Region","Stimulant, spice and aromatic crops","Area harvested","ha",2001,112,NA,"yes"
"MAC","China, Macao Special Administrative Region","Stimulant, spice and aromatic crops","Area harvested","ha",2002,115,NA,"yes"
"MAC","China, Macao Special Administrative Region","Stimulant, spice and aromatic crops","Area harvested","ha",2003,117,NA,"yes"
"MAC","China, Macao Special Administrative Region","Stimulant, spice and aromatic crops","Area harvested","ha",2004,119,NA,"yes"
"MAC","China, Macao Special Administrative Region","Stimulant, spice and aromatic crops","Area harvested","ha",2005,121,NA,"yes"
"MAC","China, Macao Special Administrative Region","Stimulant, spice and aromatic crops","Area harvested","ha",2006,124,NA,"yes"
"MAC","China, Macao Special Administrative Region","Stimulant, spice and aromatic crops","Area harvested","ha",2007,125,NA,"yes"
"MAC","China, Macao Special Administrative Region","Stimulant, spice and aromatic crops","Area harvested","ha",2008,128,NA,"yes"
"MAC","China, Macao Special Administrative Region","Stimulant, spice and aromatic crops","Area harvested","ha",2009,129,NA,"yes"
"MAC","China, Macao Special Administrative Region","Stimulant, spice and aromatic crops","Area harvested","ha",2010,130,NA,"yes"
"MAC","China, Macao Special Administrative Region","Stimulant, spice and aromatic crops","Area harvested","ha",2011,127,NA,"yes"
"MAC","China, Macao Special Administrative Region","Stimulant, spice and aromatic crops","Area harvested","ha",2012,125,NA,"yes"
"MAC","China, Macao Special Administrative Region","Stimulant, spice and aromatic crops","Area harvested","ha",2013,125,NA,"yes"
"MAC","China, Macao Special Administrative Region","Stimulant, spice and aromatic crops","Area harvested","ha",2014,130,NA,"yes"
"MAC","China, Macao Special Administrative Region","Stimulant, spice and aromatic crops","Area harvested","ha",2015,130,NA,"yes"
"MAC","China, Macao Special Administrative Region","Stimulant, spice and aromatic crops","Area harvested","ha",2016,129,NA,"yes"
"MAC","China, Macao Special Administrative Region","Stimulant, spice and aromatic crops","Area harvested","ha",2017,128,NA,"yes"
"MAC","China, Macao Special Administrative Region","Stimulant, spice and aromatic crops","Area harvested","ha",2018,128,NA,"yes"
"MAC","China, Macao Special Administrative Region","Stimulant, spice and aromatic crops","Area harvested","ha",2019,128,NA,"yes"
"MAC","China, Macao Special Administrative Region","Stimulant, spice and aromatic crops","Area harvested","ha",2020,129,NA,"yes"
"MAC","China, Macao Special Administrative Region","Stimulant, spice and aromatic crops","Area harvested","ha",2021,129,NA,"yes"
"MAC","China, Macao Special Administrative Region","Stimulant, spice and aromatic crops","Area harvested","ha",2022,129,NA,"yes"
"MAC","China, Macao Special Administrative Region","Stimulant, spice and aromatic crops","Area harvested","ha",2023,130,NA,"yes"
"MAC","China, Macao Special Administrative Region","Stimulant, spice and aromatic crops","Production","t",1992,120,NA,"yes"
"MAC","China, Macao Special Administrative Region","Stimulant, spice and aromatic crops","Production","t",1993,126.77,NA,"yes"
"MAC","China, Macao Special Administrative Region","Stimulant, spice and aromatic crops","Production","t",1994,135,NA,"yes"
"MAC","China, Macao Special Administrative Region","Stimulant, spice and aromatic crops","Production","t",1995,141.35,NA,"yes"
"MAC","China, Macao Special Administrative Region","Stimulant, spice and aromatic crops","Production","t",1996,150,NA,"yes"
"MAC","China, Macao Special Administrative Region","Stimulant, spice and aromatic crops","Production","t",1997,154.58,NA,"yes"
"MAC","China, Macao Special Administrative Region","Stimulant, spice and aromatic crops","Production","t",1998,160,NA,"yes"
"MAC","China, Macao Special Administrative Region","Stimulant, spice and aromatic crops","Production","t",1999,163.01,NA,"yes"
"MAC","China, Macao Special Administrative Region","Stimulant, spice and aromatic crops","Production","t",2000,165,NA,"yes"
"MAC","China, Macao Special Administrative Region","Stimulant, spice and aromatic crops","Production","t",2001,173.49,NA,"yes"
"MAC","China, Macao Special Administrative Region","Stimulant, spice and aromatic crops","Production","t",2002,180,NA,"yes"
"MAC","China, Macao Special Administrative Region","Stimulant, spice and aromatic crops","Production","t",2003,184.65,NA,"yes"
"MAC","China, Macao Special Administrative Region","Stimulant, spice and aromatic crops","Production","t",2004,189.18,NA,"yes"
"MAC","China, Macao Special Administrative Region","Stimulant, spice and aromatic crops","Production","t",2005,193.9,NA,"yes"
"MAC","China, Macao Special Administrative Region","Stimulant, spice and aromatic crops","Production","t",2006,200,NA,"yes"
"MAC","China, Macao Special Administrative Region","Stimulant, spice and aromatic crops","Production","t",2007,210,NA,"yes"
"MAC","China, Macao Special Administrative Region","Stimulant, spice and aromatic crops","Production","t",2008,208.43,NA,"yes"
"MAC","China, Macao Special Administrative Region","Stimulant, spice and aromatic crops","Production","t",2009,209.88,NA,"yes"
"MAC","China, Macao Special Administrative Region","Stimulant, spice and aromatic crops","Production","t",2010,210,NA,"yes"
"MAC","China, Macao Special Administrative Region","Stimulant, spice and aromatic crops","Production","t",2011,205.86,NA,"yes"
"MAC","China, Macao Special Administrative Region","Stimulant, spice and aromatic crops","Production","t",2012,200,NA,"yes"
"MAC","China, Macao Special Administrative Region","Stimulant, spice and aromatic crops","Production","t",2013,210,NA,"yes"
"MAC","China, Macao Special Administrative Region","Stimulant, spice and aromatic crops","Production","t",2014,216.97,NA,"yes"
"MAC","China, Macao Special Administrative Region","Stimulant, spice and aromatic crops","Production","t",2015,216,NA,"yes"
"MAC","China, Macao Special Administrative Region","Stimulant, spice and aromatic crops","Production","t",2016,215.23,NA,"yes"
"MAC","China, Macao Special Administrative Region","Stimulant, spice and aromatic crops","Production","t",2017,215.21,NA,"yes"
"MAC","China, Macao Special Administrative Region","Stimulant, spice and aromatic crops","Production","t",2018,215.33,NA,"yes"
"MAC","China, Macao Special Administrative Region","Stimulant, spice and aromatic crops","Production","t",2019,215.74,NA,"yes"
"MAC","China, Macao Special Administrative Region","Stimulant, spice and aromatic crops","Production","t",2020,219.3,NA,"yes"
"MAC","China, Macao Special Administrative Region","Stimulant, spice and aromatic crops","Production","t",2021,220.1,NA,"yes"
"MAC","China, Macao Special Administrative Region","Stimulant, spice and aromatic crops","Production","t",2022,221.2,NA,"yes"
"MAC","China, Macao Special Administrative Region","Stimulant, spice and aromatic crops","Production","t",2023,222.29,NA,"yes"
"MAC","China, Macao Special Administrative Region","Stimulant, spice and aromatic crops","Yield","kg/ha",1992,1500,NA,"yes"
"MAC","China, Macao Special Administrative Region","Stimulant, spice and aromatic crops","Yield","kg/ha",1993,1498.5,NA,"yes"
"MAC","China, Macao Special Administrative Region","Stimulant, spice and aromatic crops","Yield","kg/ha",1994,1500,NA,"yes"
"MAC","China, Macao Special Administrative Region","Stimulant, spice and aromatic crops","Yield","kg/ha",1995,1507,NA,"yes"
"MAC","China, Macao Special Administrative Region","Stimulant, spice and aromatic crops","Yield","kg/ha",1996,1500,NA,"yes"
"MAC","China, Macao Special Administrative Region","Stimulant, spice and aromatic crops","Yield","kg/ha",1997,1520,NA,"yes"
"MAC","China, Macao Special Administrative Region","Stimulant, spice and aromatic crops","Yield","kg/ha",1998,1523.8,NA,"yes"
"MAC","China, Macao Special Administrative Region","Stimulant, spice and aromatic crops","Yield","kg/ha",1999,1529.8,NA,"yes"
"MAC","China, Macao Special Administrative Region","Stimulant, spice and aromatic crops","Yield","kg/ha",2000,1500,NA,"yes"
"MAC","China, Macao Special Administrative Region","Stimulant, spice and aromatic crops","Yield","kg/ha",2001,1547.1,NA,"yes"
"MAC","China, Macao Special Administrative Region","Stimulant, spice and aromatic crops","Yield","kg/ha",2002,1565.2,NA,"yes"
"MAC","China, Macao Special Administrative Region","Stimulant, spice and aromatic crops","Yield","kg/ha",2003,1579.6,NA,"yes"
"MAC","China, Macao Special Administrative Region","Stimulant, spice and aromatic crops","Yield","kg/ha",2004,1592.8,NA,"yes"
"MAC","China, Macao Special Administrative Region","Stimulant, spice and aromatic crops","Yield","kg/ha",2005,1604.4,NA,"yes"
"MAC","China, Macao Special Administrative Region","Stimulant, spice and aromatic crops","Yield","kg/ha",2006,1614.4,NA,"yes"
"MAC","China, Macao Special Administrative Region","Stimulant, spice and aromatic crops","Yield","kg/ha",2007,1680,NA,"yes"
"MAC","China, Macao Special Administrative Region","Stimulant, spice and aromatic crops","Yield","kg/ha",2008,1624.8,NA,"yes"
"MAC","China, Macao Special Administrative Region","Stimulant, spice and aromatic crops","Yield","kg/ha",2009,1621.9,NA,"yes"
"MAC","China, Macao Special Administrative Region","Stimulant, spice and aromatic crops","Yield","kg/ha",2010,1619.8,NA,"yes"
"MAC","China, Macao Special Administrative Region","Stimulant, spice and aromatic crops","Yield","kg/ha",2011,1620,NA,"yes"
"MAC","China, Macao Special Administrative Region","Stimulant, spice and aromatic crops","Yield","kg/ha",2012,1600,NA,"yes"
"MAC","China, Macao Special Administrative Region","Stimulant, spice and aromatic crops","Yield","kg/ha",2013,1680,NA,"yes"
"MAC","China, Macao Special Administrative Region","Stimulant, spice and aromatic crops","Yield","kg/ha",2014,1674.8,NA,"yes"
"MAC","China, Macao Special Administrative Region","Stimulant, spice and aromatic crops","Yield","kg/ha",2015,1665.2,NA,"yes"
"MAC","China, Macao Special Administrative Region","Stimulant, spice and aromatic crops","Yield","kg/ha",2016,1669.6,NA,"yes"
"MAC","China, Macao Special Administrative Region","Stimulant, spice and aromatic crops","Yield","kg/ha",2017,1675.1,NA,"yes"
"MAC","China, Macao Special Administrative Region","Stimulant, spice and aromatic crops","Yield","kg/ha",2018,1683.8,NA,"yes"
"MAC","China, Macao Special Administrative Region","Stimulant, spice and aromatic crops","Yield","kg/ha",2019,1689.9,NA,"yes"
"MAC","China, Macao Special Administrative Region","Stimulant, spice and aromatic crops","Yield","kg/ha",2020,1700.2,NA,"yes"
"MAC","China, Macao Special Administrative Region","Stimulant, spice and aromatic crops","Yield","kg/ha",2021,1702.7,NA,"yes"
"MAC","China, Macao Special Administrative Region","Stimulant, spice and aromatic crops","Yield","kg/ha",2022,1708.3,NA,"yes"
"MAC","China, Macao Special Administrative Region","Stimulant, spice and aromatic crops","Yield","kg/ha",2023,1713.9,NA,"yes"
"MAC","China, Macao Special Administrative Region","Vegetables","Area harvested","ha",1992,0,NA,"yes"
"MAC","China, Macao Special Administrative Region","Vegetables","Area harvested","ha",1993,0,NA,"yes"
"MAC","China, Macao Special Administrative Region","Vegetables","Area harvested","ha",1994,0,NA,"yes"
"MAC","China, Macao Special Administrative Region","Vegetables","Area harvested","ha",1995,0,NA,"yes"
"MAC","China, Macao Special Administrative Region","Vegetables","Area harvested","ha",1996,0,NA,"yes"
"MAC","China, Macao Special Administrative Region","Vegetables","Area harvested","ha",1997,0,NA,"yes"
"MAC","China, Macao Special Administrative Region","Vegetables","Area harvested","ha",1998,0,NA,"yes"
"MAC","China, Macao Special Administrative Region","Vegetables","Area harvested","ha",1999,0,NA,"yes"
"MAC","China, Macao Special Administrative Region","Vegetables","Area harvested","ha",2000,0,NA,"yes"
"MAC","China, Macao Special Administrative Region","Vegetables","Area harvested","ha",2001,0,NA,"yes"
"MAC","China, Macao Special Administrative Region","Vegetables","Area harvested","ha",2002,0,NA,"yes"
"MAC","China, Macao Special Administrative Region","Vegetables","Area harvested","ha",2003,0,NA,"yes"
"MAC","China, Macao Special Administrative Region","Vegetables","Area harvested","ha",2004,0,NA,"yes"
"MAC","China, Macao Special Administrative Region","Vegetables","Area harvested","ha",2005,0,NA,"yes"
"MAC","China, Macao Special Administrative Region","Vegetables","Area harvested","ha",2006,0,NA,"yes"
"MAC","China, Macao Special Administrative Region","Vegetables","Area harvested","ha",2007,0,NA,"yes"
"MAC","China, Macao Special Administrative Region","Vegetables","Area harvested","ha",2008,0,NA,"yes"
"MAC","China, Macao Special Administrative Region","Vegetables","Area harvested","ha",2009,0,NA,"yes"
"MAC","China, Macao Special Administrative Region","Vegetables","Area harvested","ha",2010,0,NA,"yes"
"MAC","China, Macao Special Administrative Region","Vegetables","Area harvested","ha",2011,0,NA,"yes"
"MAC","China, Macao Special Administrative Region","Vegetables","Area harvested","ha",2012,0,NA,"yes"
"MAC","China, Macao Special Administrative Region","Vegetables","Area harvested","ha",2013,0,NA,"yes"
"MAC","China, Macao Special Administrative Region","Vegetables","Area harvested","ha",2014,0,NA,"yes"
"MAC","China, Macao Special Administrative Region","Vegetables","Area harvested","ha",2015,0,NA,"yes"
"MAC","China, Macao Special Administrative Region","Vegetables","Area harvested","ha",2016,0,NA,"yes"
"MAC","China, Macao Special Administrative Region","Vegetables","Area harvested","ha",2017,0,NA,"yes"
"MAC","China, Macao Special Administrative Region","Vegetables","Area harvested","ha",2018,0,NA,"yes"
"MAC","China, Macao Special Administrative Region","Vegetables","Area harvested","ha",2019,0,NA,"yes"
"MAC","China, Macao Special Administrative Region","Vegetables","Area harvested","ha",2020,0,NA,"yes"
"MAC","China, Macao Special Administrative Region","Vegetables","Area harvested","ha",2021,0,NA,"yes"
"MAC","China, Macao Special Administrative Region","Vegetables","Area harvested","ha",2022,0,NA,"yes"
"MAC","China, Macao Special Administrative Region","Vegetables","Area harvested","ha",2023,0,NA,"yes"
"MAC","China, Macao Special Administrative Region","Vegetables","Production","t",1992,0,NA,"yes"
"MAC","China, Macao Special Administrative Region","Vegetables","Production","t",1993,0,NA,"yes"
"MAC","China, Macao Special Administrative Region","Vegetables","Production","t",1994,0,NA,"yes"
"MAC","China, Macao Special Administrative Region","Vegetables","Production","t",1995,0,NA,"yes"
"MAC","China, Macao Special Administrative Region","Vegetables","Production","t",1996,0,NA,"yes"
"MAC","China, Macao Special Administrative Region","Vegetables","Production","t",1997,0,NA,"yes"
"MAC","China, Macao Special Administrative Region","Vegetables","Production","t",1998,0,NA,"yes"
"MAC","China, Macao Special Administrative Region","Vegetables","Production","t",1999,0,NA,"yes"
"MAC","China, Macao Special Administrative Region","Vegetables","Production","t",2000,0,NA,"yes"
"MAC","China, Macao Special Administrative Region","Vegetables","Production","t",2001,0,NA,"yes"
"MAC","China, Macao Special Administrative Region","Vegetables","Production","t",2002,0,NA,"yes"
"MAC","China, Macao Special Administrative Region","Vegetables","Production","t",2003,0,NA,"yes"
"MAC","China, Macao Special Administrative Region","Vegetables","Production","t",2004,0,NA,"yes"
"MAC","China, Macao Special Administrative Region","Vegetables","Production","t",2005,0,NA,"yes"
"MAC","China, Macao Special Administrative Region","Vegetables","Production","t",2006,0,NA,"yes"
"MAC","China, Macao Special Administrative Region","Vegetables","Production","t",2007,0,NA,"yes"
"MAC","China, Macao Special Administrative Region","Vegetables","Production","t",2008,0,NA,"yes"
"MAC","China, Macao Special Administrative Region","Vegetables","Production","t",2009,0,NA,"yes"
"MAC","China, Macao Special Administrative Region","Vegetables","Production","t",2010,0,NA,"yes"
"MAC","China, Macao Special Administrative Region","Vegetables","Production","t",2011,0,NA,"yes"
"MAC","China, Macao Special Administrative Region","Vegetables","Production","t",2012,0,NA,"yes"
"MAC","China, Macao Special Administrative Region","Vegetables","Production","t",2013,0,NA,"yes"
"MAC","China, Macao Special Administrative Region","Vegetables","Production","t",2014,0,NA,"yes"
"MAC","China, Macao Special Administrative Region","Vegetables","Production","t",2015,0,NA,"yes"
"MAC","China, Macao Special Administrative Region","Vegetables","Production","t",2016,0,NA,"yes"
"MAC","China, Macao Special Administrative Region","Vegetables","Production","t",2017,0,NA,"yes"
"MAC","China, Macao Special Administrative Region","Vegetables","Production","t",2018,0,NA,"yes"
"MAC","China, Macao Special Administrative Region","Vegetables","Production","t",2019,0,NA,"yes"
"MAC","China, Macao Special Administrative Region","Vegetables","Production","t",2020,0,NA,"yes"
"MAC","China, Macao Special Administrative Region","Vegetables","Production","t",2021,0,NA,"yes"
"MAC","China, Macao Special Administrative Region","Vegetables","Production","t",2022,0,NA,"yes"
"MAC","China, Macao Special Administrative Region","Vegetables","Production","t",2023,0,NA,"yes"
NA,"World","Animal fats","Production","t",1992,20933037.31,NA,"yes"
NA,"World","Animal fats","Production","t",1993,21371216.07,NA,"yes"
NA,"World","Animal fats","Production","t",1994,21817610.72,NA,"yes"
NA,"World","Animal fats","Production","t",1995,22297480.7,NA,"yes"
NA,"World","Animal fats","Production","t",1996,21731775.43,NA,"yes"
NA,"World","Animal fats","Production","t",1997,22047848.38,NA,"yes"
NA,"World","Animal fats","Production","t",1998,23014702.78,NA,"yes"
NA,"World","Animal fats","Production","t",1999,23721644.259999998,NA,"yes"
NA,"World","Animal fats","Production","t",2000,23719619.97,NA,"yes"
NA,"World","Animal fats","Production","t",2001,23130131.12,NA,"yes"
NA,"World","Animal fats","Production","t",2002,23873039.259999998,NA,"yes"
NA,"World","Animal fats","Production","t",2003,24126925.330000002,NA,"yes"
NA,"World","Animal fats","Production","t",2004,24547963.830000002,NA,"yes"
NA,"World","Animal fats","Production","t",2005,24795923.67,NA,"yes"
NA,"World","Animal fats","Production","t",2006,25168336.849999998,NA,"yes"
NA,"World","Animal fats","Production","t",2007,25501357.479999997,NA,"yes"
NA,"World","Animal fats","Production","t",2008,25812326.970000003,NA,"yes"
NA,"World","Animal fats","Production","t",2009,25970052.97,NA,"yes"
NA,"World","Animal fats","Production","t",2010,26367081.89,NA,"yes"
NA,"World","Animal fats","Production","t",2011,26491826.09,NA,"yes"
NA,"World","Animal fats","Production","t",2012,26884032.97,NA,"yes"
NA,"World","Animal fats","Production","t",2013,27456379.21,NA,"yes"
NA,"World","Animal fats","Production","t",2014,27748800.7,NA,"yes"
NA,"World","Animal fats","Production","t",2015,28386801.729999997,NA,"yes"
NA,"World","Animal fats","Production","t",2016,28597612.53,NA,"yes"
NA,"World","Animal fats","Production","t",2017,29362288.85,NA,"yes"
NA,"World","Animal fats","Production","t",2018,29541955.68,NA,"yes"
NA,"World","Animal fats","Production","t",2019,28792925.85,NA,"yes"
NA,"World","Animal fats","Production","t",2020,28749938.61,NA,"yes"
NA,"World","Animal fats","Production","t",2021,30223445.29,NA,"yes"
NA,"World","Animal fats","Production","t",2022,30318797.43,NA,"yes"
NA,"World","Animal fats","Production","t",2023,16027881.34,NA,"yes"
NA,"World","Cereals","Area harvested","ha",1992,707616311,NA,"yes"
NA,"World","Cereals","Area harvested","ha",1993,694298551,NA,"yes"
NA,"World","Cereals","Area harvested","ha",1994,696816285,NA,"yes"
NA,"World","Cereals","Area harvested","ha",1995,683174003,NA,"yes"
NA,"World","Cereals","Area harvested","ha",1996,697911586,NA,"yes"
NA,"World","Cereals","Area harvested","ha",1997,701419588,NA,"yes"
NA,"World","Cereals","Area harvested","ha",1998,679769906,NA,"yes"
NA,"World","Cereals","Area harvested","ha",1999,670167207,NA,"yes"
NA,"World","Cereals","Area harvested","ha",2000,671367657,NA,"yes"
NA,"World","Cereals","Area harvested","ha",2001,672489383,NA,"yes"
NA,"World","Cereals","Area harvested","ha",2002,661615403,NA,"yes"
NA,"World","Cereals","Area harvested","ha",2003,670800209,NA,"yes"
NA,"World","Cereals","Area harvested","ha",2004,676930713,NA,"yes"
NA,"World","Cereals","Area harvested","ha",2005,693840051,NA,"yes"
NA,"World","Cereals","Area harvested","ha",2006,681903904,NA,"yes"
NA,"World","Cereals","Area harvested","ha",2007,695898143,NA,"yes"
NA,"World","Cereals","Area harvested","ha",2008,712545696,NA,"yes"
NA,"World","Cereals","Area harvested","ha",2009,700048306,NA,"yes"
NA,"World","Cereals","Area harvested","ha",2010,694534233,NA,"yes"
NA,"World","Cereals","Area harvested","ha",2011,707106463,NA,"yes"
NA,"World","Cereals","Area harvested","ha",2012,707345126,NA,"yes"
NA,"World","Cereals","Area harvested","ha",2013,722919431,NA,"yes"
NA,"World","Cereals","Area harvested","ha",2014,723332525,NA,"yes"
NA,"World","Cereals","Area harvested","ha",2015,722961802,NA,"yes"
NA,"World","Cereals","Area harvested","ha",2016,727295548,NA,"yes"
NA,"World","Cereals","Area harvested","ha",2017,726033637,NA,"yes"
NA,"World","Cereals","Area harvested","ha",2018,720220087,NA,"yes"
NA,"World","Cereals","Area harvested","ha",2019,717173025,NA,"yes"
NA,"World","Cereals","Area harvested","ha",2020,731967439,NA,"yes"
NA,"World","Cereals","Area harvested","ha",2021,738059416,NA,"yes"
NA,"World","Cereals","Area harvested","ha",2022,735433094,NA,"yes"
NA,"World","Cereals","Area harvested","ha",2023,738760312,NA,"yes"
NA,"World","Cereals","Production","t",1992,1969181949.8400002,NA,"yes"
NA,"World","Cereals","Production","t",1993,1901099763.1,NA,"yes"
NA,"World","Cereals","Production","t",1994,1966857827.97,NA,"yes"
NA,"World","Cereals","Production","t",1995,1888056922.32,NA,"yes"
NA,"World","Cereals","Production","t",1996,2053337018.58,NA,"yes"
NA,"World","Cereals","Production","t",1997,2100410716.61,NA,"yes"
NA,"World","Cereals","Production","t",1998,2083172127.1200001,NA,"yes"
NA,"World","Cereals","Production","t",1999,2080834435.0100002,NA,"yes"
NA,"World","Cereals","Production","t",2000,2059664795.3899999,NA,"yes"
NA,"World","Cereals","Production","t",2001,2105062709.1,NA,"yes"
NA,"World","Cereals","Production","t",2002,2054067982.5100002,NA,"yes"
NA,"World","Cereals","Production","t",2003,2074498109.78,NA,"yes"
NA,"World","Cereals","Production","t",2004,2285780334.14,NA,"yes"
NA,"World","Cereals","Production","t",2005,2266912164.42,NA,"yes"
NA,"World","Cereals","Production","t",2006,2255413533.03,NA,"yes"
NA,"World","Cereals","Production","t",2007,2347318631.86,NA,"yes"
NA,"World","Cereals","Production","t",2008,2520782247.82,NA,"yes"
NA,"World","Cereals","Production","t",2009,2488491659.43,NA,"yes"
NA,"World","Cereals","Production","t",2010,2463268366.7799997,NA,"yes"
NA,"World","Cereals","Production","t",2011,2585046235.48,NA,"yes"
NA,"World","Cereals","Production","t",2012,2556649163.47,NA,"yes"
NA,"World","Cereals","Production","t",2013,2764534466.32,NA,"yes"
NA,"World","Cereals","Production","t",2014,2818169870.84,NA,"yes"
NA,"World","Cereals","Production","t",2015,2837866603.56,NA,"yes"
NA,"World","Cereals","Production","t",2016,2912244273.24,NA,"yes"
NA,"World","Cereals","Production","t",2017,2961411530.07,NA,"yes"
NA,"World","Cereals","Production","t",2018,2901856534.34,NA,"yes"
NA,"World","Cereals","Production","t",2019,2964206739.67,NA,"yes"
NA,"World","Cereals","Production","t",2020,3008964668.85,NA,"yes"
NA,"World","Cereals","Production","t",2021,3070650809.21,NA,"yes"
NA,"World","Cereals","Production","t",2022,3073689314.9900002,NA,"yes"
NA,"World","Cereals","Production","t",2023,3134293897.48,NA,"yes"
NA,"World","Cereals","Yield","kg/ha",1992,27973.2,NA,"yes"
NA,"World","Cereals","Yield","kg/ha",1993,28442.7,NA,"yes"
NA,"World","Cereals","Yield","kg/ha",1994,28466.7,NA,"yes"
NA,"World","Cereals","Yield","kg/ha",1995,28423.4,NA,"yes"
NA,"World","Cereals","Yield","kg/ha",1996,30290,NA,"yes"
NA,"World","Cereals","Yield","kg/ha",1997,30739.899999999998,NA,"yes"
NA,"World","Cereals","Yield","kg/ha",1998,31005.8,NA,"yes"
NA,"World","Cereals","Yield","kg/ha",1999,30589.7,NA,"yes"
NA,"World","Cereals","Yield","kg/ha",2000,30063.5,NA,"yes"
NA,"World","Cereals","Yield","kg/ha",2001,30865.9,NA,"yes"
NA,"World","Cereals","Yield","kg/ha",2002,30715.2,NA,"yes"
NA,"World","Cereals","Yield","kg/ha",2003,30085.5,NA,"yes"
NA,"World","Cereals","Yield","kg/ha",2004,32927.6,NA,"yes"
NA,"World","Cereals","Yield","kg/ha",2005,31369.2,NA,"yes"
NA,"World","Cereals","Yield","kg/ha",2006,30458.7,NA,"yes"
NA,"World","Cereals","Yield","kg/ha",2007,31750,NA,"yes"
NA,"World","Cereals","Yield","kg/ha",2008,33532.4,NA,"yes"
NA,"World","Cereals","Yield","kg/ha",2009,33934.5,NA,"yes"
NA,"World","Cereals","Yield","kg/ha",2010,33006.4,NA,"yes"
NA,"World","Cereals","Yield","kg/ha",2011,33900.1,NA,"yes"
NA,"World","Cereals","Yield","kg/ha",2012,33819.1,NA,"yes"
NA,"World","Cereals","Yield","kg/ha",2013,35394.3,NA,"yes"
NA,"World","Cereals","Yield","kg/ha",2014,36793.4,NA,"yes"
NA,"World","Cereals","Yield","kg/ha",2015,36188.2,NA,"yes"
NA,"World","Cereals","Yield","kg/ha",2016,36575.1,NA,"yes"
NA,"World","Cereals","Yield","kg/ha",2017,37346.1,NA,"yes"
NA,"World","Cereals","Yield","kg/ha",2018,35404.3,NA,"yes"
NA,"World","Cereals","Yield","kg/ha",2019,36894.1,NA,"yes"
NA,"World","Cereals","Yield","kg/ha",2020,38477,NA,"yes"
NA,"World","Cereals","Yield","kg/ha",2021,37345.1,NA,"yes"
NA,"World","Cereals","Yield","kg/ha",2022,38496.5,NA,"yes"
NA,"World","Cereals","Yield","kg/ha",2023,37610.8,NA,"yes"
NA,"World","Edible roots and tubers with high starch or inulin content","Area harvested","ha",1992,49182815,NA,"yes"
NA,"World","Edible roots and tubers with high starch or inulin content","Area harvested","ha",1993,48984724,NA,"yes"
NA,"World","Edible roots and tubers with high starch or inulin content","Area harvested","ha",1994,48761730,NA,"yes"
NA,"World","Edible roots and tubers with high starch or inulin content","Area harvested","ha",1995,49163524,NA,"yes"
NA,"World","Edible roots and tubers with high starch or inulin content","Area harvested","ha",1996,49355007,NA,"yes"
NA,"World","Edible roots and tubers with high starch or inulin content","Area harvested","ha",1997,48951016,NA,"yes"
NA,"World","Edible roots and tubers with high starch or inulin content","Area harvested","ha",1998,50033720,NA,"yes"
NA,"World","Edible roots and tubers with high starch or inulin content","Area harvested","ha",1999,51737368,NA,"yes"
NA,"World","Edible roots and tubers with high starch or inulin content","Area harvested","ha",2000,52269219,NA,"yes"
NA,"World","Edible roots and tubers with high starch or inulin content","Area harvested","ha",2001,51919564,NA,"yes"
NA,"World","Edible roots and tubers with high starch or inulin content","Area harvested","ha",2002,51181773,NA,"yes"
NA,"World","Edible roots and tubers with high starch or inulin content","Area harvested","ha",2003,51939068,NA,"yes"
NA,"World","Edible roots and tubers with high starch or inulin content","Area harvested","ha",2004,52559272,NA,"yes"
NA,"World","Edible roots and tubers with high starch or inulin content","Area harvested","ha",2005,52670474,NA,"yes"
NA,"World","Edible roots and tubers with high starch or inulin content","Area harvested","ha",2006,51223812,NA,"yes"
NA,"World","Edible roots and tubers with high starch or inulin content","Area harvested","ha",2007,51869151,NA,"yes"
NA,"World","Edible roots and tubers with high starch or inulin content","Area harvested","ha",2008,51818941,NA,"yes"
NA,"World","Edible roots and tubers with high starch or inulin content","Area harvested","ha",2009,52383176,NA,"yes"
NA,"World","Edible roots and tubers with high starch or inulin content","Area harvested","ha",2010,54524007,NA,"yes"
NA,"World","Edible roots and tubers with high starch or inulin content","Area harvested","ha",2011,57542412,NA,"yes"
NA,"World","Edible roots and tubers with high starch or inulin content","Area harvested","ha",2012,60344588,NA,"yes"
NA,"World","Edible roots and tubers with high starch or inulin content","Area harvested","ha",2013,61501102,NA,"yes"
NA,"World","Edible roots and tubers with high starch or inulin content","Area harvested","ha",2014,61920389,NA,"yes"
NA,"World","Edible roots and tubers with high starch or inulin content","Area harvested","ha",2015,63505078,NA,"yes"
NA,"World","Edible roots and tubers with high starch or inulin content","Area harvested","ha",2016,62090217,NA,"yes"
NA,"World","Edible roots and tubers with high starch or inulin content","Area harvested","ha",2017,62648182,NA,"yes"
NA,"World","Edible roots and tubers with high starch or inulin content","Area harvested","ha",2018,62941685,NA,"yes"
NA,"World","Edible roots and tubers with high starch or inulin content","Area harvested","ha",2019,65884259,NA,"yes"
NA,"World","Edible roots and tubers with high starch or inulin content","Area harvested","ha",2020,67485226,NA,"yes"
NA,"World","Edible roots and tubers with high starch or inulin content","Area harvested","ha",2021,69128464,NA,"yes"
NA,"World","Edible roots and tubers with high starch or inulin content","Area harvested","ha",2022,69765293,NA,"yes"
NA,"World","Edible roots and tubers with high starch or inulin content","Area harvested","ha",2023,70325102,NA,"yes"
NA,"World","Edible roots and tubers with high starch or inulin content","Production","t",1992,605090143.31,NA,"yes"
NA,"World","Edible roots and tubers with high starch or inulin content","Production","t",1993,641265774.09,NA,"yes"
NA,"World","Edible roots and tubers with high starch or inulin content","Production","t",1994,603216115.75,NA,"yes"
NA,"World","Edible roots and tubers with high starch or inulin content","Production","t",1995,627028119.26,NA,"yes"
NA,"World","Edible roots and tubers with high starch or inulin content","Production","t",1996,656027363.93,NA,"yes"
NA,"World","Edible roots and tubers with high starch or inulin content","Production","t",1997,630949946.35,NA,"yes"
NA,"World","Edible roots and tubers with high starch or inulin content","Production","t",1998,643911857.47,NA,"yes"
NA,"World","Edible roots and tubers with high starch or inulin content","Production","t",1999,663150751.08,NA,"yes"
NA,"World","Edible roots and tubers with high starch or inulin content","Production","t",2000,689866957.17,NA,"yes"
NA,"World","Edible roots and tubers with high starch or inulin content","Production","t",2001,675663281.84,NA,"yes"
NA,"World","Edible roots and tubers with high starch or inulin content","Production","t",2002,684573850.97,NA,"yes"
NA,"World","Edible roots and tubers with high starch or inulin content","Production","t",2003,688107804.13,NA,"yes"
NA,"World","Edible roots and tubers with high starch or inulin content","Production","t",2004,722686109.61,NA,"yes"
NA,"World","Edible roots and tubers with high starch or inulin content","Production","t",2005,714613475.8000001,NA,"yes"
NA,"World","Edible roots and tubers with high starch or inulin content","Production","t",2006,703870718.5300001,NA,"yes"
NA,"World","Edible roots and tubers with high starch or inulin content","Production","t",2007,703020814.72,NA,"yes"
NA,"World","Edible roots and tubers with high starch or inulin content","Production","t",2008,728158287.27,NA,"yes"
NA,"World","Edible roots and tubers with high starch or inulin content","Production","t",2009,723767428.05,NA,"yes"
NA,"World","Edible roots and tubers with high starch or inulin content","Production","t",2010,747224412.9399999,NA,"yes"
NA,"World","Edible roots and tubers with high starch or inulin content","Production","t",2011,798790004.89,NA,"yes"
NA,"World","Edible roots and tubers with high starch or inulin content","Production","t",2012,798398510.16,NA,"yes"
NA,"World","Edible roots and tubers with high starch or inulin content","Production","t",2013,809952122.9399999,NA,"yes"
NA,"World","Edible roots and tubers with high starch or inulin content","Production","t",2014,836854751.7900001,NA,"yes"
NA,"World","Edible roots and tubers with high starch or inulin content","Production","t",2015,836005337.13,NA,"yes"
NA,"World","Edible roots and tubers with high starch or inulin content","Production","t",2016,836825851.02,NA,"yes"
NA,"World","Edible roots and tubers with high starch or inulin content","Production","t",2017,853715661.86,NA,"yes"
NA,"World","Edible roots and tubers with high starch or inulin content","Production","t",2018,869601259.25,NA,"yes"
NA,"World","Edible roots and tubers with high starch or inulin content","Production","t",2019,863272308.88,NA,"yes"
NA,"World","Edible roots and tubers with high starch or inulin content","Production","t",2020,877596934.34,NA,"yes"
NA,"World","Edible roots and tubers with high starch or inulin content","Production","t",2021,900344780.26,NA,"yes"
NA,"World","Edible roots and tubers with high starch or inulin content","Production","t",2022,908270043.64,NA,"yes"
NA,"World","Edible roots and tubers with high starch or inulin content","Production","t",2023,927703673.98,NA,"yes"
NA,"World","Edible roots and tubers with high starch or inulin content","Yield","kg/ha",1992,66263.4,NA,"yes"
NA,"World","Edible roots and tubers with high starch or inulin content","Yield","kg/ha",1993,69152.6,NA,"yes"
NA,"World","Edible roots and tubers with high starch or inulin content","Yield","kg/ha",1994,68438.3,NA,"yes"
NA,"World","Edible roots and tubers with high starch or inulin content","Yield","kg/ha",1995,70474.1,NA,"yes"
NA,"World","Edible roots and tubers with high starch or inulin content","Yield","kg/ha",1996,72248.1,NA,"yes"
NA,"World","Edible roots and tubers with high starch or inulin content","Yield","kg/ha",1997,71342.9,NA,"yes"
NA,"World","Edible roots and tubers with high starch or inulin content","Yield","kg/ha",1998,71749.40000000001,NA,"yes"
NA,"World","Edible roots and tubers with high starch or inulin content","Yield","kg/ha",1999,73402.6,NA,"yes"
NA,"World","Edible roots and tubers with high starch or inulin content","Yield","kg/ha",2000,74158.7,NA,"yes"
NA,"World","Edible roots and tubers with high starch or inulin content","Yield","kg/ha",2001,73212.7,NA,"yes"
NA,"World","Edible roots and tubers with high starch or inulin content","Yield","kg/ha",2002,74579.7,NA,"yes"
NA,"World","Edible roots and tubers with high starch or inulin content","Yield","kg/ha",2003,76914.7,NA,"yes"
NA,"World","Edible roots and tubers with high starch or inulin content","Yield","kg/ha",2004,78605.09999999999,NA,"yes"
NA,"World","Edible roots and tubers with high starch or inulin content","Yield","kg/ha",2005,77378.6,NA,"yes"
NA,"World","Edible roots and tubers with high starch or inulin content","Yield","kg/ha",2006,77944.2,NA,"yes"
NA,"World","Edible roots and tubers with high starch or inulin content","Yield","kg/ha",2007,76102.2,NA,"yes"
NA,"World","Edible roots and tubers with high starch or inulin content","Yield","kg/ha",2008,78471.4,NA,"yes"
NA,"World","Edible roots and tubers with high starch or inulin content","Yield","kg/ha",2009,75981.9,NA,"yes"
NA,"World","Edible roots and tubers with high starch or inulin content","Yield","kg/ha",2010,77023.7,NA,"yes"
NA,"World","Edible roots and tubers with high starch or inulin content","Yield","kg/ha",2011,77502.9,NA,"yes"
NA,"World","Edible roots and tubers with high starch or inulin content","Yield","kg/ha",2012,76102,NA,"yes"
NA,"World","Edible roots and tubers with high starch or inulin content","Yield","kg/ha",2013,76950.8,NA,"yes"
NA,"World","Edible roots and tubers with high starch or inulin content","Yield","kg/ha",2014,81777.7,NA,"yes"
NA,"World","Edible roots and tubers with high starch or inulin content","Yield","kg/ha",2015,80843.1,NA,"yes"
NA,"World","Edible roots and tubers with high starch or inulin content","Yield","kg/ha",2016,84092.1,NA,"yes"
NA,"World","Edible roots and tubers with high starch or inulin content","Yield","kg/ha",2017,84582.7,NA,"yes"
NA,"World","Edible roots and tubers with high starch or inulin content","Yield","kg/ha",2018,86878.2,NA,"yes"
NA,"World","Edible roots and tubers with high starch or inulin content","Yield","kg/ha",2019,85043.90000000001,NA,"yes"
NA,"World","Edible roots and tubers with high starch or inulin content","Yield","kg/ha",2020,85330.2,NA,"yes"
NA,"World","Edible roots and tubers with high starch or inulin content","Yield","kg/ha",2021,85314.1,NA,"yes"
NA,"World","Edible roots and tubers with high starch or inulin content","Yield","kg/ha",2022,86167.9,NA,"yes"
NA,"World","Edible roots and tubers with high starch or inulin content","Yield","kg/ha",2023,87710.2,NA,"yes"
NA,"World","Eggs of hens or other birds in shell, fresh","Production","1000 No",1992,712691458,NA,"yes"
NA,"World","Eggs of hens or other birds in shell, fresh","Production","1000 No",1993,748138447,NA,"yes"
NA,"World","Eggs of hens or other birds in shell, fresh","Production","1000 No",1994,814860051,NA,"yes"
NA,"World","Eggs of hens or other birds in shell, fresh","Production","1000 No",1995,853315070,NA,"yes"
NA,"World","Eggs of hens or other birds in shell, fresh","Production","1000 No",1996,909019548,NA,"yes"
NA,"World","Eggs of hens or other birds in shell, fresh","Production","1000 No",1997,913640940,NA,"yes"
NA,"World","Eggs of hens or other birds in shell, fresh","Production","1000 No",1998,944004892,NA,"yes"
NA,"World","Eggs of hens or other birds in shell, fresh","Production","1000 No",1999,984314958,NA,"yes"
NA,"World","Eggs of hens or other birds in shell, fresh","Production","1000 No",2000,1017142093,NA,"yes"
NA,"World","Eggs of hens or other birds in shell, fresh","Production","1000 No",2001,1039026740,NA,"yes"
NA,"World","Eggs of hens or other birds in shell, fresh","Production","1000 No",2002,1068173186,NA,"yes"
NA,"World","Eggs of hens or other birds in shell, fresh","Production","1000 No",2003,1085562876,NA,"yes"
NA,"World","Eggs of hens or other birds in shell, fresh","Production","1000 No",2004,1110997200,NA,"yes"
NA,"World","Eggs of hens or other birds in shell, fresh","Production","1000 No",2005,1135726471,NA,"yes"
NA,"World","Eggs of hens or other birds in shell, fresh","Production","1000 No",2006,1159354588,NA,"yes"
NA,"World","Eggs of hens or other birds in shell, fresh","Production","1000 No",2007,1193118482,NA,"yes"
NA,"World","Eggs of hens or other birds in shell, fresh","Production","1000 No",2008,1238171087,NA,"yes"
NA,"World","Eggs of hens or other birds in shell, fresh","Production","1000 No",2009,1262489390,NA,"yes"
NA,"World","Eggs of hens or other birds in shell, fresh","Production","1000 No",2010,1286935569,NA,"yes"
NA,"World","Eggs of hens or other birds in shell, fresh","Production","1000 No",2011,1311534580,NA,"yes"
NA,"World","Eggs of hens or other birds in shell, fresh","Production","1000 No",2012,1341248764,NA,"yes"
NA,"World","Eggs of hens or other birds in shell, fresh","Production","1000 No",2013,1374197656,NA,"yes"
NA,"World","Eggs of hens or other birds in shell, fresh","Production","1000 No",2014,1365784997,NA,"yes"
NA,"World","Eggs of hens or other birds in shell, fresh","Production","1000 No",2015,1391486283,NA,"yes"
NA,"World","Eggs of hens or other birds in shell, fresh","Production","1000 No",2016,1414733614,NA,"yes"
NA,"World","Eggs of hens or other birds in shell, fresh","Production","1000 No",2017,1588728781,NA,"yes"
NA,"World","Eggs of hens or other birds in shell, fresh","Production","1000 No",2018,1616353603,NA,"yes"
NA,"World","Eggs of hens or other birds in shell, fresh","Production","1000 No",2019,1676873042,NA,"yes"
NA,"World","Eggs of hens or other birds in shell, fresh","Production","1000 No",2020,1746158113,NA,"yes"
NA,"World","Eggs of hens or other birds in shell, fresh","Production","1000 No",2021,1751615189,NA,"yes"
NA,"World","Eggs of hens or other birds in shell, fresh","Production","1000 No",2022,1783080347,NA,"yes"
NA,"World","Eggs of hens or other birds in shell, fresh","Production","1000 No",2023,1825450289,NA,"yes"
NA,"World","Eggs of hens or other birds in shell, fresh","Production","t",1992,39958816.92,NA,"yes"
NA,"World","Eggs of hens or other birds in shell, fresh","Production","t",1993,41452572.17,NA,"yes"
NA,"World","Eggs of hens or other birds in shell, fresh","Production","t",1994,44956757.73,NA,"yes"
NA,"World","Eggs of hens or other birds in shell, fresh","Production","t",1995,47065153.06,NA,"yes"
NA,"World","Eggs of hens or other birds in shell, fresh","Production","t",1996,49954468.5,NA,"yes"
NA,"World","Eggs of hens or other birds in shell, fresh","Production","t",1997,50125070.36,NA,"yes"
NA,"World","Eggs of hens or other birds in shell, fresh","Production","t",1998,51801673.82,NA,"yes"
NA,"World","Eggs of hens or other birds in shell, fresh","Production","t",1999,53737850.61000001,NA,"yes"
NA,"World","Eggs of hens or other birds in shell, fresh","Production","t",2000,55351930.86,NA,"yes"
NA,"World","Eggs of hens or other birds in shell, fresh","Production","t",2001,56485785.92,NA,"yes"
NA,"World","Eggs of hens or other birds in shell, fresh","Production","t",2002,57868562.9,NA,"yes"
NA,"World","Eggs of hens or other birds in shell, fresh","Production","t",2003,58867341.93,NA,"yes"
NA,"World","Eggs of hens or other birds in shell, fresh","Production","t",2004,60164397,NA,"yes"
NA,"World","Eggs of hens or other birds in shell, fresh","Production","t",2005,61426299.09,NA,"yes"
NA,"World","Eggs of hens or other birds in shell, fresh","Production","t",2006,62704269.05,NA,"yes"
NA,"World","Eggs of hens or other birds in shell, fresh","Production","t",2007,64525693.95,NA,"yes"
NA,"World","Eggs of hens or other birds in shell, fresh","Production","t",2008,66924982.2,NA,"yes"
NA,"World","Eggs of hens or other birds in shell, fresh","Production","t",2009,68226086.58,NA,"yes"
NA,"World","Eggs of hens or other birds in shell, fresh","Production","t",2010,69664898.71,NA,"yes"
NA,"World","Eggs of hens or other birds in shell, fresh","Production","t",2011,70999801.44,NA,"yes"
NA,"World","Eggs of hens or other birds in shell, fresh","Production","t",2012,72690086.44,NA,"yes"
NA,"World","Eggs of hens or other birds in shell, fresh","Production","t",2013,74424168.03,NA,"yes"
NA,"World","Eggs of hens or other birds in shell, fresh","Production","t",2014,75996817.42,NA,"yes"
NA,"World","Eggs of hens or other birds in shell, fresh","Production","t",2015,78290082.07,NA,"yes"
NA,"World","Eggs of hens or other birds in shell, fresh","Production","t",2016,80619688.81,NA,"yes"
NA,"World","Eggs of hens or other birds in shell, fresh","Production","t",2017,84705461.56,NA,"yes"
NA,"World","Eggs of hens or other birds in shell, fresh","Production","t",2018,86085671.41000001,NA,"yes"
NA,"World","Eggs of hens or other birds in shell, fresh","Production","t",2019,89876313.28,NA,"yes"
NA,"World","Eggs of hens or other birds in shell, fresh","Production","t",2020,93270164.7,NA,"yes"
NA,"World","Eggs of hens or other birds in shell, fresh","Production","t",2021,93615514.63,NA,"yes"
NA,"World","Eggs of hens or other birds in shell, fresh","Production","t",2022,95247754.13,NA,"yes"
NA,"World","Eggs of hens or other birds in shell, fresh","Production","t",2023,97412897.98,NA,"yes"
NA,"World","Eggs of hens or other birds in shell, fresh","Yield","No/An",1992,736,NA,"yes"
NA,"World","Eggs of hens or other birds in shell, fresh","Yield","No/An",1993,779,NA,"yes"
NA,"World","Eggs of hens or other birds in shell, fresh","Yield","No/An",1994,850,NA,"yes"
NA,"World","Eggs of hens or other birds in shell, fresh","Yield","No/An",1995,911,NA,"yes"
NA,"World","Eggs of hens or other birds in shell, fresh","Yield","No/An",1996,929,NA,"yes"
NA,"World","Eggs of hens or other birds in shell, fresh","Yield","No/An",1997,715,NA,"yes"
NA,"World","Eggs of hens or other birds in shell, fresh","Yield","No/An",1998,728,NA,"yes"
NA,"World","Eggs of hens or other birds in shell, fresh","Yield","No/An",1999,812,NA,"yes"
NA,"World","Eggs of hens or other birds in shell, fresh","Yield","No/An",2000,805,NA,"yes"
NA,"World","Eggs of hens or other birds in shell, fresh","Yield","No/An",2001,785,NA,"yes"
NA,"World","Eggs of hens or other birds in shell, fresh","Yield","No/An",2002,770,NA,"yes"
NA,"World","Eggs of hens or other birds in shell, fresh","Yield","No/An",2003,770,NA,"yes"
NA,"World","Eggs of hens or other birds in shell, fresh","Yield","No/An",2004,765,NA,"yes"
NA,"World","Eggs of hens or other birds in shell, fresh","Yield","No/An",2005,738,NA,"yes"
NA,"World","Eggs of hens or other birds in shell, fresh","Yield","No/An",2006,722,NA,"yes"
NA,"World","Eggs of hens or other birds in shell, fresh","Yield","No/An",2007,720,NA,"yes"
NA,"World","Eggs of hens or other birds in shell, fresh","Yield","No/An",2008,724,NA,"yes"
NA,"World","Eggs of hens or other birds in shell, fresh","Yield","No/An",2009,718,NA,"yes"
NA,"World","Eggs of hens or other birds in shell, fresh","Yield","No/An",2010,710,NA,"yes"
NA,"World","Eggs of hens or other birds in shell, fresh","Yield","No/An",2011,724,NA,"yes"
NA,"World","Eggs of hens or other birds in shell, fresh","Yield","No/An",2012,707,NA,"yes"
NA,"World","Eggs of hens or other birds in shell, fresh","Yield","No/An",2013,698,NA,"yes"
NA,"World","Eggs of hens or other birds in shell, fresh","Yield","No/An",2014,663,NA,"yes"
NA,"World","Eggs of hens or other birds in shell, fresh","Yield","No/An",2015,671,NA,"yes"
NA,"World","Eggs of hens or other birds in shell, fresh","Yield","No/An",2016,668,NA,"yes"
NA,"World","Eggs of hens or other birds in shell, fresh","Yield","No/An",2017,640,NA,"yes"
NA,"World","Eggs of hens or other birds in shell, fresh","Yield","No/An",2018,648,NA,"yes"
NA,"World","Eggs of hens or other birds in shell, fresh","Yield","No/An",2019,682,NA,"yes"
NA,"World","Eggs of hens or other birds in shell, fresh","Yield","No/An",2020,654,NA,"yes"
NA,"World","Eggs of hens or other birds in shell, fresh","Yield","No/An",2021,644,NA,"yes"
NA,"World","Eggs of hens or other birds in shell, fresh","Yield","No/An",2022,649,NA,"yes"
NA,"World","Eggs of hens or other birds in shell, fresh","Yield","No/An",2023,658,NA,"yes"
NA,"World","Food products n.e.c.","Production","t",1992,0,NA,"yes"
NA,"World","Food products n.e.c.","Production","t",1993,0,NA,"yes"
NA,"World","Food products n.e.c.","Production","t",1994,0,NA,"yes"
NA,"World","Food products n.e.c.","Production","t",1995,0,NA,"yes"
NA,"World","Food products n.e.c.","Production","t",1996,0,NA,"yes"
NA,"World","Food products n.e.c.","Production","t",1997,0,NA,"yes"
NA,"World","Food products n.e.c.","Production","t",1998,0,NA,"yes"
NA,"World","Food products n.e.c.","Production","t",1999,0,NA,"yes"
NA,"World","Food products n.e.c.","Production","t",2000,0,NA,"yes"
NA,"World","Food products n.e.c.","Production","t",2001,0,NA,"yes"
NA,"World","Food products n.e.c.","Production","t",2002,0,NA,"yes"
NA,"World","Food products n.e.c.","Production","t",2003,0,NA,"yes"
NA,"World","Food products n.e.c.","Production","t",2004,0,NA,"yes"
NA,"World","Food products n.e.c.","Production","t",2005,0,NA,"yes"
NA,"World","Food products n.e.c.","Production","t",2006,0,NA,"yes"
NA,"World","Food products n.e.c.","Production","t",2007,0,NA,"yes"
NA,"World","Food products n.e.c.","Production","t",2008,0,NA,"yes"
NA,"World","Food products n.e.c.","Production","t",2009,0,NA,"yes"
NA,"World","Food products n.e.c.","Production","t",2010,4264266.31,NA,"yes"
NA,"World","Food products n.e.c.","Production","t",2011,4492809.99,NA,"yes"
NA,"World","Food products n.e.c.","Production","t",2012,4711752.73,NA,"yes"
NA,"World","Food products n.e.c.","Production","t",2013,5022016.26,NA,"yes"
NA,"World","Food products n.e.c.","Production","t",2014,5248879.77,NA,"yes"
NA,"World","Food products n.e.c.","Production","t",2015,5390915.12,NA,"yes"
NA,"World","Food products n.e.c.","Production","t",2016,5503003.25,NA,"yes"
NA,"World","Food products n.e.c.","Production","t",2017,5741904.4,NA,"yes"
NA,"World","Food products n.e.c.","Production","t",2018,6016047.82,NA,"yes"
NA,"World","Food products n.e.c.","Production","t",2019,6148620.25,NA,"yes"
NA,"World","Food products n.e.c.","Production","t",2020,6468311.06,NA,"yes"
NA,"World","Food products n.e.c.","Production","t",2021,6872845.2,NA,"yes"
NA,"World","Food products n.e.c.","Production","t",2022,6995979.72,NA,"yes"
NA,"World","Food products n.e.c.","Production","t",2023,0,NA,"yes"
NA,"World","Forage products; fibre crops; plants used in perfumery, pharmacy, or for insecticidal, fungicidal or similar purposes; beet, forage plant and flower seeds; natural rubber; living plants, cut flowers and flower buds; unmanufactured tobacco; other raw vegetable materials","Area harvested","ha",1992,49884348,NA,"yes"
NA,"World","Forage products; fibre crops; plants used in perfumery, pharmacy, or for insecticidal, fungicidal or similar purposes; beet, forage plant and flower seeds; natural rubber; living plants, cut flowers and flower buds; unmanufactured tobacco; other raw vegetable materials","Area harvested","ha",1993,46115656,NA,"yes"
NA,"World","Forage products; fibre crops; plants used in perfumery, pharmacy, or for insecticidal, fungicidal or similar purposes; beet, forage plant and flower seeds; natural rubber; living plants, cut flowers and flower buds; unmanufactured tobacco; other raw vegetable materials","Area harvested","ha",1994,46729053,NA,"yes"
NA,"World","Forage products; fibre crops; plants used in perfumery, pharmacy, or for insecticidal, fungicidal or similar purposes; beet, forage plant and flower seeds; natural rubber; living plants, cut flowers and flower buds; unmanufactured tobacco; other raw vegetable materials","Area harvested","ha",1995,50238113,NA,"yes"
NA,"World","Forage products; fibre crops; plants used in perfumery, pharmacy, or for insecticidal, fungicidal or similar purposes; beet, forage plant and flower seeds; natural rubber; living plants, cut flowers and flower buds; unmanufactured tobacco; other raw vegetable materials","Area harvested","ha",1996,49706538,NA,"yes"
NA,"World","Forage products; fibre crops; plants used in perfumery, pharmacy, or for insecticidal, fungicidal or similar purposes; beet, forage plant and flower seeds; natural rubber; living plants, cut flowers and flower buds; unmanufactured tobacco; other raw vegetable materials","Area harvested","ha",1997,50169180,NA,"yes"
NA,"World","Forage products; fibre crops; plants used in perfumery, pharmacy, or for insecticidal, fungicidal or similar purposes; beet, forage plant and flower seeds; natural rubber; living plants, cut flowers and flower buds; unmanufactured tobacco; other raw vegetable materials","Area harvested","ha",1998,48290012,NA,"yes"
NA,"World","Forage products; fibre crops; plants used in perfumery, pharmacy, or for insecticidal, fungicidal or similar purposes; beet, forage plant and flower seeds; natural rubber; living plants, cut flowers and flower buds; unmanufactured tobacco; other raw vegetable materials","Area harvested","ha",1999,47413969,NA,"yes"
NA,"World","Forage products; fibre crops; plants used in perfumery, pharmacy, or for insecticidal, fungicidal or similar purposes; beet, forage plant and flower seeds; natural rubber; living plants, cut flowers and flower buds; unmanufactured tobacco; other raw vegetable materials","Area harvested","ha",2000,46360115,NA,"yes"
NA,"World","Forage products; fibre crops; plants used in perfumery, pharmacy, or for insecticidal, fungicidal or similar purposes; beet, forage plant and flower seeds; natural rubber; living plants, cut flowers and flower buds; unmanufactured tobacco; other raw vegetable materials","Area harvested","ha",2001,49467355,NA,"yes"
NA,"World","Forage products; fibre crops; plants used in perfumery, pharmacy, or for insecticidal, fungicidal or similar purposes; beet, forage plant and flower seeds; natural rubber; living plants, cut flowers and flower buds; unmanufactured tobacco; other raw vegetable materials","Area harvested","ha",2002,45574241,NA,"yes"
NA,"World","Forage products; fibre crops; plants used in perfumery, pharmacy, or for insecticidal, fungicidal or similar purposes; beet, forage plant and flower seeds; natural rubber; living plants, cut flowers and flower buds; unmanufactured tobacco; other raw vegetable materials","Area harvested","ha",2003,45849318,NA,"yes"
NA,"World","Forage products; fibre crops; plants used in perfumery, pharmacy, or for insecticidal, fungicidal or similar purposes; beet, forage plant and flower seeds; natural rubber; living plants, cut flowers and flower buds; unmanufactured tobacco; other raw vegetable materials","Area harvested","ha",2004,50037523,NA,"yes"
NA,"World","Forage products; fibre crops; plants used in perfumery, pharmacy, or for insecticidal, fungicidal or similar purposes; beet, forage plant and flower seeds; natural rubber; living plants, cut flowers and flower buds; unmanufactured tobacco; other raw vegetable materials","Area harvested","ha",2005,50585762,NA,"yes"
NA,"World","Forage products; fibre crops; plants used in perfumery, pharmacy, or for insecticidal, fungicidal or similar purposes; beet, forage plant and flower seeds; natural rubber; living plants, cut flowers and flower buds; unmanufactured tobacco; other raw vegetable materials","Area harvested","ha",2006,49626301,NA,"yes"
NA,"World","Forage products; fibre crops; plants used in perfumery, pharmacy, or for insecticidal, fungicidal or similar purposes; beet, forage plant and flower seeds; natural rubber; living plants, cut flowers and flower buds; unmanufactured tobacco; other raw vegetable materials","Area harvested","ha",2007,48717386,NA,"yes"
NA,"World","Forage products; fibre crops; plants used in perfumery, pharmacy, or for insecticidal, fungicidal or similar purposes; beet, forage plant and flower seeds; natural rubber; living plants, cut flowers and flower buds; unmanufactured tobacco; other raw vegetable materials","Area harvested","ha",2008,47026576,NA,"yes"
NA,"World","Forage products; fibre crops; plants used in perfumery, pharmacy, or for insecticidal, fungicidal or similar purposes; beet, forage plant and flower seeds; natural rubber; living plants, cut flowers and flower buds; unmanufactured tobacco; other raw vegetable materials","Area harvested","ha",2009,46084263,NA,"yes"
NA,"World","Forage products; fibre crops; plants used in perfumery, pharmacy, or for insecticidal, fungicidal or similar purposes; beet, forage plant and flower seeds; natural rubber; living plants, cut flowers and flower buds; unmanufactured tobacco; other raw vegetable materials","Area harvested","ha",2010,47820204,NA,"yes"
NA,"World","Forage products; fibre crops; plants used in perfumery, pharmacy, or for insecticidal, fungicidal or similar purposes; beet, forage plant and flower seeds; natural rubber; living plants, cut flowers and flower buds; unmanufactured tobacco; other raw vegetable materials","Area harvested","ha",2011,51263795,NA,"yes"
NA,"World","Forage products; fibre crops; plants used in perfumery, pharmacy, or for insecticidal, fungicidal or similar purposes; beet, forage plant and flower seeds; natural rubber; living plants, cut flowers and flower buds; unmanufactured tobacco; other raw vegetable materials","Area harvested","ha",2012,52095935,NA,"yes"
NA,"World","Forage products; fibre crops; plants used in perfumery, pharmacy, or for insecticidal, fungicidal or similar purposes; beet, forage plant and flower seeds; natural rubber; living plants, cut flowers and flower buds; unmanufactured tobacco; other raw vegetable materials","Area harvested","ha",2013,49895830,NA,"yes"
NA,"World","Forage products; fibre crops; plants used in perfumery, pharmacy, or for insecticidal, fungicidal or similar purposes; beet, forage plant and flower seeds; natural rubber; living plants, cut flowers and flower buds; unmanufactured tobacco; other raw vegetable materials","Area harvested","ha",2014,52478425,NA,"yes"
NA,"World","Forage products; fibre crops; plants used in perfumery, pharmacy, or for insecticidal, fungicidal or similar purposes; beet, forage plant and flower seeds; natural rubber; living plants, cut flowers and flower buds; unmanufactured tobacco; other raw vegetable materials","Area harvested","ha",2015,49466889,NA,"yes"
NA,"World","Forage products; fibre crops; plants used in perfumery, pharmacy, or for insecticidal, fungicidal or similar purposes; beet, forage plant and flower seeds; natural rubber; living plants, cut flowers and flower buds; unmanufactured tobacco; other raw vegetable materials","Area harvested","ha",2016,47994296,NA,"yes"
NA,"World","Forage products; fibre crops; plants used in perfumery, pharmacy, or for insecticidal, fungicidal or similar purposes; beet, forage plant and flower seeds; natural rubber; living plants, cut flowers and flower buds; unmanufactured tobacco; other raw vegetable materials","Area harvested","ha",2017,52551298,NA,"yes"
NA,"World","Forage products; fibre crops; plants used in perfumery, pharmacy, or for insecticidal, fungicidal or similar purposes; beet, forage plant and flower seeds; natural rubber; living plants, cut flowers and flower buds; unmanufactured tobacco; other raw vegetable materials","Area harvested","ha",2018,51205899,NA,"yes"
NA,"World","Forage products; fibre crops; plants used in perfumery, pharmacy, or for insecticidal, fungicidal or similar purposes; beet, forage plant and flower seeds; natural rubber; living plants, cut flowers and flower buds; unmanufactured tobacco; other raw vegetable materials","Area harvested","ha",2019,52940149,NA,"yes"
NA,"World","Forage products; fibre crops; plants used in perfumery, pharmacy, or for insecticidal, fungicidal or similar purposes; beet, forage plant and flower seeds; natural rubber; living plants, cut flowers and flower buds; unmanufactured tobacco; other raw vegetable materials","Area harvested","ha",2020,51283293,NA,"yes"
NA,"World","Forage products; fibre crops; plants used in perfumery, pharmacy, or for insecticidal, fungicidal or similar purposes; beet, forage plant and flower seeds; natural rubber; living plants, cut flowers and flower buds; unmanufactured tobacco; other raw vegetable materials","Area harvested","ha",2021,52015824,NA,"yes"
NA,"World","Forage products; fibre crops; plants used in perfumery, pharmacy, or for insecticidal, fungicidal or similar purposes; beet, forage plant and flower seeds; natural rubber; living plants, cut flowers and flower buds; unmanufactured tobacco; other raw vegetable materials","Area harvested","ha",2022,50840300,NA,"yes"
NA,"World","Forage products; fibre crops; plants used in perfumery, pharmacy, or for insecticidal, fungicidal or similar purposes; beet, forage plant and flower seeds; natural rubber; living plants, cut flowers and flower buds; unmanufactured tobacco; other raw vegetable materials","Area harvested","ha",2023,52118104,NA,"yes"
NA,"World","Forage products; fibre crops; plants used in perfumery, pharmacy, or for insecticidal, fungicidal or similar purposes; beet, forage plant and flower seeds; natural rubber; living plants, cut flowers and flower buds; unmanufactured tobacco; other raw vegetable materials","Production","t",1992,90635749.94,NA,"yes"
NA,"World","Forage products; fibre crops; plants used in perfumery, pharmacy, or for insecticidal, fungicidal or similar purposes; beet, forage plant and flower seeds; natural rubber; living plants, cut flowers and flower buds; unmanufactured tobacco; other raw vegetable materials","Production","t",1993,84221653.12,NA,"yes"
NA,"World","Forage products; fibre crops; plants used in perfumery, pharmacy, or for insecticidal, fungicidal or similar purposes; beet, forage plant and flower seeds; natural rubber; living plants, cut flowers and flower buds; unmanufactured tobacco; other raw vegetable materials","Production","t",1994,89683416.89,NA,"yes"
NA,"World","Forage products; fibre crops; plants used in perfumery, pharmacy, or for insecticidal, fungicidal or similar purposes; beet, forage plant and flower seeds; natural rubber; living plants, cut flowers and flower buds; unmanufactured tobacco; other raw vegetable materials","Production","t",1995,94970786.92,NA,"yes"
NA,"World","Forage products; fibre crops; plants used in perfumery, pharmacy, or for insecticidal, fungicidal or similar purposes; beet, forage plant and flower seeds; natural rubber; living plants, cut flowers and flower buds; unmanufactured tobacco; other raw vegetable materials","Production","t",1996,95133645.17,NA,"yes"
NA,"World","Forage products; fibre crops; plants used in perfumery, pharmacy, or for insecticidal, fungicidal or similar purposes; beet, forage plant and flower seeds; natural rubber; living plants, cut flowers and flower buds; unmanufactured tobacco; other raw vegetable materials","Production","t",1997,96050476.88,NA,"yes"
NA,"World","Forage products; fibre crops; plants used in perfumery, pharmacy, or for insecticidal, fungicidal or similar purposes; beet, forage plant and flower seeds; natural rubber; living plants, cut flowers and flower buds; unmanufactured tobacco; other raw vegetable materials","Production","t",1998,89880176.72,NA,"yes"
NA,"World","Forage products; fibre crops; plants used in perfumery, pharmacy, or for insecticidal, fungicidal or similar purposes; beet, forage plant and flower seeds; natural rubber; living plants, cut flowers and flower buds; unmanufactured tobacco; other raw vegetable materials","Production","t",1999,91119094.86,NA,"yes"
NA,"World","Forage products; fibre crops; plants used in perfumery, pharmacy, or for insecticidal, fungicidal or similar purposes; beet, forage plant and flower seeds; natural rubber; living plants, cut flowers and flower buds; unmanufactured tobacco; other raw vegetable materials","Production","t",2000,91354685.56,NA,"yes"
NA,"World","Forage products; fibre crops; plants used in perfumery, pharmacy, or for insecticidal, fungicidal or similar purposes; beet, forage plant and flower seeds; natural rubber; living plants, cut flowers and flower buds; unmanufactured tobacco; other raw vegetable materials","Production","t",2001,101165274.39,NA,"yes"
NA,"World","Forage products; fibre crops; plants used in perfumery, pharmacy, or for insecticidal, fungicidal or similar purposes; beet, forage plant and flower seeds; natural rubber; living plants, cut flowers and flower buds; unmanufactured tobacco; other raw vegetable materials","Production","t",2002,93478440.36,NA,"yes"
NA,"World","Forage products; fibre crops; plants used in perfumery, pharmacy, or for insecticidal, fungicidal or similar purposes; beet, forage plant and flower seeds; natural rubber; living plants, cut flowers and flower buds; unmanufactured tobacco; other raw vegetable materials","Production","t",2003,96261407.84,NA,"yes"
NA,"World","Forage products; fibre crops; plants used in perfumery, pharmacy, or for insecticidal, fungicidal or similar purposes; beet, forage plant and flower seeds; natural rubber; living plants, cut flowers and flower buds; unmanufactured tobacco; other raw vegetable materials","Production","t",2004,117720234.86999999,NA,"yes"
NA,"World","Forage products; fibre crops; plants used in perfumery, pharmacy, or for insecticidal, fungicidal or similar purposes; beet, forage plant and flower seeds; natural rubber; living plants, cut flowers and flower buds; unmanufactured tobacco; other raw vegetable materials","Production","t",2005,117277826.00999999,NA,"yes"
NA,"World","Forage products; fibre crops; plants used in perfumery, pharmacy, or for insecticidal, fungicidal or similar purposes; beet, forage plant and flower seeds; natural rubber; living plants, cut flowers and flower buds; unmanufactured tobacco; other raw vegetable materials","Production","t",2006,119469113.34,NA,"yes"
NA,"World","Forage products; fibre crops; plants used in perfumery, pharmacy, or for insecticidal, fungicidal or similar purposes; beet, forage plant and flower seeds; natural rubber; living plants, cut flowers and flower buds; unmanufactured tobacco; other raw vegetable materials","Production","t",2007,121927227.65,NA,"yes"
NA,"World","Forage products; fibre crops; plants used in perfumery, pharmacy, or for insecticidal, fungicidal or similar purposes; beet, forage plant and flower seeds; natural rubber; living plants, cut flowers and flower buds; unmanufactured tobacco; other raw vegetable materials","Production","t",2008,112361021.7,NA,"yes"
NA,"World","Forage products; fibre crops; plants used in perfumery, pharmacy, or for insecticidal, fungicidal or similar purposes; beet, forage plant and flower seeds; natural rubber; living plants, cut flowers and flower buds; unmanufactured tobacco; other raw vegetable materials","Production","t",2009,106376438.91,NA,"yes"
NA,"World","Forage products; fibre crops; plants used in perfumery, pharmacy, or for insecticidal, fungicidal or similar purposes; beet, forage plant and flower seeds; natural rubber; living plants, cut flowers and flower buds; unmanufactured tobacco; other raw vegetable materials","Production","t",2010,117051794.41,NA,"yes"
NA,"World","Forage products; fibre crops; plants used in perfumery, pharmacy, or for insecticidal, fungicidal or similar purposes; beet, forage plant and flower seeds; natural rubber; living plants, cut flowers and flower buds; unmanufactured tobacco; other raw vegetable materials","Production","t",2011,131956265.97,NA,"yes"
NA,"World","Forage products; fibre crops; plants used in perfumery, pharmacy, or for insecticidal, fungicidal or similar purposes; beet, forage plant and flower seeds; natural rubber; living plants, cut flowers and flower buds; unmanufactured tobacco; other raw vegetable materials","Production","t",2012,132753474.24,NA,"yes"
NA,"World","Forage products; fibre crops; plants used in perfumery, pharmacy, or for insecticidal, fungicidal or similar purposes; beet, forage plant and flower seeds; natural rubber; living plants, cut flowers and flower buds; unmanufactured tobacco; other raw vegetable materials","Production","t",2013,124535404.47,NA,"yes"
NA,"World","Forage products; fibre crops; plants used in perfumery, pharmacy, or for insecticidal, fungicidal or similar purposes; beet, forage plant and flower seeds; natural rubber; living plants, cut flowers and flower buds; unmanufactured tobacco; other raw vegetable materials","Production","t",2014,129474101.57000001,NA,"yes"
NA,"World","Forage products; fibre crops; plants used in perfumery, pharmacy, or for insecticidal, fungicidal or similar purposes; beet, forage plant and flower seeds; natural rubber; living plants, cut flowers and flower buds; unmanufactured tobacco; other raw vegetable materials","Production","t",2015,115099694.64,NA,"yes"
NA,"World","Forage products; fibre crops; plants used in perfumery, pharmacy, or for insecticidal, fungicidal or similar purposes; beet, forage plant and flower seeds; natural rubber; living plants, cut flowers and flower buds; unmanufactured tobacco; other raw vegetable materials","Production","t",2016,117977470.67,NA,"yes"
NA,"World","Forage products; fibre crops; plants used in perfumery, pharmacy, or for insecticidal, fungicidal or similar purposes; beet, forage plant and flower seeds; natural rubber; living plants, cut flowers and flower buds; unmanufactured tobacco; other raw vegetable materials","Production","t",2017,126572028.58,NA,"yes"
NA,"World","Forage products; fibre crops; plants used in perfumery, pharmacy, or for insecticidal, fungicidal or similar purposes; beet, forage plant and flower seeds; natural rubber; living plants, cut flowers and flower buds; unmanufactured tobacco; other raw vegetable materials","Production","t",2018,125338666.60000001,NA,"yes"
NA,"World","Forage products; fibre crops; plants used in perfumery, pharmacy, or for insecticidal, fungicidal or similar purposes; beet, forage plant and flower seeds; natural rubber; living plants, cut flowers and flower buds; unmanufactured tobacco; other raw vegetable materials","Production","t",2019,137802168.64,NA,"yes"
NA,"World","Forage products; fibre crops; plants used in perfumery, pharmacy, or for insecticidal, fungicidal or similar purposes; beet, forage plant and flower seeds; natural rubber; living plants, cut flowers and flower buds; unmanufactured tobacco; other raw vegetable materials","Production","t",2020,125497151.76,NA,"yes"
NA,"World","Forage products; fibre crops; plants used in perfumery, pharmacy, or for insecticidal, fungicidal or similar purposes; beet, forage plant and flower seeds; natural rubber; living plants, cut flowers and flower buds; unmanufactured tobacco; other raw vegetable materials","Production","t",2021,129744192.91000001,NA,"yes"
NA,"World","Forage products; fibre crops; plants used in perfumery, pharmacy, or for insecticidal, fungicidal or similar purposes; beet, forage plant and flower seeds; natural rubber; living plants, cut flowers and flower buds; unmanufactured tobacco; other raw vegetable materials","Production","t",2022,125162762.17,NA,"yes"
NA,"World","Forage products; fibre crops; plants used in perfumery, pharmacy, or for insecticidal, fungicidal or similar purposes; beet, forage plant and flower seeds; natural rubber; living plants, cut flowers and flower buds; unmanufactured tobacco; other raw vegetable materials","Production","t",2023,102916181.02000001,NA,"yes"
NA,"World","Forage products; fibre crops; plants used in perfumery, pharmacy, or for insecticidal, fungicidal or similar purposes; beet, forage plant and flower seeds; natural rubber; living plants, cut flowers and flower buds; unmanufactured tobacco; other raw vegetable materials","Yield","kg/ha",1992,35052.200000000004,NA,"yes"
NA,"World","Forage products; fibre crops; plants used in perfumery, pharmacy, or for insecticidal, fungicidal or similar purposes; beet, forage plant and flower seeds; natural rubber; living plants, cut flowers and flower buds; unmanufactured tobacco; other raw vegetable materials","Yield","kg/ha",1993,35756.7,NA,"yes"
NA,"World","Forage products; fibre crops; plants used in perfumery, pharmacy, or for insecticidal, fungicidal or similar purposes; beet, forage plant and flower seeds; natural rubber; living plants, cut flowers and flower buds; unmanufactured tobacco; other raw vegetable materials","Yield","kg/ha",1994,36429.9,NA,"yes"
NA,"World","Forage products; fibre crops; plants used in perfumery, pharmacy, or for insecticidal, fungicidal or similar purposes; beet, forage plant and flower seeds; natural rubber; living plants, cut flowers and flower buds; unmanufactured tobacco; other raw vegetable materials","Yield","kg/ha",1995,36830.9,NA,"yes"
NA,"World","Forage products; fibre crops; plants used in perfumery, pharmacy, or for insecticidal, fungicidal or similar purposes; beet, forage plant and flower seeds; natural rubber; living plants, cut flowers and flower buds; unmanufactured tobacco; other raw vegetable materials","Yield","kg/ha",1996,37966.4,NA,"yes"
NA,"World","Forage products; fibre crops; plants used in perfumery, pharmacy, or for insecticidal, fungicidal or similar purposes; beet, forage plant and flower seeds; natural rubber; living plants, cut flowers and flower buds; unmanufactured tobacco; other raw vegetable materials","Yield","kg/ha",1997,36384.299999999996,NA,"yes"
NA,"World","Forage products; fibre crops; plants used in perfumery, pharmacy, or for insecticidal, fungicidal or similar purposes; beet, forage plant and flower seeds; natural rubber; living plants, cut flowers and flower buds; unmanufactured tobacco; other raw vegetable materials","Yield","kg/ha",1998,37236.6,NA,"yes"
NA,"World","Forage products; fibre crops; plants used in perfumery, pharmacy, or for insecticidal, fungicidal or similar purposes; beet, forage plant and flower seeds; natural rubber; living plants, cut flowers and flower buds; unmanufactured tobacco; other raw vegetable materials","Yield","kg/ha",1999,46776.4,NA,"yes"
NA,"World","Forage products; fibre crops; plants used in perfumery, pharmacy, or for insecticidal, fungicidal or similar purposes; beet, forage plant and flower seeds; natural rubber; living plants, cut flowers and flower buds; unmanufactured tobacco; other raw vegetable materials","Yield","kg/ha",2000,35843.6,NA,"yes"
NA,"World","Forage products; fibre crops; plants used in perfumery, pharmacy, or for insecticidal, fungicidal or similar purposes; beet, forage plant and flower seeds; natural rubber; living plants, cut flowers and flower buds; unmanufactured tobacco; other raw vegetable materials","Yield","kg/ha",2001,30191.399999999998,NA,"yes"
NA,"World","Forage products; fibre crops; plants used in perfumery, pharmacy, or for insecticidal, fungicidal or similar purposes; beet, forage plant and flower seeds; natural rubber; living plants, cut flowers and flower buds; unmanufactured tobacco; other raw vegetable materials","Yield","kg/ha",2002,35660.799999999996,NA,"yes"
NA,"World","Forage products; fibre crops; plants used in perfumery, pharmacy, or for insecticidal, fungicidal or similar purposes; beet, forage plant and flower seeds; natural rubber; living plants, cut flowers and flower buds; unmanufactured tobacco; other raw vegetable materials","Yield","kg/ha",2003,42523.6,NA,"yes"
NA,"World","Forage products; fibre crops; plants used in perfumery, pharmacy, or for insecticidal, fungicidal or similar purposes; beet, forage plant and flower seeds; natural rubber; living plants, cut flowers and flower buds; unmanufactured tobacco; other raw vegetable materials","Yield","kg/ha",2004,36704.3,NA,"yes"
NA,"World","Forage products; fibre crops; plants used in perfumery, pharmacy, or for insecticidal, fungicidal or similar purposes; beet, forage plant and flower seeds; natural rubber; living plants, cut flowers and flower buds; unmanufactured tobacco; other raw vegetable materials","Yield","kg/ha",2005,36490.5,NA,"yes"
NA,"World","Forage products; fibre crops; plants used in perfumery, pharmacy, or for insecticidal, fungicidal or similar purposes; beet, forage plant and flower seeds; natural rubber; living plants, cut flowers and flower buds; unmanufactured tobacco; other raw vegetable materials","Yield","kg/ha",2006,41747.2,NA,"yes"
NA,"World","Forage products; fibre crops; plants used in perfumery, pharmacy, or for insecticidal, fungicidal or similar purposes; beet, forage plant and flower seeds; natural rubber; living plants, cut flowers and flower buds; unmanufactured tobacco; other raw vegetable materials","Yield","kg/ha",2007,38735.9,NA,"yes"
NA,"World","Forage products; fibre crops; plants used in perfumery, pharmacy, or for insecticidal, fungicidal or similar purposes; beet, forage plant and flower seeds; natural rubber; living plants, cut flowers and flower buds; unmanufactured tobacco; other raw vegetable materials","Yield","kg/ha",2008,38072.8,NA,"yes"
NA,"World","Forage products; fibre crops; plants used in perfumery, pharmacy, or for insecticidal, fungicidal or similar purposes; beet, forage plant and flower seeds; natural rubber; living plants, cut flowers and flower buds; unmanufactured tobacco; other raw vegetable materials","Yield","kg/ha",2009,35767.8,NA,"yes"
NA,"World","Forage products; fibre crops; plants used in perfumery, pharmacy, or for insecticidal, fungicidal or similar purposes; beet, forage plant and flower seeds; natural rubber; living plants, cut flowers and flower buds; unmanufactured tobacco; other raw vegetable materials","Yield","kg/ha",2010,42632.6,NA,"yes"
NA,"World","Forage products; fibre crops; plants used in perfumery, pharmacy, or for insecticidal, fungicidal or similar purposes; beet, forage plant and flower seeds; natural rubber; living plants, cut flowers and flower buds; unmanufactured tobacco; other raw vegetable materials","Yield","kg/ha",2011,40600.1,NA,"yes"
NA,"World","Forage products; fibre crops; plants used in perfumery, pharmacy, or for insecticidal, fungicidal or similar purposes; beet, forage plant and flower seeds; natural rubber; living plants, cut flowers and flower buds; unmanufactured tobacco; other raw vegetable materials","Yield","kg/ha",2012,41505.7,NA,"yes"
NA,"World","Forage products; fibre crops; plants used in perfumery, pharmacy, or for insecticidal, fungicidal or similar purposes; beet, forage plant and flower seeds; natural rubber; living plants, cut flowers and flower buds; unmanufactured tobacco; other raw vegetable materials","Yield","kg/ha",2013,40810.299999999996,NA,"yes"
NA,"World","Forage products; fibre crops; plants used in perfumery, pharmacy, or for insecticidal, fungicidal or similar purposes; beet, forage plant and flower seeds; natural rubber; living plants, cut flowers and flower buds; unmanufactured tobacco; other raw vegetable materials","Yield","kg/ha",2014,40388.8,NA,"yes"
NA,"World","Forage products; fibre crops; plants used in perfumery, pharmacy, or for insecticidal, fungicidal or similar purposes; beet, forage plant and flower seeds; natural rubber; living plants, cut flowers and flower buds; unmanufactured tobacco; other raw vegetable materials","Yield","kg/ha",2015,45833.4,NA,"yes"
NA,"World","Forage products; fibre crops; plants used in perfumery, pharmacy, or for insecticidal, fungicidal or similar purposes; beet, forage plant and flower seeds; natural rubber; living plants, cut flowers and flower buds; unmanufactured tobacco; other raw vegetable materials","Yield","kg/ha",2016,45141.1,NA,"yes"
NA,"World","Forage products; fibre crops; plants used in perfumery, pharmacy, or for insecticidal, fungicidal or similar purposes; beet, forage plant and flower seeds; natural rubber; living plants, cut flowers and flower buds; unmanufactured tobacco; other raw vegetable materials","Yield","kg/ha",2017,41305.5,NA,"yes"
NA,"World","Forage products; fibre crops; plants used in perfumery, pharmacy, or for insecticidal, fungicidal or similar purposes; beet, forage plant and flower seeds; natural rubber; living plants, cut flowers and flower buds; unmanufactured tobacco; other raw vegetable materials","Yield","kg/ha",2018,45215,NA,"yes"
NA,"World","Forage products; fibre crops; plants used in perfumery, pharmacy, or for insecticidal, fungicidal or similar purposes; beet, forage plant and flower seeds; natural rubber; living plants, cut flowers and flower buds; unmanufactured tobacco; other raw vegetable materials","Yield","kg/ha",2019,41351.9,NA,"yes"
NA,"World","Forage products; fibre crops; plants used in perfumery, pharmacy, or for insecticidal, fungicidal or similar purposes; beet, forage plant and flower seeds; natural rubber; living plants, cut flowers and flower buds; unmanufactured tobacco; other raw vegetable materials","Yield","kg/ha",2020,34472,NA,"yes"
NA,"World","Forage products; fibre crops; plants used in perfumery, pharmacy, or for insecticidal, fungicidal or similar purposes; beet, forage plant and flower seeds; natural rubber; living plants, cut flowers and flower buds; unmanufactured tobacco; other raw vegetable materials","Yield","kg/ha",2021,37267.1,NA,"yes"
NA,"World","Forage products; fibre crops; plants used in perfumery, pharmacy, or for insecticidal, fungicidal or similar purposes; beet, forage plant and flower seeds; natural rubber; living plants, cut flowers and flower buds; unmanufactured tobacco; other raw vegetable materials","Yield","kg/ha",2022,50400,NA,"yes"
NA,"World","Forage products; fibre crops; plants used in perfumery, pharmacy, or for insecticidal, fungicidal or similar purposes; beet, forage plant and flower seeds; natural rubber; living plants, cut flowers and flower buds; unmanufactured tobacco; other raw vegetable materials","Yield","kg/ha",2023,35739.9,NA,"yes"
NA,"World","Fruits and nuts","Area harvested","ha",1992,49379294,NA,"yes"
NA,"World","Fruits and nuts","Area harvested","ha",1993,50299690,NA,"yes"
NA,"World","Fruits and nuts","Area harvested","ha",1994,51477190,NA,"yes"
NA,"World","Fruits and nuts","Area harvested","ha",1995,52710434,NA,"yes"
NA,"World","Fruits and nuts","Area harvested","ha",1996,53945155,NA,"yes"
NA,"World","Fruits and nuts","Area harvested","ha",1997,54900679,NA,"yes"
NA,"World","Fruits and nuts","Area harvested","ha",1998,55445987,NA,"yes"
NA,"World","Fruits and nuts","Area harvested","ha",1999,56289070,NA,"yes"
NA,"World","Fruits and nuts","Area harvested","ha",2000,57623574,NA,"yes"
NA,"World","Fruits and nuts","Area harvested","ha",2001,57993637,NA,"yes"
NA,"World","Fruits and nuts","Area harvested","ha",2002,58960013,NA,"yes"
NA,"World","Fruits and nuts","Area harvested","ha",2003,59999844,NA,"yes"
NA,"World","Fruits and nuts","Area harvested","ha",2004,61451720,NA,"yes"
NA,"World","Fruits and nuts","Area harvested","ha",2005,62411240,NA,"yes"
NA,"World","Fruits and nuts","Area harvested","ha",2006,63789085,NA,"yes"
NA,"World","Fruits and nuts","Area harvested","ha",2007,65243351,NA,"yes"
NA,"World","Fruits and nuts","Area harvested","ha",2008,64890097,NA,"yes"
NA,"World","Fruits and nuts","Area harvested","ha",2009,66853036,NA,"yes"
NA,"World","Fruits and nuts","Area harvested","ha",2010,67797349,NA,"yes"
NA,"World","Fruits and nuts","Area harvested","ha",2011,69196651,NA,"yes"
NA,"World","Fruits and nuts","Area harvested","ha",2012,69688585,NA,"yes"
NA,"World","Fruits and nuts","Area harvested","ha",2013,71147873,NA,"yes"
NA,"World","Fruits and nuts","Area harvested","ha",2014,72043075,NA,"yes"
NA,"World","Fruits and nuts","Area harvested","ha",2015,73005063,NA,"yes"
NA,"World","Fruits and nuts","Area harvested","ha",2016,71911506,NA,"yes"
NA,"World","Fruits and nuts","Area harvested","ha",2017,71744915,NA,"yes"
NA,"World","Fruits and nuts","Area harvested","ha",2018,73792624,NA,"yes"
NA,"World","Fruits and nuts","Area harvested","ha",2019,74929153,NA,"yes"
NA,"World","Fruits and nuts","Area harvested","ha",2020,76609572,NA,"yes"
NA,"World","Fruits and nuts","Area harvested","ha",2021,77775784,NA,"yes"
NA,"World","Fruits and nuts","Area harvested","ha",2022,78911056,NA,"yes"
NA,"World","Fruits and nuts","Area harvested","ha",2023,79258841,NA,"yes"
NA,"World","Fruits and nuts","Production","t",1992,387069490.66,NA,"yes"
NA,"World","Fruits and nuts","Production","t",1993,395062270.17,NA,"yes"
NA,"World","Fruits and nuts","Production","t",1994,400867327.32,NA,"yes"
NA,"World","Fruits and nuts","Production","t",1995,414910887.88,NA,"yes"
NA,"World","Fruits and nuts","Production","t",1996,432994334.09999996,NA,"yes"
NA,"World","Fruits and nuts","Production","t",1997,449666928.47,NA,"yes"
NA,"World","Fruits and nuts","Production","t",1998,447601779.16,NA,"yes"
NA,"World","Fruits and nuts","Production","t",1999,470682692.53,NA,"yes"
NA,"World","Fruits and nuts","Production","t",2000,483050922.45,NA,"yes"
NA,"World","Fruits and nuts","Production","t",2001,486986093.86,NA,"yes"
NA,"World","Fruits and nuts","Production","t",2002,497174022.61,NA,"yes"
NA,"World","Fruits and nuts","Production","t",2003,512446226.3,NA,"yes"
NA,"World","Fruits and nuts","Production","t",2004,536312777.72,NA,"yes"
NA,"World","Fruits and nuts","Production","t",2005,548195506.06,NA,"yes"
NA,"World","Fruits and nuts","Production","t",2006,570701009.08,NA,"yes"
NA,"World","Fruits and nuts","Production","t",2007,585665174.65,NA,"yes"
NA,"World","Fruits and nuts","Production","t",2008,601054174.22,NA,"yes"
NA,"World","Fruits and nuts","Production","t",2009,617258311.74,NA,"yes"
NA,"World","Fruits and nuts","Production","t",2010,629268699.2,NA,"yes"
NA,"World","Fruits and nuts","Production","t",2011,654768210.83,NA,"yes"
NA,"World","Fruits and nuts","Production","t",2012,664281513.48,NA,"yes"
NA,"World","Fruits and nuts","Production","t",2013,694118495.73,NA,"yes"
NA,"World","Fruits and nuts","Production","t",2014,710062558.46,NA,"yes"
NA,"World","Fruits and nuts","Production","t",2015,723800853.52,NA,"yes"
NA,"World","Fruits and nuts","Production","t",2016,722147276.78,NA,"yes"
NA,"World","Fruits and nuts","Production","t",2017,732658120.04,NA,"yes"
NA,"World","Fruits and nuts","Production","t",2018,759915236.51,NA,"yes"
NA,"World","Fruits and nuts","Production","t",2019,775368646.36,NA,"yes"
NA,"World","Fruits and nuts","Production","t",2020,792042290.49,NA,"yes"
NA,"World","Fruits and nuts","Production","t",2021,811869137.71,NA,"yes"
NA,"World","Fruits and nuts","Production","t",2022,830519582.21,NA,"yes"
NA,"World","Fruits and nuts","Production","t",2023,837203826.46,NA,"yes"
NA,"World","Fruits and nuts","Yield","kg/ha",1992,316990.1,NA,"yes"
NA,"World","Fruits and nuts","Yield","kg/ha",1993,323381.8,NA,"yes"
NA,"World","Fruits and nuts","Yield","kg/ha",1994,324553.9,NA,"yes"
NA,"World","Fruits and nuts","Yield","kg/ha",1995,323262.7,NA,"yes"
NA,"World","Fruits and nuts","Yield","kg/ha",1996,327809,NA,"yes"
NA,"World","Fruits and nuts","Yield","kg/ha",1997,331978.9,NA,"yes"
NA,"World","Fruits and nuts","Yield","kg/ha",1998,331833.5,NA,"yes"
NA,"World","Fruits and nuts","Yield","kg/ha",1999,343343.1,NA,"yes"
NA,"World","Fruits and nuts","Yield","kg/ha",2000,345473.6,NA,"yes"
NA,"World","Fruits and nuts","Yield","kg/ha",2001,347941.6,NA,"yes"
NA,"World","Fruits and nuts","Yield","kg/ha",2002,350035,NA,"yes"
NA,"World","Fruits and nuts","Yield","kg/ha",2003,353149.1,NA,"yes"
NA,"World","Fruits and nuts","Yield","kg/ha",2004,360097,NA,"yes"
NA,"World","Fruits and nuts","Yield","kg/ha",2005,364516.7,NA,"yes"
NA,"World","Fruits and nuts","Yield","kg/ha",2006,373678.3,NA,"yes"
NA,"World","Fruits and nuts","Yield","kg/ha",2007,380767,NA,"yes"
NA,"World","Fruits and nuts","Yield","kg/ha",2008,396191.3,NA,"yes"
NA,"World","Fruits and nuts","Yield","kg/ha",2009,398783.3,NA,"yes"
NA,"World","Fruits and nuts","Yield","kg/ha",2010,392203.6,NA,"yes"
NA,"World","Fruits and nuts","Yield","kg/ha",2011,402490.1,NA,"yes"
NA,"World","Fruits and nuts","Yield","kg/ha",2012,411321,NA,"yes"
NA,"World","Fruits and nuts","Yield","kg/ha",2013,416906.1,NA,"yes"
NA,"World","Fruits and nuts","Yield","kg/ha",2014,425717.4,NA,"yes"
NA,"World","Fruits and nuts","Yield","kg/ha",2015,424998.1,NA,"yes"
NA,"World","Fruits and nuts","Yield","kg/ha",2016,432873.9,NA,"yes"
NA,"World","Fruits and nuts","Yield","kg/ha",2017,436539.8,NA,"yes"
NA,"World","Fruits and nuts","Yield","kg/ha",2018,445363.7,NA,"yes"
NA,"World","Fruits and nuts","Yield","kg/ha",2019,445243.5,NA,"yes"
NA,"World","Fruits and nuts","Yield","kg/ha",2020,446455.7,NA,"yes"
NA,"World","Fruits and nuts","Yield","kg/ha",2021,450313.8,NA,"yes"
NA,"World","Fruits and nuts","Yield","kg/ha",2022,458152.3,NA,"yes"
NA,"World","Fruits and nuts","Yield","kg/ha",2023,458170.8,NA,"yes"
NA,"World","Live animals","Stocks","1000 An",1992,12538390,NA,"yes"
NA,"World","Live animals","Stocks","1000 An",1993,13152337,NA,"yes"
NA,"World","Live animals","Stocks","1000 An",1994,13824531,NA,"yes"
NA,"World","Live animals","Stocks","1000 An",1995,14224003,NA,"yes"
NA,"World","Live animals","Stocks","1000 An",1996,14952293,NA,"yes"
NA,"World","Live animals","Stocks","1000 An",1997,15701747,NA,"yes"
NA,"World","Live animals","Stocks","1000 An",1998,14467091,NA,"yes"
NA,"World","Live animals","Stocks","1000 An",1999,15027384,NA,"yes"
NA,"World","Live animals","Stocks","1000 An",2000,15840493,NA,"yes"
NA,"World","Live animals","Stocks","1000 An",2001,16449976,NA,"yes"
NA,"World","Live animals","Stocks","1000 An",2002,17756471,NA,"yes"
NA,"World","Live animals","Stocks","1000 An",2003,17792205,NA,"yes"
NA,"World","Live animals","Stocks","1000 An",2004,18415934,NA,"yes"
NA,"World","Live animals","Stocks","1000 An",2005,18956514,NA,"yes"
NA,"World","Live animals","Stocks","1000 An",2006,19406081,NA,"yes"
NA,"World","Live animals","Stocks","1000 An",2007,20053758,NA,"yes"
NA,"World","Live animals","Stocks","1000 An",2008,20859145,NA,"yes"
NA,"World","Live animals","Stocks","1000 An",2009,21675695,NA,"yes"
NA,"World","Live animals","Stocks","1000 An",2010,22297122,NA,"yes"
NA,"World","Live animals","Stocks","1000 An",2011,21919922,NA,"yes"
NA,"World","Live animals","Stocks","1000 An",2012,22526346,NA,"yes"
NA,"World","Live animals","Stocks","1000 An",2013,22996019,NA,"yes"
NA,"World","Live animals","Stocks","1000 An",2014,23158774,NA,"yes"
NA,"World","Live animals","Stocks","1000 An",2015,23959455,NA,"yes"
NA,"World","Live animals","Stocks","1000 An",2016,24658761,NA,"yes"
NA,"World","Live animals","Stocks","1000 An",2017,26748072,NA,"yes"
NA,"World","Live animals","Stocks","1000 An",2018,27162020,NA,"yes"
NA,"World","Live animals","Stocks","1000 An",2019,27829863,NA,"yes"
NA,"World","Live animals","Stocks","1000 An",2020,28070011,NA,"yes"
NA,"World","Live animals","Stocks","1000 An",2021,28054721,NA,"yes"
NA,"World","Live animals","Stocks","1000 An",2022,28846156,NA,"yes"
NA,"World","Live animals","Stocks","1000 An",2023,29326646,NA,"yes"
NA,"World","Live animals","Stocks","An",1992,4254850821,NA,"yes"
NA,"World","Live animals","Stocks","An",1993,4221963493,NA,"yes"
NA,"World","Live animals","Stocks","An",1994,4262628771,NA,"yes"
NA,"World","Live animals","Stocks","An",1995,4285348381,NA,"yes"
NA,"World","Live animals","Stocks","An",1996,4318545718,NA,"yes"
NA,"World","Live animals","Stocks","An",1997,4187357640,NA,"yes"
NA,"World","Live animals","Stocks","An",1998,4253840805,NA,"yes"
NA,"World","Live animals","Stocks","An",1999,4308641836,NA,"yes"
NA,"World","Live animals","Stocks","An",2000,4342777753,NA,"yes"
NA,"World","Live animals","Stocks","An",2001,4318029248,NA,"yes"
NA,"World","Live animals","Stocks","An",2002,4343374577,NA,"yes"
NA,"World","Live animals","Stocks","An",2003,4388134819,NA,"yes"
NA,"World","Live animals","Stocks","An",2004,4452620166,NA,"yes"
NA,"World","Live animals","Stocks","An",2005,4535862826,NA,"yes"
NA,"World","Live animals","Stocks","An",2006,4581499371,NA,"yes"
NA,"World","Live animals","Stocks","An",2007,4632399710,NA,"yes"
NA,"World","Live animals","Stocks","An",2008,4672213810,NA,"yes"
NA,"World","Live animals","Stocks","An",2009,4707889088,NA,"yes"
NA,"World","Live animals","Stocks","An",2010,4711046952,NA,"yes"
NA,"World","Live animals","Stocks","An",2011,4751957225,NA,"yes"
NA,"World","Live animals","Stocks","An",2012,4813919201,NA,"yes"
NA,"World","Live animals","Stocks","An",2013,4868615949,NA,"yes"
NA,"World","Live animals","Stocks","An",2014,4904619137,NA,"yes"
NA,"World","Live animals","Stocks","An",2015,4971989776,NA,"yes"
NA,"World","Live animals","Stocks","An",2016,5026181818,NA,"yes"
NA,"World","Live animals","Stocks","An",2017,5051532752,NA,"yes"
NA,"World","Live animals","Stocks","An",2018,5062014820,NA,"yes"
NA,"World","Live animals","Stocks","An",2019,5028270562,NA,"yes"
NA,"World","Live animals","Stocks","An",2020,5204315030,NA,"yes"
NA,"World","Live animals","Stocks","An",2021,5294468711,NA,"yes"
NA,"World","Live animals","Stocks","An",2022,5356624366,NA,"yes"
NA,"World","Live animals","Stocks","An",2023,5369610476,NA,"yes"
NA,"World","Live animals","Stocks","No",1992,67937735,NA,"yes"
NA,"World","Live animals","Stocks","No",1993,67129907,NA,"yes"
NA,"World","Live animals","Stocks","No",1994,66434540,NA,"yes"
NA,"World","Live animals","Stocks","No",1995,66439818,NA,"yes"
NA,"World","Live animals","Stocks","No",1996,66338520,NA,"yes"
NA,"World","Live animals","Stocks","No",1997,66231605,NA,"yes"
NA,"World","Live animals","Stocks","No",1998,66897680,NA,"yes"
NA,"World","Live animals","Stocks","No",1999,67478789,NA,"yes"
NA,"World","Live animals","Stocks","No",2000,69705264,NA,"yes"
NA,"World","Live animals","Stocks","No",2001,70820709,NA,"yes"
NA,"World","Live animals","Stocks","No",2002,72285704,NA,"yes"
NA,"World","Live animals","Stocks","No",2003,72476354,NA,"yes"
NA,"World","Live animals","Stocks","No",2004,73425966,NA,"yes"
NA,"World","Live animals","Stocks","No",2005,74715060,NA,"yes"
NA,"World","Live animals","Stocks","No",2006,76016588,NA,"yes"
NA,"World","Live animals","Stocks","No",2007,75490484,NA,"yes"
NA,"World","Live animals","Stocks","No",2008,77127207,NA,"yes"
NA,"World","Live animals","Stocks","No",2009,78018504,NA,"yes"
NA,"World","Live animals","Stocks","No",2010,80649668,NA,"yes"
NA,"World","Live animals","Stocks","No",2011,81404603,NA,"yes"
NA,"World","Live animals","Stocks","No",2012,84103396,NA,"yes"
NA,"World","Live animals","Stocks","No",2013,85966406,NA,"yes"
NA,"World","Live animals","Stocks","No",2014,88661694,NA,"yes"
NA,"World","Live animals","Stocks","No",2015,90656186,NA,"yes"
NA,"World","Live animals","Stocks","No",2016,91796443,NA,"yes"
NA,"World","Live animals","Stocks","No",2017,93053844,NA,"yes"
NA,"World","Live animals","Stocks","No",2018,96500724,NA,"yes"
NA,"World","Live animals","Stocks","No",2019,97279532,NA,"yes"
NA,"World","Live animals","Stocks","No",2020,99050130,NA,"yes"
NA,"World","Live animals","Stocks","No",2021,99956012,NA,"yes"
NA,"World","Live animals","Stocks","No",2022,101104447,NA,"yes"
NA,"World","Live animals","Stocks","No",2023,102058674,NA,"yes"
NA,"World","Malt liquors and malt","Production","t",1992,113651907.98,NA,"yes"
NA,"World","Malt liquors and malt","Production","t",1993,114382600.23,NA,"yes"
NA,"World","Malt liquors and malt","Production","t",1994,118352566.36,NA,"yes"
NA,"World","Malt liquors and malt","Production","t",1995,121260860.44,NA,"yes"
NA,"World","Malt liquors and malt","Production","t",1996,122268882.44,NA,"yes"
NA,"World","Malt liquors and malt","Production","t",1997,126749477.05,NA,"yes"
NA,"World","Malt liquors and malt","Production","t",1998,128642268.78,NA,"yes"
NA,"World","Malt liquors and malt","Production","t",1999,131433900.12,NA,"yes"
NA,"World","Malt liquors and malt","Production","t",2000,136852793.09,NA,"yes"
NA,"World","Malt liquors and malt","Production","t",2001,140082473.94,NA,"yes"
NA,"World","Malt liquors and malt","Production","t",2002,140490603.35,NA,"yes"
NA,"World","Malt liquors and malt","Production","t",2003,142821769.99,NA,"yes"
NA,"World","Malt liquors and malt","Production","t",2004,151318867.05,NA,"yes"
NA,"World","Malt liquors and malt","Production","t",2005,155677167.32,NA,"yes"
NA,"World","Malt liquors and malt","Production","t",2006,164542487.85,NA,"yes"
NA,"World","Malt liquors and malt","Production","t",2007,172900921.11,NA,"yes"
NA,"World","Malt liquors and malt","Production","t",2008,176791035.4,NA,"yes"
NA,"World","Malt liquors and malt","Production","t",2009,174471985.55,NA,"yes"
NA,"World","Malt liquors and malt","Production","t",2010,178093254.81,NA,"yes"
NA,"World","Malt liquors and malt","Production","t",2011,184573776.42,NA,"yes"
NA,"World","Malt liquors and malt","Production","t",2012,186164528.68,NA,"yes"
NA,"World","Malt liquors and malt","Production","t",2013,186523460.47,NA,"yes"
NA,"World","Malt liquors and malt","Production","t",2014,188975492.07,NA,"yes"
NA,"World","Malt liquors and malt","Production","t",2015,189199279.32,NA,"yes"
NA,"World","Malt liquors and malt","Production","t",2016,190625924.35,NA,"yes"
NA,"World","Malt liquors and malt","Production","t",2017,189480196.71,NA,"yes"
NA,"World","Malt liquors and malt","Production","t",2018,186812329.48,NA,"yes"
NA,"World","Malt liquors and malt","Production","t",2019,188324815.5,NA,"yes"
NA,"World","Malt liquors and malt","Production","t",2020,177736550.34,NA,"yes"
NA,"World","Malt liquors and malt","Production","t",2021,183250348.82,NA,"yes"
NA,"World","Malt liquors and malt","Production","t",2022,185633857.67,NA,"yes"
NA,"World","Malt liquors and malt","Production","t",2023,0,NA,"yes"
NA,"World","Margarine and similar preparations","Production","t",1992,11406030.81,NA,"yes"
NA,"World","Margarine and similar preparations","Production","t",1993,11740290.13,NA,"yes"
NA,"World","Margarine and similar preparations","Production","t",1994,11424279.56,NA,"yes"
NA,"World","Margarine and similar preparations","Production","t",1995,11546798.65,NA,"yes"
NA,"World","Margarine and similar preparations","Production","t",1996,11671632.03,NA,"yes"
NA,"World","Margarine and similar preparations","Production","t",1997,11693610.61,NA,"yes"
NA,"World","Margarine and similar preparations","Production","t",1998,11615542.47,NA,"yes"
NA,"World","Margarine and similar preparations","Production","t",1999,12263067.53,NA,"yes"
NA,"World","Margarine and similar preparations","Production","t",2000,12679095.51,NA,"yes"
NA,"World","Margarine and similar preparations","Production","t",2001,14133331.09,NA,"yes"
NA,"World","Margarine and similar preparations","Production","t",2002,14401878.34,NA,"yes"
NA,"World","Margarine and similar preparations","Production","t",2003,14386573.92,NA,"yes"
NA,"World","Margarine and similar preparations","Production","t",2004,14929650.56,NA,"yes"
NA,"World","Margarine and similar preparations","Production","t",2005,14880520.7,NA,"yes"
NA,"World","Margarine and similar preparations","Production","t",2006,14556485.75,NA,"yes"
NA,"World","Margarine and similar preparations","Production","t",2007,14949389.98,NA,"yes"
NA,"World","Margarine and similar preparations","Production","t",2008,14473129.84,NA,"yes"
NA,"World","Margarine and similar preparations","Production","t",2009,14130819.67,NA,"yes"
NA,"World","Margarine and similar preparations","Production","t",2010,13352189.16,NA,"yes"
NA,"World","Margarine and similar preparations","Production","t",2011,13099928.07,NA,"yes"
NA,"World","Margarine and similar preparations","Production","t",2012,13169853.77,NA,"yes"
NA,"World","Margarine and similar preparations","Production","t",2013,13382596.67,NA,"yes"
NA,"World","Margarine and similar preparations","Production","t",2014,13769598.22,NA,"yes"
NA,"World","Margarine and similar preparations","Production","t",2015,14268153.28,NA,"yes"
NA,"World","Margarine and similar preparations","Production","t",2016,14102199.15,NA,"yes"
NA,"World","Margarine and similar preparations","Production","t",2017,14833352.39,NA,"yes"
NA,"World","Margarine and similar preparations","Production","t",2018,14779686.34,NA,"yes"
NA,"World","Margarine and similar preparations","Production","t",2019,14657627.84,NA,"yes"
NA,"World","Margarine and similar preparations","Production","t",2020,14430488.17,NA,"yes"
NA,"World","Margarine and similar preparations","Production","t",2021,14204825.31,NA,"yes"
NA,"World","Margarine and similar preparations","Production","t",2022,13964943.23,NA,"yes"
NA,"World","Margarine and similar preparations","Production","t",2023,0,NA,"yes"
NA,"World","Meat and meat products","Production","t",1992,200815840.47,NA,"yes"
NA,"World","Meat and meat products","Production","t",1993,205317107.43,NA,"yes"
NA,"World","Meat and meat products","Production","t",1994,212205866.39000002,NA,"yes"
NA,"World","Meat and meat products","Production","t",1995,222135659.44,NA,"yes"
NA,"World","Meat and meat products","Production","t",1996,219831377.08,NA,"yes"
NA,"World","Meat and meat products","Production","t",1997,229609247.22,NA,"yes"
NA,"World","Meat and meat products","Production","t",1998,238566452.92,NA,"yes"
NA,"World","Meat and meat products","Production","t",1999,245513888.07,NA,"yes"
NA,"World","Meat and meat products","Production","t",2000,247904287.19,NA,"yes"
NA,"World","Meat and meat products","Production","t",2001,252043371.60999998,NA,"yes"
NA,"World","Meat and meat products","Production","t",2002,259386036.53,NA,"yes"
NA,"World","Meat and meat products","Production","t",2003,265171249.95000002,NA,"yes"
NA,"World","Meat and meat products","Production","t",2004,271283286.68,NA,"yes"
NA,"World","Meat and meat products","Production","t",2005,277685502.51,NA,"yes"
NA,"World","Meat and meat products","Production","t",2006,284098567.52,NA,"yes"
NA,"World","Meat and meat products","Production","t",2007,290715534.3,NA,"yes"
NA,"World","Meat and meat products","Production","t",2008,299975608.91,NA,"yes"
NA,"World","Meat and meat products","Production","t",2009,305904290.16,NA,"yes"
NA,"World","Meat and meat products","Production","t",2010,313941006.26,NA,"yes"
NA,"World","Meat and meat products","Production","t",2011,318966530.12,NA,"yes"
NA,"World","Meat and meat products","Production","t",2012,327476827.82,NA,"yes"
NA,"World","Meat and meat products","Production","t",2013,334664329.61,NA,"yes"
NA,"World","Meat and meat products","Production","t",2014,341235469.16,NA,"yes"
NA,"World","Meat and meat products","Production","t",2015,348795679.76,NA,"yes"
NA,"World","Meat and meat products","Production","t",2016,352144057.84,NA,"yes"
NA,"World","Meat and meat products","Production","t",2017,358496445.73,NA,"yes"
NA,"World","Meat and meat products","Production","t",2018,364191467.59,NA,"yes"
NA,"World","Meat and meat products","Production","t",2019,360192128.17,NA,"yes"
NA,"World","Meat and meat products","Production","t",2020,361328788.88,NA,"yes"
NA,"World","Meat and meat products","Production","t",2021,377728571.82,NA,"yes"
NA,"World","Meat and meat products","Production","t",2022,385370202.67,NA,"yes"
NA,"World","Meat and meat products","Production","t",2023,392640474.77,NA,"yes"
NA,"World","Natural textile fibres prepared for spinning","Production","t",1992,95255.41,NA,"yes"
NA,"World","Natural textile fibres prepared for spinning","Production","t",1993,102626.01,NA,"yes"
NA,"World","Natural textile fibres prepared for spinning","Production","t",1994,108887.4,NA,"yes"
NA,"World","Natural textile fibres prepared for spinning","Production","t",1995,105399.76,NA,"yes"
NA,"World","Natural textile fibres prepared for spinning","Production","t",1996,74849.33,NA,"yes"
NA,"World","Natural textile fibres prepared for spinning","Production","t",1997,72660.83,NA,"yes"
NA,"World","Natural textile fibres prepared for spinning","Production","t",1998,89808.42,NA,"yes"
NA,"World","Natural textile fibres prepared for spinning","Production","t",1999,92108.93,NA,"yes"
NA,"World","Natural textile fibres prepared for spinning","Production","t",2000,99905.08,NA,"yes"
NA,"World","Natural textile fibres prepared for spinning","Production","t",2001,117878.8,NA,"yes"
NA,"World","Natural textile fibres prepared for spinning","Production","t",2002,125662.34,NA,"yes"
NA,"World","Natural textile fibres prepared for spinning","Production","t",2003,120151.24,NA,"yes"
NA,"World","Natural textile fibres prepared for spinning","Production","t",2004,130329.83,NA,"yes"
NA,"World","Natural textile fibres prepared for spinning","Production","t",2005,138029.05,NA,"yes"
NA,"World","Natural textile fibres prepared for spinning","Production","t",2006,150556.52,NA,"yes"
NA,"World","Natural textile fibres prepared for spinning","Production","t",2007,153079.83,NA,"yes"
NA,"World","Natural textile fibres prepared for spinning","Production","t",2008,153449.76,NA,"yes"
NA,"World","Natural textile fibres prepared for spinning","Production","t",2009,155152.23,NA,"yes"
NA,"World","Natural textile fibres prepared for spinning","Production","t",2010,140963.25,NA,"yes"
NA,"World","Natural textile fibres prepared for spinning","Production","t",2011,130543.83,NA,"yes"
NA,"World","Natural textile fibres prepared for spinning","Production","t",2012,155175.93,NA,"yes"
NA,"World","Natural textile fibres prepared for spinning","Production","t",2013,159679.95,NA,"yes"
NA,"World","Natural textile fibres prepared for spinning","Production","t",2014,191067.21,NA,"yes"
NA,"World","Natural textile fibres prepared for spinning","Production","t",2015,204642.87,NA,"yes"
NA,"World","Natural textile fibres prepared for spinning","Production","t",2016,193047.49,NA,"yes"
NA,"World","Natural textile fibres prepared for spinning","Production","t",2017,178314.58,NA,"yes"
NA,"World","Natural textile fibres prepared for spinning","Production","t",2018,156543.75,NA,"yes"
NA,"World","Natural textile fibres prepared for spinning","Production","t",2019,108803.15,NA,"yes"
NA,"World","Natural textile fibres prepared for spinning","Production","t",2020,94077.28,NA,"yes"
NA,"World","Natural textile fibres prepared for spinning","Production","t",2021,85403.38,NA,"yes"
NA,"World","Natural textile fibres prepared for spinning","Production","t",2022,91415.12,NA,"yes"
NA,"World","Natural textile fibres prepared for spinning","Production","t",2023,0,NA,"yes"
NA,"World","Non-wood forest products","Production","t",1992,0,NA,"yes"
NA,"World","Non-wood forest products","Production","t",1993,0,NA,"yes"
NA,"World","Non-wood forest products","Production","t",1994,0,NA,"yes"
NA,"World","Non-wood forest products","Production","t",1995,0,NA,"yes"
NA,"World","Non-wood forest products","Production","t",1996,0,NA,"yes"
NA,"World","Non-wood forest products","Production","t",1997,0,NA,"yes"
NA,"World","Non-wood forest products","Production","t",1998,0,NA,"yes"
NA,"World","Non-wood forest products","Production","t",1999,0,NA,"yes"
NA,"World","Non-wood forest products","Production","t",2000,0,NA,"yes"
NA,"World","Non-wood forest products","Production","t",2001,0,NA,"yes"
NA,"World","Non-wood forest products","Production","t",2002,0,NA,"yes"
NA,"World","Non-wood forest products","Production","t",2003,0,NA,"yes"
NA,"World","Non-wood forest products","Production","t",2004,0,NA,"yes"
NA,"World","Non-wood forest products","Production","t",2005,0,NA,"yes"
NA,"World","Non-wood forest products","Production","t",2006,0,NA,"yes"
NA,"World","Non-wood forest products","Production","t",2007,0,NA,"yes"
NA,"World","Non-wood forest products","Production","t",2008,0,NA,"yes"
NA,"World","Non-wood forest products","Production","t",2009,0,NA,"yes"
NA,"World","Non-wood forest products","Production","t",2010,0,NA,"yes"
NA,"World","Non-wood forest products","Production","t",2011,0,NA,"yes"
NA,"World","Non-wood forest products","Production","t",2012,0,NA,"yes"
NA,"World","Non-wood forest products","Production","t",2013,0,NA,"yes"
NA,"World","Non-wood forest products","Production","t",2014,0,NA,"yes"
NA,"World","Non-wood forest products","Production","t",2015,0,NA,"yes"
NA,"World","Non-wood forest products","Production","t",2016,0,NA,"yes"
NA,"World","Non-wood forest products","Production","t",2017,0,NA,"yes"
NA,"World","Non-wood forest products","Production","t",2018,0,NA,"yes"
NA,"World","Non-wood forest products","Production","t",2019,0,NA,"yes"
NA,"World","Non-wood forest products","Production","t",2020,0,NA,"yes"
NA,"World","Non-wood forest products","Production","t",2021,0,NA,"yes"
NA,"World","Non-wood forest products","Production","t",2022,0,NA,"yes"
NA,"World","Non-wood forest products","Production","t",2023,0,NA,"yes"
NA,"World","Oilseeds and oleaginous fruits","Area harvested","ha",1992,156699718,NA,"yes"
NA,"World","Oilseeds and oleaginous fruits","Area harvested","ha",1993,161505421,NA,"yes"
NA,"World","Oilseeds and oleaginous fruits","Area harvested","ha",1994,168689765,NA,"yes"
NA,"World","Oilseeds and oleaginous fruits","Area harvested","ha",1995,173166711,NA,"yes"
NA,"World","Oilseeds and oleaginous fruits","Area harvested","ha",1996,170387045,NA,"yes"
NA,"World","Oilseeds and oleaginous fruits","Area harvested","ha",1997,175255964,NA,"yes"
NA,"World","Oilseeds and oleaginous fruits","Area harvested","ha",1998,184265376,NA,"yes"
NA,"World","Oilseeds and oleaginous fruits","Area harvested","ha",1999,192337109,NA,"yes"
NA,"World","Oilseeds and oleaginous fruits","Area harvested","ha",2000,192160146,NA,"yes"
NA,"World","Oilseeds and oleaginous fruits","Area harvested","ha",2001,187521810,NA,"yes"
NA,"World","Oilseeds and oleaginous fruits","Area harvested","ha",2002,191076345,NA,"yes"
NA,"World","Oilseeds and oleaginous fruits","Area harvested","ha",2003,202888221,NA,"yes"
NA,"World","Oilseeds and oleaginous fruits","Area harvested","ha",2004,212374743,NA,"yes"
NA,"World","Oilseeds and oleaginous fruits","Area harvested","ha",2005,219666362,NA,"yes"
NA,"World","Oilseeds and oleaginous fruits","Area harvested","ha",2006,220680189,NA,"yes"
NA,"World","Oilseeds and oleaginous fruits","Area harvested","ha",2007,216444704,NA,"yes"
NA,"World","Oilseeds and oleaginous fruits","Area harvested","ha",2008,230197417,NA,"yes"
NA,"World","Oilseeds and oleaginous fruits","Area harvested","ha",2009,234843885,NA,"yes"
NA,"World","Oilseeds and oleaginous fruits","Area harvested","ha",2010,240904855,NA,"yes"
NA,"World","Oilseeds and oleaginous fruits","Area harvested","ha",2011,246991312,NA,"yes"
NA,"World","Oilseeds and oleaginous fruits","Area harvested","ha",2012,251251850,NA,"yes"
NA,"World","Oilseeds and oleaginous fruits","Area harvested","ha",2013,262299015,NA,"yes"
NA,"World","Oilseeds and oleaginous fruits","Area harvested","ha",2014,269800123,NA,"yes"
NA,"World","Oilseeds and oleaginous fruits","Area harvested","ha",2015,270906696,NA,"yes"
NA,"World","Oilseeds and oleaginous fruits","Area harvested","ha",2016,276222024,NA,"yes"
NA,"World","Oilseeds and oleaginous fruits","Area harvested","ha",2017,285709893,NA,"yes"
NA,"World","Oilseeds and oleaginous fruits","Area harvested","ha",2018,290596434,NA,"yes"
NA,"World","Oilseeds and oleaginous fruits","Area harvested","ha",2019,286283662,NA,"yes"
NA,"World","Oilseeds and oleaginous fruits","Area harvested","ha",2020,296926692,NA,"yes"
NA,"World","Oilseeds and oleaginous fruits","Area harvested","ha",2021,305198672,NA,"yes"
NA,"World","Oilseeds and oleaginous fruits","Area harvested","ha",2022,311298967,NA,"yes"
NA,"World","Oilseeds and oleaginous fruits","Area harvested","ha",2023,318286223,NA,"yes"
NA,"World","Oilseeds and oleaginous fruits","Production","t",1992,359572527.56,NA,"yes"
NA,"World","Oilseeds and oleaginous fruits","Production","t",1993,370603791.46,NA,"yes"
NA,"World","Oilseeds and oleaginous fruits","Production","t",1994,408790972.84,NA,"yes"
NA,"World","Oilseeds and oleaginous fruits","Production","t",1995,417892182.17,NA,"yes"
NA,"World","Oilseeds and oleaginous fruits","Production","t",1996,427531372.19,NA,"yes"
NA,"World","Oilseeds and oleaginous fruits","Production","t",1997,448522787.64,NA,"yes"
NA,"World","Oilseeds and oleaginous fruits","Production","t",1998,467568588.03000003,NA,"yes"
NA,"World","Oilseeds and oleaginous fruits","Production","t",1999,492001931.88,NA,"yes"
NA,"World","Oilseeds and oleaginous fruits","Production","t",2000,503316634.23,NA,"yes"
NA,"World","Oilseeds and oleaginous fruits","Production","t",2001,523413323.9,NA,"yes"
NA,"World","Oilseeds and oleaginous fruits","Production","t",2002,531772884.84,NA,"yes"
NA,"World","Oilseeds and oleaginous fruits","Production","t",2003,569860841.79,NA,"yes"
NA,"World","Oilseeds and oleaginous fruits","Production","t",2004,617732434.41,NA,"yes"
NA,"World","Oilseeds and oleaginous fruits","Production","t",2005,653767564.97,NA,"yes"
NA,"World","Oilseeds and oleaginous fruits","Production","t",2006,678177701.97,NA,"yes"
NA,"World","Oilseeds and oleaginous fruits","Production","t",2007,678064207.23,NA,"yes"
NA,"World","Oilseeds and oleaginous fruits","Production","t",2008,723174873.9499999,NA,"yes"
NA,"World","Oilseeds and oleaginous fruits","Production","t",2009,718481965.63,NA,"yes"
NA,"World","Oilseeds and oleaginous fruits","Production","t",2010,788832250,NA,"yes"
NA,"World","Oilseeds and oleaginous fruits","Production","t",2011,821753031.67,NA,"yes"
NA,"World","Oilseeds and oleaginous fruits","Production","t",2012,818360840.5500001,NA,"yes"
NA,"World","Oilseeds and oleaginous fruits","Production","t",2013,888461121.22,NA,"yes"
NA,"World","Oilseeds and oleaginous fruits","Production","t",2014,921923081.34,NA,"yes"
NA,"World","Oilseeds and oleaginous fruits","Production","t",2015,946458901.4499999,NA,"yes"
NA,"World","Oilseeds and oleaginous fruits","Production","t",2016,954029082.3199999,NA,"yes"
NA,"World","Oilseeds and oleaginous fruits","Production","t",2017,1049008945.5,NA,"yes"
NA,"World","Oilseeds and oleaginous fruits","Production","t",2018,1061901223.32,NA,"yes"
NA,"World","Oilseeds and oleaginous fruits","Production","t",2019,1063053603.3299999,NA,"yes"
NA,"World","Oilseeds and oleaginous fruits","Production","t",2020,1088075850.18,NA,"yes"
NA,"World","Oilseeds and oleaginous fruits","Production","t",2021,1137712526.74,NA,"yes"
NA,"World","Oilseeds and oleaginous fruits","Production","t",2022,1119562864.92,NA,"yes"
NA,"World","Oilseeds and oleaginous fruits","Production","t",2023,1089338322.8899999,NA,"yes"
NA,"World","Oilseeds and oleaginous fruits","Yield","kg/ha",1992,35911.2,NA,"yes"
NA,"World","Oilseeds and oleaginous fruits","Yield","kg/ha",1993,36888.6,NA,"yes"
NA,"World","Oilseeds and oleaginous fruits","Yield","kg/ha",1994,38022.4,NA,"yes"
NA,"World","Oilseeds and oleaginous fruits","Yield","kg/ha",1995,38438.8,NA,"yes"
NA,"World","Oilseeds and oleaginous fruits","Yield","kg/ha",1996,39219.5,NA,"yes"
NA,"World","Oilseeds and oleaginous fruits","Yield","kg/ha",1997,40106.7,NA,"yes"
NA,"World","Oilseeds and oleaginous fruits","Yield","kg/ha",1998,39493.6,NA,"yes"
NA,"World","Oilseeds and oleaginous fruits","Yield","kg/ha",1999,40425.7,NA,"yes"
NA,"World","Oilseeds and oleaginous fruits","Yield","kg/ha",2000,41117.6,NA,"yes"
NA,"World","Oilseeds and oleaginous fruits","Yield","kg/ha",2001,40480.4,NA,"yes"
NA,"World","Oilseeds and oleaginous fruits","Yield","kg/ha",2002,40016.8,NA,"yes"
NA,"World","Oilseeds and oleaginous fruits","Yield","kg/ha",2003,42036.8,NA,"yes"
NA,"World","Oilseeds and oleaginous fruits","Yield","kg/ha",2004,43098.5,NA,"yes"
NA,"World","Oilseeds and oleaginous fruits","Yield","kg/ha",2005,43127,NA,"yes"
NA,"World","Oilseeds and oleaginous fruits","Yield","kg/ha",2006,44006.4,NA,"yes"
NA,"World","Oilseeds and oleaginous fruits","Yield","kg/ha",2007,42856.2,NA,"yes"
NA,"World","Oilseeds and oleaginous fruits","Yield","kg/ha",2008,44038,NA,"yes"
NA,"World","Oilseeds and oleaginous fruits","Yield","kg/ha",2009,43396.8,NA,"yes"
NA,"World","Oilseeds and oleaginous fruits","Yield","kg/ha",2010,44253.6,NA,"yes"
NA,"World","Oilseeds and oleaginous fruits","Yield","kg/ha",2011,45594.5,NA,"yes"
NA,"World","Oilseeds and oleaginous fruits","Yield","kg/ha",2012,44827.3,NA,"yes"
NA,"World","Oilseeds and oleaginous fruits","Yield","kg/ha",2013,46046.2,NA,"yes"
NA,"World","Oilseeds and oleaginous fruits","Yield","kg/ha",2014,45899,NA,"yes"
NA,"World","Oilseeds and oleaginous fruits","Yield","kg/ha",2015,45789.5,NA,"yes"
NA,"World","Oilseeds and oleaginous fruits","Yield","kg/ha",2016,44794.2,NA,"yes"
NA,"World","Oilseeds and oleaginous fruits","Yield","kg/ha",2017,46196.1,NA,"yes"
NA,"World","Oilseeds and oleaginous fruits","Yield","kg/ha",2018,46522.4,NA,"yes"
NA,"World","Oilseeds and oleaginous fruits","Yield","kg/ha",2019,46713,NA,"yes"
NA,"World","Oilseeds and oleaginous fruits","Yield","kg/ha",2020,46649,NA,"yes"
NA,"World","Oilseeds and oleaginous fruits","Yield","kg/ha",2021,47260.2,NA,"yes"
NA,"World","Oilseeds and oleaginous fruits","Yield","kg/ha",2022,46557.200000000004,NA,"yes"
NA,"World","Oilseeds and oleaginous fruits","Yield","kg/ha",2023,46217.4,NA,"yes"
NA,"World","Other animal products","Production","t",1992,12951380.09,NA,"yes"
NA,"World","Other animal products","Production","t",1993,12784475.62,NA,"yes"
NA,"World","Other animal products","Production","t",1994,12780813.46,NA,"yes"
NA,"World","Other animal products","Production","t",1995,12821927.799999999,NA,"yes"
NA,"World","Other animal products","Production","t",1996,12555384.229999999,NA,"yes"
NA,"World","Other animal products","Production","t",1997,12913242.42,NA,"yes"
NA,"World","Other animal products","Production","t",1998,13069703.3,NA,"yes"
NA,"World","Other animal products","Production","t",1999,13442414.11,NA,"yes"
NA,"World","Other animal products","Production","t",2000,13581313.09,NA,"yes"
NA,"World","Other animal products","Production","t",2001,13520179,NA,"yes"
NA,"World","Other animal products","Production","t",2002,13787850.99,NA,"yes"
NA,"World","Other animal products","Production","t",2003,13970240.71,NA,"yes"
NA,"World","Other animal products","Production","t",2004,14428570.82,NA,"yes"
NA,"World","Other animal products","Production","t",2005,14699831.64,NA,"yes"
NA,"World","Other animal products","Production","t",2006,15163258.23,NA,"yes"
NA,"World","Other animal products","Production","t",2007,15443906.73,NA,"yes"
NA,"World","Other animal products","Production","t",2008,15471312.04,NA,"yes"
NA,"World","Other animal products","Production","t",2009,15634627.06,NA,"yes"
NA,"World","Other animal products","Production","t",2010,15643225.49,NA,"yes"
NA,"World","Other animal products","Production","t",2011,15787668.75,NA,"yes"
NA,"World","Other animal products","Production","t",2012,15923978.62,NA,"yes"
NA,"World","Other animal products","Production","t",2013,16312291.11,NA,"yes"
NA,"World","Other animal products","Production","t",2014,16645766.07,NA,"yes"
NA,"World","Other animal products","Production","t",2015,16815802.99,NA,"yes"
NA,"World","Other animal products","Production","t",2016,16898201.33,NA,"yes"
NA,"World","Other animal products","Production","t",2017,17108247.54,NA,"yes"
NA,"World","Other animal products","Production","t",2018,17114197.48,NA,"yes"
NA,"World","Other animal products","Production","t",2019,17213888.69,NA,"yes"
NA,"World","Other animal products","Production","t",2020,17076830.1,NA,"yes"
NA,"World","Other animal products","Production","t",2021,17297398.77,NA,"yes"
NA,"World","Other animal products","Production","t",2022,17677057.77,NA,"yes"
NA,"World","Other animal products","Production","t",2023,17980999.27,NA,"yes"
NA,"World","Other dairy products","Production","t",1992,31158282.31,NA,"yes"
NA,"World","Other dairy products","Production","t",1993,31109064.58,NA,"yes"
NA,"World","Other dairy products","Production","t",1994,31173857.91,NA,"yes"
NA,"World","Other dairy products","Production","t",1995,31159262.61,NA,"yes"
NA,"World","Other dairy products","Production","t",1996,31247275.04,NA,"yes"
NA,"World","Other dairy products","Production","t",1997,31789839.4,NA,"yes"
NA,"World","Other dairy products","Production","t",1998,32077134.259999998,NA,"yes"
NA,"World","Other dairy products","Production","t",1999,32939216.74,NA,"yes"
NA,"World","Other dairy products","Production","t",2000,33675384.34,NA,"yes"
NA,"World","Other dairy products","Production","t",2001,34662597.480000004,NA,"yes"
NA,"World","Other dairy products","Production","t",2002,36008913.81,NA,"yes"
NA,"World","Other dairy products","Production","t",2003,35834763.07,NA,"yes"
NA,"World","Other dairy products","Production","t",2004,36440042.269999996,NA,"yes"
NA,"World","Other dairy products","Production","t",2005,37442844.35,NA,"yes"
NA,"World","Other dairy products","Production","t",2006,37865923.24,NA,"yes"
NA,"World","Other dairy products","Production","t",2007,38816572.77,NA,"yes"
NA,"World","Other dairy products","Production","t",2008,39708271.76,NA,"yes"
NA,"World","Other dairy products","Production","t",2009,40096252.88,NA,"yes"
NA,"World","Other dairy products","Production","t",2010,45259007.55,NA,"yes"
NA,"World","Other dairy products","Production","t",2011,46076968.46,NA,"yes"
NA,"World","Other dairy products","Production","t",2012,48389704.28,NA,"yes"
NA,"World","Other dairy products","Production","t",2013,49014352.2,NA,"yes"
NA,"World","Other dairy products","Production","t",2014,52140609.449999996,NA,"yes"
NA,"World","Other dairy products","Production","t",2015,53026452.71,NA,"yes"
NA,"World","Other dairy products","Production","t",2016,53388574.03,NA,"yes"
NA,"World","Other dairy products","Production","t",2017,54317877.05,NA,"yes"
NA,"World","Other dairy products","Production","t",2018,55141801.86,NA,"yes"
NA,"World","Other dairy products","Production","t",2019,57131465.21,NA,"yes"
NA,"World","Other dairy products","Production","t",2020,58601199.94,NA,"yes"
NA,"World","Other dairy products","Production","t",2021,59295294.1,NA,"yes"
NA,"World","Other dairy products","Production","t",2022,58915019.35,NA,"yes"
NA,"World","Other dairy products","Production","t",2023,0,NA,"yes"
NA,"World","Processed liquid milk, cream and whey","Production","t",1992,126874955.5,NA,"yes"
NA,"World","Processed liquid milk, cream and whey","Production","t",1993,126275001.28,NA,"yes"
NA,"World","Processed liquid milk, cream and whey","Production","t",1994,117460092.98,NA,"yes"
NA,"World","Processed liquid milk, cream and whey","Production","t",1995,114635247.88000001,NA,"yes"
NA,"World","Processed liquid milk, cream and whey","Production","t",1996,110865692.28,NA,"yes"
NA,"World","Processed liquid milk, cream and whey","Production","t",1997,111717939.85,NA,"yes"
NA,"World","Processed liquid milk, cream and whey","Production","t",1998,111447571.2,NA,"yes"
NA,"World","Processed liquid milk, cream and whey","Production","t",1999,114312861.06,NA,"yes"
NA,"World","Processed liquid milk, cream and whey","Production","t",2000,114988156.84,NA,"yes"
NA,"World","Processed liquid milk, cream and whey","Production","t",2001,115212984.49,NA,"yes"
NA,"World","Processed liquid milk, cream and whey","Production","t",2002,118985294.89999999,NA,"yes"
NA,"World","Processed liquid milk, cream and whey","Production","t",2003,120428123.62,NA,"yes"
NA,"World","Processed liquid milk, cream and whey","Production","t",2004,120163400.09,NA,"yes"
NA,"World","Processed liquid milk, cream and whey","Production","t",2005,121792734.53,NA,"yes"
NA,"World","Processed liquid milk, cream and whey","Production","t",2006,122748974.63,NA,"yes"
NA,"World","Processed liquid milk, cream and whey","Production","t",2007,124375259.4,NA,"yes"
NA,"World","Processed liquid milk, cream and whey","Production","t",2008,124953691.96,NA,"yes"
NA,"World","Processed liquid milk, cream and whey","Production","t",2009,123619229.03999999,NA,"yes"
NA,"World","Processed liquid milk, cream and whey","Production","t",2010,128611641.47,NA,"yes"
NA,"World","Processed liquid milk, cream and whey","Production","t",2011,131534653.35000001,NA,"yes"
NA,"World","Processed liquid milk, cream and whey","Production","t",2012,137719766.66,NA,"yes"
NA,"World","Processed liquid milk, cream and whey","Production","t",2013,137148480.83,NA,"yes"
NA,"World","Processed liquid milk, cream and whey","Production","t",2014,140849049.17,NA,"yes"
NA,"World","Processed liquid milk, cream and whey","Production","t",2015,141471362.31,NA,"yes"
NA,"World","Processed liquid milk, cream and whey","Production","t",2016,143500808.65,NA,"yes"
NA,"World","Processed liquid milk, cream and whey","Production","t",2017,145158722.17000002,NA,"yes"
NA,"World","Processed liquid milk, cream and whey","Production","t",2018,146821672.5,NA,"yes"
NA,"World","Processed liquid milk, cream and whey","Production","t",2019,141726227.04,NA,"yes"
NA,"World","Processed liquid milk, cream and whey","Production","t",2020,142587638.76000002,NA,"yes"
NA,"World","Processed liquid milk, cream and whey","Production","t",2021,145604943.68,NA,"yes"
NA,"World","Processed liquid milk, cream and whey","Production","t",2022,144479033.42000002,NA,"yes"
NA,"World","Processed liquid milk, cream and whey","Production","t",2023,0,NA,"yes"
NA,"World","Pulses (dried leguminous vegetables)","Area harvested","ha",1992,68961191,NA,"yes"
NA,"World","Pulses (dried leguminous vegetables)","Area harvested","ha",1993,67907996,NA,"yes"
NA,"World","Pulses (dried leguminous vegetables)","Area harvested","ha",1994,69659220,NA,"yes"
NA,"World","Pulses (dried leguminous vegetables)","Area harvested","ha",1995,70737608,NA,"yes"
NA,"World","Pulses (dried leguminous vegetables)","Area harvested","ha",1996,69694016,NA,"yes"
NA,"World","Pulses (dried leguminous vegetables)","Area harvested","ha",1997,68938385,NA,"yes"
NA,"World","Pulses (dried leguminous vegetables)","Area harvested","ha",1998,69906248,NA,"yes"
NA,"World","Pulses (dried leguminous vegetables)","Area harvested","ha",1999,68213499,NA,"yes"
NA,"World","Pulses (dried leguminous vegetables)","Area harvested","ha",2000,66263487,NA,"yes"
NA,"World","Pulses (dried leguminous vegetables)","Area harvested","ha",2001,67683851,NA,"yes"
NA,"World","Pulses (dried leguminous vegetables)","Area harvested","ha",2002,71694474,NA,"yes"
NA,"World","Pulses (dried leguminous vegetables)","Area harvested","ha",2003,72239723,NA,"yes"
NA,"World","Pulses (dried leguminous vegetables)","Area harvested","ha",2004,70744126,NA,"yes"
NA,"World","Pulses (dried leguminous vegetables)","Area harvested","ha",2005,71466149,NA,"yes"
NA,"World","Pulses (dried leguminous vegetables)","Area harvested","ha",2006,73434841,NA,"yes"
NA,"World","Pulses (dried leguminous vegetables)","Area harvested","ha",2007,75819695,NA,"yes"
NA,"World","Pulses (dried leguminous vegetables)","Area harvested","ha",2008,73507803,NA,"yes"
NA,"World","Pulses (dried leguminous vegetables)","Area harvested","ha",2009,70020355,NA,"yes"
NA,"World","Pulses (dried leguminous vegetables)","Area harvested","ha",2010,79469629,NA,"yes"
NA,"World","Pulses (dried leguminous vegetables)","Area harvested","ha",2011,79395599,NA,"yes"
NA,"World","Pulses (dried leguminous vegetables)","Area harvested","ha",2012,79720692,NA,"yes"
NA,"World","Pulses (dried leguminous vegetables)","Area harvested","ha",2013,80343826,NA,"yes"
NA,"World","Pulses (dried leguminous vegetables)","Area harvested","ha",2014,83495698,NA,"yes"
NA,"World","Pulses (dried leguminous vegetables)","Area harvested","ha",2015,82594778,NA,"yes"
NA,"World","Pulses (dried leguminous vegetables)","Area harvested","ha",2016,90423069,NA,"yes"
NA,"World","Pulses (dried leguminous vegetables)","Area harvested","ha",2017,97309539,NA,"yes"
NA,"World","Pulses (dried leguminous vegetables)","Area harvested","ha",2018,96387909,NA,"yes"
NA,"World","Pulses (dried leguminous vegetables)","Area harvested","ha",2019,89980953,NA,"yes"
NA,"World","Pulses (dried leguminous vegetables)","Area harvested","ha",2020,91754768,NA,"yes"
NA,"World","Pulses (dried leguminous vegetables)","Area harvested","ha",2021,95307532,NA,"yes"
NA,"World","Pulses (dried leguminous vegetables)","Area harvested","ha",2022,97088288,NA,"yes"
NA,"World","Pulses (dried leguminous vegetables)","Area harvested","ha",2023,96648153,NA,"yes"
NA,"World","Pulses (dried leguminous vegetables)","Production","t",1992,52970013.16,NA,"yes"
NA,"World","Pulses (dried leguminous vegetables)","Production","t",1993,55601445.69,NA,"yes"
NA,"World","Pulses (dried leguminous vegetables)","Production","t",1994,56988318.79,NA,"yes"
NA,"World","Pulses (dried leguminous vegetables)","Production","t",1995,56508759.44,NA,"yes"
NA,"World","Pulses (dried leguminous vegetables)","Production","t",1996,54299474.58,NA,"yes"
NA,"World","Pulses (dried leguminous vegetables)","Production","t",1997,55553373.66,NA,"yes"
NA,"World","Pulses (dried leguminous vegetables)","Production","t",1998,56458684.339999996,NA,"yes"
NA,"World","Pulses (dried leguminous vegetables)","Production","t",1999,57861873.55,NA,"yes"
NA,"World","Pulses (dried leguminous vegetables)","Production","t",2000,55857436.76,NA,"yes"
NA,"World","Pulses (dried leguminous vegetables)","Production","t",2001,56369679.72,NA,"yes"
NA,"World","Pulses (dried leguminous vegetables)","Production","t",2002,58326090.04,NA,"yes"
NA,"World","Pulses (dried leguminous vegetables)","Production","t",2003,59504133.28,NA,"yes"
NA,"World","Pulses (dried leguminous vegetables)","Production","t",2004,60031770.35,NA,"yes"
NA,"World","Pulses (dried leguminous vegetables)","Production","t",2005,61559347.699999996,NA,"yes"
NA,"World","Pulses (dried leguminous vegetables)","Production","t",2006,61244760.73,NA,"yes"
NA,"World","Pulses (dried leguminous vegetables)","Production","t",2007,62052316.49,NA,"yes"
NA,"World","Pulses (dried leguminous vegetables)","Production","t",2008,63159237.12,NA,"yes"
NA,"World","Pulses (dried leguminous vegetables)","Production","t",2009,64832459.79,NA,"yes"
NA,"World","Pulses (dried leguminous vegetables)","Production","t",2010,71817395.58,NA,"yes"
NA,"World","Pulses (dried leguminous vegetables)","Production","t",2011,70162948.17,NA,"yes"
NA,"World","Pulses (dried leguminous vegetables)","Production","t",2012,74501605.24,NA,"yes"
NA,"World","Pulses (dried leguminous vegetables)","Production","t",2013,78662906.78,NA,"yes"
NA,"World","Pulses (dried leguminous vegetables)","Production","t",2014,76977916.38,NA,"yes"
NA,"World","Pulses (dried leguminous vegetables)","Production","t",2015,76685394.67,NA,"yes"
NA,"World","Pulses (dried leguminous vegetables)","Production","t",2016,84002954.15,NA,"yes"
NA,"World","Pulses (dried leguminous vegetables)","Production","t",2017,94772523.85,NA,"yes"
NA,"World","Pulses (dried leguminous vegetables)","Production","t",2018,91110751.33,NA,"yes"
NA,"World","Pulses (dried leguminous vegetables)","Production","t",2019,85008868.25,NA,"yes"
NA,"World","Pulses (dried leguminous vegetables)","Production","t",2020,91027030.42,NA,"yes"
NA,"World","Pulses (dried leguminous vegetables)","Production","t",2021,89617111.52,NA,"yes"
NA,"World","Pulses (dried leguminous vegetables)","Production","t",2022,96043131.69,NA,"yes"
NA,"World","Pulses (dried leguminous vegetables)","Production","t",2023,94347807.69,NA,"yes"
NA,"World","Pulses (dried leguminous vegetables)","Yield","kg/ha",1992,9543.8,NA,"yes"
NA,"World","Pulses (dried leguminous vegetables)","Yield","kg/ha",1993,10501.7,NA,"yes"
NA,"World","Pulses (dried leguminous vegetables)","Yield","kg/ha",1994,9857.7,NA,"yes"
NA,"World","Pulses (dried leguminous vegetables)","Yield","kg/ha",1995,10392.4,NA,"yes"
NA,"World","Pulses (dried leguminous vegetables)","Yield","kg/ha",1996,10176.6,NA,"yes"
NA,"World","Pulses (dried leguminous vegetables)","Yield","kg/ha",1997,10349,NA,"yes"
NA,"World","Pulses (dried leguminous vegetables)","Yield","kg/ha",1998,10294.5,NA,"yes"
NA,"World","Pulses (dried leguminous vegetables)","Yield","kg/ha",1999,10761.5,NA,"yes"
NA,"World","Pulses (dried leguminous vegetables)","Yield","kg/ha",2000,10365.8,NA,"yes"
NA,"World","Pulses (dried leguminous vegetables)","Yield","kg/ha",2001,10346,NA,"yes"
NA,"World","Pulses (dried leguminous vegetables)","Yield","kg/ha",2002,10132.9,NA,"yes"
NA,"World","Pulses (dried leguminous vegetables)","Yield","kg/ha",2003,10740.5,NA,"yes"
NA,"World","Pulses (dried leguminous vegetables)","Yield","kg/ha",2004,11152.5,NA,"yes"
NA,"World","Pulses (dried leguminous vegetables)","Yield","kg/ha",2005,11568.9,NA,"yes"
NA,"World","Pulses (dried leguminous vegetables)","Yield","kg/ha",2006,10745.5,NA,"yes"
NA,"World","Pulses (dried leguminous vegetables)","Yield","kg/ha",2007,10602.9,NA,"yes"
NA,"World","Pulses (dried leguminous vegetables)","Yield","kg/ha",2008,11338.5,NA,"yes"
NA,"World","Pulses (dried leguminous vegetables)","Yield","kg/ha",2009,11741.5,NA,"yes"
NA,"World","Pulses (dried leguminous vegetables)","Yield","kg/ha",2010,11693,NA,"yes"
NA,"World","Pulses (dried leguminous vegetables)","Yield","kg/ha",2011,11854.9,NA,"yes"
NA,"World","Pulses (dried leguminous vegetables)","Yield","kg/ha",2012,11596.8,NA,"yes"
NA,"World","Pulses (dried leguminous vegetables)","Yield","kg/ha",2013,12806.7,NA,"yes"
NA,"World","Pulses (dried leguminous vegetables)","Yield","kg/ha",2014,12527.5,NA,"yes"
NA,"World","Pulses (dried leguminous vegetables)","Yield","kg/ha",2015,12322.699999999999,NA,"yes"
NA,"World","Pulses (dried leguminous vegetables)","Yield","kg/ha",2016,12550.1,NA,"yes"
NA,"World","Pulses (dried leguminous vegetables)","Yield","kg/ha",2017,13392.6,NA,"yes"
NA,"World","Pulses (dried leguminous vegetables)","Yield","kg/ha",2018,12860.2,NA,"yes"
NA,"World","Pulses (dried leguminous vegetables)","Yield","kg/ha",2019,13040.4,NA,"yes"
NA,"World","Pulses (dried leguminous vegetables)","Yield","kg/ha",2020,13619.9,NA,"yes"
NA,"World","Pulses (dried leguminous vegetables)","Yield","kg/ha",2021,13118.7,NA,"yes"
NA,"World","Pulses (dried leguminous vegetables)","Yield","kg/ha",2022,14093.300000000001,NA,"yes"
NA,"World","Pulses (dried leguminous vegetables)","Yield","kg/ha",2023,13870.8,NA,"yes"
NA,"World","Raw milk","Production","t",1992,523948997.40000004,NA,"yes"
NA,"World","Raw milk","Production","t",1993,526020584.93,NA,"yes"
NA,"World","Raw milk","Production","t",1994,530842624.5,NA,"yes"
NA,"World","Raw milk","Production","t",1995,537770339.1,NA,"yes"
NA,"World","Raw milk","Production","t",1996,545127168.01,NA,"yes"
NA,"World","Raw milk","Production","t",1997,549016509.7,NA,"yes"
NA,"World","Raw milk","Production","t",1998,557951207.98,NA,"yes"
NA,"World","Raw milk","Production","t",1999,569926080.89,NA,"yes"
NA,"World","Raw milk","Production","t",2000,578214314.16,NA,"yes"
NA,"World","Raw milk","Production","t",2001,588523919.71,NA,"yes"
NA,"World","Raw milk","Production","t",2002,603098491.85,NA,"yes"
NA,"World","Raw milk","Production","t",2003,615672374.03,NA,"yes"
NA,"World","Raw milk","Production","t",2004,628925419.04,NA,"yes"
NA,"World","Raw milk","Production","t",2005,648426551.59,NA,"yes"
NA,"World","Raw milk","Production","t",2006,665010468.4200001,NA,"yes"
NA,"World","Raw milk","Production","t",2007,678795803.24,NA,"yes"
NA,"World","Raw milk","Production","t",2008,694273169.8000001,NA,"yes"
NA,"World","Raw milk","Production","t",2009,707471120.98,NA,"yes"
NA,"World","Raw milk","Production","t",2010,724311372.11,NA,"yes"
NA,"World","Raw milk","Production","t",2011,742194485.21,NA,"yes"
NA,"World","Raw milk","Production","t",2012,760701237.53,NA,"yes"
NA,"World","Raw milk","Production","t",2013,771593897.91,NA,"yes"
NA,"World","Raw milk","Production","t",2014,801578764.0300001,NA,"yes"
NA,"World","Raw milk","Production","t",2015,817597881.72,NA,"yes"
NA,"World","Raw milk","Production","t",2016,827403094.1,NA,"yes"
NA,"World","Raw milk","Production","t",2017,850387715.4,NA,"yes"
NA,"World","Raw milk","Production","t",2018,871349642.37,NA,"yes"
NA,"World","Raw milk","Production","t",2019,890461368.6,NA,"yes"
NA,"World","Raw milk","Production","t",2020,920059627.11,NA,"yes"
NA,"World","Raw milk","Production","t",2021,940391679.65,NA,"yes"
NA,"World","Raw milk","Production","t",2022,951853942.13,NA,"yes"
NA,"World","Raw milk","Production","t",2023,968214605.69,NA,"yes"
NA,"World","Stimulant, spice and aromatic crops","Area harvested","ha",1992,23199686,NA,"yes"
NA,"World","Stimulant, spice and aromatic crops","Area harvested","ha",1993,22936806,NA,"yes"
NA,"World","Stimulant, spice and aromatic crops","Area harvested","ha",1994,22381290,NA,"yes"
NA,"World","Stimulant, spice and aromatic crops","Area harvested","ha",1995,23093687,NA,"yes"
NA,"World","Stimulant, spice and aromatic crops","Area harvested","ha",1996,23520650,NA,"yes"
NA,"World","Stimulant, spice and aromatic crops","Area harvested","ha",1997,23315197,NA,"yes"
NA,"World","Stimulant, spice and aromatic crops","Area harvested","ha",1998,24023867,NA,"yes"
NA,"World","Stimulant, spice and aromatic crops","Area harvested","ha",1999,24489632,NA,"yes"
NA,"World","Stimulant, spice and aromatic crops","Area harvested","ha",2000,25676574,NA,"yes"
NA,"World","Stimulant, spice and aromatic crops","Area harvested","ha",2001,25551106,NA,"yes"
NA,"World","Stimulant, spice and aromatic crops","Area harvested","ha",2002,25215831,NA,"yes"
NA,"World","Stimulant, spice and aromatic crops","Area harvested","ha",2003,25986539,NA,"yes"
NA,"World","Stimulant, spice and aromatic crops","Area harvested","ha",2004,27208666,NA,"yes"
NA,"World","Stimulant, spice and aromatic crops","Area harvested","ha",2005,27180131,NA,"yes"
NA,"World","Stimulant, spice and aromatic crops","Area harvested","ha",2006,27340054,NA,"yes"
NA,"World","Stimulant, spice and aromatic crops","Area harvested","ha",2007,27949919,NA,"yes"
NA,"World","Stimulant, spice and aromatic crops","Area harvested","ha",2008,28788914,NA,"yes"
NA,"World","Stimulant, spice and aromatic crops","Area harvested","ha",2009,28730100,NA,"yes"
NA,"World","Stimulant, spice and aromatic crops","Area harvested","ha",2010,29348163,NA,"yes"
NA,"World","Stimulant, spice and aromatic crops","Area harvested","ha",2011,29931522,NA,"yes"
NA,"World","Stimulant, spice and aromatic crops","Area harvested","ha",2012,30691911,NA,"yes"
NA,"World","Stimulant, spice and aromatic crops","Area harvested","ha",2013,30769174,NA,"yes"
NA,"World","Stimulant, spice and aromatic crops","Area harvested","ha",2014,31328422,NA,"yes"
NA,"World","Stimulant, spice and aromatic crops","Area harvested","ha",2015,32508093,NA,"yes"
NA,"World","Stimulant, spice and aromatic crops","Area harvested","ha",2016,32996037,NA,"yes"
NA,"World","Stimulant, spice and aromatic crops","Area harvested","ha",2017,34465803,NA,"yes"
NA,"World","Stimulant, spice and aromatic crops","Area harvested","ha",2018,35926913,NA,"yes"
NA,"World","Stimulant, spice and aromatic crops","Area harvested","ha",2019,36518840,NA,"yes"
NA,"World","Stimulant, spice and aromatic crops","Area harvested","ha",2020,37388872,NA,"yes"
NA,"World","Stimulant, spice and aromatic crops","Area harvested","ha",2021,37245331,NA,"yes"
NA,"World","Stimulant, spice and aromatic crops","Area harvested","ha",2022,36984041,NA,"yes"
NA,"World","Stimulant, spice and aromatic crops","Area harvested","ha",2023,37557428,NA,"yes"
NA,"World","Stimulant, spice and aromatic crops","Production","t",1992,24602253.349999998,NA,"yes"
NA,"World","Stimulant, spice and aromatic crops","Production","t",1993,24919615.84,NA,"yes"
NA,"World","Stimulant, spice and aromatic crops","Production","t",1994,24942544.599999998,NA,"yes"
NA,"World","Stimulant, spice and aromatic crops","Production","t",1995,25358183.419999998,NA,"yes"
NA,"World","Stimulant, spice and aromatic crops","Production","t",1996,27316927,NA,"yes"
NA,"World","Stimulant, spice and aromatic crops","Production","t",1997,27365895.23,NA,"yes"
NA,"World","Stimulant, spice and aromatic crops","Production","t",1998,29654578.65,NA,"yes"
NA,"World","Stimulant, spice and aromatic crops","Production","t",1999,30379034.07,NA,"yes"
NA,"World","Stimulant, spice and aromatic crops","Production","t",2000,31344873.689999998,NA,"yes"
NA,"World","Stimulant, spice and aromatic crops","Production","t",2001,31803072.11,NA,"yes"
NA,"World","Stimulant, spice and aromatic crops","Production","t",2002,32608836.85,NA,"yes"
NA,"World","Stimulant, spice and aromatic crops","Production","t",2003,33194516.42,NA,"yes"
NA,"World","Stimulant, spice and aromatic crops","Production","t",2004,35224601.230000004,NA,"yes"
NA,"World","Stimulant, spice and aromatic crops","Production","t",2005,35784405.55,NA,"yes"
NA,"World","Stimulant, spice and aromatic crops","Production","t",2006,37096945.35,NA,"yes"
NA,"World","Stimulant, spice and aromatic crops","Production","t",2007,38533901.59,NA,"yes"
NA,"World","Stimulant, spice and aromatic crops","Production","t",2008,39757927.23,NA,"yes"
NA,"World","Stimulant, spice and aromatic crops","Production","t",2009,39491808.34,NA,"yes"
NA,"World","Stimulant, spice and aromatic crops","Production","t",2010,42800805.82,NA,"yes"
NA,"World","Stimulant, spice and aromatic crops","Production","t",2011,45124908.76,NA,"yes"
NA,"World","Stimulant, spice and aromatic crops","Production","t",2012,46606529.08,NA,"yes"
NA,"World","Stimulant, spice and aromatic crops","Production","t",2013,48157693.04,NA,"yes"
NA,"World","Stimulant, spice and aromatic crops","Production","t",2014,49615794.2,NA,"yes"
NA,"World","Stimulant, spice and aromatic crops","Production","t",2015,51262890.58,NA,"yes"
NA,"World","Stimulant, spice and aromatic crops","Production","t",2016,53885757.73,NA,"yes"
NA,"World","Stimulant, spice and aromatic crops","Production","t",2017,56699894.65,NA,"yes"
NA,"World","Stimulant, spice and aromatic crops","Production","t",2018,59631343.04,NA,"yes"
NA,"World","Stimulant, spice and aromatic crops","Production","t",2019,60068430.46,NA,"yes"
NA,"World","Stimulant, spice and aromatic crops","Production","t",2020,63409687.73,NA,"yes"
NA,"World","Stimulant, spice and aromatic crops","Production","t",2021,65516405.92,NA,"yes"
NA,"World","Stimulant, spice and aromatic crops","Production","t",2022,66223751.11,NA,"yes"
NA,"World","Stimulant, spice and aromatic crops","Production","t",2023,69153088.01,NA,"yes"
NA,"World","Stimulant, spice and aromatic crops","Yield","kg/ha",1992,44285.1,NA,"yes"
NA,"World","Stimulant, spice and aromatic crops","Yield","kg/ha",1993,45312.6,NA,"yes"
NA,"World","Stimulant, spice and aromatic crops","Yield","kg/ha",1994,45908.6,NA,"yes"
NA,"World","Stimulant, spice and aromatic crops","Yield","kg/ha",1995,49799.299999999996,NA,"yes"
NA,"World","Stimulant, spice and aromatic crops","Yield","kg/ha",1996,52541.3,NA,"yes"
NA,"World","Stimulant, spice and aromatic crops","Yield","kg/ha",1997,54098.700000000004,NA,"yes"
NA,"World","Stimulant, spice and aromatic crops","Yield","kg/ha",1998,45064.5,NA,"yes"
NA,"World","Stimulant, spice and aromatic crops","Yield","kg/ha",1999,51451,NA,"yes"
NA,"World","Stimulant, spice and aromatic crops","Yield","kg/ha",2000,52585.7,NA,"yes"
NA,"World","Stimulant, spice and aromatic crops","Yield","kg/ha",2001,50722.7,NA,"yes"
NA,"World","Stimulant, spice and aromatic crops","Yield","kg/ha",2002,53144.5,NA,"yes"
NA,"World","Stimulant, spice and aromatic crops","Yield","kg/ha",2003,54519.7,NA,"yes"
NA,"World","Stimulant, spice and aromatic crops","Yield","kg/ha",2004,56890.5,NA,"yes"
NA,"World","Stimulant, spice and aromatic crops","Yield","kg/ha",2005,55514.799999999996,NA,"yes"
NA,"World","Stimulant, spice and aromatic crops","Yield","kg/ha",2006,51283.7,NA,"yes"
NA,"World","Stimulant, spice and aromatic crops","Yield","kg/ha",2007,52861.2,NA,"yes"
NA,"World","Stimulant, spice and aromatic crops","Yield","kg/ha",2008,56118.1,NA,"yes"
NA,"World","Stimulant, spice and aromatic crops","Yield","kg/ha",2009,58575.399999999994,NA,"yes"
NA,"World","Stimulant, spice and aromatic crops","Yield","kg/ha",2010,55684,NA,"yes"
NA,"World","Stimulant, spice and aromatic crops","Yield","kg/ha",2011,56065.799999999996,NA,"yes"
NA,"World","Stimulant, spice and aromatic crops","Yield","kg/ha",2012,52418.200000000004,NA,"yes"
NA,"World","Stimulant, spice and aromatic crops","Yield","kg/ha",2013,54604.2,NA,"yes"
NA,"World","Stimulant, spice and aromatic crops","Yield","kg/ha",2014,62934.5,NA,"yes"
NA,"World","Stimulant, spice and aromatic crops","Yield","kg/ha",2015,61621.700000000004,NA,"yes"
NA,"World","Stimulant, spice and aromatic crops","Yield","kg/ha",2016,64839.1,NA,"yes"
NA,"World","Stimulant, spice and aromatic crops","Yield","kg/ha",2017,65091.9,NA,"yes"
NA,"World","Stimulant, spice and aromatic crops","Yield","kg/ha",2018,42142.5,NA,"yes"
NA,"World","Stimulant, spice and aromatic crops","Yield","kg/ha",2019,41974.1,NA,"yes"
NA,"World","Stimulant, spice and aromatic crops","Yield","kg/ha",2020,43009.6,NA,"yes"
NA,"World","Stimulant, spice and aromatic crops","Yield","kg/ha",2021,44551.7,NA,"yes"
NA,"World","Stimulant, spice and aromatic crops","Yield","kg/ha",2022,45328.7,NA,"yes"
NA,"World","Stimulant, spice and aromatic crops","Yield","kg/ha",2023,49263.5,NA,"yes"
NA,"World","Sugar and molasses","Production","t",1992,158887821.34,NA,"yes"
NA,"World","Sugar and molasses","Production","t",1993,148589402.09,NA,"yes"
NA,"World","Sugar and molasses","Production","t",1994,149035537.49,NA,"yes"
NA,"World","Sugar and molasses","Production","t",1995,163626481.59,NA,"yes"
NA,"World","Sugar and molasses","Production","t",1996,172947103.61,NA,"yes"
NA,"World","Sugar and molasses","Production","t",1997,172820582.37,NA,"yes"
NA,"World","Sugar and molasses","Production","t",1998,176172549.43,NA,"yes"
NA,"World","Sugar and molasses","Production","t",1999,181440231.16,NA,"yes"
NA,"World","Sugar and molasses","Production","t",2000,178009787.96,NA,"yes"
NA,"World","Sugar and molasses","Production","t",2001,180128975.42000002,NA,"yes"
NA,"World","Sugar and molasses","Production","t",2002,197646090.67000002,NA,"yes"
NA,"World","Sugar and molasses","Production","t",2003,202246232,NA,"yes"
NA,"World","Sugar and molasses","Production","t",2004,196011694.12,NA,"yes"
NA,"World","Sugar and molasses","Production","t",2005,190129155,NA,"yes"
NA,"World","Sugar and molasses","Production","t",2006,204459057.41,NA,"yes"
NA,"World","Sugar and molasses","Production","t",2007,224175812.62,NA,"yes"
NA,"World","Sugar and molasses","Production","t",2008,219834257.81,NA,"yes"
NA,"World","Sugar and molasses","Production","t",2009,199172390.76,NA,"yes"
NA,"World","Sugar and molasses","Production","t",2010,207898648.73999998,NA,"yes"
NA,"World","Sugar and molasses","Production","t",2011,229579174.10999998,NA,"yes"
NA,"World","Sugar and molasses","Production","t",2012,241139978.69,NA,"yes"
NA,"World","Sugar and molasses","Production","t",2013,242582869.57,NA,"yes"
NA,"World","Sugar and molasses","Production","t",2014,241289161.5,NA,"yes"
NA,"World","Sugar and molasses","Production","t",2015,234993208.61,NA,"yes"
NA,"World","Sugar and molasses","Production","t",2016,241475533.48,NA,"yes"
NA,"World","Sugar and molasses","Production","t",2017,240580069.83999997,NA,"yes"
NA,"World","Sugar and molasses","Production","t",2018,245794820.98999998,NA,"yes"
NA,"World","Sugar and molasses","Production","t",2019,240637246.28,NA,"yes"
NA,"World","Sugar and molasses","Production","t",2020,234983160.85,NA,"yes"
NA,"World","Sugar and molasses","Production","t",2021,235913087.49,NA,"yes"
NA,"World","Sugar and molasses","Production","t",2022,250859781.28,NA,"yes"
NA,"World","Sugar and molasses","Production","t",2023,0,NA,"yes"
NA,"World","Sugar crops","Area harvested","ha",1992,26498662,NA,"yes"
NA,"World","Sugar crops","Area harvested","ha",1993,25440782,NA,"yes"
NA,"World","Sugar crops","Area harvested","ha",1994,25559926,NA,"yes"
NA,"World","Sugar crops","Area harvested","ha",1995,26325008,NA,"yes"
NA,"World","Sugar crops","Area harvested","ha",1996,26915331,NA,"yes"
NA,"World","Sugar crops","Area harvested","ha",1997,26648339,NA,"yes"
NA,"World","Sugar crops","Area harvested","ha",1998,26457154,NA,"yes"
NA,"World","Sugar crops","Area harvested","ha",1999,26212329,NA,"yes"
NA,"World","Sugar crops","Area harvested","ha",2000,25423642,NA,"yes"
NA,"World","Sugar crops","Area harvested","ha",2001,25629417,NA,"yes"
NA,"World","Sugar crops","Area harvested","ha",2002,26309568,NA,"yes"
NA,"World","Sugar crops","Area harvested","ha",2003,26228496,NA,"yes"
NA,"World","Sugar crops","Area harvested","ha",2004,25604761,NA,"yes"
NA,"World","Sugar crops","Area harvested","ha",2005,25092746,NA,"yes"
NA,"World","Sugar crops","Area harvested","ha",2006,26036356,NA,"yes"
NA,"World","Sugar crops","Area harvested","ha",2007,27866901,NA,"yes"
NA,"World","Sugar crops","Area harvested","ha",2008,28356460,NA,"yes"
NA,"World","Sugar crops","Area harvested","ha",2009,27934592,NA,"yes"
NA,"World","Sugar crops","Area harvested","ha",2010,28343302,NA,"yes"
NA,"World","Sugar crops","Area harvested","ha",2011,30593837,NA,"yes"
NA,"World","Sugar crops","Area harvested","ha",2012,30918898,NA,"yes"
NA,"World","Sugar crops","Area harvested","ha",2013,31223089,NA,"yes"
NA,"World","Sugar crops","Area harvested","ha",2014,31557280,NA,"yes"
NA,"World","Sugar crops","Area harvested","ha",2015,30766208,NA,"yes"
NA,"World","Sugar crops","Area harvested","ha",2016,31191976,NA,"yes"
NA,"World","Sugar crops","Area harvested","ha",2017,31222480,NA,"yes"
NA,"World","Sugar crops","Area harvested","ha",2018,31265411,NA,"yes"
NA,"World","Sugar crops","Area harvested","ha",2019,31711480,NA,"yes"
NA,"World","Sugar crops","Area harvested","ha",2020,30537280,NA,"yes"
NA,"World","Sugar crops","Area harvested","ha",2021,30386539,NA,"yes"
NA,"World","Sugar crops","Area harvested","ha",2022,30599695,NA,"yes"
NA,"World","Sugar crops","Area harvested","ha",2023,31673113,NA,"yes"
NA,"World","Sugar crops","Production","t",1992,1390027291.4,NA,"yes"
NA,"World","Sugar crops","Production","t",1993,1303751219.51,NA,"yes"
NA,"World","Sugar crops","Production","t",1994,1339616192.06,NA,"yes"
NA,"World","Sugar crops","Production","t",1995,1428318840.04,NA,"yes"
NA,"World","Sugar crops","Production","t",1996,1483890352.05,NA,"yes"
NA,"World","Sugar crops","Production","t",1997,1514882694.04,NA,"yes"
NA,"World","Sugar crops","Production","t",1998,1527628345.33,NA,"yes"
NA,"World","Sugar crops","Production","t",1999,1543453667.4,NA,"yes"
NA,"World","Sugar crops","Production","t",2000,1503822287.93,NA,"yes"
NA,"World","Sugar crops","Production","t",2001,1488404425.73,NA,"yes"
NA,"World","Sugar crops","Production","t",2002,1587106499.94,NA,"yes"
NA,"World","Sugar crops","Production","t",2003,1605196644.4099998,NA,"yes"
NA,"World","Sugar crops","Production","t",2004,1585490827.08,NA,"yes"
NA,"World","Sugar crops","Production","t",2005,1560865250.6399999,NA,"yes"
NA,"World","Sugar crops","Production","t",2006,1672249474.56,NA,"yes"
NA,"World","Sugar crops","Production","t",2007,1850027718.52,NA,"yes"
NA,"World","Sugar crops","Production","t",2008,1938458385.28,NA,"yes"
NA,"World","Sugar crops","Production","t",2009,1901412673.99,NA,"yes"
NA,"World","Sugar crops","Production","t",2010,1905150897.56,NA,"yes"
NA,"World","Sugar crops","Production","t",2011,2069677438.48,NA,"yes"
NA,"World","Sugar crops","Production","t",2012,2097959073.0600002,NA,"yes"
NA,"World","Sugar crops","Production","t",2013,2150009892.94,NA,"yes"
NA,"World","Sugar crops","Production","t",2014,2156754960.39,NA,"yes"
NA,"World","Sugar crops","Production","t",2015,2115236668.23,NA,"yes"
NA,"World","Sugar crops","Production","t",2016,2159563463.69,NA,"yes"
NA,"World","Sugar crops","Production","t",2017,2151088690.88,NA,"yes"
NA,"World","Sugar crops","Production","t",2018,2206948734.27,NA,"yes"
NA,"World","Sugar crops","Production","t",2019,2240870174.9,NA,"yes"
NA,"World","Sugar crops","Production","t",2020,2131626060.5200002,NA,"yes"
NA,"World","Sugar crops","Production","t",2021,2133302717.47,NA,"yes"
NA,"World","Sugar crops","Production","t",2022,2186386779.94,NA,"yes"
NA,"World","Sugar crops","Production","t",2023,2307887711.08,NA,"yes"
NA,"World","Sugar crops","Yield","kg/ha",1992,100998.9,NA,"yes"
NA,"World","Sugar crops","Yield","kg/ha",1993,99732.8,NA,"yes"
NA,"World","Sugar crops","Yield","kg/ha",1994,99669.4,NA,"yes"
NA,"World","Sugar crops","Yield","kg/ha",1995,103350.2,NA,"yes"
NA,"World","Sugar crops","Yield","kg/ha",1996,104798.6,NA,"yes"
NA,"World","Sugar crops","Yield","kg/ha",1997,108794.9,NA,"yes"
NA,"World","Sugar crops","Yield","kg/ha",1998,110406.59999999999,NA,"yes"
NA,"World","Sugar crops","Yield","kg/ha",1999,112482.7,NA,"yes"
NA,"World","Sugar crops","Yield","kg/ha",2000,113289.9,NA,"yes"
NA,"World","Sugar crops","Yield","kg/ha",2001,109527,NA,"yes"
NA,"World","Sugar crops","Yield","kg/ha",2002,115549.2,NA,"yes"
NA,"World","Sugar crops","Yield","kg/ha",2003,115662.7,NA,"yes"
NA,"World","Sugar crops","Yield","kg/ha",2004,119981.5,NA,"yes"
NA,"World","Sugar crops","Yield","kg/ha",2005,121341.5,NA,"yes"
NA,"World","Sugar crops","Yield","kg/ha",2006,123873.79999999999,NA,"yes"
NA,"World","Sugar crops","Yield","kg/ha",2007,126135.09999999999,NA,"yes"
NA,"World","Sugar crops","Yield","kg/ha",2008,130798,NA,"yes"
NA,"World","Sugar crops","Yield","kg/ha",2009,132531.1,NA,"yes"
NA,"World","Sugar crops","Yield","kg/ha",2010,128249.09999999999,NA,"yes"
NA,"World","Sugar crops","Yield","kg/ha",2011,133396.1,NA,"yes"
NA,"World","Sugar crops","Yield","kg/ha",2012,133316.80000000002,NA,"yes"
NA,"World","Sugar crops","Yield","kg/ha",2013,135847.5,NA,"yes"
NA,"World","Sugar crops","Yield","kg/ha",2014,138317.9,NA,"yes"
NA,"World","Sugar crops","Yield","kg/ha",2015,136204.59999999998,NA,"yes"
NA,"World","Sugar crops","Yield","kg/ha",2016,139500,NA,"yes"
NA,"World","Sugar crops","Yield","kg/ha",2017,141081.3,NA,"yes"
NA,"World","Sugar crops","Yield","kg/ha",2018,138499.6,NA,"yes"
NA,"World","Sugar crops","Yield","kg/ha",2019,140674.8,NA,"yes"
NA,"World","Sugar crops","Yield","kg/ha",2020,137236.1,NA,"yes"
NA,"World","Sugar crops","Yield","kg/ha",2021,140004.1,NA,"yes"
NA,"World","Sugar crops","Yield","kg/ha",2022,141108.4,NA,"yes"
NA,"World","Sugar crops","Yield","kg/ha",2023,144353.6,NA,"yes"
NA,"World","Vegetable oils","Production","t",1992,65252450.96,NA,"yes"
NA,"World","Vegetable oils","Production","t",1993,66430041.339999996,NA,"yes"
NA,"World","Vegetable oils","Production","t",1994,68646328.52,NA,"yes"
NA,"World","Vegetable oils","Production","t",1995,74772257.34,NA,"yes"
NA,"World","Vegetable oils","Production","t",1996,78143603.23,NA,"yes"
NA,"World","Vegetable oils","Production","t",1997,80669163.06,NA,"yes"
NA,"World","Vegetable oils","Production","t",1998,83888464.01,NA,"yes"
NA,"World","Vegetable oils","Production","t",1999,87806196.06,NA,"yes"
NA,"World","Vegetable oils","Production","t",2000,92236069.92999999,NA,"yes"
NA,"World","Vegetable oils","Production","t",2001,95700931.06,NA,"yes"
NA,"World","Vegetable oils","Production","t",2002,97844791.37,NA,"yes"
NA,"World","Vegetable oils","Production","t",2003,104529347.17999999,NA,"yes"
NA,"World","Vegetable oils","Production","t",2004,109009718.72,NA,"yes"
NA,"World","Vegetable oils","Production","t",2005,118195045.6,NA,"yes"
NA,"World","Vegetable oils","Production","t",2006,128390472.84,NA,"yes"
NA,"World","Vegetable oils","Production","t",2007,131904922.68,NA,"yes"
NA,"World","Vegetable oils","Production","t",2008,133729759.79,NA,"yes"
NA,"World","Vegetable oils","Production","t",2009,139639730.71,NA,"yes"
NA,"World","Vegetable oils","Production","t",2010,147428633.51,NA,"yes"
NA,"World","Vegetable oils","Production","t",2011,154164344.51,NA,"yes"
NA,"World","Vegetable oils","Production","t",2012,160261632.37,NA,"yes"
NA,"World","Vegetable oils","Production","t",2013,162959985.07,NA,"yes"
NA,"World","Vegetable oils","Production","t",2014,172136242.89,NA,"yes"
NA,"World","Vegetable oils","Production","t",2015,179152082.71,NA,"yes"
NA,"World","Vegetable oils","Production","t",2016,177526959.47,NA,"yes"
NA,"World","Vegetable oils","Production","t",2017,195845377.43,NA,"yes"
NA,"World","Vegetable oils","Production","t",2018,201377071.55,NA,"yes"
NA,"World","Vegetable oils","Production","t",2019,211089766.28,NA,"yes"
NA,"World","Vegetable oils","Production","t",2020,208440729.41,NA,"yes"
NA,"World","Vegetable oils","Production","t",2021,215494322.26,NA,"yes"
NA,"World","Vegetable oils","Production","t",2022,212033592,NA,"yes"
NA,"World","Vegetable oils","Production","t",2023,0,NA,"yes"
NA,"World","Vegetables","Area harvested","ha",1992,32529802,NA,"yes"
NA,"World","Vegetables","Area harvested","ha",1993,34353076,NA,"yes"
NA,"World","Vegetables","Area harvested","ha",1994,35440486,NA,"yes"
NA,"World","Vegetables","Area harvested","ha",1995,37849273,NA,"yes"
NA,"World","Vegetables","Area harvested","ha",1996,38808540,NA,"yes"
NA,"World","Vegetables","Area harvested","ha",1997,39832415,NA,"yes"
NA,"World","Vegetables","Area harvested","ha",1998,41716733,NA,"yes"
NA,"World","Vegetables","Area harvested","ha",1999,44076638,NA,"yes"
NA,"World","Vegetables","Area harvested","ha",2000,46047520,NA,"yes"
NA,"World","Vegetables","Area harvested","ha",2001,47324067,NA,"yes"
NA,"World","Vegetables","Area harvested","ha",2002,48108634,NA,"yes"
NA,"World","Vegetables","Area harvested","ha",2003,50364806,NA,"yes"
NA,"World","Vegetables","Area harvested","ha",2004,49791999,NA,"yes"
NA,"World","Vegetables","Area harvested","ha",2005,50971209,NA,"yes"
NA,"World","Vegetables","Area harvested","ha",2006,51886315,NA,"yes"
NA,"World","Vegetables","Area harvested","ha",2007,52459493,NA,"yes"
NA,"World","Vegetables","Area harvested","ha",2008,53099149,NA,"yes"
NA,"World","Vegetables","Area harvested","ha",2009,54027275,NA,"yes"
NA,"World","Vegetables","Area harvested","ha",2010,55595513,NA,"yes"
NA,"World","Vegetables","Area harvested","ha",2011,56665239,NA,"yes"
NA,"World","Vegetables","Area harvested","ha",2012,57814407,NA,"yes"
NA,"World","Vegetables","Area harvested","ha",2013,58798329,NA,"yes"
NA,"World","Vegetables","Area harvested","ha",2014,59490823,NA,"yes"
NA,"World","Vegetables","Area harvested","ha",2015,61260883,NA,"yes"
NA,"World","Vegetables","Area harvested","ha",2016,60617524,NA,"yes"
NA,"World","Vegetables","Area harvested","ha",2017,60941474,NA,"yes"
NA,"World","Vegetables","Area harvested","ha",2018,60789610,NA,"yes"
NA,"World","Vegetables","Area harvested","ha",2019,61358446,NA,"yes"
NA,"World","Vegetables","Area harvested","ha",2020,61913782,NA,"yes"
NA,"World","Vegetables","Area harvested","ha",2021,62451820,NA,"yes"
NA,"World","Vegetables","Area harvested","ha",2022,62932621,NA,"yes"
NA,"World","Vegetables","Area harvested","ha",2023,63267125,NA,"yes"
NA,"World","Vegetables","Production","t",1992,485769276.43,NA,"yes"
NA,"World","Vegetables","Production","t",1993,516231215.17,NA,"yes"
NA,"World","Vegetables","Production","t",1994,540821305.33,NA,"yes"
NA,"World","Vegetables","Production","t",1995,570669802.8,NA,"yes"
NA,"World","Vegetables","Production","t",1996,607741946.17,NA,"yes"
NA,"World","Vegetables","Production","t",1997,628001180.77,NA,"yes"
NA,"World","Vegetables","Production","t",1998,651549887.15,NA,"yes"
NA,"World","Vegetables","Production","t",1999,707425241.22,NA,"yes"
NA,"World","Vegetables","Production","t",2000,783465236.64,NA,"yes"
NA,"World","Vegetables","Production","t",2001,809260310.91,NA,"yes"
NA,"World","Vegetables","Production","t",2002,840118515.86,NA,"yes"
NA,"World","Vegetables","Production","t",2003,869150534.02,NA,"yes"
NA,"World","Vegetables","Production","t",2004,879198106.49,NA,"yes"
NA,"World","Vegetables","Production","t",2005,905120681.62,NA,"yes"
NA,"World","Vegetables","Production","t",2006,939100576.27,NA,"yes"
NA,"World","Vegetables","Production","t",2007,968363520.27,NA,"yes"
NA,"World","Vegetables","Production","t",2008,1005792904.32,NA,"yes"
NA,"World","Vegetables","Production","t",2009,1035113924.38,NA,"yes"
NA,"World","Vegetables","Production","t",2010,1060435246.56,NA,"yes"
NA,"World","Vegetables","Production","t",2011,1097192308.45,NA,"yes"
NA,"World","Vegetables","Production","t",2012,1124334416.3,NA,"yes"
NA,"World","Vegetables","Production","t",2013,1148591838.53,NA,"yes"
NA,"World","Vegetables","Production","t",2014,1185198901.93,NA,"yes"
NA,"World","Vegetables","Production","t",2015,1215105791.79,NA,"yes"
NA,"World","Vegetables","Production","t",2016,1220371396.62,NA,"yes"
NA,"World","Vegetables","Production","t",2017,1235104790.61,NA,"yes"
NA,"World","Vegetables","Production","t",2018,1237017485.6,NA,"yes"
NA,"World","Vegetables","Production","t",2019,1256144772.94,NA,"yes"
NA,"World","Vegetables","Production","t",2020,1276766937.55,NA,"yes"
NA,"World","Vegetables","Production","t",2021,1292424594.43,NA,"yes"
NA,"World","Vegetables","Production","t",2022,1304100226.21,NA,"yes"
NA,"World","Vegetables","Production","t",2023,1321155853.78,NA,"yes"
NA,"World","Vegetables","Yield","kg/ha",1992,336909.6,NA,"yes"
NA,"World","Vegetables","Yield","kg/ha",1993,339225.2,NA,"yes"
NA,"World","Vegetables","Yield","kg/ha",1994,343012.5,NA,"yes"
NA,"World","Vegetables","Yield","kg/ha",1995,345454.6,NA,"yes"
NA,"World","Vegetables","Yield","kg/ha",1996,352757.1,NA,"yes"
NA,"World","Vegetables","Yield","kg/ha",1997,355214.2,NA,"yes"
NA,"World","Vegetables","Yield","kg/ha",1998,349894.6,NA,"yes"
NA,"World","Vegetables","Yield","kg/ha",1999,360027.6,NA,"yes"
NA,"World","Vegetables","Yield","kg/ha",2000,373863.3,NA,"yes"
NA,"World","Vegetables","Yield","kg/ha",2001,376127.9,NA,"yes"
NA,"World","Vegetables","Yield","kg/ha",2002,385583.5,NA,"yes"
NA,"World","Vegetables","Yield","kg/ha",2003,390874,NA,"yes"
NA,"World","Vegetables","Yield","kg/ha",2004,399445.6,NA,"yes"
NA,"World","Vegetables","Yield","kg/ha",2005,402478.1,NA,"yes"
NA,"World","Vegetables","Yield","kg/ha",2006,413261.3,NA,"yes"
NA,"World","Vegetables","Yield","kg/ha",2007,425924.8,NA,"yes"
NA,"World","Vegetables","Yield","kg/ha",2008,443036.9,NA,"yes"
NA,"World","Vegetables","Yield","kg/ha",2009,451434.4,NA,"yes"
NA,"World","Vegetables","Yield","kg/ha",2010,448756.2,NA,"yes"
NA,"World","Vegetables","Yield","kg/ha",2011,452752.2,NA,"yes"
NA,"World","Vegetables","Yield","kg/ha",2012,458298.5,NA,"yes"
NA,"World","Vegetables","Yield","kg/ha",2013,465593.7,NA,"yes"
NA,"World","Vegetables","Yield","kg/ha",2014,473387.2,NA,"yes"
NA,"World","Vegetables","Yield","kg/ha",2015,481258.9,NA,"yes"
NA,"World","Vegetables","Yield","kg/ha",2016,481226.1,NA,"yes"
NA,"World","Vegetables","Yield","kg/ha",2017,488493.5,NA,"yes"
NA,"World","Vegetables","Yield","kg/ha",2018,492787.4,NA,"yes"
NA,"World","Vegetables","Yield","kg/ha",2019,497383.8,NA,"yes"
NA,"World","Vegetables","Yield","kg/ha",2020,500844.6,NA,"yes"
NA,"World","Vegetables","Yield","kg/ha",2021,506466,NA,"yes"
NA,"World","Vegetables","Yield","kg/ha",2022,508044,NA,"yes"
NA,"World","Vegetables","Yield","kg/ha",2023,514142.2,NA,"yes"
NA,"World","Wines","Production","t",1992,29064224.17,NA,"yes"
NA,"World","Wines","Production","t",1993,25895195.43,NA,"yes"
NA,"World","Wines","Production","t",1994,25686195.83,NA,"yes"
NA,"World","Wines","Production","t",1995,25359931.01,NA,"yes"
NA,"World","Wines","Production","t",1996,27263041.01,NA,"yes"
NA,"World","Wines","Production","t",1997,26670610.59,NA,"yes"
NA,"World","Wines","Production","t",1998,26470134.09,NA,"yes"
NA,"World","Wines","Production","t",1999,28522990.32,NA,"yes"
NA,"World","Wines","Production","t",2000,28314757.88,NA,"yes"
NA,"World","Wines","Production","t",2001,27003812.52,NA,"yes"
NA,"World","Wines","Production","t",2002,26007490.63,NA,"yes"
NA,"World","Wines","Production","t",2003,26882914.05,NA,"yes"
NA,"World","Wines","Production","t",2004,30759976.12,NA,"yes"
NA,"World","Wines","Production","t",2005,28532149.7,NA,"yes"
NA,"World","Wines","Production","t",2006,28359521.14,NA,"yes"
NA,"World","Wines","Production","t",2007,26472379.95,NA,"yes"
NA,"World","Wines","Production","t",2008,27212957.44,NA,"yes"
NA,"World","Wines","Production","t",2009,26777435.07,NA,"yes"
NA,"World","Wines","Production","t",2010,26625219.56,NA,"yes"
NA,"World","Wines","Production","t",2011,27066735.26,NA,"yes"
NA,"World","Wines","Production","t",2012,25718870.05,NA,"yes"
NA,"World","Wines","Production","t",2013,28918228.97,NA,"yes"
NA,"World","Wines","Production","t",2014,28280554.72,NA,"yes"
NA,"World","Wines","Production","t",2015,28700532.82,NA,"yes"
NA,"World","Wines","Production","t",2016,27684539.81,NA,"yes"
NA,"World","Wines","Production","t",2017,25463416.33,NA,"yes"
NA,"World","Wines","Production","t",2018,29520177.56,NA,"yes"
NA,"World","Wines","Production","t",2019,27077035.54,NA,"yes"
NA,"World","Wines","Production","t",2020,27129413.09,NA,"yes"
NA,"World","Wines","Production","t",2021,26562091.07,NA,"yes"
NA,"World","Wines","Production","t",2022,27354650.12,NA,"yes"
NA,"World","Wines","Production","t",2023,0,NA,"yes"
"MAC","China, Macao Special Administrative Region","Animal fats","Production","t",1992,0.47,"Buffalo fat, unrendered","no"
"MAC","China, Macao Special Administrative Region","Animal fats","Production","t",1993,0.08,"Buffalo fat, unrendered","no"
"MAC","China, Macao Special Administrative Region","Animal fats","Production","t",1994,NA,"Buffalo fat, unrendered","no"
"MAC","China, Macao Special Administrative Region","Animal fats","Production","t",1995,0.17,"Buffalo fat, unrendered","no"
"MAC","China, Macao Special Administrative Region","Animal fats","Production","t",1996,NA,"Buffalo fat, unrendered","no"
"MAC","China, Macao Special Administrative Region","Animal fats","Production","t",1997,NA,"Buffalo fat, unrendered","no"
"MAC","China, Macao Special Administrative Region","Animal fats","Production","t",1998,NA,"Buffalo fat, unrendered","no"
"MAC","China, Macao Special Administrative Region","Animal fats","Production","t",1999,NA,"Buffalo fat, unrendered","no"
"MAC","China, Macao Special Administrative Region","Animal fats","Production","t",2000,NA,"Buffalo fat, unrendered","no"
"MAC","China, Macao Special Administrative Region","Animal fats","Production","t",2001,NA,"Buffalo fat, unrendered","no"
"MAC","China, Macao Special Administrative Region","Animal fats","Production","t",2002,NA,"Buffalo fat, unrendered","no"
"MAC","China, Macao Special Administrative Region","Animal fats","Production","t",2003,NA,"Buffalo fat, unrendered","no"
"MAC","China, Macao Special Administrative Region","Animal fats","Production","t",2004,NA,"Buffalo fat, unrendered","no"
"MAC","China, Macao Special Administrative Region","Animal fats","Production","t",2005,NA,"Buffalo fat, unrendered","no"
"MAC","China, Macao Special Administrative Region","Animal fats","Production","t",2006,NA,"Buffalo fat, unrendered","no"
"MAC","China, Macao Special Administrative Region","Animal fats","Production","t",2007,NA,"Buffalo fat, unrendered","no"
"MAC","China, Macao Special Administrative Region","Animal fats","Production","t",2008,NA,"Buffalo fat, unrendered","no"
"MAC","China, Macao Special Administrative Region","Animal fats","Production","t",2009,NA,"Buffalo fat, unrendered","no"
"MAC","China, Macao Special Administrative Region","Animal fats","Production","t",2010,NA,"Buffalo fat, unrendered","no"
"MAC","China, Macao Special Administrative Region","Animal fats","Production","t",2011,NA,"Buffalo fat, unrendered","no"
"MAC","China, Macao Special Administrative Region","Animal fats","Production","t",2012,NA,"Buffalo fat, unrendered","no"
"MAC","China, Macao Special Administrative Region","Animal fats","Production","t",2013,NA,"Buffalo fat, unrendered","no"
"MAC","China, Macao Special Administrative Region","Animal fats","Production","t",2014,NA,"Buffalo fat, unrendered","no"
"MAC","China, Macao Special Administrative Region","Animal fats","Production","t",2015,NA,"Buffalo fat, unrendered","no"
"MAC","China, Macao Special Administrative Region","Animal fats","Production","t",2016,NA,"Buffalo fat, unrendered","no"
"MAC","China, Macao Special Administrative Region","Animal fats","Production","t",2017,NA,"Buffalo fat, unrendered","no"
"MAC","China, Macao Special Administrative Region","Animal fats","Production","t",2018,NA,"Buffalo fat, unrendered","no"
"MAC","China, Macao Special Administrative Region","Animal fats","Production","t",2019,NA,"Buffalo fat, unrendered","no"
"MAC","China, Macao Special Administrative Region","Animal fats","Production","t",2020,NA,"Buffalo fat, unrendered","no"
"MAC","China, Macao Special Administrative Region","Animal fats","Production","t",2021,NA,"Buffalo fat, unrendered","no"
"MAC","China, Macao Special Administrative Region","Animal fats","Production","t",2022,NA,"Buffalo fat, unrendered","no"
"MAC","China, Macao Special Administrative Region","Animal fats","Production","t",2023,NA,"Buffalo fat, unrendered","no"
"MAC","China, Macao Special Administrative Region","Other dairy products","Production","t",1992,NA,"Buttermilk, dry","no"
"MAC","China, Macao Special Administrative Region","Other dairy products","Production","t",1993,NA,"Buttermilk, dry","no"
"MAC","China, Macao Special Administrative Region","Other dairy products","Production","t",1994,NA,"Buttermilk, dry","no"
"MAC","China, Macao Special Administrative Region","Other dairy products","Production","t",1995,NA,"Buttermilk, dry","no"
"MAC","China, Macao Special Administrative Region","Other dairy products","Production","t",1996,NA,"Buttermilk, dry","no"
"MAC","China, Macao Special Administrative Region","Other dairy products","Production","t",1997,NA,"Buttermilk, dry","no"
"MAC","China, Macao Special Administrative Region","Other dairy products","Production","t",1998,NA,"Buttermilk, dry","no"
"MAC","China, Macao Special Administrative Region","Other dairy products","Production","t",1999,NA,"Buttermilk, dry","no"
"MAC","China, Macao Special Administrative Region","Other dairy products","Production","t",2000,NA,"Buttermilk, dry","no"
"MAC","China, Macao Special Administrative Region","Other dairy products","Production","t",2001,NA,"Buttermilk, dry","no"
"MAC","China, Macao Special Administrative Region","Other dairy products","Production","t",2002,NA,"Buttermilk, dry","no"
"MAC","China, Macao Special Administrative Region","Other dairy products","Production","t",2003,NA,"Buttermilk, dry","no"
"MAC","China, Macao Special Administrative Region","Other dairy products","Production","t",2004,NA,"Buttermilk, dry","no"
"MAC","China, Macao Special Administrative Region","Other dairy products","Production","t",2005,NA,"Buttermilk, dry","no"
"MAC","China, Macao Special Administrative Region","Other dairy products","Production","t",2006,NA,"Buttermilk, dry","no"
"MAC","China, Macao Special Administrative Region","Other dairy products","Production","t",2007,NA,"Buttermilk, dry","no"
"MAC","China, Macao Special Administrative Region","Other dairy products","Production","t",2008,NA,"Buttermilk, dry","no"
"MAC","China, Macao Special Administrative Region","Other dairy products","Production","t",2009,NA,"Buttermilk, dry","no"
"MAC","China, Macao Special Administrative Region","Other dairy products","Production","t",2010,0,"Buttermilk, dry","no"
"MAC","China, Macao Special Administrative Region","Other dairy products","Production","t",2011,0,"Buttermilk, dry","no"
"MAC","China, Macao Special Administrative Region","Other dairy products","Production","t",2012,0,"Buttermilk, dry","no"
"MAC","China, Macao Special Administrative Region","Other dairy products","Production","t",2013,0,"Buttermilk, dry","no"
"MAC","China, Macao Special Administrative Region","Other dairy products","Production","t",2014,1.25,"Buttermilk, dry","no"
"MAC","China, Macao Special Administrative Region","Other dairy products","Production","t",2015,0.92,"Buttermilk, dry","no"
"MAC","China, Macao Special Administrative Region","Other dairy products","Production","t",2016,1.25,"Buttermilk, dry","no"
"MAC","China, Macao Special Administrative Region","Other dairy products","Production","t",2017,316.53,"Buttermilk, dry","no"
"MAC","China, Macao Special Administrative Region","Other dairy products","Production","t",2018,307.43,"Buttermilk, dry","no"
"MAC","China, Macao Special Administrative Region","Other dairy products","Production","t",2019,9.28,"Buttermilk, dry","no"
"MAC","China, Macao Special Administrative Region","Other dairy products","Production","t",2020,0.75,"Buttermilk, dry","no"
"MAC","China, Macao Special Administrative Region","Other dairy products","Production","t",2021,1.64,"Buttermilk, dry","no"
"MAC","China, Macao Special Administrative Region","Other dairy products","Production","t",2022,7.01,"Buttermilk, dry","no"
"MAC","China, Macao Special Administrative Region","Other dairy products","Production","t",2023,NA,"Buttermilk, dry","no"
"MAC","China, Macao Special Administrative Region","Animal fats","Production","t",1992,64.36,"Cattle fat, unrendered","no"
"MAC","China, Macao Special Administrative Region","Animal fats","Production","t",1993,64.12,"Cattle fat, unrendered","no"
"MAC","China, Macao Special Administrative Region","Animal fats","Production","t",1994,62.36,"Cattle fat, unrendered","no"
"MAC","China, Macao Special Administrative Region","Animal fats","Production","t",1995,52.56,"Cattle fat, unrendered","no"
"MAC","China, Macao Special Administrative Region","Animal fats","Production","t",1996,54.62,"Cattle fat, unrendered","no"
"MAC","China, Macao Special Administrative Region","Animal fats","Production","t",1997,41.45,"Cattle fat, unrendered","no"
"MAC","China, Macao Special Administrative Region","Animal fats","Production","t",1998,44.26,"Cattle fat, unrendered","no"
"MAC","China, Macao Special Administrative Region","Animal fats","Production","t",1999,42.37,"Cattle fat, unrendered","no"
"MAC","China, Macao Special Administrative Region","Animal fats","Production","t",2000,40.58,"Cattle fat, unrendered","no"
"MAC","China, Macao Special Administrative Region","Animal fats","Production","t",2001,44.28,"Cattle fat, unrendered","no"
"MAC","China, Macao Special Administrative Region","Animal fats","Production","t",2002,42.26,"Cattle fat, unrendered","no"
"MAC","China, Macao Special Administrative Region","Animal fats","Production","t",2003,41.95,"Cattle fat, unrendered","no"
"MAC","China, Macao Special Administrative Region","Animal fats","Production","t",2004,43.93,"Cattle fat, unrendered","no"
"MAC","China, Macao Special Administrative Region","Animal fats","Production","t",2005,41.67,"Cattle fat, unrendered","no"
"MAC","China, Macao Special Administrative Region","Animal fats","Production","t",2006,48.21,"Cattle fat, unrendered","no"
"MAC","China, Macao Special Administrative Region","Animal fats","Production","t",2007,45.53,"Cattle fat, unrendered","no"
"MAC","China, Macao Special Administrative Region","Animal fats","Production","t",2008,31.56,"Cattle fat, unrendered","no"
"MAC","China, Macao Special Administrative Region","Animal fats","Production","t",2009,35.33,"Cattle fat, unrendered","no"
"MAC","China, Macao Special Administrative Region","Animal fats","Production","t",2010,34.94,"Cattle fat, unrendered","no"
"MAC","China, Macao Special Administrative Region","Animal fats","Production","t",2011,35.72,"Cattle fat, unrendered","no"
"MAC","China, Macao Special Administrative Region","Animal fats","Production","t",2012,30.66,"Cattle fat, unrendered","no"
"MAC","China, Macao Special Administrative Region","Animal fats","Production","t",2013,31.13,"Cattle fat, unrendered","no"
"MAC","China, Macao Special Administrative Region","Animal fats","Production","t",2014,32.48,"Cattle fat, unrendered","no"
"MAC","China, Macao Special Administrative Region","Animal fats","Production","t",2015,32.98,"Cattle fat, unrendered","no"
"MAC","China, Macao Special Administrative Region","Animal fats","Production","t",2016,32.42,"Cattle fat, unrendered","no"
"MAC","China, Macao Special Administrative Region","Animal fats","Production","t",2017,31.55,"Cattle fat, unrendered","no"
"MAC","China, Macao Special Administrative Region","Animal fats","Production","t",2018,30.75,"Cattle fat, unrendered","no"
"MAC","China, Macao Special Administrative Region","Animal fats","Production","t",2019,29.91,"Cattle fat, unrendered","no"
"MAC","China, Macao Special Administrative Region","Animal fats","Production","t",2020,29.75,"Cattle fat, unrendered","no"
"MAC","China, Macao Special Administrative Region","Animal fats","Production","t",2021,29.36,"Cattle fat, unrendered","no"
"MAC","China, Macao Special Administrative Region","Animal fats","Production","t",2022,28.9,"Cattle fat, unrendered","no"
"MAC","China, Macao Special Administrative Region","Animal fats","Production","t",2023,28.45,"Cattle fat, unrendered","no"
"MAC","China, Macao Special Administrative Region","Live animals","Stocks","1000 An",1992,450,"Chickens","no"
"MAC","China, Macao Special Administrative Region","Live animals","Stocks","1000 An",1993,460,"Chickens","no"
"MAC","China, Macao Special Administrative Region","Live animals","Stocks","1000 An",1994,430,"Chickens","no"
"MAC","China, Macao Special Administrative Region","Live animals","Stocks","1000 An",1995,430,"Chickens","no"
"MAC","China, Macao Special Administrative Region","Live animals","Stocks","1000 An",1996,420,"Chickens","no"
"MAC","China, Macao Special Administrative Region","Live animals","Stocks","1000 An",1997,420,"Chickens","no"
"MAC","China, Macao Special Administrative Region","Live animals","Stocks","1000 An",1998,500,"Chickens","no"
"MAC","China, Macao Special Administrative Region","Live animals","Stocks","1000 An",1999,600,"Chickens","no"
"MAC","China, Macao Special Administrative Region","Live animals","Stocks","1000 An",2000,500,"Chickens","no"
"MAC","China, Macao Special Administrative Region","Live animals","Stocks","1000 An",2001,600,"Chickens","no"
"MAC","China, Macao Special Administrative Region","Live animals","Stocks","1000 An",2002,600,"Chickens","no"
"MAC","China, Macao Special Administrative Region","Live animals","Stocks","1000 An",2003,700,"Chickens","no"
"MAC","China, Macao Special Administrative Region","Live animals","Stocks","1000 An",2004,600,"Chickens","no"
"MAC","China, Macao Special Administrative Region","Live animals","Stocks","1000 An",2005,700,"Chickens","no"
"MAC","China, Macao Special Administrative Region","Live animals","Stocks","1000 An",2006,700,"Chickens","no"
"MAC","China, Macao Special Administrative Region","Live animals","Stocks","1000 An",2007,780,"Chickens","no"
"MAC","China, Macao Special Administrative Region","Live animals","Stocks","1000 An",2008,700,"Chickens","no"
"MAC","China, Macao Special Administrative Region","Live animals","Stocks","1000 An",2009,700,"Chickens","no"
"MAC","China, Macao Special Administrative Region","Live animals","Stocks","1000 An",2010,700,"Chickens","no"
"MAC","China, Macao Special Administrative Region","Live animals","Stocks","1000 An",2011,700,"Chickens","no"
"MAC","China, Macao Special Administrative Region","Live animals","Stocks","1000 An",2012,750,"Chickens","no"
"MAC","China, Macao Special Administrative Region","Live animals","Stocks","1000 An",2013,730,"Chickens","no"
"MAC","China, Macao Special Administrative Region","Live animals","Stocks","1000 An",2014,720,"Chickens","no"
"MAC","China, Macao Special Administrative Region","Live animals","Stocks","1000 An",2015,743,"Chickens","no"
"MAC","China, Macao Special Administrative Region","Live animals","Stocks","1000 An",2016,754,"Chickens","no"
"MAC","China, Macao Special Administrative Region","Live animals","Stocks","1000 An",2017,767,"Chickens","no"
"MAC","China, Macao Special Administrative Region","Live animals","Stocks","1000 An",2018,773,"Chickens","no"
"MAC","China, Macao Special Administrative Region","Live animals","Stocks","1000 An",2019,783,"Chickens","no"
"MAC","China, Macao Special Administrative Region","Live animals","Stocks","1000 An",2020,780,"Chickens","no"
"MAC","China, Macao Special Administrative Region","Live animals","Stocks","1000 An",2021,793,"Chickens","no"
"MAC","China, Macao Special Administrative Region","Live animals","Stocks","1000 An",2022,805,"Chickens","no"
"MAC","China, Macao Special Administrative Region","Live animals","Stocks","1000 An",2023,819,"Chickens","no"
"MAC","China, Macao Special Administrative Region","Stimulant, spice and aromatic crops","Area harvested","ha",1992,NA,"Chillies and peppers, dry (Capsicum spp., Pimenta spp.), raw","no"
"MAC","China, Macao Special Administrative Region","Stimulant, spice and aromatic crops","Area harvested","ha",1993,NA,"Chillies and peppers, dry (Capsicum spp., Pimenta spp.), raw","no"
"MAC","China, Macao Special Administrative Region","Stimulant, spice and aromatic crops","Area harvested","ha",1994,NA,"Chillies and peppers, dry (Capsicum spp., Pimenta spp.), raw","no"
"MAC","China, Macao Special Administrative Region","Stimulant, spice and aromatic crops","Area harvested","ha",1995,NA,"Chillies and peppers, dry (Capsicum spp., Pimenta spp.), raw","no"
"MAC","China, Macao Special Administrative Region","Stimulant, spice and aromatic crops","Area harvested","ha",1996,NA,"Chillies and peppers, dry (Capsicum spp., Pimenta spp.), raw","no"
"MAC","China, Macao Special Administrative Region","Stimulant, spice and aromatic crops","Area harvested","ha",1997,NA,"Chillies and peppers, dry (Capsicum spp., Pimenta spp.), raw","no"
"MAC","China, Macao Special Administrative Region","Stimulant, spice and aromatic crops","Area harvested","ha",1998,NA,"Chillies and peppers, dry (Capsicum spp., Pimenta spp.), raw","no"
"MAC","China, Macao Special Administrative Region","Stimulant, spice and aromatic crops","Area harvested","ha",1999,NA,"Chillies and peppers, dry (Capsicum spp., Pimenta spp.), raw","no"
"MAC","China, Macao Special Administrative Region","Stimulant, spice and aromatic crops","Area harvested","ha",2000,NA,"Chillies and peppers, dry (Capsicum spp., Pimenta spp.), raw","no"
"MAC","China, Macao Special Administrative Region","Stimulant, spice and aromatic crops","Area harvested","ha",2001,NA,"Chillies and peppers, dry (Capsicum spp., Pimenta spp.), raw","no"
"MAC","China, Macao Special Administrative Region","Stimulant, spice and aromatic crops","Area harvested","ha",2002,NA,"Chillies and peppers, dry (Capsicum spp., Pimenta spp.), raw","no"
"MAC","China, Macao Special Administrative Region","Stimulant, spice and aromatic crops","Area harvested","ha",2003,NA,"Chillies and peppers, dry (Capsicum spp., Pimenta spp.), raw","no"
"MAC","China, Macao Special Administrative Region","Stimulant, spice and aromatic crops","Area harvested","ha",2004,NA,"Chillies and peppers, dry (Capsicum spp., Pimenta spp.), raw","no"
"MAC","China, Macao Special Administrative Region","Stimulant, spice and aromatic crops","Area harvested","ha",2005,NA,"Chillies and peppers, dry (Capsicum spp., Pimenta spp.), raw","no"
"MAC","China, Macao Special Administrative Region","Stimulant, spice and aromatic crops","Area harvested","ha",2006,NA,"Chillies and peppers, dry (Capsicum spp., Pimenta spp.), raw","no"
"MAC","China, Macao Special Administrative Region","Stimulant, spice and aromatic crops","Area harvested","ha",2007,NA,"Chillies and peppers, dry (Capsicum spp., Pimenta spp.), raw","no"
"MAC","China, Macao Special Administrative Region","Stimulant, spice and aromatic crops","Area harvested","ha",2008,NA,"Chillies and peppers, dry (Capsicum spp., Pimenta spp.), raw","no"
"MAC","China, Macao Special Administrative Region","Stimulant, spice and aromatic crops","Area harvested","ha",2009,NA,"Chillies and peppers, dry (Capsicum spp., Pimenta spp.), raw","no"
"MAC","China, Macao Special Administrative Region","Stimulant, spice and aromatic crops","Area harvested","ha",2010,NA,"Chillies and peppers, dry (Capsicum spp., Pimenta spp.), raw","no"
"MAC","China, Macao Special Administrative Region","Stimulant, spice and aromatic crops","Area harvested","ha",2011,NA,"Chillies and peppers, dry (Capsicum spp., Pimenta spp.), raw","no"
"MAC","China, Macao Special Administrative Region","Stimulant, spice and aromatic crops","Area harvested","ha",2012,NA,"Chillies and peppers, dry (Capsicum spp., Pimenta spp.), raw","no"
"MAC","China, Macao Special Administrative Region","Stimulant, spice and aromatic crops","Area harvested","ha",2013,NA,"Chillies and peppers, dry (Capsicum spp., Pimenta spp.), raw","no"
"MAC","China, Macao Special Administrative Region","Stimulant, spice and aromatic crops","Area harvested","ha",2014,NA,"Chillies and peppers, dry (Capsicum spp., Pimenta spp.), raw","no"
"MAC","China, Macao Special Administrative Region","Stimulant, spice and aromatic crops","Area harvested","ha",2015,NA,"Chillies and peppers, dry (Capsicum spp., Pimenta spp.), raw","no"
"MAC","China, Macao Special Administrative Region","Stimulant, spice and aromatic crops","Area harvested","ha",2016,NA,"Chillies and peppers, dry (Capsicum spp., Pimenta spp.), raw","no"
"MAC","China, Macao Special Administrative Region","Stimulant, spice and aromatic crops","Area harvested","ha",2017,NA,"Chillies and peppers, dry (Capsicum spp., Pimenta spp.), raw","no"
"MAC","China, Macao Special Administrative Region","Stimulant, spice and aromatic crops","Area harvested","ha",2018,NA,"Chillies and peppers, dry (Capsicum spp., Pimenta spp.), raw","no"
"MAC","China, Macao Special Administrative Region","Stimulant, spice and aromatic crops","Area harvested","ha",2019,NA,"Chillies and peppers, dry (Capsicum spp., Pimenta spp.), raw","no"
"MAC","China, Macao Special Administrative Region","Stimulant, spice and aromatic crops","Area harvested","ha",2020,NA,"Chillies and peppers, dry (Capsicum spp., Pimenta spp.), raw","no"
"MAC","China, Macao Special Administrative Region","Stimulant, spice and aromatic crops","Area harvested","ha",2021,NA,"Chillies and peppers, dry (Capsicum spp., Pimenta spp.), raw","no"
"MAC","China, Macao Special Administrative Region","Stimulant, spice and aromatic crops","Area harvested","ha",2022,NA,"Chillies and peppers, dry (Capsicum spp., Pimenta spp.), raw","no"
"MAC","China, Macao Special Administrative Region","Stimulant, spice and aromatic crops","Area harvested","ha",2023,NA,"Chillies and peppers, dry (Capsicum spp., Pimenta spp.), raw","no"
"MAC","China, Macao Special Administrative Region","Stimulant, spice and aromatic crops","Production","t",1992,NA,"Chillies and peppers, dry (Capsicum spp., Pimenta spp.), raw","no"
"MAC","China, Macao Special Administrative Region","Stimulant, spice and aromatic crops","Production","t",1993,NA,"Chillies and peppers, dry (Capsicum spp., Pimenta spp.), raw","no"
"MAC","China, Macao Special Administrative Region","Stimulant, spice and aromatic crops","Production","t",1994,NA,"Chillies and peppers, dry (Capsicum spp., Pimenta spp.), raw","no"
"MAC","China, Macao Special Administrative Region","Stimulant, spice and aromatic crops","Production","t",1995,NA,"Chillies and peppers, dry (Capsicum spp., Pimenta spp.), raw","no"
"MAC","China, Macao Special Administrative Region","Stimulant, spice and aromatic crops","Production","t",1996,NA,"Chillies and peppers, dry (Capsicum spp., Pimenta spp.), raw","no"
"MAC","China, Macao Special Administrative Region","Stimulant, spice and aromatic crops","Production","t",1997,NA,"Chillies and peppers, dry (Capsicum spp., Pimenta spp.), raw","no"
"MAC","China, Macao Special Administrative Region","Stimulant, spice and aromatic crops","Production","t",1998,NA,"Chillies and peppers, dry (Capsicum spp., Pimenta spp.), raw","no"
"MAC","China, Macao Special Administrative Region","Stimulant, spice and aromatic crops","Production","t",1999,NA,"Chillies and peppers, dry (Capsicum spp., Pimenta spp.), raw","no"
"MAC","China, Macao Special Administrative Region","Stimulant, spice and aromatic crops","Production","t",2000,NA,"Chillies and peppers, dry (Capsicum spp., Pimenta spp.), raw","no"
"MAC","China, Macao Special Administrative Region","Stimulant, spice and aromatic crops","Production","t",2001,NA,"Chillies and peppers, dry (Capsicum spp., Pimenta spp.), raw","no"
"MAC","China, Macao Special Administrative Region","Stimulant, spice and aromatic crops","Production","t",2002,NA,"Chillies and peppers, dry (Capsicum spp., Pimenta spp.), raw","no"
"MAC","China, Macao Special Administrative Region","Stimulant, spice and aromatic crops","Production","t",2003,NA,"Chillies and peppers, dry (Capsicum spp., Pimenta spp.), raw","no"
"MAC","China, Macao Special Administrative Region","Stimulant, spice and aromatic crops","Production","t",2004,NA,"Chillies and peppers, dry (Capsicum spp., Pimenta spp.), raw","no"
"MAC","China, Macao Special Administrative Region","Stimulant, spice and aromatic crops","Production","t",2005,NA,"Chillies and peppers, dry (Capsicum spp., Pimenta spp.), raw","no"
"MAC","China, Macao Special Administrative Region","Stimulant, spice and aromatic crops","Production","t",2006,NA,"Chillies and peppers, dry (Capsicum spp., Pimenta spp.), raw","no"
"MAC","China, Macao Special Administrative Region","Stimulant, spice and aromatic crops","Production","t",2007,NA,"Chillies and peppers, dry (Capsicum spp., Pimenta spp.), raw","no"
"MAC","China, Macao Special Administrative Region","Stimulant, spice and aromatic crops","Production","t",2008,NA,"Chillies and peppers, dry (Capsicum spp., Pimenta spp.), raw","no"
"MAC","China, Macao Special Administrative Region","Stimulant, spice and aromatic crops","Production","t",2009,NA,"Chillies and peppers, dry (Capsicum spp., Pimenta spp.), raw","no"
"MAC","China, Macao Special Administrative Region","Stimulant, spice and aromatic crops","Production","t",2010,NA,"Chillies and peppers, dry (Capsicum spp., Pimenta spp.), raw","no"
"MAC","China, Macao Special Administrative Region","Stimulant, spice and aromatic crops","Production","t",2011,NA,"Chillies and peppers, dry (Capsicum spp., Pimenta spp.), raw","no"
"MAC","China, Macao Special Administrative Region","Stimulant, spice and aromatic crops","Production","t",2012,NA,"Chillies and peppers, dry (Capsicum spp., Pimenta spp.), raw","no"
"MAC","China, Macao Special Administrative Region","Stimulant, spice and aromatic crops","Production","t",2013,NA,"Chillies and peppers, dry (Capsicum spp., Pimenta spp.), raw","no"
"MAC","China, Macao Special Administrative Region","Stimulant, spice and aromatic crops","Production","t",2014,NA,"Chillies and peppers, dry (Capsicum spp., Pimenta spp.), raw","no"
"MAC","China, Macao Special Administrative Region","Stimulant, spice and aromatic crops","Production","t",2015,NA,"Chillies and peppers, dry (Capsicum spp., Pimenta spp.), raw","no"
"MAC","China, Macao Special Administrative Region","Stimulant, spice and aromatic crops","Production","t",2016,NA,"Chillies and peppers, dry (Capsicum spp., Pimenta spp.), raw","no"
"MAC","China, Macao Special Administrative Region","Stimulant, spice and aromatic crops","Production","t",2017,NA,"Chillies and peppers, dry (Capsicum spp., Pimenta spp.), raw","no"
"MAC","China, Macao Special Administrative Region","Stimulant, spice and aromatic crops","Production","t",2018,NA,"Chillies and peppers, dry (Capsicum spp., Pimenta spp.), raw","no"
"MAC","China, Macao Special Administrative Region","Stimulant, spice and aromatic crops","Production","t",2019,NA,"Chillies and peppers, dry (Capsicum spp., Pimenta spp.), raw","no"
"MAC","China, Macao Special Administrative Region","Stimulant, spice and aromatic crops","Production","t",2020,NA,"Chillies and peppers, dry (Capsicum spp., Pimenta spp.), raw","no"
"MAC","China, Macao Special Administrative Region","Stimulant, spice and aromatic crops","Production","t",2021,NA,"Chillies and peppers, dry (Capsicum spp., Pimenta spp.), raw","no"
"MAC","China, Macao Special Administrative Region","Stimulant, spice and aromatic crops","Production","t",2022,NA,"Chillies and peppers, dry (Capsicum spp., Pimenta spp.), raw","no"
"MAC","China, Macao Special Administrative Region","Stimulant, spice and aromatic crops","Production","t",2023,NA,"Chillies and peppers, dry (Capsicum spp., Pimenta spp.), raw","no"
"MAC","China, Macao Special Administrative Region","Stimulant, spice and aromatic crops","Area harvested","ha",1992,NA,"Cinnamon and cinnamon-tree flowers, raw","no"
"MAC","China, Macao Special Administrative Region","Stimulant, spice and aromatic crops","Area harvested","ha",1993,NA,"Cinnamon and cinnamon-tree flowers, raw","no"
"MAC","China, Macao Special Administrative Region","Stimulant, spice and aromatic crops","Area harvested","ha",1994,NA,"Cinnamon and cinnamon-tree flowers, raw","no"
"MAC","China, Macao Special Administrative Region","Stimulant, spice and aromatic crops","Area harvested","ha",1995,NA,"Cinnamon and cinnamon-tree flowers, raw","no"
"MAC","China, Macao Special Administrative Region","Stimulant, spice and aromatic crops","Area harvested","ha",1996,NA,"Cinnamon and cinnamon-tree flowers, raw","no"
"MAC","China, Macao Special Administrative Region","Stimulant, spice and aromatic crops","Area harvested","ha",1997,NA,"Cinnamon and cinnamon-tree flowers, raw","no"
"MAC","China, Macao Special Administrative Region","Stimulant, spice and aromatic crops","Area harvested","ha",1998,NA,"Cinnamon and cinnamon-tree flowers, raw","no"
"MAC","China, Macao Special Administrative Region","Stimulant, spice and aromatic crops","Area harvested","ha",1999,NA,"Cinnamon and cinnamon-tree flowers, raw","no"
"MAC","China, Macao Special Administrative Region","Stimulant, spice and aromatic crops","Area harvested","ha",2000,NA,"Cinnamon and cinnamon-tree flowers, raw","no"
"MAC","China, Macao Special Administrative Region","Stimulant, spice and aromatic crops","Area harvested","ha",2001,NA,"Cinnamon and cinnamon-tree flowers, raw","no"
"MAC","China, Macao Special Administrative Region","Stimulant, spice and aromatic crops","Area harvested","ha",2002,NA,"Cinnamon and cinnamon-tree flowers, raw","no"
"MAC","China, Macao Special Administrative Region","Stimulant, spice and aromatic crops","Area harvested","ha",2003,NA,"Cinnamon and cinnamon-tree flowers, raw","no"
"MAC","China, Macao Special Administrative Region","Stimulant, spice and aromatic crops","Area harvested","ha",2004,NA,"Cinnamon and cinnamon-tree flowers, raw","no"
"MAC","China, Macao Special Administrative Region","Stimulant, spice and aromatic crops","Area harvested","ha",2005,NA,"Cinnamon and cinnamon-tree flowers, raw","no"
"MAC","China, Macao Special Administrative Region","Stimulant, spice and aromatic crops","Area harvested","ha",2006,NA,"Cinnamon and cinnamon-tree flowers, raw","no"
"MAC","China, Macao Special Administrative Region","Stimulant, spice and aromatic crops","Area harvested","ha",2007,NA,"Cinnamon and cinnamon-tree flowers, raw","no"
"MAC","China, Macao Special Administrative Region","Stimulant, spice and aromatic crops","Area harvested","ha",2008,NA,"Cinnamon and cinnamon-tree flowers, raw","no"
"MAC","China, Macao Special Administrative Region","Stimulant, spice and aromatic crops","Area harvested","ha",2009,NA,"Cinnamon and cinnamon-tree flowers, raw","no"
"MAC","China, Macao Special Administrative Region","Stimulant, spice and aromatic crops","Area harvested","ha",2010,NA,"Cinnamon and cinnamon-tree flowers, raw","no"
"MAC","China, Macao Special Administrative Region","Stimulant, spice and aromatic crops","Area harvested","ha",2011,NA,"Cinnamon and cinnamon-tree flowers, raw","no"
"MAC","China, Macao Special Administrative Region","Stimulant, spice and aromatic crops","Area harvested","ha",2012,NA,"Cinnamon and cinnamon-tree flowers, raw","no"
"MAC","China, Macao Special Administrative Region","Stimulant, spice and aromatic crops","Area harvested","ha",2013,NA,"Cinnamon and cinnamon-tree flowers, raw","no"
"MAC","China, Macao Special Administrative Region","Stimulant, spice and aromatic crops","Area harvested","ha",2014,NA,"Cinnamon and cinnamon-tree flowers, raw","no"
"MAC","China, Macao Special Administrative Region","Stimulant, spice and aromatic crops","Area harvested","ha",2015,NA,"Cinnamon and cinnamon-tree flowers, raw","no"
"MAC","China, Macao Special Administrative Region","Stimulant, spice and aromatic crops","Area harvested","ha",2016,NA,"Cinnamon and cinnamon-tree flowers, raw","no"
"MAC","China, Macao Special Administrative Region","Stimulant, spice and aromatic crops","Area harvested","ha",2017,NA,"Cinnamon and cinnamon-tree flowers, raw","no"
"MAC","China, Macao Special Administrative Region","Stimulant, spice and aromatic crops","Area harvested","ha",2018,NA,"Cinnamon and cinnamon-tree flowers, raw","no"
"MAC","China, Macao Special Administrative Region","Stimulant, spice and aromatic crops","Area harvested","ha",2019,NA,"Cinnamon and cinnamon-tree flowers, raw","no"
"MAC","China, Macao Special Administrative Region","Stimulant, spice and aromatic crops","Area harvested","ha",2020,NA,"Cinnamon and cinnamon-tree flowers, raw","no"
"MAC","China, Macao Special Administrative Region","Stimulant, spice and aromatic crops","Area harvested","ha",2021,NA,"Cinnamon and cinnamon-tree flowers, raw","no"
"MAC","China, Macao Special Administrative Region","Stimulant, spice and aromatic crops","Area harvested","ha",2022,NA,"Cinnamon and cinnamon-tree flowers, raw","no"
"MAC","China, Macao Special Administrative Region","Stimulant, spice and aromatic crops","Area harvested","ha",2023,NA,"Cinnamon and cinnamon-tree flowers, raw","no"
"MAC","China, Macao Special Administrative Region","Stimulant, spice and aromatic crops","Production","t",1992,NA,"Cinnamon and cinnamon-tree flowers, raw","no"
"MAC","China, Macao Special Administrative Region","Stimulant, spice and aromatic crops","Production","t",1993,NA,"Cinnamon and cinnamon-tree flowers, raw","no"
"MAC","China, Macao Special Administrative Region","Stimulant, spice and aromatic crops","Production","t",1994,NA,"Cinnamon and cinnamon-tree flowers, raw","no"
"MAC","China, Macao Special Administrative Region","Stimulant, spice and aromatic crops","Production","t",1995,NA,"Cinnamon and cinnamon-tree flowers, raw","no"
"MAC","China, Macao Special Administrative Region","Stimulant, spice and aromatic crops","Production","t",1996,NA,"Cinnamon and cinnamon-tree flowers, raw","no"
"MAC","China, Macao Special Administrative Region","Stimulant, spice and aromatic crops","Production","t",1997,NA,"Cinnamon and cinnamon-tree flowers, raw","no"
"MAC","China, Macao Special Administrative Region","Stimulant, spice and aromatic crops","Production","t",1998,NA,"Cinnamon and cinnamon-tree flowers, raw","no"
"MAC","China, Macao Special Administrative Region","Stimulant, spice and aromatic crops","Production","t",1999,NA,"Cinnamon and cinnamon-tree flowers, raw","no"
"MAC","China, Macao Special Administrative Region","Stimulant, spice and aromatic crops","Production","t",2000,NA,"Cinnamon and cinnamon-tree flowers, raw","no"
"MAC","China, Macao Special Administrative Region","Stimulant, spice and aromatic crops","Production","t",2001,NA,"Cinnamon and cinnamon-tree flowers, raw","no"
"MAC","China, Macao Special Administrative Region","Stimulant, spice and aromatic crops","Production","t",2002,NA,"Cinnamon and cinnamon-tree flowers, raw","no"
"MAC","China, Macao Special Administrative Region","Stimulant, spice and aromatic crops","Production","t",2003,NA,"Cinnamon and cinnamon-tree flowers, raw","no"
"MAC","China, Macao Special Administrative Region","Stimulant, spice and aromatic crops","Production","t",2004,NA,"Cinnamon and cinnamon-tree flowers, raw","no"
"MAC","China, Macao Special Administrative Region","Stimulant, spice and aromatic crops","Production","t",2005,NA,"Cinnamon and cinnamon-tree flowers, raw","no"
"MAC","China, Macao Special Administrative Region","Stimulant, spice and aromatic crops","Production","t",2006,NA,"Cinnamon and cinnamon-tree flowers, raw","no"
"MAC","China, Macao Special Administrative Region","Stimulant, spice and aromatic crops","Production","t",2007,NA,"Cinnamon and cinnamon-tree flowers, raw","no"
"MAC","China, Macao Special Administrative Region","Stimulant, spice and aromatic crops","Production","t",2008,NA,"Cinnamon and cinnamon-tree flowers, raw","no"
"MAC","China, Macao Special Administrative Region","Stimulant, spice and aromatic crops","Production","t",2009,NA,"Cinnamon and cinnamon-tree flowers, raw","no"
"MAC","China, Macao Special Administrative Region","Stimulant, spice and aromatic crops","Production","t",2010,NA,"Cinnamon and cinnamon-tree flowers, raw","no"
"MAC","China, Macao Special Administrative Region","Stimulant, spice and aromatic crops","Production","t",2011,NA,"Cinnamon and cinnamon-tree flowers, raw","no"
"MAC","China, Macao Special Administrative Region","Stimulant, spice and aromatic crops","Production","t",2012,NA,"Cinnamon and cinnamon-tree flowers, raw","no"
"MAC","China, Macao Special Administrative Region","Stimulant, spice and aromatic crops","Production","t",2013,NA,"Cinnamon and cinnamon-tree flowers, raw","no"
"MAC","China, Macao Special Administrative Region","Stimulant, spice and aromatic crops","Production","t",2014,NA,"Cinnamon and cinnamon-tree flowers, raw","no"
"MAC","China, Macao Special Administrative Region","Stimulant, spice and aromatic crops","Production","t",2015,NA,"Cinnamon and cinnamon-tree flowers, raw","no"
"MAC","China, Macao Special Administrative Region","Stimulant, spice and aromatic crops","Production","t",2016,NA,"Cinnamon and cinnamon-tree flowers, raw","no"
"MAC","China, Macao Special Administrative Region","Stimulant, spice and aromatic crops","Production","t",2017,NA,"Cinnamon and cinnamon-tree flowers, raw","no"
"MAC","China, Macao Special Administrative Region","Stimulant, spice and aromatic crops","Production","t",2018,NA,"Cinnamon and cinnamon-tree flowers, raw","no"
"MAC","China, Macao Special Administrative Region","Stimulant, spice and aromatic crops","Production","t",2019,NA,"Cinnamon and cinnamon-tree flowers, raw","no"
"MAC","China, Macao Special Administrative Region","Stimulant, spice and aromatic crops","Production","t",2020,NA,"Cinnamon and cinnamon-tree flowers, raw","no"
"MAC","China, Macao Special Administrative Region","Stimulant, spice and aromatic crops","Production","t",2021,NA,"Cinnamon and cinnamon-tree flowers, raw","no"
"MAC","China, Macao Special Administrative Region","Stimulant, spice and aromatic crops","Production","t",2022,NA,"Cinnamon and cinnamon-tree flowers, raw","no"
"MAC","China, Macao Special Administrative Region","Stimulant, spice and aromatic crops","Production","t",2023,NA,"Cinnamon and cinnamon-tree flowers, raw","no"
"MAC","China, Macao Special Administrative Region","Meat and meat products","Production","t",1992,2.17,"Edible offal of buffalo, fresh, chilled or frozen","no"
"MAC","China, Macao Special Administrative Region","Meat and meat products","Production","t",1993,0.38,"Edible offal of buffalo, fresh, chilled or frozen","no"
"MAC","China, Macao Special Administrative Region","Meat and meat products","Production","t",1994,NA,"Edible offal of buffalo, fresh, chilled or frozen","no"
"MAC","China, Macao Special Administrative Region","Meat and meat products","Production","t",1995,0.78,"Edible offal of buffalo, fresh, chilled or frozen","no"
"MAC","China, Macao Special Administrative Region","Meat and meat products","Production","t",1996,NA,"Edible offal of buffalo, fresh, chilled or frozen","no"
"MAC","China, Macao Special Administrative Region","Meat and meat products","Production","t",1997,NA,"Edible offal of buffalo, fresh, chilled or frozen","no"
"MAC","China, Macao Special Administrative Region","Meat and meat products","Production","t",1998,NA,"Edible offal of buffalo, fresh, chilled or frozen","no"
"MAC","China, Macao Special Administrative Region","Meat and meat products","Production","t",1999,NA,"Edible offal of buffalo, fresh, chilled or frozen","no"
"MAC","China, Macao Special Administrative Region","Meat and meat products","Production","t",2000,NA,"Edible offal of buffalo, fresh, chilled or frozen","no"
"MAC","China, Macao Special Administrative Region","Meat and meat products","Production","t",2001,NA,"Edible offal of buffalo, fresh, chilled or frozen","no"
"MAC","China, Macao Special Administrative Region","Meat and meat products","Production","t",2002,NA,"Edible offal of buffalo, fresh, chilled or frozen","no"
"MAC","China, Macao Special Administrative Region","Meat and meat products","Production","t",2003,NA,"Edible offal of buffalo, fresh, chilled or frozen","no"
"MAC","China, Macao Special Administrative Region","Meat and meat products","Production","t",2004,NA,"Edible offal of buffalo, fresh, chilled or frozen","no"
"MAC","China, Macao Special Administrative Region","Meat and meat products","Production","t",2005,NA,"Edible offal of buffalo, fresh, chilled or frozen","no"
"MAC","China, Macao Special Administrative Region","Meat and meat products","Production","t",2006,NA,"Edible offal of buffalo, fresh, chilled or frozen","no"
"MAC","China, Macao Special Administrative Region","Meat and meat products","Production","t",2007,NA,"Edible offal of buffalo, fresh, chilled or frozen","no"
"MAC","China, Macao Special Administrative Region","Meat and meat products","Production","t",2008,NA,"Edible offal of buffalo, fresh, chilled or frozen","no"
"MAC","China, Macao Special Administrative Region","Meat and meat products","Production","t",2009,NA,"Edible offal of buffalo, fresh, chilled or frozen","no"
"MAC","China, Macao Special Administrative Region","Meat and meat products","Production","t",2010,NA,"Edible offal of buffalo, fresh, chilled or frozen","no"
"MAC","China, Macao Special Administrative Region","Meat and meat products","Production","t",2011,NA,"Edible offal of buffalo, fresh, chilled or frozen","no"
"MAC","China, Macao Special Administrative Region","Meat and meat products","Production","t",2012,NA,"Edible offal of buffalo, fresh, chilled or frozen","no"
"MAC","China, Macao Special Administrative Region","Meat and meat products","Production","t",2013,NA,"Edible offal of buffalo, fresh, chilled or frozen","no"
"MAC","China, Macao Special Administrative Region","Meat and meat products","Production","t",2014,NA,"Edible offal of buffalo, fresh, chilled or frozen","no"
"MAC","China, Macao Special Administrative Region","Meat and meat products","Production","t",2015,NA,"Edible offal of buffalo, fresh, chilled or frozen","no"
"MAC","China, Macao Special Administrative Region","Meat and meat products","Production","t",2016,NA,"Edible offal of buffalo, fresh, chilled or frozen","no"
"MAC","China, Macao Special Administrative Region","Meat and meat products","Production","t",2017,NA,"Edible offal of buffalo, fresh, chilled or frozen","no"
"MAC","China, Macao Special Administrative Region","Meat and meat products","Production","t",2018,NA,"Edible offal of buffalo, fresh, chilled or frozen","no"
"MAC","China, Macao Special Administrative Region","Meat and meat products","Production","t",2019,NA,"Edible offal of buffalo, fresh, chilled or frozen","no"
"MAC","China, Macao Special Administrative Region","Meat and meat products","Production","t",2020,NA,"Edible offal of buffalo, fresh, chilled or frozen","no"
"MAC","China, Macao Special Administrative Region","Meat and meat products","Production","t",2021,NA,"Edible offal of buffalo, fresh, chilled or frozen","no"
"MAC","China, Macao Special Administrative Region","Meat and meat products","Production","t",2022,NA,"Edible offal of buffalo, fresh, chilled or frozen","no"
"MAC","China, Macao Special Administrative Region","Meat and meat products","Production","t",2023,NA,"Edible offal of buffalo, fresh, chilled or frozen","no"
"MAC","China, Macao Special Administrative Region","Meat and meat products","Production","t",1992,260.64,"Edible offal of cattle, fresh, chilled or frozen","no"
"MAC","China, Macao Special Administrative Region","Meat and meat products","Production","t",1993,259.68,"Edible offal of cattle, fresh, chilled or frozen","no"
"MAC","China, Macao Special Administrative Region","Meat and meat products","Production","t",1994,252.56,"Edible offal of cattle, fresh, chilled or frozen","no"
"MAC","China, Macao Special Administrative Region","Meat and meat products","Production","t",1995,212.89,"Edible offal of cattle, fresh, chilled or frozen","no"
"MAC","China, Macao Special Administrative Region","Meat and meat products","Production","t",1996,221.21,"Edible offal of cattle, fresh, chilled or frozen","no"
"MAC","China, Macao Special Administrative Region","Meat and meat products","Production","t",1997,167.88,"Edible offal of cattle, fresh, chilled or frozen","no"
"MAC","China, Macao Special Administrative Region","Meat and meat products","Production","t",1998,179.26,"Edible offal of cattle, fresh, chilled or frozen","no"
"MAC","China, Macao Special Administrative Region","Meat and meat products","Production","t",1999,171.6,"Edible offal of cattle, fresh, chilled or frozen","no"
"MAC","China, Macao Special Administrative Region","Meat and meat products","Production","t",2000,164.35,"Edible offal of cattle, fresh, chilled or frozen","no"
"MAC","China, Macao Special Administrative Region","Meat and meat products","Production","t",2001,179.33,"Edible offal of cattle, fresh, chilled or frozen","no"
"MAC","China, Macao Special Administrative Region","Meat and meat products","Production","t",2002,171.14,"Edible offal of cattle, fresh, chilled or frozen","no"
"MAC","China, Macao Special Administrative Region","Meat and meat products","Production","t",2003,169.88,"Edible offal of cattle, fresh, chilled or frozen","no"
"MAC","China, Macao Special Administrative Region","Meat and meat products","Production","t",2004,177.92,"Edible offal of cattle, fresh, chilled or frozen","no"
"MAC","China, Macao Special Administrative Region","Meat and meat products","Production","t",2005,168.78,"Edible offal of cattle, fresh, chilled or frozen","no"
"MAC","China, Macao Special Administrative Region","Meat and meat products","Production","t",2006,195.25,"Edible offal of cattle, fresh, chilled or frozen","no"
"MAC","China, Macao Special Administrative Region","Meat and meat products","Production","t",2007,184.38,"Edible offal of cattle, fresh, chilled or frozen","no"
"MAC","China, Macao Special Administrative Region","Meat and meat products","Production","t",2008,127.8,"Edible offal of cattle, fresh, chilled or frozen","no"
"MAC","China, Macao Special Administrative Region","Meat and meat products","Production","t",2009,143.09,"Edible offal of cattle, fresh, chilled or frozen","no"
"MAC","China, Macao Special Administrative Region","Meat and meat products","Production","t",2010,141.51,"Edible offal of cattle, fresh, chilled or frozen","no"
"MAC","China, Macao Special Administrative Region","Meat and meat products","Production","t",2011,144.67,"Edible offal of cattle, fresh, chilled or frozen","no"
"MAC","China, Macao Special Administrative Region","Meat and meat products","Production","t",2012,124.18,"Edible offal of cattle, fresh, chilled or frozen","no"
"MAC","China, Macao Special Administrative Region","Meat and meat products","Production","t",2013,126.07,"Edible offal of cattle, fresh, chilled or frozen","no"
"MAC","China, Macao Special Administrative Region","Meat and meat products","Production","t",2014,131.53,"Edible offal of cattle, fresh, chilled or frozen","no"
"MAC","China, Macao Special Administrative Region","Meat and meat products","Production","t",2015,133.55,"Edible offal of cattle, fresh, chilled or frozen","no"
"MAC","China, Macao Special Administrative Region","Meat and meat products","Production","t",2016,131.29,"Edible offal of cattle, fresh, chilled or frozen","no"
"MAC","China, Macao Special Administrative Region","Meat and meat products","Production","t",2017,127.78,"Edible offal of cattle, fresh, chilled or frozen","no"
"MAC","China, Macao Special Administrative Region","Meat and meat products","Production","t",2018,124.53,"Edible offal of cattle, fresh, chilled or frozen","no"
"MAC","China, Macao Special Administrative Region","Meat and meat products","Production","t",2019,121.13,"Edible offal of cattle, fresh, chilled or frozen","no"
"MAC","China, Macao Special Administrative Region","Meat and meat products","Production","t",2020,120.48,"Edible offal of cattle, fresh, chilled or frozen","no"
"MAC","China, Macao Special Administrative Region","Meat and meat products","Production","t",2021,118.91,"Edible offal of cattle, fresh, chilled or frozen","no"
"MAC","China, Macao Special Administrative Region","Meat and meat products","Production","t",2022,117.06,"Edible offal of cattle, fresh, chilled or frozen","no"
"MAC","China, Macao Special Administrative Region","Meat and meat products","Production","t",2023,115.21,"Edible offal of cattle, fresh, chilled or frozen","no"
"MAC","China, Macao Special Administrative Region","Meat and meat products","Production","t",1992,0.06,"Edible offal of goat, fresh, chilled or frozen","no"
"MAC","China, Macao Special Administrative Region","Meat and meat products","Production","t",1993,0.05,"Edible offal of goat, fresh, chilled or frozen","no"
"MAC","China, Macao Special Administrative Region","Meat and meat products","Production","t",1994,NA,"Edible offal of goat, fresh, chilled or frozen","no"
"MAC","China, Macao Special Administrative Region","Meat and meat products","Production","t",1995,0.03,"Edible offal of goat, fresh, chilled or frozen","no"
"MAC","China, Macao Special Administrative Region","Meat and meat products","Production","t",1996,0,"Edible offal of goat, fresh, chilled or frozen","no"
"MAC","China, Macao Special Administrative Region","Meat and meat products","Production","t",1997,NA,"Edible offal of goat, fresh, chilled or frozen","no"
"MAC","China, Macao Special Administrative Region","Meat and meat products","Production","t",1998,0.39,"Edible offal of goat, fresh, chilled or frozen","no"
"MAC","China, Macao Special Administrative Region","Meat and meat products","Production","t",1999,7.67,"Edible offal of goat, fresh, chilled or frozen","no"
"MAC","China, Macao Special Administrative Region","Meat and meat products","Production","t",2000,4.64,"Edible offal of goat, fresh, chilled or frozen","no"
"MAC","China, Macao Special Administrative Region","Meat and meat products","Production","t",2001,4.63,"Edible offal of goat, fresh, chilled or frozen","no"
"MAC","China, Macao Special Administrative Region","Meat and meat products","Production","t",2002,4.44,"Edible offal of goat, fresh, chilled or frozen","no"
"MAC","China, Macao Special Administrative Region","Meat and meat products","Production","t",2003,4.63,"Edible offal of goat, fresh, chilled or frozen","no"
"MAC","China, Macao Special Administrative Region","Meat and meat products","Production","t",2004,4.25,"Edible offal of goat, fresh, chilled or frozen","no"
"MAC","China, Macao Special Administrative Region","Meat and meat products","Production","t",2005,4.83,"Edible offal of goat, fresh, chilled or frozen","no"
"MAC","China, Macao Special Administrative Region","Meat and meat products","Production","t",2006,3.67,"Edible offal of goat, fresh, chilled or frozen","no"
"MAC","China, Macao Special Administrative Region","Meat and meat products","Production","t",2007,1.93,"Edible offal of goat, fresh, chilled or frozen","no"
"MAC","China, Macao Special Administrative Region","Meat and meat products","Production","t",2008,2.66,"Edible offal of goat, fresh, chilled or frozen","no"
"MAC","China, Macao Special Administrative Region","Meat and meat products","Production","t",2009,4.21,"Edible offal of goat, fresh, chilled or frozen","no"
"MAC","China, Macao Special Administrative Region","Meat and meat products","Production","t",2010,3.94,"Edible offal of goat, fresh, chilled or frozen","no"
"MAC","China, Macao Special Administrative Region","Meat and meat products","Production","t",2011,4.04,"Edible offal of goat, fresh, chilled or frozen","no"
"MAC","China, Macao Special Administrative Region","Meat and meat products","Production","t",2012,4.14,"Edible offal of goat, fresh, chilled or frozen","no"
"MAC","China, Macao Special Administrative Region","Meat and meat products","Production","t",2013,4.24,"Edible offal of goat, fresh, chilled or frozen","no"
"MAC","China, Macao Special Administrative Region","Meat and meat products","Production","t",2014,4.54,"Edible offal of goat, fresh, chilled or frozen","no"
"MAC","China, Macao Special Administrative Region","Meat and meat products","Production","t",2015,4.67,"Edible offal of goat, fresh, chilled or frozen","no"
"MAC","China, Macao Special Administrative Region","Meat and meat products","Production","t",2016,4.84,"Edible offal of goat, fresh, chilled or frozen","no"
"MAC","China, Macao Special Administrative Region","Meat and meat products","Production","t",2017,4.99,"Edible offal of goat, fresh, chilled or frozen","no"
"MAC","China, Macao Special Administrative Region","Meat and meat products","Production","t",2018,5.12,"Edible offal of goat, fresh, chilled or frozen","no"
"MAC","China, Macao Special Administrative Region","Meat and meat products","Production","t",2019,5.23,"Edible offal of goat, fresh, chilled or frozen","no"
"MAC","China, Macao Special Administrative Region","Meat and meat products","Production","t",2020,5.21,"Edible offal of goat, fresh, chilled or frozen","no"
"MAC","China, Macao Special Administrative Region","Meat and meat products","Production","t",2021,5.09,"Edible offal of goat, fresh, chilled or frozen","no"
"MAC","China, Macao Special Administrative Region","Meat and meat products","Production","t",2022,5.15,"Edible offal of goat, fresh, chilled or frozen","no"
"MAC","China, Macao Special Administrative Region","Meat and meat products","Production","t",2023,5.21,"Edible offal of goat, fresh, chilled or frozen","no"
"MAC","China, Macao Special Administrative Region","Meat and meat products","Production","t",1992,572.58,"Edible offal of pigs, fresh, chilled or frozen","no"
"MAC","China, Macao Special Administrative Region","Meat and meat products","Production","t",1993,587.26,"Edible offal of pigs, fresh, chilled or frozen","no"
"MAC","China, Macao Special Administrative Region","Meat and meat products","Production","t",1994,660.66,"Edible offal of pigs, fresh, chilled or frozen","no"
"MAC","China, Macao Special Administrative Region","Meat and meat products","Production","t",1995,668.01,"Edible offal of pigs, fresh, chilled or frozen","no"
"MAC","China, Macao Special Administrative Region","Meat and meat products","Production","t",1996,682.69,"Edible offal of pigs, fresh, chilled or frozen","no"
"MAC","China, Macao Special Administrative Region","Meat and meat products","Production","t",1997,770.78,"Edible offal of pigs, fresh, chilled or frozen","no"
"MAC","China, Macao Special Administrative Region","Meat and meat products","Production","t",1998,782.08,"Edible offal of pigs, fresh, chilled or frozen","no"
"MAC","China, Macao Special Administrative Region","Meat and meat products","Production","t",1999,733.12,"Edible offal of pigs, fresh, chilled or frozen","no"
"MAC","China, Macao Special Administrative Region","Meat and meat products","Production","t",2000,735.76,"Edible offal of pigs, fresh, chilled or frozen","no"
"MAC","China, Macao Special Administrative Region","Meat and meat products","Production","t",2001,756.31,"Edible offal of pigs, fresh, chilled or frozen","no"
"MAC","China, Macao Special Administrative Region","Meat and meat products","Production","t",2002,691.64,"Edible offal of pigs, fresh, chilled or frozen","no"
"MAC","China, Macao Special Administrative Region","Meat and meat products","Production","t",2003,706.69,"Edible offal of pigs, fresh, chilled or frozen","no"
"MAC","China, Macao Special Administrative Region","Meat and meat products","Production","t",2004,703.31,"Edible offal of pigs, fresh, chilled or frozen","no"
"MAC","China, Macao Special Administrative Region","Meat and meat products","Production","t",2005,694.29,"Edible offal of pigs, fresh, chilled or frozen","no"
"MAC","China, Macao Special Administrative Region","Meat and meat products","Production","t",2006,686.65,"Edible offal of pigs, fresh, chilled or frozen","no"
"MAC","China, Macao Special Administrative Region","Meat and meat products","Production","t",2007,676.3,"Edible offal of pigs, fresh, chilled or frozen","no"
"MAC","China, Macao Special Administrative Region","Meat and meat products","Production","t",2008,551.73,"Edible offal of pigs, fresh, chilled or frozen","no"
"MAC","China, Macao Special Administrative Region","Meat and meat products","Production","t",2009,528.53,"Edible offal of pigs, fresh, chilled or frozen","no"
"MAC","China, Macao Special Administrative Region","Meat and meat products","Production","t",2010,513.7,"Edible offal of pigs, fresh, chilled or frozen","no"
"MAC","China, Macao Special Administrative Region","Meat and meat products","Production","t",2011,576.91,"Edible offal of pigs, fresh, chilled or frozen","no"
"MAC","China, Macao Special Administrative Region","Meat and meat products","Production","t",2012,608.69,"Edible offal of pigs, fresh, chilled or frozen","no"
"MAC","China, Macao Special Administrative Region","Meat and meat products","Production","t",2013,609.28,"Edible offal of pigs, fresh, chilled or frozen","no"
"MAC","China, Macao Special Administrative Region","Meat and meat products","Production","t",2014,586.1,"Edible offal of pigs, fresh, chilled or frozen","no"
"MAC","China, Macao Special Administrative Region","Meat and meat products","Production","t",2015,528.72,"Edible offal of pigs, fresh, chilled or frozen","no"
"MAC","China, Macao Special Administrative Region","Meat and meat products","Production","t",2016,487.93,"Edible offal of pigs, fresh, chilled or frozen","no"
"MAC","China, Macao Special Administrative Region","Meat and meat products","Production","t",2017,454.35,"Edible offal of pigs, fresh, chilled or frozen","no"
"MAC","China, Macao Special Administrative Region","Meat and meat products","Production","t",2018,420.79,"Edible offal of pigs, fresh, chilled or frozen","no"
"MAC","China, Macao Special Administrative Region","Meat and meat products","Production","t",2019,367.04,"Edible offal of pigs, fresh, chilled or frozen","no"
"MAC","China, Macao Special Administrative Region","Meat and meat products","Production","t",2020,367.04,"Edible offal of pigs, fresh, chilled or frozen","no"
"MAC","China, Macao Special Administrative Region","Meat and meat products","Production","t",2021,367.04,"Edible offal of pigs, fresh, chilled or frozen","no"
"MAC","China, Macao Special Administrative Region","Meat and meat products","Production","t",2022,367.04,"Edible offal of pigs, fresh, chilled or frozen","no"
"MAC","China, Macao Special Administrative Region","Meat and meat products","Production","t",2023,367.04,"Edible offal of pigs, fresh, chilled or frozen","no"
"MAC","China, Macao Special Administrative Region","Edible roots and tubers with high starch or inulin content","Area harvested","ha",1992,NA,"Edible roots and tubers with high starch or inulin content, n.e.c., fresh","no"
"MAC","China, Macao Special Administrative Region","Edible roots and tubers with high starch or inulin content","Area harvested","ha",1993,NA,"Edible roots and tubers with high starch or inulin content, n.e.c., fresh","no"
"MAC","China, Macao Special Administrative Region","Edible roots and tubers with high starch or inulin content","Area harvested","ha",1994,NA,"Edible roots and tubers with high starch or inulin content, n.e.c., fresh","no"
"MAC","China, Macao Special Administrative Region","Edible roots and tubers with high starch or inulin content","Area harvested","ha",1995,NA,"Edible roots and tubers with high starch or inulin content, n.e.c., fresh","no"
"MAC","China, Macao Special Administrative Region","Edible roots and tubers with high starch or inulin content","Area harvested","ha",1996,NA,"Edible roots and tubers with high starch or inulin content, n.e.c., fresh","no"
"MAC","China, Macao Special Administrative Region","Edible roots and tubers with high starch or inulin content","Area harvested","ha",1997,NA,"Edible roots and tubers with high starch or inulin content, n.e.c., fresh","no"
"MAC","China, Macao Special Administrative Region","Edible roots and tubers with high starch or inulin content","Area harvested","ha",1998,NA,"Edible roots and tubers with high starch or inulin content, n.e.c., fresh","no"
"MAC","China, Macao Special Administrative Region","Edible roots and tubers with high starch or inulin content","Area harvested","ha",1999,NA,"Edible roots and tubers with high starch or inulin content, n.e.c., fresh","no"
"MAC","China, Macao Special Administrative Region","Edible roots and tubers with high starch or inulin content","Area harvested","ha",2000,NA,"Edible roots and tubers with high starch or inulin content, n.e.c., fresh","no"
"MAC","China, Macao Special Administrative Region","Edible roots and tubers with high starch or inulin content","Area harvested","ha",2001,NA,"Edible roots and tubers with high starch or inulin content, n.e.c., fresh","no"
"MAC","China, Macao Special Administrative Region","Edible roots and tubers with high starch or inulin content","Area harvested","ha",2002,NA,"Edible roots and tubers with high starch or inulin content, n.e.c., fresh","no"
"MAC","China, Macao Special Administrative Region","Edible roots and tubers with high starch or inulin content","Area harvested","ha",2003,NA,"Edible roots and tubers with high starch or inulin content, n.e.c., fresh","no"
"MAC","China, Macao Special Administrative Region","Edible roots and tubers with high starch or inulin content","Area harvested","ha",2004,NA,"Edible roots and tubers with high starch or inulin content, n.e.c., fresh","no"
"MAC","China, Macao Special Administrative Region","Edible roots and tubers with high starch or inulin content","Area harvested","ha",2005,NA,"Edible roots and tubers with high starch or inulin content, n.e.c., fresh","no"
"MAC","China, Macao Special Administrative Region","Edible roots and tubers with high starch or inulin content","Area harvested","ha",2006,NA,"Edible roots and tubers with high starch or inulin content, n.e.c., fresh","no"
"MAC","China, Macao Special Administrative Region","Edible roots and tubers with high starch or inulin content","Area harvested","ha",2007,NA,"Edible roots and tubers with high starch or inulin content, n.e.c., fresh","no"
"MAC","China, Macao Special Administrative Region","Edible roots and tubers with high starch or inulin content","Area harvested","ha",2008,NA,"Edible roots and tubers with high starch or inulin content, n.e.c., fresh","no"
"MAC","China, Macao Special Administrative Region","Edible roots and tubers with high starch or inulin content","Area harvested","ha",2009,NA,"Edible roots and tubers with high starch or inulin content, n.e.c., fresh","no"
"MAC","China, Macao Special Administrative Region","Edible roots and tubers with high starch or inulin content","Area harvested","ha",2010,NA,"Edible roots and tubers with high starch or inulin content, n.e.c., fresh","no"
"MAC","China, Macao Special Administrative Region","Edible roots and tubers with high starch or inulin content","Area harvested","ha",2011,NA,"Edible roots and tubers with high starch or inulin content, n.e.c., fresh","no"
"MAC","China, Macao Special Administrative Region","Edible roots and tubers with high starch or inulin content","Area harvested","ha",2012,NA,"Edible roots and tubers with high starch or inulin content, n.e.c., fresh","no"
"MAC","China, Macao Special Administrative Region","Edible roots and tubers with high starch or inulin content","Area harvested","ha",2013,NA,"Edible roots and tubers with high starch or inulin content, n.e.c., fresh","no"
"MAC","China, Macao Special Administrative Region","Edible roots and tubers with high starch or inulin content","Area harvested","ha",2014,NA,"Edible roots and tubers with high starch or inulin content, n.e.c., fresh","no"
"MAC","China, Macao Special Administrative Region","Edible roots and tubers with high starch or inulin content","Area harvested","ha",2015,NA,"Edible roots and tubers with high starch or inulin content, n.e.c., fresh","no"
"MAC","China, Macao Special Administrative Region","Edible roots and tubers with high starch or inulin content","Area harvested","ha",2016,NA,"Edible roots and tubers with high starch or inulin content, n.e.c., fresh","no"
"MAC","China, Macao Special Administrative Region","Edible roots and tubers with high starch or inulin content","Area harvested","ha",2017,NA,"Edible roots and tubers with high starch or inulin content, n.e.c., fresh","no"
"MAC","China, Macao Special Administrative Region","Edible roots and tubers with high starch or inulin content","Area harvested","ha",2018,NA,"Edible roots and tubers with high starch or inulin content, n.e.c., fresh","no"
"MAC","China, Macao Special Administrative Region","Edible roots and tubers with high starch or inulin content","Area harvested","ha",2019,NA,"Edible roots and tubers with high starch or inulin content, n.e.c., fresh","no"
"MAC","China, Macao Special Administrative Region","Edible roots and tubers with high starch or inulin content","Area harvested","ha",2020,NA,"Edible roots and tubers with high starch or inulin content, n.e.c., fresh","no"
"MAC","China, Macao Special Administrative Region","Edible roots and tubers with high starch or inulin content","Area harvested","ha",2021,NA,"Edible roots and tubers with high starch or inulin content, n.e.c., fresh","no"
"MAC","China, Macao Special Administrative Region","Edible roots and tubers with high starch or inulin content","Area harvested","ha",2022,NA,"Edible roots and tubers with high starch or inulin content, n.e.c., fresh","no"
"MAC","China, Macao Special Administrative Region","Edible roots and tubers with high starch or inulin content","Area harvested","ha",2023,NA,"Edible roots and tubers with high starch or inulin content, n.e.c., fresh","no"
"MAC","China, Macao Special Administrative Region","Edible roots and tubers with high starch or inulin content","Production","t",1992,NA,"Edible roots and tubers with high starch or inulin content, n.e.c., fresh","no"
"MAC","China, Macao Special Administrative Region","Edible roots and tubers with high starch or inulin content","Production","t",1993,NA,"Edible roots and tubers with high starch or inulin content, n.e.c., fresh","no"
"MAC","China, Macao Special Administrative Region","Edible roots and tubers with high starch or inulin content","Production","t",1994,NA,"Edible roots and tubers with high starch or inulin content, n.e.c., fresh","no"
"MAC","China, Macao Special Administrative Region","Edible roots and tubers with high starch or inulin content","Production","t",1995,NA,"Edible roots and tubers with high starch or inulin content, n.e.c., fresh","no"
"MAC","China, Macao Special Administrative Region","Edible roots and tubers with high starch or inulin content","Production","t",1996,NA,"Edible roots and tubers with high starch or inulin content, n.e.c., fresh","no"
"MAC","China, Macao Special Administrative Region","Edible roots and tubers with high starch or inulin content","Production","t",1997,NA,"Edible roots and tubers with high starch or inulin content, n.e.c., fresh","no"
"MAC","China, Macao Special Administrative Region","Edible roots and tubers with high starch or inulin content","Production","t",1998,NA,"Edible roots and tubers with high starch or inulin content, n.e.c., fresh","no"
"MAC","China, Macao Special Administrative Region","Edible roots and tubers with high starch or inulin content","Production","t",1999,NA,"Edible roots and tubers with high starch or inulin content, n.e.c., fresh","no"
"MAC","China, Macao Special Administrative Region","Edible roots and tubers with high starch or inulin content","Production","t",2000,NA,"Edible roots and tubers with high starch or inulin content, n.e.c., fresh","no"
"MAC","China, Macao Special Administrative Region","Edible roots and tubers with high starch or inulin content","Production","t",2001,NA,"Edible roots and tubers with high starch or inulin content, n.e.c., fresh","no"
"MAC","China, Macao Special Administrative Region","Edible roots and tubers with high starch or inulin content","Production","t",2002,NA,"Edible roots and tubers with high starch or inulin content, n.e.c., fresh","no"
"MAC","China, Macao Special Administrative Region","Edible roots and tubers with high starch or inulin content","Production","t",2003,NA,"Edible roots and tubers with high starch or inulin content, n.e.c., fresh","no"
"MAC","China, Macao Special Administrative Region","Edible roots and tubers with high starch or inulin content","Production","t",2004,NA,"Edible roots and tubers with high starch or inulin content, n.e.c., fresh","no"
"MAC","China, Macao Special Administrative Region","Edible roots and tubers with high starch or inulin content","Production","t",2005,NA,"Edible roots and tubers with high starch or inulin content, n.e.c., fresh","no"
"MAC","China, Macao Special Administrative Region","Edible roots and tubers with high starch or inulin content","Production","t",2006,NA,"Edible roots and tubers with high starch or inulin content, n.e.c., fresh","no"
"MAC","China, Macao Special Administrative Region","Edible roots and tubers with high starch or inulin content","Production","t",2007,NA,"Edible roots and tubers with high starch or inulin content, n.e.c., fresh","no"
"MAC","China, Macao Special Administrative Region","Edible roots and tubers with high starch or inulin content","Production","t",2008,NA,"Edible roots and tubers with high starch or inulin content, n.e.c., fresh","no"
"MAC","China, Macao Special Administrative Region","Edible roots and tubers with high starch or inulin content","Production","t",2009,NA,"Edible roots and tubers with high starch or inulin content, n.e.c., fresh","no"
"MAC","China, Macao Special Administrative Region","Edible roots and tubers with high starch or inulin content","Production","t",2010,NA,"Edible roots and tubers with high starch or inulin content, n.e.c., fresh","no"
"MAC","China, Macao Special Administrative Region","Edible roots and tubers with high starch or inulin content","Production","t",2011,NA,"Edible roots and tubers with high starch or inulin content, n.e.c., fresh","no"
"MAC","China, Macao Special Administrative Region","Edible roots and tubers with high starch or inulin content","Production","t",2012,NA,"Edible roots and tubers with high starch or inulin content, n.e.c., fresh","no"
"MAC","China, Macao Special Administrative Region","Edible roots and tubers with high starch or inulin content","Production","t",2013,NA,"Edible roots and tubers with high starch or inulin content, n.e.c., fresh","no"
"MAC","China, Macao Special Administrative Region","Edible roots and tubers with high starch or inulin content","Production","t",2014,NA,"Edible roots and tubers with high starch or inulin content, n.e.c., fresh","no"
"MAC","China, Macao Special Administrative Region","Edible roots and tubers with high starch or inulin content","Production","t",2015,NA,"Edible roots and tubers with high starch or inulin content, n.e.c., fresh","no"
"MAC","China, Macao Special Administrative Region","Edible roots and tubers with high starch or inulin content","Production","t",2016,NA,"Edible roots and tubers with high starch or inulin content, n.e.c., fresh","no"
"MAC","China, Macao Special Administrative Region","Edible roots and tubers with high starch or inulin content","Production","t",2017,NA,"Edible roots and tubers with high starch or inulin content, n.e.c., fresh","no"
"MAC","China, Macao Special Administrative Region","Edible roots and tubers with high starch or inulin content","Production","t",2018,NA,"Edible roots and tubers with high starch or inulin content, n.e.c., fresh","no"
"MAC","China, Macao Special Administrative Region","Edible roots and tubers with high starch or inulin content","Production","t",2019,NA,"Edible roots and tubers with high starch or inulin content, n.e.c., fresh","no"
"MAC","China, Macao Special Administrative Region","Edible roots and tubers with high starch or inulin content","Production","t",2020,NA,"Edible roots and tubers with high starch or inulin content, n.e.c., fresh","no"
"MAC","China, Macao Special Administrative Region","Edible roots and tubers with high starch or inulin content","Production","t",2021,NA,"Edible roots and tubers with high starch or inulin content, n.e.c., fresh","no"
"MAC","China, Macao Special Administrative Region","Edible roots and tubers with high starch or inulin content","Production","t",2022,NA,"Edible roots and tubers with high starch or inulin content, n.e.c., fresh","no"
"MAC","China, Macao Special Administrative Region","Edible roots and tubers with high starch or inulin content","Production","t",2023,NA,"Edible roots and tubers with high starch or inulin content, n.e.c., fresh","no"
"MAC","China, Macao Special Administrative Region","Animal fats","Production","t",1992,561.77,"Fat of pigs","no"
"MAC","China, Macao Special Administrative Region","Animal fats","Production","t",1993,576.18,"Fat of pigs","no"
"MAC","China, Macao Special Administrative Region","Animal fats","Production","t",1994,648.2,"Fat of pigs","no"
"MAC","China, Macao Special Administrative Region","Animal fats","Production","t",1995,655.4,"Fat of pigs","no"
"MAC","China, Macao Special Administrative Region","Animal fats","Production","t",1996,669.81,"Fat of pigs","no"
"MAC","China, Macao Special Administrative Region","Animal fats","Production","t",1997,756.23,"Fat of pigs","no"
"MAC","China, Macao Special Administrative Region","Animal fats","Production","t",1998,767.32,"Fat of pigs","no"
"MAC","China, Macao Special Administrative Region","Animal fats","Production","t",1999,719.29,"Fat of pigs","no"
"MAC","China, Macao Special Administrative Region","Animal fats","Production","t",2000,721.88,"Fat of pigs","no"
"MAC","China, Macao Special Administrative Region","Animal fats","Production","t",2001,742.04,"Fat of pigs","no"
"MAC","China, Macao Special Administrative Region","Animal fats","Production","t",2002,678.59,"Fat of pigs","no"
"MAC","China, Macao Special Administrative Region","Animal fats","Production","t",2003,693.36,"Fat of pigs","no"
"MAC","China, Macao Special Administrative Region","Animal fats","Production","t",2004,690.04,"Fat of pigs","no"
"MAC","China, Macao Special Administrative Region","Animal fats","Production","t",2005,681.19,"Fat of pigs","no"
"MAC","China, Macao Special Administrative Region","Animal fats","Production","t",2006,673.7,"Fat of pigs","no"
"MAC","China, Macao Special Administrative Region","Animal fats","Production","t",2007,663.54,"Fat of pigs","no"
"MAC","China, Macao Special Administrative Region","Animal fats","Production","t",2008,541.32,"Fat of pigs","no"
"MAC","China, Macao Special Administrative Region","Animal fats","Production","t",2009,518.56,"Fat of pigs","no"
"MAC","China, Macao Special Administrative Region","Animal fats","Production","t",2010,504.01,"Fat of pigs","no"
"MAC","China, Macao Special Administrative Region","Animal fats","Production","t",2011,566.02,"Fat of pigs","no"
"MAC","China, Macao Special Administrative Region","Animal fats","Production","t",2012,597.21,"Fat of pigs","no"
"MAC","China, Macao Special Administrative Region","Animal fats","Production","t",2013,597.78,"Fat of pigs","no"
"MAC","China, Macao Special Administrative Region","Animal fats","Production","t",2014,575.04,"Fat of pigs","no"
"MAC","China, Macao Special Administrative Region","Animal fats","Production","t",2015,518.74,"Fat of pigs","no"
"MAC","China, Macao Special Administrative Region","Animal fats","Production","t",2016,478.72,"Fat of pigs","no"
"MAC","China, Macao Special Administrative Region","Animal fats","Production","t",2017,445.78,"Fat of pigs","no"
"MAC","China, Macao Special Administrative Region","Animal fats","Production","t",2018,412.85,"Fat of pigs","no"
"MAC","China, Macao Special Administrative Region","Animal fats","Production","t",2019,360.11,"Fat of pigs","no"
"MAC","China, Macao Special Administrative Region","Animal fats","Production","t",2020,360.11,"Fat of pigs","no"
"MAC","China, Macao Special Administrative Region","Animal fats","Production","t",2021,360.11,"Fat of pigs","no"
"MAC","China, Macao Special Administrative Region","Animal fats","Production","t",2022,360.11,"Fat of pigs","no"
"MAC","China, Macao Special Administrative Region","Animal fats","Production","t",2023,360.11,"Fat of pigs","no"
"MAC","China, Macao Special Administrative Region","Animal fats","Production","t",1992,0.01,"Goat fat, unrendered","no"
"MAC","China, Macao Special Administrative Region","Animal fats","Production","t",1993,0.01,"Goat fat, unrendered","no"
"MAC","China, Macao Special Administrative Region","Animal fats","Production","t",1994,NA,"Goat fat, unrendered","no"
"MAC","China, Macao Special Administrative Region","Animal fats","Production","t",1995,0.01,"Goat fat, unrendered","no"
"MAC","China, Macao Special Administrative Region","Animal fats","Production","t",1996,0,"Goat fat, unrendered","no"
"MAC","China, Macao Special Administrative Region","Animal fats","Production","t",1997,NA,"Goat fat, unrendered","no"
"MAC","China, Macao Special Administrative Region","Animal fats","Production","t",1998,0.08,"Goat fat, unrendered","no"
"MAC","China, Macao Special Administrative Region","Animal fats","Production","t",1999,1.55,"Goat fat, unrendered","no"
"MAC","China, Macao Special Administrative Region","Animal fats","Production","t",2000,0.94,"Goat fat, unrendered","no"
"MAC","China, Macao Special Administrative Region","Animal fats","Production","t",2001,0.94,"Goat fat, unrendered","no"
"MAC","China, Macao Special Administrative Region","Animal fats","Production","t",2002,0.9,"Goat fat, unrendered","no"
"MAC","China, Macao Special Administrative Region","Animal fats","Production","t",2003,0.94,"Goat fat, unrendered","no"
"MAC","China, Macao Special Administrative Region","Animal fats","Production","t",2004,0.86,"Goat fat, unrendered","no"
"MAC","China, Macao Special Administrative Region","Animal fats","Production","t",2005,0.98,"Goat fat, unrendered","no"
"MAC","China, Macao Special Administrative Region","Animal fats","Production","t",2006,0.74,"Goat fat, unrendered","no"
"MAC","China, Macao Special Administrative Region","Animal fats","Production","t",2007,0.39,"Goat fat, unrendered","no"
"MAC","China, Macao Special Administrative Region","Animal fats","Production","t",2008,0.54,"Goat fat, unrendered","no"
"MAC","China, Macao Special Administrative Region","Animal fats","Production","t",2009,0.85,"Goat fat, unrendered","no"
"MAC","China, Macao Special Administrative Region","Animal fats","Production","t",2010,0.8,"Goat fat, unrendered","no"
"MAC","China, Macao Special Administrative Region","Animal fats","Production","t",2011,0.82,"Goat fat, unrendered","no"
"MAC","China, Macao Special Administrative Region","Animal fats","Production","t",2012,0.84,"Goat fat, unrendered","no"
"MAC","China, Macao Special Administrative Region","Animal fats","Production","t",2013,0.86,"Goat fat, unrendered","no"
"MAC","China, Macao Special Administrative Region","Animal fats","Production","t",2014,0.92,"Goat fat, unrendered","no"
"MAC","China, Macao Special Administrative Region","Animal fats","Production","t",2015,0.94,"Goat fat, unrendered","no"
"MAC","China, Macao Special Administrative Region","Animal fats","Production","t",2016,0.98,"Goat fat, unrendered","no"
"MAC","China, Macao Special Administrative Region","Animal fats","Production","t",2017,1.01,"Goat fat, unrendered","no"
"MAC","China, Macao Special Administrative Region","Animal fats","Production","t",2018,1.04,"Goat fat, unrendered","no"
"MAC","China, Macao Special Administrative Region","Animal fats","Production","t",2019,1.06,"Goat fat, unrendered","no"
"MAC","China, Macao Special Administrative Region","Animal fats","Production","t",2020,1.05,"Goat fat, unrendered","no"
"MAC","China, Macao Special Administrative Region","Animal fats","Production","t",2021,1.03,"Goat fat, unrendered","no"
"MAC","China, Macao Special Administrative Region","Animal fats","Production","t",2022,1.04,"Goat fat, unrendered","no"
"MAC","China, Macao Special Administrative Region","Animal fats","Production","t",2023,1.05,"Goat fat, unrendered","no"
"MAC","China, Macao Special Administrative Region","Eggs of hens or other birds in shell, fresh","Yield","No/An",1992,78,"Hen eggs in shell, fresh","no"
"MAC","China, Macao Special Administrative Region","Eggs of hens or other birds in shell, fresh","Yield","No/An",1993,78,"Hen eggs in shell, fresh","no"
"MAC","China, Macao Special Administrative Region","Eggs of hens or other birds in shell, fresh","Yield","No/An",1994,79,"Hen eggs in shell, fresh","no"
"MAC","China, Macao Special Administrative Region","Eggs of hens or other birds in shell, fresh","Yield","No/An",1995,79,"Hen eggs in shell, fresh","no"
"MAC","China, Macao Special Administrative Region","Eggs of hens or other birds in shell, fresh","Yield","No/An",1996,77,"Hen eggs in shell, fresh","no"
"MAC","China, Macao Special Administrative Region","Eggs of hens or other birds in shell, fresh","Yield","No/An",1997,77,"Hen eggs in shell, fresh","no"
"MAC","China, Macao Special Administrative Region","Eggs of hens or other birds in shell, fresh","Yield","No/An",1998,78,"Hen eggs in shell, fresh","no"
"MAC","China, Macao Special Administrative Region","Eggs of hens or other birds in shell, fresh","Yield","No/An",1999,76,"Hen eggs in shell, fresh","no"
"MAC","China, Macao Special Administrative Region","Eggs of hens or other birds in shell, fresh","Yield","No/An",2000,78,"Hen eggs in shell, fresh","no"
"MAC","China, Macao Special Administrative Region","Eggs of hens or other birds in shell, fresh","Yield","No/An",2001,77,"Hen eggs in shell, fresh","no"
"MAC","China, Macao Special Administrative Region","Eggs of hens or other birds in shell, fresh","Yield","No/An",2002,77,"Hen eggs in shell, fresh","no"
"MAC","China, Macao Special Administrative Region","Eggs of hens or other birds in shell, fresh","Yield","No/An",2003,78,"Hen eggs in shell, fresh","no"
"MAC","China, Macao Special Administrative Region","Eggs of hens or other birds in shell, fresh","Yield","No/An",2004,77,"Hen eggs in shell, fresh","no"
"MAC","China, Macao Special Administrative Region","Eggs of hens or other birds in shell, fresh","Yield","No/An",2005,77,"Hen eggs in shell, fresh","no"
"MAC","China, Macao Special Administrative Region","Eggs of hens or other birds in shell, fresh","Yield","No/An",2006,77,"Hen eggs in shell, fresh","no"
"MAC","China, Macao Special Administrative Region","Eggs of hens or other birds in shell, fresh","Yield","No/An",2007,78,"Hen eggs in shell, fresh","no"
"MAC","China, Macao Special Administrative Region","Eggs of hens or other birds in shell, fresh","Yield","No/An",2008,76,"Hen eggs in shell, fresh","no"
"MAC","China, Macao Special Administrative Region","Eggs of hens or other birds in shell, fresh","Yield","No/An",2009,76,"Hen eggs in shell, fresh","no"
"MAC","China, Macao Special Administrative Region","Eggs of hens or other birds in shell, fresh","Yield","No/An",2010,76,"Hen eggs in shell, fresh","no"
"MAC","China, Macao Special Administrative Region","Eggs of hens or other birds in shell, fresh","Yield","No/An",2011,76,"Hen eggs in shell, fresh","no"
"MAC","China, Macao Special Administrative Region","Eggs of hens or other birds in shell, fresh","Yield","No/An",2012,77,"Hen eggs in shell, fresh","no"
"MAC","China, Macao Special Administrative Region","Eggs of hens or other birds in shell, fresh","Yield","No/An",2013,76,"Hen eggs in shell, fresh","no"
"MAC","China, Macao Special Administrative Region","Eggs of hens or other birds in shell, fresh","Yield","No/An",2014,52,"Hen eggs in shell, fresh","no"
"MAC","China, Macao Special Administrative Region","Eggs of hens or other birds in shell, fresh","Yield","No/An",2015,48,"Hen eggs in shell, fresh","no"
"MAC","China, Macao Special Administrative Region","Eggs of hens or other birds in shell, fresh","Yield","No/An",2016,72,"Hen eggs in shell, fresh","no"
"MAC","China, Macao Special Administrative Region","Eggs of hens or other birds in shell, fresh","Yield","No/An",2017,80,"Hen eggs in shell, fresh","no"
"MAC","China, Macao Special Administrative Region","Eggs of hens or other birds in shell, fresh","Yield","No/An",2018,76,"Hen eggs in shell, fresh","no"
"MAC","China, Macao Special Administrative Region","Eggs of hens or other birds in shell, fresh","Yield","No/An",2019,77,"Hen eggs in shell, fresh","no"
"MAC","China, Macao Special Administrative Region","Eggs of hens or other birds in shell, fresh","Yield","No/An",2020,78,"Hen eggs in shell, fresh","no"
"MAC","China, Macao Special Administrative Region","Eggs of hens or other birds in shell, fresh","Yield","No/An",2021,78,"Hen eggs in shell, fresh","no"
"MAC","China, Macao Special Administrative Region","Eggs of hens or other birds in shell, fresh","Yield","No/An",2022,78,"Hen eggs in shell, fresh","no"
"MAC","China, Macao Special Administrative Region","Eggs of hens or other birds in shell, fresh","Yield","No/An",2023,77,"Hen eggs in shell, fresh","no"
"MAC","China, Macao Special Administrative Region","Eggs of hens or other birds in shell, fresh","Production","t",1992,640,"Hen eggs in shell, fresh","no"
"MAC","China, Macao Special Administrative Region","Eggs of hens or other birds in shell, fresh","Production","t",1993,640,"Hen eggs in shell, fresh","no"
"MAC","China, Macao Special Administrative Region","Eggs of hens or other birds in shell, fresh","Production","t",1994,630,"Hen eggs in shell, fresh","no"
"MAC","China, Macao Special Administrative Region","Eggs of hens or other birds in shell, fresh","Production","t",1995,635,"Hen eggs in shell, fresh","no"
"MAC","China, Macao Special Administrative Region","Eggs of hens or other birds in shell, fresh","Production","t",1996,600,"Hen eggs in shell, fresh","no"
"MAC","China, Macao Special Administrative Region","Eggs of hens or other birds in shell, fresh","Production","t",1997,600,"Hen eggs in shell, fresh","no"
"MAC","China, Macao Special Administrative Region","Eggs of hens or other birds in shell, fresh","Production","t",1998,720,"Hen eggs in shell, fresh","no"
"MAC","China, Macao Special Administrative Region","Eggs of hens or other birds in shell, fresh","Production","t",1999,840,"Hen eggs in shell, fresh","no"
"MAC","China, Macao Special Administrative Region","Eggs of hens or other birds in shell, fresh","Production","t",2000,980,"Hen eggs in shell, fresh","no"
"MAC","China, Macao Special Administrative Region","Eggs of hens or other birds in shell, fresh","Production","t",2001,1000,"Hen eggs in shell, fresh","no"
"MAC","China, Macao Special Administrative Region","Eggs of hens or other birds in shell, fresh","Production","t",2002,1000,"Hen eggs in shell, fresh","no"
"MAC","China, Macao Special Administrative Region","Eggs of hens or other birds in shell, fresh","Production","t",2003,700,"Hen eggs in shell, fresh","no"
"MAC","China, Macao Special Administrative Region","Eggs of hens or other birds in shell, fresh","Production","t",2004,500,"Hen eggs in shell, fresh","no"
"MAC","China, Macao Special Administrative Region","Eggs of hens or other birds in shell, fresh","Production","t",2005,600,"Hen eggs in shell, fresh","no"
"MAC","China, Macao Special Administrative Region","Eggs of hens or other birds in shell, fresh","Production","t",2006,600,"Hen eggs in shell, fresh","no"
"MAC","China, Macao Special Administrative Region","Eggs of hens or other birds in shell, fresh","Production","t",2007,900,"Hen eggs in shell, fresh","no"
"MAC","China, Macao Special Administrative Region","Eggs of hens or other birds in shell, fresh","Production","t",2008,400,"Hen eggs in shell, fresh","no"
"MAC","China, Macao Special Administrative Region","Eggs of hens or other birds in shell, fresh","Production","t",2009,400,"Hen eggs in shell, fresh","no"
"MAC","China, Macao Special Administrative Region","Eggs of hens or other birds in shell, fresh","Production","t",2010,400,"Hen eggs in shell, fresh","no"
"MAC","China, Macao Special Administrative Region","Eggs of hens or other birds in shell, fresh","Production","t",2011,380,"Hen eggs in shell, fresh","no"
"MAC","China, Macao Special Administrative Region","Eggs of hens or other birds in shell, fresh","Production","t",2012,385,"Hen eggs in shell, fresh","no"
"MAC","China, Macao Special Administrative Region","Eggs of hens or other birds in shell, fresh","Production","t",2013,400,"Hen eggs in shell, fresh","no"
"MAC","China, Macao Special Administrative Region","Eggs of hens or other birds in shell, fresh","Production","t",2014,631.86,"Hen eggs in shell, fresh","no"
"MAC","China, Macao Special Administrative Region","Eggs of hens or other birds in shell, fresh","Production","t",2015,641.13,"Hen eggs in shell, fresh","no"
"MAC","China, Macao Special Administrative Region","Eggs of hens or other birds in shell, fresh","Production","t",2016,427,"Hen eggs in shell, fresh","no"
"MAC","China, Macao Special Administrative Region","Eggs of hens or other birds in shell, fresh","Production","t",2017,430,"Hen eggs in shell, fresh","no"
"MAC","China, Macao Special Administrative Region","Eggs of hens or other birds in shell, fresh","Production","t",2018,425,"Hen eggs in shell, fresh","no"
"MAC","China, Macao Special Administrative Region","Eggs of hens or other birds in shell, fresh","Production","t",2019,425,"Hen eggs in shell, fresh","no"
"MAC","China, Macao Special Administrative Region","Eggs of hens or other birds in shell, fresh","Production","t",2020,425,"Hen eggs in shell, fresh","no"
"MAC","China, Macao Special Administrative Region","Eggs of hens or other birds in shell, fresh","Production","t",2021,425,"Hen eggs in shell, fresh","no"
"MAC","China, Macao Special Administrative Region","Eggs of hens or other birds in shell, fresh","Production","t",2022,425,"Hen eggs in shell, fresh","no"
"MAC","China, Macao Special Administrative Region","Eggs of hens or other birds in shell, fresh","Production","t",2023,425,"Hen eggs in shell, fresh","no"
"MAC","China, Macao Special Administrative Region","Eggs of hens or other birds in shell, fresh","Production","1000 No",1992,12800,"Hen eggs in shell, fresh","no"
"MAC","China, Macao Special Administrative Region","Eggs of hens or other birds in shell, fresh","Production","1000 No",1993,12800,"Hen eggs in shell, fresh","no"
"MAC","China, Macao Special Administrative Region","Eggs of hens or other birds in shell, fresh","Production","1000 No",1994,12600,"Hen eggs in shell, fresh","no"
"MAC","China, Macao Special Administrative Region","Eggs of hens or other birds in shell, fresh","Production","1000 No",1995,12700,"Hen eggs in shell, fresh","no"
"MAC","China, Macao Special Administrative Region","Eggs of hens or other birds in shell, fresh","Production","1000 No",1996,12000,"Hen eggs in shell, fresh","no"
"MAC","China, Macao Special Administrative Region","Eggs of hens or other birds in shell, fresh","Production","1000 No",1997,12000,"Hen eggs in shell, fresh","no"
"MAC","China, Macao Special Administrative Region","Eggs of hens or other birds in shell, fresh","Production","1000 No",1998,14400,"Hen eggs in shell, fresh","no"
"MAC","China, Macao Special Administrative Region","Eggs of hens or other birds in shell, fresh","Production","1000 No",1999,16800,"Hen eggs in shell, fresh","no"
"MAC","China, Macao Special Administrative Region","Eggs of hens or other birds in shell, fresh","Production","1000 No",2000,19500,"Hen eggs in shell, fresh","no"
"MAC","China, Macao Special Administrative Region","Eggs of hens or other birds in shell, fresh","Production","1000 No",2001,20000,"Hen eggs in shell, fresh","no"
"MAC","China, Macao Special Administrative Region","Eggs of hens or other birds in shell, fresh","Production","1000 No",2002,20000,"Hen eggs in shell, fresh","no"
"MAC","China, Macao Special Administrative Region","Eggs of hens or other birds in shell, fresh","Production","1000 No",2003,14000,"Hen eggs in shell, fresh","no"
"MAC","China, Macao Special Administrative Region","Eggs of hens or other birds in shell, fresh","Production","1000 No",2004,10000,"Hen eggs in shell, fresh","no"
"MAC","China, Macao Special Administrative Region","Eggs of hens or other birds in shell, fresh","Production","1000 No",2005,12000,"Hen eggs in shell, fresh","no"
"MAC","China, Macao Special Administrative Region","Eggs of hens or other birds in shell, fresh","Production","1000 No",2006,12000,"Hen eggs in shell, fresh","no"
"MAC","China, Macao Special Administrative Region","Eggs of hens or other birds in shell, fresh","Production","1000 No",2007,18000,"Hen eggs in shell, fresh","no"
"MAC","China, Macao Special Administrative Region","Eggs of hens or other birds in shell, fresh","Production","1000 No",2008,8000,"Hen eggs in shell, fresh","no"
"MAC","China, Macao Special Administrative Region","Eggs of hens or other birds in shell, fresh","Production","1000 No",2009,8000,"Hen eggs in shell, fresh","no"
"MAC","China, Macao Special Administrative Region","Eggs of hens or other birds in shell, fresh","Production","1000 No",2010,8000,"Hen eggs in shell, fresh","no"
"MAC","China, Macao Special Administrative Region","Eggs of hens or other birds in shell, fresh","Production","1000 No",2011,7600,"Hen eggs in shell, fresh","no"
"MAC","China, Macao Special Administrative Region","Eggs of hens or other birds in shell, fresh","Production","1000 No",2012,7700,"Hen eggs in shell, fresh","no"
"MAC","China, Macao Special Administrative Region","Eggs of hens or other birds in shell, fresh","Production","1000 No",2013,8000,"Hen eggs in shell, fresh","no"
"MAC","China, Macao Special Administrative Region","Eggs of hens or other birds in shell, fresh","Production","1000 No",2014,8960,"Hen eggs in shell, fresh","no"
"MAC","China, Macao Special Administrative Region","Eggs of hens or other birds in shell, fresh","Production","1000 No",2015,8240,"Hen eggs in shell, fresh","no"
"MAC","China, Macao Special Administrative Region","Eggs of hens or other birds in shell, fresh","Production","1000 No",2016,8259,"Hen eggs in shell, fresh","no"
"MAC","China, Macao Special Administrative Region","Eggs of hens or other birds in shell, fresh","Production","1000 No",2017,8600,"Hen eggs in shell, fresh","no"
"MAC","China, Macao Special Administrative Region","Eggs of hens or other birds in shell, fresh","Production","1000 No",2018,8500,"Hen eggs in shell, fresh","no"
"MAC","China, Macao Special Administrative Region","Eggs of hens or other birds in shell, fresh","Production","1000 No",2019,8500,"Hen eggs in shell, fresh","no"
"MAC","China, Macao Special Administrative Region","Eggs of hens or other birds in shell, fresh","Production","1000 No",2020,8500,"Hen eggs in shell, fresh","no"
"MAC","China, Macao Special Administrative Region","Eggs of hens or other birds in shell, fresh","Production","1000 No",2021,8500,"Hen eggs in shell, fresh","no"
"MAC","China, Macao Special Administrative Region","Eggs of hens or other birds in shell, fresh","Production","1000 No",2022,8500,"Hen eggs in shell, fresh","no"
"MAC","China, Macao Special Administrative Region","Eggs of hens or other birds in shell, fresh","Production","1000 No",2023,8500,"Hen eggs in shell, fresh","no"
"MAC","China, Macao Special Administrative Region","Meat and meat products","Production","t",1992,13.05,"Meat of buffalo, fresh or chilled","no"
"MAC","China, Macao Special Administrative Region","Meat and meat products","Production","t",1993,2.25,"Meat of buffalo, fresh or chilled","no"
"MAC","China, Macao Special Administrative Region","Meat and meat products","Production","t",1994,0,"Meat of buffalo, fresh or chilled","no"
"MAC","China, Macao Special Administrative Region","Meat and meat products","Production","t",1995,4.65,"Meat of buffalo, fresh or chilled","no"
"MAC","China, Macao Special Administrative Region","Meat and meat products","Production","t",1996,0,"Meat of buffalo, fresh or chilled","no"
"MAC","China, Macao Special Administrative Region","Meat and meat products","Production","t",1997,0,"Meat of buffalo, fresh or chilled","no"
"MAC","China, Macao Special Administrative Region","Meat and meat products","Production","t",1998,0,"Meat of buffalo, fresh or chilled","no"
"MAC","China, Macao Special Administrative Region","Meat and meat products","Production","t",1999,0,"Meat of buffalo, fresh or chilled","no"
"MAC","China, Macao Special Administrative Region","Meat and meat products","Production","t",2000,0,"Meat of buffalo, fresh or chilled","no"
"MAC","China, Macao Special Administrative Region","Meat and meat products","Production","t",2001,0,"Meat of buffalo, fresh or chilled","no"
"MAC","China, Macao Special Administrative Region","Meat and meat products","Production","t",2002,0,"Meat of buffalo, fresh or chilled","no"
"MAC","China, Macao Special Administrative Region","Meat and meat products","Production","t",2003,0,"Meat of buffalo, fresh or chilled","no"
"MAC","China, Macao Special Administrative Region","Meat and meat products","Production","t",2004,0,"Meat of buffalo, fresh or chilled","no"
"MAC","China, Macao Special Administrative Region","Meat and meat products","Production","t",2005,0,"Meat of buffalo, fresh or chilled","no"
"MAC","China, Macao Special Administrative Region","Meat and meat products","Production","t",2006,0,"Meat of buffalo, fresh or chilled","no"
"MAC","China, Macao Special Administrative Region","Meat and meat products","Production","t",2007,NA,"Meat of buffalo, fresh or chilled","no"
"MAC","China, Macao Special Administrative Region","Meat and meat products","Production","t",2008,NA,"Meat of buffalo, fresh or chilled","no"
"MAC","China, Macao Special Administrative Region","Meat and meat products","Production","t",2009,NA,"Meat of buffalo, fresh or chilled","no"
"MAC","China, Macao Special Administrative Region","Meat and meat products","Production","t",2010,NA,"Meat of buffalo, fresh or chilled","no"
"MAC","China, Macao Special Administrative Region","Meat and meat products","Production","t",2011,NA,"Meat of buffalo, fresh or chilled","no"
"MAC","China, Macao Special Administrative Region","Meat and meat products","Production","t",2012,NA,"Meat of buffalo, fresh or chilled","no"
"MAC","China, Macao Special Administrative Region","Meat and meat products","Production","t",2013,NA,"Meat of buffalo, fresh or chilled","no"
"MAC","China, Macao Special Administrative Region","Meat and meat products","Production","t",2014,NA,"Meat of buffalo, fresh or chilled","no"
"MAC","China, Macao Special Administrative Region","Meat and meat products","Production","t",2015,NA,"Meat of buffalo, fresh or chilled","no"
"MAC","China, Macao Special Administrative Region","Meat and meat products","Production","t",2016,NA,"Meat of buffalo, fresh or chilled","no"
"MAC","China, Macao Special Administrative Region","Meat and meat products","Production","t",2017,NA,"Meat of buffalo, fresh or chilled","no"
"MAC","China, Macao Special Administrative Region","Meat and meat products","Production","t",2018,NA,"Meat of buffalo, fresh or chilled","no"
"MAC","China, Macao Special Administrative Region","Meat and meat products","Production","t",2019,NA,"Meat of buffalo, fresh or chilled","no"
"MAC","China, Macao Special Administrative Region","Meat and meat products","Production","t",2020,NA,"Meat of buffalo, fresh or chilled","no"
"MAC","China, Macao Special Administrative Region","Meat and meat products","Production","t",2021,NA,"Meat of buffalo, fresh or chilled","no"
"MAC","China, Macao Special Administrative Region","Meat and meat products","Production","t",2022,NA,"Meat of buffalo, fresh or chilled","no"
"MAC","China, Macao Special Administrative Region","Meat and meat products","Production","t",2023,NA,"Meat of buffalo, fresh or chilled","no"
"MAC","China, Macao Special Administrative Region","Meat and meat products","Production","t",1992,1653.95,"Meat of cattle with the bone, fresh or chilled","no"
"MAC","China, Macao Special Administrative Region","Meat and meat products","Production","t",1993,1647.87,"Meat of cattle with the bone, fresh or chilled","no"
"MAC","China, Macao Special Administrative Region","Meat and meat products","Production","t",1994,1602.65,"Meat of cattle with the bone, fresh or chilled","no"
"MAC","China, Macao Special Administrative Region","Meat and meat products","Production","t",1995,1350.9,"Meat of cattle with the bone, fresh or chilled","no"
"MAC","China, Macao Special Administrative Region","Meat and meat products","Production","t",1996,1403.72,"Meat of cattle with the bone, fresh or chilled","no"
"MAC","China, Macao Special Administrative Region","Meat and meat products","Production","t",1997,1065.33,"Meat of cattle with the bone, fresh or chilled","no"
"MAC","China, Macao Special Administrative Region","Meat and meat products","Production","t",1998,1137.53,"Meat of cattle with the bone, fresh or chilled","no"
"MAC","China, Macao Special Administrative Region","Meat and meat products","Production","t",1999,1088.89,"Meat of cattle with the bone, fresh or chilled","no"
"MAC","China, Macao Special Administrative Region","Meat and meat products","Production","t",2000,1042.91,"Meat of cattle with the bone, fresh or chilled","no"
"MAC","China, Macao Special Administrative Region","Meat and meat products","Production","t",2001,1138,"Meat of cattle with the bone, fresh or chilled","no"
"MAC","China, Macao Special Administrative Region","Meat and meat products","Production","t",2002,1086,"Meat of cattle with the bone, fresh or chilled","no"
"MAC","China, Macao Special Administrative Region","Meat and meat products","Production","t",2003,1078,"Meat of cattle with the bone, fresh or chilled","no"
"MAC","China, Macao Special Administrative Region","Meat and meat products","Production","t",2004,1129,"Meat of cattle with the bone, fresh or chilled","no"
"MAC","China, Macao Special Administrative Region","Meat and meat products","Production","t",2005,1071,"Meat of cattle with the bone, fresh or chilled","no"
"MAC","China, Macao Special Administrative Region","Meat and meat products","Production","t",2006,1239,"Meat of cattle with the bone, fresh or chilled","no"
"MAC","China, Macao Special Administrative Region","Meat and meat products","Production","t",2007,1170,"Meat of cattle with the bone, fresh or chilled","no"
"MAC","China, Macao Special Administrative Region","Meat and meat products","Production","t",2008,811,"Meat of cattle with the bone, fresh or chilled","no"
"MAC","China, Macao Special Administrative Region","Meat and meat products","Production","t",2009,908,"Meat of cattle with the bone, fresh or chilled","no"
"MAC","China, Macao Special Administrative Region","Meat and meat products","Production","t",2010,898,"Meat of cattle with the bone, fresh or chilled","no"
"MAC","China, Macao Special Administrative Region","Meat and meat products","Production","t",2011,918,"Meat of cattle with the bone, fresh or chilled","no"
"MAC","China, Macao Special Administrative Region","Meat and meat products","Production","t",2012,788,"Meat of cattle with the bone, fresh or chilled","no"
"MAC","China, Macao Special Administrative Region","Meat and meat products","Production","t",2013,800,"Meat of cattle with the bone, fresh or chilled","no"
"MAC","China, Macao Special Administrative Region","Meat and meat products","Production","t",2014,834.62,"Meat of cattle with the bone, fresh or chilled","no"
"MAC","China, Macao Special Administrative Region","Meat and meat products","Production","t",2015,847.5,"Meat of cattle with the bone, fresh or chilled","no"
"MAC","China, Macao Special Administrative Region","Meat and meat products","Production","t",2016,833.12,"Meat of cattle with the bone, fresh or chilled","no"
"MAC","China, Macao Special Administrative Region","Meat and meat products","Production","t",2017,810.82,"Meat of cattle with the bone, fresh or chilled","no"
"MAC","China, Macao Special Administrative Region","Meat and meat products","Production","t",2018,790.26,"Meat of cattle with the bone, fresh or chilled","no"
"MAC","China, Macao Special Administrative Region","Meat and meat products","Production","t",2019,768.65,"Meat of cattle with the bone, fresh or chilled","no"
"MAC","China, Macao Special Administrative Region","Meat and meat products","Production","t",2020,764.55,"Meat of cattle with the bone, fresh or chilled","no"
"MAC","China, Macao Special Administrative Region","Meat and meat products","Production","t",2021,754.56,"Meat of cattle with the bone, fresh or chilled","no"
"MAC","China, Macao Special Administrative Region","Meat and meat products","Production","t",2022,742.82,"Meat of cattle with the bone, fresh or chilled","no"
"MAC","China, Macao Special Administrative Region","Meat and meat products","Production","t",2023,731.08,"Meat of cattle with the bone, fresh or chilled","no"
"MAC","China, Macao Special Administrative Region","Meat and meat products","Production","t",1992,3769.2,"Meat of chickens, fresh or chilled","no"
"MAC","China, Macao Special Administrative Region","Meat and meat products","Production","t",1993,3861,"Meat of chickens, fresh or chilled","no"
"MAC","China, Macao Special Administrative Region","Meat and meat products","Production","t",1994,3762.9,"Meat of chickens, fresh or chilled","no"
"MAC","China, Macao Special Administrative Region","Meat and meat products","Production","t",1995,3794.4,"Meat of chickens, fresh or chilled","no"
"MAC","China, Macao Special Administrative Region","Meat and meat products","Production","t",1996,3988.8,"Meat of chickens, fresh or chilled","no"
"MAC","China, Macao Special Administrative Region","Meat and meat products","Production","t",1997,3875.4,"Meat of chickens, fresh or chilled","no"
"MAC","China, Macao Special Administrative Region","Meat and meat products","Production","t",1998,3442.5,"Meat of chickens, fresh or chilled","no"
"MAC","China, Macao Special Administrative Region","Meat and meat products","Production","t",1999,3814.2,"Meat of chickens, fresh or chilled","no"
"MAC","China, Macao Special Administrative Region","Meat and meat products","Production","t",2000,4050,"Meat of chickens, fresh or chilled","no"
"MAC","China, Macao Special Administrative Region","Meat and meat products","Production","t",2001,4050,"Meat of chickens, fresh or chilled","no"
"MAC","China, Macao Special Administrative Region","Meat and meat products","Production","t",2002,4050,"Meat of chickens, fresh or chilled","no"
"MAC","China, Macao Special Administrative Region","Meat and meat products","Production","t",2003,3600,"Meat of chickens, fresh or chilled","no"
"MAC","China, Macao Special Administrative Region","Meat and meat products","Production","t",2004,3600,"Meat of chickens, fresh or chilled","no"
"MAC","China, Macao Special Administrative Region","Meat and meat products","Production","t",2005,4050,"Meat of chickens, fresh or chilled","no"
"MAC","China, Macao Special Administrative Region","Meat and meat products","Production","t",2006,4050,"Meat of chickens, fresh or chilled","no"
"MAC","China, Macao Special Administrative Region","Meat and meat products","Production","t",2007,4500,"Meat of chickens, fresh or chilled","no"
"MAC","China, Macao Special Administrative Region","Meat and meat products","Production","t",2008,3600,"Meat of chickens, fresh or chilled","no"
"MAC","China, Macao Special Administrative Region","Meat and meat products","Production","t",2009,3600,"Meat of chickens, fresh or chilled","no"
"MAC","China, Macao Special Administrative Region","Meat and meat products","Production","t",2010,3600,"Meat of chickens, fresh or chilled","no"
"MAC","China, Macao Special Administrative Region","Meat and meat products","Production","t",2011,3600,"Meat of chickens, fresh or chilled","no"
"MAC","China, Macao Special Administrative Region","Meat and meat products","Production","t",2012,3600,"Meat of chickens, fresh or chilled","no"
"MAC","China, Macao Special Administrative Region","Meat and meat products","Production","t",2013,3600,"Meat of chickens, fresh or chilled","no"
"MAC","China, Macao Special Administrative Region","Meat and meat products","Production","t",2014,3453.21,"Meat of chickens, fresh or chilled","no"
"MAC","China, Macao Special Administrative Region","Meat and meat products","Production","t",2015,3424.29,"Meat of chickens, fresh or chilled","no"
"MAC","China, Macao Special Administrative Region","Meat and meat products","Production","t",2016,3432.36,"Meat of chickens, fresh or chilled","no"
"MAC","China, Macao Special Administrative Region","Meat and meat products","Production","t",2017,3408.72,"Meat of chickens, fresh or chilled","no"
"MAC","China, Macao Special Administrative Region","Meat and meat products","Production","t",2018,3327.9,"Meat of chickens, fresh or chilled","no"
"MAC","China, Macao Special Administrative Region","Meat and meat products","Production","t",2019,3303.6,"Meat of chickens, fresh or chilled","no"
"MAC","China, Macao Special Administrative Region","Meat and meat products","Production","t",2020,3371.33,"Meat of chickens, fresh or chilled","no"
"MAC","China, Macao Special Administrative Region","Meat and meat products","Production","t",2021,3285.78,"Meat of chickens, fresh or chilled","no"
"MAC","China, Macao Special Administrative Region","Meat and meat products","Production","t",2022,3235.66,"Meat of chickens, fresh or chilled","no"
"MAC","China, Macao Special Administrative Region","Meat and meat products","Production","t",2023,3184.49,"Meat of chickens, fresh or chilled","no"
"MAC","China, Macao Special Administrative Region","Meat and meat products","Production","t",1992,1046.1,"Meat of ducks, fresh or chilled","no"
"MAC","China, Macao Special Administrative Region","Meat and meat products","Production","t",1993,1060.4,"Meat of ducks, fresh or chilled","no"
"MAC","China, Macao Special Administrative Region","Meat and meat products","Production","t",1994,1090.1,"Meat of ducks, fresh or chilled","no"
"MAC","China, Macao Special Administrative Region","Meat and meat products","Production","t",1995,1096.7,"Meat of ducks, fresh or chilled","no"
"MAC","China, Macao Special Administrative Region","Meat and meat products","Production","t",1996,839.3,"Meat of ducks, fresh or chilled","no"
"MAC","China, Macao Special Administrative Region","Meat and meat products","Production","t",1997,642.4,"Meat of ducks, fresh or chilled","no"
"MAC","China, Macao Special Administrative Region","Meat and meat products","Production","t",1998,550,"Meat of ducks, fresh or chilled","no"
"MAC","China, Macao Special Administrative Region","Meat and meat products","Production","t",1999,643.5,"Meat of ducks, fresh or chilled","no"
"MAC","China, Macao Special Administrative Region","Meat and meat products","Production","t",2000,566.5,"Meat of ducks, fresh or chilled","no"
"MAC","China, Macao Special Administrative Region","Meat and meat products","Production","t",2001,256.3,"Meat of ducks, fresh or chilled","no"
"MAC","China, Macao Special Administrative Region","Meat and meat products","Production","t",2002,268.4,"Meat of ducks, fresh or chilled","no"
"MAC","China, Macao Special Administrative Region","Meat and meat products","Production","t",2003,250.8,"Meat of ducks, fresh or chilled","no"
"MAC","China, Macao Special Administrative Region","Meat and meat products","Production","t",2004,18.7,"Meat of ducks, fresh or chilled","no"
"MAC","China, Macao Special Administrative Region","Meat and meat products","Production","t",2005,20.11,"Meat of ducks, fresh or chilled","no"
"MAC","China, Macao Special Administrative Region","Meat and meat products","Production","t",2006,49.59,"Meat of ducks, fresh or chilled","no"
"MAC","China, Macao Special Administrative Region","Meat and meat products","Production","t",2007,41.9,"Meat of ducks, fresh or chilled","no"
"MAC","China, Macao Special Administrative Region","Meat and meat products","Production","t",2008,38.37,"Meat of ducks, fresh or chilled","no"
"MAC","China, Macao Special Administrative Region","Meat and meat products","Production","t",2009,34.83,"Meat of ducks, fresh or chilled","no"
"MAC","China, Macao Special Administrative Region","Meat and meat products","Production","t",2010,31.3,"Meat of ducks, fresh or chilled","no"
"MAC","China, Macao Special Administrative Region","Meat and meat products","Production","t",2011,28.18,"Meat of ducks, fresh or chilled","no"
"MAC","China, Macao Special Administrative Region","Meat and meat products","Production","t",2012,28.18,"Meat of ducks, fresh or chilled","no"
"MAC","China, Macao Special Administrative Region","Meat and meat products","Production","t",2013,28.18,"Meat of ducks, fresh or chilled","no"
"MAC","China, Macao Special Administrative Region","Meat and meat products","Production","t",2014,25.59,"Meat of ducks, fresh or chilled","no"
"MAC","China, Macao Special Administrative Region","Meat and meat products","Production","t",2015,21.48,"Meat of ducks, fresh or chilled","no"
"MAC","China, Macao Special Administrative Region","Meat and meat products","Production","t",2016,15.91,"Meat of ducks, fresh or chilled","no"
"MAC","China, Macao Special Administrative Region","Meat and meat products","Production","t",2017,10.04,"Meat of ducks, fresh or chilled","no"
"MAC","China, Macao Special Administrative Region","Meat and meat products","Production","t",2018,6.13,"Meat of ducks, fresh or chilled","no"
"MAC","China, Macao Special Administrative Region","Meat and meat products","Production","t",2019,2.23,"Meat of ducks, fresh or chilled","no"
"MAC","China, Macao Special Administrative Region","Meat and meat products","Production","t",2020,5.12,"Meat of ducks, fresh or chilled","no"
"MAC","China, Macao Special Administrative Region","Meat and meat products","Production","t",2021,5.13,"Meat of ducks, fresh or chilled","no"
"MAC","China, Macao Special Administrative Region","Meat and meat products","Production","t",2022,5.13,"Meat of ducks, fresh or chilled","no"
"MAC","China, Macao Special Administrative Region","Meat and meat products","Production","t",2023,5.13,"Meat of ducks, fresh or chilled","no"
"MAC","China, Macao Special Administrative Region","Meat and meat products","Production","t",1992,67.5,"Meat of geese, fresh or chilled","no"
"MAC","China, Macao Special Administrative Region","Meat and meat products","Production","t",1993,75,"Meat of geese, fresh or chilled","no"
"MAC","China, Macao Special Administrative Region","Meat and meat products","Production","t",1994,70,"Meat of geese, fresh or chilled","no"
"MAC","China, Macao Special Administrative Region","Meat and meat products","Production","t",1995,55,"Meat of geese, fresh or chilled","no"
"MAC","China, Macao Special Administrative Region","Meat and meat products","Production","t",1996,52.5,"Meat of geese, fresh or chilled","no"
"MAC","China, Macao Special Administrative Region","Meat and meat products","Production","t",1997,0,"Meat of geese, fresh or chilled","no"
"MAC","China, Macao Special Administrative Region","Meat and meat products","Production","t",1998,75,"Meat of geese, fresh or chilled","no"
"MAC","China, Macao Special Administrative Region","Meat and meat products","Production","t",1999,195,"Meat of geese, fresh or chilled","no"
"MAC","China, Macao Special Administrative Region","Meat and meat products","Production","t",2000,45,"Meat of geese, fresh or chilled","no"
"MAC","China, Macao Special Administrative Region","Meat and meat products","Production","t",2001,22.5,"Meat of geese, fresh or chilled","no"
"MAC","China, Macao Special Administrative Region","Meat and meat products","Production","t",2002,60,"Meat of geese, fresh or chilled","no"
"MAC","China, Macao Special Administrative Region","Meat and meat products","Production","t",2003,60,"Meat of geese, fresh or chilled","no"
"MAC","China, Macao Special Administrative Region","Meat and meat products","Production","t",2004,12.5,"Meat of geese, fresh or chilled","no"
"MAC","China, Macao Special Administrative Region","Meat and meat products","Production","t",2005,38.35,"Meat of geese, fresh or chilled","no"
"MAC","China, Macao Special Administrative Region","Meat and meat products","Production","t",2006,53.52,"Meat of geese, fresh or chilled","no"
"MAC","China, Macao Special Administrative Region","Meat and meat products","Production","t",2007,59.07,"Meat of geese, fresh or chilled","no"
"MAC","China, Macao Special Administrative Region","Meat and meat products","Production","t",2008,59.13,"Meat of geese, fresh or chilled","no"
"MAC","China, Macao Special Administrative Region","Meat and meat products","Production","t",2009,59.19,"Meat of geese, fresh or chilled","no"
"MAC","China, Macao Special Administrative Region","Meat and meat products","Production","t",2010,59.25,"Meat of geese, fresh or chilled","no"
"MAC","China, Macao Special Administrative Region","Meat and meat products","Production","t",2011,59.31,"Meat of geese, fresh or chilled","no"
"MAC","China, Macao Special Administrative Region","Meat and meat products","Production","t",2012,59.36,"Meat of geese, fresh or chilled","no"
"MAC","China, Macao Special Administrative Region","Meat and meat products","Production","t",2013,59.42,"Meat of geese, fresh or chilled","no"
"MAC","China, Macao Special Administrative Region","Meat and meat products","Production","t",2014,58.35,"Meat of geese, fresh or chilled","no"
"MAC","China, Macao Special Administrative Region","Meat and meat products","Production","t",2015,59.21,"Meat of geese, fresh or chilled","no"
"MAC","China, Macao Special Administrative Region","Meat and meat products","Production","t",2016,58.63,"Meat of geese, fresh or chilled","no"
"MAC","China, Macao Special Administrative Region","Meat and meat products","Production","t",2017,58.13,"Meat of geese, fresh or chilled","no"
"MAC","China, Macao Special Administrative Region","Meat and meat products","Production","t",2018,58.15,"Meat of geese, fresh or chilled","no"
"MAC","China, Macao Special Administrative Region","Meat and meat products","Production","t",2019,58.29,"Meat of geese, fresh or chilled","no"
"MAC","China, Macao Special Administrative Region","Meat and meat products","Production","t",2020,59.52,"Meat of geese, fresh or chilled","no"
"MAC","China, Macao Special Administrative Region","Meat and meat products","Production","t",2021,60.34,"Meat of geese, fresh or chilled","no"
"MAC","China, Macao Special Administrative Region","Meat and meat products","Production","t",2022,60.45,"Meat of geese, fresh or chilled","no"
"MAC","China, Macao Special Administrative Region","Meat and meat products","Production","t",2023,60.56,"Meat of geese, fresh or chilled","no"
"MAC","China, Macao Special Administrative Region","Meat and meat products","Production","t",1992,0.29,"Meat of goat, fresh or chilled","no"
"MAC","China, Macao Special Administrative Region","Meat and meat products","Production","t",1993,0.24,"Meat of goat, fresh or chilled","no"
"MAC","China, Macao Special Administrative Region","Meat and meat products","Production","t",1994,0,"Meat of goat, fresh or chilled","no"
"MAC","China, Macao Special Administrative Region","Meat and meat products","Production","t",1995,0.14,"Meat of goat, fresh or chilled","no"
"MAC","China, Macao Special Administrative Region","Meat and meat products","Production","t",1996,0.02,"Meat of goat, fresh or chilled","no"
"MAC","China, Macao Special Administrative Region","Meat and meat products","Production","t",1997,0,"Meat of goat, fresh or chilled","no"
"MAC","China, Macao Special Administrative Region","Meat and meat products","Production","t",1998,2.04,"Meat of goat, fresh or chilled","no"
"MAC","China, Macao Special Administrative Region","Meat and meat products","Production","t",1999,39.74,"Meat of goat, fresh or chilled","no"
"MAC","China, Macao Special Administrative Region","Meat and meat products","Production","t",2000,24.04,"Meat of goat, fresh or chilled","no"
"MAC","China, Macao Special Administrative Region","Meat and meat products","Production","t",2001,24,"Meat of goat, fresh or chilled","no"
"MAC","China, Macao Special Administrative Region","Meat and meat products","Production","t",2002,23,"Meat of goat, fresh or chilled","no"
"MAC","China, Macao Special Administrative Region","Meat and meat products","Production","t",2003,24,"Meat of goat, fresh or chilled","no"
"MAC","China, Macao Special Administrative Region","Meat and meat products","Production","t",2004,22,"Meat of goat, fresh or chilled","no"
"MAC","China, Macao Special Administrative Region","Meat and meat products","Production","t",2005,25,"Meat of goat, fresh or chilled","no"
"MAC","China, Macao Special Administrative Region","Meat and meat products","Production","t",2006,19,"Meat of goat, fresh or chilled","no"
"MAC","China, Macao Special Administrative Region","Meat and meat products","Production","t",2007,10,"Meat of goat, fresh or chilled","no"
"MAC","China, Macao Special Administrative Region","Meat and meat products","Production","t",2008,13.79,"Meat of goat, fresh or chilled","no"
"MAC","China, Macao Special Administrative Region","Meat and meat products","Production","t",2009,21.83,"Meat of goat, fresh or chilled","no"
"MAC","China, Macao Special Administrative Region","Meat and meat products","Production","t",2010,20.44,"Meat of goat, fresh or chilled","no"
"MAC","China, Macao Special Administrative Region","Meat and meat products","Production","t",2011,20.94,"Meat of goat, fresh or chilled","no"
"MAC","China, Macao Special Administrative Region","Meat and meat products","Production","t",2012,21.44,"Meat of goat, fresh or chilled","no"
"MAC","China, Macao Special Administrative Region","Meat and meat products","Production","t",2013,21.94,"Meat of goat, fresh or chilled","no"
"MAC","China, Macao Special Administrative Region","Meat and meat products","Production","t",2014,23.54,"Meat of goat, fresh or chilled","no"
"MAC","China, Macao Special Administrative Region","Meat and meat products","Production","t",2015,24.22,"Meat of goat, fresh or chilled","no"
"MAC","China, Macao Special Administrative Region","Meat and meat products","Production","t",2016,25.1,"Meat of goat, fresh or chilled","no"
"MAC","China, Macao Special Administrative Region","Meat and meat products","Production","t",2017,25.86,"Meat of goat, fresh or chilled","no"
"MAC","China, Macao Special Administrative Region","Meat and meat products","Production","t",2018,26.54,"Meat of goat, fresh or chilled","no"
"MAC","China, Macao Special Administrative Region","Meat and meat products","Production","t",2019,27.12,"Meat of goat, fresh or chilled","no"
"MAC","China, Macao Special Administrative Region","Meat and meat products","Production","t",2020,26.98,"Meat of goat, fresh or chilled","no"
"MAC","China, Macao Special Administrative Region","Meat and meat products","Production","t",2021,26.37,"Meat of goat, fresh or chilled","no"
"MAC","China, Macao Special Administrative Region","Meat and meat products","Production","t",2022,26.69,"Meat of goat, fresh or chilled","no"
"MAC","China, Macao Special Administrative Region","Meat and meat products","Production","t",2023,27.01,"Meat of goat, fresh or chilled","no"
"MAC","China, Macao Special Administrative Region","Meat and meat products","Production","t",1992,7800,"Meat of pig with the bone, fresh or chilled","no"
"MAC","China, Macao Special Administrative Region","Meat and meat products","Production","t",1993,8000,"Meat of pig with the bone, fresh or chilled","no"
"MAC","China, Macao Special Administrative Region","Meat and meat products","Production","t",1994,9000,"Meat of pig with the bone, fresh or chilled","no"
"MAC","China, Macao Special Administrative Region","Meat and meat products","Production","t",1995,9100,"Meat of pig with the bone, fresh or chilled","no"
"MAC","China, Macao Special Administrative Region","Meat and meat products","Production","t",1996,9300,"Meat of pig with the bone, fresh or chilled","no"
"MAC","China, Macao Special Administrative Region","Meat and meat products","Production","t",1997,10500,"Meat of pig with the bone, fresh or chilled","no"
"MAC","China, Macao Special Administrative Region","Meat and meat products","Production","t",1998,10654,"Meat of pig with the bone, fresh or chilled","no"
"MAC","China, Macao Special Administrative Region","Meat and meat products","Production","t",1999,9987,"Meat of pig with the bone, fresh or chilled","no"
"MAC","China, Macao Special Administrative Region","Meat and meat products","Production","t",2000,10023,"Meat of pig with the bone, fresh or chilled","no"
"MAC","China, Macao Special Administrative Region","Meat and meat products","Production","t",2001,10303,"Meat of pig with the bone, fresh or chilled","no"
"MAC","China, Macao Special Administrative Region","Meat and meat products","Production","t",2002,9422,"Meat of pig with the bone, fresh or chilled","no"
"MAC","China, Macao Special Administrative Region","Meat and meat products","Production","t",2003,9627,"Meat of pig with the bone, fresh or chilled","no"
"MAC","China, Macao Special Administrative Region","Meat and meat products","Production","t",2004,9581,"Meat of pig with the bone, fresh or chilled","no"
"MAC","China, Macao Special Administrative Region","Meat and meat products","Production","t",2005,9458,"Meat of pig with the bone, fresh or chilled","no"
"MAC","China, Macao Special Administrative Region","Meat and meat products","Production","t",2006,9354,"Meat of pig with the bone, fresh or chilled","no"
"MAC","China, Macao Special Administrative Region","Meat and meat products","Production","t",2007,9213,"Meat of pig with the bone, fresh or chilled","no"
"MAC","China, Macao Special Administrative Region","Meat and meat products","Production","t",2008,7516,"Meat of pig with the bone, fresh or chilled","no"
"MAC","China, Macao Special Administrative Region","Meat and meat products","Production","t",2009,7200,"Meat of pig with the bone, fresh or chilled","no"
"MAC","China, Macao Special Administrative Region","Meat and meat products","Production","t",2010,6998,"Meat of pig with the bone, fresh or chilled","no"
"MAC","China, Macao Special Administrative Region","Meat and meat products","Production","t",2011,7859,"Meat of pig with the bone, fresh or chilled","no"
"MAC","China, Macao Special Administrative Region","Meat and meat products","Production","t",2012,8292,"Meat of pig with the bone, fresh or chilled","no"
"MAC","China, Macao Special Administrative Region","Meat and meat products","Production","t",2013,8300,"Meat of pig with the bone, fresh or chilled","no"
"MAC","China, Macao Special Administrative Region","Meat and meat products","Production","t",2014,7984.24,"Meat of pig with the bone, fresh or chilled","no"
"MAC","China, Macao Special Administrative Region","Meat and meat products","Production","t",2015,7202.53,"Meat of pig with the bone, fresh or chilled","no"
"MAC","China, Macao Special Administrative Region","Meat and meat products","Production","t",2016,6646.87,"Meat of pig with the bone, fresh or chilled","no"
"MAC","China, Macao Special Administrative Region","Meat and meat products","Production","t",2017,6189.48,"Meat of pig with the bone, fresh or chilled","no"
"MAC","China, Macao Special Administrative Region","Meat and meat products","Production","t",2018,5732.33,"Meat of pig with the bone, fresh or chilled","no"
"MAC","China, Macao Special Administrative Region","Meat and meat products","Production","t",2019,5000,"Meat of pig with the bone, fresh or chilled","no"
"MAC","China, Macao Special Administrative Region","Meat and meat products","Production","t",2020,5000,"Meat of pig with the bone, fresh or chilled","no"
"MAC","China, Macao Special Administrative Region","Meat and meat products","Production","t",2021,5000,"Meat of pig with the bone, fresh or chilled","no"
"MAC","China, Macao Special Administrative Region","Meat and meat products","Production","t",2022,5000,"Meat of pig with the bone, fresh or chilled","no"
"MAC","China, Macao Special Administrative Region","Meat and meat products","Production","t",2023,5000,"Meat of pig with the bone, fresh or chilled","no"
"MAC","China, Macao Special Administrative Region","Meat and meat products","Production","t",1992,232.2,"Meat of pigeons and other birds n.e.c., fresh, chilled or frozen","no"
"MAC","China, Macao Special Administrative Region","Meat and meat products","Production","t",1993,408.15,"Meat of pigeons and other birds n.e.c., fresh, chilled or frozen","no"
"MAC","China, Macao Special Administrative Region","Meat and meat products","Production","t",1994,264.75,"Meat of pigeons and other birds n.e.c., fresh, chilled or frozen","no"
"MAC","China, Macao Special Administrative Region","Meat and meat products","Production","t",1995,252.75,"Meat of pigeons and other birds n.e.c., fresh, chilled or frozen","no"
"MAC","China, Macao Special Administrative Region","Meat and meat products","Production","t",1996,237,"Meat of pigeons and other birds n.e.c., fresh, chilled or frozen","no"
"MAC","China, Macao Special Administrative Region","Meat and meat products","Production","t",1997,263.25,"Meat of pigeons and other birds n.e.c., fresh, chilled or frozen","no"
"MAC","China, Macao Special Administrative Region","Meat and meat products","Production","t",1998,223.05,"Meat of pigeons and other birds n.e.c., fresh, chilled or frozen","no"
"MAC","China, Macao Special Administrative Region","Meat and meat products","Production","t",1999,255,"Meat of pigeons and other birds n.e.c., fresh, chilled or frozen","no"
"MAC","China, Macao Special Administrative Region","Meat and meat products","Production","t",2000,228.3,"Meat of pigeons and other birds n.e.c., fresh, chilled or frozen","no"
"MAC","China, Macao Special Administrative Region","Meat and meat products","Production","t",2001,184.65,"Meat of pigeons and other birds n.e.c., fresh, chilled or frozen","no"
"MAC","China, Macao Special Administrative Region","Meat and meat products","Production","t",2002,116.85,"Meat of pigeons and other birds n.e.c., fresh, chilled or frozen","no"
"MAC","China, Macao Special Administrative Region","Meat and meat products","Production","t",2003,120.45,"Meat of pigeons and other birds n.e.c., fresh, chilled or frozen","no"
"MAC","China, Macao Special Administrative Region","Meat and meat products","Production","t",2004,310.2,"Meat of pigeons and other birds n.e.c., fresh, chilled or frozen","no"
"MAC","China, Macao Special Administrative Region","Meat and meat products","Production","t",2005,0,"Meat of pigeons and other birds n.e.c., fresh, chilled or frozen","no"
"MAC","China, Macao Special Administrative Region","Meat and meat products","Production","t",2006,0,"Meat of pigeons and other birds n.e.c., fresh, chilled or frozen","no"
"MAC","China, Macao Special Administrative Region","Meat and meat products","Production","t",2007,81.5,"Meat of pigeons and other birds n.e.c., fresh, chilled or frozen","no"
"MAC","China, Macao Special Administrative Region","Meat and meat products","Production","t",2008,84.1,"Meat of pigeons and other birds n.e.c., fresh, chilled or frozen","no"
"MAC","China, Macao Special Administrative Region","Meat and meat products","Production","t",2009,77.8,"Meat of pigeons and other birds n.e.c., fresh, chilled or frozen","no"
"MAC","China, Macao Special Administrative Region","Meat and meat products","Production","t",2010,73.53,"Meat of pigeons and other birds n.e.c., fresh, chilled or frozen","no"
"MAC","China, Macao Special Administrative Region","Meat and meat products","Production","t",2011,69.27,"Meat of pigeons and other birds n.e.c., fresh, chilled or frozen","no"
"MAC","China, Macao Special Administrative Region","Meat and meat products","Production","t",2012,65.01,"Meat of pigeons and other birds n.e.c., fresh, chilled or frozen","no"
"MAC","China, Macao Special Administrative Region","Meat and meat products","Production","t",2013,60.75,"Meat of pigeons and other birds n.e.c., fresh, chilled or frozen","no"
"MAC","China, Macao Special Administrative Region","Meat and meat products","Production","t",2014,39.24,"Meat of pigeons and other birds n.e.c., fresh, chilled or frozen","no"
"MAC","China, Macao Special Administrative Region","Meat and meat products","Production","t",2015,33.79,"Meat of pigeons and other birds n.e.c., fresh, chilled or frozen","no"
"MAC","China, Macao Special Administrative Region","Meat and meat products","Production","t",2016,25.68,"Meat of pigeons and other birds n.e.c., fresh, chilled or frozen","no"
"MAC","China, Macao Special Administrative Region","Meat and meat products","Production","t",2017,15.97,"Meat of pigeons and other birds n.e.c., fresh, chilled or frozen","no"
"MAC","China, Macao Special Administrative Region","Meat and meat products","Production","t",2018,13.06,"Meat of pigeons and other birds n.e.c., fresh, chilled or frozen","no"
"MAC","China, Macao Special Administrative Region","Meat and meat products","Production","t",2019,14.07,"Meat of pigeons and other birds n.e.c., fresh, chilled or frozen","no"
"MAC","China, Macao Special Administrative Region","Meat and meat products","Production","t",2020,13.03,"Meat of pigeons and other birds n.e.c., fresh, chilled or frozen","no"
"MAC","China, Macao Special Administrative Region","Meat and meat products","Production","t",2021,12.05,"Meat of pigeons and other birds n.e.c., fresh, chilled or frozen","no"
"MAC","China, Macao Special Administrative Region","Meat and meat products","Production","t",2022,11.17,"Meat of pigeons and other birds n.e.c., fresh, chilled or frozen","no"
"MAC","China, Macao Special Administrative Region","Meat and meat products","Production","t",2023,10.54,"Meat of pigeons and other birds n.e.c., fresh, chilled or frozen","no"
"MAC","China, Macao Special Administrative Region","Pulses (dried leguminous vegetables)","Area harvested","ha",1992,NA,"Other pulses n.e.c.","no"
"MAC","China, Macao Special Administrative Region","Pulses (dried leguminous vegetables)","Area harvested","ha",1993,NA,"Other pulses n.e.c.","no"
"MAC","China, Macao Special Administrative Region","Pulses (dried leguminous vegetables)","Area harvested","ha",1994,NA,"Other pulses n.e.c.","no"
"MAC","China, Macao Special Administrative Region","Pulses (dried leguminous vegetables)","Area harvested","ha",1995,NA,"Other pulses n.e.c.","no"
"MAC","China, Macao Special Administrative Region","Pulses (dried leguminous vegetables)","Area harvested","ha",1996,NA,"Other pulses n.e.c.","no"
"MAC","China, Macao Special Administrative Region","Pulses (dried leguminous vegetables)","Area harvested","ha",1997,NA,"Other pulses n.e.c.","no"
"MAC","China, Macao Special Administrative Region","Pulses (dried leguminous vegetables)","Area harvested","ha",1998,NA,"Other pulses n.e.c.","no"
"MAC","China, Macao Special Administrative Region","Pulses (dried leguminous vegetables)","Area harvested","ha",1999,NA,"Other pulses n.e.c.","no"
"MAC","China, Macao Special Administrative Region","Pulses (dried leguminous vegetables)","Area harvested","ha",2000,NA,"Other pulses n.e.c.","no"
"MAC","China, Macao Special Administrative Region","Pulses (dried leguminous vegetables)","Area harvested","ha",2001,NA,"Other pulses n.e.c.","no"
"MAC","China, Macao Special Administrative Region","Pulses (dried leguminous vegetables)","Area harvested","ha",2002,NA,"Other pulses n.e.c.","no"
"MAC","China, Macao Special Administrative Region","Pulses (dried leguminous vegetables)","Area harvested","ha",2003,NA,"Other pulses n.e.c.","no"
"MAC","China, Macao Special Administrative Region","Pulses (dried leguminous vegetables)","Area harvested","ha",2004,NA,"Other pulses n.e.c.","no"
"MAC","China, Macao Special Administrative Region","Pulses (dried leguminous vegetables)","Area harvested","ha",2005,NA,"Other pulses n.e.c.","no"
"MAC","China, Macao Special Administrative Region","Pulses (dried leguminous vegetables)","Area harvested","ha",2006,NA,"Other pulses n.e.c.","no"
"MAC","China, Macao Special Administrative Region","Pulses (dried leguminous vegetables)","Area harvested","ha",2007,NA,"Other pulses n.e.c.","no"
"MAC","China, Macao Special Administrative Region","Pulses (dried leguminous vegetables)","Area harvested","ha",2008,NA,"Other pulses n.e.c.","no"
"MAC","China, Macao Special Administrative Region","Pulses (dried leguminous vegetables)","Area harvested","ha",2009,NA,"Other pulses n.e.c.","no"
"MAC","China, Macao Special Administrative Region","Pulses (dried leguminous vegetables)","Area harvested","ha",2010,NA,"Other pulses n.e.c.","no"
"MAC","China, Macao Special Administrative Region","Pulses (dried leguminous vegetables)","Area harvested","ha",2011,NA,"Other pulses n.e.c.","no"
"MAC","China, Macao Special Administrative Region","Pulses (dried leguminous vegetables)","Area harvested","ha",2012,NA,"Other pulses n.e.c.","no"
"MAC","China, Macao Special Administrative Region","Pulses (dried leguminous vegetables)","Area harvested","ha",2013,NA,"Other pulses n.e.c.","no"
"MAC","China, Macao Special Administrative Region","Pulses (dried leguminous vegetables)","Area harvested","ha",2014,NA,"Other pulses n.e.c.","no"
"MAC","China, Macao Special Administrative Region","Pulses (dried leguminous vegetables)","Area harvested","ha",2015,NA,"Other pulses n.e.c.","no"
"MAC","China, Macao Special Administrative Region","Pulses (dried leguminous vegetables)","Area harvested","ha",2016,NA,"Other pulses n.e.c.","no"
"MAC","China, Macao Special Administrative Region","Pulses (dried leguminous vegetables)","Area harvested","ha",2017,NA,"Other pulses n.e.c.","no"
"MAC","China, Macao Special Administrative Region","Pulses (dried leguminous vegetables)","Area harvested","ha",2018,NA,"Other pulses n.e.c.","no"
"MAC","China, Macao Special Administrative Region","Pulses (dried leguminous vegetables)","Area harvested","ha",2019,NA,"Other pulses n.e.c.","no"
"MAC","China, Macao Special Administrative Region","Pulses (dried leguminous vegetables)","Area harvested","ha",2020,NA,"Other pulses n.e.c.","no"
"MAC","China, Macao Special Administrative Region","Pulses (dried leguminous vegetables)","Area harvested","ha",2021,NA,"Other pulses n.e.c.","no"
"MAC","China, Macao Special Administrative Region","Pulses (dried leguminous vegetables)","Area harvested","ha",2022,NA,"Other pulses n.e.c.","no"
"MAC","China, Macao Special Administrative Region","Pulses (dried leguminous vegetables)","Area harvested","ha",2023,NA,"Other pulses n.e.c.","no"
"MAC","China, Macao Special Administrative Region","Pulses (dried leguminous vegetables)","Production","t",1992,NA,"Other pulses n.e.c.","no"
"MAC","China, Macao Special Administrative Region","Pulses (dried leguminous vegetables)","Production","t",1993,NA,"Other pulses n.e.c.","no"
"MAC","China, Macao Special Administrative Region","Pulses (dried leguminous vegetables)","Production","t",1994,NA,"Other pulses n.e.c.","no"
"MAC","China, Macao Special Administrative Region","Pulses (dried leguminous vegetables)","Production","t",1995,NA,"Other pulses n.e.c.","no"
"MAC","China, Macao Special Administrative Region","Pulses (dried leguminous vegetables)","Production","t",1996,NA,"Other pulses n.e.c.","no"
"MAC","China, Macao Special Administrative Region","Pulses (dried leguminous vegetables)","Production","t",1997,NA,"Other pulses n.e.c.","no"
"MAC","China, Macao Special Administrative Region","Pulses (dried leguminous vegetables)","Production","t",1998,NA,"Other pulses n.e.c.","no"
"MAC","China, Macao Special Administrative Region","Pulses (dried leguminous vegetables)","Production","t",1999,NA,"Other pulses n.e.c.","no"
"MAC","China, Macao Special Administrative Region","Pulses (dried leguminous vegetables)","Production","t",2000,NA,"Other pulses n.e.c.","no"
"MAC","China, Macao Special Administrative Region","Pulses (dried leguminous vegetables)","Production","t",2001,NA,"Other pulses n.e.c.","no"
"MAC","China, Macao Special Administrative Region","Pulses (dried leguminous vegetables)","Production","t",2002,NA,"Other pulses n.e.c.","no"
"MAC","China, Macao Special Administrative Region","Pulses (dried leguminous vegetables)","Production","t",2003,NA,"Other pulses n.e.c.","no"
"MAC","China, Macao Special Administrative Region","Pulses (dried leguminous vegetables)","Production","t",2004,NA,"Other pulses n.e.c.","no"
"MAC","China, Macao Special Administrative Region","Pulses (dried leguminous vegetables)","Production","t",2005,NA,"Other pulses n.e.c.","no"
"MAC","China, Macao Special Administrative Region","Pulses (dried leguminous vegetables)","Production","t",2006,NA,"Other pulses n.e.c.","no"
"MAC","China, Macao Special Administrative Region","Pulses (dried leguminous vegetables)","Production","t",2007,NA,"Other pulses n.e.c.","no"
"MAC","China, Macao Special Administrative Region","Pulses (dried leguminous vegetables)","Production","t",2008,NA,"Other pulses n.e.c.","no"
"MAC","China, Macao Special Administrative Region","Pulses (dried leguminous vegetables)","Production","t",2009,NA,"Other pulses n.e.c.","no"
"MAC","China, Macao Special Administrative Region","Pulses (dried leguminous vegetables)","Production","t",2010,NA,"Other pulses n.e.c.","no"
"MAC","China, Macao Special Administrative Region","Pulses (dried leguminous vegetables)","Production","t",2011,NA,"Other pulses n.e.c.","no"
"MAC","China, Macao Special Administrative Region","Pulses (dried leguminous vegetables)","Production","t",2012,NA,"Other pulses n.e.c.","no"
"MAC","China, Macao Special Administrative Region","Pulses (dried leguminous vegetables)","Production","t",2013,NA,"Other pulses n.e.c.","no"
"MAC","China, Macao Special Administrative Region","Pulses (dried leguminous vegetables)","Production","t",2014,NA,"Other pulses n.e.c.","no"
"MAC","China, Macao Special Administrative Region","Pulses (dried leguminous vegetables)","Production","t",2015,NA,"Other pulses n.e.c.","no"
"MAC","China, Macao Special Administrative Region","Pulses (dried leguminous vegetables)","Production","t",2016,NA,"Other pulses n.e.c.","no"
"MAC","China, Macao Special Administrative Region","Pulses (dried leguminous vegetables)","Production","t",2017,NA,"Other pulses n.e.c.","no"
"MAC","China, Macao Special Administrative Region","Pulses (dried leguminous vegetables)","Production","t",2018,NA,"Other pulses n.e.c.","no"
"MAC","China, Macao Special Administrative Region","Pulses (dried leguminous vegetables)","Production","t",2019,NA,"Other pulses n.e.c.","no"
"MAC","China, Macao Special Administrative Region","Pulses (dried leguminous vegetables)","Production","t",2020,NA,"Other pulses n.e.c.","no"
"MAC","China, Macao Special Administrative Region","Pulses (dried leguminous vegetables)","Production","t",2021,NA,"Other pulses n.e.c.","no"
"MAC","China, Macao Special Administrative Region","Pulses (dried leguminous vegetables)","Production","t",2022,NA,"Other pulses n.e.c.","no"
"MAC","China, Macao Special Administrative Region","Pulses (dried leguminous vegetables)","Production","t",2023,NA,"Other pulses n.e.c.","no"
"MAC","China, Macao Special Administrative Region","Stimulant, spice and aromatic crops","Area harvested","ha",1992,NA,"Other stimulant, spice and aromatic crops, n.e.c.","no"
"MAC","China, Macao Special Administrative Region","Stimulant, spice and aromatic crops","Area harvested","ha",1993,NA,"Other stimulant, spice and aromatic crops, n.e.c.","no"
"MAC","China, Macao Special Administrative Region","Stimulant, spice and aromatic crops","Area harvested","ha",1994,NA,"Other stimulant, spice and aromatic crops, n.e.c.","no"
"MAC","China, Macao Special Administrative Region","Stimulant, spice and aromatic crops","Area harvested","ha",1995,NA,"Other stimulant, spice and aromatic crops, n.e.c.","no"
"MAC","China, Macao Special Administrative Region","Stimulant, spice and aromatic crops","Area harvested","ha",1996,NA,"Other stimulant, spice and aromatic crops, n.e.c.","no"
"MAC","China, Macao Special Administrative Region","Stimulant, spice and aromatic crops","Area harvested","ha",1997,NA,"Other stimulant, spice and aromatic crops, n.e.c.","no"
"MAC","China, Macao Special Administrative Region","Stimulant, spice and aromatic crops","Area harvested","ha",1998,NA,"Other stimulant, spice and aromatic crops, n.e.c.","no"
"MAC","China, Macao Special Administrative Region","Stimulant, spice and aromatic crops","Area harvested","ha",1999,NA,"Other stimulant, spice and aromatic crops, n.e.c.","no"
"MAC","China, Macao Special Administrative Region","Stimulant, spice and aromatic crops","Area harvested","ha",2000,NA,"Other stimulant, spice and aromatic crops, n.e.c.","no"
"MAC","China, Macao Special Administrative Region","Stimulant, spice and aromatic crops","Area harvested","ha",2001,NA,"Other stimulant, spice and aromatic crops, n.e.c.","no"
"MAC","China, Macao Special Administrative Region","Stimulant, spice and aromatic crops","Area harvested","ha",2002,NA,"Other stimulant, spice and aromatic crops, n.e.c.","no"
"MAC","China, Macao Special Administrative Region","Stimulant, spice and aromatic crops","Area harvested","ha",2003,NA,"Other stimulant, spice and aromatic crops, n.e.c.","no"
"MAC","China, Macao Special Administrative Region","Stimulant, spice and aromatic crops","Area harvested","ha",2004,NA,"Other stimulant, spice and aromatic crops, n.e.c.","no"
"MAC","China, Macao Special Administrative Region","Stimulant, spice and aromatic crops","Area harvested","ha",2005,NA,"Other stimulant, spice and aromatic crops, n.e.c.","no"
"MAC","China, Macao Special Administrative Region","Stimulant, spice and aromatic crops","Area harvested","ha",2006,NA,"Other stimulant, spice and aromatic crops, n.e.c.","no"
"MAC","China, Macao Special Administrative Region","Stimulant, spice and aromatic crops","Area harvested","ha",2007,NA,"Other stimulant, spice and aromatic crops, n.e.c.","no"
"MAC","China, Macao Special Administrative Region","Stimulant, spice and aromatic crops","Area harvested","ha",2008,NA,"Other stimulant, spice and aromatic crops, n.e.c.","no"
"MAC","China, Macao Special Administrative Region","Stimulant, spice and aromatic crops","Area harvested","ha",2009,NA,"Other stimulant, spice and aromatic crops, n.e.c.","no"
"MAC","China, Macao Special Administrative Region","Stimulant, spice and aromatic crops","Area harvested","ha",2010,NA,"Other stimulant, spice and aromatic crops, n.e.c.","no"
"MAC","China, Macao Special Administrative Region","Stimulant, spice and aromatic crops","Area harvested","ha",2011,NA,"Other stimulant, spice and aromatic crops, n.e.c.","no"
"MAC","China, Macao Special Administrative Region","Stimulant, spice and aromatic crops","Area harvested","ha",2012,NA,"Other stimulant, spice and aromatic crops, n.e.c.","no"
"MAC","China, Macao Special Administrative Region","Stimulant, spice and aromatic crops","Area harvested","ha",2013,NA,"Other stimulant, spice and aromatic crops, n.e.c.","no"
"MAC","China, Macao Special Administrative Region","Stimulant, spice and aromatic crops","Area harvested","ha",2014,NA,"Other stimulant, spice and aromatic crops, n.e.c.","no"
"MAC","China, Macao Special Administrative Region","Stimulant, spice and aromatic crops","Area harvested","ha",2015,NA,"Other stimulant, spice and aromatic crops, n.e.c.","no"
"MAC","China, Macao Special Administrative Region","Stimulant, spice and aromatic crops","Area harvested","ha",2016,NA,"Other stimulant, spice and aromatic crops, n.e.c.","no"
"MAC","China, Macao Special Administrative Region","Stimulant, spice and aromatic crops","Area harvested","ha",2017,NA,"Other stimulant, spice and aromatic crops, n.e.c.","no"
"MAC","China, Macao Special Administrative Region","Stimulant, spice and aromatic crops","Area harvested","ha",2018,NA,"Other stimulant, spice and aromatic crops, n.e.c.","no"
"MAC","China, Macao Special Administrative Region","Stimulant, spice and aromatic crops","Area harvested","ha",2019,NA,"Other stimulant, spice and aromatic crops, n.e.c.","no"
"MAC","China, Macao Special Administrative Region","Stimulant, spice and aromatic crops","Area harvested","ha",2020,NA,"Other stimulant, spice and aromatic crops, n.e.c.","no"
"MAC","China, Macao Special Administrative Region","Stimulant, spice and aromatic crops","Area harvested","ha",2021,NA,"Other stimulant, spice and aromatic crops, n.e.c.","no"
"MAC","China, Macao Special Administrative Region","Stimulant, spice and aromatic crops","Area harvested","ha",2022,NA,"Other stimulant, spice and aromatic crops, n.e.c.","no"
"MAC","China, Macao Special Administrative Region","Stimulant, spice and aromatic crops","Area harvested","ha",2023,NA,"Other stimulant, spice and aromatic crops, n.e.c.","no"
"MAC","China, Macao Special Administrative Region","Stimulant, spice and aromatic crops","Production","t",1992,NA,"Other stimulant, spice and aromatic crops, n.e.c.","no"
"MAC","China, Macao Special Administrative Region","Stimulant, spice and aromatic crops","Production","t",1993,NA,"Other stimulant, spice and aromatic crops, n.e.c.","no"
"MAC","China, Macao Special Administrative Region","Stimulant, spice and aromatic crops","Production","t",1994,NA,"Other stimulant, spice and aromatic crops, n.e.c.","no"
"MAC","China, Macao Special Administrative Region","Stimulant, spice and aromatic crops","Production","t",1995,NA,"Other stimulant, spice and aromatic crops, n.e.c.","no"
"MAC","China, Macao Special Administrative Region","Stimulant, spice and aromatic crops","Production","t",1996,NA,"Other stimulant, spice and aromatic crops, n.e.c.","no"
"MAC","China, Macao Special Administrative Region","Stimulant, spice and aromatic crops","Production","t",1997,NA,"Other stimulant, spice and aromatic crops, n.e.c.","no"
"MAC","China, Macao Special Administrative Region","Stimulant, spice and aromatic crops","Production","t",1998,NA,"Other stimulant, spice and aromatic crops, n.e.c.","no"
"MAC","China, Macao Special Administrative Region","Stimulant, spice and aromatic crops","Production","t",1999,NA,"Other stimulant, spice and aromatic crops, n.e.c.","no"
"MAC","China, Macao Special Administrative Region","Stimulant, spice and aromatic crops","Production","t",2000,NA,"Other stimulant, spice and aromatic crops, n.e.c.","no"
"MAC","China, Macao Special Administrative Region","Stimulant, spice and aromatic crops","Production","t",2001,NA,"Other stimulant, spice and aromatic crops, n.e.c.","no"
"MAC","China, Macao Special Administrative Region","Stimulant, spice and aromatic crops","Production","t",2002,NA,"Other stimulant, spice and aromatic crops, n.e.c.","no"
"MAC","China, Macao Special Administrative Region","Stimulant, spice and aromatic crops","Production","t",2003,NA,"Other stimulant, spice and aromatic crops, n.e.c.","no"
"MAC","China, Macao Special Administrative Region","Stimulant, spice and aromatic crops","Production","t",2004,NA,"Other stimulant, spice and aromatic crops, n.e.c.","no"
"MAC","China, Macao Special Administrative Region","Stimulant, spice and aromatic crops","Production","t",2005,NA,"Other stimulant, spice and aromatic crops, n.e.c.","no"
"MAC","China, Macao Special Administrative Region","Stimulant, spice and aromatic crops","Production","t",2006,NA,"Other stimulant, spice and aromatic crops, n.e.c.","no"
"MAC","China, Macao Special Administrative Region","Stimulant, spice and aromatic crops","Production","t",2007,NA,"Other stimulant, spice and aromatic crops, n.e.c.","no"
"MAC","China, Macao Special Administrative Region","Stimulant, spice and aromatic crops","Production","t",2008,NA,"Other stimulant, spice and aromatic crops, n.e.c.","no"
"MAC","China, Macao Special Administrative Region","Stimulant, spice and aromatic crops","Production","t",2009,NA,"Other stimulant, spice and aromatic crops, n.e.c.","no"
"MAC","China, Macao Special Administrative Region","Stimulant, spice and aromatic crops","Production","t",2010,NA,"Other stimulant, spice and aromatic crops, n.e.c.","no"
"MAC","China, Macao Special Administrative Region","Stimulant, spice and aromatic crops","Production","t",2011,NA,"Other stimulant, spice and aromatic crops, n.e.c.","no"
"MAC","China, Macao Special Administrative Region","Stimulant, spice and aromatic crops","Production","t",2012,NA,"Other stimulant, spice and aromatic crops, n.e.c.","no"
"MAC","China, Macao Special Administrative Region","Stimulant, spice and aromatic crops","Production","t",2013,NA,"Other stimulant, spice and aromatic crops, n.e.c.","no"
"MAC","China, Macao Special Administrative Region","Stimulant, spice and aromatic crops","Production","t",2014,NA,"Other stimulant, spice and aromatic crops, n.e.c.","no"
"MAC","China, Macao Special Administrative Region","Stimulant, spice and aromatic crops","Production","t",2015,NA,"Other stimulant, spice and aromatic crops, n.e.c.","no"
"MAC","China, Macao Special Administrative Region","Stimulant, spice and aromatic crops","Production","t",2016,NA,"Other stimulant, spice and aromatic crops, n.e.c.","no"
"MAC","China, Macao Special Administrative Region","Stimulant, spice and aromatic crops","Production","t",2017,NA,"Other stimulant, spice and aromatic crops, n.e.c.","no"
"MAC","China, Macao Special Administrative Region","Stimulant, spice and aromatic crops","Production","t",2018,NA,"Other stimulant, spice and aromatic crops, n.e.c.","no"
"MAC","China, Macao Special Administrative Region","Stimulant, spice and aromatic crops","Production","t",2019,NA,"Other stimulant, spice and aromatic crops, n.e.c.","no"
"MAC","China, Macao Special Administrative Region","Stimulant, spice and aromatic crops","Production","t",2020,NA,"Other stimulant, spice and aromatic crops, n.e.c.","no"
"MAC","China, Macao Special Administrative Region","Stimulant, spice and aromatic crops","Production","t",2021,NA,"Other stimulant, spice and aromatic crops, n.e.c.","no"
"MAC","China, Macao Special Administrative Region","Stimulant, spice and aromatic crops","Production","t",2022,NA,"Other stimulant, spice and aromatic crops, n.e.c.","no"
"MAC","China, Macao Special Administrative Region","Stimulant, spice and aromatic crops","Production","t",2023,NA,"Other stimulant, spice and aromatic crops, n.e.c.","no"
"MAC","China, Macao Special Administrative Region","Vegetables","Area harvested","ha",1992,NA,"Other vegetables, fresh n.e.c.","no"
"MAC","China, Macao Special Administrative Region","Vegetables","Area harvested","ha",1993,NA,"Other vegetables, fresh n.e.c.","no"
"MAC","China, Macao Special Administrative Region","Vegetables","Area harvested","ha",1994,NA,"Other vegetables, fresh n.e.c.","no"
"MAC","China, Macao Special Administrative Region","Vegetables","Area harvested","ha",1995,NA,"Other vegetables, fresh n.e.c.","no"
"MAC","China, Macao Special Administrative Region","Vegetables","Area harvested","ha",1996,NA,"Other vegetables, fresh n.e.c.","no"
"MAC","China, Macao Special Administrative Region","Vegetables","Area harvested","ha",1997,NA,"Other vegetables, fresh n.e.c.","no"
"MAC","China, Macao Special Administrative Region","Vegetables","Area harvested","ha",1998,NA,"Other vegetables, fresh n.e.c.","no"
"MAC","China, Macao Special Administrative Region","Vegetables","Area harvested","ha",1999,NA,"Other vegetables, fresh n.e.c.","no"
"MAC","China, Macao Special Administrative Region","Vegetables","Area harvested","ha",2000,NA,"Other vegetables, fresh n.e.c.","no"
"MAC","China, Macao Special Administrative Region","Vegetables","Area harvested","ha",2001,NA,"Other vegetables, fresh n.e.c.","no"
"MAC","China, Macao Special Administrative Region","Vegetables","Area harvested","ha",2002,NA,"Other vegetables, fresh n.e.c.","no"
"MAC","China, Macao Special Administrative Region","Vegetables","Area harvested","ha",2003,NA,"Other vegetables, fresh n.e.c.","no"
"MAC","China, Macao Special Administrative Region","Vegetables","Area harvested","ha",2004,NA,"Other vegetables, fresh n.e.c.","no"
"MAC","China, Macao Special Administrative Region","Vegetables","Area harvested","ha",2005,NA,"Other vegetables, fresh n.e.c.","no"
"MAC","China, Macao Special Administrative Region","Vegetables","Area harvested","ha",2006,NA,"Other vegetables, fresh n.e.c.","no"
"MAC","China, Macao Special Administrative Region","Vegetables","Area harvested","ha",2007,NA,"Other vegetables, fresh n.e.c.","no"
"MAC","China, Macao Special Administrative Region","Vegetables","Area harvested","ha",2008,NA,"Other vegetables, fresh n.e.c.","no"
"MAC","China, Macao Special Administrative Region","Vegetables","Area harvested","ha",2009,NA,"Other vegetables, fresh n.e.c.","no"
"MAC","China, Macao Special Administrative Region","Vegetables","Area harvested","ha",2010,NA,"Other vegetables, fresh n.e.c.","no"
"MAC","China, Macao Special Administrative Region","Vegetables","Area harvested","ha",2011,NA,"Other vegetables, fresh n.e.c.","no"
"MAC","China, Macao Special Administrative Region","Vegetables","Area harvested","ha",2012,NA,"Other vegetables, fresh n.e.c.","no"
"MAC","China, Macao Special Administrative Region","Vegetables","Area harvested","ha",2013,NA,"Other vegetables, fresh n.e.c.","no"
"MAC","China, Macao Special Administrative Region","Vegetables","Area harvested","ha",2014,NA,"Other vegetables, fresh n.e.c.","no"
"MAC","China, Macao Special Administrative Region","Vegetables","Area harvested","ha",2015,NA,"Other vegetables, fresh n.e.c.","no"
"MAC","China, Macao Special Administrative Region","Vegetables","Area harvested","ha",2016,NA,"Other vegetables, fresh n.e.c.","no"
"MAC","China, Macao Special Administrative Region","Vegetables","Area harvested","ha",2017,NA,"Other vegetables, fresh n.e.c.","no"
"MAC","China, Macao Special Administrative Region","Vegetables","Area harvested","ha",2018,NA,"Other vegetables, fresh n.e.c.","no"
"MAC","China, Macao Special Administrative Region","Vegetables","Area harvested","ha",2019,NA,"Other vegetables, fresh n.e.c.","no"
"MAC","China, Macao Special Administrative Region","Vegetables","Area harvested","ha",2020,NA,"Other vegetables, fresh n.e.c.","no"
"MAC","China, Macao Special Administrative Region","Vegetables","Area harvested","ha",2021,NA,"Other vegetables, fresh n.e.c.","no"
"MAC","China, Macao Special Administrative Region","Vegetables","Area harvested","ha",2022,NA,"Other vegetables, fresh n.e.c.","no"
"MAC","China, Macao Special Administrative Region","Vegetables","Area harvested","ha",2023,NA,"Other vegetables, fresh n.e.c.","no"
"MAC","China, Macao Special Administrative Region","Vegetables","Production","t",1992,NA,"Other vegetables, fresh n.e.c.","no"
"MAC","China, Macao Special Administrative Region","Vegetables","Production","t",1993,NA,"Other vegetables, fresh n.e.c.","no"
"MAC","China, Macao Special Administrative Region","Vegetables","Production","t",1994,NA,"Other vegetables, fresh n.e.c.","no"
"MAC","China, Macao Special Administrative Region","Vegetables","Production","t",1995,NA,"Other vegetables, fresh n.e.c.","no"
"MAC","China, Macao Special Administrative Region","Vegetables","Production","t",1996,NA,"Other vegetables, fresh n.e.c.","no"
"MAC","China, Macao Special Administrative Region","Vegetables","Production","t",1997,NA,"Other vegetables, fresh n.e.c.","no"
"MAC","China, Macao Special Administrative Region","Vegetables","Production","t",1998,NA,"Other vegetables, fresh n.e.c.","no"
"MAC","China, Macao Special Administrative Region","Vegetables","Production","t",1999,NA,"Other vegetables, fresh n.e.c.","no"
"MAC","China, Macao Special Administrative Region","Vegetables","Production","t",2000,NA,"Other vegetables, fresh n.e.c.","no"
"MAC","China, Macao Special Administrative Region","Vegetables","Production","t",2001,NA,"Other vegetables, fresh n.e.c.","no"
"MAC","China, Macao Special Administrative Region","Vegetables","Production","t",2002,NA,"Other vegetables, fresh n.e.c.","no"
"MAC","China, Macao Special Administrative Region","Vegetables","Production","t",2003,NA,"Other vegetables, fresh n.e.c.","no"
"MAC","China, Macao Special Administrative Region","Vegetables","Production","t",2004,NA,"Other vegetables, fresh n.e.c.","no"
"MAC","China, Macao Special Administrative Region","Vegetables","Production","t",2005,NA,"Other vegetables, fresh n.e.c.","no"
"MAC","China, Macao Special Administrative Region","Vegetables","Production","t",2006,NA,"Other vegetables, fresh n.e.c.","no"
"MAC","China, Macao Special Administrative Region","Vegetables","Production","t",2007,NA,"Other vegetables, fresh n.e.c.","no"
"MAC","China, Macao Special Administrative Region","Vegetables","Production","t",2008,NA,"Other vegetables, fresh n.e.c.","no"
"MAC","China, Macao Special Administrative Region","Vegetables","Production","t",2009,NA,"Other vegetables, fresh n.e.c.","no"
"MAC","China, Macao Special Administrative Region","Vegetables","Production","t",2010,NA,"Other vegetables, fresh n.e.c.","no"
"MAC","China, Macao Special Administrative Region","Vegetables","Production","t",2011,NA,"Other vegetables, fresh n.e.c.","no"
"MAC","China, Macao Special Administrative Region","Vegetables","Production","t",2012,NA,"Other vegetables, fresh n.e.c.","no"
"MAC","China, Macao Special Administrative Region","Vegetables","Production","t",2013,NA,"Other vegetables, fresh n.e.c.","no"
"MAC","China, Macao Special Administrative Region","Vegetables","Production","t",2014,NA,"Other vegetables, fresh n.e.c.","no"
"MAC","China, Macao Special Administrative Region","Vegetables","Production","t",2015,NA,"Other vegetables, fresh n.e.c.","no"
"MAC","China, Macao Special Administrative Region","Vegetables","Production","t",2016,NA,"Other vegetables, fresh n.e.c.","no"
"MAC","China, Macao Special Administrative Region","Vegetables","Production","t",2017,NA,"Other vegetables, fresh n.e.c.","no"
"MAC","China, Macao Special Administrative Region","Vegetables","Production","t",2018,NA,"Other vegetables, fresh n.e.c.","no"
"MAC","China, Macao Special Administrative Region","Vegetables","Production","t",2019,NA,"Other vegetables, fresh n.e.c.","no"
"MAC","China, Macao Special Administrative Region","Vegetables","Production","t",2020,NA,"Other vegetables, fresh n.e.c.","no"
"MAC","China, Macao Special Administrative Region","Vegetables","Production","t",2021,NA,"Other vegetables, fresh n.e.c.","no"
"MAC","China, Macao Special Administrative Region","Vegetables","Production","t",2022,NA,"Other vegetables, fresh n.e.c.","no"
"MAC","China, Macao Special Administrative Region","Vegetables","Production","t",2023,NA,"Other vegetables, fresh n.e.c.","no"
"MAC","China, Macao Special Administrative Region","Stimulant, spice and aromatic crops","Area harvested","ha",1992,80,"Pepper (Piper spp.), raw","no"
"MAC","China, Macao Special Administrative Region","Stimulant, spice and aromatic crops","Area harvested","ha",1993,85,"Pepper (Piper spp.), raw","no"
"MAC","China, Macao Special Administrative Region","Stimulant, spice and aromatic crops","Area harvested","ha",1994,90,"Pepper (Piper spp.), raw","no"
"MAC","China, Macao Special Administrative Region","Stimulant, spice and aromatic crops","Area harvested","ha",1995,94,"Pepper (Piper spp.), raw","no"
"MAC","China, Macao Special Administrative Region","Stimulant, spice and aromatic crops","Area harvested","ha",1996,100,"Pepper (Piper spp.), raw","no"
"MAC","China, Macao Special Administrative Region","Stimulant, spice and aromatic crops","Area harvested","ha",1997,102,"Pepper (Piper spp.), raw","no"
"MAC","China, Macao Special Administrative Region","Stimulant, spice and aromatic crops","Area harvested","ha",1998,105,"Pepper (Piper spp.), raw","no"
"MAC","China, Macao Special Administrative Region","Stimulant, spice and aromatic crops","Area harvested","ha",1999,107,"Pepper (Piper spp.), raw","no"
"MAC","China, Macao Special Administrative Region","Stimulant, spice and aromatic crops","Area harvested","ha",2000,110,"Pepper (Piper spp.), raw","no"
"MAC","China, Macao Special Administrative Region","Stimulant, spice and aromatic crops","Area harvested","ha",2001,112,"Pepper (Piper spp.), raw","no"
"MAC","China, Macao Special Administrative Region","Stimulant, spice and aromatic crops","Area harvested","ha",2002,115,"Pepper (Piper spp.), raw","no"
"MAC","China, Macao Special Administrative Region","Stimulant, spice and aromatic crops","Area harvested","ha",2003,117,"Pepper (Piper spp.), raw","no"
"MAC","China, Macao Special Administrative Region","Stimulant, spice and aromatic crops","Area harvested","ha",2004,119,"Pepper (Piper spp.), raw","no"
"MAC","China, Macao Special Administrative Region","Stimulant, spice and aromatic crops","Area harvested","ha",2005,121,"Pepper (Piper spp.), raw","no"
"MAC","China, Macao Special Administrative Region","Stimulant, spice and aromatic crops","Area harvested","ha",2006,124,"Pepper (Piper spp.), raw","no"
"MAC","China, Macao Special Administrative Region","Stimulant, spice and aromatic crops","Area harvested","ha",2007,125,"Pepper (Piper spp.), raw","no"
"MAC","China, Macao Special Administrative Region","Stimulant, spice and aromatic crops","Area harvested","ha",2008,128,"Pepper (Piper spp.), raw","no"
"MAC","China, Macao Special Administrative Region","Stimulant, spice and aromatic crops","Area harvested","ha",2009,129,"Pepper (Piper spp.), raw","no"
"MAC","China, Macao Special Administrative Region","Stimulant, spice and aromatic crops","Area harvested","ha",2010,130,"Pepper (Piper spp.), raw","no"
"MAC","China, Macao Special Administrative Region","Stimulant, spice and aromatic crops","Area harvested","ha",2011,127,"Pepper (Piper spp.), raw","no"
"MAC","China, Macao Special Administrative Region","Stimulant, spice and aromatic crops","Area harvested","ha",2012,125,"Pepper (Piper spp.), raw","no"
"MAC","China, Macao Special Administrative Region","Stimulant, spice and aromatic crops","Area harvested","ha",2013,125,"Pepper (Piper spp.), raw","no"
"MAC","China, Macao Special Administrative Region","Stimulant, spice and aromatic crops","Area harvested","ha",2014,130,"Pepper (Piper spp.), raw","no"
"MAC","China, Macao Special Administrative Region","Stimulant, spice and aromatic crops","Area harvested","ha",2015,130,"Pepper (Piper spp.), raw","no"
"MAC","China, Macao Special Administrative Region","Stimulant, spice and aromatic crops","Area harvested","ha",2016,129,"Pepper (Piper spp.), raw","no"
"MAC","China, Macao Special Administrative Region","Stimulant, spice and aromatic crops","Area harvested","ha",2017,128,"Pepper (Piper spp.), raw","no"
"MAC","China, Macao Special Administrative Region","Stimulant, spice and aromatic crops","Area harvested","ha",2018,128,"Pepper (Piper spp.), raw","no"
"MAC","China, Macao Special Administrative Region","Stimulant, spice and aromatic crops","Area harvested","ha",2019,128,"Pepper (Piper spp.), raw","no"
"MAC","China, Macao Special Administrative Region","Stimulant, spice and aromatic crops","Area harvested","ha",2020,129,"Pepper (Piper spp.), raw","no"
"MAC","China, Macao Special Administrative Region","Stimulant, spice and aromatic crops","Area harvested","ha",2021,129,"Pepper (Piper spp.), raw","no"
"MAC","China, Macao Special Administrative Region","Stimulant, spice and aromatic crops","Area harvested","ha",2022,129,"Pepper (Piper spp.), raw","no"
"MAC","China, Macao Special Administrative Region","Stimulant, spice and aromatic crops","Area harvested","ha",2023,130,"Pepper (Piper spp.), raw","no"
"MAC","China, Macao Special Administrative Region","Stimulant, spice and aromatic crops","Yield","kg/ha",1992,1500,"Pepper (Piper spp.), raw","no"
"MAC","China, Macao Special Administrative Region","Stimulant, spice and aromatic crops","Yield","kg/ha",1993,1498.5,"Pepper (Piper spp.), raw","no"
"MAC","China, Macao Special Administrative Region","Stimulant, spice and aromatic crops","Yield","kg/ha",1994,1500,"Pepper (Piper spp.), raw","no"
"MAC","China, Macao Special Administrative Region","Stimulant, spice and aromatic crops","Yield","kg/ha",1995,1507,"Pepper (Piper spp.), raw","no"
"MAC","China, Macao Special Administrative Region","Stimulant, spice and aromatic crops","Yield","kg/ha",1996,1500,"Pepper (Piper spp.), raw","no"
"MAC","China, Macao Special Administrative Region","Stimulant, spice and aromatic crops","Yield","kg/ha",1997,1520,"Pepper (Piper spp.), raw","no"
"MAC","China, Macao Special Administrative Region","Stimulant, spice and aromatic crops","Yield","kg/ha",1998,1523.8,"Pepper (Piper spp.), raw","no"
"MAC","China, Macao Special Administrative Region","Stimulant, spice and aromatic crops","Yield","kg/ha",1999,1529.8,"Pepper (Piper spp.), raw","no"
"MAC","China, Macao Special Administrative Region","Stimulant, spice and aromatic crops","Yield","kg/ha",2000,1500,"Pepper (Piper spp.), raw","no"
"MAC","China, Macao Special Administrative Region","Stimulant, spice and aromatic crops","Yield","kg/ha",2001,1547.1,"Pepper (Piper spp.), raw","no"
"MAC","China, Macao Special Administrative Region","Stimulant, spice and aromatic crops","Yield","kg/ha",2002,1565.2,"Pepper (Piper spp.), raw","no"
"MAC","China, Macao Special Administrative Region","Stimulant, spice and aromatic crops","Yield","kg/ha",2003,1579.6,"Pepper (Piper spp.), raw","no"
"MAC","China, Macao Special Administrative Region","Stimulant, spice and aromatic crops","Yield","kg/ha",2004,1592.8,"Pepper (Piper spp.), raw","no"
"MAC","China, Macao Special Administrative Region","Stimulant, spice and aromatic crops","Yield","kg/ha",2005,1604.4,"Pepper (Piper spp.), raw","no"
"MAC","China, Macao Special Administrative Region","Stimulant, spice and aromatic crops","Yield","kg/ha",2006,1614.4,"Pepper (Piper spp.), raw","no"
"MAC","China, Macao Special Administrative Region","Stimulant, spice and aromatic crops","Yield","kg/ha",2007,1680,"Pepper (Piper spp.), raw","no"
"MAC","China, Macao Special Administrative Region","Stimulant, spice and aromatic crops","Yield","kg/ha",2008,1624.8,"Pepper (Piper spp.), raw","no"
"MAC","China, Macao Special Administrative Region","Stimulant, spice and aromatic crops","Yield","kg/ha",2009,1621.9,"Pepper (Piper spp.), raw","no"
"MAC","China, Macao Special Administrative Region","Stimulant, spice and aromatic crops","Yield","kg/ha",2010,1619.8,"Pepper (Piper spp.), raw","no"
"MAC","China, Macao Special Administrative Region","Stimulant, spice and aromatic crops","Yield","kg/ha",2011,1620,"Pepper (Piper spp.), raw","no"
"MAC","China, Macao Special Administrative Region","Stimulant, spice and aromatic crops","Yield","kg/ha",2012,1600,"Pepper (Piper spp.), raw","no"
"MAC","China, Macao Special Administrative Region","Stimulant, spice and aromatic crops","Yield","kg/ha",2013,1680,"Pepper (Piper spp.), raw","no"
"MAC","China, Macao Special Administrative Region","Stimulant, spice and aromatic crops","Yield","kg/ha",2014,1674.8,"Pepper (Piper spp.), raw","no"
"MAC","China, Macao Special Administrative Region","Stimulant, spice and aromatic crops","Yield","kg/ha",2015,1665.2,"Pepper (Piper spp.), raw","no"
"MAC","China, Macao Special Administrative Region","Stimulant, spice and aromatic crops","Yield","kg/ha",2016,1669.6,"Pepper (Piper spp.), raw","no"
"MAC","China, Macao Special Administrative Region","Stimulant, spice and aromatic crops","Yield","kg/ha",2017,1675.1,"Pepper (Piper spp.), raw","no"
"MAC","China, Macao Special Administrative Region","Stimulant, spice and aromatic crops","Yield","kg/ha",2018,1683.8,"Pepper (Piper spp.), raw","no"
"MAC","China, Macao Special Administrative Region","Stimulant, spice and aromatic crops","Yield","kg/ha",2019,1689.9,"Pepper (Piper spp.), raw","no"
"MAC","China, Macao Special Administrative Region","Stimulant, spice and aromatic crops","Yield","kg/ha",2020,1700.2,"Pepper (Piper spp.), raw","no"
"MAC","China, Macao Special Administrative Region","Stimulant, spice and aromatic crops","Yield","kg/ha",2021,1702.7,"Pepper (Piper spp.), raw","no"
"MAC","China, Macao Special Administrative Region","Stimulant, spice and aromatic crops","Yield","kg/ha",2022,1708.3,"Pepper (Piper spp.), raw","no"
"MAC","China, Macao Special Administrative Region","Stimulant, spice and aromatic crops","Yield","kg/ha",2023,1713.9,"Pepper (Piper spp.), raw","no"
"MAC","China, Macao Special Administrative Region","Stimulant, spice and aromatic crops","Production","t",1992,120,"Pepper (Piper spp.), raw","no"
"MAC","China, Macao Special Administrative Region","Stimulant, spice and aromatic crops","Production","t",1993,126.77,"Pepper (Piper spp.), raw","no"
"MAC","China, Macao Special Administrative Region","Stimulant, spice and aromatic crops","Production","t",1994,135,"Pepper (Piper spp.), raw","no"
"MAC","China, Macao Special Administrative Region","Stimulant, spice and aromatic crops","Production","t",1995,141.35,"Pepper (Piper spp.), raw","no"
"MAC","China, Macao Special Administrative Region","Stimulant, spice and aromatic crops","Production","t",1996,150,"Pepper (Piper spp.), raw","no"
"MAC","China, Macao Special Administrative Region","Stimulant, spice and aromatic crops","Production","t",1997,154.58,"Pepper (Piper spp.), raw","no"
"MAC","China, Macao Special Administrative Region","Stimulant, spice and aromatic crops","Production","t",1998,160,"Pepper (Piper spp.), raw","no"
"MAC","China, Macao Special Administrative Region","Stimulant, spice and aromatic crops","Production","t",1999,163.01,"Pepper (Piper spp.), raw","no"
"MAC","China, Macao Special Administrative Region","Stimulant, spice and aromatic crops","Production","t",2000,165,"Pepper (Piper spp.), raw","no"
"MAC","China, Macao Special Administrative Region","Stimulant, spice and aromatic crops","Production","t",2001,173.49,"Pepper (Piper spp.), raw","no"
"MAC","China, Macao Special Administrative Region","Stimulant, spice and aromatic crops","Production","t",2002,180,"Pepper (Piper spp.), raw","no"
"MAC","China, Macao Special Administrative Region","Stimulant, spice and aromatic crops","Production","t",2003,184.65,"Pepper (Piper spp.), raw","no"
"MAC","China, Macao Special Administrative Region","Stimulant, spice and aromatic crops","Production","t",2004,189.18,"Pepper (Piper spp.), raw","no"
"MAC","China, Macao Special Administrative Region","Stimulant, spice and aromatic crops","Production","t",2005,193.9,"Pepper (Piper spp.), raw","no"
"MAC","China, Macao Special Administrative Region","Stimulant, spice and aromatic crops","Production","t",2006,200,"Pepper (Piper spp.), raw","no"
"MAC","China, Macao Special Administrative Region","Stimulant, spice and aromatic crops","Production","t",2007,210,"Pepper (Piper spp.), raw","no"
"MAC","China, Macao Special Administrative Region","Stimulant, spice and aromatic crops","Production","t",2008,208.43,"Pepper (Piper spp.), raw","no"
"MAC","China, Macao Special Administrative Region","Stimulant, spice and aromatic crops","Production","t",2009,209.88,"Pepper (Piper spp.), raw","no"
"MAC","China, Macao Special Administrative Region","Stimulant, spice and aromatic crops","Production","t",2010,210,"Pepper (Piper spp.), raw","no"
"MAC","China, Macao Special Administrative Region","Stimulant, spice and aromatic crops","Production","t",2011,205.86,"Pepper (Piper spp.), raw","no"
"MAC","China, Macao Special Administrative Region","Stimulant, spice and aromatic crops","Production","t",2012,200,"Pepper (Piper spp.), raw","no"
"MAC","China, Macao Special Administrative Region","Stimulant, spice and aromatic crops","Production","t",2013,210,"Pepper (Piper spp.), raw","no"
"MAC","China, Macao Special Administrative Region","Stimulant, spice and aromatic crops","Production","t",2014,216.97,"Pepper (Piper spp.), raw","no"
"MAC","China, Macao Special Administrative Region","Stimulant, spice and aromatic crops","Production","t",2015,216,"Pepper (Piper spp.), raw","no"
"MAC","China, Macao Special Administrative Region","Stimulant, spice and aromatic crops","Production","t",2016,215.23,"Pepper (Piper spp.), raw","no"
"MAC","China, Macao Special Administrative Region","Stimulant, spice and aromatic crops","Production","t",2017,215.21,"Pepper (Piper spp.), raw","no"
"MAC","China, Macao Special Administrative Region","Stimulant, spice and aromatic crops","Production","t",2018,215.33,"Pepper (Piper spp.), raw","no"
"MAC","China, Macao Special Administrative Region","Stimulant, spice and aromatic crops","Production","t",2019,215.74,"Pepper (Piper spp.), raw","no"
"MAC","China, Macao Special Administrative Region","Stimulant, spice and aromatic crops","Production","t",2020,219.3,"Pepper (Piper spp.), raw","no"
"MAC","China, Macao Special Administrative Region","Stimulant, spice and aromatic crops","Production","t",2021,220.1,"Pepper (Piper spp.), raw","no"
"MAC","China, Macao Special Administrative Region","Stimulant, spice and aromatic crops","Production","t",2022,221.2,"Pepper (Piper spp.), raw","no"
"MAC","China, Macao Special Administrative Region","Stimulant, spice and aromatic crops","Production","t",2023,222.29,"Pepper (Piper spp.), raw","no"
"MAC","China, Macao Special Administrative Region","Animal fats","Production","t",1992,294.53,"Pig fat, rendered","no"
"MAC","China, Macao Special Administrative Region","Animal fats","Production","t",1993,302.56,"Pig fat, rendered","no"
"MAC","China, Macao Special Administrative Region","Animal fats","Production","t",1994,304.73,"Pig fat, rendered","no"
"MAC","China, Macao Special Administrative Region","Animal fats","Production","t",1995,310.11,"Pig fat, rendered","no"
"MAC","China, Macao Special Administrative Region","Animal fats","Production","t",1996,331.61,"Pig fat, rendered","no"
"MAC","China, Macao Special Administrative Region","Animal fats","Production","t",1997,378.24,"Pig fat, rendered","no"
"MAC","China, Macao Special Administrative Region","Animal fats","Production","t",1998,379.18,"Pig fat, rendered","no"
"MAC","China, Macao Special Administrative Region","Animal fats","Production","t",1999,348.98,"Pig fat, rendered","no"
"MAC","China, Macao Special Administrative Region","Animal fats","Production","t",2000,323.42,"Pig fat, rendered","no"
"MAC","China, Macao Special Administrative Region","Animal fats","Production","t",2001,318.47,"Pig fat, rendered","no"
"MAC","China, Macao Special Administrative Region","Animal fats","Production","t",2002,290.14,"Pig fat, rendered","no"
"MAC","China, Macao Special Administrative Region","Animal fats","Production","t",2003,291.29,"Pig fat, rendered","no"
"MAC","China, Macao Special Administrative Region","Animal fats","Production","t",2004,294.33,"Pig fat, rendered","no"
"MAC","China, Macao Special Administrative Region","Animal fats","Production","t",2005,289.99,"Pig fat, rendered","no"
"MAC","China, Macao Special Administrative Region","Animal fats","Production","t",2006,281.3,"Pig fat, rendered","no"
"MAC","China, Macao Special Administrative Region","Animal fats","Production","t",2007,278.1,"Pig fat, rendered","no"
"MAC","China, Macao Special Administrative Region","Animal fats","Production","t",2008,224.99,"Pig fat, rendered","no"
"MAC","China, Macao Special Administrative Region","Animal fats","Production","t",2009,215.47,"Pig fat, rendered","no"
"MAC","China, Macao Special Administrative Region","Animal fats","Production","t",2010,403.21,"Pig fat, rendered","no"
"MAC","China, Macao Special Administrative Region","Animal fats","Production","t",2011,451.86,"Pig fat, rendered","no"
"MAC","China, Macao Special Administrative Region","Animal fats","Production","t",2012,506.65,"Pig fat, rendered","no"
"MAC","China, Macao Special Administrative Region","Animal fats","Production","t",2013,507.11,"Pig fat, rendered","no"
"MAC","China, Macao Special Administrative Region","Animal fats","Production","t",2014,528.35,"Pig fat, rendered","no"
"MAC","China, Macao Special Administrative Region","Animal fats","Production","t",2015,484.33,"Pig fat, rendered","no"
"MAC","China, Macao Special Administrative Region","Animal fats","Production","t",2016,414.58,"Pig fat, rendered","no"
"MAC","China, Macao Special Administrative Region","Animal fats","Production","t",2017,392.25,"Pig fat, rendered","no"
"MAC","China, Macao Special Administrative Region","Animal fats","Production","t",2018,367.64,"Pig fat, rendered","no"
"MAC","China, Macao Special Administrative Region","Animal fats","Production","t",2019,351.79,"Pig fat, rendered","no"
"MAC","China, Macao Special Administrative Region","Animal fats","Production","t",2020,394.68,"Pig fat, rendered","no"
"MAC","China, Macao Special Administrative Region","Animal fats","Production","t",2021,421.33,"Pig fat, rendered","no"
"MAC","China, Macao Special Administrative Region","Animal fats","Production","t",2022,383.07,"Pig fat, rendered","no"
"MAC","China, Macao Special Administrative Region","Animal fats","Production","t",2023,NA,"Pig fat, rendered","no"
"MAC","China, Macao Special Administrative Region","Other animal products","Production","t",1992,2.2,"Raw hides and skins of buffaloes","no"
"MAC","China, Macao Special Administrative Region","Other animal products","Production","t",1993,0.38,"Raw hides and skins of buffaloes","no"
"MAC","China, Macao Special Administrative Region","Other animal products","Production","t",1994,NA,"Raw hides and skins of buffaloes","no"
"MAC","China, Macao Special Administrative Region","Other animal products","Production","t",1995,0.78,"Raw hides and skins of buffaloes","no"
"MAC","China, Macao Special Administrative Region","Other animal products","Production","t",1996,NA,"Raw hides and skins of buffaloes","no"
"MAC","China, Macao Special Administrative Region","Other animal products","Production","t",1997,NA,"Raw hides and skins of buffaloes","no"
"MAC","China, Macao Special Administrative Region","Other animal products","Production","t",1998,NA,"Raw hides and skins of buffaloes","no"
"MAC","China, Macao Special Administrative Region","Other animal products","Production","t",1999,NA,"Raw hides and skins of buffaloes","no"
"MAC","China, Macao Special Administrative Region","Other animal products","Production","t",2000,NA,"Raw hides and skins of buffaloes","no"
"MAC","China, Macao Special Administrative Region","Other animal products","Production","t",2001,NA,"Raw hides and skins of buffaloes","no"
"MAC","China, Macao Special Administrative Region","Other animal products","Production","t",2002,NA,"Raw hides and skins of buffaloes","no"
"MAC","China, Macao Special Administrative Region","Other animal products","Production","t",2003,NA,"Raw hides and skins of buffaloes","no"
"MAC","China, Macao Special Administrative Region","Other animal products","Production","t",2004,NA,"Raw hides and skins of buffaloes","no"
"MAC","China, Macao Special Administrative Region","Other animal products","Production","t",2005,NA,"Raw hides and skins of buffaloes","no"
"MAC","China, Macao Special Administrative Region","Other animal products","Production","t",2006,NA,"Raw hides and skins of buffaloes","no"
"MAC","China, Macao Special Administrative Region","Other animal products","Production","t",2007,NA,"Raw hides and skins of buffaloes","no"
"MAC","China, Macao Special Administrative Region","Other animal products","Production","t",2008,NA,"Raw hides and skins of buffaloes","no"
"MAC","China, Macao Special Administrative Region","Other animal products","Production","t",2009,NA,"Raw hides and skins of buffaloes","no"
"MAC","China, Macao Special Administrative Region","Other animal products","Production","t",2010,NA,"Raw hides and skins of buffaloes","no"
"MAC","China, Macao Special Administrative Region","Other animal products","Production","t",2011,NA,"Raw hides and skins of buffaloes","no"
"MAC","China, Macao Special Administrative Region","Other animal products","Production","t",2012,NA,"Raw hides and skins of buffaloes","no"
"MAC","China, Macao Special Administrative Region","Other animal products","Production","t",2013,NA,"Raw hides and skins of buffaloes","no"
"MAC","China, Macao Special Administrative Region","Other animal products","Production","t",2014,NA,"Raw hides and skins of buffaloes","no"
"MAC","China, Macao Special Administrative Region","Other animal products","Production","t",2015,NA,"Raw hides and skins of buffaloes","no"
"MAC","China, Macao Special Administrative Region","Other animal products","Production","t",2016,NA,"Raw hides and skins of buffaloes","no"
"MAC","China, Macao Special Administrative Region","Other animal products","Production","t",2017,NA,"Raw hides and skins of buffaloes","no"
"MAC","China, Macao Special Administrative Region","Other animal products","Production","t",2018,NA,"Raw hides and skins of buffaloes","no"
"MAC","China, Macao Special Administrative Region","Other animal products","Production","t",2019,NA,"Raw hides and skins of buffaloes","no"
"MAC","China, Macao Special Administrative Region","Other animal products","Production","t",2020,NA,"Raw hides and skins of buffaloes","no"
"MAC","China, Macao Special Administrative Region","Other animal products","Production","t",2021,NA,"Raw hides and skins of buffaloes","no"
"MAC","China, Macao Special Administrative Region","Other animal products","Production","t",2022,NA,"Raw hides and skins of buffaloes","no"
"MAC","China, Macao Special Administrative Region","Other animal products","Production","t",2023,NA,"Raw hides and skins of buffaloes","no"
"MAC","China, Macao Special Administrative Region","Other animal products","Production","t",1992,231.68,"Raw hides and skins of cattle","no"
"MAC","China, Macao Special Administrative Region","Other animal products","Production","t",1993,230.83,"Raw hides and skins of cattle","no"
"MAC","China, Macao Special Administrative Region","Other animal products","Production","t",1994,224.5,"Raw hides and skins of cattle","no"
"MAC","China, Macao Special Administrative Region","Other animal products","Production","t",1995,189.23,"Raw hides and skins of cattle","no"
"MAC","China, Macao Special Administrative Region","Other animal products","Production","t",1996,196.63,"Raw hides and skins of cattle","no"
"MAC","China, Macao Special Administrative Region","Other animal products","Production","t",1997,149.23,"Raw hides and skins of cattle","no"
"MAC","China, Macao Special Administrative Region","Other animal products","Production","t",1998,159.34,"Raw hides and skins of cattle","no"
"MAC","China, Macao Special Administrative Region","Other animal products","Production","t",1999,152.53,"Raw hides and skins of cattle","no"
"MAC","China, Macao Special Administrative Region","Other animal products","Production","t",2000,146.09,"Raw hides and skins of cattle","no"
"MAC","China, Macao Special Administrative Region","Other animal products","Production","t",2001,159.41,"Raw hides and skins of cattle","no"
"MAC","China, Macao Special Administrative Region","Other animal products","Production","t",2002,152.12,"Raw hides and skins of cattle","no"
"MAC","China, Macao Special Administrative Region","Other animal products","Production","t",2003,151,"Raw hides and skins of cattle","no"
"MAC","China, Macao Special Administrative Region","Other animal products","Production","t",2004,158.15,"Raw hides and skins of cattle","no"
"MAC","China, Macao Special Administrative Region","Other animal products","Production","t",2005,150.02,"Raw hides and skins of cattle","no"
"MAC","China, Macao Special Administrative Region","Other animal products","Production","t",2006,173.56,"Raw hides and skins of cattle","no"
"MAC","China, Macao Special Administrative Region","Other animal products","Production","t",2007,163.89,"Raw hides and skins of cattle","no"
"MAC","China, Macao Special Administrative Region","Other animal products","Production","t",2008,113.6,"Raw hides and skins of cattle","no"
"MAC","China, Macao Special Administrative Region","Other animal products","Production","t",2009,127.19,"Raw hides and skins of cattle","no"
"MAC","China, Macao Special Administrative Region","Other animal products","Production","t",2010,125.79,"Raw hides and skins of cattle","no"
"MAC","China, Macao Special Administrative Region","Other animal products","Production","t",2011,128.59,"Raw hides and skins of cattle","no"
"MAC","China, Macao Special Administrative Region","Other animal products","Production","t",2012,110.38,"Raw hides and skins of cattle","no"
"MAC","China, Macao Special Administrative Region","Other animal products","Production","t",2013,112.06,"Raw hides and skins of cattle","no"
"MAC","China, Macao Special Administrative Region","Other animal products","Production","t",2014,116.91,"Raw hides and skins of cattle","no"
"MAC","China, Macao Special Administrative Region","Other animal products","Production","t",2015,118.72,"Raw hides and skins of cattle","no"
"MAC","China, Macao Special Administrative Region","Other animal products","Production","t",2016,116.7,"Raw hides and skins of cattle","no"
"MAC","China, Macao Special Administrative Region","Other animal products","Production","t",2017,113.58,"Raw hides and skins of cattle","no"
"MAC","China, Macao Special Administrative Region","Other animal products","Production","t",2018,110.7,"Raw hides and skins of cattle","no"
"MAC","China, Macao Special Administrative Region","Other animal products","Production","t",2019,107.67,"Raw hides and skins of cattle","no"
"MAC","China, Macao Special Administrative Region","Other animal products","Production","t",2020,107.1,"Raw hides and skins of cattle","no"
"MAC","China, Macao Special Administrative Region","Other animal products","Production","t",2021,105.7,"Raw hides and skins of cattle","no"
"MAC","China, Macao Special Administrative Region","Other animal products","Production","t",2022,104.05,"Raw hides and skins of cattle","no"
"MAC","China, Macao Special Administrative Region","Other animal products","Production","t",2023,102.41,"Raw hides and skins of cattle","no"
"MAC","China, Macao Special Administrative Region","Other animal products","Production","t",1992,0.06,"Raw hides and skins of goats or kids","no"
"MAC","China, Macao Special Administrative Region","Other animal products","Production","t",1993,0.05,"Raw hides and skins of goats or kids","no"
"MAC","China, Macao Special Administrative Region","Other animal products","Production","t",1994,NA,"Raw hides and skins of goats or kids","no"
"MAC","China, Macao Special Administrative Region","Other animal products","Production","t",1995,0.03,"Raw hides and skins of goats or kids","no"
"MAC","China, Macao Special Administrative Region","Other animal products","Production","t",1996,0,"Raw hides and skins of goats or kids","no"
"MAC","China, Macao Special Administrative Region","Other animal products","Production","t",1997,NA,"Raw hides and skins of goats or kids","no"
"MAC","China, Macao Special Administrative Region","Other animal products","Production","t",1998,0.39,"Raw hides and skins of goats or kids","no"
"MAC","China, Macao Special Administrative Region","Other animal products","Production","t",1999,7.67,"Raw hides and skins of goats or kids","no"
"MAC","China, Macao Special Administrative Region","Other animal products","Production","t",2000,4.64,"Raw hides and skins of goats or kids","no"
"MAC","China, Macao Special Administrative Region","Other animal products","Production","t",2001,4.63,"Raw hides and skins of goats or kids","no"
"MAC","China, Macao Special Administrative Region","Other animal products","Production","t",2002,4.44,"Raw hides and skins of goats or kids","no"
"MAC","China, Macao Special Administrative Region","Other animal products","Production","t",2003,4.63,"Raw hides and skins of goats or kids","no"
"MAC","China, Macao Special Administrative Region","Other animal products","Production","t",2004,4.25,"Raw hides and skins of goats or kids","no"
"MAC","China, Macao Special Administrative Region","Other animal products","Production","t",2005,4.83,"Raw hides and skins of goats or kids","no"
"MAC","China, Macao Special Administrative Region","Other animal products","Production","t",2006,3.67,"Raw hides and skins of goats or kids","no"
"MAC","China, Macao Special Administrative Region","Other animal products","Production","t",2007,1.93,"Raw hides and skins of goats or kids","no"
"MAC","China, Macao Special Administrative Region","Other animal products","Production","t",2008,2.66,"Raw hides and skins of goats or kids","no"
"MAC","China, Macao Special Administrative Region","Other animal products","Production","t",2009,4.21,"Raw hides and skins of goats or kids","no"
"MAC","China, Macao Special Administrative Region","Other animal products","Production","t",2010,3.94,"Raw hides and skins of goats or kids","no"
"MAC","China, Macao Special Administrative Region","Other animal products","Production","t",2011,4.04,"Raw hides and skins of goats or kids","no"
"MAC","China, Macao Special Administrative Region","Other animal products","Production","t",2012,4.14,"Raw hides and skins of goats or kids","no"
"MAC","China, Macao Special Administrative Region","Other animal products","Production","t",2013,4.24,"Raw hides and skins of goats or kids","no"
"MAC","China, Macao Special Administrative Region","Other animal products","Production","t",2014,4.54,"Raw hides and skins of goats or kids","no"
"MAC","China, Macao Special Administrative Region","Other animal products","Production","t",2015,4.67,"Raw hides and skins of goats or kids","no"
"MAC","China, Macao Special Administrative Region","Other animal products","Production","t",2016,4.84,"Raw hides and skins of goats or kids","no"
"MAC","China, Macao Special Administrative Region","Other animal products","Production","t",2017,4.99,"Raw hides and skins of goats or kids","no"
"MAC","China, Macao Special Administrative Region","Other animal products","Production","t",2018,5.12,"Raw hides and skins of goats or kids","no"
"MAC","China, Macao Special Administrative Region","Other animal products","Production","t",2019,5.23,"Raw hides and skins of goats or kids","no"
"MAC","China, Macao Special Administrative Region","Other animal products","Production","t",2020,5.21,"Raw hides and skins of goats or kids","no"
"MAC","China, Macao Special Administrative Region","Other animal products","Production","t",2021,5.09,"Raw hides and skins of goats or kids","no"
"MAC","China, Macao Special Administrative Region","Other animal products","Production","t",2022,5.15,"Raw hides and skins of goats or kids","no"
"MAC","China, Macao Special Administrative Region","Other animal products","Production","t",2023,5.21,"Raw hides and skins of goats or kids","no"
"MAC","China, Macao Special Administrative Region","Edible roots and tubers with high starch or inulin content","Area harvested","ha",1992,NA,"Sweet potatoes","no"
"MAC","China, Macao Special Administrative Region","Edible roots and tubers with high starch or inulin content","Area harvested","ha",1993,NA,"Sweet potatoes","no"
"MAC","China, Macao Special Administrative Region","Edible roots and tubers with high starch or inulin content","Area harvested","ha",1994,NA,"Sweet potatoes","no"
"MAC","China, Macao Special Administrative Region","Edible roots and tubers with high starch or inulin content","Area harvested","ha",1995,NA,"Sweet potatoes","no"
"MAC","China, Macao Special Administrative Region","Edible roots and tubers with high starch or inulin content","Area harvested","ha",1996,NA,"Sweet potatoes","no"
"MAC","China, Macao Special Administrative Region","Edible roots and tubers with high starch or inulin content","Area harvested","ha",1997,NA,"Sweet potatoes","no"
"MAC","China, Macao Special Administrative Region","Edible roots and tubers with high starch or inulin content","Area harvested","ha",1998,NA,"Sweet potatoes","no"
"MAC","China, Macao Special Administrative Region","Edible roots and tubers with high starch or inulin content","Area harvested","ha",1999,NA,"Sweet potatoes","no"
"MAC","China, Macao Special Administrative Region","Edible roots and tubers with high starch or inulin content","Area harvested","ha",2000,NA,"Sweet potatoes","no"
"MAC","China, Macao Special Administrative Region","Edible roots and tubers with high starch or inulin content","Area harvested","ha",2001,NA,"Sweet potatoes","no"
"MAC","China, Macao Special Administrative Region","Edible roots and tubers with high starch or inulin content","Area harvested","ha",2002,NA,"Sweet potatoes","no"
"MAC","China, Macao Special Administrative Region","Edible roots and tubers with high starch or inulin content","Area harvested","ha",2003,NA,"Sweet potatoes","no"
"MAC","China, Macao Special Administrative Region","Edible roots and tubers with high starch or inulin content","Area harvested","ha",2004,NA,"Sweet potatoes","no"
"MAC","China, Macao Special Administrative Region","Edible roots and tubers with high starch or inulin content","Area harvested","ha",2005,NA,"Sweet potatoes","no"
"MAC","China, Macao Special Administrative Region","Edible roots and tubers with high starch or inulin content","Area harvested","ha",2006,NA,"Sweet potatoes","no"
"MAC","China, Macao Special Administrative Region","Edible roots and tubers with high starch or inulin content","Area harvested","ha",2007,NA,"Sweet potatoes","no"
"MAC","China, Macao Special Administrative Region","Edible roots and tubers with high starch or inulin content","Area harvested","ha",2008,NA,"Sweet potatoes","no"
"MAC","China, Macao Special Administrative Region","Edible roots and tubers with high starch or inulin content","Area harvested","ha",2009,NA,"Sweet potatoes","no"
"MAC","China, Macao Special Administrative Region","Edible roots and tubers with high starch or inulin content","Area harvested","ha",2010,NA,"Sweet potatoes","no"
"MAC","China, Macao Special Administrative Region","Edible roots and tubers with high starch or inulin content","Area harvested","ha",2011,NA,"Sweet potatoes","no"
"MAC","China, Macao Special Administrative Region","Edible roots and tubers with high starch or inulin content","Area harvested","ha",2012,NA,"Sweet potatoes","no"
"MAC","China, Macao Special Administrative Region","Edible roots and tubers with high starch or inulin content","Area harvested","ha",2013,NA,"Sweet potatoes","no"
"MAC","China, Macao Special Administrative Region","Edible roots and tubers with high starch or inulin content","Area harvested","ha",2014,NA,"Sweet potatoes","no"
"MAC","China, Macao Special Administrative Region","Edible roots and tubers with high starch or inulin content","Area harvested","ha",2015,NA,"Sweet potatoes","no"
"MAC","China, Macao Special Administrative Region","Edible roots and tubers with high starch or inulin content","Area harvested","ha",2016,NA,"Sweet potatoes","no"
"MAC","China, Macao Special Administrative Region","Edible roots and tubers with high starch or inulin content","Area harvested","ha",2017,NA,"Sweet potatoes","no"
"MAC","China, Macao Special Administrative Region","Edible roots and tubers with high starch or inulin content","Area harvested","ha",2018,NA,"Sweet potatoes","no"
"MAC","China, Macao Special Administrative Region","Edible roots and tubers with high starch or inulin content","Area harvested","ha",2019,NA,"Sweet potatoes","no"
"MAC","China, Macao Special Administrative Region","Edible roots and tubers with high starch or inulin content","Area harvested","ha",2020,NA,"Sweet potatoes","no"
"MAC","China, Macao Special Administrative Region","Edible roots and tubers with high starch or inulin content","Area harvested","ha",2021,NA,"Sweet potatoes","no"
"MAC","China, Macao Special Administrative Region","Edible roots and tubers with high starch or inulin content","Area harvested","ha",2022,NA,"Sweet potatoes","no"
"MAC","China, Macao Special Administrative Region","Edible roots and tubers with high starch or inulin content","Area harvested","ha",2023,NA,"Sweet potatoes","no"
"MAC","China, Macao Special Administrative Region","Edible roots and tubers with high starch or inulin content","Production","t",1992,NA,"Sweet potatoes","no"
"MAC","China, Macao Special Administrative Region","Edible roots and tubers with high starch or inulin content","Production","t",1993,NA,"Sweet potatoes","no"
"MAC","China, Macao Special Administrative Region","Edible roots and tubers with high starch or inulin content","Production","t",1994,NA,"Sweet potatoes","no"
"MAC","China, Macao Special Administrative Region","Edible roots and tubers with high starch or inulin content","Production","t",1995,NA,"Sweet potatoes","no"
"MAC","China, Macao Special Administrative Region","Edible roots and tubers with high starch or inulin content","Production","t",1996,NA,"Sweet potatoes","no"
"MAC","China, Macao Special Administrative Region","Edible roots and tubers with high starch or inulin content","Production","t",1997,NA,"Sweet potatoes","no"
"MAC","China, Macao Special Administrative Region","Edible roots and tubers with high starch or inulin content","Production","t",1998,NA,"Sweet potatoes","no"
"MAC","China, Macao Special Administrative Region","Edible roots and tubers with high starch or inulin content","Production","t",1999,NA,"Sweet potatoes","no"
"MAC","China, Macao Special Administrative Region","Edible roots and tubers with high starch or inulin content","Production","t",2000,NA,"Sweet potatoes","no"
"MAC","China, Macao Special Administrative Region","Edible roots and tubers with high starch or inulin content","Production","t",2001,NA,"Sweet potatoes","no"
"MAC","China, Macao Special Administrative Region","Edible roots and tubers with high starch or inulin content","Production","t",2002,NA,"Sweet potatoes","no"
"MAC","China, Macao Special Administrative Region","Edible roots and tubers with high starch or inulin content","Production","t",2003,NA,"Sweet potatoes","no"
"MAC","China, Macao Special Administrative Region","Edible roots and tubers with high starch or inulin content","Production","t",2004,NA,"Sweet potatoes","no"
"MAC","China, Macao Special Administrative Region","Edible roots and tubers with high starch or inulin content","Production","t",2005,NA,"Sweet potatoes","no"
"MAC","China, Macao Special Administrative Region","Edible roots and tubers with high starch or inulin content","Production","t",2006,NA,"Sweet potatoes","no"
"MAC","China, Macao Special Administrative Region","Edible roots and tubers with high starch or inulin content","Production","t",2007,NA,"Sweet potatoes","no"
"MAC","China, Macao Special Administrative Region","Edible roots and tubers with high starch or inulin content","Production","t",2008,NA,"Sweet potatoes","no"
"MAC","China, Macao Special Administrative Region","Edible roots and tubers with high starch or inulin content","Production","t",2009,NA,"Sweet potatoes","no"
"MAC","China, Macao Special Administrative Region","Edible roots and tubers with high starch or inulin content","Production","t",2010,NA,"Sweet potatoes","no"
"MAC","China, Macao Special Administrative Region","Edible roots and tubers with high starch or inulin content","Production","t",2011,NA,"Sweet potatoes","no"
"MAC","China, Macao Special Administrative Region","Edible roots and tubers with high starch or inulin content","Production","t",2012,NA,"Sweet potatoes","no"
"MAC","China, Macao Special Administrative Region","Edible roots and tubers with high starch or inulin content","Production","t",2013,NA,"Sweet potatoes","no"
"MAC","China, Macao Special Administrative Region","Edible roots and tubers with high starch or inulin content","Production","t",2014,NA,"Sweet potatoes","no"
"MAC","China, Macao Special Administrative Region","Edible roots and tubers with high starch or inulin content","Production","t",2015,NA,"Sweet potatoes","no"
"MAC","China, Macao Special Administrative Region","Edible roots and tubers with high starch or inulin content","Production","t",2016,NA,"Sweet potatoes","no"
"MAC","China, Macao Special Administrative Region","Edible roots and tubers with high starch or inulin content","Production","t",2017,NA,"Sweet potatoes","no"
"MAC","China, Macao Special Administrative Region","Edible roots and tubers with high starch or inulin content","Production","t",2018,NA,"Sweet potatoes","no"
"MAC","China, Macao Special Administrative Region","Edible roots and tubers with high starch or inulin content","Production","t",2019,NA,"Sweet potatoes","no"
"MAC","China, Macao Special Administrative Region","Edible roots and tubers with high starch or inulin content","Production","t",2020,NA,"Sweet potatoes","no"
"MAC","China, Macao Special Administrative Region","Edible roots and tubers with high starch or inulin content","Production","t",2021,NA,"Sweet potatoes","no"
"MAC","China, Macao Special Administrative Region","Edible roots and tubers with high starch or inulin content","Production","t",2022,NA,"Sweet potatoes","no"
"MAC","China, Macao Special Administrative Region","Edible roots and tubers with high starch or inulin content","Production","t",2023,NA,"Sweet potatoes","no"
NA,"World","Forage products; fibre crops; plants used in perfumery, pharmacy, or for insecticidal, fungicidal or similar purposes; beet, forage plant and flower seeds; natural rubber; living plants, cut flowers and flower buds; unmanufactured tobacco; other raw vegetable materials","Area harvested","ha",1992,123188,"Abaca, manila hemp, raw","no"
NA,"World","Forage products; fibre crops; plants used in perfumery, pharmacy, or for insecticidal, fungicidal or similar purposes; beet, forage plant and flower seeds; natural rubber; living plants, cut flowers and flower buds; unmanufactured tobacco; other raw vegetable materials","Area harvested","ha",1993,122510,"Abaca, manila hemp, raw","no"
NA,"World","Forage products; fibre crops; plants used in perfumery, pharmacy, or for insecticidal, fungicidal or similar purposes; beet, forage plant and flower seeds; natural rubber; living plants, cut flowers and flower buds; unmanufactured tobacco; other raw vegetable materials","Area harvested","ha",1994,121094,"Abaca, manila hemp, raw","no"
NA,"World","Forage products; fibre crops; plants used in perfumery, pharmacy, or for insecticidal, fungicidal or similar purposes; beet, forage plant and flower seeds; natural rubber; living plants, cut flowers and flower buds; unmanufactured tobacco; other raw vegetable materials","Area harvested","ha",1995,123717,"Abaca, manila hemp, raw","no"
NA,"World","Forage products; fibre crops; plants used in perfumery, pharmacy, or for insecticidal, fungicidal or similar purposes; beet, forage plant and flower seeds; natural rubber; living plants, cut flowers and flower buds; unmanufactured tobacco; other raw vegetable materials","Area harvested","ha",1996,135228,"Abaca, manila hemp, raw","no"
NA,"World","Forage products; fibre crops; plants used in perfumery, pharmacy, or for insecticidal, fungicidal or similar purposes; beet, forage plant and flower seeds; natural rubber; living plants, cut flowers and flower buds; unmanufactured tobacco; other raw vegetable materials","Area harvested","ha",1997,132415,"Abaca, manila hemp, raw","no"
NA,"World","Forage products; fibre crops; plants used in perfumery, pharmacy, or for insecticidal, fungicidal or similar purposes; beet, forage plant and flower seeds; natural rubber; living plants, cut flowers and flower buds; unmanufactured tobacco; other raw vegetable materials","Area harvested","ha",1998,126259,"Abaca, manila hemp, raw","no"
NA,"World","Forage products; fibre crops; plants used in perfumery, pharmacy, or for insecticidal, fungicidal or similar purposes; beet, forage plant and flower seeds; natural rubber; living plants, cut flowers and flower buds; unmanufactured tobacco; other raw vegetable materials","Area harvested","ha",1999,131428,"Abaca, manila hemp, raw","no"
NA,"World","Forage products; fibre crops; plants used in perfumery, pharmacy, or for insecticidal, fungicidal or similar purposes; beet, forage plant and flower seeds; natural rubber; living plants, cut flowers and flower buds; unmanufactured tobacco; other raw vegetable materials","Area harvested","ha",2000,124329,"Abaca, manila hemp, raw","no"
NA,"World","Forage products; fibre crops; plants used in perfumery, pharmacy, or for insecticidal, fungicidal or similar purposes; beet, forage plant and flower seeds; natural rubber; living plants, cut flowers and flower buds; unmanufactured tobacco; other raw vegetable materials","Area harvested","ha",2001,127661,"Abaca, manila hemp, raw","no"
NA,"World","Forage products; fibre crops; plants used in perfumery, pharmacy, or for insecticidal, fungicidal or similar purposes; beet, forage plant and flower seeds; natural rubber; living plants, cut flowers and flower buds; unmanufactured tobacco; other raw vegetable materials","Area harvested","ha",2002,142946,"Abaca, manila hemp, raw","no"
NA,"World","Forage products; fibre crops; plants used in perfumery, pharmacy, or for insecticidal, fungicidal or similar purposes; beet, forage plant and flower seeds; natural rubber; living plants, cut flowers and flower buds; unmanufactured tobacco; other raw vegetable materials","Area harvested","ha",2003,144484,"Abaca, manila hemp, raw","no"
NA,"World","Forage products; fibre crops; plants used in perfumery, pharmacy, or for insecticidal, fungicidal or similar purposes; beet, forage plant and flower seeds; natural rubber; living plants, cut flowers and flower buds; unmanufactured tobacco; other raw vegetable materials","Area harvested","ha",2004,153979,"Abaca, manila hemp, raw","no"
NA,"World","Forage products; fibre crops; plants used in perfumery, pharmacy, or for insecticidal, fungicidal or similar purposes; beet, forage plant and flower seeds; natural rubber; living plants, cut flowers and flower buds; unmanufactured tobacco; other raw vegetable materials","Area harvested","ha",2005,161932,"Abaca, manila hemp, raw","no"
NA,"World","Forage products; fibre crops; plants used in perfumery, pharmacy, or for insecticidal, fungicidal or similar purposes; beet, forage plant and flower seeds; natural rubber; living plants, cut flowers and flower buds; unmanufactured tobacco; other raw vegetable materials","Area harvested","ha",2006,162409,"Abaca, manila hemp, raw","no"
NA,"World","Forage products; fibre crops; plants used in perfumery, pharmacy, or for insecticidal, fungicidal or similar purposes; beet, forage plant and flower seeds; natural rubber; living plants, cut flowers and flower buds; unmanufactured tobacco; other raw vegetable materials","Area harvested","ha",2007,162540,"Abaca, manila hemp, raw","no"
NA,"World","Forage products; fibre crops; plants used in perfumery, pharmacy, or for insecticidal, fungicidal or similar purposes; beet, forage plant and flower seeds; natural rubber; living plants, cut flowers and flower buds; unmanufactured tobacco; other raw vegetable materials","Area harvested","ha",2008,164747,"Abaca, manila hemp, raw","no"
NA,"World","Forage products; fibre crops; plants used in perfumery, pharmacy, or for insecticidal, fungicidal or similar purposes; beet, forage plant and flower seeds; natural rubber; living plants, cut flowers and flower buds; unmanufactured tobacco; other raw vegetable materials","Area harvested","ha",2009,162399,"Abaca, manila hemp, raw","no"
NA,"World","Forage products; fibre crops; plants used in perfumery, pharmacy, or for insecticidal, fungicidal or similar purposes; beet, forage plant and flower seeds; natural rubber; living plants, cut flowers and flower buds; unmanufactured tobacco; other raw vegetable materials","Area harvested","ha",2010,162969,"Abaca, manila hemp, raw","no"
NA,"World","Forage products; fibre crops; plants used in perfumery, pharmacy, or for insecticidal, fungicidal or similar purposes; beet, forage plant and flower seeds; natural rubber; living plants, cut flowers and flower buds; unmanufactured tobacco; other raw vegetable materials","Area harvested","ha",2011,168123,"Abaca, manila hemp, raw","no"
NA,"World","Forage products; fibre crops; plants used in perfumery, pharmacy, or for insecticidal, fungicidal or similar purposes; beet, forage plant and flower seeds; natural rubber; living plants, cut flowers and flower buds; unmanufactured tobacco; other raw vegetable materials","Area harvested","ha",2012,167903,"Abaca, manila hemp, raw","no"
NA,"World","Forage products; fibre crops; plants used in perfumery, pharmacy, or for insecticidal, fungicidal or similar purposes; beet, forage plant and flower seeds; natural rubber; living plants, cut flowers and flower buds; unmanufactured tobacco; other raw vegetable materials","Area harvested","ha",2013,168647,"Abaca, manila hemp, raw","no"
NA,"World","Forage products; fibre crops; plants used in perfumery, pharmacy, or for insecticidal, fungicidal or similar purposes; beet, forage plant and flower seeds; natural rubber; living plants, cut flowers and flower buds; unmanufactured tobacco; other raw vegetable materials","Area harvested","ha",2014,165418,"Abaca, manila hemp, raw","no"
NA,"World","Forage products; fibre crops; plants used in perfumery, pharmacy, or for insecticidal, fungicidal or similar purposes; beet, forage plant and flower seeds; natural rubber; living plants, cut flowers and flower buds; unmanufactured tobacco; other raw vegetable materials","Area harvested","ha",2015,169497,"Abaca, manila hemp, raw","no"
NA,"World","Forage products; fibre crops; plants used in perfumery, pharmacy, or for insecticidal, fungicidal or similar purposes; beet, forage plant and flower seeds; natural rubber; living plants, cut flowers and flower buds; unmanufactured tobacco; other raw vegetable materials","Area harvested","ha",2016,173619,"Abaca, manila hemp, raw","no"
NA,"World","Forage products; fibre crops; plants used in perfumery, pharmacy, or for insecticidal, fungicidal or similar purposes; beet, forage plant and flower seeds; natural rubber; living plants, cut flowers and flower buds; unmanufactured tobacco; other raw vegetable materials","Area harvested","ha",2017,176056,"Abaca, manila hemp, raw","no"
NA,"World","Forage products; fibre crops; plants used in perfumery, pharmacy, or for insecticidal, fungicidal or similar purposes; beet, forage plant and flower seeds; natural rubber; living plants, cut flowers and flower buds; unmanufactured tobacco; other raw vegetable materials","Area harvested","ha",2018,178734,"Abaca, manila hemp, raw","no"
NA,"World","Forage products; fibre crops; plants used in perfumery, pharmacy, or for insecticidal, fungicidal or similar purposes; beet, forage plant and flower seeds; natural rubber; living plants, cut flowers and flower buds; unmanufactured tobacco; other raw vegetable materials","Area harvested","ha",2019,181083,"Abaca, manila hemp, raw","no"
NA,"World","Forage products; fibre crops; plants used in perfumery, pharmacy, or for insecticidal, fungicidal or similar purposes; beet, forage plant and flower seeds; natural rubber; living plants, cut flowers and flower buds; unmanufactured tobacco; other raw vegetable materials","Area harvested","ha",2020,179513,"Abaca, manila hemp, raw","no"
NA,"World","Forage products; fibre crops; plants used in perfumery, pharmacy, or for insecticidal, fungicidal or similar purposes; beet, forage plant and flower seeds; natural rubber; living plants, cut flowers and flower buds; unmanufactured tobacco; other raw vegetable materials","Area harvested","ha",2021,179108,"Abaca, manila hemp, raw","no"
NA,"World","Forage products; fibre crops; plants used in perfumery, pharmacy, or for insecticidal, fungicidal or similar purposes; beet, forage plant and flower seeds; natural rubber; living plants, cut flowers and flower buds; unmanufactured tobacco; other raw vegetable materials","Area harvested","ha",2022,180006,"Abaca, manila hemp, raw","no"
NA,"World","Forage products; fibre crops; plants used in perfumery, pharmacy, or for insecticidal, fungicidal or similar purposes; beet, forage plant and flower seeds; natural rubber; living plants, cut flowers and flower buds; unmanufactured tobacco; other raw vegetable materials","Area harvested","ha",2023,180691,"Abaca, manila hemp, raw","no"
NA,"World","Forage products; fibre crops; plants used in perfumery, pharmacy, or for insecticidal, fungicidal or similar purposes; beet, forage plant and flower seeds; natural rubber; living plants, cut flowers and flower buds; unmanufactured tobacco; other raw vegetable materials","Yield","kg/ha",1992,693.2,"Abaca, manila hemp, raw","no"
NA,"World","Forage products; fibre crops; plants used in perfumery, pharmacy, or for insecticidal, fungicidal or similar purposes; beet, forage plant and flower seeds; natural rubber; living plants, cut flowers and flower buds; unmanufactured tobacco; other raw vegetable materials","Yield","kg/ha",1993,667.9,"Abaca, manila hemp, raw","no"
NA,"World","Forage products; fibre crops; plants used in perfumery, pharmacy, or for insecticidal, fungicidal or similar purposes; beet, forage plant and flower seeds; natural rubber; living plants, cut flowers and flower buds; unmanufactured tobacco; other raw vegetable materials","Yield","kg/ha",1994,695.9,"Abaca, manila hemp, raw","no"
NA,"World","Forage products; fibre crops; plants used in perfumery, pharmacy, or for insecticidal, fungicidal or similar purposes; beet, forage plant and flower seeds; natural rubber; living plants, cut flowers and flower buds; unmanufactured tobacco; other raw vegetable materials","Yield","kg/ha",1995,687.9,"Abaca, manila hemp, raw","no"
NA,"World","Forage products; fibre crops; plants used in perfumery, pharmacy, or for insecticidal, fungicidal or similar purposes; beet, forage plant and flower seeds; natural rubber; living plants, cut flowers and flower buds; unmanufactured tobacco; other raw vegetable materials","Yield","kg/ha",1996,698.9,"Abaca, manila hemp, raw","no"
NA,"World","Forage products; fibre crops; plants used in perfumery, pharmacy, or for insecticidal, fungicidal or similar purposes; beet, forage plant and flower seeds; natural rubber; living plants, cut flowers and flower buds; unmanufactured tobacco; other raw vegetable materials","Yield","kg/ha",1997,700.2,"Abaca, manila hemp, raw","no"
NA,"World","Forage products; fibre crops; plants used in perfumery, pharmacy, or for insecticidal, fungicidal or similar purposes; beet, forage plant and flower seeds; natural rubber; living plants, cut flowers and flower buds; unmanufactured tobacco; other raw vegetable materials","Yield","kg/ha",1998,772,"Abaca, manila hemp, raw","no"
NA,"World","Forage products; fibre crops; plants used in perfumery, pharmacy, or for insecticidal, fungicidal or similar purposes; beet, forage plant and flower seeds; natural rubber; living plants, cut flowers and flower buds; unmanufactured tobacco; other raw vegetable materials","Yield","kg/ha",1999,759.8,"Abaca, manila hemp, raw","no"
NA,"World","Forage products; fibre crops; plants used in perfumery, pharmacy, or for insecticidal, fungicidal or similar purposes; beet, forage plant and flower seeds; natural rubber; living plants, cut flowers and flower buds; unmanufactured tobacco; other raw vegetable materials","Yield","kg/ha",2000,769.4,"Abaca, manila hemp, raw","no"
NA,"World","Forage products; fibre crops; plants used in perfumery, pharmacy, or for insecticidal, fungicidal or similar purposes; beet, forage plant and flower seeds; natural rubber; living plants, cut flowers and flower buds; unmanufactured tobacco; other raw vegetable materials","Yield","kg/ha",2001,783.7,"Abaca, manila hemp, raw","no"
NA,"World","Forage products; fibre crops; plants used in perfumery, pharmacy, or for insecticidal, fungicidal or similar purposes; beet, forage plant and flower seeds; natural rubber; living plants, cut flowers and flower buds; unmanufactured tobacco; other raw vegetable materials","Yield","kg/ha",2002,638,"Abaca, manila hemp, raw","no"
NA,"World","Forage products; fibre crops; plants used in perfumery, pharmacy, or for insecticidal, fungicidal or similar purposes; beet, forage plant and flower seeds; natural rubber; living plants, cut flowers and flower buds; unmanufactured tobacco; other raw vegetable materials","Yield","kg/ha",2003,691.6,"Abaca, manila hemp, raw","no"
NA,"World","Forage products; fibre crops; plants used in perfumery, pharmacy, or for insecticidal, fungicidal or similar purposes; beet, forage plant and flower seeds; natural rubber; living plants, cut flowers and flower buds; unmanufactured tobacco; other raw vegetable materials","Yield","kg/ha",2004,696.7,"Abaca, manila hemp, raw","no"
NA,"World","Forage products; fibre crops; plants used in perfumery, pharmacy, or for insecticidal, fungicidal or similar purposes; beet, forage plant and flower seeds; natural rubber; living plants, cut flowers and flower buds; unmanufactured tobacco; other raw vegetable materials","Yield","kg/ha",2005,650.3,"Abaca, manila hemp, raw","no"
NA,"World","Forage products; fibre crops; plants used in perfumery, pharmacy, or for insecticidal, fungicidal or similar purposes; beet, forage plant and flower seeds; natural rubber; living plants, cut flowers and flower buds; unmanufactured tobacco; other raw vegetable materials","Yield","kg/ha",2006,615.3,"Abaca, manila hemp, raw","no"
NA,"World","Forage products; fibre crops; plants used in perfumery, pharmacy, or for insecticidal, fungicidal or similar purposes; beet, forage plant and flower seeds; natural rubber; living plants, cut flowers and flower buds; unmanufactured tobacco; other raw vegetable materials","Yield","kg/ha",2007,618.3,"Abaca, manila hemp, raw","no"
NA,"World","Forage products; fibre crops; plants used in perfumery, pharmacy, or for insecticidal, fungicidal or similar purposes; beet, forage plant and flower seeds; natural rubber; living plants, cut flowers and flower buds; unmanufactured tobacco; other raw vegetable materials","Yield","kg/ha",2008,621.5,"Abaca, manila hemp, raw","no"
NA,"World","Forage products; fibre crops; plants used in perfumery, pharmacy, or for insecticidal, fungicidal or similar purposes; beet, forage plant and flower seeds; natural rubber; living plants, cut flowers and flower buds; unmanufactured tobacco; other raw vegetable materials","Yield","kg/ha",2009,616.5,"Abaca, manila hemp, raw","no"
NA,"World","Forage products; fibre crops; plants used in perfumery, pharmacy, or for insecticidal, fungicidal or similar purposes; beet, forage plant and flower seeds; natural rubber; living plants, cut flowers and flower buds; unmanufactured tobacco; other raw vegetable materials","Yield","kg/ha",2010,623.7,"Abaca, manila hemp, raw","no"
NA,"World","Forage products; fibre crops; plants used in perfumery, pharmacy, or for insecticidal, fungicidal or similar purposes; beet, forage plant and flower seeds; natural rubber; living plants, cut flowers and flower buds; unmanufactured tobacco; other raw vegetable materials","Yield","kg/ha",2011,622.6,"Abaca, manila hemp, raw","no"
NA,"World","Forage products; fibre crops; plants used in perfumery, pharmacy, or for insecticidal, fungicidal or similar purposes; beet, forage plant and flower seeds; natural rubber; living plants, cut flowers and flower buds; unmanufactured tobacco; other raw vegetable materials","Yield","kg/ha",2012,624.1,"Abaca, manila hemp, raw","no"
NA,"World","Forage products; fibre crops; plants used in perfumery, pharmacy, or for insecticidal, fungicidal or similar purposes; beet, forage plant and flower seeds; natural rubber; living plants, cut flowers and flower buds; unmanufactured tobacco; other raw vegetable materials","Yield","kg/ha",2013,605.2,"Abaca, manila hemp, raw","no"
NA,"World","Forage products; fibre crops; plants used in perfumery, pharmacy, or for insecticidal, fungicidal or similar purposes; beet, forage plant and flower seeds; natural rubber; living plants, cut flowers and flower buds; unmanufactured tobacco; other raw vegetable materials","Yield","kg/ha",2014,643.4,"Abaca, manila hemp, raw","no"
NA,"World","Forage products; fibre crops; plants used in perfumery, pharmacy, or for insecticidal, fungicidal or similar purposes; beet, forage plant and flower seeds; natural rubber; living plants, cut flowers and flower buds; unmanufactured tobacco; other raw vegetable materials","Yield","kg/ha",2015,639.3,"Abaca, manila hemp, raw","no"
NA,"World","Forage products; fibre crops; plants used in perfumery, pharmacy, or for insecticidal, fungicidal or similar purposes; beet, forage plant and flower seeds; natural rubber; living plants, cut flowers and flower buds; unmanufactured tobacco; other raw vegetable materials","Yield","kg/ha",2016,617.9,"Abaca, manila hemp, raw","no"
NA,"World","Forage products; fibre crops; plants used in perfumery, pharmacy, or for insecticidal, fungicidal or similar purposes; beet, forage plant and flower seeds; natural rubber; living plants, cut flowers and flower buds; unmanufactured tobacco; other raw vegetable materials","Yield","kg/ha",2017,616.9,"Abaca, manila hemp, raw","no"
NA,"World","Forage products; fibre crops; plants used in perfumery, pharmacy, or for insecticidal, fungicidal or similar purposes; beet, forage plant and flower seeds; natural rubber; living plants, cut flowers and flower buds; unmanufactured tobacco; other raw vegetable materials","Yield","kg/ha",2018,604.2,"Abaca, manila hemp, raw","no"
NA,"World","Forage products; fibre crops; plants used in perfumery, pharmacy, or for insecticidal, fungicidal or similar purposes; beet, forage plant and flower seeds; natural rubber; living plants, cut flowers and flower buds; unmanufactured tobacco; other raw vegetable materials","Yield","kg/ha",2019,604.7,"Abaca, manila hemp, raw","no"
NA,"World","Forage products; fibre crops; plants used in perfumery, pharmacy, or for insecticidal, fungicidal or similar purposes; beet, forage plant and flower seeds; natural rubber; living plants, cut flowers and flower buds; unmanufactured tobacco; other raw vegetable materials","Yield","kg/ha",2020,604.7,"Abaca, manila hemp, raw","no"
NA,"World","Forage products; fibre crops; plants used in perfumery, pharmacy, or for insecticidal, fungicidal or similar purposes; beet, forage plant and flower seeds; natural rubber; living plants, cut flowers and flower buds; unmanufactured tobacco; other raw vegetable materials","Yield","kg/ha",2021,605.3,"Abaca, manila hemp, raw","no"
NA,"World","Forage products; fibre crops; plants used in perfumery, pharmacy, or for insecticidal, fungicidal or similar purposes; beet, forage plant and flower seeds; natural rubber; living plants, cut flowers and flower buds; unmanufactured tobacco; other raw vegetable materials","Yield","kg/ha",2022,603.5,"Abaca, manila hemp, raw","no"
NA,"World","Forage products; fibre crops; plants used in perfumery, pharmacy, or for insecticidal, fungicidal or similar purposes; beet, forage plant and flower seeds; natural rubber; living plants, cut flowers and flower buds; unmanufactured tobacco; other raw vegetable materials","Yield","kg/ha",2023,600.1,"Abaca, manila hemp, raw","no"
NA,"World","Forage products; fibre crops; plants used in perfumery, pharmacy, or for insecticidal, fungicidal or similar purposes; beet, forage plant and flower seeds; natural rubber; living plants, cut flowers and flower buds; unmanufactured tobacco; other raw vegetable materials","Production","t",1992,85395.98,"Abaca, manila hemp, raw","no"
NA,"World","Forage products; fibre crops; plants used in perfumery, pharmacy, or for insecticidal, fungicidal or similar purposes; beet, forage plant and flower seeds; natural rubber; living plants, cut flowers and flower buds; unmanufactured tobacco; other raw vegetable materials","Production","t",1993,81828,"Abaca, manila hemp, raw","no"
NA,"World","Forage products; fibre crops; plants used in perfumery, pharmacy, or for insecticidal, fungicidal or similar purposes; beet, forage plant and flower seeds; natural rubber; living plants, cut flowers and flower buds; unmanufactured tobacco; other raw vegetable materials","Production","t",1994,84270.63,"Abaca, manila hemp, raw","no"
NA,"World","Forage products; fibre crops; plants used in perfumery, pharmacy, or for insecticidal, fungicidal or similar purposes; beet, forage plant and flower seeds; natural rubber; living plants, cut flowers and flower buds; unmanufactured tobacco; other raw vegetable materials","Production","t",1995,85100.01,"Abaca, manila hemp, raw","no"
NA,"World","Forage products; fibre crops; plants used in perfumery, pharmacy, or for insecticidal, fungicidal or similar purposes; beet, forage plant and flower seeds; natural rubber; living plants, cut flowers and flower buds; unmanufactured tobacco; other raw vegetable materials","Production","t",1996,94509.46,"Abaca, manila hemp, raw","no"
NA,"World","Forage products; fibre crops; plants used in perfumery, pharmacy, or for insecticidal, fungicidal or similar purposes; beet, forage plant and flower seeds; natural rubber; living plants, cut flowers and flower buds; unmanufactured tobacco; other raw vegetable materials","Production","t",1997,92722.1,"Abaca, manila hemp, raw","no"
NA,"World","Forage products; fibre crops; plants used in perfumery, pharmacy, or for insecticidal, fungicidal or similar purposes; beet, forage plant and flower seeds; natural rubber; living plants, cut flowers and flower buds; unmanufactured tobacco; other raw vegetable materials","Production","t",1998,97470.88,"Abaca, manila hemp, raw","no"
NA,"World","Forage products; fibre crops; plants used in perfumery, pharmacy, or for insecticidal, fungicidal or similar purposes; beet, forage plant and flower seeds; natural rubber; living plants, cut flowers and flower buds; unmanufactured tobacco; other raw vegetable materials","Production","t",1999,99854.98,"Abaca, manila hemp, raw","no"
NA,"World","Forage products; fibre crops; plants used in perfumery, pharmacy, or for insecticidal, fungicidal or similar purposes; beet, forage plant and flower seeds; natural rubber; living plants, cut flowers and flower buds; unmanufactured tobacco; other raw vegetable materials","Production","t",2000,95655.33,"Abaca, manila hemp, raw","no"
NA,"World","Forage products; fibre crops; plants used in perfumery, pharmacy, or for insecticidal, fungicidal or similar purposes; beet, forage plant and flower seeds; natural rubber; living plants, cut flowers and flower buds; unmanufactured tobacco; other raw vegetable materials","Production","t",2001,100048.39,"Abaca, manila hemp, raw","no"
NA,"World","Forage products; fibre crops; plants used in perfumery, pharmacy, or for insecticidal, fungicidal or similar purposes; beet, forage plant and flower seeds; natural rubber; living plants, cut flowers and flower buds; unmanufactured tobacco; other raw vegetable materials","Production","t",2002,91196.98,"Abaca, manila hemp, raw","no"
NA,"World","Forage products; fibre crops; plants used in perfumery, pharmacy, or for insecticidal, fungicidal or similar purposes; beet, forage plant and flower seeds; natural rubber; living plants, cut flowers and flower buds; unmanufactured tobacco; other raw vegetable materials","Production","t",2003,99922.37,"Abaca, manila hemp, raw","no"
NA,"World","Forage products; fibre crops; plants used in perfumery, pharmacy, or for insecticidal, fungicidal or similar purposes; beet, forage plant and flower seeds; natural rubber; living plants, cut flowers and flower buds; unmanufactured tobacco; other raw vegetable materials","Production","t",2004,107279.49,"Abaca, manila hemp, raw","no"
NA,"World","Forage products; fibre crops; plants used in perfumery, pharmacy, or for insecticidal, fungicidal or similar purposes; beet, forage plant and flower seeds; natural rubber; living plants, cut flowers and flower buds; unmanufactured tobacco; other raw vegetable materials","Production","t",2005,105310.82,"Abaca, manila hemp, raw","no"
NA,"World","Forage products; fibre crops; plants used in perfumery, pharmacy, or for insecticidal, fungicidal or similar purposes; beet, forage plant and flower seeds; natural rubber; living plants, cut flowers and flower buds; unmanufactured tobacco; other raw vegetable materials","Production","t",2006,99927.71,"Abaca, manila hemp, raw","no"
NA,"World","Forage products; fibre crops; plants used in perfumery, pharmacy, or for insecticidal, fungicidal or similar purposes; beet, forage plant and flower seeds; natural rubber; living plants, cut flowers and flower buds; unmanufactured tobacco; other raw vegetable materials","Production","t",2007,100502.54,"Abaca, manila hemp, raw","no"
NA,"World","Forage products; fibre crops; plants used in perfumery, pharmacy, or for insecticidal, fungicidal or similar purposes; beet, forage plant and flower seeds; natural rubber; living plants, cut flowers and flower buds; unmanufactured tobacco; other raw vegetable materials","Production","t",2008,102395.86,"Abaca, manila hemp, raw","no"
NA,"World","Forage products; fibre crops; plants used in perfumery, pharmacy, or for insecticidal, fungicidal or similar purposes; beet, forage plant and flower seeds; natural rubber; living plants, cut flowers and flower buds; unmanufactured tobacco; other raw vegetable materials","Production","t",2009,100117.42,"Abaca, manila hemp, raw","no"
NA,"World","Forage products; fibre crops; plants used in perfumery, pharmacy, or for insecticidal, fungicidal or similar purposes; beet, forage plant and flower seeds; natural rubber; living plants, cut flowers and flower buds; unmanufactured tobacco; other raw vegetable materials","Production","t",2010,101642.79,"Abaca, manila hemp, raw","no"
NA,"World","Forage products; fibre crops; plants used in perfumery, pharmacy, or for insecticidal, fungicidal or similar purposes; beet, forage plant and flower seeds; natural rubber; living plants, cut flowers and flower buds; unmanufactured tobacco; other raw vegetable materials","Production","t",2011,104666.09,"Abaca, manila hemp, raw","no"
NA,"World","Forage products; fibre crops; plants used in perfumery, pharmacy, or for insecticidal, fungicidal or similar purposes; beet, forage plant and flower seeds; natural rubber; living plants, cut flowers and flower buds; unmanufactured tobacco; other raw vegetable materials","Production","t",2012,104783.93,"Abaca, manila hemp, raw","no"
NA,"World","Forage products; fibre crops; plants used in perfumery, pharmacy, or for insecticidal, fungicidal or similar purposes; beet, forage plant and flower seeds; natural rubber; living plants, cut flowers and flower buds; unmanufactured tobacco; other raw vegetable materials","Production","t",2013,102062.1,"Abaca, manila hemp, raw","no"
NA,"World","Forage products; fibre crops; plants used in perfumery, pharmacy, or for insecticidal, fungicidal or similar purposes; beet, forage plant and flower seeds; natural rubber; living plants, cut flowers and flower buds; unmanufactured tobacco; other raw vegetable materials","Production","t",2014,106432.67,"Abaca, manila hemp, raw","no"
NA,"World","Forage products; fibre crops; plants used in perfumery, pharmacy, or for insecticidal, fungicidal or similar purposes; beet, forage plant and flower seeds; natural rubber; living plants, cut flowers and flower buds; unmanufactured tobacco; other raw vegetable materials","Production","t",2015,108357.93,"Abaca, manila hemp, raw","no"
NA,"World","Forage products; fibre crops; plants used in perfumery, pharmacy, or for insecticidal, fungicidal or similar purposes; beet, forage plant and flower seeds; natural rubber; living plants, cut flowers and flower buds; unmanufactured tobacco; other raw vegetable materials","Production","t",2016,107283.09,"Abaca, manila hemp, raw","no"
NA,"World","Forage products; fibre crops; plants used in perfumery, pharmacy, or for insecticidal, fungicidal or similar purposes; beet, forage plant and flower seeds; natural rubber; living plants, cut flowers and flower buds; unmanufactured tobacco; other raw vegetable materials","Production","t",2017,108616.71,"Abaca, manila hemp, raw","no"
NA,"World","Forage products; fibre crops; plants used in perfumery, pharmacy, or for insecticidal, fungicidal or similar purposes; beet, forage plant and flower seeds; natural rubber; living plants, cut flowers and flower buds; unmanufactured tobacco; other raw vegetable materials","Production","t",2018,107994,"Abaca, manila hemp, raw","no"
NA,"World","Forage products; fibre crops; plants used in perfumery, pharmacy, or for insecticidal, fungicidal or similar purposes; beet, forage plant and flower seeds; natural rubber; living plants, cut flowers and flower buds; unmanufactured tobacco; other raw vegetable materials","Production","t",2019,109506.01,"Abaca, manila hemp, raw","no"
NA,"World","Forage products; fibre crops; plants used in perfumery, pharmacy, or for insecticidal, fungicidal or similar purposes; beet, forage plant and flower seeds; natural rubber; living plants, cut flowers and flower buds; unmanufactured tobacco; other raw vegetable materials","Production","t",2020,108558.87,"Abaca, manila hemp, raw","no"
NA,"World","Forage products; fibre crops; plants used in perfumery, pharmacy, or for insecticidal, fungicidal or similar purposes; beet, forage plant and flower seeds; natural rubber; living plants, cut flowers and flower buds; unmanufactured tobacco; other raw vegetable materials","Production","t",2021,108409,"Abaca, manila hemp, raw","no"
NA,"World","Forage products; fibre crops; plants used in perfumery, pharmacy, or for insecticidal, fungicidal or similar purposes; beet, forage plant and flower seeds; natural rubber; living plants, cut flowers and flower buds; unmanufactured tobacco; other raw vegetable materials","Production","t",2022,108637.9,"Abaca, manila hemp, raw","no"
NA,"World","Forage products; fibre crops; plants used in perfumery, pharmacy, or for insecticidal, fungicidal or similar purposes; beet, forage plant and flower seeds; natural rubber; living plants, cut flowers and flower buds; unmanufactured tobacco; other raw vegetable materials","Production","t",2023,108434.46,"Abaca, manila hemp, raw","no"
NA,"World","Forage products; fibre crops; plants used in perfumery, pharmacy, or for insecticidal, fungicidal or similar purposes; beet, forage plant and flower seeds; natural rubber; living plants, cut flowers and flower buds; unmanufactured tobacco; other raw vegetable materials","Area harvested","ha",1992,61851,"Agave fibres, raw, n.e.c.","no"
NA,"World","Forage products; fibre crops; plants used in perfumery, pharmacy, or for insecticidal, fungicidal or similar purposes; beet, forage plant and flower seeds; natural rubber; living plants, cut flowers and flower buds; unmanufactured tobacco; other raw vegetable materials","Area harvested","ha",1993,67060,"Agave fibres, raw, n.e.c.","no"
NA,"World","Forage products; fibre crops; plants used in perfumery, pharmacy, or for insecticidal, fungicidal or similar purposes; beet, forage plant and flower seeds; natural rubber; living plants, cut flowers and flower buds; unmanufactured tobacco; other raw vegetable materials","Area harvested","ha",1994,67307,"Agave fibres, raw, n.e.c.","no"
NA,"World","Forage products; fibre crops; plants used in perfumery, pharmacy, or for insecticidal, fungicidal or similar purposes; beet, forage plant and flower seeds; natural rubber; living plants, cut flowers and flower buds; unmanufactured tobacco; other raw vegetable materials","Area harvested","ha",1995,54786,"Agave fibres, raw, n.e.c.","no"
NA,"World","Forage products; fibre crops; plants used in perfumery, pharmacy, or for insecticidal, fungicidal or similar purposes; beet, forage plant and flower seeds; natural rubber; living plants, cut flowers and flower buds; unmanufactured tobacco; other raw vegetable materials","Area harvested","ha",1996,63441,"Agave fibres, raw, n.e.c.","no"
NA,"World","Forage products; fibre crops; plants used in perfumery, pharmacy, or for insecticidal, fungicidal or similar purposes; beet, forage plant and flower seeds; natural rubber; living plants, cut flowers and flower buds; unmanufactured tobacco; other raw vegetable materials","Area harvested","ha",1997,61228,"Agave fibres, raw, n.e.c.","no"
NA,"World","Forage products; fibre crops; plants used in perfumery, pharmacy, or for insecticidal, fungicidal or similar purposes; beet, forage plant and flower seeds; natural rubber; living plants, cut flowers and flower buds; unmanufactured tobacco; other raw vegetable materials","Area harvested","ha",1998,59200,"Agave fibres, raw, n.e.c.","no"
NA,"World","Forage products; fibre crops; plants used in perfumery, pharmacy, or for insecticidal, fungicidal or similar purposes; beet, forage plant and flower seeds; natural rubber; living plants, cut flowers and flower buds; unmanufactured tobacco; other raw vegetable materials","Area harvested","ha",1999,57333,"Agave fibres, raw, n.e.c.","no"
NA,"World","Forage products; fibre crops; plants used in perfumery, pharmacy, or for insecticidal, fungicidal or similar purposes; beet, forage plant and flower seeds; natural rubber; living plants, cut flowers and flower buds; unmanufactured tobacco; other raw vegetable materials","Area harvested","ha",2000,58653,"Agave fibres, raw, n.e.c.","no"
NA,"World","Forage products; fibre crops; plants used in perfumery, pharmacy, or for insecticidal, fungicidal or similar purposes; beet, forage plant and flower seeds; natural rubber; living plants, cut flowers and flower buds; unmanufactured tobacco; other raw vegetable materials","Area harvested","ha",2001,56868,"Agave fibres, raw, n.e.c.","no"
NA,"World","Forage products; fibre crops; plants used in perfumery, pharmacy, or for insecticidal, fungicidal or similar purposes; beet, forage plant and flower seeds; natural rubber; living plants, cut flowers and flower buds; unmanufactured tobacco; other raw vegetable materials","Area harvested","ha",2002,57875,"Agave fibres, raw, n.e.c.","no"
NA,"World","Forage products; fibre crops; plants used in perfumery, pharmacy, or for insecticidal, fungicidal or similar purposes; beet, forage plant and flower seeds; natural rubber; living plants, cut flowers and flower buds; unmanufactured tobacco; other raw vegetable materials","Area harvested","ha",2003,57349,"Agave fibres, raw, n.e.c.","no"
NA,"World","Forage products; fibre crops; plants used in perfumery, pharmacy, or for insecticidal, fungicidal or similar purposes; beet, forage plant and flower seeds; natural rubber; living plants, cut flowers and flower buds; unmanufactured tobacco; other raw vegetable materials","Area harvested","ha",2004,57380,"Agave fibres, raw, n.e.c.","no"
NA,"World","Forage products; fibre crops; plants used in perfumery, pharmacy, or for insecticidal, fungicidal or similar purposes; beet, forage plant and flower seeds; natural rubber; living plants, cut flowers and flower buds; unmanufactured tobacco; other raw vegetable materials","Area harvested","ha",2005,57552,"Agave fibres, raw, n.e.c.","no"
NA,"World","Forage products; fibre crops; plants used in perfumery, pharmacy, or for insecticidal, fungicidal or similar purposes; beet, forage plant and flower seeds; natural rubber; living plants, cut flowers and flower buds; unmanufactured tobacco; other raw vegetable materials","Area harvested","ha",2006,56706,"Agave fibres, raw, n.e.c.","no"
NA,"World","Forage products; fibre crops; plants used in perfumery, pharmacy, or for insecticidal, fungicidal or similar purposes; beet, forage plant and flower seeds; natural rubber; living plants, cut flowers and flower buds; unmanufactured tobacco; other raw vegetable materials","Area harvested","ha",2007,56339,"Agave fibres, raw, n.e.c.","no"
NA,"World","Forage products; fibre crops; plants used in perfumery, pharmacy, or for insecticidal, fungicidal or similar purposes; beet, forage plant and flower seeds; natural rubber; living plants, cut flowers and flower buds; unmanufactured tobacco; other raw vegetable materials","Area harvested","ha",2008,56441,"Agave fibres, raw, n.e.c.","no"
NA,"World","Forage products; fibre crops; plants used in perfumery, pharmacy, or for insecticidal, fungicidal or similar purposes; beet, forage plant and flower seeds; natural rubber; living plants, cut flowers and flower buds; unmanufactured tobacco; other raw vegetable materials","Area harvested","ha",2009,56543,"Agave fibres, raw, n.e.c.","no"
NA,"World","Forage products; fibre crops; plants used in perfumery, pharmacy, or for insecticidal, fungicidal or similar purposes; beet, forage plant and flower seeds; natural rubber; living plants, cut flowers and flower buds; unmanufactured tobacco; other raw vegetable materials","Area harvested","ha",2010,56321,"Agave fibres, raw, n.e.c.","no"
NA,"World","Forage products; fibre crops; plants used in perfumery, pharmacy, or for insecticidal, fungicidal or similar purposes; beet, forage plant and flower seeds; natural rubber; living plants, cut flowers and flower buds; unmanufactured tobacco; other raw vegetable materials","Area harvested","ha",2011,56434,"Agave fibres, raw, n.e.c.","no"
NA,"World","Forage products; fibre crops; plants used in perfumery, pharmacy, or for insecticidal, fungicidal or similar purposes; beet, forage plant and flower seeds; natural rubber; living plants, cut flowers and flower buds; unmanufactured tobacco; other raw vegetable materials","Area harvested","ha",2012,54840,"Agave fibres, raw, n.e.c.","no"
NA,"World","Forage products; fibre crops; plants used in perfumery, pharmacy, or for insecticidal, fungicidal or similar purposes; beet, forage plant and flower seeds; natural rubber; living plants, cut flowers and flower buds; unmanufactured tobacco; other raw vegetable materials","Area harvested","ha",2013,54880,"Agave fibres, raw, n.e.c.","no"
NA,"World","Forage products; fibre crops; plants used in perfumery, pharmacy, or for insecticidal, fungicidal or similar purposes; beet, forage plant and flower seeds; natural rubber; living plants, cut flowers and flower buds; unmanufactured tobacco; other raw vegetable materials","Area harvested","ha",2014,57263,"Agave fibres, raw, n.e.c.","no"
NA,"World","Forage products; fibre crops; plants used in perfumery, pharmacy, or for insecticidal, fungicidal or similar purposes; beet, forage plant and flower seeds; natural rubber; living plants, cut flowers and flower buds; unmanufactured tobacco; other raw vegetable materials","Area harvested","ha",2015,58569,"Agave fibres, raw, n.e.c.","no"
NA,"World","Forage products; fibre crops; plants used in perfumery, pharmacy, or for insecticidal, fungicidal or similar purposes; beet, forage plant and flower seeds; natural rubber; living plants, cut flowers and flower buds; unmanufactured tobacco; other raw vegetable materials","Area harvested","ha",2016,57500,"Agave fibres, raw, n.e.c.","no"
NA,"World","Forage products; fibre crops; plants used in perfumery, pharmacy, or for insecticidal, fungicidal or similar purposes; beet, forage plant and flower seeds; natural rubber; living plants, cut flowers and flower buds; unmanufactured tobacco; other raw vegetable materials","Area harvested","ha",2017,57698,"Agave fibres, raw, n.e.c.","no"
NA,"World","Forage products; fibre crops; plants used in perfumery, pharmacy, or for insecticidal, fungicidal or similar purposes; beet, forage plant and flower seeds; natural rubber; living plants, cut flowers and flower buds; unmanufactured tobacco; other raw vegetable materials","Area harvested","ha",2018,57601,"Agave fibres, raw, n.e.c.","no"
NA,"World","Forage products; fibre crops; plants used in perfumery, pharmacy, or for insecticidal, fungicidal or similar purposes; beet, forage plant and flower seeds; natural rubber; living plants, cut flowers and flower buds; unmanufactured tobacco; other raw vegetable materials","Area harvested","ha",2019,57446,"Agave fibres, raw, n.e.c.","no"
NA,"World","Forage products; fibre crops; plants used in perfumery, pharmacy, or for insecticidal, fungicidal or similar purposes; beet, forage plant and flower seeds; natural rubber; living plants, cut flowers and flower buds; unmanufactured tobacco; other raw vegetable materials","Area harvested","ha",2020,58030,"Agave fibres, raw, n.e.c.","no"
NA,"World","Forage products; fibre crops; plants used in perfumery, pharmacy, or for insecticidal, fungicidal or similar purposes; beet, forage plant and flower seeds; natural rubber; living plants, cut flowers and flower buds; unmanufactured tobacco; other raw vegetable materials","Area harvested","ha",2021,58162,"Agave fibres, raw, n.e.c.","no"
NA,"World","Forage products; fibre crops; plants used in perfumery, pharmacy, or for insecticidal, fungicidal or similar purposes; beet, forage plant and flower seeds; natural rubber; living plants, cut flowers and flower buds; unmanufactured tobacco; other raw vegetable materials","Area harvested","ha",2022,58372,"Agave fibres, raw, n.e.c.","no"
NA,"World","Forage products; fibre crops; plants used in perfumery, pharmacy, or for insecticidal, fungicidal or similar purposes; beet, forage plant and flower seeds; natural rubber; living plants, cut flowers and flower buds; unmanufactured tobacco; other raw vegetable materials","Area harvested","ha",2023,58242,"Agave fibres, raw, n.e.c.","no"
NA,"World","Forage products; fibre crops; plants used in perfumery, pharmacy, or for insecticidal, fungicidal or similar purposes; beet, forage plant and flower seeds; natural rubber; living plants, cut flowers and flower buds; unmanufactured tobacco; other raw vegetable materials","Yield","kg/ha",1992,955.3,"Agave fibres, raw, n.e.c.","no"
NA,"World","Forage products; fibre crops; plants used in perfumery, pharmacy, or for insecticidal, fungicidal or similar purposes; beet, forage plant and flower seeds; natural rubber; living plants, cut flowers and flower buds; unmanufactured tobacco; other raw vegetable materials","Yield","kg/ha",1993,967.3,"Agave fibres, raw, n.e.c.","no"
NA,"World","Forage products; fibre crops; plants used in perfumery, pharmacy, or for insecticidal, fungicidal or similar purposes; beet, forage plant and flower seeds; natural rubber; living plants, cut flowers and flower buds; unmanufactured tobacco; other raw vegetable materials","Yield","kg/ha",1994,962.6,"Agave fibres, raw, n.e.c.","no"
NA,"World","Forage products; fibre crops; plants used in perfumery, pharmacy, or for insecticidal, fungicidal or similar purposes; beet, forage plant and flower seeds; natural rubber; living plants, cut flowers and flower buds; unmanufactured tobacco; other raw vegetable materials","Yield","kg/ha",1995,1039.8,"Agave fibres, raw, n.e.c.","no"
NA,"World","Forage products; fibre crops; plants used in perfumery, pharmacy, or for insecticidal, fungicidal or similar purposes; beet, forage plant and flower seeds; natural rubber; living plants, cut flowers and flower buds; unmanufactured tobacco; other raw vegetable materials","Yield","kg/ha",1996,1045.4,"Agave fibres, raw, n.e.c.","no"
NA,"World","Forage products; fibre crops; plants used in perfumery, pharmacy, or for insecticidal, fungicidal or similar purposes; beet, forage plant and flower seeds; natural rubber; living plants, cut flowers and flower buds; unmanufactured tobacco; other raw vegetable materials","Yield","kg/ha",1997,1118,"Agave fibres, raw, n.e.c.","no"
NA,"World","Forage products; fibre crops; plants used in perfumery, pharmacy, or for insecticidal, fungicidal or similar purposes; beet, forage plant and flower seeds; natural rubber; living plants, cut flowers and flower buds; unmanufactured tobacco; other raw vegetable materials","Yield","kg/ha",1998,928.6,"Agave fibres, raw, n.e.c.","no"
NA,"World","Forage products; fibre crops; plants used in perfumery, pharmacy, or for insecticidal, fungicidal or similar purposes; beet, forage plant and flower seeds; natural rubber; living plants, cut flowers and flower buds; unmanufactured tobacco; other raw vegetable materials","Yield","kg/ha",1999,899.9,"Agave fibres, raw, n.e.c.","no"
NA,"World","Forage products; fibre crops; plants used in perfumery, pharmacy, or for insecticidal, fungicidal or similar purposes; beet, forage plant and flower seeds; natural rubber; living plants, cut flowers and flower buds; unmanufactured tobacco; other raw vegetable materials","Yield","kg/ha",2000,855.3,"Agave fibres, raw, n.e.c.","no"
NA,"World","Forage products; fibre crops; plants used in perfumery, pharmacy, or for insecticidal, fungicidal or similar purposes; beet, forage plant and flower seeds; natural rubber; living plants, cut flowers and flower buds; unmanufactured tobacco; other raw vegetable materials","Yield","kg/ha",2001,855.8,"Agave fibres, raw, n.e.c.","no"
NA,"World","Forage products; fibre crops; plants used in perfumery, pharmacy, or for insecticidal, fungicidal or similar purposes; beet, forage plant and flower seeds; natural rubber; living plants, cut flowers and flower buds; unmanufactured tobacco; other raw vegetable materials","Yield","kg/ha",2002,861.4,"Agave fibres, raw, n.e.c.","no"
NA,"World","Forage products; fibre crops; plants used in perfumery, pharmacy, or for insecticidal, fungicidal or similar purposes; beet, forage plant and flower seeds; natural rubber; living plants, cut flowers and flower buds; unmanufactured tobacco; other raw vegetable materials","Yield","kg/ha",2003,872.9,"Agave fibres, raw, n.e.c.","no"
NA,"World","Forage products; fibre crops; plants used in perfumery, pharmacy, or for insecticidal, fungicidal or similar purposes; beet, forage plant and flower seeds; natural rubber; living plants, cut flowers and flower buds; unmanufactured tobacco; other raw vegetable materials","Yield","kg/ha",2004,928.9,"Agave fibres, raw, n.e.c.","no"
NA,"World","Forage products; fibre crops; plants used in perfumery, pharmacy, or for insecticidal, fungicidal or similar purposes; beet, forage plant and flower seeds; natural rubber; living plants, cut flowers and flower buds; unmanufactured tobacco; other raw vegetable materials","Yield","kg/ha",2005,903.2,"Agave fibres, raw, n.e.c.","no"
NA,"World","Forage products; fibre crops; plants used in perfumery, pharmacy, or for insecticidal, fungicidal or similar purposes; beet, forage plant and flower seeds; natural rubber; living plants, cut flowers and flower buds; unmanufactured tobacco; other raw vegetable materials","Yield","kg/ha",2006,862.6,"Agave fibres, raw, n.e.c.","no"
NA,"World","Forage products; fibre crops; plants used in perfumery, pharmacy, or for insecticidal, fungicidal or similar purposes; beet, forage plant and flower seeds; natural rubber; living plants, cut flowers and flower buds; unmanufactured tobacco; other raw vegetable materials","Yield","kg/ha",2007,856,"Agave fibres, raw, n.e.c.","no"
NA,"World","Forage products; fibre crops; plants used in perfumery, pharmacy, or for insecticidal, fungicidal or similar purposes; beet, forage plant and flower seeds; natural rubber; living plants, cut flowers and flower buds; unmanufactured tobacco; other raw vegetable materials","Yield","kg/ha",2008,830.4,"Agave fibres, raw, n.e.c.","no"
NA,"World","Forage products; fibre crops; plants used in perfumery, pharmacy, or for insecticidal, fungicidal or similar purposes; beet, forage plant and flower seeds; natural rubber; living plants, cut flowers and flower buds; unmanufactured tobacco; other raw vegetable materials","Yield","kg/ha",2009,810.8,"Agave fibres, raw, n.e.c.","no"
NA,"World","Forage products; fibre crops; plants used in perfumery, pharmacy, or for insecticidal, fungicidal or similar purposes; beet, forage plant and flower seeds; natural rubber; living plants, cut flowers and flower buds; unmanufactured tobacco; other raw vegetable materials","Yield","kg/ha",2010,793.7,"Agave fibres, raw, n.e.c.","no"
NA,"World","Forage products; fibre crops; plants used in perfumery, pharmacy, or for insecticidal, fungicidal or similar purposes; beet, forage plant and flower seeds; natural rubber; living plants, cut flowers and flower buds; unmanufactured tobacco; other raw vegetable materials","Yield","kg/ha",2011,775.3,"Agave fibres, raw, n.e.c.","no"
NA,"World","Forage products; fibre crops; plants used in perfumery, pharmacy, or for insecticidal, fungicidal or similar purposes; beet, forage plant and flower seeds; natural rubber; living plants, cut flowers and flower buds; unmanufactured tobacco; other raw vegetable materials","Yield","kg/ha",2012,747,"Agave fibres, raw, n.e.c.","no"
NA,"World","Forage products; fibre crops; plants used in perfumery, pharmacy, or for insecticidal, fungicidal or similar purposes; beet, forage plant and flower seeds; natural rubber; living plants, cut flowers and flower buds; unmanufactured tobacco; other raw vegetable materials","Yield","kg/ha",2013,755.6,"Agave fibres, raw, n.e.c.","no"
NA,"World","Forage products; fibre crops; plants used in perfumery, pharmacy, or for insecticidal, fungicidal or similar purposes; beet, forage plant and flower seeds; natural rubber; living plants, cut flowers and flower buds; unmanufactured tobacco; other raw vegetable materials","Yield","kg/ha",2014,726.3,"Agave fibres, raw, n.e.c.","no"
NA,"World","Forage products; fibre crops; plants used in perfumery, pharmacy, or for insecticidal, fungicidal or similar purposes; beet, forage plant and flower seeds; natural rubber; living plants, cut flowers and flower buds; unmanufactured tobacco; other raw vegetable materials","Yield","kg/ha",2015,696.6,"Agave fibres, raw, n.e.c.","no"
NA,"World","Forage products; fibre crops; plants used in perfumery, pharmacy, or for insecticidal, fungicidal or similar purposes; beet, forage plant and flower seeds; natural rubber; living plants, cut flowers and flower buds; unmanufactured tobacco; other raw vegetable materials","Yield","kg/ha",2016,704.7,"Agave fibres, raw, n.e.c.","no"
NA,"World","Forage products; fibre crops; plants used in perfumery, pharmacy, or for insecticidal, fungicidal or similar purposes; beet, forage plant and flower seeds; natural rubber; living plants, cut flowers and flower buds; unmanufactured tobacco; other raw vegetable materials","Yield","kg/ha",2017,693,"Agave fibres, raw, n.e.c.","no"
NA,"World","Forage products; fibre crops; plants used in perfumery, pharmacy, or for insecticidal, fungicidal or similar purposes; beet, forage plant and flower seeds; natural rubber; living plants, cut flowers and flower buds; unmanufactured tobacco; other raw vegetable materials","Yield","kg/ha",2018,702.7,"Agave fibres, raw, n.e.c.","no"
NA,"World","Forage products; fibre crops; plants used in perfumery, pharmacy, or for insecticidal, fungicidal or similar purposes; beet, forage plant and flower seeds; natural rubber; living plants, cut flowers and flower buds; unmanufactured tobacco; other raw vegetable materials","Yield","kg/ha",2019,689.2,"Agave fibres, raw, n.e.c.","no"
NA,"World","Forage products; fibre crops; plants used in perfumery, pharmacy, or for insecticidal, fungicidal or similar purposes; beet, forage plant and flower seeds; natural rubber; living plants, cut flowers and flower buds; unmanufactured tobacco; other raw vegetable materials","Yield","kg/ha",2020,692.9,"Agave fibres, raw, n.e.c.","no"
NA,"World","Forage products; fibre crops; plants used in perfumery, pharmacy, or for insecticidal, fungicidal or similar purposes; beet, forage plant and flower seeds; natural rubber; living plants, cut flowers and flower buds; unmanufactured tobacco; other raw vegetable materials","Yield","kg/ha",2021,692,"Agave fibres, raw, n.e.c.","no"
NA,"World","Forage products; fibre crops; plants used in perfumery, pharmacy, or for insecticidal, fungicidal or similar purposes; beet, forage plant and flower seeds; natural rubber; living plants, cut flowers and flower buds; unmanufactured tobacco; other raw vegetable materials","Yield","kg/ha",2022,686.9,"Agave fibres, raw, n.e.c.","no"
NA,"World","Forage products; fibre crops; plants used in perfumery, pharmacy, or for insecticidal, fungicidal or similar purposes; beet, forage plant and flower seeds; natural rubber; living plants, cut flowers and flower buds; unmanufactured tobacco; other raw vegetable materials","Yield","kg/ha",2023,690.6,"Agave fibres, raw, n.e.c.","no"
NA,"World","Forage products; fibre crops; plants used in perfumery, pharmacy, or for insecticidal, fungicidal or similar purposes; beet, forage plant and flower seeds; natural rubber; living plants, cut flowers and flower buds; unmanufactured tobacco; other raw vegetable materials","Production","t",1992,59082.98,"Agave fibres, raw, n.e.c.","no"
NA,"World","Forage products; fibre crops; plants used in perfumery, pharmacy, or for insecticidal, fungicidal or similar purposes; beet, forage plant and flower seeds; natural rubber; living plants, cut flowers and flower buds; unmanufactured tobacco; other raw vegetable materials","Production","t",1993,64868.44,"Agave fibres, raw, n.e.c.","no"
NA,"World","Forage products; fibre crops; plants used in perfumery, pharmacy, or for insecticidal, fungicidal or similar purposes; beet, forage plant and flower seeds; natural rubber; living plants, cut flowers and flower buds; unmanufactured tobacco; other raw vegetable materials","Production","t",1994,64786.81,"Agave fibres, raw, n.e.c.","no"
NA,"World","Forage products; fibre crops; plants used in perfumery, pharmacy, or for insecticidal, fungicidal or similar purposes; beet, forage plant and flower seeds; natural rubber; living plants, cut flowers and flower buds; unmanufactured tobacco; other raw vegetable materials","Production","t",1995,56965.18,"Agave fibres, raw, n.e.c.","no"
NA,"World","Forage products; fibre crops; plants used in perfumery, pharmacy, or for insecticidal, fungicidal or similar purposes; beet, forage plant and flower seeds; natural rubber; living plants, cut flowers and flower buds; unmanufactured tobacco; other raw vegetable materials","Production","t",1996,66320.53,"Agave fibres, raw, n.e.c.","no"
NA,"World","Forage products; fibre crops; plants used in perfumery, pharmacy, or for insecticidal, fungicidal or similar purposes; beet, forage plant and flower seeds; natural rubber; living plants, cut flowers and flower buds; unmanufactured tobacco; other raw vegetable materials","Production","t",1997,68453.52,"Agave fibres, raw, n.e.c.","no"
NA,"World","Forage products; fibre crops; plants used in perfumery, pharmacy, or for insecticidal, fungicidal or similar purposes; beet, forage plant and flower seeds; natural rubber; living plants, cut flowers and flower buds; unmanufactured tobacco; other raw vegetable materials","Production","t",1998,54970.49,"Agave fibres, raw, n.e.c.","no"
NA,"World","Forage products; fibre crops; plants used in perfumery, pharmacy, or for insecticidal, fungicidal or similar purposes; beet, forage plant and flower seeds; natural rubber; living plants, cut flowers and flower buds; unmanufactured tobacco; other raw vegetable materials","Production","t",1999,51594.72,"Agave fibres, raw, n.e.c.","no"
NA,"World","Forage products; fibre crops; plants used in perfumery, pharmacy, or for insecticidal, fungicidal or similar purposes; beet, forage plant and flower seeds; natural rubber; living plants, cut flowers and flower buds; unmanufactured tobacco; other raw vegetable materials","Production","t",2000,50163.2,"Agave fibres, raw, n.e.c.","no"
NA,"World","Forage products; fibre crops; plants used in perfumery, pharmacy, or for insecticidal, fungicidal or similar purposes; beet, forage plant and flower seeds; natural rubber; living plants, cut flowers and flower buds; unmanufactured tobacco; other raw vegetable materials","Production","t",2001,48668.51,"Agave fibres, raw, n.e.c.","no"
NA,"World","Forage products; fibre crops; plants used in perfumery, pharmacy, or for insecticidal, fungicidal or similar purposes; beet, forage plant and flower seeds; natural rubber; living plants, cut flowers and flower buds; unmanufactured tobacco; other raw vegetable materials","Production","t",2002,49854.51,"Agave fibres, raw, n.e.c.","no"
NA,"World","Forage products; fibre crops; plants used in perfumery, pharmacy, or for insecticidal, fungicidal or similar purposes; beet, forage plant and flower seeds; natural rubber; living plants, cut flowers and flower buds; unmanufactured tobacco; other raw vegetable materials","Production","t",2003,50062.68,"Agave fibres, raw, n.e.c.","no"
NA,"World","Forage products; fibre crops; plants used in perfumery, pharmacy, or for insecticidal, fungicidal or similar purposes; beet, forage plant and flower seeds; natural rubber; living plants, cut flowers and flower buds; unmanufactured tobacco; other raw vegetable materials","Production","t",2004,53301.95,"Agave fibres, raw, n.e.c.","no"
NA,"World","Forage products; fibre crops; plants used in perfumery, pharmacy, or for insecticidal, fungicidal or similar purposes; beet, forage plant and flower seeds; natural rubber; living plants, cut flowers and flower buds; unmanufactured tobacco; other raw vegetable materials","Production","t",2005,51980.35,"Agave fibres, raw, n.e.c.","no"
NA,"World","Forage products; fibre crops; plants used in perfumery, pharmacy, or for insecticidal, fungicidal or similar purposes; beet, forage plant and flower seeds; natural rubber; living plants, cut flowers and flower buds; unmanufactured tobacco; other raw vegetable materials","Production","t",2006,48914.46,"Agave fibres, raw, n.e.c.","no"
NA,"World","Forage products; fibre crops; plants used in perfumery, pharmacy, or for insecticidal, fungicidal or similar purposes; beet, forage plant and flower seeds; natural rubber; living plants, cut flowers and flower buds; unmanufactured tobacco; other raw vegetable materials","Production","t",2007,48225.26,"Agave fibres, raw, n.e.c.","no"
NA,"World","Forage products; fibre crops; plants used in perfumery, pharmacy, or for insecticidal, fungicidal or similar purposes; beet, forage plant and flower seeds; natural rubber; living plants, cut flowers and flower buds; unmanufactured tobacco; other raw vegetable materials","Production","t",2008,46866.91,"Agave fibres, raw, n.e.c.","no"
NA,"World","Forage products; fibre crops; plants used in perfumery, pharmacy, or for insecticidal, fungicidal or similar purposes; beet, forage plant and flower seeds; natural rubber; living plants, cut flowers and flower buds; unmanufactured tobacco; other raw vegetable materials","Production","t",2009,45847.37,"Agave fibres, raw, n.e.c.","no"
NA,"World","Forage products; fibre crops; plants used in perfumery, pharmacy, or for insecticidal, fungicidal or similar purposes; beet, forage plant and flower seeds; natural rubber; living plants, cut flowers and flower buds; unmanufactured tobacco; other raw vegetable materials","Production","t",2010,44703.26,"Agave fibres, raw, n.e.c.","no"
NA,"World","Forage products; fibre crops; plants used in perfumery, pharmacy, or for insecticidal, fungicidal or similar purposes; beet, forage plant and flower seeds; natural rubber; living plants, cut flowers and flower buds; unmanufactured tobacco; other raw vegetable materials","Production","t",2011,43753.07,"Agave fibres, raw, n.e.c.","no"
NA,"World","Forage products; fibre crops; plants used in perfumery, pharmacy, or for insecticidal, fungicidal or similar purposes; beet, forage plant and flower seeds; natural rubber; living plants, cut flowers and flower buds; unmanufactured tobacco; other raw vegetable materials","Production","t",2012,40965,"Agave fibres, raw, n.e.c.","no"
NA,"World","Forage products; fibre crops; plants used in perfumery, pharmacy, or for insecticidal, fungicidal or similar purposes; beet, forage plant and flower seeds; natural rubber; living plants, cut flowers and flower buds; unmanufactured tobacco; other raw vegetable materials","Production","t",2013,41465,"Agave fibres, raw, n.e.c.","no"
NA,"World","Forage products; fibre crops; plants used in perfumery, pharmacy, or for insecticidal, fungicidal or similar purposes; beet, forage plant and flower seeds; natural rubber; living plants, cut flowers and flower buds; unmanufactured tobacco; other raw vegetable materials","Production","t",2014,41587.63,"Agave fibres, raw, n.e.c.","no"
NA,"World","Forage products; fibre crops; plants used in perfumery, pharmacy, or for insecticidal, fungicidal or similar purposes; beet, forage plant and flower seeds; natural rubber; living plants, cut flowers and flower buds; unmanufactured tobacco; other raw vegetable materials","Production","t",2015,40796.56,"Agave fibres, raw, n.e.c.","no"
NA,"World","Forage products; fibre crops; plants used in perfumery, pharmacy, or for insecticidal, fungicidal or similar purposes; beet, forage plant and flower seeds; natural rubber; living plants, cut flowers and flower buds; unmanufactured tobacco; other raw vegetable materials","Production","t",2016,40518.97,"Agave fibres, raw, n.e.c.","no"
NA,"World","Forage products; fibre crops; plants used in perfumery, pharmacy, or for insecticidal, fungicidal or similar purposes; beet, forage plant and flower seeds; natural rubber; living plants, cut flowers and flower buds; unmanufactured tobacco; other raw vegetable materials","Production","t",2017,39984.83,"Agave fibres, raw, n.e.c.","no"
NA,"World","Forage products; fibre crops; plants used in perfumery, pharmacy, or for insecticidal, fungicidal or similar purposes; beet, forage plant and flower seeds; natural rubber; living plants, cut flowers and flower buds; unmanufactured tobacco; other raw vegetable materials","Production","t",2018,40476.62,"Agave fibres, raw, n.e.c.","no"
NA,"World","Forage products; fibre crops; plants used in perfumery, pharmacy, or for insecticidal, fungicidal or similar purposes; beet, forage plant and flower seeds; natural rubber; living plants, cut flowers and flower buds; unmanufactured tobacco; other raw vegetable materials","Production","t",2019,39590.24,"Agave fibres, raw, n.e.c.","no"
NA,"World","Forage products; fibre crops; plants used in perfumery, pharmacy, or for insecticidal, fungicidal or similar purposes; beet, forage plant and flower seeds; natural rubber; living plants, cut flowers and flower buds; unmanufactured tobacco; other raw vegetable materials","Production","t",2020,40209.12,"Agave fibres, raw, n.e.c.","no"
NA,"World","Forage products; fibre crops; plants used in perfumery, pharmacy, or for insecticidal, fungicidal or similar purposes; beet, forage plant and flower seeds; natural rubber; living plants, cut flowers and flower buds; unmanufactured tobacco; other raw vegetable materials","Production","t",2021,40250.84,"Agave fibres, raw, n.e.c.","no"
NA,"World","Forage products; fibre crops; plants used in perfumery, pharmacy, or for insecticidal, fungicidal or similar purposes; beet, forage plant and flower seeds; natural rubber; living plants, cut flowers and flower buds; unmanufactured tobacco; other raw vegetable materials","Production","t",2022,40094.26,"Agave fibres, raw, n.e.c.","no"
NA,"World","Forage products; fibre crops; plants used in perfumery, pharmacy, or for insecticidal, fungicidal or similar purposes; beet, forage plant and flower seeds; natural rubber; living plants, cut flowers and flower buds; unmanufactured tobacco; other raw vegetable materials","Production","t",2023,40221.86,"Agave fibres, raw, n.e.c.","no"
NA,"World","Fruits and nuts","Area harvested","ha",1992,1458552,"Almonds, in shell","no"
NA,"World","Fruits and nuts","Area harvested","ha",1993,1462493,"Almonds, in shell","no"
NA,"World","Fruits and nuts","Area harvested","ha",1994,1480821,"Almonds, in shell","no"
NA,"World","Fruits and nuts","Area harvested","ha",1995,1496347,"Almonds, in shell","no"
NA,"World","Fruits and nuts","Area harvested","ha",1996,1514503,"Almonds, in shell","no"
NA,"World","Fruits and nuts","Area harvested","ha",1997,1569284,"Almonds, in shell","no"
NA,"World","Fruits and nuts","Area harvested","ha",1998,1590429,"Almonds, in shell","no"
NA,"World","Fruits and nuts","Area harvested","ha",1999,1609030,"Almonds, in shell","no"
NA,"World","Fruits and nuts","Area harvested","ha",2000,1672178,"Almonds, in shell","no"
NA,"World","Fruits and nuts","Area harvested","ha",2001,1687316,"Almonds, in shell","no"
NA,"World","Fruits and nuts","Area harvested","ha",2002,1691821,"Almonds, in shell","no"
NA,"World","Fruits and nuts","Area harvested","ha",2003,1614785,"Almonds, in shell","no"
NA,"World","Fruits and nuts","Area harvested","ha",2004,1633033,"Almonds, in shell","no"
NA,"World","Fruits and nuts","Area harvested","ha",2005,1706081,"Almonds, in shell","no"
NA,"World","Fruits and nuts","Area harvested","ha",2006,1663676,"Almonds, in shell","no"
NA,"World","Fruits and nuts","Area harvested","ha",2007,1696763,"Almonds, in shell","no"
NA,"World","Fruits and nuts","Area harvested","ha",2008,1685852,"Almonds, in shell","no"
NA,"World","Fruits and nuts","Area harvested","ha",2009,1780280,"Almonds, in shell","no"
NA,"World","Fruits and nuts","Area harvested","ha",2010,1738910,"Almonds, in shell","no"
NA,"World","Fruits and nuts","Area harvested","ha",2011,1747921,"Almonds, in shell","no"
NA,"World","Fruits and nuts","Area harvested","ha",2012,1770173,"Almonds, in shell","no"
NA,"World","Fruits and nuts","Area harvested","ha",2013,1828130,"Almonds, in shell","no"
NA,"World","Fruits and nuts","Area harvested","ha",2014,1739125,"Almonds, in shell","no"
NA,"World","Fruits and nuts","Area harvested","ha",2015,1776389,"Almonds, in shell","no"
NA,"World","Fruits and nuts","Area harvested","ha",2016,1821857,"Almonds, in shell","no"
NA,"World","Fruits and nuts","Area harvested","ha",2017,1919301,"Almonds, in shell","no"
NA,"World","Fruits and nuts","Area harvested","ha",2018,2037140,"Almonds, in shell","no"
NA,"World","Fruits and nuts","Area harvested","ha",2019,2141132,"Almonds, in shell","no"
NA,"World","Fruits and nuts","Area harvested","ha",2020,2176015,"Almonds, in shell","no"
NA,"World","Fruits and nuts","Area harvested","ha",2021,2251942,"Almonds, in shell","no"
NA,"World","Fruits and nuts","Area harvested","ha",2022,2322710,"Almonds, in shell","no"
NA,"World","Fruits and nuts","Area harvested","ha",2023,2322067,"Almonds, in shell","no"
NA,"World","Fruits and nuts","Yield","kg/ha",1992,903.7,"Almonds, in shell","no"
NA,"World","Fruits and nuts","Yield","kg/ha",1993,871.9,"Almonds, in shell","no"
NA,"World","Fruits and nuts","Yield","kg/ha",1994,934.8,"Almonds, in shell","no"
NA,"World","Fruits and nuts","Yield","kg/ha",1995,700.1,"Almonds, in shell","no"
NA,"World","Fruits and nuts","Yield","kg/ha",1996,853.1,"Almonds, in shell","no"
NA,"World","Fruits and nuts","Yield","kg/ha",1997,1014.9,"Almonds, in shell","no"
NA,"World","Fruits and nuts","Yield","kg/ha",1998,824.2,"Almonds, in shell","no"
NA,"World","Fruits and nuts","Yield","kg/ha",1999,1029.9,"Almonds, in shell","no"
NA,"World","Fruits and nuts","Yield","kg/ha",2000,868.5,"Almonds, in shell","no"
NA,"World","Fruits and nuts","Yield","kg/ha",2001,920.1,"Almonds, in shell","no"
NA,"World","Fruits and nuts","Yield","kg/ha",2002,1093.3,"Almonds, in shell","no"
NA,"World","Fruits and nuts","Yield","kg/ha",2003,1097.8,"Almonds, in shell","no"
NA,"World","Fruits and nuts","Yield","kg/ha",2004,986,"Almonds, in shell","no"
NA,"World","Fruits and nuts","Yield","kg/ha",2005,1083.5,"Almonds, in shell","no"
NA,"World","Fruits and nuts","Yield","kg/ha",2006,1253,"Almonds, in shell","no"
NA,"World","Fruits and nuts","Yield","kg/ha",2007,1349.6,"Almonds, in shell","no"
NA,"World","Fruits and nuts","Yield","kg/ha",2008,1468.3,"Almonds, in shell","no"
NA,"World","Fruits and nuts","Yield","kg/ha",2009,1357.3,"Almonds, in shell","no"
NA,"World","Fruits and nuts","Yield","kg/ha",2010,1481.3,"Almonds, in shell","no"
NA,"World","Fruits and nuts","Yield","kg/ha",2011,1761.3,"Almonds, in shell","no"
NA,"World","Fruits and nuts","Yield","kg/ha",2012,1645.7,"Almonds, in shell","no"
NA,"World","Fruits and nuts","Yield","kg/ha",2013,1615.9,"Almonds, in shell","no"
NA,"World","Fruits and nuts","Yield","kg/ha",2014,1576.5,"Almonds, in shell","no"
NA,"World","Fruits and nuts","Yield","kg/ha",2015,1517.8,"Almonds, in shell","no"
NA,"World","Fruits and nuts","Yield","kg/ha",2016,1570,"Almonds, in shell","no"
NA,"World","Fruits and nuts","Yield","kg/ha",2017,1619.2,"Almonds, in shell","no"
NA,"World","Fruits and nuts","Yield","kg/ha",2018,1628.6,"Almonds, in shell","no"
NA,"World","Fruits and nuts","Yield","kg/ha",2019,1673.9,"Almonds, in shell","no"
NA,"World","Fruits and nuts","Yield","kg/ha",2020,1919,"Almonds, in shell","no"
NA,"World","Fruits and nuts","Yield","kg/ha",2021,1790.9,"Almonds, in shell","no"
NA,"World","Fruits and nuts","Yield","kg/ha",2022,1567.5,"Almonds, in shell","no"
NA,"World","Fruits and nuts","Yield","kg/ha",2023,1513.3,"Almonds, in shell","no"
NA,"World","Fruits and nuts","Production","t",1992,1318115.83,"Almonds, in shell","no"
NA,"World","Fruits and nuts","Production","t",1993,1275181.77,"Almonds, in shell","no"
NA,"World","Fruits and nuts","Production","t",1994,1384318.38,"Almonds, in shell","no"
NA,"World","Fruits and nuts","Production","t",1995,1047573.22,"Almonds, in shell","no"
NA,"World","Fruits and nuts","Production","t",1996,1292075.99,"Almonds, in shell","no"
NA,"World","Fruits and nuts","Production","t",1997,1592740.14,"Almonds, in shell","no"
NA,"World","Fruits and nuts","Production","t",1998,1310894.08,"Almonds, in shell","no"
NA,"World","Fruits and nuts","Production","t",1999,1657150.15,"Almonds, in shell","no"
NA,"World","Fruits and nuts","Production","t",2000,1452206.36,"Almonds, in shell","no"
NA,"World","Fruits and nuts","Production","t",2001,1552538.32,"Almonds, in shell","no"
NA,"World","Fruits and nuts","Production","t",2002,1849682.74,"Almonds, in shell","no"
NA,"World","Fruits and nuts","Production","t",2003,1772632.97,"Almonds, in shell","no"
NA,"World","Fruits and nuts","Production","t",2004,1610184.83,"Almonds, in shell","no"
NA,"World","Fruits and nuts","Production","t",2005,1848483.01,"Almonds, in shell","no"
NA,"World","Fruits and nuts","Production","t",2006,2084658.06,"Almonds, in shell","no"
NA,"World","Fruits and nuts","Production","t",2007,2290027.67,"Almonds, in shell","no"
NA,"World","Fruits and nuts","Production","t",2008,2475261.38,"Almonds, in shell","no"
NA,"World","Fruits and nuts","Production","t",2009,2416426.05,"Almonds, in shell","no"
NA,"World","Fruits and nuts","Production","t",2010,2575821.38,"Almonds, in shell","no"
NA,"World","Fruits and nuts","Production","t",2011,3078565.68,"Almonds, in shell","no"
NA,"World","Fruits and nuts","Production","t",2012,2913104.5,"Almonds, in shell","no"
NA,"World","Fruits and nuts","Production","t",2013,2954074.79,"Almonds, in shell","no"
NA,"World","Fruits and nuts","Production","t",2014,2741709.8,"Almonds, in shell","no"
NA,"World","Fruits and nuts","Production","t",2015,2696171.89,"Almonds, in shell","no"
NA,"World","Fruits and nuts","Production","t",2016,2860346.2,"Almonds, in shell","no"
NA,"World","Fruits and nuts","Production","t",2017,3107727.78,"Almonds, in shell","no"
NA,"World","Fruits and nuts","Production","t",2018,3317592.33,"Almonds, in shell","no"
NA,"World","Fruits and nuts","Production","t",2019,3584078.52,"Almonds, in shell","no"
NA,"World","Fruits and nuts","Production","t",2020,4175682.93,"Almonds, in shell","no"
NA,"World","Fruits and nuts","Production","t",2021,4033098.22,"Almonds, in shell","no"
NA,"World","Fruits and nuts","Production","t",2022,3640790.38,"Almonds, in shell","no"
NA,"World","Fruits and nuts","Production","t",2023,3513970.31,"Almonds, in shell","no"
NA,"World","Stimulant, spice and aromatic crops","Area harvested","ha",1992,668405,"Anise, badian, coriander, cumin, caraway, fennel and juniper berries, raw","no"
NA,"World","Stimulant, spice and aromatic crops","Area harvested","ha",1993,708495,"Anise, badian, coriander, cumin, caraway, fennel and juniper berries, raw","no"
NA,"World","Stimulant, spice and aromatic crops","Area harvested","ha",1994,526096,"Anise, badian, coriander, cumin, caraway, fennel and juniper berries, raw","no"
NA,"World","Stimulant, spice and aromatic crops","Area harvested","ha",1995,508644,"Anise, badian, coriander, cumin, caraway, fennel and juniper berries, raw","no"
NA,"World","Stimulant, spice and aromatic crops","Area harvested","ha",1996,555213,"Anise, badian, coriander, cumin, caraway, fennel and juniper berries, raw","no"
NA,"World","Stimulant, spice and aromatic crops","Area harvested","ha",1997,579054,"Anise, badian, coriander, cumin, caraway, fennel and juniper berries, raw","no"
NA,"World","Stimulant, spice and aromatic crops","Area harvested","ha",1998,643857,"Anise, badian, coriander, cumin, caraway, fennel and juniper berries, raw","no"
NA,"World","Stimulant, spice and aromatic crops","Area harvested","ha",1999,611564,"Anise, badian, coriander, cumin, caraway, fennel and juniper berries, raw","no"
NA,"World","Stimulant, spice and aromatic crops","Area harvested","ha",2000,566334,"Anise, badian, coriander, cumin, caraway, fennel and juniper berries, raw","no"
NA,"World","Stimulant, spice and aromatic crops","Area harvested","ha",2001,798750,"Anise, badian, coriander, cumin, caraway, fennel and juniper berries, raw","no"
NA,"World","Stimulant, spice and aromatic crops","Area harvested","ha",2002,902956,"Anise, badian, coriander, cumin, caraway, fennel and juniper berries, raw","no"
NA,"World","Stimulant, spice and aromatic crops","Area harvested","ha",2003,819439,"Anise, badian, coriander, cumin, caraway, fennel and juniper berries, raw","no"
NA,"World","Stimulant, spice and aromatic crops","Area harvested","ha",2004,751631,"Anise, badian, coriander, cumin, caraway, fennel and juniper berries, raw","no"
NA,"World","Stimulant, spice and aromatic crops","Area harvested","ha",2005,699776,"Anise, badian, coriander, cumin, caraway, fennel and juniper berries, raw","no"
NA,"World","Stimulant, spice and aromatic crops","Area harvested","ha",2006,749599,"Anise, badian, coriander, cumin, caraway, fennel and juniper berries, raw","no"
NA,"World","Stimulant, spice and aromatic crops","Area harvested","ha",2007,861992,"Anise, badian, coriander, cumin, caraway, fennel and juniper berries, raw","no"
NA,"World","Stimulant, spice and aromatic crops","Area harvested","ha",2008,916964,"Anise, badian, coriander, cumin, caraway, fennel and juniper berries, raw","no"
NA,"World","Stimulant, spice and aromatic crops","Area harvested","ha",2009,900464,"Anise, badian, coriander, cumin, caraway, fennel and juniper berries, raw","no"
NA,"World","Stimulant, spice and aromatic crops","Area harvested","ha",2010,944498,"Anise, badian, coriander, cumin, caraway, fennel and juniper berries, raw","no"
NA,"World","Stimulant, spice and aromatic crops","Area harvested","ha",2011,1085924,"Anise, badian, coriander, cumin, caraway, fennel and juniper berries, raw","no"
NA,"World","Stimulant, spice and aromatic crops","Area harvested","ha",2012,1042963,"Anise, badian, coriander, cumin, caraway, fennel and juniper berries, raw","no"
NA,"World","Stimulant, spice and aromatic crops","Area harvested","ha",2013,1002254,"Anise, badian, coriander, cumin, caraway, fennel and juniper berries, raw","no"
NA,"World","Stimulant, spice and aromatic crops","Area harvested","ha",2014,1108652,"Anise, badian, coriander, cumin, caraway, fennel and juniper berries, raw","no"
NA,"World","Stimulant, spice and aromatic crops","Area harvested","ha",2015,1136415,"Anise, badian, coriander, cumin, caraway, fennel and juniper berries, raw","no"
NA,"World","Stimulant, spice and aromatic crops","Area harvested","ha",2016,1379305,"Anise, badian, coriander, cumin, caraway, fennel and juniper berries, raw","no"
NA,"World","Stimulant, spice and aromatic crops","Area harvested","ha",2017,2109444,"Anise, badian, coriander, cumin, caraway, fennel and juniper berries, raw","no"
NA,"World","Stimulant, spice and aromatic crops","Area harvested","ha",2018,1973930,"Anise, badian, coriander, cumin, caraway, fennel and juniper berries, raw","no"
NA,"World","Stimulant, spice and aromatic crops","Area harvested","ha",2019,2041185,"Anise, badian, coriander, cumin, caraway, fennel and juniper berries, raw","no"
NA,"World","Stimulant, spice and aromatic crops","Area harvested","ha",2020,2327197,"Anise, badian, coriander, cumin, caraway, fennel and juniper berries, raw","no"
NA,"World","Stimulant, spice and aromatic crops","Area harvested","ha",2021,2303362,"Anise, badian, coriander, cumin, caraway, fennel and juniper berries, raw","no"
NA,"World","Stimulant, spice and aromatic crops","Area harvested","ha",2022,2300928,"Anise, badian, coriander, cumin, caraway, fennel and juniper berries, raw","no"
NA,"World","Stimulant, spice and aromatic crops","Area harvested","ha",2023,2346761,"Anise, badian, coriander, cumin, caraway, fennel and juniper berries, raw","no"
NA,"World","Stimulant, spice and aromatic crops","Yield","kg/ha",1992,645.7,"Anise, badian, coriander, cumin, caraway, fennel and juniper berries, raw","no"
NA,"World","Stimulant, spice and aromatic crops","Yield","kg/ha",1993,579.6,"Anise, badian, coriander, cumin, caraway, fennel and juniper berries, raw","no"
NA,"World","Stimulant, spice and aromatic crops","Yield","kg/ha",1994,575.1,"Anise, badian, coriander, cumin, caraway, fennel and juniper berries, raw","no"
NA,"World","Stimulant, spice and aromatic crops","Yield","kg/ha",1995,609.8,"Anise, badian, coriander, cumin, caraway, fennel and juniper berries, raw","no"
NA,"World","Stimulant, spice and aromatic crops","Yield","kg/ha",1996,606.3,"Anise, badian, coriander, cumin, caraway, fennel and juniper berries, raw","no"
NA,"World","Stimulant, spice and aromatic crops","Yield","kg/ha",1997,643.1,"Anise, badian, coriander, cumin, caraway, fennel and juniper berries, raw","no"
NA,"World","Stimulant, spice and aromatic crops","Yield","kg/ha",1998,684.6,"Anise, badian, coriander, cumin, caraway, fennel and juniper berries, raw","no"
NA,"World","Stimulant, spice and aromatic crops","Yield","kg/ha",1999,670.4,"Anise, badian, coriander, cumin, caraway, fennel and juniper berries, raw","no"
NA,"World","Stimulant, spice and aromatic crops","Yield","kg/ha",2000,683.2,"Anise, badian, coriander, cumin, caraway, fennel and juniper berries, raw","no"
NA,"World","Stimulant, spice and aromatic crops","Yield","kg/ha",2001,605.5,"Anise, badian, coriander, cumin, caraway, fennel and juniper berries, raw","no"
NA,"World","Stimulant, spice and aromatic crops","Yield","kg/ha",2002,553.3,"Anise, badian, coriander, cumin, caraway, fennel and juniper berries, raw","no"
NA,"World","Stimulant, spice and aromatic crops","Yield","kg/ha",2003,701.2,"Anise, badian, coriander, cumin, caraway, fennel and juniper berries, raw","no"
NA,"World","Stimulant, spice and aromatic crops","Yield","kg/ha",2004,762.1,"Anise, badian, coriander, cumin, caraway, fennel and juniper berries, raw","no"
NA,"World","Stimulant, spice and aromatic crops","Yield","kg/ha",2005,802.9,"Anise, badian, coriander, cumin, caraway, fennel and juniper berries, raw","no"
NA,"World","Stimulant, spice and aromatic crops","Yield","kg/ha",2006,790.1,"Anise, badian, coriander, cumin, caraway, fennel and juniper berries, raw","no"
NA,"World","Stimulant, spice and aromatic crops","Yield","kg/ha",2007,816.5,"Anise, badian, coriander, cumin, caraway, fennel and juniper berries, raw","no"
NA,"World","Stimulant, spice and aromatic crops","Yield","kg/ha",2008,785.5,"Anise, badian, coriander, cumin, caraway, fennel and juniper berries, raw","no"
NA,"World","Stimulant, spice and aromatic crops","Yield","kg/ha",2009,815.1,"Anise, badian, coriander, cumin, caraway, fennel and juniper berries, raw","no"
NA,"World","Stimulant, spice and aromatic crops","Yield","kg/ha",2010,882.1,"Anise, badian, coriander, cumin, caraway, fennel and juniper berries, raw","no"
NA,"World","Stimulant, spice and aromatic crops","Yield","kg/ha",2011,883.6,"Anise, badian, coriander, cumin, caraway, fennel and juniper berries, raw","no"
NA,"World","Stimulant, spice and aromatic crops","Yield","kg/ha",2012,891.6,"Anise, badian, coriander, cumin, caraway, fennel and juniper berries, raw","no"
NA,"World","Stimulant, spice and aromatic crops","Yield","kg/ha",2013,911.7,"Anise, badian, coriander, cumin, caraway, fennel and juniper berries, raw","no"
NA,"World","Stimulant, spice and aromatic crops","Yield","kg/ha",2014,911.5,"Anise, badian, coriander, cumin, caraway, fennel and juniper berries, raw","no"
NA,"World","Stimulant, spice and aromatic crops","Yield","kg/ha",2015,971.9,"Anise, badian, coriander, cumin, caraway, fennel and juniper berries, raw","no"
NA,"World","Stimulant, spice and aromatic crops","Yield","kg/ha",2016,881.7,"Anise, badian, coriander, cumin, caraway, fennel and juniper berries, raw","no"
NA,"World","Stimulant, spice and aromatic crops","Yield","kg/ha",2017,1021.1,"Anise, badian, coriander, cumin, caraway, fennel and juniper berries, raw","no"
NA,"World","Stimulant, spice and aromatic crops","Yield","kg/ha",2018,1018.5,"Anise, badian, coriander, cumin, caraway, fennel and juniper berries, raw","no"
NA,"World","Stimulant, spice and aromatic crops","Yield","kg/ha",2019,1080.3,"Anise, badian, coriander, cumin, caraway, fennel and juniper berries, raw","no"
NA,"World","Stimulant, spice and aromatic crops","Yield","kg/ha",2020,1109.6,"Anise, badian, coriander, cumin, caraway, fennel and juniper berries, raw","no"
NA,"World","Stimulant, spice and aromatic crops","Yield","kg/ha",2021,1182.3,"Anise, badian, coriander, cumin, caraway, fennel and juniper berries, raw","no"
NA,"World","Stimulant, spice and aromatic crops","Yield","kg/ha",2022,1188.8,"Anise, badian, coriander, cumin, caraway, fennel and juniper berries, raw","no"
NA,"World","Stimulant, spice and aromatic crops","Yield","kg/ha",2023,1205.9,"Anise, badian, coriander, cumin, caraway, fennel and juniper berries, raw","no"
NA,"World","Stimulant, spice and aromatic crops","Production","t",1992,431565.3,"Anise, badian, coriander, cumin, caraway, fennel and juniper berries, raw","no"
NA,"World","Stimulant, spice and aromatic crops","Production","t",1993,410634.05,"Anise, badian, coriander, cumin, caraway, fennel and juniper berries, raw","no"
NA,"World","Stimulant, spice and aromatic crops","Production","t",1994,302554.84,"Anise, badian, coriander, cumin, caraway, fennel and juniper berries, raw","no"
NA,"World","Stimulant, spice and aromatic crops","Production","t",1995,310146.69,"Anise, badian, coriander, cumin, caraway, fennel and juniper berries, raw","no"
NA,"World","Stimulant, spice and aromatic crops","Production","t",1996,336634.75,"Anise, badian, coriander, cumin, caraway, fennel and juniper berries, raw","no"
NA,"World","Stimulant, spice and aromatic crops","Production","t",1997,372385.04,"Anise, badian, coriander, cumin, caraway, fennel and juniper berries, raw","no"
NA,"World","Stimulant, spice and aromatic crops","Production","t",1998,440780.63,"Anise, badian, coriander, cumin, caraway, fennel and juniper berries, raw","no"
NA,"World","Stimulant, spice and aromatic crops","Production","t",1999,410004.52,"Anise, badian, coriander, cumin, caraway, fennel and juniper berries, raw","no"
NA,"World","Stimulant, spice and aromatic crops","Production","t",2000,386919.6,"Anise, badian, coriander, cumin, caraway, fennel and juniper berries, raw","no"
NA,"World","Stimulant, spice and aromatic crops","Production","t",2001,483654.94,"Anise, badian, coriander, cumin, caraway, fennel and juniper berries, raw","no"
NA,"World","Stimulant, spice and aromatic crops","Production","t",2002,499641.25,"Anise, badian, coriander, cumin, caraway, fennel and juniper berries, raw","no"
NA,"World","Stimulant, spice and aromatic crops","Production","t",2003,574568.11,"Anise, badian, coriander, cumin, caraway, fennel and juniper berries, raw","no"
NA,"World","Stimulant, spice and aromatic crops","Production","t",2004,572850.22,"Anise, badian, coriander, cumin, caraway, fennel and juniper berries, raw","no"
NA,"World","Stimulant, spice and aromatic crops","Production","t",2005,561848.21,"Anise, badian, coriander, cumin, caraway, fennel and juniper berries, raw","no"
NA,"World","Stimulant, spice and aromatic crops","Production","t",2006,592279.4,"Anise, badian, coriander, cumin, caraway, fennel and juniper berries, raw","no"
NA,"World","Stimulant, spice and aromatic crops","Production","t",2007,703806.47,"Anise, badian, coriander, cumin, caraway, fennel and juniper berries, raw","no"
NA,"World","Stimulant, spice and aromatic crops","Production","t",2008,720298.49,"Anise, badian, coriander, cumin, caraway, fennel and juniper berries, raw","no"
NA,"World","Stimulant, spice and aromatic crops","Production","t",2009,733938.62,"Anise, badian, coriander, cumin, caraway, fennel and juniper berries, raw","no"
NA,"World","Stimulant, spice and aromatic crops","Production","t",2010,833123.45,"Anise, badian, coriander, cumin, caraway, fennel and juniper berries, raw","no"
NA,"World","Stimulant, spice and aromatic crops","Production","t",2011,959525.16,"Anise, badian, coriander, cumin, caraway, fennel and juniper berries, raw","no"
NA,"World","Stimulant, spice and aromatic crops","Production","t",2012,929903.13,"Anise, badian, coriander, cumin, caraway, fennel and juniper berries, raw","no"
NA,"World","Stimulant, spice and aromatic crops","Production","t",2013,913790.43,"Anise, badian, coriander, cumin, caraway, fennel and juniper berries, raw","no"
NA,"World","Stimulant, spice and aromatic crops","Production","t",2014,1010588.16,"Anise, badian, coriander, cumin, caraway, fennel and juniper berries, raw","no"
NA,"World","Stimulant, spice and aromatic crops","Production","t",2015,1104455.5,"Anise, badian, coriander, cumin, caraway, fennel and juniper berries, raw","no"
NA,"World","Stimulant, spice and aromatic crops","Production","t",2016,1216086.72,"Anise, badian, coriander, cumin, caraway, fennel and juniper berries, raw","no"
NA,"World","Stimulant, spice and aromatic crops","Production","t",2017,2153869.47,"Anise, badian, coriander, cumin, caraway, fennel and juniper berries, raw","no"
NA,"World","Stimulant, spice and aromatic crops","Production","t",2018,2010396.81,"Anise, badian, coriander, cumin, caraway, fennel and juniper berries, raw","no"
NA,"World","Stimulant, spice and aromatic crops","Production","t",2019,2205061.72,"Anise, badian, coriander, cumin, caraway, fennel and juniper berries, raw","no"
NA,"World","Stimulant, spice and aromatic crops","Production","t",2020,2582210.18,"Anise, badian, coriander, cumin, caraway, fennel and juniper berries, raw","no"
NA,"World","Stimulant, spice and aromatic crops","Production","t",2021,2723323.85,"Anise, badian, coriander, cumin, caraway, fennel and juniper berries, raw","no"
NA,"World","Stimulant, spice and aromatic crops","Production","t",2022,2735250.58,"Anise, badian, coriander, cumin, caraway, fennel and juniper berries, raw","no"
NA,"World","Stimulant, spice and aromatic crops","Production","t",2023,2830015.65,"Anise, badian, coriander, cumin, caraway, fennel and juniper berries, raw","no"
NA,"World","Fruits and nuts","Area harvested","ha",1992,5173010,"Apples","no"
NA,"World","Fruits and nuts","Area harvested","ha",1993,5605133,"Apples","no"
NA,"World","Fruits and nuts","Area harvested","ha",1994,6089993,"Apples","no"
NA,"World","Fruits and nuts","Area harvested","ha",1995,6304622,"Apples","no"
NA,"World","Fruits and nuts","Area harvested","ha",1996,6283956,"Apples","no"
NA,"World","Fruits and nuts","Area harvested","ha",1997,6135792,"Apples","no"
NA,"World","Fruits and nuts","Area harvested","ha",1998,5757251,"Apples","no"
NA,"World","Fruits and nuts","Area harvested","ha",1999,5625716,"Apples","no"
NA,"World","Fruits and nuts","Area harvested","ha",2000,5468629,"Apples","no"
NA,"World","Fruits and nuts","Area harvested","ha",2001,5184611,"Apples","no"
NA,"World","Fruits and nuts","Area harvested","ha",2002,5024369,"Apples","no"
NA,"World","Fruits and nuts","Area harvested","ha",2003,4896440,"Apples","no"
NA,"World","Fruits and nuts","Area harvested","ha",2004,4819714,"Apples","no"
NA,"World","Fruits and nuts","Area harvested","ha",2005,4839728,"Apples","no"
NA,"World","Fruits and nuts","Area harvested","ha",2006,4724225,"Apples","no"
NA,"World","Fruits and nuts","Area harvested","ha",2007,4853555,"Apples","no"
NA,"World","Fruits and nuts","Area harvested","ha",2008,4683005,"Apples","no"
NA,"World","Fruits and nuts","Area harvested","ha",2009,4760370,"Apples","no"
NA,"World","Fruits and nuts","Area harvested","ha",2010,4867488,"Apples","no"
NA,"World","Fruits and nuts","Area harvested","ha",2011,4955219,"Apples","no"
NA,"World","Fruits and nuts","Area harvested","ha",2012,5034511,"Apples","no"
NA,"World","Fruits and nuts","Area harvested","ha",2013,5110945,"Apples","no"
NA,"World","Fruits and nuts","Area harvested","ha",2014,5088916,"Apples","no"
NA,"World","Fruits and nuts","Area harvested","ha",2015,5168984,"Apples","no"
NA,"World","Fruits and nuts","Area harvested","ha",2016,4855277,"Apples","no"
NA,"World","Fruits and nuts","Area harvested","ha",2017,4615479,"Apples","no"
NA,"World","Fruits and nuts","Area harvested","ha",2018,4610494,"Apples","no"
NA,"World","Fruits and nuts","Area harvested","ha",2019,4680806,"Apples","no"
NA,"World","Fruits and nuts","Area harvested","ha",2020,4682875,"Apples","no"
NA,"World","Fruits and nuts","Area harvested","ha",2021,4692637,"Apples","no"
NA,"World","Fruits and nuts","Area harvested","ha",2022,4652317,"Apples","no"
NA,"World","Fruits and nuts","Area harvested","ha",2023,4618285,"Apples","no"
NA,"World","Fruits and nuts","Yield","kg/ha",1992,8556.7,"Apples","no"
NA,"World","Fruits and nuts","Yield","kg/ha",1993,8514.9,"Apples","no"
NA,"World","Fruits and nuts","Yield","kg/ha",1994,7630.3,"Apples","no"
NA,"World","Fruits and nuts","Yield","kg/ha",1995,7748.6,"Apples","no"
NA,"World","Fruits and nuts","Yield","kg/ha",1996,8647,"Apples","no"
NA,"World","Fruits and nuts","Yield","kg/ha",1997,9127.4,"Apples","no"
NA,"World","Fruits and nuts","Yield","kg/ha",1998,9540.6,"Apples","no"
NA,"World","Fruits and nuts","Yield","kg/ha",1999,10130.2,"Apples","no"
NA,"World","Fruits and nuts","Yield","kg/ha",2000,10812.6,"Apples","no"
NA,"World","Fruits and nuts","Yield","kg/ha",2001,11013,"Apples","no"
NA,"World","Fruits and nuts","Yield","kg/ha",2002,11006.5,"Apples","no"
NA,"World","Fruits and nuts","Yield","kg/ha",2003,11865.7,"Apples","no"
NA,"World","Fruits and nuts","Yield","kg/ha",2004,12913.3,"Apples","no"
NA,"World","Fruits and nuts","Yield","kg/ha",2005,12790.6,"Apples","no"
NA,"World","Fruits and nuts","Yield","kg/ha",2006,13387.8,"Apples","no"
NA,"World","Fruits and nuts","Yield","kg/ha",2007,13528.4,"Apples","no"
NA,"World","Fruits and nuts","Yield","kg/ha",2008,14742,"Apples","no"
NA,"World","Fruits and nuts","Yield","kg/ha",2009,15048.5,"Apples","no"
NA,"World","Fruits and nuts","Yield","kg/ha",2010,14624.8,"Apples","no"
NA,"World","Fruits and nuts","Yield","kg/ha",2011,15553.6,"Apples","no"
NA,"World","Fruits and nuts","Yield","kg/ha",2012,15611.5,"Apples","no"
NA,"World","Fruits and nuts","Yield","kg/ha",2013,16206.1,"Apples","no"
NA,"World","Fruits and nuts","Yield","kg/ha",2014,16770.6,"Apples","no"
NA,"World","Fruits and nuts","Yield","kg/ha",2015,15934.7,"Apples","no"
NA,"World","Fruits and nuts","Yield","kg/ha",2016,17525.9,"Apples","no"
NA,"World","Fruits and nuts","Yield","kg/ha",2017,18001,"Apples","no"
NA,"World","Fruits and nuts","Yield","kg/ha",2018,18617.8,"Apples","no"
NA,"World","Fruits and nuts","Yield","kg/ha",2019,18681.9,"Apples","no"
NA,"World","Fruits and nuts","Yield","kg/ha",2020,19349.4,"Apples","no"
NA,"World","Fruits and nuts","Yield","kg/ha",2021,19966.7,"Apples","no"
NA,"World","Fruits and nuts","Yield","kg/ha",2022,20551.2,"Apples","no"
NA,"World","Fruits and nuts","Yield","kg/ha",2023,21076.9,"Apples","no"
NA,"World","Fruits and nuts","Production","t",1992,44263659.98,"Apples","no"
NA,"World","Fruits and nuts","Production","t",1993,47727079.78,"Apples","no"
NA,"World","Fruits and nuts","Production","t",1994,46468250.48,"Apples","no"
NA,"World","Fruits and nuts","Production","t",1995,48852052.75,"Apples","no"
NA,"World","Fruits and nuts","Production","t",1996,54337383.25,"Apples","no"
NA,"World","Fruits and nuts","Production","t",1997,56003557.25,"Apples","no"
NA,"World","Fruits and nuts","Production","t",1998,54927433.38,"Apples","no"
NA,"World","Fruits and nuts","Production","t",1999,56989864.97,"Apples","no"
NA,"World","Fruits and nuts","Production","t",2000,59129865.46,"Apples","no"
NA,"World","Fruits and nuts","Production","t",2001,57098257.03,"Apples","no"
NA,"World","Fruits and nuts","Production","t",2002,55300636.3,"Apples","no"
NA,"World","Fruits and nuts","Production","t",2003,58099822.54,"Apples","no"
NA,"World","Fruits and nuts","Production","t",2004,62238526.48,"Apples","no"
NA,"World","Fruits and nuts","Production","t",2005,61903267.33,"Apples","no"
NA,"World","Fruits and nuts","Production","t",2006,63246849.94,"Apples","no"
NA,"World","Fruits and nuts","Production","t",2007,65660911.18,"Apples","no"
NA,"World","Fruits and nuts","Production","t",2008,69036698.68,"Apples","no"
NA,"World","Fruits and nuts","Production","t",2009,71636436.5,"Apples","no"
NA,"World","Fruits and nuts","Production","t",2010,71186066.67,"Apples","no"
NA,"World","Fruits and nuts","Production","t",2011,77071416.12,"Apples","no"
NA,"World","Fruits and nuts","Production","t",2012,78596413.76,"Apples","no"
NA,"World","Fruits and nuts","Production","t",2013,82828473.28,"Apples","no"
NA,"World","Fruits and nuts","Production","t",2014,85344325.83,"Apples","no"
NA,"World","Fruits and nuts","Production","t",2015,82366221.5,"Apples","no"
NA,"World","Fruits and nuts","Production","t",2016,85093151.63,"Apples","no"
NA,"World","Fruits and nuts","Production","t",2017,83083358.88,"Apples","no"
NA,"World","Fruits and nuts","Production","t",2018,85837295.71,"Apples","no"
NA,"World","Fruits and nuts","Production","t",2019,87446519.12,"Apples","no"
NA,"World","Fruits and nuts","Production","t",2020,90610774.86,"Apples","no"
NA,"World","Fruits and nuts","Production","t",2021,93696342.41,"Apples","no"
NA,"World","Fruits and nuts","Production","t",2022,95610870.11,"Apples","no"
NA,"World","Fruits and nuts","Production","t",2023,97339338.76,"Apples","no"
NA,"World","Fruits and nuts","Area harvested","ha",1992,396293,"Apricots","no"
NA,"World","Fruits and nuts","Area harvested","ha",1993,391444,"Apricots","no"
NA,"World","Fruits and nuts","Area harvested","ha",1994,391304,"Apricots","no"
NA,"World","Fruits and nuts","Area harvested","ha",1995,400113,"Apricots","no"
NA,"World","Fruits and nuts","Area harvested","ha",1996,408443,"Apricots","no"
NA,"World","Fruits and nuts","Area harvested","ha",1997,417133,"Apricots","no"
NA,"World","Fruits and nuts","Area harvested","ha",1998,395168,"Apricots","no"
NA,"World","Fruits and nuts","Area harvested","ha",1999,424207,"Apricots","no"
NA,"World","Fruits and nuts","Area harvested","ha",2000,435382,"Apricots","no"
NA,"World","Fruits and nuts","Area harvested","ha",2001,433345,"Apricots","no"
NA,"World","Fruits and nuts","Area harvested","ha",2002,439594,"Apricots","no"
NA,"World","Fruits and nuts","Area harvested","ha",2003,466348,"Apricots","no"
NA,"World","Fruits and nuts","Area harvested","ha",2004,475619,"Apricots","no"
NA,"World","Fruits and nuts","Area harvested","ha",2005,480429,"Apricots","no"
NA,"World","Fruits and nuts","Area harvested","ha",2006,520931,"Apricots","no"
NA,"World","Fruits and nuts","Area harvested","ha",2007,507934,"Apricots","no"
NA,"World","Fruits and nuts","Area harvested","ha",2008,511960,"Apricots","no"
NA,"World","Fruits and nuts","Area harvested","ha",2009,550460,"Apricots","no"
NA,"World","Fruits and nuts","Area harvested","ha",2010,563984,"Apricots","no"
NA,"World","Fruits and nuts","Area harvested","ha",2011,535427,"Apricots","no"
NA,"World","Fruits and nuts","Area harvested","ha",2012,531480,"Apricots","no"
NA,"World","Fruits and nuts","Area harvested","ha",2013,556677,"Apricots","no"
NA,"World","Fruits and nuts","Area harvested","ha",2014,552192,"Apricots","no"
NA,"World","Fruits and nuts","Area harvested","ha",2015,560381,"Apricots","no"
NA,"World","Fruits and nuts","Area harvested","ha",2016,539473,"Apricots","no"
NA,"World","Fruits and nuts","Area harvested","ha",2017,558310,"Apricots","no"
NA,"World","Fruits and nuts","Area harvested","ha",2018,542799,"Apricots","no"
NA,"World","Fruits and nuts","Area harvested","ha",2019,554448,"Apricots","no"
NA,"World","Fruits and nuts","Area harvested","ha",2020,554494,"Apricots","no"
NA,"World","Fruits and nuts","Area harvested","ha",2021,545158,"Apricots","no"
NA,"World","Fruits and nuts","Area harvested","ha",2022,562563,"Apricots","no"
NA,"World","Fruits and nuts","Area harvested","ha",2023,554359,"Apricots","no"
NA,"World","Fruits and nuts","Yield","kg/ha",1992,6265.2,"Apricots","no"
NA,"World","Fruits and nuts","Yield","kg/ha",1993,5865.5,"Apricots","no"
NA,"World","Fruits and nuts","Yield","kg/ha",1994,6431.2,"Apricots","no"
NA,"World","Fruits and nuts","Yield","kg/ha",1995,5220.3,"Apricots","no"
NA,"World","Fruits and nuts","Yield","kg/ha",1996,6275.8,"Apricots","no"
NA,"World","Fruits and nuts","Yield","kg/ha",1997,5764.5,"Apricots","no"
NA,"World","Fruits and nuts","Yield","kg/ha",1998,6327.5,"Apricots","no"
NA,"World","Fruits and nuts","Yield","kg/ha",1999,6226.7,"Apricots","no"
NA,"World","Fruits and nuts","Yield","kg/ha",2000,6575.9,"Apricots","no"
NA,"World","Fruits and nuts","Yield","kg/ha",2001,6094.5,"Apricots","no"
NA,"World","Fruits and nuts","Yield","kg/ha",2002,5951.6,"Apricots","no"
NA,"World","Fruits and nuts","Yield","kg/ha",2003,6200.2,"Apricots","no"
NA,"World","Fruits and nuts","Yield","kg/ha",2004,5853.9,"Apricots","no"
NA,"World","Fruits and nuts","Yield","kg/ha",2005,7547.3,"Apricots","no"
NA,"World","Fruits and nuts","Yield","kg/ha",2006,6646.4,"Apricots","no"
NA,"World","Fruits and nuts","Yield","kg/ha",2007,6485.4,"Apricots","no"
NA,"World","Fruits and nuts","Yield","kg/ha",2008,7198.1,"Apricots","no"
NA,"World","Fruits and nuts","Yield","kg/ha",2009,6824.1,"Apricots","no"
NA,"World","Fruits and nuts","Yield","kg/ha",2010,5857.3,"Apricots","no"
NA,"World","Fruits and nuts","Yield","kg/ha",2011,7119.5,"Apricots","no"
NA,"World","Fruits and nuts","Yield","kg/ha",2012,7266.1,"Apricots","no"
NA,"World","Fruits and nuts","Yield","kg/ha",2013,7346.7,"Apricots","no"
NA,"World","Fruits and nuts","Yield","kg/ha",2014,6035.6,"Apricots","no"
NA,"World","Fruits and nuts","Yield","kg/ha",2015,7024.5,"Apricots","no"
NA,"World","Fruits and nuts","Yield","kg/ha",2016,7787.9,"Apricots","no"
NA,"World","Fruits and nuts","Yield","kg/ha",2017,8578.3,"Apricots","no"
NA,"World","Fruits and nuts","Yield","kg/ha",2018,7175.1,"Apricots","no"
NA,"World","Fruits and nuts","Yield","kg/ha",2019,7308.1,"Apricots","no"
NA,"World","Fruits and nuts","Yield","kg/ha",2020,6671.7,"Apricots","no"
NA,"World","Fruits and nuts","Yield","kg/ha",2021,6643.4,"Apricots","no"
NA,"World","Fruits and nuts","Yield","kg/ha",2022,6918.8,"Apricots","no"
NA,"World","Fruits and nuts","Yield","kg/ha",2023,6725.2,"Apricots","no"
NA,"World","Fruits and nuts","Production","t",1992,2482842.93,"Apricots","no"
NA,"World","Fruits and nuts","Production","t",1993,2296008.99,"Apricots","no"
NA,"World","Fruits and nuts","Production","t",1994,2516545.33,"Apricots","no"
NA,"World","Fruits and nuts","Production","t",1995,2088726.21,"Apricots","no"
NA,"World","Fruits and nuts","Production","t",1996,2563289.66,"Apricots","no"
NA,"World","Fruits and nuts","Production","t",1997,2404556.03,"Apricots","no"
NA,"World","Fruits and nuts","Production","t",1998,2500417.83,"Apricots","no"
NA,"World","Fruits and nuts","Production","t",1999,2641406.87,"Apricots","no"
NA,"World","Fruits and nuts","Production","t",2000,2863010.09,"Apricots","no"
NA,"World","Fruits and nuts","Production","t",2001,2641008.5,"Apricots","no"
NA,"World","Fruits and nuts","Production","t",2002,2616307.45,"Apricots","no"
NA,"World","Fruits and nuts","Production","t",2003,2891451.72,"Apricots","no"
NA,"World","Fruits and nuts","Production","t",2004,2784214.3,"Apricots","no"
NA,"World","Fruits and nuts","Production","t",2005,3625967.69,"Apricots","no"
NA,"World","Fruits and nuts","Production","t",2006,3462296.69,"Apricots","no"
NA,"World","Fruits and nuts","Production","t",2007,3294151.69,"Apricots","no"
NA,"World","Fruits and nuts","Production","t",2008,3685125.53,"Apricots","no"
NA,"World","Fruits and nuts","Production","t",2009,3756410.34,"Apricots","no"
NA,"World","Fruits and nuts","Production","t",2010,3303442.78,"Apricots","no"
NA,"World","Fruits and nuts","Production","t",2011,3811997.27,"Apricots","no"
NA,"World","Fruits and nuts","Production","t",2012,3861766.46,"Apricots","no"
NA,"World","Fruits and nuts","Production","t",2013,4089752.6,"Apricots","no"
NA,"World","Fruits and nuts","Production","t",2014,3332797.96,"Apricots","no"
NA,"World","Fruits and nuts","Production","t",2015,3936385.84,"Apricots","no"
NA,"World","Fruits and nuts","Production","t",2016,4201365.89,"Apricots","no"
NA,"World","Fruits and nuts","Production","t",2017,4789360.83,"Apricots","no"
NA,"World","Fruits and nuts","Production","t",2018,3894644.75,"Apricots","no"
NA,"World","Fruits and nuts","Production","t",2019,4051958.33,"Apricots","no"
NA,"World","Fruits and nuts","Production","t",2020,3699428.62,"Apricots","no"
NA,"World","Fruits and nuts","Production","t",2021,3621684.88,"Apricots","no"
NA,"World","Fruits and nuts","Production","t",2022,3892260.1,"Apricots","no"
NA,"World","Fruits and nuts","Production","t",2023,3728155.89,"Apricots","no"
NA,"World","Fruits and nuts","Area harvested","ha",1992,426803,"Areca nuts","no"
NA,"World","Fruits and nuts","Area harvested","ha",1993,422274,"Areca nuts","no"
NA,"World","Fruits and nuts","Area harvested","ha",1994,434902,"Areca nuts","no"
NA,"World","Fruits and nuts","Area harvested","ha",1995,442588,"Areca nuts","no"
NA,"World","Fruits and nuts","Area harvested","ha",1996,458601,"Areca nuts","no"
NA,"World","Fruits and nuts","Area harvested","ha",1997,468035,"Areca nuts","no"
NA,"World","Fruits and nuts","Area harvested","ha",1998,489873,"Areca nuts","no"
NA,"World","Fruits and nuts","Area harvested","ha",1999,529798,"Areca nuts","no"
NA,"World","Fruits and nuts","Area harvested","ha",2000,533274,"Areca nuts","no"
NA,"World","Fruits and nuts","Area harvested","ha",2001,579528,"Areca nuts","no"
NA,"World","Fruits and nuts","Area harvested","ha",2002,587354,"Areca nuts","no"
NA,"World","Fruits and nuts","Area harvested","ha",2003,665907,"Areca nuts","no"
NA,"World","Fruits and nuts","Area harvested","ha",2004,696477,"Areca nuts","no"
NA,"World","Fruits and nuts","Area harvested","ha",2005,632307,"Areca nuts","no"
NA,"World","Fruits and nuts","Area harvested","ha",2006,656811,"Areca nuts","no"
NA,"World","Fruits and nuts","Area harvested","ha",2007,666444,"Areca nuts","no"
NA,"World","Fruits and nuts","Area harvested","ha",2008,679989,"Areca nuts","no"
NA,"World","Fruits and nuts","Area harvested","ha",2009,691239,"Areca nuts","no"
NA,"World","Fruits and nuts","Area harvested","ha",2010,707087,"Areca nuts","no"
NA,"World","Fruits and nuts","Area harvested","ha",2011,709613,"Areca nuts","no"
NA,"World","Fruits and nuts","Area harvested","ha",2012,793136,"Areca nuts","no"
NA,"World","Fruits and nuts","Area harvested","ha",2013,759437,"Areca nuts","no"
NA,"World","Fruits and nuts","Area harvested","ha",2014,761281,"Areca nuts","no"
NA,"World","Fruits and nuts","Area harvested","ha",2015,759001,"Areca nuts","no"
NA,"World","Fruits and nuts","Area harvested","ha",2016,788518,"Areca nuts","no"
NA,"World","Fruits and nuts","Area harvested","ha",2017,776377,"Areca nuts","no"
NA,"World","Fruits and nuts","Area harvested","ha",2018,834647,"Areca nuts","no"
NA,"World","Fruits and nuts","Area harvested","ha",2019,870307,"Areca nuts","no"
NA,"World","Fruits and nuts","Area harvested","ha",2020,1105046,"Areca nuts","no"
NA,"World","Fruits and nuts","Area harvested","ha",2021,1164708,"Areca nuts","no"
NA,"World","Fruits and nuts","Area harvested","ha",2022,1221520,"Areca nuts","no"
NA,"World","Fruits and nuts","Area harvested","ha",2023,1310919,"Areca nuts","no"
NA,"World","Fruits and nuts","Yield","kg/ha",1992,1186.6,"Areca nuts","no"
NA,"World","Fruits and nuts","Yield","kg/ha",1993,1281.4,"Areca nuts","no"
NA,"World","Fruits and nuts","Yield","kg/ha",1994,1321,"Areca nuts","no"
NA,"World","Fruits and nuts","Yield","kg/ha",1995,1406.8,"Areca nuts","no"
NA,"World","Fruits and nuts","Yield","kg/ha",1996,1386.3,"Areca nuts","no"
NA,"World","Fruits and nuts","Yield","kg/ha",1997,1384.4,"Areca nuts","no"
NA,"World","Fruits and nuts","Yield","kg/ha",1998,1450.3,"Areca nuts","no"
NA,"World","Fruits and nuts","Yield","kg/ha",1999,1318.3,"Areca nuts","no"
NA,"World","Fruits and nuts","Yield","kg/ha",2000,1364,"Areca nuts","no"
NA,"World","Fruits and nuts","Yield","kg/ha",2001,1323.4,"Areca nuts","no"
NA,"World","Fruits and nuts","Yield","kg/ha",2002,1417.5,"Areca nuts","no"
NA,"World","Fruits and nuts","Yield","kg/ha",2003,1311.9,"Areca nuts","no"
NA,"World","Fruits and nuts","Yield","kg/ha",2004,1315.4,"Areca nuts","no"
NA,"World","Fruits and nuts","Yield","kg/ha",2005,1512.9,"Areca nuts","no"
NA,"World","Fruits and nuts","Yield","kg/ha",2006,1560.6,"Areca nuts","no"
NA,"World","Fruits and nuts","Yield","kg/ha",2007,1585.1,"Areca nuts","no"
NA,"World","Fruits and nuts","Yield","kg/ha",2008,1579.9,"Areca nuts","no"
NA,"World","Fruits and nuts","Yield","kg/ha",2009,1594.3,"Areca nuts","no"
NA,"World","Fruits and nuts","Yield","kg/ha",2010,1536.5,"Areca nuts","no"
NA,"World","Fruits and nuts","Yield","kg/ha",2011,1710.2,"Areca nuts","no"
NA,"World","Fruits and nuts","Yield","kg/ha",2012,1880.8,"Areca nuts","no"
NA,"World","Fruits and nuts","Yield","kg/ha",2013,1790.3,"Areca nuts","no"
NA,"World","Fruits and nuts","Yield","kg/ha",2014,1668.9,"Areca nuts","no"
NA,"World","Fruits and nuts","Yield","kg/ha",2015,1854.9,"Areca nuts","no"
NA,"World","Fruits and nuts","Yield","kg/ha",2016,1842.1,"Areca nuts","no"
NA,"World","Fruits and nuts","Yield","kg/ha",2017,1862.7,"Areca nuts","no"
NA,"World","Fruits and nuts","Yield","kg/ha",2018,1867.6,"Areca nuts","no"
NA,"World","Fruits and nuts","Yield","kg/ha",2019,1982.6,"Areca nuts","no"
NA,"World","Fruits and nuts","Yield","kg/ha",2020,2018.2,"Areca nuts","no"
NA,"World","Fruits and nuts","Yield","kg/ha",2021,2124.7,"Areca nuts","no"
NA,"World","Fruits and nuts","Yield","kg/ha",2022,2100.4,"Areca nuts","no"
NA,"World","Fruits and nuts","Yield","kg/ha",2023,1740.7,"Areca nuts","no"
NA,"World","Fruits and nuts","Production","t",1992,506431.21,"Areca nuts","no"
NA,"World","Fruits and nuts","Production","t",1993,541094.62,"Areca nuts","no"
NA,"World","Fruits and nuts","Production","t",1994,574516.82,"Areca nuts","no"
NA,"World","Fruits and nuts","Production","t",1995,622635.89,"Areca nuts","no"
NA,"World","Fruits and nuts","Production","t",1996,635766.12,"Areca nuts","no"
NA,"World","Fruits and nuts","Production","t",1997,647947.8,"Areca nuts","no"
NA,"World","Fruits and nuts","Production","t",1998,710445.36,"Areca nuts","no"
NA,"World","Fruits and nuts","Production","t",1999,698428.69,"Areca nuts","no"
NA,"World","Fruits and nuts","Production","t",2000,727362.9,"Areca nuts","no"
NA,"World","Fruits and nuts","Production","t",2001,766944,"Areca nuts","no"
NA,"World","Fruits and nuts","Production","t",2002,832557.02,"Areca nuts","no"
NA,"World","Fruits and nuts","Production","t",2003,873628.38,"Areca nuts","no"
NA,"World","Fruits and nuts","Production","t",2004,916136.35,"Areca nuts","no"
NA,"World","Fruits and nuts","Production","t",2005,956646.27,"Areca nuts","no"
NA,"World","Fruits and nuts","Production","t",2006,1024990,"Areca nuts","no"
NA,"World","Fruits and nuts","Production","t",2007,1056375,"Areca nuts","no"
NA,"World","Fruits and nuts","Production","t",2008,1074331,"Areca nuts","no"
NA,"World","Fruits and nuts","Production","t",2009,1102023,"Areca nuts","no"
NA,"World","Fruits and nuts","Production","t",2010,1086449,"Areca nuts","no"
NA,"World","Fruits and nuts","Production","t",2011,1213600,"Areca nuts","no"
NA,"World","Fruits and nuts","Production","t",2012,1491728,"Areca nuts","no"
NA,"World","Fruits and nuts","Production","t",2013,1359600.7,"Areca nuts","no"
NA,"World","Fruits and nuts","Production","t",2014,1270501.42,"Areca nuts","no"
NA,"World","Fruits and nuts","Production","t",2015,1407838.22,"Areca nuts","no"
NA,"World","Fruits and nuts","Production","t",2016,1452543.15,"Areca nuts","no"
NA,"World","Fruits and nuts","Production","t",2017,1446137.62,"Areca nuts","no"
NA,"World","Fruits and nuts","Production","t",2018,1558788.75,"Areca nuts","no"
NA,"World","Fruits and nuts","Production","t",2019,1725499.38,"Areca nuts","no"
NA,"World","Fruits and nuts","Production","t",2020,2230180.84,"Areca nuts","no"
NA,"World","Fruits and nuts","Production","t",2021,2474711.3,"Areca nuts","no"
NA,"World","Fruits and nuts","Production","t",2022,2565720.85,"Areca nuts","no"
NA,"World","Fruits and nuts","Production","t",2023,2281947.89,"Areca nuts","no"
NA,"World","Vegetables","Area harvested","ha",1992,112410,"Artichokes","no"
NA,"World","Vegetables","Area harvested","ha",1993,111897,"Artichokes","no"
NA,"World","Vegetables","Area harvested","ha",1994,114438,"Artichokes","no"
NA,"World","Vegetables","Area harvested","ha",1995,113442,"Artichokes","no"
NA,"World","Vegetables","Area harvested","ha",1996,113462,"Artichokes","no"
NA,"World","Vegetables","Area harvested","ha",1997,114410,"Artichokes","no"
NA,"World","Vegetables","Area harvested","ha",1998,120702,"Artichokes","no"
NA,"World","Vegetables","Area harvested","ha",1999,119783,"Artichokes","no"
NA,"World","Vegetables","Area harvested","ha",2000,122102,"Artichokes","no"
NA,"World","Vegetables","Area harvested","ha",2001,118345,"Artichokes","no"
NA,"World","Vegetables","Area harvested","ha",2002,121130,"Artichokes","no"
NA,"World","Vegetables","Area harvested","ha",2003,122182,"Artichokes","no"
NA,"World","Vegetables","Area harvested","ha",2004,121117,"Artichokes","no"
NA,"World","Vegetables","Area harvested","ha",2005,124766,"Artichokes","no"
NA,"World","Vegetables","Area harvested","ha",2006,129191,"Artichokes","no"
NA,"World","Vegetables","Area harvested","ha",2007,132016,"Artichokes","no"
NA,"World","Vegetables","Area harvested","ha",2008,128740,"Artichokes","no"
NA,"World","Vegetables","Area harvested","ha",2009,128521,"Artichokes","no"
NA,"World","Vegetables","Area harvested","ha",2010,125709,"Artichokes","no"
NA,"World","Vegetables","Area harvested","ha",2011,127641,"Artichokes","no"
NA,"World","Vegetables","Area harvested","ha",2012,123207,"Artichokes","no"
NA,"World","Vegetables","Area harvested","ha",2013,127020,"Artichokes","no"
NA,"World","Vegetables","Area harvested","ha",2014,126252,"Artichokes","no"
NA,"World","Vegetables","Area harvested","ha",2015,114874,"Artichokes","no"
NA,"World","Vegetables","Area harvested","ha",2016,120234,"Artichokes","no"
NA,"World","Vegetables","Area harvested","ha",2017,126681,"Artichokes","no"
NA,"World","Vegetables","Area harvested","ha",2018,122552,"Artichokes","no"
NA,"World","Vegetables","Area harvested","ha",2019,119287,"Artichokes","no"
NA,"World","Vegetables","Area harvested","ha",2020,115041,"Artichokes","no"
NA,"World","Vegetables","Area harvested","ha",2021,117630,"Artichokes","no"
NA,"World","Vegetables","Area harvested","ha",2022,115235,"Artichokes","no"
NA,"World","Vegetables","Area harvested","ha",2023,114221,"Artichokes","no"
NA,"World","Vegetables","Yield","kg/ha",1992,11114.5,"Artichokes","no"
NA,"World","Vegetables","Yield","kg/ha",1993,10460.2,"Artichokes","no"
NA,"World","Vegetables","Yield","kg/ha",1994,10555.9,"Artichokes","no"
NA,"World","Vegetables","Yield","kg/ha",1995,10241.2,"Artichokes","no"
NA,"World","Vegetables","Yield","kg/ha",1996,10014.1,"Artichokes","no"
NA,"World","Vegetables","Yield","kg/ha",1997,10968,"Artichokes","no"
NA,"World","Vegetables","Yield","kg/ha",1998,10335,"Artichokes","no"
NA,"World","Vegetables","Yield","kg/ha",1999,10337.4,"Artichokes","no"
NA,"World","Vegetables","Yield","kg/ha",2000,10828,"Artichokes","no"
NA,"World","Vegetables","Yield","kg/ha",2001,10544.5,"Artichokes","no"
NA,"World","Vegetables","Yield","kg/ha",2002,10437.3,"Artichokes","no"
NA,"World","Vegetables","Yield","kg/ha",2003,10325.2,"Artichokes","no"
NA,"World","Vegetables","Yield","kg/ha",2004,11130.2,"Artichokes","no"
NA,"World","Vegetables","Yield","kg/ha",2005,10089.7,"Artichokes","no"
NA,"World","Vegetables","Yield","kg/ha",2006,10796.9,"Artichokes","no"
NA,"World","Vegetables","Yield","kg/ha",2007,11108.4,"Artichokes","no"
NA,"World","Vegetables","Yield","kg/ha",2008,11358.3,"Artichokes","no"
NA,"World","Vegetables","Yield","kg/ha",2009,11526.2,"Artichokes","no"
NA,"World","Vegetables","Yield","kg/ha",2010,11402.4,"Artichokes","no"
NA,"World","Vegetables","Yield","kg/ha",2011,11571,"Artichokes","no"
NA,"World","Vegetables","Yield","kg/ha",2012,12633.6,"Artichokes","no"
NA,"World","Vegetables","Yield","kg/ha",2013,12201.4,"Artichokes","no"
NA,"World","Vegetables","Yield","kg/ha",2014,11980.5,"Artichokes","no"
NA,"World","Vegetables","Yield","kg/ha",2015,12087.9,"Artichokes","no"
NA,"World","Vegetables","Yield","kg/ha",2016,11170.8,"Artichokes","no"
NA,"World","Vegetables","Yield","kg/ha",2017,12534.9,"Artichokes","no"
NA,"World","Vegetables","Yield","kg/ha",2018,12714.7,"Artichokes","no"
NA,"World","Vegetables","Yield","kg/ha",2019,12635.9,"Artichokes","no"
NA,"World","Vegetables","Yield","kg/ha",2020,12528.3,"Artichokes","no"
NA,"World","Vegetables","Yield","kg/ha",2021,14129,"Artichokes","no"
NA,"World","Vegetables","Yield","kg/ha",2022,13821,"Artichokes","no"
NA,"World","Vegetables","Yield","kg/ha",2023,14094.9,"Artichokes","no"
NA,"World","Vegetables","Production","t",1992,1249380.08,"Artichokes","no"
NA,"World","Vegetables","Production","t",1993,1170458.7,"Artichokes","no"
NA,"World","Vegetables","Production","t",1994,1207992.8,"Artichokes","no"
NA,"World","Vegetables","Production","t",1995,1161778.77,"Artichokes","no"
NA,"World","Vegetables","Production","t",1996,1136215.41,"Artichokes","no"
NA,"World","Vegetables","Production","t",1997,1254855.26,"Artichokes","no"
NA,"World","Vegetables","Production","t",1998,1247457.73,"Artichokes","no"
NA,"World","Vegetables","Production","t",1999,1238238.77,"Artichokes","no"
NA,"World","Vegetables","Production","t",2000,1322123.45,"Artichokes","no"
NA,"World","Vegetables","Production","t",2001,1247889.87,"Artichokes","no"
NA,"World","Vegetables","Production","t",2002,1264268.98,"Artichokes","no"
NA,"World","Vegetables","Production","t",2003,1261552.93,"Artichokes","no"
NA,"World","Vegetables","Production","t",2004,1348058.98,"Artichokes","no"
NA,"World","Vegetables","Production","t",2005,1258847.77,"Artichokes","no"
NA,"World","Vegetables","Production","t",2006,1394853.39,"Artichokes","no"
NA,"World","Vegetables","Production","t",2007,1466483.75,"Artichokes","no"
NA,"World","Vegetables","Production","t",2008,1462275.23,"Artichokes","no"
NA,"World","Vegetables","Production","t",2009,1481362.62,"Artichokes","no"
NA,"World","Vegetables","Production","t",2010,1433378.21,"Artichokes","no"
NA,"World","Vegetables","Production","t",2011,1476939.21,"Artichokes","no"
NA,"World","Vegetables","Production","t",2012,1556551.41,"Artichokes","no"
NA,"World","Vegetables","Production","t",2013,1549827.53,"Artichokes","no"
NA,"World","Vegetables","Production","t",2014,1512560.1,"Artichokes","no"
NA,"World","Vegetables","Production","t",2015,1388583.89,"Artichokes","no"
NA,"World","Vegetables","Production","t",2016,1343108.23,"Artichokes","no"
NA,"World","Vegetables","Production","t",2017,1587930.94,"Artichokes","no"
NA,"World","Vegetables","Production","t",2018,1558221.07,"Artichokes","no"
NA,"World","Vegetables","Production","t",2019,1507307.99,"Artichokes","no"
NA,"World","Vegetables","Production","t",2020,1441273.68,"Artichokes","no"
NA,"World","Vegetables","Production","t",2021,1661988.26,"Artichokes","no"
NA,"World","Vegetables","Production","t",2022,1592666.16,"Artichokes","no"
NA,"World","Vegetables","Production","t",2023,1609935.39,"Artichokes","no"
NA,"World","Vegetables","Area harvested","ha",1992,597171,"Asparagus","no"
NA,"World","Vegetables","Area harvested","ha",1993,698132,"Asparagus","no"
NA,"World","Vegetables","Area harvested","ha",1994,715397,"Asparagus","no"
NA,"World","Vegetables","Area harvested","ha",1995,756810,"Asparagus","no"
NA,"World","Vegetables","Area harvested","ha",1996,832584,"Asparagus","no"
NA,"World","Vegetables","Area harvested","ha",1997,844491,"Asparagus","no"
NA,"World","Vegetables","Area harvested","ha",1998,870236,"Asparagus","no"
NA,"World","Vegetables","Area harvested","ha",1999,928753,"Asparagus","no"
NA,"World","Vegetables","Area harvested","ha",2000,1064960,"Asparagus","no"
NA,"World","Vegetables","Area harvested","ha",2001,1115810,"Asparagus","no"
NA,"World","Vegetables","Area harvested","ha",2002,1198305,"Asparagus","no"
NA,"World","Vegetables","Area harvested","ha",2003,1231864,"Asparagus","no"
NA,"World","Vegetables","Area harvested","ha",2004,1306204,"Asparagus","no"
NA,"World","Vegetables","Area harvested","ha",2005,1312750,"Asparagus","no"
NA,"World","Vegetables","Area harvested","ha",2006,1349422,"Asparagus","no"
NA,"World","Vegetables","Area harvested","ha",2007,1398248,"Asparagus","no"
NA,"World","Vegetables","Area harvested","ha",2008,1412701,"Asparagus","no"
NA,"World","Vegetables","Area harvested","ha",2009,1417284,"Asparagus","no"
NA,"World","Vegetables","Area harvested","ha",2010,1426731,"Asparagus","no"
NA,"World","Vegetables","Area harvested","ha",2011,1454758,"Asparagus","no"
NA,"World","Vegetables","Area harvested","ha",2012,1483527,"Asparagus","no"
NA,"World","Vegetables","Area harvested","ha",2013,1463607,"Asparagus","no"
NA,"World","Vegetables","Area harvested","ha",2014,1469188,"Asparagus","no"
NA,"World","Vegetables","Area harvested","ha",2015,1528606,"Asparagus","no"
NA,"World","Vegetables","Area harvested","ha",2016,1562337,"Asparagus","no"
NA,"World","Vegetables","Area harvested","ha",2017,1546068,"Asparagus","no"
NA,"World","Vegetables","Area harvested","ha",2018,1548927,"Asparagus","no"
NA,"World","Vegetables","Area harvested","ha",2019,1559955,"Asparagus","no"
NA,"World","Vegetables","Area harvested","ha",2020,1581458,"Asparagus","no"
NA,"World","Vegetables","Area harvested","ha",2021,1597782,"Asparagus","no"
NA,"World","Vegetables","Area harvested","ha",2022,1606773,"Asparagus","no"
NA,"World","Vegetables","Area harvested","ha",2023,1613070,"Asparagus","no"
NA,"World","Vegetables","Yield","kg/ha",1992,3732,"Asparagus","no"
NA,"World","Vegetables","Yield","kg/ha",1993,3866.8,"Asparagus","no"
NA,"World","Vegetables","Yield","kg/ha",1994,4084.1,"Asparagus","no"
NA,"World","Vegetables","Yield","kg/ha",1995,3971.7,"Asparagus","no"
NA,"World","Vegetables","Yield","kg/ha",1996,3989.7,"Asparagus","no"
NA,"World","Vegetables","Yield","kg/ha",1997,4146.3,"Asparagus","no"
NA,"World","Vegetables","Yield","kg/ha",1998,4199.8,"Asparagus","no"
NA,"World","Vegetables","Yield","kg/ha",1999,4264.8,"Asparagus","no"
NA,"World","Vegetables","Yield","kg/ha",2000,4357.7,"Asparagus","no"
NA,"World","Vegetables","Yield","kg/ha",2001,4451.4,"Asparagus","no"
NA,"World","Vegetables","Yield","kg/ha",2002,4799.9,"Asparagus","no"
NA,"World","Vegetables","Yield","kg/ha",2003,5091.4,"Asparagus","no"
NA,"World","Vegetables","Yield","kg/ha",2004,5069,"Asparagus","no"
NA,"World","Vegetables","Yield","kg/ha",2005,5108.5,"Asparagus","no"
NA,"World","Vegetables","Yield","kg/ha",2006,5137.4,"Asparagus","no"
NA,"World","Vegetables","Yield","kg/ha",2007,5073.5,"Asparagus","no"
NA,"World","Vegetables","Yield","kg/ha",2008,5108.4,"Asparagus","no"
NA,"World","Vegetables","Yield","kg/ha",2009,5196.4,"Asparagus","no"
NA,"World","Vegetables","Yield","kg/ha",2010,5248.1,"Asparagus","no"
NA,"World","Vegetables","Yield","kg/ha",2011,5630.6,"Asparagus","no"
NA,"World","Vegetables","Yield","kg/ha",2012,5583.4,"Asparagus","no"
NA,"World","Vegetables","Yield","kg/ha",2013,5422.1,"Asparagus","no"
NA,"World","Vegetables","Yield","kg/ha",2014,5397.2,"Asparagus","no"
NA,"World","Vegetables","Yield","kg/ha",2015,5680.9,"Asparagus","no"
NA,"World","Vegetables","Yield","kg/ha",2016,5291.2,"Asparagus","no"
NA,"World","Vegetables","Yield","kg/ha",2017,5448.1,"Asparagus","no"
NA,"World","Vegetables","Yield","kg/ha",2018,5501.4,"Asparagus","no"
NA,"World","Vegetables","Yield","kg/ha",2019,5548.4,"Asparagus","no"
NA,"World","Vegetables","Yield","kg/ha",2020,5403.9,"Asparagus","no"
NA,"World","Vegetables","Yield","kg/ha",2021,5394.8,"Asparagus","no"
NA,"World","Vegetables","Yield","kg/ha",2022,5387.8,"Asparagus","no"
NA,"World","Vegetables","Yield","kg/ha",2023,5327.6,"Asparagus","no"
NA,"World","Vegetables","Production","t",1992,2228651.58,"Asparagus","no"
NA,"World","Vegetables","Production","t",1993,2699509.54,"Asparagus","no"
NA,"World","Vegetables","Production","t",1994,2921779.89,"Asparagus","no"
NA,"World","Vegetables","Production","t",1995,3005813.03,"Asparagus","no"
NA,"World","Vegetables","Production","t",1996,3321796.34,"Asparagus","no"
NA,"World","Vegetables","Production","t",1997,3501494.53,"Asparagus","no"
NA,"World","Vegetables","Production","t",1998,3654790.74,"Asparagus","no"
NA,"World","Vegetables","Production","t",1999,3960944.41,"Asparagus","no"
NA,"World","Vegetables","Production","t",2000,4640819.28,"Asparagus","no"
NA,"World","Vegetables","Production","t",2001,4966941.74,"Asparagus","no"
NA,"World","Vegetables","Production","t",2002,5751719.03,"Asparagus","no"
NA,"World","Vegetables","Production","t",2003,6271953.38,"Asparagus","no"
NA,"World","Vegetables","Production","t",2004,6621192.04,"Asparagus","no"
NA,"World","Vegetables","Production","t",2005,6706236.9,"Asparagus","no"
NA,"World","Vegetables","Production","t",2006,6932564.91,"Asparagus","no"
NA,"World","Vegetables","Production","t",2007,7094036.33,"Asparagus","no"
NA,"World","Vegetables","Production","t",2008,7216644.32,"Asparagus","no"
NA,"World","Vegetables","Production","t",2009,7364717.59,"Asparagus","no"
NA,"World","Vegetables","Production","t",2010,7487630.97,"Asparagus","no"
NA,"World","Vegetables","Production","t",2011,8191163.66,"Asparagus","no"
NA,"World","Vegetables","Production","t",2012,8283095,"Asparagus","no"
NA,"World","Vegetables","Production","t",2013,7935796.26,"Asparagus","no"
NA,"World","Vegetables","Production","t",2014,7929445.74,"Asparagus","no"
NA,"World","Vegetables","Production","t",2015,8683909.21,"Asparagus","no"
NA,"World","Vegetables","Production","t",2016,8266567.51,"Asparagus","no"
NA,"World","Vegetables","Production","t",2017,8423167.34,"Asparagus","no"
NA,"World","Vegetables","Production","t",2018,8521289.38,"Asparagus","no"
NA,"World","Vegetables","Production","t",2019,8655291.03,"Asparagus","no"
NA,"World","Vegetables","Production","t",2020,8546052.19,"Asparagus","no"
NA,"World","Vegetables","Production","t",2021,8619775.21,"Asparagus","no"
NA,"World","Vegetables","Production","t",2022,8657044.36,"Asparagus","no"
NA,"World","Vegetables","Production","t",2023,8593799.26,"Asparagus","no"
NA,"World","Live animals","Stocks","An",1992,44226885,"Asses","no"
NA,"World","Live animals","Stocks","An",1993,42034843,"Asses","no"
NA,"World","Live animals","Stocks","An",1994,42311656,"Asses","no"
NA,"World","Live animals","Stocks","An",1995,42752382,"Asses","no"
NA,"World","Live animals","Stocks","An",1996,41863937,"Asses","no"
NA,"World","Live animals","Stocks","An",1997,40979463,"Asses","no"
NA,"World","Live animals","Stocks","An",1998,41202900,"Asses","no"
NA,"World","Live animals","Stocks","An",1999,41698086,"Asses","no"
NA,"World","Live animals","Stocks","An",2000,41500581,"Asses","no"
NA,"World","Live animals","Stocks","An",2001,41903648,"Asses","no"
NA,"World","Live animals","Stocks","An",2002,42489450,"Asses","no"
NA,"World","Live animals","Stocks","An",2003,42303649,"Asses","no"
NA,"World","Live animals","Stocks","An",2004,42222006,"Asses","no"
NA,"World","Live animals","Stocks","An",2005,42195531,"Asses","no"
NA,"World","Live animals","Stocks","An",2006,42506731,"Asses","no"
NA,"World","Live animals","Stocks","An",2007,42619969,"Asses","no"
NA,"World","Live animals","Stocks","An",2008,41698885,"Asses","no"
NA,"World","Live animals","Stocks","An",2009,40489967,"Asses","no"
NA,"World","Live animals","Stocks","An",2010,40123392,"Asses","no"
NA,"World","Live animals","Stocks","An",2011,40272954,"Asses","no"
NA,"World","Live animals","Stocks","An",2012,47355372,"Asses","no"
NA,"World","Live animals","Stocks","An",2013,47360336,"Asses","no"
NA,"World","Live animals","Stocks","An",2014,47764359,"Asses","no"
NA,"World","Live animals","Stocks","An",2015,50402033,"Asses","no"
NA,"World","Live animals","Stocks","An",2016,50851069,"Asses","no"
NA,"World","Live animals","Stocks","An",2017,50519259,"Asses","no"
NA,"World","Live animals","Stocks","An",2018,50878240,"Asses","no"
NA,"World","Live animals","Stocks","An",2019,51368965,"Asses","no"
NA,"World","Live animals","Stocks","An",2020,52751456,"Asses","no"
NA,"World","Live animals","Stocks","An",2021,52043266,"Asses","no"
NA,"World","Live animals","Stocks","An",2022,51463271,"Asses","no"
NA,"World","Live animals","Stocks","An",2023,52953585,"Asses","no"
NA,"World","Fruits and nuts","Area harvested","ha",1992,303494,"Avocados","no"
NA,"World","Fruits and nuts","Area harvested","ha",1993,288274,"Avocados","no"
NA,"World","Fruits and nuts","Area harvested","ha",1994,296854,"Avocados","no"
NA,"World","Fruits and nuts","Area harvested","ha",1995,294664,"Avocados","no"
NA,"World","Fruits and nuts","Area harvested","ha",1996,296486,"Avocados","no"
NA,"World","Fruits and nuts","Area harvested","ha",1997,275885,"Avocados","no"
NA,"World","Fruits and nuts","Area harvested","ha",1998,294716,"Avocados","no"
NA,"World","Fruits and nuts","Area harvested","ha",1999,307633,"Avocados","no"
NA,"World","Fruits and nuts","Area harvested","ha",2000,329358,"Avocados","no"
NA,"World","Fruits and nuts","Area harvested","ha",2001,322465,"Avocados","no"
NA,"World","Fruits and nuts","Area harvested","ha",2002,338756,"Avocados","no"
NA,"World","Fruits and nuts","Area harvested","ha",2003,354967,"Avocados","no"
NA,"World","Fruits and nuts","Area harvested","ha",2004,366842,"Avocados","no"
NA,"World","Fruits and nuts","Area harvested","ha",2005,372913,"Avocados","no"
NA,"World","Fruits and nuts","Area harvested","ha",2006,384781,"Avocados","no"
NA,"World","Fruits and nuts","Area harvested","ha",2007,401301,"Avocados","no"
NA,"World","Fruits and nuts","Area harvested","ha",2008,410738,"Avocados","no"
NA,"World","Fruits and nuts","Area harvested","ha",2009,427066,"Avocados","no"
NA,"World","Fruits and nuts","Area harvested","ha",2010,452272,"Avocados","no"
NA,"World","Fruits and nuts","Area harvested","ha",2011,467477,"Avocados","no"
NA,"World","Fruits and nuts","Area harvested","ha",2012,483539,"Avocados","no"
NA,"World","Fruits and nuts","Area harvested","ha",2013,521090,"Avocados","no"
NA,"World","Fruits and nuts","Area harvested","ha",2014,562060,"Avocados","no"
NA,"World","Fruits and nuts","Area harvested","ha",2015,608822,"Avocados","no"
NA,"World","Fruits and nuts","Area harvested","ha",2016,666379,"Avocados","no"
NA,"World","Fruits and nuts","Area harvested","ha",2017,674598,"Avocados","no"
NA,"World","Fruits and nuts","Area harvested","ha",2018,729957,"Avocados","no"
NA,"World","Fruits and nuts","Area harvested","ha",2019,752103,"Avocados","no"
NA,"World","Fruits and nuts","Area harvested","ha",2020,808348,"Avocados","no"
NA,"World","Fruits and nuts","Area harvested","ha",2021,851337,"Avocados","no"
NA,"World","Fruits and nuts","Area harvested","ha",2022,916537,"Avocados","no"
NA,"World","Fruits and nuts","Area harvested","ha",2023,954689,"Avocados","no"
NA,"World","Fruits and nuts","Yield","kg/ha",1992,7066.8,"Avocados","no"
NA,"World","Fruits and nuts","Yield","kg/ha",1993,6861,"Avocados","no"
NA,"World","Fruits and nuts","Yield","kg/ha",1994,7037.5,"Avocados","no"
NA,"World","Fruits and nuts","Yield","kg/ha",1995,7257.4,"Avocados","no"
NA,"World","Fruits and nuts","Yield","kg/ha",1996,7543.6,"Avocados","no"
NA,"World","Fruits and nuts","Yield","kg/ha",1997,7978.4,"Avocados","no"
NA,"World","Fruits and nuts","Yield","kg/ha",1998,8050.6,"Avocados","no"
NA,"World","Fruits and nuts","Yield","kg/ha",1999,8029.3,"Avocados","no"
NA,"World","Fruits and nuts","Yield","kg/ha",2000,8214.8,"Avocados","no"
NA,"World","Fruits and nuts","Yield","kg/ha",2001,8567,"Avocados","no"
NA,"World","Fruits and nuts","Yield","kg/ha",2002,8688.6,"Avocados","no"
NA,"World","Fruits and nuts","Yield","kg/ha",2003,8793.8,"Avocados","no"
NA,"World","Fruits and nuts","Yield","kg/ha",2004,8625.9,"Avocados","no"
NA,"World","Fruits and nuts","Yield","kg/ha",2005,8990.9,"Avocados","no"
NA,"World","Fruits and nuts","Yield","kg/ha",2006,9284.8,"Avocados","no"
NA,"World","Fruits and nuts","Yield","kg/ha",2007,8763.9,"Avocados","no"
NA,"World","Fruits and nuts","Yield","kg/ha",2008,8198.3,"Avocados","no"
NA,"World","Fruits and nuts","Yield","kg/ha",2009,8974,"Avocados","no"
NA,"World","Fruits and nuts","Yield","kg/ha",2010,8406,"Avocados","no"
NA,"World","Fruits and nuts","Yield","kg/ha",2011,8755,"Avocados","no"
NA,"World","Fruits and nuts","Yield","kg/ha",2012,8971.8,"Avocados","no"
NA,"World","Fruits and nuts","Yield","kg/ha",2013,8764,"Avocados","no"
NA,"World","Fruits and nuts","Yield","kg/ha",2014,9059.1,"Avocados","no"
NA,"World","Fruits and nuts","Yield","kg/ha",2015,9044.1,"Avocados","no"
NA,"World","Fruits and nuts","Yield","kg/ha",2016,9048.8,"Avocados","no"
NA,"World","Fruits and nuts","Yield","kg/ha",2017,9455.4,"Avocados","no"
NA,"World","Fruits and nuts","Yield","kg/ha",2018,9429.4,"Avocados","no"
NA,"World","Fruits and nuts","Yield","kg/ha",2019,9669.3,"Avocados","no"
NA,"World","Fruits and nuts","Yield","kg/ha",2020,10183.5,"Avocados","no"
NA,"World","Fruits and nuts","Yield","kg/ha",2021,10346.3,"Avocados","no"
NA,"World","Fruits and nuts","Yield","kg/ha",2022,10403.1,"Avocados","no"
NA,"World","Fruits and nuts","Yield","kg/ha",2023,10963.3,"Avocados","no"
NA,"World","Fruits and nuts","Production","t",1992,2144738.44,"Avocados","no"
NA,"World","Fruits and nuts","Production","t",1993,1977851.12,"Avocados","no"
NA,"World","Fruits and nuts","Production","t",1994,2089121.13,"Avocados","no"
NA,"World","Fruits and nuts","Production","t",1995,2138499.3,"Avocados","no"
NA,"World","Fruits and nuts","Production","t",1996,2236581.5,"Avocados","no"
NA,"World","Fruits and nuts","Production","t",1997,2201120.03,"Avocados","no"
NA,"World","Fruits and nuts","Production","t",1998,2372649.61,"Avocados","no"
NA,"World","Fruits and nuts","Production","t",1999,2470079.92,"Avocados","no"
NA,"World","Fruits and nuts","Production","t",2000,2705626.78,"Avocados","no"
NA,"World","Fruits and nuts","Production","t",2001,2762554.38,"Avocados","no"
NA,"World","Fruits and nuts","Production","t",2002,2943305.67,"Avocados","no"
NA,"World","Fruits and nuts","Production","t",2003,3121498.33,"Avocados","no"
NA,"World","Fruits and nuts","Production","t",2004,3164334.91,"Avocados","no"
NA,"World","Fruits and nuts","Production","t",2005,3352809.31,"Avocados","no"
NA,"World","Fruits and nuts","Production","t",2006,3572593.26,"Avocados","no"
NA,"World","Fruits and nuts","Production","t",2007,3516967.56,"Avocados","no"
NA,"World","Fruits and nuts","Production","t",2008,3367358.28,"Avocados","no"
NA,"World","Fruits and nuts","Production","t",2009,3832478.31,"Avocados","no"
NA,"World","Fruits and nuts","Production","t",2010,3801778.4,"Avocados","no"
NA,"World","Fruits and nuts","Production","t",2011,4092747.23,"Avocados","no"
NA,"World","Fruits and nuts","Production","t",2012,4338207.41,"Avocados","no"
NA,"World","Fruits and nuts","Production","t",2013,4566843.53,"Avocados","no"
NA,"World","Fruits and nuts","Production","t",2014,5091783.82,"Avocados","no"
NA,"World","Fruits and nuts","Production","t",2015,5506251.37,"Avocados","no"
NA,"World","Fruits and nuts","Production","t",2016,6029954.01,"Avocados","no"
NA,"World","Fruits and nuts","Production","t",2017,6378617.23,"Avocados","no"
NA,"World","Fruits and nuts","Production","t",2018,6883084.01,"Avocados","no"
NA,"World","Fruits and nuts","Production","t",2019,7272277.55,"Avocados","no"
NA,"World","Fruits and nuts","Production","t",2020,8231790.32,"Avocados","no"
NA,"World","Fruits and nuts","Production","t",2021,8808196.95,"Avocados","no"
NA,"World","Fruits and nuts","Production","t",2022,9534798.17,"Avocados","no"
NA,"World","Fruits and nuts","Production","t",2023,10466560.04,"Avocados","no"
NA,"World","Non-wood forest products","Production","t",1992,NA,"Balata, gutta-percha, guayule, chicle and similar natural gums in primary forms or in plates, sheets or strip","no"
NA,"World","Non-wood forest products","Production","t",1993,NA,"Balata, gutta-percha, guayule, chicle and similar natural gums in primary forms or in plates, sheets or strip","no"
NA,"World","Non-wood forest products","Production","t",1994,NA,"Balata, gutta-percha, guayule, chicle and similar natural gums in primary forms or in plates, sheets or strip","no"
NA,"World","Non-wood forest products","Production","t",1995,NA,"Balata, gutta-percha, guayule, chicle and similar natural gums in primary forms or in plates, sheets or strip","no"
NA,"World","Non-wood forest products","Production","t",1996,NA,"Balata, gutta-percha, guayule, chicle and similar natural gums in primary forms or in plates, sheets or strip","no"
NA,"World","Non-wood forest products","Production","t",1997,NA,"Balata, gutta-percha, guayule, chicle and similar natural gums in primary forms or in plates, sheets or strip","no"
NA,"World","Non-wood forest products","Production","t",1998,NA,"Balata, gutta-percha, guayule, chicle and similar natural gums in primary forms or in plates, sheets or strip","no"
NA,"World","Non-wood forest products","Production","t",1999,NA,"Balata, gutta-percha, guayule, chicle and similar natural gums in primary forms or in plates, sheets or strip","no"
NA,"World","Non-wood forest products","Production","t",2000,NA,"Balata, gutta-percha, guayule, chicle and similar natural gums in primary forms or in plates, sheets or strip","no"
NA,"World","Non-wood forest products","Production","t",2001,NA,"Balata, gutta-percha, guayule, chicle and similar natural gums in primary forms or in plates, sheets or strip","no"
NA,"World","Non-wood forest products","Production","t",2002,NA,"Balata, gutta-percha, guayule, chicle and similar natural gums in primary forms or in plates, sheets or strip","no"
NA,"World","Non-wood forest products","Production","t",2003,NA,"Balata, gutta-percha, guayule, chicle and similar natural gums in primary forms or in plates, sheets or strip","no"
NA,"World","Non-wood forest products","Production","t",2004,NA,"Balata, gutta-percha, guayule, chicle and similar natural gums in primary forms or in plates, sheets or strip","no"
NA,"World","Non-wood forest products","Production","t",2005,NA,"Balata, gutta-percha, guayule, chicle and similar natural gums in primary forms or in plates, sheets or strip","no"
NA,"World","Non-wood forest products","Production","t",2006,NA,"Balata, gutta-percha, guayule, chicle and similar natural gums in primary forms or in plates, sheets or strip","no"
NA,"World","Non-wood forest products","Production","t",2007,NA,"Balata, gutta-percha, guayule, chicle and similar natural gums in primary forms or in plates, sheets or strip","no"
NA,"World","Non-wood forest products","Production","t",2008,NA,"Balata, gutta-percha, guayule, chicle and similar natural gums in primary forms or in plates, sheets or strip","no"
NA,"World","Non-wood forest products","Production","t",2009,NA,"Balata, gutta-percha, guayule, chicle and similar natural gums in primary forms or in plates, sheets or strip","no"
NA,"World","Non-wood forest products","Production","t",2010,NA,"Balata, gutta-percha, guayule, chicle and similar natural gums in primary forms or in plates, sheets or strip","no"
NA,"World","Non-wood forest products","Production","t",2011,NA,"Balata, gutta-percha, guayule, chicle and similar natural gums in primary forms or in plates, sheets or strip","no"
NA,"World","Non-wood forest products","Production","t",2012,NA,"Balata, gutta-percha, guayule, chicle and similar natural gums in primary forms or in plates, sheets or strip","no"
NA,"World","Non-wood forest products","Production","t",2013,NA,"Balata, gutta-percha, guayule, chicle and similar natural gums in primary forms or in plates, sheets or strip","no"
NA,"World","Non-wood forest products","Production","t",2014,NA,"Balata, gutta-percha, guayule, chicle and similar natural gums in primary forms or in plates, sheets or strip","no"
NA,"World","Non-wood forest products","Production","t",2015,NA,"Balata, gutta-percha, guayule, chicle and similar natural gums in primary forms or in plates, sheets or strip","no"
NA,"World","Non-wood forest products","Production","t",2016,NA,"Balata, gutta-percha, guayule, chicle and similar natural gums in primary forms or in plates, sheets or strip","no"
NA,"World","Non-wood forest products","Production","t",2017,NA,"Balata, gutta-percha, guayule, chicle and similar natural gums in primary forms or in plates, sheets or strip","no"
NA,"World","Non-wood forest products","Production","t",2018,NA,"Balata, gutta-percha, guayule, chicle and similar natural gums in primary forms or in plates, sheets or strip","no"
NA,"World","Non-wood forest products","Production","t",2019,NA,"Balata, gutta-percha, guayule, chicle and similar natural gums in primary forms or in plates, sheets or strip","no"
NA,"World","Non-wood forest products","Production","t",2020,NA,"Balata, gutta-percha, guayule, chicle and similar natural gums in primary forms or in plates, sheets or strip","no"
NA,"World","Non-wood forest products","Production","t",2021,NA,"Balata, gutta-percha, guayule, chicle and similar natural gums in primary forms or in plates, sheets or strip","no"
NA,"World","Non-wood forest products","Production","t",2022,NA,"Balata, gutta-percha, guayule, chicle and similar natural gums in primary forms or in plates, sheets or strip","no"
NA,"World","Non-wood forest products","Production","t",2023,NA,"Balata, gutta-percha, guayule, chicle and similar natural gums in primary forms or in plates, sheets or strip","no"
NA,"World","Pulses (dried leguminous vegetables)","Area harvested","ha",1992,123742,"Bambara beans, dry","no"
NA,"World","Pulses (dried leguminous vegetables)","Area harvested","ha",1993,124009,"Bambara beans, dry","no"
NA,"World","Pulses (dried leguminous vegetables)","Area harvested","ha",1994,151039,"Bambara beans, dry","no"
NA,"World","Pulses (dried leguminous vegetables)","Area harvested","ha",1995,116100,"Bambara beans, dry","no"
NA,"World","Pulses (dried leguminous vegetables)","Area harvested","ha",1996,130676,"Bambara beans, dry","no"
NA,"World","Pulses (dried leguminous vegetables)","Area harvested","ha",1997,110201,"Bambara beans, dry","no"
NA,"World","Pulses (dried leguminous vegetables)","Area harvested","ha",1998,91653,"Bambara beans, dry","no"
NA,"World","Pulses (dried leguminous vegetables)","Area harvested","ha",1999,101781,"Bambara beans, dry","no"
NA,"World","Pulses (dried leguminous vegetables)","Area harvested","ha",2000,94207,"Bambara beans, dry","no"
NA,"World","Pulses (dried leguminous vegetables)","Area harvested","ha",2001,100573,"Bambara beans, dry","no"
NA,"World","Pulses (dried leguminous vegetables)","Area harvested","ha",2002,126369,"Bambara beans, dry","no"
NA,"World","Pulses (dried leguminous vegetables)","Area harvested","ha",2003,139325,"Bambara beans, dry","no"
NA,"World","Pulses (dried leguminous vegetables)","Area harvested","ha",2004,120807,"Bambara beans, dry","no"
NA,"World","Pulses (dried leguminous vegetables)","Area harvested","ha",2005,136711,"Bambara beans, dry","no"
NA,"World","Pulses (dried leguminous vegetables)","Area harvested","ha",2006,147004,"Bambara beans, dry","no"
NA,"World","Pulses (dried leguminous vegetables)","Area harvested","ha",2007,161331,"Bambara beans, dry","no"
NA,"World","Pulses (dried leguminous vegetables)","Area harvested","ha",2008,199935,"Bambara beans, dry","no"
NA,"World","Pulses (dried leguminous vegetables)","Area harvested","ha",2009,217775,"Bambara beans, dry","no"
NA,"World","Pulses (dried leguminous vegetables)","Area harvested","ha",2010,213197,"Bambara beans, dry","no"
NA,"World","Pulses (dried leguminous vegetables)","Area harvested","ha",2011,214889,"Bambara beans, dry","no"
NA,"World","Pulses (dried leguminous vegetables)","Area harvested","ha",2012,299008,"Bambara beans, dry","no"
NA,"World","Pulses (dried leguminous vegetables)","Area harvested","ha",2013,325839,"Bambara beans, dry","no"
NA,"World","Pulses (dried leguminous vegetables)","Area harvested","ha",2014,328472,"Bambara beans, dry","no"
NA,"World","Pulses (dried leguminous vegetables)","Area harvested","ha",2015,342882,"Bambara beans, dry","no"
NA,"World","Pulses (dried leguminous vegetables)","Area harvested","ha",2016,349142,"Bambara beans, dry","no"
NA,"World","Pulses (dried leguminous vegetables)","Area harvested","ha",2017,374360,"Bambara beans, dry","no"
NA,"World","Pulses (dried leguminous vegetables)","Area harvested","ha",2018,367579,"Bambara beans, dry","no"
NA,"World","Pulses (dried leguminous vegetables)","Area harvested","ha",2019,390355,"Bambara beans, dry","no"
NA,"World","Pulses (dried leguminous vegetables)","Area harvested","ha",2020,389863,"Bambara beans, dry","no"
NA,"World","Pulses (dried leguminous vegetables)","Area harvested","ha",2021,385365,"Bambara beans, dry","no"
NA,"World","Pulses (dried leguminous vegetables)","Area harvested","ha",2022,438912,"Bambara beans, dry","no"
NA,"World","Pulses (dried leguminous vegetables)","Area harvested","ha",2023,461866,"Bambara beans, dry","no"
NA,"World","Pulses (dried leguminous vegetables)","Yield","kg/ha",1992,662.5,"Bambara beans, dry","no"
NA,"World","Pulses (dried leguminous vegetables)","Yield","kg/ha",1993,737.6,"Bambara beans, dry","no"
NA,"World","Pulses (dried leguminous vegetables)","Yield","kg/ha",1994,650.1,"Bambara beans, dry","no"
NA,"World","Pulses (dried leguminous vegetables)","Yield","kg/ha",1995,1123.9,"Bambara beans, dry","no"
NA,"World","Pulses (dried leguminous vegetables)","Yield","kg/ha",1996,796.6,"Bambara beans, dry","no"
NA,"World","Pulses (dried leguminous vegetables)","Yield","kg/ha",1997,603.3,"Bambara beans, dry","no"
NA,"World","Pulses (dried leguminous vegetables)","Yield","kg/ha",1998,824.9,"Bambara beans, dry","no"
NA,"World","Pulses (dried leguminous vegetables)","Yield","kg/ha",1999,860.9,"Bambara beans, dry","no"
NA,"World","Pulses (dried leguminous vegetables)","Yield","kg/ha",2000,714.6,"Bambara beans, dry","no"
NA,"World","Pulses (dried leguminous vegetables)","Yield","kg/ha",2001,788.5,"Bambara beans, dry","no"
NA,"World","Pulses (dried leguminous vegetables)","Yield","kg/ha",2002,702.7,"Bambara beans, dry","no"
NA,"World","Pulses (dried leguminous vegetables)","Yield","kg/ha",2003,693,"Bambara beans, dry","no"
NA,"World","Pulses (dried leguminous vegetables)","Yield","kg/ha",2004,649.9,"Bambara beans, dry","no"
NA,"World","Pulses (dried leguminous vegetables)","Yield","kg/ha",2005,749.5,"Bambara beans, dry","no"
NA,"World","Pulses (dried leguminous vegetables)","Yield","kg/ha",2006,730.6,"Bambara beans, dry","no"
NA,"World","Pulses (dried leguminous vegetables)","Yield","kg/ha",2007,669.5,"Bambara beans, dry","no"
NA,"World","Pulses (dried leguminous vegetables)","Yield","kg/ha",2008,720,"Bambara beans, dry","no"
NA,"World","Pulses (dried leguminous vegetables)","Yield","kg/ha",2009,681.1,"Bambara beans, dry","no"
NA,"World","Pulses (dried leguminous vegetables)","Yield","kg/ha",2010,770.9,"Bambara beans, dry","no"
NA,"World","Pulses (dried leguminous vegetables)","Yield","kg/ha",2011,697.5,"Bambara beans, dry","no"
NA,"World","Pulses (dried leguminous vegetables)","Yield","kg/ha",2012,627.5,"Bambara beans, dry","no"
NA,"World","Pulses (dried leguminous vegetables)","Yield","kg/ha",2013,579.9,"Bambara beans, dry","no"
NA,"World","Pulses (dried leguminous vegetables)","Yield","kg/ha",2014,613.5,"Bambara beans, dry","no"
NA,"World","Pulses (dried leguminous vegetables)","Yield","kg/ha",2015,604.9,"Bambara beans, dry","no"
NA,"World","Pulses (dried leguminous vegetables)","Yield","kg/ha",2016,595.6,"Bambara beans, dry","no"
NA,"World","Pulses (dried leguminous vegetables)","Yield","kg/ha",2017,581.9,"Bambara beans, dry","no"
NA,"World","Pulses (dried leguminous vegetables)","Yield","kg/ha",2018,649.7,"Bambara beans, dry","no"
NA,"World","Pulses (dried leguminous vegetables)","Yield","kg/ha",2019,616.7,"Bambara beans, dry","no"
NA,"World","Pulses (dried leguminous vegetables)","Yield","kg/ha",2020,684.9,"Bambara beans, dry","no"
NA,"World","Pulses (dried leguminous vegetables)","Yield","kg/ha",2021,608.7,"Bambara beans, dry","no"
NA,"World","Pulses (dried leguminous vegetables)","Yield","kg/ha",2022,627.2,"Bambara beans, dry","no"
NA,"World","Pulses (dried leguminous vegetables)","Yield","kg/ha",2023,596.6,"Bambara beans, dry","no"
NA,"World","Pulses (dried leguminous vegetables)","Production","t",1992,81985,"Bambara beans, dry","no"
NA,"World","Pulses (dried leguminous vegetables)","Production","t",1993,91475,"Bambara beans, dry","no"
NA,"World","Pulses (dried leguminous vegetables)","Production","t",1994,98198,"Bambara beans, dry","no"
NA,"World","Pulses (dried leguminous vegetables)","Production","t",1995,130490,"Bambara beans, dry","no"
NA,"World","Pulses (dried leguminous vegetables)","Production","t",1996,104092,"Bambara beans, dry","no"
NA,"World","Pulses (dried leguminous vegetables)","Production","t",1997,66485,"Bambara beans, dry","no"
NA,"World","Pulses (dried leguminous vegetables)","Production","t",1998,75606,"Bambara beans, dry","no"
NA,"World","Pulses (dried leguminous vegetables)","Production","t",1999,87620,"Bambara beans, dry","no"
NA,"World","Pulses (dried leguminous vegetables)","Production","t",2000,67321,"Bambara beans, dry","no"
NA,"World","Pulses (dried leguminous vegetables)","Production","t",2001,79306,"Bambara beans, dry","no"
NA,"World","Pulses (dried leguminous vegetables)","Production","t",2002,88801.2,"Bambara beans, dry","no"
NA,"World","Pulses (dried leguminous vegetables)","Production","t",2003,96557,"Bambara beans, dry","no"
NA,"World","Pulses (dried leguminous vegetables)","Production","t",2004,78514,"Bambara beans, dry","no"
NA,"World","Pulses (dried leguminous vegetables)","Production","t",2005,102461.55,"Bambara beans, dry","no"
NA,"World","Pulses (dried leguminous vegetables)","Production","t",2006,107397,"Bambara beans, dry","no"
NA,"World","Pulses (dried leguminous vegetables)","Production","t",2007,108015.63,"Bambara beans, dry","no"
NA,"World","Pulses (dried leguminous vegetables)","Production","t",2008,143954,"Bambara beans, dry","no"
NA,"World","Pulses (dried leguminous vegetables)","Production","t",2009,148336.57,"Bambara beans, dry","no"
NA,"World","Pulses (dried leguminous vegetables)","Production","t",2010,164364,"Bambara beans, dry","no"
NA,"World","Pulses (dried leguminous vegetables)","Production","t",2011,149879.27,"Bambara beans, dry","no"
NA,"World","Pulses (dried leguminous vegetables)","Production","t",2012,187618.65,"Bambara beans, dry","no"
NA,"World","Pulses (dried leguminous vegetables)","Production","t",2013,188969.45,"Bambara beans, dry","no"
NA,"World","Pulses (dried leguminous vegetables)","Production","t",2014,201533.62,"Bambara beans, dry","no"
NA,"World","Pulses (dried leguminous vegetables)","Production","t",2015,207408.75,"Bambara beans, dry","no"
NA,"World","Pulses (dried leguminous vegetables)","Production","t",2016,207948.22,"Bambara beans, dry","no"
NA,"World","Pulses (dried leguminous vegetables)","Production","t",2017,217828.06,"Bambara beans, dry","no"
NA,"World","Pulses (dried leguminous vegetables)","Production","t",2018,238811.27,"Bambara beans, dry","no"
NA,"World","Pulses (dried leguminous vegetables)","Production","t",2019,240748.15,"Bambara beans, dry","no"
NA,"World","Pulses (dried leguminous vegetables)","Production","t",2020,267035.67,"Bambara beans, dry","no"
NA,"World","Pulses (dried leguminous vegetables)","Production","t",2021,234583.91,"Bambara beans, dry","no"
NA,"World","Pulses (dried leguminous vegetables)","Production","t",2022,275287.42,"Bambara beans, dry","no"
NA,"World","Pulses (dried leguminous vegetables)","Production","t",2023,275559.42,"Bambara beans, dry","no"
NA,"World","Fruits and nuts","Area harvested","ha",1992,3992921,"Bananas","no"
NA,"World","Fruits and nuts","Area harvested","ha",1993,3837980,"Bananas","no"
NA,"World","Fruits and nuts","Area harvested","ha",1994,3665941,"Bananas","no"
NA,"World","Fruits and nuts","Area harvested","ha",1995,3723159,"Bananas","no"
NA,"World","Fruits and nuts","Area harvested","ha",1996,3802238,"Bananas","no"
NA,"World","Fruits and nuts","Area harvested","ha",1997,4112715,"Bananas","no"
NA,"World","Fruits and nuts","Area harvested","ha",1998,4236789,"Bananas","no"
NA,"World","Fruits and nuts","Area harvested","ha",1999,4293189,"Bananas","no"
NA,"World","Fruits and nuts","Area harvested","ha",2000,4411226,"Bananas","no"
NA,"World","Fruits and nuts","Area harvested","ha",2001,4394968,"Bananas","no"
NA,"World","Fruits and nuts","Area harvested","ha",2002,4481831,"Bananas","no"
NA,"World","Fruits and nuts","Area harvested","ha",2003,4614171,"Bananas","no"
NA,"World","Fruits and nuts","Area harvested","ha",2004,4643601,"Bananas","no"
NA,"World","Fruits and nuts","Area harvested","ha",2005,4641090,"Bananas","no"
NA,"World","Fruits and nuts","Area harvested","ha",2006,4898334,"Bananas","no"
NA,"World","Fruits and nuts","Area harvested","ha",2007,4892946,"Bananas","no"
NA,"World","Fruits and nuts","Area harvested","ha",2008,5001459,"Bananas","no"
NA,"World","Fruits and nuts","Area harvested","ha",2009,5146139,"Bananas","no"
NA,"World","Fruits and nuts","Area harvested","ha",2010,5500920,"Bananas","no"
NA,"World","Fruits and nuts","Area harvested","ha",2011,5592813,"Bananas","no"
NA,"World","Fruits and nuts","Area harvested","ha",2012,5390127,"Bananas","no"
NA,"World","Fruits and nuts","Area harvested","ha",2013,5427385,"Bananas","no"
NA,"World","Fruits and nuts","Area harvested","ha",2014,5250873,"Bananas","no"
NA,"World","Fruits and nuts","Area harvested","ha",2015,5350617,"Bananas","no"
NA,"World","Fruits and nuts","Area harvested","ha",2016,5199281,"Bananas","no"
NA,"World","Fruits and nuts","Area harvested","ha",2017,5073555,"Bananas","no"
NA,"World","Fruits and nuts","Area harvested","ha",2018,5014951,"Bananas","no"
NA,"World","Fruits and nuts","Area harvested","ha",2019,5033416,"Bananas","no"
NA,"World","Fruits and nuts","Area harvested","ha",2020,5597221,"Bananas","no"
NA,"World","Fruits and nuts","Area harvested","ha",2021,5822381,"Bananas","no"
NA,"World","Fruits and nuts","Area harvested","ha",2022,5917437,"Bananas","no"
NA,"World","Fruits and nuts","Area harvested","ha",2023,5973253,"Bananas","no"
NA,"World","Fruits and nuts","Yield","kg/ha",1992,13786.1,"Bananas","no"
NA,"World","Fruits and nuts","Yield","kg/ha",1993,14512.3,"Bananas","no"
NA,"World","Fruits and nuts","Yield","kg/ha",1994,15661.9,"Bananas","no"
NA,"World","Fruits and nuts","Yield","kg/ha",1995,15594.1,"Bananas","no"
NA,"World","Fruits and nuts","Yield","kg/ha",1996,14995.3,"Bananas","no"
NA,"World","Fruits and nuts","Yield","kg/ha",1997,15014.5,"Bananas","no"
NA,"World","Fruits and nuts","Yield","kg/ha",1998,15095.9,"Bananas","no"
NA,"World","Fruits and nuts","Yield","kg/ha",1999,16091.2,"Bananas","no"
NA,"World","Fruits and nuts","Yield","kg/ha",2000,15023,"Bananas","no"
NA,"World","Fruits and nuts","Yield","kg/ha",2001,15719.4,"Bananas","no"
NA,"World","Fruits and nuts","Yield","kg/ha",2002,16044,"Bananas","no"
NA,"World","Fruits and nuts","Yield","kg/ha",2003,16048.2,"Bananas","no"
NA,"World","Fruits and nuts","Yield","kg/ha",2004,16895.3,"Bananas","no"
NA,"World","Fruits and nuts","Yield","kg/ha",2005,17830.9,"Bananas","no"
NA,"World","Fruits and nuts","Yield","kg/ha",2006,17907.4,"Bananas","no"
NA,"World","Fruits and nuts","Yield","kg/ha",2007,19063,"Bananas","no"
NA,"World","Fruits and nuts","Yield","kg/ha",2008,19520,"Bananas","no"
NA,"World","Fruits and nuts","Yield","kg/ha",2009,19793.1,"Bananas","no"
NA,"World","Fruits and nuts","Yield","kg/ha",2010,19894.4,"Bananas","no"
NA,"World","Fruits and nuts","Yield","kg/ha",2011,19668.9,"Bananas","no"
NA,"World","Fruits and nuts","Yield","kg/ha",2012,20157.5,"Bananas","no"
NA,"World","Fruits and nuts","Yield","kg/ha",2013,20588.4,"Bananas","no"
NA,"World","Fruits and nuts","Yield","kg/ha",2014,21327.7,"Bananas","no"
NA,"World","Fruits and nuts","Yield","kg/ha",2015,21279.6,"Bananas","no"
NA,"World","Fruits and nuts","Yield","kg/ha",2016,21356.8,"Bananas","no"
NA,"World","Fruits and nuts","Yield","kg/ha",2017,22304.4,"Bananas","no"
NA,"World","Fruits and nuts","Yield","kg/ha",2018,23363.8,"Bananas","no"
NA,"World","Fruits and nuts","Yield","kg/ha",2019,23312.7,"Bananas","no"
NA,"World","Fruits and nuts","Yield","kg/ha",2020,22591.8,"Bananas","no"
NA,"World","Fruits and nuts","Yield","kg/ha",2021,22728.2,"Bananas","no"
NA,"World","Fruits and nuts","Yield","kg/ha",2022,22899.3,"Bananas","no"
NA,"World","Fruits and nuts","Yield","kg/ha",2023,23316.9,"Bananas","no"
NA,"World","Fruits and nuts","Production","t",1992,55047010.18,"Bananas","no"
NA,"World","Fruits and nuts","Production","t",1993,55697729.1,"Bananas","no"
NA,"World","Fruits and nuts","Production","t",1994,57415566.97,"Bananas","no"
NA,"World","Fruits and nuts","Production","t",1995,58059329.21,"Bananas","no"
NA,"World","Fruits and nuts","Production","t",1996,57015594.66,"Bananas","no"
NA,"World","Fruits and nuts","Production","t",1997,61750313.56,"Bananas","no"
NA,"World","Fruits and nuts","Production","t",1998,63958071.55,"Bananas","no"
NA,"World","Fruits and nuts","Production","t",1999,69082633.67,"Bananas","no"
NA,"World","Fruits and nuts","Production","t",2000,66270002.44,"Bananas","no"
NA,"World","Fruits and nuts","Production","t",2001,69086062.25,"Bananas","no"
NA,"World","Fruits and nuts","Production","t",2002,71906611.61,"Bananas","no"
NA,"World","Fruits and nuts","Production","t",2003,74049202.57,"Bananas","no"
NA,"World","Fruits and nuts","Production","t",2004,78454832.34,"Bananas","no"
NA,"World","Fruits and nuts","Production","t",2005,82754814.28,"Bananas","no"
NA,"World","Fruits and nuts","Production","t",2006,87716340.24,"Bananas","no"
NA,"World","Fruits and nuts","Production","t",2007,93274419.6,"Bananas","no"
NA,"World","Fruits and nuts","Production","t",2008,97628379.43,"Bananas","no"
NA,"World","Fruits and nuts","Production","t",2009,101857799.02,"Bananas","no"
NA,"World","Fruits and nuts","Production","t",2010,109437280.41,"Bananas","no"
NA,"World","Fruits and nuts","Production","t",2011,110004623.93,"Bananas","no"
NA,"World","Fruits and nuts","Production","t",2012,108651362.5,"Bananas","no"
NA,"World","Fruits and nuts","Production","t",2013,111741302.43,"Bananas","no"
NA,"World","Fruits and nuts","Production","t",2014,111989038.2,"Bananas","no"
NA,"World","Fruits and nuts","Production","t",2015,113858794.02,"Bananas","no"
NA,"World","Fruits and nuts","Production","t",2016,111039786.82,"Bananas","no"
NA,"World","Fruits and nuts","Production","t",2017,113162382.16,"Bananas","no"
NA,"World","Fruits and nuts","Production","t",2018,117168226.31,"Bananas","no"
NA,"World","Fruits and nuts","Production","t",2019,117342463.75,"Bananas","no"
NA,"World","Fruits and nuts","Production","t",2020,126451453.19,"Bananas","no"
NA,"World","Fruits and nuts","Production","t",2021,132332032.54,"Bananas","no"
NA,"World","Fruits and nuts","Production","t",2022,135505239.34,"Bananas","no"
NA,"World","Fruits and nuts","Production","t",2023,139277894.61,"Bananas","no"
NA,"World","Cereals","Area harvested","ha",1992,73028073,"Barley","no"
NA,"World","Cereals","Area harvested","ha",1993,73619995,"Barley","no"
NA,"World","Cereals","Area harvested","ha",1994,73139800,"Barley","no"
NA,"World","Cereals","Area harvested","ha",1995,67370622,"Barley","no"
NA,"World","Cereals","Area harvested","ha",1996,65370398,"Barley","no"
NA,"World","Cereals","Area harvested","ha",1997,63046187,"Barley","no"
NA,"World","Cereals","Area harvested","ha",1998,57009834,"Barley","no"
NA,"World","Cereals","Area harvested","ha",1999,53768052,"Barley","no"
NA,"World","Cereals","Area harvested","ha",2000,53543815,"Barley","no"
NA,"World","Cereals","Area harvested","ha",2001,55811556,"Barley","no"
NA,"World","Cereals","Area harvested","ha",2002,55123030,"Barley","no"
NA,"World","Cereals","Area harvested","ha",2003,57489559,"Barley","no"
NA,"World","Cereals","Area harvested","ha",2004,57374212,"Barley","no"
NA,"World","Cereals","Area harvested","ha",2005,55563777,"Barley","no"
NA,"World","Cereals","Area harvested","ha",2006,56565903,"Barley","no"
NA,"World","Cereals","Area harvested","ha",2007,55019041,"Barley","no"
NA,"World","Cereals","Area harvested","ha",2008,55307971,"Barley","no"
NA,"World","Cereals","Area harvested","ha",2009,54608316,"Barley","no"
NA,"World","Cereals","Area harvested","ha",2010,47586783,"Barley","no"
NA,"World","Cereals","Area harvested","ha",2011,48607515,"Barley","no"
NA,"World","Cereals","Area harvested","ha",2012,50049962,"Barley","no"
NA,"World","Cereals","Area harvested","ha",2013,50012050,"Barley","no"
NA,"World","Cereals","Area harvested","ha",2014,49931707,"Barley","no"
NA,"World","Cereals","Area harvested","ha",2015,49049425,"Barley","no"
NA,"World","Cereals","Area harvested","ha",2016,48207088,"Barley","no"
NA,"World","Cereals","Area harvested","ha",2017,47584771,"Barley","no"
NA,"World","Cereals","Area harvested","ha",2018,47640701,"Barley","no"
NA,"World","Cereals","Area harvested","ha",2019,50659368,"Barley","no"
NA,"World","Cereals","Area harvested","ha",2020,51420715,"Barley","no"
NA,"World","Cereals","Area harvested","ha",2021,47956561,"Barley","no"
NA,"World","Cereals","Area harvested","ha",2022,47222096,"Barley","no"
NA,"World","Cereals","Area harvested","ha",2023,46254750,"Barley","no"
NA,"World","Cereals","Yield","kg/ha",1992,2254.7,"Barley","no"
NA,"World","Cereals","Yield","kg/ha",1993,2285.6,"Barley","no"
NA,"World","Cereals","Yield","kg/ha",1994,2252.8,"Barley","no"
NA,"World","Cereals","Yield","kg/ha",1995,2045.5,"Barley","no"
NA,"World","Cereals","Yield","kg/ha",1996,2357.9,"Barley","no"
NA,"World","Cereals","Yield","kg/ha",1997,2451.6,"Barley","no"
NA,"World","Cereals","Yield","kg/ha",1998,2418.9,"Barley","no"
NA,"World","Cereals","Yield","kg/ha",1999,2399.6,"Barley","no"
NA,"World","Cereals","Yield","kg/ha",2000,2454.2,"Barley","no"
NA,"World","Cereals","Yield","kg/ha",2001,2519,"Barley","no"
NA,"World","Cereals","Yield","kg/ha",2002,2558.3,"Barley","no"
NA,"World","Cereals","Yield","kg/ha",2003,2375,"Barley","no"
NA,"World","Cereals","Yield","kg/ha",2004,2723.6,"Barley","no"
NA,"World","Cereals","Yield","kg/ha",2005,2460.9,"Barley","no"
NA,"World","Cereals","Yield","kg/ha",2006,2554.6,"Barley","no"
NA,"World","Cereals","Yield","kg/ha",2007,2387.5,"Barley","no"
NA,"World","Cereals","Yield","kg/ha",2008,2785.7,"Barley","no"
NA,"World","Cereals","Yield","kg/ha",2009,2764.4,"Barley","no"
NA,"World","Cereals","Yield","kg/ha",2010,2594.4,"Barley","no"
NA,"World","Cereals","Yield","kg/ha",2011,2733.7,"Barley","no"
NA,"World","Cereals","Yield","kg/ha",2012,2645.6,"Barley","no"
NA,"World","Cereals","Yield","kg/ha",2013,2873,"Barley","no"
NA,"World","Cereals","Yield","kg/ha",2014,2909.9,"Barley","no"
NA,"World","Cereals","Yield","kg/ha",2015,3024.9,"Barley","no"
NA,"World","Cereals","Yield","kg/ha",2016,3030.7,"Barley","no"
NA,"World","Cereals","Yield","kg/ha",2017,3125.2,"Barley","no"
NA,"World","Cereals","Yield","kg/ha",2018,2964,"Barley","no"
NA,"World","Cereals","Yield","kg/ha",2019,3133,"Barley","no"
NA,"World","Cereals","Yield","kg/ha",2020,3068.2,"Barley","no"
NA,"World","Cereals","Yield","kg/ha",2021,3028.6,"Barley","no"
NA,"World","Cereals","Yield","kg/ha",2022,3274.6,"Barley","no"
NA,"World","Cereals","Yield","kg/ha",2023,3151.2,"Barley","no"
NA,"World","Cereals","Production","t",1992,164658619.17,"Barley","no"
NA,"World","Cereals","Production","t",1993,168263649.18,"Barley","no"
NA,"World","Cereals","Production","t",1994,164766545,"Barley","no"
NA,"World","Cereals","Production","t",1995,137807251.23,"Barley","no"
NA,"World","Cereals","Production","t",1996,154136128.66,"Barley","no"
NA,"World","Cereals","Production","t",1997,154565245.43,"Barley","no"
NA,"World","Cereals","Production","t",1998,137898721.88,"Barley","no"
NA,"World","Cereals","Production","t",1999,129021580.82,"Barley","no"
NA,"World","Cereals","Production","t",2000,131405721.31,"Barley","no"
NA,"World","Cereals","Production","t",2001,140591634.91,"Barley","no"
NA,"World","Cereals","Production","t",2002,141022937.22,"Barley","no"
NA,"World","Cereals","Production","t",2003,136537935.47,"Barley","no"
NA,"World","Cereals","Production","t",2004,156261984.23,"Barley","no"
NA,"World","Cereals","Production","t",2005,136735961.88,"Barley","no"
NA,"World","Cereals","Production","t",2006,144503284.83,"Barley","no"
NA,"World","Cereals","Production","t",2007,131356666.02,"Barley","no"
NA,"World","Cereals","Production","t",2008,154071470.37,"Barley","no"
NA,"World","Cereals","Production","t",2009,150960850.59,"Barley","no"
NA,"World","Cereals","Production","t",2010,123460822.14,"Barley","no"
NA,"World","Cereals","Production","t",2011,132879908.74,"Barley","no"
NA,"World","Cereals","Production","t",2012,132412417.54,"Barley","no"
NA,"World","Cereals","Production","t",2013,143683812.5,"Barley","no"
NA,"World","Cereals","Production","t",2014,145294109.57,"Barley","no"
NA,"World","Cereals","Production","t",2015,148370300.28,"Barley","no"
NA,"World","Cereals","Production","t",2016,146101933.69,"Barley","no"
NA,"World","Cereals","Production","t",2017,148713798.21,"Barley","no"
NA,"World","Cereals","Production","t",2018,141205832.05,"Barley","no"
NA,"World","Cereals","Production","t",2019,158715679.03,"Barley","no"
NA,"World","Cereals","Production","t",2020,157768313.12,"Barley","no"
NA,"World","Cereals","Production","t",2021,145241983.99,"Barley","no"
NA,"World","Cereals","Production","t",2022,154633065.54,"Barley","no"
NA,"World","Cereals","Production","t",2023,145759524.48,"Barley","no"
NA,"World","Pulses (dried leguminous vegetables)","Area harvested","ha",1992,25464203,"Beans, dry","no"
NA,"World","Pulses (dried leguminous vegetables)","Area harvested","ha",1993,24658645,"Beans, dry","no"
NA,"World","Pulses (dried leguminous vegetables)","Area harvested","ha",1994,26654190,"Beans, dry","no"
NA,"World","Pulses (dried leguminous vegetables)","Area harvested","ha",1995,25963249,"Beans, dry","no"
NA,"World","Pulses (dried leguminous vegetables)","Area harvested","ha",1996,25821011,"Beans, dry","no"
NA,"World","Pulses (dried leguminous vegetables)","Area harvested","ha",1997,25526867,"Beans, dry","no"
NA,"World","Pulses (dried leguminous vegetables)","Area harvested","ha",1998,24299172,"Beans, dry","no"
NA,"World","Pulses (dried leguminous vegetables)","Area harvested","ha",1999,23718732,"Beans, dry","no"
NA,"World","Pulses (dried leguminous vegetables)","Area harvested","ha",2000,23863891,"Beans, dry","no"
NA,"World","Pulses (dried leguminous vegetables)","Area harvested","ha",2001,24001149,"Beans, dry","no"
NA,"World","Pulses (dried leguminous vegetables)","Area harvested","ha",2002,27688363,"Beans, dry","no"
NA,"World","Pulses (dried leguminous vegetables)","Area harvested","ha",2003,28533990,"Beans, dry","no"
NA,"World","Pulses (dried leguminous vegetables)","Area harvested","ha",2004,27327422,"Beans, dry","no"
NA,"World","Pulses (dried leguminous vegetables)","Area harvested","ha",2005,26822106,"Beans, dry","no"
NA,"World","Pulses (dried leguminous vegetables)","Area harvested","ha",2006,27919625,"Beans, dry","no"
NA,"World","Pulses (dried leguminous vegetables)","Area harvested","ha",2007,29515874,"Beans, dry","no"
NA,"World","Pulses (dried leguminous vegetables)","Area harvested","ha",2008,26964976,"Beans, dry","no"
NA,"World","Pulses (dried leguminous vegetables)","Area harvested","ha",2009,25762610,"Beans, dry","no"
NA,"World","Pulses (dried leguminous vegetables)","Area harvested","ha",2010,31061804,"Beans, dry","no"
NA,"World","Pulses (dried leguminous vegetables)","Area harvested","ha",2011,30761913,"Beans, dry","no"
NA,"World","Pulses (dried leguminous vegetables)","Area harvested","ha",2012,29462388,"Beans, dry","no"
NA,"World","Pulses (dried leguminous vegetables)","Area harvested","ha",2013,29738867,"Beans, dry","no"
NA,"World","Pulses (dried leguminous vegetables)","Area harvested","ha",2014,31002911,"Beans, dry","no"
NA,"World","Pulses (dried leguminous vegetables)","Area harvested","ha",2015,31607343,"Beans, dry","no"
NA,"World","Pulses (dried leguminous vegetables)","Area harvested","ha",2016,35532761,"Beans, dry","no"
NA,"World","Pulses (dried leguminous vegetables)","Area harvested","ha",2017,37381794,"Beans, dry","no"
NA,"World","Pulses (dried leguminous vegetables)","Area harvested","ha",2018,36335041,"Beans, dry","no"
NA,"World","Pulses (dried leguminous vegetables)","Area harvested","ha",2019,33427362,"Beans, dry","no"
NA,"World","Pulses (dried leguminous vegetables)","Area harvested","ha",2020,34916456,"Beans, dry","no"
NA,"World","Pulses (dried leguminous vegetables)","Area harvested","ha",2021,37412071,"Beans, dry","no"
NA,"World","Pulses (dried leguminous vegetables)","Area harvested","ha",2022,37767631,"Beans, dry","no"
NA,"World","Pulses (dried leguminous vegetables)","Area harvested","ha",2023,37750753,"Beans, dry","no"
NA,"World","Pulses (dried leguminous vegetables)","Yield","kg/ha",1992,665.1,"Beans, dry","no"
NA,"World","Pulses (dried leguminous vegetables)","Yield","kg/ha",1993,658.4,"Beans, dry","no"
NA,"World","Pulses (dried leguminous vegetables)","Yield","kg/ha",1994,652.2,"Beans, dry","no"
NA,"World","Pulses (dried leguminous vegetables)","Yield","kg/ha",1995,676.4,"Beans, dry","no"
NA,"World","Pulses (dried leguminous vegetables)","Yield","kg/ha",1996,653.7,"Beans, dry","no"
NA,"World","Pulses (dried leguminous vegetables)","Yield","kg/ha",1997,638.2,"Beans, dry","no"
NA,"World","Pulses (dried leguminous vegetables)","Yield","kg/ha",1998,673.8,"Beans, dry","no"
NA,"World","Pulses (dried leguminous vegetables)","Yield","kg/ha",1999,747.7,"Beans, dry","no"
NA,"World","Pulses (dried leguminous vegetables)","Yield","kg/ha",2000,739,"Beans, dry","no"
NA,"World","Pulses (dried leguminous vegetables)","Yield","kg/ha",2001,761.3,"Beans, dry","no"
NA,"World","Pulses (dried leguminous vegetables)","Yield","kg/ha",2002,719.6,"Beans, dry","no"
NA,"World","Pulses (dried leguminous vegetables)","Yield","kg/ha",2003,741.9,"Beans, dry","no"
NA,"World","Pulses (dried leguminous vegetables)","Yield","kg/ha",2004,675.3,"Beans, dry","no"
NA,"World","Pulses (dried leguminous vegetables)","Yield","kg/ha",2005,711,"Beans, dry","no"
NA,"World","Pulses (dried leguminous vegetables)","Yield","kg/ha",2006,751.4,"Beans, dry","no"
NA,"World","Pulses (dried leguminous vegetables)","Yield","kg/ha",2007,733.5,"Beans, dry","no"
NA,"World","Pulses (dried leguminous vegetables)","Yield","kg/ha",2008,811.9,"Beans, dry","no"
NA,"World","Pulses (dried leguminous vegetables)","Yield","kg/ha",2009,852.5,"Beans, dry","no"
NA,"World","Pulses (dried leguminous vegetables)","Yield","kg/ha",2010,797.9,"Beans, dry","no"
NA,"World","Pulses (dried leguminous vegetables)","Yield","kg/ha",2011,785.3,"Beans, dry","no"
NA,"World","Pulses (dried leguminous vegetables)","Yield","kg/ha",2012,835.8,"Beans, dry","no"
NA,"World","Pulses (dried leguminous vegetables)","Yield","kg/ha",2013,844.2,"Beans, dry","no"
NA,"World","Pulses (dried leguminous vegetables)","Yield","kg/ha",2014,819.6,"Beans, dry","no"
NA,"World","Pulses (dried leguminous vegetables)","Yield","kg/ha",2015,831.8,"Beans, dry","no"
NA,"World","Pulses (dried leguminous vegetables)","Yield","kg/ha",2016,766.4,"Beans, dry","no"
NA,"World","Pulses (dried leguminous vegetables)","Yield","kg/ha",2017,783.5,"Beans, dry","no"
NA,"World","Pulses (dried leguminous vegetables)","Yield","kg/ha",2018,757,"Beans, dry","no"
NA,"World","Pulses (dried leguminous vegetables)","Yield","kg/ha",2019,763.1,"Beans, dry","no"
NA,"World","Pulses (dried leguminous vegetables)","Yield","kg/ha",2020,784.6,"Beans, dry","no"
NA,"World","Pulses (dried leguminous vegetables)","Yield","kg/ha",2021,757.4,"Beans, dry","no"
NA,"World","Pulses (dried leguminous vegetables)","Yield","kg/ha",2022,750.3,"Beans, dry","no"
NA,"World","Pulses (dried leguminous vegetables)","Yield","kg/ha",2023,755.1,"Beans, dry","no"
NA,"World","Pulses (dried leguminous vegetables)","Production","t",1992,16935251,"Beans, dry","no"
NA,"World","Pulses (dried leguminous vegetables)","Production","t",1993,16235217.64,"Beans, dry","no"
NA,"World","Pulses (dried leguminous vegetables)","Production","t",1994,17383256.8,"Beans, dry","no"
NA,"World","Pulses (dried leguminous vegetables)","Production","t",1995,17561864.45,"Beans, dry","no"
NA,"World","Pulses (dried leguminous vegetables)","Production","t",1996,16879444.49,"Beans, dry","no"
NA,"World","Pulses (dried leguminous vegetables)","Production","t",1997,16292444.53,"Beans, dry","no"
NA,"World","Pulses (dried leguminous vegetables)","Production","t",1998,16371784.41,"Beans, dry","no"
NA,"World","Pulses (dried leguminous vegetables)","Production","t",1999,17733467.11,"Beans, dry","no"
NA,"World","Pulses (dried leguminous vegetables)","Production","t",2000,17635859.11,"Beans, dry","no"
NA,"World","Pulses (dried leguminous vegetables)","Production","t",2001,18273186.82,"Beans, dry","no"
NA,"World","Pulses (dried leguminous vegetables)","Production","t",2002,19923293.03,"Beans, dry","no"
NA,"World","Pulses (dried leguminous vegetables)","Production","t",2003,21169634.43,"Beans, dry","no"
NA,"World","Pulses (dried leguminous vegetables)","Production","t",2004,18455156.78,"Beans, dry","no"
NA,"World","Pulses (dried leguminous vegetables)","Production","t",2005,19069359.06,"Beans, dry","no"
NA,"World","Pulses (dried leguminous vegetables)","Production","t",2006,20979137.79,"Beans, dry","no"
NA,"World","Pulses (dried leguminous vegetables)","Production","t",2007,21649752.37,"Beans, dry","no"
NA,"World","Pulses (dried leguminous vegetables)","Production","t",2008,21891750.81,"Beans, dry","no"
NA,"World","Pulses (dried leguminous vegetables)","Production","t",2009,21963646.21,"Beans, dry","no"
NA,"World","Pulses (dried leguminous vegetables)","Production","t",2010,24785151.75,"Beans, dry","no"
NA,"World","Pulses (dried leguminous vegetables)","Production","t",2011,24158725.78,"Beans, dry","no"
NA,"World","Pulses (dried leguminous vegetables)","Production","t",2012,24624031.77,"Beans, dry","no"
NA,"World","Pulses (dried leguminous vegetables)","Production","t",2013,25106979.58,"Beans, dry","no"
NA,"World","Pulses (dried leguminous vegetables)","Production","t",2014,25409242.1,"Beans, dry","no"
NA,"World","Pulses (dried leguminous vegetables)","Production","t",2015,26292012.65,"Beans, dry","no"
NA,"World","Pulses (dried leguminous vegetables)","Production","t",2016,27230608.02,"Beans, dry","no"
NA,"World","Pulses (dried leguminous vegetables)","Production","t",2017,29287024.73,"Beans, dry","no"
NA,"World","Pulses (dried leguminous vegetables)","Production","t",2018,27503925.5,"Beans, dry","no"
NA,"World","Pulses (dried leguminous vegetables)","Production","t",2019,25507190.75,"Beans, dry","no"
NA,"World","Pulses (dried leguminous vegetables)","Production","t",2020,27396541.97,"Beans, dry","no"
NA,"World","Pulses (dried leguminous vegetables)","Production","t",2021,28336617.39,"Beans, dry","no"
NA,"World","Pulses (dried leguminous vegetables)","Production","t",2022,28338265.06,"Beans, dry","no"
NA,"World","Pulses (dried leguminous vegetables)","Production","t",2023,28505529.48,"Beans, dry","no"
NA,"World","Malt liquors and malt","Production","t",1992,113651907.98,"Beer of barley, malted","no"
NA,"World","Malt liquors and malt","Production","t",1993,114382600.23,"Beer of barley, malted","no"
NA,"World","Malt liquors and malt","Production","t",1994,118352566.36,"Beer of barley, malted","no"
NA,"World","Malt liquors and malt","Production","t",1995,121260860.44,"Beer of barley, malted","no"
NA,"World","Malt liquors and malt","Production","t",1996,122268882.44,"Beer of barley, malted","no"
NA,"World","Malt liquors and malt","Production","t",1997,126749477.05,"Beer of barley, malted","no"
NA,"World","Malt liquors and malt","Production","t",1998,128642268.78,"Beer of barley, malted","no"
NA,"World","Malt liquors and malt","Production","t",1999,131433900.12,"Beer of barley, malted","no"
NA,"World","Malt liquors and malt","Production","t",2000,136852793.09,"Beer of barley, malted","no"
NA,"World","Malt liquors and malt","Production","t",2001,140082473.94,"Beer of barley, malted","no"
NA,"World","Malt liquors and malt","Production","t",2002,140490603.35,"Beer of barley, malted","no"
NA,"World","Malt liquors and malt","Production","t",2003,142821769.99,"Beer of barley, malted","no"
NA,"World","Malt liquors and malt","Production","t",2004,151318867.05,"Beer of barley, malted","no"
NA,"World","Malt liquors and malt","Production","t",2005,155677167.32,"Beer of barley, malted","no"
NA,"World","Malt liquors and malt","Production","t",2006,164542487.85,"Beer of barley, malted","no"
NA,"World","Malt liquors and malt","Production","t",2007,172900921.11,"Beer of barley, malted","no"
NA,"World","Malt liquors and malt","Production","t",2008,176791035.4,"Beer of barley, malted","no"
NA,"World","Malt liquors and malt","Production","t",2009,174471985.55,"Beer of barley, malted","no"
NA,"World","Malt liquors and malt","Production","t",2010,178093254.81,"Beer of barley, malted","no"
NA,"World","Malt liquors and malt","Production","t",2011,184573776.42,"Beer of barley, malted","no"
NA,"World","Malt liquors and malt","Production","t",2012,186164528.68,"Beer of barley, malted","no"
NA,"World","Malt liquors and malt","Production","t",2013,186523460.47,"Beer of barley, malted","no"
NA,"World","Malt liquors and malt","Production","t",2014,188975492.07,"Beer of barley, malted","no"
NA,"World","Malt liquors and malt","Production","t",2015,189199279.32,"Beer of barley, malted","no"
NA,"World","Malt liquors and malt","Production","t",2016,190625924.35,"Beer of barley, malted","no"
NA,"World","Malt liquors and malt","Production","t",2017,189480196.71,"Beer of barley, malted","no"
NA,"World","Malt liquors and malt","Production","t",2018,186812329.48,"Beer of barley, malted","no"
NA,"World","Malt liquors and malt","Production","t",2019,188324815.5,"Beer of barley, malted","no"
NA,"World","Malt liquors and malt","Production","t",2020,177736550.34,"Beer of barley, malted","no"
NA,"World","Malt liquors and malt","Production","t",2021,183250348.82,"Beer of barley, malted","no"
NA,"World","Malt liquors and malt","Production","t",2022,185633857.67,"Beer of barley, malted","no"
NA,"World","Malt liquors and malt","Production","t",2023,NA,"Beer of barley, malted","no"
NA,"World","Live animals","Stocks","No",1992,67937735,"Bees","no"
NA,"World","Live animals","Stocks","No",1993,67129907,"Bees","no"
NA,"World","Live animals","Stocks","No",1994,66434540,"Bees","no"
NA,"World","Live animals","Stocks","No",1995,66439818,"Bees","no"
NA,"World","Live animals","Stocks","No",1996,66338520,"Bees","no"
NA,"World","Live animals","Stocks","No",1997,66231605,"Bees","no"
NA,"World","Live animals","Stocks","No",1998,66897680,"Bees","no"
NA,"World","Live animals","Stocks","No",1999,67478789,"Bees","no"
NA,"World","Live animals","Stocks","No",2000,69705264,"Bees","no"
NA,"World","Live animals","Stocks","No",2001,70820709,"Bees","no"
NA,"World","Live animals","Stocks","No",2002,72285704,"Bees","no"
NA,"World","Live animals","Stocks","No",2003,72476354,"Bees","no"
NA,"World","Live animals","Stocks","No",2004,73425966,"Bees","no"
NA,"World","Live animals","Stocks","No",2005,74715060,"Bees","no"
NA,"World","Live animals","Stocks","No",2006,76016588,"Bees","no"
NA,"World","Live animals","Stocks","No",2007,75490484,"Bees","no"
NA,"World","Live animals","Stocks","No",2008,77127207,"Bees","no"
NA,"World","Live animals","Stocks","No",2009,78018504,"Bees","no"
NA,"World","Live animals","Stocks","No",2010,80649668,"Bees","no"
NA,"World","Live animals","Stocks","No",2011,81404603,"Bees","no"
NA,"World","Live animals","Stocks","No",2012,84103396,"Bees","no"
NA,"World","Live animals","Stocks","No",2013,85966406,"Bees","no"
NA,"World","Live animals","Stocks","No",2014,88661694,"Bees","no"
NA,"World","Live animals","Stocks","No",2015,90656186,"Bees","no"
NA,"World","Live animals","Stocks","No",2016,91796443,"Bees","no"
NA,"World","Live animals","Stocks","No",2017,93053844,"Bees","no"
NA,"World","Live animals","Stocks","No",2018,96500724,"Bees","no"
NA,"World","Live animals","Stocks","No",2019,97279532,"Bees","no"
NA,"World","Live animals","Stocks","No",2020,99050130,"Bees","no"
NA,"World","Live animals","Stocks","No",2021,99956012,"Bees","no"
NA,"World","Live animals","Stocks","No",2022,101104447,"Bees","no"
NA,"World","Live animals","Stocks","No",2023,102058674,"Bees","no"
NA,"World","Other animal products","Production","t",1992,48145.42,"Beeswax","no"
NA,"World","Other animal products","Production","t",1993,52247.37,"Beeswax","no"
NA,"World","Other animal products","Production","t",1994,52243.96,"Beeswax","no"
NA,"World","Other animal products","Production","t",1995,52574.86,"Beeswax","no"
NA,"World","Other animal products","Production","t",1996,52803.07,"Beeswax","no"
NA,"World","Other animal products","Production","t",1997,54871.39,"Beeswax","no"
NA,"World","Other animal products","Production","t",1998,54818.17,"Beeswax","no"
NA,"World","Other animal products","Production","t",1999,57653.33,"Beeswax","no"
NA,"World","Other animal products","Production","t",2000,58713.79,"Beeswax","no"
NA,"World","Other animal products","Production","t",2001,57674.44,"Beeswax","no"
NA,"World","Other animal products","Production","t",2002,60380.66,"Beeswax","no"
NA,"World","Other animal products","Production","t",2003,58756.6,"Beeswax","no"
NA,"World","Other animal products","Production","t",2004,60406.47,"Beeswax","no"
NA,"World","Other animal products","Production","t",2005,60675.72,"Beeswax","no"
NA,"World","Other animal products","Production","t",2006,60826.49,"Beeswax","no"
NA,"World","Other animal products","Production","t",2007,60832.99,"Beeswax","no"
NA,"World","Other animal products","Production","t",2008,63717.4,"Beeswax","no"
NA,"World","Other animal products","Production","t",2009,63566.5,"Beeswax","no"
NA,"World","Other animal products","Production","t",2010,64991.45,"Beeswax","no"
NA,"World","Other animal products","Production","t",2011,64887.21,"Beeswax","no"
NA,"World","Other animal products","Production","t",2012,64356.13,"Beeswax","no"
NA,"World","Other animal products","Production","t",2013,64887.42,"Beeswax","no"
NA,"World","Other animal products","Production","t",2014,66318.21,"Beeswax","no"
NA,"World","Other animal products","Production","t",2015,67440.27,"Beeswax","no"
NA,"World","Other animal products","Production","t",2016,67365.37,"Beeswax","no"
NA,"World","Other animal products","Production","t",2017,66873.42,"Beeswax","no"
NA,"World","Other animal products","Production","t",2018,63331.58,"Beeswax","no"
NA,"World","Other animal products","Production","t",2019,63325.39,"Beeswax","no"
NA,"World","Other animal products","Production","t",2020,63537.12,"Beeswax","no"
NA,"World","Other animal products","Production","t",2021,64043.48,"Beeswax","no"
NA,"World","Other animal products","Production","t",2022,64736.43,"Beeswax","no"
NA,"World","Other animal products","Production","t",2023,65036.43,"Beeswax","no"
NA,"World","Fruits and nuts","Area harvested","ha",1992,39799,"Blueberries","no"
NA,"World","Fruits and nuts","Area harvested","ha",1993,41842,"Blueberries","no"
NA,"World","Fruits and nuts","Area harvested","ha",1994,41754,"Blueberries","no"
NA,"World","Fruits and nuts","Area harvested","ha",1995,44083,"Blueberries","no"
NA,"World","Fruits and nuts","Area harvested","ha",1996,46245,"Blueberries","no"
NA,"World","Fruits and nuts","Area harvested","ha",1997,48737,"Blueberries","no"
NA,"World","Fruits and nuts","Area harvested","ha",1998,49349,"Blueberries","no"
NA,"World","Fruits and nuts","Area harvested","ha",1999,52026,"Blueberries","no"
NA,"World","Fruits and nuts","Area harvested","ha",2000,54859,"Blueberries","no"
NA,"World","Fruits and nuts","Area harvested","ha",2001,53727,"Blueberries","no"
NA,"World","Fruits and nuts","Area harvested","ha",2002,56009,"Blueberries","no"
NA,"World","Fruits and nuts","Area harvested","ha",2003,58488,"Blueberries","no"
NA,"World","Fruits and nuts","Area harvested","ha",2004,59883,"Blueberries","no"
NA,"World","Fruits and nuts","Area harvested","ha",2005,68221,"Blueberries","no"
NA,"World","Fruits and nuts","Area harvested","ha",2006,73901,"Blueberries","no"
NA,"World","Fruits and nuts","Area harvested","ha",2007,76255,"Blueberries","no"
NA,"World","Fruits and nuts","Area harvested","ha",2008,81684,"Blueberries","no"
NA,"World","Fruits and nuts","Area harvested","ha",2009,80349,"Blueberries","no"
NA,"World","Fruits and nuts","Area harvested","ha",2010,84721,"Blueberries","no"
NA,"World","Fruits and nuts","Area harvested","ha",2011,90843,"Blueberries","no"
NA,"World","Fruits and nuts","Area harvested","ha",2012,97519,"Blueberries","no"
NA,"World","Fruits and nuts","Area harvested","ha",2013,104644,"Blueberries","no"
NA,"World","Fruits and nuts","Area harvested","ha",2014,109933,"Blueberries","no"
NA,"World","Fruits and nuts","Area harvested","ha",2015,111813,"Blueberries","no"
NA,"World","Fruits and nuts","Area harvested","ha",2016,121191,"Blueberries","no"
NA,"World","Fruits and nuts","Area harvested","ha",2017,123165,"Blueberries","no"
NA,"World","Fruits and nuts","Area harvested","ha",2018,135766,"Blueberries","no"
NA,"World","Fruits and nuts","Area harvested","ha",2019,156201,"Blueberries","no"
NA,"World","Fruits and nuts","Area harvested","ha",2020,162103,"Blueberries","no"
NA,"World","Fruits and nuts","Area harvested","ha",2021,181723,"Blueberries","no"
NA,"World","Fruits and nuts","Area harvested","ha",2022,185882,"Blueberries","no"
NA,"World","Fruits and nuts","Area harvested","ha",2023,186413,"Blueberries","no"
NA,"World","Fruits and nuts","Yield","kg/ha",1992,2881.9,"Blueberries","no"
NA,"World","Fruits and nuts","Yield","kg/ha",1993,3427.9,"Blueberries","no"
NA,"World","Fruits and nuts","Yield","kg/ha",1994,3211.8,"Blueberries","no"
NA,"World","Fruits and nuts","Yield","kg/ha",1995,3561.5,"Blueberries","no"
NA,"World","Fruits and nuts","Yield","kg/ha",1996,3427.8,"Blueberries","no"
NA,"World","Fruits and nuts","Yield","kg/ha",1997,3576.8,"Blueberries","no"
NA,"World","Fruits and nuts","Yield","kg/ha",1998,3209.9,"Blueberries","no"
NA,"World","Fruits and nuts","Yield","kg/ha",1999,3951.7,"Blueberries","no"
NA,"World","Fruits and nuts","Yield","kg/ha",2000,3852.1,"Blueberries","no"
NA,"World","Fruits and nuts","Yield","kg/ha",2001,4315.3,"Blueberries","no"
NA,"World","Fruits and nuts","Yield","kg/ha",2002,3614.1,"Blueberries","no"
NA,"World","Fruits and nuts","Yield","kg/ha",2003,3735.4,"Blueberries","no"
NA,"World","Fruits and nuts","Yield","kg/ha",2004,3982.1,"Blueberries","no"
NA,"World","Fruits and nuts","Yield","kg/ha",2005,3765.8,"Blueberries","no"
NA,"World","Fruits and nuts","Yield","kg/ha",2006,3878.9,"Blueberries","no"
NA,"World","Fruits and nuts","Yield","kg/ha",2007,3824.9,"Blueberries","no"
NA,"World","Fruits and nuts","Yield","kg/ha",2008,4329.5,"Blueberries","no"
NA,"World","Fruits and nuts","Yield","kg/ha",2009,4773.1,"Blueberries","no"
NA,"World","Fruits and nuts","Yield","kg/ha",2010,4584.3,"Blueberries","no"
NA,"World","Fruits and nuts","Yield","kg/ha",2011,4891.4,"Blueberries","no"
NA,"World","Fruits and nuts","Yield","kg/ha",2012,5028.4,"Blueberries","no"
NA,"World","Fruits and nuts","Yield","kg/ha",2013,5029.7,"Blueberries","no"
NA,"World","Fruits and nuts","Yield","kg/ha",2014,5720.2,"Blueberries","no"
NA,"World","Fruits and nuts","Yield","kg/ha",2015,5770.7,"Blueberries","no"
NA,"World","Fruits and nuts","Yield","kg/ha",2016,6210.5,"Blueberries","no"
NA,"World","Fruits and nuts","Yield","kg/ha",2017,5853,"Blueberries","no"
NA,"World","Fruits and nuts","Yield","kg/ha",2018,6067.3,"Blueberries","no"
NA,"World","Fruits and nuts","Yield","kg/ha",2019,6639.6,"Blueberries","no"
NA,"World","Fruits and nuts","Yield","kg/ha",2020,6416.7,"Blueberries","no"
NA,"World","Fruits and nuts","Yield","kg/ha",2021,6583.4,"Blueberries","no"
NA,"World","Fruits and nuts","Yield","kg/ha",2022,7016.6,"Blueberries","no"
NA,"World","Fruits and nuts","Yield","kg/ha",2023,6548.2,"Blueberries","no"
NA,"World","Fruits and nuts","Production","t",1992,114694.89,"Blueberries","no"
NA,"World","Fruits and nuts","Production","t",1993,143428.62,"Blueberries","no"
NA,"World","Fruits and nuts","Production","t",1994,134105.35,"Blueberries","no"
NA,"World","Fruits and nuts","Production","t",1995,157000.18,"Blueberries","no"
NA,"World","Fruits and nuts","Production","t",1996,158520.49,"Blueberries","no"
NA,"World","Fruits and nuts","Production","t",1997,174324.66,"Blueberries","no"
NA,"World","Fruits and nuts","Production","t",1998,158406.26,"Blueberries","no"
NA,"World","Fruits and nuts","Production","t",1999,205592.16,"Blueberries","no"
NA,"World","Fruits and nuts","Production","t",2000,211325.51,"Blueberries","no"
NA,"World","Fruits and nuts","Production","t",2001,231847.59,"Blueberries","no"
NA,"World","Fruits and nuts","Production","t",2002,202423.22,"Blueberries","no"
NA,"World","Fruits and nuts","Production","t",2003,218475.6,"Blueberries","no"
NA,"World","Fruits and nuts","Production","t",2004,238455.14,"Blueberries","no"
NA,"World","Fruits and nuts","Production","t",2005,256906.12,"Blueberries","no"
NA,"World","Fruits and nuts","Production","t",2006,286653.57,"Blueberries","no"
NA,"World","Fruits and nuts","Production","t",2007,291665.45,"Blueberries","no"
NA,"World","Fruits and nuts","Production","t",2008,353653.57,"Blueberries","no"
NA,"World","Fruits and nuts","Production","t",2009,383517.9,"Blueberries","no"
NA,"World","Fruits and nuts","Production","t",2010,388388.29,"Blueberries","no"
NA,"World","Fruits and nuts","Production","t",2011,444345.57,"Blueberries","no"
NA,"World","Fruits and nuts","Production","t",2012,490370.21,"Blueberries","no"
NA,"World","Fruits and nuts","Production","t",2013,526324.15,"Blueberries","no"
NA,"World","Fruits and nuts","Production","t",2014,628846.17,"Blueberries","no"
NA,"World","Fruits and nuts","Production","t",2015,645239.84,"Blueberries","no"
NA,"World","Fruits and nuts","Production","t",2016,752662.85,"Blueberries","no"
NA,"World","Fruits and nuts","Production","t",2017,720884.71,"Blueberries","no"
NA,"World","Fruits and nuts","Production","t",2018,823732.9,"Blueberries","no"
NA,"World","Fruits and nuts","Production","t",2019,1037118.86,"Blueberries","no"
NA,"World","Fruits and nuts","Production","t",2020,1040172.67,"Blueberries","no"
NA,"World","Fruits and nuts","Production","t",2021,1196360.16,"Blueberries","no"
NA,"World","Fruits and nuts","Production","t",2022,1304253.79,"Blueberries","no"
NA,"World","Fruits and nuts","Production","t",2023,1220665.49,"Blueberries","no"
NA,"World","Fruits and nuts","Production","t",1992,45367,"Brazil nuts, in shell","no"
NA,"World","Fruits and nuts","Production","t",1993,45587,"Brazil nuts, in shell","no"
NA,"World","Fruits and nuts","Production","t",1994,56907,"Brazil nuts, in shell","no"
NA,"World","Fruits and nuts","Production","t",1995,57278,"Brazil nuts, in shell","no"
NA,"World","Fruits and nuts","Production","t",1996,40805,"Brazil nuts, in shell","no"
NA,"World","Fruits and nuts","Production","t",1997,47286,"Brazil nuts, in shell","no"
NA,"World","Fruits and nuts","Production","t",1998,40711,"Brazil nuts, in shell","no"
NA,"World","Fruits and nuts","Production","t",1999,61756,"Brazil nuts, in shell","no"
NA,"World","Fruits and nuts","Production","t",2000,57931,"Brazil nuts, in shell","no"
NA,"World","Fruits and nuts","Production","t",2001,53799,"Brazil nuts, in shell","no"
NA,"World","Fruits and nuts","Production","t",2002,53510,"Brazil nuts, in shell","no"
NA,"World","Fruits and nuts","Production","t",2003,53784,"Brazil nuts, in shell","no"
NA,"World","Fruits and nuts","Production","t",2004,54969,"Brazil nuts, in shell","no"
NA,"World","Fruits and nuts","Production","t",2005,63820,"Brazil nuts, in shell","no"
NA,"World","Fruits and nuts","Production","t",2006,63391,"Brazil nuts, in shell","no"
NA,"World","Fruits and nuts","Production","t",2007,66460,"Brazil nuts, in shell","no"
NA,"World","Fruits and nuts","Production","t",2008,67230,"Brazil nuts, in shell","no"
NA,"World","Fruits and nuts","Production","t",2009,74726,"Brazil nuts, in shell","no"
NA,"World","Fruits and nuts","Production","t",2010,75787,"Brazil nuts, in shell","no"
NA,"World","Fruits and nuts","Production","t",2011,76157,"Brazil nuts, in shell","no"
NA,"World","Fruits and nuts","Production","t",2012,72948,"Brazil nuts, in shell","no"
NA,"World","Fruits and nuts","Production","t",2013,74236,"Brazil nuts, in shell","no"
NA,"World","Fruits and nuts","Production","t",2014,77106,"Brazil nuts, in shell","no"
NA,"World","Fruits and nuts","Production","t",2015,79258.25,"Brazil nuts, in shell","no"
NA,"World","Fruits and nuts","Production","t",2016,73802.41,"Brazil nuts, in shell","no"
NA,"World","Fruits and nuts","Production","t",2017,54739.24,"Brazil nuts, in shell","no"
NA,"World","Fruits and nuts","Production","t",2018,74876.61,"Brazil nuts, in shell","no"
NA,"World","Fruits and nuts","Production","t",2019,71151,"Brazil nuts, in shell","no"
NA,"World","Fruits and nuts","Production","t",2020,70961,"Brazil nuts, in shell","no"
NA,"World","Fruits and nuts","Production","t",2021,72221.59,"Brazil nuts, in shell","no"
NA,"World","Fruits and nuts","Production","t",2022,79147.35,"Brazil nuts, in shell","no"
NA,"World","Fruits and nuts","Production","t",2023,75909.83,"Brazil nuts, in shell","no"
NA,"World","Pulses (dried leguminous vegetables)","Area harvested","ha",1992,2291970,"Broad beans and horse beans, dry","no"
NA,"World","Pulses (dried leguminous vegetables)","Area harvested","ha",1993,2207838,"Broad beans and horse beans, dry","no"
NA,"World","Pulses (dried leguminous vegetables)","Area harvested","ha",1994,2492679,"Broad beans and horse beans, dry","no"
NA,"World","Pulses (dried leguminous vegetables)","Area harvested","ha",1995,2293127,"Broad beans and horse beans, dry","no"
NA,"World","Pulses (dried leguminous vegetables)","Area harvested","ha",1996,2345473,"Broad beans and horse beans, dry","no"
NA,"World","Pulses (dried leguminous vegetables)","Area harvested","ha",1997,2293864,"Broad beans and horse beans, dry","no"
NA,"World","Pulses (dried leguminous vegetables)","Area harvested","ha",1998,2449271,"Broad beans and horse beans, dry","no"
NA,"World","Pulses (dried leguminous vegetables)","Area harvested","ha",1999,2318751,"Broad beans and horse beans, dry","no"
NA,"World","Pulses (dried leguminous vegetables)","Area harvested","ha",2000,2520014,"Broad beans and horse beans, dry","no"
NA,"World","Pulses (dried leguminous vegetables)","Area harvested","ha",2001,2769672,"Broad beans and horse beans, dry","no"
NA,"World","Pulses (dried leguminous vegetables)","Area harvested","ha",2002,2697540,"Broad beans and horse beans, dry","no"
NA,"World","Pulses (dried leguminous vegetables)","Area harvested","ha",2003,2694364,"Broad beans and horse beans, dry","no"
NA,"World","Pulses (dried leguminous vegetables)","Area harvested","ha",2004,2632057,"Broad beans and horse beans, dry","no"
NA,"World","Pulses (dried leguminous vegetables)","Area harvested","ha",2005,2615903,"Broad beans and horse beans, dry","no"
NA,"World","Pulses (dried leguminous vegetables)","Area harvested","ha",2006,2398763,"Broad beans and horse beans, dry","no"
NA,"World","Pulses (dried leguminous vegetables)","Area harvested","ha",2007,2507562,"Broad beans and horse beans, dry","no"
NA,"World","Pulses (dried leguminous vegetables)","Area harvested","ha",2008,2495562,"Broad beans and horse beans, dry","no"
NA,"World","Pulses (dried leguminous vegetables)","Area harvested","ha",2009,2436137,"Broad beans and horse beans, dry","no"
NA,"World","Pulses (dried leguminous vegetables)","Area harvested","ha",2010,2556437,"Broad beans and horse beans, dry","no"
NA,"World","Pulses (dried leguminous vegetables)","Area harvested","ha",2011,2456783,"Broad beans and horse beans, dry","no"
NA,"World","Pulses (dried leguminous vegetables)","Area harvested","ha",2012,2501490,"Broad beans and horse beans, dry","no"
NA,"World","Pulses (dried leguminous vegetables)","Area harvested","ha",2013,2337027,"Broad beans and horse beans, dry","no"
NA,"World","Pulses (dried leguminous vegetables)","Area harvested","ha",2014,2246593,"Broad beans and horse beans, dry","no"
NA,"World","Pulses (dried leguminous vegetables)","Area harvested","ha",2015,2400901,"Broad beans and horse beans, dry","no"
NA,"World","Pulses (dried leguminous vegetables)","Area harvested","ha",2016,2579742,"Broad beans and horse beans, dry","no"
NA,"World","Pulses (dried leguminous vegetables)","Area harvested","ha",2017,2550646,"Broad beans and horse beans, dry","no"
NA,"World","Pulses (dried leguminous vegetables)","Area harvested","ha",2018,2846523,"Broad beans and horse beans, dry","no"
NA,"World","Pulses (dried leguminous vegetables)","Area harvested","ha",2019,2594889,"Broad beans and horse beans, dry","no"
NA,"World","Pulses (dried leguminous vegetables)","Area harvested","ha",2020,2653567,"Broad beans and horse beans, dry","no"
NA,"World","Pulses (dried leguminous vegetables)","Area harvested","ha",2021,2777169,"Broad beans and horse beans, dry","no"
NA,"World","Pulses (dried leguminous vegetables)","Area harvested","ha",2022,2722833,"Broad beans and horse beans, dry","no"
NA,"World","Pulses (dried leguminous vegetables)","Area harvested","ha",2023,2782564,"Broad beans and horse beans, dry","no"
NA,"World","Pulses (dried leguminous vegetables)","Yield","kg/ha",1992,1212,"Broad beans and horse beans, dry","no"
NA,"World","Pulses (dried leguminous vegetables)","Yield","kg/ha",1993,1603.3,"Broad beans and horse beans, dry","no"
NA,"World","Pulses (dried leguminous vegetables)","Yield","kg/ha",1994,1458.6,"Broad beans and horse beans, dry","no"
NA,"World","Pulses (dried leguminous vegetables)","Yield","kg/ha",1995,1579.8,"Broad beans and horse beans, dry","no"
NA,"World","Pulses (dried leguminous vegetables)","Yield","kg/ha",1996,1574.3,"Broad beans and horse beans, dry","no"
NA,"World","Pulses (dried leguminous vegetables)","Yield","kg/ha",1997,1495.2,"Broad beans and horse beans, dry","no"
NA,"World","Pulses (dried leguminous vegetables)","Yield","kg/ha",1998,1559.7,"Broad beans and horse beans, dry","no"
NA,"World","Pulses (dried leguminous vegetables)","Yield","kg/ha",1999,1540.2,"Broad beans and horse beans, dry","no"
NA,"World","Pulses (dried leguminous vegetables)","Yield","kg/ha",2000,1503.2,"Broad beans and horse beans, dry","no"
NA,"World","Pulses (dried leguminous vegetables)","Yield","kg/ha",2001,1502.5,"Broad beans and horse beans, dry","no"
NA,"World","Pulses (dried leguminous vegetables)","Yield","kg/ha",2002,1609.1,"Broad beans and horse beans, dry","no"
NA,"World","Pulses (dried leguminous vegetables)","Yield","kg/ha",2003,1690.4,"Broad beans and horse beans, dry","no"
NA,"World","Pulses (dried leguminous vegetables)","Yield","kg/ha",2004,1645,"Broad beans and horse beans, dry","no"
NA,"World","Pulses (dried leguminous vegetables)","Yield","kg/ha",2005,1706.5,"Broad beans and horse beans, dry","no"
NA,"World","Pulses (dried leguminous vegetables)","Yield","kg/ha",2006,1712.6,"Broad beans and horse beans, dry","no"
NA,"World","Pulses (dried leguminous vegetables)","Yield","kg/ha",2007,1602,"Broad beans and horse beans, dry","no"
NA,"World","Pulses (dried leguminous vegetables)","Yield","kg/ha",2008,1692.2,"Broad beans and horse beans, dry","no"
NA,"World","Pulses (dried leguminous vegetables)","Yield","kg/ha",2009,1789.3,"Broad beans and horse beans, dry","no"
NA,"World","Pulses (dried leguminous vegetables)","Yield","kg/ha",2010,1754.6,"Broad beans and horse beans, dry","no"
NA,"World","Pulses (dried leguminous vegetables)","Yield","kg/ha",2011,1871.4,"Broad beans and horse beans, dry","no"
NA,"World","Pulses (dried leguminous vegetables)","Yield","kg/ha",2012,1859.7,"Broad beans and horse beans, dry","no"
NA,"World","Pulses (dried leguminous vegetables)","Yield","kg/ha",2013,1923.9,"Broad beans and horse beans, dry","no"
NA,"World","Pulses (dried leguminous vegetables)","Yield","kg/ha",2014,1985.6,"Broad beans and horse beans, dry","no"
NA,"World","Pulses (dried leguminous vegetables)","Yield","kg/ha",2015,1937.1,"Broad beans and horse beans, dry","no"
NA,"World","Pulses (dried leguminous vegetables)","Yield","kg/ha",2016,1964.9,"Broad beans and horse beans, dry","no"
NA,"World","Pulses (dried leguminous vegetables)","Yield","kg/ha",2017,2225.9,"Broad beans and horse beans, dry","no"
NA,"World","Pulses (dried leguminous vegetables)","Yield","kg/ha",2018,1953.2,"Broad beans and horse beans, dry","no"
NA,"World","Pulses (dried leguminous vegetables)","Yield","kg/ha",2019,2061.8,"Broad beans and horse beans, dry","no"
NA,"World","Pulses (dried leguminous vegetables)","Yield","kg/ha",2020,2144.7,"Broad beans and horse beans, dry","no"
NA,"World","Pulses (dried leguminous vegetables)","Yield","kg/ha",2021,2160.2,"Broad beans and horse beans, dry","no"
NA,"World","Pulses (dried leguminous vegetables)","Yield","kg/ha",2022,2247.8,"Broad beans and horse beans, dry","no"
NA,"World","Pulses (dried leguminous vegetables)","Yield","kg/ha",2023,2182.7,"Broad beans and horse beans, dry","no"
NA,"World","Pulses (dried leguminous vegetables)","Production","t",1992,2777784.44,"Broad beans and horse beans, dry","no"
NA,"World","Pulses (dried leguminous vegetables)","Production","t",1993,3539775.93,"Broad beans and horse beans, dry","no"
NA,"World","Pulses (dried leguminous vegetables)","Production","t",1994,3635876.33,"Broad beans and horse beans, dry","no"
NA,"World","Pulses (dried leguminous vegetables)","Production","t",1995,3622725.97,"Broad beans and horse beans, dry","no"
NA,"World","Pulses (dried leguminous vegetables)","Production","t",1996,3692435.85,"Broad beans and horse beans, dry","no"
NA,"World","Pulses (dried leguminous vegetables)","Production","t",1997,3429802.75,"Broad beans and horse beans, dry","no"
NA,"World","Pulses (dried leguminous vegetables)","Production","t",1998,3820048.5,"Broad beans and horse beans, dry","no"
NA,"World","Pulses (dried leguminous vegetables)","Production","t",1999,3571254.62,"Broad beans and horse beans, dry","no"
NA,"World","Pulses (dried leguminous vegetables)","Production","t",2000,3788072.69,"Broad beans and horse beans, dry","no"
NA,"World","Pulses (dried leguminous vegetables)","Production","t",2001,4161299.28,"Broad beans and horse beans, dry","no"
NA,"World","Pulses (dried leguminous vegetables)","Production","t",2002,4340570.39,"Broad beans and horse beans, dry","no"
NA,"World","Pulses (dried leguminous vegetables)","Production","t",2003,4554594.65,"Broad beans and horse beans, dry","no"
NA,"World","Pulses (dried leguminous vegetables)","Production","t",2004,4329616.51,"Broad beans and horse beans, dry","no"
NA,"World","Pulses (dried leguminous vegetables)","Production","t",2005,4464026.35,"Broad beans and horse beans, dry","no"
NA,"World","Pulses (dried leguminous vegetables)","Production","t",2006,4108025.44,"Broad beans and horse beans, dry","no"
NA,"World","Pulses (dried leguminous vegetables)","Production","t",2007,4017056.16,"Broad beans and horse beans, dry","no"
NA,"World","Pulses (dried leguminous vegetables)","Production","t",2008,4223082.53,"Broad beans and horse beans, dry","no"
NA,"World","Pulses (dried leguminous vegetables)","Production","t",2009,4358865.43,"Broad beans and horse beans, dry","no"
NA,"World","Pulses (dried leguminous vegetables)","Production","t",2010,4485400.73,"Broad beans and horse beans, dry","no"
NA,"World","Pulses (dried leguminous vegetables)","Production","t",2011,4597636.52,"Broad beans and horse beans, dry","no"
NA,"World","Pulses (dried leguminous vegetables)","Production","t",2012,4651991.83,"Broad beans and horse beans, dry","no"
NA,"World","Pulses (dried leguminous vegetables)","Production","t",2013,4496251.63,"Broad beans and horse beans, dry","no"
NA,"World","Pulses (dried leguminous vegetables)","Production","t",2014,4460898.53,"Broad beans and horse beans, dry","no"
NA,"World","Pulses (dried leguminous vegetables)","Production","t",2015,4650823.95,"Broad beans and horse beans, dry","no"
NA,"World","Pulses (dried leguminous vegetables)","Production","t",2016,5068899.37,"Broad beans and horse beans, dry","no"
NA,"World","Pulses (dried leguminous vegetables)","Production","t",2017,5677359.21,"Broad beans and horse beans, dry","no"
NA,"World","Pulses (dried leguminous vegetables)","Production","t",2018,5559795.63,"Broad beans and horse beans, dry","no"
NA,"World","Pulses (dried leguminous vegetables)","Production","t",2019,5350269.74,"Broad beans and horse beans, dry","no"
NA,"World","Pulses (dried leguminous vegetables)","Production","t",2020,5691229.72,"Broad beans and horse beans, dry","no"
NA,"World","Pulses (dried leguminous vegetables)","Production","t",2021,5999299.47,"Broad beans and horse beans, dry","no"
NA,"World","Pulses (dried leguminous vegetables)","Production","t",2022,6120346.17,"Broad beans and horse beans, dry","no"
NA,"World","Pulses (dried leguminous vegetables)","Production","t",2023,6073526.15,"Broad beans and horse beans, dry","no"
NA,"World","Vegetables","Area harvested","ha",1992,184033,"Broad beans and horse beans, green","no"
NA,"World","Vegetables","Area harvested","ha",1993,190994,"Broad beans and horse beans, green","no"
NA,"World","Vegetables","Area harvested","ha",1994,185754,"Broad beans and horse beans, green","no"
NA,"World","Vegetables","Area harvested","ha",1995,175790,"Broad beans and horse beans, green","no"
NA,"World","Vegetables","Area harvested","ha",1996,189968,"Broad beans and horse beans, green","no"
NA,"World","Vegetables","Area harvested","ha",1997,196772,"Broad beans and horse beans, green","no"
NA,"World","Vegetables","Area harvested","ha",1998,196103,"Broad beans and horse beans, green","no"
NA,"World","Vegetables","Area harvested","ha",1999,192730,"Broad beans and horse beans, green","no"
NA,"World","Vegetables","Area harvested","ha",2000,196899,"Broad beans and horse beans, green","no"
NA,"World","Vegetables","Area harvested","ha",2001,194974,"Broad beans and horse beans, green","no"
NA,"World","Vegetables","Area harvested","ha",2002,194295,"Broad beans and horse beans, green","no"
NA,"World","Vegetables","Area harvested","ha",2003,223344,"Broad beans and horse beans, green","no"
NA,"World","Vegetables","Area harvested","ha",2004,247318,"Broad beans and horse beans, green","no"
NA,"World","Vegetables","Area harvested","ha",2005,245018,"Broad beans and horse beans, green","no"
NA,"World","Vegetables","Area harvested","ha",2006,247789,"Broad beans and horse beans, green","no"
NA,"World","Vegetables","Area harvested","ha",2007,243998,"Broad beans and horse beans, green","no"
NA,"World","Vegetables","Area harvested","ha",2008,239931,"Broad beans and horse beans, green","no"
NA,"World","Vegetables","Area harvested","ha",2009,260588,"Broad beans and horse beans, green","no"
NA,"World","Vegetables","Area harvested","ha",2010,250020,"Broad beans and horse beans, green","no"
NA,"World","Vegetables","Area harvested","ha",2011,257064,"Broad beans and horse beans, green","no"
NA,"World","Vegetables","Area harvested","ha",2012,278797,"Broad beans and horse beans, green","no"
NA,"World","Vegetables","Area harvested","ha",2013,272980,"Broad beans and horse beans, green","no"
NA,"World","Vegetables","Area harvested","ha",2014,267811,"Broad beans and horse beans, green","no"
NA,"World","Vegetables","Area harvested","ha",2015,261552,"Broad beans and horse beans, green","no"
NA,"World","Vegetables","Area harvested","ha",2016,257842,"Broad beans and horse beans, green","no"
NA,"World","Vegetables","Area harvested","ha",2017,249940,"Broad beans and horse beans, green","no"
NA,"World","Vegetables","Area harvested","ha",2018,255362,"Broad beans and horse beans, green","no"
NA,"World","Vegetables","Area harvested","ha",2019,256870,"Broad beans and horse beans, green","no"
NA,"World","Vegetables","Area harvested","ha",2020,280132,"Broad beans and horse beans, green","no"
NA,"World","Vegetables","Area harvested","ha",2021,263354,"Broad beans and horse beans, green","no"
NA,"World","Vegetables","Area harvested","ha",2022,251203,"Broad beans and horse beans, green","no"
NA,"World","Vegetables","Area harvested","ha",2023,248828,"Broad beans and horse beans, green","no"
NA,"World","Vegetables","Yield","kg/ha",1992,5536,"Broad beans and horse beans, green","no"
NA,"World","Vegetables","Yield","kg/ha",1993,4973.9,"Broad beans and horse beans, green","no"
NA,"World","Vegetables","Yield","kg/ha",1994,5125.5,"Broad beans and horse beans, green","no"
NA,"World","Vegetables","Yield","kg/ha",1995,5482.7,"Broad beans and horse beans, green","no"
NA,"World","Vegetables","Yield","kg/ha",1996,5386.5,"Broad beans and horse beans, green","no"
NA,"World","Vegetables","Yield","kg/ha",1997,5202.9,"Broad beans and horse beans, green","no"
NA,"World","Vegetables","Yield","kg/ha",1998,5370.6,"Broad beans and horse beans, green","no"
NA,"World","Vegetables","Yield","kg/ha",1999,5829.7,"Broad beans and horse beans, green","no"
NA,"World","Vegetables","Yield","kg/ha",2000,5403.7,"Broad beans and horse beans, green","no"
NA,"World","Vegetables","Yield","kg/ha",2001,5686.8,"Broad beans and horse beans, green","no"
NA,"World","Vegetables","Yield","kg/ha",2002,5913,"Broad beans and horse beans, green","no"
NA,"World","Vegetables","Yield","kg/ha",2003,6410.8,"Broad beans and horse beans, green","no"
NA,"World","Vegetables","Yield","kg/ha",2004,6402.7,"Broad beans and horse beans, green","no"
NA,"World","Vegetables","Yield","kg/ha",2005,5998.5,"Broad beans and horse beans, green","no"
NA,"World","Vegetables","Yield","kg/ha",2006,6095,"Broad beans and horse beans, green","no"
NA,"World","Vegetables","Yield","kg/ha",2007,6000.3,"Broad beans and horse beans, green","no"
NA,"World","Vegetables","Yield","kg/ha",2008,6571.4,"Broad beans and horse beans, green","no"
NA,"World","Vegetables","Yield","kg/ha",2009,6853.8,"Broad beans and horse beans, green","no"
NA,"World","Vegetables","Yield","kg/ha",2010,6919.9,"Broad beans and horse beans, green","no"
NA,"World","Vegetables","Yield","kg/ha",2011,6257.6,"Broad beans and horse beans, green","no"
NA,"World","Vegetables","Yield","kg/ha",2012,6234.6,"Broad beans and horse beans, green","no"
NA,"World","Vegetables","Yield","kg/ha",2013,6694.3,"Broad beans and horse beans, green","no"
NA,"World","Vegetables","Yield","kg/ha",2014,6736,"Broad beans and horse beans, green","no"
NA,"World","Vegetables","Yield","kg/ha",2015,6515,"Broad beans and horse beans, green","no"
NA,"World","Vegetables","Yield","kg/ha",2016,6550.5,"Broad beans and horse beans, green","no"
NA,"World","Vegetables","Yield","kg/ha",2017,6578.4,"Broad beans and horse beans, green","no"
NA,"World","Vegetables","Yield","kg/ha",2018,6827.8,"Broad beans and horse beans, green","no"
NA,"World","Vegetables","Yield","kg/ha",2019,6500.8,"Broad beans and horse beans, green","no"
NA,"World","Vegetables","Yield","kg/ha",2020,6444.5,"Broad beans and horse beans, green","no"
NA,"World","Vegetables","Yield","kg/ha",2021,6420.6,"Broad beans and horse beans, green","no"
NA,"World","Vegetables","Yield","kg/ha",2022,6447,"Broad beans and horse beans, green","no"
NA,"World","Vegetables","Yield","kg/ha",2023,6582.4,"Broad beans and horse beans, green","no"
NA,"World","Vegetables","Production","t",1992,1018797.66,"Broad beans and horse beans, green","no"
NA,"World","Vegetables","Production","t",1993,949988.25,"Broad beans and horse beans, green","no"
NA,"World","Vegetables","Production","t",1994,952074.73,"Broad beans and horse beans, green","no"
NA,"World","Vegetables","Production","t",1995,963805.95,"Broad beans and horse beans, green","no"
NA,"World","Vegetables","Production","t",1996,1023260.81,"Broad beans and horse beans, green","no"
NA,"World","Vegetables","Production","t",1997,1023785.48,"Broad beans and horse beans, green","no"
NA,"World","Vegetables","Production","t",1998,1053196.55,"Broad beans and horse beans, green","no"
NA,"World","Vegetables","Production","t",1999,1123565.91,"Broad beans and horse beans, green","no"
NA,"World","Vegetables","Production","t",2000,1063990.44,"Broad beans and horse beans, green","no"
NA,"World","Vegetables","Production","t",2001,1108779.7,"Broad beans and horse beans, green","no"
NA,"World","Vegetables","Production","t",2002,1148866.92,"Broad beans and horse beans, green","no"
NA,"World","Vegetables","Production","t",2003,1431812.55,"Broad beans and horse beans, green","no"
NA,"World","Vegetables","Production","t",2004,1583492.75,"Broad beans and horse beans, green","no"
NA,"World","Vegetables","Production","t",2005,1469749.55,"Broad beans and horse beans, green","no"
NA,"World","Vegetables","Production","t",2006,1510267.76,"Broad beans and horse beans, green","no"
NA,"World","Vegetables","Production","t",2007,1464056.5,"Broad beans and horse beans, green","no"
NA,"World","Vegetables","Production","t",2008,1576690.26,"Broad beans and horse beans, green","no"
NA,"World","Vegetables","Production","t",2009,1786018.15,"Broad beans and horse beans, green","no"
NA,"World","Vegetables","Production","t",2010,1730114.02,"Broad beans and horse beans, green","no"
NA,"World","Vegetables","Production","t",2011,1608614.93,"Broad beans and horse beans, green","no"
NA,"World","Vegetables","Production","t",2012,1738195.61,"Broad beans and horse beans, green","no"
NA,"World","Vegetables","Production","t",2013,1827422.55,"Broad beans and horse beans, green","no"
NA,"World","Vegetables","Production","t",2014,1803978.12,"Broad beans and horse beans, green","no"
NA,"World","Vegetables","Production","t",2015,1704022.46,"Broad beans and horse beans, green","no"
NA,"World","Vegetables","Production","t",2016,1688983.73,"Broad beans and horse beans, green","no"
NA,"World","Vegetables","Production","t",2017,1644205.1,"Broad beans and horse beans, green","no"
NA,"World","Vegetables","Production","t",2018,1743556.41,"Broad beans and horse beans, green","no"
NA,"World","Vegetables","Production","t",2019,1669851.34,"Broad beans and horse beans, green","no"
NA,"World","Vegetables","Production","t",2020,1805316.89,"Broad beans and horse beans, green","no"
NA,"World","Vegetables","Production","t",2021,1690897.67,"Broad beans and horse beans, green","no"
NA,"World","Vegetables","Production","t",2022,1619507.09,"Broad beans and horse beans, green","no"
NA,"World","Vegetables","Production","t",2023,1637887.48,"Broad beans and horse beans, green","no"
NA,"World","Cereals","Area harvested","ha",1992,4990505,"Buckwheat","no"
NA,"World","Cereals","Area harvested","ha",1993,4379136,"Buckwheat","no"
NA,"World","Cereals","Area harvested","ha",1994,4130856,"Buckwheat","no"
NA,"World","Cereals","Area harvested","ha",1995,3320555,"Buckwheat","no"
NA,"World","Cereals","Area harvested","ha",1996,3020310,"Buckwheat","no"
NA,"World","Cereals","Area harvested","ha",1997,2863205,"Buckwheat","no"
NA,"World","Cereals","Area harvested","ha",1998,2691892,"Buckwheat","no"
NA,"World","Cereals","Area harvested","ha",1999,2745095,"Buckwheat","no"
NA,"World","Cereals","Area harvested","ha",2000,3466736,"Buckwheat","no"
NA,"World","Cereals","Area harvested","ha",2001,3090801,"Buckwheat","no"
NA,"World","Cereals","Area harvested","ha",2002,2067709,"Buckwheat","no"
NA,"World","Cereals","Area harvested","ha",2003,2147305,"Buckwheat","no"
NA,"World","Cereals","Area harvested","ha",2004,2426782,"Buckwheat","no"
NA,"World","Cereals","Area harvested","ha",2005,2482292,"Buckwheat","no"
NA,"World","Cereals","Area harvested","ha",2006,2750754,"Buckwheat","no"
NA,"World","Cereals","Area harvested","ha",2007,2739369,"Buckwheat","no"
NA,"World","Cereals","Area harvested","ha",2008,2425931,"Buckwheat","no"
NA,"World","Cereals","Area harvested","ha",2009,2025966,"Buckwheat","no"
NA,"World","Cereals","Area harvested","ha",2010,1911267,"Buckwheat","no"
NA,"World","Cereals","Area harvested","ha",2011,2338649,"Buckwheat","no"
NA,"World","Cereals","Area harvested","ha",2012,2491909,"Buckwheat","no"
NA,"World","Cereals","Area harvested","ha",2013,2263608,"Buckwheat","no"
NA,"World","Cereals","Area harvested","ha",2014,1997523,"Buckwheat","no"
NA,"World","Cereals","Area harvested","ha",2015,2025169,"Buckwheat","no"
NA,"World","Cereals","Area harvested","ha",2016,2474608,"Buckwheat","no"
NA,"World","Cereals","Area harvested","ha",2017,2940573,"Buckwheat","no"
NA,"World","Cereals","Area harvested","ha",2018,2114691,"Buckwheat","no"
NA,"World","Cereals","Area harvested","ha",2019,1838204,"Buckwheat","no"
NA,"World","Cereals","Area harvested","ha",2020,1855059,"Buckwheat","no"
NA,"World","Cereals","Area harvested","ha",2021,1984755,"Buckwheat","no"
NA,"World","Cereals","Area harvested","ha",2022,2232857,"Buckwheat","no"
NA,"World","Cereals","Area harvested","ha",2023,2187546,"Buckwheat","no"
NA,"World","Cereals","Yield","kg/ha",1992,996.9,"Buckwheat","no"
NA,"World","Cereals","Yield","kg/ha",1993,972.2,"Buckwheat","no"
NA,"World","Cereals","Yield","kg/ha",1994,913.2,"Buckwheat","no"
NA,"World","Cereals","Yield","kg/ha",1995,1043.4,"Buckwheat","no"
NA,"World","Cereals","Yield","kg/ha",1996,1083.2,"Buckwheat","no"
NA,"World","Cereals","Yield","kg/ha",1997,1290.5,"Buckwheat","no"
NA,"World","Cereals","Yield","kg/ha",1998,1150.2,"Buckwheat","no"
NA,"World","Cereals","Yield","kg/ha",1999,1016.2,"Buckwheat","no"
NA,"World","Cereals","Yield","kg/ha",2000,1090.6,"Buckwheat","no"
NA,"World","Cereals","Yield","kg/ha",2001,838,"Buckwheat","no"
NA,"World","Cereals","Yield","kg/ha",2002,885,"Buckwheat","no"
NA,"World","Cereals","Yield","kg/ha",2003,1196.7,"Buckwheat","no"
NA,"World","Cereals","Yield","kg/ha",2004,944.1,"Buckwheat","no"
NA,"World","Cereals","Yield","kg/ha",2005,838.3,"Buckwheat","no"
NA,"World","Cereals","Yield","kg/ha",2006,705.5,"Buckwheat","no"
NA,"World","Cereals","Yield","kg/ha",2007,868.4,"Buckwheat","no"
NA,"World","Cereals","Yield","kg/ha",2008,915.2,"Buckwheat","no"
NA,"World","Cereals","Yield","kg/ha",2009,888.7,"Buckwheat","no"
NA,"World","Cereals","Yield","kg/ha",2010,761.1,"Buckwheat","no"
NA,"World","Cereals","Yield","kg/ha",2011,1012.6,"Buckwheat","no"
NA,"World","Cereals","Yield","kg/ha",2012,908.1,"Buckwheat","no"
NA,"World","Cereals","Yield","kg/ha",2013,1000.1,"Buckwheat","no"
NA,"World","Cereals","Yield","kg/ha",2014,961.4,"Buckwheat","no"
NA,"World","Cereals","Yield","kg/ha",2015,949.9,"Buckwheat","no"
NA,"World","Cereals","Yield","kg/ha",2016,1046.5,"Buckwheat","no"
NA,"World","Cereals","Yield","kg/ha",2017,1032.5,"Buckwheat","no"
NA,"World","Cereals","Yield","kg/ha",2018,920,"Buckwheat","no"
NA,"World","Cereals","Yield","kg/ha",2019,937.8,"Buckwheat","no"
NA,"World","Cereals","Yield","kg/ha",2020,973.5,"Buckwheat","no"
NA,"World","Cereals","Yield","kg/ha",2021,941.5,"Buckwheat","no"
NA,"World","Cereals","Yield","kg/ha",2022,999.4,"Buckwheat","no"
NA,"World","Cereals","Yield","kg/ha",2023,1007.5,"Buckwheat","no"
NA,"World","Cereals","Production","t",1992,4975234.2,"Buckwheat","no"
NA,"World","Cereals","Production","t",1993,4257560.54,"Buckwheat","no"
NA,"World","Cereals","Production","t",1994,3772501.53,"Buckwheat","no"
NA,"World","Cereals","Production","t",1995,3464678.71,"Buckwheat","no"
NA,"World","Cereals","Production","t",1996,3271628.58,"Buckwheat","no"
NA,"World","Cereals","Production","t",1997,3694888.48,"Buckwheat","no"
NA,"World","Cereals","Production","t",1998,3096291.95,"Buckwheat","no"
NA,"World","Cereals","Production","t",1999,2789484.73,"Buckwheat","no"
NA,"World","Cereals","Production","t",2000,3780798.02,"Buckwheat","no"
NA,"World","Cereals","Production","t",2001,2590076.66,"Buckwheat","no"
NA,"World","Cereals","Production","t",2002,1829879.51,"Buckwheat","no"
NA,"World","Cereals","Production","t",2003,2569615.67,"Buckwheat","no"
NA,"World","Cereals","Production","t",2004,2291096.8,"Buckwheat","no"
NA,"World","Cereals","Production","t",2005,2080803.75,"Buckwheat","no"
NA,"World","Cereals","Production","t",2006,1940669.92,"Buckwheat","no"
NA,"World","Cereals","Production","t",2007,2378845.4,"Buckwheat","no"
NA,"World","Cereals","Production","t",2008,2220113.41,"Buckwheat","no"
NA,"World","Cereals","Production","t",2009,1800527.09,"Buckwheat","no"
NA,"World","Cereals","Production","t",2010,1454590.45,"Buckwheat","no"
NA,"World","Cereals","Production","t",2011,2368022.95,"Buckwheat","no"
NA,"World","Cereals","Production","t",2012,2262982,"Buckwheat","no"
NA,"World","Cereals","Production","t",2013,2263764.35,"Buckwheat","no"
NA,"World","Cereals","Production","t",2014,1920366.07,"Buckwheat","no"
NA,"World","Cereals","Production","t",2015,1923740.43,"Buckwheat","no"
NA,"World","Cereals","Production","t",2016,2589785.21,"Buckwheat","no"
NA,"World","Cereals","Production","t",2017,3036090.56,"Buckwheat","no"
NA,"World","Cereals","Production","t",2018,1945554.06,"Buckwheat","no"
NA,"World","Cereals","Production","t",2019,1723878.97,"Buckwheat","no"
NA,"World","Cereals","Production","t",2020,1805936.44,"Buckwheat","no"
NA,"World","Cereals","Production","t",2021,1868692.47,"Buckwheat","no"
NA,"World","Cereals","Production","t",2022,2231443.03,"Buckwheat","no"
NA,"World","Cereals","Production","t",2023,2204015.23,"Buckwheat","no"
NA,"World","Live animals","Stocks","An",1992,152491361,"Buffalo","no"
NA,"World","Live animals","Stocks","An",1993,154080069,"Buffalo","no"
NA,"World","Live animals","Stocks","An",1994,156407073,"Buffalo","no"
NA,"World","Live animals","Stocks","An",1995,158531978,"Buffalo","no"
NA,"World","Live animals","Stocks","An",1996,159238323,"Buffalo","no"
NA,"World","Live animals","Stocks","An",1997,157095233,"Buffalo","no"
NA,"World","Live animals","Stocks","An",1998,160657445,"Buffalo","no"
NA,"World","Live animals","Stocks","An",1999,162268545,"Buffalo","no"
NA,"World","Live animals","Stocks","An",2000,164254815,"Buffalo","no"
NA,"World","Live animals","Stocks","An",2001,166280333,"Buffalo","no"
NA,"World","Live animals","Stocks","An",2002,168745134,"Buffalo","no"
NA,"World","Live animals","Stocks","An",2003,171513784,"Buffalo","no"
NA,"World","Live animals","Stocks","An",2004,174014534,"Buffalo","no"
NA,"World","Live animals","Stocks","An",2005,177006343,"Buffalo","no"
NA,"World","Live animals","Stocks","An",2006,180660277,"Buffalo","no"
NA,"World","Live animals","Stocks","An",2007,184120533,"Buffalo","no"
NA,"World","Live animals","Stocks","An",2008,185839212,"Buffalo","no"
NA,"World","Live animals","Stocks","An",2009,194180345,"Buffalo","no"
NA,"World","Live animals","Stocks","An",2010,194077903,"Buffalo","no"
NA,"World","Live animals","Stocks","An",2011,195327711,"Buffalo","no"
NA,"World","Live animals","Stocks","An",2012,196565045,"Buffalo","no"
NA,"World","Live animals","Stocks","An",2013,196954194,"Buffalo","no"
NA,"World","Live animals","Stocks","An",2014,198335144,"Buffalo","no"
NA,"World","Live animals","Stocks","An",2015,199697418,"Buffalo","no"
NA,"World","Live animals","Stocks","An",2016,200954710,"Buffalo","no"
NA,"World","Live animals","Stocks","An",2017,201531074,"Buffalo","no"
NA,"World","Live animals","Stocks","An",2018,201030970,"Buffalo","no"
NA,"World","Live animals","Stocks","An",2019,200687660,"Buffalo","no"
NA,"World","Live animals","Stocks","An",2020,202759886,"Buffalo","no"
NA,"World","Live animals","Stocks","An",2021,206534184,"Buffalo","no"
NA,"World","Live animals","Stocks","An",2022,209310122,"Buffalo","no"
NA,"World","Live animals","Stocks","An",2023,209431865,"Buffalo","no"
NA,"World","Animal fats","Production","t",1992,145714.63,"Buffalo fat, unrendered","no"
NA,"World","Animal fats","Production","t",1993,124738.94,"Buffalo fat, unrendered","no"
NA,"World","Animal fats","Production","t",1994,134928.98,"Buffalo fat, unrendered","no"
NA,"World","Animal fats","Production","t",1995,144089.61,"Buffalo fat, unrendered","no"
NA,"World","Animal fats","Production","t",1996,119347.8,"Buffalo fat, unrendered","no"
NA,"World","Animal fats","Production","t",1997,140687.73,"Buffalo fat, unrendered","no"
NA,"World","Animal fats","Production","t",1998,157918.22,"Buffalo fat, unrendered","no"
NA,"World","Animal fats","Production","t",1999,177256.78,"Buffalo fat, unrendered","no"
NA,"World","Animal fats","Production","t",2000,183642.53,"Buffalo fat, unrendered","no"
NA,"World","Animal fats","Production","t",2001,194081.58,"Buffalo fat, unrendered","no"
NA,"World","Animal fats","Production","t",2002,207550.4,"Buffalo fat, unrendered","no"
NA,"World","Animal fats","Production","t",2003,219069.53,"Buffalo fat, unrendered","no"
NA,"World","Animal fats","Production","t",2004,235103.77,"Buffalo fat, unrendered","no"
NA,"World","Animal fats","Production","t",2005,241347.2,"Buffalo fat, unrendered","no"
NA,"World","Animal fats","Production","t",2006,267593.33,"Buffalo fat, unrendered","no"
NA,"World","Animal fats","Production","t",2007,275405.37,"Buffalo fat, unrendered","no"
NA,"World","Animal fats","Production","t",2008,289146.13,"Buffalo fat, unrendered","no"
NA,"World","Animal fats","Production","t",2009,307095.6,"Buffalo fat, unrendered","no"
NA,"World","Animal fats","Production","t",2010,320861.16,"Buffalo fat, unrendered","no"
NA,"World","Animal fats","Production","t",2011,333402.01,"Buffalo fat, unrendered","no"
NA,"World","Animal fats","Production","t",2012,346861.66,"Buffalo fat, unrendered","no"
NA,"World","Animal fats","Production","t",2013,366442.07,"Buffalo fat, unrendered","no"
NA,"World","Animal fats","Production","t",2014,380651.73,"Buffalo fat, unrendered","no"
NA,"World","Animal fats","Production","t",2015,388637.46,"Buffalo fat, unrendered","no"
NA,"World","Animal fats","Production","t",2016,395177.99,"Buffalo fat, unrendered","no"
NA,"World","Animal fats","Production","t",2017,401755.59,"Buffalo fat, unrendered","no"
NA,"World","Animal fats","Production","t",2018,404726.75,"Buffalo fat, unrendered","no"
NA,"World","Animal fats","Production","t",2019,406477.14,"Buffalo fat, unrendered","no"
NA,"World","Animal fats","Production","t",2020,376532.13,"Buffalo fat, unrendered","no"
NA,"World","Animal fats","Production","t",2021,408076.53,"Buffalo fat, unrendered","no"
NA,"World","Animal fats","Production","t",2022,422218.52,"Buffalo fat, unrendered","no"
NA,"World","Animal fats","Production","t",2023,432558.52,"Buffalo fat, unrendered","no"
NA,"World","Other dairy products","Production","t",1992,63627.84,"Butter and ghee of sheep milk","no"
NA,"World","Other dairy products","Production","t",1993,59941.99,"Butter and ghee of sheep milk","no"
NA,"World","Other dairy products","Production","t",1994,59991.62,"Butter and ghee of sheep milk","no"
NA,"World","Other dairy products","Production","t",1995,57145.52,"Butter and ghee of sheep milk","no"
NA,"World","Other dairy products","Production","t",1996,56227.69,"Butter and ghee of sheep milk","no"
NA,"World","Other dairy products","Production","t",1997,55369.4,"Butter and ghee of sheep milk","no"
NA,"World","Other dairy products","Production","t",1998,56958.13,"Butter and ghee of sheep milk","no"
NA,"World","Other dairy products","Production","t",1999,58584.07,"Butter and ghee of sheep milk","no"
NA,"World","Other dairy products","Production","t",2000,58479.97,"Butter and ghee of sheep milk","no"
NA,"World","Other dairy products","Production","t",2001,56935.86,"Butter and ghee of sheep milk","no"
NA,"World","Other dairy products","Production","t",2002,51819.43,"Butter and ghee of sheep milk","no"
NA,"World","Other dairy products","Production","t",2003,58794.92,"Butter and ghee of sheep milk","no"
NA,"World","Other dairy products","Production","t",2004,56752.07,"Butter and ghee of sheep milk","no"
NA,"World","Other dairy products","Production","t",2005,57116.37,"Butter and ghee of sheep milk","no"
NA,"World","Other dairy products","Production","t",2006,56704.02,"Butter and ghee of sheep milk","no"
NA,"World","Other dairy products","Production","t",2007,58483.92,"Butter and ghee of sheep milk","no"
NA,"World","Other dairy products","Production","t",2008,53194.59,"Butter and ghee of sheep milk","no"
NA,"World","Other dairy products","Production","t",2009,53483.73,"Butter and ghee of sheep milk","no"
NA,"World","Other dairy products","Production","t",2010,47988.05,"Butter and ghee of sheep milk","no"
NA,"World","Other dairy products","Production","t",2011,51114.3,"Butter and ghee of sheep milk","no"
NA,"World","Other dairy products","Production","t",2012,55312.14,"Butter and ghee of sheep milk","no"
NA,"World","Other dairy products","Production","t",2013,58277.81,"Butter and ghee of sheep milk","no"
NA,"World","Other dairy products","Production","t",2014,57165.89,"Butter and ghee of sheep milk","no"
NA,"World","Other dairy products","Production","t",2015,61313.64,"Butter and ghee of sheep milk","no"
NA,"World","Other dairy products","Production","t",2016,58552.74,"Butter and ghee of sheep milk","no"
NA,"World","Other dairy products","Production","t",2017,66983.92,"Butter and ghee of sheep milk","no"
NA,"World","Other dairy products","Production","t",2018,64810.04,"Butter and ghee of sheep milk","no"
NA,"World","Other dairy products","Production","t",2019,66815.06,"Butter and ghee of sheep milk","no"
NA,"World","Other dairy products","Production","t",2020,60964.89,"Butter and ghee of sheep milk","no"
NA,"World","Other dairy products","Production","t",2021,62088.97,"Butter and ghee of sheep milk","no"
NA,"World","Other dairy products","Production","t",2022,60334.42,"Butter and ghee of sheep milk","no"
NA,"World","Other dairy products","Production","t",2023,NA,"Butter and ghee of sheep milk","no"
NA,"World","Other dairy products","Production","t",1992,180888.35,"Butter of buffalo milk","no"
NA,"World","Other dairy products","Production","t",1993,185189.37,"Butter of buffalo milk","no"
NA,"World","Other dairy products","Production","t",1994,185510.31,"Butter of buffalo milk","no"
NA,"World","Other dairy products","Production","t",1995,190075.5,"Butter of buffalo milk","no"
NA,"World","Other dairy products","Production","t",1996,207504.67,"Butter of buffalo milk","no"
NA,"World","Other dairy products","Production","t",1997,221087.78,"Butter of buffalo milk","no"
NA,"World","Other dairy products","Production","t",1998,324524.02,"Butter of buffalo milk","no"
NA,"World","Other dairy products","Production","t",1999,370724.62,"Butter of buffalo milk","no"
NA,"World","Other dairy products","Production","t",2000,406050.51,"Butter of buffalo milk","no"
NA,"World","Other dairy products","Production","t",2001,575897.17,"Butter of buffalo milk","no"
NA,"World","Other dairy products","Production","t",2002,605707.11,"Butter of buffalo milk","no"
NA,"World","Other dairy products","Production","t",2003,635322.55,"Butter of buffalo milk","no"
NA,"World","Other dairy products","Production","t",2004,667346.36,"Butter of buffalo milk","no"
NA,"World","Other dairy products","Production","t",2005,695664.9,"Butter of buffalo milk","no"
NA,"World","Other dairy products","Production","t",2006,710120.2,"Butter of buffalo milk","no"
NA,"World","Other dairy products","Production","t",2007,738478.2,"Butter of buffalo milk","no"
NA,"World","Other dairy products","Production","t",2008,754680.71,"Butter of buffalo milk","no"
NA,"World","Other dairy products","Production","t",2009,775119.18,"Butter of buffalo milk","no"
NA,"World","Other dairy products","Production","t",2010,1244492.55,"Butter of buffalo milk","no"
NA,"World","Other dairy products","Production","t",2011,1265869.22,"Butter of buffalo milk","no"
NA,"World","Other dairy products","Production","t",2012,1312491.88,"Butter of buffalo milk","no"
NA,"World","Other dairy products","Production","t",2013,1470968.78,"Butter of buffalo milk","no"
NA,"World","Other dairy products","Production","t",2014,1518123.46,"Butter of buffalo milk","no"
NA,"World","Other dairy products","Production","t",2015,1547857.69,"Butter of buffalo milk","no"
NA,"World","Other dairy products","Production","t",2016,1558822.52,"Butter of buffalo milk","no"
NA,"World","Other dairy products","Production","t",2017,1612228.32,"Butter of buffalo milk","no"
NA,"World","Other dairy products","Production","t",2018,1653838.99,"Butter of buffalo milk","no"
NA,"World","Other dairy products","Production","t",2019,1738091.71,"Butter of buffalo milk","no"
NA,"World","Other dairy products","Production","t",2020,1732958.49,"Butter of buffalo milk","no"
NA,"World","Other dairy products","Production","t",2021,1865869.5,"Butter of buffalo milk","no"
NA,"World","Other dairy products","Production","t",2022,1808726.21,"Butter of buffalo milk","no"
NA,"World","Other dairy products","Production","t",2023,NA,"Butter of buffalo milk","no"
NA,"World","Other dairy products","Production","t",1992,5470030.89,"Butter of cow milk","no"
NA,"World","Other dairy products","Production","t",1993,5281105.13,"Butter of cow milk","no"
NA,"World","Other dairy products","Production","t",1994,4851205.68,"Butter of cow milk","no"
NA,"World","Other dairy products","Production","t",1995,4778166.98,"Butter of cow milk","no"
NA,"World","Other dairy products","Production","t",1996,4630577.96,"Butter of cow milk","no"
NA,"World","Other dairy products","Production","t",1997,4631087.06,"Butter of cow milk","no"
NA,"World","Other dairy products","Production","t",1998,4599187.85,"Butter of cow milk","no"
NA,"World","Other dairy products","Production","t",1999,4632699.18,"Butter of cow milk","no"
NA,"World","Other dairy products","Production","t",2000,4647676.08,"Butter of cow milk","no"
NA,"World","Other dairy products","Production","t",2001,4673850.33,"Butter of cow milk","no"
NA,"World","Other dairy products","Production","t",2002,4814139.28,"Butter of cow milk","no"
NA,"World","Other dairy products","Production","t",2003,4778493.68,"Butter of cow milk","no"
NA,"World","Other dairy products","Production","t",2004,4772508.7,"Butter of cow milk","no"
NA,"World","Other dairy products","Production","t",2005,4847971.52,"Butter of cow milk","no"
NA,"World","Other dairy products","Production","t",2006,4834106.65,"Butter of cow milk","no"
NA,"World","Other dairy products","Production","t",2007,4938751.8,"Butter of cow milk","no"
NA,"World","Other dairy products","Production","t",2008,4962556.57,"Butter of cow milk","no"
NA,"World","Other dairy products","Production","t",2009,4843451.42,"Butter of cow milk","no"
NA,"World","Other dairy products","Production","t",2010,4936692.14,"Butter of cow milk","no"
NA,"World","Other dairy products","Production","t",2011,5210745.95,"Butter of cow milk","no"
NA,"World","Other dairy products","Production","t",2012,5265292.27,"Butter of cow milk","no"
NA,"World","Other dairy products","Production","t",2013,5343944.78,"Butter of cow milk","no"
NA,"World","Other dairy products","Production","t",2014,5723418.06,"Butter of cow milk","no"
NA,"World","Other dairy products","Production","t",2015,5661488.8,"Butter of cow milk","no"
NA,"World","Other dairy products","Production","t",2016,5814714.05,"Butter of cow milk","no"
NA,"World","Other dairy products","Production","t",2017,5823970.64,"Butter of cow milk","no"
NA,"World","Other dairy products","Production","t",2018,5929243.9,"Butter of cow milk","no"
NA,"World","Other dairy products","Production","t",2019,6032977.6,"Butter of cow milk","no"
NA,"World","Other dairy products","Production","t",2020,6109960.79,"Butter of cow milk","no"
NA,"World","Other dairy products","Production","t",2021,5973011.02,"Butter of cow milk","no"
NA,"World","Other dairy products","Production","t",2022,5982452.51,"Butter of cow milk","no"
NA,"World","Other dairy products","Production","t",2023,NA,"Butter of cow milk","no"
NA,"World","Other dairy products","Production","t",1992,90437,"Buttermilk, dry","no"
NA,"World","Other dairy products","Production","t",1993,91064,"Buttermilk, dry","no"
NA,"World","Other dairy products","Production","t",1994,102779,"Buttermilk, dry","no"
NA,"World","Other dairy products","Production","t",1995,102400,"Buttermilk, dry","no"
NA,"World","Other dairy products","Production","t",1996,105249,"Buttermilk, dry","no"
NA,"World","Other dairy products","Production","t",1997,105209,"Buttermilk, dry","no"
NA,"World","Other dairy products","Production","t",1998,112660,"Buttermilk, dry","no"
NA,"World","Other dairy products","Production","t",1999,105726,"Buttermilk, dry","no"
NA,"World","Other dairy products","Production","t",2000,110854,"Buttermilk, dry","no"
NA,"World","Other dairy products","Production","t",2001,113613,"Buttermilk, dry","no"
NA,"World","Other dairy products","Production","t",2002,129316,"Buttermilk, dry","no"
NA,"World","Other dairy products","Production","t",2003,115844,"Buttermilk, dry","no"
NA,"World","Other dairy products","Production","t",2004,121728,"Buttermilk, dry","no"
NA,"World","Other dairy products","Production","t",2005,126311,"Buttermilk, dry","no"
NA,"World","Other dairy products","Production","t",2006,124968,"Buttermilk, dry","no"
NA,"World","Other dairy products","Production","t",2007,130698,"Buttermilk, dry","no"
NA,"World","Other dairy products","Production","t",2008,131029,"Buttermilk, dry","no"
NA,"World","Other dairy products","Production","t",2009,134780,"Buttermilk, dry","no"
NA,"World","Other dairy products","Production","t",2010,166428.19,"Buttermilk, dry","no"
NA,"World","Other dairy products","Production","t",2011,169696.31,"Buttermilk, dry","no"
NA,"World","Other dairy products","Production","t",2012,188768.95,"Buttermilk, dry","no"
NA,"World","Other dairy products","Production","t",2013,203140.89,"Buttermilk, dry","no"
NA,"World","Other dairy products","Production","t",2014,550948.04,"Buttermilk, dry","no"
NA,"World","Other dairy products","Production","t",2015,550140.47,"Buttermilk, dry","no"
NA,"World","Other dairy products","Production","t",2016,571199.31,"Buttermilk, dry","no"
NA,"World","Other dairy products","Production","t",2017,581554.28,"Buttermilk, dry","no"
NA,"World","Other dairy products","Production","t",2018,655486.68,"Buttermilk, dry","no"
NA,"World","Other dairy products","Production","t",2019,633088.61,"Buttermilk, dry","no"
NA,"World","Other dairy products","Production","t",2020,618887.46,"Buttermilk, dry","no"
NA,"World","Other dairy products","Production","t",2021,653506.09,"Buttermilk, dry","no"
NA,"World","Other dairy products","Production","t",2022,638361.39,"Buttermilk, dry","no"
NA,"World","Other dairy products","Production","t",2023,NA,"Buttermilk, dry","no"
NA,"World","Vegetables","Area harvested","ha",1992,1723520,"Cabbages","no"
NA,"World","Vegetables","Area harvested","ha",1993,1846262,"Cabbages","no"
NA,"World","Vegetables","Area harvested","ha",1994,1907614,"Cabbages","no"
NA,"World","Vegetables","Area harvested","ha",1995,1957187,"Cabbages","no"
NA,"World","Vegetables","Area harvested","ha",1996,2097541,"Cabbages","no"
NA,"World","Vegetables","Area harvested","ha",1997,2140178,"Cabbages","no"
NA,"World","Vegetables","Area harvested","ha",1998,2245813,"Cabbages","no"
NA,"World","Vegetables","Area harvested","ha",1999,2438449,"Cabbages","no"
NA,"World","Vegetables","Area harvested","ha",2000,2710080,"Cabbages","no"
NA,"World","Vegetables","Area harvested","ha",2001,2544426,"Cabbages","no"
NA,"World","Vegetables","Area harvested","ha",2002,2459518,"Cabbages","no"
NA,"World","Vegetables","Area harvested","ha",2003,2407034,"Cabbages","no"
NA,"World","Vegetables","Area harvested","ha",2004,2311324,"Cabbages","no"
NA,"World","Vegetables","Area harvested","ha",2005,2311170,"Cabbages","no"
NA,"World","Vegetables","Area harvested","ha",2006,2176723,"Cabbages","no"
NA,"World","Vegetables","Area harvested","ha",2007,2173462,"Cabbages","no"
NA,"World","Vegetables","Area harvested","ha",2008,2213953,"Cabbages","no"
NA,"World","Vegetables","Area harvested","ha",2009,2231866,"Cabbages","no"
NA,"World","Vegetables","Area harvested","ha",2010,2242389,"Cabbages","no"
NA,"World","Vegetables","Area harvested","ha",2011,2354126,"Cabbages","no"
NA,"World","Vegetables","Area harvested","ha",2012,2322470,"Cabbages","no"
NA,"World","Vegetables","Area harvested","ha",2013,2309545,"Cabbages","no"
NA,"World","Vegetables","Area harvested","ha",2014,2335908,"Cabbages","no"
NA,"World","Vegetables","Area harvested","ha",2015,2339285,"Cabbages","no"
NA,"World","Vegetables","Area harvested","ha",2016,2328711,"Cabbages","no"
NA,"World","Vegetables","Area harvested","ha",2017,2340788,"Cabbages","no"
NA,"World","Vegetables","Area harvested","ha",2018,2322602,"Cabbages","no"
NA,"World","Vegetables","Area harvested","ha",2019,2345230,"Cabbages","no"
NA,"World","Vegetables","Area harvested","ha",2020,2342183,"Cabbages","no"
NA,"World","Vegetables","Area harvested","ha",2021,2348495,"Cabbages","no"
NA,"World","Vegetables","Area harvested","ha",2022,2354928,"Cabbages","no"
NA,"World","Vegetables","Area harvested","ha",2023,2358985,"Cabbages","no"
NA,"World","Vegetables","Yield","kg/ha",1992,22755.8,"Cabbages","no"
NA,"World","Vegetables","Yield","kg/ha",1993,22885.2,"Cabbages","no"
NA,"World","Vegetables","Yield","kg/ha",1994,22234.4,"Cabbages","no"
NA,"World","Vegetables","Yield","kg/ha",1995,22960.6,"Cabbages","no"
NA,"World","Vegetables","Yield","kg/ha",1996,22970,"Cabbages","no"
NA,"World","Vegetables","Yield","kg/ha",1997,22849.9,"Cabbages","no"
NA,"World","Vegetables","Yield","kg/ha",1998,22162.2,"Cabbages","no"
NA,"World","Vegetables","Yield","kg/ha",1999,21780.5,"Cabbages","no"
NA,"World","Vegetables","Yield","kg/ha",2000,27727.8,"Cabbages","no"
NA,"World","Vegetables","Yield","kg/ha",2001,28046,"Cabbages","no"
NA,"World","Vegetables","Yield","kg/ha",2002,27822.6,"Cabbages","no"
NA,"World","Vegetables","Yield","kg/ha",2003,28221.1,"Cabbages","no"
NA,"World","Vegetables","Yield","kg/ha",2004,28764.7,"Cabbages","no"
NA,"World","Vegetables","Yield","kg/ha",2005,28219.1,"Cabbages","no"
NA,"World","Vegetables","Yield","kg/ha",2006,29594.1,"Cabbages","no"
NA,"World","Vegetables","Yield","kg/ha",2007,28736.8,"Cabbages","no"
NA,"World","Vegetables","Yield","kg/ha",2008,29391.4,"Cabbages","no"
NA,"World","Vegetables","Yield","kg/ha",2009,29423,"Cabbages","no"
NA,"World","Vegetables","Yield","kg/ha",2010,29413.7,"Cabbages","no"
NA,"World","Vegetables","Yield","kg/ha",2011,29730.6,"Cabbages","no"
NA,"World","Vegetables","Yield","kg/ha",2012,29284.8,"Cabbages","no"
NA,"World","Vegetables","Yield","kg/ha",2013,29838.3,"Cabbages","no"
NA,"World","Vegetables","Yield","kg/ha",2014,30452.9,"Cabbages","no"
NA,"World","Vegetables","Yield","kg/ha",2015,30161.5,"Cabbages","no"
NA,"World","Vegetables","Yield","kg/ha",2016,30511.4,"Cabbages","no"
NA,"World","Vegetables","Yield","kg/ha",2017,30854.4,"Cabbages","no"
NA,"World","Vegetables","Yield","kg/ha",2018,30823.8,"Cabbages","no"
NA,"World","Vegetables","Yield","kg/ha",2019,30984.6,"Cabbages","no"
NA,"World","Vegetables","Yield","kg/ha",2020,31432.2,"Cabbages","no"
NA,"World","Vegetables","Yield","kg/ha",2021,31079.1,"Cabbages","no"
NA,"World","Vegetables","Yield","kg/ha",2022,31270.8,"Cabbages","no"
NA,"World","Vegetables","Yield","kg/ha",2023,31296.7,"Cabbages","no"
NA,"World","Vegetables","Production","t",1992,39220007.18,"Cabbages","no"
NA,"World","Vegetables","Production","t",1993,42252167.8,"Cabbages","no"
NA,"World","Vegetables","Production","t",1994,42414681.99,"Cabbages","no"
NA,"World","Vegetables","Production","t",1995,44938193.91,"Cabbages","no"
NA,"World","Vegetables","Production","t",1996,48180536.99,"Cabbages","no"
NA,"World","Vegetables","Production","t",1997,48902865.37,"Cabbages","no"
NA,"World","Vegetables","Production","t",1998,49772054.15,"Cabbages","no"
NA,"World","Vegetables","Production","t",1999,53110664.26,"Cabbages","no"
NA,"World","Vegetables","Production","t",2000,75144538.37,"Cabbages","no"
NA,"World","Vegetables","Production","t",2001,71361001.74,"Cabbages","no"
NA,"World","Vegetables","Production","t",2002,68430231.59,"Cabbages","no"
NA,"World","Vegetables","Production","t",2003,67929224.97,"Cabbages","no"
NA,"World","Vegetables","Production","t",2004,66484578.6,"Cabbages","no"
NA,"World","Vegetables","Production","t",2005,65219041.28,"Cabbages","no"
NA,"World","Vegetables","Production","t",2006,64418187.17,"Cabbages","no"
NA,"World","Vegetables","Production","t",2007,62458244.38,"Cabbages","no"
NA,"World","Vegetables","Production","t",2008,65071086.68,"Cabbages","no"
NA,"World","Vegetables","Production","t",2009,65668197.8,"Cabbages","no"
NA,"World","Vegetables","Production","t",2010,65956907.34,"Cabbages","no"
NA,"World","Vegetables","Production","t",2011,69989608.18,"Cabbages","no"
NA,"World","Vegetables","Production","t",2012,68013166.6,"Cabbages","no"
NA,"World","Vegetables","Production","t",2013,68912999.15,"Cabbages","no"
NA,"World","Vegetables","Production","t",2014,71135132.42,"Cabbages","no"
NA,"World","Vegetables","Production","t",2015,70556369.21,"Cabbages","no"
NA,"World","Vegetables","Production","t",2016,71052245.4,"Cabbages","no"
NA,"World","Vegetables","Production","t",2017,72223722.71,"Cabbages","no"
NA,"World","Vegetables","Production","t",2018,71591455.17,"Cabbages","no"
NA,"World","Vegetables","Production","t",2019,72666110.26,"Cabbages","no"
NA,"World","Vegetables","Production","t",2020,73619840.4,"Cabbages","no"
NA,"World","Vegetables","Production","t",2021,72989125.76,"Cabbages","no"
NA,"World","Vegetables","Production","t",2022,73640598.46,"Cabbages","no"
NA,"World","Vegetables","Production","t",2023,73828504.77,"Cabbages","no"
NA,"World","Live animals","Stocks","An",1992,19828453,"Camels","no"
NA,"World","Live animals","Stocks","An",1993,19552521,"Camels","no"
NA,"World","Live animals","Stocks","An",1994,19867321,"Camels","no"
NA,"World","Live animals","Stocks","An",1995,20202595,"Camels","no"
NA,"World","Live animals","Stocks","An",1996,20202676,"Camels","no"
NA,"World","Live animals","Stocks","An",1997,20403440,"Camels","no"
NA,"World","Live animals","Stocks","An",1998,20861745,"Camels","no"
NA,"World","Live animals","Stocks","An",1999,21566755,"Camels","no"
NA,"World","Live animals","Stocks","An",2000,21842376,"Camels","no"
NA,"World","Live animals","Stocks","An",2001,22352432,"Camels","no"
NA,"World","Live animals","Stocks","An",2002,22858060,"Camels","no"
NA,"World","Live animals","Stocks","An",2003,23503877,"Camels","no"
NA,"World","Live animals","Stocks","An",2004,24462244,"Camels","no"
NA,"World","Live animals","Stocks","An",2005,24851473,"Camels","no"
NA,"World","Live animals","Stocks","An",2006,25138180,"Camels","no"
NA,"World","Live animals","Stocks","An",2007,27924280,"Camels","no"
NA,"World","Live animals","Stocks","An",2008,29159336,"Camels","no"
NA,"World","Live animals","Stocks","An",2009,28999683,"Camels","no"
NA,"World","Live animals","Stocks","An",2010,29671490,"Camels","no"
NA,"World","Live animals","Stocks","An",2011,30178726,"Camels","no"
NA,"World","Live animals","Stocks","An",2012,30468768,"Camels","no"
NA,"World","Live animals","Stocks","An",2013,31311625,"Camels","no"
NA,"World","Live animals","Stocks","An",2014,32124803,"Camels","no"
NA,"World","Live animals","Stocks","An",2015,32981414,"Camels","no"
NA,"World","Live animals","Stocks","An",2016,33868031,"Camels","no"
NA,"World","Live animals","Stocks","An",2017,35027206,"Camels","no"
NA,"World","Live animals","Stocks","An",2018,35978912,"Camels","no"
NA,"World","Live animals","Stocks","An",2019,37982288,"Camels","no"
NA,"World","Live animals","Stocks","An",2020,39598959,"Camels","no"
NA,"World","Live animals","Stocks","An",2021,40321289,"Camels","no"
NA,"World","Live animals","Stocks","An",2022,40757295,"Camels","no"
NA,"World","Live animals","Stocks","An",2023,42401242,"Camels","no"
NA,"World","Cereals","Area harvested","ha",1992,168945,"Canary seed","no"
NA,"World","Cereals","Area harvested","ha",1993,196504,"Canary seed","no"
NA,"World","Cereals","Area harvested","ha",1994,268300,"Canary seed","no"
NA,"World","Cereals","Area harvested","ha",1995,211785,"Canary seed","no"
NA,"World","Cereals","Area harvested","ha",1996,297060,"Canary seed","no"
NA,"World","Cereals","Area harvested","ha",1997,172284,"Canary seed","no"
NA,"World","Cereals","Area harvested","ha",1998,276033,"Canary seed","no"
NA,"World","Cereals","Area harvested","ha",1999,207359,"Canary seed","no"
NA,"World","Cereals","Area harvested","ha",2000,225139,"Canary seed","no"
NA,"World","Cereals","Area harvested","ha",2001,209143,"Canary seed","no"
NA,"World","Cereals","Area harvested","ha",2002,298334,"Canary seed","no"
NA,"World","Cereals","Area harvested","ha",2003,376393,"Canary seed","no"
NA,"World","Cereals","Area harvested","ha",2004,443705,"Canary seed","no"
NA,"World","Cereals","Area harvested","ha",2005,307954,"Canary seed","no"
NA,"World","Cereals","Area harvested","ha",2006,249890,"Canary seed","no"
NA,"World","Cereals","Area harvested","ha",2007,287148,"Canary seed","no"
NA,"World","Cereals","Area harvested","ha",2008,277649,"Canary seed","no"
NA,"World","Cereals","Area harvested","ha",2009,260374,"Canary seed","no"
NA,"World","Cereals","Area harvested","ha",2010,266590,"Canary seed","no"
NA,"World","Cereals","Area harvested","ha",2011,226932,"Canary seed","no"
NA,"World","Cereals","Area harvested","ha",2012,248501,"Canary seed","no"
NA,"World","Cereals","Area harvested","ha",2013,199166,"Canary seed","no"
NA,"World","Cereals","Area harvested","ha",2014,240538,"Canary seed","no"
NA,"World","Cereals","Area harvested","ha",2015,255673,"Canary seed","no"
NA,"World","Cereals","Area harvested","ha",2016,216515,"Canary seed","no"
NA,"World","Cereals","Area harvested","ha",2017,241368,"Canary seed","no"
NA,"World","Cereals","Area harvested","ha",2018,226557,"Canary seed","no"
NA,"World","Cereals","Area harvested","ha",2019,246420,"Canary seed","no"
NA,"World","Cereals","Area harvested","ha",2020,256415,"Canary seed","no"
NA,"World","Cereals","Area harvested","ha",2021,255631,"Canary seed","no"
NA,"World","Cereals","Area harvested","ha",2022,248911,"Canary seed","no"
NA,"World","Cereals","Area harvested","ha",2023,243463,"Canary seed","no"
NA,"World","Cereals","Yield","kg/ha",1992,1145.1,"Canary seed","no"
NA,"World","Cereals","Yield","kg/ha",1993,1040,"Canary seed","no"
NA,"World","Cereals","Yield","kg/ha",1994,1121,"Canary seed","no"
NA,"World","Cereals","Yield","kg/ha",1995,1021.7,"Canary seed","no"
NA,"World","Cereals","Yield","kg/ha",1996,1169.4,"Canary seed","no"
NA,"World","Cereals","Yield","kg/ha",1997,979.7,"Canary seed","no"
NA,"World","Cereals","Yield","kg/ha",1998,1113.2,"Canary seed","no"
NA,"World","Cereals","Yield","kg/ha",1999,1046.7,"Canary seed","no"
NA,"World","Cereals","Yield","kg/ha",2000,955.2,"Canary seed","no"
NA,"World","Cereals","Yield","kg/ha",2001,717.6,"Canary seed","no"
NA,"World","Cereals","Yield","kg/ha",2002,755.9,"Canary seed","no"
NA,"World","Cereals","Yield","kg/ha",2003,797.6,"Canary seed","no"
NA,"World","Cereals","Yield","kg/ha",2004,851.8,"Canary seed","no"
NA,"World","Cereals","Yield","kg/ha",2005,962.5,"Canary seed","no"
NA,"World","Cereals","Yield","kg/ha",2006,774.8,"Canary seed","no"
NA,"World","Cereals","Yield","kg/ha",2007,754.4,"Canary seed","no"
NA,"World","Cereals","Yield","kg/ha",2008,928.6,"Canary seed","no"
NA,"World","Cereals","Yield","kg/ha",2009,978.9,"Canary seed","no"
NA,"World","Cereals","Yield","kg/ha",2010,792,"Canary seed","no"
NA,"World","Cereals","Yield","kg/ha",2011,889.8,"Canary seed","no"
NA,"World","Cereals","Yield","kg/ha",2012,895.3,"Canary seed","no"
NA,"World","Cereals","Yield","kg/ha",2013,981.2,"Canary seed","no"
NA,"World","Cereals","Yield","kg/ha",2014,977.9,"Canary seed","no"
NA,"World","Cereals","Yield","kg/ha",2015,898.6,"Canary seed","no"
NA,"World","Cereals","Yield","kg/ha",2016,1015.3,"Canary seed","no"
NA,"World","Cereals","Yield","kg/ha",2017,1004,"Canary seed","no"
NA,"World","Cereals","Yield","kg/ha",2018,1002,"Canary seed","no"
NA,"World","Cereals","Yield","kg/ha",2019,1079.5,"Canary seed","no"
NA,"World","Cereals","Yield","kg/ha",2020,1183.9,"Canary seed","no"
NA,"World","Cereals","Yield","kg/ha",2021,874.3,"Canary seed","no"
NA,"World","Cereals","Yield","kg/ha",2022,988.9,"Canary seed","no"
NA,"World","Cereals","Yield","kg/ha",2023,816.9,"Canary seed","no"
NA,"World","Cereals","Production","t",1992,193465.8,"Canary seed","no"
NA,"World","Cereals","Production","t",1993,204371.8,"Canary seed","no"
NA,"World","Cereals","Production","t",1994,300753.46,"Canary seed","no"
NA,"World","Cereals","Production","t",1995,216382.4,"Canary seed","no"
NA,"World","Cereals","Production","t",1996,347375.4,"Canary seed","no"
NA,"World","Cereals","Production","t",1997,168783.3,"Canary seed","no"
NA,"World","Cereals","Production","t",1998,307288.8,"Canary seed","no"
NA,"World","Cereals","Production","t",1999,217034,"Canary seed","no"
NA,"World","Cereals","Production","t",2000,215063,"Canary seed","no"
NA,"World","Cereals","Production","t",2001,150072.71,"Canary seed","no"
NA,"World","Cereals","Production","t",2002,225499,"Canary seed","no"
NA,"World","Cereals","Production","t",2003,300208,"Canary seed","no"
NA,"World","Cereals","Production","t",2004,377926.4,"Canary seed","no"
NA,"World","Cereals","Production","t",2005,296417.01,"Canary seed","no"
NA,"World","Cereals","Production","t",2006,193605,"Canary seed","no"
NA,"World","Cereals","Production","t",2007,216629.97,"Canary seed","no"
NA,"World","Cereals","Production","t",2008,257833.97,"Canary seed","no"
NA,"World","Cereals","Production","t",2009,254878.56,"Canary seed","no"
NA,"World","Cereals","Production","t",2010,211128.01,"Canary seed","no"
NA,"World","Cereals","Production","t",2011,201916.95,"Canary seed","no"
NA,"World","Cereals","Production","t",2012,222474.76,"Canary seed","no"
NA,"World","Cereals","Production","t",2013,195411.52,"Canary seed","no"
NA,"World","Cereals","Production","t",2014,235225,"Canary seed","no"
NA,"World","Cereals","Production","t",2015,229737.2,"Canary seed","no"
NA,"World","Cereals","Production","t",2016,219819.65,"Canary seed","no"
NA,"World","Cereals","Production","t",2017,242332.64,"Canary seed","no"
NA,"World","Cereals","Production","t",2018,227020.28,"Canary seed","no"
NA,"World","Cereals","Production","t",2019,265998.49,"Canary seed","no"
NA,"World","Cereals","Production","t",2020,303569.82,"Canary seed","no"
NA,"World","Cereals","Production","t",2021,223496.85,"Canary seed","no"
NA,"World","Cereals","Production","t",2022,246138.9,"Canary seed","no"
NA,"World","Cereals","Production","t",2023,198894.21,"Canary seed","no"
NA,"World","Vegetables","Area harvested","ha",1992,938723,"Cantaloupes and other melons","no"
NA,"World","Vegetables","Area harvested","ha",1993,960444,"Cantaloupes and other melons","no"
NA,"World","Vegetables","Area harvested","ha",1994,963455,"Cantaloupes and other melons","no"
NA,"World","Vegetables","Area harvested","ha",1995,950415,"Cantaloupes and other melons","no"
NA,"World","Vegetables","Area harvested","ha",1996,943976,"Cantaloupes and other melons","no"
NA,"World","Vegetables","Area harvested","ha",1997,873931,"Cantaloupes and other melons","no"
NA,"World","Vegetables","Area harvested","ha",1998,940919,"Cantaloupes and other melons","no"
NA,"World","Vegetables","Area harvested","ha",1999,966952,"Cantaloupes and other melons","no"
NA,"World","Vegetables","Area harvested","ha",2000,1015032,"Cantaloupes and other melons","no"
NA,"World","Vegetables","Area harvested","ha",2001,1033052,"Cantaloupes and other melons","no"
NA,"World","Vegetables","Area harvested","ha",2002,1076499,"Cantaloupes and other melons","no"
NA,"World","Vegetables","Area harvested","ha",2003,1084547,"Cantaloupes and other melons","no"
NA,"World","Vegetables","Area harvested","ha",2004,1041698,"Cantaloupes and other melons","no"
NA,"World","Vegetables","Area harvested","ha",2005,1112954,"Cantaloupes and other melons","no"
NA,"World","Vegetables","Area harvested","ha",2006,1122747,"Cantaloupes and other melons","no"
NA,"World","Vegetables","Area harvested","ha",2007,1107796,"Cantaloupes and other melons","no"
NA,"World","Vegetables","Area harvested","ha",2008,1100442,"Cantaloupes and other melons","no"
NA,"World","Vegetables","Area harvested","ha",2009,1105156,"Cantaloupes and other melons","no"
NA,"World","Vegetables","Area harvested","ha",2010,1126295,"Cantaloupes and other melons","no"
NA,"World","Vegetables","Area harvested","ha",2011,1109073,"Cantaloupes and other melons","no"
NA,"World","Vegetables","Area harvested","ha",2012,1084981,"Cantaloupes and other melons","no"
NA,"World","Vegetables","Area harvested","ha",2013,1102829,"Cantaloupes and other melons","no"
NA,"World","Vegetables","Area harvested","ha",2014,1075297,"Cantaloupes and other melons","no"
NA,"World","Vegetables","Area harvested","ha",2015,1061859,"Cantaloupes and other melons","no"
NA,"World","Vegetables","Area harvested","ha",2016,1104469,"Cantaloupes and other melons","no"
NA,"World","Vegetables","Area harvested","ha",2017,1052044,"Cantaloupes and other melons","no"
NA,"World","Vegetables","Area harvested","ha",2018,1045228,"Cantaloupes and other melons","no"
NA,"World","Vegetables","Area harvested","ha",2019,1041745,"Cantaloupes and other melons","no"
NA,"World","Vegetables","Area harvested","ha",2020,1067108,"Cantaloupes and other melons","no"
NA,"World","Vegetables","Area harvested","ha",2021,1104740,"Cantaloupes and other melons","no"
NA,"World","Vegetables","Area harvested","ha",2022,1117263,"Cantaloupes and other melons","no"
NA,"World","Vegetables","Area harvested","ha",2023,1092354,"Cantaloupes and other melons","no"
NA,"World","Vegetables","Yield","kg/ha",1992,15788.2,"Cantaloupes and other melons","no"
NA,"World","Vegetables","Yield","kg/ha",1993,16198.8,"Cantaloupes and other melons","no"
NA,"World","Vegetables","Yield","kg/ha",1994,16557.3,"Cantaloupes and other melons","no"
NA,"World","Vegetables","Yield","kg/ha",1995,17095.3,"Cantaloupes and other melons","no"
NA,"World","Vegetables","Yield","kg/ha",1996,18371.4,"Cantaloupes and other melons","no"
NA,"World","Vegetables","Yield","kg/ha",1997,18641.3,"Cantaloupes and other melons","no"
NA,"World","Vegetables","Yield","kg/ha",1998,18496,"Cantaloupes and other melons","no"
NA,"World","Vegetables","Yield","kg/ha",1999,19416.1,"Cantaloupes and other melons","no"
NA,"World","Vegetables","Yield","kg/ha",2000,19552.4,"Cantaloupes and other melons","no"
NA,"World","Vegetables","Yield","kg/ha",2001,19470.8,"Cantaloupes and other melons","no"
NA,"World","Vegetables","Yield","kg/ha",2002,20304.1,"Cantaloupes and other melons","no"
NA,"World","Vegetables","Yield","kg/ha",2003,20045.4,"Cantaloupes and other melons","no"
NA,"World","Vegetables","Yield","kg/ha",2004,20931,"Cantaloupes and other melons","no"
NA,"World","Vegetables","Yield","kg/ha",2005,20966.2,"Cantaloupes and other melons","no"
NA,"World","Vegetables","Yield","kg/ha",2006,21517.7,"Cantaloupes and other melons","no"
NA,"World","Vegetables","Yield","kg/ha",2007,22375.2,"Cantaloupes and other melons","no"
NA,"World","Vegetables","Yield","kg/ha",2008,23045.9,"Cantaloupes and other melons","no"
NA,"World","Vegetables","Yield","kg/ha",2009,23480.3,"Cantaloupes and other melons","no"
NA,"World","Vegetables","Yield","kg/ha",2010,23168.1,"Cantaloupes and other melons","no"
NA,"World","Vegetables","Yield","kg/ha",2011,23436.1,"Cantaloupes and other melons","no"
NA,"World","Vegetables","Yield","kg/ha",2012,23873.8,"Cantaloupes and other melons","no"
NA,"World","Vegetables","Yield","kg/ha",2013,24231.4,"Cantaloupes and other melons","no"
NA,"World","Vegetables","Yield","kg/ha",2014,24486,"Cantaloupes and other melons","no"
NA,"World","Vegetables","Yield","kg/ha",2015,24377.6,"Cantaloupes and other melons","no"
NA,"World","Vegetables","Yield","kg/ha",2016,24373.1,"Cantaloupes and other melons","no"
NA,"World","Vegetables","Yield","kg/ha",2017,25602.1,"Cantaloupes and other melons","no"
NA,"World","Vegetables","Yield","kg/ha",2018,26162.9,"Cantaloupes and other melons","no"
NA,"World","Vegetables","Yield","kg/ha",2019,26184.7,"Cantaloupes and other melons","no"
NA,"World","Vegetables","Yield","kg/ha",2020,26555.2,"Cantaloupes and other melons","no"
NA,"World","Vegetables","Yield","kg/ha",2021,26438.5,"Cantaloupes and other melons","no"
NA,"World","Vegetables","Yield","kg/ha",2022,26649,"Cantaloupes and other melons","no"
NA,"World","Vegetables","Yield","kg/ha",2023,27043.7,"Cantaloupes and other melons","no"
NA,"World","Vegetables","Production","t",1992,14820768.74,"Cantaloupes and other melons","no"
NA,"World","Vegetables","Production","t",1993,15558081.65,"Cantaloupes and other melons","no"
NA,"World","Vegetables","Production","t",1994,15952244.04,"Cantaloupes and other melons","no"
NA,"World","Vegetables","Production","t",1995,16247589.86,"Cantaloupes and other melons","no"
NA,"World","Vegetables","Production","t",1996,17342172.99,"Cantaloupes and other melons","no"
NA,"World","Vegetables","Production","t",1997,16291231.64,"Cantaloupes and other melons","no"
NA,"World","Vegetables","Production","t",1998,17403260.72,"Cantaloupes and other melons","no"
NA,"World","Vegetables","Production","t",1999,18774466.3,"Cantaloupes and other melons","no"
NA,"World","Vegetables","Production","t",2000,19846350.89,"Cantaloupes and other melons","no"
NA,"World","Vegetables","Production","t",2001,20114336.07,"Cantaloupes and other melons","no"
NA,"World","Vegetables","Production","t",2002,21857303.91,"Cantaloupes and other melons","no"
NA,"World","Vegetables","Production","t",2003,21740162.77,"Cantaloupes and other melons","no"
NA,"World","Vegetables","Production","t",2004,21803736.22,"Cantaloupes and other melons","no"
NA,"World","Vegetables","Production","t",2005,23334441.76,"Cantaloupes and other melons","no"
NA,"World","Vegetables","Production","t",2006,24158955.55,"Cantaloupes and other melons","no"
NA,"World","Vegetables","Production","t",2007,24787213.8,"Cantaloupes and other melons","no"
NA,"World","Vegetables","Production","t",2008,25360728.72,"Cantaloupes and other melons","no"
NA,"World","Vegetables","Production","t",2009,25949436.58,"Cantaloupes and other melons","no"
NA,"World","Vegetables","Production","t",2010,26094115.42,"Cantaloupes and other melons","no"
NA,"World","Vegetables","Production","t",2011,25992318.57,"Cantaloupes and other melons","no"
NA,"World","Vegetables","Production","t",2012,25902609.29,"Cantaloupes and other melons","no"
NA,"World","Vegetables","Production","t",2013,26723064.1,"Cantaloupes and other melons","no"
NA,"World","Vegetables","Production","t",2014,26329770.78,"Cantaloupes and other melons","no"
NA,"World","Vegetables","Production","t",2015,25885545.25,"Cantaloupes and other melons","no"
NA,"World","Vegetables","Production","t",2016,26919340.03,"Cantaloupes and other melons","no"
NA,"World","Vegetables","Production","t",2017,26934502.54,"Cantaloupes and other melons","no"
NA,"World","Vegetables","Production","t",2018,27346229.27,"Cantaloupes and other melons","no"
NA,"World","Vegetables","Production","t",2019,27277827.69,"Cantaloupes and other melons","no"
NA,"World","Vegetables","Production","t",2020,28337233.19,"Cantaloupes and other melons","no"
NA,"World","Vegetables","Production","t",2021,29207643.51,"Cantaloupes and other melons","no"
NA,"World","Vegetables","Production","t",2022,29773949.61,"Cantaloupes and other melons","no"
NA,"World","Vegetables","Production","t",2023,29541294,"Cantaloupes and other melons","no"
NA,"World","Vegetables","Area harvested","ha",1992,691662,"Carrots and turnips","no"
NA,"World","Vegetables","Area harvested","ha",1993,704804,"Carrots and turnips","no"
NA,"World","Vegetables","Area harvested","ha",1994,758339,"Carrots and turnips","no"
NA,"World","Vegetables","Area harvested","ha",1995,790105,"Carrots and turnips","no"
NA,"World","Vegetables","Area harvested","ha",1996,831072,"Carrots and turnips","no"
NA,"World","Vegetables","Area harvested","ha",1997,879652,"Carrots and turnips","no"
NA,"World","Vegetables","Area harvested","ha",1998,918814,"Carrots and turnips","no"
NA,"World","Vegetables","Area harvested","ha",1999,956984,"Carrots and turnips","no"
NA,"World","Vegetables","Area harvested","ha",2000,1007565,"Carrots and turnips","no"
NA,"World","Vegetables","Area harvested","ha",2001,1012995,"Carrots and turnips","no"
NA,"World","Vegetables","Area harvested","ha",2002,1037138,"Carrots and turnips","no"
NA,"World","Vegetables","Area harvested","ha",2003,1097464,"Carrots and turnips","no"
NA,"World","Vegetables","Area harvested","ha",2004,1128150,"Carrots and turnips","no"
NA,"World","Vegetables","Area harvested","ha",2005,1143024,"Carrots and turnips","no"
NA,"World","Vegetables","Area harvested","ha",2006,1162738,"Carrots and turnips","no"
NA,"World","Vegetables","Area harvested","ha",2007,1149686,"Carrots and turnips","no"
NA,"World","Vegetables","Area harvested","ha",2008,1154832,"Carrots and turnips","no"
NA,"World","Vegetables","Area harvested","ha",2009,1149968,"Carrots and turnips","no"
NA,"World","Vegetables","Area harvested","ha",2010,1170441,"Carrots and turnips","no"
NA,"World","Vegetables","Area harvested","ha",2011,1204702,"Carrots and turnips","no"
NA,"World","Vegetables","Area harvested","ha",2012,1195063,"Carrots and turnips","no"
NA,"World","Vegetables","Area harvested","ha",2013,1142479,"Carrots and turnips","no"
NA,"World","Vegetables","Area harvested","ha",2014,1113253,"Carrots and turnips","no"
NA,"World","Vegetables","Area harvested","ha",2015,1168619,"Carrots and turnips","no"
NA,"World","Vegetables","Area harvested","ha",2016,1154171,"Carrots and turnips","no"
NA,"World","Vegetables","Area harvested","ha",2017,1170005,"Carrots and turnips","no"
NA,"World","Vegetables","Area harvested","ha",2018,1113223,"Carrots and turnips","no"
NA,"World","Vegetables","Area harvested","ha",2019,1142832,"Carrots and turnips","no"
NA,"World","Vegetables","Area harvested","ha",2020,1133012,"Carrots and turnips","no"
NA,"World","Vegetables","Area harvested","ha",2021,1139499,"Carrots and turnips","no"
NA,"World","Vegetables","Area harvested","ha",2022,1140910,"Carrots and turnips","no"
NA,"World","Vegetables","Area harvested","ha",2023,1127948,"Carrots and turnips","no"
NA,"World","Vegetables","Yield","kg/ha",1992,22054.7,"Carrots and turnips","no"
NA,"World","Vegetables","Yield","kg/ha",1993,22927.4,"Carrots and turnips","no"
NA,"World","Vegetables","Yield","kg/ha",1994,21934.8,"Carrots and turnips","no"
NA,"World","Vegetables","Yield","kg/ha",1995,22091.9,"Carrots and turnips","no"
NA,"World","Vegetables","Yield","kg/ha",1996,22795.7,"Carrots and turnips","no"
NA,"World","Vegetables","Yield","kg/ha",1997,22771.8,"Carrots and turnips","no"
NA,"World","Vegetables","Yield","kg/ha",1998,21816.2,"Carrots and turnips","no"
NA,"World","Vegetables","Yield","kg/ha",1999,21786.5,"Carrots and turnips","no"
NA,"World","Vegetables","Yield","kg/ha",2000,21799.1,"Carrots and turnips","no"
NA,"World","Vegetables","Yield","kg/ha",2001,21959.4,"Carrots and turnips","no"
NA,"World","Vegetables","Yield","kg/ha",2002,22275,"Carrots and turnips","no"
NA,"World","Vegetables","Yield","kg/ha",2003,22985.7,"Carrots and turnips","no"
NA,"World","Vegetables","Yield","kg/ha",2004,23259.9,"Carrots and turnips","no"
NA,"World","Vegetables","Yield","kg/ha",2005,24212,"Carrots and turnips","no"
NA,"World","Vegetables","Yield","kg/ha",2006,25014,"Carrots and turnips","no"
NA,"World","Vegetables","Yield","kg/ha",2007,26569.2,"Carrots and turnips","no"
NA,"World","Vegetables","Yield","kg/ha",2008,29363.9,"Carrots and turnips","no"
NA,"World","Vegetables","Yield","kg/ha",2009,30068.5,"Carrots and turnips","no"
NA,"World","Vegetables","Yield","kg/ha",2010,29886.4,"Carrots and turnips","no"
NA,"World","Vegetables","Yield","kg/ha",2011,30369.7,"Carrots and turnips","no"
NA,"World","Vegetables","Yield","kg/ha",2012,31231.4,"Carrots and turnips","no"
NA,"World","Vegetables","Yield","kg/ha",2013,33342.1,"Carrots and turnips","no"
NA,"World","Vegetables","Yield","kg/ha",2014,34761.9,"Carrots and turnips","no"
NA,"World","Vegetables","Yield","kg/ha",2015,34438,"Carrots and turnips","no"
NA,"World","Vegetables","Yield","kg/ha",2016,34476.7,"Carrots and turnips","no"
NA,"World","Vegetables","Yield","kg/ha",2017,34654.7,"Carrots and turnips","no"
NA,"World","Vegetables","Yield","kg/ha",2018,35510.6,"Carrots and turnips","no"
NA,"World","Vegetables","Yield","kg/ha",2019,36322.8,"Carrots and turnips","no"
NA,"World","Vegetables","Yield","kg/ha",2020,35737.4,"Carrots and turnips","no"
NA,"World","Vegetables","Yield","kg/ha",2021,36514.7,"Carrots and turnips","no"
NA,"World","Vegetables","Yield","kg/ha",2022,36846.6,"Carrots and turnips","no"
NA,"World","Vegetables","Yield","kg/ha",2023,36698.1,"Carrots and turnips","no"
NA,"World","Vegetables","Production","t",1992,15254370.39,"Carrots and turnips","no"
NA,"World","Vegetables","Production","t",1993,16159331.37,"Carrots and turnips","no"
NA,"World","Vegetables","Production","t",1994,16633984.45,"Carrots and turnips","no"
NA,"World","Vegetables","Production","t",1995,17454933.27,"Carrots and turnips","no"
NA,"World","Vegetables","Production","t",1996,18944848.59,"Carrots and turnips","no"
NA,"World","Vegetables","Production","t",1997,20031281.58,"Carrots and turnips","no"
NA,"World","Vegetables","Production","t",1998,20045052.05,"Carrots and turnips","no"
NA,"World","Vegetables","Production","t",1999,20849310.93,"Carrots and turnips","no"
NA,"World","Vegetables","Production","t",2000,21964003.08,"Carrots and turnips","no"
NA,"World","Vegetables","Production","t",2001,22244769.32,"Carrots and turnips","no"
NA,"World","Vegetables","Production","t",2002,23102296.57,"Carrots and turnips","no"
NA,"World","Vegetables","Production","t",2003,25225966.46,"Carrots and turnips","no"
NA,"World","Vegetables","Production","t",2004,26240678.84,"Carrots and turnips","no"
NA,"World","Vegetables","Production","t",2005,27674865.29,"Carrots and turnips","no"
NA,"World","Vegetables","Production","t",2006,29084690.29,"Carrots and turnips","no"
NA,"World","Vegetables","Production","t",2007,30546272.11,"Carrots and turnips","no"
NA,"World","Vegetables","Production","t",2008,33910420.05,"Carrots and turnips","no"
NA,"World","Vegetables","Production","t",2009,34577762.43,"Carrots and turnips","no"
NA,"World","Vegetables","Production","t",2010,34980228.86,"Carrots and turnips","no"
NA,"World","Vegetables","Production","t",2011,36586385.08,"Carrots and turnips","no"
NA,"World","Vegetables","Production","t",2012,37323446.3,"Carrots and turnips","no"
NA,"World","Vegetables","Production","t",2013,38092622.57,"Carrots and turnips","no"
NA,"World","Vegetables","Production","t",2014,38698782.48,"Carrots and turnips","no"
NA,"World","Vegetables","Production","t",2015,40244937.43,"Carrots and turnips","no"
NA,"World","Vegetables","Production","t",2016,39791983.79,"Carrots and turnips","no"
NA,"World","Vegetables","Production","t",2017,40546120.37,"Carrots and turnips","no"
NA,"World","Vegetables","Production","t",2018,39531199.83,"Carrots and turnips","no"
NA,"World","Vegetables","Production","t",2019,41510817.56,"Carrots and turnips","no"
NA,"World","Vegetables","Production","t",2020,40490932.87,"Carrots and turnips","no"
NA,"World","Vegetables","Production","t",2021,41608486.83,"Carrots and turnips","no"
NA,"World","Vegetables","Production","t",2022,42038650.96,"Carrots and turnips","no"
NA,"World","Vegetables","Production","t",2023,41393537.66,"Carrots and turnips","no"
NA,"World","Fruits and nuts","Area harvested","ha",1992,1968270,"Cashew nuts, in shell","no"
NA,"World","Fruits and nuts","Area harvested","ha",1993,2093931,"Cashew nuts, in shell","no"
NA,"World","Fruits and nuts","Area harvested","ha",1994,2120561,"Cashew nuts, in shell","no"
NA,"World","Fruits and nuts","Area harvested","ha",1995,2323468,"Cashew nuts, in shell","no"
NA,"World","Fruits and nuts","Area harvested","ha",1996,2352071,"Cashew nuts, in shell","no"
NA,"World","Fruits and nuts","Area harvested","ha",1997,2847254,"Cashew nuts, in shell","no"
NA,"World","Fruits and nuts","Area harvested","ha",1998,2991595,"Cashew nuts, in shell","no"
NA,"World","Fruits and nuts","Area harvested","ha",1999,3232984,"Cashew nuts, in shell","no"
NA,"World","Fruits and nuts","Area harvested","ha",2000,3303716,"Cashew nuts, in shell","no"
NA,"World","Fruits and nuts","Area harvested","ha",2001,3326958,"Cashew nuts, in shell","no"
NA,"World","Fruits and nuts","Area harvested","ha",2002,3638290,"Cashew nuts, in shell","no"
NA,"World","Fruits and nuts","Area harvested","ha",2003,3738260,"Cashew nuts, in shell","no"
NA,"World","Fruits and nuts","Area harvested","ha",2004,3924163,"Cashew nuts, in shell","no"
NA,"World","Fruits and nuts","Area harvested","ha",2005,4104448,"Cashew nuts, in shell","no"
NA,"World","Fruits and nuts","Area harvested","ha",2006,4447380,"Cashew nuts, in shell","no"
NA,"World","Fruits and nuts","Area harvested","ha",2007,4759452,"Cashew nuts, in shell","no"
NA,"World","Fruits and nuts","Area harvested","ha",2008,4918635,"Cashew nuts, in shell","no"
NA,"World","Fruits and nuts","Area harvested","ha",2009,5358211,"Cashew nuts, in shell","no"
NA,"World","Fruits and nuts","Area harvested","ha",2010,5132489,"Cashew nuts, in shell","no"
NA,"World","Fruits and nuts","Area harvested","ha",2011,5538555,"Cashew nuts, in shell","no"
NA,"World","Fruits and nuts","Area harvested","ha",2012,5581302,"Cashew nuts, in shell","no"
NA,"World","Fruits and nuts","Area harvested","ha",2013,5668302,"Cashew nuts, in shell","no"
NA,"World","Fruits and nuts","Area harvested","ha",2014,5657660,"Cashew nuts, in shell","no"
NA,"World","Fruits and nuts","Area harvested","ha",2015,6123954,"Cashew nuts, in shell","no"
NA,"World","Fruits and nuts","Area harvested","ha",2016,5631506,"Cashew nuts, in shell","no"
NA,"World","Fruits and nuts","Area harvested","ha",2017,5826998,"Cashew nuts, in shell","no"
NA,"World","Fruits and nuts","Area harvested","ha",2018,6636738,"Cashew nuts, in shell","no"
NA,"World","Fruits and nuts","Area harvested","ha",2019,5467094,"Cashew nuts, in shell","no"
NA,"World","Fruits and nuts","Area harvested","ha",2020,5897837,"Cashew nuts, in shell","no"
NA,"World","Fruits and nuts","Area harvested","ha",2021,5940582,"Cashew nuts, in shell","no"
NA,"World","Fruits and nuts","Area harvested","ha",2022,6243871,"Cashew nuts, in shell","no"
NA,"World","Fruits and nuts","Area harvested","ha",2023,6163897,"Cashew nuts, in shell","no"
NA,"World","Fruits and nuts","Yield","kg/ha",1992,443.6,"Cashew nuts, in shell","no"
NA,"World","Fruits and nuts","Yield","kg/ha",1993,436.1,"Cashew nuts, in shell","no"
NA,"World","Fruits and nuts","Yield","kg/ha",1994,487.8,"Cashew nuts, in shell","no"
NA,"World","Fruits and nuts","Yield","kg/ha",1995,494,"Cashew nuts, in shell","no"
NA,"World","Fruits and nuts","Yield","kg/ha",1996,517.3,"Cashew nuts, in shell","no"
NA,"World","Fruits and nuts","Yield","kg/ha",1997,466,"Cashew nuts, in shell","no"
NA,"World","Fruits and nuts","Yield","kg/ha",1998,424.8,"Cashew nuts, in shell","no"
NA,"World","Fruits and nuts","Yield","kg/ha",1999,535.1,"Cashew nuts, in shell","no"
NA,"World","Fruits and nuts","Yield","kg/ha",2000,567.3,"Cashew nuts, in shell","no"
NA,"World","Fruits and nuts","Yield","kg/ha",2001,561.7,"Cashew nuts, in shell","no"
NA,"World","Fruits and nuts","Yield","kg/ha",2002,547.4,"Cashew nuts, in shell","no"
NA,"World","Fruits and nuts","Yield","kg/ha",2003,566.2,"Cashew nuts, in shell","no"
NA,"World","Fruits and nuts","Yield","kg/ha",2004,589.8,"Cashew nuts, in shell","no"
NA,"World","Fruits and nuts","Yield","kg/ha",2005,601.8,"Cashew nuts, in shell","no"
NA,"World","Fruits and nuts","Yield","kg/ha",2006,602.1,"Cashew nuts, in shell","no"
NA,"World","Fruits and nuts","Yield","kg/ha",2007,586,"Cashew nuts, in shell","no"
NA,"World","Fruits and nuts","Yield","kg/ha",2008,629.9,"Cashew nuts, in shell","no"
NA,"World","Fruits and nuts","Yield","kg/ha",2009,594.3,"Cashew nuts, in shell","no"
NA,"World","Fruits and nuts","Yield","kg/ha",2010,594.4,"Cashew nuts, in shell","no"
NA,"World","Fruits and nuts","Yield","kg/ha",2011,583.5,"Cashew nuts, in shell","no"
NA,"World","Fruits and nuts","Yield","kg/ha",2012,538.6,"Cashew nuts, in shell","no"
NA,"World","Fruits and nuts","Yield","kg/ha",2013,519.4,"Cashew nuts, in shell","no"
NA,"World","Fruits and nuts","Yield","kg/ha",2014,518.3,"Cashew nuts, in shell","no"
NA,"World","Fruits and nuts","Yield","kg/ha",2015,544.6,"Cashew nuts, in shell","no"
NA,"World","Fruits and nuts","Yield","kg/ha",2016,545.1,"Cashew nuts, in shell","no"
NA,"World","Fruits and nuts","Yield","kg/ha",2017,581.5,"Cashew nuts, in shell","no"
NA,"World","Fruits and nuts","Yield","kg/ha",2018,558.3,"Cashew nuts, in shell","no"
NA,"World","Fruits and nuts","Yield","kg/ha",2019,637.3,"Cashew nuts, in shell","no"
NA,"World","Fruits and nuts","Yield","kg/ha",2020,619.1,"Cashew nuts, in shell","no"
NA,"World","Fruits and nuts","Yield","kg/ha",2021,653.9,"Cashew nuts, in shell","no"
NA,"World","Fruits and nuts","Yield","kg/ha",2022,628.2,"Cashew nuts, in shell","no"
NA,"World","Fruits and nuts","Yield","kg/ha",2023,638.4,"Cashew nuts, in shell","no"
NA,"World","Fruits and nuts","Production","t",1992,873090.27,"Cashew nuts, in shell","no"
NA,"World","Fruits and nuts","Production","t",1993,913123.49,"Cashew nuts, in shell","no"
NA,"World","Fruits and nuts","Production","t",1994,1034481.37,"Cashew nuts, in shell","no"
NA,"World","Fruits and nuts","Production","t",1995,1147731.41,"Cashew nuts, in shell","no"
NA,"World","Fruits and nuts","Production","t",1996,1216765.92,"Cashew nuts, in shell","no"
NA,"World","Fruits and nuts","Production","t",1997,1326766.13,"Cashew nuts, in shell","no"
NA,"World","Fruits and nuts","Production","t",1998,1270728.72,"Cashew nuts, in shell","no"
NA,"World","Fruits and nuts","Production","t",1999,1729951.94,"Cashew nuts, in shell","no"
NA,"World","Fruits and nuts","Production","t",2000,1874151.96,"Cashew nuts, in shell","no"
NA,"World","Fruits and nuts","Production","t",2001,1868886.76,"Cashew nuts, in shell","no"
NA,"World","Fruits and nuts","Production","t",2002,1991699.35,"Cashew nuts, in shell","no"
NA,"World","Fruits and nuts","Production","t",2003,2116693.96,"Cashew nuts, in shell","no"
NA,"World","Fruits and nuts","Production","t",2004,2314293.13,"Cashew nuts, in shell","no"
NA,"World","Fruits and nuts","Production","t",2005,2470024.75,"Cashew nuts, in shell","no"
NA,"World","Fruits and nuts","Production","t",2006,2677821.85,"Cashew nuts, in shell","no"
NA,"World","Fruits and nuts","Production","t",2007,2789057.31,"Cashew nuts, in shell","no"
NA,"World","Fruits and nuts","Production","t",2008,3098306.33,"Cashew nuts, in shell","no"
NA,"World","Fruits and nuts","Production","t",2009,3184601.79,"Cashew nuts, in shell","no"
NA,"World","Fruits and nuts","Production","t",2010,3050698.24,"Cashew nuts, in shell","no"
NA,"World","Fruits and nuts","Production","t",2011,3231813.66,"Cashew nuts, in shell","no"
NA,"World","Fruits and nuts","Production","t",2012,3005857.1,"Cashew nuts, in shell","no"
NA,"World","Fruits and nuts","Production","t",2013,2944186.1,"Cashew nuts, in shell","no"
NA,"World","Fruits and nuts","Production","t",2014,2932156.98,"Cashew nuts, in shell","no"
NA,"World","Fruits and nuts","Production","t",2015,3335038.78,"Cashew nuts, in shell","no"
NA,"World","Fruits and nuts","Production","t",2016,3069921.41,"Cashew nuts, in shell","no"
NA,"World","Fruits and nuts","Production","t",2017,3388500.86,"Cashew nuts, in shell","no"
NA,"World","Fruits and nuts","Production","t",2018,3705182.16,"Cashew nuts, in shell","no"
NA,"World","Fruits and nuts","Production","t",2019,3483973.65,"Cashew nuts, in shell","no"
NA,"World","Fruits and nuts","Production","t",2020,3651540.42,"Cashew nuts, in shell","no"
NA,"World","Fruits and nuts","Production","t",2021,3884522.96,"Cashew nuts, in shell","no"
NA,"World","Fruits and nuts","Production","t",2022,3922279.77,"Cashew nuts, in shell","no"
NA,"World","Fruits and nuts","Production","t",2023,3934839.46,"Cashew nuts, in shell","no"
NA,"World","Fruits and nuts","Area harvested","ha",1992,743721,"Cashewapple","no"
NA,"World","Fruits and nuts","Area harvested","ha",1993,778516,"Cashewapple","no"
NA,"World","Fruits and nuts","Area harvested","ha",1994,734629,"Cashewapple","no"
NA,"World","Fruits and nuts","Area harvested","ha",1995,755838,"Cashewapple","no"
NA,"World","Fruits and nuts","Area harvested","ha",1996,605269,"Cashewapple","no"
NA,"World","Fruits and nuts","Area harvested","ha",1997,641210,"Cashewapple","no"
NA,"World","Fruits and nuts","Area harvested","ha",1998,682454,"Cashewapple","no"
NA,"World","Fruits and nuts","Area harvested","ha",1999,674437,"Cashewapple","no"
NA,"World","Fruits and nuts","Area harvested","ha",2000,713095,"Cashewapple","no"
NA,"World","Fruits and nuts","Area harvested","ha",2001,702200,"Cashewapple","no"
NA,"World","Fruits and nuts","Area harvested","ha",2002,731041,"Cashewapple","no"
NA,"World","Fruits and nuts","Area harvested","ha",2003,748659,"Cashewapple","no"
NA,"World","Fruits and nuts","Area harvested","ha",2004,758016,"Cashewapple","no"
NA,"World","Fruits and nuts","Area harvested","ha",2005,769148,"Cashewapple","no"
NA,"World","Fruits and nuts","Area harvested","ha",2006,779071,"Cashewapple","no"
NA,"World","Fruits and nuts","Area harvested","ha",2007,801913,"Cashewapple","no"
NA,"World","Fruits and nuts","Area harvested","ha",2008,818328,"Cashewapple","no"
NA,"World","Fruits and nuts","Area harvested","ha",2009,831105,"Cashewapple","no"
NA,"World","Fruits and nuts","Area harvested","ha",2010,832106,"Cashewapple","no"
NA,"World","Fruits and nuts","Area harvested","ha",2011,833645,"Cashewapple","no"
NA,"World","Fruits and nuts","Area harvested","ha",2012,820562,"Cashewapple","no"
NA,"World","Fruits and nuts","Area harvested","ha",2013,751243,"Cashewapple","no"
NA,"World","Fruits and nuts","Area harvested","ha",2014,690312,"Cashewapple","no"
NA,"World","Fruits and nuts","Area harvested","ha",2015,650834,"Cashewapple","no"
NA,"World","Fruits and nuts","Area harvested","ha",2016,623299,"Cashewapple","no"
NA,"World","Fruits and nuts","Area harvested","ha",2017,555070,"Cashewapple","no"
NA,"World","Fruits and nuts","Area harvested","ha",2018,506264,"Cashewapple","no"
NA,"World","Fruits and nuts","Area harvested","ha",2019,493507,"Cashewapple","no"
NA,"World","Fruits and nuts","Area harvested","ha",2020,493817,"Cashewapple","no"
NA,"World","Fruits and nuts","Area harvested","ha",2021,495558,"Cashewapple","no"
NA,"World","Fruits and nuts","Area harvested","ha",2022,492124,"Cashewapple","no"
NA,"World","Fruits and nuts","Area harvested","ha",2023,509716,"Cashewapple","no"
NA,"World","Fruits and nuts","Yield","kg/ha",1992,2404.1,"Cashewapple","no"
NA,"World","Fruits and nuts","Yield","kg/ha",1993,2377,"Cashewapple","no"
NA,"World","Fruits and nuts","Yield","kg/ha",1994,2320.9,"Cashewapple","no"
NA,"World","Fruits and nuts","Yield","kg/ha",1995,2328.3,"Cashewapple","no"
NA,"World","Fruits and nuts","Yield","kg/ha",1996,2996.9,"Cashewapple","no"
NA,"World","Fruits and nuts","Yield","kg/ha",1997,2913.2,"Cashewapple","no"
NA,"World","Fruits and nuts","Yield","kg/ha",1998,2379.3,"Cashewapple","no"
NA,"World","Fruits and nuts","Yield","kg/ha",1999,2484.4,"Cashewapple","no"
NA,"World","Fruits and nuts","Yield","kg/ha",2000,2496.5,"Cashewapple","no"
NA,"World","Fruits and nuts","Yield","kg/ha",2001,2465.1,"Cashewapple","no"
NA,"World","Fruits and nuts","Yield","kg/ha",2002,2446,"Cashewapple","no"
NA,"World","Fruits and nuts","Yield","kg/ha",2003,2390.5,"Cashewapple","no"
NA,"World","Fruits and nuts","Yield","kg/ha",2004,2372.1,"Cashewapple","no"
NA,"World","Fruits and nuts","Yield","kg/ha",2005,2394.1,"Cashewapple","no"
NA,"World","Fruits and nuts","Yield","kg/ha",2006,2374.1,"Cashewapple","no"
NA,"World","Fruits and nuts","Yield","kg/ha",2007,2417.8,"Cashewapple","no"
NA,"World","Fruits and nuts","Yield","kg/ha",2008,2415.8,"Cashewapple","no"
NA,"World","Fruits and nuts","Yield","kg/ha",2009,2417.5,"Cashewapple","no"
NA,"World","Fruits and nuts","Yield","kg/ha",2010,2401.9,"Cashewapple","no"
NA,"World","Fruits and nuts","Yield","kg/ha",2011,2427.4,"Cashewapple","no"
NA,"World","Fruits and nuts","Yield","kg/ha",2012,2420.5,"Cashewapple","no"
NA,"World","Fruits and nuts","Yield","kg/ha",2013,2614,"Cashewapple","no"
NA,"World","Fruits and nuts","Yield","kg/ha",2014,2790.7,"Cashewapple","no"
NA,"World","Fruits and nuts","Yield","kg/ha",2015,2714.8,"Cashewapple","no"
NA,"World","Fruits and nuts","Yield","kg/ha",2016,2603,"Cashewapple","no"
NA,"World","Fruits and nuts","Yield","kg/ha",2017,2550.2,"Cashewapple","no"
NA,"World","Fruits and nuts","Yield","kg/ha",2018,2615.8,"Cashewapple","no"
NA,"World","Fruits and nuts","Yield","kg/ha",2019,2619.4,"Cashewapple","no"
NA,"World","Fruits and nuts","Yield","kg/ha",2020,2684.7,"Cashewapple","no"
NA,"World","Fruits and nuts","Yield","kg/ha",2021,2695.6,"Cashewapple","no"
NA,"World","Fruits and nuts","Yield","kg/ha",2022,2699.4,"Cashewapple","no"
NA,"World","Fruits and nuts","Yield","kg/ha",2023,2587.6,"Cashewapple","no"
NA,"World","Fruits and nuts","Production","t",1992,1788000,"Cashewapple","no"
NA,"World","Fruits and nuts","Production","t",1993,1850499.46,"Cashewapple","no"
NA,"World","Fruits and nuts","Production","t",1994,1705000,"Cashewapple","no"
NA,"World","Fruits and nuts","Production","t",1995,1759788.32,"Cashewapple","no"
NA,"World","Fruits and nuts","Production","t",1996,1813931.63,"Cashewapple","no"
NA,"World","Fruits and nuts","Production","t",1997,1868000,"Cashewapple","no"
NA,"World","Fruits and nuts","Production","t",1998,1623751.8,"Cashewapple","no"
NA,"World","Fruits and nuts","Production","t",1999,1675565.8,"Cashewapple","no"
NA,"World","Fruits and nuts","Production","t",2000,1780210.58,"Cashewapple","no"
NA,"World","Fruits and nuts","Production","t",2001,1730984.27,"Cashewapple","no"
NA,"World","Fruits and nuts","Production","t",2002,1788138.38,"Cashewapple","no"
NA,"World","Fruits and nuts","Production","t",2003,1789665.87,"Cashewapple","no"
NA,"World","Fruits and nuts","Production","t",2004,1798095.82,"Cashewapple","no"
NA,"World","Fruits and nuts","Production","t",2005,1841449.1,"Cashewapple","no"
NA,"World","Fruits and nuts","Production","t",2006,1849605,"Cashewapple","no"
NA,"World","Fruits and nuts","Production","t",2007,1938900.87,"Cashewapple","no"
NA,"World","Fruits and nuts","Production","t",2008,1976894.48,"Cashewapple","no"
NA,"World","Fruits and nuts","Production","t",2009,2009192.05,"Cashewapple","no"
NA,"World","Fruits and nuts","Production","t",2010,1998640.34,"Cashewapple","no"
NA,"World","Fruits and nuts","Production","t",2011,2023560.13,"Cashewapple","no"
NA,"World","Fruits and nuts","Production","t",2012,1986185.8,"Cashewapple","no"
NA,"World","Fruits and nuts","Production","t",2013,1963758.41,"Cashewapple","no"
NA,"World","Fruits and nuts","Production","t",2014,1926473,"Cashewapple","no"
NA,"World","Fruits and nuts","Production","t",2015,1766891.41,"Cashewapple","no"
NA,"World","Fruits and nuts","Production","t",2016,1622440.17,"Cashewapple","no"
NA,"World","Fruits and nuts","Production","t",2017,1415523.47,"Cashewapple","no"
NA,"World","Fruits and nuts","Production","t",2018,1324284.84,"Cashewapple","no"
NA,"World","Fruits and nuts","Production","t",2019,1292703.02,"Cashewapple","no"
NA,"World","Fruits and nuts","Production","t",2020,1325753.63,"Cashewapple","no"
NA,"World","Fruits and nuts","Production","t",2021,1335823.6,"Cashewapple","no"
NA,"World","Fruits and nuts","Production","t",2022,1328462.96,"Cashewapple","no"
NA,"World","Fruits and nuts","Production","t",2023,1318925.96,"Cashewapple","no"
NA,"World","Vegetables","Area harvested","ha",1992,NA,"Cassava leaves","no"
NA,"World","Vegetables","Area harvested","ha",1993,NA,"Cassava leaves","no"
NA,"World","Vegetables","Area harvested","ha",1994,NA,"Cassava leaves","no"
NA,"World","Vegetables","Area harvested","ha",1995,NA,"Cassava leaves","no"
NA,"World","Vegetables","Area harvested","ha",1996,NA,"Cassava leaves","no"
NA,"World","Vegetables","Area harvested","ha",1997,NA,"Cassava leaves","no"
NA,"World","Vegetables","Area harvested","ha",1998,NA,"Cassava leaves","no"
NA,"World","Vegetables","Area harvested","ha",1999,NA,"Cassava leaves","no"
NA,"World","Vegetables","Area harvested","ha",2000,NA,"Cassava leaves","no"
NA,"World","Vegetables","Area harvested","ha",2001,NA,"Cassava leaves","no"
NA,"World","Vegetables","Area harvested","ha",2002,NA,"Cassava leaves","no"
NA,"World","Vegetables","Area harvested","ha",2003,NA,"Cassava leaves","no"
NA,"World","Vegetables","Area harvested","ha",2004,NA,"Cassava leaves","no"
NA,"World","Vegetables","Area harvested","ha",2005,NA,"Cassava leaves","no"
NA,"World","Vegetables","Area harvested","ha",2006,NA,"Cassava leaves","no"
NA,"World","Vegetables","Area harvested","ha",2007,NA,"Cassava leaves","no"
NA,"World","Vegetables","Area harvested","ha",2008,NA,"Cassava leaves","no"
NA,"World","Vegetables","Area harvested","ha",2009,NA,"Cassava leaves","no"
NA,"World","Vegetables","Area harvested","ha",2010,NA,"Cassava leaves","no"
NA,"World","Vegetables","Area harvested","ha",2011,NA,"Cassava leaves","no"
NA,"World","Vegetables","Area harvested","ha",2012,NA,"Cassava leaves","no"
NA,"World","Vegetables","Area harvested","ha",2013,NA,"Cassava leaves","no"
NA,"World","Vegetables","Area harvested","ha",2014,NA,"Cassava leaves","no"
NA,"World","Vegetables","Area harvested","ha",2015,NA,"Cassava leaves","no"
NA,"World","Vegetables","Area harvested","ha",2016,NA,"Cassava leaves","no"
NA,"World","Vegetables","Area harvested","ha",2017,NA,"Cassava leaves","no"
NA,"World","Vegetables","Area harvested","ha",2018,NA,"Cassava leaves","no"
NA,"World","Vegetables","Area harvested","ha",2019,NA,"Cassava leaves","no"
NA,"World","Vegetables","Area harvested","ha",2020,NA,"Cassava leaves","no"
NA,"World","Vegetables","Area harvested","ha",2021,NA,"Cassava leaves","no"
NA,"World","Vegetables","Area harvested","ha",2022,NA,"Cassava leaves","no"
NA,"World","Vegetables","Area harvested","ha",2023,NA,"Cassava leaves","no"
NA,"World","Vegetables","Yield","kg/ha",1992,NA,"Cassava leaves","no"
NA,"World","Vegetables","Yield","kg/ha",1993,NA,"Cassava leaves","no"
NA,"World","Vegetables","Yield","kg/ha",1994,NA,"Cassava leaves","no"
NA,"World","Vegetables","Yield","kg/ha",1995,NA,"Cassava leaves","no"
NA,"World","Vegetables","Yield","kg/ha",1996,NA,"Cassava leaves","no"
NA,"World","Vegetables","Yield","kg/ha",1997,NA,"Cassava leaves","no"
NA,"World","Vegetables","Yield","kg/ha",1998,NA,"Cassava leaves","no"
NA,"World","Vegetables","Yield","kg/ha",1999,NA,"Cassava leaves","no"
NA,"World","Vegetables","Yield","kg/ha",2000,NA,"Cassava leaves","no"
NA,"World","Vegetables","Yield","kg/ha",2001,NA,"Cassava leaves","no"
NA,"World","Vegetables","Yield","kg/ha",2002,NA,"Cassava leaves","no"
NA,"World","Vegetables","Yield","kg/ha",2003,NA,"Cassava leaves","no"
NA,"World","Vegetables","Yield","kg/ha",2004,NA,"Cassava leaves","no"
NA,"World","Vegetables","Yield","kg/ha",2005,NA,"Cassava leaves","no"
NA,"World","Vegetables","Yield","kg/ha",2006,NA,"Cassava leaves","no"
NA,"World","Vegetables","Yield","kg/ha",2007,NA,"Cassava leaves","no"
NA,"World","Vegetables","Yield","kg/ha",2008,NA,"Cassava leaves","no"
NA,"World","Vegetables","Yield","kg/ha",2009,NA,"Cassava leaves","no"
NA,"World","Vegetables","Yield","kg/ha",2010,NA,"Cassava leaves","no"
NA,"World","Vegetables","Yield","kg/ha",2011,NA,"Cassava leaves","no"
NA,"World","Vegetables","Yield","kg/ha",2012,NA,"Cassava leaves","no"
NA,"World","Vegetables","Yield","kg/ha",2013,NA,"Cassava leaves","no"
NA,"World","Vegetables","Yield","kg/ha",2014,NA,"Cassava leaves","no"
NA,"World","Vegetables","Yield","kg/ha",2015,NA,"Cassava leaves","no"
NA,"World","Vegetables","Yield","kg/ha",2016,NA,"Cassava leaves","no"
NA,"World","Vegetables","Yield","kg/ha",2017,NA,"Cassava leaves","no"
NA,"World","Vegetables","Yield","kg/ha",2018,NA,"Cassava leaves","no"
NA,"World","Vegetables","Yield","kg/ha",2019,NA,"Cassava leaves","no"
NA,"World","Vegetables","Yield","kg/ha",2020,NA,"Cassava leaves","no"
NA,"World","Vegetables","Yield","kg/ha",2021,NA,"Cassava leaves","no"
NA,"World","Vegetables","Yield","kg/ha",2022,NA,"Cassava leaves","no"
NA,"World","Vegetables","Yield","kg/ha",2023,NA,"Cassava leaves","no"
NA,"World","Vegetables","Production","t",1992,NA,"Cassava leaves","no"
NA,"World","Vegetables","Production","t",1993,NA,"Cassava leaves","no"
NA,"World","Vegetables","Production","t",1994,NA,"Cassava leaves","no"
NA,"World","Vegetables","Production","t",1995,NA,"Cassava leaves","no"
NA,"World","Vegetables","Production","t",1996,NA,"Cassava leaves","no"
NA,"World","Vegetables","Production","t",1997,NA,"Cassava leaves","no"
NA,"World","Vegetables","Production","t",1998,NA,"Cassava leaves","no"
NA,"World","Vegetables","Production","t",1999,NA,"Cassava leaves","no"
NA,"World","Vegetables","Production","t",2000,NA,"Cassava leaves","no"
NA,"World","Vegetables","Production","t",2001,NA,"Cassava leaves","no"
NA,"World","Vegetables","Production","t",2002,NA,"Cassava leaves","no"
NA,"World","Vegetables","Production","t",2003,NA,"Cassava leaves","no"
NA,"World","Vegetables","Production","t",2004,NA,"Cassava leaves","no"
NA,"World","Vegetables","Production","t",2005,NA,"Cassava leaves","no"
NA,"World","Vegetables","Production","t",2006,NA,"Cassava leaves","no"
NA,"World","Vegetables","Production","t",2007,NA,"Cassava leaves","no"
NA,"World","Vegetables","Production","t",2008,NA,"Cassava leaves","no"
NA,"World","Vegetables","Production","t",2009,NA,"Cassava leaves","no"
NA,"World","Vegetables","Production","t",2010,NA,"Cassava leaves","no"
NA,"World","Vegetables","Production","t",2011,NA,"Cassava leaves","no"
NA,"World","Vegetables","Production","t",2012,NA,"Cassava leaves","no"
NA,"World","Vegetables","Production","t",2013,NA,"Cassava leaves","no"
NA,"World","Vegetables","Production","t",2014,NA,"Cassava leaves","no"
NA,"World","Vegetables","Production","t",2015,NA,"Cassava leaves","no"
NA,"World","Vegetables","Production","t",2016,NA,"Cassava leaves","no"
NA,"World","Vegetables","Production","t",2017,NA,"Cassava leaves","no"
NA,"World","Vegetables","Production","t",2018,NA,"Cassava leaves","no"
NA,"World","Vegetables","Production","t",2019,NA,"Cassava leaves","no"
NA,"World","Vegetables","Production","t",2020,NA,"Cassava leaves","no"
NA,"World","Vegetables","Production","t",2021,NA,"Cassava leaves","no"
NA,"World","Vegetables","Production","t",2022,NA,"Cassava leaves","no"
NA,"World","Vegetables","Production","t",2023,NA,"Cassava leaves","no"
NA,"World","Edible roots and tubers with high starch or inulin content","Area harvested","ha",1992,16611197,"Cassava, fresh","no"
NA,"World","Edible roots and tubers with high starch or inulin content","Area harvested","ha",1993,16566741,"Cassava, fresh","no"
NA,"World","Edible roots and tubers with high starch or inulin content","Area harvested","ha",1994,16782501,"Cassava, fresh","no"
NA,"World","Edible roots and tubers with high starch or inulin content","Area harvested","ha",1995,16408366,"Cassava, fresh","no"
NA,"World","Edible roots and tubers with high starch or inulin content","Area harvested","ha",1996,16229441,"Cassava, fresh","no"
NA,"World","Edible roots and tubers with high starch or inulin content","Area harvested","ha",1997,16019927,"Cassava, fresh","no"
NA,"World","Edible roots and tubers with high starch or inulin content","Area harvested","ha",1998,16506757,"Cassava, fresh","no"
NA,"World","Edible roots and tubers with high starch or inulin content","Area harvested","ha",1999,16805312,"Cassava, fresh","no"
NA,"World","Edible roots and tubers with high starch or inulin content","Area harvested","ha",2000,16947950,"Cassava, fresh","no"
NA,"World","Edible roots and tubers with high starch or inulin content","Area harvested","ha",2001,17013519,"Cassava, fresh","no"
NA,"World","Edible roots and tubers with high starch or inulin content","Area harvested","ha",2002,16906744,"Cassava, fresh","no"
NA,"World","Edible roots and tubers with high starch or inulin content","Area harvested","ha",2003,17877473,"Cassava, fresh","no"
NA,"World","Edible roots and tubers with high starch or inulin content","Area harvested","ha",2004,18344478,"Cassava, fresh","no"
NA,"World","Edible roots and tubers with high starch or inulin content","Area harvested","ha",2005,18544810,"Cassava, fresh","no"
NA,"World","Edible roots and tubers with high starch or inulin content","Area harvested","ha",2006,18846360,"Cassava, fresh","no"
NA,"World","Edible roots and tubers with high starch or inulin content","Area harvested","ha",2007,19002191,"Cassava, fresh","no"
NA,"World","Edible roots and tubers with high starch or inulin content","Area harvested","ha",2008,19034305,"Cassava, fresh","no"
NA,"World","Edible roots and tubers with high starch or inulin content","Area harvested","ha",2009,19222706,"Cassava, fresh","no"
NA,"World","Edible roots and tubers with high starch or inulin content","Area harvested","ha",2010,21441537,"Cassava, fresh","no"
NA,"World","Edible roots and tubers with high starch or inulin content","Area harvested","ha",2011,22461447,"Cassava, fresh","no"
NA,"World","Edible roots and tubers with high starch or inulin content","Area harvested","ha",2012,25245346,"Cassava, fresh","no"
NA,"World","Edible roots and tubers with high starch or inulin content","Area harvested","ha",2013,25745092,"Cassava, fresh","no"
NA,"World","Edible roots and tubers with high starch or inulin content","Area harvested","ha",2014,26134434,"Cassava, fresh","no"
NA,"World","Edible roots and tubers with high starch or inulin content","Area harvested","ha",2015,27444491,"Cassava, fresh","no"
NA,"World","Edible roots and tubers with high starch or inulin content","Area harvested","ha",2016,26626955,"Cassava, fresh","no"
NA,"World","Edible roots and tubers with high starch or inulin content","Area harvested","ha",2017,26918977,"Cassava, fresh","no"
NA,"World","Edible roots and tubers with high starch or inulin content","Area harvested","ha",2018,27387082,"Cassava, fresh","no"
NA,"World","Edible roots and tubers with high starch or inulin content","Area harvested","ha",2019,29900703,"Cassava, fresh","no"
NA,"World","Edible roots and tubers with high starch or inulin content","Area harvested","ha",2020,30378278,"Cassava, fresh","no"
NA,"World","Edible roots and tubers with high starch or inulin content","Area harvested","ha",2021,31451124,"Cassava, fresh","no"
NA,"World","Edible roots and tubers with high starch or inulin content","Area harvested","ha",2022,32153288,"Cassava, fresh","no"
NA,"World","Edible roots and tubers with high starch or inulin content","Area harvested","ha",2023,32217713,"Cassava, fresh","no"
NA,"World","Edible roots and tubers with high starch or inulin content","Yield","kg/ha",1992,9752.6,"Cassava, fresh","no"
NA,"World","Edible roots and tubers with high starch or inulin content","Yield","kg/ha",1993,9850.2,"Cassava, fresh","no"
NA,"World","Edible roots and tubers with high starch or inulin content","Yield","kg/ha",1994,9801.8,"Cassava, fresh","no"
NA,"World","Edible roots and tubers with high starch or inulin content","Yield","kg/ha",1995,9859.9,"Cassava, fresh","no"
NA,"World","Edible roots and tubers with high starch or inulin content","Yield","kg/ha",1996,9758.3,"Cassava, fresh","no"
NA,"World","Edible roots and tubers with high starch or inulin content","Yield","kg/ha",1997,10096.5,"Cassava, fresh","no"
NA,"World","Edible roots and tubers with high starch or inulin content","Yield","kg/ha",1998,9851.1,"Cassava, fresh","no"
NA,"World","Edible roots and tubers with high starch or inulin content","Yield","kg/ha",1999,10047,"Cassava, fresh","no"
NA,"World","Edible roots and tubers with high starch or inulin content","Yield","kg/ha",2000,10375.4,"Cassava, fresh","no"
NA,"World","Edible roots and tubers with high starch or inulin content","Yield","kg/ha",2001,10678.8,"Cassava, fresh","no"
NA,"World","Edible roots and tubers with high starch or inulin content","Yield","kg/ha",2002,10802.7,"Cassava, fresh","no"
NA,"World","Edible roots and tubers with high starch or inulin content","Yield","kg/ha",2003,10751.5,"Cassava, fresh","no"
NA,"World","Edible roots and tubers with high starch or inulin content","Yield","kg/ha",2004,11108.5,"Cassava, fresh","no"
NA,"World","Edible roots and tubers with high starch or inulin content","Yield","kg/ha",2005,11136.6,"Cassava, fresh","no"
NA,"World","Edible roots and tubers with high starch or inulin content","Yield","kg/ha",2006,11865.9,"Cassava, fresh","no"
NA,"World","Edible roots and tubers with high starch or inulin content","Yield","kg/ha",2007,11942.2,"Cassava, fresh","no"
NA,"World","Edible roots and tubers with high starch or inulin content","Yield","kg/ha",2008,12085.4,"Cassava, fresh","no"
NA,"World","Edible roots and tubers with high starch or inulin content","Yield","kg/ha",2009,12160.7,"Cassava, fresh","no"
NA,"World","Edible roots and tubers with high starch or inulin content","Yield","kg/ha",2010,11768.6,"Cassava, fresh","no"
NA,"World","Edible roots and tubers with high starch or inulin content","Yield","kg/ha",2011,11839,"Cassava, fresh","no"
NA,"World","Edible roots and tubers with high starch or inulin content","Yield","kg/ha",2012,10911.2,"Cassava, fresh","no"
NA,"World","Edible roots and tubers with high starch or inulin content","Yield","kg/ha",2013,10841.4,"Cassava, fresh","no"
NA,"World","Edible roots and tubers with high starch or inulin content","Yield","kg/ha",2014,11077,"Cassava, fresh","no"
NA,"World","Edible roots and tubers with high starch or inulin content","Yield","kg/ha",2015,10691.1,"Cassava, fresh","no"
NA,"World","Edible roots and tubers with high starch or inulin content","Yield","kg/ha",2016,11156.1,"Cassava, fresh","no"
NA,"World","Edible roots and tubers with high starch or inulin content","Yield","kg/ha",2017,10942.7,"Cassava, fresh","no"
NA,"World","Edible roots and tubers with high starch or inulin content","Yield","kg/ha",2018,11269.1,"Cassava, fresh","no"
NA,"World","Edible roots and tubers with high starch or inulin content","Yield","kg/ha",2019,10189.7,"Cassava, fresh","no"
NA,"World","Edible roots and tubers with high starch or inulin content","Yield","kg/ha",2020,10164.9,"Cassava, fresh","no"
NA,"World","Edible roots and tubers with high starch or inulin content","Yield","kg/ha",2021,10227,"Cassava, fresh","no"
NA,"World","Edible roots and tubers with high starch or inulin content","Yield","kg/ha",2022,10169.1,"Cassava, fresh","no"
NA,"World","Edible roots and tubers with high starch or inulin content","Yield","kg/ha",2023,10357.1,"Cassava, fresh","no"
NA,"World","Edible roots and tubers with high starch or inulin content","Production","t",1992,162002815.37,"Cassava, fresh","no"
NA,"World","Edible roots and tubers with high starch or inulin content","Production","t",1993,163185175.5,"Cassava, fresh","no"
NA,"World","Edible roots and tubers with high starch or inulin content","Production","t",1994,164499381.36,"Cassava, fresh","no"
NA,"World","Edible roots and tubers with high starch or inulin content","Production","t",1995,161785644.06,"Cassava, fresh","no"
NA,"World","Edible roots and tubers with high starch or inulin content","Production","t",1996,158371466.15,"Cassava, fresh","no"
NA,"World","Edible roots and tubers with high starch or inulin content","Production","t",1997,161744959.67,"Cassava, fresh","no"
NA,"World","Edible roots and tubers with high starch or inulin content","Production","t",1998,162609668.67,"Cassava, fresh","no"
NA,"World","Edible roots and tubers with high starch or inulin content","Production","t",1999,168843655.1,"Cassava, fresh","no"
NA,"World","Edible roots and tubers with high starch or inulin content","Production","t",2000,175841999.7,"Cassava, fresh","no"
NA,"World","Edible roots and tubers with high starch or inulin content","Production","t",2001,181683309.15,"Cassava, fresh","no"
NA,"World","Edible roots and tubers with high starch or inulin content","Production","t",2002,182639239.26,"Cassava, fresh","no"
NA,"World","Edible roots and tubers with high starch or inulin content","Production","t",2003,192209002.11,"Cassava, fresh","no"
NA,"World","Edible roots and tubers with high starch or inulin content","Production","t",2004,203780130.22,"Cassava, fresh","no"
NA,"World","Edible roots and tubers with high starch or inulin content","Production","t",2005,206526014.68,"Cassava, fresh","no"
NA,"World","Edible roots and tubers with high starch or inulin content","Production","t",2006,223628090.3,"Cassava, fresh","no"
NA,"World","Edible roots and tubers with high starch or inulin content","Production","t",2007,226928223.36,"Cassava, fresh","no"
NA,"World","Edible roots and tubers with high starch or inulin content","Production","t",2008,230037095.46,"Cassava, fresh","no"
NA,"World","Edible roots and tubers with high starch or inulin content","Production","t",2009,233762129.61,"Cassava, fresh","no"
NA,"World","Edible roots and tubers with high starch or inulin content","Production","t",2010,252337407.41,"Cassava, fresh","no"
NA,"World","Edible roots and tubers with high starch or inulin content","Production","t",2011,265921014.62,"Cassava, fresh","no"
NA,"World","Edible roots and tubers with high starch or inulin content","Production","t",2012,275457451.32,"Cassava, fresh","no"
NA,"World","Edible roots and tubers with high starch or inulin content","Production","t",2013,279112055.39,"Cassava, fresh","no"
NA,"World","Edible roots and tubers with high starch or inulin content","Production","t",2014,289491813.56,"Cassava, fresh","no"
NA,"World","Edible roots and tubers with high starch or inulin content","Production","t",2015,293412935.36,"Cassava, fresh","no"
NA,"World","Edible roots and tubers with high starch or inulin content","Production","t",2016,297052952.32,"Cassava, fresh","no"
NA,"World","Edible roots and tubers with high starch or inulin content","Production","t",2017,294567479.88,"Cassava, fresh","no"
NA,"World","Edible roots and tubers with high starch or inulin content","Production","t",2018,308628353.98,"Cassava, fresh","no"
NA,"World","Edible roots and tubers with high starch or inulin content","Production","t",2019,304679535.69,"Cassava, fresh","no"
NA,"World","Edible roots and tubers with high starch or inulin content","Production","t",2020,308791262.46,"Cassava, fresh","no"
NA,"World","Edible roots and tubers with high starch or inulin content","Production","t",2021,321651272.14,"Cassava, fresh","no"
NA,"World","Edible roots and tubers with high starch or inulin content","Production","t",2022,326968550.75,"Cassava, fresh","no"
NA,"World","Edible roots and tubers with high starch or inulin content","Production","t",2023,333681193.04,"Cassava, fresh","no"
NA,"World","Oilseeds and oleaginous fruits","Area harvested","ha",1992,1294511,"Castor oil seeds","no"
NA,"World","Oilseeds and oleaginous fruits","Area harvested","ha",1993,1318098,"Castor oil seeds","no"
NA,"World","Oilseeds and oleaginous fruits","Area harvested","ha",1994,1314966,"Castor oil seeds","no"
NA,"World","Oilseeds and oleaginous fruits","Area harvested","ha",1995,1238045,"Castor oil seeds","no"
NA,"World","Oilseeds and oleaginous fruits","Area harvested","ha",1996,1243745,"Castor oil seeds","no"
NA,"World","Oilseeds and oleaginous fruits","Area harvested","ha",1997,1197244,"Castor oil seeds","no"
NA,"World","Oilseeds and oleaginous fruits","Area harvested","ha",1998,1152994,"Castor oil seeds","no"
NA,"World","Oilseeds and oleaginous fruits","Area harvested","ha",1999,1340594,"Castor oil seeds","no"
NA,"World","Oilseeds and oleaginous fruits","Area harvested","ha",2000,1778539,"Castor oil seeds","no"
NA,"World","Oilseeds and oleaginous fruits","Area harvested","ha",2001,1383303,"Castor oil seeds","no"
NA,"World","Oilseeds and oleaginous fruits","Area harvested","ha",2002,1204382,"Castor oil seeds","no"
NA,"World","Oilseeds and oleaginous fruits","Area harvested","ha",2003,1368808,"Castor oil seeds","no"
NA,"World","Oilseeds and oleaginous fruits","Area harvested","ha",2004,1422989,"Castor oil seeds","no"
NA,"World","Oilseeds and oleaginous fruits","Area harvested","ha",2005,1591048,"Castor oil seeds","no"
NA,"World","Oilseeds and oleaginous fruits","Area harvested","ha",2006,1282837,"Castor oil seeds","no"
NA,"World","Oilseeds and oleaginous fruits","Area harvested","ha",2007,1434929,"Castor oil seeds","no"
NA,"World","Oilseeds and oleaginous fruits","Area harvested","ha",2008,1522997,"Castor oil seeds","no"
NA,"World","Oilseeds and oleaginous fruits","Area harvested","ha",2009,1380653,"Castor oil seeds","no"
NA,"World","Oilseeds and oleaginous fruits","Area harvested","ha",2010,1532578,"Castor oil seeds","no"
NA,"World","Oilseeds and oleaginous fruits","Area harvested","ha",2011,2179865,"Castor oil seeds","no"
NA,"World","Oilseeds and oleaginous fruits","Area harvested","ha",2012,1738003,"Castor oil seeds","no"
NA,"World","Oilseeds and oleaginous fruits","Area harvested","ha",2013,1458972,"Castor oil seeds","no"
NA,"World","Oilseeds and oleaginous fruits","Area harvested","ha",2014,1507755,"Castor oil seeds","no"
NA,"World","Oilseeds and oleaginous fruits","Area harvested","ha",2015,1508485,"Castor oil seeds","no"
NA,"World","Oilseeds and oleaginous fruits","Area harvested","ha",2016,1419637,"Castor oil seeds","no"
NA,"World","Oilseeds and oleaginous fruits","Area harvested","ha",2017,1190425,"Castor oil seeds","no"
NA,"World","Oilseeds and oleaginous fruits","Area harvested","ha",2018,1207901,"Castor oil seeds","no"
NA,"World","Oilseeds and oleaginous fruits","Area harvested","ha",2019,1148690,"Castor oil seeds","no"
NA,"World","Oilseeds and oleaginous fruits","Area harvested","ha",2020,1426436,"Castor oil seeds","no"
NA,"World","Oilseeds and oleaginous fruits","Area harvested","ha",2021,1270847,"Castor oil seeds","no"
NA,"World","Oilseeds and oleaginous fruits","Area harvested","ha",2022,1222042,"Castor oil seeds","no"
NA,"World","Oilseeds and oleaginous fruits","Area harvested","ha",2023,1405859,"Castor oil seeds","no"
NA,"World","Oilseeds and oleaginous fruits","Yield","kg/ha",1992,883.6,"Castor oil seeds","no"
NA,"World","Oilseeds and oleaginous fruits","Yield","kg/ha",1993,827.1,"Castor oil seeds","no"
NA,"World","Oilseeds and oleaginous fruits","Yield","kg/ha",1994,935.5,"Castor oil seeds","no"
NA,"World","Oilseeds and oleaginous fruits","Yield","kg/ha",1995,876.6,"Castor oil seeds","no"
NA,"World","Oilseeds and oleaginous fruits","Yield","kg/ha",1996,1011.1,"Castor oil seeds","no"
NA,"World","Oilseeds and oleaginous fruits","Yield","kg/ha",1997,1004.7,"Castor oil seeds","no"
NA,"World","Oilseeds and oleaginous fruits","Yield","kg/ha",1998,1032.5,"Castor oil seeds","no"
NA,"World","Oilseeds and oleaginous fruits","Yield","kg/ha",1999,847.6,"Castor oil seeds","no"
NA,"World","Oilseeds and oleaginous fruits","Yield","kg/ha",2000,781.1,"Castor oil seeds","no"
NA,"World","Oilseeds and oleaginous fruits","Yield","kg/ha",2001,806.5,"Castor oil seeds","no"
NA,"World","Oilseeds and oleaginous fruits","Yield","kg/ha",2002,722.8,"Castor oil seeds","no"
NA,"World","Oilseeds and oleaginous fruits","Yield","kg/ha",2003,912.2,"Castor oil seeds","no"
NA,"World","Oilseeds and oleaginous fruits","Yield","kg/ha",2004,909.9,"Castor oil seeds","no"
NA,"World","Oilseeds and oleaginous fruits","Yield","kg/ha",2005,941.6,"Castor oil seeds","no"
NA,"World","Oilseeds and oleaginous fruits","Yield","kg/ha",2006,909.4,"Castor oil seeds","no"
NA,"World","Oilseeds and oleaginous fruits","Yield","kg/ha",2007,1011.8,"Castor oil seeds","no"
NA,"World","Oilseeds and oleaginous fruits","Yield","kg/ha",2008,1065.4,"Castor oil seeds","no"
NA,"World","Oilseeds and oleaginous fruits","Yield","kg/ha",2009,1023.2,"Castor oil seeds","no"
NA,"World","Oilseeds and oleaginous fruits","Yield","kg/ha",2010,1136.2,"Castor oil seeds","no"
NA,"World","Oilseeds and oleaginous fruits","Yield","kg/ha",2011,1258.1,"Castor oil seeds","no"
NA,"World","Oilseeds and oleaginous fruits","Yield","kg/ha",2012,1293,"Castor oil seeds","no"
NA,"World","Oilseeds and oleaginous fruits","Yield","kg/ha",2013,1326.9,"Castor oil seeds","no"
NA,"World","Oilseeds and oleaginous fruits","Yield","kg/ha",2014,1385.4,"Castor oil seeds","no"
NA,"World","Oilseeds and oleaginous fruits","Yield","kg/ha",2015,1318.1,"Castor oil seeds","no"
NA,"World","Oilseeds and oleaginous fruits","Yield","kg/ha",2016,1124.8,"Castor oil seeds","no"
NA,"World","Oilseeds and oleaginous fruits","Yield","kg/ha",2017,1324.3,"Castor oil seeds","no"
NA,"World","Oilseeds and oleaginous fruits","Yield","kg/ha",2018,1463.2,"Castor oil seeds","no"
NA,"World","Oilseeds and oleaginous fruits","Yield","kg/ha",2019,1232.4,"Castor oil seeds","no"
NA,"World","Oilseeds and oleaginous fruits","Yield","kg/ha",2020,1438.8,"Castor oil seeds","no"
NA,"World","Oilseeds and oleaginous fruits","Yield","kg/ha",2021,1466.9,"Castor oil seeds","no"
NA,"World","Oilseeds and oleaginous fruits","Yield","kg/ha",2022,1508.5,"Castor oil seeds","no"
NA,"World","Oilseeds and oleaginous fruits","Yield","kg/ha",2023,1565.4,"Castor oil seeds","no"
NA,"World","Oilseeds and oleaginous fruits","Production","t",1992,1143788.28,"Castor oil seeds","no"
NA,"World","Oilseeds and oleaginous fruits","Production","t",1993,1090155.69,"Castor oil seeds","no"
NA,"World","Oilseeds and oleaginous fruits","Production","t",1994,1230199,"Castor oil seeds","no"
NA,"World","Oilseeds and oleaginous fruits","Production","t",1995,1085261.31,"Castor oil seeds","no"
NA,"World","Oilseeds and oleaginous fruits","Production","t",1996,1257491.55,"Castor oil seeds","no"
NA,"World","Oilseeds and oleaginous fruits","Production","t",1997,1202848.35,"Castor oil seeds","no"
NA,"World","Oilseeds and oleaginous fruits","Production","t",1998,1190417.26,"Castor oil seeds","no"
NA,"World","Oilseeds and oleaginous fruits","Production","t",1999,1136257.78,"Castor oil seeds","no"
NA,"World","Oilseeds and oleaginous fruits","Production","t",2000,1389127.84,"Castor oil seeds","no"
NA,"World","Oilseeds and oleaginous fruits","Production","t",2001,1115656.24,"Castor oil seeds","no"
NA,"World","Oilseeds and oleaginous fruits","Production","t",2002,870566.12,"Castor oil seeds","no"
NA,"World","Oilseeds and oleaginous fruits","Production","t",2003,1248577.24,"Castor oil seeds","no"
NA,"World","Oilseeds and oleaginous fruits","Production","t",2004,1294730.4,"Castor oil seeds","no"
NA,"World","Oilseeds and oleaginous fruits","Production","t",2005,1498108.44,"Castor oil seeds","no"
NA,"World","Oilseeds and oleaginous fruits","Production","t",2006,1166605.61,"Castor oil seeds","no"
NA,"World","Oilseeds and oleaginous fruits","Production","t",2007,1451850.31,"Castor oil seeds","no"
NA,"World","Oilseeds and oleaginous fruits","Production","t",2008,1622621.42,"Castor oil seeds","no"
NA,"World","Oilseeds and oleaginous fruits","Production","t",2009,1412630.74,"Castor oil seeds","no"
NA,"World","Oilseeds and oleaginous fruits","Production","t",2010,1741369.52,"Castor oil seeds","no"
NA,"World","Oilseeds and oleaginous fruits","Production","t",2011,2742492.33,"Castor oil seeds","no"
NA,"World","Oilseeds and oleaginous fruits","Production","t",2012,2247163.61,"Castor oil seeds","no"
NA,"World","Oilseeds and oleaginous fruits","Production","t",2013,1935879.85,"Castor oil seeds","no"
NA,"World","Oilseeds and oleaginous fruits","Production","t",2014,2088884.93,"Castor oil seeds","no"
NA,"World","Oilseeds and oleaginous fruits","Production","t",2015,1988304.09,"Castor oil seeds","no"
NA,"World","Oilseeds and oleaginous fruits","Production","t",2016,1596875.01,"Castor oil seeds","no"
NA,"World","Oilseeds and oleaginous fruits","Production","t",2017,1576493.2,"Castor oil seeds","no"
NA,"World","Oilseeds and oleaginous fruits","Production","t",2018,1767450.56,"Castor oil seeds","no"
NA,"World","Oilseeds and oleaginous fruits","Production","t",2019,1415621.85,"Castor oil seeds","no"
NA,"World","Oilseeds and oleaginous fruits","Production","t",2020,2052361.12,"Castor oil seeds","no"
NA,"World","Oilseeds and oleaginous fruits","Production","t",2021,1864195.24,"Castor oil seeds","no"
NA,"World","Oilseeds and oleaginous fruits","Production","t",2022,1843499.92,"Castor oil seeds","no"
NA,"World","Oilseeds and oleaginous fruits","Production","t",2023,2200737.28,"Castor oil seeds","no"
NA,"World","Live animals","Stocks","An",1992,1309803263,"Cattle","no"
NA,"World","Live animals","Stocks","An",1993,1310422081,"Cattle","no"
NA,"World","Live animals","Stocks","An",1994,1321030087,"Cattle","no"
NA,"World","Live animals","Stocks","An",1995,1330173992,"Cattle","no"
NA,"World","Live animals","Stocks","An",1996,1332831283,"Cattle","no"
NA,"World","Live animals","Stocks","An",1997,1312472509,"Cattle","no"
NA,"World","Live animals","Stocks","An",1998,1313224121,"Cattle","no"
NA,"World","Live animals","Stocks","An",1999,1316501222,"Cattle","no"
NA,"World","Live animals","Stocks","An",2000,1319963536,"Cattle","no"
NA,"World","Live animals","Stocks","An",2001,1320858188,"Cattle","no"
NA,"World","Live animals","Stocks","An",2002,1332941494,"Cattle","no"
NA,"World","Live animals","Stocks","An",2003,1346093822,"Cattle","no"
NA,"World","Live animals","Stocks","An",2004,1360241889,"Cattle","no"
NA,"World","Live animals","Stocks","An",2005,1375231649,"Cattle","no"
NA,"World","Live animals","Stocks","An",2006,1391711853,"Cattle","no"
NA,"World","Live animals","Stocks","An",2007,1402681883,"Cattle","no"
NA,"World","Live animals","Stocks","An",2008,1415296865,"Cattle","no"
NA,"World","Live animals","Stocks","An",2009,1409918086,"Cattle","no"
NA,"World","Live animals","Stocks","An",2010,1411457479,"Cattle","no"
NA,"World","Live animals","Stocks","An",2011,1415685680,"Cattle","no"
NA,"World","Live animals","Stocks","An",2012,1427096764,"Cattle","no"
NA,"World","Live animals","Stocks","An",2013,1431787616,"Cattle","no"
NA,"World","Live animals","Stocks","An",2014,1439349619,"Cattle","no"
NA,"World","Live animals","Stocks","An",2015,1451718630,"Cattle","no"
NA,"World","Live animals","Stocks","An",2016,1470863210,"Cattle","no"
NA,"World","Live animals","Stocks","An",2017,1478353317,"Cattle","no"
NA,"World","Live animals","Stocks","An",2018,1488114504,"Cattle","no"
NA,"World","Live animals","Stocks","An",2019,1505057547,"Cattle","no"
NA,"World","Live animals","Stocks","An",2020,1527090849,"Cattle","no"
NA,"World","Live animals","Stocks","An",2021,1539328807,"Cattle","no"
NA,"World","Live animals","Stocks","An",2022,1557790458,"Cattle","no"
NA,"World","Live animals","Stocks","An",2023,1575773279,"Cattle","no"
NA,"World","Animal fats","Production","t",1992,2661661.64,"Cattle fat, unrendered","no"
NA,"World","Animal fats","Production","t",1993,2653727.4,"Cattle fat, unrendered","no"
NA,"World","Animal fats","Production","t",1994,2631622.85,"Cattle fat, unrendered","no"
NA,"World","Animal fats","Production","t",1995,2680949.65,"Cattle fat, unrendered","no"
NA,"World","Animal fats","Production","t",1996,2731533.75,"Cattle fat, unrendered","no"
NA,"World","Animal fats","Production","t",1997,2785274.53,"Cattle fat, unrendered","no"
NA,"World","Animal fats","Production","t",1998,2757789.88,"Cattle fat, unrendered","no"
NA,"World","Animal fats","Production","t",1999,2814093.04,"Cattle fat, unrendered","no"
NA,"World","Animal fats","Production","t",2000,2824723.01,"Cattle fat, unrendered","no"
NA,"World","Animal fats","Production","t",2001,2791216.56,"Cattle fat, unrendered","no"
NA,"World","Animal fats","Production","t",2002,2835438.33,"Cattle fat, unrendered","no"
NA,"World","Animal fats","Production","t",2003,2879337.49,"Cattle fat, unrendered","no"
NA,"World","Animal fats","Production","t",2004,2953631.97,"Cattle fat, unrendered","no"
NA,"World","Animal fats","Production","t",2005,2942991.07,"Cattle fat, unrendered","no"
NA,"World","Animal fats","Production","t",2006,2986067.17,"Cattle fat, unrendered","no"
NA,"World","Animal fats","Production","t",2007,3073497.66,"Cattle fat, unrendered","no"
NA,"World","Animal fats","Production","t",2008,3080096.91,"Cattle fat, unrendered","no"
NA,"World","Animal fats","Production","t",2009,3096728.96,"Cattle fat, unrendered","no"
NA,"World","Animal fats","Production","t",2010,3060525.66,"Cattle fat, unrendered","no"
NA,"World","Animal fats","Production","t",2011,3044776.54,"Cattle fat, unrendered","no"
NA,"World","Animal fats","Production","t",2012,3047729.97,"Cattle fat, unrendered","no"
NA,"World","Animal fats","Production","t",2013,3084666.6,"Cattle fat, unrendered","no"
NA,"World","Animal fats","Production","t",2014,3104422.86,"Cattle fat, unrendered","no"
NA,"World","Animal fats","Production","t",2015,3079459.01,"Cattle fat, unrendered","no"
NA,"World","Animal fats","Production","t",2016,3100485.08,"Cattle fat, unrendered","no"
NA,"World","Animal fats","Production","t",2017,3160003.55,"Cattle fat, unrendered","no"
NA,"World","Animal fats","Production","t",2018,3251267.81,"Cattle fat, unrendered","no"
NA,"World","Animal fats","Production","t",2019,3301874.41,"Cattle fat, unrendered","no"
NA,"World","Animal fats","Production","t",2020,3280314.85,"Cattle fat, unrendered","no"
NA,"World","Animal fats","Production","t",2021,3293951.9,"Cattle fat, unrendered","no"
NA,"World","Animal fats","Production","t",2022,3344463.03,"Cattle fat, unrendered","no"
NA,"World","Animal fats","Production","t",2023,3378188.19,"Cattle fat, unrendered","no"
NA,"World","Vegetables","Area harvested","ha",1992,632782,"Cauliflowers and broccoli","no"
NA,"World","Vegetables","Area harvested","ha",1993,640429,"Cauliflowers and broccoli","no"
NA,"World","Vegetables","Area harvested","ha",1994,709718,"Cauliflowers and broccoli","no"
NA,"World","Vegetables","Area harvested","ha",1995,716857,"Cauliflowers and broccoli","no"
NA,"World","Vegetables","Area harvested","ha",1996,799667,"Cauliflowers and broccoli","no"
NA,"World","Vegetables","Area harvested","ha",1997,813989,"Cauliflowers and broccoli","no"
NA,"World","Vegetables","Area harvested","ha",1998,799034,"Cauliflowers and broccoli","no"
NA,"World","Vegetables","Area harvested","ha",1999,823414,"Cauliflowers and broccoli","no"
NA,"World","Vegetables","Area harvested","ha",2000,848499,"Cauliflowers and broccoli","no"
NA,"World","Vegetables","Area harvested","ha",2001,859243,"Cauliflowers and broccoli","no"
NA,"World","Vegetables","Area harvested","ha",2002,909407,"Cauliflowers and broccoli","no"
NA,"World","Vegetables","Area harvested","ha",2003,943809,"Cauliflowers and broccoli","no"
NA,"World","Vegetables","Area harvested","ha",2004,969293,"Cauliflowers and broccoli","no"
NA,"World","Vegetables","Area harvested","ha",2005,955317,"Cauliflowers and broccoli","no"
NA,"World","Vegetables","Area harvested","ha",2006,1027350,"Cauliflowers and broccoli","no"
NA,"World","Vegetables","Area harvested","ha",2007,1059084,"Cauliflowers and broccoli","no"
NA,"World","Vegetables","Area harvested","ha",2008,1080757,"Cauliflowers and broccoli","no"
NA,"World","Vegetables","Area harvested","ha",2009,1130822,"Cauliflowers and broccoli","no"
NA,"World","Vegetables","Area harvested","ha",2010,1147889,"Cauliflowers and broccoli","no"
NA,"World","Vegetables","Area harvested","ha",2011,1194454,"Cauliflowers and broccoli","no"
NA,"World","Vegetables","Area harvested","ha",2012,1215417,"Cauliflowers and broccoli","no"
NA,"World","Vegetables","Area harvested","ha",2013,1233168,"Cauliflowers and broccoli","no"
NA,"World","Vegetables","Area harvested","ha",2014,1281572,"Cauliflowers and broccoli","no"
NA,"World","Vegetables","Area harvested","ha",2015,1291533,"Cauliflowers and broccoli","no"
NA,"World","Vegetables","Area harvested","ha",2016,1298653,"Cauliflowers and broccoli","no"
NA,"World","Vegetables","Area harvested","ha",2017,1355558,"Cauliflowers and broccoli","no"
NA,"World","Vegetables","Area harvested","ha",2018,1365334,"Cauliflowers and broccoli","no"
NA,"World","Vegetables","Area harvested","ha",2019,1382919,"Cauliflowers and broccoli","no"
NA,"World","Vegetables","Area harvested","ha",2020,1374835,"Cauliflowers and broccoli","no"
NA,"World","Vegetables","Area harvested","ha",2021,1393136,"Cauliflowers and broccoli","no"
NA,"World","Vegetables","Area harvested","ha",2022,1399357,"Cauliflowers and broccoli","no"
NA,"World","Vegetables","Area harvested","ha",2023,1404930,"Cauliflowers and broccoli","no"
NA,"World","Vegetables","Yield","kg/ha",1992,17375.4,"Cauliflowers and broccoli","no"
NA,"World","Vegetables","Yield","kg/ha",1993,16657,"Cauliflowers and broccoli","no"
NA,"World","Vegetables","Yield","kg/ha",1994,17195.1,"Cauliflowers and broccoli","no"
NA,"World","Vegetables","Yield","kg/ha",1995,17666,"Cauliflowers and broccoli","no"
NA,"World","Vegetables","Yield","kg/ha",1996,17415,"Cauliflowers and broccoli","no"
NA,"World","Vegetables","Yield","kg/ha",1997,17881.1,"Cauliflowers and broccoli","no"
NA,"World","Vegetables","Yield","kg/ha",1998,18027.7,"Cauliflowers and broccoli","no"
NA,"World","Vegetables","Yield","kg/ha",1999,18222,"Cauliflowers and broccoli","no"
NA,"World","Vegetables","Yield","kg/ha",2000,18818.4,"Cauliflowers and broccoli","no"
NA,"World","Vegetables","Yield","kg/ha",2001,18604.5,"Cauliflowers and broccoli","no"
NA,"World","Vegetables","Yield","kg/ha",2002,18382.9,"Cauliflowers and broccoli","no"
NA,"World","Vegetables","Yield","kg/ha",2003,18426,"Cauliflowers and broccoli","no"
NA,"World","Vegetables","Yield","kg/ha",2004,18508.6,"Cauliflowers and broccoli","no"
NA,"World","Vegetables","Yield","kg/ha",2005,18356.2,"Cauliflowers and broccoli","no"
NA,"World","Vegetables","Yield","kg/ha",2006,18269.4,"Cauliflowers and broccoli","no"
NA,"World","Vegetables","Yield","kg/ha",2007,18255.2,"Cauliflowers and broccoli","no"
NA,"World","Vegetables","Yield","kg/ha",2008,18455.5,"Cauliflowers and broccoli","no"
NA,"World","Vegetables","Yield","kg/ha",2009,18455.9,"Cauliflowers and broccoli","no"
NA,"World","Vegetables","Yield","kg/ha",2010,18523.2,"Cauliflowers and broccoli","no"
NA,"World","Vegetables","Yield","kg/ha",2011,18412.5,"Cauliflowers and broccoli","no"
NA,"World","Vegetables","Yield","kg/ha",2012,18664.2,"Cauliflowers and broccoli","no"
NA,"World","Vegetables","Yield","kg/ha",2013,18989.1,"Cauliflowers and broccoli","no"
NA,"World","Vegetables","Yield","kg/ha",2014,19044.9,"Cauliflowers and broccoli","no"
NA,"World","Vegetables","Yield","kg/ha",2015,18828.8,"Cauliflowers and broccoli","no"
NA,"World","Vegetables","Yield","kg/ha",2016,18795.3,"Cauliflowers and broccoli","no"
NA,"World","Vegetables","Yield","kg/ha",2017,18681,"Cauliflowers and broccoli","no"
NA,"World","Vegetables","Yield","kg/ha",2018,18712.6,"Cauliflowers and broccoli","no"
NA,"World","Vegetables","Yield","kg/ha",2019,18831.7,"Cauliflowers and broccoli","no"
NA,"World","Vegetables","Yield","kg/ha",2020,18752.7,"Cauliflowers and broccoli","no"
NA,"World","Vegetables","Yield","kg/ha",2021,18810.4,"Cauliflowers and broccoli","no"
NA,"World","Vegetables","Yield","kg/ha",2022,18909.7,"Cauliflowers and broccoli","no"
NA,"World","Vegetables","Yield","kg/ha",2023,18842.2,"Cauliflowers and broccoli","no"
NA,"World","Vegetables","Production","t",1992,10994870.39,"Cauliflowers and broccoli","no"
NA,"World","Vegetables","Production","t",1993,10667645.66,"Cauliflowers and broccoli","no"
NA,"World","Vegetables","Production","t",1994,12203658.41,"Cauliflowers and broccoli","no"
NA,"World","Vegetables","Production","t",1995,12663974.79,"Cauliflowers and broccoli","no"
NA,"World","Vegetables","Production","t",1996,13926223.71,"Cauliflowers and broccoli","no"
NA,"World","Vegetables","Production","t",1997,14554982.73,"Cauliflowers and broccoli","no"
NA,"World","Vegetables","Production","t",1998,14404773.68,"Cauliflowers and broccoli","no"
NA,"World","Vegetables","Production","t",1999,15004272.01,"Cauliflowers and broccoli","no"
NA,"World","Vegetables","Production","t",2000,15967406.37,"Cauliflowers and broccoli","no"
NA,"World","Vegetables","Production","t",2001,15985743.98,"Cauliflowers and broccoli","no"
NA,"World","Vegetables","Production","t",2002,16717552.79,"Cauliflowers and broccoli","no"
NA,"World","Vegetables","Production","t",2003,17390626.11,"Cauliflowers and broccoli","no"
NA,"World","Vegetables","Production","t",2004,17940242.31,"Cauliflowers and broccoli","no"
NA,"World","Vegetables","Production","t",2005,17536011.18,"Cauliflowers and broccoli","no"
NA,"World","Vegetables","Production","t",2006,18769098.19,"Cauliflowers and broccoli","no"
NA,"World","Vegetables","Production","t",2007,19333795.19,"Cauliflowers and broccoli","no"
NA,"World","Vegetables","Production","t",2008,19945861.29,"Cauliflowers and broccoli","no"
NA,"World","Vegetables","Production","t",2009,20870293.63,"Cauliflowers and broccoli","no"
NA,"World","Vegetables","Production","t",2010,21262607.81,"Cauliflowers and broccoli","no"
NA,"World","Vegetables","Production","t",2011,21992913.17,"Cauliflowers and broccoli","no"
NA,"World","Vegetables","Production","t",2012,22684774.09,"Cauliflowers and broccoli","no"
NA,"World","Vegetables","Production","t",2013,23416696.89,"Cauliflowers and broccoli","no"
NA,"World","Vegetables","Production","t",2014,24407443.02,"Cauliflowers and broccoli","no"
NA,"World","Vegetables","Production","t",2015,24317974.01,"Cauliflowers and broccoli","no"
NA,"World","Vegetables","Production","t",2016,24408526.97,"Cauliflowers and broccoli","no"
NA,"World","Vegetables","Production","t",2017,25323125.31,"Cauliflowers and broccoli","no"
NA,"World","Vegetables","Production","t",2018,25548948.04,"Cauliflowers and broccoli","no"
NA,"World","Vegetables","Production","t",2019,26042711.35,"Cauliflowers and broccoli","no"
NA,"World","Vegetables","Production","t",2020,25781814.42,"Cauliflowers and broccoli","no"
NA,"World","Vegetables","Production","t",2021,26205411.59,"Cauliflowers and broccoli","no"
NA,"World","Vegetables","Production","t",2022,26461349.14,"Cauliflowers and broccoli","no"
NA,"World","Vegetables","Production","t",2023,26472039.77,"Cauliflowers and broccoli","no"
NA,"World","Cereals","Area harvested","ha",1992,1881213,"Cereals n.e.c.","no"
NA,"World","Cereals","Area harvested","ha",1993,1844715,"Cereals n.e.c.","no"
NA,"World","Cereals","Area harvested","ha",1994,1946287,"Cereals n.e.c.","no"
NA,"World","Cereals","Area harvested","ha",1995,2383958,"Cereals n.e.c.","no"
NA,"World","Cereals","Area harvested","ha",1996,2632438,"Cereals n.e.c.","no"
NA,"World","Cereals","Area harvested","ha",1997,2728151,"Cereals n.e.c.","no"
NA,"World","Cereals","Area harvested","ha",1998,2385977,"Cereals n.e.c.","no"
NA,"World","Cereals","Area harvested","ha",1999,2796802,"Cereals n.e.c.","no"
NA,"World","Cereals","Area harvested","ha",2000,2728786,"Cereals n.e.c.","no"
NA,"World","Cereals","Area harvested","ha",2001,2817743,"Cereals n.e.c.","no"
NA,"World","Cereals","Area harvested","ha",2002,2498374,"Cereals n.e.c.","no"
NA,"World","Cereals","Area harvested","ha",2003,3577851,"Cereals n.e.c.","no"
NA,"World","Cereals","Area harvested","ha",2004,3714268,"Cereals n.e.c.","no"
NA,"World","Cereals","Area harvested","ha",2005,4013513,"Cereals n.e.c.","no"
NA,"World","Cereals","Area harvested","ha",2006,3066211,"Cereals n.e.c.","no"
NA,"World","Cereals","Area harvested","ha",2007,3424983,"Cereals n.e.c.","no"
NA,"World","Cereals","Area harvested","ha",2008,3884430,"Cereals n.e.c.","no"
NA,"World","Cereals","Area harvested","ha",2009,3670513,"Cereals n.e.c.","no"
NA,"World","Cereals","Area harvested","ha",2010,4575056,"Cereals n.e.c.","no"
NA,"World","Cereals","Area harvested","ha",2011,3793288,"Cereals n.e.c.","no"
NA,"World","Cereals","Area harvested","ha",2012,3939672,"Cereals n.e.c.","no"
NA,"World","Cereals","Area harvested","ha",2013,4250070,"Cereals n.e.c.","no"
NA,"World","Cereals","Area harvested","ha",2014,4336422,"Cereals n.e.c.","no"
NA,"World","Cereals","Area harvested","ha",2015,4260597,"Cereals n.e.c.","no"
NA,"World","Cereals","Area harvested","ha",2016,4311851,"Cereals n.e.c.","no"
NA,"World","Cereals","Area harvested","ha",2017,4299257,"Cereals n.e.c.","no"
NA,"World","Cereals","Area harvested","ha",2018,4637957,"Cereals n.e.c.","no"
NA,"World","Cereals","Area harvested","ha",2019,4568576,"Cereals n.e.c.","no"
NA,"World","Cereals","Area harvested","ha",2020,4691484,"Cereals n.e.c.","no"
NA,"World","Cereals","Area harvested","ha",2021,4593664,"Cereals n.e.c.","no"
NA,"World","Cereals","Area harvested","ha",2022,4701495,"Cereals n.e.c.","no"
NA,"World","Cereals","Area harvested","ha",2023,4632840,"Cereals n.e.c.","no"
NA,"World","Cereals","Yield","kg/ha",1992,929.4,"Cereals n.e.c.","no"
NA,"World","Cereals","Yield","kg/ha",1993,964.4,"Cereals n.e.c.","no"
NA,"World","Cereals","Yield","kg/ha",1994,929.1,"Cereals n.e.c.","no"
NA,"World","Cereals","Yield","kg/ha",1995,763.8,"Cereals n.e.c.","no"
NA,"World","Cereals","Yield","kg/ha",1996,858.7,"Cereals n.e.c.","no"
NA,"World","Cereals","Yield","kg/ha",1997,933.6,"Cereals n.e.c.","no"
NA,"World","Cereals","Yield","kg/ha",1998,800.7,"Cereals n.e.c.","no"
NA,"World","Cereals","Yield","kg/ha",1999,834.5,"Cereals n.e.c.","no"
NA,"World","Cereals","Yield","kg/ha",2000,844.5,"Cereals n.e.c.","no"
NA,"World","Cereals","Yield","kg/ha",2001,885.2,"Cereals n.e.c.","no"
NA,"World","Cereals","Yield","kg/ha",2002,939.7,"Cereals n.e.c.","no"
NA,"World","Cereals","Yield","kg/ha",2003,799.1,"Cereals n.e.c.","no"
NA,"World","Cereals","Yield","kg/ha",2004,825.5,"Cereals n.e.c.","no"
NA,"World","Cereals","Yield","kg/ha",2005,1012.4,"Cereals n.e.c.","no"
NA,"World","Cereals","Yield","kg/ha",2006,1085.4,"Cereals n.e.c.","no"
NA,"World","Cereals","Yield","kg/ha",2007,1109,"Cereals n.e.c.","no"
NA,"World","Cereals","Yield","kg/ha",2008,980.2,"Cereals n.e.c.","no"
NA,"World","Cereals","Yield","kg/ha",2009,1197.5,"Cereals n.e.c.","no"
NA,"World","Cereals","Yield","kg/ha",2010,1230.5,"Cereals n.e.c.","no"
NA,"World","Cereals","Yield","kg/ha",2011,1284.2,"Cereals n.e.c.","no"
NA,"World","Cereals","Yield","kg/ha",2012,1390.6,"Cereals n.e.c.","no"
NA,"World","Cereals","Yield","kg/ha",2013,1447.6,"Cereals n.e.c.","no"
NA,"World","Cereals","Yield","kg/ha",2014,1513.7,"Cereals n.e.c.","no"
NA,"World","Cereals","Yield","kg/ha",2015,1680.9,"Cereals n.e.c.","no"
NA,"World","Cereals","Yield","kg/ha",2016,1620,"Cereals n.e.c.","no"
NA,"World","Cereals","Yield","kg/ha",2017,1634.6,"Cereals n.e.c.","no"
NA,"World","Cereals","Yield","kg/ha",2018,1652.1,"Cereals n.e.c.","no"
NA,"World","Cereals","Yield","kg/ha",2019,1730.6,"Cereals n.e.c.","no"
NA,"World","Cereals","Yield","kg/ha",2020,1789.1,"Cereals n.e.c.","no"
NA,"World","Cereals","Yield","kg/ha",2021,1805,"Cereals n.e.c.","no"
NA,"World","Cereals","Yield","kg/ha",2022,1858.8,"Cereals n.e.c.","no"
NA,"World","Cereals","Yield","kg/ha",2023,1914.5,"Cereals n.e.c.","no"
NA,"World","Cereals","Production","t",1992,1748488.65,"Cereals n.e.c.","no"
NA,"World","Cereals","Production","t",1993,1778986.05,"Cereals n.e.c.","no"
NA,"World","Cereals","Production","t",1994,1808327.5,"Cereals n.e.c.","no"
NA,"World","Cereals","Production","t",1995,1820896.13,"Cereals n.e.c.","no"
NA,"World","Cereals","Production","t",1996,2260356.14,"Cereals n.e.c.","no"
NA,"World","Cereals","Production","t",1997,2547057.76,"Cereals n.e.c.","no"
NA,"World","Cereals","Production","t",1998,1910332.98,"Cereals n.e.c.","no"
NA,"World","Cereals","Production","t",1999,2333819.26,"Cereals n.e.c.","no"
NA,"World","Cereals","Production","t",2000,2304572.19,"Cereals n.e.c.","no"
NA,"World","Cereals","Production","t",2001,2494208.59,"Cereals n.e.c.","no"
NA,"World","Cereals","Production","t",2002,2347655.12,"Cereals n.e.c.","no"
NA,"World","Cereals","Production","t",2003,2859205.24,"Cereals n.e.c.","no"
NA,"World","Cereals","Production","t",2004,3066150.75,"Cereals n.e.c.","no"
NA,"World","Cereals","Production","t",2005,4063438.82,"Cereals n.e.c.","no"
NA,"World","Cereals","Production","t",2006,3328094.89,"Cereals n.e.c.","no"
NA,"World","Cereals","Production","t",2007,3798388.68,"Cereals n.e.c.","no"
NA,"World","Cereals","Production","t",2008,3807595.06,"Cereals n.e.c.","no"
NA,"World","Cereals","Production","t",2009,4395426.95,"Cereals n.e.c.","no"
NA,"World","Cereals","Production","t",2010,5629827.92,"Cereals n.e.c.","no"
NA,"World","Cereals","Production","t",2011,4871313,"Cereals n.e.c.","no"
NA,"World","Cereals","Production","t",2012,5478522.97,"Cereals n.e.c.","no"
NA,"World","Cereals","Production","t",2013,6152261.14,"Cereals n.e.c.","no"
NA,"World","Cereals","Production","t",2014,6563957.87,"Cereals n.e.c.","no"
NA,"World","Cereals","Production","t",2015,7161814.85,"Cereals n.e.c.","no"
NA,"World","Cereals","Production","t",2016,6985208.99,"Cereals n.e.c.","no"
NA,"World","Cereals","Production","t",2017,7027747.33,"Cereals n.e.c.","no"
NA,"World","Cereals","Production","t",2018,7662322.04,"Cereals n.e.c.","no"
NA,"World","Cereals","Production","t",2019,7906302.62,"Cereals n.e.c.","no"
NA,"World","Cereals","Production","t",2020,8393332.43,"Cereals n.e.c.","no"
NA,"World","Cereals","Production","t",2021,8291354.08,"Cereals n.e.c.","no"
NA,"World","Cereals","Production","t",2022,8739219.34,"Cereals n.e.c.","no"
NA,"World","Cereals","Production","t",2023,8869559.24,"Cereals n.e.c.","no"
NA,"World","Other dairy products","Production","t",1992,163661.9,"Cheese from milk of buffalo, fresh or processed","no"
NA,"World","Other dairy products","Production","t",1993,171058.7,"Cheese from milk of buffalo, fresh or processed","no"
NA,"World","Other dairy products","Production","t",1994,178480.7,"Cheese from milk of buffalo, fresh or processed","no"
NA,"World","Other dairy products","Production","t",1995,181194.3,"Cheese from milk of buffalo, fresh or processed","no"
NA,"World","Other dairy products","Production","t",1996,210823.25,"Cheese from milk of buffalo, fresh or processed","no"
NA,"World","Other dairy products","Production","t",1997,240161.06,"Cheese from milk of buffalo, fresh or processed","no"
NA,"World","Other dairy products","Production","t",1998,265929,"Cheese from milk of buffalo, fresh or processed","no"
NA,"World","Other dairy products","Production","t",1999,264950.85,"Cheese from milk of buffalo, fresh or processed","no"
NA,"World","Other dairy products","Production","t",2000,264273.65,"Cheese from milk of buffalo, fresh or processed","no"
NA,"World","Other dairy products","Production","t",2001,265104.3,"Cheese from milk of buffalo, fresh or processed","no"
NA,"World","Other dairy products","Production","t",2002,265161,"Cheese from milk of buffalo, fresh or processed","no"
NA,"World","Other dairy products","Production","t",2003,265477.5,"Cheese from milk of buffalo, fresh or processed","no"
NA,"World","Other dairy products","Production","t",2004,268570.3,"Cheese from milk of buffalo, fresh or processed","no"
NA,"World","Other dairy products","Production","t",2005,269427.5,"Cheese from milk of buffalo, fresh or processed","no"
NA,"World","Other dairy products","Production","t",2006,269627.5,"Cheese from milk of buffalo, fresh or processed","no"
NA,"World","Other dairy products","Production","t",2007,293577.5,"Cheese from milk of buffalo, fresh or processed","no"
NA,"World","Other dairy products","Production","t",2008,293777.5,"Cheese from milk of buffalo, fresh or processed","no"
NA,"World","Other dairy products","Production","t",2009,300227.5,"Cheese from milk of buffalo, fresh or processed","no"
NA,"World","Other dairy products","Production","t",2010,674807.29,"Cheese from milk of buffalo, fresh or processed","no"
NA,"World","Other dairy products","Production","t",2011,655761.53,"Cheese from milk of buffalo, fresh or processed","no"
NA,"World","Other dairy products","Production","t",2012,668794.3,"Cheese from milk of buffalo, fresh or processed","no"
NA,"World","Other dairy products","Production","t",2013,655377.96,"Cheese from milk of buffalo, fresh or processed","no"
NA,"World","Other dairy products","Production","t",2014,668637.03,"Cheese from milk of buffalo, fresh or processed","no"
NA,"World","Other dairy products","Production","t",2015,684151.95,"Cheese from milk of buffalo, fresh or processed","no"
NA,"World","Other dairy products","Production","t",2016,676033.3,"Cheese from milk of buffalo, fresh or processed","no"
NA,"World","Other dairy products","Production","t",2017,703785.79,"Cheese from milk of buffalo, fresh or processed","no"
NA,"World","Other dairy products","Production","t",2018,708644.21,"Cheese from milk of buffalo, fresh or processed","no"
NA,"World","Other dairy products","Production","t",2019,578362.2,"Cheese from milk of buffalo, fresh or processed","no"
NA,"World","Other dairy products","Production","t",2020,617774.83,"Cheese from milk of buffalo, fresh or processed","no"
NA,"World","Other dairy products","Production","t",2021,676101.4,"Cheese from milk of buffalo, fresh or processed","no"
NA,"World","Other dairy products","Production","t",2022,633680.13,"Cheese from milk of buffalo, fresh or processed","no"
NA,"World","Other dairy products","Production","t",2023,NA,"Cheese from milk of buffalo, fresh or processed","no"
NA,"World","Other dairy products","Production","t",1992,388723.6,"Cheese from milk of goats, fresh or processed","no"
NA,"World","Other dairy products","Production","t",1993,403867.46,"Cheese from milk of goats, fresh or processed","no"
NA,"World","Other dairy products","Production","t",1994,437933.63,"Cheese from milk of goats, fresh or processed","no"
NA,"World","Other dairy products","Production","t",1995,426933.9,"Cheese from milk of goats, fresh or processed","no"
NA,"World","Other dairy products","Production","t",1996,381936.53,"Cheese from milk of goats, fresh or processed","no"
NA,"World","Other dairy products","Production","t",1997,373637.91,"Cheese from milk of goats, fresh or processed","no"
NA,"World","Other dairy products","Production","t",1998,391048.43,"Cheese from milk of goats, fresh or processed","no"
NA,"World","Other dairy products","Production","t",1999,417927.81,"Cheese from milk of goats, fresh or processed","no"
NA,"World","Other dairy products","Production","t",2000,426142.59,"Cheese from milk of goats, fresh or processed","no"
NA,"World","Other dairy products","Production","t",2001,422577.49,"Cheese from milk of goats, fresh or processed","no"
NA,"World","Other dairy products","Production","t",2002,433394.12,"Cheese from milk of goats, fresh or processed","no"
NA,"World","Other dairy products","Production","t",2003,451075.27,"Cheese from milk of goats, fresh or processed","no"
NA,"World","Other dairy products","Production","t",2004,446207.96,"Cheese from milk of goats, fresh or processed","no"
NA,"World","Other dairy products","Production","t",2005,465830.9,"Cheese from milk of goats, fresh or processed","no"
NA,"World","Other dairy products","Production","t",2006,461186.34,"Cheese from milk of goats, fresh or processed","no"
NA,"World","Other dairy products","Production","t",2007,459419.49,"Cheese from milk of goats, fresh or processed","no"
NA,"World","Other dairy products","Production","t",2008,455430.43,"Cheese from milk of goats, fresh or processed","no"
NA,"World","Other dairy products","Production","t",2009,456475.75,"Cheese from milk of goats, fresh or processed","no"
NA,"World","Other dairy products","Production","t",2010,433211.72,"Cheese from milk of goats, fresh or processed","no"
NA,"World","Other dairy products","Production","t",2011,442619.48,"Cheese from milk of goats, fresh or processed","no"
NA,"World","Other dairy products","Production","t",2012,512397.18,"Cheese from milk of goats, fresh or processed","no"
NA,"World","Other dairy products","Production","t",2013,555166.41,"Cheese from milk of goats, fresh or processed","no"
NA,"World","Other dairy products","Production","t",2014,570109.94,"Cheese from milk of goats, fresh or processed","no"
NA,"World","Other dairy products","Production","t",2015,545383.2,"Cheese from milk of goats, fresh or processed","no"
NA,"World","Other dairy products","Production","t",2016,552314.66,"Cheese from milk of goats, fresh or processed","no"
NA,"World","Other dairy products","Production","t",2017,565777.14,"Cheese from milk of goats, fresh or processed","no"
NA,"World","Other dairy products","Production","t",2018,581481.62,"Cheese from milk of goats, fresh or processed","no"
NA,"World","Other dairy products","Production","t",2019,452272.31,"Cheese from milk of goats, fresh or processed","no"
NA,"World","Other dairy products","Production","t",2020,466636.57,"Cheese from milk of goats, fresh or processed","no"
NA,"World","Other dairy products","Production","t",2021,457117.1,"Cheese from milk of goats, fresh or processed","no"
NA,"World","Other dairy products","Production","t",2022,446512.28,"Cheese from milk of goats, fresh or processed","no"
NA,"World","Other dairy products","Production","t",2023,NA,"Cheese from milk of goats, fresh or processed","no"
NA,"World","Other dairy products","Production","t",1992,614937.27,"Cheese from milk of sheep, fresh or processed","no"
NA,"World","Other dairy products","Production","t",1993,612997.6,"Cheese from milk of sheep, fresh or processed","no"
NA,"World","Other dairy products","Production","t",1994,641628.2,"Cheese from milk of sheep, fresh or processed","no"
NA,"World","Other dairy products","Production","t",1995,621859.76,"Cheese from milk of sheep, fresh or processed","no"
NA,"World","Other dairy products","Production","t",1996,631801.45,"Cheese from milk of sheep, fresh or processed","no"
NA,"World","Other dairy products","Production","t",1997,642631.16,"Cheese from milk of sheep, fresh or processed","no"
NA,"World","Other dairy products","Production","t",1998,649375.4,"Cheese from milk of sheep, fresh or processed","no"
NA,"World","Other dairy products","Production","t",1999,635192.59,"Cheese from milk of sheep, fresh or processed","no"
NA,"World","Other dairy products","Production","t",2000,643853.98,"Cheese from milk of sheep, fresh or processed","no"
NA,"World","Other dairy products","Production","t",2001,654205.05,"Cheese from milk of sheep, fresh or processed","no"
NA,"World","Other dairy products","Production","t",2002,660460.77,"Cheese from milk of sheep, fresh or processed","no"
NA,"World","Other dairy products","Production","t",2003,660357.96,"Cheese from milk of sheep, fresh or processed","no"
NA,"World","Other dairy products","Production","t",2004,671114.26,"Cheese from milk of sheep, fresh or processed","no"
NA,"World","Other dairy products","Production","t",2005,677108.49,"Cheese from milk of sheep, fresh or processed","no"
NA,"World","Other dairy products","Production","t",2006,687785.82,"Cheese from milk of sheep, fresh or processed","no"
NA,"World","Other dairy products","Production","t",2007,691312.31,"Cheese from milk of sheep, fresh or processed","no"
NA,"World","Other dairy products","Production","t",2008,687759.06,"Cheese from milk of sheep, fresh or processed","no"
NA,"World","Other dairy products","Production","t",2009,674686.88,"Cheese from milk of sheep, fresh or processed","no"
NA,"World","Other dairy products","Production","t",2010,580908.43,"Cheese from milk of sheep, fresh or processed","no"
NA,"World","Other dairy products","Production","t",2011,575059.14,"Cheese from milk of sheep, fresh or processed","no"
NA,"World","Other dairy products","Production","t",2012,479147.89,"Cheese from milk of sheep, fresh or processed","no"
NA,"World","Other dairy products","Production","t",2013,600087.29,"Cheese from milk of sheep, fresh or processed","no"
NA,"World","Other dairy products","Production","t",2014,643876.75,"Cheese from milk of sheep, fresh or processed","no"
NA,"World","Other dairy products","Production","t",2015,519214.18,"Cheese from milk of sheep, fresh or processed","no"
NA,"World","Other dairy products","Production","t",2016,519124.45,"Cheese from milk of sheep, fresh or processed","no"
NA,"World","Other dairy products","Production","t",2017,541775.88,"Cheese from milk of sheep, fresh or processed","no"
NA,"World","Other dairy products","Production","t",2018,537953,"Cheese from milk of sheep, fresh or processed","no"
NA,"World","Other dairy products","Production","t",2019,530169.68,"Cheese from milk of sheep, fresh or processed","no"
NA,"World","Other dairy products","Production","t",2020,532578.78,"Cheese from milk of sheep, fresh or processed","no"
NA,"World","Other dairy products","Production","t",2021,532510.73,"Cheese from milk of sheep, fresh or processed","no"
NA,"World","Other dairy products","Production","t",2022,527527.78,"Cheese from milk of sheep, fresh or processed","no"
NA,"World","Other dairy products","Production","t",2023,NA,"Cheese from milk of sheep, fresh or processed","no"
NA,"World","Other dairy products","Production","t",1992,1999390.53,"Cheese from skimmed cow milk","no"
NA,"World","Other dairy products","Production","t",1993,2038338.16,"Cheese from skimmed cow milk","no"
NA,"World","Other dairy products","Production","t",1994,2017585.12,"Cheese from skimmed cow milk","no"
NA,"World","Other dairy products","Production","t",1995,2011936.42,"Cheese from skimmed cow milk","no"
NA,"World","Other dairy products","Production","t",1996,2019957.09,"Cheese from skimmed cow milk","no"
NA,"World","Other dairy products","Production","t",1997,1986319.95,"Cheese from skimmed cow milk","no"
NA,"World","Other dairy products","Production","t",1998,1997301.52,"Cheese from skimmed cow milk","no"
NA,"World","Other dairy products","Production","t",1999,2004194.93,"Cheese from skimmed cow milk","no"
NA,"World","Other dairy products","Production","t",2000,2026457.08,"Cheese from skimmed cow milk","no"
NA,"World","Other dairy products","Production","t",2001,2071595.21,"Cheese from skimmed cow milk","no"
NA,"World","Other dairy products","Production","t",2002,2101364.2,"Cheese from skimmed cow milk","no"
NA,"World","Other dairy products","Production","t",2003,2125407.78,"Cheese from skimmed cow milk","no"
NA,"World","Other dairy products","Production","t",2004,2239560.66,"Cheese from skimmed cow milk","no"
NA,"World","Other dairy products","Production","t",2005,2233856.77,"Cheese from skimmed cow milk","no"
NA,"World","Other dairy products","Production","t",2006,2282790.27,"Cheese from skimmed cow milk","no"
NA,"World","Other dairy products","Production","t",2007,2276893.87,"Cheese from skimmed cow milk","no"
NA,"World","Other dairy products","Production","t",2008,2269671.97,"Cheese from skimmed cow milk","no"
NA,"World","Other dairy products","Production","t",2009,2293165.8,"Cheese from skimmed cow milk","no"
NA,"World","Other dairy products","Production","t",2010,2642842.93,"Cheese from skimmed cow milk","no"
NA,"World","Other dairy products","Production","t",2011,2700572.62,"Cheese from skimmed cow milk","no"
NA,"World","Other dairy products","Production","t",2012,2777183.28,"Cheese from skimmed cow milk","no"
NA,"World","Other dairy products","Production","t",2013,2810088.25,"Cheese from skimmed cow milk","no"
NA,"World","Other dairy products","Production","t",2014,2952731.04,"Cheese from skimmed cow milk","no"
NA,"World","Other dairy products","Production","t",2015,2946883.61,"Cheese from skimmed cow milk","no"
NA,"World","Other dairy products","Production","t",2016,2923955.37,"Cheese from skimmed cow milk","no"
NA,"World","Other dairy products","Production","t",2017,2954612.92,"Cheese from skimmed cow milk","no"
NA,"World","Other dairy products","Production","t",2018,2699241.4,"Cheese from skimmed cow milk","no"
NA,"World","Other dairy products","Production","t",2019,2783116.86,"Cheese from skimmed cow milk","no"
NA,"World","Other dairy products","Production","t",2020,2718692.55,"Cheese from skimmed cow milk","no"
NA,"World","Other dairy products","Production","t",2021,2727908.28,"Cheese from skimmed cow milk","no"
NA,"World","Other dairy products","Production","t",2022,2721172.55,"Cheese from skimmed cow milk","no"
NA,"World","Other dairy products","Production","t",2023,NA,"Cheese from skimmed cow milk","no"
NA,"World","Other dairy products","Production","t",1992,10775585,"Cheese from whole cow milk","no"
NA,"World","Other dairy products","Production","t",1993,10888898.26,"Cheese from whole cow milk","no"
NA,"World","Other dairy products","Production","t",1994,11171598.27,"Cheese from whole cow milk","no"
NA,"World","Other dairy products","Production","t",1995,11338726.11,"Cheese from whole cow milk","no"
NA,"World","Other dairy products","Production","t",1996,11683431.98,"Cheese from whole cow milk","no"
NA,"World","Other dairy products","Production","t",1997,12013588.99,"Cheese from whole cow milk","no"
NA,"World","Other dairy products","Production","t",1998,12298772.51,"Cheese from whole cow milk","no"
NA,"World","Other dairy products","Production","t",1999,12675388.37,"Cheese from whole cow milk","no"
NA,"World","Other dairy products","Production","t",2000,13228975.24,"Cheese from whole cow milk","no"
NA,"World","Other dairy products","Production","t",2001,13529337.55,"Cheese from whole cow milk","no"
NA,"World","Other dairy products","Production","t",2002,13856697.96,"Cheese from whole cow milk","no"
NA,"World","Other dairy products","Production","t",2003,14063558.64,"Cheese from whole cow milk","no"
NA,"World","Other dairy products","Production","t",2004,14507560.2,"Cheese from whole cow milk","no"
NA,"World","Other dairy products","Production","t",2005,15078003.32,"Cheese from whole cow milk","no"
NA,"World","Other dairy products","Production","t",2006,15414794.58,"Cheese from whole cow milk","no"
NA,"World","Other dairy products","Production","t",2007,15791007.5,"Cheese from whole cow milk","no"
NA,"World","Other dairy products","Production","t",2008,16121834.81,"Cheese from whole cow milk","no"
NA,"World","Other dairy products","Production","t",2009,16313955.49,"Cheese from whole cow milk","no"
NA,"World","Other dairy products","Production","t",2010,16854266.59,"Cheese from whole cow milk","no"
NA,"World","Other dairy products","Production","t",2011,17000770.78,"Cheese from whole cow milk","no"
NA,"World","Other dairy products","Production","t",2012,18170514.66,"Cheese from whole cow milk","no"
NA,"World","Other dairy products","Production","t",2013,18352891.51,"Cheese from whole cow milk","no"
NA,"World","Other dairy products","Production","t",2014,18850566.29,"Cheese from whole cow milk","no"
NA,"World","Other dairy products","Production","t",2015,19381712.4,"Cheese from whole cow milk","no"
NA,"World","Other dairy products","Production","t",2016,19681690.35,"Cheese from whole cow milk","no"
NA,"World","Other dairy products","Production","t",2017,20019825.61,"Cheese from whole cow milk","no"
NA,"World","Other dairy products","Production","t",2018,20389444.85,"Cheese from whole cow milk","no"
NA,"World","Other dairy products","Production","t",2019,21091595.3,"Cheese from whole cow milk","no"
NA,"World","Other dairy products","Production","t",2020,21817895.33,"Cheese from whole cow milk","no"
NA,"World","Other dairy products","Production","t",2021,22410267.73,"Cheese from whole cow milk","no"
NA,"World","Other dairy products","Production","t",2022,22563312.81,"Cheese from whole cow milk","no"
NA,"World","Other dairy products","Production","t",2023,NA,"Cheese from whole cow milk","no"
NA,"World","Fruits and nuts","Area harvested","ha",1992,320963,"Cherries","no"
NA,"World","Fruits and nuts","Area harvested","ha",1993,311989,"Cherries","no"
NA,"World","Fruits and nuts","Area harvested","ha",1994,291628,"Cherries","no"
NA,"World","Fruits and nuts","Area harvested","ha",1995,312283,"Cherries","no"
NA,"World","Fruits and nuts","Area harvested","ha",1996,322867,"Cherries","no"
NA,"World","Fruits and nuts","Area harvested","ha",1997,325675,"Cherries","no"
NA,"World","Fruits and nuts","Area harvested","ha",1998,327280,"Cherries","no"
NA,"World","Fruits and nuts","Area harvested","ha",1999,330174,"Cherries","no"
NA,"World","Fruits and nuts","Area harvested","ha",2000,335862,"Cherries","no"
NA,"World","Fruits and nuts","Area harvested","ha",2001,344371,"Cherries","no"
NA,"World","Fruits and nuts","Area harvested","ha",2002,344621,"Cherries","no"
NA,"World","Fruits and nuts","Area harvested","ha",2003,351661,"Cherries","no"
NA,"World","Fruits and nuts","Area harvested","ha",2004,352607,"Cherries","no"
NA,"World","Fruits and nuts","Area harvested","ha",2005,344542,"Cherries","no"
NA,"World","Fruits and nuts","Area harvested","ha",2006,367351,"Cherries","no"
NA,"World","Fruits and nuts","Area harvested","ha",2007,379402,"Cherries","no"
NA,"World","Fruits and nuts","Area harvested","ha",2008,371135,"Cherries","no"
NA,"World","Fruits and nuts","Area harvested","ha",2009,384969,"Cherries","no"
NA,"World","Fruits and nuts","Area harvested","ha",2010,391552,"Cherries","no"
NA,"World","Fruits and nuts","Area harvested","ha",2011,397895,"Cherries","no"
NA,"World","Fruits and nuts","Area harvested","ha",2012,399358,"Cherries","no"
NA,"World","Fruits and nuts","Area harvested","ha",2013,410968,"Cherries","no"
NA,"World","Fruits and nuts","Area harvested","ha",2014,402906,"Cherries","no"
NA,"World","Fruits and nuts","Area harvested","ha",2015,405355,"Cherries","no"
NA,"World","Fruits and nuts","Area harvested","ha",2016,415144,"Cherries","no"
NA,"World","Fruits and nuts","Area harvested","ha",2017,416775,"Cherries","no"
NA,"World","Fruits and nuts","Area harvested","ha",2018,414947,"Cherries","no"
NA,"World","Fruits and nuts","Area harvested","ha",2019,437387,"Cherries","no"
NA,"World","Fruits and nuts","Area harvested","ha",2020,443034,"Cherries","no"
NA,"World","Fruits and nuts","Area harvested","ha",2021,449102,"Cherries","no"
NA,"World","Fruits and nuts","Area harvested","ha",2022,458085,"Cherries","no"
NA,"World","Fruits and nuts","Area harvested","ha",2023,462868,"Cherries","no"
NA,"World","Fruits and nuts","Yield","kg/ha",1992,5465.7,"Cherries","no"
NA,"World","Fruits and nuts","Yield","kg/ha",1993,5461,"Cherries","no"
NA,"World","Fruits and nuts","Yield","kg/ha",1994,5579.1,"Cherries","no"
NA,"World","Fruits and nuts","Yield","kg/ha",1995,5209.9,"Cherries","no"
NA,"World","Fruits and nuts","Yield","kg/ha",1996,5558.7,"Cherries","no"
NA,"World","Fruits and nuts","Yield","kg/ha",1997,5023.1,"Cherries","no"
NA,"World","Fruits and nuts","Yield","kg/ha",1998,5000.3,"Cherries","no"
NA,"World","Fruits and nuts","Yield","kg/ha",1999,5520,"Cherries","no"
NA,"World","Fruits and nuts","Yield","kg/ha",2000,5648.3,"Cherries","no"
NA,"World","Fruits and nuts","Yield","kg/ha",2001,5270,"Cherries","no"
NA,"World","Fruits and nuts","Yield","kg/ha",2002,6075.6,"Cherries","no"
NA,"World","Fruits and nuts","Yield","kg/ha",2003,4878.2,"Cherries","no"
NA,"World","Fruits and nuts","Yield","kg/ha",2004,4811.5,"Cherries","no"
NA,"World","Fruits and nuts","Yield","kg/ha",2005,5350.5,"Cherries","no"
NA,"World","Fruits and nuts","Yield","kg/ha",2006,5180.5,"Cherries","no"
NA,"World","Fruits and nuts","Yield","kg/ha",2007,5245.6,"Cherries","no"
NA,"World","Fruits and nuts","Yield","kg/ha",2008,5001.6,"Cherries","no"
NA,"World","Fruits and nuts","Yield","kg/ha",2009,5603.4,"Cherries","no"
NA,"World","Fruits and nuts","Yield","kg/ha",2010,5101.8,"Cherries","no"
NA,"World","Fruits and nuts","Yield","kg/ha",2011,5416.5,"Cherries","no"
NA,"World","Fruits and nuts","Yield","kg/ha",2012,5531.5,"Cherries","no"
NA,"World","Fruits and nuts","Yield","kg/ha",2013,5584.4,"Cherries","no"
NA,"World","Fruits and nuts","Yield","kg/ha",2014,5430,"Cherries","no"
NA,"World","Fruits and nuts","Yield","kg/ha",2015,5581.8,"Cherries","no"
NA,"World","Fruits and nuts","Yield","kg/ha",2016,5651.1,"Cherries","no"
NA,"World","Fruits and nuts","Yield","kg/ha",2017,5877.9,"Cherries","no"
NA,"World","Fruits and nuts","Yield","kg/ha",2018,6169.9,"Cherries","no"
NA,"World","Fruits and nuts","Yield","kg/ha",2019,6016.6,"Cherries","no"
NA,"World","Fruits and nuts","Yield","kg/ha",2020,5923.4,"Cherries","no"
NA,"World","Fruits and nuts","Yield","kg/ha",2021,6137.3,"Cherries","no"
NA,"World","Fruits and nuts","Yield","kg/ha",2022,6096.5,"Cherries","no"
NA,"World","Fruits and nuts","Yield","kg/ha",2023,6403.1,"Cherries","no"
NA,"World","Fruits and nuts","Production","t",1992,1754281.13,"Cherries","no"
NA,"World","Fruits and nuts","Production","t",1993,1703784.94,"Cherries","no"
NA,"World","Fruits and nuts","Production","t",1994,1627026.73,"Cherries","no"
NA,"World","Fruits and nuts","Production","t",1995,1626965.56,"Cherries","no"
NA,"World","Fruits and nuts","Production","t",1996,1794715.68,"Cherries","no"
NA,"World","Fruits and nuts","Production","t",1997,1635889.52,"Cherries","no"
NA,"World","Fruits and nuts","Production","t",1998,1636487.3,"Cherries","no"
NA,"World","Fruits and nuts","Production","t",1999,1822549.98,"Cherries","no"
NA,"World","Fruits and nuts","Production","t",2000,1897047.38,"Cherries","no"
NA,"World","Fruits and nuts","Production","t",2001,1814827.16,"Cherries","no"
NA,"World","Fruits and nuts","Production","t",2002,2093768.02,"Cherries","no"
NA,"World","Fruits and nuts","Production","t",2003,1715488.51,"Cherries","no"
NA,"World","Fruits and nuts","Production","t",2004,1696571.43,"Cherries","no"
NA,"World","Fruits and nuts","Production","t",2005,1843478.24,"Cherries","no"
NA,"World","Fruits and nuts","Production","t",2006,1903069.48,"Cherries","no"
NA,"World","Fruits and nuts","Production","t",2007,1990196.36,"Cherries","no"
NA,"World","Fruits and nuts","Production","t",2008,1856278.63,"Cherries","no"
NA,"World","Fruits and nuts","Production","t",2009,2157115.37,"Cherries","no"
NA,"World","Fruits and nuts","Production","t",2010,1997615.38,"Cherries","no"
NA,"World","Fruits and nuts","Production","t",2011,2155190.39,"Cherries","no"
NA,"World","Fruits and nuts","Production","t",2012,2209051.93,"Cherries","no"
NA,"World","Fruits and nuts","Production","t",2013,2295018.36,"Cherries","no"
NA,"World","Fruits and nuts","Production","t",2014,2187771.42,"Cherries","no"
NA,"World","Fruits and nuts","Production","t",2015,2262619.18,"Cherries","no"
NA,"World","Fruits and nuts","Production","t",2016,2346011.56,"Cherries","no"
NA,"World","Fruits and nuts","Production","t",2017,2449772.09,"Cherries","no"
NA,"World","Fruits and nuts","Production","t",2018,2560162.03,"Cherries","no"
NA,"World","Fruits and nuts","Production","t",2019,2631566.13,"Cherries","no"
NA,"World","Fruits and nuts","Production","t",2020,2624278.7,"Cherries","no"
NA,"World","Fruits and nuts","Production","t",2021,2756270.28,"Cherries","no"
NA,"World","Fruits and nuts","Production","t",2022,2792711.82,"Cherries","no"
NA,"World","Fruits and nuts","Production","t",2023,2963780.9,"Cherries","no"
NA,"World","Fruits and nuts","Area harvested","ha",1992,255722,"Chestnuts, in shell","no"
NA,"World","Fruits and nuts","Area harvested","ha",1993,249001,"Chestnuts, in shell","no"
NA,"World","Fruits and nuts","Area harvested","ha",1994,252972,"Chestnuts, in shell","no"
NA,"World","Fruits and nuts","Area harvested","ha",1995,247586,"Chestnuts, in shell","no"
NA,"World","Fruits and nuts","Area harvested","ha",1996,270204,"Chestnuts, in shell","no"
NA,"World","Fruits and nuts","Area harvested","ha",1997,285850,"Chestnuts, in shell","no"
NA,"World","Fruits and nuts","Area harvested","ha",1998,295725,"Chestnuts, in shell","no"
NA,"World","Fruits and nuts","Area harvested","ha",1999,290195,"Chestnuts, in shell","no"
NA,"World","Fruits and nuts","Area harvested","ha",2000,291502,"Chestnuts, in shell","no"
NA,"World","Fruits and nuts","Area harvested","ha",2001,304605,"Chestnuts, in shell","no"
NA,"World","Fruits and nuts","Area harvested","ha",2002,320693,"Chestnuts, in shell","no"
NA,"World","Fruits and nuts","Area harvested","ha",2003,342927,"Chestnuts, in shell","no"
NA,"World","Fruits and nuts","Area harvested","ha",2004,372133,"Chestnuts, in shell","no"
NA,"World","Fruits and nuts","Area harvested","ha",2005,383672,"Chestnuts, in shell","no"
NA,"World","Fruits and nuts","Area harvested","ha",2006,421188,"Chestnuts, in shell","no"
NA,"World","Fruits and nuts","Area harvested","ha",2007,442724,"Chestnuts, in shell","no"
NA,"World","Fruits and nuts","Area harvested","ha",2008,474147,"Chestnuts, in shell","no"
NA,"World","Fruits and nuts","Area harvested","ha",2009,505047,"Chestnuts, in shell","no"
NA,"World","Fruits and nuts","Area harvested","ha",2010,523039,"Chestnuts, in shell","no"
NA,"World","Fruits and nuts","Area harvested","ha",2011,522154,"Chestnuts, in shell","no"
NA,"World","Fruits and nuts","Area harvested","ha",2012,532370,"Chestnuts, in shell","no"
NA,"World","Fruits and nuts","Area harvested","ha",2013,544025,"Chestnuts, in shell","no"
NA,"World","Fruits and nuts","Area harvested","ha",2014,532231,"Chestnuts, in shell","no"
NA,"World","Fruits and nuts","Area harvested","ha",2015,532297,"Chestnuts, in shell","no"
NA,"World","Fruits and nuts","Area harvested","ha",2016,521719,"Chestnuts, in shell","no"
NA,"World","Fruits and nuts","Area harvested","ha",2017,518163,"Chestnuts, in shell","no"
NA,"World","Fruits and nuts","Area harvested","ha",2018,533962,"Chestnuts, in shell","no"
NA,"World","Fruits and nuts","Area harvested","ha",2019,538134,"Chestnuts, in shell","no"
NA,"World","Fruits and nuts","Area harvested","ha",2020,548533,"Chestnuts, in shell","no"
NA,"World","Fruits and nuts","Area harvested","ha",2021,542570,"Chestnuts, in shell","no"
NA,"World","Fruits and nuts","Area harvested","ha",2022,547324,"Chestnuts, in shell","no"
NA,"World","Fruits and nuts","Area harvested","ha",2023,549274,"Chestnuts, in shell","no"
NA,"World","Fruits and nuts","Yield","kg/ha",1992,2638,"Chestnuts, in shell","no"
NA,"World","Fruits and nuts","Yield","kg/ha",1993,2559.6,"Chestnuts, in shell","no"
NA,"World","Fruits and nuts","Yield","kg/ha",1994,2731.4,"Chestnuts, in shell","no"
NA,"World","Fruits and nuts","Yield","kg/ha",1995,2731.3,"Chestnuts, in shell","no"
NA,"World","Fruits and nuts","Yield","kg/ha",1996,2506.6,"Chestnuts, in shell","no"
NA,"World","Fruits and nuts","Yield","kg/ha",1997,2759.4,"Chestnuts, in shell","no"
NA,"World","Fruits and nuts","Yield","kg/ha",1998,2816.6,"Chestnuts, in shell","no"
NA,"World","Fruits and nuts","Yield","kg/ha",1999,3053.7,"Chestnuts, in shell","no"
NA,"World","Fruits and nuts","Yield","kg/ha",2000,3226.7,"Chestnuts, in shell","no"
NA,"World","Fruits and nuts","Yield","kg/ha",2001,3105.6,"Chestnuts, in shell","no"
NA,"World","Fruits and nuts","Yield","kg/ha",2002,3243.7,"Chestnuts, in shell","no"
NA,"World","Fruits and nuts","Yield","kg/ha",2003,3306.6,"Chestnuts, in shell","no"
NA,"World","Fruits and nuts","Yield","kg/ha",2004,3404.8,"Chestnuts, in shell","no"
NA,"World","Fruits and nuts","Yield","kg/ha",2005,3566.5,"Chestnuts, in shell","no"
NA,"World","Fruits and nuts","Yield","kg/ha",2006,3552.2,"Chestnuts, in shell","no"
NA,"World","Fruits and nuts","Yield","kg/ha",2007,3624.8,"Chestnuts, in shell","no"
NA,"World","Fruits and nuts","Yield","kg/ha",2008,3788.8,"Chestnuts, in shell","no"
NA,"World","Fruits and nuts","Yield","kg/ha",2009,3775.8,"Chestnuts, in shell","no"
NA,"World","Fruits and nuts","Yield","kg/ha",2010,3823.3,"Chestnuts, in shell","no"
NA,"World","Fruits and nuts","Yield","kg/ha",2011,3901.6,"Chestnuts, in shell","no"
NA,"World","Fruits and nuts","Yield","kg/ha",2012,3862.3,"Chestnuts, in shell","no"
NA,"World","Fruits and nuts","Yield","kg/ha",2013,3841.8,"Chestnuts, in shell","no"
NA,"World","Fruits and nuts","Yield","kg/ha",2014,3830.6,"Chestnuts, in shell","no"
NA,"World","Fruits and nuts","Yield","kg/ha",2015,3781.2,"Chestnuts, in shell","no"
NA,"World","Fruits and nuts","Yield","kg/ha",2016,3786,"Chestnuts, in shell","no"
NA,"World","Fruits and nuts","Yield","kg/ha",2017,3757.5,"Chestnuts, in shell","no"
NA,"World","Fruits and nuts","Yield","kg/ha",2018,3894.1,"Chestnuts, in shell","no"
NA,"World","Fruits and nuts","Yield","kg/ha",2019,3845.9,"Chestnuts, in shell","no"
NA,"World","Fruits and nuts","Yield","kg/ha",2020,3891.3,"Chestnuts, in shell","no"
NA,"World","Fruits and nuts","Yield","kg/ha",2021,3879.1,"Chestnuts, in shell","no"
NA,"World","Fruits and nuts","Yield","kg/ha",2022,3844.6,"Chestnuts, in shell","no"
NA,"World","Fruits and nuts","Yield","kg/ha",2023,3815.5,"Chestnuts, in shell","no"
NA,"World","Fruits and nuts","Production","t",1992,674589.48,"Chestnuts, in shell","no"
NA,"World","Fruits and nuts","Production","t",1993,637330.58,"Chestnuts, in shell","no"
NA,"World","Fruits and nuts","Production","t",1994,690976.69,"Chestnuts, in shell","no"
NA,"World","Fruits and nuts","Production","t",1995,676227.23,"Chestnuts, in shell","no"
NA,"World","Fruits and nuts","Production","t",1996,677291.12,"Chestnuts, in shell","no"
NA,"World","Fruits and nuts","Production","t",1997,788775.43,"Chestnuts, in shell","no"
NA,"World","Fruits and nuts","Production","t",1998,832927.96,"Chestnuts, in shell","no"
NA,"World","Fruits and nuts","Production","t",1999,886166.26,"Chestnuts, in shell","no"
NA,"World","Fruits and nuts","Production","t",2000,940588.11,"Chestnuts, in shell","no"
NA,"World","Fruits and nuts","Production","t",2001,945990.97,"Chestnuts, in shell","no"
NA,"World","Fruits and nuts","Production","t",2002,1040232.75,"Chestnuts, in shell","no"
NA,"World","Fruits and nuts","Production","t",2003,1133906.96,"Chestnuts, in shell","no"
NA,"World","Fruits and nuts","Production","t",2004,1267036.66,"Chestnuts, in shell","no"
NA,"World","Fruits and nuts","Production","t",2005,1368355.6,"Chestnuts, in shell","no"
NA,"World","Fruits and nuts","Production","t",2006,1496137.14,"Chestnuts, in shell","no"
NA,"World","Fruits and nuts","Production","t",2007,1604774.39,"Chestnuts, in shell","no"
NA,"World","Fruits and nuts","Production","t",2008,1796445.03,"Chestnuts, in shell","no"
NA,"World","Fruits and nuts","Production","t",2009,1906931.78,"Chestnuts, in shell","no"
NA,"World","Fruits and nuts","Production","t",2010,1999713.33,"Chestnuts, in shell","no"
NA,"World","Fruits and nuts","Production","t",2011,2037261.84,"Chestnuts, in shell","no"
NA,"World","Fruits and nuts","Production","t",2012,2056156.52,"Chestnuts, in shell","no"
NA,"World","Fruits and nuts","Production","t",2013,2090054.02,"Chestnuts, in shell","no"
NA,"World","Fruits and nuts","Production","t",2014,2038761.7,"Chestnuts, in shell","no"
NA,"World","Fruits and nuts","Production","t",2015,2012719.03,"Chestnuts, in shell","no"
NA,"World","Fruits and nuts","Production","t",2016,1975247.3,"Chestnuts, in shell","no"
NA,"World","Fruits and nuts","Production","t",2017,1946992.46,"Chestnuts, in shell","no"
NA,"World","Fruits and nuts","Production","t",2018,2079285.54,"Chestnuts, in shell","no"
NA,"World","Fruits and nuts","Production","t",2019,2069622.47,"Chestnuts, in shell","no"
NA,"World","Fruits and nuts","Production","t",2020,2134526.79,"Chestnuts, in shell","no"
NA,"World","Fruits and nuts","Production","t",2021,2104679.35,"Chestnuts, in shell","no"
NA,"World","Fruits and nuts","Production","t",2022,2104259.18,"Chestnuts, in shell","no"
NA,"World","Fruits and nuts","Production","t",2023,2095741.44,"Chestnuts, in shell","no"
NA,"World","Pulses (dried leguminous vegetables)","Area harvested","ha",1992,9250066,"Chick peas, dry","no"
NA,"World","Pulses (dried leguminous vegetables)","Area harvested","ha",1993,10091220,"Chick peas, dry","no"
NA,"World","Pulses (dried leguminous vegetables)","Area harvested","ha",1994,9975485,"Chick peas, dry","no"
NA,"World","Pulses (dried leguminous vegetables)","Area harvested","ha",1995,11448410,"Chick peas, dry","no"
NA,"World","Pulses (dried leguminous vegetables)","Area harvested","ha",1996,11431492,"Chick peas, dry","no"
NA,"World","Pulses (dried leguminous vegetables)","Area harvested","ha",1997,10803334,"Chick peas, dry","no"
NA,"World","Pulses (dried leguminous vegetables)","Area harvested","ha",1998,11436458,"Chick peas, dry","no"
NA,"World","Pulses (dried leguminous vegetables)","Area harvested","ha",1999,12200211,"Chick peas, dry","no"
NA,"World","Pulses (dried leguminous vegetables)","Area harvested","ha",2000,10164905,"Chick peas, dry","no"
NA,"World","Pulses (dried leguminous vegetables)","Area harvested","ha",2001,9509456,"Chick peas, dry","no"
NA,"World","Pulses (dried leguminous vegetables)","Area harvested","ha",2002,10384946,"Chick peas, dry","no"
NA,"World","Pulses (dried leguminous vegetables)","Area harvested","ha",2003,9633371,"Chick peas, dry","no"
NA,"World","Pulses (dried leguminous vegetables)","Area harvested","ha",2004,10442336,"Chick peas, dry","no"
NA,"World","Pulses (dried leguminous vegetables)","Area harvested","ha",2005,10196955,"Chick peas, dry","no"
NA,"World","Pulses (dried leguminous vegetables)","Area harvested","ha",2006,10540344,"Chick peas, dry","no"
NA,"World","Pulses (dried leguminous vegetables)","Area harvested","ha",2007,11266332,"Chick peas, dry","no"
NA,"World","Pulses (dried leguminous vegetables)","Area harvested","ha",2008,11069550,"Chick peas, dry","no"
NA,"World","Pulses (dried leguminous vegetables)","Area harvested","ha",2009,11552815,"Chick peas, dry","no"
NA,"World","Pulses (dried leguminous vegetables)","Area harvested","ha",2010,12011683,"Chick peas, dry","no"
NA,"World","Pulses (dried leguminous vegetables)","Area harvested","ha",2011,12809877,"Chick peas, dry","no"
NA,"World","Pulses (dried leguminous vegetables)","Area harvested","ha",2012,12369037,"Chick peas, dry","no"
NA,"World","Pulses (dried leguminous vegetables)","Area harvested","ha",2013,12434651,"Chick peas, dry","no"
NA,"World","Pulses (dried leguminous vegetables)","Area harvested","ha",2014,13736839,"Chick peas, dry","no"
NA,"World","Pulses (dried leguminous vegetables)","Area harvested","ha",2015,11775828,"Chick peas, dry","no"
NA,"World","Pulses (dried leguminous vegetables)","Area harvested","ha",2016,12936948,"Chick peas, dry","no"
NA,"World","Pulses (dried leguminous vegetables)","Area harvested","ha",2017,14567096,"Chick peas, dry","no"
NA,"World","Pulses (dried leguminous vegetables)","Area harvested","ha",2018,16188524,"Chick peas, dry","no"
NA,"World","Pulses (dried leguminous vegetables)","Area harvested","ha",2019,13842429,"Chick peas, dry","no"
NA,"World","Pulses (dried leguminous vegetables)","Area harvested","ha",2020,13501471,"Chick peas, dry","no"
NA,"World","Pulses (dried leguminous vegetables)","Area harvested","ha",2021,13993910,"Chick peas, dry","no"
NA,"World","Pulses (dried leguminous vegetables)","Area harvested","ha",2022,14722366,"Chick peas, dry","no"
NA,"World","Pulses (dried leguminous vegetables)","Area harvested","ha",2023,14096756,"Chick peas, dry","no"
NA,"World","Pulses (dried leguminous vegetables)","Yield","kg/ha",1992,718.6,"Chick peas, dry","no"
NA,"World","Pulses (dried leguminous vegetables)","Yield","kg/ha",1993,669,"Chick peas, dry","no"
NA,"World","Pulses (dried leguminous vegetables)","Yield","kg/ha",1994,716.6,"Chick peas, dry","no"
NA,"World","Pulses (dried leguminous vegetables)","Yield","kg/ha",1995,801.3,"Chick peas, dry","no"
NA,"World","Pulses (dried leguminous vegetables)","Yield","kg/ha",1996,709.6,"Chick peas, dry","no"
NA,"World","Pulses (dried leguminous vegetables)","Yield","kg/ha",1997,772.1,"Chick peas, dry","no"
NA,"World","Pulses (dried leguminous vegetables)","Yield","kg/ha",1998,775.7,"Chick peas, dry","no"
NA,"World","Pulses (dried leguminous vegetables)","Yield","kg/ha",1999,775.8,"Chick peas, dry","no"
NA,"World","Pulses (dried leguminous vegetables)","Yield","kg/ha",2000,790.6,"Chick peas, dry","no"
NA,"World","Pulses (dried leguminous vegetables)","Yield","kg/ha",2001,739.3,"Chick peas, dry","no"
NA,"World","Pulses (dried leguminous vegetables)","Yield","kg/ha",2002,798,"Chick peas, dry","no"
NA,"World","Pulses (dried leguminous vegetables)","Yield","kg/ha",2003,737.9,"Chick peas, dry","no"
NA,"World","Pulses (dried leguminous vegetables)","Yield","kg/ha",2004,803.9,"Chick peas, dry","no"
NA,"World","Pulses (dried leguminous vegetables)","Yield","kg/ha",2005,829.2,"Chick peas, dry","no"
NA,"World","Pulses (dried leguminous vegetables)","Yield","kg/ha",2006,807.2,"Chick peas, dry","no"
NA,"World","Pulses (dried leguminous vegetables)","Yield","kg/ha",2007,865.1,"Chick peas, dry","no"
NA,"World","Pulses (dried leguminous vegetables)","Yield","kg/ha",2008,778.9,"Chick peas, dry","no"
NA,"World","Pulses (dried leguminous vegetables)","Yield","kg/ha",2009,901.7,"Chick peas, dry","no"
NA,"World","Pulses (dried leguminous vegetables)","Yield","kg/ha",2010,902.2,"Chick peas, dry","no"
NA,"World","Pulses (dried leguminous vegetables)","Yield","kg/ha",2011,915,"Chick peas, dry","no"
NA,"World","Pulses (dried leguminous vegetables)","Yield","kg/ha",2012,940.3,"Chick peas, dry","no"
NA,"World","Pulses (dried leguminous vegetables)","Yield","kg/ha",2013,1048.5,"Chick peas, dry","no"
NA,"World","Pulses (dried leguminous vegetables)","Yield","kg/ha",2014,968.5,"Chick peas, dry","no"
NA,"World","Pulses (dried leguminous vegetables)","Yield","kg/ha",2015,925.4,"Chick peas, dry","no"
NA,"World","Pulses (dried leguminous vegetables)","Yield","kg/ha",2016,897,"Chick peas, dry","no"
NA,"World","Pulses (dried leguminous vegetables)","Yield","kg/ha",2017,1040.2,"Chick peas, dry","no"
NA,"World","Pulses (dried leguminous vegetables)","Yield","kg/ha",2018,1046.3,"Chick peas, dry","no"
NA,"World","Pulses (dried leguminous vegetables)","Yield","kg/ha",2019,1027.3,"Chick peas, dry","no"
NA,"World","Pulses (dried leguminous vegetables)","Yield","kg/ha",2020,1112.8,"Chick peas, dry","no"
NA,"World","Pulses (dried leguminous vegetables)","Yield","kg/ha",2021,1124.6,"Chick peas, dry","no"
NA,"World","Pulses (dried leguminous vegetables)","Yield","kg/ha",2022,1216.8,"Chick peas, dry","no"
NA,"World","Pulses (dried leguminous vegetables)","Yield","kg/ha",2023,1171.7,"Chick peas, dry","no"
NA,"World","Pulses (dried leguminous vegetables)","Production","t",1992,6647265.75,"Chick peas, dry","no"
NA,"World","Pulses (dried leguminous vegetables)","Production","t",1993,6751374.45,"Chick peas, dry","no"
NA,"World","Pulses (dried leguminous vegetables)","Production","t",1994,7148325.26,"Chick peas, dry","no"
NA,"World","Pulses (dried leguminous vegetables)","Production","t",1995,9173281.73,"Chick peas, dry","no"
NA,"World","Pulses (dried leguminous vegetables)","Production","t",1996,8111609.52,"Chick peas, dry","no"
NA,"World","Pulses (dried leguminous vegetables)","Production","t",1997,8341432.12,"Chick peas, dry","no"
NA,"World","Pulses (dried leguminous vegetables)","Production","t",1998,8871521.01,"Chick peas, dry","no"
NA,"World","Pulses (dried leguminous vegetables)","Production","t",1999,9465522.03,"Chick peas, dry","no"
NA,"World","Pulses (dried leguminous vegetables)","Production","t",2000,8036706.32,"Chick peas, dry","no"
NA,"World","Pulses (dried leguminous vegetables)","Production","t",2001,7030615.55,"Chick peas, dry","no"
NA,"World","Pulses (dried leguminous vegetables)","Production","t",2002,8287104.42,"Chick peas, dry","no"
NA,"World","Pulses (dried leguminous vegetables)","Production","t",2003,7108461.11,"Chick peas, dry","no"
NA,"World","Pulses (dried leguminous vegetables)","Production","t",2004,8394502.78,"Chick peas, dry","no"
NA,"World","Pulses (dried leguminous vegetables)","Production","t",2005,8455058.65,"Chick peas, dry","no"
NA,"World","Pulses (dried leguminous vegetables)","Production","t",2006,8508541.17,"Chick peas, dry","no"
NA,"World","Pulses (dried leguminous vegetables)","Production","t",2007,9746059.25,"Chick peas, dry","no"
NA,"World","Pulses (dried leguminous vegetables)","Production","t",2008,8621557.97,"Chick peas, dry","no"
NA,"World","Pulses (dried leguminous vegetables)","Production","t",2009,10416680.19,"Chick peas, dry","no"
NA,"World","Pulses (dried leguminous vegetables)","Production","t",2010,10836652.1,"Chick peas, dry","no"
NA,"World","Pulses (dried leguminous vegetables)","Production","t",2011,11721521.73,"Chick peas, dry","no"
NA,"World","Pulses (dried leguminous vegetables)","Production","t",2012,11630711.79,"Chick peas, dry","no"
NA,"World","Pulses (dried leguminous vegetables)","Production","t",2013,13038219.16,"Chick peas, dry","no"
NA,"World","Pulses (dried leguminous vegetables)","Production","t",2014,13303958.95,"Chick peas, dry","no"
NA,"World","Pulses (dried leguminous vegetables)","Production","t",2015,10897155.5,"Chick peas, dry","no"
NA,"World","Pulses (dried leguminous vegetables)","Production","t",2016,11604334.31,"Chick peas, dry","no"
NA,"World","Pulses (dried leguminous vegetables)","Production","t",2017,15152266.12,"Chick peas, dry","no"
NA,"World","Pulses (dried leguminous vegetables)","Production","t",2018,16937880.48,"Chick peas, dry","no"
NA,"World","Pulses (dried leguminous vegetables)","Production","t",2019,14220781.65,"Chick peas, dry","no"
NA,"World","Pulses (dried leguminous vegetables)","Production","t",2020,15024278.11,"Chick peas, dry","no"
NA,"World","Pulses (dried leguminous vegetables)","Production","t",2021,15737437.64,"Chick peas, dry","no"
NA,"World","Pulses (dried leguminous vegetables)","Production","t",2022,17914426.63,"Chick peas, dry","no"
NA,"World","Pulses (dried leguminous vegetables)","Production","t",2023,16517592.32,"Chick peas, dry","no"
NA,"World","Live animals","Stocks","1000 An",1992,11185593,"Chickens","no"
NA,"World","Live animals","Stocks","1000 An",1993,11703749,"Chickens","no"
NA,"World","Live animals","Stocks","1000 An",1994,12288056,"Chickens","no"
NA,"World","Live animals","Stocks","1000 An",1995,12651466,"Chickens","no"
NA,"World","Live animals","Stocks","1000 An",1996,13329075,"Chickens","no"
NA,"World","Live animals","Stocks","1000 An",1997,13960924,"Chickens","no"
NA,"World","Live animals","Stocks","1000 An",1998,12942946,"Chickens","no"
NA,"World","Live animals","Stocks","1000 An",1999,13420553,"Chickens","no"
NA,"World","Live animals","Stocks","1000 An",2000,14120529,"Chickens","no"
NA,"World","Live animals","Stocks","1000 An",2001,14667691,"Chickens","no"
NA,"World","Live animals","Stocks","1000 An",2002,15852064,"Chickens","no"
NA,"World","Live animals","Stocks","1000 An",2003,15922657,"Chickens","no"
NA,"World","Live animals","Stocks","1000 An",2004,16486261,"Chickens","no"
NA,"World","Live animals","Stocks","1000 An",2005,16977501,"Chickens","no"
NA,"World","Live animals","Stocks","1000 An",2006,17373947,"Chickens","no"
NA,"World","Live animals","Stocks","1000 An",2007,18083999,"Chickens","no"
NA,"World","Live animals","Stocks","1000 An",2008,18786790,"Chickens","no"
NA,"World","Live animals","Stocks","1000 An",2009,19578129,"Chickens","no"
NA,"World","Live animals","Stocks","1000 An",2010,20109245,"Chickens","no"
NA,"World","Live animals","Stocks","1000 An",2011,19868342,"Chickens","no"
NA,"World","Live animals","Stocks","1000 An",2012,20425727,"Chickens","no"
NA,"World","Live animals","Stocks","1000 An",2013,20923557,"Chickens","no"
NA,"World","Live animals","Stocks","1000 An",2014,21128844,"Chickens","no"
NA,"World","Live animals","Stocks","1000 An",2015,21887121,"Chickens","no"
NA,"World","Live animals","Stocks","1000 An",2016,22606536,"Chickens","no"
NA,"World","Live animals","Stocks","1000 An",2017,24699087,"Chickens","no"
NA,"World","Live animals","Stocks","1000 An",2018,25124426,"Chickens","no"
NA,"World","Live animals","Stocks","1000 An",2019,25780800,"Chickens","no"
NA,"World","Live animals","Stocks","1000 An",2020,26011253,"Chickens","no"
NA,"World","Live animals","Stocks","1000 An",2021,26027441,"Chickens","no"
NA,"World","Live animals","Stocks","1000 An",2022,26752925,"Chickens","no"
NA,"World","Live animals","Stocks","1000 An",2023,27223471,"Chickens","no"
NA,"World","Stimulant, spice and aromatic crops","Area harvested","ha",1992,16615,"Chicory roots","no"
NA,"World","Stimulant, spice and aromatic crops","Area harvested","ha",1993,14883,"Chicory roots","no"
NA,"World","Stimulant, spice and aromatic crops","Area harvested","ha",1994,16324,"Chicory roots","no"
NA,"World","Stimulant, spice and aromatic crops","Area harvested","ha",1995,19088,"Chicory roots","no"
NA,"World","Stimulant, spice and aromatic crops","Area harvested","ha",1996,23235,"Chicory roots","no"
NA,"World","Stimulant, spice and aromatic crops","Area harvested","ha",1997,22535,"Chicory roots","no"
NA,"World","Stimulant, spice and aromatic crops","Area harvested","ha",1998,25892,"Chicory roots","no"
NA,"World","Stimulant, spice and aromatic crops","Area harvested","ha",1999,29831,"Chicory roots","no"
NA,"World","Stimulant, spice and aromatic crops","Area harvested","ha",2000,33555,"Chicory roots","no"
NA,"World","Stimulant, spice and aromatic crops","Area harvested","ha",2001,29077,"Chicory roots","no"
NA,"World","Stimulant, spice and aromatic crops","Area harvested","ha",2002,27226,"Chicory roots","no"
NA,"World","Stimulant, spice and aromatic crops","Area harvested","ha",2003,28880,"Chicory roots","no"
NA,"World","Stimulant, spice and aromatic crops","Area harvested","ha",2004,28235,"Chicory roots","no"
NA,"World","Stimulant, spice and aromatic crops","Area harvested","ha",2005,27345,"Chicory roots","no"
NA,"World","Stimulant, spice and aromatic crops","Area harvested","ha",2006,22871,"Chicory roots","no"
NA,"World","Stimulant, spice and aromatic crops","Area harvested","ha",2007,23025,"Chicory roots","no"
NA,"World","Stimulant, spice and aromatic crops","Area harvested","ha",2008,21753,"Chicory roots","no"
NA,"World","Stimulant, spice and aromatic crops","Area harvested","ha",2009,22933,"Chicory roots","no"
NA,"World","Stimulant, spice and aromatic crops","Area harvested","ha",2010,21049,"Chicory roots","no"
NA,"World","Stimulant, spice and aromatic crops","Area harvested","ha",2011,20251,"Chicory roots","no"
NA,"World","Stimulant, spice and aromatic crops","Area harvested","ha",2012,18757,"Chicory roots","no"
NA,"World","Stimulant, spice and aromatic crops","Area harvested","ha",2013,16747,"Chicory roots","no"
NA,"World","Stimulant, spice and aromatic crops","Area harvested","ha",2014,14129,"Chicory roots","no"
NA,"World","Stimulant, spice and aromatic crops","Area harvested","ha",2015,15107,"Chicory roots","no"
NA,"World","Stimulant, spice and aromatic crops","Area harvested","ha",2016,13931,"Chicory roots","no"
NA,"World","Stimulant, spice and aromatic crops","Area harvested","ha",2017,14535,"Chicory roots","no"
NA,"World","Stimulant, spice and aromatic crops","Area harvested","ha",2018,3538,"Chicory roots","no"
NA,"World","Stimulant, spice and aromatic crops","Area harvested","ha",2019,3566,"Chicory roots","no"
NA,"World","Stimulant, spice and aromatic crops","Area harvested","ha",2020,3019,"Chicory roots","no"
NA,"World","Stimulant, spice and aromatic crops","Area harvested","ha",2021,3242,"Chicory roots","no"
NA,"World","Stimulant, spice and aromatic crops","Area harvested","ha",2022,3262,"Chicory roots","no"
NA,"World","Stimulant, spice and aromatic crops","Area harvested","ha",2023,1899,"Chicory roots","no"
NA,"World","Stimulant, spice and aromatic crops","Yield","kg/ha",1992,26878.4,"Chicory roots","no"
NA,"World","Stimulant, spice and aromatic crops","Yield","kg/ha",1993,27469.7,"Chicory roots","no"
NA,"World","Stimulant, spice and aromatic crops","Yield","kg/ha",1994,28379.8,"Chicory roots","no"
NA,"World","Stimulant, spice and aromatic crops","Yield","kg/ha",1995,31919.3,"Chicory roots","no"
NA,"World","Stimulant, spice and aromatic crops","Yield","kg/ha",1996,34244.5,"Chicory roots","no"
NA,"World","Stimulant, spice and aromatic crops","Yield","kg/ha",1997,35095.8,"Chicory roots","no"
NA,"World","Stimulant, spice and aromatic crops","Yield","kg/ha",1998,24971.6,"Chicory roots","no"
NA,"World","Stimulant, spice and aromatic crops","Yield","kg/ha",1999,30752.8,"Chicory roots","no"
NA,"World","Stimulant, spice and aromatic crops","Yield","kg/ha",2000,31982.3,"Chicory roots","no"
NA,"World","Stimulant, spice and aromatic crops","Yield","kg/ha",2001,29547.1,"Chicory roots","no"
NA,"World","Stimulant, spice and aromatic crops","Yield","kg/ha",2002,31813.3,"Chicory roots","no"
NA,"World","Stimulant, spice and aromatic crops","Yield","kg/ha",2003,32961,"Chicory roots","no"
NA,"World","Stimulant, spice and aromatic crops","Yield","kg/ha",2004,34995.2,"Chicory roots","no"
NA,"World","Stimulant, spice and aromatic crops","Yield","kg/ha",2005,33048.6,"Chicory roots","no"
NA,"World","Stimulant, spice and aromatic crops","Yield","kg/ha",2006,28945.3,"Chicory roots","no"
NA,"World","Stimulant, spice and aromatic crops","Yield","kg/ha",2007,27819.8,"Chicory roots","no"
NA,"World","Stimulant, spice and aromatic crops","Yield","kg/ha",2008,31156.7,"Chicory roots","no"
NA,"World","Stimulant, spice and aromatic crops","Yield","kg/ha",2009,33866.2,"Chicory roots","no"
NA,"World","Stimulant, spice and aromatic crops","Yield","kg/ha",2010,30545.7,"Chicory roots","no"
NA,"World","Stimulant, spice and aromatic crops","Yield","kg/ha",2011,29444.1,"Chicory roots","no"
NA,"World","Stimulant, spice and aromatic crops","Yield","kg/ha",2012,26710.9,"Chicory roots","no"
NA,"World","Stimulant, spice and aromatic crops","Yield","kg/ha",2013,28353.3,"Chicory roots","no"
NA,"World","Stimulant, spice and aromatic crops","Yield","kg/ha",2014,35130.6,"Chicory roots","no"
NA,"World","Stimulant, spice and aromatic crops","Yield","kg/ha",2015,33374.4,"Chicory roots","no"
NA,"World","Stimulant, spice and aromatic crops","Yield","kg/ha",2016,33253.7,"Chicory roots","no"
NA,"World","Stimulant, spice and aromatic crops","Yield","kg/ha",2017,34078.9,"Chicory roots","no"
NA,"World","Stimulant, spice and aromatic crops","Yield","kg/ha",2018,9411.6,"Chicory roots","no"
NA,"World","Stimulant, spice and aromatic crops","Yield","kg/ha",2019,9401.8,"Chicory roots","no"
NA,"World","Stimulant, spice and aromatic crops","Yield","kg/ha",2020,10211.7,"Chicory roots","no"
NA,"World","Stimulant, spice and aromatic crops","Yield","kg/ha",2021,9951.4,"Chicory roots","no"
NA,"World","Stimulant, spice and aromatic crops","Yield","kg/ha",2022,9985.8,"Chicory roots","no"
NA,"World","Stimulant, spice and aromatic crops","Yield","kg/ha",2023,13014.6,"Chicory roots","no"
NA,"World","Stimulant, spice and aromatic crops","Production","t",1992,446586.84,"Chicory roots","no"
NA,"World","Stimulant, spice and aromatic crops","Production","t",1993,408833.89,"Chicory roots","no"
NA,"World","Stimulant, spice and aromatic crops","Production","t",1994,463271.17,"Chicory roots","no"
NA,"World","Stimulant, spice and aromatic crops","Production","t",1995,609275.5,"Chicory roots","no"
NA,"World","Stimulant, spice and aromatic crops","Production","t",1996,795670.16,"Chicory roots","no"
NA,"World","Stimulant, spice and aromatic crops","Production","t",1997,790883.5,"Chicory roots","no"
NA,"World","Stimulant, spice and aromatic crops","Production","t",1998,646565,"Chicory roots","no"
NA,"World","Stimulant, spice and aromatic crops","Production","t",1999,917370.35,"Chicory roots","no"
NA,"World","Stimulant, spice and aromatic crops","Production","t",2000,1073156.13,"Chicory roots","no"
NA,"World","Stimulant, spice and aromatic crops","Production","t",2001,859143.33,"Chicory roots","no"
NA,"World","Stimulant, spice and aromatic crops","Production","t",2002,866157.62,"Chicory roots","no"
NA,"World","Stimulant, spice and aromatic crops","Production","t",2003,951901.2,"Chicory roots","no"
NA,"World","Stimulant, spice and aromatic crops","Production","t",2004,988096.49,"Chicory roots","no"
NA,"World","Stimulant, spice and aromatic crops","Production","t",2005,903702.7,"Chicory roots","no"
NA,"World","Stimulant, spice and aromatic crops","Production","t",2006,662005.19,"Chicory roots","no"
NA,"World","Stimulant, spice and aromatic crops","Production","t",2007,640550.18,"Chicory roots","no"
NA,"World","Stimulant, spice and aromatic crops","Production","t",2008,677746.94,"Chicory roots","no"
NA,"World","Stimulant, spice and aromatic crops","Production","t",2009,776669.04,"Chicory roots","no"
NA,"World","Stimulant, spice and aromatic crops","Production","t",2010,642951.79,"Chicory roots","no"
NA,"World","Stimulant, spice and aromatic crops","Production","t",2011,596269.06,"Chicory roots","no"
NA,"World","Stimulant, spice and aromatic crops","Production","t",2012,501007.07,"Chicory roots","no"
NA,"World","Stimulant, spice and aromatic crops","Production","t",2013,474825.92,"Chicory roots","no"
NA,"World","Stimulant, spice and aromatic crops","Production","t",2014,496363.24,"Chicory roots","no"
NA,"World","Stimulant, spice and aromatic crops","Production","t",2015,504188.16,"Chicory roots","no"
NA,"World","Stimulant, spice and aromatic crops","Production","t",2016,463243.5,"Chicory roots","no"
NA,"World","Stimulant, spice and aromatic crops","Production","t",2017,495334.35,"Chicory roots","no"
NA,"World","Stimulant, spice and aromatic crops","Production","t",2018,33302.23,"Chicory roots","no"
NA,"World","Stimulant, spice and aromatic crops","Production","t",2019,33522.8,"Chicory roots","no"
NA,"World","Stimulant, spice and aromatic crops","Production","t",2020,30832.18,"Chicory roots","no"
NA,"World","Stimulant, spice and aromatic crops","Production","t",2021,32259.24,"Chicory roots","no"
NA,"World","Stimulant, spice and aromatic crops","Production","t",2022,32575.97,"Chicory roots","no"
NA,"World","Stimulant, spice and aromatic crops","Production","t",2023,24719.14,"Chicory roots","no"
NA,"World","Stimulant, spice and aromatic crops","Area harvested","ha",1992,1850415,"Chillies and peppers, dry (Capsicum spp., Pimenta spp.), raw","no"
NA,"World","Stimulant, spice and aromatic crops","Area harvested","ha",1993,1608171,"Chillies and peppers, dry (Capsicum spp., Pimenta spp.), raw","no"
NA,"World","Stimulant, spice and aromatic crops","Area harvested","ha",1994,1481194,"Chillies and peppers, dry (Capsicum spp., Pimenta spp.), raw","no"
NA,"World","Stimulant, spice and aromatic crops","Area harvested","ha",1995,1551208,"Chillies and peppers, dry (Capsicum spp., Pimenta spp.), raw","no"
NA,"World","Stimulant, spice and aromatic crops","Area harvested","ha",1996,1626432,"Chillies and peppers, dry (Capsicum spp., Pimenta spp.), raw","no"
NA,"World","Stimulant, spice and aromatic crops","Area harvested","ha",1997,1540008,"Chillies and peppers, dry (Capsicum spp., Pimenta spp.), raw","no"
NA,"World","Stimulant, spice and aromatic crops","Area harvested","ha",1998,1569749,"Chillies and peppers, dry (Capsicum spp., Pimenta spp.), raw","no"
NA,"World","Stimulant, spice and aromatic crops","Area harvested","ha",1999,1767380,"Chillies and peppers, dry (Capsicum spp., Pimenta spp.), raw","no"
NA,"World","Stimulant, spice and aromatic crops","Area harvested","ha",2000,1710661,"Chillies and peppers, dry (Capsicum spp., Pimenta spp.), raw","no"
NA,"World","Stimulant, spice and aromatic crops","Area harvested","ha",2001,1728088,"Chillies and peppers, dry (Capsicum spp., Pimenta spp.), raw","no"
NA,"World","Stimulant, spice and aromatic crops","Area harvested","ha",2002,1706879,"Chillies and peppers, dry (Capsicum spp., Pimenta spp.), raw","no"
NA,"World","Stimulant, spice and aromatic crops","Area harvested","ha",2003,1649724,"Chillies and peppers, dry (Capsicum spp., Pimenta spp.), raw","no"
NA,"World","Stimulant, spice and aromatic crops","Area harvested","ha",2004,1620937,"Chillies and peppers, dry (Capsicum spp., Pimenta spp.), raw","no"
NA,"World","Stimulant, spice and aromatic crops","Area harvested","ha",2005,1551655,"Chillies and peppers, dry (Capsicum spp., Pimenta spp.), raw","no"
NA,"World","Stimulant, spice and aromatic crops","Area harvested","ha",2006,1607361,"Chillies and peppers, dry (Capsicum spp., Pimenta spp.), raw","no"
NA,"World","Stimulant, spice and aromatic crops","Area harvested","ha",2007,1690838,"Chillies and peppers, dry (Capsicum spp., Pimenta spp.), raw","no"
NA,"World","Stimulant, spice and aromatic crops","Area harvested","ha",2008,1651346,"Chillies and peppers, dry (Capsicum spp., Pimenta spp.), raw","no"
NA,"World","Stimulant, spice and aromatic crops","Area harvested","ha",2009,1633973,"Chillies and peppers, dry (Capsicum spp., Pimenta spp.), raw","no"
NA,"World","Stimulant, spice and aromatic crops","Area harvested","ha",2010,1653323,"Chillies and peppers, dry (Capsicum spp., Pimenta spp.), raw","no"
NA,"World","Stimulant, spice and aromatic crops","Area harvested","ha",2011,1652989,"Chillies and peppers, dry (Capsicum spp., Pimenta spp.), raw","no"
NA,"World","Stimulant, spice and aromatic crops","Area harvested","ha",2012,1707769,"Chillies and peppers, dry (Capsicum spp., Pimenta spp.), raw","no"
NA,"World","Stimulant, spice and aromatic crops","Area harvested","ha",2013,1678269,"Chillies and peppers, dry (Capsicum spp., Pimenta spp.), raw","no"
NA,"World","Stimulant, spice and aromatic crops","Area harvested","ha",2014,1675747,"Chillies and peppers, dry (Capsicum spp., Pimenta spp.), raw","no"
NA,"World","Stimulant, spice and aromatic crops","Area harvested","ha",2015,1721531,"Chillies and peppers, dry (Capsicum spp., Pimenta spp.), raw","no"
NA,"World","Stimulant, spice and aromatic crops","Area harvested","ha",2016,1819529,"Chillies and peppers, dry (Capsicum spp., Pimenta spp.), raw","no"
NA,"World","Stimulant, spice and aromatic crops","Area harvested","ha",2017,1822914,"Chillies and peppers, dry (Capsicum spp., Pimenta spp.), raw","no"
NA,"World","Stimulant, spice and aromatic crops","Area harvested","ha",2018,1705470,"Chillies and peppers, dry (Capsicum spp., Pimenta spp.), raw","no"
NA,"World","Stimulant, spice and aromatic crops","Area harvested","ha",2019,1720241,"Chillies and peppers, dry (Capsicum spp., Pimenta spp.), raw","no"
NA,"World","Stimulant, spice and aromatic crops","Area harvested","ha",2020,1562273,"Chillies and peppers, dry (Capsicum spp., Pimenta spp.), raw","no"
NA,"World","Stimulant, spice and aromatic crops","Area harvested","ha",2021,1630759,"Chillies and peppers, dry (Capsicum spp., Pimenta spp.), raw","no"
NA,"World","Stimulant, spice and aromatic crops","Area harvested","ha",2022,1606902,"Chillies and peppers, dry (Capsicum spp., Pimenta spp.), raw","no"
NA,"World","Stimulant, spice and aromatic crops","Area harvested","ha",2023,1802522,"Chillies and peppers, dry (Capsicum spp., Pimenta spp.), raw","no"
NA,"World","Stimulant, spice and aromatic crops","Yield","kg/ha",1992,1060.4,"Chillies and peppers, dry (Capsicum spp., Pimenta spp.), raw","no"
NA,"World","Stimulant, spice and aromatic crops","Yield","kg/ha",1993,1200.5,"Chillies and peppers, dry (Capsicum spp., Pimenta spp.), raw","no"
NA,"World","Stimulant, spice and aromatic crops","Yield","kg/ha",1994,1231,"Chillies and peppers, dry (Capsicum spp., Pimenta spp.), raw","no"
NA,"World","Stimulant, spice and aromatic crops","Yield","kg/ha",1995,1229.5,"Chillies and peppers, dry (Capsicum spp., Pimenta spp.), raw","no"
NA,"World","Stimulant, spice and aromatic crops","Yield","kg/ha",1996,1349.9,"Chillies and peppers, dry (Capsicum spp., Pimenta spp.), raw","no"
NA,"World","Stimulant, spice and aromatic crops","Yield","kg/ha",1997,1337.8,"Chillies and peppers, dry (Capsicum spp., Pimenta spp.), raw","no"
NA,"World","Stimulant, spice and aromatic crops","Yield","kg/ha",1998,1435.8,"Chillies and peppers, dry (Capsicum spp., Pimenta spp.), raw","no"
NA,"World","Stimulant, spice and aromatic crops","Yield","kg/ha",1999,1340.5,"Chillies and peppers, dry (Capsicum spp., Pimenta spp.), raw","no"
NA,"World","Stimulant, spice and aromatic crops","Yield","kg/ha",2000,1440.3,"Chillies and peppers, dry (Capsicum spp., Pimenta spp.), raw","no"
NA,"World","Stimulant, spice and aromatic crops","Yield","kg/ha",2001,1430.4,"Chillies and peppers, dry (Capsicum spp., Pimenta spp.), raw","no"
NA,"World","Stimulant, spice and aromatic crops","Yield","kg/ha",2002,1378.4,"Chillies and peppers, dry (Capsicum spp., Pimenta spp.), raw","no"
NA,"World","Stimulant, spice and aromatic crops","Yield","kg/ha",2003,1647.6,"Chillies and peppers, dry (Capsicum spp., Pimenta spp.), raw","no"
NA,"World","Stimulant, spice and aromatic crops","Yield","kg/ha",2004,1689.8,"Chillies and peppers, dry (Capsicum spp., Pimenta spp.), raw","no"
NA,"World","Stimulant, spice and aromatic crops","Yield","kg/ha",2005,1751.5,"Chillies and peppers, dry (Capsicum spp., Pimenta spp.), raw","no"
NA,"World","Stimulant, spice and aromatic crops","Yield","kg/ha",2006,1766.8,"Chillies and peppers, dry (Capsicum spp., Pimenta spp.), raw","no"
NA,"World","Stimulant, spice and aromatic crops","Yield","kg/ha",2007,1754.2,"Chillies and peppers, dry (Capsicum spp., Pimenta spp.), raw","no"
NA,"World","Stimulant, spice and aromatic crops","Yield","kg/ha",2008,1850.9,"Chillies and peppers, dry (Capsicum spp., Pimenta spp.), raw","no"
NA,"World","Stimulant, spice and aromatic crops","Yield","kg/ha",2009,1859.1,"Chillies and peppers, dry (Capsicum spp., Pimenta spp.), raw","no"
NA,"World","Stimulant, spice and aromatic crops","Yield","kg/ha",2010,1860.6,"Chillies and peppers, dry (Capsicum spp., Pimenta spp.), raw","no"
NA,"World","Stimulant, spice and aromatic crops","Yield","kg/ha",2011,1921,"Chillies and peppers, dry (Capsicum spp., Pimenta spp.), raw","no"
NA,"World","Stimulant, spice and aromatic crops","Yield","kg/ha",2012,1970.5,"Chillies and peppers, dry (Capsicum spp., Pimenta spp.), raw","no"
NA,"World","Stimulant, spice and aromatic crops","Yield","kg/ha",2013,2128.7,"Chillies and peppers, dry (Capsicum spp., Pimenta spp.), raw","no"
NA,"World","Stimulant, spice and aromatic crops","Yield","kg/ha",2014,2208,"Chillies and peppers, dry (Capsicum spp., Pimenta spp.), raw","no"
NA,"World","Stimulant, spice and aromatic crops","Yield","kg/ha",2015,2329.8,"Chillies and peppers, dry (Capsicum spp., Pimenta spp.), raw","no"
NA,"World","Stimulant, spice and aromatic crops","Yield","kg/ha",2016,2169.4,"Chillies and peppers, dry (Capsicum spp., Pimenta spp.), raw","no"
NA,"World","Stimulant, spice and aromatic crops","Yield","kg/ha",2017,2467.9,"Chillies and peppers, dry (Capsicum spp., Pimenta spp.), raw","no"
NA,"World","Stimulant, spice and aromatic crops","Yield","kg/ha",2018,2697.3,"Chillies and peppers, dry (Capsicum spp., Pimenta spp.), raw","no"
NA,"World","Stimulant, spice and aromatic crops","Yield","kg/ha",2019,2432.9,"Chillies and peppers, dry (Capsicum spp., Pimenta spp.), raw","no"
NA,"World","Stimulant, spice and aromatic crops","Yield","kg/ha",2020,2781.3,"Chillies and peppers, dry (Capsicum spp., Pimenta spp.), raw","no"
NA,"World","Stimulant, spice and aromatic crops","Yield","kg/ha",2021,2976.5,"Chillies and peppers, dry (Capsicum spp., Pimenta spp.), raw","no"
NA,"World","Stimulant, spice and aromatic crops","Yield","kg/ha",2022,3005.4,"Chillies and peppers, dry (Capsicum spp., Pimenta spp.), raw","no"
NA,"World","Stimulant, spice and aromatic crops","Yield","kg/ha",2023,3229.8,"Chillies and peppers, dry (Capsicum spp., Pimenta spp.), raw","no"
NA,"World","Stimulant, spice and aromatic crops","Production","t",1992,1962194.98,"Chillies and peppers, dry (Capsicum spp., Pimenta spp.), raw","no"
NA,"World","Stimulant, spice and aromatic crops","Production","t",1993,1930650.36,"Chillies and peppers, dry (Capsicum spp., Pimenta spp.), raw","no"
NA,"World","Stimulant, spice and aromatic crops","Production","t",1994,1823288.26,"Chillies and peppers, dry (Capsicum spp., Pimenta spp.), raw","no"
NA,"World","Stimulant, spice and aromatic crops","Production","t",1995,1907264.93,"Chillies and peppers, dry (Capsicum spp., Pimenta spp.), raw","no"
NA,"World","Stimulant, spice and aromatic crops","Production","t",1996,2195528.91,"Chillies and peppers, dry (Capsicum spp., Pimenta spp.), raw","no"
NA,"World","Stimulant, spice and aromatic crops","Production","t",1997,2060201.76,"Chillies and peppers, dry (Capsicum spp., Pimenta spp.), raw","no"
NA,"World","Stimulant, spice and aromatic crops","Production","t",1998,2253917.71,"Chillies and peppers, dry (Capsicum spp., Pimenta spp.), raw","no"
NA,"World","Stimulant, spice and aromatic crops","Production","t",1999,2369169.73,"Chillies and peppers, dry (Capsicum spp., Pimenta spp.), raw","no"
NA,"World","Stimulant, spice and aromatic crops","Production","t",2000,2463799.04,"Chillies and peppers, dry (Capsicum spp., Pimenta spp.), raw","no"
NA,"World","Stimulant, spice and aromatic crops","Production","t",2001,2471846.58,"Chillies and peppers, dry (Capsicum spp., Pimenta spp.), raw","no"
NA,"World","Stimulant, spice and aromatic crops","Production","t",2002,2352763.42,"Chillies and peppers, dry (Capsicum spp., Pimenta spp.), raw","no"
NA,"World","Stimulant, spice and aromatic crops","Production","t",2003,2718157.24,"Chillies and peppers, dry (Capsicum spp., Pimenta spp.), raw","no"
NA,"World","Stimulant, spice and aromatic crops","Production","t",2004,2739066.5,"Chillies and peppers, dry (Capsicum spp., Pimenta spp.), raw","no"
NA,"World","Stimulant, spice and aromatic crops","Production","t",2005,2717653.24,"Chillies and peppers, dry (Capsicum spp., Pimenta spp.), raw","no"
NA,"World","Stimulant, spice and aromatic crops","Production","t",2006,2839853.91,"Chillies and peppers, dry (Capsicum spp., Pimenta spp.), raw","no"
NA,"World","Stimulant, spice and aromatic crops","Production","t",2007,2966149.97,"Chillies and peppers, dry (Capsicum spp., Pimenta spp.), raw","no"
NA,"World","Stimulant, spice and aromatic crops","Production","t",2008,3056466.2,"Chillies and peppers, dry (Capsicum spp., Pimenta spp.), raw","no"
NA,"World","Stimulant, spice and aromatic crops","Production","t",2009,3037797.9,"Chillies and peppers, dry (Capsicum spp., Pimenta spp.), raw","no"
NA,"World","Stimulant, spice and aromatic crops","Production","t",2010,3076168.07,"Chillies and peppers, dry (Capsicum spp., Pimenta spp.), raw","no"
NA,"World","Stimulant, spice and aromatic crops","Production","t",2011,3175439.64,"Chillies and peppers, dry (Capsicum spp., Pimenta spp.), raw","no"
NA,"World","Stimulant, spice and aromatic crops","Production","t",2012,3365129.37,"Chillies and peppers, dry (Capsicum spp., Pimenta spp.), raw","no"
NA,"World","Stimulant, spice and aromatic crops","Production","t",2013,3572590.8,"Chillies and peppers, dry (Capsicum spp., Pimenta spp.), raw","no"
NA,"World","Stimulant, spice and aromatic crops","Production","t",2014,3700114.53,"Chillies and peppers, dry (Capsicum spp., Pimenta spp.), raw","no"
NA,"World","Stimulant, spice and aromatic crops","Production","t",2015,4010871.87,"Chillies and peppers, dry (Capsicum spp., Pimenta spp.), raw","no"
NA,"World","Stimulant, spice and aromatic crops","Production","t",2016,3947199.26,"Chillies and peppers, dry (Capsicum spp., Pimenta spp.), raw","no"
NA,"World","Stimulant, spice and aromatic crops","Production","t",2017,4498775.26,"Chillies and peppers, dry (Capsicum spp., Pimenta spp.), raw","no"
NA,"World","Stimulant, spice and aromatic crops","Production","t",2018,4600117.08,"Chillies and peppers, dry (Capsicum spp., Pimenta spp.), raw","no"
NA,"World","Stimulant, spice and aromatic crops","Production","t",2019,4185248.55,"Chillies and peppers, dry (Capsicum spp., Pimenta spp.), raw","no"
NA,"World","Stimulant, spice and aromatic crops","Production","t",2020,4345075.04,"Chillies and peppers, dry (Capsicum spp., Pimenta spp.), raw","no"
NA,"World","Stimulant, spice and aromatic crops","Production","t",2021,4854033.42,"Chillies and peppers, dry (Capsicum spp., Pimenta spp.), raw","no"
NA,"World","Stimulant, spice and aromatic crops","Production","t",2022,4829440.45,"Chillies and peppers, dry (Capsicum spp., Pimenta spp.), raw","no"
NA,"World","Stimulant, spice and aromatic crops","Production","t",2023,5821857.73,"Chillies and peppers, dry (Capsicum spp., Pimenta spp.), raw","no"
NA,"World","Vegetables","Area harvested","ha",1992,1071131,"Chillies and peppers, green (Capsicum spp. and Pimenta spp.)","no"
NA,"World","Vegetables","Area harvested","ha",1993,1206330,"Chillies and peppers, green (Capsicum spp. and Pimenta spp.)","no"
NA,"World","Vegetables","Area harvested","ha",1994,1235224,"Chillies and peppers, green (Capsicum spp. and Pimenta spp.)","no"
NA,"World","Vegetables","Area harvested","ha",1995,1356953,"Chillies and peppers, green (Capsicum spp. and Pimenta spp.)","no"
NA,"World","Vegetables","Area harvested","ha",1996,1371339,"Chillies and peppers, green (Capsicum spp. and Pimenta spp.)","no"
NA,"World","Vegetables","Area harvested","ha",1997,1402209,"Chillies and peppers, green (Capsicum spp. and Pimenta spp.)","no"
NA,"World","Vegetables","Area harvested","ha",1998,1502873,"Chillies and peppers, green (Capsicum spp. and Pimenta spp.)","no"
NA,"World","Vegetables","Area harvested","ha",1999,1591012,"Chillies and peppers, green (Capsicum spp. and Pimenta spp.)","no"
NA,"World","Vegetables","Area harvested","ha",2000,1616497,"Chillies and peppers, green (Capsicum spp. and Pimenta spp.)","no"
NA,"World","Vegetables","Area harvested","ha",2001,1590546,"Chillies and peppers, green (Capsicum spp. and Pimenta spp.)","no"
NA,"World","Vegetables","Area harvested","ha",2002,1659440,"Chillies and peppers, green (Capsicum spp. and Pimenta spp.)","no"
NA,"World","Vegetables","Area harvested","ha",2003,1713039,"Chillies and peppers, green (Capsicum spp. and Pimenta spp.)","no"
NA,"World","Vegetables","Area harvested","ha",2004,1672813,"Chillies and peppers, green (Capsicum spp. and Pimenta spp.)","no"
NA,"World","Vegetables","Area harvested","ha",2005,1685570,"Chillies and peppers, green (Capsicum spp. and Pimenta spp.)","no"
NA,"World","Vegetables","Area harvested","ha",2006,1722857,"Chillies and peppers, green (Capsicum spp. and Pimenta spp.)","no"
NA,"World","Vegetables","Area harvested","ha",2007,1720076,"Chillies and peppers, green (Capsicum spp. and Pimenta spp.)","no"
NA,"World","Vegetables","Area harvested","ha",2008,1812636,"Chillies and peppers, green (Capsicum spp. and Pimenta spp.)","no"
NA,"World","Vegetables","Area harvested","ha",2009,1876561,"Chillies and peppers, green (Capsicum spp. and Pimenta spp.)","no"
NA,"World","Vegetables","Area harvested","ha",2010,1873860,"Chillies and peppers, green (Capsicum spp. and Pimenta spp.)","no"
NA,"World","Vegetables","Area harvested","ha",2011,1903874,"Chillies and peppers, green (Capsicum spp. and Pimenta spp.)","no"
NA,"World","Vegetables","Area harvested","ha",2012,1943202,"Chillies and peppers, green (Capsicum spp. and Pimenta spp.)","no"
NA,"World","Vegetables","Area harvested","ha",2013,1930067,"Chillies and peppers, green (Capsicum spp. and Pimenta spp.)","no"
NA,"World","Vegetables","Area harvested","ha",2014,1954113,"Chillies and peppers, green (Capsicum spp. and Pimenta spp.)","no"
NA,"World","Vegetables","Area harvested","ha",2015,1889944,"Chillies and peppers, green (Capsicum spp. and Pimenta spp.)","no"
NA,"World","Vegetables","Area harvested","ha",2016,1909072,"Chillies and peppers, green (Capsicum spp. and Pimenta spp.)","no"
NA,"World","Vegetables","Area harvested","ha",2017,1945907,"Chillies and peppers, green (Capsicum spp. and Pimenta spp.)","no"
NA,"World","Vegetables","Area harvested","ha",2018,1987190,"Chillies and peppers, green (Capsicum spp. and Pimenta spp.)","no"
NA,"World","Vegetables","Area harvested","ha",2019,1975428,"Chillies and peppers, green (Capsicum spp. and Pimenta spp.)","no"
NA,"World","Vegetables","Area harvested","ha",2020,2080739,"Chillies and peppers, green (Capsicum spp. and Pimenta spp.)","no"
NA,"World","Vegetables","Area harvested","ha",2021,2067740,"Chillies and peppers, green (Capsicum spp. and Pimenta spp.)","no"
NA,"World","Vegetables","Area harvested","ha",2022,2057536,"Chillies and peppers, green (Capsicum spp. and Pimenta spp.)","no"
NA,"World","Vegetables","Area harvested","ha",2023,2065408,"Chillies and peppers, green (Capsicum spp. and Pimenta spp.)","no"
NA,"World","Vegetables","Yield","kg/ha",1992,10562.6,"Chillies and peppers, green (Capsicum spp. and Pimenta spp.)","no"
NA,"World","Vegetables","Yield","kg/ha",1993,10135.3,"Chillies and peppers, green (Capsicum spp. and Pimenta spp.)","no"
NA,"World","Vegetables","Yield","kg/ha",1994,10505.6,"Chillies and peppers, green (Capsicum spp. and Pimenta spp.)","no"
NA,"World","Vegetables","Yield","kg/ha",1995,10358.6,"Chillies and peppers, green (Capsicum spp. and Pimenta spp.)","no"
NA,"World","Vegetables","Yield","kg/ha",1996,11960.4,"Chillies and peppers, green (Capsicum spp. and Pimenta spp.)","no"
NA,"World","Vegetables","Yield","kg/ha",1997,12335.8,"Chillies and peppers, green (Capsicum spp. and Pimenta spp.)","no"
NA,"World","Vegetables","Yield","kg/ha",1998,12320.9,"Chillies and peppers, green (Capsicum spp. and Pimenta spp.)","no"
NA,"World","Vegetables","Yield","kg/ha",1999,12223.7,"Chillies and peppers, green (Capsicum spp. and Pimenta spp.)","no"
NA,"World","Vegetables","Yield","kg/ha",2000,12914,"Chillies and peppers, green (Capsicum spp. and Pimenta spp.)","no"
NA,"World","Vegetables","Yield","kg/ha",2001,13472.6,"Chillies and peppers, green (Capsicum spp. and Pimenta spp.)","no"
NA,"World","Vegetables","Yield","kg/ha",2002,13587.2,"Chillies and peppers, green (Capsicum spp. and Pimenta spp.)","no"
NA,"World","Vegetables","Yield","kg/ha",2003,14208.3,"Chillies and peppers, green (Capsicum spp. and Pimenta spp.)","no"
NA,"World","Vegetables","Yield","kg/ha",2004,14725.3,"Chillies and peppers, green (Capsicum spp. and Pimenta spp.)","no"
NA,"World","Vegetables","Yield","kg/ha",2005,15053.3,"Chillies and peppers, green (Capsicum spp. and Pimenta spp.)","no"
NA,"World","Vegetables","Yield","kg/ha",2006,15506.8,"Chillies and peppers, green (Capsicum spp. and Pimenta spp.)","no"
NA,"World","Vegetables","Yield","kg/ha",2007,15954.3,"Chillies and peppers, green (Capsicum spp. and Pimenta spp.)","no"
NA,"World","Vegetables","Yield","kg/ha",2008,15522,"Chillies and peppers, green (Capsicum spp. and Pimenta spp.)","no"
NA,"World","Vegetables","Yield","kg/ha",2009,15337,"Chillies and peppers, green (Capsicum spp. and Pimenta spp.)","no"
NA,"World","Vegetables","Yield","kg/ha",2010,15857.6,"Chillies and peppers, green (Capsicum spp. and Pimenta spp.)","no"
NA,"World","Vegetables","Yield","kg/ha",2011,15909.8,"Chillies and peppers, green (Capsicum spp. and Pimenta spp.)","no"
NA,"World","Vegetables","Yield","kg/ha",2012,15957.2,"Chillies and peppers, green (Capsicum spp. and Pimenta spp.)","no"
NA,"World","Vegetables","Yield","kg/ha",2013,16216,"Chillies and peppers, green (Capsicum spp. and Pimenta spp.)","no"
NA,"World","Vegetables","Yield","kg/ha",2014,16608,"Chillies and peppers, green (Capsicum spp. and Pimenta spp.)","no"
NA,"World","Vegetables","Yield","kg/ha",2015,17742.4,"Chillies and peppers, green (Capsicum spp. and Pimenta spp.)","no"
NA,"World","Vegetables","Yield","kg/ha",2016,17627.9,"Chillies and peppers, green (Capsicum spp. and Pimenta spp.)","no"
NA,"World","Vegetables","Yield","kg/ha",2017,18117.5,"Chillies and peppers, green (Capsicum spp. and Pimenta spp.)","no"
NA,"World","Vegetables","Yield","kg/ha",2018,18143.3,"Chillies and peppers, green (Capsicum spp. and Pimenta spp.)","no"
NA,"World","Vegetables","Yield","kg/ha",2019,18306.1,"Chillies and peppers, green (Capsicum spp. and Pimenta spp.)","no"
NA,"World","Vegetables","Yield","kg/ha",2020,17435.8,"Chillies and peppers, green (Capsicum spp. and Pimenta spp.)","no"
NA,"World","Vegetables","Yield","kg/ha",2021,17763.1,"Chillies and peppers, green (Capsicum spp. and Pimenta spp.)","no"
NA,"World","Vegetables","Yield","kg/ha",2022,18151,"Chillies and peppers, green (Capsicum spp. and Pimenta spp.)","no"
NA,"World","Vegetables","Yield","kg/ha",2023,18548.6,"Chillies and peppers, green (Capsicum spp. and Pimenta spp.)","no"
NA,"World","Vegetables","Production","t",1992,11313978.48,"Chillies and peppers, green (Capsicum spp. and Pimenta spp.)","no"
NA,"World","Vegetables","Production","t",1993,12226550.4,"Chillies and peppers, green (Capsicum spp. and Pimenta spp.)","no"
NA,"World","Vegetables","Production","t",1994,12976807.63,"Chillies and peppers, green (Capsicum spp. and Pimenta spp.)","no"
NA,"World","Vegetables","Production","t",1995,14056137.15,"Chillies and peppers, green (Capsicum spp. and Pimenta spp.)","no"
NA,"World","Vegetables","Production","t",1996,16401728.83,"Chillies and peppers, green (Capsicum spp. and Pimenta spp.)","no"
NA,"World","Vegetables","Production","t",1997,17297357.31,"Chillies and peppers, green (Capsicum spp. and Pimenta spp.)","no"
NA,"World","Vegetables","Production","t",1998,18516694.29,"Chillies and peppers, green (Capsicum spp. and Pimenta spp.)","no"
NA,"World","Vegetables","Production","t",1999,19448038.5,"Chillies and peppers, green (Capsicum spp. and Pimenta spp.)","no"
NA,"World","Vegetables","Production","t",2000,20875426.81,"Chillies and peppers, green (Capsicum spp. and Pimenta spp.)","no"
NA,"World","Vegetables","Production","t",2001,21428821.97,"Chillies and peppers, green (Capsicum spp. and Pimenta spp.)","no"
NA,"World","Vegetables","Production","t",2002,22547199.15,"Chillies and peppers, green (Capsicum spp. and Pimenta spp.)","no"
NA,"World","Vegetables","Production","t",2003,24339323.47,"Chillies and peppers, green (Capsicum spp. and Pimenta spp.)","no"
NA,"World","Vegetables","Production","t",2004,24632623.97,"Chillies and peppers, green (Capsicum spp. and Pimenta spp.)","no"
NA,"World","Vegetables","Production","t",2005,25373342.86,"Chillies and peppers, green (Capsicum spp. and Pimenta spp.)","no"
NA,"World","Vegetables","Production","t",2006,26716003.35,"Chillies and peppers, green (Capsicum spp. and Pimenta spp.)","no"
NA,"World","Vegetables","Production","t",2007,27442542.17,"Chillies and peppers, green (Capsicum spp. and Pimenta spp.)","no"
NA,"World","Vegetables","Production","t",2008,28135784.64,"Chillies and peppers, green (Capsicum spp. and Pimenta spp.)","no"
NA,"World","Vegetables","Production","t",2009,28780758.52,"Chillies and peppers, green (Capsicum spp. and Pimenta spp.)","no"
NA,"World","Vegetables","Production","t",2010,29715006.06,"Chillies and peppers, green (Capsicum spp. and Pimenta spp.)","no"
NA,"World","Vegetables","Production","t",2011,30290303.97,"Chillies and peppers, green (Capsicum spp. and Pimenta spp.)","no"
NA,"World","Vegetables","Production","t",2012,31007996.02,"Chillies and peppers, green (Capsicum spp. and Pimenta spp.)","no"
NA,"World","Vegetables","Production","t",2013,31297984.13,"Chillies and peppers, green (Capsicum spp. and Pimenta spp.)","no"
NA,"World","Vegetables","Production","t",2014,32453894.07,"Chillies and peppers, green (Capsicum spp. and Pimenta spp.)","no"
NA,"World","Vegetables","Production","t",2015,33532215.33,"Chillies and peppers, green (Capsicum spp. and Pimenta spp.)","no"
NA,"World","Vegetables","Production","t",2016,33652931.41,"Chillies and peppers, green (Capsicum spp. and Pimenta spp.)","no"
NA,"World","Vegetables","Production","t",2017,35255006.59,"Chillies and peppers, green (Capsicum spp. and Pimenta spp.)","no"
NA,"World","Vegetables","Production","t",2018,36054210.73,"Chillies and peppers, green (Capsicum spp. and Pimenta spp.)","no"
NA,"World","Vegetables","Production","t",2019,36162463.97,"Chillies and peppers, green (Capsicum spp. and Pimenta spp.)","no"
NA,"World","Vegetables","Production","t",2020,36279306.09,"Chillies and peppers, green (Capsicum spp. and Pimenta spp.)","no"
NA,"World","Vegetables","Production","t",2021,36729448.01,"Chillies and peppers, green (Capsicum spp. and Pimenta spp.)","no"
NA,"World","Vegetables","Production","t",2022,37346331.49,"Chillies and peppers, green (Capsicum spp. and Pimenta spp.)","no"
NA,"World","Vegetables","Production","t",2023,38310350.67,"Chillies and peppers, green (Capsicum spp. and Pimenta spp.)","no"
NA,"World","Stimulant, spice and aromatic crops","Area harvested","ha",1992,96333,"Cinnamon and cinnamon-tree flowers, raw","no"
NA,"World","Stimulant, spice and aromatic crops","Area harvested","ha",1993,104419,"Cinnamon and cinnamon-tree flowers, raw","no"
NA,"World","Stimulant, spice and aromatic crops","Area harvested","ha",1994,103834,"Cinnamon and cinnamon-tree flowers, raw","no"
NA,"World","Stimulant, spice and aromatic crops","Area harvested","ha",1995,112632,"Cinnamon and cinnamon-tree flowers, raw","no"
NA,"World","Stimulant, spice and aromatic crops","Area harvested","ha",1996,119061,"Cinnamon and cinnamon-tree flowers, raw","no"
NA,"World","Stimulant, spice and aromatic crops","Area harvested","ha",1997,127674,"Cinnamon and cinnamon-tree flowers, raw","no"
NA,"World","Stimulant, spice and aromatic crops","Area harvested","ha",1998,130012,"Cinnamon and cinnamon-tree flowers, raw","no"
NA,"World","Stimulant, spice and aromatic crops","Area harvested","ha",1999,140000,"Cinnamon and cinnamon-tree flowers, raw","no"
NA,"World","Stimulant, spice and aromatic crops","Area harvested","ha",2000,144704,"Cinnamon and cinnamon-tree flowers, raw","no"
NA,"World","Stimulant, spice and aromatic crops","Area harvested","ha",2001,151391,"Cinnamon and cinnamon-tree flowers, raw","no"
NA,"World","Stimulant, spice and aromatic crops","Area harvested","ha",2002,154607,"Cinnamon and cinnamon-tree flowers, raw","no"
NA,"World","Stimulant, spice and aromatic crops","Area harvested","ha",2003,159397,"Cinnamon and cinnamon-tree flowers, raw","no"
NA,"World","Stimulant, spice and aromatic crops","Area harvested","ha",2004,174856,"Cinnamon and cinnamon-tree flowers, raw","no"
NA,"World","Stimulant, spice and aromatic crops","Area harvested","ha",2005,174802,"Cinnamon and cinnamon-tree flowers, raw","no"
NA,"World","Stimulant, spice and aromatic crops","Area harvested","ha",2006,189841,"Cinnamon and cinnamon-tree flowers, raw","no"
NA,"World","Stimulant, spice and aromatic crops","Area harvested","ha",2007,225341,"Cinnamon and cinnamon-tree flowers, raw","no"
NA,"World","Stimulant, spice and aromatic crops","Area harvested","ha",2008,220494,"Cinnamon and cinnamon-tree flowers, raw","no"
NA,"World","Stimulant, spice and aromatic crops","Area harvested","ha",2009,225845,"Cinnamon and cinnamon-tree flowers, raw","no"
NA,"World","Stimulant, spice and aromatic crops","Area harvested","ha",2010,229036,"Cinnamon and cinnamon-tree flowers, raw","no"
NA,"World","Stimulant, spice and aromatic crops","Area harvested","ha",2011,241878,"Cinnamon and cinnamon-tree flowers, raw","no"
NA,"World","Stimulant, spice and aromatic crops","Area harvested","ha",2012,247503,"Cinnamon and cinnamon-tree flowers, raw","no"
NA,"World","Stimulant, spice and aromatic crops","Area harvested","ha",2013,257406,"Cinnamon and cinnamon-tree flowers, raw","no"
NA,"World","Stimulant, spice and aromatic crops","Area harvested","ha",2014,267697,"Cinnamon and cinnamon-tree flowers, raw","no"
NA,"World","Stimulant, spice and aromatic crops","Area harvested","ha",2015,261410,"Cinnamon and cinnamon-tree flowers, raw","no"
NA,"World","Stimulant, spice and aromatic crops","Area harvested","ha",2016,257942,"Cinnamon and cinnamon-tree flowers, raw","no"
NA,"World","Stimulant, spice and aromatic crops","Area harvested","ha",2017,268135,"Cinnamon and cinnamon-tree flowers, raw","no"
NA,"World","Stimulant, spice and aromatic crops","Area harvested","ha",2018,279862,"Cinnamon and cinnamon-tree flowers, raw","no"
NA,"World","Stimulant, spice and aromatic crops","Area harvested","ha",2019,285157,"Cinnamon and cinnamon-tree flowers, raw","no"
NA,"World","Stimulant, spice and aromatic crops","Area harvested","ha",2020,297681,"Cinnamon and cinnamon-tree flowers, raw","no"
NA,"World","Stimulant, spice and aromatic crops","Area harvested","ha",2021,373201,"Cinnamon and cinnamon-tree flowers, raw","no"
NA,"World","Stimulant, spice and aromatic crops","Area harvested","ha",2022,359368,"Cinnamon and cinnamon-tree flowers, raw","no"
NA,"World","Stimulant, spice and aromatic crops","Area harvested","ha",2023,355668,"Cinnamon and cinnamon-tree flowers, raw","no"
NA,"World","Stimulant, spice and aromatic crops","Yield","kg/ha",1992,704.7,"Cinnamon and cinnamon-tree flowers, raw","no"
NA,"World","Stimulant, spice and aromatic crops","Yield","kg/ha",1993,705.2,"Cinnamon and cinnamon-tree flowers, raw","no"
NA,"World","Stimulant, spice and aromatic crops","Yield","kg/ha",1994,712.3,"Cinnamon and cinnamon-tree flowers, raw","no"
NA,"World","Stimulant, spice and aromatic crops","Yield","kg/ha",1995,721.8,"Cinnamon and cinnamon-tree flowers, raw","no"
NA,"World","Stimulant, spice and aromatic crops","Yield","kg/ha",1996,720.8,"Cinnamon and cinnamon-tree flowers, raw","no"
NA,"World","Stimulant, spice and aromatic crops","Yield","kg/ha",1997,669.3,"Cinnamon and cinnamon-tree flowers, raw","no"
NA,"World","Stimulant, spice and aromatic crops","Yield","kg/ha",1998,697.5,"Cinnamon and cinnamon-tree flowers, raw","no"
NA,"World","Stimulant, spice and aromatic crops","Yield","kg/ha",1999,658.6,"Cinnamon and cinnamon-tree flowers, raw","no"
NA,"World","Stimulant, spice and aromatic crops","Yield","kg/ha",2000,701.2,"Cinnamon and cinnamon-tree flowers, raw","no"
NA,"World","Stimulant, spice and aromatic crops","Yield","kg/ha",2001,661.9,"Cinnamon and cinnamon-tree flowers, raw","no"
NA,"World","Stimulant, spice and aromatic crops","Yield","kg/ha",2002,717.1,"Cinnamon and cinnamon-tree flowers, raw","no"
NA,"World","Stimulant, spice and aromatic crops","Yield","kg/ha",2003,833.3,"Cinnamon and cinnamon-tree flowers, raw","no"
NA,"World","Stimulant, spice and aromatic crops","Yield","kg/ha",2004,984.7,"Cinnamon and cinnamon-tree flowers, raw","no"
NA,"World","Stimulant, spice and aromatic crops","Yield","kg/ha",2005,1004.5,"Cinnamon and cinnamon-tree flowers, raw","no"
NA,"World","Stimulant, spice and aromatic crops","Yield","kg/ha",2006,969.6,"Cinnamon and cinnamon-tree flowers, raw","no"
NA,"World","Stimulant, spice and aromatic crops","Yield","kg/ha",2007,844.1,"Cinnamon and cinnamon-tree flowers, raw","no"
NA,"World","Stimulant, spice and aromatic crops","Yield","kg/ha",2008,870.9,"Cinnamon and cinnamon-tree flowers, raw","no"
NA,"World","Stimulant, spice and aromatic crops","Yield","kg/ha",2009,889.9,"Cinnamon and cinnamon-tree flowers, raw","no"
NA,"World","Stimulant, spice and aromatic crops","Yield","kg/ha",2010,833.3,"Cinnamon and cinnamon-tree flowers, raw","no"
NA,"World","Stimulant, spice and aromatic crops","Yield","kg/ha",2011,822,"Cinnamon and cinnamon-tree flowers, raw","no"
NA,"World","Stimulant, spice and aromatic crops","Yield","kg/ha",2012,824.3,"Cinnamon and cinnamon-tree flowers, raw","no"
NA,"World","Stimulant, spice and aromatic crops","Yield","kg/ha",2013,811,"Cinnamon and cinnamon-tree flowers, raw","no"
NA,"World","Stimulant, spice and aromatic crops","Yield","kg/ha",2014,795.5,"Cinnamon and cinnamon-tree flowers, raw","no"
NA,"World","Stimulant, spice and aromatic crops","Yield","kg/ha",2015,816.1,"Cinnamon and cinnamon-tree flowers, raw","no"
NA,"World","Stimulant, spice and aromatic crops","Yield","kg/ha",2016,815.4,"Cinnamon and cinnamon-tree flowers, raw","no"
NA,"World","Stimulant, spice and aromatic crops","Yield","kg/ha",2017,788.8,"Cinnamon and cinnamon-tree flowers, raw","no"
NA,"World","Stimulant, spice and aromatic crops","Yield","kg/ha",2018,793.7,"Cinnamon and cinnamon-tree flowers, raw","no"
NA,"World","Stimulant, spice and aromatic crops","Yield","kg/ha",2019,782.5,"Cinnamon and cinnamon-tree flowers, raw","no"
NA,"World","Stimulant, spice and aromatic crops","Yield","kg/ha",2020,709.8,"Cinnamon and cinnamon-tree flowers, raw","no"
NA,"World","Stimulant, spice and aromatic crops","Yield","kg/ha",2021,650.6,"Cinnamon and cinnamon-tree flowers, raw","no"
NA,"World","Stimulant, spice and aromatic crops","Yield","kg/ha",2022,660.2,"Cinnamon and cinnamon-tree flowers, raw","no"
NA,"World","Stimulant, spice and aromatic crops","Yield","kg/ha",2023,670.3,"Cinnamon and cinnamon-tree flowers, raw","no"
NA,"World","Stimulant, spice and aromatic crops","Production","t",1992,67884.76,"Cinnamon and cinnamon-tree flowers, raw","no"
NA,"World","Stimulant, spice and aromatic crops","Production","t",1993,73639.49,"Cinnamon and cinnamon-tree flowers, raw","no"
NA,"World","Stimulant, spice and aromatic crops","Production","t",1994,73965.41,"Cinnamon and cinnamon-tree flowers, raw","no"
NA,"World","Stimulant, spice and aromatic crops","Production","t",1995,81300.31,"Cinnamon and cinnamon-tree flowers, raw","no"
NA,"World","Stimulant, spice and aromatic crops","Production","t",1996,85819.96,"Cinnamon and cinnamon-tree flowers, raw","no"
NA,"World","Stimulant, spice and aromatic crops","Production","t",1997,85445.67,"Cinnamon and cinnamon-tree flowers, raw","no"
NA,"World","Stimulant, spice and aromatic crops","Production","t",1998,90681.54,"Cinnamon and cinnamon-tree flowers, raw","no"
NA,"World","Stimulant, spice and aromatic crops","Production","t",1999,92199.16,"Cinnamon and cinnamon-tree flowers, raw","no"
NA,"World","Stimulant, spice and aromatic crops","Production","t",2000,101465.67,"Cinnamon and cinnamon-tree flowers, raw","no"
NA,"World","Stimulant, spice and aromatic crops","Production","t",2001,100199.02,"Cinnamon and cinnamon-tree flowers, raw","no"
NA,"World","Stimulant, spice and aromatic crops","Production","t",2002,110864.13,"Cinnamon and cinnamon-tree flowers, raw","no"
NA,"World","Stimulant, spice and aromatic crops","Production","t",2003,132821.55,"Cinnamon and cinnamon-tree flowers, raw","no"
NA,"World","Stimulant, spice and aromatic crops","Production","t",2004,172188.21,"Cinnamon and cinnamon-tree flowers, raw","no"
NA,"World","Stimulant, spice and aromatic crops","Production","t",2005,175585.87,"Cinnamon and cinnamon-tree flowers, raw","no"
NA,"World","Stimulant, spice and aromatic crops","Production","t",2006,184067.36,"Cinnamon and cinnamon-tree flowers, raw","no"
NA,"World","Stimulant, spice and aromatic crops","Production","t",2007,190202.81,"Cinnamon and cinnamon-tree flowers, raw","no"
NA,"World","Stimulant, spice and aromatic crops","Production","t",2008,192025.71,"Cinnamon and cinnamon-tree flowers, raw","no"
NA,"World","Stimulant, spice and aromatic crops","Production","t",2009,200989.93,"Cinnamon and cinnamon-tree flowers, raw","no"
NA,"World","Stimulant, spice and aromatic crops","Production","t",2010,190853.62,"Cinnamon and cinnamon-tree flowers, raw","no"
NA,"World","Stimulant, spice and aromatic crops","Production","t",2011,198819.35,"Cinnamon and cinnamon-tree flowers, raw","no"
NA,"World","Stimulant, spice and aromatic crops","Production","t",2012,204014.27,"Cinnamon and cinnamon-tree flowers, raw","no"
NA,"World","Stimulant, spice and aromatic crops","Production","t",2013,208747.02,"Cinnamon and cinnamon-tree flowers, raw","no"
NA,"World","Stimulant, spice and aromatic crops","Production","t",2014,212946.5,"Cinnamon and cinnamon-tree flowers, raw","no"
NA,"World","Stimulant, spice and aromatic crops","Production","t",2015,213334.06,"Cinnamon and cinnamon-tree flowers, raw","no"
NA,"World","Stimulant, spice and aromatic crops","Production","t",2016,210314.81,"Cinnamon and cinnamon-tree flowers, raw","no"
NA,"World","Stimulant, spice and aromatic crops","Production","t",2017,211496.32,"Cinnamon and cinnamon-tree flowers, raw","no"
NA,"World","Stimulant, spice and aromatic crops","Production","t",2018,222127,"Cinnamon and cinnamon-tree flowers, raw","no"
NA,"World","Stimulant, spice and aromatic crops","Production","t",2019,223127.67,"Cinnamon and cinnamon-tree flowers, raw","no"
NA,"World","Stimulant, spice and aromatic crops","Production","t",2020,211307.6,"Cinnamon and cinnamon-tree flowers, raw","no"
NA,"World","Stimulant, spice and aromatic crops","Production","t",2021,242804.29,"Cinnamon and cinnamon-tree flowers, raw","no"
NA,"World","Stimulant, spice and aromatic crops","Production","t",2022,237264.68,"Cinnamon and cinnamon-tree flowers, raw","no"
NA,"World","Stimulant, spice and aromatic crops","Production","t",2023,238403.15,"Cinnamon and cinnamon-tree flowers, raw","no"
NA,"World","Stimulant, spice and aromatic crops","Area harvested","ha",1992,505439,"Cloves (whole stems), raw","no"
NA,"World","Stimulant, spice and aromatic crops","Area harvested","ha",1993,484064,"Cloves (whole stems), raw","no"
NA,"World","Stimulant, spice and aromatic crops","Area harvested","ha",1994,500847,"Cloves (whole stems), raw","no"
NA,"World","Stimulant, spice and aromatic crops","Area harvested","ha",1995,481326,"Cloves (whole stems), raw","no"
NA,"World","Stimulant, spice and aromatic crops","Area harvested","ha",1996,473673,"Cloves (whole stems), raw","no"
NA,"World","Stimulant, spice and aromatic crops","Area harvested","ha",1997,475292,"Cloves (whole stems), raw","no"
NA,"World","Stimulant, spice and aromatic crops","Area harvested","ha",1998,490016,"Cloves (whole stems), raw","no"
NA,"World","Stimulant, spice and aromatic crops","Area harvested","ha",1999,425685,"Cloves (whole stems), raw","no"
NA,"World","Stimulant, spice and aromatic crops","Area harvested","ha",2000,503838,"Cloves (whole stems), raw","no"
NA,"World","Stimulant, spice and aromatic crops","Area harvested","ha",2001,515446,"Cloves (whole stems), raw","no"
NA,"World","Stimulant, spice and aromatic crops","Area harvested","ha",2002,487384,"Cloves (whole stems), raw","no"
NA,"World","Stimulant, spice and aromatic crops","Area harvested","ha",2003,535235,"Cloves (whole stems), raw","no"
NA,"World","Stimulant, spice and aromatic crops","Area harvested","ha",2004,506025,"Cloves (whole stems), raw","no"
NA,"World","Stimulant, spice and aromatic crops","Area harvested","ha",2005,467423,"Cloves (whole stems), raw","no"
NA,"World","Stimulant, spice and aromatic crops","Area harvested","ha",2006,368570,"Cloves (whole stems), raw","no"
NA,"World","Stimulant, spice and aromatic crops","Area harvested","ha",2007,377131,"Cloves (whole stems), raw","no"
NA,"World","Stimulant, spice and aromatic crops","Area harvested","ha",2008,381107,"Cloves (whole stems), raw","no"
NA,"World","Stimulant, spice and aromatic crops","Area harvested","ha",2009,390820,"Cloves (whole stems), raw","no"
NA,"World","Stimulant, spice and aromatic crops","Area harvested","ha",2010,391727,"Cloves (whole stems), raw","no"
NA,"World","Stimulant, spice and aromatic crops","Area harvested","ha",2011,410536,"Cloves (whole stems), raw","no"
NA,"World","Stimulant, spice and aromatic crops","Area harvested","ha",2012,576767,"Cloves (whole stems), raw","no"
NA,"World","Stimulant, spice and aromatic crops","Area harvested","ha",2013,595756,"Cloves (whole stems), raw","no"
NA,"World","Stimulant, spice and aromatic crops","Area harvested","ha",2014,614611,"Cloves (whole stems), raw","no"
NA,"World","Stimulant, spice and aromatic crops","Area harvested","ha",2015,645353,"Cloves (whole stems), raw","no"
NA,"World","Stimulant, spice and aromatic crops","Area harvested","ha",2016,669258,"Cloves (whole stems), raw","no"
NA,"World","Stimulant, spice and aromatic crops","Area harvested","ha",2017,686512,"Cloves (whole stems), raw","no"
NA,"World","Stimulant, spice and aromatic crops","Area harvested","ha",2018,695746,"Cloves (whole stems), raw","no"
NA,"World","Stimulant, spice and aromatic crops","Area harvested","ha",2019,695506,"Cloves (whole stems), raw","no"
NA,"World","Stimulant, spice and aromatic crops","Area harvested","ha",2020,697398,"Cloves (whole stems), raw","no"
NA,"World","Stimulant, spice and aromatic crops","Area harvested","ha",2021,702694,"Cloves (whole stems), raw","no"
NA,"World","Stimulant, spice and aromatic crops","Area harvested","ha",2022,699651,"Cloves (whole stems), raw","no"
NA,"World","Stimulant, spice and aromatic crops","Area harvested","ha",2023,700391,"Cloves (whole stems), raw","no"
NA,"World","Stimulant, spice and aromatic crops","Yield","kg/ha",1992,177.6,"Cloves (whole stems), raw","no"
NA,"World","Stimulant, spice and aromatic crops","Yield","kg/ha",1993,185.1,"Cloves (whole stems), raw","no"
NA,"World","Stimulant, spice and aromatic crops","Yield","kg/ha",1994,204.1,"Cloves (whole stems), raw","no"
NA,"World","Stimulant, spice and aromatic crops","Yield","kg/ha",1995,225.2,"Cloves (whole stems), raw","no"
NA,"World","Stimulant, spice and aromatic crops","Yield","kg/ha",1996,185.1,"Cloves (whole stems), raw","no"
NA,"World","Stimulant, spice and aromatic crops","Yield","kg/ha",1997,171.9,"Cloves (whole stems), raw","no"
NA,"World","Stimulant, spice and aromatic crops","Yield","kg/ha",1998,189.7,"Cloves (whole stems), raw","no"
NA,"World","Stimulant, spice and aromatic crops","Yield","kg/ha",1999,189,"Cloves (whole stems), raw","no"
NA,"World","Stimulant, spice and aromatic crops","Yield","kg/ha",2000,170.8,"Cloves (whole stems), raw","no"
NA,"World","Stimulant, spice and aromatic crops","Yield","kg/ha",2001,193.8,"Cloves (whole stems), raw","no"
NA,"World","Stimulant, spice and aromatic crops","Yield","kg/ha",2002,220.3,"Cloves (whole stems), raw","no"
NA,"World","Stimulant, spice and aromatic crops","Yield","kg/ha",2003,286,"Cloves (whole stems), raw","no"
NA,"World","Stimulant, spice and aromatic crops","Yield","kg/ha",2004,217.8,"Cloves (whole stems), raw","no"
NA,"World","Stimulant, spice and aromatic crops","Yield","kg/ha",2005,224.8,"Cloves (whole stems), raw","no"
NA,"World","Stimulant, spice and aromatic crops","Yield","kg/ha",2006,241,"Cloves (whole stems), raw","no"
NA,"World","Stimulant, spice and aromatic crops","Yield","kg/ha",2007,289.8,"Cloves (whole stems), raw","no"
NA,"World","Stimulant, spice and aromatic crops","Yield","kg/ha",2008,261.4,"Cloves (whole stems), raw","no"
NA,"World","Stimulant, spice and aromatic crops","Yield","kg/ha",2009,285.3,"Cloves (whole stems), raw","no"
NA,"World","Stimulant, spice and aromatic crops","Yield","kg/ha",2010,326.8,"Cloves (whole stems), raw","no"
NA,"World","Stimulant, spice and aromatic crops","Yield","kg/ha",2011,254.2,"Cloves (whole stems), raw","no"
NA,"World","Stimulant, spice and aromatic crops","Yield","kg/ha",2012,229.9,"Cloves (whole stems), raw","no"
NA,"World","Stimulant, spice and aromatic crops","Yield","kg/ha",2013,244.2,"Cloves (whole stems), raw","no"
NA,"World","Stimulant, spice and aromatic crops","Yield","kg/ha",2014,269.5,"Cloves (whole stems), raw","no"
NA,"World","Stimulant, spice and aromatic crops","Yield","kg/ha",2015,285.5,"Cloves (whole stems), raw","no"
NA,"World","Stimulant, spice and aromatic crops","Yield","kg/ha",2016,283.3,"Cloves (whole stems), raw","no"
NA,"World","Stimulant, spice and aromatic crops","Yield","kg/ha",2017,238.8,"Cloves (whole stems), raw","no"
NA,"World","Stimulant, spice and aromatic crops","Yield","kg/ha",2018,258.7,"Cloves (whole stems), raw","no"
NA,"World","Stimulant, spice and aromatic crops","Yield","kg/ha",2019,269.5,"Cloves (whole stems), raw","no"
NA,"World","Stimulant, spice and aromatic crops","Yield","kg/ha",2020,280.6,"Cloves (whole stems), raw","no"
NA,"World","Stimulant, spice and aromatic crops","Yield","kg/ha",2021,263.1,"Cloves (whole stems), raw","no"
NA,"World","Stimulant, spice and aromatic crops","Yield","kg/ha",2022,266.7,"Cloves (whole stems), raw","no"
NA,"World","Stimulant, spice and aromatic crops","Yield","kg/ha",2023,265.1,"Cloves (whole stems), raw","no"
NA,"World","Stimulant, spice and aromatic crops","Production","t",1992,89742.88,"Cloves (whole stems), raw","no"
NA,"World","Stimulant, spice and aromatic crops","Production","t",1993,89594.28,"Cloves (whole stems), raw","no"
NA,"World","Stimulant, spice and aromatic crops","Production","t",1994,102221.3,"Cloves (whole stems), raw","no"
NA,"World","Stimulant, spice and aromatic crops","Production","t",1995,108402,"Cloves (whole stems), raw","no"
NA,"World","Stimulant, spice and aromatic crops","Production","t",1996,87681.07,"Cloves (whole stems), raw","no"
NA,"World","Stimulant, spice and aromatic crops","Production","t",1997,81717.94,"Cloves (whole stems), raw","no"
NA,"World","Stimulant, spice and aromatic crops","Production","t",1998,92950.18,"Cloves (whole stems), raw","no"
NA,"World","Stimulant, spice and aromatic crops","Production","t",1999,80436.85,"Cloves (whole stems), raw","no"
NA,"World","Stimulant, spice and aromatic crops","Production","t",2000,86033.5,"Cloves (whole stems), raw","no"
NA,"World","Stimulant, spice and aromatic crops","Production","t",2001,99898.6,"Cloves (whole stems), raw","no"
NA,"World","Stimulant, spice and aromatic crops","Production","t",2002,107385.9,"Cloves (whole stems), raw","no"
NA,"World","Stimulant, spice and aromatic crops","Production","t",2003,153071.64,"Cloves (whole stems), raw","no"
NA,"World","Stimulant, spice and aromatic crops","Production","t",2004,110207.14,"Cloves (whole stems), raw","no"
NA,"World","Stimulant, spice and aromatic crops","Production","t",2005,105056.89,"Cloves (whole stems), raw","no"
NA,"World","Stimulant, spice and aromatic crops","Production","t",2006,88810.78,"Cloves (whole stems), raw","no"
NA,"World","Stimulant, spice and aromatic crops","Production","t",2007,109295.3,"Cloves (whole stems), raw","no"
NA,"World","Stimulant, spice and aromatic crops","Production","t",2008,99627.98,"Cloves (whole stems), raw","no"
NA,"World","Stimulant, spice and aromatic crops","Production","t",2009,111487.89,"Cloves (whole stems), raw","no"
NA,"World","Stimulant, spice and aromatic crops","Production","t",2010,128002.79,"Cloves (whole stems), raw","no"
NA,"World","Stimulant, spice and aromatic crops","Production","t",2011,104356.43,"Cloves (whole stems), raw","no"
NA,"World","Stimulant, spice and aromatic crops","Production","t",2012,132572.37,"Cloves (whole stems), raw","no"
NA,"World","Stimulant, spice and aromatic crops","Production","t",2013,145499.71,"Cloves (whole stems), raw","no"
NA,"World","Stimulant, spice and aromatic crops","Production","t",2014,165618.29,"Cloves (whole stems), raw","no"
NA,"World","Stimulant, spice and aromatic crops","Production","t",2015,184250.11,"Cloves (whole stems), raw","no"
NA,"World","Stimulant, spice and aromatic crops","Production","t",2016,189585.94,"Cloves (whole stems), raw","no"
NA,"World","Stimulant, spice and aromatic crops","Production","t",2017,163927.93,"Cloves (whole stems), raw","no"
NA,"World","Stimulant, spice and aromatic crops","Production","t",2018,179965.16,"Cloves (whole stems), raw","no"
NA,"World","Stimulant, spice and aromatic crops","Production","t",2019,187439.08,"Cloves (whole stems), raw","no"
NA,"World","Stimulant, spice and aromatic crops","Production","t",2020,195690.76,"Cloves (whole stems), raw","no"
NA,"World","Stimulant, spice and aromatic crops","Production","t",2021,184859.81,"Cloves (whole stems), raw","no"
NA,"World","Stimulant, spice and aromatic crops","Production","t",2022,186611.44,"Cloves (whole stems), raw","no"
NA,"World","Stimulant, spice and aromatic crops","Production","t",2023,185691.15,"Cloves (whole stems), raw","no"
NA,"World","Stimulant, spice and aromatic crops","Area harvested","ha",1992,5726224,"Cocoa beans","no"
NA,"World","Stimulant, spice and aromatic crops","Area harvested","ha",1993,5675475,"Cocoa beans","no"
NA,"World","Stimulant, spice and aromatic crops","Area harvested","ha",1994,5762503,"Cocoa beans","no"
NA,"World","Stimulant, spice and aromatic crops","Area harvested","ha",1995,6556125,"Cocoa beans","no"
NA,"World","Stimulant, spice and aromatic crops","Area harvested","ha",1996,6652960,"Cocoa beans","no"
NA,"World","Stimulant, spice and aromatic crops","Area harvested","ha",1997,6435946,"Cocoa beans","no"
NA,"World","Stimulant, spice and aromatic crops","Area harvested","ha",1998,6672750,"Cocoa beans","no"
NA,"World","Stimulant, spice and aromatic crops","Area harvested","ha",1999,6862088,"Cocoa beans","no"
NA,"World","Stimulant, spice and aromatic crops","Area harvested","ha",2000,7613598,"Cocoa beans","no"
NA,"World","Stimulant, spice and aromatic crops","Area harvested","ha",2001,7149274,"Cocoa beans","no"
NA,"World","Stimulant, spice and aromatic crops","Area harvested","ha",2002,7013880,"Cocoa beans","no"
NA,"World","Stimulant, spice and aromatic crops","Area harvested","ha",2003,7693381,"Cocoa beans","no"
NA,"World","Stimulant, spice and aromatic crops","Area harvested","ha",2004,8514053,"Cocoa beans","no"
NA,"World","Stimulant, spice and aromatic crops","Area harvested","ha",2005,8706714,"Cocoa beans","no"
NA,"World","Stimulant, spice and aromatic crops","Area harvested","ha",2006,8514758,"Cocoa beans","no"
NA,"World","Stimulant, spice and aromatic crops","Area harvested","ha",2007,8644002,"Cocoa beans","no"
NA,"World","Stimulant, spice and aromatic crops","Area harvested","ha",2008,9561187,"Cocoa beans","no"
NA,"World","Stimulant, spice and aromatic crops","Area harvested","ha",2009,9437648,"Cocoa beans","no"
NA,"World","Stimulant, spice and aromatic crops","Area harvested","ha",2010,9592214,"Cocoa beans","no"
NA,"World","Stimulant, spice and aromatic crops","Area harvested","ha",2011,10252360,"Cocoa beans","no"
NA,"World","Stimulant, spice and aromatic crops","Area harvested","ha",2012,10313477,"Cocoa beans","no"
NA,"World","Stimulant, spice and aromatic crops","Area harvested","ha",2013,10177105,"Cocoa beans","no"
NA,"World","Stimulant, spice and aromatic crops","Area harvested","ha",2014,10577940,"Cocoa beans","no"
NA,"World","Stimulant, spice and aromatic crops","Area harvested","ha",2015,10957003,"Cocoa beans","no"
NA,"World","Stimulant, spice and aromatic crops","Area harvested","ha",2016,10699320,"Cocoa beans","no"
NA,"World","Stimulant, spice and aromatic crops","Area harvested","ha",2017,11499069,"Cocoa beans","no"
NA,"World","Stimulant, spice and aromatic crops","Area harvested","ha",2018,11410703,"Cocoa beans","no"
NA,"World","Stimulant, spice and aromatic crops","Area harvested","ha",2019,11351146,"Cocoa beans","no"
NA,"World","Stimulant, spice and aromatic crops","Area harvested","ha",2020,11722785,"Cocoa beans","no"
NA,"World","Stimulant, spice and aromatic crops","Area harvested","ha",2021,11981268,"Cocoa beans","no"
NA,"World","Stimulant, spice and aromatic crops","Area harvested","ha",2022,11656975,"Cocoa beans","no"
NA,"World","Stimulant, spice and aromatic crops","Area harvested","ha",2023,11654929,"Cocoa beans","no"
NA,"World","Stimulant, spice and aromatic crops","Yield","kg/ha",1992,467.5,"Cocoa beans","no"
NA,"World","Stimulant, spice and aromatic crops","Yield","kg/ha",1993,470.8,"Cocoa beans","no"
NA,"World","Stimulant, spice and aromatic crops","Yield","kg/ha",1994,463.6,"Cocoa beans","no"
NA,"World","Stimulant, spice and aromatic crops","Yield","kg/ha",1995,455.4,"Cocoa beans","no"
NA,"World","Stimulant, spice and aromatic crops","Yield","kg/ha",1996,486.7,"Cocoa beans","no"
NA,"World","Stimulant, spice and aromatic crops","Yield","kg/ha",1997,468.8,"Cocoa beans","no"
NA,"World","Stimulant, spice and aromatic crops","Yield","kg/ha",1998,495,"Cocoa beans","no"
NA,"World","Stimulant, spice and aromatic crops","Yield","kg/ha",1999,433.6,"Cocoa beans","no"
NA,"World","Stimulant, spice and aromatic crops","Yield","kg/ha",2000,438.5,"Cocoa beans","no"
NA,"World","Stimulant, spice and aromatic crops","Yield","kg/ha",2001,450.7,"Cocoa beans","no"
NA,"World","Stimulant, spice and aromatic crops","Yield","kg/ha",2002,470.2,"Cocoa beans","no"
NA,"World","Stimulant, spice and aromatic crops","Yield","kg/ha",2003,481.6,"Cocoa beans","no"
NA,"World","Stimulant, spice and aromatic crops","Yield","kg/ha",2004,478,"Cocoa beans","no"
NA,"World","Stimulant, spice and aromatic crops","Yield","kg/ha",2005,464.5,"Cocoa beans","no"
NA,"World","Stimulant, spice and aromatic crops","Yield","kg/ha",2006,505,"Cocoa beans","no"
NA,"World","Stimulant, spice and aromatic crops","Yield","kg/ha",2007,451.1,"Cocoa beans","no"
NA,"World","Stimulant, spice and aromatic crops","Yield","kg/ha",2008,446.2,"Cocoa beans","no"
NA,"World","Stimulant, spice and aromatic crops","Yield","kg/ha",2009,446.2,"Cocoa beans","no"
NA,"World","Stimulant, spice and aromatic crops","Yield","kg/ha",2010,451.3,"Cocoa beans","no"
NA,"World","Stimulant, spice and aromatic crops","Yield","kg/ha",2011,444.2,"Cocoa beans","no"
NA,"World","Stimulant, spice and aromatic crops","Yield","kg/ha",2012,447.4,"Cocoa beans","no"
NA,"World","Stimulant, spice and aromatic crops","Yield","kg/ha",2013,440.8,"Cocoa beans","no"
NA,"World","Stimulant, spice and aromatic crops","Yield","kg/ha",2014,448.3,"Cocoa beans","no"
NA,"World","Stimulant, spice and aromatic crops","Yield","kg/ha",2015,439.6,"Cocoa beans","no"
NA,"World","Stimulant, spice and aromatic crops","Yield","kg/ha",2016,446.5,"Cocoa beans","no"
NA,"World","Stimulant, spice and aromatic crops","Yield","kg/ha",2017,455.3,"Cocoa beans","no"
NA,"World","Stimulant, spice and aromatic crops","Yield","kg/ha",2018,482.5,"Cocoa beans","no"
NA,"World","Stimulant, spice and aromatic crops","Yield","kg/ha",2019,486.3,"Cocoa beans","no"
NA,"World","Stimulant, spice and aromatic crops","Yield","kg/ha",2020,478.3,"Cocoa beans","no"
NA,"World","Stimulant, spice and aromatic crops","Yield","kg/ha",2021,480.7,"Cocoa beans","no"
NA,"World","Stimulant, spice and aromatic crops","Yield","kg/ha",2022,480.6,"Cocoa beans","no"
NA,"World","Stimulant, spice and aromatic crops","Yield","kg/ha",2023,480.5,"Cocoa beans","no"
NA,"World","Stimulant, spice and aromatic crops","Production","t",1992,2677030.92,"Cocoa beans","no"
NA,"World","Stimulant, spice and aromatic crops","Production","t",1993,2672283.72,"Cocoa beans","no"
NA,"World","Stimulant, spice and aromatic crops","Production","t",1994,2671268.65,"Cocoa beans","no"
NA,"World","Stimulant, spice and aromatic crops","Production","t",1995,2985764.79,"Cocoa beans","no"
NA,"World","Stimulant, spice and aromatic crops","Production","t",1996,3237670.67,"Cocoa beans","no"
NA,"World","Stimulant, spice and aromatic crops","Production","t",1997,3017083.12,"Cocoa beans","no"
NA,"World","Stimulant, spice and aromatic crops","Production","t",1998,3302840.27,"Cocoa beans","no"
NA,"World","Stimulant, spice and aromatic crops","Production","t",1999,2975444.16,"Cocoa beans","no"
NA,"World","Stimulant, spice and aromatic crops","Production","t",2000,3338446.71,"Cocoa beans","no"
NA,"World","Stimulant, spice and aromatic crops","Production","t",2001,3222354.04,"Cocoa beans","no"
NA,"World","Stimulant, spice and aromatic crops","Production","t",2002,3298178.12,"Cocoa beans","no"
NA,"World","Stimulant, spice and aromatic crops","Production","t",2003,3705144.75,"Cocoa beans","no"
NA,"World","Stimulant, spice and aromatic crops","Production","t",2004,4069753.28,"Cocoa beans","no"
NA,"World","Stimulant, spice and aromatic crops","Production","t",2005,4043867.67,"Cocoa beans","no"
NA,"World","Stimulant, spice and aromatic crops","Production","t",2006,4299922.41,"Cocoa beans","no"
NA,"World","Stimulant, spice and aromatic crops","Production","t",2007,3898909.87,"Cocoa beans","no"
NA,"World","Stimulant, spice and aromatic crops","Production","t",2008,4265983.94,"Cocoa beans","no"
NA,"World","Stimulant, spice and aromatic crops","Production","t",2009,4211454.86,"Cocoa beans","no"
NA,"World","Stimulant, spice and aromatic crops","Production","t",2010,4328769.53,"Cocoa beans","no"
NA,"World","Stimulant, spice and aromatic crops","Production","t",2011,4553617.54,"Cocoa beans","no"
NA,"World","Stimulant, spice and aromatic crops","Production","t",2012,4613754.52,"Cocoa beans","no"
NA,"World","Stimulant, spice and aromatic crops","Production","t",2013,4486395.35,"Cocoa beans","no"
NA,"World","Stimulant, spice and aromatic crops","Production","t",2014,4742114.16,"Cocoa beans","no"
NA,"World","Stimulant, spice and aromatic crops","Production","t",2015,4817236.1,"Cocoa beans","no"
NA,"World","Stimulant, spice and aromatic crops","Production","t",2016,4777618.84,"Cocoa beans","no"
NA,"World","Stimulant, spice and aromatic crops","Production","t",2017,5235269.43,"Cocoa beans","no"
NA,"World","Stimulant, spice and aromatic crops","Production","t",2018,5505866.86,"Cocoa beans","no"
NA,"World","Stimulant, spice and aromatic crops","Production","t",2019,5520075.04,"Cocoa beans","no"
NA,"World","Stimulant, spice and aromatic crops","Production","t",2020,5606584.09,"Cocoa beans","no"
NA,"World","Stimulant, spice and aromatic crops","Production","t",2021,5759894.6,"Cocoa beans","no"
NA,"World","Stimulant, spice and aromatic crops","Production","t",2022,5602558.97,"Cocoa beans","no"
NA,"World","Stimulant, spice and aromatic crops","Production","t",2023,5600100.42,"Cocoa beans","no"
NA,"World","Vegetable oils","Production","t",1992,2870455.3,"Coconut oil","no"
NA,"World","Vegetable oils","Production","t",1993,3066997.95,"Coconut oil","no"
NA,"World","Vegetable oils","Production","t",1994,3007921.24,"Coconut oil","no"
NA,"World","Vegetable oils","Production","t",1995,3654758.79,"Coconut oil","no"
NA,"World","Vegetable oils","Production","t",1996,3081026.62,"Coconut oil","no"
NA,"World","Vegetable oils","Production","t",1997,3352916.62,"Coconut oil","no"
NA,"World","Vegetable oils","Production","t",1998,3501653.26,"Coconut oil","no"
NA,"World","Vegetable oils","Production","t",1999,2734969.93,"Coconut oil","no"
NA,"World","Vegetable oils","Production","t",2000,3380472.69,"Coconut oil","no"
NA,"World","Vegetable oils","Production","t",2001,3737950.51,"Coconut oil","no"
NA,"World","Vegetable oils","Production","t",2002,3198873.18,"Coconut oil","no"
NA,"World","Vegetable oils","Production","t",2003,3354230.17,"Coconut oil","no"
NA,"World","Vegetable oils","Production","t",2004,3547681.29,"Coconut oil","no"
NA,"World","Vegetable oils","Production","t",2005,3381564.09,"Coconut oil","no"
NA,"World","Vegetable oils","Production","t",2006,3243363.17,"Coconut oil","no"
NA,"World","Vegetable oils","Production","t",2007,3429404.21,"Coconut oil","no"
NA,"World","Vegetable oils","Production","t",2008,3362287.46,"Coconut oil","no"
NA,"World","Vegetable oils","Production","t",2009,3285848.28,"Coconut oil","no"
NA,"World","Vegetable oils","Production","t",2010,3611917.87,"Coconut oil","no"
NA,"World","Vegetable oils","Production","t",2011,3002889.25,"Coconut oil","no"
NA,"World","Vegetable oils","Production","t",2012,3284803.21,"Coconut oil","no"
NA,"World","Vegetable oils","Production","t",2013,3440027.12,"Coconut oil","no"
NA,"World","Vegetable oils","Production","t",2014,3100540.55,"Coconut oil","no"
NA,"World","Vegetable oils","Production","t",2015,3078474.38,"Coconut oil","no"
NA,"World","Vegetable oils","Production","t",2016,3178895.81,"Coconut oil","no"
NA,"World","Vegetable oils","Production","t",2017,3174663.89,"Coconut oil","no"
NA,"World","Vegetable oils","Production","t",2018,3314739.93,"Coconut oil","no"
NA,"World","Vegetable oils","Production","t",2019,3157828.61,"Coconut oil","no"
NA,"World","Vegetable oils","Production","t",2020,2660640.55,"Coconut oil","no"
NA,"World","Vegetable oils","Production","t",2021,2727682.81,"Coconut oil","no"
NA,"World","Vegetable oils","Production","t",2022,3162278.89,"Coconut oil","no"
NA,"World","Vegetable oils","Production","t",2023,NA,"Coconut oil","no"
NA,"World","Oilseeds and oleaginous fruits","Area harvested","ha",1992,10094605,"Coconuts, in shell","no"
NA,"World","Oilseeds and oleaginous fruits","Area harvested","ha",1993,10364696,"Coconuts, in shell","no"
NA,"World","Oilseeds and oleaginous fruits","Area harvested","ha",1994,10585155,"Coconuts, in shell","no"
NA,"World","Oilseeds and oleaginous fruits","Area harvested","ha",1995,10677255,"Coconuts, in shell","no"
NA,"World","Oilseeds and oleaginous fruits","Area harvested","ha",1996,10763019,"Coconuts, in shell","no"
NA,"World","Oilseeds and oleaginous fruits","Area harvested","ha",1997,10711686,"Coconuts, in shell","no"
NA,"World","Oilseeds and oleaginous fruits","Area harvested","ha",1998,10543033,"Coconuts, in shell","no"
NA,"World","Oilseeds and oleaginous fruits","Area harvested","ha",1999,10579942,"Coconuts, in shell","no"
NA,"World","Oilseeds and oleaginous fruits","Area harvested","ha",2000,10643866,"Coconuts, in shell","no"
NA,"World","Oilseeds and oleaginous fruits","Area harvested","ha",2001,10910198,"Coconuts, in shell","no"
NA,"World","Oilseeds and oleaginous fruits","Area harvested","ha",2002,10764873,"Coconuts, in shell","no"
NA,"World","Oilseeds and oleaginous fruits","Area harvested","ha",2003,10827198,"Coconuts, in shell","no"
NA,"World","Oilseeds and oleaginous fruits","Area harvested","ha",2004,10910433,"Coconuts, in shell","no"
NA,"World","Oilseeds and oleaginous fruits","Area harvested","ha",2005,11017611,"Coconuts, in shell","no"
NA,"World","Oilseeds and oleaginous fruits","Area harvested","ha",2006,11078582,"Coconuts, in shell","no"
NA,"World","Oilseeds and oleaginous fruits","Area harvested","ha",2007,11458378,"Coconuts, in shell","no"
NA,"World","Oilseeds and oleaginous fruits","Area harvested","ha",2008,11398953,"Coconuts, in shell","no"
NA,"World","Oilseeds and oleaginous fruits","Area harvested","ha",2009,11420235,"Coconuts, in shell","no"
NA,"World","Oilseeds and oleaginous fruits","Area harvested","ha",2010,11586067,"Coconuts, in shell","no"
NA,"World","Oilseeds and oleaginous fruits","Area harvested","ha",2011,11735876,"Coconuts, in shell","no"
NA,"World","Oilseeds and oleaginous fruits","Area harvested","ha",2012,11830538,"Coconuts, in shell","no"
NA,"World","Oilseeds and oleaginous fruits","Area harvested","ha",2013,11259877,"Coconuts, in shell","no"
NA,"World","Oilseeds and oleaginous fruits","Area harvested","ha",2014,11044933,"Coconuts, in shell","no"
NA,"World","Oilseeds and oleaginous fruits","Area harvested","ha",2015,11166756,"Coconuts, in shell","no"
NA,"World","Oilseeds and oleaginous fruits","Area harvested","ha",2016,11038021,"Coconuts, in shell","no"
NA,"World","Oilseeds and oleaginous fruits","Area harvested","ha",2017,11115570,"Coconuts, in shell","no"
NA,"World","Oilseeds and oleaginous fruits","Area harvested","ha",2018,11123425,"Coconuts, in shell","no"
NA,"World","Oilseeds and oleaginous fruits","Area harvested","ha",2019,11216417,"Coconuts, in shell","no"
NA,"World","Oilseeds and oleaginous fruits","Area harvested","ha",2020,11077351,"Coconuts, in shell","no"
NA,"World","Oilseeds and oleaginous fruits","Area harvested","ha",2021,11060748,"Coconuts, in shell","no"
NA,"World","Oilseeds and oleaginous fruits","Area harvested","ha",2022,11005519,"Coconuts, in shell","no"
NA,"World","Oilseeds and oleaginous fruits","Area harvested","ha",2023,11253700,"Coconuts, in shell","no"
NA,"World","Oilseeds and oleaginous fruits","Yield","kg/ha",1992,4552.9,"Coconuts, in shell","no"
NA,"World","Oilseeds and oleaginous fruits","Yield","kg/ha",1993,4571.8,"Coconuts, in shell","no"
NA,"World","Oilseeds and oleaginous fruits","Yield","kg/ha",1994,4616.6,"Coconuts, in shell","no"
NA,"World","Oilseeds and oleaginous fruits","Yield","kg/ha",1995,4743.7,"Coconuts, in shell","no"
NA,"World","Oilseeds and oleaginous fruits","Yield","kg/ha",1996,4624.8,"Coconuts, in shell","no"
NA,"World","Oilseeds and oleaginous fruits","Yield","kg/ha",1997,4711,"Coconuts, in shell","no"
NA,"World","Oilseeds and oleaginous fruits","Yield","kg/ha",1998,4678.4,"Coconuts, in shell","no"
NA,"World","Oilseeds and oleaginous fruits","Yield","kg/ha",1999,4688,"Coconuts, in shell","no"
NA,"World","Oilseeds and oleaginous fruits","Yield","kg/ha",2000,4853.8,"Coconuts, in shell","no"
NA,"World","Oilseeds and oleaginous fruits","Yield","kg/ha",2001,4806.5,"Coconuts, in shell","no"
NA,"World","Oilseeds and oleaginous fruits","Yield","kg/ha",2002,5017.7,"Coconuts, in shell","no"
NA,"World","Oilseeds and oleaginous fruits","Yield","kg/ha",2003,5059.3,"Coconuts, in shell","no"
NA,"World","Oilseeds and oleaginous fruits","Yield","kg/ha",2004,5093.5,"Coconuts, in shell","no"
NA,"World","Oilseeds and oleaginous fruits","Yield","kg/ha",2005,5296.5,"Coconuts, in shell","no"
NA,"World","Oilseeds and oleaginous fruits","Yield","kg/ha",2006,5310.9,"Coconuts, in shell","no"
NA,"World","Oilseeds and oleaginous fruits","Yield","kg/ha",2007,5489.2,"Coconuts, in shell","no"
NA,"World","Oilseeds and oleaginous fruits","Yield","kg/ha",2008,5363.6,"Coconuts, in shell","no"
NA,"World","Oilseeds and oleaginous fruits","Yield","kg/ha",2009,5439.1,"Coconuts, in shell","no"
NA,"World","Oilseeds and oleaginous fruits","Yield","kg/ha",2010,5271.7,"Coconuts, in shell","no"
NA,"World","Oilseeds and oleaginous fruits","Yield","kg/ha",2011,5097.2,"Coconuts, in shell","no"
NA,"World","Oilseeds and oleaginous fruits","Yield","kg/ha",2012,5286,"Coconuts, in shell","no"
NA,"World","Oilseeds and oleaginous fruits","Yield","kg/ha",2013,5534.8,"Coconuts, in shell","no"
NA,"World","Oilseeds and oleaginous fruits","Yield","kg/ha",2014,5613.5,"Coconuts, in shell","no"
NA,"World","Oilseeds and oleaginous fruits","Yield","kg/ha",2015,5440.9,"Coconuts, in shell","no"
NA,"World","Oilseeds and oleaginous fruits","Yield","kg/ha",2016,5442.9,"Coconuts, in shell","no"
NA,"World","Oilseeds and oleaginous fruits","Yield","kg/ha",2017,5307.3,"Coconuts, in shell","no"
NA,"World","Oilseeds and oleaginous fruits","Yield","kg/ha",2018,5884.6,"Coconuts, in shell","no"
NA,"World","Oilseeds and oleaginous fruits","Yield","kg/ha",2019,5693.6,"Coconuts, in shell","no"
NA,"World","Oilseeds and oleaginous fruits","Yield","kg/ha",2020,5567.8,"Coconuts, in shell","no"
NA,"World","Oilseeds and oleaginous fruits","Yield","kg/ha",2021,5804.5,"Coconuts, in shell","no"
NA,"World","Oilseeds and oleaginous fruits","Yield","kg/ha",2022,5781,"Coconuts, in shell","no"
NA,"World","Oilseeds and oleaginous fruits","Yield","kg/ha",2023,5747,"Coconuts, in shell","no"
NA,"World","Oilseeds and oleaginous fruits","Production","t",1992,45960146.25,"Coconuts, in shell","no"
NA,"World","Oilseeds and oleaginous fruits","Production","t",1993,47385049.01,"Coconuts, in shell","no"
NA,"World","Oilseeds and oleaginous fruits","Production","t",1994,48867280.83,"Coconuts, in shell","no"
NA,"World","Oilseeds and oleaginous fruits","Production","t",1995,50650048.85,"Coconuts, in shell","no"
NA,"World","Oilseeds and oleaginous fruits","Production","t",1996,49776349.65,"Coconuts, in shell","no"
NA,"World","Oilseeds and oleaginous fruits","Production","t",1997,50462992.74,"Coconuts, in shell","no"
NA,"World","Oilseeds and oleaginous fruits","Production","t",1998,49324765.23,"Coconuts, in shell","no"
NA,"World","Oilseeds and oleaginous fruits","Production","t",1999,49598279.13,"Coconuts, in shell","no"
NA,"World","Oilseeds and oleaginous fruits","Production","t",2000,51663264.28,"Coconuts, in shell","no"
NA,"World","Oilseeds and oleaginous fruits","Production","t",2001,52439565.87,"Coconuts, in shell","no"
NA,"World","Oilseeds and oleaginous fruits","Production","t",2002,54014905.37,"Coconuts, in shell","no"
NA,"World","Oilseeds and oleaginous fruits","Production","t",2003,54777560.12,"Coconuts, in shell","no"
NA,"World","Oilseeds and oleaginous fruits","Production","t",2004,55572144.16,"Coconuts, in shell","no"
NA,"World","Oilseeds and oleaginous fruits","Production","t",2005,58354595.77,"Coconuts, in shell","no"
NA,"World","Oilseeds and oleaginous fruits","Production","t",2006,58837306.67,"Coconuts, in shell","no"
NA,"World","Oilseeds and oleaginous fruits","Production","t",2007,62897532.56,"Coconuts, in shell","no"
NA,"World","Oilseeds and oleaginous fruits","Production","t",2008,61139574.87,"Coconuts, in shell","no"
NA,"World","Oilseeds and oleaginous fruits","Production","t",2009,62115754.16,"Coconuts, in shell","no"
NA,"World","Oilseeds and oleaginous fruits","Production","t",2010,61077786.62,"Coconuts, in shell","no"
NA,"World","Oilseeds and oleaginous fruits","Production","t",2011,59819933.2,"Coconuts, in shell","no"
NA,"World","Oilseeds and oleaginous fruits","Production","t",2012,62536395.87,"Coconuts, in shell","no"
NA,"World","Oilseeds and oleaginous fruits","Production","t",2013,62321056.87,"Coconuts, in shell","no"
NA,"World","Oilseeds and oleaginous fruits","Production","t",2014,62000785.88,"Coconuts, in shell","no"
NA,"World","Oilseeds and oleaginous fruits","Production","t",2015,60757683.69,"Coconuts, in shell","no"
NA,"World","Oilseeds and oleaginous fruits","Production","t",2016,60078379.18,"Coconuts, in shell","no"
NA,"World","Oilseeds and oleaginous fruits","Production","t",2017,58993563.42,"Coconuts, in shell","no"
NA,"World","Oilseeds and oleaginous fruits","Production","t",2018,65456875.16,"Coconuts, in shell","no"
NA,"World","Oilseeds and oleaginous fruits","Production","t",2019,63861802.22,"Coconuts, in shell","no"
NA,"World","Oilseeds and oleaginous fruits","Production","t",2020,61676850.27,"Coconuts, in shell","no"
NA,"World","Oilseeds and oleaginous fruits","Production","t",2021,64201901.79,"Coconuts, in shell","no"
NA,"World","Oilseeds and oleaginous fruits","Production","t",2022,63622652.92,"Coconuts, in shell","no"
NA,"World","Oilseeds and oleaginous fruits","Production","t",2023,64675221.98,"Coconuts, in shell","no"
NA,"World","Stimulant, spice and aromatic crops","Area harvested","ha",1992,10353962,"Coffee, green","no"
NA,"World","Stimulant, spice and aromatic crops","Area harvested","ha",1993,10129516,"Coffee, green","no"
NA,"World","Stimulant, spice and aromatic crops","Area harvested","ha",1994,9803190,"Coffee, green","no"
NA,"World","Stimulant, spice and aromatic crops","Area harvested","ha",1995,9692019,"Coffee, green","no"
NA,"World","Stimulant, spice and aromatic crops","Area harvested","ha",1996,9799342,"Coffee, green","no"
NA,"World","Stimulant, spice and aromatic crops","Area harvested","ha",1997,9830751,"Coffee, green","no"
NA,"World","Stimulant, spice and aromatic crops","Area harvested","ha",1998,10113826,"Coffee, green","no"
NA,"World","Stimulant, spice and aromatic crops","Area harvested","ha",1999,10272302,"Coffee, green","no"
NA,"World","Stimulant, spice and aromatic crops","Area harvested","ha",2000,10715738,"Coffee, green","no"
NA,"World","Stimulant, spice and aromatic crops","Area harvested","ha",2001,10625238,"Coffee, green","no"
NA,"World","Stimulant, spice and aromatic crops","Area harvested","ha",2002,10422380,"Coffee, green","no"
NA,"World","Stimulant, spice and aromatic crops","Area harvested","ha",2003,10295406,"Coffee, green","no"
NA,"World","Stimulant, spice and aromatic crops","Area harvested","ha",2004,10847519,"Coffee, green","no"
NA,"World","Stimulant, spice and aromatic crops","Area harvested","ha",2005,10602953,"Coffee, green","no"
NA,"World","Stimulant, spice and aromatic crops","Area harvested","ha",2006,10725080,"Coffee, green","no"
NA,"World","Stimulant, spice and aromatic crops","Area harvested","ha",2007,10736793,"Coffee, green","no"
NA,"World","Stimulant, spice and aromatic crops","Area harvested","ha",2008,10583106,"Coffee, green","no"
NA,"World","Stimulant, spice and aromatic crops","Area harvested","ha",2009,10430106,"Coffee, green","no"
NA,"World","Stimulant, spice and aromatic crops","Area harvested","ha",2010,10483825,"Coffee, green","no"
NA,"World","Stimulant, spice and aromatic crops","Area harvested","ha",2011,9896291,"Coffee, green","no"
NA,"World","Stimulant, spice and aromatic crops","Area harvested","ha",2012,10246205,"Coffee, green","no"
NA,"World","Stimulant, spice and aromatic crops","Area harvested","ha",2013,10395842,"Coffee, green","no"
NA,"World","Stimulant, spice and aromatic crops","Area harvested","ha",2014,10309017,"Coffee, green","no"
NA,"World","Stimulant, spice and aromatic crops","Area harvested","ha",2015,10739462,"Coffee, green","no"
NA,"World","Stimulant, spice and aromatic crops","Area harvested","ha",2016,10730141,"Coffee, green","no"
NA,"World","Stimulant, spice and aromatic crops","Area harvested","ha",2017,10306642,"Coffee, green","no"
NA,"World","Stimulant, spice and aromatic crops","Area harvested","ha",2018,11440198,"Coffee, green","no"
NA,"World","Stimulant, spice and aromatic crops","Area harvested","ha",2019,11749101,"Coffee, green","no"
NA,"World","Stimulant, spice and aromatic crops","Area harvested","ha",2020,12064556,"Coffee, green","no"
NA,"World","Stimulant, spice and aromatic crops","Area harvested","ha",2021,12088063,"Coffee, green","no"
NA,"World","Stimulant, spice and aromatic crops","Area harvested","ha",2022,12039247,"Coffee, green","no"
NA,"World","Stimulant, spice and aromatic crops","Area harvested","ha",2023,12185894,"Coffee, green","no"
NA,"World","Stimulant, spice and aromatic crops","Yield","kg/ha",1992,587.8,"Coffee, green","no"
NA,"World","Stimulant, spice and aromatic crops","Yield","kg/ha",1993,548.4,"Coffee, green","no"
NA,"World","Stimulant, spice and aromatic crops","Yield","kg/ha",1994,583.8,"Coffee, green","no"
NA,"World","Stimulant, spice and aromatic crops","Yield","kg/ha",1995,570.5,"Coffee, green","no"
NA,"World","Stimulant, spice and aromatic crops","Yield","kg/ha",1996,632.5,"Coffee, green","no"
NA,"World","Stimulant, spice and aromatic crops","Yield","kg/ha",1997,617.7,"Coffee, green","no"
NA,"World","Stimulant, spice and aromatic crops","Yield","kg/ha",1998,655.8,"Coffee, green","no"
NA,"World","Stimulant, spice and aromatic crops","Yield","kg/ha",1999,661.1,"Coffee, green","no"
NA,"World","Stimulant, spice and aromatic crops","Yield","kg/ha",2000,699.8,"Coffee, green","no"
NA,"World","Stimulant, spice and aromatic crops","Yield","kg/ha",2001,694.6,"Coffee, green","no"
NA,"World","Stimulant, spice and aromatic crops","Yield","kg/ha",2002,760.7,"Coffee, green","no"
NA,"World","Stimulant, spice and aromatic crops","Yield","kg/ha",2003,683.7,"Coffee, green","no"
NA,"World","Stimulant, spice and aromatic crops","Yield","kg/ha",2004,724.9,"Coffee, green","no"
NA,"World","Stimulant, spice and aromatic crops","Yield","kg/ha",2005,697.2,"Coffee, green","no"
NA,"World","Stimulant, spice and aromatic crops","Yield","kg/ha",2006,759.7,"Coffee, green","no"
NA,"World","Stimulant, spice and aromatic crops","Yield","kg/ha",2007,757.6,"Coffee, green","no"
NA,"World","Stimulant, spice and aromatic crops","Yield","kg/ha",2008,802.2,"Coffee, green","no"
NA,"World","Stimulant, spice and aromatic crops","Yield","kg/ha",2009,745.7,"Coffee, green","no"
NA,"World","Stimulant, spice and aromatic crops","Yield","kg/ha",2010,807,"Coffee, green","no"
NA,"World","Stimulant, spice and aromatic crops","Yield","kg/ha",2011,845.7,"Coffee, green","no"
NA,"World","Stimulant, spice and aromatic crops","Yield","kg/ha",2012,858.7,"Coffee, green","no"
NA,"World","Stimulant, spice and aromatic crops","Yield","kg/ha",2013,850.3,"Coffee, green","no"
NA,"World","Stimulant, spice and aromatic crops","Yield","kg/ha",2014,847.2,"Coffee, green","no"
NA,"World","Stimulant, spice and aromatic crops","Yield","kg/ha",2015,822.5,"Coffee, green","no"
NA,"World","Stimulant, spice and aromatic crops","Yield","kg/ha",2016,870.2,"Coffee, green","no"
NA,"World","Stimulant, spice and aromatic crops","Yield","kg/ha",2017,902.6,"Coffee, green","no"
NA,"World","Stimulant, spice and aromatic crops","Yield","kg/ha",2018,923,"Coffee, green","no"
NA,"World","Stimulant, spice and aromatic crops","Yield","kg/ha",2019,881.7,"Coffee, green","no"
NA,"World","Stimulant, spice and aromatic crops","Yield","kg/ha",2020,931.1,"Coffee, green","no"
NA,"World","Stimulant, spice and aromatic crops","Yield","kg/ha",2021,867.7,"Coffee, green","no"
NA,"World","Stimulant, spice and aromatic crops","Yield","kg/ha",2022,891.6,"Coffee, green","no"
NA,"World","Stimulant, spice and aromatic crops","Yield","kg/ha",2023,908,"Coffee, green","no"
NA,"World","Stimulant, spice and aromatic crops","Production","t",1992,6086345.68,"Coffee, green","no"
NA,"World","Stimulant, spice and aromatic crops","Production","t",1993,5554947.48,"Coffee, green","no"
NA,"World","Stimulant, spice and aromatic crops","Production","t",1994,5722718.02,"Coffee, green","no"
NA,"World","Stimulant, spice and aromatic crops","Production","t",1995,5529155.43,"Coffee, green","no"
NA,"World","Stimulant, spice and aromatic crops","Production","t",1996,6197692.18,"Coffee, green","no"
NA,"World","Stimulant, spice and aromatic crops","Production","t",1997,6072140.38,"Coffee, green","no"
NA,"World","Stimulant, spice and aromatic crops","Production","t",1998,6632659.93,"Coffee, green","no"
NA,"World","Stimulant, spice and aromatic crops","Production","t",1999,6790773.04,"Coffee, green","no"
NA,"World","Stimulant, spice and aromatic crops","Production","t",2000,7498777.2,"Coffee, green","no"
NA,"World","Stimulant, spice and aromatic crops","Production","t",2001,7379936.75,"Coffee, green","no"
NA,"World","Stimulant, spice and aromatic crops","Production","t",2002,7928506.49,"Coffee, green","no"
NA,"World","Stimulant, spice and aromatic crops","Production","t",2003,7039092.47,"Coffee, green","no"
NA,"World","Stimulant, spice and aromatic crops","Production","t",2004,7862898.46,"Coffee, green","no"
NA,"World","Stimulant, spice and aromatic crops","Production","t",2005,7392093.48,"Coffee, green","no"
NA,"World","Stimulant, spice and aromatic crops","Production","t",2006,8147847.64,"Coffee, green","no"
NA,"World","Stimulant, spice and aromatic crops","Production","t",2007,8134626.2,"Coffee, green","no"
NA,"World","Stimulant, spice and aromatic crops","Production","t",2008,8489789.53,"Coffee, green","no"
NA,"World","Stimulant, spice and aromatic crops","Production","t",2009,7777818.18,"Coffee, green","no"
NA,"World","Stimulant, spice and aromatic crops","Production","t",2010,8460553.65,"Coffee, green","no"
NA,"World","Stimulant, spice and aromatic crops","Production","t",2011,8369712.08,"Coffee, green","no"
NA,"World","Stimulant, spice and aromatic crops","Production","t",2012,8798567.15,"Coffee, green","no"
NA,"World","Stimulant, spice and aromatic crops","Production","t",2013,8839105.82,"Coffee, green","no"
NA,"World","Stimulant, spice and aromatic crops","Production","t",2014,8733487.95,"Coffee, green","no"
NA,"World","Stimulant, spice and aromatic crops","Production","t",2015,8833355.74,"Coffee, green","no"
NA,"World","Stimulant, spice and aromatic crops","Production","t",2016,9337818.5,"Coffee, green","no"
NA,"World","Stimulant, spice and aromatic crops","Production","t",2017,9303072.86,"Coffee, green","no"
NA,"World","Stimulant, spice and aromatic crops","Production","t",2018,10559297.26,"Coffee, green","no"
NA,"World","Stimulant, spice and aromatic crops","Production","t",2019,10358649.66,"Coffee, green","no"
NA,"World","Stimulant, spice and aromatic crops","Production","t",2020,11233733.88,"Coffee, green","no"
NA,"World","Stimulant, spice and aromatic crops","Production","t",2021,10488327.4,"Coffee, green","no"
NA,"World","Stimulant, spice and aromatic crops","Production","t",2022,10733909.02,"Coffee, green","no"
NA,"World","Stimulant, spice and aromatic crops","Production","t",2023,11064205.47,"Coffee, green","no"
NA,"World","Forage products; fibre crops; plants used in perfumery, pharmacy, or for insecticidal, fungicidal or similar purposes; beet, forage plant and flower seeds; natural rubber; living plants, cut flowers and flower buds; unmanufactured tobacco; other raw vegetable materials","Production","t",1992,628241,"Coir, raw","no"
NA,"World","Forage products; fibre crops; plants used in perfumery, pharmacy, or for insecticidal, fungicidal or similar purposes; beet, forage plant and flower seeds; natural rubber; living plants, cut flowers and flower buds; unmanufactured tobacco; other raw vegetable materials","Production","t",1993,654405,"Coir, raw","no"
NA,"World","Forage products; fibre crops; plants used in perfumery, pharmacy, or for insecticidal, fungicidal or similar purposes; beet, forage plant and flower seeds; natural rubber; living plants, cut flowers and flower buds; unmanufactured tobacco; other raw vegetable materials","Production","t",1994,728200,"Coir, raw","no"
NA,"World","Forage products; fibre crops; plants used in perfumery, pharmacy, or for insecticidal, fungicidal or similar purposes; beet, forage plant and flower seeds; natural rubber; living plants, cut flowers and flower buds; unmanufactured tobacco; other raw vegetable materials","Production","t",1995,1011190,"Coir, raw","no"
NA,"World","Forage products; fibre crops; plants used in perfumery, pharmacy, or for insecticidal, fungicidal or similar purposes; beet, forage plant and flower seeds; natural rubber; living plants, cut flowers and flower buds; unmanufactured tobacco; other raw vegetable materials","Production","t",1996,1042990,"Coir, raw","no"
NA,"World","Forage products; fibre crops; plants used in perfumery, pharmacy, or for insecticidal, fungicidal or similar purposes; beet, forage plant and flower seeds; natural rubber; living plants, cut flowers and flower buds; unmanufactured tobacco; other raw vegetable materials","Production","t",1997,983610,"Coir, raw","no"
NA,"World","Forage products; fibre crops; plants used in perfumery, pharmacy, or for insecticidal, fungicidal or similar purposes; beet, forage plant and flower seeds; natural rubber; living plants, cut flowers and flower buds; unmanufactured tobacco; other raw vegetable materials","Production","t",1998,931120,"Coir, raw","no"
NA,"World","Forage products; fibre crops; plants used in perfumery, pharmacy, or for insecticidal, fungicidal or similar purposes; beet, forage plant and flower seeds; natural rubber; living plants, cut flowers and flower buds; unmanufactured tobacco; other raw vegetable materials","Production","t",1999,970990,"Coir, raw","no"
NA,"World","Forage products; fibre crops; plants used in perfumery, pharmacy, or for insecticidal, fungicidal or similar purposes; beet, forage plant and flower seeds; natural rubber; living plants, cut flowers and flower buds; unmanufactured tobacco; other raw vegetable materials","Production","t",2000,945090,"Coir, raw","no"
NA,"World","Forage products; fibre crops; plants used in perfumery, pharmacy, or for insecticidal, fungicidal or similar purposes; beet, forage plant and flower seeds; natural rubber; living plants, cut flowers and flower buds; unmanufactured tobacco; other raw vegetable materials","Production","t",2001,915590,"Coir, raw","no"
NA,"World","Forage products; fibre crops; plants used in perfumery, pharmacy, or for insecticidal, fungicidal or similar purposes; beet, forage plant and flower seeds; natural rubber; living plants, cut flowers and flower buds; unmanufactured tobacco; other raw vegetable materials","Production","t",2002,904080,"Coir, raw","no"
NA,"World","Forage products; fibre crops; plants used in perfumery, pharmacy, or for insecticidal, fungicidal or similar purposes; beet, forage plant and flower seeds; natural rubber; living plants, cut flowers and flower buds; unmanufactured tobacco; other raw vegetable materials","Production","t",2003,1006350,"Coir, raw","no"
NA,"World","Forage products; fibre crops; plants used in perfumery, pharmacy, or for insecticidal, fungicidal or similar purposes; beet, forage plant and flower seeds; natural rubber; living plants, cut flowers and flower buds; unmanufactured tobacco; other raw vegetable materials","Production","t",2004,953210,"Coir, raw","no"
NA,"World","Forage products; fibre crops; plants used in perfumery, pharmacy, or for insecticidal, fungicidal or similar purposes; beet, forage plant and flower seeds; natural rubber; living plants, cut flowers and flower buds; unmanufactured tobacco; other raw vegetable materials","Production","t",2005,994550,"Coir, raw","no"
NA,"World","Forage products; fibre crops; plants used in perfumery, pharmacy, or for insecticidal, fungicidal or similar purposes; beet, forage plant and flower seeds; natural rubber; living plants, cut flowers and flower buds; unmanufactured tobacco; other raw vegetable materials","Production","t",2006,1023660,"Coir, raw","no"
NA,"World","Forage products; fibre crops; plants used in perfumery, pharmacy, or for insecticidal, fungicidal or similar purposes; beet, forage plant and flower seeds; natural rubber; living plants, cut flowers and flower buds; unmanufactured tobacco; other raw vegetable materials","Production","t",2007,1082660,"Coir, raw","no"
NA,"World","Forage products; fibre crops; plants used in perfumery, pharmacy, or for insecticidal, fungicidal or similar purposes; beet, forage plant and flower seeds; natural rubber; living plants, cut flowers and flower buds; unmanufactured tobacco; other raw vegetable materials","Production","t",2008,1055914,"Coir, raw","no"
NA,"World","Forage products; fibre crops; plants used in perfumery, pharmacy, or for insecticidal, fungicidal or similar purposes; beet, forage plant and flower seeds; natural rubber; living plants, cut flowers and flower buds; unmanufactured tobacco; other raw vegetable materials","Production","t",2009,1114845,"Coir, raw","no"
NA,"World","Forage products; fibre crops; plants used in perfumery, pharmacy, or for insecticidal, fungicidal or similar purposes; beet, forage plant and flower seeds; natural rubber; living plants, cut flowers and flower buds; unmanufactured tobacco; other raw vegetable materials","Production","t",2010,1112020,"Coir, raw","no"
NA,"World","Forage products; fibre crops; plants used in perfumery, pharmacy, or for insecticidal, fungicidal or similar purposes; beet, forage plant and flower seeds; natural rubber; living plants, cut flowers and flower buds; unmanufactured tobacco; other raw vegetable materials","Production","t",2011,1086640,"Coir, raw","no"
NA,"World","Forage products; fibre crops; plants used in perfumery, pharmacy, or for insecticidal, fungicidal or similar purposes; beet, forage plant and flower seeds; natural rubber; living plants, cut flowers and flower buds; unmanufactured tobacco; other raw vegetable materials","Production","t",2012,1132624.71,"Coir, raw","no"
NA,"World","Forage products; fibre crops; plants used in perfumery, pharmacy, or for insecticidal, fungicidal or similar purposes; beet, forage plant and flower seeds; natural rubber; living plants, cut flowers and flower buds; unmanufactured tobacco; other raw vegetable materials","Production","t",2013,1206110.54,"Coir, raw","no"
NA,"World","Forage products; fibre crops; plants used in perfumery, pharmacy, or for insecticidal, fungicidal or similar purposes; beet, forage plant and flower seeds; natural rubber; living plants, cut flowers and flower buds; unmanufactured tobacco; other raw vegetable materials","Production","t",2014,1181511.76,"Coir, raw","no"
NA,"World","Forage products; fibre crops; plants used in perfumery, pharmacy, or for insecticidal, fungicidal or similar purposes; beet, forage plant and flower seeds; natural rubber; living plants, cut flowers and flower buds; unmanufactured tobacco; other raw vegetable materials","Production","t",2015,1208673.45,"Coir, raw","no"
NA,"World","Forage products; fibre crops; plants used in perfumery, pharmacy, or for insecticidal, fungicidal or similar purposes; beet, forage plant and flower seeds; natural rubber; living plants, cut flowers and flower buds; unmanufactured tobacco; other raw vegetable materials","Production","t",2016,1211680.24,"Coir, raw","no"
NA,"World","Forage products; fibre crops; plants used in perfumery, pharmacy, or for insecticidal, fungicidal or similar purposes; beet, forage plant and flower seeds; natural rubber; living plants, cut flowers and flower buds; unmanufactured tobacco; other raw vegetable materials","Production","t",2017,1221274.83,"Coir, raw","no"
NA,"World","Forage products; fibre crops; plants used in perfumery, pharmacy, or for insecticidal, fungicidal or similar purposes; beet, forage plant and flower seeds; natural rubber; living plants, cut flowers and flower buds; unmanufactured tobacco; other raw vegetable materials","Production","t",2018,1381764.17,"Coir, raw","no"
NA,"World","Forage products; fibre crops; plants used in perfumery, pharmacy, or for insecticidal, fungicidal or similar purposes; beet, forage plant and flower seeds; natural rubber; living plants, cut flowers and flower buds; unmanufactured tobacco; other raw vegetable materials","Production","t",2019,1543296.02,"Coir, raw","no"
NA,"World","Forage products; fibre crops; plants used in perfumery, pharmacy, or for insecticidal, fungicidal or similar purposes; beet, forage plant and flower seeds; natural rubber; living plants, cut flowers and flower buds; unmanufactured tobacco; other raw vegetable materials","Production","t",2020,1718406.47,"Coir, raw","no"
NA,"World","Forage products; fibre crops; plants used in perfumery, pharmacy, or for insecticidal, fungicidal or similar purposes; beet, forage plant and flower seeds; natural rubber; living plants, cut flowers and flower buds; unmanufactured tobacco; other raw vegetable materials","Production","t",2021,1821069.48,"Coir, raw","no"
NA,"World","Forage products; fibre crops; plants used in perfumery, pharmacy, or for insecticidal, fungicidal or similar purposes; beet, forage plant and flower seeds; natural rubber; living plants, cut flowers and flower buds; unmanufactured tobacco; other raw vegetable materials","Production","t",2022,1915327.51,"Coir, raw","no"
NA,"World","Forage products; fibre crops; plants used in perfumery, pharmacy, or for insecticidal, fungicidal or similar purposes; beet, forage plant and flower seeds; natural rubber; living plants, cut flowers and flower buds; unmanufactured tobacco; other raw vegetable materials","Production","t",2023,1809251.38,"Coir, raw","no"
NA,"World","Forage products; fibre crops; plants used in perfumery, pharmacy, or for insecticidal, fungicidal or similar purposes; beet, forage plant and flower seeds; natural rubber; living plants, cut flowers and flower buds; unmanufactured tobacco; other raw vegetable materials","Production","t",1992,18160227.88,"Cotton lint, ginned","no"
NA,"World","Forage products; fibre crops; plants used in perfumery, pharmacy, or for insecticidal, fungicidal or similar purposes; beet, forage plant and flower seeds; natural rubber; living plants, cut flowers and flower buds; unmanufactured tobacco; other raw vegetable materials","Production","t",1993,16555063.49,"Cotton lint, ginned","no"
NA,"World","Forage products; fibre crops; plants used in perfumery, pharmacy, or for insecticidal, fungicidal or similar purposes; beet, forage plant and flower seeds; natural rubber; living plants, cut flowers and flower buds; unmanufactured tobacco; other raw vegetable materials","Production","t",1994,18383668.83,"Cotton lint, ginned","no"
NA,"World","Forage products; fibre crops; plants used in perfumery, pharmacy, or for insecticidal, fungicidal or similar purposes; beet, forage plant and flower seeds; natural rubber; living plants, cut flowers and flower buds; unmanufactured tobacco; other raw vegetable materials","Production","t",1995,19600753.77,"Cotton lint, ginned","no"
NA,"World","Forage products; fibre crops; plants used in perfumery, pharmacy, or for insecticidal, fungicidal or similar purposes; beet, forage plant and flower seeds; natural rubber; living plants, cut flowers and flower buds; unmanufactured tobacco; other raw vegetable materials","Production","t",1996,19287296.16,"Cotton lint, ginned","no"
NA,"World","Forage products; fibre crops; plants used in perfumery, pharmacy, or for insecticidal, fungicidal or similar purposes; beet, forage plant and flower seeds; natural rubber; living plants, cut flowers and flower buds; unmanufactured tobacco; other raw vegetable materials","Production","t",1997,19036593.43,"Cotton lint, ginned","no"
NA,"World","Forage products; fibre crops; plants used in perfumery, pharmacy, or for insecticidal, fungicidal or similar purposes; beet, forage plant and flower seeds; natural rubber; living plants, cut flowers and flower buds; unmanufactured tobacco; other raw vegetable materials","Production","t",1998,18159432.76,"Cotton lint, ginned","no"
NA,"World","Forage products; fibre crops; plants used in perfumery, pharmacy, or for insecticidal, fungicidal or similar purposes; beet, forage plant and flower seeds; natural rubber; living plants, cut flowers and flower buds; unmanufactured tobacco; other raw vegetable materials","Production","t",1999,18204276.44,"Cotton lint, ginned","no"
NA,"World","Forage products; fibre crops; plants used in perfumery, pharmacy, or for insecticidal, fungicidal or similar purposes; beet, forage plant and flower seeds; natural rubber; living plants, cut flowers and flower buds; unmanufactured tobacco; other raw vegetable materials","Production","t",2000,18508333.86,"Cotton lint, ginned","no"
NA,"World","Forage products; fibre crops; plants used in perfumery, pharmacy, or for insecticidal, fungicidal or similar purposes; beet, forage plant and flower seeds; natural rubber; living plants, cut flowers and flower buds; unmanufactured tobacco; other raw vegetable materials","Production","t",2001,21073437.44,"Cotton lint, ginned","no"
NA,"World","Forage products; fibre crops; plants used in perfumery, pharmacy, or for insecticidal, fungicidal or similar purposes; beet, forage plant and flower seeds; natural rubber; living plants, cut flowers and flower buds; unmanufactured tobacco; other raw vegetable materials","Production","t",2002,18887624.51,"Cotton lint, ginned","no"
NA,"World","Forage products; fibre crops; plants used in perfumery, pharmacy, or for insecticidal, fungicidal or similar purposes; beet, forage plant and flower seeds; natural rubber; living plants, cut flowers and flower buds; unmanufactured tobacco; other raw vegetable materials","Production","t",2003,19467217.33,"Cotton lint, ginned","no"
NA,"World","Forage products; fibre crops; plants used in perfumery, pharmacy, or for insecticidal, fungicidal or similar purposes; beet, forage plant and flower seeds; natural rubber; living plants, cut flowers and flower buds; unmanufactured tobacco; other raw vegetable materials","Production","t",2004,24533616.25,"Cotton lint, ginned","no"
NA,"World","Forage products; fibre crops; plants used in perfumery, pharmacy, or for insecticidal, fungicidal or similar purposes; beet, forage plant and flower seeds; natural rubber; living plants, cut flowers and flower buds; unmanufactured tobacco; other raw vegetable materials","Production","t",2005,24483039.8,"Cotton lint, ginned","no"
NA,"World","Forage products; fibre crops; plants used in perfumery, pharmacy, or for insecticidal, fungicidal or similar purposes; beet, forage plant and flower seeds; natural rubber; living plants, cut flowers and flower buds; unmanufactured tobacco; other raw vegetable materials","Production","t",2006,24502087.19,"Cotton lint, ginned","no"
NA,"World","Forage products; fibre crops; plants used in perfumery, pharmacy, or for insecticidal, fungicidal or similar purposes; beet, forage plant and flower seeds; natural rubber; living plants, cut flowers and flower buds; unmanufactured tobacco; other raw vegetable materials","Production","t",2007,25049598.25,"Cotton lint, ginned","no"
NA,"World","Forage products; fibre crops; plants used in perfumery, pharmacy, or for insecticidal, fungicidal or similar purposes; beet, forage plant and flower seeds; natural rubber; living plants, cut flowers and flower buds; unmanufactured tobacco; other raw vegetable materials","Production","t",2008,22458802.55,"Cotton lint, ginned","no"
NA,"World","Forage products; fibre crops; plants used in perfumery, pharmacy, or for insecticidal, fungicidal or similar purposes; beet, forage plant and flower seeds; natural rubber; living plants, cut flowers and flower buds; unmanufactured tobacco; other raw vegetable materials","Production","t",2009,20876759.1,"Cotton lint, ginned","no"
NA,"World","Forage products; fibre crops; plants used in perfumery, pharmacy, or for insecticidal, fungicidal or similar purposes; beet, forage plant and flower seeds; natural rubber; living plants, cut flowers and flower buds; unmanufactured tobacco; other raw vegetable materials","Production","t",2010,23791944.72,"Cotton lint, ginned","no"
NA,"World","Forage products; fibre crops; plants used in perfumery, pharmacy, or for insecticidal, fungicidal or similar purposes; beet, forage plant and flower seeds; natural rubber; living plants, cut flowers and flower buds; unmanufactured tobacco; other raw vegetable materials","Production","t",2011,26443695,"Cotton lint, ginned","no"
NA,"World","Forage products; fibre crops; plants used in perfumery, pharmacy, or for insecticidal, fungicidal or similar purposes; beet, forage plant and flower seeds; natural rubber; living plants, cut flowers and flower buds; unmanufactured tobacco; other raw vegetable materials","Production","t",2012,26562470.7,"Cotton lint, ginned","no"
NA,"World","Forage products; fibre crops; plants used in perfumery, pharmacy, or for insecticidal, fungicidal or similar purposes; beet, forage plant and flower seeds; natural rubber; living plants, cut flowers and flower buds; unmanufactured tobacco; other raw vegetable materials","Production","t",2013,24602543.4,"Cotton lint, ginned","no"
NA,"World","Forage products; fibre crops; plants used in perfumery, pharmacy, or for insecticidal, fungicidal or similar purposes; beet, forage plant and flower seeds; natural rubber; living plants, cut flowers and flower buds; unmanufactured tobacco; other raw vegetable materials","Production","t",2014,25829615.78,"Cotton lint, ginned","no"
NA,"World","Forage products; fibre crops; plants used in perfumery, pharmacy, or for insecticidal, fungicidal or similar purposes; beet, forage plant and flower seeds; natural rubber; living plants, cut flowers and flower buds; unmanufactured tobacco; other raw vegetable materials","Production","t",2015,22315165.14,"Cotton lint, ginned","no"
NA,"World","Forage products; fibre crops; plants used in perfumery, pharmacy, or for insecticidal, fungicidal or similar purposes; beet, forage plant and flower seeds; natural rubber; living plants, cut flowers and flower buds; unmanufactured tobacco; other raw vegetable materials","Production","t",2016,23282098.09,"Cotton lint, ginned","no"
NA,"World","Forage products; fibre crops; plants used in perfumery, pharmacy, or for insecticidal, fungicidal or similar purposes; beet, forage plant and flower seeds; natural rubber; living plants, cut flowers and flower buds; unmanufactured tobacco; other raw vegetable materials","Production","t",2017,25277357.02,"Cotton lint, ginned","no"
NA,"World","Forage products; fibre crops; plants used in perfumery, pharmacy, or for insecticidal, fungicidal or similar purposes; beet, forage plant and flower seeds; natural rubber; living plants, cut flowers and flower buds; unmanufactured tobacco; other raw vegetable materials","Production","t",2018,25568046.42,"Cotton lint, ginned","no"
NA,"World","Forage products; fibre crops; plants used in perfumery, pharmacy, or for insecticidal, fungicidal or similar purposes; beet, forage plant and flower seeds; natural rubber; living plants, cut flowers and flower buds; unmanufactured tobacco; other raw vegetable materials","Production","t",2019,25467743.59,"Cotton lint, ginned","no"
NA,"World","Forage products; fibre crops; plants used in perfumery, pharmacy, or for insecticidal, fungicidal or similar purposes; beet, forage plant and flower seeds; natural rubber; living plants, cut flowers and flower buds; unmanufactured tobacco; other raw vegetable materials","Production","t",2020,24491951.72,"Cotton lint, ginned","no"
NA,"World","Forage products; fibre crops; plants used in perfumery, pharmacy, or for insecticidal, fungicidal or similar purposes; beet, forage plant and flower seeds; natural rubber; living plants, cut flowers and flower buds; unmanufactured tobacco; other raw vegetable materials","Production","t",2021,25412597.27,"Cotton lint, ginned","no"
NA,"World","Forage products; fibre crops; plants used in perfumery, pharmacy, or for insecticidal, fungicidal or similar purposes; beet, forage plant and flower seeds; natural rubber; living plants, cut flowers and flower buds; unmanufactured tobacco; other raw vegetable materials","Production","t",2022,24826443.53,"Cotton lint, ginned","no"
NA,"World","Forage products; fibre crops; plants used in perfumery, pharmacy, or for insecticidal, fungicidal or similar purposes; beet, forage plant and flower seeds; natural rubber; living plants, cut flowers and flower buds; unmanufactured tobacco; other raw vegetable materials","Production","t",2023,NA,"Cotton lint, ginned","no"
NA,"World","Oilseeds and oleaginous fruits","Production","t",1992,32854633.23,"Cotton seed","no"
NA,"World","Oilseeds and oleaginous fruits","Production","t",1993,29886882.64,"Cotton seed","no"
NA,"World","Oilseeds and oleaginous fruits","Production","t",1994,33210937.64,"Cotton seed","no"
NA,"World","Oilseeds and oleaginous fruits","Production","t",1995,35610743.75,"Cotton seed","no"
NA,"World","Oilseeds and oleaginous fruits","Production","t",1996,34457143.41,"Cotton seed","no"
NA,"World","Oilseeds and oleaginous fruits","Production","t",1997,34013622,"Cotton seed","no"
NA,"World","Oilseeds and oleaginous fruits","Production","t",1998,32527213.66,"Cotton seed","no"
NA,"World","Oilseeds and oleaginous fruits","Production","t",1999,33218273.23,"Cotton seed","no"
NA,"World","Oilseeds and oleaginous fruits","Production","t",2000,33287121.24,"Cotton seed","no"
NA,"World","Oilseeds and oleaginous fruits","Production","t",2001,37735439.43,"Cotton seed","no"
NA,"World","Oilseeds and oleaginous fruits","Production","t",2002,33719178.76,"Cotton seed","no"
NA,"World","Oilseeds and oleaginous fruits","Production","t",2003,35035571.89,"Cotton seed","no"
NA,"World","Oilseeds and oleaginous fruits","Production","t",2004,44403687.88,"Cotton seed","no"
NA,"World","Oilseeds and oleaginous fruits","Production","t",2005,43734222.79,"Cotton seed","no"
NA,"World","Oilseeds and oleaginous fruits","Production","t",2006,44812625.89,"Cotton seed","no"
NA,"World","Oilseeds and oleaginous fruits","Production","t",2007,46300683.79,"Cotton seed","no"
NA,"World","Oilseeds and oleaginous fruits","Production","t",2008,42100096.69,"Cotton seed","no"
NA,"World","Oilseeds and oleaginous fruits","Production","t",2009,38733997.39,"Cotton seed","no"
NA,"World","Oilseeds and oleaginous fruits","Production","t",2010,43119395.36,"Cotton seed","no"
NA,"World","Oilseeds and oleaginous fruits","Production","t",2011,48815072.19,"Cotton seed","no"
NA,"World","Oilseeds and oleaginous fruits","Production","t",2012,48912826.77,"Cotton seed","no"
NA,"World","Oilseeds and oleaginous fruits","Production","t",2013,44966784.45,"Cotton seed","no"
NA,"World","Oilseeds and oleaginous fruits","Production","t",2014,46466767.99,"Cotton seed","no"
NA,"World","Oilseeds and oleaginous fruits","Production","t",2015,39920186.18,"Cotton seed","no"
NA,"World","Oilseeds and oleaginous fruits","Production","t",2016,41357302.07,"Cotton seed","no"
NA,"World","Oilseeds and oleaginous fruits","Production","t",2017,43648302.44,"Cotton seed","no"
NA,"World","Oilseeds and oleaginous fruits","Production","t",2018,41788864.64,"Cotton seed","no"
NA,"World","Oilseeds and oleaginous fruits","Production","t",2019,43828932,"Cotton seed","no"
NA,"World","Oilseeds and oleaginous fruits","Production","t",2020,41163175.04,"Cotton seed","no"
NA,"World","Oilseeds and oleaginous fruits","Production","t",2021,41630851.78,"Cotton seed","no"
NA,"World","Oilseeds and oleaginous fruits","Production","t",2022,39664439.37,"Cotton seed","no"
NA,"World","Oilseeds and oleaginous fruits","Production","t",2023,NA,"Cotton seed","no"
NA,"World","Vegetable oils","Production","t",1992,4033773.23,"Cottonseed oil","no"
NA,"World","Vegetable oils","Production","t",1993,3656908.85,"Cottonseed oil","no"
NA,"World","Vegetable oils","Production","t",1994,3681405.58,"Cottonseed oil","no"
NA,"World","Vegetable oils","Production","t",1995,3785048.23,"Cottonseed oil","no"
NA,"World","Vegetable oils","Production","t",1996,3766437.54,"Cottonseed oil","no"
NA,"World","Vegetable oils","Production","t",1997,3777068.96,"Cottonseed oil","no"
NA,"World","Vegetable oils","Production","t",1998,3856254.35,"Cottonseed oil","no"
NA,"World","Vegetable oils","Production","t",1999,3691600.81,"Cottonseed oil","no"
NA,"World","Vegetable oils","Production","t",2000,3845047.06,"Cottonseed oil","no"
NA,"World","Vegetable oils","Production","t",2001,4044081.26,"Cottonseed oil","no"
NA,"World","Vegetable oils","Production","t",2002,4188262.29,"Cottonseed oil","no"
NA,"World","Vegetable oils","Production","t",2003,4061423.81,"Cottonseed oil","no"
NA,"World","Vegetable oils","Production","t",2004,4288101.33,"Cottonseed oil","no"
NA,"World","Vegetable oils","Production","t",2005,4866175.16,"Cottonseed oil","no"
NA,"World","Vegetable oils","Production","t",2006,4865565.55,"Cottonseed oil","no"
NA,"World","Vegetable oils","Production","t",2007,5027061.81,"Cottonseed oil","no"
NA,"World","Vegetable oils","Production","t",2008,4819128,"Cottonseed oil","no"
NA,"World","Vegetable oils","Production","t",2009,4647976.62,"Cottonseed oil","no"
NA,"World","Vegetable oils","Production","t",2010,4736514.29,"Cottonseed oil","no"
NA,"World","Vegetable oils","Production","t",2011,4999337.15,"Cottonseed oil","no"
NA,"World","Vegetable oils","Production","t",2012,5271575.86,"Cottonseed oil","no"
NA,"World","Vegetable oils","Production","t",2013,4956699.43,"Cottonseed oil","no"
NA,"World","Vegetable oils","Production","t",2014,4946800.9,"Cottonseed oil","no"
NA,"World","Vegetable oils","Production","t",2015,4431033.34,"Cottonseed oil","no"
NA,"World","Vegetable oils","Production","t",2016,4199667.29,"Cottonseed oil","no"
NA,"World","Vegetable oils","Production","t",2017,4240616.52,"Cottonseed oil","no"
NA,"World","Vegetable oils","Production","t",2018,4366244.89,"Cottonseed oil","no"
NA,"World","Vegetable oils","Production","t",2019,4335308.47,"Cottonseed oil","no"
NA,"World","Vegetable oils","Production","t",2020,4229959.91,"Cottonseed oil","no"
NA,"World","Vegetable oils","Production","t",2021,4281117.19,"Cottonseed oil","no"
NA,"World","Vegetable oils","Production","t",2022,4031131.54,"Cottonseed oil","no"
NA,"World","Vegetable oils","Production","t",2023,NA,"Cottonseed oil","no"
NA,"World","Pulses (dried leguminous vegetables)","Area harvested","ha",1992,8537676,"Cow peas, dry","no"
NA,"World","Pulses (dried leguminous vegetables)","Area harvested","ha",1993,8337044,"Cow peas, dry","no"
NA,"World","Pulses (dried leguminous vegetables)","Area harvested","ha",1994,7401267,"Cow peas, dry","no"
NA,"World","Pulses (dried leguminous vegetables)","Area harvested","ha",1995,8498196,"Cow peas, dry","no"
NA,"World","Pulses (dried leguminous vegetables)","Area harvested","ha",1996,8778925,"Cow peas, dry","no"
NA,"World","Pulses (dried leguminous vegetables)","Area harvested","ha",1997,8797742,"Cow peas, dry","no"
NA,"World","Pulses (dried leguminous vegetables)","Area harvested","ha",1998,10340651,"Cow peas, dry","no"
NA,"World","Pulses (dried leguminous vegetables)","Area harvested","ha",1999,9205492,"Cow peas, dry","no"
NA,"World","Pulses (dried leguminous vegetables)","Area harvested","ha",2000,8930208,"Cow peas, dry","no"
NA,"World","Pulses (dried leguminous vegetables)","Area harvested","ha",2001,9202707,"Cow peas, dry","no"
NA,"World","Pulses (dried leguminous vegetables)","Area harvested","ha",2002,9915354,"Cow peas, dry","no"
NA,"World","Pulses (dried leguminous vegetables)","Area harvested","ha",2003,10439455,"Cow peas, dry","no"
NA,"World","Pulses (dried leguminous vegetables)","Area harvested","ha",2004,9164479,"Cow peas, dry","no"
NA,"World","Pulses (dried leguminous vegetables)","Area harvested","ha",2005,10380313,"Cow peas, dry","no"
NA,"World","Pulses (dried leguminous vegetables)","Area harvested","ha",2006,11299324,"Cow peas, dry","no"
NA,"World","Pulses (dried leguminous vegetables)","Area harvested","ha",2007,11713816,"Cow peas, dry","no"
NA,"World","Pulses (dried leguminous vegetables)","Area harvested","ha",2008,12626331,"Cow peas, dry","no"
NA,"World","Pulses (dried leguminous vegetables)","Area harvested","ha",2009,9491176,"Cow peas, dry","no"
NA,"World","Pulses (dried leguminous vegetables)","Area harvested","ha",2010,11605891,"Cow peas, dry","no"
NA,"World","Pulses (dried leguminous vegetables)","Area harvested","ha",2011,10702139,"Cow peas, dry","no"
NA,"World","Pulses (dried leguminous vegetables)","Area harvested","ha",2012,11559675,"Cow peas, dry","no"
NA,"World","Pulses (dried leguminous vegetables)","Area harvested","ha",2013,12425215,"Cow peas, dry","no"
NA,"World","Pulses (dried leguminous vegetables)","Area harvested","ha",2014,12736342,"Cow peas, dry","no"
NA,"World","Pulses (dried leguminous vegetables)","Area harvested","ha",2015,12114280,"Cow peas, dry","no"
NA,"World","Pulses (dried leguminous vegetables)","Area harvested","ha",2016,13727930,"Cow peas, dry","no"
NA,"World","Pulses (dried leguminous vegetables)","Area harvested","ha",2017,14476735,"Cow peas, dry","no"
NA,"World","Pulses (dried leguminous vegetables)","Area harvested","ha",2018,14845884,"Cow peas, dry","no"
NA,"World","Pulses (dried leguminous vegetables)","Area harvested","ha",2019,14938112,"Cow peas, dry","no"
NA,"World","Pulses (dried leguminous vegetables)","Area harvested","ha",2020,15183811,"Cow peas, dry","no"
NA,"World","Pulses (dried leguminous vegetables)","Area harvested","ha",2021,15021787,"Cow peas, dry","no"
NA,"World","Pulses (dried leguminous vegetables)","Area harvested","ha",2022,15371852,"Cow peas, dry","no"
NA,"World","Pulses (dried leguminous vegetables)","Area harvested","ha",2023,15417401,"Cow peas, dry","no"
NA,"World","Pulses (dried leguminous vegetables)","Yield","kg/ha",1992,309.8,"Cow peas, dry","no"
NA,"World","Pulses (dried leguminous vegetables)","Yield","kg/ha",1993,305.2,"Cow peas, dry","no"
NA,"World","Pulses (dried leguminous vegetables)","Yield","kg/ha",1994,368.2,"Cow peas, dry","no"
NA,"World","Pulses (dried leguminous vegetables)","Yield","kg/ha",1995,322.9,"Cow peas, dry","no"
NA,"World","Pulses (dried leguminous vegetables)","Yield","kg/ha",1996,343.1,"Cow peas, dry","no"
NA,"World","Pulses (dried leguminous vegetables)","Yield","kg/ha",1997,335.7,"Cow peas, dry","no"
NA,"World","Pulses (dried leguminous vegetables)","Yield","kg/ha",1998,366,"Cow peas, dry","no"
NA,"World","Pulses (dried leguminous vegetables)","Yield","kg/ha",1999,398.3,"Cow peas, dry","no"
NA,"World","Pulses (dried leguminous vegetables)","Yield","kg/ha",2000,369.4,"Cow peas, dry","no"
NA,"World","Pulses (dried leguminous vegetables)","Yield","kg/ha",2001,418.1,"Cow peas, dry","no"
NA,"World","Pulses (dried leguminous vegetables)","Yield","kg/ha",2002,429.3,"Cow peas, dry","no"
NA,"World","Pulses (dried leguminous vegetables)","Yield","kg/ha",2003,420,"Cow peas, dry","no"
NA,"World","Pulses (dried leguminous vegetables)","Yield","kg/ha",2004,453.2,"Cow peas, dry","no"
NA,"World","Pulses (dried leguminous vegetables)","Yield","kg/ha",2005,459.3,"Cow peas, dry","no"
NA,"World","Pulses (dried leguminous vegetables)","Yield","kg/ha",2006,460.4,"Cow peas, dry","no"
NA,"World","Pulses (dried leguminous vegetables)","Yield","kg/ha",2007,455.3,"Cow peas, dry","no"
NA,"World","Pulses (dried leguminous vegetables)","Yield","kg/ha",2008,488.1,"Cow peas, dry","no"
NA,"World","Pulses (dried leguminous vegetables)","Yield","kg/ha",2009,509.3,"Cow peas, dry","no"
NA,"World","Pulses (dried leguminous vegetables)","Yield","kg/ha",2010,589.1,"Cow peas, dry","no"
NA,"World","Pulses (dried leguminous vegetables)","Yield","kg/ha",2011,465.7,"Cow peas, dry","no"
NA,"World","Pulses (dried leguminous vegetables)","Yield","kg/ha",2012,742.9,"Cow peas, dry","no"
NA,"World","Pulses (dried leguminous vegetables)","Yield","kg/ha",2013,684.1,"Cow peas, dry","no"
NA,"World","Pulses (dried leguminous vegetables)","Yield","kg/ha",2014,459.2,"Cow peas, dry","no"
NA,"World","Pulses (dried leguminous vegetables)","Yield","kg/ha",2015,500.9,"Cow peas, dry","no"
NA,"World","Pulses (dried leguminous vegetables)","Yield","kg/ha",2016,578.8,"Cow peas, dry","no"
NA,"World","Pulses (dried leguminous vegetables)","Yield","kg/ha",2017,556.6,"Cow peas, dry","no"
NA,"World","Pulses (dried leguminous vegetables)","Yield","kg/ha",2018,598.9,"Cow peas, dry","no"
NA,"World","Pulses (dried leguminous vegetables)","Yield","kg/ha",2019,606.1,"Cow peas, dry","no"
NA,"World","Pulses (dried leguminous vegetables)","Yield","kg/ha",2020,639,"Cow peas, dry","no"
NA,"World","Pulses (dried leguminous vegetables)","Yield","kg/ha",2021,578,"Cow peas, dry","no"
NA,"World","Pulses (dried leguminous vegetables)","Yield","kg/ha",2022,645.7,"Cow peas, dry","no"
NA,"World","Pulses (dried leguminous vegetables)","Yield","kg/ha",2023,634.6,"Cow peas, dry","no"
NA,"World","Pulses (dried leguminous vegetables)","Production","t",1992,2645210.8,"Cow peas, dry","no"
NA,"World","Pulses (dried leguminous vegetables)","Production","t",1993,2544507.02,"Cow peas, dry","no"
NA,"World","Pulses (dried leguminous vegetables)","Production","t",1994,2725206.54,"Cow peas, dry","no"
NA,"World","Pulses (dried leguminous vegetables)","Production","t",1995,2743854.36,"Cow peas, dry","no"
NA,"World","Pulses (dried leguminous vegetables)","Production","t",1996,3011917.81,"Cow peas, dry","no"
NA,"World","Pulses (dried leguminous vegetables)","Production","t",1997,2953230.59,"Cow peas, dry","no"
NA,"World","Pulses (dried leguminous vegetables)","Production","t",1998,3784661.6,"Cow peas, dry","no"
NA,"World","Pulses (dried leguminous vegetables)","Production","t",1999,3666789.54,"Cow peas, dry","no"
NA,"World","Pulses (dried leguminous vegetables)","Production","t",2000,3298760.27,"Cow peas, dry","no"
NA,"World","Pulses (dried leguminous vegetables)","Production","t",2001,3847613.07,"Cow peas, dry","no"
NA,"World","Pulses (dried leguminous vegetables)","Production","t",2002,4257031.83,"Cow peas, dry","no"
NA,"World","Pulses (dried leguminous vegetables)","Production","t",2003,4384207.63,"Cow peas, dry","no"
NA,"World","Pulses (dried leguminous vegetables)","Production","t",2004,4153684.82,"Cow peas, dry","no"
NA,"World","Pulses (dried leguminous vegetables)","Production","t",2005,4767707.18,"Cow peas, dry","no"
NA,"World","Pulses (dried leguminous vegetables)","Production","t",2006,5202149.79,"Cow peas, dry","no"
NA,"World","Pulses (dried leguminous vegetables)","Production","t",2007,5333415.19,"Cow peas, dry","no"
NA,"World","Pulses (dried leguminous vegetables)","Production","t",2008,6162899.18,"Cow peas, dry","no"
NA,"World","Pulses (dried leguminous vegetables)","Production","t",2009,4833794.15,"Cow peas, dry","no"
NA,"World","Pulses (dried leguminous vegetables)","Production","t",2010,6837587.87,"Cow peas, dry","no"
NA,"World","Pulses (dried leguminous vegetables)","Production","t",2011,4983975.48,"Cow peas, dry","no"
NA,"World","Pulses (dried leguminous vegetables)","Production","t",2012,8587399.06,"Cow peas, dry","no"
NA,"World","Pulses (dried leguminous vegetables)","Production","t",2013,8500472.84,"Cow peas, dry","no"
NA,"World","Pulses (dried leguminous vegetables)","Production","t",2014,5849065.24,"Cow peas, dry","no"
NA,"World","Pulses (dried leguminous vegetables)","Production","t",2015,6068087.67,"Cow peas, dry","no"
NA,"World","Pulses (dried leguminous vegetables)","Production","t",2016,7945626.17,"Cow peas, dry","no"
NA,"World","Pulses (dried leguminous vegetables)","Production","t",2017,8057195.53,"Cow peas, dry","no"
NA,"World","Pulses (dried leguminous vegetables)","Production","t",2018,8890540.62,"Cow peas, dry","no"
NA,"World","Pulses (dried leguminous vegetables)","Production","t",2019,9053395.78,"Cow peas, dry","no"
NA,"World","Pulses (dried leguminous vegetables)","Production","t",2020,9702820.09,"Cow peas, dry","no"
NA,"World","Pulses (dried leguminous vegetables)","Production","t",2021,8683191.78,"Cow peas, dry","no"
NA,"World","Pulses (dried leguminous vegetables)","Production","t",2022,9925907.43,"Cow peas, dry","no"
NA,"World","Pulses (dried leguminous vegetables)","Production","t",2023,9784129.38,"Cow peas, dry","no"
NA,"World","Fruits and nuts","Area harvested","ha",1992,15087,"Cranberries","no"
NA,"World","Fruits and nuts","Area harvested","ha",1993,15704,"Cranberries","no"
NA,"World","Fruits and nuts","Area harvested","ha",1994,16087,"Cranberries","no"
NA,"World","Fruits and nuts","Area harvested","ha",1995,16901,"Cranberries","no"
NA,"World","Fruits and nuts","Area harvested","ha",1996,16801,"Cranberries","no"
NA,"World","Fruits and nuts","Area harvested","ha",1997,19250,"Cranberries","no"
NA,"World","Fruits and nuts","Area harvested","ha",1998,20726,"Cranberries","no"
NA,"World","Fruits and nuts","Area harvested","ha",1999,21100,"Cranberries","no"
NA,"World","Fruits and nuts","Area harvested","ha",2000,21021,"Cranberries","no"
NA,"World","Fruits and nuts","Area harvested","ha",2001,21399,"Cranberries","no"
NA,"World","Fruits and nuts","Area harvested","ha",2002,22090,"Cranberries","no"
NA,"World","Fruits and nuts","Area harvested","ha",2003,21737,"Cranberries","no"
NA,"World","Fruits and nuts","Area harvested","ha",2004,21780,"Cranberries","no"
NA,"World","Fruits and nuts","Area harvested","ha",2005,21248,"Cranberries","no"
NA,"World","Fruits and nuts","Area harvested","ha",2006,22637,"Cranberries","no"
NA,"World","Fruits and nuts","Area harvested","ha",2007,22423,"Cranberries","no"
NA,"World","Fruits and nuts","Area harvested","ha",2008,22514,"Cranberries","no"
NA,"World","Fruits and nuts","Area harvested","ha",2009,23552,"Cranberries","no"
NA,"World","Fruits and nuts","Area harvested","ha",2010,23640,"Cranberries","no"
NA,"World","Fruits and nuts","Area harvested","ha",2011,23612,"Cranberries","no"
NA,"World","Fruits and nuts","Area harvested","ha",2012,25016,"Cranberries","no"
NA,"World","Fruits and nuts","Area harvested","ha",2013,25698,"Cranberries","no"
NA,"World","Fruits and nuts","Area harvested","ha",2014,24094,"Cranberries","no"
NA,"World","Fruits and nuts","Area harvested","ha",2015,24953,"Cranberries","no"
NA,"World","Fruits and nuts","Area harvested","ha",2016,25364,"Cranberries","no"
NA,"World","Fruits and nuts","Area harvested","ha",2017,24597,"Cranberries","no"
NA,"World","Fruits and nuts","Area harvested","ha",2018,23558,"Cranberries","no"
NA,"World","Fruits and nuts","Area harvested","ha",2019,23314,"Cranberries","no"
NA,"World","Fruits and nuts","Area harvested","ha",2020,24222,"Cranberries","no"
NA,"World","Fruits and nuts","Area harvested","ha",2021,22985,"Cranberries","no"
NA,"World","Fruits and nuts","Area harvested","ha",2022,23149,"Cranberries","no"
NA,"World","Fruits and nuts","Area harvested","ha",2023,22612,"Cranberries","no"
NA,"World","Fruits and nuts","Yield","kg/ha",1992,15215.6,"Cranberries","no"
NA,"World","Fruits and nuts","Yield","kg/ha",1993,14078.3,"Cranberries","no"
NA,"World","Fruits and nuts","Yield","kg/ha",1994,16191.6,"Cranberries","no"
NA,"World","Fruits and nuts","Yield","kg/ha",1995,14449.5,"Cranberries","no"
NA,"World","Fruits and nuts","Yield","kg/ha",1996,15216.8,"Cranberries","no"
NA,"World","Fruits and nuts","Yield","kg/ha",1997,15868.4,"Cranberries","no"
NA,"World","Fruits and nuts","Yield","kg/ha",1998,14726.5,"Cranberries","no"
NA,"World","Fruits and nuts","Yield","kg/ha",1999,16505,"Cranberries","no"
NA,"World","Fruits and nuts","Yield","kg/ha",2000,15149,"Cranberries","no"
NA,"World","Fruits and nuts","Yield","kg/ha",2001,14024.7,"Cranberries","no"
NA,"World","Fruits and nuts","Yield","kg/ha",2002,14895.3,"Cranberries","no"
NA,"World","Fruits and nuts","Yield","kg/ha",2003,16794.8,"Cranberries","no"
NA,"World","Fruits and nuts","Yield","kg/ha",2004,16821.9,"Cranberries","no"
NA,"World","Fruits and nuts","Yield","kg/ha",2005,17180.2,"Cranberries","no"
NA,"World","Fruits and nuts","Yield","kg/ha",2006,18071,"Cranberries","no"
NA,"World","Fruits and nuts","Yield","kg/ha",2007,17326.5,"Cranberries","no"
NA,"World","Fruits and nuts","Yield","kg/ha",2008,20043.8,"Cranberries","no"
NA,"World","Fruits and nuts","Yield","kg/ha",2009,18120.5,"Cranberries","no"
NA,"World","Fruits and nuts","Yield","kg/ha",2010,17339.4,"Cranberries","no"
NA,"World","Fruits and nuts","Yield","kg/ha",2011,19596.7,"Cranberries","no"
NA,"World","Fruits and nuts","Yield","kg/ha",2012,20635,"Cranberries","no"
NA,"World","Fruits and nuts","Yield","kg/ha",2013,21257.8,"Cranberries","no"
NA,"World","Fruits and nuts","Yield","kg/ha",2014,23107.2,"Cranberries","no"
NA,"World","Fruits and nuts","Yield","kg/ha",2015,22040.6,"Cranberries","no"
NA,"World","Fruits and nuts","Yield","kg/ha",2016,24980.9,"Cranberries","no"
NA,"World","Fruits and nuts","Yield","kg/ha",2017,21716.8,"Cranberries","no"
NA,"World","Fruits and nuts","Yield","kg/ha",2018,25368.2,"Cranberries","no"
NA,"World","Fruits and nuts","Yield","kg/ha",2019,22741.5,"Cranberries","no"
NA,"World","Fruits and nuts","Yield","kg/ha",2020,22025.6,"Cranberries","no"
NA,"World","Fruits and nuts","Yield","kg/ha",2021,21045.2,"Cranberries","no"
NA,"World","Fruits and nuts","Yield","kg/ha",2022,25592.2,"Cranberries","no"
NA,"World","Fruits and nuts","Yield","kg/ha",2023,23670,"Cranberries","no"
NA,"World","Fruits and nuts","Production","t",1992,229557.07,"Cranberries","no"
NA,"World","Fruits and nuts","Production","t",1993,221086.13,"Cranberries","no"
NA,"World","Fruits and nuts","Production","t",1994,260480.18,"Cranberries","no"
NA,"World","Fruits and nuts","Production","t",1995,244211.23,"Cranberries","no"
NA,"World","Fruits and nuts","Production","t",1996,255658.28,"Cranberries","no"
NA,"World","Fruits and nuts","Production","t",1997,305465.55,"Cranberries","no"
NA,"World","Fruits and nuts","Production","t",1998,305222.21,"Cranberries","no"
NA,"World","Fruits and nuts","Production","t",1999,348256.13,"Cranberries","no"
NA,"World","Fruits and nuts","Production","t",2000,318443.79,"Cranberries","no"
NA,"World","Fruits and nuts","Production","t",2001,300107.96,"Cranberries","no"
NA,"World","Fruits and nuts","Production","t",2002,329043.23,"Cranberries","no"
NA,"World","Fruits and nuts","Production","t",2003,365068.47,"Cranberries","no"
NA,"World","Fruits and nuts","Production","t",2004,366381.9,"Cranberries","no"
NA,"World","Fruits and nuts","Production","t",2005,365045.56,"Cranberries","no"
NA,"World","Fruits and nuts","Production","t",2006,409074.03,"Cranberries","no"
NA,"World","Fruits and nuts","Production","t",2007,388508.23,"Cranberries","no"
NA,"World","Fruits and nuts","Production","t",2008,451272.47,"Cranberries","no"
NA,"World","Fruits and nuts","Production","t",2009,426773.78,"Cranberries","no"
NA,"World","Fruits and nuts","Production","t",2010,409906.42,"Cranberries","no"
NA,"World","Fruits and nuts","Production","t",2011,462723.77,"Cranberries","no"
NA,"World","Fruits and nuts","Production","t",2012,516211.33,"Cranberries","no"
NA,"World","Fruits and nuts","Production","t",2013,546291.62,"Cranberries","no"
NA,"World","Fruits and nuts","Production","t",2014,556748.42,"Cranberries","no"
NA,"World","Fruits and nuts","Production","t",2015,549989.22,"Cranberries","no"
NA,"World","Fruits and nuts","Production","t",2016,633616.88,"Cranberries","no"
NA,"World","Fruits and nuts","Production","t",2017,534157.73,"Cranberries","no"
NA,"World","Fruits and nuts","Production","t",2018,597630.44,"Cranberries","no"
NA,"World","Fruits and nuts","Production","t",2019,530196.63,"Cranberries","no"
NA,"World","Fruits and nuts","Production","t",2020,533514.29,"Cranberries","no"
NA,"World","Fruits and nuts","Production","t",2021,483729.59,"Cranberries","no"
NA,"World","Fruits and nuts","Production","t",2022,592429.52,"Cranberries","no"
NA,"World","Fruits and nuts","Production","t",2023,535221.24,"Cranberries","no"
NA,"World","Processed liquid milk, cream and whey","Production","t",1992,2909320.47,"Cream, fresh","no"
NA,"World","Processed liquid milk, cream and whey","Production","t",1993,3001293.22,"Cream, fresh","no"
NA,"World","Processed liquid milk, cream and whey","Production","t",1994,2715179.51,"Cream, fresh","no"
NA,"World","Processed liquid milk, cream and whey","Production","t",1995,2619165.89,"Cream, fresh","no"
NA,"World","Processed liquid milk, cream and whey","Production","t",1996,2639173.22,"Cream, fresh","no"
NA,"World","Processed liquid milk, cream and whey","Production","t",1997,2702353.36,"Cream, fresh","no"
NA,"World","Processed liquid milk, cream and whey","Production","t",1998,2721022.87,"Cream, fresh","no"
NA,"World","Processed liquid milk, cream and whey","Production","t",1999,2746371.96,"Cream, fresh","no"
NA,"World","Processed liquid milk, cream and whey","Production","t",2000,2788235.21,"Cream, fresh","no"
NA,"World","Processed liquid milk, cream and whey","Production","t",2001,2869380.53,"Cream, fresh","no"
NA,"World","Processed liquid milk, cream and whey","Production","t",2002,2889777.52,"Cream, fresh","no"
NA,"World","Processed liquid milk, cream and whey","Production","t",2003,2946855.54,"Cream, fresh","no"
NA,"World","Processed liquid milk, cream and whey","Production","t",2004,2872662.88,"Cream, fresh","no"
NA,"World","Processed liquid milk, cream and whey","Production","t",2005,2946207.94,"Cream, fresh","no"
NA,"World","Processed liquid milk, cream and whey","Production","t",2006,3046234.37,"Cream, fresh","no"
NA,"World","Processed liquid milk, cream and whey","Production","t",2007,3107719.31,"Cream, fresh","no"
NA,"World","Processed liquid milk, cream and whey","Production","t",2008,3149341.05,"Cream, fresh","no"
NA,"World","Processed liquid milk, cream and whey","Production","t",2009,3175032.71,"Cream, fresh","no"
NA,"World","Processed liquid milk, cream and whey","Production","t",2010,3276564.27,"Cream, fresh","no"
NA,"World","Processed liquid milk, cream and whey","Production","t",2011,3287921.91,"Cream, fresh","no"
NA,"World","Processed liquid milk, cream and whey","Production","t",2012,3465370.49,"Cream, fresh","no"
NA,"World","Processed liquid milk, cream and whey","Production","t",2013,3451107.03,"Cream, fresh","no"
NA,"World","Processed liquid milk, cream and whey","Production","t",2014,3564940.96,"Cream, fresh","no"
NA,"World","Processed liquid milk, cream and whey","Production","t",2015,3722871.13,"Cream, fresh","no"
NA,"World","Processed liquid milk, cream and whey","Production","t",2016,3465140.36,"Cream, fresh","no"
NA,"World","Processed liquid milk, cream and whey","Production","t",2017,3513462.83,"Cream, fresh","no"
NA,"World","Processed liquid milk, cream and whey","Production","t",2018,3438891.43,"Cream, fresh","no"
NA,"World","Processed liquid milk, cream and whey","Production","t",2019,3623024.86,"Cream, fresh","no"
NA,"World","Processed liquid milk, cream and whey","Production","t",2020,3647647.93,"Cream, fresh","no"
NA,"World","Processed liquid milk, cream and whey","Production","t",2021,3650225.21,"Cream, fresh","no"
NA,"World","Processed liquid milk, cream and whey","Production","t",2022,3645444.45,"Cream, fresh","no"
NA,"World","Processed liquid milk, cream and whey","Production","t",2023,NA,"Cream, fresh","no"
NA,"World","Vegetables","Area harvested","ha",1992,1175010,"Cucumbers and gherkins","no"
NA,"World","Vegetables","Area harvested","ha",1993,1299858,"Cucumbers and gherkins","no"
NA,"World","Vegetables","Area harvested","ha",1994,1395883,"Cucumbers and gherkins","no"
NA,"World","Vegetables","Area harvested","ha",1995,1489247,"Cucumbers and gherkins","no"
NA,"World","Vegetables","Area harvested","ha",1996,1562465,"Cucumbers and gherkins","no"
NA,"World","Vegetables","Area harvested","ha",1997,1718398,"Cucumbers and gherkins","no"
NA,"World","Vegetables","Area harvested","ha",1998,1824921,"Cucumbers and gherkins","no"
NA,"World","Vegetables","Area harvested","ha",1999,1950757,"Cucumbers and gherkins","no"
NA,"World","Vegetables","Area harvested","ha",2000,2046793,"Cucumbers and gherkins","no"
NA,"World","Vegetables","Area harvested","ha",2001,2018272,"Cucumbers and gherkins","no"
NA,"World","Vegetables","Area harvested","ha",2002,1970233,"Cucumbers and gherkins","no"
NA,"World","Vegetables","Area harvested","ha",2003,1950985,"Cucumbers and gherkins","no"
NA,"World","Vegetables","Area harvested","ha",2004,1905287,"Cucumbers and gherkins","no"
NA,"World","Vegetables","Area harvested","ha",2005,1916988,"Cucumbers and gherkins","no"
NA,"World","Vegetables","Area harvested","ha",2006,1880723,"Cucumbers and gherkins","no"
NA,"World","Vegetables","Area harvested","ha",2007,1968997,"Cucumbers and gherkins","no"
NA,"World","Vegetables","Area harvested","ha",2008,1921653,"Cucumbers and gherkins","no"
NA,"World","Vegetables","Area harvested","ha",2009,1967359,"Cucumbers and gherkins","no"
NA,"World","Vegetables","Area harvested","ha",2010,2021831,"Cucumbers and gherkins","no"
NA,"World","Vegetables","Area harvested","ha",2011,2091955,"Cucumbers and gherkins","no"
NA,"World","Vegetables","Area harvested","ha",2012,2117097,"Cucumbers and gherkins","no"
NA,"World","Vegetables","Area harvested","ha",2013,2112244,"Cucumbers and gherkins","no"
NA,"World","Vegetables","Area harvested","ha",2014,2140716,"Cucumbers and gherkins","no"
NA,"World","Vegetables","Area harvested","ha",2015,2161106,"Cucumbers and gherkins","no"
NA,"World","Vegetables","Area harvested","ha",2016,2199119,"Cucumbers and gherkins","no"
NA,"World","Vegetables","Area harvested","ha",2017,2113122,"Cucumbers and gherkins","no"
NA,"World","Vegetables","Area harvested","ha",2018,2130688,"Cucumbers and gherkins","no"
NA,"World","Vegetables","Area harvested","ha",2019,2175785,"Cucumbers and gherkins","no"
NA,"World","Vegetables","Area harvested","ha",2020,2174139,"Cucumbers and gherkins","no"
NA,"World","Vegetables","Area harvested","ha",2021,2177225,"Cucumbers and gherkins","no"
NA,"World","Vegetables","Area harvested","ha",2022,2186993,"Cucumbers and gherkins","no"
NA,"World","Vegetables","Area harvested","ha",2023,2194152,"Cucumbers and gherkins","no"
NA,"World","Vegetables","Yield","kg/ha",1992,15446.1,"Cucumbers and gherkins","no"
NA,"World","Vegetables","Yield","kg/ha",1993,15580.7,"Cucumbers and gherkins","no"
NA,"World","Vegetables","Yield","kg/ha",1994,15522.7,"Cucumbers and gherkins","no"
NA,"World","Vegetables","Yield","kg/ha",1995,15808.9,"Cucumbers and gherkins","no"
NA,"World","Vegetables","Yield","kg/ha",1996,16410.5,"Cucumbers and gherkins","no"
NA,"World","Vegetables","Yield","kg/ha",1997,15985.3,"Cucumbers and gherkins","no"
NA,"World","Vegetables","Yield","kg/ha",1998,15734,"Cucumbers and gherkins","no"
NA,"World","Vegetables","Yield","kg/ha",1999,15817.1,"Cucumbers and gherkins","no"
NA,"World","Vegetables","Yield","kg/ha",2000,18537,"Cucumbers and gherkins","no"
NA,"World","Vegetables","Yield","kg/ha",2001,19550,"Cucumbers and gherkins","no"
NA,"World","Vegetables","Yield","kg/ha",2002,21674.6,"Cucumbers and gherkins","no"
NA,"World","Vegetables","Yield","kg/ha",2003,22254.2,"Cucumbers and gherkins","no"
NA,"World","Vegetables","Yield","kg/ha",2004,22617.6,"Cucumbers and gherkins","no"
NA,"World","Vegetables","Yield","kg/ha",2005,23988.4,"Cucumbers and gherkins","no"
NA,"World","Vegetables","Yield","kg/ha",2006,26423.9,"Cucumbers and gherkins","no"
NA,"World","Vegetables","Yield","kg/ha",2007,27472.3,"Cucumbers and gherkins","no"
NA,"World","Vegetables","Yield","kg/ha",2008,30414.7,"Cucumbers and gherkins","no"
NA,"World","Vegetables","Yield","kg/ha",2009,30845.2,"Cucumbers and gherkins","no"
NA,"World","Vegetables","Yield","kg/ha",2010,30951.8,"Cucumbers and gherkins","no"
NA,"World","Vegetables","Yield","kg/ha",2011,32486.7,"Cucumbers and gherkins","no"
NA,"World","Vegetables","Yield","kg/ha",2012,33465.5,"Cucumbers and gherkins","no"
NA,"World","Vegetables","Yield","kg/ha",2013,34684.3,"Cucumbers and gherkins","no"
NA,"World","Vegetables","Yield","kg/ha",2014,35571.9,"Cucumbers and gherkins","no"
NA,"World","Vegetables","Yield","kg/ha",2015,36287.5,"Cucumbers and gherkins","no"
NA,"World","Vegetables","Yield","kg/ha",2016,36779.6,"Cucumbers and gherkins","no"
NA,"World","Vegetables","Yield","kg/ha",2017,38917,"Cucumbers and gherkins","no"
NA,"World","Vegetables","Yield","kg/ha",2018,39868.9,"Cucumbers and gherkins","no"
NA,"World","Vegetables","Yield","kg/ha",2019,40591.4,"Cucumbers and gherkins","no"
NA,"World","Vegetables","Yield","kg/ha",2020,41792.4,"Cucumbers and gherkins","no"
NA,"World","Vegetables","Yield","kg/ha",2021,42722.9,"Cucumbers and gherkins","no"
NA,"World","Vegetables","Yield","kg/ha",2022,43521.7,"Cucumbers and gherkins","no"
NA,"World","Vegetables","Yield","kg/ha",2023,44579.4,"Cucumbers and gherkins","no"
NA,"World","Vegetables","Production","t",1992,18149291.58,"Cucumbers and gherkins","no"
NA,"World","Vegetables","Production","t",1993,20252696.2,"Cucumbers and gherkins","no"
NA,"World","Vegetables","Production","t",1994,21667891.76,"Cucumbers and gherkins","no"
NA,"World","Vegetables","Production","t",1995,23543389.6,"Cucumbers and gherkins","no"
NA,"World","Vegetables","Production","t",1996,25640858.39,"Cucumbers and gherkins","no"
NA,"World","Vegetables","Production","t",1997,27469144.89,"Cucumbers and gherkins","no"
NA,"World","Vegetables","Production","t",1998,28713249.01,"Cucumbers and gherkins","no"
NA,"World","Vegetables","Production","t",1999,30855330.25,"Cucumbers and gherkins","no"
NA,"World","Vegetables","Production","t",2000,37941457.64,"Cucumbers and gherkins","no"
NA,"World","Vegetables","Production","t",2001,39457185.07,"Cucumbers and gherkins","no"
NA,"World","Vegetables","Production","t",2002,42703924.35,"Cucumbers and gherkins","no"
NA,"World","Vegetables","Production","t",2003,43417699.14,"Cucumbers and gherkins","no"
NA,"World","Vegetables","Production","t",2004,43092931.95,"Cucumbers and gherkins","no"
NA,"World","Vegetables","Production","t",2005,45985531.27,"Cucumbers and gherkins","no"
NA,"World","Vegetables","Production","t",2006,49696004.37,"Cucumbers and gherkins","no"
NA,"World","Vegetables","Production","t",2007,54092832.17,"Cucumbers and gherkins","no"
NA,"World","Vegetables","Production","t",2008,58446498.98,"Cucumbers and gherkins","no"
NA,"World","Vegetables","Production","t",2009,60683642.24,"Cucumbers and gherkins","no"
NA,"World","Vegetables","Production","t",2010,62579398.29,"Cucumbers and gherkins","no"
NA,"World","Vegetables","Production","t",2011,67960762.22,"Cucumbers and gherkins","no"
NA,"World","Vegetables","Production","t",2012,70849648.26,"Cucumbers and gherkins","no"
NA,"World","Vegetables","Production","t",2013,73261737.87,"Cucumbers and gherkins","no"
NA,"World","Vegetables","Production","t",2014,76149261.18,"Cucumbers and gherkins","no"
NA,"World","Vegetables","Production","t",2015,78421113.31,"Cucumbers and gherkins","no"
NA,"World","Vegetables","Production","t",2016,80882809.33,"Cucumbers and gherkins","no"
NA,"World","Vegetables","Production","t",2017,82236274.98,"Cucumbers and gherkins","no"
NA,"World","Vegetables","Production","t",2018,84948212.17,"Cucumbers and gherkins","no"
NA,"World","Vegetables","Production","t",2019,88318245.64,"Cucumbers and gherkins","no"
NA,"World","Vegetables","Production","t",2020,90862506.24,"Cucumbers and gherkins","no"
NA,"World","Vegetables","Production","t",2021,93017300.09,"Cucumbers and gherkins","no"
NA,"World","Vegetables","Production","t",2022,95181586.35,"Cucumbers and gherkins","no"
NA,"World","Vegetables","Production","t",2023,97814093.15,"Cucumbers and gherkins","no"
NA,"World","Fruits and nuts","Area harvested","ha",1992,105729,"Currants","no"
NA,"World","Fruits and nuts","Area harvested","ha",1993,107033,"Currants","no"
NA,"World","Fruits and nuts","Area harvested","ha",1994,106831,"Currants","no"
NA,"World","Fruits and nuts","Area harvested","ha",1995,107754,"Currants","no"
NA,"World","Fruits and nuts","Area harvested","ha",1996,112197,"Currants","no"
NA,"World","Fruits and nuts","Area harvested","ha",1997,109207,"Currants","no"
NA,"World","Fruits and nuts","Area harvested","ha",1998,111619,"Currants","no"
NA,"World","Fruits and nuts","Area harvested","ha",1999,120069,"Currants","no"
NA,"World","Fruits and nuts","Area harvested","ha",2000,135132,"Currants","no"
NA,"World","Fruits and nuts","Area harvested","ha",2001,143222,"Currants","no"
NA,"World","Fruits and nuts","Area harvested","ha",2002,159881,"Currants","no"
NA,"World","Fruits and nuts","Area harvested","ha",2003,157764,"Currants","no"
NA,"World","Fruits and nuts","Area harvested","ha",2004,150335,"Currants","no"
NA,"World","Fruits and nuts","Area harvested","ha",2005,149933,"Currants","no"
NA,"World","Fruits and nuts","Area harvested","ha",2006,140281,"Currants","no"
NA,"World","Fruits and nuts","Area harvested","ha",2007,140828,"Currants","no"
NA,"World","Fruits and nuts","Area harvested","ha",2008,123407,"Currants","no"
NA,"World","Fruits and nuts","Area harvested","ha",2009,121887,"Currants","no"
NA,"World","Fruits and nuts","Area harvested","ha",2010,123579,"Currants","no"
NA,"World","Fruits and nuts","Area harvested","ha",2011,114353,"Currants","no"
NA,"World","Fruits and nuts","Area harvested","ha",2012,115183,"Currants","no"
NA,"World","Fruits and nuts","Area harvested","ha",2013,116080,"Currants","no"
NA,"World","Fruits and nuts","Area harvested","ha",2014,116739,"Currants","no"
NA,"World","Fruits and nuts","Area harvested","ha",2015,114431,"Currants","no"
NA,"World","Fruits and nuts","Area harvested","ha",2016,116638,"Currants","no"
NA,"World","Fruits and nuts","Area harvested","ha",2017,112111,"Currants","no"
NA,"World","Fruits and nuts","Area harvested","ha",2018,129468,"Currants","no"
NA,"World","Fruits and nuts","Area harvested","ha",2019,132033,"Currants","no"
NA,"World","Fruits and nuts","Area harvested","ha",2020,135269,"Currants","no"
NA,"World","Fruits and nuts","Area harvested","ha",2021,144469,"Currants","no"
NA,"World","Fruits and nuts","Area harvested","ha",2022,153368,"Currants","no"
NA,"World","Fruits and nuts","Area harvested","ha",2023,144571,"Currants","no"
NA,"World","Fruits and nuts","Yield","kg/ha",1992,6561.8,"Currants","no"
NA,"World","Fruits and nuts","Yield","kg/ha",1993,6459.4,"Currants","no"
NA,"World","Fruits and nuts","Yield","kg/ha",1994,6045.2,"Currants","no"
NA,"World","Fruits and nuts","Yield","kg/ha",1995,5867.5,"Currants","no"
NA,"World","Fruits and nuts","Yield","kg/ha",1996,5993.4,"Currants","no"
NA,"World","Fruits and nuts","Yield","kg/ha",1997,5612.7,"Currants","no"
NA,"World","Fruits and nuts","Yield","kg/ha",1998,5690.7,"Currants","no"
NA,"World","Fruits and nuts","Yield","kg/ha",1999,5296.6,"Currants","no"
NA,"World","Fruits and nuts","Yield","kg/ha",2000,5119.7,"Currants","no"
NA,"World","Fruits and nuts","Yield","kg/ha",2001,5135.3,"Currants","no"
NA,"World","Fruits and nuts","Yield","kg/ha",2002,4570.5,"Currants","no"
NA,"World","Fruits and nuts","Yield","kg/ha",2003,4908.6,"Currants","no"
NA,"World","Fruits and nuts","Yield","kg/ha",2004,5189.2,"Currants","no"
NA,"World","Fruits and nuts","Yield","kg/ha",2005,5098.2,"Currants","no"
NA,"World","Fruits and nuts","Yield","kg/ha",2006,5532.8,"Currants","no"
NA,"World","Fruits and nuts","Yield","kg/ha",2007,5078.4,"Currants","no"
NA,"World","Fruits and nuts","Yield","kg/ha",2008,5475.6,"Currants","no"
NA,"World","Fruits and nuts","Yield","kg/ha",2009,5664.8,"Currants","no"
NA,"World","Fruits and nuts","Yield","kg/ha",2010,5171.4,"Currants","no"
NA,"World","Fruits and nuts","Yield","kg/ha",2011,5600.2,"Currants","no"
NA,"World","Fruits and nuts","Yield","kg/ha",2012,5604.8,"Currants","no"
NA,"World","Fruits and nuts","Yield","kg/ha",2013,5920.6,"Currants","no"
NA,"World","Fruits and nuts","Yield","kg/ha",2014,5464.3,"Currants","no"
NA,"World","Fruits and nuts","Yield","kg/ha",2015,5517,"Currants","no"
NA,"World","Fruits and nuts","Yield","kg/ha",2016,5438.3,"Currants","no"
NA,"World","Fruits and nuts","Yield","kg/ha",2017,4916.8,"Currants","no"
NA,"World","Fruits and nuts","Yield","kg/ha",2018,5244.7,"Currants","no"
NA,"World","Fruits and nuts","Yield","kg/ha",2019,4877.7,"Currants","no"
NA,"World","Fruits and nuts","Yield","kg/ha",2020,5064.3,"Currants","no"
NA,"World","Fruits and nuts","Yield","kg/ha",2021,5044.9,"Currants","no"
NA,"World","Fruits and nuts","Yield","kg/ha",2022,4955.9,"Currants","no"
NA,"World","Fruits and nuts","Yield","kg/ha",2023,5251.9,"Currants","no"
NA,"World","Fruits and nuts","Production","t",1992,693773.92,"Currants","no"
NA,"World","Fruits and nuts","Production","t",1993,691366,"Currants","no"
NA,"World","Fruits and nuts","Production","t",1994,645816.34,"Currants","no"
NA,"World","Fruits and nuts","Production","t",1995,632247.45,"Currants","no"
NA,"World","Fruits and nuts","Production","t",1996,672440.24,"Currants","no"
NA,"World","Fruits and nuts","Production","t",1997,612947.33,"Currants","no"
NA,"World","Fruits and nuts","Production","t",1998,635193.3,"Currants","no"
NA,"World","Fruits and nuts","Production","t",1999,635962.61,"Currants","no"
NA,"World","Fruits and nuts","Production","t",2000,691841.33,"Currants","no"
NA,"World","Fruits and nuts","Production","t",2001,735493.68,"Currants","no"
NA,"World","Fruits and nuts","Production","t",2002,730735.66,"Currants","no"
NA,"World","Fruits and nuts","Production","t",2003,774401.68,"Currants","no"
NA,"World","Fruits and nuts","Production","t",2004,780126.09,"Currants","no"
NA,"World","Fruits and nuts","Production","t",2005,764385.73,"Currants","no"
NA,"World","Fruits and nuts","Production","t",2006,776153.69,"Currants","no"
NA,"World","Fruits and nuts","Production","t",2007,715174.96,"Currants","no"
NA,"World","Fruits and nuts","Production","t",2008,675733.31,"Currants","no"
NA,"World","Fruits and nuts","Production","t",2009,690468.71,"Currants","no"
NA,"World","Fruits and nuts","Production","t",2010,639075.11,"Currants","no"
NA,"World","Fruits and nuts","Production","t",2011,640402.82,"Currants","no"
NA,"World","Fruits and nuts","Production","t",2012,645577.89,"Currants","no"
NA,"World","Fruits and nuts","Production","t",2013,687267.92,"Currants","no"
NA,"World","Fruits and nuts","Production","t",2014,637895.48,"Currants","no"
NA,"World","Fruits and nuts","Production","t",2015,631315.82,"Currants","no"
NA,"World","Fruits and nuts","Production","t",2016,634310.56,"Currants","no"
NA,"World","Fruits and nuts","Production","t",2017,551223.2,"Currants","no"
NA,"World","Fruits and nuts","Production","t",2018,679018.92,"Currants","no"
NA,"World","Fruits and nuts","Production","t",2019,644015.26,"Currants","no"
NA,"World","Fruits and nuts","Production","t",2020,685046.21,"Currants","no"
NA,"World","Fruits and nuts","Production","t",2021,728829.17,"Currants","no"
NA,"World","Fruits and nuts","Production","t",2022,760076.93,"Currants","no"
NA,"World","Fruits and nuts","Production","t",2023,759280.02,"Currants","no"
NA,"World","Fruits and nuts","Area harvested","ha",1992,664162,"Dates","no"
NA,"World","Fruits and nuts","Area harvested","ha",1993,729422,"Dates","no"
NA,"World","Fruits and nuts","Area harvested","ha",1994,787846,"Dates","no"
NA,"World","Fruits and nuts","Area harvested","ha",1995,829893,"Dates","no"
NA,"World","Fruits and nuts","Area harvested","ha",1996,876966,"Dates","no"
NA,"World","Fruits and nuts","Area harvested","ha",1997,898374,"Dates","no"
NA,"World","Fruits and nuts","Area harvested","ha",1998,897152,"Dates","no"
NA,"World","Fruits and nuts","Area harvested","ha",1999,1003812,"Dates","no"
NA,"World","Fruits and nuts","Area harvested","ha",2000,1051528,"Dates","no"
NA,"World","Fruits and nuts","Area harvested","ha",2001,1058404,"Dates","no"
NA,"World","Fruits and nuts","Area harvested","ha",2002,1086425,"Dates","no"
NA,"World","Fruits and nuts","Area harvested","ha",2003,1095257,"Dates","no"
NA,"World","Fruits and nuts","Area harvested","ha",2004,1068360,"Dates","no"
NA,"World","Fruits and nuts","Area harvested","ha",2005,1079084,"Dates","no"
NA,"World","Fruits and nuts","Area harvested","ha",2006,1144835,"Dates","no"
NA,"World","Fruits and nuts","Area harvested","ha",2007,1181521,"Dates","no"
NA,"World","Fruits and nuts","Area harvested","ha",2008,1181507,"Dates","no"
NA,"World","Fruits and nuts","Area harvested","ha",2009,1199773,"Dates","no"
NA,"World","Fruits and nuts","Area harvested","ha",2010,1281957,"Dates","no"
NA,"World","Fruits and nuts","Area harvested","ha",2011,1125277,"Dates","no"
NA,"World","Fruits and nuts","Area harvested","ha",2012,1113642,"Dates","no"
NA,"World","Fruits and nuts","Area harvested","ha",2013,1155869,"Dates","no"
NA,"World","Fruits and nuts","Area harvested","ha",2014,1152084,"Dates","no"
NA,"World","Fruits and nuts","Area harvested","ha",2015,1123152,"Dates","no"
NA,"World","Fruits and nuts","Area harvested","ha",2016,1182970,"Dates","no"
NA,"World","Fruits and nuts","Area harvested","ha",2017,1187660,"Dates","no"
NA,"World","Fruits and nuts","Area harvested","ha",2018,1243439,"Dates","no"
NA,"World","Fruits and nuts","Area harvested","ha",2019,1187237,"Dates","no"
NA,"World","Fruits and nuts","Area harvested","ha",2020,1219965,"Dates","no"
NA,"World","Fruits and nuts","Area harvested","ha",2021,1271260,"Dates","no"
NA,"World","Fruits and nuts","Area harvested","ha",2022,1280248,"Dates","no"
NA,"World","Fruits and nuts","Area harvested","ha",2023,1297227,"Dates","no"
NA,"World","Fruits and nuts","Yield","kg/ha",1992,5505.1,"Dates","no"
NA,"World","Fruits and nuts","Yield","kg/ha",1993,6013.4,"Dates","no"
NA,"World","Fruits and nuts","Yield","kg/ha",1994,5800,"Dates","no"
NA,"World","Fruits and nuts","Yield","kg/ha",1995,5844.6,"Dates","no"
NA,"World","Fruits and nuts","Yield","kg/ha",1996,5722.5,"Dates","no"
NA,"World","Fruits and nuts","Yield","kg/ha",1997,5664.3,"Dates","no"
NA,"World","Fruits and nuts","Yield","kg/ha",1998,6390.2,"Dates","no"
NA,"World","Fruits and nuts","Yield","kg/ha",1999,5925.7,"Dates","no"
NA,"World","Fruits and nuts","Yield","kg/ha",2000,6124.9,"Dates","no"
NA,"World","Fruits and nuts","Yield","kg/ha",2001,6292.5,"Dates","no"
NA,"World","Fruits and nuts","Yield","kg/ha",2002,6185.9,"Dates","no"
NA,"World","Fruits and nuts","Yield","kg/ha",2003,6161.6,"Dates","no"
NA,"World","Fruits and nuts","Yield","kg/ha",2004,6202.3,"Dates","no"
NA,"World","Fruits and nuts","Yield","kg/ha",2005,6071.3,"Dates","no"
NA,"World","Fruits and nuts","Yield","kg/ha",2006,5913.7,"Dates","no"
NA,"World","Fruits and nuts","Yield","kg/ha",2007,5893.2,"Dates","no"
NA,"World","Fruits and nuts","Yield","kg/ha",2008,5940.3,"Dates","no"
NA,"World","Fruits and nuts","Yield","kg/ha",2009,5987.9,"Dates","no"
NA,"World","Fruits and nuts","Yield","kg/ha",2010,5872.1,"Dates","no"
NA,"World","Fruits and nuts","Yield","kg/ha",2011,6456.2,"Dates","no"
NA,"World","Fruits and nuts","Yield","kg/ha",2012,6674,"Dates","no"
NA,"World","Fruits and nuts","Yield","kg/ha",2013,6508.4,"Dates","no"
NA,"World","Fruits and nuts","Yield","kg/ha",2014,6448.3,"Dates","no"
NA,"World","Fruits and nuts","Yield","kg/ha",2015,7206.8,"Dates","no"
NA,"World","Fruits and nuts","Yield","kg/ha",2016,7029.8,"Dates","no"
NA,"World","Fruits and nuts","Yield","kg/ha",2017,7076.5,"Dates","no"
NA,"World","Fruits and nuts","Yield","kg/ha",2018,7051.3,"Dates","no"
NA,"World","Fruits and nuts","Yield","kg/ha",2019,7762.4,"Dates","no"
NA,"World","Fruits and nuts","Yield","kg/ha",2020,7763.9,"Dates","no"
NA,"World","Fruits and nuts","Yield","kg/ha",2021,7744.7,"Dates","no"
NA,"World","Fruits and nuts","Yield","kg/ha",2022,7267.5,"Dates","no"
NA,"World","Fruits and nuts","Yield","kg/ha",2023,7447.6,"Dates","no"
NA,"World","Fruits and nuts","Production","t",1992,3656283.07,"Dates","no"
NA,"World","Fruits and nuts","Production","t",1993,4386303.73,"Dates","no"
NA,"World","Fruits and nuts","Production","t",1994,4569533.91,"Dates","no"
NA,"World","Fruits and nuts","Production","t",1995,4850371.31,"Dates","no"
NA,"World","Fruits and nuts","Production","t",1996,5018427.75,"Dates","no"
NA,"World","Fruits and nuts","Production","t",1997,5088668.84,"Dates","no"
NA,"World","Fruits and nuts","Production","t",1998,5732949.44,"Dates","no"
NA,"World","Fruits and nuts","Production","t",1999,5948312.38,"Dates","no"
NA,"World","Fruits and nuts","Production","t",2000,6440510.66,"Dates","no"
NA,"World","Fruits and nuts","Production","t",2001,6659974.23,"Dates","no"
NA,"World","Fruits and nuts","Production","t",2002,6720509.05,"Dates","no"
NA,"World","Fruits and nuts","Production","t",2003,6748536.96,"Dates","no"
NA,"World","Fruits and nuts","Production","t",2004,6626306.51,"Dates","no"
NA,"World","Fruits and nuts","Production","t",2005,6551418.79,"Dates","no"
NA,"World","Fruits and nuts","Production","t",2006,6770193.49,"Dates","no"
NA,"World","Fruits and nuts","Production","t",2007,6962971.06,"Dates","no"
NA,"World","Fruits and nuts","Production","t",2008,7018489.91,"Dates","no"
NA,"World","Fruits and nuts","Production","t",2009,7184080.58,"Dates","no"
NA,"World","Fruits and nuts","Production","t",2010,7527764.57,"Dates","no"
NA,"World","Fruits and nuts","Production","t",2011,7265034.05,"Dates","no"
NA,"World","Fruits and nuts","Production","t",2012,7432483.83,"Dates","no"
NA,"World","Fruits and nuts","Production","t",2013,7522861.08,"Dates","no"
NA,"World","Fruits and nuts","Production","t",2014,7428940.13,"Dates","no"
NA,"World","Fruits and nuts","Production","t",2015,8094352.64,"Dates","no"
NA,"World","Fruits and nuts","Production","t",2016,8316006.3,"Dates","no"
NA,"World","Fruits and nuts","Production","t",2017,8404449.24,"Dates","no"
NA,"World","Fruits and nuts","Production","t",2018,8767836.1,"Dates","no"
NA,"World","Fruits and nuts","Production","t",2019,9215779.25,"Dates","no"
NA,"World","Fruits and nuts","Production","t",2020,9471709.59,"Dates","no"
NA,"World","Fruits and nuts","Production","t",2021,9845490.68,"Dates","no"
NA,"World","Fruits and nuts","Production","t",2022,9304183.52,"Dates","no"
NA,"World","Fruits and nuts","Production","t",2023,9661174.66,"Dates","no"
NA,"World","Live animals","Stocks","1000 An",1992,656193,"Ducks","no"
NA,"World","Live animals","Stocks","1000 An",1993,706384,"Ducks","no"
NA,"World","Live animals","Stocks","1000 An",1994,748291,"Ducks","no"
NA,"World","Live animals","Stocks","1000 An",1995,790233,"Ducks","no"
NA,"World","Live animals","Stocks","1000 An",1996,842906,"Ducks","no"
NA,"World","Live animals","Stocks","1000 An",1997,934094,"Ducks","no"
NA,"World","Live animals","Stocks","1000 An",1998,787772,"Ducks","no"
NA,"World","Live animals","Stocks","1000 An",1999,851523,"Ducks","no"
NA,"World","Live animals","Stocks","1000 An",2000,919672,"Ducks","no"
NA,"World","Live animals","Stocks","1000 An",2001,961661,"Ducks","no"
NA,"World","Live animals","Stocks","1000 An",2002,1036323,"Ducks","no"
NA,"World","Live animals","Stocks","1000 An",2003,1008013,"Ducks","no"
NA,"World","Live animals","Stocks","1000 An",2004,1036104,"Ducks","no"
NA,"World","Live animals","Stocks","1000 An",2005,1070204,"Ducks","no"
NA,"World","Live animals","Stocks","1000 An",2006,1089125,"Ducks","no"
NA,"World","Live animals","Stocks","1000 An",2007,1051245,"Ducks","no"
NA,"World","Live animals","Stocks","1000 An",2008,1106947,"Ducks","no"
NA,"World","Live animals","Stocks","1000 An",2009,1120252,"Ducks","no"
NA,"World","Live animals","Stocks","1000 An",2010,1182456,"Ducks","no"
NA,"World","Live animals","Stocks","1000 An",2011,1090769,"Ducks","no"
NA,"World","Live animals","Stocks","1000 An",2012,1114661,"Ducks","no"
NA,"World","Live animals","Stocks","1000 An",2013,1096167,"Ducks","no"
NA,"World","Live animals","Stocks","1000 An",2014,1062170,"Ducks","no"
NA,"World","Live animals","Stocks","1000 An",2015,1096177,"Ducks","no"
NA,"World","Live animals","Stocks","1000 An",2016,1113377,"Ducks","no"
NA,"World","Live animals","Stocks","1000 An",2017,1144695,"Ducks","no"
NA,"World","Live animals","Stocks","1000 An",2018,1140071,"Ducks","no"
NA,"World","Live animals","Stocks","1000 An",2019,1154663,"Ducks","no"
NA,"World","Live animals","Stocks","1000 An",2020,1173144,"Ducks","no"
NA,"World","Live animals","Stocks","1000 An",2021,1165396,"Ducks","no"
NA,"World","Live animals","Stocks","1000 An",2022,1240086,"Ducks","no"
NA,"World","Live animals","Stocks","1000 An",2023,1267092,"Ducks","no"
NA,"World","Meat and meat products","Production","t",1992,428222.45,"Edible offal of buffalo, fresh, chilled or frozen","no"
NA,"World","Meat and meat products","Production","t",1993,374534.2,"Edible offal of buffalo, fresh, chilled or frozen","no"
NA,"World","Meat and meat products","Production","t",1994,408913.09,"Edible offal of buffalo, fresh, chilled or frozen","no"
NA,"World","Meat and meat products","Production","t",1995,437105.45,"Edible offal of buffalo, fresh, chilled or frozen","no"
NA,"World","Meat and meat products","Production","t",1996,377398.04,"Edible offal of buffalo, fresh, chilled or frozen","no"
NA,"World","Meat and meat products","Production","t",1997,441497.27,"Edible offal of buffalo, fresh, chilled or frozen","no"
NA,"World","Meat and meat products","Production","t",1998,490900.03,"Edible offal of buffalo, fresh, chilled or frozen","no"
NA,"World","Meat and meat products","Production","t",1999,564256.49,"Edible offal of buffalo, fresh, chilled or frozen","no"
NA,"World","Meat and meat products","Production","t",2000,582084.87,"Edible offal of buffalo, fresh, chilled or frozen","no"
NA,"World","Meat and meat products","Production","t",2001,603283.06,"Edible offal of buffalo, fresh, chilled or frozen","no"
NA,"World","Meat and meat products","Production","t",2002,645243.11,"Edible offal of buffalo, fresh, chilled or frozen","no"
NA,"World","Meat and meat products","Production","t",2003,676552.12,"Edible offal of buffalo, fresh, chilled or frozen","no"
NA,"World","Meat and meat products","Production","t",2004,722687.63,"Edible offal of buffalo, fresh, chilled or frozen","no"
NA,"World","Meat and meat products","Production","t",2005,743004.02,"Edible offal of buffalo, fresh, chilled or frozen","no"
NA,"World","Meat and meat products","Production","t",2006,807244.46,"Edible offal of buffalo, fresh, chilled or frozen","no"
NA,"World","Meat and meat products","Production","t",2007,835037.88,"Edible offal of buffalo, fresh, chilled or frozen","no"
NA,"World","Meat and meat products","Production","t",2008,870908.55,"Edible offal of buffalo, fresh, chilled or frozen","no"
NA,"World","Meat and meat products","Production","t",2009,919250.27,"Edible offal of buffalo, fresh, chilled or frozen","no"
NA,"World","Meat and meat products","Production","t",2010,960215.58,"Edible offal of buffalo, fresh, chilled or frozen","no"
NA,"World","Meat and meat products","Production","t",2011,990386.83,"Edible offal of buffalo, fresh, chilled or frozen","no"
NA,"World","Meat and meat products","Production","t",2012,1023978.52,"Edible offal of buffalo, fresh, chilled or frozen","no"
NA,"World","Meat and meat products","Production","t",2013,1074566.76,"Edible offal of buffalo, fresh, chilled or frozen","no"
NA,"World","Meat and meat products","Production","t",2014,1112381.31,"Edible offal of buffalo, fresh, chilled or frozen","no"
NA,"World","Meat and meat products","Production","t",2015,1134286.46,"Edible offal of buffalo, fresh, chilled or frozen","no"
NA,"World","Meat and meat products","Production","t",2016,1145250.02,"Edible offal of buffalo, fresh, chilled or frozen","no"
NA,"World","Meat and meat products","Production","t",2017,1160376.38,"Edible offal of buffalo, fresh, chilled or frozen","no"
NA,"World","Meat and meat products","Production","t",2018,1164142.99,"Edible offal of buffalo, fresh, chilled or frozen","no"
NA,"World","Meat and meat products","Production","t",2019,1156904.45,"Edible offal of buffalo, fresh, chilled or frozen","no"
NA,"World","Meat and meat products","Production","t",2020,1068485.19,"Edible offal of buffalo, fresh, chilled or frozen","no"
NA,"World","Meat and meat products","Production","t",2021,1157082.89,"Edible offal of buffalo, fresh, chilled or frozen","no"
NA,"World","Meat and meat products","Production","t",2022,1198050.62,"Edible offal of buffalo, fresh, chilled or frozen","no"
NA,"World","Meat and meat products","Production","t",2023,1214846.71,"Edible offal of buffalo, fresh, chilled or frozen","no"
NA,"World","Meat and meat products","Production","t",1992,6791252.42,"Edible offal of cattle, fresh, chilled or frozen","no"
NA,"World","Meat and meat products","Production","t",1993,6761572.92,"Edible offal of cattle, fresh, chilled or frozen","no"
NA,"World","Meat and meat products","Production","t",1994,6741989.06,"Edible offal of cattle, fresh, chilled or frozen","no"
NA,"World","Meat and meat products","Production","t",1995,6796643.48,"Edible offal of cattle, fresh, chilled or frozen","no"
NA,"World","Meat and meat products","Production","t",1996,6963567.15,"Edible offal of cattle, fresh, chilled or frozen","no"
NA,"World","Meat and meat products","Production","t",1997,7187925.55,"Edible offal of cattle, fresh, chilled or frozen","no"
NA,"World","Meat and meat products","Production","t",1998,7124581.5,"Edible offal of cattle, fresh, chilled or frozen","no"
NA,"World","Meat and meat products","Production","t",1999,7301298.12,"Edible offal of cattle, fresh, chilled or frozen","no"
NA,"World","Meat and meat products","Production","t",2000,7337745.37,"Edible offal of cattle, fresh, chilled or frozen","no"
NA,"World","Meat and meat products","Production","t",2001,7260713.8,"Edible offal of cattle, fresh, chilled or frozen","no"
NA,"World","Meat and meat products","Production","t",2002,7445129.52,"Edible offal of cattle, fresh, chilled or frozen","no"
NA,"World","Meat and meat products","Production","t",2003,7582255.37,"Edible offal of cattle, fresh, chilled or frozen","no"
NA,"World","Meat and meat products","Production","t",2004,7823904.62,"Edible offal of cattle, fresh, chilled or frozen","no"
NA,"World","Meat and meat products","Production","t",2005,7952208.51,"Edible offal of cattle, fresh, chilled or frozen","no"
NA,"World","Meat and meat products","Production","t",2006,8155464.27,"Edible offal of cattle, fresh, chilled or frozen","no"
NA,"World","Meat and meat products","Production","t",2007,8384867.1,"Edible offal of cattle, fresh, chilled or frozen","no"
NA,"World","Meat and meat products","Production","t",2008,8388639.62,"Edible offal of cattle, fresh, chilled or frozen","no"
NA,"World","Meat and meat products","Production","t",2009,8466710.84,"Edible offal of cattle, fresh, chilled or frozen","no"
NA,"World","Meat and meat products","Production","t",2010,8463727.65,"Edible offal of cattle, fresh, chilled or frozen","no"
NA,"World","Meat and meat products","Production","t",2011,8418887.2,"Edible offal of cattle, fresh, chilled or frozen","no"
NA,"World","Meat and meat products","Production","t",2012,8486010.4,"Edible offal of cattle, fresh, chilled or frozen","no"
NA,"World","Meat and meat products","Production","t",2013,8660655.08,"Edible offal of cattle, fresh, chilled or frozen","no"
NA,"World","Meat and meat products","Production","t",2014,8713610.38,"Edible offal of cattle, fresh, chilled or frozen","no"
NA,"World","Meat and meat products","Production","t",2015,8750309.94,"Edible offal of cattle, fresh, chilled or frozen","no"
NA,"World","Meat and meat products","Production","t",2016,8707038.36,"Edible offal of cattle, fresh, chilled or frozen","no"
NA,"World","Meat and meat products","Production","t",2017,8843031.75,"Edible offal of cattle, fresh, chilled or frozen","no"
NA,"World","Meat and meat products","Production","t",2018,9056969.47,"Edible offal of cattle, fresh, chilled or frozen","no"
NA,"World","Meat and meat products","Production","t",2019,9221724.1,"Edible offal of cattle, fresh, chilled or frozen","no"
NA,"World","Meat and meat products","Production","t",2020,9168086.81,"Edible offal of cattle, fresh, chilled or frozen","no"
NA,"World","Meat and meat products","Production","t",2021,9243055.74,"Edible offal of cattle, fresh, chilled or frozen","no"
NA,"World","Meat and meat products","Production","t",2022,9383824.7,"Edible offal of cattle, fresh, chilled or frozen","no"
NA,"World","Meat and meat products","Production","t",2023,9603982.66,"Edible offal of cattle, fresh, chilled or frozen","no"
NA,"World","Meat and meat products","Production","t",1992,537737.08,"Edible offal of goat, fresh, chilled or frozen","no"
NA,"World","Meat and meat products","Production","t",1993,575299.13,"Edible offal of goat, fresh, chilled or frozen","no"
NA,"World","Meat and meat products","Production","t",1994,598883.82,"Edible offal of goat, fresh, chilled or frozen","no"
NA,"World","Meat and meat products","Production","t",1995,649435.49,"Edible offal of goat, fresh, chilled or frozen","no"
NA,"World","Meat and meat products","Production","t",1996,609462.76,"Edible offal of goat, fresh, chilled or frozen","no"
NA,"World","Meat and meat products","Production","t",1997,647121,"Edible offal of goat, fresh, chilled or frozen","no"
NA,"World","Meat and meat products","Production","t",1998,692863.58,"Edible offal of goat, fresh, chilled or frozen","no"
NA,"World","Meat and meat products","Production","t",1999,730903.5,"Edible offal of goat, fresh, chilled or frozen","no"
NA,"World","Meat and meat products","Production","t",2000,753061.74,"Edible offal of goat, fresh, chilled or frozen","no"
NA,"World","Meat and meat products","Production","t",2001,809396.01,"Edible offal of goat, fresh, chilled or frozen","no"
NA,"World","Meat and meat products","Production","t",2002,836811.06,"Edible offal of goat, fresh, chilled or frozen","no"
NA,"World","Meat and meat products","Production","t",2003,874975.28,"Edible offal of goat, fresh, chilled or frozen","no"
NA,"World","Meat and meat products","Production","t",2004,917280.08,"Edible offal of goat, fresh, chilled or frozen","no"
NA,"World","Meat and meat products","Production","t",2005,945173.23,"Edible offal of goat, fresh, chilled or frozen","no"
NA,"World","Meat and meat products","Production","t",2006,943480.23,"Edible offal of goat, fresh, chilled or frozen","no"
NA,"World","Meat and meat products","Production","t",2007,988209.37,"Edible offal of goat, fresh, chilled or frozen","no"
NA,"World","Meat and meat products","Production","t",2008,1002346.09,"Edible offal of goat, fresh, chilled or frozen","no"
NA,"World","Meat and meat products","Production","t",2009,1036826.09,"Edible offal of goat, fresh, chilled or frozen","no"
NA,"World","Meat and meat products","Production","t",2010,1064885.48,"Edible offal of goat, fresh, chilled or frozen","no"
NA,"World","Meat and meat products","Production","t",2011,1073376.69,"Edible offal of goat, fresh, chilled or frozen","no"
NA,"World","Meat and meat products","Production","t",2012,1072852.34,"Edible offal of goat, fresh, chilled or frozen","no"
NA,"World","Meat and meat products","Production","t",2013,1108865.87,"Edible offal of goat, fresh, chilled or frozen","no"
NA,"World","Meat and meat products","Production","t",2014,1154111.55,"Edible offal of goat, fresh, chilled or frozen","no"
NA,"World","Meat and meat products","Production","t",2015,1186627.28,"Edible offal of goat, fresh, chilled or frozen","no"
NA,"World","Meat and meat products","Production","t",2016,1214845.4,"Edible offal of goat, fresh, chilled or frozen","no"
NA,"World","Meat and meat products","Production","t",2017,1235140.07,"Edible offal of goat, fresh, chilled or frozen","no"
NA,"World","Meat and meat products","Production","t",2018,1251539.42,"Edible offal of goat, fresh, chilled or frozen","no"
NA,"World","Meat and meat products","Production","t",2019,1302726.05,"Edible offal of goat, fresh, chilled or frozen","no"
NA,"World","Meat and meat products","Production","t",2020,1332415.44,"Edible offal of goat, fresh, chilled or frozen","no"
NA,"World","Meat and meat products","Production","t",2021,1351213.22,"Edible offal of goat, fresh, chilled or frozen","no"
NA,"World","Meat and meat products","Production","t",2022,1385277.15,"Edible offal of goat, fresh, chilled or frozen","no"
NA,"World","Meat and meat products","Production","t",2023,1430487.19,"Edible offal of goat, fresh, chilled or frozen","no"
NA,"World","Meat and meat products","Production","t",1992,4905253.83,"Edible offal of pigs, fresh, chilled or frozen","no"
NA,"World","Meat and meat products","Production","t",1993,5052579.03,"Edible offal of pigs, fresh, chilled or frozen","no"
NA,"World","Meat and meat products","Production","t",1994,5219084.16,"Edible offal of pigs, fresh, chilled or frozen","no"
NA,"World","Meat and meat products","Production","t",1995,5422159.92,"Edible offal of pigs, fresh, chilled or frozen","no"
NA,"World","Meat and meat products","Production","t",1996,5248797.16,"Edible offal of pigs, fresh, chilled or frozen","no"
NA,"World","Meat and meat products","Production","t",1997,5431043.79,"Edible offal of pigs, fresh, chilled or frozen","no"
NA,"World","Meat and meat products","Production","t",1998,5781845.27,"Edible offal of pigs, fresh, chilled or frozen","no"
NA,"World","Meat and meat products","Production","t",1999,5923448.02,"Edible offal of pigs, fresh, chilled or frozen","no"
NA,"World","Meat and meat products","Production","t",2000,5869220.36,"Edible offal of pigs, fresh, chilled or frozen","no"
NA,"World","Meat and meat products","Production","t",2001,5912593.62,"Edible offal of pigs, fresh, chilled or frozen","no"
NA,"World","Meat and meat products","Production","t",2002,6065973.44,"Edible offal of pigs, fresh, chilled or frozen","no"
NA,"World","Meat and meat products","Production","t",2003,6233648.39,"Edible offal of pigs, fresh, chilled or frozen","no"
NA,"World","Meat and meat products","Production","t",2004,6271497.73,"Edible offal of pigs, fresh, chilled or frozen","no"
NA,"World","Meat and meat products","Production","t",2005,6401194.6,"Edible offal of pigs, fresh, chilled or frozen","no"
NA,"World","Meat and meat products","Production","t",2006,6549416.48,"Edible offal of pigs, fresh, chilled or frozen","no"
NA,"World","Meat and meat products","Production","t",2007,6576494.67,"Edible offal of pigs, fresh, chilled or frozen","no"
NA,"World","Meat and meat products","Production","t",2008,6804420.31,"Edible offal of pigs, fresh, chilled or frozen","no"
NA,"World","Meat and meat products","Production","t",2009,6923813.66,"Edible offal of pigs, fresh, chilled or frozen","no"
NA,"World","Meat and meat products","Production","t",2010,7095092.06,"Edible offal of pigs, fresh, chilled or frozen","no"
NA,"World","Meat and meat products","Production","t",2011,7130730.08,"Edible offal of pigs, fresh, chilled or frozen","no"
NA,"World","Meat and meat products","Production","t",2012,7312530.07,"Edible offal of pigs, fresh, chilled or frozen","no"
NA,"World","Meat and meat products","Production","t",2013,7429486.43,"Edible offal of pigs, fresh, chilled or frozen","no"
NA,"World","Meat and meat products","Production","t",2014,7526990.13,"Edible offal of pigs, fresh, chilled or frozen","no"
NA,"World","Meat and meat products","Production","t",2015,7753859.75,"Edible offal of pigs, fresh, chilled or frozen","no"
NA,"World","Meat and meat products","Production","t",2016,7817519.23,"Edible offal of pigs, fresh, chilled or frozen","no"
NA,"World","Meat and meat products","Production","t",2017,7865499.86,"Edible offal of pigs, fresh, chilled or frozen","no"
NA,"World","Meat and meat products","Production","t",2018,7913094.59,"Edible offal of pigs, fresh, chilled or frozen","no"
NA,"World","Meat and meat products","Production","t",2019,7430630.8,"Edible offal of pigs, fresh, chilled or frozen","no"
NA,"World","Meat and meat products","Production","t",2020,7459633.8,"Edible offal of pigs, fresh, chilled or frozen","no"
NA,"World","Meat and meat products","Production","t",2021,7993970.96,"Edible offal of pigs, fresh, chilled or frozen","no"
NA,"World","Meat and meat products","Production","t",2022,8050860.35,"Edible offal of pigs, fresh, chilled or frozen","no"
NA,"World","Meat and meat products","Production","t",2023,8094865.55,"Edible offal of pigs, fresh, chilled or frozen","no"
NA,"World","Meat and meat products","Production","t",1992,1136094.82,"Edible offal of sheep, fresh, chilled or frozen","no"
NA,"World","Meat and meat products","Production","t",1993,1160763.25,"Edible offal of sheep, fresh, chilled or frozen","no"
NA,"World","Meat and meat products","Production","t",1994,1178110.46,"Edible offal of sheep, fresh, chilled or frozen","no"
NA,"World","Meat and meat products","Production","t",1995,1182719.63,"Edible offal of sheep, fresh, chilled or frozen","no"
NA,"World","Meat and meat products","Production","t",1996,1159329.91,"Edible offal of sheep, fresh, chilled or frozen","no"
NA,"World","Meat and meat products","Production","t",1997,1201882.86,"Edible offal of sheep, fresh, chilled or frozen","no"
NA,"World","Meat and meat products","Production","t",1998,1246702.25,"Edible offal of sheep, fresh, chilled or frozen","no"
NA,"World","Meat and meat products","Production","t",1999,1266901.64,"Edible offal of sheep, fresh, chilled or frozen","no"
NA,"World","Meat and meat products","Production","t",2000,1295755.4,"Edible offal of sheep, fresh, chilled or frozen","no"
NA,"World","Meat and meat products","Production","t",2001,1332811.67,"Edible offal of sheep, fresh, chilled or frozen","no"
NA,"World","Meat and meat products","Production","t",2002,1318631.8,"Edible offal of sheep, fresh, chilled or frozen","no"
NA,"World","Meat and meat products","Production","t",2003,1350556.99,"Edible offal of sheep, fresh, chilled or frozen","no"
NA,"World","Meat and meat products","Production","t",2004,1386729.21,"Edible offal of sheep, fresh, chilled or frozen","no"
NA,"World","Meat and meat products","Production","t",2005,1428292.93,"Edible offal of sheep, fresh, chilled or frozen","no"
NA,"World","Meat and meat products","Production","t",2006,1473471.09,"Edible offal of sheep, fresh, chilled or frozen","no"
NA,"World","Meat and meat products","Production","t",2007,1534383.48,"Edible offal of sheep, fresh, chilled or frozen","no"
NA,"World","Meat and meat products","Production","t",2008,1524741.71,"Edible offal of sheep, fresh, chilled or frozen","no"
NA,"World","Meat and meat products","Production","t",2009,1531587.08,"Edible offal of sheep, fresh, chilled or frozen","no"
NA,"World","Meat and meat products","Production","t",2010,1544828.9,"Edible offal of sheep, fresh, chilled or frozen","no"
NA,"World","Meat and meat products","Production","t",2011,1560640.56,"Edible offal of sheep, fresh, chilled or frozen","no"
NA,"World","Meat and meat products","Production","t",2012,1530919.76,"Edible offal of sheep, fresh, chilled or frozen","no"
NA,"World","Meat and meat products","Production","t",2013,1578030.42,"Edible offal of sheep, fresh, chilled or frozen","no"
NA,"World","Meat and meat products","Production","t",2014,1628337.89,"Edible offal of sheep, fresh, chilled or frozen","no"
NA,"World","Meat and meat products","Production","t",2015,1679223.8,"Edible offal of sheep, fresh, chilled or frozen","no"
NA,"World","Meat and meat products","Production","t",2016,1714065.84,"Edible offal of sheep, fresh, chilled or frozen","no"
NA,"World","Meat and meat products","Production","t",2017,1721565.28,"Edible offal of sheep, fresh, chilled or frozen","no"
NA,"World","Meat and meat products","Production","t",2018,1739837.97,"Edible offal of sheep, fresh, chilled or frozen","no"
NA,"World","Meat and meat products","Production","t",2019,1781289.18,"Edible offal of sheep, fresh, chilled or frozen","no"
NA,"World","Meat and meat products","Production","t",2020,1843410.73,"Edible offal of sheep, fresh, chilled or frozen","no"
NA,"World","Meat and meat products","Production","t",2021,1879673.76,"Edible offal of sheep, fresh, chilled or frozen","no"
NA,"World","Meat and meat products","Production","t",2022,1941468.74,"Edible offal of sheep, fresh, chilled or frozen","no"
NA,"World","Meat and meat products","Production","t",2023,1989261.46,"Edible offal of sheep, fresh, chilled or frozen","no"
NA,"World","Meat and meat products","Production","t",1992,34882.75,"Edible offals of camels and other camelids, fresh, chilled or frozen","no"
NA,"World","Meat and meat products","Production","t",1993,36824.38,"Edible offals of camels and other camelids, fresh, chilled or frozen","no"
NA,"World","Meat and meat products","Production","t",1994,39538.04,"Edible offals of camels and other camelids, fresh, chilled or frozen","no"
NA,"World","Meat and meat products","Production","t",1995,39899.57,"Edible offals of camels and other camelids, fresh, chilled or frozen","no"
NA,"World","Meat and meat products","Production","t",1996,44824.24,"Edible offals of camels and other camelids, fresh, chilled or frozen","no"
NA,"World","Meat and meat products","Production","t",1997,44467.24,"Edible offals of camels and other camelids, fresh, chilled or frozen","no"
NA,"World","Meat and meat products","Production","t",1998,45638.32,"Edible offals of camels and other camelids, fresh, chilled or frozen","no"
NA,"World","Meat and meat products","Production","t",1999,45192.16,"Edible offals of camels and other camelids, fresh, chilled or frozen","no"
NA,"World","Meat and meat products","Production","t",2000,46137.59,"Edible offals of camels and other camelids, fresh, chilled or frozen","no"
NA,"World","Meat and meat products","Production","t",2001,47716.93,"Edible offals of camels and other camelids, fresh, chilled or frozen","no"
NA,"World","Meat and meat products","Production","t",2002,47606.9,"Edible offals of camels and other camelids, fresh, chilled or frozen","no"
NA,"World","Meat and meat products","Production","t",2003,49301.47,"Edible offals of camels and other camelids, fresh, chilled or frozen","no"
NA,"World","Meat and meat products","Production","t",2004,50616.31,"Edible offals of camels and other camelids, fresh, chilled or frozen","no"
NA,"World","Meat and meat products","Production","t",2005,47058.99,"Edible offals of camels and other camelids, fresh, chilled or frozen","no"
NA,"World","Meat and meat products","Production","t",2006,51565.96,"Edible offals of camels and other camelids, fresh, chilled or frozen","no"
NA,"World","Meat and meat products","Production","t",2007,57112.3,"Edible offals of camels and other camelids, fresh, chilled or frozen","no"
NA,"World","Meat and meat products","Production","t",2008,62322.55,"Edible offals of camels and other camelids, fresh, chilled or frozen","no"
NA,"World","Meat and meat products","Production","t",2009,61227.69,"Edible offals of camels and other camelids, fresh, chilled or frozen","no"
NA,"World","Meat and meat products","Production","t",2010,65172.53,"Edible offals of camels and other camelids, fresh, chilled or frozen","no"
NA,"World","Meat and meat products","Production","t",2011,66534.67,"Edible offals of camels and other camelids, fresh, chilled or frozen","no"
NA,"World","Meat and meat products","Production","t",2012,67724.21,"Edible offals of camels and other camelids, fresh, chilled or frozen","no"
NA,"World","Meat and meat products","Production","t",2013,70610.74,"Edible offals of camels and other camelids, fresh, chilled or frozen","no"
NA,"World","Meat and meat products","Production","t",2014,71510.17,"Edible offals of camels and other camelids, fresh, chilled or frozen","no"
NA,"World","Meat and meat products","Production","t",2015,73655.79,"Edible offals of camels and other camelids, fresh, chilled or frozen","no"
NA,"World","Meat and meat products","Production","t",2016,75653.22,"Edible offals of camels and other camelids, fresh, chilled or frozen","no"
NA,"World","Meat and meat products","Production","t",2017,77913.79,"Edible offals of camels and other camelids, fresh, chilled or frozen","no"
NA,"World","Meat and meat products","Production","t",2018,76770.56,"Edible offals of camels and other camelids, fresh, chilled or frozen","no"
NA,"World","Meat and meat products","Production","t",2019,84034.91,"Edible offals of camels and other camelids, fresh, chilled or frozen","no"
NA,"World","Meat and meat products","Production","t",2020,84814.01,"Edible offals of camels and other camelids, fresh, chilled or frozen","no"
NA,"World","Meat and meat products","Production","t",2021,82631.63,"Edible offals of camels and other camelids, fresh, chilled or frozen","no"
NA,"World","Meat and meat products","Production","t",2022,84119.88,"Edible offals of camels and other camelids, fresh, chilled or frozen","no"
NA,"World","Meat and meat products","Production","t",2023,88700.12,"Edible offals of camels and other camelids, fresh, chilled or frozen","no"
NA,"World","Meat and meat products","Production","t",1992,81577.83,"Edible offals of horses and other equines,  fresh, chilled or frozen","no"
NA,"World","Meat and meat products","Production","t",1993,76967.95,"Edible offals of horses and other equines,  fresh, chilled or frozen","no"
NA,"World","Meat and meat products","Production","t",1994,81187.98,"Edible offals of horses and other equines,  fresh, chilled or frozen","no"
NA,"World","Meat and meat products","Production","t",1995,83006.41,"Edible offals of horses and other equines,  fresh, chilled or frozen","no"
NA,"World","Meat and meat products","Production","t",1996,90069.94,"Edible offals of horses and other equines,  fresh, chilled or frozen","no"
NA,"World","Meat and meat products","Production","t",1997,90625.31,"Edible offals of horses and other equines,  fresh, chilled or frozen","no"
NA,"World","Meat and meat products","Production","t",1998,89527.84,"Edible offals of horses and other equines,  fresh, chilled or frozen","no"
NA,"World","Meat and meat products","Production","t",1999,91573.48,"Edible offals of horses and other equines,  fresh, chilled or frozen","no"
NA,"World","Meat and meat products","Production","t",2000,92675.08,"Edible offals of horses and other equines,  fresh, chilled or frozen","no"
NA,"World","Meat and meat products","Production","t",2001,96375.15,"Edible offals of horses and other equines,  fresh, chilled or frozen","no"
NA,"World","Meat and meat products","Production","t",2002,94303.27,"Edible offals of horses and other equines,  fresh, chilled or frozen","no"
NA,"World","Meat and meat products","Production","t",2003,94116.99,"Edible offals of horses and other equines,  fresh, chilled or frozen","no"
NA,"World","Meat and meat products","Production","t",2004,93573.85,"Edible offals of horses and other equines,  fresh, chilled or frozen","no"
NA,"World","Meat and meat products","Production","t",2005,93842.43,"Edible offals of horses and other equines,  fresh, chilled or frozen","no"
NA,"World","Meat and meat products","Production","t",2006,91716.4,"Edible offals of horses and other equines,  fresh, chilled or frozen","no"
NA,"World","Meat and meat products","Production","t",2007,87073.73,"Edible offals of horses and other equines,  fresh, chilled or frozen","no"
NA,"World","Meat and meat products","Production","t",2008,87135.26,"Edible offals of horses and other equines,  fresh, chilled or frozen","no"
NA,"World","Meat and meat products","Production","t",2009,87308.15,"Edible offals of horses and other equines,  fresh, chilled or frozen","no"
NA,"World","Meat and meat products","Production","t",2010,86260.03,"Edible offals of horses and other equines,  fresh, chilled or frozen","no"
NA,"World","Meat and meat products","Production","t",2011,88746.75,"Edible offals of horses and other equines,  fresh, chilled or frozen","no"
NA,"World","Meat and meat products","Production","t",2012,91394.08,"Edible offals of horses and other equines,  fresh, chilled or frozen","no"
NA,"World","Meat and meat products","Production","t",2013,88263.05,"Edible offals of horses and other equines,  fresh, chilled or frozen","no"
NA,"World","Meat and meat products","Production","t",2014,89132.19,"Edible offals of horses and other equines,  fresh, chilled or frozen","no"
NA,"World","Meat and meat products","Production","t",2015,93178.7,"Edible offals of horses and other equines,  fresh, chilled or frozen","no"
NA,"World","Meat and meat products","Production","t",2016,91610.5,"Edible offals of horses and other equines,  fresh, chilled or frozen","no"
NA,"World","Meat and meat products","Production","t",2017,87573.57,"Edible offals of horses and other equines,  fresh, chilled or frozen","no"
NA,"World","Meat and meat products","Production","t",2018,91641.5,"Edible offals of horses and other equines,  fresh, chilled or frozen","no"
NA,"World","Meat and meat products","Production","t",2019,97652.9,"Edible offals of horses and other equines,  fresh, chilled or frozen","no"
NA,"World","Meat and meat products","Production","t",2020,103567.11,"Edible offals of horses and other equines,  fresh, chilled or frozen","no"
NA,"World","Meat and meat products","Production","t",2021,97595.76,"Edible offals of horses and other equines,  fresh, chilled or frozen","no"
NA,"World","Meat and meat products","Production","t",2022,104420.75,"Edible offals of horses and other equines,  fresh, chilled or frozen","no"
NA,"World","Meat and meat products","Production","t",2023,103227.43,"Edible offals of horses and other equines,  fresh, chilled or frozen","no"
NA,"World","Edible roots and tubers with high starch or inulin content","Area harvested","ha",1992,742789,"Edible roots and tubers with high starch or inulin content, n.e.c., fresh","no"
NA,"World","Edible roots and tubers with high starch or inulin content","Area harvested","ha",1993,414881,"Edible roots and tubers with high starch or inulin content, n.e.c., fresh","no"
NA,"World","Edible roots and tubers with high starch or inulin content","Area harvested","ha",1994,429526,"Edible roots and tubers with high starch or inulin content, n.e.c., fresh","no"
NA,"World","Edible roots and tubers with high starch or inulin content","Area harvested","ha",1995,421484,"Edible roots and tubers with high starch or inulin content, n.e.c., fresh","no"
NA,"World","Edible roots and tubers with high starch or inulin content","Area harvested","ha",1996,412185,"Edible roots and tubers with high starch or inulin content, n.e.c., fresh","no"
NA,"World","Edible roots and tubers with high starch or inulin content","Area harvested","ha",1997,422551,"Edible roots and tubers with high starch or inulin content, n.e.c., fresh","no"
NA,"World","Edible roots and tubers with high starch or inulin content","Area harvested","ha",1998,438147,"Edible roots and tubers with high starch or inulin content, n.e.c., fresh","no"
NA,"World","Edible roots and tubers with high starch or inulin content","Area harvested","ha",1999,446100,"Edible roots and tubers with high starch or inulin content, n.e.c., fresh","no"
NA,"World","Edible roots and tubers with high starch or inulin content","Area harvested","ha",2000,455715,"Edible roots and tubers with high starch or inulin content, n.e.c., fresh","no"
NA,"World","Edible roots and tubers with high starch or inulin content","Area harvested","ha",2001,466609,"Edible roots and tubers with high starch or inulin content, n.e.c., fresh","no"
NA,"World","Edible roots and tubers with high starch or inulin content","Area harvested","ha",2002,484400,"Edible roots and tubers with high starch or inulin content, n.e.c., fresh","no"
NA,"World","Edible roots and tubers with high starch or inulin content","Area harvested","ha",2003,478181,"Edible roots and tubers with high starch or inulin content, n.e.c., fresh","no"
NA,"World","Edible roots and tubers with high starch or inulin content","Area harvested","ha",2004,487649,"Edible roots and tubers with high starch or inulin content, n.e.c., fresh","no"
NA,"World","Edible roots and tubers with high starch or inulin content","Area harvested","ha",2005,499694,"Edible roots and tubers with high starch or inulin content, n.e.c., fresh","no"
NA,"World","Edible roots and tubers with high starch or inulin content","Area harvested","ha",2006,499230,"Edible roots and tubers with high starch or inulin content, n.e.c., fresh","no"
NA,"World","Edible roots and tubers with high starch or inulin content","Area harvested","ha",2007,503465,"Edible roots and tubers with high starch or inulin content, n.e.c., fresh","no"
NA,"World","Edible roots and tubers with high starch or inulin content","Area harvested","ha",2008,506521,"Edible roots and tubers with high starch or inulin content, n.e.c., fresh","no"
NA,"World","Edible roots and tubers with high starch or inulin content","Area harvested","ha",2009,545266,"Edible roots and tubers with high starch or inulin content, n.e.c., fresh","no"
NA,"World","Edible roots and tubers with high starch or inulin content","Area harvested","ha",2010,568562,"Edible roots and tubers with high starch or inulin content, n.e.c., fresh","no"
NA,"World","Edible roots and tubers with high starch or inulin content","Area harvested","ha",2011,598790,"Edible roots and tubers with high starch or inulin content, n.e.c., fresh","no"
NA,"World","Edible roots and tubers with high starch or inulin content","Area harvested","ha",2012,606644,"Edible roots and tubers with high starch or inulin content, n.e.c., fresh","no"
NA,"World","Edible roots and tubers with high starch or inulin content","Area harvested","ha",2013,626507,"Edible roots and tubers with high starch or inulin content, n.e.c., fresh","no"
NA,"World","Edible roots and tubers with high starch or inulin content","Area harvested","ha",2014,650152,"Edible roots and tubers with high starch or inulin content, n.e.c., fresh","no"
NA,"World","Edible roots and tubers with high starch or inulin content","Area harvested","ha",2015,682659,"Edible roots and tubers with high starch or inulin content, n.e.c., fresh","no"
NA,"World","Edible roots and tubers with high starch or inulin content","Area harvested","ha",2016,671249,"Edible roots and tubers with high starch or inulin content, n.e.c., fresh","no"
NA,"World","Edible roots and tubers with high starch or inulin content","Area harvested","ha",2017,661064,"Edible roots and tubers with high starch or inulin content, n.e.c., fresh","no"
NA,"World","Edible roots and tubers with high starch or inulin content","Area harvested","ha",2018,691491,"Edible roots and tubers with high starch or inulin content, n.e.c., fresh","no"
NA,"World","Edible roots and tubers with high starch or inulin content","Area harvested","ha",2019,684047,"Edible roots and tubers with high starch or inulin content, n.e.c., fresh","no"
NA,"World","Edible roots and tubers with high starch or inulin content","Area harvested","ha",2020,697653,"Edible roots and tubers with high starch or inulin content, n.e.c., fresh","no"
NA,"World","Edible roots and tubers with high starch or inulin content","Area harvested","ha",2021,689184,"Edible roots and tubers with high starch or inulin content, n.e.c., fresh","no"
NA,"World","Edible roots and tubers with high starch or inulin content","Area harvested","ha",2022,688284,"Edible roots and tubers with high starch or inulin content, n.e.c., fresh","no"
NA,"World","Edible roots and tubers with high starch or inulin content","Area harvested","ha",2023,696773,"Edible roots and tubers with high starch or inulin content, n.e.c., fresh","no"
NA,"World","Edible roots and tubers with high starch or inulin content","Yield","kg/ha",1992,6910.9,"Edible roots and tubers with high starch or inulin content, n.e.c., fresh","no"
NA,"World","Edible roots and tubers with high starch or inulin content","Yield","kg/ha",1993,6393.2,"Edible roots and tubers with high starch or inulin content, n.e.c., fresh","no"
NA,"World","Edible roots and tubers with high starch or inulin content","Yield","kg/ha",1994,6623.4,"Edible roots and tubers with high starch or inulin content, n.e.c., fresh","no"
NA,"World","Edible roots and tubers with high starch or inulin content","Yield","kg/ha",1995,6867,"Edible roots and tubers with high starch or inulin content, n.e.c., fresh","no"
NA,"World","Edible roots and tubers with high starch or inulin content","Yield","kg/ha",1996,7053.3,"Edible roots and tubers with high starch or inulin content, n.e.c., fresh","no"
NA,"World","Edible roots and tubers with high starch or inulin content","Yield","kg/ha",1997,6935.2,"Edible roots and tubers with high starch or inulin content, n.e.c., fresh","no"
NA,"World","Edible roots and tubers with high starch or inulin content","Yield","kg/ha",1998,6926.6,"Edible roots and tubers with high starch or inulin content, n.e.c., fresh","no"
NA,"World","Edible roots and tubers with high starch or inulin content","Yield","kg/ha",1999,6928.2,"Edible roots and tubers with high starch or inulin content, n.e.c., fresh","no"
NA,"World","Edible roots and tubers with high starch or inulin content","Yield","kg/ha",2000,6939.1,"Edible roots and tubers with high starch or inulin content, n.e.c., fresh","no"
NA,"World","Edible roots and tubers with high starch or inulin content","Yield","kg/ha",2001,7027.3,"Edible roots and tubers with high starch or inulin content, n.e.c., fresh","no"
NA,"World","Edible roots and tubers with high starch or inulin content","Yield","kg/ha",2002,6997.4,"Edible roots and tubers with high starch or inulin content, n.e.c., fresh","no"
NA,"World","Edible roots and tubers with high starch or inulin content","Yield","kg/ha",2003,7250.6,"Edible roots and tubers with high starch or inulin content, n.e.c., fresh","no"
NA,"World","Edible roots and tubers with high starch or inulin content","Yield","kg/ha",2004,7280,"Edible roots and tubers with high starch or inulin content, n.e.c., fresh","no"
NA,"World","Edible roots and tubers with high starch or inulin content","Yield","kg/ha",2005,7231.6,"Edible roots and tubers with high starch or inulin content, n.e.c., fresh","no"
NA,"World","Edible roots and tubers with high starch or inulin content","Yield","kg/ha",2006,7418.7,"Edible roots and tubers with high starch or inulin content, n.e.c., fresh","no"
NA,"World","Edible roots and tubers with high starch or inulin content","Yield","kg/ha",2007,7459.1,"Edible roots and tubers with high starch or inulin content, n.e.c., fresh","no"
NA,"World","Edible roots and tubers with high starch or inulin content","Yield","kg/ha",2008,7503.3,"Edible roots and tubers with high starch or inulin content, n.e.c., fresh","no"
NA,"World","Edible roots and tubers with high starch or inulin content","Yield","kg/ha",2009,7689.5,"Edible roots and tubers with high starch or inulin content, n.e.c., fresh","no"
NA,"World","Edible roots and tubers with high starch or inulin content","Yield","kg/ha",2010,8207.4,"Edible roots and tubers with high starch or inulin content, n.e.c., fresh","no"
NA,"World","Edible roots and tubers with high starch or inulin content","Yield","kg/ha",2011,8701.6,"Edible roots and tubers with high starch or inulin content, n.e.c., fresh","no"
NA,"World","Edible roots and tubers with high starch or inulin content","Yield","kg/ha",2012,9281.8,"Edible roots and tubers with high starch or inulin content, n.e.c., fresh","no"
NA,"World","Edible roots and tubers with high starch or inulin content","Yield","kg/ha",2013,9368.1,"Edible roots and tubers with high starch or inulin content, n.e.c., fresh","no"
NA,"World","Edible roots and tubers with high starch or inulin content","Yield","kg/ha",2014,9726.3,"Edible roots and tubers with high starch or inulin content, n.e.c., fresh","no"
NA,"World","Edible roots and tubers with high starch or inulin content","Yield","kg/ha",2015,10774.5,"Edible roots and tubers with high starch or inulin content, n.e.c., fresh","no"
NA,"World","Edible roots and tubers with high starch or inulin content","Yield","kg/ha",2016,10918.3,"Edible roots and tubers with high starch or inulin content, n.e.c., fresh","no"
NA,"World","Edible roots and tubers with high starch or inulin content","Yield","kg/ha",2017,10787.7,"Edible roots and tubers with high starch or inulin content, n.e.c., fresh","no"
NA,"World","Edible roots and tubers with high starch or inulin content","Yield","kg/ha",2018,11954.3,"Edible roots and tubers with high starch or inulin content, n.e.c., fresh","no"
NA,"World","Edible roots and tubers with high starch or inulin content","Yield","kg/ha",2019,12189.1,"Edible roots and tubers with high starch or inulin content, n.e.c., fresh","no"
NA,"World","Edible roots and tubers with high starch or inulin content","Yield","kg/ha",2020,12473,"Edible roots and tubers with high starch or inulin content, n.e.c., fresh","no"
NA,"World","Edible roots and tubers with high starch or inulin content","Yield","kg/ha",2021,12592.5,"Edible roots and tubers with high starch or inulin content, n.e.c., fresh","no"
NA,"World","Edible roots and tubers with high starch or inulin content","Yield","kg/ha",2022,13098.8,"Edible roots and tubers with high starch or inulin content, n.e.c., fresh","no"
NA,"World","Edible roots and tubers with high starch or inulin content","Yield","kg/ha",2023,13822.2,"Edible roots and tubers with high starch or inulin content, n.e.c., fresh","no"
NA,"World","Edible roots and tubers with high starch or inulin content","Production","t",1992,5133323.72,"Edible roots and tubers with high starch or inulin content, n.e.c., fresh","no"
NA,"World","Edible roots and tubers with high starch or inulin content","Production","t",1993,2652433.68,"Edible roots and tubers with high starch or inulin content, n.e.c., fresh","no"
NA,"World","Edible roots and tubers with high starch or inulin content","Production","t",1994,2844927.32,"Edible roots and tubers with high starch or inulin content, n.e.c., fresh","no"
NA,"World","Edible roots and tubers with high starch or inulin content","Production","t",1995,2894322.14,"Edible roots and tubers with high starch or inulin content, n.e.c., fresh","no"
NA,"World","Edible roots and tubers with high starch or inulin content","Production","t",1996,2907249.69,"Edible roots and tubers with high starch or inulin content, n.e.c., fresh","no"
NA,"World","Edible roots and tubers with high starch or inulin content","Production","t",1997,2930498.31,"Edible roots and tubers with high starch or inulin content, n.e.c., fresh","no"
NA,"World","Edible roots and tubers with high starch or inulin content","Production","t",1998,3034868.49,"Edible roots and tubers with high starch or inulin content, n.e.c., fresh","no"
NA,"World","Edible roots and tubers with high starch or inulin content","Production","t",1999,3090662.66,"Edible roots and tubers with high starch or inulin content, n.e.c., fresh","no"
NA,"World","Edible roots and tubers with high starch or inulin content","Production","t",2000,3162233.04,"Edible roots and tubers with high starch or inulin content, n.e.c., fresh","no"
NA,"World","Edible roots and tubers with high starch or inulin content","Production","t",2001,3279018.5,"Edible roots and tubers with high starch or inulin content, n.e.c., fresh","no"
NA,"World","Edible roots and tubers with high starch or inulin content","Production","t",2002,3389538.26,"Edible roots and tubers with high starch or inulin content, n.e.c., fresh","no"
NA,"World","Edible roots and tubers with high starch or inulin content","Production","t",2003,3467120.91,"Edible roots and tubers with high starch or inulin content, n.e.c., fresh","no"
NA,"World","Edible roots and tubers with high starch or inulin content","Production","t",2004,3550062.33,"Edible roots and tubers with high starch or inulin content, n.e.c., fresh","no"
NA,"World","Edible roots and tubers with high starch or inulin content","Production","t",2005,3613597.69,"Edible roots and tubers with high starch or inulin content, n.e.c., fresh","no"
NA,"World","Edible roots and tubers with high starch or inulin content","Production","t",2006,3703647.27,"Edible roots and tubers with high starch or inulin content, n.e.c., fresh","no"
NA,"World","Edible roots and tubers with high starch or inulin content","Production","t",2007,3755412.32,"Edible roots and tubers with high starch or inulin content, n.e.c., fresh","no"
NA,"World","Edible roots and tubers with high starch or inulin content","Production","t",2008,3800567.29,"Edible roots and tubers with high starch or inulin content, n.e.c., fresh","no"
NA,"World","Edible roots and tubers with high starch or inulin content","Production","t",2009,4192802.35,"Edible roots and tubers with high starch or inulin content, n.e.c., fresh","no"
NA,"World","Edible roots and tubers with high starch or inulin content","Production","t",2010,4666438.85,"Edible roots and tubers with high starch or inulin content, n.e.c., fresh","no"
NA,"World","Edible roots and tubers with high starch or inulin content","Production","t",2011,5210451.66,"Edible roots and tubers with high starch or inulin content, n.e.c., fresh","no"
NA,"World","Edible roots and tubers with high starch or inulin content","Production","t",2012,5630765.82,"Edible roots and tubers with high starch or inulin content, n.e.c., fresh","no"
NA,"World","Edible roots and tubers with high starch or inulin content","Production","t",2013,5869173.55,"Edible roots and tubers with high starch or inulin content, n.e.c., fresh","no"
NA,"World","Edible roots and tubers with high starch or inulin content","Production","t",2014,6323597.11,"Edible roots and tubers with high starch or inulin content, n.e.c., fresh","no"
NA,"World","Edible roots and tubers with high starch or inulin content","Production","t",2015,7355308.57,"Edible roots and tubers with high starch or inulin content, n.e.c., fresh","no"
NA,"World","Edible roots and tubers with high starch or inulin content","Production","t",2016,7328912.9,"Edible roots and tubers with high starch or inulin content, n.e.c., fresh","no"
NA,"World","Edible roots and tubers with high starch or inulin content","Production","t",2017,7131389.2,"Edible roots and tubers with high starch or inulin content, n.e.c., fresh","no"
NA,"World","Edible roots and tubers with high starch or inulin content","Production","t",2018,8266268.19,"Edible roots and tubers with high starch or inulin content, n.e.c., fresh","no"
NA,"World","Edible roots and tubers with high starch or inulin content","Production","t",2019,8337940.56,"Edible roots and tubers with high starch or inulin content, n.e.c., fresh","no"
NA,"World","Edible roots and tubers with high starch or inulin content","Production","t",2020,8701803.88,"Edible roots and tubers with high starch or inulin content, n.e.c., fresh","no"
NA,"World","Edible roots and tubers with high starch or inulin content","Production","t",2021,8678566.15,"Edible roots and tubers with high starch or inulin content, n.e.c., fresh","no"
NA,"World","Edible roots and tubers with high starch or inulin content","Production","t",2022,9015661.91,"Edible roots and tubers with high starch or inulin content, n.e.c., fresh","no"
NA,"World","Edible roots and tubers with high starch or inulin content","Production","t",2023,9630951.9,"Edible roots and tubers with high starch or inulin content, n.e.c., fresh","no"
NA,"World","Vegetables","Area harvested","ha",1992,733477,"Eggplants (aubergines)","no"
NA,"World","Vegetables","Area harvested","ha",1993,865949,"Eggplants (aubergines)","no"
NA,"World","Vegetables","Area harvested","ha",1994,975959,"Eggplants (aubergines)","no"
NA,"World","Vegetables","Area harvested","ha",1995,1137444,"Eggplants (aubergines)","no"
NA,"World","Vegetables","Area harvested","ha",1996,1212892,"Eggplants (aubergines)","no"
NA,"World","Vegetables","Area harvested","ha",1997,1280564,"Eggplants (aubergines)","no"
NA,"World","Vegetables","Area harvested","ha",1998,1368272,"Eggplants (aubergines)","no"
NA,"World","Vegetables","Area harvested","ha",1999,1436258,"Eggplants (aubergines)","no"
NA,"World","Vegetables","Area harvested","ha",2000,1536859,"Eggplants (aubergines)","no"
NA,"World","Vegetables","Area harvested","ha",2001,1562933,"Eggplants (aubergines)","no"
NA,"World","Vegetables","Area harvested","ha",2002,1644786,"Eggplants (aubergines)","no"
NA,"World","Vegetables","Area harvested","ha",2003,1671917,"Eggplants (aubergines)","no"
NA,"World","Vegetables","Area harvested","ha",2004,1745381,"Eggplants (aubergines)","no"
NA,"World","Vegetables","Area harvested","ha",2005,1820196,"Eggplants (aubergines)","no"
NA,"World","Vegetables","Area harvested","ha",2006,1878787,"Eggplants (aubergines)","no"
NA,"World","Vegetables","Area harvested","ha",2007,1654538,"Eggplants (aubergines)","no"
NA,"World","Vegetables","Area harvested","ha",2008,1654502,"Eggplants (aubergines)","no"
NA,"World","Vegetables","Area harvested","ha",2009,1738532,"Eggplants (aubergines)","no"
NA,"World","Vegetables","Area harvested","ha",2010,1764743,"Eggplants (aubergines)","no"
NA,"World","Vegetables","Area harvested","ha",2011,1799299,"Eggplants (aubergines)","no"
NA,"World","Vegetables","Area harvested","ha",2012,1848115,"Eggplants (aubergines)","no"
NA,"World","Vegetables","Area harvested","ha",2013,1900018,"Eggplants (aubergines)","no"
NA,"World","Vegetables","Area harvested","ha",2014,1907401,"Eggplants (aubergines)","no"
NA,"World","Vegetables","Area harvested","ha",2015,1842644,"Eggplants (aubergines)","no"
NA,"World","Vegetables","Area harvested","ha",2016,1835053,"Eggplants (aubergines)","no"
NA,"World","Vegetables","Area harvested","ha",2017,1902376,"Eggplants (aubergines)","no"
NA,"World","Vegetables","Area harvested","ha",2018,1887925,"Eggplants (aubergines)","no"
NA,"World","Vegetables","Area harvested","ha",2019,1901675,"Eggplants (aubergines)","no"
NA,"World","Vegetables","Area harvested","ha",2020,1937494,"Eggplants (aubergines)","no"
NA,"World","Vegetables","Area harvested","ha",2021,1957998,"Eggplants (aubergines)","no"
NA,"World","Vegetables","Area harvested","ha",2022,1912257,"Eggplants (aubergines)","no"
NA,"World","Vegetables","Area harvested","ha",2023,1922783,"Eggplants (aubergines)","no"
NA,"World","Vegetables","Yield","kg/ha",1992,16168.7,"Eggplants (aubergines)","no"
NA,"World","Vegetables","Yield","kg/ha",1993,17636.2,"Eggplants (aubergines)","no"
NA,"World","Vegetables","Yield","kg/ha",1994,16266.2,"Eggplants (aubergines)","no"
NA,"World","Vegetables","Yield","kg/ha",1995,16145.5,"Eggplants (aubergines)","no"
NA,"World","Vegetables","Yield","kg/ha",1996,16665.2,"Eggplants (aubergines)","no"
NA,"World","Vegetables","Yield","kg/ha",1997,16341.9,"Eggplants (aubergines)","no"
NA,"World","Vegetables","Yield","kg/ha",1998,17136.5,"Eggplants (aubergines)","no"
NA,"World","Vegetables","Yield","kg/ha",1999,18666,"Eggplants (aubergines)","no"
NA,"World","Vegetables","Yield","kg/ha",2000,17989.9,"Eggplants (aubergines)","no"
NA,"World","Vegetables","Yield","kg/ha",2001,17455.6,"Eggplants (aubergines)","no"
NA,"World","Vegetables","Yield","kg/ha",2002,18045.4,"Eggplants (aubergines)","no"
NA,"World","Vegetables","Yield","kg/ha",2003,17773.8,"Eggplants (aubergines)","no"
NA,"World","Vegetables","Yield","kg/ha",2004,17765.9,"Eggplants (aubergines)","no"
NA,"World","Vegetables","Yield","kg/ha",2005,17636.1,"Eggplants (aubergines)","no"
NA,"World","Vegetables","Yield","kg/ha",2006,17593.7,"Eggplants (aubergines)","no"
NA,"World","Vegetables","Yield","kg/ha",2007,22751.4,"Eggplants (aubergines)","no"
NA,"World","Vegetables","Yield","kg/ha",2008,24269.9,"Eggplants (aubergines)","no"
NA,"World","Vegetables","Yield","kg/ha",2009,25204.8,"Eggplants (aubergines)","no"
NA,"World","Vegetables","Yield","kg/ha",2010,25168.3,"Eggplants (aubergines)","no"
NA,"World","Vegetables","Yield","kg/ha",2011,25207,"Eggplants (aubergines)","no"
NA,"World","Vegetables","Yield","kg/ha",2012,25594.8,"Eggplants (aubergines)","no"
NA,"World","Vegetables","Yield","kg/ha",2013,25923.8,"Eggplants (aubergines)","no"
NA,"World","Vegetables","Yield","kg/ha",2014,26488.4,"Eggplants (aubergines)","no"
NA,"World","Vegetables","Yield","kg/ha",2015,27854.8,"Eggplants (aubergines)","no"
NA,"World","Vegetables","Yield","kg/ha",2016,28508.8,"Eggplants (aubergines)","no"
NA,"World","Vegetables","Yield","kg/ha",2017,28129,"Eggplants (aubergines)","no"
NA,"World","Vegetables","Yield","kg/ha",2018,28997.1,"Eggplants (aubergines)","no"
NA,"World","Vegetables","Yield","kg/ha",2019,29502,"Eggplants (aubergines)","no"
NA,"World","Vegetables","Yield","kg/ha",2020,29621.9,"Eggplants (aubergines)","no"
NA,"World","Vegetables","Yield","kg/ha",2021,29976.3,"Eggplants (aubergines)","no"
NA,"World","Vegetables","Yield","kg/ha",2022,31297.1,"Eggplants (aubergines)","no"
NA,"World","Vegetables","Yield","kg/ha",2023,31617.7,"Eggplants (aubergines)","no"
NA,"World","Vegetables","Production","t",1992,11859331.99,"Eggplants (aubergines)","no"
NA,"World","Vegetables","Production","t",1993,15272066.53,"Eggplants (aubergines)","no"
NA,"World","Vegetables","Production","t",1994,15875096.24,"Eggplants (aubergines)","no"
NA,"World","Vegetables","Production","t",1995,18364582.05,"Eggplants (aubergines)","no"
NA,"World","Vegetables","Production","t",1996,20213135.65,"Eggplants (aubergines)","no"
NA,"World","Vegetables","Production","t",1997,20926858.13,"Eggplants (aubergines)","no"
NA,"World","Vegetables","Production","t",1998,23447338.99,"Eggplants (aubergines)","no"
NA,"World","Vegetables","Production","t",1999,26809202.7,"Eggplants (aubergines)","no"
NA,"World","Vegetables","Production","t",2000,27647992.35,"Eggplants (aubergines)","no"
NA,"World","Vegetables","Production","t",2001,27281869.08,"Eggplants (aubergines)","no"
NA,"World","Vegetables","Production","t",2002,29680846.18,"Eggplants (aubergines)","no"
NA,"World","Vegetables","Production","t",2003,29716349.94,"Eggplants (aubergines)","no"
NA,"World","Vegetables","Production","t",2004,31008207.23,"Eggplants (aubergines)","no"
NA,"World","Vegetables","Production","t",2005,32101081.09,"Eggplants (aubergines)","no"
NA,"World","Vegetables","Production","t",2006,33054868.94,"Eggplants (aubergines)","no"
NA,"World","Vegetables","Production","t",2007,37642972.41,"Eggplants (aubergines)","no"
NA,"World","Vegetables","Production","t",2008,40154599.92,"Eggplants (aubergines)","no"
NA,"World","Vegetables","Production","t",2009,43819318.45,"Eggplants (aubergines)","no"
NA,"World","Vegetables","Production","t",2010,44415619.65,"Eggplants (aubergines)","no"
NA,"World","Vegetables","Production","t",2011,45354893.42,"Eggplants (aubergines)","no"
NA,"World","Vegetables","Production","t",2012,47302210.16,"Eggplants (aubergines)","no"
NA,"World","Vegetables","Production","t",2013,49255672.52,"Eggplants (aubergines)","no"
NA,"World","Vegetables","Production","t",2014,50524002.06,"Eggplants (aubergines)","no"
NA,"World","Vegetables","Production","t",2015,51326508.82,"Eggplants (aubergines)","no"
NA,"World","Vegetables","Production","t",2016,52315204.35,"Eggplants (aubergines)","no"
NA,"World","Vegetables","Production","t",2017,53511997.08,"Eggplants (aubergines)","no"
NA,"World","Vegetables","Production","t",2018,54744312.35,"Eggplants (aubergines)","no"
NA,"World","Vegetables","Production","t",2019,56103237.25,"Eggplants (aubergines)","no"
NA,"World","Vegetables","Production","t",2020,57392240.04,"Eggplants (aubergines)","no"
NA,"World","Vegetables","Production","t",2021,58693518.51,"Eggplants (aubergines)","no"
NA,"World","Vegetables","Production","t",2022,59848127.49,"Eggplants (aubergines)","no"
NA,"World","Vegetables","Production","t",2023,60793941.25,"Eggplants (aubergines)","no"
NA,"World","Eggs of hens or other birds in shell, fresh","Yield","No/An",1992,553,"Eggs from other birds in shell, fresh, n.e.c.","no"
NA,"World","Eggs of hens or other birds in shell, fresh","Yield","No/An",1993,590,"Eggs from other birds in shell, fresh, n.e.c.","no"
NA,"World","Eggs of hens or other birds in shell, fresh","Yield","No/An",1994,663,"Eggs from other birds in shell, fresh, n.e.c.","no"
NA,"World","Eggs of hens or other birds in shell, fresh","Yield","No/An",1995,722,"Eggs from other birds in shell, fresh, n.e.c.","no"
NA,"World","Eggs of hens or other birds in shell, fresh","Yield","No/An",1996,737,"Eggs from other birds in shell, fresh, n.e.c.","no"
NA,"World","Eggs of hens or other birds in shell, fresh","Yield","No/An",1997,523,"Eggs from other birds in shell, fresh, n.e.c.","no"
NA,"World","Eggs of hens or other birds in shell, fresh","Yield","No/An",1998,536,"Eggs from other birds in shell, fresh, n.e.c.","no"
NA,"World","Eggs of hens or other birds in shell, fresh","Yield","No/An",1999,618,"Eggs from other birds in shell, fresh, n.e.c.","no"
NA,"World","Eggs of hens or other birds in shell, fresh","Yield","No/An",2000,612,"Eggs from other birds in shell, fresh, n.e.c.","no"
NA,"World","Eggs of hens or other birds in shell, fresh","Yield","No/An",2001,593,"Eggs from other birds in shell, fresh, n.e.c.","no"
NA,"World","Eggs of hens or other birds in shell, fresh","Yield","No/An",2002,579,"Eggs from other birds in shell, fresh, n.e.c.","no"
NA,"World","Eggs of hens or other birds in shell, fresh","Yield","No/An",2003,580,"Eggs from other birds in shell, fresh, n.e.c.","no"
NA,"World","Eggs of hens or other birds in shell, fresh","Yield","No/An",2004,577,"Eggs from other birds in shell, fresh, n.e.c.","no"
NA,"World","Eggs of hens or other birds in shell, fresh","Yield","No/An",2005,551,"Eggs from other birds in shell, fresh, n.e.c.","no"
NA,"World","Eggs of hens or other birds in shell, fresh","Yield","No/An",2006,537,"Eggs from other birds in shell, fresh, n.e.c.","no"
NA,"World","Eggs of hens or other birds in shell, fresh","Yield","No/An",2007,535,"Eggs from other birds in shell, fresh, n.e.c.","no"
NA,"World","Eggs of hens or other birds in shell, fresh","Yield","No/An",2008,538,"Eggs from other birds in shell, fresh, n.e.c.","no"
NA,"World","Eggs of hens or other birds in shell, fresh","Yield","No/An",2009,531,"Eggs from other birds in shell, fresh, n.e.c.","no"
NA,"World","Eggs of hens or other birds in shell, fresh","Yield","No/An",2010,524,"Eggs from other birds in shell, fresh, n.e.c.","no"
NA,"World","Eggs of hens or other birds in shell, fresh","Yield","No/An",2011,538,"Eggs from other birds in shell, fresh, n.e.c.","no"
NA,"World","Eggs of hens or other birds in shell, fresh","Yield","No/An",2012,522,"Eggs from other birds in shell, fresh, n.e.c.","no"
NA,"World","Eggs of hens or other birds in shell, fresh","Yield","No/An",2013,511,"Eggs from other birds in shell, fresh, n.e.c.","no"
NA,"World","Eggs of hens or other birds in shell, fresh","Yield","No/An",2014,481,"Eggs from other birds in shell, fresh, n.e.c.","no"
NA,"World","Eggs of hens or other birds in shell, fresh","Yield","No/An",2015,488,"Eggs from other birds in shell, fresh, n.e.c.","no"
NA,"World","Eggs of hens or other birds in shell, fresh","Yield","No/An",2016,488,"Eggs from other birds in shell, fresh, n.e.c.","no"
NA,"World","Eggs of hens or other birds in shell, fresh","Yield","No/An",2017,437,"Eggs from other birds in shell, fresh, n.e.c.","no"
NA,"World","Eggs of hens or other birds in shell, fresh","Yield","No/An",2018,444,"Eggs from other birds in shell, fresh, n.e.c.","no"
NA,"World","Eggs of hens or other birds in shell, fresh","Yield","No/An",2019,480,"Eggs from other birds in shell, fresh, n.e.c.","no"
NA,"World","Eggs of hens or other birds in shell, fresh","Yield","No/An",2020,452,"Eggs from other birds in shell, fresh, n.e.c.","no"
NA,"World","Eggs of hens or other birds in shell, fresh","Yield","No/An",2021,441,"Eggs from other birds in shell, fresh, n.e.c.","no"
NA,"World","Eggs of hens or other birds in shell, fresh","Yield","No/An",2022,445,"Eggs from other birds in shell, fresh, n.e.c.","no"
NA,"World","Eggs of hens or other birds in shell, fresh","Yield","No/An",2023,454,"Eggs from other birds in shell, fresh, n.e.c.","no"
NA,"World","Eggs of hens or other birds in shell, fresh","Production","t",1992,2742804.9,"Eggs from other birds in shell, fresh, n.e.c.","no"
NA,"World","Eggs of hens or other birds in shell, fresh","Production","t",1993,3030639.57,"Eggs from other birds in shell, fresh, n.e.c.","no"
NA,"World","Eggs of hens or other birds in shell, fresh","Production","t",1994,3616245.32,"Eggs from other birds in shell, fresh, n.e.c.","no"
NA,"World","Eggs of hens or other birds in shell, fresh","Production","t",1995,4013982.93,"Eggs from other birds in shell, fresh, n.e.c.","no"
NA,"World","Eggs of hens or other birds in shell, fresh","Production","t",1996,4701523.2,"Eggs from other birds in shell, fresh, n.e.c.","no"
NA,"World","Eggs of hens or other birds in shell, fresh","Production","t",1997,3534734.05,"Eggs from other birds in shell, fresh, n.e.c.","no"
NA,"World","Eggs of hens or other birds in shell, fresh","Production","t",1998,3704543.03,"Eggs from other birds in shell, fresh, n.e.c.","no"
NA,"World","Eggs of hens or other birds in shell, fresh","Production","t",1999,3881602.02,"Eggs from other birds in shell, fresh, n.e.c.","no"
NA,"World","Eggs of hens or other birds in shell, fresh","Production","t",2000,3989291.62,"Eggs from other birds in shell, fresh, n.e.c.","no"
NA,"World","Eggs of hens or other birds in shell, fresh","Production","t",2001,4067902.63,"Eggs from other birds in shell, fresh, n.e.c.","no"
NA,"World","Eggs of hens or other birds in shell, fresh","Production","t",2002,4140701.61,"Eggs from other birds in shell, fresh, n.e.c.","no"
NA,"World","Eggs of hens or other birds in shell, fresh","Production","t",2003,4317769.63,"Eggs from other birds in shell, fresh, n.e.c.","no"
NA,"World","Eggs of hens or other birds in shell, fresh","Production","t",2004,4364273.66,"Eggs from other birds in shell, fresh, n.e.c.","no"
NA,"World","Eggs of hens or other birds in shell, fresh","Production","t",2005,4490762.48,"Eggs from other birds in shell, fresh, n.e.c.","no"
NA,"World","Eggs of hens or other birds in shell, fresh","Production","t",2006,4492522.25,"Eggs from other birds in shell, fresh, n.e.c.","no"
NA,"World","Eggs of hens or other birds in shell, fresh","Production","t",2007,4683561.96,"Eggs from other birds in shell, fresh, n.e.c.","no"
NA,"World","Eggs of hens or other birds in shell, fresh","Production","t",2008,4959376.23,"Eggs from other birds in shell, fresh, n.e.c.","no"
NA,"World","Eggs of hens or other birds in shell, fresh","Production","t",2009,5110301.33,"Eggs from other birds in shell, fresh, n.e.c.","no"
NA,"World","Eggs of hens or other birds in shell, fresh","Production","t",2010,5175546.48,"Eggs from other birds in shell, fresh, n.e.c.","no"
NA,"World","Eggs of hens or other birds in shell, fresh","Production","t",2011,5267667.27,"Eggs from other birds in shell, fresh, n.e.c.","no"
NA,"World","Eggs of hens or other birds in shell, fresh","Production","t",2012,5375563.17,"Eggs from other birds in shell, fresh, n.e.c.","no"
NA,"World","Eggs of hens or other birds in shell, fresh","Production","t",2013,5435914.57,"Eggs from other birds in shell, fresh, n.e.c.","no"
NA,"World","Eggs of hens or other birds in shell, fresh","Production","t",2014,5541154.4,"Eggs from other birds in shell, fresh, n.e.c.","no"
NA,"World","Eggs of hens or other birds in shell, fresh","Production","t",2015,5798793.18,"Eggs from other birds in shell, fresh, n.e.c.","no"
NA,"World","Eggs of hens or other birds in shell, fresh","Production","t",2016,5982273,"Eggs from other birds in shell, fresh, n.e.c.","no"
NA,"World","Eggs of hens or other birds in shell, fresh","Production","t",2017,5687520.68,"Eggs from other birds in shell, fresh, n.e.c.","no"
NA,"World","Eggs of hens or other birds in shell, fresh","Production","t",2018,5686941.76,"Eggs from other birds in shell, fresh, n.e.c.","no"
NA,"World","Eggs of hens or other birds in shell, fresh","Production","t",2019,5807737.77,"Eggs from other birds in shell, fresh, n.e.c.","no"
NA,"World","Eggs of hens or other birds in shell, fresh","Production","t",2020,6127444.91,"Eggs from other birds in shell, fresh, n.e.c.","no"
NA,"World","Eggs of hens or other birds in shell, fresh","Production","t",2021,6053017,"Eggs from other birds in shell, fresh, n.e.c.","no"
NA,"World","Eggs of hens or other birds in shell, fresh","Production","t",2022,6131928.05,"Eggs from other birds in shell, fresh, n.e.c.","no"
NA,"World","Eggs of hens or other birds in shell, fresh","Production","t",2023,6284195.3,"Eggs from other birds in shell, fresh, n.e.c.","no"
NA,"World","Eggs of hens or other birds in shell, fresh","Production","1000 No",1992,41726165,"Eggs from other birds in shell, fresh, n.e.c.","no"
NA,"World","Eggs of hens or other birds in shell, fresh","Production","1000 No",1993,46736765,"Eggs from other birds in shell, fresh, n.e.c.","no"
NA,"World","Eggs of hens or other birds in shell, fresh","Production","1000 No",1994,56203851,"Eggs from other birds in shell, fresh, n.e.c.","no"
NA,"World","Eggs of hens or other birds in shell, fresh","Production","1000 No",1995,62116964,"Eggs from other birds in shell, fresh, n.e.c.","no"
NA,"World","Eggs of hens or other birds in shell, fresh","Production","1000 No",1996,73029198,"Eggs from other birds in shell, fresh, n.e.c.","no"
NA,"World","Eggs of hens or other birds in shell, fresh","Production","1000 No",1997,55215501,"Eggs from other birds in shell, fresh, n.e.c.","no"
NA,"World","Eggs of hens or other birds in shell, fresh","Production","1000 No",1998,57904566,"Eggs from other birds in shell, fresh, n.e.c.","no"
NA,"World","Eggs of hens or other birds in shell, fresh","Production","1000 No",1999,60502672,"Eggs from other birds in shell, fresh, n.e.c.","no"
NA,"World","Eggs of hens or other birds in shell, fresh","Production","1000 No",2000,62611037,"Eggs from other birds in shell, fresh, n.e.c.","no"
NA,"World","Eggs of hens or other birds in shell, fresh","Production","1000 No",2001,63845528,"Eggs from other birds in shell, fresh, n.e.c.","no"
NA,"World","Eggs of hens or other birds in shell, fresh","Production","1000 No",2002,65126453,"Eggs from other birds in shell, fresh, n.e.c.","no"
NA,"World","Eggs of hens or other birds in shell, fresh","Production","1000 No",2003,67863634,"Eggs from other birds in shell, fresh, n.e.c.","no"
NA,"World","Eggs of hens or other birds in shell, fresh","Production","1000 No",2004,68623648,"Eggs from other birds in shell, fresh, n.e.c.","no"
NA,"World","Eggs of hens or other birds in shell, fresh","Production","1000 No",2005,70690445,"Eggs from other birds in shell, fresh, n.e.c.","no"
NA,"World","Eggs of hens or other birds in shell, fresh","Production","1000 No",2006,70511760,"Eggs from other birds in shell, fresh, n.e.c.","no"
NA,"World","Eggs of hens or other birds in shell, fresh","Production","1000 No",2007,73209528,"Eggs from other birds in shell, fresh, n.e.c.","no"
NA,"World","Eggs of hens or other birds in shell, fresh","Production","1000 No",2008,77637098,"Eggs from other birds in shell, fresh, n.e.c.","no"
NA,"World","Eggs of hens or other birds in shell, fresh","Production","1000 No",2009,81082576,"Eggs from other birds in shell, fresh, n.e.c.","no"
NA,"World","Eggs of hens or other birds in shell, fresh","Production","1000 No",2010,82458558,"Eggs from other birds in shell, fresh, n.e.c.","no"
NA,"World","Eggs of hens or other birds in shell, fresh","Production","1000 No",2011,84208852,"Eggs from other birds in shell, fresh, n.e.c.","no"
NA,"World","Eggs of hens or other birds in shell, fresh","Production","1000 No",2012,86464443,"Eggs from other birds in shell, fresh, n.e.c.","no"
NA,"World","Eggs of hens or other birds in shell, fresh","Production","1000 No",2013,89106572,"Eggs from other birds in shell, fresh, n.e.c.","no"
NA,"World","Eggs of hens or other birds in shell, fresh","Production","1000 No",2014,90079838,"Eggs from other birds in shell, fresh, n.e.c.","no"
NA,"World","Eggs of hens or other birds in shell, fresh","Production","1000 No",2015,94012073,"Eggs from other birds in shell, fresh, n.e.c.","no"
NA,"World","Eggs of hens or other birds in shell, fresh","Production","1000 No",2016,95882171,"Eggs from other birds in shell, fresh, n.e.c.","no"
NA,"World","Eggs of hens or other birds in shell, fresh","Production","1000 No",2017,92260044,"Eggs from other birds in shell, fresh, n.e.c.","no"
NA,"World","Eggs of hens or other birds in shell, fresh","Production","1000 No",2018,92049525,"Eggs from other birds in shell, fresh, n.e.c.","no"
NA,"World","Eggs of hens or other birds in shell, fresh","Production","1000 No",2019,94567322,"Eggs from other birds in shell, fresh, n.e.c.","no"
NA,"World","Eggs of hens or other birds in shell, fresh","Production","1000 No",2020,99035017,"Eggs from other birds in shell, fresh, n.e.c.","no"
NA,"World","Eggs of hens or other birds in shell, fresh","Production","1000 No",2021,97459051,"Eggs from other birds in shell, fresh, n.e.c.","no"
NA,"World","Eggs of hens or other birds in shell, fresh","Production","1000 No",2022,98378023,"Eggs from other birds in shell, fresh, n.e.c.","no"
NA,"World","Eggs of hens or other birds in shell, fresh","Production","1000 No",2023,100938505,"Eggs from other birds in shell, fresh, n.e.c.","no"
NA,"World","Animal fats","Production","t",1992,13098.34,"Fat of camels","no"
NA,"World","Animal fats","Production","t",1993,13084.93,"Fat of camels","no"
NA,"World","Animal fats","Production","t",1994,13496.82,"Fat of camels","no"
NA,"World","Animal fats","Production","t",1995,13403.5,"Fat of camels","no"
NA,"World","Animal fats","Production","t",1996,15316.33,"Fat of camels","no"
NA,"World","Animal fats","Production","t",1997,14910.35,"Fat of camels","no"
NA,"World","Animal fats","Production","t",1998,15039.76,"Fat of camels","no"
NA,"World","Animal fats","Production","t",1999,14858.89,"Fat of camels","no"
NA,"World","Animal fats","Production","t",2000,15102.9,"Fat of camels","no"
NA,"World","Animal fats","Production","t",2001,15366.98,"Fat of camels","no"
NA,"World","Animal fats","Production","t",2002,15122.3,"Fat of camels","no"
NA,"World","Animal fats","Production","t",2003,15496.77,"Fat of camels","no"
NA,"World","Animal fats","Production","t",2004,15910.78,"Fat of camels","no"
NA,"World","Animal fats","Production","t",2005,15056.2,"Fat of camels","no"
NA,"World","Animal fats","Production","t",2006,16107.92,"Fat of camels","no"
NA,"World","Animal fats","Production","t",2007,17171.07,"Fat of camels","no"
NA,"World","Animal fats","Production","t",2008,18134.62,"Fat of camels","no"
NA,"World","Animal fats","Production","t",2009,18184.48,"Fat of camels","no"
NA,"World","Animal fats","Production","t",2010,18985.17,"Fat of camels","no"
NA,"World","Animal fats","Production","t",2011,19555.72,"Fat of camels","no"
NA,"World","Animal fats","Production","t",2012,19869.52,"Fat of camels","no"
NA,"World","Animal fats","Production","t",2013,21175.84,"Fat of camels","no"
NA,"World","Animal fats","Production","t",2014,21512.16,"Fat of camels","no"
NA,"World","Animal fats","Production","t",2015,22284.02,"Fat of camels","no"
NA,"World","Animal fats","Production","t",2016,22991.4,"Fat of camels","no"
NA,"World","Animal fats","Production","t",2017,23846.76,"Fat of camels","no"
NA,"World","Animal fats","Production","t",2018,23235.04,"Fat of camels","no"
NA,"World","Animal fats","Production","t",2019,25495.98,"Fat of camels","no"
NA,"World","Animal fats","Production","t",2020,26067.67,"Fat of camels","no"
NA,"World","Animal fats","Production","t",2021,25564.38,"Fat of camels","no"
NA,"World","Animal fats","Production","t",2022,26372.47,"Fat of camels","no"
NA,"World","Animal fats","Production","t",2023,27659.63,"Fat of camels","no"
NA,"World","Animal fats","Production","t",1992,6967410.79,"Fat of pigs","no"
NA,"World","Animal fats","Production","t",1993,7202284.84,"Fat of pigs","no"
NA,"World","Animal fats","Production","t",1994,7429665.34,"Fat of pigs","no"
NA,"World","Animal fats","Production","t",1995,7728332.74,"Fat of pigs","no"
NA,"World","Animal fats","Production","t",1996,7388756.34,"Fat of pigs","no"
NA,"World","Animal fats","Production","t",1997,7611699.15,"Fat of pigs","no"
NA,"World","Animal fats","Production","t",1998,8162812.99,"Fat of pigs","no"
NA,"World","Animal fats","Production","t",1999,8328842.08,"Fat of pigs","no"
NA,"World","Animal fats","Production","t",2000,8203273.84,"Fat of pigs","no"
NA,"World","Animal fats","Production","t",2001,8260358.38,"Fat of pigs","no"
NA,"World","Animal fats","Production","t",2002,8476037.59,"Fat of pigs","no"
NA,"World","Animal fats","Production","t",2003,8707217.9,"Fat of pigs","no"
NA,"World","Animal fats","Production","t",2004,8776778.41,"Fat of pigs","no"
NA,"World","Animal fats","Production","t",2005,8940498.35,"Fat of pigs","no"
NA,"World","Animal fats","Production","t",2006,9143078.09,"Fat of pigs","no"
NA,"World","Animal fats","Production","t",2007,9210306.7,"Fat of pigs","no"
NA,"World","Animal fats","Production","t",2008,9561875.48,"Fat of pigs","no"
NA,"World","Animal fats","Production","t",2009,9697553,"Fat of pigs","no"
NA,"World","Animal fats","Production","t",2010,9852319.02,"Fat of pigs","no"
NA,"World","Animal fats","Production","t",2011,9948047.77,"Fat of pigs","no"
NA,"World","Animal fats","Production","t",2012,10173231.1,"Fat of pigs","no"
NA,"World","Animal fats","Production","t",2013,10284140.72,"Fat of pigs","no"
NA,"World","Animal fats","Production","t",2014,10410774.51,"Fat of pigs","no"
NA,"World","Animal fats","Production","t",2015,10761183.61,"Fat of pigs","no"
NA,"World","Animal fats","Production","t",2016,10807555.1,"Fat of pigs","no"
NA,"World","Animal fats","Production","t",2017,10922148.08,"Fat of pigs","no"
NA,"World","Animal fats","Production","t",2018,10978707.99,"Fat of pigs","no"
NA,"World","Animal fats","Production","t",2019,10445613.69,"Fat of pigs","no"
NA,"World","Animal fats","Production","t",2020,10503560.03,"Fat of pigs","no"
NA,"World","Animal fats","Production","t",2021,11157589.48,"Fat of pigs","no"
NA,"World","Animal fats","Production","t",2022,11148353.43,"Fat of pigs","no"
NA,"World","Animal fats","Production","t",2023,11248942.31,"Fat of pigs","no"
NA,"World","Fruits and nuts","Area harvested","ha",1992,328785,"Figs","no"
NA,"World","Fruits and nuts","Area harvested","ha",1993,300081,"Figs","no"
NA,"World","Fruits and nuts","Area harvested","ha",1994,300761,"Figs","no"
NA,"World","Fruits and nuts","Area harvested","ha",1995,290161,"Figs","no"
NA,"World","Fruits and nuts","Area harvested","ha",1996,299509,"Figs","no"
NA,"World","Fruits and nuts","Area harvested","ha",1997,300818,"Figs","no"
NA,"World","Fruits and nuts","Area harvested","ha",1998,308450,"Figs","no"
NA,"World","Fruits and nuts","Area harvested","ha",1999,304484,"Figs","no"
NA,"World","Fruits and nuts","Area harvested","ha",2000,277903,"Figs","no"
NA,"World","Fruits and nuts","Area harvested","ha",2001,302577,"Figs","no"
NA,"World","Fruits and nuts","Area harvested","ha",2002,299170,"Figs","no"
NA,"World","Fruits and nuts","Area harvested","ha",2003,304298,"Figs","no"
NA,"World","Fruits and nuts","Area harvested","ha",2004,306011,"Figs","no"
NA,"World","Fruits and nuts","Area harvested","ha",2005,312822,"Figs","no"
NA,"World","Fruits and nuts","Area harvested","ha",2006,342391,"Figs","no"
NA,"World","Fruits and nuts","Area harvested","ha",2007,351270,"Figs","no"
NA,"World","Fruits and nuts","Area harvested","ha",2008,294345,"Figs","no"
NA,"World","Fruits and nuts","Area harvested","ha",2009,301887,"Figs","no"
NA,"World","Fruits and nuts","Area harvested","ha",2010,308199,"Figs","no"
NA,"World","Fruits and nuts","Area harvested","ha",2011,309166,"Figs","no"
NA,"World","Fruits and nuts","Area harvested","ha",2012,307205,"Figs","no"
NA,"World","Fruits and nuts","Area harvested","ha",2013,314795,"Figs","no"
NA,"World","Fruits and nuts","Area harvested","ha",2014,312022,"Figs","no"
NA,"World","Fruits and nuts","Area harvested","ha",2015,294387,"Figs","no"
NA,"World","Fruits and nuts","Area harvested","ha",2016,277830,"Figs","no"
NA,"World","Fruits and nuts","Area harvested","ha",2017,277623,"Figs","no"
NA,"World","Fruits and nuts","Area harvested","ha",2018,290451,"Figs","no"
NA,"World","Fruits and nuts","Area harvested","ha",2019,287056,"Figs","no"
NA,"World","Fruits and nuts","Area harvested","ha",2020,287279,"Figs","no"
NA,"World","Fruits and nuts","Area harvested","ha",2021,293861,"Figs","no"
NA,"World","Fruits and nuts","Area harvested","ha",2022,299290,"Figs","no"
NA,"World","Fruits and nuts","Area harvested","ha",2023,299768,"Figs","no"
NA,"World","Fruits and nuts","Yield","kg/ha",1992,3275.8,"Figs","no"
NA,"World","Fruits and nuts","Yield","kg/ha",1993,3478.8,"Figs","no"
NA,"World","Fruits and nuts","Yield","kg/ha",1994,3533.7,"Figs","no"
NA,"World","Fruits and nuts","Yield","kg/ha",1995,3849.4,"Figs","no"
NA,"World","Fruits and nuts","Yield","kg/ha",1996,3527.3,"Figs","no"
NA,"World","Fruits and nuts","Yield","kg/ha",1997,3457.1,"Figs","no"
NA,"World","Fruits and nuts","Yield","kg/ha",1998,3440.1,"Figs","no"
NA,"World","Fruits and nuts","Yield","kg/ha",1999,3619.7,"Figs","no"
NA,"World","Fruits and nuts","Yield","kg/ha",2000,3587.7,"Figs","no"
NA,"World","Fruits and nuts","Yield","kg/ha",2001,3065.4,"Figs","no"
NA,"World","Fruits and nuts","Yield","kg/ha",2002,3434.8,"Figs","no"
NA,"World","Fruits and nuts","Yield","kg/ha",2003,3263.6,"Figs","no"
NA,"World","Fruits and nuts","Yield","kg/ha",2004,3318.2,"Figs","no"
NA,"World","Fruits and nuts","Yield","kg/ha",2005,3486.9,"Figs","no"
NA,"World","Fruits and nuts","Yield","kg/ha",2006,3452.2,"Figs","no"
NA,"World","Fruits and nuts","Yield","kg/ha",2007,2909.9,"Figs","no"
NA,"World","Fruits and nuts","Yield","kg/ha",2008,3585,"Figs","no"
NA,"World","Fruits and nuts","Yield","kg/ha",2009,3784.9,"Figs","no"
NA,"World","Fruits and nuts","Yield","kg/ha",2010,3457,"Figs","no"
NA,"World","Fruits and nuts","Yield","kg/ha",2011,3449.6,"Figs","no"
NA,"World","Fruits and nuts","Yield","kg/ha",2012,3442.4,"Figs","no"
NA,"World","Fruits and nuts","Yield","kg/ha",2013,3597,"Figs","no"
NA,"World","Fruits and nuts","Yield","kg/ha",2014,3687.3,"Figs","no"
NA,"World","Fruits and nuts","Yield","kg/ha",2015,3971.4,"Figs","no"
NA,"World","Fruits and nuts","Yield","kg/ha",2016,3879.6,"Figs","no"
NA,"World","Fruits and nuts","Yield","kg/ha",2017,4233.2,"Figs","no"
NA,"World","Fruits and nuts","Yield","kg/ha",2018,4268.5,"Figs","no"
NA,"World","Fruits and nuts","Yield","kg/ha",2019,4617.1,"Figs","no"
NA,"World","Fruits and nuts","Yield","kg/ha",2020,4853.1,"Figs","no"
NA,"World","Fruits and nuts","Yield","kg/ha",2021,4498.6,"Figs","no"
NA,"World","Fruits and nuts","Yield","kg/ha",2022,4320.5,"Figs","no"
NA,"World","Fruits and nuts","Yield","kg/ha",2023,4352.9,"Figs","no"
NA,"World","Fruits and nuts","Production","t",1992,1077047.1,"Figs","no"
NA,"World","Fruits and nuts","Production","t",1993,1043920.37,"Figs","no"
NA,"World","Fruits and nuts","Production","t",1994,1062810.21,"Figs","no"
NA,"World","Fruits and nuts","Production","t",1995,1116953.29,"Figs","no"
NA,"World","Fruits and nuts","Production","t",1996,1056463.57,"Figs","no"
NA,"World","Fruits and nuts","Production","t",1997,1039951.77,"Figs","no"
NA,"World","Fruits and nuts","Production","t",1998,1061109.29,"Figs","no"
NA,"World","Fruits and nuts","Production","t",1999,1102137.71,"Figs","no"
NA,"World","Fruits and nuts","Production","t",2000,997044.49,"Figs","no"
NA,"World","Fruits and nuts","Production","t",2001,927503.99,"Figs","no"
NA,"World","Fruits and nuts","Production","t",2002,1027594.41,"Figs","no"
NA,"World","Fruits and nuts","Production","t",2003,993106.11,"Figs","no"
NA,"World","Fruits and nuts","Production","t",2004,1015397.24,"Figs","no"
NA,"World","Fruits and nuts","Production","t",2005,1090790.81,"Figs","no"
NA,"World","Fruits and nuts","Production","t",2006,1181996.94,"Figs","no"
NA,"World","Fruits and nuts","Production","t",2007,1022165.86,"Figs","no"
NA,"World","Fruits and nuts","Production","t",2008,1055223.2,"Figs","no"
NA,"World","Fruits and nuts","Production","t",2009,1142611.73,"Figs","no"
NA,"World","Fruits and nuts","Production","t",2010,1065430.51,"Figs","no"
NA,"World","Fruits and nuts","Production","t",2011,1066508.2,"Figs","no"
NA,"World","Fruits and nuts","Production","t",2012,1057517.8,"Figs","no"
NA,"World","Fruits and nuts","Production","t",2013,1132330.27,"Figs","no"
NA,"World","Fruits and nuts","Production","t",2014,1150513.57,"Figs","no"
NA,"World","Fruits and nuts","Production","t",2015,1169130.23,"Figs","no"
NA,"World","Fruits and nuts","Production","t",2016,1077869.56,"Figs","no"
NA,"World","Fruits and nuts","Production","t",2017,1175233.77,"Figs","no"
NA,"World","Fruits and nuts","Production","t",2018,1239791.48,"Figs","no"
NA,"World","Fruits and nuts","Production","t",2019,1325376.16,"Figs","no"
NA,"World","Fruits and nuts","Production","t",2020,1394187.92,"Figs","no"
NA,"World","Fruits and nuts","Production","t",2021,1321976.01,"Figs","no"
NA,"World","Fruits and nuts","Production","t",2022,1293092.29,"Figs","no"
NA,"World","Fruits and nuts","Production","t",2023,1304848.57,"Figs","no"
NA,"World","Forage products; fibre crops; plants used in perfumery, pharmacy, or for insecticidal, fungicidal or similar purposes; beet, forage plant and flower seeds; natural rubber; living plants, cut flowers and flower buds; unmanufactured tobacco; other raw vegetable materials","Area harvested","ha",1992,808186,"Flax, raw or retted","no"
NA,"World","Forage products; fibre crops; plants used in perfumery, pharmacy, or for insecticidal, fungicidal or similar purposes; beet, forage plant and flower seeds; natural rubber; living plants, cut flowers and flower buds; unmanufactured tobacco; other raw vegetable materials","Area harvested","ha",1993,649299,"Flax, raw or retted","no"
NA,"World","Forage products; fibre crops; plants used in perfumery, pharmacy, or for insecticidal, fungicidal or similar purposes; beet, forage plant and flower seeds; natural rubber; living plants, cut flowers and flower buds; unmanufactured tobacco; other raw vegetable materials","Area harvested","ha",1994,528952,"Flax, raw or retted","no"
NA,"World","Forage products; fibre crops; plants used in perfumery, pharmacy, or for insecticidal, fungicidal or similar purposes; beet, forage plant and flower seeds; natural rubber; living plants, cut flowers and flower buds; unmanufactured tobacco; other raw vegetable materials","Area harvested","ha",1995,625666,"Flax, raw or retted","no"
NA,"World","Forage products; fibre crops; plants used in perfumery, pharmacy, or for insecticidal, fungicidal or similar purposes; beet, forage plant and flower seeds; natural rubber; living plants, cut flowers and flower buds; unmanufactured tobacco; other raw vegetable materials","Area harvested","ha",1996,544708,"Flax, raw or retted","no"
NA,"World","Forage products; fibre crops; plants used in perfumery, pharmacy, or for insecticidal, fungicidal or similar purposes; beet, forage plant and flower seeds; natural rubber; living plants, cut flowers and flower buds; unmanufactured tobacco; other raw vegetable materials","Area harvested","ha",1997,449070,"Flax, raw or retted","no"
NA,"World","Forage products; fibre crops; plants used in perfumery, pharmacy, or for insecticidal, fungicidal or similar purposes; beet, forage plant and flower seeds; natural rubber; living plants, cut flowers and flower buds; unmanufactured tobacco; other raw vegetable materials","Area harvested","ha",1998,455623,"Flax, raw or retted","no"
NA,"World","Forage products; fibre crops; plants used in perfumery, pharmacy, or for insecticidal, fungicidal or similar purposes; beet, forage plant and flower seeds; natural rubber; living plants, cut flowers and flower buds; unmanufactured tobacco; other raw vegetable materials","Area harvested","ha",1999,474833,"Flax, raw or retted","no"
NA,"World","Forage products; fibre crops; plants used in perfumery, pharmacy, or for insecticidal, fungicidal or similar purposes; beet, forage plant and flower seeds; natural rubber; living plants, cut flowers and flower buds; unmanufactured tobacco; other raw vegetable materials","Area harvested","ha",2000,446927,"Flax, raw or retted","no"
NA,"World","Forage products; fibre crops; plants used in perfumery, pharmacy, or for insecticidal, fungicidal or similar purposes; beet, forage plant and flower seeds; natural rubber; living plants, cut flowers and flower buds; unmanufactured tobacco; other raw vegetable materials","Area harvested","ha",2001,513234,"Flax, raw or retted","no"
NA,"World","Forage products; fibre crops; plants used in perfumery, pharmacy, or for insecticidal, fungicidal or similar purposes; beet, forage plant and flower seeds; natural rubber; living plants, cut flowers and flower buds; unmanufactured tobacco; other raw vegetable materials","Area harvested","ha",2002,457944,"Flax, raw or retted","no"
NA,"World","Forage products; fibre crops; plants used in perfumery, pharmacy, or for insecticidal, fungicidal or similar purposes; beet, forage plant and flower seeds; natural rubber; living plants, cut flowers and flower buds; unmanufactured tobacco; other raw vegetable materials","Area harvested","ha",2003,488495,"Flax, raw or retted","no"
NA,"World","Forage products; fibre crops; plants used in perfumery, pharmacy, or for insecticidal, fungicidal or similar purposes; beet, forage plant and flower seeds; natural rubber; living plants, cut flowers and flower buds; unmanufactured tobacco; other raw vegetable materials","Area harvested","ha",2004,518532,"Flax, raw or retted","no"
NA,"World","Forage products; fibre crops; plants used in perfumery, pharmacy, or for insecticidal, fungicidal or similar purposes; beet, forage plant and flower seeds; natural rubber; living plants, cut flowers and flower buds; unmanufactured tobacco; other raw vegetable materials","Area harvested","ha",2005,494209,"Flax, raw or retted","no"
NA,"World","Forage products; fibre crops; plants used in perfumery, pharmacy, or for insecticidal, fungicidal or similar purposes; beet, forage plant and flower seeds; natural rubber; living plants, cut flowers and flower buds; unmanufactured tobacco; other raw vegetable materials","Area harvested","ha",2006,356169,"Flax, raw or retted","no"
NA,"World","Forage products; fibre crops; plants used in perfumery, pharmacy, or for insecticidal, fungicidal or similar purposes; beet, forage plant and flower seeds; natural rubber; living plants, cut flowers and flower buds; unmanufactured tobacco; other raw vegetable materials","Area harvested","ha",2007,336928,"Flax, raw or retted","no"
NA,"World","Forage products; fibre crops; plants used in perfumery, pharmacy, or for insecticidal, fungicidal or similar purposes; beet, forage plant and flower seeds; natural rubber; living plants, cut flowers and flower buds; unmanufactured tobacco; other raw vegetable materials","Area harvested","ha",2008,323806,"Flax, raw or retted","no"
NA,"World","Forage products; fibre crops; plants used in perfumery, pharmacy, or for insecticidal, fungicidal or similar purposes; beet, forage plant and flower seeds; natural rubber; living plants, cut flowers and flower buds; unmanufactured tobacco; other raw vegetable materials","Area harvested","ha",2009,249838,"Flax, raw or retted","no"
NA,"World","Forage products; fibre crops; plants used in perfumery, pharmacy, or for insecticidal, fungicidal or similar purposes; beet, forage plant and flower seeds; natural rubber; living plants, cut flowers and flower buds; unmanufactured tobacco; other raw vegetable materials","Area harvested","ha",2010,208239,"Flax, raw or retted","no"
NA,"World","Forage products; fibre crops; plants used in perfumery, pharmacy, or for insecticidal, fungicidal or similar purposes; beet, forage plant and flower seeds; natural rubber; living plants, cut flowers and flower buds; unmanufactured tobacco; other raw vegetable materials","Area harvested","ha",2011,219053,"Flax, raw or retted","no"
NA,"World","Forage products; fibre crops; plants used in perfumery, pharmacy, or for insecticidal, fungicidal or similar purposes; beet, forage plant and flower seeds; natural rubber; living plants, cut flowers and flower buds; unmanufactured tobacco; other raw vegetable materials","Area harvested","ha",2012,223116,"Flax, raw or retted","no"
NA,"World","Forage products; fibre crops; plants used in perfumery, pharmacy, or for insecticidal, fungicidal or similar purposes; beet, forage plant and flower seeds; natural rubber; living plants, cut flowers and flower buds; unmanufactured tobacco; other raw vegetable materials","Area harvested","ha",2013,205302,"Flax, raw or retted","no"
NA,"World","Forage products; fibre crops; plants used in perfumery, pharmacy, or for insecticidal, fungicidal or similar purposes; beet, forage plant and flower seeds; natural rubber; living plants, cut flowers and flower buds; unmanufactured tobacco; other raw vegetable materials","Area harvested","ha",2014,203381,"Flax, raw or retted","no"
NA,"World","Forage products; fibre crops; plants used in perfumery, pharmacy, or for insecticidal, fungicidal or similar purposes; beet, forage plant and flower seeds; natural rubber; living plants, cut flowers and flower buds; unmanufactured tobacco; other raw vegetable materials","Area harvested","ha",2015,214756,"Flax, raw or retted","no"
NA,"World","Forage products; fibre crops; plants used in perfumery, pharmacy, or for insecticidal, fungicidal or similar purposes; beet, forage plant and flower seeds; natural rubber; living plants, cut flowers and flower buds; unmanufactured tobacco; other raw vegetable materials","Area harvested","ha",2016,224354,"Flax, raw or retted","no"
NA,"World","Forage products; fibre crops; plants used in perfumery, pharmacy, or for insecticidal, fungicidal or similar purposes; beet, forage plant and flower seeds; natural rubber; living plants, cut flowers and flower buds; unmanufactured tobacco; other raw vegetable materials","Area harvested","ha",2017,234822,"Flax, raw or retted","no"
NA,"World","Forage products; fibre crops; plants used in perfumery, pharmacy, or for insecticidal, fungicidal or similar purposes; beet, forage plant and flower seeds; natural rubber; living plants, cut flowers and flower buds; unmanufactured tobacco; other raw vegetable materials","Area harvested","ha",2018,240212,"Flax, raw or retted","no"
NA,"World","Forage products; fibre crops; plants used in perfumery, pharmacy, or for insecticidal, fungicidal or similar purposes; beet, forage plant and flower seeds; natural rubber; living plants, cut flowers and flower buds; unmanufactured tobacco; other raw vegetable materials","Area harvested","ha",2019,263826,"Flax, raw or retted","no"
NA,"World","Forage products; fibre crops; plants used in perfumery, pharmacy, or for insecticidal, fungicidal or similar purposes; beet, forage plant and flower seeds; natural rubber; living plants, cut flowers and flower buds; unmanufactured tobacco; other raw vegetable materials","Area harvested","ha",2020,285109,"Flax, raw or retted","no"
NA,"World","Forage products; fibre crops; plants used in perfumery, pharmacy, or for insecticidal, fungicidal or similar purposes; beet, forage plant and flower seeds; natural rubber; living plants, cut flowers and flower buds; unmanufactured tobacco; other raw vegetable materials","Area harvested","ha",2021,240861,"Flax, raw or retted","no"
NA,"World","Forage products; fibre crops; plants used in perfumery, pharmacy, or for insecticidal, fungicidal or similar purposes; beet, forage plant and flower seeds; natural rubber; living plants, cut flowers and flower buds; unmanufactured tobacco; other raw vegetable materials","Area harvested","ha",2022,256741,"Flax, raw or retted","no"
NA,"World","Forage products; fibre crops; plants used in perfumery, pharmacy, or for insecticidal, fungicidal or similar purposes; beet, forage plant and flower seeds; natural rubber; living plants, cut flowers and flower buds; unmanufactured tobacco; other raw vegetable materials","Area harvested","ha",2023,249984,"Flax, raw or retted","no"
NA,"World","Forage products; fibre crops; plants used in perfumery, pharmacy, or for insecticidal, fungicidal or similar purposes; beet, forage plant and flower seeds; natural rubber; living plants, cut flowers and flower buds; unmanufactured tobacco; other raw vegetable materials","Production","t",1992,744932.45,"Flax, raw or retted","no"
NA,"World","Forage products; fibre crops; plants used in perfumery, pharmacy, or for insecticidal, fungicidal or similar purposes; beet, forage plant and flower seeds; natural rubber; living plants, cut flowers and flower buds; unmanufactured tobacco; other raw vegetable materials","Production","t",1993,693579,"Flax, raw or retted","no"
NA,"World","Forage products; fibre crops; plants used in perfumery, pharmacy, or for insecticidal, fungicidal or similar purposes; beet, forage plant and flower seeds; natural rubber; living plants, cut flowers and flower buds; unmanufactured tobacco; other raw vegetable materials","Production","t",1994,842507.77,"Flax, raw or retted","no"
NA,"World","Forage products; fibre crops; plants used in perfumery, pharmacy, or for insecticidal, fungicidal or similar purposes; beet, forage plant and flower seeds; natural rubber; living plants, cut flowers and flower buds; unmanufactured tobacco; other raw vegetable materials","Production","t",1995,1004890.9,"Flax, raw or retted","no"
NA,"World","Forage products; fibre crops; plants used in perfumery, pharmacy, or for insecticidal, fungicidal or similar purposes; beet, forage plant and flower seeds; natural rubber; living plants, cut flowers and flower buds; unmanufactured tobacco; other raw vegetable materials","Production","t",1996,817955.91,"Flax, raw or retted","no"
NA,"World","Forage products; fibre crops; plants used in perfumery, pharmacy, or for insecticidal, fungicidal or similar purposes; beet, forage plant and flower seeds; natural rubber; living plants, cut flowers and flower buds; unmanufactured tobacco; other raw vegetable materials","Production","t",1997,675777.2,"Flax, raw or retted","no"
NA,"World","Forage products; fibre crops; plants used in perfumery, pharmacy, or for insecticidal, fungicidal or similar purposes; beet, forage plant and flower seeds; natural rubber; living plants, cut flowers and flower buds; unmanufactured tobacco; other raw vegetable materials","Production","t",1998,642145.04,"Flax, raw or retted","no"
NA,"World","Forage products; fibre crops; plants used in perfumery, pharmacy, or for insecticidal, fungicidal or similar purposes; beet, forage plant and flower seeds; natural rubber; living plants, cut flowers and flower buds; unmanufactured tobacco; other raw vegetable materials","Production","t",1999,767118.97,"Flax, raw or retted","no"
NA,"World","Forage products; fibre crops; plants used in perfumery, pharmacy, or for insecticidal, fungicidal or similar purposes; beet, forage plant and flower seeds; natural rubber; living plants, cut flowers and flower buds; unmanufactured tobacco; other raw vegetable materials","Production","t",2000,823702.69,"Flax, raw or retted","no"
NA,"World","Forage products; fibre crops; plants used in perfumery, pharmacy, or for insecticidal, fungicidal or similar purposes; beet, forage plant and flower seeds; natural rubber; living plants, cut flowers and flower buds; unmanufactured tobacco; other raw vegetable materials","Production","t",2001,840715.21,"Flax, raw or retted","no"
NA,"World","Forage products; fibre crops; plants used in perfumery, pharmacy, or for insecticidal, fungicidal or similar purposes; beet, forage plant and flower seeds; natural rubber; living plants, cut flowers and flower buds; unmanufactured tobacco; other raw vegetable materials","Production","t",2002,1208092.1,"Flax, raw or retted","no"
NA,"World","Forage products; fibre crops; plants used in perfumery, pharmacy, or for insecticidal, fungicidal or similar purposes; beet, forage plant and flower seeds; natural rubber; living plants, cut flowers and flower buds; unmanufactured tobacco; other raw vegetable materials","Production","t",2003,1222403.09,"Flax, raw or retted","no"
NA,"World","Forage products; fibre crops; plants used in perfumery, pharmacy, or for insecticidal, fungicidal or similar purposes; beet, forage plant and flower seeds; natural rubber; living plants, cut flowers and flower buds; unmanufactured tobacco; other raw vegetable materials","Production","t",2004,1460236.18,"Flax, raw or retted","no"
NA,"World","Forage products; fibre crops; plants used in perfumery, pharmacy, or for insecticidal, fungicidal or similar purposes; beet, forage plant and flower seeds; natural rubber; living plants, cut flowers and flower buds; unmanufactured tobacco; other raw vegetable materials","Production","t",2005,1508920.81,"Flax, raw or retted","no"
NA,"World","Forage products; fibre crops; plants used in perfumery, pharmacy, or for insecticidal, fungicidal or similar purposes; beet, forage plant and flower seeds; natural rubber; living plants, cut flowers and flower buds; unmanufactured tobacco; other raw vegetable materials","Production","t",2006,1108723.3,"Flax, raw or retted","no"
NA,"World","Forage products; fibre crops; plants used in perfumery, pharmacy, or for insecticidal, fungicidal or similar purposes; beet, forage plant and flower seeds; natural rubber; living plants, cut flowers and flower buds; unmanufactured tobacco; other raw vegetable materials","Production","t",2007,908006.3,"Flax, raw or retted","no"
NA,"World","Forage products; fibre crops; plants used in perfumery, pharmacy, or for insecticidal, fungicidal or similar purposes; beet, forage plant and flower seeds; natural rubber; living plants, cut flowers and flower buds; unmanufactured tobacco; other raw vegetable materials","Production","t",2008,977827.36,"Flax, raw or retted","no"
NA,"World","Forage products; fibre crops; plants used in perfumery, pharmacy, or for insecticidal, fungicidal or similar purposes; beet, forage plant and flower seeds; natural rubber; living plants, cut flowers and flower buds; unmanufactured tobacco; other raw vegetable materials","Production","t",2009,661279.68,"Flax, raw or retted","no"
NA,"World","Forage products; fibre crops; plants used in perfumery, pharmacy, or for insecticidal, fungicidal or similar purposes; beet, forage plant and flower seeds; natural rubber; living plants, cut flowers and flower buds; unmanufactured tobacco; other raw vegetable materials","Production","t",2010,602537.66,"Flax, raw or retted","no"
NA,"World","Forage products; fibre crops; plants used in perfumery, pharmacy, or for insecticidal, fungicidal or similar purposes; beet, forage plant and flower seeds; natural rubber; living plants, cut flowers and flower buds; unmanufactured tobacco; other raw vegetable materials","Production","t",2011,485173.71,"Flax, raw or retted","no"
NA,"World","Forage products; fibre crops; plants used in perfumery, pharmacy, or for insecticidal, fungicidal or similar purposes; beet, forage plant and flower seeds; natural rubber; living plants, cut flowers and flower buds; unmanufactured tobacco; other raw vegetable materials","Production","t",2012,715719.07,"Flax, raw or retted","no"
NA,"World","Forage products; fibre crops; plants used in perfumery, pharmacy, or for insecticidal, fungicidal or similar purposes; beet, forage plant and flower seeds; natural rubber; living plants, cut flowers and flower buds; unmanufactured tobacco; other raw vegetable materials","Production","t",2013,678200.59,"Flax, raw or retted","no"
NA,"World","Forage products; fibre crops; plants used in perfumery, pharmacy, or for insecticidal, fungicidal or similar purposes; beet, forage plant and flower seeds; natural rubber; living plants, cut flowers and flower buds; unmanufactured tobacco; other raw vegetable materials","Production","t",2014,765529.42,"Flax, raw or retted","no"
NA,"World","Forage products; fibre crops; plants used in perfumery, pharmacy, or for insecticidal, fungicidal or similar purposes; beet, forage plant and flower seeds; natural rubber; living plants, cut flowers and flower buds; unmanufactured tobacco; other raw vegetable materials","Production","t",2015,749836.99,"Flax, raw or retted","no"
NA,"World","Forage products; fibre crops; plants used in perfumery, pharmacy, or for insecticidal, fungicidal or similar purposes; beet, forage plant and flower seeds; natural rubber; living plants, cut flowers and flower buds; unmanufactured tobacco; other raw vegetable materials","Production","t",2016,831594.89,"Flax, raw or retted","no"
NA,"World","Forage products; fibre crops; plants used in perfumery, pharmacy, or for insecticidal, fungicidal or similar purposes; beet, forage plant and flower seeds; natural rubber; living plants, cut flowers and flower buds; unmanufactured tobacco; other raw vegetable materials","Production","t",2017,800991.16,"Flax, raw or retted","no"
NA,"World","Forage products; fibre crops; plants used in perfumery, pharmacy, or for insecticidal, fungicidal or similar purposes; beet, forage plant and flower seeds; natural rubber; living plants, cut flowers and flower buds; unmanufactured tobacco; other raw vegetable materials","Production","t",2018,864617.97,"Flax, raw or retted","no"
NA,"World","Forage products; fibre crops; plants used in perfumery, pharmacy, or for insecticidal, fungicidal or similar purposes; beet, forage plant and flower seeds; natural rubber; living plants, cut flowers and flower buds; unmanufactured tobacco; other raw vegetable materials","Production","t",2019,1091186.57,"Flax, raw or retted","no"
NA,"World","Forage products; fibre crops; plants used in perfumery, pharmacy, or for insecticidal, fungicidal or similar purposes; beet, forage plant and flower seeds; natural rubber; living plants, cut flowers and flower buds; unmanufactured tobacco; other raw vegetable materials","Production","t",2020,971242.9,"Flax, raw or retted","no"
NA,"World","Forage products; fibre crops; plants used in perfumery, pharmacy, or for insecticidal, fungicidal or similar purposes; beet, forage plant and flower seeds; natural rubber; living plants, cut flowers and flower buds; unmanufactured tobacco; other raw vegetable materials","Production","t",2021,897882.04,"Flax, raw or retted","no"
NA,"World","Forage products; fibre crops; plants used in perfumery, pharmacy, or for insecticidal, fungicidal or similar purposes; beet, forage plant and flower seeds; natural rubber; living plants, cut flowers and flower buds; unmanufactured tobacco; other raw vegetable materials","Production","t",2022,875994.92,"Flax, raw or retted","no"
NA,"World","Forage products; fibre crops; plants used in perfumery, pharmacy, or for insecticidal, fungicidal or similar purposes; beet, forage plant and flower seeds; natural rubber; living plants, cut flowers and flower buds; unmanufactured tobacco; other raw vegetable materials","Production","t",2023,708536,"Flax, raw or retted","no"
NA,"World","Cereals","Area harvested","ha",1992,296942,"Fonio","no"
NA,"World","Cereals","Area harvested","ha",1993,314350,"Fonio","no"
NA,"World","Cereals","Area harvested","ha",1994,331057,"Fonio","no"
NA,"World","Cereals","Area harvested","ha",1995,329365,"Fonio","no"
NA,"World","Cereals","Area harvested","ha",1996,329501,"Fonio","no"
NA,"World","Cereals","Area harvested","ha",1997,337234,"Fonio","no"
NA,"World","Cereals","Area harvested","ha",1998,337712,"Fonio","no"
NA,"World","Cereals","Area harvested","ha",1999,365643,"Fonio","no"
NA,"World","Cereals","Area harvested","ha",2000,380716,"Fonio","no"
NA,"World","Cereals","Area harvested","ha",2001,401016,"Fonio","no"
NA,"World","Cereals","Area harvested","ha",2002,417647,"Fonio","no"
NA,"World","Cereals","Area harvested","ha",2003,419869,"Fonio","no"
NA,"World","Cereals","Area harvested","ha",2004,428683,"Fonio","no"
NA,"World","Cereals","Area harvested","ha",2005,481977,"Fonio","no"
NA,"World","Cereals","Area harvested","ha",2006,459355,"Fonio","no"
NA,"World","Cereals","Area harvested","ha",2007,416333,"Fonio","no"
NA,"World","Cereals","Area harvested","ha",2008,452537,"Fonio","no"
NA,"World","Cereals","Area harvested","ha",2009,507183,"Fonio","no"
NA,"World","Cereals","Area harvested","ha",2010,553667,"Fonio","no"
NA,"World","Cereals","Area harvested","ha",2011,604096,"Fonio","no"
NA,"World","Cereals","Area harvested","ha",2012,712780,"Fonio","no"
NA,"World","Cereals","Area harvested","ha",2013,718092,"Fonio","no"
NA,"World","Cereals","Area harvested","ha",2014,797424,"Fonio","no"
NA,"World","Cereals","Area harvested","ha",2015,888642,"Fonio","no"
NA,"World","Cereals","Area harvested","ha",2016,885398,"Fonio","no"
NA,"World","Cereals","Area harvested","ha",2017,893899,"Fonio","no"
NA,"World","Cereals","Area harvested","ha",2018,897036,"Fonio","no"
NA,"World","Cereals","Area harvested","ha",2019,873808,"Fonio","no"
NA,"World","Cereals","Area harvested","ha",2020,884468,"Fonio","no"
NA,"World","Cereals","Area harvested","ha",2021,894333,"Fonio","no"
NA,"World","Cereals","Area harvested","ha",2022,885004,"Fonio","no"
NA,"World","Cereals","Area harvested","ha",2023,927798,"Fonio","no"
NA,"World","Cereals","Yield","kg/ha",1992,554,"Fonio","no"
NA,"World","Cereals","Yield","kg/ha",1993,658.2,"Fonio","no"
NA,"World","Cereals","Yield","kg/ha",1994,580.8,"Fonio","no"
NA,"World","Cereals","Yield","kg/ha",1995,649.6,"Fonio","no"
NA,"World","Cereals","Yield","kg/ha",1996,662.4,"Fonio","no"
NA,"World","Cereals","Yield","kg/ha",1997,661.3,"Fonio","no"
NA,"World","Cereals","Yield","kg/ha",1998,699.5,"Fonio","no"
NA,"World","Cereals","Yield","kg/ha",1999,706,"Fonio","no"
NA,"World","Cereals","Yield","kg/ha",2000,814.1,"Fonio","no"
NA,"World","Cereals","Yield","kg/ha",2001,779.7,"Fonio","no"
NA,"World","Cereals","Yield","kg/ha",2002,762.3,"Fonio","no"
NA,"World","Cereals","Yield","kg/ha",2003,781.8,"Fonio","no"
NA,"World","Cereals","Yield","kg/ha",2004,789.4,"Fonio","no"
NA,"World","Cereals","Yield","kg/ha",2005,770,"Fonio","no"
NA,"World","Cereals","Yield","kg/ha",2006,798.6,"Fonio","no"
NA,"World","Cereals","Yield","kg/ha",2007,895,"Fonio","no"
NA,"World","Cereals","Yield","kg/ha",2008,1068,"Fonio","no"
NA,"World","Cereals","Yield","kg/ha",2009,996.4,"Fonio","no"
NA,"World","Cereals","Yield","kg/ha",2010,1011.5,"Fonio","no"
NA,"World","Cereals","Yield","kg/ha",2011,963.5,"Fonio","no"
NA,"World","Cereals","Yield","kg/ha",2012,808.2,"Fonio","no"
NA,"World","Cereals","Yield","kg/ha",2013,850.5,"Fonio","no"
NA,"World","Cereals","Yield","kg/ha",2014,788.8,"Fonio","no"
NA,"World","Cereals","Yield","kg/ha",2015,726.3,"Fonio","no"
NA,"World","Cereals","Yield","kg/ha",2016,723.7,"Fonio","no"
NA,"World","Cereals","Yield","kg/ha",2017,745.1,"Fonio","no"
NA,"World","Cereals","Yield","kg/ha",2018,720.4,"Fonio","no"
NA,"World","Cereals","Yield","kg/ha",2019,726.9,"Fonio","no"
NA,"World","Cereals","Yield","kg/ha",2020,747.7,"Fonio","no"
NA,"World","Cereals","Yield","kg/ha",2021,744.6,"Fonio","no"
NA,"World","Cereals","Yield","kg/ha",2022,745.4,"Fonio","no"
NA,"World","Cereals","Yield","kg/ha",2023,742.9,"Fonio","no"
NA,"World","Cereals","Production","t",1992,164514,"Fonio","no"
NA,"World","Cereals","Production","t",1993,206916,"Fonio","no"
NA,"World","Cereals","Production","t",1994,192264,"Fonio","no"
NA,"World","Cereals","Production","t",1995,213958,"Fonio","no"
NA,"World","Cereals","Production","t",1996,218267,"Fonio","no"
NA,"World","Cereals","Production","t",1997,223016,"Fonio","no"
NA,"World","Cereals","Production","t",1998,236238,"Fonio","no"
NA,"World","Cereals","Production","t",1999,258138,"Fonio","no"
NA,"World","Cereals","Production","t",2000,309957.55,"Fonio","no"
NA,"World","Cereals","Production","t",2001,312664,"Fonio","no"
NA,"World","Cereals","Production","t",2002,318391,"Fonio","no"
NA,"World","Cereals","Production","t",2003,328270,"Fonio","no"
NA,"World","Cereals","Production","t",2004,338413,"Fonio","no"
NA,"World","Cereals","Production","t",2005,371117.37,"Fonio","no"
NA,"World","Cereals","Production","t",2006,366858,"Fonio","no"
NA,"World","Cereals","Production","t",2007,372624,"Fonio","no"
NA,"World","Cereals","Production","t",2008,483327,"Fonio","no"
NA,"World","Cereals","Production","t",2009,505371,"Fonio","no"
NA,"World","Cereals","Production","t",2010,560032.51,"Fonio","no"
NA,"World","Cereals","Production","t",2011,582067.8,"Fonio","no"
NA,"World","Cereals","Production","t",2012,576088.02,"Fonio","no"
NA,"World","Cereals","Production","t",2013,610769.1,"Fonio","no"
NA,"World","Cereals","Production","t",2014,629002.45,"Fonio","no"
NA,"World","Cereals","Production","t",2015,645390.43,"Fonio","no"
NA,"World","Cereals","Production","t",2016,640797.45,"Fonio","no"
NA,"World","Cereals","Production","t",2017,666079.33,"Fonio","no"
NA,"World","Cereals","Production","t",2018,646242.37,"Fonio","no"
NA,"World","Cereals","Production","t",2019,635200.39,"Fonio","no"
NA,"World","Cereals","Production","t",2020,661331.35,"Fonio","no"
NA,"World","Cereals","Production","t",2021,665907.86,"Fonio","no"
NA,"World","Cereals","Production","t",2022,659653.15,"Fonio","no"
NA,"World","Cereals","Production","t",2023,689223.75,"Fonio","no"
NA,"World","Meat and meat products","Production","t",1992,1337521.78,"Game meat, fresh, chilled or frozen","no"
NA,"World","Meat and meat products","Production","t",1993,1401640.83,"Game meat, fresh, chilled or frozen","no"
NA,"World","Meat and meat products","Production","t",1994,1430178.27,"Game meat, fresh, chilled or frozen","no"
NA,"World","Meat and meat products","Production","t",1995,1514020.98,"Game meat, fresh, chilled or frozen","no"
NA,"World","Meat and meat products","Production","t",1996,1514821.85,"Game meat, fresh, chilled or frozen","no"
NA,"World","Meat and meat products","Production","t",1997,1533591.34,"Game meat, fresh, chilled or frozen","no"
NA,"World","Meat and meat products","Production","t",1998,1576084.61,"Game meat, fresh, chilled or frozen","no"
NA,"World","Meat and meat products","Production","t",1999,1611933.15,"Game meat, fresh, chilled or frozen","no"
NA,"World","Meat and meat products","Production","t",2000,1592470.22,"Game meat, fresh, chilled or frozen","no"
NA,"World","Meat and meat products","Production","t",2001,1597639.05,"Game meat, fresh, chilled or frozen","no"
NA,"World","Meat and meat products","Production","t",2002,1628186.42,"Game meat, fresh, chilled or frozen","no"
NA,"World","Meat and meat products","Production","t",2003,1653556.08,"Game meat, fresh, chilled or frozen","no"
NA,"World","Meat and meat products","Production","t",2004,1683718.91,"Game meat, fresh, chilled or frozen","no"
NA,"World","Meat and meat products","Production","t",2005,1717752.71,"Game meat, fresh, chilled or frozen","no"
NA,"World","Meat and meat products","Production","t",2006,1768843.67,"Game meat, fresh, chilled or frozen","no"
NA,"World","Meat and meat products","Production","t",2007,1804261.43,"Game meat, fresh, chilled or frozen","no"
NA,"World","Meat and meat products","Production","t",2008,1860983.6,"Game meat, fresh, chilled or frozen","no"
NA,"World","Meat and meat products","Production","t",2009,1890566.78,"Game meat, fresh, chilled or frozen","no"
NA,"World","Meat and meat products","Production","t",2010,1895439.95,"Game meat, fresh, chilled or frozen","no"
NA,"World","Meat and meat products","Production","t",2011,1959150.37,"Game meat, fresh, chilled or frozen","no"
NA,"World","Meat and meat products","Production","t",2012,1975817.94,"Game meat, fresh, chilled or frozen","no"
NA,"World","Meat and meat products","Production","t",2013,1986744.51,"Game meat, fresh, chilled or frozen","no"
NA,"World","Meat and meat products","Production","t",2014,1999751.91,"Game meat, fresh, chilled or frozen","no"
NA,"World","Meat and meat products","Production","t",2015,2043320.18,"Game meat, fresh, chilled or frozen","no"
NA,"World","Meat and meat products","Production","t",2016,2042404.64,"Game meat, fresh, chilled or frozen","no"
NA,"World","Meat and meat products","Production","t",2017,2062986.43,"Game meat, fresh, chilled or frozen","no"
NA,"World","Meat and meat products","Production","t",2018,1972270.09,"Game meat, fresh, chilled or frozen","no"
NA,"World","Meat and meat products","Production","t",2019,1990038.63,"Game meat, fresh, chilled or frozen","no"
NA,"World","Meat and meat products","Production","t",2020,1999235.9,"Game meat, fresh, chilled or frozen","no"
NA,"World","Meat and meat products","Production","t",2021,2013809.28,"Game meat, fresh, chilled or frozen","no"
NA,"World","Meat and meat products","Production","t",2022,2026003.32,"Game meat, fresh, chilled or frozen","no"
NA,"World","Meat and meat products","Production","t",2023,2045645.51,"Game meat, fresh, chilled or frozen","no"
NA,"World","Live animals","Stocks","1000 An",1992,178324,"Geese","no"
NA,"World","Live animals","Stocks","1000 An",1993,208819,"Geese","no"
NA,"World","Live animals","Stocks","1000 An",1994,225990,"Geese","no"
NA,"World","Live animals","Stocks","1000 An",1995,251085,"Geese","no"
NA,"World","Live animals","Stocks","1000 An",1996,235626,"Geese","no"
NA,"World","Live animals","Stocks","1000 An",1997,262143,"Geese","no"
NA,"World","Live animals","Stocks","1000 An",1998,217196,"Geese","no"
NA,"World","Live animals","Stocks","1000 An",1999,232141,"Geese","no"
NA,"World","Live animals","Stocks","1000 An",2000,249912,"Geese","no"
NA,"World","Live animals","Stocks","1000 An",2001,251070,"Geese","no"
NA,"World","Live animals","Stocks","1000 An",2002,287602,"Geese","no"
NA,"World","Live animals","Stocks","1000 An",2003,287044,"Geese","no"
NA,"World","Live animals","Stocks","1000 An",2004,315218,"Geese","no"
NA,"World","Live animals","Stocks","1000 An",2005,327305,"Geese","no"
NA,"World","Live animals","Stocks","1000 An",2006,338089,"Geese","no"
NA,"World","Live animals","Stocks","1000 An",2007,307576,"Geese","no"
NA,"World","Live animals","Stocks","1000 An",2008,355307,"Geese","no"
NA,"World","Live animals","Stocks","1000 An",2009,372059,"Geese","no"
NA,"World","Live animals","Stocks","1000 An",2010,391563,"Geese","no"
NA,"World","Live animals","Stocks","1000 An",2011,340781,"Geese","no"
NA,"World","Live animals","Stocks","1000 An",2012,352260,"Geese","no"
NA,"World","Live animals","Stocks","1000 An",2013,348094,"Geese","no"
NA,"World","Live animals","Stocks","1000 An",2014,339258,"Geese","no"
NA,"World","Live animals","Stocks","1000 An",2015,351979,"Geese","no"
NA,"World","Live animals","Stocks","1000 An",2016,351734,"Geese","no"
NA,"World","Live animals","Stocks","1000 An",2017,364924,"Geese","no"
NA,"World","Live animals","Stocks","1000 An",2018,374427,"Geese","no"
NA,"World","Live animals","Stocks","1000 An",2019,375380,"Geese","no"
NA,"World","Live animals","Stocks","1000 An",2020,376434,"Geese","no"
NA,"World","Live animals","Stocks","1000 An",2021,374417,"Geese","no"
NA,"World","Live animals","Stocks","1000 An",2022,377949,"Geese","no"
NA,"World","Live animals","Stocks","1000 An",2023,380368,"Geese","no"
NA,"World","Other dairy products","Production","t",1992,1307853.15,"Ghee from buffalo milk","no"
NA,"World","Other dairy products","Production","t",1993,1377626.9,"Ghee from buffalo milk","no"
NA,"World","Other dairy products","Production","t",1994,1478035.9,"Ghee from buffalo milk","no"
NA,"World","Other dairy products","Production","t",1995,1589703.6,"Ghee from buffalo milk","no"
NA,"World","Other dairy products","Production","t",1996,1708350.6,"Ghee from buffalo milk","no"
NA,"World","Other dairy products","Production","t",1997,1784794.34,"Ghee from buffalo milk","no"
NA,"World","Other dairy products","Production","t",1998,1826095.55,"Ghee from buffalo milk","no"
NA,"World","Other dairy products","Production","t",1999,1954831.16,"Ghee from buffalo milk","no"
NA,"World","Other dairy products","Production","t",2000,2136246.5,"Ghee from buffalo milk","no"
NA,"World","Other dairy products","Production","t",2001,2272474.1,"Ghee from buffalo milk","no"
NA,"World","Other dairy products","Production","t",2002,2409291.3,"Ghee from buffalo milk","no"
NA,"World","Other dairy products","Production","t",2003,2466755.56,"Ghee from buffalo milk","no"
NA,"World","Other dairy products","Production","t",2004,2605236,"Ghee from buffalo milk","no"
NA,"World","Other dairy products","Production","t",2005,2744388.56,"Ghee from buffalo milk","no"
NA,"World","Other dairy products","Production","t",2006,2801847.8,"Ghee from buffalo milk","no"
NA,"World","Other dairy products","Production","t",2007,2892653.8,"Ghee from buffalo milk","no"
NA,"World","Other dairy products","Production","t",2008,2965384.6,"Ghee from buffalo milk","no"
NA,"World","Other dairy products","Production","t",2009,3051881.3,"Ghee from buffalo milk","no"
NA,"World","Other dairy products","Production","t",2010,2908539.53,"Ghee from buffalo milk","no"
NA,"World","Other dairy products","Production","t",2011,2961045.66,"Ghee from buffalo milk","no"
NA,"World","Other dairy products","Production","t",2012,3088831.92,"Ghee from buffalo milk","no"
NA,"World","Other dairy products","Production","t",2013,3322934.69,"Ghee from buffalo milk","no"
NA,"World","Other dairy products","Production","t",2014,3421473.97,"Ghee from buffalo milk","no"
NA,"World","Other dairy products","Production","t",2015,3523788.96,"Ghee from buffalo milk","no"
NA,"World","Other dairy products","Production","t",2016,3605152.13,"Ghee from buffalo milk","no"
NA,"World","Other dairy products","Production","t",2017,3744402.84,"Ghee from buffalo milk","no"
NA,"World","Other dairy products","Production","t",2018,3889694.87,"Ghee from buffalo milk","no"
NA,"World","Other dairy products","Production","t",2019,4139090.18,"Ghee from buffalo milk","no"
NA,"World","Other dairy products","Production","t",2020,4156872.59,"Ghee from buffalo milk","no"
NA,"World","Other dairy products","Production","t",2021,4564466.75,"Ghee from buffalo milk","no"
NA,"World","Other dairy products","Production","t",2022,4311103.17,"Ghee from buffalo milk","no"
NA,"World","Other dairy products","Production","t",2023,NA,"Ghee from buffalo milk","no"
NA,"World","Other dairy products","Production","t",1992,102069.49,"Ghee from cow milk","no"
NA,"World","Other dairy products","Production","t",1993,107815.72,"Ghee from cow milk","no"
NA,"World","Other dairy products","Production","t",1994,121766.6,"Ghee from cow milk","no"
NA,"World","Other dairy products","Production","t",1995,108075.74,"Ghee from cow milk","no"
NA,"World","Other dairy products","Production","t",1996,117352.66,"Ghee from cow milk","no"
NA,"World","Other dairy products","Production","t",1997,109775.16,"Ghee from cow milk","no"
NA,"World","Other dairy products","Production","t",1998,137110.81,"Ghee from cow milk","no"
NA,"World","Other dairy products","Production","t",1999,168139.42,"Ghee from cow milk","no"
NA,"World","Other dairy products","Production","t",2000,156464.47,"Ghee from cow milk","no"
NA,"World","Other dairy products","Production","t",2001,142174.58,"Ghee from cow milk","no"
NA,"World","Other dairy products","Production","t",2002,166543.08,"Ghee from cow milk","no"
NA,"World","Other dairy products","Production","t",2003,172241.35,"Ghee from cow milk","no"
NA,"World","Other dairy products","Production","t",2004,174647.87,"Ghee from cow milk","no"
NA,"World","Other dairy products","Production","t",2005,184755.95,"Ghee from cow milk","no"
NA,"World","Other dairy products","Production","t",2006,178639.32,"Ghee from cow milk","no"
NA,"World","Other dairy products","Production","t",2007,200171.74,"Ghee from cow milk","no"
NA,"World","Other dairy products","Production","t",2008,196950.5,"Ghee from cow milk","no"
NA,"World","Other dairy products","Production","t",2009,184851.68,"Ghee from cow milk","no"
NA,"World","Other dairy products","Production","t",2010,228673.28,"Ghee from cow milk","no"
NA,"World","Other dairy products","Production","t",2011,238348.1,"Ghee from cow milk","no"
NA,"World","Other dairy products","Production","t",2012,243591.32,"Ghee from cow milk","no"
NA,"World","Other dairy products","Production","t",2013,248493.3,"Ghee from cow milk","no"
NA,"World","Other dairy products","Production","t",2014,260376.06,"Ghee from cow milk","no"
NA,"World","Other dairy products","Production","t",2015,273019.65,"Ghee from cow milk","no"
NA,"World","Other dairy products","Production","t",2016,282459.58,"Ghee from cow milk","no"
NA,"World","Other dairy products","Production","t",2017,291852.67,"Ghee from cow milk","no"
NA,"World","Other dairy products","Production","t",2018,318683.68,"Ghee from cow milk","no"
NA,"World","Other dairy products","Production","t",2019,343072.13,"Ghee from cow milk","no"
NA,"World","Other dairy products","Production","t",2020,387597.45,"Ghee from cow milk","no"
NA,"World","Other dairy products","Production","t",2021,388849.37,"Ghee from cow milk","no"
NA,"World","Other dairy products","Production","t",2022,396388.27,"Ghee from cow milk","no"
NA,"World","Other dairy products","Production","t",2023,NA,"Ghee from cow milk","no"
NA,"World","Stimulant, spice and aromatic crops","Area harvested","ha",1992,226594,"Ginger, raw","no"
NA,"World","Stimulant, spice and aromatic crops","Area harvested","ha",1993,237141,"Ginger, raw","no"
NA,"World","Stimulant, spice and aromatic crops","Area harvested","ha",1994,277558,"Ginger, raw","no"
NA,"World","Stimulant, spice and aromatic crops","Area harvested","ha",1995,301356,"Ginger, raw","no"
NA,"World","Stimulant, spice and aromatic crops","Area harvested","ha",1996,291931,"Ginger, raw","no"
NA,"World","Stimulant, spice and aromatic crops","Area harvested","ha",1997,299298,"Ginger, raw","no"
NA,"World","Stimulant, spice and aromatic crops","Area harvested","ha",1998,310791,"Ginger, raw","no"
NA,"World","Stimulant, spice and aromatic crops","Area harvested","ha",1999,298237,"Ginger, raw","no"
NA,"World","Stimulant, spice and aromatic crops","Area harvested","ha",2000,293698,"Ginger, raw","no"
NA,"World","Stimulant, spice and aromatic crops","Area harvested","ha",2001,302384,"Ginger, raw","no"
NA,"World","Stimulant, spice and aromatic crops","Area harvested","ha",2002,323043,"Ginger, raw","no"
NA,"World","Stimulant, spice and aromatic crops","Area harvested","ha",2003,331124,"Ginger, raw","no"
NA,"World","Stimulant, spice and aromatic crops","Area harvested","ha",2004,329541,"Ginger, raw","no"
NA,"World","Stimulant, spice and aromatic crops","Area harvested","ha",2005,353819,"Ginger, raw","no"
NA,"World","Stimulant, spice and aromatic crops","Area harvested","ha",2006,387833,"Ginger, raw","no"
NA,"World","Stimulant, spice and aromatic crops","Area harvested","ha",2007,243169,"Ginger, raw","no"
NA,"World","Stimulant, spice and aromatic crops","Area harvested","ha",2008,250982,"Ginger, raw","no"
NA,"World","Stimulant, spice and aromatic crops","Area harvested","ha",2009,261139,"Ginger, raw","no"
NA,"World","Stimulant, spice and aromatic crops","Area harvested","ha",2010,263743,"Ginger, raw","no"
NA,"World","Stimulant, spice and aromatic crops","Area harvested","ha",2011,314355,"Ginger, raw","no"
NA,"World","Stimulant, spice and aromatic crops","Area harvested","ha",2012,367774,"Ginger, raw","no"
NA,"World","Stimulant, spice and aromatic crops","Area harvested","ha",2013,375743,"Ginger, raw","no"
NA,"World","Stimulant, spice and aromatic crops","Area harvested","ha",2014,312612,"Ginger, raw","no"
NA,"World","Stimulant, spice and aromatic crops","Area harvested","ha",2015,347656,"Ginger, raw","no"
NA,"World","Stimulant, spice and aromatic crops","Area harvested","ha",2016,389802,"Ginger, raw","no"
NA,"World","Stimulant, spice and aromatic crops","Area harvested","ha",2017,402414,"Ginger, raw","no"
NA,"World","Stimulant, spice and aromatic crops","Area harvested","ha",2018,390376,"Ginger, raw","no"
NA,"World","Stimulant, spice and aromatic crops","Area harvested","ha",2019,396770,"Ginger, raw","no"
NA,"World","Stimulant, spice and aromatic crops","Area harvested","ha",2020,431711,"Ginger, raw","no"
NA,"World","Stimulant, spice and aromatic crops","Area harvested","ha",2021,465449,"Ginger, raw","no"
NA,"World","Stimulant, spice and aromatic crops","Area harvested","ha",2022,447935,"Ginger, raw","no"
NA,"World","Stimulant, spice and aromatic crops","Area harvested","ha",2023,442483,"Ginger, raw","no"
NA,"World","Stimulant, spice and aromatic crops","Yield","kg/ha",1992,2895.5,"Ginger, raw","no"
NA,"World","Stimulant, spice and aromatic crops","Yield","kg/ha",1993,2833.6,"Ginger, raw","no"
NA,"World","Stimulant, spice and aromatic crops","Yield","kg/ha",1994,2475,"Ginger, raw","no"
NA,"World","Stimulant, spice and aromatic crops","Yield","kg/ha",1995,2531,"Ginger, raw","no"
NA,"World","Stimulant, spice and aromatic crops","Yield","kg/ha",1996,2938.1,"Ginger, raw","no"
NA,"World","Stimulant, spice and aromatic crops","Yield","kg/ha",1997,3029.9,"Ginger, raw","no"
NA,"World","Stimulant, spice and aromatic crops","Yield","kg/ha",1998,3190.9,"Ginger, raw","no"
NA,"World","Stimulant, spice and aromatic crops","Yield","kg/ha",1999,3473.4,"Ginger, raw","no"
NA,"World","Stimulant, spice and aromatic crops","Yield","kg/ha",2000,3562.6,"Ginger, raw","no"
NA,"World","Stimulant, spice and aromatic crops","Yield","kg/ha",2001,3772.6,"Ginger, raw","no"
NA,"World","Stimulant, spice and aromatic crops","Yield","kg/ha",2002,3765.6,"Ginger, raw","no"
NA,"World","Stimulant, spice and aromatic crops","Yield","kg/ha",2003,3849.4,"Ginger, raw","no"
NA,"World","Stimulant, spice and aromatic crops","Yield","kg/ha",2004,3813.6,"Ginger, raw","no"
NA,"World","Stimulant, spice and aromatic crops","Yield","kg/ha",2005,3938.8,"Ginger, raw","no"
NA,"World","Stimulant, spice and aromatic crops","Yield","kg/ha",2006,3865.5,"Ginger, raw","no"
NA,"World","Stimulant, spice and aromatic crops","Yield","kg/ha",2007,6616.5,"Ginger, raw","no"
NA,"World","Stimulant, spice and aromatic crops","Yield","kg/ha",2008,6471.6,"Ginger, raw","no"
NA,"World","Stimulant, spice and aromatic crops","Yield","kg/ha",2009,6395.8,"Ginger, raw","no"
NA,"World","Stimulant, spice and aromatic crops","Yield","kg/ha",2010,6516.1,"Ginger, raw","no"
NA,"World","Stimulant, spice and aromatic crops","Yield","kg/ha",2011,7683,"Ginger, raw","no"
NA,"World","Stimulant, spice and aromatic crops","Yield","kg/ha",2012,6775.4,"Ginger, raw","no"
NA,"World","Stimulant, spice and aromatic crops","Yield","kg/ha",2013,6553.3,"Ginger, raw","no"
NA,"World","Stimulant, spice and aromatic crops","Yield","kg/ha",2014,7371.1,"Ginger, raw","no"
NA,"World","Stimulant, spice and aromatic crops","Yield","kg/ha",2015,7957,"Ginger, raw","no"
NA,"World","Stimulant, spice and aromatic crops","Yield","kg/ha",2016,9247.7,"Ginger, raw","no"
NA,"World","Stimulant, spice and aromatic crops","Yield","kg/ha",2017,8712.3,"Ginger, raw","no"
NA,"World","Stimulant, spice and aromatic crops","Yield","kg/ha",2018,10424.6,"Ginger, raw","no"
NA,"World","Stimulant, spice and aromatic crops","Yield","kg/ha",2019,10393.5,"Ginger, raw","no"
NA,"World","Stimulant, spice and aromatic crops","Yield","kg/ha",2020,10007,"Ginger, raw","no"
NA,"World","Stimulant, spice and aromatic crops","Yield","kg/ha",2021,10429.8,"Ginger, raw","no"
NA,"World","Stimulant, spice and aromatic crops","Yield","kg/ha",2022,10860,"Ginger, raw","no"
NA,"World","Stimulant, spice and aromatic crops","Yield","kg/ha",2023,11022.3,"Ginger, raw","no"
NA,"World","Stimulant, spice and aromatic crops","Production","t",1992,656101.74,"Ginger, raw","no"
NA,"World","Stimulant, spice and aromatic crops","Production","t",1993,671963.75,"Ginger, raw","no"
NA,"World","Stimulant, spice and aromatic crops","Production","t",1994,686950.78,"Ginger, raw","no"
NA,"World","Stimulant, spice and aromatic crops","Production","t",1995,762744.52,"Ginger, raw","no"
NA,"World","Stimulant, spice and aromatic crops","Production","t",1996,857708.79,"Ginger, raw","no"
NA,"World","Stimulant, spice and aromatic crops","Production","t",1997,906852.82,"Ginger, raw","no"
NA,"World","Stimulant, spice and aromatic crops","Production","t",1998,991689.03,"Ginger, raw","no"
NA,"World","Stimulant, spice and aromatic crops","Production","t",1999,1035887.74,"Ginger, raw","no"
NA,"World","Stimulant, spice and aromatic crops","Production","t",2000,1046319.5,"Ginger, raw","no"
NA,"World","Stimulant, spice and aromatic crops","Production","t",2001,1140775.45,"Ginger, raw","no"
NA,"World","Stimulant, spice and aromatic crops","Production","t",2002,1216439.69,"Ginger, raw","no"
NA,"World","Stimulant, spice and aromatic crops","Production","t",2003,1274643.29,"Ginger, raw","no"
NA,"World","Stimulant, spice and aromatic crops","Production","t",2004,1256750.59,"Ginger, raw","no"
NA,"World","Stimulant, spice and aromatic crops","Production","t",2005,1393618.08,"Ginger, raw","no"
NA,"World","Stimulant, spice and aromatic crops","Production","t",2006,1499182.18,"Ginger, raw","no"
NA,"World","Stimulant, spice and aromatic crops","Production","t",2007,1608921.44,"Ginger, raw","no"
NA,"World","Stimulant, spice and aromatic crops","Production","t",2008,1624263.4,"Ginger, raw","no"
NA,"World","Stimulant, spice and aromatic crops","Production","t",2009,1670199.01,"Ginger, raw","no"
NA,"World","Stimulant, spice and aromatic crops","Production","t",2010,1718571.49,"Ginger, raw","no"
NA,"World","Stimulant, spice and aromatic crops","Production","t",2011,2415203.21,"Ginger, raw","no"
NA,"World","Stimulant, spice and aromatic crops","Production","t",2012,2491830.38,"Ginger, raw","no"
NA,"World","Stimulant, spice and aromatic crops","Production","t",2013,2462361.32,"Ginger, raw","no"
NA,"World","Stimulant, spice and aromatic crops","Production","t",2014,2304300.29,"Ginger, raw","no"
NA,"World","Stimulant, spice and aromatic crops","Production","t",2015,2766287.53,"Ginger, raw","no"
NA,"World","Stimulant, spice and aromatic crops","Production","t",2016,3604786.92,"Ginger, raw","no"
NA,"World","Stimulant, spice and aromatic crops","Production","t",2017,3505934.79,"Ginger, raw","no"
NA,"World","Stimulant, spice and aromatic crops","Production","t",2018,4069503.06,"Ginger, raw","no"
NA,"World","Stimulant, spice and aromatic crops","Production","t",2019,4123824.05,"Ginger, raw","no"
NA,"World","Stimulant, spice and aromatic crops","Production","t",2020,4320134.94,"Ginger, raw","no"
NA,"World","Stimulant, spice and aromatic crops","Production","t",2021,4854540.89,"Ginger, raw","no"
NA,"World","Stimulant, spice and aromatic crops","Production","t",2022,4864577.07,"Ginger, raw","no"
NA,"World","Stimulant, spice and aromatic crops","Production","t",2023,4877179.2,"Ginger, raw","no"
NA,"World","Animal fats","Production","t",1992,113810.29,"Goat fat, unrendered","no"
NA,"World","Animal fats","Production","t",1993,121197.35,"Goat fat, unrendered","no"
NA,"World","Animal fats","Production","t",1994,126104.61,"Goat fat, unrendered","no"
NA,"World","Animal fats","Production","t",1995,136501.62,"Goat fat, unrendered","no"
NA,"World","Animal fats","Production","t",1996,126816.89,"Goat fat, unrendered","no"
NA,"World","Animal fats","Production","t",1997,134745.44,"Goat fat, unrendered","no"
NA,"World","Animal fats","Production","t",1998,143796.23,"Goat fat, unrendered","no"
NA,"World","Animal fats","Production","t",1999,151527.7,"Goat fat, unrendered","no"
NA,"World","Animal fats","Production","t",2000,156145.53,"Goat fat, unrendered","no"
NA,"World","Animal fats","Production","t",2001,168662.11,"Goat fat, unrendered","no"
NA,"World","Animal fats","Production","t",2002,175180.5,"Goat fat, unrendered","no"
NA,"World","Animal fats","Production","t",2003,183088.19,"Goat fat, unrendered","no"
NA,"World","Animal fats","Production","t",2004,191253.68,"Goat fat, unrendered","no"
NA,"World","Animal fats","Production","t",2005,197291.08,"Goat fat, unrendered","no"
NA,"World","Animal fats","Production","t",2006,195146.82,"Goat fat, unrendered","no"
NA,"World","Animal fats","Production","t",2007,204276.8,"Goat fat, unrendered","no"
NA,"World","Animal fats","Production","t",2008,206593.37,"Goat fat, unrendered","no"
NA,"World","Animal fats","Production","t",2009,213187.81,"Goat fat, unrendered","no"
NA,"World","Animal fats","Production","t",2010,219651.59,"Goat fat, unrendered","no"
NA,"World","Animal fats","Production","t",2011,221625.51,"Goat fat, unrendered","no"
NA,"World","Animal fats","Production","t",2012,223481.49,"Goat fat, unrendered","no"
NA,"World","Animal fats","Production","t",2013,230802.92,"Goat fat, unrendered","no"
NA,"World","Animal fats","Production","t",2014,240197.72,"Goat fat, unrendered","no"
NA,"World","Animal fats","Production","t",2015,245049.49,"Goat fat, unrendered","no"
NA,"World","Animal fats","Production","t",2016,252317,"Goat fat, unrendered","no"
NA,"World","Animal fats","Production","t",2017,257648.28,"Goat fat, unrendered","no"
NA,"World","Animal fats","Production","t",2018,260826.04,"Goat fat, unrendered","no"
NA,"World","Animal fats","Production","t",2019,271121.32,"Goat fat, unrendered","no"
NA,"World","Animal fats","Production","t",2020,275330.12,"Goat fat, unrendered","no"
NA,"World","Animal fats","Production","t",2021,282272.1,"Goat fat, unrendered","no"
NA,"World","Animal fats","Production","t",2022,290608.08,"Goat fat, unrendered","no"
NA,"World","Animal fats","Production","t",2023,301689.79,"Goat fat, unrendered","no"
NA,"World","Live animals","Stocks","An",1992,609040458,"Goats","no"
NA,"World","Live animals","Stocks","An",1993,616765779,"Goats","no"
NA,"World","Live animals","Stocks","An",1994,646626559,"Goats","no"
NA,"World","Live animals","Stocks","An",1995,678388405,"Goats","no"
NA,"World","Live animals","Stocks","An",1996,709780927,"Goats","no"
NA,"World","Live animals","Stocks","An",1997,698977141,"Goats","no"
NA,"World","Live animals","Stocks","An",1998,720840765,"Goats","no"
NA,"World","Live animals","Stocks","An",1999,737628894,"Goats","no"
NA,"World","Live animals","Stocks","An",2000,754104270,"Goats","no"
NA,"World","Live animals","Stocks","An",2001,764235072,"Goats","no"
NA,"World","Live animals","Stocks","An",2002,771682363,"Goats","no"
NA,"World","Live animals","Stocks","An",2003,783887019,"Goats","no"
NA,"World","Live animals","Stocks","An",2004,806310049,"Goats","no"
NA,"World","Live animals","Stocks","An",2005,828937952,"Goats","no"
NA,"World","Live animals","Stocks","An",2006,828419210,"Goats","no"
NA,"World","Live animals","Stocks","An",2007,856090050,"Goats","no"
NA,"World","Live animals","Stocks","An",2008,876507787,"Goats","no"
NA,"World","Live animals","Stocks","An",2009,887573114,"Goats","no"
NA,"World","Live animals","Stocks","An",2010,889743601,"Goats","no"
NA,"World","Live animals","Stocks","An",2011,902990736,"Goats","no"
NA,"World","Live animals","Stocks","An",2012,921823200,"Goats","no"
NA,"World","Live animals","Stocks","An",2013,946051417,"Goats","no"
NA,"World","Live animals","Stocks","An",2014,964753716,"Goats","no"
NA,"World","Live animals","Stocks","An",2015,982509342,"Goats","no"
NA,"World","Live animals","Stocks","An",2016,1007327788,"Goats","no"
NA,"World","Live animals","Stocks","An",2017,1023080545,"Goats","no"
NA,"World","Live animals","Stocks","An",2018,1037595617,"Goats","no"
NA,"World","Live animals","Stocks","An",2019,1075898071,"Goats","no"
NA,"World","Live animals","Stocks","An",2020,1092989617,"Goats","no"
NA,"World","Live animals","Stocks","An",2021,1095123693,"Goats","no"
NA,"World","Live animals","Stocks","An",2022,1116023604,"Goats","no"
NA,"World","Live animals","Stocks","An",2023,1127226486,"Goats","no"
NA,"World","Fruits and nuts","Area harvested","ha",1992,27426,"Gooseberries","no"
NA,"World","Fruits and nuts","Area harvested","ha",1993,28845,"Gooseberries","no"
NA,"World","Fruits and nuts","Area harvested","ha",1994,27843,"Gooseberries","no"
NA,"World","Fruits and nuts","Area harvested","ha",1995,30098,"Gooseberries","no"
NA,"World","Fruits and nuts","Area harvested","ha",1996,30651,"Gooseberries","no"
NA,"World","Fruits and nuts","Area harvested","ha",1997,30368,"Gooseberries","no"
NA,"World","Fruits and nuts","Area harvested","ha",1998,29822,"Gooseberries","no"
NA,"World","Fruits and nuts","Area harvested","ha",1999,30429,"Gooseberries","no"
NA,"World","Fruits and nuts","Area harvested","ha",2000,33983,"Gooseberries","no"
NA,"World","Fruits and nuts","Area harvested","ha",2001,35984,"Gooseberries","no"
NA,"World","Fruits and nuts","Area harvested","ha",2002,33757,"Gooseberries","no"
NA,"World","Fruits and nuts","Area harvested","ha",2003,34962,"Gooseberries","no"
NA,"World","Fruits and nuts","Area harvested","ha",2004,36740,"Gooseberries","no"
NA,"World","Fruits and nuts","Area harvested","ha",2005,35434,"Gooseberries","no"
NA,"World","Fruits and nuts","Area harvested","ha",2006,34608,"Gooseberries","no"
NA,"World","Fruits and nuts","Area harvested","ha",2007,34795,"Gooseberries","no"
NA,"World","Fruits and nuts","Area harvested","ha",2008,30830,"Gooseberries","no"
NA,"World","Fruits and nuts","Area harvested","ha",2009,30621,"Gooseberries","no"
NA,"World","Fruits and nuts","Area harvested","ha",2010,30676,"Gooseberries","no"
NA,"World","Fruits and nuts","Area harvested","ha",2011,30265,"Gooseberries","no"
NA,"World","Fruits and nuts","Area harvested","ha",2012,29385,"Gooseberries","no"
NA,"World","Fruits and nuts","Area harvested","ha",2013,29019,"Gooseberries","no"
NA,"World","Fruits and nuts","Area harvested","ha",2014,30492,"Gooseberries","no"
NA,"World","Fruits and nuts","Area harvested","ha",2015,29554,"Gooseberries","no"
NA,"World","Fruits and nuts","Area harvested","ha",2016,29458,"Gooseberries","no"
NA,"World","Fruits and nuts","Area harvested","ha",2017,28032,"Gooseberries","no"
NA,"World","Fruits and nuts","Area harvested","ha",2018,15695,"Gooseberries","no"
NA,"World","Fruits and nuts","Area harvested","ha",2019,16676,"Gooseberries","no"
NA,"World","Fruits and nuts","Area harvested","ha",2020,17551,"Gooseberries","no"
NA,"World","Fruits and nuts","Area harvested","ha",2021,18898,"Gooseberries","no"
NA,"World","Fruits and nuts","Area harvested","ha",2022,19822,"Gooseberries","no"
NA,"World","Fruits and nuts","Area harvested","ha",2023,20281,"Gooseberries","no"
NA,"World","Fruits and nuts","Yield","kg/ha",1992,6806.6,"Gooseberries","no"
NA,"World","Fruits and nuts","Yield","kg/ha",1993,6622.6,"Gooseberries","no"
NA,"World","Fruits and nuts","Yield","kg/ha",1994,6438,"Gooseberries","no"
NA,"World","Fruits and nuts","Yield","kg/ha",1995,6095.7,"Gooseberries","no"
NA,"World","Fruits and nuts","Yield","kg/ha",1996,5951.2,"Gooseberries","no"
NA,"World","Fruits and nuts","Yield","kg/ha",1997,5515.4,"Gooseberries","no"
NA,"World","Fruits and nuts","Yield","kg/ha",1998,5855.9,"Gooseberries","no"
NA,"World","Fruits and nuts","Yield","kg/ha",1999,6022,"Gooseberries","no"
NA,"World","Fruits and nuts","Yield","kg/ha",2000,5660.1,"Gooseberries","no"
NA,"World","Fruits and nuts","Yield","kg/ha",2001,5350,"Gooseberries","no"
NA,"World","Fruits and nuts","Yield","kg/ha",2002,4894.4,"Gooseberries","no"
NA,"World","Fruits and nuts","Yield","kg/ha",2003,4924.9,"Gooseberries","no"
NA,"World","Fruits and nuts","Yield","kg/ha",2004,4979.8,"Gooseberries","no"
NA,"World","Fruits and nuts","Yield","kg/ha",2005,5129.3,"Gooseberries","no"
NA,"World","Fruits and nuts","Yield","kg/ha",2006,5210.2,"Gooseberries","no"
NA,"World","Fruits and nuts","Yield","kg/ha",2007,5166.1,"Gooseberries","no"
NA,"World","Fruits and nuts","Yield","kg/ha",2008,5418.3,"Gooseberries","no"
NA,"World","Fruits and nuts","Yield","kg/ha",2009,5499,"Gooseberries","no"
NA,"World","Fruits and nuts","Yield","kg/ha",2010,5214.5,"Gooseberries","no"
NA,"World","Fruits and nuts","Yield","kg/ha",2011,5534.8,"Gooseberries","no"
NA,"World","Fruits and nuts","Yield","kg/ha",2012,5707.4,"Gooseberries","no"
NA,"World","Fruits and nuts","Yield","kg/ha",2013,5879.9,"Gooseberries","no"
NA,"World","Fruits and nuts","Yield","kg/ha",2014,5703.5,"Gooseberries","no"
NA,"World","Fruits and nuts","Yield","kg/ha",2015,5687.1,"Gooseberries","no"
NA,"World","Fruits and nuts","Yield","kg/ha",2016,5778.6,"Gooseberries","no"
NA,"World","Fruits and nuts","Yield","kg/ha",2017,5746.3,"Gooseberries","no"
NA,"World","Fruits and nuts","Yield","kg/ha",2018,4933.3,"Gooseberries","no"
NA,"World","Fruits and nuts","Yield","kg/ha",2019,4835.1,"Gooseberries","no"
NA,"World","Fruits and nuts","Yield","kg/ha",2020,4782.8,"Gooseberries","no"
NA,"World","Fruits and nuts","Yield","kg/ha",2021,4806.4,"Gooseberries","no"
NA,"World","Fruits and nuts","Yield","kg/ha",2022,4813.1,"Gooseberries","no"
NA,"World","Fruits and nuts","Yield","kg/ha",2023,4807.7,"Gooseberries","no"
NA,"World","Fruits and nuts","Production","t",1992,186677.79,"Gooseberries","no"
NA,"World","Fruits and nuts","Production","t",1993,191029.63,"Gooseberries","no"
NA,"World","Fruits and nuts","Production","t",1994,179252,"Gooseberries","no"
NA,"World","Fruits and nuts","Production","t",1995,183469.52,"Gooseberries","no"
NA,"World","Fruits and nuts","Production","t",1996,182410,"Gooseberries","no"
NA,"World","Fruits and nuts","Production","t",1997,167491,"Gooseberries","no"
NA,"World","Fruits and nuts","Production","t",1998,174635,"Gooseberries","no"
NA,"World","Fruits and nuts","Production","t",1999,183243,"Gooseberries","no"
NA,"World","Fruits and nuts","Production","t",2000,192344,"Gooseberries","no"
NA,"World","Fruits and nuts","Production","t",2001,192518,"Gooseberries","no"
NA,"World","Fruits and nuts","Production","t",2002,165218,"Gooseberries","no"
NA,"World","Fruits and nuts","Production","t",2003,172184,"Gooseberries","no"
NA,"World","Fruits and nuts","Production","t",2004,182959.31,"Gooseberries","no"
NA,"World","Fruits and nuts","Production","t",2005,181754.75,"Gooseberries","no"
NA,"World","Fruits and nuts","Production","t",2006,180313.52,"Gooseberries","no"
NA,"World","Fruits and nuts","Production","t",2007,179756.41,"Gooseberries","no"
NA,"World","Fruits and nuts","Production","t",2008,167046.12,"Gooseberries","no"
NA,"World","Fruits and nuts","Production","t",2009,168385.37,"Gooseberries","no"
NA,"World","Fruits and nuts","Production","t",2010,159957.94,"Gooseberries","no"
NA,"World","Fruits and nuts","Production","t",2011,167508.67,"Gooseberries","no"
NA,"World","Fruits and nuts","Production","t",2012,167714.53,"Gooseberries","no"
NA,"World","Fruits and nuts","Production","t",2013,170628.8,"Gooseberries","no"
NA,"World","Fruits and nuts","Production","t",2014,173911.24,"Gooseberries","no"
NA,"World","Fruits and nuts","Production","t",2015,168073.06,"Gooseberries","no"
NA,"World","Fruits and nuts","Production","t",2016,170223.19,"Gooseberries","no"
NA,"World","Fruits and nuts","Production","t",2017,161076.45,"Gooseberries","no"
NA,"World","Fruits and nuts","Production","t",2018,77427.37,"Gooseberries","no"
NA,"World","Fruits and nuts","Production","t",2019,80629.28,"Gooseberries","no"
NA,"World","Fruits and nuts","Production","t",2020,83943.09,"Gooseberries","no"
NA,"World","Fruits and nuts","Production","t",2021,90831.58,"Gooseberries","no"
NA,"World","Fruits and nuts","Production","t",2022,95405.32,"Gooseberries","no"
NA,"World","Fruits and nuts","Production","t",2023,97504.51,"Gooseberries","no"
NA,"World","Fruits and nuts","Area harvested","ha",1992,7747202,"Grapes","no"
NA,"World","Fruits and nuts","Area harvested","ha",1993,7506598,"Grapes","no"
NA,"World","Fruits and nuts","Area harvested","ha",1994,7425871,"Grapes","no"
NA,"World","Fruits and nuts","Area harvested","ha",1995,7322841,"Grapes","no"
NA,"World","Fruits and nuts","Area harvested","ha",1996,7243349,"Grapes","no"
NA,"World","Fruits and nuts","Area harvested","ha",1997,7182640,"Grapes","no"
NA,"World","Fruits and nuts","Area harvested","ha",1998,7115073,"Grapes","no"
NA,"World","Fruits and nuts","Area harvested","ha",1999,7161974,"Grapes","no"
NA,"World","Fruits and nuts","Area harvested","ha",2000,7254102,"Grapes","no"
NA,"World","Fruits and nuts","Area harvested","ha",2001,7284843,"Grapes","no"
NA,"World","Fruits and nuts","Area harvested","ha",2002,7340597,"Grapes","no"
NA,"World","Fruits and nuts","Area harvested","ha",2003,7388996,"Grapes","no"
NA,"World","Fruits and nuts","Area harvested","ha",2004,7285772,"Grapes","no"
NA,"World","Fruits and nuts","Area harvested","ha",2005,7283259,"Grapes","no"
NA,"World","Fruits and nuts","Area harvested","ha",2006,7311740,"Grapes","no"
NA,"World","Fruits and nuts","Area harvested","ha",2007,7209817,"Grapes","no"
NA,"World","Fruits and nuts","Area harvested","ha",2008,7116163,"Grapes","no"
NA,"World","Fruits and nuts","Area harvested","ha",2009,7086161,"Grapes","no"
NA,"World","Fruits and nuts","Area harvested","ha",2010,6980117,"Grapes","no"
NA,"World","Fruits and nuts","Area harvested","ha",2011,6929423,"Grapes","no"
NA,"World","Fruits and nuts","Area harvested","ha",2012,6921380,"Grapes","no"
NA,"World","Fruits and nuts","Area harvested","ha",2013,7027292,"Grapes","no"
NA,"World","Fruits and nuts","Area harvested","ha",2014,7024488,"Grapes","no"
NA,"World","Fruits and nuts","Area harvested","ha",2015,7108139,"Grapes","no"
NA,"World","Fruits and nuts","Area harvested","ha",2016,6900713,"Grapes","no"
NA,"World","Fruits and nuts","Area harvested","ha",2017,6835575,"Grapes","no"
NA,"World","Fruits and nuts","Area harvested","ha",2018,6876319,"Grapes","no"
NA,"World","Fruits and nuts","Area harvested","ha",2019,6913965,"Grapes","no"
NA,"World","Fruits and nuts","Area harvested","ha",2020,6873125,"Grapes","no"
NA,"World","Fruits and nuts","Area harvested","ha",2021,6775959,"Grapes","no"
NA,"World","Fruits and nuts","Area harvested","ha",2022,6733525,"Grapes","no"
NA,"World","Fruits and nuts","Area harvested","ha",2023,6595680,"Grapes","no"
NA,"World","Fruits and nuts","Yield","kg/ha",1992,7780,"Grapes","no"
NA,"World","Fruits and nuts","Yield","kg/ha",1993,7365.7,"Grapes","no"
NA,"World","Fruits and nuts","Yield","kg/ha",1994,7283.1,"Grapes","no"
NA,"World","Fruits and nuts","Yield","kg/ha",1995,7562.9,"Grapes","no"
NA,"World","Fruits and nuts","Yield","kg/ha",1996,8095,"Grapes","no"
NA,"World","Fruits and nuts","Yield","kg/ha",1997,8069.6,"Grapes","no"
NA,"World","Fruits and nuts","Yield","kg/ha",1998,7931.5,"Grapes","no"
NA,"World","Fruits and nuts","Yield","kg/ha",1999,8444.1,"Grapes","no"
NA,"World","Fruits and nuts","Yield","kg/ha",2000,8760.9,"Grapes","no"
NA,"World","Fruits and nuts","Yield","kg/ha",2001,8354.6,"Grapes","no"
NA,"World","Fruits and nuts","Yield","kg/ha",2002,8332.4,"Grapes","no"
NA,"World","Fruits and nuts","Yield","kg/ha",2003,8533.1,"Grapes","no"
NA,"World","Fruits and nuts","Yield","kg/ha",2004,9224.5,"Grapes","no"
NA,"World","Fruits and nuts","Yield","kg/ha",2005,9195.8,"Grapes","no"
NA,"World","Fruits and nuts","Yield","kg/ha",2006,9160.9,"Grapes","no"
NA,"World","Fruits and nuts","Yield","kg/ha",2007,9179.5,"Grapes","no"
NA,"World","Fruits and nuts","Yield","kg/ha",2008,9357,"Grapes","no"
NA,"World","Fruits and nuts","Yield","kg/ha",2009,9547.1,"Grapes","no"
NA,"World","Fruits and nuts","Yield","kg/ha",2010,9555.6,"Grapes","no"
NA,"World","Fruits and nuts","Yield","kg/ha",2011,9982.1,"Grapes","no"
NA,"World","Fruits and nuts","Yield","kg/ha",2012,9964.5,"Grapes","no"
NA,"World","Fruits and nuts","Yield","kg/ha",2013,10887.2,"Grapes","no"
NA,"World","Fruits and nuts","Yield","kg/ha",2014,10521.3,"Grapes","no"
NA,"World","Fruits and nuts","Yield","kg/ha",2015,10775.9,"Grapes","no"
NA,"World","Fruits and nuts","Yield","kg/ha",2016,10798.8,"Grapes","no"
NA,"World","Fruits and nuts","Yield","kg/ha",2017,10767.9,"Grapes","no"
NA,"World","Fruits and nuts","Yield","kg/ha",2018,11649,"Grapes","no"
NA,"World","Fruits and nuts","Yield","kg/ha",2019,11150.5,"Grapes","no"
NA,"World","Fruits and nuts","Yield","kg/ha",2020,11175.9,"Grapes","no"
NA,"World","Fruits and nuts","Yield","kg/ha",2021,11329.1,"Grapes","no"
NA,"World","Fruits and nuts","Yield","kg/ha",2022,11614.6,"Grapes","no"
NA,"World","Fruits and nuts","Yield","kg/ha",2023,10990,"Grapes","no"
NA,"World","Fruits and nuts","Production","t",1992,60273349.11,"Grapes","no"
NA,"World","Fruits and nuts","Production","t",1993,55291005.99,"Grapes","no"
NA,"World","Fruits and nuts","Production","t",1994,54083444.56,"Grapes","no"
NA,"World","Fruits and nuts","Production","t",1995,55381603.7,"Grapes","no"
NA,"World","Fruits and nuts","Production","t",1996,58634763.94,"Grapes","no"
NA,"World","Fruits and nuts","Production","t",1997,57961134.06,"Grapes","no"
NA,"World","Fruits and nuts","Production","t",1998,56432962.87,"Grapes","no"
NA,"World","Fruits and nuts","Production","t",1999,60476117.37,"Grapes","no"
NA,"World","Fruits and nuts","Production","t",2000,63552362.69,"Grapes","no"
NA,"World","Fruits and nuts","Production","t",2001,60861631.86,"Grapes","no"
NA,"World","Fruits and nuts","Production","t",2002,61164447.68,"Grapes","no"
NA,"World","Fruits and nuts","Production","t",2003,63051140.63,"Grapes","no"
NA,"World","Fruits and nuts","Production","t",2004,67207621.15,"Grapes","no"
NA,"World","Fruits and nuts","Production","t",2005,66975614.89,"Grapes","no"
NA,"World","Fruits and nuts","Production","t",2006,66982402.66,"Grapes","no"
NA,"World","Fruits and nuts","Production","t",2007,66182173.63,"Grapes","no"
NA,"World","Fruits and nuts","Production","t",2008,66586192.82,"Grapes","no"
NA,"World","Fruits and nuts","Production","t",2009,67652330.84,"Grapes","no"
NA,"World","Fruits and nuts","Production","t",2010,66699404.71,"Grapes","no"
NA,"World","Fruits and nuts","Production","t",2011,69170256.62,"Grapes","no"
NA,"World","Fruits and nuts","Production","t",2012,68968307.16,"Grapes","no"
NA,"World","Fruits and nuts","Production","t",2013,76507661.6,"Grapes","no"
NA,"World","Fruits and nuts","Production","t",2014,73906888.75,"Grapes","no"
NA,"World","Fruits and nuts","Production","t",2015,76596654.01,"Grapes","no"
NA,"World","Fruits and nuts","Production","t",2016,74519542.84,"Grapes","no"
NA,"World","Fruits and nuts","Production","t",2017,73604918.83,"Grapes","no"
NA,"World","Fruits and nuts","Production","t",2018,80102051.89,"Grapes","no"
NA,"World","Fruits and nuts","Production","t",2019,77093823.57,"Grapes","no"
NA,"World","Fruits and nuts","Production","t",2020,76813606.9,"Grapes","no"
NA,"World","Fruits and nuts","Production","t",2021,76765761.84,"Grapes","no"
NA,"World","Fruits and nuts","Production","t",2022,78207397.67,"Grapes","no"
NA,"World","Fruits and nuts","Production","t",2023,72486522.15,"Grapes","no"
NA,"World","Vegetables","Area harvested","ha",1992,970062,"Green corn (maize)","no"
NA,"World","Vegetables","Area harvested","ha",1993,975795,"Green corn (maize)","no"
NA,"World","Vegetables","Area harvested","ha",1994,1047516,"Green corn (maize)","no"
NA,"World","Vegetables","Area harvested","ha",1995,1040172,"Green corn (maize)","no"
NA,"World","Vegetables","Area harvested","ha",1996,1034409,"Green corn (maize)","no"
NA,"World","Vegetables","Area harvested","ha",1997,1029318,"Green corn (maize)","no"
NA,"World","Vegetables","Area harvested","ha",1998,1049085,"Green corn (maize)","no"
NA,"World","Vegetables","Area harvested","ha",1999,1051574,"Green corn (maize)","no"
NA,"World","Vegetables","Area harvested","ha",2000,1077101,"Green corn (maize)","no"
NA,"World","Vegetables","Area harvested","ha",2001,1092871,"Green corn (maize)","no"
NA,"World","Vegetables","Area harvested","ha",2002,1098156,"Green corn (maize)","no"
NA,"World","Vegetables","Area harvested","ha",2003,1122054,"Green corn (maize)","no"
NA,"World","Vegetables","Area harvested","ha",2004,1127722,"Green corn (maize)","no"
NA,"World","Vegetables","Area harvested","ha",2005,1130923,"Green corn (maize)","no"
NA,"World","Vegetables","Area harvested","ha",2006,1085166,"Green corn (maize)","no"
NA,"World","Vegetables","Area harvested","ha",2007,1096431,"Green corn (maize)","no"
NA,"World","Vegetables","Area harvested","ha",2008,1126456,"Green corn (maize)","no"
NA,"World","Vegetables","Area harvested","ha",2009,1134439,"Green corn (maize)","no"
NA,"World","Vegetables","Area harvested","ha",2010,1122892,"Green corn (maize)","no"
NA,"World","Vegetables","Area harvested","ha",2011,1144157,"Green corn (maize)","no"
NA,"World","Vegetables","Area harvested","ha",2012,1154735,"Green corn (maize)","no"
NA,"World","Vegetables","Area harvested","ha",2013,1141348,"Green corn (maize)","no"
NA,"World","Vegetables","Area harvested","ha",2014,1145429,"Green corn (maize)","no"
NA,"World","Vegetables","Area harvested","ha",2015,1122190,"Green corn (maize)","no"
NA,"World","Vegetables","Area harvested","ha",2016,1172117,"Green corn (maize)","no"
NA,"World","Vegetables","Area harvested","ha",2017,1177455,"Green corn (maize)","no"
NA,"World","Vegetables","Area harvested","ha",2018,1123703,"Green corn (maize)","no"
NA,"World","Vegetables","Area harvested","ha",2019,1098619,"Green corn (maize)","no"
NA,"World","Vegetables","Area harvested","ha",2020,1125885,"Green corn (maize)","no"
NA,"World","Vegetables","Area harvested","ha",2021,1071053,"Green corn (maize)","no"
NA,"World","Vegetables","Area harvested","ha",2022,1061169,"Green corn (maize)","no"
NA,"World","Vegetables","Area harvested","ha",2023,1071094,"Green corn (maize)","no"
NA,"World","Vegetables","Yield","kg/ha",1992,7824,"Green corn (maize)","no"
NA,"World","Vegetables","Yield","kg/ha",1993,7467,"Green corn (maize)","no"
NA,"World","Vegetables","Yield","kg/ha",1994,8265.3,"Green corn (maize)","no"
NA,"World","Vegetables","Yield","kg/ha",1995,8020.5,"Green corn (maize)","no"
NA,"World","Vegetables","Yield","kg/ha",1996,8170,"Green corn (maize)","no"
NA,"World","Vegetables","Yield","kg/ha",1997,8376.5,"Green corn (maize)","no"
NA,"World","Vegetables","Yield","kg/ha",1998,8514,"Green corn (maize)","no"
NA,"World","Vegetables","Yield","kg/ha",1999,8538.2,"Green corn (maize)","no"
NA,"World","Vegetables","Yield","kg/ha",2000,8977.6,"Green corn (maize)","no"
NA,"World","Vegetables","Yield","kg/ha",2001,9254,"Green corn (maize)","no"
NA,"World","Vegetables","Yield","kg/ha",2002,9271.5,"Green corn (maize)","no"
NA,"World","Vegetables","Yield","kg/ha",2003,9378.2,"Green corn (maize)","no"
NA,"World","Vegetables","Yield","kg/ha",2004,9311.9,"Green corn (maize)","no"
NA,"World","Vegetables","Yield","kg/ha",2005,9314.3,"Green corn (maize)","no"
NA,"World","Vegetables","Yield","kg/ha",2006,9720.2,"Green corn (maize)","no"
NA,"World","Vegetables","Yield","kg/ha",2007,9722.7,"Green corn (maize)","no"
NA,"World","Vegetables","Yield","kg/ha",2008,9763,"Green corn (maize)","no"
NA,"World","Vegetables","Yield","kg/ha",2009,9812.5,"Green corn (maize)","no"
NA,"World","Vegetables","Yield","kg/ha",2010,9377.6,"Green corn (maize)","no"
NA,"World","Vegetables","Yield","kg/ha",2011,9375.4,"Green corn (maize)","no"
NA,"World","Vegetables","Yield","kg/ha",2012,9437.2,"Green corn (maize)","no"
NA,"World","Vegetables","Yield","kg/ha",2013,9654.9,"Green corn (maize)","no"
NA,"World","Vegetables","Yield","kg/ha",2014,9548.7,"Green corn (maize)","no"
NA,"World","Vegetables","Yield","kg/ha",2015,10418.8,"Green corn (maize)","no"
NA,"World","Vegetables","Yield","kg/ha",2016,9834.9,"Green corn (maize)","no"
NA,"World","Vegetables","Yield","kg/ha",2017,9761.5,"Green corn (maize)","no"
NA,"World","Vegetables","Yield","kg/ha",2018,9282.6,"Green corn (maize)","no"
NA,"World","Vegetables","Yield","kg/ha",2019,9062.7,"Green corn (maize)","no"
NA,"World","Vegetables","Yield","kg/ha",2020,9131.5,"Green corn (maize)","no"
NA,"World","Vegetables","Yield","kg/ha",2021,9142.7,"Green corn (maize)","no"
NA,"World","Vegetables","Yield","kg/ha",2022,9049.7,"Green corn (maize)","no"
NA,"World","Vegetables","Yield","kg/ha",2023,9090.2,"Green corn (maize)","no"
NA,"World","Vegetables","Production","t",1992,7589773.15,"Green corn (maize)","no"
NA,"World","Vegetables","Production","t",1993,7286220.69,"Green corn (maize)","no"
NA,"World","Vegetables","Production","t",1994,8658060.06,"Green corn (maize)","no"
NA,"World","Vegetables","Production","t",1995,8342652.97,"Green corn (maize)","no"
NA,"World","Vegetables","Production","t",1996,8451116.33,"Green corn (maize)","no"
NA,"World","Vegetables","Production","t",1997,8622100.43,"Green corn (maize)","no"
NA,"World","Vegetables","Production","t",1998,8931908.98,"Green corn (maize)","no"
NA,"World","Vegetables","Production","t",1999,8978547.16,"Green corn (maize)","no"
NA,"World","Vegetables","Production","t",2000,9669830.86,"Green corn (maize)","no"
NA,"World","Vegetables","Production","t",2001,10113389.63,"Green corn (maize)","no"
NA,"World","Vegetables","Production","t",2002,10181551.01,"Green corn (maize)","no"
NA,"World","Vegetables","Production","t",2003,10522864.12,"Green corn (maize)","no"
NA,"World","Vegetables","Production","t",2004,10501205.86,"Green corn (maize)","no"
NA,"World","Vegetables","Production","t",2005,10533802.07,"Green corn (maize)","no"
NA,"World","Vegetables","Production","t",2006,10547974.62,"Green corn (maize)","no"
NA,"World","Vegetables","Production","t",2007,10660234.82,"Green corn (maize)","no"
NA,"World","Vegetables","Production","t",2008,10997594.15,"Green corn (maize)","no"
NA,"World","Vegetables","Production","t",2009,11131730.41,"Green corn (maize)","no"
NA,"World","Vegetables","Production","t",2010,10530002.78,"Green corn (maize)","no"
NA,"World","Vegetables","Production","t",2011,10726875.26,"Green corn (maize)","no"
NA,"World","Vegetables","Production","t",2012,10897449.11,"Green corn (maize)","no"
NA,"World","Vegetables","Production","t",2013,11019654.1,"Green corn (maize)","no"
NA,"World","Vegetables","Production","t",2014,10937321.95,"Green corn (maize)","no"
NA,"World","Vegetables","Production","t",2015,11691857.64,"Green corn (maize)","no"
NA,"World","Vegetables","Production","t",2016,11527625.05,"Green corn (maize)","no"
NA,"World","Vegetables","Production","t",2017,11493782.6,"Green corn (maize)","no"
NA,"World","Vegetables","Production","t",2018,10430883.3,"Green corn (maize)","no"
NA,"World","Vegetables","Production","t",2019,9956497.42,"Green corn (maize)","no"
NA,"World","Vegetables","Production","t",2020,10281017.52,"Green corn (maize)","no"
NA,"World","Vegetables","Production","t",2021,9792284.46,"Green corn (maize)","no"
NA,"World","Vegetables","Production","t",2022,9603260.68,"Green corn (maize)","no"
NA,"World","Vegetables","Production","t",2023,9736434.48,"Green corn (maize)","no"
NA,"World","Vegetables","Area harvested","ha",1992,799485,"Green garlic","no"
NA,"World","Vegetables","Area harvested","ha",1993,801836,"Green garlic","no"
NA,"World","Vegetables","Area harvested","ha",1994,828654,"Green garlic","no"
NA,"World","Vegetables","Area harvested","ha",1995,867582,"Green garlic","no"
NA,"World","Vegetables","Area harvested","ha",1996,875175,"Green garlic","no"
NA,"World","Vegetables","Area harvested","ha",1997,915403,"Green garlic","no"
NA,"World","Vegetables","Area harvested","ha",1998,944236,"Green garlic","no"
NA,"World","Vegetables","Area harvested","ha",1999,980364,"Green garlic","no"
NA,"World","Vegetables","Area harvested","ha",2000,1072701,"Green garlic","no"
NA,"World","Vegetables","Area harvested","ha",2001,1076923,"Green garlic","no"
NA,"World","Vegetables","Area harvested","ha",2002,1099750,"Green garlic","no"
NA,"World","Vegetables","Area harvested","ha",2003,1123555,"Green garlic","no"
NA,"World","Vegetables","Area harvested","ha",2004,1143087,"Green garlic","no"
NA,"World","Vegetables","Area harvested","ha",2005,1168643,"Green garlic","no"
NA,"World","Vegetables","Area harvested","ha",2006,1164785,"Green garlic","no"
NA,"World","Vegetables","Area harvested","ha",2007,1295662,"Green garlic","no"
NA,"World","Vegetables","Area harvested","ha",2008,1395060,"Green garlic","no"
NA,"World","Vegetables","Area harvested","ha",2009,1311705,"Green garlic","no"
NA,"World","Vegetables","Area harvested","ha",2010,1327965,"Green garlic","no"
NA,"World","Vegetables","Area harvested","ha",2011,1375858,"Green garlic","no"
NA,"World","Vegetables","Area harvested","ha",2012,1434328,"Green garlic","no"
NA,"World","Vegetables","Area harvested","ha",2013,1419372,"Green garlic","no"
NA,"World","Vegetables","Area harvested","ha",2014,1407874,"Green garlic","no"
NA,"World","Vegetables","Area harvested","ha",2015,1490045,"Green garlic","no"
NA,"World","Vegetables","Area harvested","ha",2016,1480411,"Green garlic","no"
NA,"World","Vegetables","Area harvested","ha",2017,1538630,"Green garlic","no"
NA,"World","Vegetables","Area harvested","ha",2018,1590524,"Green garlic","no"
NA,"World","Vegetables","Area harvested","ha",2019,1637469,"Green garlic","no"
NA,"World","Vegetables","Area harvested","ha",2020,1623900,"Green garlic","no"
NA,"World","Vegetables","Area harvested","ha",2021,1675221,"Green garlic","no"
NA,"World","Vegetables","Area harvested","ha",2022,1678153,"Green garlic","no"
NA,"World","Vegetables","Area harvested","ha",2023,1689758,"Green garlic","no"
NA,"World","Vegetables","Yield","kg/ha",1992,9278.3,"Green garlic","no"
NA,"World","Vegetables","Yield","kg/ha",1993,9264.7,"Green garlic","no"
NA,"World","Vegetables","Yield","kg/ha",1994,9191.1,"Green garlic","no"
NA,"World","Vegetables","Yield","kg/ha",1995,9650.9,"Green garlic","no"
NA,"World","Vegetables","Yield","kg/ha",1996,10147.6,"Green garlic","no"
NA,"World","Vegetables","Yield","kg/ha",1997,9658.8,"Green garlic","no"
NA,"World","Vegetables","Yield","kg/ha",1998,9577.9,"Green garlic","no"
NA,"World","Vegetables","Yield","kg/ha",1999,9800.2,"Green garlic","no"
NA,"World","Vegetables","Yield","kg/ha",2000,10253.3,"Green garlic","no"
NA,"World","Vegetables","Yield","kg/ha",2001,10568.7,"Green garlic","no"
NA,"World","Vegetables","Yield","kg/ha",2002,11358.9,"Green garlic","no"
NA,"World","Vegetables","Yield","kg/ha",2003,12086,"Green garlic","no"
NA,"World","Vegetables","Yield","kg/ha",2004,12574,"Green garlic","no"
NA,"World","Vegetables","Yield","kg/ha",2005,12815,"Green garlic","no"
NA,"World","Vegetables","Yield","kg/ha",2006,13104.1,"Green garlic","no"
NA,"World","Vegetables","Yield","kg/ha",2007,15470.9,"Green garlic","no"
NA,"World","Vegetables","Yield","kg/ha",2008,16279.7,"Green garlic","no"
NA,"World","Vegetables","Yield","kg/ha",2009,16769.8,"Green garlic","no"
NA,"World","Vegetables","Yield","kg/ha",2010,16945.8,"Green garlic","no"
NA,"World","Vegetables","Yield","kg/ha",2011,16726.1,"Green garlic","no"
NA,"World","Vegetables","Yield","kg/ha",2012,16267.3,"Green garlic","no"
NA,"World","Vegetables","Yield","kg/ha",2013,17025.8,"Green garlic","no"
NA,"World","Vegetables","Yield","kg/ha",2014,17706.5,"Green garlic","no"
NA,"World","Vegetables","Yield","kg/ha",2015,18039.9,"Green garlic","no"
NA,"World","Vegetables","Yield","kg/ha",2016,17397.6,"Green garlic","no"
NA,"World","Vegetables","Yield","kg/ha",2017,16837.5,"Green garlic","no"
NA,"World","Vegetables","Yield","kg/ha",2018,16850.9,"Green garlic","no"
NA,"World","Vegetables","Yield","kg/ha",2019,17375.6,"Green garlic","no"
NA,"World","Vegetables","Yield","kg/ha",2020,17227.6,"Green garlic","no"
NA,"World","Vegetables","Yield","kg/ha",2021,17061.8,"Green garlic","no"
NA,"World","Vegetables","Yield","kg/ha",2022,17122.5,"Green garlic","no"
NA,"World","Vegetables","Yield","kg/ha",2023,16968.2,"Green garlic","no"
NA,"World","Vegetables","Production","t",1992,7417829.58,"Green garlic","no"
NA,"World","Vegetables","Production","t",1993,7428780.32,"Green garlic","no"
NA,"World","Vegetables","Production","t",1994,7616234.48,"Green garlic","no"
NA,"World","Vegetables","Production","t",1995,8372919.18,"Green garlic","no"
NA,"World","Vegetables","Production","t",1996,8880942.01,"Green garlic","no"
NA,"World","Vegetables","Production","t",1997,8841716.66,"Green garlic","no"
NA,"World","Vegetables","Production","t",1998,9043810.01,"Green garlic","no"
NA,"World","Vegetables","Production","t",1999,9607774.86,"Green garlic","no"
NA,"World","Vegetables","Production","t",2000,10998743.7,"Green garlic","no"
NA,"World","Vegetables","Production","t",2001,11381678.51,"Green garlic","no"
NA,"World","Vegetables","Production","t",2002,12491909.4,"Green garlic","no"
NA,"World","Vegetables","Production","t",2003,13579269.57,"Green garlic","no"
NA,"World","Vegetables","Production","t",2004,14373120.46,"Green garlic","no"
NA,"World","Vegetables","Production","t",2005,14976220,"Green garlic","no"
NA,"World","Vegetables","Production","t",2006,15263453.66,"Green garlic","no"
NA,"World","Vegetables","Production","t",2007,20045041.58,"Green garlic","no"
NA,"World","Vegetables","Production","t",2008,22711151.02,"Green garlic","no"
NA,"World","Vegetables","Production","t",2009,21997016.47,"Green garlic","no"
NA,"World","Vegetables","Production","t",2010,22503417.79,"Green garlic","no"
NA,"World","Vegetables","Production","t",2011,23012746.65,"Green garlic","no"
NA,"World","Vegetables","Production","t",2012,23332584.3,"Green garlic","no"
NA,"World","Vegetables","Production","t",2013,24165952.89,"Green garlic","no"
NA,"World","Vegetables","Production","t",2014,24928561.89,"Green garlic","no"
NA,"World","Vegetables","Production","t",2015,26880274.46,"Green garlic","no"
NA,"World","Vegetables","Production","t",2016,25755651.49,"Green garlic","no"
NA,"World","Vegetables","Production","t",2017,25906602.96,"Green garlic","no"
NA,"World","Vegetables","Production","t",2018,26801698.69,"Green garlic","no"
NA,"World","Vegetables","Production","t",2019,28452040.7,"Green garlic","no"
NA,"World","Vegetables","Production","t",2020,27975894.4,"Green garlic","no"
NA,"World","Vegetables","Production","t",2021,28582337.31,"Green garlic","no"
NA,"World","Vegetables","Production","t",2022,28734107.2,"Green garlic","no"
NA,"World","Vegetables","Production","t",2023,28672225.8,"Green garlic","no"
NA,"World","Food products n.e.c.","Production","t",1992,NA,"Green tea (not fermented), black tea (fermented) and partly fermented tea, in immediate packings of a content not exceeding 3 kg","no"
NA,"World","Food products n.e.c.","Production","t",1993,NA,"Green tea (not fermented), black tea (fermented) and partly fermented tea, in immediate packings of a content not exceeding 3 kg","no"
NA,"World","Food products n.e.c.","Production","t",1994,NA,"Green tea (not fermented), black tea (fermented) and partly fermented tea, in immediate packings of a content not exceeding 3 kg","no"
NA,"World","Food products n.e.c.","Production","t",1995,NA,"Green tea (not fermented), black tea (fermented) and partly fermented tea, in immediate packings of a content not exceeding 3 kg","no"
NA,"World","Food products n.e.c.","Production","t",1996,NA,"Green tea (not fermented), black tea (fermented) and partly fermented tea, in immediate packings of a content not exceeding 3 kg","no"
NA,"World","Food products n.e.c.","Production","t",1997,NA,"Green tea (not fermented), black tea (fermented) and partly fermented tea, in immediate packings of a content not exceeding 3 kg","no"
NA,"World","Food products n.e.c.","Production","t",1998,NA,"Green tea (not fermented), black tea (fermented) and partly fermented tea, in immediate packings of a content not exceeding 3 kg","no"
NA,"World","Food products n.e.c.","Production","t",1999,NA,"Green tea (not fermented), black tea (fermented) and partly fermented tea, in immediate packings of a content not exceeding 3 kg","no"
NA,"World","Food products n.e.c.","Production","t",2000,NA,"Green tea (not fermented), black tea (fermented) and partly fermented tea, in immediate packings of a content not exceeding 3 kg","no"
NA,"World","Food products n.e.c.","Production","t",2001,NA,"Green tea (not fermented), black tea (fermented) and partly fermented tea, in immediate packings of a content not exceeding 3 kg","no"
NA,"World","Food products n.e.c.","Production","t",2002,NA,"Green tea (not fermented), black tea (fermented) and partly fermented tea, in immediate packings of a content not exceeding 3 kg","no"
NA,"World","Food products n.e.c.","Production","t",2003,NA,"Green tea (not fermented), black tea (fermented) and partly fermented tea, in immediate packings of a content not exceeding 3 kg","no"
NA,"World","Food products n.e.c.","Production","t",2004,NA,"Green tea (not fermented), black tea (fermented) and partly fermented tea, in immediate packings of a content not exceeding 3 kg","no"
NA,"World","Food products n.e.c.","Production","t",2005,NA,"Green tea (not fermented), black tea (fermented) and partly fermented tea, in immediate packings of a content not exceeding 3 kg","no"
NA,"World","Food products n.e.c.","Production","t",2006,NA,"Green tea (not fermented), black tea (fermented) and partly fermented tea, in immediate packings of a content not exceeding 3 kg","no"
NA,"World","Food products n.e.c.","Production","t",2007,NA,"Green tea (not fermented), black tea (fermented) and partly fermented tea, in immediate packings of a content not exceeding 3 kg","no"
NA,"World","Food products n.e.c.","Production","t",2008,NA,"Green tea (not fermented), black tea (fermented) and partly fermented tea, in immediate packings of a content not exceeding 3 kg","no"
NA,"World","Food products n.e.c.","Production","t",2009,NA,"Green tea (not fermented), black tea (fermented) and partly fermented tea, in immediate packings of a content not exceeding 3 kg","no"
NA,"World","Food products n.e.c.","Production","t",2010,4264266.31,"Green tea (not fermented), black tea (fermented) and partly fermented tea, in immediate packings of a content not exceeding 3 kg","no"
NA,"World","Food products n.e.c.","Production","t",2011,4492809.99,"Green tea (not fermented), black tea (fermented) and partly fermented tea, in immediate packings of a content not exceeding 3 kg","no"
NA,"World","Food products n.e.c.","Production","t",2012,4711752.73,"Green tea (not fermented), black tea (fermented) and partly fermented tea, in immediate packings of a content not exceeding 3 kg","no"
NA,"World","Food products n.e.c.","Production","t",2013,5022016.26,"Green tea (not fermented), black tea (fermented) and partly fermented tea, in immediate packings of a content not exceeding 3 kg","no"
NA,"World","Food products n.e.c.","Production","t",2014,5248879.77,"Green tea (not fermented), black tea (fermented) and partly fermented tea, in immediate packings of a content not exceeding 3 kg","no"
NA,"World","Food products n.e.c.","Production","t",2015,5390915.12,"Green tea (not fermented), black tea (fermented) and partly fermented tea, in immediate packings of a content not exceeding 3 kg","no"
NA,"World","Food products n.e.c.","Production","t",2016,5503003.25,"Green tea (not fermented), black tea (fermented) and partly fermented tea, in immediate packings of a content not exceeding 3 kg","no"
NA,"World","Food products n.e.c.","Production","t",2017,5741904.4,"Green tea (not fermented), black tea (fermented) and partly fermented tea, in immediate packings of a content not exceeding 3 kg","no"
NA,"World","Food products n.e.c.","Production","t",2018,6016047.82,"Green tea (not fermented), black tea (fermented) and partly fermented tea, in immediate packings of a content not exceeding 3 kg","no"
NA,"World","Food products n.e.c.","Production","t",2019,6148620.25,"Green tea (not fermented), black tea (fermented) and partly fermented tea, in immediate packings of a content not exceeding 3 kg","no"
NA,"World","Food products n.e.c.","Production","t",2020,6468311.06,"Green tea (not fermented), black tea (fermented) and partly fermented tea, in immediate packings of a content not exceeding 3 kg","no"
NA,"World","Food products n.e.c.","Production","t",2021,6872845.2,"Green tea (not fermented), black tea (fermented) and partly fermented tea, in immediate packings of a content not exceeding 3 kg","no"
NA,"World","Food products n.e.c.","Production","t",2022,6995979.72,"Green tea (not fermented), black tea (fermented) and partly fermented tea, in immediate packings of a content not exceeding 3 kg","no"
NA,"World","Food products n.e.c.","Production","t",2023,NA,"Green tea (not fermented), black tea (fermented) and partly fermented tea, in immediate packings of a content not exceeding 3 kg","no"
NA,"World","Vegetable oils","Production","t",1992,4184961.5,"Groundnut oil","no"
NA,"World","Vegetable oils","Production","t",1993,4284991.94,"Groundnut oil","no"
NA,"World","Vegetable oils","Production","t",1994,4746500.48,"Groundnut oil","no"
NA,"World","Vegetable oils","Production","t",1995,4656862.82,"Groundnut oil","no"
NA,"World","Vegetable oils","Production","t",1996,5093645.86,"Groundnut oil","no"
NA,"World","Vegetable oils","Production","t",1997,4779188.55,"Groundnut oil","no"
NA,"World","Vegetable oils","Production","t",1998,5361837.54,"Groundnut oil","no"
NA,"World","Vegetable oils","Production","t",1999,4590179.25,"Groundnut oil","no"
NA,"World","Vegetable oils","Production","t",2000,5062857.3,"Groundnut oil","no"
NA,"World","Vegetable oils","Production","t",2001,5546768.5,"Groundnut oil","no"
NA,"World","Vegetable oils","Production","t",2002,5230023.65,"Groundnut oil","no"
NA,"World","Vegetable oils","Production","t",2003,5732424.02,"Groundnut oil","no"
NA,"World","Vegetable oils","Production","t",2004,5291160.72,"Groundnut oil","no"
NA,"World","Vegetable oils","Production","t",2005,5600891.42,"Groundnut oil","no"
NA,"World","Vegetable oils","Production","t",2006,4866210.62,"Groundnut oil","no"
NA,"World","Vegetable oils","Production","t",2007,5707109.78,"Groundnut oil","no"
NA,"World","Vegetable oils","Production","t",2008,5335086.16,"Groundnut oil","no"
NA,"World","Vegetable oils","Production","t",2009,4855999.81,"Groundnut oil","no"
NA,"World","Vegetable oils","Production","t",2010,5630415.68,"Groundnut oil","no"
NA,"World","Vegetable oils","Production","t",2011,5450624.16,"Groundnut oil","no"
NA,"World","Vegetable oils","Production","t",2012,5384283.65,"Groundnut oil","no"
NA,"World","Vegetable oils","Production","t",2013,5151448.86,"Groundnut oil","no"
NA,"World","Vegetable oils","Production","t",2014,4806650.46,"Groundnut oil","no"
NA,"World","Vegetable oils","Production","t",2015,4794258.78,"Groundnut oil","no"
NA,"World","Vegetable oils","Production","t",2016,5053087.71,"Groundnut oil","no"
NA,"World","Vegetable oils","Production","t",2017,4565684.92,"Groundnut oil","no"
NA,"World","Vegetable oils","Production","t",2018,4583053.04,"Groundnut oil","no"
NA,"World","Vegetable oils","Production","t",2019,4141070.61,"Groundnut oil","no"
NA,"World","Vegetable oils","Production","t",2020,4677206.93,"Groundnut oil","no"
NA,"World","Vegetable oils","Production","t",2021,4897311.56,"Groundnut oil","no"
NA,"World","Vegetable oils","Production","t",2022,5199858.65,"Groundnut oil","no"
NA,"World","Vegetable oils","Production","t",2023,NA,"Groundnut oil","no"
NA,"World","Oilseeds and oleaginous fruits","Area harvested","ha",1992,20598564,"Groundnuts, excluding shelled","no"
NA,"World","Oilseeds and oleaginous fruits","Area harvested","ha",1993,20991806,"Groundnuts, excluding shelled","no"
NA,"World","Oilseeds and oleaginous fruits","Area harvested","ha",1994,21997224,"Groundnuts, excluding shelled","no"
NA,"World","Oilseeds and oleaginous fruits","Area harvested","ha",1995,22056508,"Groundnuts, excluding shelled","no"
NA,"World","Oilseeds and oleaginous fruits","Area harvested","ha",1996,22320455,"Groundnuts, excluding shelled","no"
NA,"World","Oilseeds and oleaginous fruits","Area harvested","ha",1997,22351170,"Groundnuts, excluding shelled","no"
NA,"World","Oilseeds and oleaginous fruits","Area harvested","ha",1998,23201158,"Groundnuts, excluding shelled","no"
NA,"World","Oilseeds and oleaginous fruits","Area harvested","ha",1999,22785094,"Groundnuts, excluding shelled","no"
NA,"World","Oilseeds and oleaginous fruits","Area harvested","ha",2000,23201797,"Groundnuts, excluding shelled","no"
NA,"World","Oilseeds and oleaginous fruits","Area harvested","ha",2001,23082448,"Groundnuts, excluding shelled","no"
NA,"World","Oilseeds and oleaginous fruits","Area harvested","ha",2002,22847487,"Groundnuts, excluding shelled","no"
NA,"World","Oilseeds and oleaginous fruits","Area harvested","ha",2003,22828837,"Groundnuts, excluding shelled","no"
NA,"World","Oilseeds and oleaginous fruits","Area harvested","ha",2004,23582154,"Groundnuts, excluding shelled","no"
NA,"World","Oilseeds and oleaginous fruits","Area harvested","ha",2005,24119704,"Groundnuts, excluding shelled","no"
NA,"World","Oilseeds and oleaginous fruits","Area harvested","ha",2006,21564950,"Groundnuts, excluding shelled","no"
NA,"World","Oilseeds and oleaginous fruits","Area harvested","ha",2007,22744836,"Groundnuts, excluding shelled","no"
NA,"World","Oilseeds and oleaginous fruits","Area harvested","ha",2008,24244265,"Groundnuts, excluding shelled","no"
NA,"World","Oilseeds and oleaginous fruits","Area harvested","ha",2009,24137348,"Groundnuts, excluding shelled","no"
NA,"World","Oilseeds and oleaginous fruits","Area harvested","ha",2010,26155601,"Groundnuts, excluding shelled","no"
NA,"World","Oilseeds and oleaginous fruits","Area harvested","ha",2011,25116864,"Groundnuts, excluding shelled","no"
NA,"World","Oilseeds and oleaginous fruits","Area harvested","ha",2012,25588871,"Groundnuts, excluding shelled","no"
NA,"World","Oilseeds and oleaginous fruits","Area harvested","ha",2013,27260753,"Groundnuts, excluding shelled","no"
NA,"World","Oilseeds and oleaginous fruits","Area harvested","ha",2014,27333282,"Groundnuts, excluding shelled","no"
NA,"World","Oilseeds and oleaginous fruits","Area harvested","ha",2015,26505141,"Groundnuts, excluding shelled","no"
NA,"World","Oilseeds and oleaginous fruits","Area harvested","ha",2016,28362906,"Groundnuts, excluding shelled","no"
NA,"World","Oilseeds and oleaginous fruits","Area harvested","ha",2017,29323076,"Groundnuts, excluding shelled","no"
NA,"World","Oilseeds and oleaginous fruits","Area harvested","ha",2018,29817933,"Groundnuts, excluding shelled","no"
NA,"World","Oilseeds and oleaginous fruits","Area harvested","ha",2019,29446772,"Groundnuts, excluding shelled","no"
NA,"World","Oilseeds and oleaginous fruits","Area harvested","ha",2020,30262291,"Groundnuts, excluding shelled","no"
NA,"World","Oilseeds and oleaginous fruits","Area harvested","ha",2021,32663065,"Groundnuts, excluding shelled","no"
NA,"World","Oilseeds and oleaginous fruits","Area harvested","ha",2022,31111505,"Groundnuts, excluding shelled","no"
NA,"World","Oilseeds and oleaginous fruits","Area harvested","ha",2023,30920574,"Groundnuts, excluding shelled","no"
NA,"World","Oilseeds and oleaginous fruits","Yield","kg/ha",1992,1189.5,"Groundnuts, excluding shelled","no"
NA,"World","Oilseeds and oleaginous fruits","Yield","kg/ha",1993,1241.3,"Groundnuts, excluding shelled","no"
NA,"World","Oilseeds and oleaginous fruits","Yield","kg/ha",1994,1306.5,"Groundnuts, excluding shelled","no"
NA,"World","Oilseeds and oleaginous fruits","Yield","kg/ha",1995,1300.5,"Groundnuts, excluding shelled","no"
NA,"World","Oilseeds and oleaginous fruits","Yield","kg/ha",1996,1392.9,"Groundnuts, excluding shelled","no"
NA,"World","Oilseeds and oleaginous fruits","Yield","kg/ha",1997,1312.3,"Groundnuts, excluding shelled","no"
NA,"World","Oilseeds and oleaginous fruits","Yield","kg/ha",1998,1457.9,"Groundnuts, excluding shelled","no"
NA,"World","Oilseeds and oleaginous fruits","Yield","kg/ha",1999,1401.3,"Groundnuts, excluding shelled","no"
NA,"World","Oilseeds and oleaginous fruits","Yield","kg/ha",2000,1499.4,"Groundnuts, excluding shelled","no"
NA,"World","Oilseeds and oleaginous fruits","Yield","kg/ha",2001,1551.8,"Groundnuts, excluding shelled","no"
NA,"World","Oilseeds and oleaginous fruits","Yield","kg/ha",2002,1440.7,"Groundnuts, excluding shelled","no"
NA,"World","Oilseeds and oleaginous fruits","Yield","kg/ha",2003,1587.2,"Groundnuts, excluding shelled","no"
NA,"World","Oilseeds and oleaginous fruits","Yield","kg/ha",2004,1544,"Groundnuts, excluding shelled","no"
NA,"World","Oilseeds and oleaginous fruits","Yield","kg/ha",2005,1598.5,"Groundnuts, excluding shelled","no"
NA,"World","Oilseeds and oleaginous fruits","Yield","kg/ha",2006,1549,"Groundnuts, excluding shelled","no"
NA,"World","Oilseeds and oleaginous fruits","Yield","kg/ha",2007,1648.6,"Groundnuts, excluding shelled","no"
NA,"World","Oilseeds and oleaginous fruits","Yield","kg/ha",2008,1597.9,"Groundnuts, excluding shelled","no"
NA,"World","Oilseeds and oleaginous fruits","Yield","kg/ha",2009,1547,"Groundnuts, excluding shelled","no"
NA,"World","Oilseeds and oleaginous fruits","Yield","kg/ha",2010,1673.8,"Groundnuts, excluding shelled","no"
NA,"World","Oilseeds and oleaginous fruits","Yield","kg/ha",2011,1645.5,"Groundnuts, excluding shelled","no"
NA,"World","Oilseeds and oleaginous fruits","Yield","kg/ha",2012,1666.3,"Groundnuts, excluding shelled","no"
NA,"World","Oilseeds and oleaginous fruits","Yield","kg/ha",2013,1726.6,"Groundnuts, excluding shelled","no"
NA,"World","Oilseeds and oleaginous fruits","Yield","kg/ha",2014,1693.1,"Groundnuts, excluding shelled","no"
NA,"World","Oilseeds and oleaginous fruits","Yield","kg/ha",2015,1704.5,"Groundnuts, excluding shelled","no"
NA,"World","Oilseeds and oleaginous fruits","Yield","kg/ha",2016,1635.7,"Groundnuts, excluding shelled","no"
NA,"World","Oilseeds and oleaginous fruits","Yield","kg/ha",2017,1662.1,"Groundnuts, excluding shelled","no"
NA,"World","Oilseeds and oleaginous fruits","Yield","kg/ha",2018,1738.4,"Groundnuts, excluding shelled","no"
NA,"World","Oilseeds and oleaginous fruits","Yield","kg/ha",2019,1672.6,"Groundnuts, excluding shelled","no"
NA,"World","Oilseeds and oleaginous fruits","Yield","kg/ha",2020,1797.8,"Groundnuts, excluding shelled","no"
NA,"World","Oilseeds and oleaginous fruits","Yield","kg/ha",2021,1670.6,"Groundnuts, excluding shelled","no"
NA,"World","Oilseeds and oleaginous fruits","Yield","kg/ha",2022,1769.6,"Groundnuts, excluding shelled","no"
NA,"World","Oilseeds and oleaginous fruits","Yield","kg/ha",2023,1755.2,"Groundnuts, excluding shelled","no"
NA,"World","Oilseeds and oleaginous fruits","Production","t",1992,24501169.32,"Groundnuts, excluding shelled","no"
NA,"World","Oilseeds and oleaginous fruits","Production","t",1993,26058107.17,"Groundnuts, excluding shelled","no"
NA,"World","Oilseeds and oleaginous fruits","Production","t",1994,28739800.77,"Groundnuts, excluding shelled","no"
NA,"World","Oilseeds and oleaginous fruits","Production","t",1995,28685209.85,"Groundnuts, excluding shelled","no"
NA,"World","Oilseeds and oleaginous fruits","Production","t",1996,31089458.59,"Groundnuts, excluding shelled","no"
NA,"World","Oilseeds and oleaginous fruits","Production","t",1997,29330810.51,"Groundnuts, excluding shelled","no"
NA,"World","Oilseeds and oleaginous fruits","Production","t",1998,33824777.48,"Groundnuts, excluding shelled","no"
NA,"World","Oilseeds and oleaginous fruits","Production","t",1999,31928158.82,"Groundnuts, excluding shelled","no"
NA,"World","Oilseeds and oleaginous fruits","Production","t",2000,34789445.25,"Groundnuts, excluding shelled","no"
NA,"World","Oilseeds and oleaginous fruits","Production","t",2001,35818820.86,"Groundnuts, excluding shelled","no"
NA,"World","Oilseeds and oleaginous fruits","Production","t",2002,32917466.7,"Groundnuts, excluding shelled","no"
NA,"World","Oilseeds and oleaginous fruits","Production","t",2003,36234847.09,"Groundnuts, excluding shelled","no"
NA,"World","Oilseeds and oleaginous fruits","Production","t",2004,36410701.72,"Groundnuts, excluding shelled","no"
NA,"World","Oilseeds and oleaginous fruits","Production","t",2005,38555318.61,"Groundnuts, excluding shelled","no"
NA,"World","Oilseeds and oleaginous fruits","Production","t",2006,33403213.28,"Groundnuts, excluding shelled","no"
NA,"World","Oilseeds and oleaginous fruits","Production","t",2007,37496743.5,"Groundnuts, excluding shelled","no"
NA,"World","Oilseeds and oleaginous fruits","Production","t",2008,38741096.5,"Groundnuts, excluding shelled","no"
NA,"World","Oilseeds and oleaginous fruits","Production","t",2009,37340481.3,"Groundnuts, excluding shelled","no"
NA,"World","Oilseeds and oleaginous fruits","Production","t",2010,43778434.87,"Groundnuts, excluding shelled","no"
NA,"World","Oilseeds and oleaginous fruits","Production","t",2011,41328749.17,"Groundnuts, excluding shelled","no"
NA,"World","Oilseeds and oleaginous fruits","Production","t",2012,42639069.74,"Groundnuts, excluding shelled","no"
NA,"World","Oilseeds and oleaginous fruits","Production","t",2013,47067667.01,"Groundnuts, excluding shelled","no"
NA,"World","Oilseeds and oleaginous fruits","Production","t",2014,46278206.54,"Groundnuts, excluding shelled","no"
NA,"World","Oilseeds and oleaginous fruits","Production","t",2015,45179324.37,"Groundnuts, excluding shelled","no"
NA,"World","Oilseeds and oleaginous fruits","Production","t",2016,46393180.03,"Groundnuts, excluding shelled","no"
NA,"World","Oilseeds and oleaginous fruits","Production","t",2017,48738499.94,"Groundnuts, excluding shelled","no"
NA,"World","Oilseeds and oleaginous fruits","Production","t",2018,51835206.79,"Groundnuts, excluding shelled","no"
NA,"World","Oilseeds and oleaginous fruits","Production","t",2019,49254009.85,"Groundnuts, excluding shelled","no"
NA,"World","Oilseeds and oleaginous fruits","Production","t",2020,54405085.15,"Groundnuts, excluding shelled","no"
NA,"World","Oilseeds and oleaginous fruits","Production","t",2021,54566319.26,"Groundnuts, excluding shelled","no"
NA,"World","Oilseeds and oleaginous fruits","Production","t",2022,55054824,"Groundnuts, excluding shelled","no"
NA,"World","Oilseeds and oleaginous fruits","Production","t",2023,54272900.42,"Groundnuts, excluding shelled","no"
NA,"World","Fruits and nuts","Area harvested","ha",1992,456745,"Hazelnuts, in shell","no"
NA,"World","Fruits and nuts","Area harvested","ha",1993,708158,"Hazelnuts, in shell","no"
NA,"World","Fruits and nuts","Area harvested","ha",1994,682399,"Hazelnuts, in shell","no"
NA,"World","Fruits and nuts","Area harvested","ha",1995,699806,"Hazelnuts, in shell","no"
NA,"World","Fruits and nuts","Area harvested","ha",1996,698493,"Hazelnuts, in shell","no"
NA,"World","Fruits and nuts","Area harvested","ha",1997,704389,"Hazelnuts, in shell","no"
NA,"World","Fruits and nuts","Area harvested","ha",1998,707216,"Hazelnuts, in shell","no"
NA,"World","Fruits and nuts","Area harvested","ha",1999,695239,"Hazelnuts, in shell","no"
NA,"World","Fruits and nuts","Area harvested","ha",2000,706794,"Hazelnuts, in shell","no"
NA,"World","Fruits and nuts","Area harvested","ha",2001,711352,"Hazelnuts, in shell","no"
NA,"World","Fruits and nuts","Area harvested","ha",2002,722012,"Hazelnuts, in shell","no"
NA,"World","Fruits and nuts","Area harvested","ha",2003,762425,"Hazelnuts, in shell","no"
NA,"World","Fruits and nuts","Area harvested","ha",2004,811363,"Hazelnuts, in shell","no"
NA,"World","Fruits and nuts","Area harvested","ha",2005,822042,"Hazelnuts, in shell","no"
NA,"World","Fruits and nuts","Area harvested","ha",2006,840090,"Hazelnuts, in shell","no"
NA,"World","Fruits and nuts","Area harvested","ha",2007,845111,"Hazelnuts, in shell","no"
NA,"World","Fruits and nuts","Area harvested","ha",2008,841545,"Hazelnuts, in shell","no"
NA,"World","Fruits and nuts","Area harvested","ha",2009,829391,"Hazelnuts, in shell","no"
NA,"World","Fruits and nuts","Area harvested","ha",2010,842854,"Hazelnuts, in shell","no"
NA,"World","Fruits and nuts","Area harvested","ha",2011,891563,"Hazelnuts, in shell","no"
NA,"World","Fruits and nuts","Area harvested","ha",2012,880492,"Hazelnuts, in shell","no"
NA,"World","Fruits and nuts","Area harvested","ha",2013,913092,"Hazelnuts, in shell","no"
NA,"World","Fruits and nuts","Area harvested","ha",2014,910835,"Hazelnuts, in shell","no"
NA,"World","Fruits and nuts","Area harvested","ha",2015,930678,"Hazelnuts, in shell","no"
NA,"World","Fruits and nuts","Area harvested","ha",2016,931111,"Hazelnuts, in shell","no"
NA,"World","Fruits and nuts","Area harvested","ha",2017,939811,"Hazelnuts, in shell","no"
NA,"World","Fruits and nuts","Area harvested","ha",2018,974972,"Hazelnuts, in shell","no"
NA,"World","Fruits and nuts","Area harvested","ha",2019,1002203,"Hazelnuts, in shell","no"
NA,"World","Fruits and nuts","Area harvested","ha",2020,1018733,"Hazelnuts, in shell","no"
NA,"World","Fruits and nuts","Area harvested","ha",2021,1038555,"Hazelnuts, in shell","no"
NA,"World","Fruits and nuts","Area harvested","ha",2022,1060848,"Hazelnuts, in shell","no"
NA,"World","Fruits and nuts","Area harvested","ha",2023,1078192,"Hazelnuts, in shell","no"
NA,"World","Fruits and nuts","Yield","kg/ha",1992,1623.7,"Hazelnuts, in shell","no"
NA,"World","Fruits and nuts","Yield","kg/ha",1993,703.5,"Hazelnuts, in shell","no"
NA,"World","Fruits and nuts","Yield","kg/ha",1994,1051.2,"Hazelnuts, in shell","no"
NA,"World","Fruits and nuts","Yield","kg/ha",1995,969.2,"Hazelnuts, in shell","no"
NA,"World","Fruits and nuts","Yield","kg/ha",1996,928.6,"Hazelnuts, in shell","no"
NA,"World","Fruits and nuts","Yield","kg/ha",1997,897.1,"Hazelnuts, in shell","no"
NA,"World","Fruits and nuts","Yield","kg/ha",1998,1134,"Hazelnuts, in shell","no"
NA,"World","Fruits and nuts","Yield","kg/ha",1999,1122.9,"Hazelnuts, in shell","no"
NA,"World","Fruits and nuts","Yield","kg/ha",2000,956.2,"Hazelnuts, in shell","no"
NA,"World","Fruits and nuts","Yield","kg/ha",2001,1234.7,"Hazelnuts, in shell","no"
NA,"World","Fruits and nuts","Yield","kg/ha",2002,1157.3,"Hazelnuts, in shell","no"
NA,"World","Fruits and nuts","Yield","kg/ha",2003,902.5,"Hazelnuts, in shell","no"
NA,"World","Fruits and nuts","Yield","kg/ha",2004,759.3,"Hazelnuts, in shell","no"
NA,"World","Fruits and nuts","Yield","kg/ha",2005,923.2,"Hazelnuts, in shell","no"
NA,"World","Fruits and nuts","Yield","kg/ha",2006,1144.6,"Hazelnuts, in shell","no"
NA,"World","Fruits and nuts","Yield","kg/ha",2007,960.4,"Hazelnuts, in shell","no"
NA,"World","Fruits and nuts","Yield","kg/ha",2008,1269.3,"Hazelnuts, in shell","no"
NA,"World","Fruits and nuts","Yield","kg/ha",2009,932,"Hazelnuts, in shell","no"
NA,"World","Fruits and nuts","Yield","kg/ha",2010,1014.1,"Hazelnuts, in shell","no"
NA,"World","Fruits and nuts","Yield","kg/ha",2011,835.6,"Hazelnuts, in shell","no"
NA,"World","Fruits and nuts","Yield","kg/ha",2012,1049.8,"Hazelnuts, in shell","no"
NA,"World","Fruits and nuts","Yield","kg/ha",2013,952.3,"Hazelnuts, in shell","no"
NA,"World","Fruits and nuts","Yield","kg/ha",2014,780.1,"Hazelnuts, in shell","no"
NA,"World","Fruits and nuts","Yield","kg/ha",2015,1005.8,"Hazelnuts, in shell","no"
NA,"World","Fruits and nuts","Yield","kg/ha",2016,798.4,"Hazelnuts, in shell","no"
NA,"World","Fruits and nuts","Yield","kg/ha",2017,1065.8,"Hazelnuts, in shell","no"
NA,"World","Fruits and nuts","Yield","kg/ha",2018,896.9,"Hazelnuts, in shell","no"
NA,"World","Fruits and nuts","Yield","kg/ha",2019,1119.5,"Hazelnuts, in shell","no"
NA,"World","Fruits and nuts","Yield","kg/ha",2020,1051,"Hazelnuts, in shell","no"
NA,"World","Fruits and nuts","Yield","kg/ha",2021,1039.4,"Hazelnuts, in shell","no"
NA,"World","Fruits and nuts","Yield","kg/ha",2022,1127.1,"Hazelnuts, in shell","no"
NA,"World","Fruits and nuts","Yield","kg/ha",2023,1043.6,"Hazelnuts, in shell","no"
NA,"World","Fruits and nuts","Production","t",1992,741598.81,"Hazelnuts, in shell","no"
NA,"World","Fruits and nuts","Production","t",1993,498182.15,"Hazelnuts, in shell","no"
NA,"World","Fruits and nuts","Production","t",1994,717342.98,"Hazelnuts, in shell","no"
NA,"World","Fruits and nuts","Production","t",1995,678240.93,"Hazelnuts, in shell","no"
NA,"World","Fruits and nuts","Production","t",1996,648625.66,"Hazelnuts, in shell","no"
NA,"World","Fruits and nuts","Production","t",1997,631923.19,"Hazelnuts, in shell","no"
NA,"World","Fruits and nuts","Production","t",1998,802001.28,"Hazelnuts, in shell","no"
NA,"World","Fruits and nuts","Production","t",1999,780683.83,"Hazelnuts, in shell","no"
NA,"World","Fruits and nuts","Production","t",2000,675815.16,"Hazelnuts, in shell","no"
NA,"World","Fruits and nuts","Production","t",2001,878316.19,"Hazelnuts, in shell","no"
NA,"World","Fruits and nuts","Production","t",2002,835577.52,"Hazelnuts, in shell","no"
NA,"World","Fruits and nuts","Production","t",2003,688116.58,"Hazelnuts, in shell","no"
NA,"World","Fruits and nuts","Production","t",2004,616102.82,"Hazelnuts, in shell","no"
NA,"World","Fruits and nuts","Production","t",2005,758938.78,"Hazelnuts, in shell","no"
NA,"World","Fruits and nuts","Production","t",2006,961589.71,"Hazelnuts, in shell","no"
NA,"World","Fruits and nuts","Production","t",2007,811683.51,"Hazelnuts, in shell","no"
NA,"World","Fruits and nuts","Production","t",2008,1068185.99,"Hazelnuts, in shell","no"
NA,"World","Fruits and nuts","Production","t",2009,772964.9,"Hazelnuts, in shell","no"
NA,"World","Fruits and nuts","Production","t",2010,854742.24,"Hazelnuts, in shell","no"
NA,"World","Fruits and nuts","Production","t",2011,744976.17,"Hazelnuts, in shell","no"
NA,"World","Fruits and nuts","Production","t",2012,924337.8,"Hazelnuts, in shell","no"
NA,"World","Fruits and nuts","Production","t",2013,869505.23,"Hazelnuts, in shell","no"
NA,"World","Fruits and nuts","Production","t",2014,710547.13,"Hazelnuts, in shell","no"
NA,"World","Fruits and nuts","Production","t",2015,936110.26,"Hazelnuts, in shell","no"
NA,"World","Fruits and nuts","Production","t",2016,743399.7,"Hazelnuts, in shell","no"
NA,"World","Fruits and nuts","Production","t",2017,1001626.73,"Hazelnuts, in shell","no"
NA,"World","Fruits and nuts","Production","t",2018,874423.3,"Hazelnuts, in shell","no"
NA,"World","Fruits and nuts","Production","t",2019,1121957.1,"Hazelnuts, in shell","no"
NA,"World","Fruits and nuts","Production","t",2020,1070732.82,"Hazelnuts, in shell","no"
NA,"World","Fruits and nuts","Production","t",2021,1079470.86,"Hazelnuts, in shell","no"
NA,"World","Fruits and nuts","Production","t",2022,1195730.73,"Hazelnuts, in shell","no"
NA,"World","Fruits and nuts","Production","t",2023,1125220.69,"Hazelnuts, in shell","no"
NA,"World","Oilseeds and oleaginous fruits","Area harvested","ha",1992,36370,"Hempseed","no"
NA,"World","Oilseeds and oleaginous fruits","Area harvested","ha",1993,22835,"Hempseed","no"
NA,"World","Oilseeds and oleaginous fruits","Area harvested","ha",1994,14443,"Hempseed","no"
NA,"World","Oilseeds and oleaginous fruits","Area harvested","ha",1995,14341,"Hempseed","no"
NA,"World","Oilseeds and oleaginous fruits","Area harvested","ha",1996,15237,"Hempseed","no"
NA,"World","Oilseeds and oleaginous fruits","Area harvested","ha",1997,12243,"Hempseed","no"
NA,"World","Oilseeds and oleaginous fruits","Area harvested","ha",1998,11577,"Hempseed","no"
NA,"World","Oilseeds and oleaginous fruits","Area harvested","ha",1999,9568,"Hempseed","no"
NA,"World","Oilseeds and oleaginous fruits","Area harvested","ha",2000,9735,"Hempseed","no"
NA,"World","Oilseeds and oleaginous fruits","Area harvested","ha",2001,8902,"Hempseed","no"
NA,"World","Oilseeds and oleaginous fruits","Area harvested","ha",2002,7346,"Hempseed","no"
NA,"World","Oilseeds and oleaginous fruits","Area harvested","ha",2003,6945,"Hempseed","no"
NA,"World","Oilseeds and oleaginous fruits","Area harvested","ha",2004,6401,"Hempseed","no"
NA,"World","Oilseeds and oleaginous fruits","Area harvested","ha",2005,6433,"Hempseed","no"
NA,"World","Oilseeds and oleaginous fruits","Area harvested","ha",2006,6126,"Hempseed","no"
NA,"World","Oilseeds and oleaginous fruits","Area harvested","ha",2007,6120,"Hempseed","no"
NA,"World","Oilseeds and oleaginous fruits","Area harvested","ha",2008,6535,"Hempseed","no"
NA,"World","Oilseeds and oleaginous fruits","Area harvested","ha",2009,5519,"Hempseed","no"
NA,"World","Oilseeds and oleaginous fruits","Area harvested","ha",2010,5275,"Hempseed","no"
NA,"World","Oilseeds and oleaginous fruits","Area harvested","ha",2011,5573,"Hempseed","no"
NA,"World","Oilseeds and oleaginous fruits","Area harvested","ha",2012,6420,"Hempseed","no"
NA,"World","Oilseeds and oleaginous fruits","Area harvested","ha",2013,6353,"Hempseed","no"
NA,"World","Oilseeds and oleaginous fruits","Area harvested","ha",2014,6480,"Hempseed","no"
NA,"World","Oilseeds and oleaginous fruits","Area harvested","ha",2015,5912,"Hempseed","no"
NA,"World","Oilseeds and oleaginous fruits","Area harvested","ha",2016,6842,"Hempseed","no"
NA,"World","Oilseeds and oleaginous fruits","Area harvested","ha",2017,8151,"Hempseed","no"
NA,"World","Oilseeds and oleaginous fruits","Area harvested","ha",2018,8493,"Hempseed","no"
NA,"World","Oilseeds and oleaginous fruits","Area harvested","ha",2019,42244,"Hempseed","no"
NA,"World","Oilseeds and oleaginous fruits","Area harvested","ha",2020,31007,"Hempseed","no"
NA,"World","Oilseeds and oleaginous fruits","Area harvested","ha",2021,37320,"Hempseed","no"
NA,"World","Oilseeds and oleaginous fruits","Area harvested","ha",2022,43624,"Hempseed","no"
NA,"World","Oilseeds and oleaginous fruits","Area harvested","ha",2023,34985,"Hempseed","no"
NA,"World","Oilseeds and oleaginous fruits","Yield","kg/ha",1992,247,"Hempseed","no"
NA,"World","Oilseeds and oleaginous fruits","Yield","kg/ha",1993,290.9,"Hempseed","no"
NA,"World","Oilseeds and oleaginous fruits","Yield","kg/ha",1994,323,"Hempseed","no"
NA,"World","Oilseeds and oleaginous fruits","Yield","kg/ha",1995,447.2,"Hempseed","no"
NA,"World","Oilseeds and oleaginous fruits","Yield","kg/ha",1996,308.8,"Hempseed","no"
NA,"World","Oilseeds and oleaginous fruits","Yield","kg/ha",1997,352.1,"Hempseed","no"
NA,"World","Oilseeds and oleaginous fruits","Yield","kg/ha",1998,352.9,"Hempseed","no"
NA,"World","Oilseeds and oleaginous fruits","Yield","kg/ha",1999,504,"Hempseed","no"
NA,"World","Oilseeds and oleaginous fruits","Yield","kg/ha",2000,655.2,"Hempseed","no"
NA,"World","Oilseeds and oleaginous fruits","Yield","kg/ha",2001,568.8,"Hempseed","no"
NA,"World","Oilseeds and oleaginous fruits","Yield","kg/ha",2002,539.4,"Hempseed","no"
NA,"World","Oilseeds and oleaginous fruits","Yield","kg/ha",2003,531.7,"Hempseed","no"
NA,"World","Oilseeds and oleaginous fruits","Yield","kg/ha",2004,541.6,"Hempseed","no"
NA,"World","Oilseeds and oleaginous fruits","Yield","kg/ha",2005,574,"Hempseed","no"
NA,"World","Oilseeds and oleaginous fruits","Yield","kg/ha",2006,557.8,"Hempseed","no"
NA,"World","Oilseeds and oleaginous fruits","Yield","kg/ha",2007,558.8,"Hempseed","no"
NA,"World","Oilseeds and oleaginous fruits","Yield","kg/ha",2008,551.5,"Hempseed","no"
NA,"World","Oilseeds and oleaginous fruits","Yield","kg/ha",2009,548,"Hempseed","no"
NA,"World","Oilseeds and oleaginous fruits","Yield","kg/ha",2010,538.8,"Hempseed","no"
NA,"World","Oilseeds and oleaginous fruits","Yield","kg/ha",2011,509.4,"Hempseed","no"
NA,"World","Oilseeds and oleaginous fruits","Yield","kg/ha",2012,450.7,"Hempseed","no"
NA,"World","Oilseeds and oleaginous fruits","Yield","kg/ha",2013,472.6,"Hempseed","no"
NA,"World","Oilseeds and oleaginous fruits","Yield","kg/ha",2014,454.8,"Hempseed","no"
NA,"World","Oilseeds and oleaginous fruits","Yield","kg/ha",2015,459.8,"Hempseed","no"
NA,"World","Oilseeds and oleaginous fruits","Yield","kg/ha",2016,440.5,"Hempseed","no"
NA,"World","Oilseeds and oleaginous fruits","Yield","kg/ha",2017,431.5,"Hempseed","no"
NA,"World","Oilseeds and oleaginous fruits","Yield","kg/ha",2018,524.8,"Hempseed","no"
NA,"World","Oilseeds and oleaginous fruits","Yield","kg/ha",2019,1106.5,"Hempseed","no"
NA,"World","Oilseeds and oleaginous fruits","Yield","kg/ha",2020,1031.4,"Hempseed","no"
NA,"World","Oilseeds and oleaginous fruits","Yield","kg/ha",2021,895,"Hempseed","no"
NA,"World","Oilseeds and oleaginous fruits","Yield","kg/ha",2022,969.3,"Hempseed","no"
NA,"World","Oilseeds and oleaginous fruits","Yield","kg/ha",2023,974,"Hempseed","no"
NA,"World","Oilseeds and oleaginous fruits","Production","t",1992,8983.88,"Hempseed","no"
NA,"World","Oilseeds and oleaginous fruits","Production","t",1993,6641.84,"Hempseed","no"
NA,"World","Oilseeds and oleaginous fruits","Production","t",1994,4664.82,"Hempseed","no"
NA,"World","Oilseeds and oleaginous fruits","Production","t",1995,6413.62,"Hempseed","no"
NA,"World","Oilseeds and oleaginous fruits","Production","t",1996,4705.1,"Hempseed","no"
NA,"World","Oilseeds and oleaginous fruits","Production","t",1997,4311.2,"Hempseed","no"
NA,"World","Oilseeds and oleaginous fruits","Production","t",1998,4085.03,"Hempseed","no"
NA,"World","Oilseeds and oleaginous fruits","Production","t",1999,4822.31,"Hempseed","no"
NA,"World","Oilseeds and oleaginous fruits","Production","t",2000,6379.09,"Hempseed","no"
NA,"World","Oilseeds and oleaginous fruits","Production","t",2001,5063.35,"Hempseed","no"
NA,"World","Oilseeds and oleaginous fruits","Production","t",2002,3962.81,"Hempseed","no"
NA,"World","Oilseeds and oleaginous fruits","Production","t",2003,3692.59,"Hempseed","no"
NA,"World","Oilseeds and oleaginous fruits","Production","t",2004,3466.74,"Hempseed","no"
NA,"World","Oilseeds and oleaginous fruits","Production","t",2005,3692.93,"Hempseed","no"
NA,"World","Oilseeds and oleaginous fruits","Production","t",2006,3417.1,"Hempseed","no"
NA,"World","Oilseeds and oleaginous fruits","Production","t",2007,3419.95,"Hempseed","no"
NA,"World","Oilseeds and oleaginous fruits","Production","t",2008,3604.1,"Hempseed","no"
NA,"World","Oilseeds and oleaginous fruits","Production","t",2009,3024.53,"Hempseed","no"
NA,"World","Oilseeds and oleaginous fruits","Production","t",2010,2842.23,"Hempseed","no"
NA,"World","Oilseeds and oleaginous fruits","Production","t",2011,2839.1,"Hempseed","no"
NA,"World","Oilseeds and oleaginous fruits","Production","t",2012,2893.38,"Hempseed","no"
NA,"World","Oilseeds and oleaginous fruits","Production","t",2013,3002.44,"Hempseed","no"
NA,"World","Oilseeds and oleaginous fruits","Production","t",2014,2947.06,"Hempseed","no"
NA,"World","Oilseeds and oleaginous fruits","Production","t",2015,2717.86,"Hempseed","no"
NA,"World","Oilseeds and oleaginous fruits","Production","t",2016,3013.75,"Hempseed","no"
NA,"World","Oilseeds and oleaginous fruits","Production","t",2017,3517.4,"Hempseed","no"
NA,"World","Oilseeds and oleaginous fruits","Production","t",2018,4457.2,"Hempseed","no"
NA,"World","Oilseeds and oleaginous fruits","Production","t",2019,46744.76,"Hempseed","no"
NA,"World","Oilseeds and oleaginous fruits","Production","t",2020,31979.77,"Hempseed","no"
NA,"World","Oilseeds and oleaginous fruits","Production","t",2021,33401.95,"Hempseed","no"
NA,"World","Oilseeds and oleaginous fruits","Production","t",2022,42286.02,"Hempseed","no"
NA,"World","Oilseeds and oleaginous fruits","Production","t",2023,34075.83,"Hempseed","no"
NA,"World","Eggs of hens or other birds in shell, fresh","Yield","No/An",1992,183,"Hen eggs in shell, fresh","no"
NA,"World","Eggs of hens or other birds in shell, fresh","Yield","No/An",1993,189,"Hen eggs in shell, fresh","no"
NA,"World","Eggs of hens or other birds in shell, fresh","Yield","No/An",1994,187,"Hen eggs in shell, fresh","no"
NA,"World","Eggs of hens or other birds in shell, fresh","Yield","No/An",1995,189,"Hen eggs in shell, fresh","no"
NA,"World","Eggs of hens or other birds in shell, fresh","Yield","No/An",1996,192,"Hen eggs in shell, fresh","no"
NA,"World","Eggs of hens or other birds in shell, fresh","Yield","No/An",1997,192,"Hen eggs in shell, fresh","no"
NA,"World","Eggs of hens or other birds in shell, fresh","Yield","No/An",1998,192,"Hen eggs in shell, fresh","no"
NA,"World","Eggs of hens or other birds in shell, fresh","Yield","No/An",1999,194,"Hen eggs in shell, fresh","no"
NA,"World","Eggs of hens or other birds in shell, fresh","Yield","No/An",2000,193,"Hen eggs in shell, fresh","no"
NA,"World","Eggs of hens or other birds in shell, fresh","Yield","No/An",2001,192,"Hen eggs in shell, fresh","no"
NA,"World","Eggs of hens or other birds in shell, fresh","Yield","No/An",2002,191,"Hen eggs in shell, fresh","no"
NA,"World","Eggs of hens or other birds in shell, fresh","Yield","No/An",2003,190,"Hen eggs in shell, fresh","no"
NA,"World","Eggs of hens or other birds in shell, fresh","Yield","No/An",2004,188,"Hen eggs in shell, fresh","no"
NA,"World","Eggs of hens or other birds in shell, fresh","Yield","No/An",2005,187,"Hen eggs in shell, fresh","no"
NA,"World","Eggs of hens or other birds in shell, fresh","Yield","No/An",2006,185,"Hen eggs in shell, fresh","no"
NA,"World","Eggs of hens or other birds in shell, fresh","Yield","No/An",2007,185,"Hen eggs in shell, fresh","no"
NA,"World","Eggs of hens or other birds in shell, fresh","Yield","No/An",2008,186,"Hen eggs in shell, fresh","no"
NA,"World","Eggs of hens or other birds in shell, fresh","Yield","No/An",2009,187,"Hen eggs in shell, fresh","no"
NA,"World","Eggs of hens or other birds in shell, fresh","Yield","No/An",2010,186,"Hen eggs in shell, fresh","no"
NA,"World","Eggs of hens or other birds in shell, fresh","Yield","No/An",2011,186,"Hen eggs in shell, fresh","no"
NA,"World","Eggs of hens or other birds in shell, fresh","Yield","No/An",2012,185,"Hen eggs in shell, fresh","no"
NA,"World","Eggs of hens or other birds in shell, fresh","Yield","No/An",2013,187,"Hen eggs in shell, fresh","no"
NA,"World","Eggs of hens or other birds in shell, fresh","Yield","No/An",2014,182,"Hen eggs in shell, fresh","no"
NA,"World","Eggs of hens or other birds in shell, fresh","Yield","No/An",2015,183,"Hen eggs in shell, fresh","no"
NA,"World","Eggs of hens or other birds in shell, fresh","Yield","No/An",2016,180,"Hen eggs in shell, fresh","no"
NA,"World","Eggs of hens or other birds in shell, fresh","Yield","No/An",2017,203,"Hen eggs in shell, fresh","no"
NA,"World","Eggs of hens or other birds in shell, fresh","Yield","No/An",2018,204,"Hen eggs in shell, fresh","no"
NA,"World","Eggs of hens or other birds in shell, fresh","Yield","No/An",2019,202,"Hen eggs in shell, fresh","no"
NA,"World","Eggs of hens or other birds in shell, fresh","Yield","No/An",2020,202,"Hen eggs in shell, fresh","no"
NA,"World","Eggs of hens or other birds in shell, fresh","Yield","No/An",2021,203,"Hen eggs in shell, fresh","no"
NA,"World","Eggs of hens or other birds in shell, fresh","Yield","No/An",2022,204,"Hen eggs in shell, fresh","no"
NA,"World","Eggs of hens or other birds in shell, fresh","Yield","No/An",2023,204,"Hen eggs in shell, fresh","no"
NA,"World","Eggs of hens or other birds in shell, fresh","Production","t",1992,37216012.02,"Hen eggs in shell, fresh","no"
NA,"World","Eggs of hens or other birds in shell, fresh","Production","t",1993,38421932.6,"Hen eggs in shell, fresh","no"
NA,"World","Eggs of hens or other birds in shell, fresh","Production","t",1994,41340512.41,"Hen eggs in shell, fresh","no"
NA,"World","Eggs of hens or other birds in shell, fresh","Production","t",1995,43051170.13,"Hen eggs in shell, fresh","no"
NA,"World","Eggs of hens or other birds in shell, fresh","Production","t",1996,45252945.3,"Hen eggs in shell, fresh","no"
NA,"World","Eggs of hens or other birds in shell, fresh","Production","t",1997,46590336.31,"Hen eggs in shell, fresh","no"
NA,"World","Eggs of hens or other birds in shell, fresh","Production","t",1998,48097130.79,"Hen eggs in shell, fresh","no"
NA,"World","Eggs of hens or other birds in shell, fresh","Production","t",1999,49856248.59,"Hen eggs in shell, fresh","no"
NA,"World","Eggs of hens or other birds in shell, fresh","Production","t",2000,51362639.24,"Hen eggs in shell, fresh","no"
NA,"World","Eggs of hens or other birds in shell, fresh","Production","t",2001,52417883.29,"Hen eggs in shell, fresh","no"
NA,"World","Eggs of hens or other birds in shell, fresh","Production","t",2002,53727861.29,"Hen eggs in shell, fresh","no"
NA,"World","Eggs of hens or other birds in shell, fresh","Production","t",2003,54549572.3,"Hen eggs in shell, fresh","no"
NA,"World","Eggs of hens or other birds in shell, fresh","Production","t",2004,55800123.34,"Hen eggs in shell, fresh","no"
NA,"World","Eggs of hens or other birds in shell, fresh","Production","t",2005,56935536.61,"Hen eggs in shell, fresh","no"
NA,"World","Eggs of hens or other birds in shell, fresh","Production","t",2006,58211746.8,"Hen eggs in shell, fresh","no"
NA,"World","Eggs of hens or other birds in shell, fresh","Production","t",2007,59842131.99,"Hen eggs in shell, fresh","no"
NA,"World","Eggs of hens or other birds in shell, fresh","Production","t",2008,61965605.97,"Hen eggs in shell, fresh","no"
NA,"World","Eggs of hens or other birds in shell, fresh","Production","t",2009,63115785.25,"Hen eggs in shell, fresh","no"
NA,"World","Eggs of hens or other birds in shell, fresh","Production","t",2010,64489352.23,"Hen eggs in shell, fresh","no"
NA,"World","Eggs of hens or other birds in shell, fresh","Production","t",2011,65732134.17,"Hen eggs in shell, fresh","no"
NA,"World","Eggs of hens or other birds in shell, fresh","Production","t",2012,67314523.27,"Hen eggs in shell, fresh","no"
NA,"World","Eggs of hens or other birds in shell, fresh","Production","t",2013,68988253.46,"Hen eggs in shell, fresh","no"
NA,"World","Eggs of hens or other birds in shell, fresh","Production","t",2014,70455663.02,"Hen eggs in shell, fresh","no"
NA,"World","Eggs of hens or other birds in shell, fresh","Production","t",2015,72491288.89,"Hen eggs in shell, fresh","no"
NA,"World","Eggs of hens or other birds in shell, fresh","Production","t",2016,74637415.81,"Hen eggs in shell, fresh","no"
NA,"World","Eggs of hens or other birds in shell, fresh","Production","t",2017,79017940.88,"Hen eggs in shell, fresh","no"
NA,"World","Eggs of hens or other birds in shell, fresh","Production","t",2018,80398729.65,"Hen eggs in shell, fresh","no"
NA,"World","Eggs of hens or other birds in shell, fresh","Production","t",2019,84068575.51,"Hen eggs in shell, fresh","no"
NA,"World","Eggs of hens or other birds in shell, fresh","Production","t",2020,87142719.79,"Hen eggs in shell, fresh","no"
NA,"World","Eggs of hens or other birds in shell, fresh","Production","t",2021,87562497.63,"Hen eggs in shell, fresh","no"
NA,"World","Eggs of hens or other birds in shell, fresh","Production","t",2022,89115826.08,"Hen eggs in shell, fresh","no"
NA,"World","Eggs of hens or other birds in shell, fresh","Production","t",2023,91128702.68,"Hen eggs in shell, fresh","no"
NA,"World","Eggs of hens or other birds in shell, fresh","Production","1000 No",1992,670965293,"Hen eggs in shell, fresh","no"
NA,"World","Eggs of hens or other birds in shell, fresh","Production","1000 No",1993,701401682,"Hen eggs in shell, fresh","no"
NA,"World","Eggs of hens or other birds in shell, fresh","Production","1000 No",1994,758656200,"Hen eggs in shell, fresh","no"
NA,"World","Eggs of hens or other birds in shell, fresh","Production","1000 No",1995,791198106,"Hen eggs in shell, fresh","no"
NA,"World","Eggs of hens or other birds in shell, fresh","Production","1000 No",1996,835990350,"Hen eggs in shell, fresh","no"
NA,"World","Eggs of hens or other birds in shell, fresh","Production","1000 No",1997,858425439,"Hen eggs in shell, fresh","no"
NA,"World","Eggs of hens or other birds in shell, fresh","Production","1000 No",1998,886100326,"Hen eggs in shell, fresh","no"
NA,"World","Eggs of hens or other birds in shell, fresh","Production","1000 No",1999,923812286,"Hen eggs in shell, fresh","no"
NA,"World","Eggs of hens or other birds in shell, fresh","Production","1000 No",2000,954531056,"Hen eggs in shell, fresh","no"
NA,"World","Eggs of hens or other birds in shell, fresh","Production","1000 No",2001,975181212,"Hen eggs in shell, fresh","no"
NA,"World","Eggs of hens or other birds in shell, fresh","Production","1000 No",2002,1003046733,"Hen eggs in shell, fresh","no"
NA,"World","Eggs of hens or other birds in shell, fresh","Production","1000 No",2003,1017699242,"Hen eggs in shell, fresh","no"
NA,"World","Eggs of hens or other birds in shell, fresh","Production","1000 No",2004,1042373552,"Hen eggs in shell, fresh","no"
NA,"World","Eggs of hens or other birds in shell, fresh","Production","1000 No",2005,1065036026,"Hen eggs in shell, fresh","no"
NA,"World","Eggs of hens or other birds in shell, fresh","Production","1000 No",2006,1088842828,"Hen eggs in shell, fresh","no"
NA,"World","Eggs of hens or other birds in shell, fresh","Production","1000 No",2007,1119908954,"Hen eggs in shell, fresh","no"
NA,"World","Eggs of hens or other birds in shell, fresh","Production","1000 No",2008,1160533989,"Hen eggs in shell, fresh","no"
NA,"World","Eggs of hens or other birds in shell, fresh","Production","1000 No",2009,1181406814,"Hen eggs in shell, fresh","no"
NA,"World","Eggs of hens or other birds in shell, fresh","Production","1000 No",2010,1204477011,"Hen eggs in shell, fresh","no"
NA,"World","Eggs of hens or other birds in shell, fresh","Production","1000 No",2011,1227325728,"Hen eggs in shell, fresh","no"
NA,"World","Eggs of hens or other birds in shell, fresh","Production","1000 No",2012,1254784321,"Hen eggs in shell, fresh","no"
NA,"World","Eggs of hens or other birds in shell, fresh","Production","1000 No",2013,1285091084,"Hen eggs in shell, fresh","no"
NA,"World","Eggs of hens or other birds in shell, fresh","Production","1000 No",2014,1275705159,"Hen eggs in shell, fresh","no"
NA,"World","Eggs of hens or other birds in shell, fresh","Production","1000 No",2015,1297474210,"Hen eggs in shell, fresh","no"
NA,"World","Eggs of hens or other birds in shell, fresh","Production","1000 No",2016,1318851443,"Hen eggs in shell, fresh","no"
NA,"World","Eggs of hens or other birds in shell, fresh","Production","1000 No",2017,1496468737,"Hen eggs in shell, fresh","no"
NA,"World","Eggs of hens or other birds in shell, fresh","Production","1000 No",2018,1524304078,"Hen eggs in shell, fresh","no"
NA,"World","Eggs of hens or other birds in shell, fresh","Production","1000 No",2019,1582305720,"Hen eggs in shell, fresh","no"
NA,"World","Eggs of hens or other birds in shell, fresh","Production","1000 No",2020,1647123096,"Hen eggs in shell, fresh","no"
NA,"World","Eggs of hens or other birds in shell, fresh","Production","1000 No",2021,1654156138,"Hen eggs in shell, fresh","no"
NA,"World","Eggs of hens or other birds in shell, fresh","Production","1000 No",2022,1684702324,"Hen eggs in shell, fresh","no"
NA,"World","Eggs of hens or other birds in shell, fresh","Production","1000 No",2023,1724511784,"Hen eggs in shell, fresh","no"
NA,"World","Stimulant, spice and aromatic crops","Area harvested","ha",1992,92727,"Hop cones","no"
NA,"World","Stimulant, spice and aromatic crops","Area harvested","ha",1993,106259,"Hop cones","no"
NA,"World","Stimulant, spice and aromatic crops","Area harvested","ha",1994,103541,"Hop cones","no"
NA,"World","Stimulant, spice and aromatic crops","Area harvested","ha",1995,101159,"Hop cones","no"
NA,"World","Stimulant, spice and aromatic crops","Area harvested","ha",1996,101222,"Hop cones","no"
NA,"World","Stimulant, spice and aromatic crops","Area harvested","ha",1997,95101,"Hop cones","no"
NA,"World","Stimulant, spice and aromatic crops","Area harvested","ha",1998,88131,"Hop cones","no"
NA,"World","Stimulant, spice and aromatic crops","Area harvested","ha",1999,84111,"Hop cones","no"
NA,"World","Stimulant, spice and aromatic crops","Area harvested","ha",2000,86400,"Hop cones","no"
NA,"World","Stimulant, spice and aromatic crops","Area harvested","ha",2001,83066,"Hop cones","no"
NA,"World","Stimulant, spice and aromatic crops","Area harvested","ha",2002,82247,"Hop cones","no"
NA,"World","Stimulant, spice and aromatic crops","Area harvested","ha",2003,80420,"Hop cones","no"
NA,"World","Stimulant, spice and aromatic crops","Area harvested","ha",2004,78918,"Hop cones","no"
NA,"World","Stimulant, spice and aromatic crops","Area harvested","ha",2005,79792,"Hop cones","no"
NA,"World","Stimulant, spice and aromatic crops","Area harvested","ha",2006,79597,"Hop cones","no"
NA,"World","Stimulant, spice and aromatic crops","Area harvested","ha",2007,81549,"Hop cones","no"
NA,"World","Stimulant, spice and aromatic crops","Area harvested","ha",2008,85767,"Hop cones","no"
NA,"World","Stimulant, spice and aromatic crops","Area harvested","ha",2009,84938,"Hop cones","no"
NA,"World","Stimulant, spice and aromatic crops","Area harvested","ha",2010,77459,"Hop cones","no"
NA,"World","Stimulant, spice and aromatic crops","Area harvested","ha",2011,76700,"Hop cones","no"
NA,"World","Stimulant, spice and aromatic crops","Area harvested","ha",2012,75465,"Hop cones","no"
NA,"World","Stimulant, spice and aromatic crops","Area harvested","ha",2013,77587,"Hop cones","no"
NA,"World","Stimulant, spice and aromatic crops","Area harvested","ha",2014,82733,"Hop cones","no"
NA,"World","Stimulant, spice and aromatic crops","Area harvested","ha",2015,86144,"Hop cones","no"
NA,"World","Stimulant, spice and aromatic crops","Area harvested","ha",2016,90825,"Hop cones","no"
NA,"World","Stimulant, spice and aromatic crops","Area harvested","ha",2017,92829,"Hop cones","no"
NA,"World","Stimulant, spice and aromatic crops","Area harvested","ha",2018,103965,"Hop cones","no"
NA,"World","Stimulant, spice and aromatic crops","Area harvested","ha",2019,101168,"Hop cones","no"
NA,"World","Stimulant, spice and aromatic crops","Area harvested","ha",2020,101083,"Hop cones","no"
NA,"World","Stimulant, spice and aromatic crops","Area harvested","ha",2021,102205,"Hop cones","no"
NA,"World","Stimulant, spice and aromatic crops","Area harvested","ha",2022,101059,"Hop cones","no"
NA,"World","Stimulant, spice and aromatic crops","Area harvested","ha",2023,101896,"Hop cones","no"
NA,"World","Stimulant, spice and aromatic crops","Yield","kg/ha",1992,1272.4,"Hop cones","no"
NA,"World","Stimulant, spice and aromatic crops","Yield","kg/ha",1993,1399.9,"Hop cones","no"
NA,"World","Stimulant, spice and aromatic crops","Yield","kg/ha",1994,1233.2,"Hop cones","no"
NA,"World","Stimulant, spice and aromatic crops","Yield","kg/ha",1995,1367.2,"Hop cones","no"
NA,"World","Stimulant, spice and aromatic crops","Yield","kg/ha",1996,1402.7,"Hop cones","no"
NA,"World","Stimulant, spice and aromatic crops","Yield","kg/ha",1997,1390.6,"Hop cones","no"
NA,"World","Stimulant, spice and aromatic crops","Yield","kg/ha",1998,1341.2,"Hop cones","no"
NA,"World","Stimulant, spice and aromatic crops","Yield","kg/ha",1999,1421.3,"Hop cones","no"
NA,"World","Stimulant, spice and aromatic crops","Yield","kg/ha",2000,1404.5,"Hop cones","no"
NA,"World","Stimulant, spice and aromatic crops","Yield","kg/ha",2001,1515.8,"Hop cones","no"
NA,"World","Stimulant, spice and aromatic crops","Yield","kg/ha",2002,1527.4,"Hop cones","no"
NA,"World","Stimulant, spice and aromatic crops","Yield","kg/ha",2003,1417,"Hop cones","no"
NA,"World","Stimulant, spice and aromatic crops","Yield","kg/ha",2004,1509.4,"Hop cones","no"
NA,"World","Stimulant, spice and aromatic crops","Yield","kg/ha",2005,1490.3,"Hop cones","no"
NA,"World","Stimulant, spice and aromatic crops","Yield","kg/ha",2006,1402.4,"Hop cones","no"
NA,"World","Stimulant, spice and aromatic crops","Yield","kg/ha",2007,1549.3,"Hop cones","no"
NA,"World","Stimulant, spice and aromatic crops","Yield","kg/ha",2008,1656.2,"Hop cones","no"
NA,"World","Stimulant, spice and aromatic crops","Yield","kg/ha",2009,1667.9,"Hop cones","no"
NA,"World","Stimulant, spice and aromatic crops","Yield","kg/ha",2010,1628.1,"Hop cones","no"
NA,"World","Stimulant, spice and aromatic crops","Yield","kg/ha",2011,1669.7,"Hop cones","no"
NA,"World","Stimulant, spice and aromatic crops","Yield","kg/ha",2012,1487,"Hop cones","no"
NA,"World","Stimulant, spice and aromatic crops","Yield","kg/ha",2013,1518.8,"Hop cones","no"
NA,"World","Stimulant, spice and aromatic crops","Yield","kg/ha",2014,1665.6,"Hop cones","no"
NA,"World","Stimulant, spice and aromatic crops","Yield","kg/ha",2015,1544.6,"Hop cones","no"
NA,"World","Stimulant, spice and aromatic crops","Yield","kg/ha",2016,1576.9,"Hop cones","no"
NA,"World","Stimulant, spice and aromatic crops","Yield","kg/ha",2017,1631.3,"Hop cones","no"
NA,"World","Stimulant, spice and aromatic crops","Yield","kg/ha",2018,1634.3,"Hop cones","no"
NA,"World","Stimulant, spice and aromatic crops","Yield","kg/ha",2019,1722.6,"Hop cones","no"
NA,"World","Stimulant, spice and aromatic crops","Yield","kg/ha",2020,1715.6,"Hop cones","no"
NA,"World","Stimulant, spice and aromatic crops","Yield","kg/ha",2021,1672.1,"Hop cones","no"
NA,"World","Stimulant, spice and aromatic crops","Yield","kg/ha",2022,1509.7,"Hop cones","no"
NA,"World","Stimulant, spice and aromatic crops","Yield","kg/ha",2023,1636.1,"Hop cones","no"
NA,"World","Stimulant, spice and aromatic crops","Production","t",1992,117982.14,"Hop cones","no"
NA,"World","Stimulant, spice and aromatic crops","Production","t",1993,148750.08,"Hop cones","no"
NA,"World","Stimulant, spice and aromatic crops","Production","t",1994,127684.6,"Hop cones","no"
NA,"World","Stimulant, spice and aromatic crops","Production","t",1995,138304.27,"Hop cones","no"
NA,"World","Stimulant, spice and aromatic crops","Production","t",1996,141987.24,"Hop cones","no"
NA,"World","Stimulant, spice and aromatic crops","Production","t",1997,132250.61,"Hop cones","no"
NA,"World","Stimulant, spice and aromatic crops","Production","t",1998,118204.12,"Hop cones","no"
NA,"World","Stimulant, spice and aromatic crops","Production","t",1999,119551.38,"Hop cones","no"
NA,"World","Stimulant, spice and aromatic crops","Production","t",2000,121348.63,"Hop cones","no"
NA,"World","Stimulant, spice and aromatic crops","Production","t",2001,125915.17,"Hop cones","no"
NA,"World","Stimulant, spice and aromatic crops","Production","t",2002,125627.17,"Hop cones","no"
NA,"World","Stimulant, spice and aromatic crops","Production","t",2003,113955.08,"Hop cones","no"
NA,"World","Stimulant, spice and aromatic crops","Production","t",2004,119118.61,"Hop cones","no"
NA,"World","Stimulant, spice and aromatic crops","Production","t",2005,118914.31,"Hop cones","no"
NA,"World","Stimulant, spice and aromatic crops","Production","t",2006,111623.39,"Hop cones","no"
NA,"World","Stimulant, spice and aromatic crops","Production","t",2007,126341.27,"Hop cones","no"
NA,"World","Stimulant, spice and aromatic crops","Production","t",2008,142048.34,"Hop cones","no"
NA,"World","Stimulant, spice and aromatic crops","Production","t",2009,141667.91,"Hop cones","no"
NA,"World","Stimulant, spice and aromatic crops","Production","t",2010,126111.21,"Hop cones","no"
NA,"World","Stimulant, spice and aromatic crops","Production","t",2011,128063.87,"Hop cones","no"
NA,"World","Stimulant, spice and aromatic crops","Production","t",2012,112217.81,"Hop cones","no"
NA,"World","Stimulant, spice and aromatic crops","Production","t",2013,117839.23,"Hop cones","no"
NA,"World","Stimulant, spice and aromatic crops","Production","t",2014,137797.21,"Hop cones","no"
NA,"World","Stimulant, spice and aromatic crops","Production","t",2015,133058.88,"Hop cones","no"
NA,"World","Stimulant, spice and aromatic crops","Production","t",2016,143219.75,"Hop cones","no"
NA,"World","Stimulant, spice and aromatic crops","Production","t",2017,151431.95,"Hop cones","no"
NA,"World","Stimulant, spice and aromatic crops","Production","t",2018,169913.18,"Hop cones","no"
NA,"World","Stimulant, spice and aromatic crops","Production","t",2019,174275.8,"Hop cones","no"
NA,"World","Stimulant, spice and aromatic crops","Production","t",2020,173412.97,"Hop cones","no"
NA,"World","Stimulant, spice and aromatic crops","Production","t",2021,170893.03,"Hop cones","no"
NA,"World","Stimulant, spice and aromatic crops","Production","t",2022,152567.44,"Hop cones","no"
NA,"World","Stimulant, spice and aromatic crops","Production","t",2023,166714.29,"Hop cones","no"
NA,"World","Meat and meat products","Production","t",1992,664419.45,"Horse meat, fresh or chilled","no"
NA,"World","Meat and meat products","Production","t",1993,625565.31,"Horse meat, fresh or chilled","no"
NA,"World","Meat and meat products","Production","t",1994,659007.16,"Horse meat, fresh or chilled","no"
NA,"World","Meat and meat products","Production","t",1995,671067.91,"Horse meat, fresh or chilled","no"
NA,"World","Meat and meat products","Production","t",1996,726459.9,"Horse meat, fresh or chilled","no"
NA,"World","Meat and meat products","Production","t",1997,731620.77,"Horse meat, fresh or chilled","no"
NA,"World","Meat and meat products","Production","t",1998,721332.62,"Horse meat, fresh or chilled","no"
NA,"World","Meat and meat products","Production","t",1999,738080.78,"Horse meat, fresh or chilled","no"
NA,"World","Meat and meat products","Production","t",2000,745157.38,"Horse meat, fresh or chilled","no"
NA,"World","Meat and meat products","Production","t",2001,781411.56,"Horse meat, fresh or chilled","no"
NA,"World","Meat and meat products","Production","t",2002,750397.77,"Horse meat, fresh or chilled","no"
NA,"World","Meat and meat products","Production","t",2003,750438.51,"Horse meat, fresh or chilled","no"
NA,"World","Meat and meat products","Production","t",2004,742325.71,"Horse meat, fresh or chilled","no"
NA,"World","Meat and meat products","Production","t",2005,737649.1,"Horse meat, fresh or chilled","no"
NA,"World","Meat and meat products","Production","t",2006,729770.7,"Horse meat, fresh or chilled","no"
NA,"World","Meat and meat products","Production","t",2007,683522.63,"Horse meat, fresh or chilled","no"
NA,"World","Meat and meat products","Production","t",2008,681506.51,"Horse meat, fresh or chilled","no"
NA,"World","Meat and meat products","Production","t",2009,683026.17,"Horse meat, fresh or chilled","no"
NA,"World","Meat and meat products","Production","t",2010,675376.91,"Horse meat, fresh or chilled","no"
NA,"World","Meat and meat products","Production","t",2011,692619.93,"Horse meat, fresh or chilled","no"
NA,"World","Meat and meat products","Production","t",2012,712807.33,"Horse meat, fresh or chilled","no"
NA,"World","Meat and meat products","Production","t",2013,687861.4,"Horse meat, fresh or chilled","no"
NA,"World","Meat and meat products","Production","t",2014,692055.06,"Horse meat, fresh or chilled","no"
NA,"World","Meat and meat products","Production","t",2015,724530.59,"Horse meat, fresh or chilled","no"
NA,"World","Meat and meat products","Production","t",2016,715063.08,"Horse meat, fresh or chilled","no"
NA,"World","Meat and meat products","Production","t",2017,683083.46,"Horse meat, fresh or chilled","no"
NA,"World","Meat and meat products","Production","t",2018,715783.7,"Horse meat, fresh or chilled","no"
NA,"World","Meat and meat products","Production","t",2019,761708.88,"Horse meat, fresh or chilled","no"
NA,"World","Meat and meat products","Production","t",2020,804903.45,"Horse meat, fresh or chilled","no"
NA,"World","Meat and meat products","Production","t",2021,765145.58,"Horse meat, fresh or chilled","no"
NA,"World","Meat and meat products","Production","t",2022,817266.13,"Horse meat, fresh or chilled","no"
NA,"World","Meat and meat products","Production","t",2023,810959.56,"Horse meat, fresh or chilled","no"
NA,"World","Live animals","Stocks","An",1992,61111363,"Horses","no"
NA,"World","Live animals","Stocks","An",1993,59238588,"Horses","no"
NA,"World","Live animals","Stocks","An",1994,59287957,"Horses","no"
NA,"World","Live animals","Stocks","An",1995,59779093,"Horses","no"
NA,"World","Live animals","Stocks","An",1996,59291539,"Horses","no"
NA,"World","Live animals","Stocks","An",1997,58021952,"Horses","no"
NA,"World","Live animals","Stocks","An",1998,57759406,"Horses","no"
NA,"World","Live animals","Stocks","An",1999,57814086,"Horses","no"
NA,"World","Live animals","Stocks","An",2000,57732240,"Horses","no"
NA,"World","Live animals","Stocks","An",2001,57916535,"Horses","no"
NA,"World","Live animals","Stocks","An",2002,57010718,"Horses","no"
NA,"World","Live animals","Stocks","An",2003,57861347,"Horses","no"
NA,"World","Live animals","Stocks","An",2004,59559074,"Horses","no"
NA,"World","Live animals","Stocks","An",2005,59431408,"Horses","no"
NA,"World","Live animals","Stocks","An",2006,59306068,"Horses","no"
NA,"World","Live animals","Stocks","An",2007,59522392,"Horses","no"
NA,"World","Live animals","Stocks","An",2008,59413543,"Horses","no"
NA,"World","Live animals","Stocks","An",2009,58320340,"Horses","no"
NA,"World","Live animals","Stocks","An",2010,57236098,"Horses","no"
NA,"World","Live animals","Stocks","An",2011,56490043,"Horses","no"
NA,"World","Live animals","Stocks","An",2012,54914063,"Horses","no"
NA,"World","Live animals","Stocks","An",2013,54489101,"Horses","no"
NA,"World","Live animals","Stocks","An",2014,54756880,"Horses","no"
NA,"World","Live animals","Stocks","An",2015,54617761,"Horses","no"
NA,"World","Live animals","Stocks","An",2016,54980036,"Horses","no"
NA,"World","Live animals","Stocks","An",2017,54564742,"Horses","no"
NA,"World","Live animals","Stocks","An",2018,54634952,"Horses","no"
NA,"World","Live animals","Stocks","An",2019,55688225,"Horses","no"
NA,"World","Live animals","Stocks","An",2020,56373875,"Horses","no"
NA,"World","Live animals","Stocks","An",2021,56479714,"Horses","no"
NA,"World","Live animals","Stocks","An",2022,57031453,"Horses","no"
NA,"World","Live animals","Stocks","An",2023,57047609,"Horses","no"
NA,"World","Oilseeds and oleaginous fruits","Area harvested","ha",1992,597,"Jojoba seeds","no"
NA,"World","Oilseeds and oleaginous fruits","Area harvested","ha",1993,537,"Jojoba seeds","no"
NA,"World","Oilseeds and oleaginous fruits","Area harvested","ha",1994,296,"Jojoba seeds","no"
NA,"World","Oilseeds and oleaginous fruits","Area harvested","ha",1995,6,"Jojoba seeds","no"
NA,"World","Oilseeds and oleaginous fruits","Area harvested","ha",1996,490,"Jojoba seeds","no"
NA,"World","Oilseeds and oleaginous fruits","Area harvested","ha",1997,478,"Jojoba seeds","no"
NA,"World","Oilseeds and oleaginous fruits","Area harvested","ha",1998,310,"Jojoba seeds","no"
NA,"World","Oilseeds and oleaginous fruits","Area harvested","ha",1999,310,"Jojoba seeds","no"
NA,"World","Oilseeds and oleaginous fruits","Area harvested","ha",2000,250,"Jojoba seeds","no"
NA,"World","Oilseeds and oleaginous fruits","Area harvested","ha",2001,310,"Jojoba seeds","no"
NA,"World","Oilseeds and oleaginous fruits","Area harvested","ha",2002,310,"Jojoba seeds","no"
NA,"World","Oilseeds and oleaginous fruits","Area harvested","ha",2003,310,"Jojoba seeds","no"
NA,"World","Oilseeds and oleaginous fruits","Area harvested","ha",2004,310,"Jojoba seeds","no"
NA,"World","Oilseeds and oleaginous fruits","Area harvested","ha",2005,310,"Jojoba seeds","no"
NA,"World","Oilseeds and oleaginous fruits","Area harvested","ha",2006,250,"Jojoba seeds","no"
NA,"World","Oilseeds and oleaginous fruits","Area harvested","ha",2007,310,"Jojoba seeds","no"
NA,"World","Oilseeds and oleaginous fruits","Area harvested","ha",2008,316,"Jojoba seeds","no"
NA,"World","Oilseeds and oleaginous fruits","Area harvested","ha",2009,303,"Jojoba seeds","no"
NA,"World","Oilseeds and oleaginous fruits","Area harvested","ha",2010,311,"Jojoba seeds","no"
NA,"World","Oilseeds and oleaginous fruits","Area harvested","ha",2011,309,"Jojoba seeds","no"
NA,"World","Oilseeds and oleaginous fruits","Area harvested","ha",2012,307,"Jojoba seeds","no"
NA,"World","Oilseeds and oleaginous fruits","Area harvested","ha",2013,304,"Jojoba seeds","no"
NA,"World","Oilseeds and oleaginous fruits","Area harvested","ha",2014,305,"Jojoba seeds","no"
NA,"World","Oilseeds and oleaginous fruits","Area harvested","ha",2015,308,"Jojoba seeds","no"
NA,"World","Oilseeds and oleaginous fruits","Area harvested","ha",2016,299,"Jojoba seeds","no"
NA,"World","Oilseeds and oleaginous fruits","Area harvested","ha",2017,304,"Jojoba seeds","no"
NA,"World","Oilseeds and oleaginous fruits","Area harvested","ha",2018,311,"Jojoba seeds","no"
NA,"World","Oilseeds and oleaginous fruits","Area harvested","ha",2019,305,"Jojoba seeds","no"
NA,"World","Oilseeds and oleaginous fruits","Area harvested","ha",2020,306,"Jojoba seeds","no"
NA,"World","Oilseeds and oleaginous fruits","Area harvested","ha",2021,307,"Jojoba seeds","no"
NA,"World","Oilseeds and oleaginous fruits","Area harvested","ha",2022,306,"Jojoba seeds","no"
NA,"World","Oilseeds and oleaginous fruits","Area harvested","ha",2023,307,"Jojoba seeds","no"
NA,"World","Oilseeds and oleaginous fruits","Yield","kg/ha",1992,562.8,"Jojoba seeds","no"
NA,"World","Oilseeds and oleaginous fruits","Yield","kg/ha",1993,415.3,"Jojoba seeds","no"
NA,"World","Oilseeds and oleaginous fruits","Yield","kg/ha",1994,716.2,"Jojoba seeds","no"
NA,"World","Oilseeds and oleaginous fruits","Yield","kg/ha",1995,1000,"Jojoba seeds","no"
NA,"World","Oilseeds and oleaginous fruits","Yield","kg/ha",1996,716.3,"Jojoba seeds","no"
NA,"World","Oilseeds and oleaginous fruits","Yield","kg/ha",1997,834.7,"Jojoba seeds","no"
NA,"World","Oilseeds and oleaginous fruits","Yield","kg/ha",1998,700,"Jojoba seeds","no"
NA,"World","Oilseeds and oleaginous fruits","Yield","kg/ha",1999,800,"Jojoba seeds","no"
NA,"World","Oilseeds and oleaginous fruits","Yield","kg/ha",2000,800,"Jojoba seeds","no"
NA,"World","Oilseeds and oleaginous fruits","Yield","kg/ha",2001,309.7,"Jojoba seeds","no"
NA,"World","Oilseeds and oleaginous fruits","Yield","kg/ha",2002,200,"Jojoba seeds","no"
NA,"World","Oilseeds and oleaginous fruits","Yield","kg/ha",2003,900,"Jojoba seeds","no"
NA,"World","Oilseeds and oleaginous fruits","Yield","kg/ha",2004,900,"Jojoba seeds","no"
NA,"World","Oilseeds and oleaginous fruits","Yield","kg/ha",2005,300,"Jojoba seeds","no"
NA,"World","Oilseeds and oleaginous fruits","Yield","kg/ha",2006,252,"Jojoba seeds","no"
NA,"World","Oilseeds and oleaginous fruits","Yield","kg/ha",2007,300,"Jojoba seeds","no"
NA,"World","Oilseeds and oleaginous fruits","Yield","kg/ha",2008,438.1,"Jojoba seeds","no"
NA,"World","Oilseeds and oleaginous fruits","Yield","kg/ha",2009,491.2,"Jojoba seeds","no"
NA,"World","Oilseeds and oleaginous fruits","Yield","kg/ha",2010,494.3,"Jojoba seeds","no"
NA,"World","Oilseeds and oleaginous fruits","Yield","kg/ha",2011,492.7,"Jojoba seeds","no"
NA,"World","Oilseeds and oleaginous fruits","Yield","kg/ha",2012,491,"Jojoba seeds","no"
NA,"World","Oilseeds and oleaginous fruits","Yield","kg/ha",2013,489.4,"Jojoba seeds","no"
NA,"World","Oilseeds and oleaginous fruits","Yield","kg/ha",2014,470,"Jojoba seeds","no"
NA,"World","Oilseeds and oleaginous fruits","Yield","kg/ha",2015,481.1,"Jojoba seeds","no"
NA,"World","Oilseeds and oleaginous fruits","Yield","kg/ha",2016,480.2,"Jojoba seeds","no"
NA,"World","Oilseeds and oleaginous fruits","Yield","kg/ha",2017,477.1,"Jojoba seeds","no"
NA,"World","Oilseeds and oleaginous fruits","Yield","kg/ha",2018,461.4,"Jojoba seeds","no"
NA,"World","Oilseeds and oleaginous fruits","Yield","kg/ha",2019,462.4,"Jojoba seeds","no"
NA,"World","Oilseeds and oleaginous fruits","Yield","kg/ha",2020,475.4,"Jojoba seeds","no"
NA,"World","Oilseeds and oleaginous fruits","Yield","kg/ha",2021,479,"Jojoba seeds","no"
NA,"World","Oilseeds and oleaginous fruits","Yield","kg/ha",2022,476.1,"Jojoba seeds","no"
NA,"World","Oilseeds and oleaginous fruits","Yield","kg/ha",2023,470.8,"Jojoba seeds","no"
NA,"World","Oilseeds and oleaginous fruits","Production","t",1992,336,"Jojoba seeds","no"
NA,"World","Oilseeds and oleaginous fruits","Production","t",1993,223,"Jojoba seeds","no"
NA,"World","Oilseeds and oleaginous fruits","Production","t",1994,212,"Jojoba seeds","no"
NA,"World","Oilseeds and oleaginous fruits","Production","t",1995,6,"Jojoba seeds","no"
NA,"World","Oilseeds and oleaginous fruits","Production","t",1996,351,"Jojoba seeds","no"
NA,"World","Oilseeds and oleaginous fruits","Production","t",1997,399,"Jojoba seeds","no"
NA,"World","Oilseeds and oleaginous fruits","Production","t",1998,217,"Jojoba seeds","no"
NA,"World","Oilseeds and oleaginous fruits","Production","t",1999,248,"Jojoba seeds","no"
NA,"World","Oilseeds and oleaginous fruits","Production","t",2000,200,"Jojoba seeds","no"
NA,"World","Oilseeds and oleaginous fruits","Production","t",2001,96,"Jojoba seeds","no"
NA,"World","Oilseeds and oleaginous fruits","Production","t",2002,62,"Jojoba seeds","no"
NA,"World","Oilseeds and oleaginous fruits","Production","t",2003,279,"Jojoba seeds","no"
NA,"World","Oilseeds and oleaginous fruits","Production","t",2004,279,"Jojoba seeds","no"
NA,"World","Oilseeds and oleaginous fruits","Production","t",2005,93,"Jojoba seeds","no"
NA,"World","Oilseeds and oleaginous fruits","Production","t",2006,63,"Jojoba seeds","no"
NA,"World","Oilseeds and oleaginous fruits","Production","t",2007,93,"Jojoba seeds","no"
NA,"World","Oilseeds and oleaginous fruits","Production","t",2008,138.4,"Jojoba seeds","no"
NA,"World","Oilseeds and oleaginous fruits","Production","t",2009,148.68,"Jojoba seeds","no"
NA,"World","Oilseeds and oleaginous fruits","Production","t",2010,153.86,"Jojoba seeds","no"
NA,"World","Oilseeds and oleaginous fruits","Production","t",2011,152.24,"Jojoba seeds","no"
NA,"World","Oilseeds and oleaginous fruits","Production","t",2012,150.61,"Jojoba seeds","no"
NA,"World","Oilseeds and oleaginous fruits","Production","t",2013,148.99,"Jojoba seeds","no"
NA,"World","Oilseeds and oleaginous fruits","Production","t",2014,143.23,"Jojoba seeds","no"
NA,"World","Oilseeds and oleaginous fruits","Production","t",2015,148.22,"Jojoba seeds","no"
NA,"World","Oilseeds and oleaginous fruits","Production","t",2016,143.73,"Jojoba seeds","no"
NA,"World","Oilseeds and oleaginous fruits","Production","t",2017,145.06,"Jojoba seeds","no"
NA,"World","Oilseeds and oleaginous fruits","Production","t",2018,143.33,"Jojoba seeds","no"
NA,"World","Oilseeds and oleaginous fruits","Production","t",2019,140.88,"Jojoba seeds","no"
NA,"World","Oilseeds and oleaginous fruits","Production","t",2020,145.7,"Jojoba seeds","no"
NA,"World","Oilseeds and oleaginous fruits","Production","t",2021,147.17,"Jojoba seeds","no"
NA,"World","Oilseeds and oleaginous fruits","Production","t",2022,145.77,"Jojoba seeds","no"
NA,"World","Oilseeds and oleaginous fruits","Production","t",2023,144.36,"Jojoba seeds","no"
NA,"World","Forage products; fibre crops; plants used in perfumery, pharmacy, or for insecticidal, fungicidal or similar purposes; beet, forage plant and flower seeds; natural rubber; living plants, cut flowers and flower buds; unmanufactured tobacco; other raw vegetable materials","Area harvested","ha",1992,1565309,"Jute, raw or retted","no"
NA,"World","Forage products; fibre crops; plants used in perfumery, pharmacy, or for insecticidal, fungicidal or similar purposes; beet, forage plant and flower seeds; natural rubber; living plants, cut flowers and flower buds; unmanufactured tobacco; other raw vegetable materials","Area harvested","ha",1993,1440990,"Jute, raw or retted","no"
NA,"World","Forage products; fibre crops; plants used in perfumery, pharmacy, or for insecticidal, fungicidal or similar purposes; beet, forage plant and flower seeds; natural rubber; living plants, cut flowers and flower buds; unmanufactured tobacco; other raw vegetable materials","Area harvested","ha",1994,1481531,"Jute, raw or retted","no"
NA,"World","Forage products; fibre crops; plants used in perfumery, pharmacy, or for insecticidal, fungicidal or similar purposes; beet, forage plant and flower seeds; natural rubber; living plants, cut flowers and flower buds; unmanufactured tobacco; other raw vegetable materials","Area harvested","ha",1995,1363327,"Jute, raw or retted","no"
NA,"World","Forage products; fibre crops; plants used in perfumery, pharmacy, or for insecticidal, fungicidal or similar purposes; beet, forage plant and flower seeds; natural rubber; living plants, cut flowers and flower buds; unmanufactured tobacco; other raw vegetable materials","Area harvested","ha",1996,1583974,"Jute, raw or retted","no"
NA,"World","Forage products; fibre crops; plants used in perfumery, pharmacy, or for insecticidal, fungicidal or similar purposes; beet, forage plant and flower seeds; natural rubber; living plants, cut flowers and flower buds; unmanufactured tobacco; other raw vegetable materials","Area harvested","ha",1997,1672996,"Jute, raw or retted","no"
NA,"World","Forage products; fibre crops; plants used in perfumery, pharmacy, or for insecticidal, fungicidal or similar purposes; beet, forage plant and flower seeds; natural rubber; living plants, cut flowers and flower buds; unmanufactured tobacco; other raw vegetable materials","Area harvested","ha",1998,1452833,"Jute, raw or retted","no"
NA,"World","Forage products; fibre crops; plants used in perfumery, pharmacy, or for insecticidal, fungicidal or similar purposes; beet, forage plant and flower seeds; natural rubber; living plants, cut flowers and flower buds; unmanufactured tobacco; other raw vegetable materials","Area harvested","ha",1999,1362779,"Jute, raw or retted","no"
NA,"World","Forage products; fibre crops; plants used in perfumery, pharmacy, or for insecticidal, fungicidal or similar purposes; beet, forage plant and flower seeds; natural rubber; living plants, cut flowers and flower buds; unmanufactured tobacco; other raw vegetable materials","Area harvested","ha",2000,1377796,"Jute, raw or retted","no"
NA,"World","Forage products; fibre crops; plants used in perfumery, pharmacy, or for insecticidal, fungicidal or similar purposes; beet, forage plant and flower seeds; natural rubber; living plants, cut flowers and flower buds; unmanufactured tobacco; other raw vegetable materials","Area harvested","ha",2001,1438292,"Jute, raw or retted","no"
NA,"World","Forage products; fibre crops; plants used in perfumery, pharmacy, or for insecticidal, fungicidal or similar purposes; beet, forage plant and flower seeds; natural rubber; living plants, cut flowers and flower buds; unmanufactured tobacco; other raw vegetable materials","Area harvested","ha",2002,1420804,"Jute, raw or retted","no"
NA,"World","Forage products; fibre crops; plants used in perfumery, pharmacy, or for insecticidal, fungicidal or similar purposes; beet, forage plant and flower seeds; natural rubber; living plants, cut flowers and flower buds; unmanufactured tobacco; other raw vegetable materials","Area harvested","ha",2003,1356854,"Jute, raw or retted","no"
NA,"World","Forage products; fibre crops; plants used in perfumery, pharmacy, or for insecticidal, fungicidal or similar purposes; beet, forage plant and flower seeds; natural rubber; living plants, cut flowers and flower buds; unmanufactured tobacco; other raw vegetable materials","Area harvested","ha",2004,1254980,"Jute, raw or retted","no"
NA,"World","Forage products; fibre crops; plants used in perfumery, pharmacy, or for insecticidal, fungicidal or similar purposes; beet, forage plant and flower seeds; natural rubber; living plants, cut flowers and flower buds; unmanufactured tobacco; other raw vegetable materials","Area harvested","ha",2005,1245051,"Jute, raw or retted","no"
NA,"World","Forage products; fibre crops; plants used in perfumery, pharmacy, or for insecticidal, fungicidal or similar purposes; beet, forage plant and flower seeds; natural rubber; living plants, cut flowers and flower buds; unmanufactured tobacco; other raw vegetable materials","Area harvested","ha",2006,1289463,"Jute, raw or retted","no"
NA,"World","Forage products; fibre crops; plants used in perfumery, pharmacy, or for insecticidal, fungicidal or similar purposes; beet, forage plant and flower seeds; natural rubber; living plants, cut flowers and flower buds; unmanufactured tobacco; other raw vegetable materials","Area harvested","ha",2007,1337313,"Jute, raw or retted","no"
NA,"World","Forage products; fibre crops; plants used in perfumery, pharmacy, or for insecticidal, fungicidal or similar purposes; beet, forage plant and flower seeds; natural rubber; living plants, cut flowers and flower buds; unmanufactured tobacco; other raw vegetable materials","Area harvested","ha",2008,1258767,"Jute, raw or retted","no"
NA,"World","Forage products; fibre crops; plants used in perfumery, pharmacy, or for insecticidal, fungicidal or similar purposes; beet, forage plant and flower seeds; natural rubber; living plants, cut flowers and flower buds; unmanufactured tobacco; other raw vegetable materials","Area harvested","ha",2009,1269327,"Jute, raw or retted","no"
NA,"World","Forage products; fibre crops; plants used in perfumery, pharmacy, or for insecticidal, fungicidal or similar purposes; beet, forage plant and flower seeds; natural rubber; living plants, cut flowers and flower buds; unmanufactured tobacco; other raw vegetable materials","Area harvested","ha",2010,1228851,"Jute, raw or retted","no"
NA,"World","Forage products; fibre crops; plants used in perfumery, pharmacy, or for insecticidal, fungicidal or similar purposes; beet, forage plant and flower seeds; natural rubber; living plants, cut flowers and flower buds; unmanufactured tobacco; other raw vegetable materials","Area harvested","ha",2011,1552409,"Jute, raw or retted","no"
NA,"World","Forage products; fibre crops; plants used in perfumery, pharmacy, or for insecticidal, fungicidal or similar purposes; beet, forage plant and flower seeds; natural rubber; living plants, cut flowers and flower buds; unmanufactured tobacco; other raw vegetable materials","Area harvested","ha",2012,1598551,"Jute, raw or retted","no"
NA,"World","Forage products; fibre crops; plants used in perfumery, pharmacy, or for insecticidal, fungicidal or similar purposes; beet, forage plant and flower seeds; natural rubber; living plants, cut flowers and flower buds; unmanufactured tobacco; other raw vegetable materials","Area harvested","ha",2013,1517290,"Jute, raw or retted","no"
NA,"World","Forage products; fibre crops; plants used in perfumery, pharmacy, or for insecticidal, fungicidal or similar purposes; beet, forage plant and flower seeds; natural rubber; living plants, cut flowers and flower buds; unmanufactured tobacco; other raw vegetable materials","Area harvested","ha",2014,1440646,"Jute, raw or retted","no"
NA,"World","Forage products; fibre crops; plants used in perfumery, pharmacy, or for insecticidal, fungicidal or similar purposes; beet, forage plant and flower seeds; natural rubber; living plants, cut flowers and flower buds; unmanufactured tobacco; other raw vegetable materials","Area harvested","ha",2015,1480749,"Jute, raw or retted","no"
NA,"World","Forage products; fibre crops; plants used in perfumery, pharmacy, or for insecticidal, fungicidal or similar purposes; beet, forage plant and flower seeds; natural rubber; living plants, cut flowers and flower buds; unmanufactured tobacco; other raw vegetable materials","Area harvested","ha",2016,1509883,"Jute, raw or retted","no"
NA,"World","Forage products; fibre crops; plants used in perfumery, pharmacy, or for insecticidal, fungicidal or similar purposes; beet, forage plant and flower seeds; natural rubber; living plants, cut flowers and flower buds; unmanufactured tobacco; other raw vegetable materials","Area harvested","ha",2017,1601128,"Jute, raw or retted","no"
NA,"World","Forage products; fibre crops; plants used in perfumery, pharmacy, or for insecticidal, fungicidal or similar purposes; beet, forage plant and flower seeds; natural rubber; living plants, cut flowers and flower buds; unmanufactured tobacco; other raw vegetable materials","Area harvested","ha",2018,1642867,"Jute, raw or retted","no"
NA,"World","Forage products; fibre crops; plants used in perfumery, pharmacy, or for insecticidal, fungicidal or similar purposes; beet, forage plant and flower seeds; natural rubber; living plants, cut flowers and flower buds; unmanufactured tobacco; other raw vegetable materials","Area harvested","ha",2019,1592834,"Jute, raw or retted","no"
NA,"World","Forage products; fibre crops; plants used in perfumery, pharmacy, or for insecticidal, fungicidal or similar purposes; beet, forage plant and flower seeds; natural rubber; living plants, cut flowers and flower buds; unmanufactured tobacco; other raw vegetable materials","Area harvested","ha",2020,1487359,"Jute, raw or retted","no"
NA,"World","Forage products; fibre crops; plants used in perfumery, pharmacy, or for insecticidal, fungicidal or similar purposes; beet, forage plant and flower seeds; natural rubber; living plants, cut flowers and flower buds; unmanufactured tobacco; other raw vegetable materials","Area harvested","ha",2021,1496554,"Jute, raw or retted","no"
NA,"World","Forage products; fibre crops; plants used in perfumery, pharmacy, or for insecticidal, fungicidal or similar purposes; beet, forage plant and flower seeds; natural rubber; living plants, cut flowers and flower buds; unmanufactured tobacco; other raw vegetable materials","Area harvested","ha",2022,1536819,"Jute, raw or retted","no"
NA,"World","Forage products; fibre crops; plants used in perfumery, pharmacy, or for insecticidal, fungicidal or similar purposes; beet, forage plant and flower seeds; natural rubber; living plants, cut flowers and flower buds; unmanufactured tobacco; other raw vegetable materials","Area harvested","ha",2023,1531109,"Jute, raw or retted","no"
NA,"World","Forage products; fibre crops; plants used in perfumery, pharmacy, or for insecticidal, fungicidal or similar purposes; beet, forage plant and flower seeds; natural rubber; living plants, cut flowers and flower buds; unmanufactured tobacco; other raw vegetable materials","Yield","kg/ha",1992,1798.8,"Jute, raw or retted","no"
NA,"World","Forage products; fibre crops; plants used in perfumery, pharmacy, or for insecticidal, fungicidal or similar purposes; beet, forage plant and flower seeds; natural rubber; living plants, cut flowers and flower buds; unmanufactured tobacco; other raw vegetable materials","Yield","kg/ha",1993,1863.3,"Jute, raw or retted","no"
NA,"World","Forage products; fibre crops; plants used in perfumery, pharmacy, or for insecticidal, fungicidal or similar purposes; beet, forage plant and flower seeds; natural rubber; living plants, cut flowers and flower buds; unmanufactured tobacco; other raw vegetable materials","Yield","kg/ha",1994,1821.6,"Jute, raw or retted","no"
NA,"World","Forage products; fibre crops; plants used in perfumery, pharmacy, or for insecticidal, fungicidal or similar purposes; beet, forage plant and flower seeds; natural rubber; living plants, cut flowers and flower buds; unmanufactured tobacco; other raw vegetable materials","Yield","kg/ha",1995,1772.5,"Jute, raw or retted","no"
NA,"World","Forage products; fibre crops; plants used in perfumery, pharmacy, or for insecticidal, fungicidal or similar purposes; beet, forage plant and flower seeds; natural rubber; living plants, cut flowers and flower buds; unmanufactured tobacco; other raw vegetable materials","Yield","kg/ha",1996,1886.2,"Jute, raw or retted","no"
NA,"World","Forage products; fibre crops; plants used in perfumery, pharmacy, or for insecticidal, fungicidal or similar purposes; beet, forage plant and flower seeds; natural rubber; living plants, cut flowers and flower buds; unmanufactured tobacco; other raw vegetable materials","Yield","kg/ha",1997,1914.9,"Jute, raw or retted","no"
NA,"World","Forage products; fibre crops; plants used in perfumery, pharmacy, or for insecticidal, fungicidal or similar purposes; beet, forage plant and flower seeds; natural rubber; living plants, cut flowers and flower buds; unmanufactured tobacco; other raw vegetable materials","Yield","kg/ha",1998,1814.7,"Jute, raw or retted","no"
NA,"World","Forage products; fibre crops; plants used in perfumery, pharmacy, or for insecticidal, fungicidal or similar purposes; beet, forage plant and flower seeds; natural rubber; living plants, cut flowers and flower buds; unmanufactured tobacco; other raw vegetable materials","Yield","kg/ha",1999,1904.1,"Jute, raw or retted","no"
NA,"World","Forage products; fibre crops; plants used in perfumery, pharmacy, or for insecticidal, fungicidal or similar purposes; beet, forage plant and flower seeds; natural rubber; living plants, cut flowers and flower buds; unmanufactured tobacco; other raw vegetable materials","Yield","kg/ha",2000,1934.1,"Jute, raw or retted","no"
NA,"World","Forage products; fibre crops; plants used in perfumery, pharmacy, or for insecticidal, fungicidal or similar purposes; beet, forage plant and flower seeds; natural rubber; living plants, cut flowers and flower buds; unmanufactured tobacco; other raw vegetable materials","Yield","kg/ha",2001,2039.1,"Jute, raw or retted","no"
NA,"World","Forage products; fibre crops; plants used in perfumery, pharmacy, or for insecticidal, fungicidal or similar purposes; beet, forage plant and flower seeds; natural rubber; living plants, cut flowers and flower buds; unmanufactured tobacco; other raw vegetable materials","Yield","kg/ha",2002,2015.4,"Jute, raw or retted","no"
NA,"World","Forage products; fibre crops; plants used in perfumery, pharmacy, or for insecticidal, fungicidal or similar purposes; beet, forage plant and flower seeds; natural rubber; living plants, cut flowers and flower buds; unmanufactured tobacco; other raw vegetable materials","Yield","kg/ha",2003,2063.3,"Jute, raw or retted","no"
NA,"World","Forage products; fibre crops; plants used in perfumery, pharmacy, or for insecticidal, fungicidal or similar purposes; beet, forage plant and flower seeds; natural rubber; living plants, cut flowers and flower buds; unmanufactured tobacco; other raw vegetable materials","Yield","kg/ha",2004,2073.5,"Jute, raw or retted","no"
NA,"World","Forage products; fibre crops; plants used in perfumery, pharmacy, or for insecticidal, fungicidal or similar purposes; beet, forage plant and flower seeds; natural rubber; living plants, cut flowers and flower buds; unmanufactured tobacco; other raw vegetable materials","Yield","kg/ha",2005,2249.7,"Jute, raw or retted","no"
NA,"World","Forage products; fibre crops; plants used in perfumery, pharmacy, or for insecticidal, fungicidal or similar purposes; beet, forage plant and flower seeds; natural rubber; living plants, cut flowers and flower buds; unmanufactured tobacco; other raw vegetable materials","Yield","kg/ha",2006,2255.9,"Jute, raw or retted","no"
NA,"World","Forage products; fibre crops; plants used in perfumery, pharmacy, or for insecticidal, fungicidal or similar purposes; beet, forage plant and flower seeds; natural rubber; living plants, cut flowers and flower buds; unmanufactured tobacco; other raw vegetable materials","Yield","kg/ha",2007,2141.8,"Jute, raw or retted","no"
NA,"World","Forage products; fibre crops; plants used in perfumery, pharmacy, or for insecticidal, fungicidal or similar purposes; beet, forage plant and flower seeds; natural rubber; living plants, cut flowers and flower buds; unmanufactured tobacco; other raw vegetable materials","Yield","kg/ha",2008,2163.3,"Jute, raw or retted","no"
NA,"World","Forage products; fibre crops; plants used in perfumery, pharmacy, or for insecticidal, fungicidal or similar purposes; beet, forage plant and flower seeds; natural rubber; living plants, cut flowers and flower buds; unmanufactured tobacco; other raw vegetable materials","Yield","kg/ha",2009,2420.7,"Jute, raw or retted","no"
NA,"World","Forage products; fibre crops; plants used in perfumery, pharmacy, or for insecticidal, fungicidal or similar purposes; beet, forage plant and flower seeds; natural rubber; living plants, cut flowers and flower buds; unmanufactured tobacco; other raw vegetable materials","Yield","kg/ha",2010,2322.1,"Jute, raw or retted","no"
NA,"World","Forage products; fibre crops; plants used in perfumery, pharmacy, or for insecticidal, fungicidal or similar purposes; beet, forage plant and flower seeds; natural rubber; living plants, cut flowers and flower buds; unmanufactured tobacco; other raw vegetable materials","Yield","kg/ha",2011,2325.1,"Jute, raw or retted","no"
NA,"World","Forage products; fibre crops; plants used in perfumery, pharmacy, or for insecticidal, fungicidal or similar purposes; beet, forage plant and flower seeds; natural rubber; living plants, cut flowers and flower buds; unmanufactured tobacco; other raw vegetable materials","Yield","kg/ha",2012,2174.7,"Jute, raw or retted","no"
NA,"World","Forage products; fibre crops; plants used in perfumery, pharmacy, or for insecticidal, fungicidal or similar purposes; beet, forage plant and flower seeds; natural rubber; living plants, cut flowers and flower buds; unmanufactured tobacco; other raw vegetable materials","Yield","kg/ha",2013,2267.2,"Jute, raw or retted","no"
NA,"World","Forage products; fibre crops; plants used in perfumery, pharmacy, or for insecticidal, fungicidal or similar purposes; beet, forage plant and flower seeds; natural rubber; living plants, cut flowers and flower buds; unmanufactured tobacco; other raw vegetable materials","Yield","kg/ha",2014,2369.9,"Jute, raw or retted","no"
NA,"World","Forage products; fibre crops; plants used in perfumery, pharmacy, or for insecticidal, fungicidal or similar purposes; beet, forage plant and flower seeds; natural rubber; living plants, cut flowers and flower buds; unmanufactured tobacco; other raw vegetable materials","Yield","kg/ha",2015,2213.6,"Jute, raw or retted","no"
NA,"World","Forage products; fibre crops; plants used in perfumery, pharmacy, or for insecticidal, fungicidal or similar purposes; beet, forage plant and flower seeds; natural rubber; living plants, cut flowers and flower buds; unmanufactured tobacco; other raw vegetable materials","Yield","kg/ha",2016,2219.8,"Jute, raw or retted","no"
NA,"World","Forage products; fibre crops; plants used in perfumery, pharmacy, or for insecticidal, fungicidal or similar purposes; beet, forage plant and flower seeds; natural rubber; living plants, cut flowers and flower buds; unmanufactured tobacco; other raw vegetable materials","Yield","kg/ha",2017,2211.2,"Jute, raw or retted","no"
NA,"World","Forage products; fibre crops; plants used in perfumery, pharmacy, or for insecticidal, fungicidal or similar purposes; beet, forage plant and flower seeds; natural rubber; living plants, cut flowers and flower buds; unmanufactured tobacco; other raw vegetable materials","Yield","kg/ha",2018,2175.5,"Jute, raw or retted","no"
NA,"World","Forage products; fibre crops; plants used in perfumery, pharmacy, or for insecticidal, fungicidal or similar purposes; beet, forage plant and flower seeds; natural rubber; living plants, cut flowers and flower buds; unmanufactured tobacco; other raw vegetable materials","Yield","kg/ha",2019,2208.7,"Jute, raw or retted","no"
NA,"World","Forage products; fibre crops; plants used in perfumery, pharmacy, or for insecticidal, fungicidal or similar purposes; beet, forage plant and flower seeds; natural rubber; living plants, cut flowers and flower buds; unmanufactured tobacco; other raw vegetable materials","Yield","kg/ha",2020,2454.5,"Jute, raw or retted","no"
NA,"World","Forage products; fibre crops; plants used in perfumery, pharmacy, or for insecticidal, fungicidal or similar purposes; beet, forage plant and flower seeds; natural rubber; living plants, cut flowers and flower buds; unmanufactured tobacco; other raw vegetable materials","Yield","kg/ha",2021,2336.3,"Jute, raw or retted","no"
NA,"World","Forage products; fibre crops; plants used in perfumery, pharmacy, or for insecticidal, fungicidal or similar purposes; beet, forage plant and flower seeds; natural rubber; living plants, cut flowers and flower buds; unmanufactured tobacco; other raw vegetable materials","Yield","kg/ha",2022,2465.5,"Jute, raw or retted","no"
NA,"World","Forage products; fibre crops; plants used in perfumery, pharmacy, or for insecticidal, fungicidal or similar purposes; beet, forage plant and flower seeds; natural rubber; living plants, cut flowers and flower buds; unmanufactured tobacco; other raw vegetable materials","Yield","kg/ha",2023,2412.5,"Jute, raw or retted","no"
NA,"World","Forage products; fibre crops; plants used in perfumery, pharmacy, or for insecticidal, fungicidal or similar purposes; beet, forage plant and flower seeds; natural rubber; living plants, cut flowers and flower buds; unmanufactured tobacco; other raw vegetable materials","Production","t",1992,2815735.43,"Jute, raw or retted","no"
NA,"World","Forage products; fibre crops; plants used in perfumery, pharmacy, or for insecticidal, fungicidal or similar purposes; beet, forage plant and flower seeds; natural rubber; living plants, cut flowers and flower buds; unmanufactured tobacco; other raw vegetable materials","Production","t",1993,2685025.64,"Jute, raw or retted","no"
NA,"World","Forage products; fibre crops; plants used in perfumery, pharmacy, or for insecticidal, fungicidal or similar purposes; beet, forage plant and flower seeds; natural rubber; living plants, cut flowers and flower buds; unmanufactured tobacco; other raw vegetable materials","Production","t",1994,2698787.19,"Jute, raw or retted","no"
NA,"World","Forage products; fibre crops; plants used in perfumery, pharmacy, or for insecticidal, fungicidal or similar purposes; beet, forage plant and flower seeds; natural rubber; living plants, cut flowers and flower buds; unmanufactured tobacco; other raw vegetable materials","Production","t",1995,2416454.59,"Jute, raw or retted","no"
NA,"World","Forage products; fibre crops; plants used in perfumery, pharmacy, or for insecticidal, fungicidal or similar purposes; beet, forage plant and flower seeds; natural rubber; living plants, cut flowers and flower buds; unmanufactured tobacco; other raw vegetable materials","Production","t",1996,2987747.47,"Jute, raw or retted","no"
NA,"World","Forage products; fibre crops; plants used in perfumery, pharmacy, or for insecticidal, fungicidal or similar purposes; beet, forage plant and flower seeds; natural rubber; living plants, cut flowers and flower buds; unmanufactured tobacco; other raw vegetable materials","Production","t",1997,3203688.43,"Jute, raw or retted","no"
NA,"World","Forage products; fibre crops; plants used in perfumery, pharmacy, or for insecticidal, fungicidal or similar purposes; beet, forage plant and flower seeds; natural rubber; living plants, cut flowers and flower buds; unmanufactured tobacco; other raw vegetable materials","Production","t",1998,2636448.77,"Jute, raw or retted","no"
NA,"World","Forage products; fibre crops; plants used in perfumery, pharmacy, or for insecticidal, fungicidal or similar purposes; beet, forage plant and flower seeds; natural rubber; living plants, cut flowers and flower buds; unmanufactured tobacco; other raw vegetable materials","Production","t",1999,2594931.63,"Jute, raw or retted","no"
NA,"World","Forage products; fibre crops; plants used in perfumery, pharmacy, or for insecticidal, fungicidal or similar purposes; beet, forage plant and flower seeds; natural rubber; living plants, cut flowers and flower buds; unmanufactured tobacco; other raw vegetable materials","Production","t",2000,2664840.66,"Jute, raw or retted","no"
NA,"World","Forage products; fibre crops; plants used in perfumery, pharmacy, or for insecticidal, fungicidal or similar purposes; beet, forage plant and flower seeds; natural rubber; living plants, cut flowers and flower buds; unmanufactured tobacco; other raw vegetable materials","Production","t",2001,2932838.3,"Jute, raw or retted","no"
NA,"World","Forage products; fibre crops; plants used in perfumery, pharmacy, or for insecticidal, fungicidal or similar purposes; beet, forage plant and flower seeds; natural rubber; living plants, cut flowers and flower buds; unmanufactured tobacco; other raw vegetable materials","Production","t",2002,2863484.19,"Jute, raw or retted","no"
NA,"World","Forage products; fibre crops; plants used in perfumery, pharmacy, or for insecticidal, fungicidal or similar purposes; beet, forage plant and flower seeds; natural rubber; living plants, cut flowers and flower buds; unmanufactured tobacco; other raw vegetable materials","Production","t",2003,2799557.44,"Jute, raw or retted","no"
NA,"World","Forage products; fibre crops; plants used in perfumery, pharmacy, or for insecticidal, fungicidal or similar purposes; beet, forage plant and flower seeds; natural rubber; living plants, cut flowers and flower buds; unmanufactured tobacco; other raw vegetable materials","Production","t",2004,2602197.42,"Jute, raw or retted","no"
NA,"World","Forage products; fibre crops; plants used in perfumery, pharmacy, or for insecticidal, fungicidal or similar purposes; beet, forage plant and flower seeds; natural rubber; living plants, cut flowers and flower buds; unmanufactured tobacco; other raw vegetable materials","Production","t",2005,2801031.35,"Jute, raw or retted","no"
NA,"World","Forage products; fibre crops; plants used in perfumery, pharmacy, or for insecticidal, fungicidal or similar purposes; beet, forage plant and flower seeds; natural rubber; living plants, cut flowers and flower buds; unmanufactured tobacco; other raw vegetable materials","Production","t",2006,2908853.31,"Jute, raw or retted","no"
NA,"World","Forage products; fibre crops; plants used in perfumery, pharmacy, or for insecticidal, fungicidal or similar purposes; beet, forage plant and flower seeds; natural rubber; living plants, cut flowers and flower buds; unmanufactured tobacco; other raw vegetable materials","Production","t",2007,2864296.79,"Jute, raw or retted","no"
NA,"World","Forage products; fibre crops; plants used in perfumery, pharmacy, or for insecticidal, fungicidal or similar purposes; beet, forage plant and flower seeds; natural rubber; living plants, cut flowers and flower buds; unmanufactured tobacco; other raw vegetable materials","Production","t",2008,2723096.07,"Jute, raw or retted","no"
NA,"World","Forage products; fibre crops; plants used in perfumery, pharmacy, or for insecticidal, fungicidal or similar purposes; beet, forage plant and flower seeds; natural rubber; living plants, cut flowers and flower buds; unmanufactured tobacco; other raw vegetable materials","Production","t",2009,3072646.26,"Jute, raw or retted","no"
NA,"World","Forage products; fibre crops; plants used in perfumery, pharmacy, or for insecticidal, fungicidal or similar purposes; beet, forage plant and flower seeds; natural rubber; living plants, cut flowers and flower buds; unmanufactured tobacco; other raw vegetable materials","Production","t",2010,2853570.29,"Jute, raw or retted","no"
NA,"World","Forage products; fibre crops; plants used in perfumery, pharmacy, or for insecticidal, fungicidal or similar purposes; beet, forage plant and flower seeds; natural rubber; living plants, cut flowers and flower buds; unmanufactured tobacco; other raw vegetable materials","Production","t",2011,3609580.95,"Jute, raw or retted","no"
NA,"World","Forage products; fibre crops; plants used in perfumery, pharmacy, or for insecticidal, fungicidal or similar purposes; beet, forage plant and flower seeds; natural rubber; living plants, cut flowers and flower buds; unmanufactured tobacco; other raw vegetable materials","Production","t",2012,3476335.15,"Jute, raw or retted","no"
NA,"World","Forage products; fibre crops; plants used in perfumery, pharmacy, or for insecticidal, fungicidal or similar purposes; beet, forage plant and flower seeds; natural rubber; living plants, cut flowers and flower buds; unmanufactured tobacco; other raw vegetable materials","Production","t",2013,3439964.32,"Jute, raw or retted","no"
NA,"World","Forage products; fibre crops; plants used in perfumery, pharmacy, or for insecticidal, fungicidal or similar purposes; beet, forage plant and flower seeds; natural rubber; living plants, cut flowers and flower buds; unmanufactured tobacco; other raw vegetable materials","Production","t",2014,3414223.08,"Jute, raw or retted","no"
NA,"World","Forage products; fibre crops; plants used in perfumery, pharmacy, or for insecticidal, fungicidal or similar purposes; beet, forage plant and flower seeds; natural rubber; living plants, cut flowers and flower buds; unmanufactured tobacco; other raw vegetable materials","Production","t",2015,3277848.42,"Jute, raw or retted","no"
NA,"World","Forage products; fibre crops; plants used in perfumery, pharmacy, or for insecticidal, fungicidal or similar purposes; beet, forage plant and flower seeds; natural rubber; living plants, cut flowers and flower buds; unmanufactured tobacco; other raw vegetable materials","Production","t",2016,3351706.45,"Jute, raw or retted","no"
NA,"World","Forage products; fibre crops; plants used in perfumery, pharmacy, or for insecticidal, fungicidal or similar purposes; beet, forage plant and flower seeds; natural rubber; living plants, cut flowers and flower buds; unmanufactured tobacco; other raw vegetable materials","Production","t",2017,3540459.22,"Jute, raw or retted","no"
NA,"World","Forage products; fibre crops; plants used in perfumery, pharmacy, or for insecticidal, fungicidal or similar purposes; beet, forage plant and flower seeds; natural rubber; living plants, cut flowers and flower buds; unmanufactured tobacco; other raw vegetable materials","Production","t",2018,3574016.22,"Jute, raw or retted","no"
NA,"World","Forage products; fibre crops; plants used in perfumery, pharmacy, or for insecticidal, fungicidal or similar purposes; beet, forage plant and flower seeds; natural rubber; living plants, cut flowers and flower buds; unmanufactured tobacco; other raw vegetable materials","Production","t",2019,3518157.31,"Jute, raw or retted","no"
NA,"World","Forage products; fibre crops; plants used in perfumery, pharmacy, or for insecticidal, fungicidal or similar purposes; beet, forage plant and flower seeds; natural rubber; living plants, cut flowers and flower buds; unmanufactured tobacco; other raw vegetable materials","Production","t",2020,3650776.74,"Jute, raw or retted","no"
NA,"World","Forage products; fibre crops; plants used in perfumery, pharmacy, or for insecticidal, fungicidal or similar purposes; beet, forage plant and flower seeds; natural rubber; living plants, cut flowers and flower buds; unmanufactured tobacco; other raw vegetable materials","Production","t",2021,3496451.49,"Jute, raw or retted","no"
NA,"World","Forage products; fibre crops; plants used in perfumery, pharmacy, or for insecticidal, fungicidal or similar purposes; beet, forage plant and flower seeds; natural rubber; living plants, cut flowers and flower buds; unmanufactured tobacco; other raw vegetable materials","Production","t",2022,3789018.58,"Jute, raw or retted","no"
NA,"World","Forage products; fibre crops; plants used in perfumery, pharmacy, or for insecticidal, fungicidal or similar purposes; beet, forage plant and flower seeds; natural rubber; living plants, cut flowers and flower buds; unmanufactured tobacco; other raw vegetable materials","Production","t",2023,3693759.59,"Jute, raw or retted","no"
NA,"World","Forage products; fibre crops; plants used in perfumery, pharmacy, or for insecticidal, fungicidal or similar purposes; beet, forage plant and flower seeds; natural rubber; living plants, cut flowers and flower buds; unmanufactured tobacco; other raw vegetable materials","Production","t",1992,106264,"Kapok fibre, raw","no"
NA,"World","Forage products; fibre crops; plants used in perfumery, pharmacy, or for insecticidal, fungicidal or similar purposes; beet, forage plant and flower seeds; natural rubber; living plants, cut flowers and flower buds; unmanufactured tobacco; other raw vegetable materials","Production","t",1993,107711,"Kapok fibre, raw","no"
NA,"World","Forage products; fibre crops; plants used in perfumery, pharmacy, or for insecticidal, fungicidal or similar purposes; beet, forage plant and flower seeds; natural rubber; living plants, cut flowers and flower buds; unmanufactured tobacco; other raw vegetable materials","Production","t",1994,107876,"Kapok fibre, raw","no"
NA,"World","Forage products; fibre crops; plants used in perfumery, pharmacy, or for insecticidal, fungicidal or similar purposes; beet, forage plant and flower seeds; natural rubber; living plants, cut flowers and flower buds; unmanufactured tobacco; other raw vegetable materials","Production","t",1995,116706,"Kapok fibre, raw","no"
NA,"World","Forage products; fibre crops; plants used in perfumery, pharmacy, or for insecticidal, fungicidal or similar purposes; beet, forage plant and flower seeds; natural rubber; living plants, cut flowers and flower buds; unmanufactured tobacco; other raw vegetable materials","Production","t",1996,123590,"Kapok fibre, raw","no"
NA,"World","Forage products; fibre crops; plants used in perfumery, pharmacy, or for insecticidal, fungicidal or similar purposes; beet, forage plant and flower seeds; natural rubber; living plants, cut flowers and flower buds; unmanufactured tobacco; other raw vegetable materials","Production","t",1997,124600,"Kapok fibre, raw","no"
NA,"World","Forage products; fibre crops; plants used in perfumery, pharmacy, or for insecticidal, fungicidal or similar purposes; beet, forage plant and flower seeds; natural rubber; living plants, cut flowers and flower buds; unmanufactured tobacco; other raw vegetable materials","Production","t",1998,123000,"Kapok fibre, raw","no"
NA,"World","Forage products; fibre crops; plants used in perfumery, pharmacy, or for insecticidal, fungicidal or similar purposes; beet, forage plant and flower seeds; natural rubber; living plants, cut flowers and flower buds; unmanufactured tobacco; other raw vegetable materials","Production","t",1999,124500,"Kapok fibre, raw","no"
NA,"World","Forage products; fibre crops; plants used in perfumery, pharmacy, or for insecticidal, fungicidal or similar purposes; beet, forage plant and flower seeds; natural rubber; living plants, cut flowers and flower buds; unmanufactured tobacco; other raw vegetable materials","Production","t",2000,130256,"Kapok fibre, raw","no"
NA,"World","Forage products; fibre crops; plants used in perfumery, pharmacy, or for insecticidal, fungicidal or similar purposes; beet, forage plant and flower seeds; natural rubber; living plants, cut flowers and flower buds; unmanufactured tobacco; other raw vegetable materials","Production","t",2001,130099,"Kapok fibre, raw","no"
NA,"World","Forage products; fibre crops; plants used in perfumery, pharmacy, or for insecticidal, fungicidal or similar purposes; beet, forage plant and flower seeds; natural rubber; living plants, cut flowers and flower buds; unmanufactured tobacco; other raw vegetable materials","Production","t",2002,126306,"Kapok fibre, raw","no"
NA,"World","Forage products; fibre crops; plants used in perfumery, pharmacy, or for insecticidal, fungicidal or similar purposes; beet, forage plant and flower seeds; natural rubber; living plants, cut flowers and flower buds; unmanufactured tobacco; other raw vegetable materials","Production","t",2003,135287,"Kapok fibre, raw","no"
NA,"World","Forage products; fibre crops; plants used in perfumery, pharmacy, or for insecticidal, fungicidal or similar purposes; beet, forage plant and flower seeds; natural rubber; living plants, cut flowers and flower buds; unmanufactured tobacco; other raw vegetable materials","Production","t",2004,107495,"Kapok fibre, raw","no"
NA,"World","Forage products; fibre crops; plants used in perfumery, pharmacy, or for insecticidal, fungicidal or similar purposes; beet, forage plant and flower seeds; natural rubber; living plants, cut flowers and flower buds; unmanufactured tobacco; other raw vegetable materials","Production","t",2005,100320,"Kapok fibre, raw","no"
NA,"World","Forage products; fibre crops; plants used in perfumery, pharmacy, or for insecticidal, fungicidal or similar purposes; beet, forage plant and flower seeds; natural rubber; living plants, cut flowers and flower buds; unmanufactured tobacco; other raw vegetable materials","Production","t",2006,100466,"Kapok fibre, raw","no"
NA,"World","Forage products; fibre crops; plants used in perfumery, pharmacy, or for insecticidal, fungicidal or similar purposes; beet, forage plant and flower seeds; natural rubber; living plants, cut flowers and flower buds; unmanufactured tobacco; other raw vegetable materials","Production","t",2007,88241,"Kapok fibre, raw","no"
NA,"World","Forage products; fibre crops; plants used in perfumery, pharmacy, or for insecticidal, fungicidal or similar purposes; beet, forage plant and flower seeds; natural rubber; living plants, cut flowers and flower buds; unmanufactured tobacco; other raw vegetable materials","Production","t",2008,87034,"Kapok fibre, raw","no"
NA,"World","Forage products; fibre crops; plants used in perfumery, pharmacy, or for insecticidal, fungicidal or similar purposes; beet, forage plant and flower seeds; natural rubber; living plants, cut flowers and flower buds; unmanufactured tobacco; other raw vegetable materials","Production","t",2009,88540,"Kapok fibre, raw","no"
NA,"World","Forage products; fibre crops; plants used in perfumery, pharmacy, or for insecticidal, fungicidal or similar purposes; beet, forage plant and flower seeds; natural rubber; living plants, cut flowers and flower buds; unmanufactured tobacco; other raw vegetable materials","Production","t",2010,76956.33,"Kapok fibre, raw","no"
NA,"World","Forage products; fibre crops; plants used in perfumery, pharmacy, or for insecticidal, fungicidal or similar purposes; beet, forage plant and flower seeds; natural rubber; living plants, cut flowers and flower buds; unmanufactured tobacco; other raw vegetable materials","Production","t",2011,93919,"Kapok fibre, raw","no"
NA,"World","Forage products; fibre crops; plants used in perfumery, pharmacy, or for insecticidal, fungicidal or similar purposes; beet, forage plant and flower seeds; natural rubber; living plants, cut flowers and flower buds; unmanufactured tobacco; other raw vegetable materials","Production","t",2012,92455.22,"Kapok fibre, raw","no"
NA,"World","Forage products; fibre crops; plants used in perfumery, pharmacy, or for insecticidal, fungicidal or similar purposes; beet, forage plant and flower seeds; natural rubber; living plants, cut flowers and flower buds; unmanufactured tobacco; other raw vegetable materials","Production","t",2013,89662.97,"Kapok fibre, raw","no"
NA,"World","Forage products; fibre crops; plants used in perfumery, pharmacy, or for insecticidal, fungicidal or similar purposes; beet, forage plant and flower seeds; natural rubber; living plants, cut flowers and flower buds; unmanufactured tobacco; other raw vegetable materials","Production","t",2014,96000,"Kapok fibre, raw","no"
NA,"World","Forage products; fibre crops; plants used in perfumery, pharmacy, or for insecticidal, fungicidal or similar purposes; beet, forage plant and flower seeds; natural rubber; living plants, cut flowers and flower buds; unmanufactured tobacco; other raw vegetable materials","Production","t",2015,95790,"Kapok fibre, raw","no"
NA,"World","Forage products; fibre crops; plants used in perfumery, pharmacy, or for insecticidal, fungicidal or similar purposes; beet, forage plant and flower seeds; natural rubber; living plants, cut flowers and flower buds; unmanufactured tobacco; other raw vegetable materials","Production","t",2016,93240,"Kapok fibre, raw","no"
NA,"World","Forage products; fibre crops; plants used in perfumery, pharmacy, or for insecticidal, fungicidal or similar purposes; beet, forage plant and flower seeds; natural rubber; living plants, cut flowers and flower buds; unmanufactured tobacco; other raw vegetable materials","Production","t",2017,91670,"Kapok fibre, raw","no"
NA,"World","Forage products; fibre crops; plants used in perfumery, pharmacy, or for insecticidal, fungicidal or similar purposes; beet, forage plant and flower seeds; natural rubber; living plants, cut flowers and flower buds; unmanufactured tobacco; other raw vegetable materials","Production","t",2018,90520,"Kapok fibre, raw","no"
NA,"World","Forage products; fibre crops; plants used in perfumery, pharmacy, or for insecticidal, fungicidal or similar purposes; beet, forage plant and flower seeds; natural rubber; living plants, cut flowers and flower buds; unmanufactured tobacco; other raw vegetable materials","Production","t",2019,78657,"Kapok fibre, raw","no"
NA,"World","Forage products; fibre crops; plants used in perfumery, pharmacy, or for insecticidal, fungicidal or similar purposes; beet, forage plant and flower seeds; natural rubber; living plants, cut flowers and flower buds; unmanufactured tobacco; other raw vegetable materials","Production","t",2020,75826.6,"Kapok fibre, raw","no"
NA,"World","Forage products; fibre crops; plants used in perfumery, pharmacy, or for insecticidal, fungicidal or similar purposes; beet, forage plant and flower seeds; natural rubber; living plants, cut flowers and flower buds; unmanufactured tobacco; other raw vegetable materials","Production","t",2021,76693.2,"Kapok fibre, raw","no"
NA,"World","Forage products; fibre crops; plants used in perfumery, pharmacy, or for insecticidal, fungicidal or similar purposes; beet, forage plant and flower seeds; natural rubber; living plants, cut flowers and flower buds; unmanufactured tobacco; other raw vegetable materials","Production","t",2022,78184.37,"Kapok fibre, raw","no"
NA,"World","Forage products; fibre crops; plants used in perfumery, pharmacy, or for insecticidal, fungicidal or similar purposes; beet, forage plant and flower seeds; natural rubber; living plants, cut flowers and flower buds; unmanufactured tobacco; other raw vegetable materials","Production","t",2023,NA,"Kapok fibre, raw","no"
NA,"World","Oilseeds and oleaginous fruits","Area harvested","ha",1992,228820,"Kapok fruit","no"
NA,"World","Oilseeds and oleaginous fruits","Area harvested","ha",1993,222240,"Kapok fruit","no"
NA,"World","Oilseeds and oleaginous fruits","Area harvested","ha",1994,223580,"Kapok fruit","no"
NA,"World","Oilseeds and oleaginous fruits","Area harvested","ha",1995,213260,"Kapok fruit","no"
NA,"World","Oilseeds and oleaginous fruits","Area harvested","ha",1996,211477,"Kapok fruit","no"
NA,"World","Oilseeds and oleaginous fruits","Area harvested","ha",1997,211647,"Kapok fruit","no"
NA,"World","Oilseeds and oleaginous fruits","Area harvested","ha",1998,212869,"Kapok fruit","no"
NA,"World","Oilseeds and oleaginous fruits","Area harvested","ha",1999,212240,"Kapok fruit","no"
NA,"World","Oilseeds and oleaginous fruits","Area harvested","ha",2000,212080,"Kapok fruit","no"
NA,"World","Oilseeds and oleaginous fruits","Area harvested","ha",2001,213080,"Kapok fruit","no"
NA,"World","Oilseeds and oleaginous fruits","Area harvested","ha",2002,208080,"Kapok fruit","no"
NA,"World","Oilseeds and oleaginous fruits","Area harvested","ha",2003,223100,"Kapok fruit","no"
NA,"World","Oilseeds and oleaginous fruits","Area harvested","ha",2004,168000,"Kapok fruit","no"
NA,"World","Oilseeds and oleaginous fruits","Area harvested","ha",2005,165605,"Kapok fruit","no"
NA,"World","Oilseeds and oleaginous fruits","Area harvested","ha",2006,166676,"Kapok fruit","no"
NA,"World","Oilseeds and oleaginous fruits","Area harvested","ha",2007,177426,"Kapok fruit","no"
NA,"World","Oilseeds and oleaginous fruits","Area harvested","ha",2008,179442,"Kapok fruit","no"
NA,"World","Oilseeds and oleaginous fruits","Area harvested","ha",2009,200458,"Kapok fruit","no"
NA,"World","Oilseeds and oleaginous fruits","Area harvested","ha",2010,197587,"Kapok fruit","no"
NA,"World","Oilseeds and oleaginous fruits","Area harvested","ha",2011,194259,"Kapok fruit","no"
NA,"World","Oilseeds and oleaginous fruits","Area harvested","ha",2012,186934,"Kapok fruit","no"
NA,"World","Oilseeds and oleaginous fruits","Area harvested","ha",2013,179902,"Kapok fruit","no"
NA,"World","Oilseeds and oleaginous fruits","Area harvested","ha",2014,177069,"Kapok fruit","no"
NA,"World","Oilseeds and oleaginous fruits","Area harvested","ha",2015,190836,"Kapok fruit","no"
NA,"World","Oilseeds and oleaginous fruits","Area harvested","ha",2016,182603,"Kapok fruit","no"
NA,"World","Oilseeds and oleaginous fruits","Area harvested","ha",2017,181707,"Kapok fruit","no"
NA,"World","Oilseeds and oleaginous fruits","Area harvested","ha",2018,181976,"Kapok fruit","no"
NA,"World","Oilseeds and oleaginous fruits","Area harvested","ha",2019,180155,"Kapok fruit","no"
NA,"World","Oilseeds and oleaginous fruits","Area harvested","ha",2020,178522,"Kapok fruit","no"
NA,"World","Oilseeds and oleaginous fruits","Area harvested","ha",2021,178827,"Kapok fruit","no"
NA,"World","Oilseeds and oleaginous fruits","Area harvested","ha",2022,178840,"Kapok fruit","no"
NA,"World","Oilseeds and oleaginous fruits","Area harvested","ha",2023,179299,"Kapok fruit","no"
NA,"World","Oilseeds and oleaginous fruits","Yield","kg/ha",1992,1407.4,"Kapok fruit","no"
NA,"World","Oilseeds and oleaginous fruits","Yield","kg/ha",1993,1468.7,"Kapok fruit","no"
NA,"World","Oilseeds and oleaginous fruits","Yield","kg/ha",1994,1462.3,"Kapok fruit","no"
NA,"World","Oilseeds and oleaginous fruits","Yield","kg/ha",1995,1658.5,"Kapok fruit","no"
NA,"World","Oilseeds and oleaginous fruits","Yield","kg/ha",1996,1770.9,"Kapok fruit","no"
NA,"World","Oilseeds and oleaginous fruits","Yield","kg/ha",1997,1784,"Kapok fruit","no"
NA,"World","Oilseeds and oleaginous fruits","Yield","kg/ha",1998,1751.2,"Kapok fruit","no"
NA,"World","Oilseeds and oleaginous fruits","Yield","kg/ha",1999,1777.8,"Kapok fruit","no"
NA,"World","Oilseeds and oleaginous fruits","Yield","kg/ha",2000,1982.2,"Kapok fruit","no"
NA,"World","Oilseeds and oleaginous fruits","Yield","kg/ha",2001,1971.1,"Kapok fruit","no"
NA,"World","Oilseeds and oleaginous fruits","Yield","kg/ha",2002,1956.4,"Kapok fruit","no"
NA,"World","Oilseeds and oleaginous fruits","Yield","kg/ha",2003,1959.9,"Kapok fruit","no"
NA,"World","Oilseeds and oleaginous fruits","Yield","kg/ha",2004,2051.2,"Kapok fruit","no"
NA,"World","Oilseeds and oleaginous fruits","Yield","kg/ha",2005,1941.7,"Kapok fruit","no"
NA,"World","Oilseeds and oleaginous fruits","Yield","kg/ha",2006,1940.4,"Kapok fruit","no"
NA,"World","Oilseeds and oleaginous fruits","Yield","kg/ha",2007,1597.7,"Kapok fruit","no"
NA,"World","Oilseeds and oleaginous fruits","Yield","kg/ha",2008,1575.9,"Kapok fruit","no"
NA,"World","Oilseeds and oleaginous fruits","Yield","kg/ha",2009,1431.7,"Kapok fruit","no"
NA,"World","Oilseeds and oleaginous fruits","Yield","kg/ha",2010,1361.1,"Kapok fruit","no"
NA,"World","Oilseeds and oleaginous fruits","Yield","kg/ha",2011,1671.1,"Kapok fruit","no"
NA,"World","Oilseeds and oleaginous fruits","Yield","kg/ha",2012,1707,"Kapok fruit","no"
NA,"World","Oilseeds and oleaginous fruits","Yield","kg/ha",2013,1719.5,"Kapok fruit","no"
NA,"World","Oilseeds and oleaginous fruits","Yield","kg/ha",2014,1654.8,"Kapok fruit","no"
NA,"World","Oilseeds and oleaginous fruits","Yield","kg/ha",2015,1414.1,"Kapok fruit","no"
NA,"World","Oilseeds and oleaginous fruits","Yield","kg/ha",2016,1592.2,"Kapok fruit","no"
NA,"World","Oilseeds and oleaginous fruits","Yield","kg/ha",2017,1622.6,"Kapok fruit","no"
NA,"World","Oilseeds and oleaginous fruits","Yield","kg/ha",2018,1625.6,"Kapok fruit","no"
NA,"World","Oilseeds and oleaginous fruits","Yield","kg/ha",2019,1627.1,"Kapok fruit","no"
NA,"World","Oilseeds and oleaginous fruits","Yield","kg/ha",2020,1627.9,"Kapok fruit","no"
NA,"World","Oilseeds and oleaginous fruits","Yield","kg/ha",2021,1617.4,"Kapok fruit","no"
NA,"World","Oilseeds and oleaginous fruits","Yield","kg/ha",2022,1627.2,"Kapok fruit","no"
NA,"World","Oilseeds and oleaginous fruits","Yield","kg/ha",2023,1619,"Kapok fruit","no"
NA,"World","Oilseeds and oleaginous fruits","Production","t",1992,322030,"Kapok fruit","no"
NA,"World","Oilseeds and oleaginous fruits","Production","t",1993,326400,"Kapok fruit","no"
NA,"World","Oilseeds and oleaginous fruits","Production","t",1994,326940,"Kapok fruit","no"
NA,"World","Oilseeds and oleaginous fruits","Production","t",1995,353700,"Kapok fruit","no"
NA,"World","Oilseeds and oleaginous fruits","Production","t",1996,374510,"Kapok fruit","no"
NA,"World","Oilseeds and oleaginous fruits","Production","t",1997,377570,"Kapok fruit","no"
NA,"World","Oilseeds and oleaginous fruits","Production","t",1998,372770,"Kapok fruit","no"
NA,"World","Oilseeds and oleaginous fruits","Production","t",1999,377320,"Kapok fruit","no"
NA,"World","Oilseeds and oleaginous fruits","Production","t",2000,420380,"Kapok fruit","no"
NA,"World","Oilseeds and oleaginous fruits","Production","t",2001,419993,"Kapok fruit","no"
NA,"World","Oilseeds and oleaginous fruits","Production","t",2002,407087,"Kapok fruit","no"
NA,"World","Oilseeds and oleaginous fruits","Production","t",2003,437250,"Kapok fruit","no"
NA,"World","Oilseeds and oleaginous fruits","Production","t",2004,344600,"Kapok fruit","no"
NA,"World","Oilseeds and oleaginous fruits","Production","t",2005,321550,"Kapok fruit","no"
NA,"World","Oilseeds and oleaginous fruits","Production","t",2006,323420,"Kapok fruit","no"
NA,"World","Oilseeds and oleaginous fruits","Production","t",2007,283467,"Kapok fruit","no"
NA,"World","Oilseeds and oleaginous fruits","Production","t",2008,282780,"Kapok fruit","no"
NA,"World","Oilseeds and oleaginous fruits","Production","t",2009,287000,"Kapok fruit","no"
NA,"World","Oilseeds and oleaginous fruits","Production","t",2010,268927.08,"Kapok fruit","no"
NA,"World","Oilseeds and oleaginous fruits","Production","t",2011,324623.82,"Kapok fruit","no"
NA,"World","Oilseeds and oleaginous fruits","Production","t",2012,319090.39,"Kapok fruit","no"
NA,"World","Oilseeds and oleaginous fruits","Production","t",2013,309337.03,"Kapok fruit","no"
NA,"World","Oilseeds and oleaginous fruits","Production","t",2014,293018.1,"Kapok fruit","no"
NA,"World","Oilseeds and oleaginous fruits","Production","t",2015,269862.18,"Kapok fruit","no"
NA,"World","Oilseeds and oleaginous fruits","Production","t",2016,290739.1,"Kapok fruit","no"
NA,"World","Oilseeds and oleaginous fruits","Production","t",2017,294846.91,"Kapok fruit","no"
NA,"World","Oilseeds and oleaginous fruits","Production","t",2018,295816.43,"Kapok fruit","no"
NA,"World","Oilseeds and oleaginous fruits","Production","t",2019,293136.88,"Kapok fruit","no"
NA,"World","Oilseeds and oleaginous fruits","Production","t",2020,290619.5,"Kapok fruit","no"
NA,"World","Oilseeds and oleaginous fruits","Production","t",2021,289241.64,"Kapok fruit","no"
NA,"World","Oilseeds and oleaginous fruits","Production","t",2022,290999.34,"Kapok fruit","no"
NA,"World","Oilseeds and oleaginous fruits","Production","t",2023,290286.82,"Kapok fruit","no"
NA,"World","Oilseeds and oleaginous fruits","Production","t",1992,262575.65,"Kapokseed in shell","no"
NA,"World","Oilseeds and oleaginous fruits","Production","t",1993,266274.75,"Kapokseed in shell","no"
NA,"World","Oilseeds and oleaginous fruits","Production","t",1994,266792.7,"Kapokseed in shell","no"
NA,"World","Oilseeds and oleaginous fruits","Production","t",1995,288544.5,"Kapokseed in shell","no"
NA,"World","Oilseeds and oleaginous fruits","Production","t",1996,305580.55,"Kapokseed in shell","no"
NA,"World","Oilseeds and oleaginous fruits","Production","t",1997,307969.6,"Kapokseed in shell","no"
NA,"World","Oilseeds and oleaginous fruits","Production","t",1998,303875.35,"Kapokseed in shell","no"
NA,"World","Oilseeds and oleaginous fruits","Production","t",1999,307651.85,"Kapokseed in shell","no"
NA,"World","Oilseeds and oleaginous fruits","Production","t",2000,342565.9,"Kapokseed in shell","no"
NA,"World","Oilseeds and oleaginous fruits","Production","t",2001,342212.51,"Kapokseed in shell","no"
NA,"World","Oilseeds and oleaginous fruits","Production","t",2002,331859.25,"Kapokseed in shell","no"
NA,"World","Oilseeds and oleaginous fruits","Production","t",2003,356146.12,"Kapokseed in shell","no"
NA,"World","Oilseeds and oleaginous fruits","Production","t",2004,281331.25,"Kapokseed in shell","no"
NA,"World","Oilseeds and oleaginous fruits","Production","t",2005,262545.12,"Kapokseed in shell","no"
NA,"World","Oilseeds and oleaginous fruits","Production","t",2006,263746.9,"Kapokseed in shell","no"
NA,"World","Oilseeds and oleaginous fruits","Production","t",2007,231284.61,"Kapokseed in shell","no"
NA,"World","Oilseeds and oleaginous fruits","Production","t",2008,230729.84,"Kapokseed in shell","no"
NA,"World","Oilseeds and oleaginous fruits","Production","t",2009,234137.5,"Kapokseed in shell","no"
NA,"World","Oilseeds and oleaginous fruits","Production","t",2010,174212.2,"Kapokseed in shell","no"
NA,"World","Oilseeds and oleaginous fruits","Production","t",2011,209468.6,"Kapokseed in shell","no"
NA,"World","Oilseeds and oleaginous fruits","Production","t",2012,205789.6,"Kapokseed in shell","no"
NA,"World","Oilseeds and oleaginous fruits","Production","t",2013,199474.3,"Kapokseed in shell","no"
NA,"World","Oilseeds and oleaginous fruits","Production","t",2014,197606,"Kapokseed in shell","no"
NA,"World","Oilseeds and oleaginous fruits","Production","t",2015,181011,"Kapokseed in shell","no"
NA,"World","Oilseeds and oleaginous fruits","Production","t",2016,171493,"Kapokseed in shell","no"
NA,"World","Oilseeds and oleaginous fruits","Production","t",2017,165766,"Kapokseed in shell","no"
NA,"World","Oilseeds and oleaginous fruits","Production","t",2018,160186,"Kapokseed in shell","no"
NA,"World","Oilseeds and oleaginous fruits","Production","t",2019,187502.59,"Kapokseed in shell","no"
NA,"World","Oilseeds and oleaginous fruits","Production","t",2020,180977,"Kapokseed in shell","no"
NA,"World","Oilseeds and oleaginous fruits","Production","t",2021,182880,"Kapokseed in shell","no"
NA,"World","Oilseeds and oleaginous fruits","Production","t",2022,186301.77,"Kapokseed in shell","no"
NA,"World","Oilseeds and oleaginous fruits","Production","t",2023,NA,"Kapokseed in shell","no"
NA,"World","Oilseeds and oleaginous fruits","Area harvested","ha",1992,323780,"Karite nuts (sheanuts)","no"
NA,"World","Oilseeds and oleaginous fruits","Area harvested","ha",1993,330688,"Karite nuts (sheanuts)","no"
NA,"World","Oilseeds and oleaginous fruits","Area harvested","ha",1994,322474,"Karite nuts (sheanuts)","no"
NA,"World","Oilseeds and oleaginous fruits","Area harvested","ha",1995,370876,"Karite nuts (sheanuts)","no"
NA,"World","Oilseeds and oleaginous fruits","Area harvested","ha",1996,348134,"Karite nuts (sheanuts)","no"
NA,"World","Oilseeds and oleaginous fruits","Area harvested","ha",1997,355605,"Karite nuts (sheanuts)","no"
NA,"World","Oilseeds and oleaginous fruits","Area harvested","ha",1998,354549,"Karite nuts (sheanuts)","no"
NA,"World","Oilseeds and oleaginous fruits","Area harvested","ha",1999,355464,"Karite nuts (sheanuts)","no"
NA,"World","Oilseeds and oleaginous fruits","Area harvested","ha",2000,365061,"Karite nuts (sheanuts)","no"
NA,"World","Oilseeds and oleaginous fruits","Area harvested","ha",2001,365196,"Karite nuts (sheanuts)","no"
NA,"World","Oilseeds and oleaginous fruits","Area harvested","ha",2002,377427,"Karite nuts (sheanuts)","no"
NA,"World","Oilseeds and oleaginous fruits","Area harvested","ha",2003,379034,"Karite nuts (sheanuts)","no"
NA,"World","Oilseeds and oleaginous fruits","Area harvested","ha",2004,380474,"Karite nuts (sheanuts)","no"
NA,"World","Oilseeds and oleaginous fruits","Area harvested","ha",2005,394423,"Karite nuts (sheanuts)","no"
NA,"World","Oilseeds and oleaginous fruits","Area harvested","ha",2006,370799,"Karite nuts (sheanuts)","no"
NA,"World","Oilseeds and oleaginous fruits","Area harvested","ha",2007,414042,"Karite nuts (sheanuts)","no"
NA,"World","Oilseeds and oleaginous fruits","Area harvested","ha",2008,430883,"Karite nuts (sheanuts)","no"
NA,"World","Oilseeds and oleaginous fruits","Area harvested","ha",2009,492246,"Karite nuts (sheanuts)","no"
NA,"World","Oilseeds and oleaginous fruits","Area harvested","ha",2010,489535,"Karite nuts (sheanuts)","no"
NA,"World","Oilseeds and oleaginous fruits","Area harvested","ha",2011,481071,"Karite nuts (sheanuts)","no"
NA,"World","Oilseeds and oleaginous fruits","Area harvested","ha",2012,478783,"Karite nuts (sheanuts)","no"
NA,"World","Oilseeds and oleaginous fruits","Area harvested","ha",2013,501483,"Karite nuts (sheanuts)","no"
NA,"World","Oilseeds and oleaginous fruits","Area harvested","ha",2014,525165,"Karite nuts (sheanuts)","no"
NA,"World","Oilseeds and oleaginous fruits","Area harvested","ha",2015,544595,"Karite nuts (sheanuts)","no"
NA,"World","Oilseeds and oleaginous fruits","Area harvested","ha",2016,600093,"Karite nuts (sheanuts)","no"
NA,"World","Oilseeds and oleaginous fruits","Area harvested","ha",2017,593161,"Karite nuts (sheanuts)","no"
NA,"World","Oilseeds and oleaginous fruits","Area harvested","ha",2018,647283,"Karite nuts (sheanuts)","no"
NA,"World","Oilseeds and oleaginous fruits","Area harvested","ha",2019,690942,"Karite nuts (sheanuts)","no"
NA,"World","Oilseeds and oleaginous fruits","Area harvested","ha",2020,667691,"Karite nuts (sheanuts)","no"
NA,"World","Oilseeds and oleaginous fruits","Area harvested","ha",2021,669899,"Karite nuts (sheanuts)","no"
NA,"World","Oilseeds and oleaginous fruits","Area harvested","ha",2022,703599,"Karite nuts (sheanuts)","no"
NA,"World","Oilseeds and oleaginous fruits","Area harvested","ha",2023,720571,"Karite nuts (sheanuts)","no"
NA,"World","Oilseeds and oleaginous fruits","Yield","kg/ha",1992,1989,"Karite nuts (sheanuts)","no"
NA,"World","Oilseeds and oleaginous fruits","Yield","kg/ha",1993,1933.4,"Karite nuts (sheanuts)","no"
NA,"World","Oilseeds and oleaginous fruits","Yield","kg/ha",1994,2074.7,"Karite nuts (sheanuts)","no"
NA,"World","Oilseeds and oleaginous fruits","Yield","kg/ha",1995,1939.8,"Karite nuts (sheanuts)","no"
NA,"World","Oilseeds and oleaginous fruits","Yield","kg/ha",1996,1934.5,"Karite nuts (sheanuts)","no"
NA,"World","Oilseeds and oleaginous fruits","Yield","kg/ha",1997,1947.1,"Karite nuts (sheanuts)","no"
NA,"World","Oilseeds and oleaginous fruits","Yield","kg/ha",1998,1935.6,"Karite nuts (sheanuts)","no"
NA,"World","Oilseeds and oleaginous fruits","Yield","kg/ha",1999,1927,"Karite nuts (sheanuts)","no"
NA,"World","Oilseeds and oleaginous fruits","Yield","kg/ha",2000,1913.7,"Karite nuts (sheanuts)","no"
NA,"World","Oilseeds and oleaginous fruits","Yield","kg/ha",2001,1900.4,"Karite nuts (sheanuts)","no"
NA,"World","Oilseeds and oleaginous fruits","Yield","kg/ha",2002,1824.6,"Karite nuts (sheanuts)","no"
NA,"World","Oilseeds and oleaginous fruits","Yield","kg/ha",2003,1930.5,"Karite nuts (sheanuts)","no"
NA,"World","Oilseeds and oleaginous fruits","Yield","kg/ha",2004,1926.3,"Karite nuts (sheanuts)","no"
NA,"World","Oilseeds and oleaginous fruits","Yield","kg/ha",2005,1819.4,"Karite nuts (sheanuts)","no"
NA,"World","Oilseeds and oleaginous fruits","Yield","kg/ha",2006,1727.1,"Karite nuts (sheanuts)","no"
NA,"World","Oilseeds and oleaginous fruits","Yield","kg/ha",2007,1877.7,"Karite nuts (sheanuts)","no"
NA,"World","Oilseeds and oleaginous fruits","Yield","kg/ha",2008,1587.1,"Karite nuts (sheanuts)","no"
NA,"World","Oilseeds and oleaginous fruits","Yield","kg/ha",2009,1285.2,"Karite nuts (sheanuts)","no"
NA,"World","Oilseeds and oleaginous fruits","Yield","kg/ha",2010,1284.5,"Karite nuts (sheanuts)","no"
NA,"World","Oilseeds and oleaginous fruits","Yield","kg/ha",2011,1266.5,"Karite nuts (sheanuts)","no"
NA,"World","Oilseeds and oleaginous fruits","Yield","kg/ha",2012,1292,"Karite nuts (sheanuts)","no"
NA,"World","Oilseeds and oleaginous fruits","Yield","kg/ha",2013,1218.6,"Karite nuts (sheanuts)","no"
NA,"World","Oilseeds and oleaginous fruits","Yield","kg/ha",2014,1070.3,"Karite nuts (sheanuts)","no"
NA,"World","Oilseeds and oleaginous fruits","Yield","kg/ha",2015,1008.9,"Karite nuts (sheanuts)","no"
NA,"World","Oilseeds and oleaginous fruits","Yield","kg/ha",2016,1206.1,"Karite nuts (sheanuts)","no"
NA,"World","Oilseeds and oleaginous fruits","Yield","kg/ha",2017,1094.2,"Karite nuts (sheanuts)","no"
NA,"World","Oilseeds and oleaginous fruits","Yield","kg/ha",2018,1206.2,"Karite nuts (sheanuts)","no"
NA,"World","Oilseeds and oleaginous fruits","Yield","kg/ha",2019,1286.2,"Karite nuts (sheanuts)","no"
NA,"World","Oilseeds and oleaginous fruits","Yield","kg/ha",2020,1207.7,"Karite nuts (sheanuts)","no"
NA,"World","Oilseeds and oleaginous fruits","Yield","kg/ha",2021,1205.9,"Karite nuts (sheanuts)","no"
NA,"World","Oilseeds and oleaginous fruits","Yield","kg/ha",2022,1215,"Karite nuts (sheanuts)","no"
NA,"World","Oilseeds and oleaginous fruits","Yield","kg/ha",2023,1208.5,"Karite nuts (sheanuts)","no"
NA,"World","Oilseeds and oleaginous fruits","Production","t",1992,643985.57,"Karite nuts (sheanuts)","no"
NA,"World","Oilseeds and oleaginous fruits","Production","t",1993,639347.22,"Karite nuts (sheanuts)","no"
NA,"World","Oilseeds and oleaginous fruits","Production","t",1994,669042.44,"Karite nuts (sheanuts)","no"
NA,"World","Oilseeds and oleaginous fruits","Production","t",1995,719419.37,"Karite nuts (sheanuts)","no"
NA,"World","Oilseeds and oleaginous fruits","Production","t",1996,673460,"Karite nuts (sheanuts)","no"
NA,"World","Oilseeds and oleaginous fruits","Production","t",1997,692385.82,"Karite nuts (sheanuts)","no"
NA,"World","Oilseeds and oleaginous fruits","Production","t",1998,686273.6,"Karite nuts (sheanuts)","no"
NA,"World","Oilseeds and oleaginous fruits","Production","t",1999,684968.38,"Karite nuts (sheanuts)","no"
NA,"World","Oilseeds and oleaginous fruits","Production","t",2000,698607.99,"Karite nuts (sheanuts)","no"
NA,"World","Oilseeds and oleaginous fruits","Production","t",2001,694019.21,"Karite nuts (sheanuts)","no"
NA,"World","Oilseeds and oleaginous fruits","Production","t",2002,688642.62,"Karite nuts (sheanuts)","no"
NA,"World","Oilseeds and oleaginous fruits","Production","t",2003,731739.57,"Karite nuts (sheanuts)","no"
NA,"World","Oilseeds and oleaginous fruits","Production","t",2004,732905.19,"Karite nuts (sheanuts)","no"
NA,"World","Oilseeds and oleaginous fruits","Production","t",2005,717625.51,"Karite nuts (sheanuts)","no"
NA,"World","Oilseeds and oleaginous fruits","Production","t",2006,640411.47,"Karite nuts (sheanuts)","no"
NA,"World","Oilseeds and oleaginous fruits","Production","t",2007,777433,"Karite nuts (sheanuts)","no"
NA,"World","Oilseeds and oleaginous fruits","Production","t",2008,683847.71,"Karite nuts (sheanuts)","no"
NA,"World","Oilseeds and oleaginous fruits","Production","t",2009,632624.68,"Karite nuts (sheanuts)","no"
NA,"World","Oilseeds and oleaginous fruits","Production","t",2010,628800.85,"Karite nuts (sheanuts)","no"
NA,"World","Oilseeds and oleaginous fruits","Production","t",2011,609275.91,"Karite nuts (sheanuts)","no"
NA,"World","Oilseeds and oleaginous fruits","Production","t",2012,618591.67,"Karite nuts (sheanuts)","no"
NA,"World","Oilseeds and oleaginous fruits","Production","t",2013,611125.11,"Karite nuts (sheanuts)","no"
NA,"World","Oilseeds and oleaginous fruits","Production","t",2014,562058.61,"Karite nuts (sheanuts)","no"
NA,"World","Oilseeds and oleaginous fruits","Production","t",2015,549442.67,"Karite nuts (sheanuts)","no"
NA,"World","Oilseeds and oleaginous fruits","Production","t",2016,723767.49,"Karite nuts (sheanuts)","no"
NA,"World","Oilseeds and oleaginous fruits","Production","t",2017,649060.53,"Karite nuts (sheanuts)","no"
NA,"World","Oilseeds and oleaginous fruits","Production","t",2018,780751.37,"Karite nuts (sheanuts)","no"
NA,"World","Oilseeds and oleaginous fruits","Production","t",2019,888669.7,"Karite nuts (sheanuts)","no"
NA,"World","Oilseeds and oleaginous fruits","Production","t",2020,806370.19,"Karite nuts (sheanuts)","no"
NA,"World","Oilseeds and oleaginous fruits","Production","t",2021,807852.15,"Karite nuts (sheanuts)","no"
NA,"World","Oilseeds and oleaginous fruits","Production","t",2022,854887.25,"Karite nuts (sheanuts)","no"
NA,"World","Oilseeds and oleaginous fruits","Production","t",2023,870784.49,"Karite nuts (sheanuts)","no"
NA,"World","Forage products; fibre crops; plants used in perfumery, pharmacy, or for insecticidal, fungicidal or similar purposes; beet, forage plant and flower seeds; natural rubber; living plants, cut flowers and flower buds; unmanufactured tobacco; other raw vegetable materials","Area harvested","ha",1992,557863,"Kenaf, and other textile bast fibres, raw or retted","no"
NA,"World","Forage products; fibre crops; plants used in perfumery, pharmacy, or for insecticidal, fungicidal or similar purposes; beet, forage plant and flower seeds; natural rubber; living plants, cut flowers and flower buds; unmanufactured tobacco; other raw vegetable materials","Area harvested","ha",1993,532592,"Kenaf, and other textile bast fibres, raw or retted","no"
NA,"World","Forage products; fibre crops; plants used in perfumery, pharmacy, or for insecticidal, fungicidal or similar purposes; beet, forage plant and flower seeds; natural rubber; living plants, cut flowers and flower buds; unmanufactured tobacco; other raw vegetable materials","Area harvested","ha",1994,479229,"Kenaf, and other textile bast fibres, raw or retted","no"
NA,"World","Forage products; fibre crops; plants used in perfumery, pharmacy, or for insecticidal, fungicidal or similar purposes; beet, forage plant and flower seeds; natural rubber; living plants, cut flowers and flower buds; unmanufactured tobacco; other raw vegetable materials","Area harvested","ha",1995,451485,"Kenaf, and other textile bast fibres, raw or retted","no"
NA,"World","Forage products; fibre crops; plants used in perfumery, pharmacy, or for insecticidal, fungicidal or similar purposes; beet, forage plant and flower seeds; natural rubber; living plants, cut flowers and flower buds; unmanufactured tobacco; other raw vegetable materials","Area harvested","ha",1996,399571,"Kenaf, and other textile bast fibres, raw or retted","no"
NA,"World","Forage products; fibre crops; plants used in perfumery, pharmacy, or for insecticidal, fungicidal or similar purposes; beet, forage plant and flower seeds; natural rubber; living plants, cut flowers and flower buds; unmanufactured tobacco; other raw vegetable materials","Area harvested","ha",1997,383946,"Kenaf, and other textile bast fibres, raw or retted","no"
NA,"World","Forage products; fibre crops; plants used in perfumery, pharmacy, or for insecticidal, fungicidal or similar purposes; beet, forage plant and flower seeds; natural rubber; living plants, cut flowers and flower buds; unmanufactured tobacco; other raw vegetable materials","Area harvested","ha",1998,315783,"Kenaf, and other textile bast fibres, raw or retted","no"
NA,"World","Forage products; fibre crops; plants used in perfumery, pharmacy, or for insecticidal, fungicidal or similar purposes; beet, forage plant and flower seeds; natural rubber; living plants, cut flowers and flower buds; unmanufactured tobacco; other raw vegetable materials","Area harvested","ha",1999,300609,"Kenaf, and other textile bast fibres, raw or retted","no"
NA,"World","Forage products; fibre crops; plants used in perfumery, pharmacy, or for insecticidal, fungicidal or similar purposes; beet, forage plant and flower seeds; natural rubber; living plants, cut flowers and flower buds; unmanufactured tobacco; other raw vegetable materials","Area harvested","ha",2000,306783,"Kenaf, and other textile bast fibres, raw or retted","no"
NA,"World","Forage products; fibre crops; plants used in perfumery, pharmacy, or for insecticidal, fungicidal or similar purposes; beet, forage plant and flower seeds; natural rubber; living plants, cut flowers and flower buds; unmanufactured tobacco; other raw vegetable materials","Area harvested","ha",2001,327419,"Kenaf, and other textile bast fibres, raw or retted","no"
NA,"World","Forage products; fibre crops; plants used in perfumery, pharmacy, or for insecticidal, fungicidal or similar purposes; beet, forage plant and flower seeds; natural rubber; living plants, cut flowers and flower buds; unmanufactured tobacco; other raw vegetable materials","Area harvested","ha",2002,282401,"Kenaf, and other textile bast fibres, raw or retted","no"
NA,"World","Forage products; fibre crops; plants used in perfumery, pharmacy, or for insecticidal, fungicidal or similar purposes; beet, forage plant and flower seeds; natural rubber; living plants, cut flowers and flower buds; unmanufactured tobacco; other raw vegetable materials","Area harvested","ha",2003,277582,"Kenaf, and other textile bast fibres, raw or retted","no"
NA,"World","Forage products; fibre crops; plants used in perfumery, pharmacy, or for insecticidal, fungicidal or similar purposes; beet, forage plant and flower seeds; natural rubber; living plants, cut flowers and flower buds; unmanufactured tobacco; other raw vegetable materials","Area harvested","ha",2004,261516,"Kenaf, and other textile bast fibres, raw or retted","no"
NA,"World","Forage products; fibre crops; plants used in perfumery, pharmacy, or for insecticidal, fungicidal or similar purposes; beet, forage plant and flower seeds; natural rubber; living plants, cut flowers and flower buds; unmanufactured tobacco; other raw vegetable materials","Area harvested","ha",2005,251089,"Kenaf, and other textile bast fibres, raw or retted","no"
NA,"World","Forage products; fibre crops; plants used in perfumery, pharmacy, or for insecticidal, fungicidal or similar purposes; beet, forage plant and flower seeds; natural rubber; living plants, cut flowers and flower buds; unmanufactured tobacco; other raw vegetable materials","Area harvested","ha",2006,243641,"Kenaf, and other textile bast fibres, raw or retted","no"
NA,"World","Forage products; fibre crops; plants used in perfumery, pharmacy, or for insecticidal, fungicidal or similar purposes; beet, forage plant and flower seeds; natural rubber; living plants, cut flowers and flower buds; unmanufactured tobacco; other raw vegetable materials","Area harvested","ha",2007,253120,"Kenaf, and other textile bast fibres, raw or retted","no"
NA,"World","Forage products; fibre crops; plants used in perfumery, pharmacy, or for insecticidal, fungicidal or similar purposes; beet, forage plant and flower seeds; natural rubber; living plants, cut flowers and flower buds; unmanufactured tobacco; other raw vegetable materials","Area harvested","ha",2008,227504,"Kenaf, and other textile bast fibres, raw or retted","no"
NA,"World","Forage products; fibre crops; plants used in perfumery, pharmacy, or for insecticidal, fungicidal or similar purposes; beet, forage plant and flower seeds; natural rubber; living plants, cut flowers and flower buds; unmanufactured tobacco; other raw vegetable materials","Area harvested","ha",2009,209434,"Kenaf, and other textile bast fibres, raw or retted","no"
NA,"World","Forage products; fibre crops; plants used in perfumery, pharmacy, or for insecticidal, fungicidal or similar purposes; beet, forage plant and flower seeds; natural rubber; living plants, cut flowers and flower buds; unmanufactured tobacco; other raw vegetable materials","Area harvested","ha",2010,173433,"Kenaf, and other textile bast fibres, raw or retted","no"
NA,"World","Forage products; fibre crops; plants used in perfumery, pharmacy, or for insecticidal, fungicidal or similar purposes; beet, forage plant and flower seeds; natural rubber; living plants, cut flowers and flower buds; unmanufactured tobacco; other raw vegetable materials","Area harvested","ha",2011,176382,"Kenaf, and other textile bast fibres, raw or retted","no"
NA,"World","Forage products; fibre crops; plants used in perfumery, pharmacy, or for insecticidal, fungicidal or similar purposes; beet, forage plant and flower seeds; natural rubber; living plants, cut flowers and flower buds; unmanufactured tobacco; other raw vegetable materials","Area harvested","ha",2012,165996,"Kenaf, and other textile bast fibres, raw or retted","no"
NA,"World","Forage products; fibre crops; plants used in perfumery, pharmacy, or for insecticidal, fungicidal or similar purposes; beet, forage plant and flower seeds; natural rubber; living plants, cut flowers and flower buds; unmanufactured tobacco; other raw vegetable materials","Area harvested","ha",2013,176995,"Kenaf, and other textile bast fibres, raw or retted","no"
NA,"World","Forage products; fibre crops; plants used in perfumery, pharmacy, or for insecticidal, fungicidal or similar purposes; beet, forage plant and flower seeds; natural rubber; living plants, cut flowers and flower buds; unmanufactured tobacco; other raw vegetable materials","Area harvested","ha",2014,160672,"Kenaf, and other textile bast fibres, raw or retted","no"
NA,"World","Forage products; fibre crops; plants used in perfumery, pharmacy, or for insecticidal, fungicidal or similar purposes; beet, forage plant and flower seeds; natural rubber; living plants, cut flowers and flower buds; unmanufactured tobacco; other raw vegetable materials","Area harvested","ha",2015,154529,"Kenaf, and other textile bast fibres, raw or retted","no"
NA,"World","Forage products; fibre crops; plants used in perfumery, pharmacy, or for insecticidal, fungicidal or similar purposes; beet, forage plant and flower seeds; natural rubber; living plants, cut flowers and flower buds; unmanufactured tobacco; other raw vegetable materials","Area harvested","ha",2016,159480,"Kenaf, and other textile bast fibres, raw or retted","no"
NA,"World","Forage products; fibre crops; plants used in perfumery, pharmacy, or for insecticidal, fungicidal or similar purposes; beet, forage plant and flower seeds; natural rubber; living plants, cut flowers and flower buds; unmanufactured tobacco; other raw vegetable materials","Area harvested","ha",2017,153906,"Kenaf, and other textile bast fibres, raw or retted","no"
NA,"World","Forage products; fibre crops; plants used in perfumery, pharmacy, or for insecticidal, fungicidal or similar purposes; beet, forage plant and flower seeds; natural rubber; living plants, cut flowers and flower buds; unmanufactured tobacco; other raw vegetable materials","Area harvested","ha",2018,153333,"Kenaf, and other textile bast fibres, raw or retted","no"
NA,"World","Forage products; fibre crops; plants used in perfumery, pharmacy, or for insecticidal, fungicidal or similar purposes; beet, forage plant and flower seeds; natural rubber; living plants, cut flowers and flower buds; unmanufactured tobacco; other raw vegetable materials","Area harvested","ha",2019,154174,"Kenaf, and other textile bast fibres, raw or retted","no"
NA,"World","Forage products; fibre crops; plants used in perfumery, pharmacy, or for insecticidal, fungicidal or similar purposes; beet, forage plant and flower seeds; natural rubber; living plants, cut flowers and flower buds; unmanufactured tobacco; other raw vegetable materials","Area harvested","ha",2020,153633,"Kenaf, and other textile bast fibres, raw or retted","no"
NA,"World","Forage products; fibre crops; plants used in perfumery, pharmacy, or for insecticidal, fungicidal or similar purposes; beet, forage plant and flower seeds; natural rubber; living plants, cut flowers and flower buds; unmanufactured tobacco; other raw vegetable materials","Area harvested","ha",2021,152706,"Kenaf, and other textile bast fibres, raw or retted","no"
NA,"World","Forage products; fibre crops; plants used in perfumery, pharmacy, or for insecticidal, fungicidal or similar purposes; beet, forage plant and flower seeds; natural rubber; living plants, cut flowers and flower buds; unmanufactured tobacco; other raw vegetable materials","Area harvested","ha",2022,152956,"Kenaf, and other textile bast fibres, raw or retted","no"
NA,"World","Forage products; fibre crops; plants used in perfumery, pharmacy, or for insecticidal, fungicidal or similar purposes; beet, forage plant and flower seeds; natural rubber; living plants, cut flowers and flower buds; unmanufactured tobacco; other raw vegetable materials","Area harvested","ha",2023,153443,"Kenaf, and other textile bast fibres, raw or retted","no"
NA,"World","Forage products; fibre crops; plants used in perfumery, pharmacy, or for insecticidal, fungicidal or similar purposes; beet, forage plant and flower seeds; natural rubber; living plants, cut flowers and flower buds; unmanufactured tobacco; other raw vegetable materials","Yield","kg/ha",1992,1378.3,"Kenaf, and other textile bast fibres, raw or retted","no"
NA,"World","Forage products; fibre crops; plants used in perfumery, pharmacy, or for insecticidal, fungicidal or similar purposes; beet, forage plant and flower seeds; natural rubber; living plants, cut flowers and flower buds; unmanufactured tobacco; other raw vegetable materials","Yield","kg/ha",1993,1473.7,"Kenaf, and other textile bast fibres, raw or retted","no"
NA,"World","Forage products; fibre crops; plants used in perfumery, pharmacy, or for insecticidal, fungicidal or similar purposes; beet, forage plant and flower seeds; natural rubber; living plants, cut flowers and flower buds; unmanufactured tobacco; other raw vegetable materials","Yield","kg/ha",1994,1342.5,"Kenaf, and other textile bast fibres, raw or retted","no"
NA,"World","Forage products; fibre crops; plants used in perfumery, pharmacy, or for insecticidal, fungicidal or similar purposes; beet, forage plant and flower seeds; natural rubber; living plants, cut flowers and flower buds; unmanufactured tobacco; other raw vegetable materials","Yield","kg/ha",1995,1381.6,"Kenaf, and other textile bast fibres, raw or retted","no"
NA,"World","Forage products; fibre crops; plants used in perfumery, pharmacy, or for insecticidal, fungicidal or similar purposes; beet, forage plant and flower seeds; natural rubber; living plants, cut flowers and flower buds; unmanufactured tobacco; other raw vegetable materials","Yield","kg/ha",1996,1637.4,"Kenaf, and other textile bast fibres, raw or retted","no"
NA,"World","Forage products; fibre crops; plants used in perfumery, pharmacy, or for insecticidal, fungicidal or similar purposes; beet, forage plant and flower seeds; natural rubber; living plants, cut flowers and flower buds; unmanufactured tobacco; other raw vegetable materials","Yield","kg/ha",1997,1519.9,"Kenaf, and other textile bast fibres, raw or retted","no"
NA,"World","Forage products; fibre crops; plants used in perfumery, pharmacy, or for insecticidal, fungicidal or similar purposes; beet, forage plant and flower seeds; natural rubber; living plants, cut flowers and flower buds; unmanufactured tobacco; other raw vegetable materials","Yield","kg/ha",1998,1436.4,"Kenaf, and other textile bast fibres, raw or retted","no"
NA,"World","Forage products; fibre crops; plants used in perfumery, pharmacy, or for insecticidal, fungicidal or similar purposes; beet, forage plant and flower seeds; natural rubber; living plants, cut flowers and flower buds; unmanufactured tobacco; other raw vegetable materials","Yield","kg/ha",1999,1376.7,"Kenaf, and other textile bast fibres, raw or retted","no"
NA,"World","Forage products; fibre crops; plants used in perfumery, pharmacy, or for insecticidal, fungicidal or similar purposes; beet, forage plant and flower seeds; natural rubber; living plants, cut flowers and flower buds; unmanufactured tobacco; other raw vegetable materials","Yield","kg/ha",2000,1326.1,"Kenaf, and other textile bast fibres, raw or retted","no"
NA,"World","Forage products; fibre crops; plants used in perfumery, pharmacy, or for insecticidal, fungicidal or similar purposes; beet, forage plant and flower seeds; natural rubber; living plants, cut flowers and flower buds; unmanufactured tobacco; other raw vegetable materials","Yield","kg/ha",2001,1357.3,"Kenaf, and other textile bast fibres, raw or retted","no"
NA,"World","Forage products; fibre crops; plants used in perfumery, pharmacy, or for insecticidal, fungicidal or similar purposes; beet, forage plant and flower seeds; natural rubber; living plants, cut flowers and flower buds; unmanufactured tobacco; other raw vegetable materials","Yield","kg/ha",2002,1410.3,"Kenaf, and other textile bast fibres, raw or retted","no"
NA,"World","Forage products; fibre crops; plants used in perfumery, pharmacy, or for insecticidal, fungicidal or similar purposes; beet, forage plant and flower seeds; natural rubber; living plants, cut flowers and flower buds; unmanufactured tobacco; other raw vegetable materials","Yield","kg/ha",2003,1283,"Kenaf, and other textile bast fibres, raw or retted","no"
NA,"World","Forage products; fibre crops; plants used in perfumery, pharmacy, or for insecticidal, fungicidal or similar purposes; beet, forage plant and flower seeds; natural rubber; living plants, cut flowers and flower buds; unmanufactured tobacco; other raw vegetable materials","Yield","kg/ha",2004,1318.2,"Kenaf, and other textile bast fibres, raw or retted","no"
NA,"World","Forage products; fibre crops; plants used in perfumery, pharmacy, or for insecticidal, fungicidal or similar purposes; beet, forage plant and flower seeds; natural rubber; living plants, cut flowers and flower buds; unmanufactured tobacco; other raw vegetable materials","Yield","kg/ha",2005,1353.3,"Kenaf, and other textile bast fibres, raw or retted","no"
NA,"World","Forage products; fibre crops; plants used in perfumery, pharmacy, or for insecticidal, fungicidal or similar purposes; beet, forage plant and flower seeds; natural rubber; living plants, cut flowers and flower buds; unmanufactured tobacco; other raw vegetable materials","Yield","kg/ha",2006,1398.8,"Kenaf, and other textile bast fibres, raw or retted","no"
NA,"World","Forage products; fibre crops; plants used in perfumery, pharmacy, or for insecticidal, fungicidal or similar purposes; beet, forage plant and flower seeds; natural rubber; living plants, cut flowers and flower buds; unmanufactured tobacco; other raw vegetable materials","Yield","kg/ha",2007,1438.7,"Kenaf, and other textile bast fibres, raw or retted","no"
NA,"World","Forage products; fibre crops; plants used in perfumery, pharmacy, or for insecticidal, fungicidal or similar purposes; beet, forage plant and flower seeds; natural rubber; living plants, cut flowers and flower buds; unmanufactured tobacco; other raw vegetable materials","Yield","kg/ha",2008,1527.7,"Kenaf, and other textile bast fibres, raw or retted","no"
NA,"World","Forage products; fibre crops; plants used in perfumery, pharmacy, or for insecticidal, fungicidal or similar purposes; beet, forage plant and flower seeds; natural rubber; living plants, cut flowers and flower buds; unmanufactured tobacco; other raw vegetable materials","Yield","kg/ha",2009,1412.1,"Kenaf, and other textile bast fibres, raw or retted","no"
NA,"World","Forage products; fibre crops; plants used in perfumery, pharmacy, or for insecticidal, fungicidal or similar purposes; beet, forage plant and flower seeds; natural rubber; living plants, cut flowers and flower buds; unmanufactured tobacco; other raw vegetable materials","Yield","kg/ha",2010,1461.7,"Kenaf, and other textile bast fibres, raw or retted","no"
NA,"World","Forage products; fibre crops; plants used in perfumery, pharmacy, or for insecticidal, fungicidal or similar purposes; beet, forage plant and flower seeds; natural rubber; living plants, cut flowers and flower buds; unmanufactured tobacco; other raw vegetable materials","Yield","kg/ha",2011,1563.1,"Kenaf, and other textile bast fibres, raw or retted","no"
NA,"World","Forage products; fibre crops; plants used in perfumery, pharmacy, or for insecticidal, fungicidal or similar purposes; beet, forage plant and flower seeds; natural rubber; living plants, cut flowers and flower buds; unmanufactured tobacco; other raw vegetable materials","Yield","kg/ha",2012,1574.6,"Kenaf, and other textile bast fibres, raw or retted","no"
NA,"World","Forage products; fibre crops; plants used in perfumery, pharmacy, or for insecticidal, fungicidal or similar purposes; beet, forage plant and flower seeds; natural rubber; living plants, cut flowers and flower buds; unmanufactured tobacco; other raw vegetable materials","Yield","kg/ha",2013,1427,"Kenaf, and other textile bast fibres, raw or retted","no"
NA,"World","Forage products; fibre crops; plants used in perfumery, pharmacy, or for insecticidal, fungicidal or similar purposes; beet, forage plant and flower seeds; natural rubber; living plants, cut flowers and flower buds; unmanufactured tobacco; other raw vegetable materials","Yield","kg/ha",2014,1495.2,"Kenaf, and other textile bast fibres, raw or retted","no"
NA,"World","Forage products; fibre crops; plants used in perfumery, pharmacy, or for insecticidal, fungicidal or similar purposes; beet, forage plant and flower seeds; natural rubber; living plants, cut flowers and flower buds; unmanufactured tobacco; other raw vegetable materials","Yield","kg/ha",2015,1510.9,"Kenaf, and other textile bast fibres, raw or retted","no"
NA,"World","Forage products; fibre crops; plants used in perfumery, pharmacy, or for insecticidal, fungicidal or similar purposes; beet, forage plant and flower seeds; natural rubber; living plants, cut flowers and flower buds; unmanufactured tobacco; other raw vegetable materials","Yield","kg/ha",2016,1472.2,"Kenaf, and other textile bast fibres, raw or retted","no"
NA,"World","Forage products; fibre crops; plants used in perfumery, pharmacy, or for insecticidal, fungicidal or similar purposes; beet, forage plant and flower seeds; natural rubber; living plants, cut flowers and flower buds; unmanufactured tobacco; other raw vegetable materials","Yield","kg/ha",2017,1453.7,"Kenaf, and other textile bast fibres, raw or retted","no"
NA,"World","Forage products; fibre crops; plants used in perfumery, pharmacy, or for insecticidal, fungicidal or similar purposes; beet, forage plant and flower seeds; natural rubber; living plants, cut flowers and flower buds; unmanufactured tobacco; other raw vegetable materials","Yield","kg/ha",2018,1516.1,"Kenaf, and other textile bast fibres, raw or retted","no"
NA,"World","Forage products; fibre crops; plants used in perfumery, pharmacy, or for insecticidal, fungicidal or similar purposes; beet, forage plant and flower seeds; natural rubber; living plants, cut flowers and flower buds; unmanufactured tobacco; other raw vegetable materials","Yield","kg/ha",2019,1492.9,"Kenaf, and other textile bast fibres, raw or retted","no"
NA,"World","Forage products; fibre crops; plants used in perfumery, pharmacy, or for insecticidal, fungicidal or similar purposes; beet, forage plant and flower seeds; natural rubber; living plants, cut flowers and flower buds; unmanufactured tobacco; other raw vegetable materials","Yield","kg/ha",2020,1498.4,"Kenaf, and other textile bast fibres, raw or retted","no"
NA,"World","Forage products; fibre crops; plants used in perfumery, pharmacy, or for insecticidal, fungicidal or similar purposes; beet, forage plant and flower seeds; natural rubber; living plants, cut flowers and flower buds; unmanufactured tobacco; other raw vegetable materials","Yield","kg/ha",2021,1485.5,"Kenaf, and other textile bast fibres, raw or retted","no"
NA,"World","Forage products; fibre crops; plants used in perfumery, pharmacy, or for insecticidal, fungicidal or similar purposes; beet, forage plant and flower seeds; natural rubber; living plants, cut flowers and flower buds; unmanufactured tobacco; other raw vegetable materials","Yield","kg/ha",2022,1475.7,"Kenaf, and other textile bast fibres, raw or retted","no"
NA,"World","Forage products; fibre crops; plants used in perfumery, pharmacy, or for insecticidal, fungicidal or similar purposes; beet, forage plant and flower seeds; natural rubber; living plants, cut flowers and flower buds; unmanufactured tobacco; other raw vegetable materials","Yield","kg/ha",2023,1485.3,"Kenaf, and other textile bast fibres, raw or retted","no"
NA,"World","Forage products; fibre crops; plants used in perfumery, pharmacy, or for insecticidal, fungicidal or similar purposes; beet, forage plant and flower seeds; natural rubber; living plants, cut flowers and flower buds; unmanufactured tobacco; other raw vegetable materials","Production","t",1992,768878.9,"Kenaf, and other textile bast fibres, raw or retted","no"
NA,"World","Forage products; fibre crops; plants used in perfumery, pharmacy, or for insecticidal, fungicidal or similar purposes; beet, forage plant and flower seeds; natural rubber; living plants, cut flowers and flower buds; unmanufactured tobacco; other raw vegetable materials","Production","t",1993,784882.08,"Kenaf, and other textile bast fibres, raw or retted","no"
NA,"World","Forage products; fibre crops; plants used in perfumery, pharmacy, or for insecticidal, fungicidal or similar purposes; beet, forage plant and flower seeds; natural rubber; living plants, cut flowers and flower buds; unmanufactured tobacco; other raw vegetable materials","Production","t",1994,643344.79,"Kenaf, and other textile bast fibres, raw or retted","no"
NA,"World","Forage products; fibre crops; plants used in perfumery, pharmacy, or for insecticidal, fungicidal or similar purposes; beet, forage plant and flower seeds; natural rubber; living plants, cut flowers and flower buds; unmanufactured tobacco; other raw vegetable materials","Production","t",1995,623777.32,"Kenaf, and other textile bast fibres, raw or retted","no"
NA,"World","Forage products; fibre crops; plants used in perfumery, pharmacy, or for insecticidal, fungicidal or similar purposes; beet, forage plant and flower seeds; natural rubber; living plants, cut flowers and flower buds; unmanufactured tobacco; other raw vegetable materials","Production","t",1996,654243.16,"Kenaf, and other textile bast fibres, raw or retted","no"
NA,"World","Forage products; fibre crops; plants used in perfumery, pharmacy, or for insecticidal, fungicidal or similar purposes; beet, forage plant and flower seeds; natural rubber; living plants, cut flowers and flower buds; unmanufactured tobacco; other raw vegetable materials","Production","t",1997,583544.85,"Kenaf, and other textile bast fibres, raw or retted","no"
NA,"World","Forage products; fibre crops; plants used in perfumery, pharmacy, or for insecticidal, fungicidal or similar purposes; beet, forage plant and flower seeds; natural rubber; living plants, cut flowers and flower buds; unmanufactured tobacco; other raw vegetable materials","Production","t",1998,453581.66,"Kenaf, and other textile bast fibres, raw or retted","no"
NA,"World","Forage products; fibre crops; plants used in perfumery, pharmacy, or for insecticidal, fungicidal or similar purposes; beet, forage plant and flower seeds; natural rubber; living plants, cut flowers and flower buds; unmanufactured tobacco; other raw vegetable materials","Production","t",1999,413861.94,"Kenaf, and other textile bast fibres, raw or retted","no"
NA,"World","Forage products; fibre crops; plants used in perfumery, pharmacy, or for insecticidal, fungicidal or similar purposes; beet, forage plant and flower seeds; natural rubber; living plants, cut flowers and flower buds; unmanufactured tobacco; other raw vegetable materials","Production","t",2000,406833.01,"Kenaf, and other textile bast fibres, raw or retted","no"
NA,"World","Forage products; fibre crops; plants used in perfumery, pharmacy, or for insecticidal, fungicidal or similar purposes; beet, forage plant and flower seeds; natural rubber; living plants, cut flowers and flower buds; unmanufactured tobacco; other raw vegetable materials","Production","t",2001,444398.58,"Kenaf, and other textile bast fibres, raw or retted","no"
NA,"World","Forage products; fibre crops; plants used in perfumery, pharmacy, or for insecticidal, fungicidal or similar purposes; beet, forage plant and flower seeds; natural rubber; living plants, cut flowers and flower buds; unmanufactured tobacco; other raw vegetable materials","Production","t",2002,398265.27,"Kenaf, and other textile bast fibres, raw or retted","no"
NA,"World","Forage products; fibre crops; plants used in perfumery, pharmacy, or for insecticidal, fungicidal or similar purposes; beet, forage plant and flower seeds; natural rubber; living plants, cut flowers and flower buds; unmanufactured tobacco; other raw vegetable materials","Production","t",2003,356126.2,"Kenaf, and other textile bast fibres, raw or retted","no"
NA,"World","Forage products; fibre crops; plants used in perfumery, pharmacy, or for insecticidal, fungicidal or similar purposes; beet, forage plant and flower seeds; natural rubber; living plants, cut flowers and flower buds; unmanufactured tobacco; other raw vegetable materials","Production","t",2004,344735.44,"Kenaf, and other textile bast fibres, raw or retted","no"
NA,"World","Forage products; fibre crops; plants used in perfumery, pharmacy, or for insecticidal, fungicidal or similar purposes; beet, forage plant and flower seeds; natural rubber; living plants, cut flowers and flower buds; unmanufactured tobacco; other raw vegetable materials","Production","t",2005,339803.3,"Kenaf, and other textile bast fibres, raw or retted","no"
NA,"World","Forage products; fibre crops; plants used in perfumery, pharmacy, or for insecticidal, fungicidal or similar purposes; beet, forage plant and flower seeds; natural rubber; living plants, cut flowers and flower buds; unmanufactured tobacco; other raw vegetable materials","Production","t",2006,340817.19,"Kenaf, and other textile bast fibres, raw or retted","no"
NA,"World","Forage products; fibre crops; plants used in perfumery, pharmacy, or for insecticidal, fungicidal or similar purposes; beet, forage plant and flower seeds; natural rubber; living plants, cut flowers and flower buds; unmanufactured tobacco; other raw vegetable materials","Production","t",2007,364157.82,"Kenaf, and other textile bast fibres, raw or retted","no"
NA,"World","Forage products; fibre crops; plants used in perfumery, pharmacy, or for insecticidal, fungicidal or similar purposes; beet, forage plant and flower seeds; natural rubber; living plants, cut flowers and flower buds; unmanufactured tobacco; other raw vegetable materials","Production","t",2008,347568.13,"Kenaf, and other textile bast fibres, raw or retted","no"
NA,"World","Forage products; fibre crops; plants used in perfumery, pharmacy, or for insecticidal, fungicidal or similar purposes; beet, forage plant and flower seeds; natural rubber; living plants, cut flowers and flower buds; unmanufactured tobacco; other raw vegetable materials","Production","t",2009,295750.35,"Kenaf, and other textile bast fibres, raw or retted","no"
NA,"World","Forage products; fibre crops; plants used in perfumery, pharmacy, or for insecticidal, fungicidal or similar purposes; beet, forage plant and flower seeds; natural rubber; living plants, cut flowers and flower buds; unmanufactured tobacco; other raw vegetable materials","Production","t",2010,253502.83,"Kenaf, and other textile bast fibres, raw or retted","no"
NA,"World","Forage products; fibre crops; plants used in perfumery, pharmacy, or for insecticidal, fungicidal or similar purposes; beet, forage plant and flower seeds; natural rubber; living plants, cut flowers and flower buds; unmanufactured tobacco; other raw vegetable materials","Production","t",2011,275704.23,"Kenaf, and other textile bast fibres, raw or retted","no"
NA,"World","Forage products; fibre crops; plants used in perfumery, pharmacy, or for insecticidal, fungicidal or similar purposes; beet, forage plant and flower seeds; natural rubber; living plants, cut flowers and flower buds; unmanufactured tobacco; other raw vegetable materials","Production","t",2012,261372.35,"Kenaf, and other textile bast fibres, raw or retted","no"
NA,"World","Forage products; fibre crops; plants used in perfumery, pharmacy, or for insecticidal, fungicidal or similar purposes; beet, forage plant and flower seeds; natural rubber; living plants, cut flowers and flower buds; unmanufactured tobacco; other raw vegetable materials","Production","t",2013,252580.38,"Kenaf, and other textile bast fibres, raw or retted","no"
NA,"World","Forage products; fibre crops; plants used in perfumery, pharmacy, or for insecticidal, fungicidal or similar purposes; beet, forage plant and flower seeds; natural rubber; living plants, cut flowers and flower buds; unmanufactured tobacco; other raw vegetable materials","Production","t",2014,240230.8,"Kenaf, and other textile bast fibres, raw or retted","no"
NA,"World","Forage products; fibre crops; plants used in perfumery, pharmacy, or for insecticidal, fungicidal or similar purposes; beet, forage plant and flower seeds; natural rubber; living plants, cut flowers and flower buds; unmanufactured tobacco; other raw vegetable materials","Production","t",2015,233473.33,"Kenaf, and other textile bast fibres, raw or retted","no"
NA,"World","Forage products; fibre crops; plants used in perfumery, pharmacy, or for insecticidal, fungicidal or similar purposes; beet, forage plant and flower seeds; natural rubber; living plants, cut flowers and flower buds; unmanufactured tobacco; other raw vegetable materials","Production","t",2016,234781.94,"Kenaf, and other textile bast fibres, raw or retted","no"
NA,"World","Forage products; fibre crops; plants used in perfumery, pharmacy, or for insecticidal, fungicidal or similar purposes; beet, forage plant and flower seeds; natural rubber; living plants, cut flowers and flower buds; unmanufactured tobacco; other raw vegetable materials","Production","t",2017,223736.55,"Kenaf, and other textile bast fibres, raw or retted","no"
NA,"World","Forage products; fibre crops; plants used in perfumery, pharmacy, or for insecticidal, fungicidal or similar purposes; beet, forage plant and flower seeds; natural rubber; living plants, cut flowers and flower buds; unmanufactured tobacco; other raw vegetable materials","Production","t",2018,232467.87,"Kenaf, and other textile bast fibres, raw or retted","no"
NA,"World","Forage products; fibre crops; plants used in perfumery, pharmacy, or for insecticidal, fungicidal or similar purposes; beet, forage plant and flower seeds; natural rubber; living plants, cut flowers and flower buds; unmanufactured tobacco; other raw vegetable materials","Production","t",2019,230166.48,"Kenaf, and other textile bast fibres, raw or retted","no"
NA,"World","Forage products; fibre crops; plants used in perfumery, pharmacy, or for insecticidal, fungicidal or similar purposes; beet, forage plant and flower seeds; natural rubber; living plants, cut flowers and flower buds; unmanufactured tobacco; other raw vegetable materials","Production","t",2020,230198.36,"Kenaf, and other textile bast fibres, raw or retted","no"
NA,"World","Forage products; fibre crops; plants used in perfumery, pharmacy, or for insecticidal, fungicidal or similar purposes; beet, forage plant and flower seeds; natural rubber; living plants, cut flowers and flower buds; unmanufactured tobacco; other raw vegetable materials","Production","t",2021,226838.84,"Kenaf, and other textile bast fibres, raw or retted","no"
NA,"World","Forage products; fibre crops; plants used in perfumery, pharmacy, or for insecticidal, fungicidal or similar purposes; beet, forage plant and flower seeds; natural rubber; living plants, cut flowers and flower buds; unmanufactured tobacco; other raw vegetable materials","Production","t",2022,225723.94,"Kenaf, and other textile bast fibres, raw or retted","no"
NA,"World","Forage products; fibre crops; plants used in perfumery, pharmacy, or for insecticidal, fungicidal or similar purposes; beet, forage plant and flower seeds; natural rubber; living plants, cut flowers and flower buds; unmanufactured tobacco; other raw vegetable materials","Production","t",2023,227908.22,"Kenaf, and other textile bast fibres, raw or retted","no"
NA,"World","Fruits and nuts","Area harvested","ha",1992,64978,"Kiwi fruit","no"
NA,"World","Fruits and nuts","Area harvested","ha",1993,60468,"Kiwi fruit","no"
NA,"World","Fruits and nuts","Area harvested","ha",1994,61443,"Kiwi fruit","no"
NA,"World","Fruits and nuts","Area harvested","ha",1995,59552,"Kiwi fruit","no"
NA,"World","Fruits and nuts","Area harvested","ha",1996,56948,"Kiwi fruit","no"
NA,"World","Fruits and nuts","Area harvested","ha",1997,54756,"Kiwi fruit","no"
NA,"World","Fruits and nuts","Area harvested","ha",1998,53901,"Kiwi fruit","no"
NA,"World","Fruits and nuts","Area harvested","ha",1999,54347,"Kiwi fruit","no"
NA,"World","Fruits and nuts","Area harvested","ha",2000,127032,"Kiwi fruit","no"
NA,"World","Fruits and nuts","Area harvested","ha",2001,129836,"Kiwi fruit","no"
NA,"World","Fruits and nuts","Area harvested","ha",2002,136092,"Kiwi fruit","no"
NA,"World","Fruits and nuts","Area harvested","ha",2003,139069,"Kiwi fruit","no"
NA,"World","Fruits and nuts","Area harvested","ha",2004,144238,"Kiwi fruit","no"
NA,"World","Fruits and nuts","Area harvested","ha",2005,146424,"Kiwi fruit","no"
NA,"World","Fruits and nuts","Area harvested","ha",2006,151115,"Kiwi fruit","no"
NA,"World","Fruits and nuts","Area harvested","ha",2007,156593,"Kiwi fruit","no"
NA,"World","Fruits and nuts","Area harvested","ha",2008,161844,"Kiwi fruit","no"
NA,"World","Fruits and nuts","Area harvested","ha",2009,168467,"Kiwi fruit","no"
NA,"World","Fruits and nuts","Area harvested","ha",2010,172279,"Kiwi fruit","no"
NA,"World","Fruits and nuts","Area harvested","ha",2011,175801,"Kiwi fruit","no"
NA,"World","Fruits and nuts","Area harvested","ha",2012,186336,"Kiwi fruit","no"
NA,"World","Fruits and nuts","Area harvested","ha",2013,239680,"Kiwi fruit","no"
NA,"World","Fruits and nuts","Area harvested","ha",2014,224105,"Kiwi fruit","no"
NA,"World","Fruits and nuts","Area harvested","ha",2015,263002,"Kiwi fruit","no"
NA,"World","Fruits and nuts","Area harvested","ha",2016,251548,"Kiwi fruit","no"
NA,"World","Fruits and nuts","Area harvested","ha",2017,249999,"Kiwi fruit","no"
NA,"World","Fruits and nuts","Area harvested","ha",2018,260374,"Kiwi fruit","no"
NA,"World","Fruits and nuts","Area harvested","ha",2019,266972,"Kiwi fruit","no"
NA,"World","Fruits and nuts","Area harvested","ha",2020,275247,"Kiwi fruit","no"
NA,"World","Fruits and nuts","Area harvested","ha",2021,281775,"Kiwi fruit","no"
NA,"World","Fruits and nuts","Area harvested","ha",2022,282149,"Kiwi fruit","no"
NA,"World","Fruits and nuts","Area harvested","ha",2023,286348,"Kiwi fruit","no"
NA,"World","Fruits and nuts","Yield","kg/ha",1992,15210.2,"Kiwi fruit","no"
NA,"World","Fruits and nuts","Yield","kg/ha",1993,14949.9,"Kiwi fruit","no"
NA,"World","Fruits and nuts","Yield","kg/ha",1994,15420.8,"Kiwi fruit","no"
NA,"World","Fruits and nuts","Yield","kg/ha",1995,15379.4,"Kiwi fruit","no"
NA,"World","Fruits and nuts","Yield","kg/ha",1996,17141.8,"Kiwi fruit","no"
NA,"World","Fruits and nuts","Yield","kg/ha",1997,16476.8,"Kiwi fruit","no"
NA,"World","Fruits and nuts","Yield","kg/ha",1998,16948.4,"Kiwi fruit","no"
NA,"World","Fruits and nuts","Yield","kg/ha",1999,17381.6,"Kiwi fruit","no"
NA,"World","Fruits and nuts","Yield","kg/ha",2000,14864.4,"Kiwi fruit","no"
NA,"World","Fruits and nuts","Yield","kg/ha",2001,15265.4,"Kiwi fruit","no"
NA,"World","Fruits and nuts","Yield","kg/ha",2002,14972,"Kiwi fruit","no"
NA,"World","Fruits and nuts","Yield","kg/ha",2003,14520.3,"Kiwi fruit","no"
NA,"World","Fruits and nuts","Yield","kg/ha",2004,15959.6,"Kiwi fruit","no"
NA,"World","Fruits and nuts","Yield","kg/ha",2005,15979.5,"Kiwi fruit","no"
NA,"World","Fruits and nuts","Yield","kg/ha",2006,16619.1,"Kiwi fruit","no"
NA,"World","Fruits and nuts","Yield","kg/ha",2007,16279.8,"Kiwi fruit","no"
NA,"World","Fruits and nuts","Yield","kg/ha",2008,16960.9,"Kiwi fruit","no"
NA,"World","Fruits and nuts","Yield","kg/ha",2009,16576.2,"Kiwi fruit","no"
NA,"World","Fruits and nuts","Yield","kg/ha",2010,16469.2,"Kiwi fruit","no"
NA,"World","Fruits and nuts","Yield","kg/ha",2011,16542.6,"Kiwi fruit","no"
NA,"World","Fruits and nuts","Yield","kg/ha",2012,16380.9,"Kiwi fruit","no"
NA,"World","Fruits and nuts","Yield","kg/ha",2013,14436.8,"Kiwi fruit","no"
NA,"World","Fruits and nuts","Yield","kg/ha",2014,16163.6,"Kiwi fruit","no"
NA,"World","Fruits and nuts","Yield","kg/ha",2015,15441.3,"Kiwi fruit","no"
NA,"World","Fruits and nuts","Yield","kg/ha",2016,15600.8,"Kiwi fruit","no"
NA,"World","Fruits and nuts","Yield","kg/ha",2017,15959.7,"Kiwi fruit","no"
NA,"World","Fruits and nuts","Yield","kg/ha",2018,16283,"Kiwi fruit","no"
NA,"World","Fruits and nuts","Yield","kg/ha",2019,16175,"Kiwi fruit","no"
NA,"World","Fruits and nuts","Yield","kg/ha",2020,16256.5,"Kiwi fruit","no"
NA,"World","Fruits and nuts","Yield","kg/ha",2021,15881.3,"Kiwi fruit","no"
NA,"World","Fruits and nuts","Yield","kg/ha",2022,16091.8,"Kiwi fruit","no"
NA,"World","Fruits and nuts","Yield","kg/ha",2023,15481.4,"Kiwi fruit","no"
NA,"World","Fruits and nuts","Production","t",1992,988319.79,"Kiwi fruit","no"
NA,"World","Fruits and nuts","Production","t",1993,903987.9,"Kiwi fruit","no"
NA,"World","Fruits and nuts","Production","t",1994,947493.75,"Kiwi fruit","no"
NA,"World","Fruits and nuts","Production","t",1995,915865.66,"Kiwi fruit","no"
NA,"World","Fruits and nuts","Production","t",1996,976190.55,"Kiwi fruit","no"
NA,"World","Fruits and nuts","Production","t",1997,902203.49,"Kiwi fruit","no"
NA,"World","Fruits and nuts","Production","t",1998,913541.66,"Kiwi fruit","no"
NA,"World","Fruits and nuts","Production","t",1999,944641.48,"Kiwi fruit","no"
NA,"World","Fruits and nuts","Production","t",2000,1888254.46,"Kiwi fruit","no"
NA,"World","Fruits and nuts","Production","t",2001,1981996.9,"Kiwi fruit","no"
NA,"World","Fruits and nuts","Production","t",2002,2037571.67,"Kiwi fruit","no"
NA,"World","Fruits and nuts","Production","t",2003,2019319.35,"Kiwi fruit","no"
NA,"World","Fruits and nuts","Production","t",2004,2301971.62,"Kiwi fruit","no"
NA,"World","Fruits and nuts","Production","t",2005,2339791.18,"Kiwi fruit","no"
NA,"World","Fruits and nuts","Production","t",2006,2511397.43,"Kiwi fruit","no"
NA,"World","Fruits and nuts","Production","t",2007,2549311.09,"Kiwi fruit","no"
NA,"World","Fruits and nuts","Production","t",2008,2745006.06,"Kiwi fruit","no"
NA,"World","Fruits and nuts","Production","t",2009,2792538.99,"Kiwi fruit","no"
NA,"World","Fruits and nuts","Production","t",2010,2837309.52,"Kiwi fruit","no"
NA,"World","Fruits and nuts","Production","t",2011,2908199.35,"Kiwi fruit","no"
NA,"World","Fruits and nuts","Production","t",2012,3052347.69,"Kiwi fruit","no"
NA,"World","Fruits and nuts","Production","t",2013,3460218.46,"Kiwi fruit","no"
NA,"World","Fruits and nuts","Production","t",2014,3622338.41,"Kiwi fruit","no"
NA,"World","Fruits and nuts","Production","t",2015,4061076.14,"Kiwi fruit","no"
NA,"World","Fruits and nuts","Production","t",2016,3924345.72,"Kiwi fruit","no"
NA,"World","Fruits and nuts","Production","t",2017,3989893.01,"Kiwi fruit","no"
NA,"World","Fruits and nuts","Production","t",2018,4239652.95,"Kiwi fruit","no"
NA,"World","Fruits and nuts","Production","t",2019,4318263.18,"Kiwi fruit","no"
NA,"World","Fruits and nuts","Production","t",2020,4474552.96,"Kiwi fruit","no"
NA,"World","Fruits and nuts","Production","t",2021,4474946.43,"Kiwi fruit","no"
NA,"World","Fruits and nuts","Production","t",2022,4540281.21,"Kiwi fruit","no"
NA,"World","Fruits and nuts","Production","t",2023,4433060.2,"Kiwi fruit","no"
NA,"World","Fruits and nuts","Area harvested","ha",1992,342000,"Kola nuts","no"
NA,"World","Fruits and nuts","Area harvested","ha",1993,357000,"Kola nuts","no"
NA,"World","Fruits and nuts","Area harvested","ha",1994,368800,"Kola nuts","no"
NA,"World","Fruits and nuts","Area harvested","ha",1995,347127,"Kola nuts","no"
NA,"World","Fruits and nuts","Area harvested","ha",1996,354602,"Kola nuts","no"
NA,"World","Fruits and nuts","Area harvested","ha",1997,371933,"Kola nuts","no"
NA,"World","Fruits and nuts","Area harvested","ha",1998,397154,"Kola nuts","no"
NA,"World","Fruits and nuts","Area harvested","ha",1999,382118,"Kola nuts","no"
NA,"World","Fruits and nuts","Area harvested","ha",2000,384999,"Kola nuts","no"
NA,"World","Fruits and nuts","Area harvested","ha",2001,386905,"Kola nuts","no"
NA,"World","Fruits and nuts","Area harvested","ha",2002,386893,"Kola nuts","no"
NA,"World","Fruits and nuts","Area harvested","ha",2003,366976,"Kola nuts","no"
NA,"World","Fruits and nuts","Area harvested","ha",2004,381362,"Kola nuts","no"
NA,"World","Fruits and nuts","Area harvested","ha",2005,379692,"Kola nuts","no"
NA,"World","Fruits and nuts","Area harvested","ha",2006,380334,"Kola nuts","no"
NA,"World","Fruits and nuts","Area harvested","ha",2007,411281,"Kola nuts","no"
NA,"World","Fruits and nuts","Area harvested","ha",2008,437500,"Kola nuts","no"
NA,"World","Fruits and nuts","Area harvested","ha",2009,557854,"Kola nuts","no"
NA,"World","Fruits and nuts","Area harvested","ha",2010,559325,"Kola nuts","no"
NA,"World","Fruits and nuts","Area harvested","ha",2011,534041,"Kola nuts","no"
NA,"World","Fruits and nuts","Area harvested","ha",2012,522795,"Kola nuts","no"
NA,"World","Fruits and nuts","Area harvested","ha",2013,520009,"Kola nuts","no"
NA,"World","Fruits and nuts","Area harvested","ha",2014,555693,"Kola nuts","no"
NA,"World","Fruits and nuts","Area harvested","ha",2015,578603,"Kola nuts","no"
NA,"World","Fruits and nuts","Area harvested","ha",2016,549333,"Kola nuts","no"
NA,"World","Fruits and nuts","Area harvested","ha",2017,560678,"Kola nuts","no"
NA,"World","Fruits and nuts","Area harvested","ha",2018,553927,"Kola nuts","no"
NA,"World","Fruits and nuts","Area harvested","ha",2019,550078,"Kola nuts","no"
NA,"World","Fruits and nuts","Area harvested","ha",2020,524761,"Kola nuts","no"
NA,"World","Fruits and nuts","Area harvested","ha",2021,533077,"Kola nuts","no"
NA,"World","Fruits and nuts","Area harvested","ha",2022,587093,"Kola nuts","no"
NA,"World","Fruits and nuts","Area harvested","ha",2023,587674,"Kola nuts","no"
NA,"World","Fruits and nuts","Yield","kg/ha",1992,707.6,"Kola nuts","no"
NA,"World","Fruits and nuts","Yield","kg/ha",1993,715.1,"Kola nuts","no"
NA,"World","Fruits and nuts","Yield","kg/ha",1994,581.1,"Kola nuts","no"
NA,"World","Fruits and nuts","Yield","kg/ha",1995,570.5,"Kola nuts","no"
NA,"World","Fruits and nuts","Yield","kg/ha",1996,551.3,"Kola nuts","no"
NA,"World","Fruits and nuts","Yield","kg/ha",1997,574.9,"Kola nuts","no"
NA,"World","Fruits and nuts","Yield","kg/ha",1998,575.1,"Kola nuts","no"
NA,"World","Fruits and nuts","Yield","kg/ha",1999,569.5,"Kola nuts","no"
NA,"World","Fruits and nuts","Yield","kg/ha",2000,566.2,"Kola nuts","no"
NA,"World","Fruits and nuts","Yield","kg/ha",2001,566,"Kola nuts","no"
NA,"World","Fruits and nuts","Yield","kg/ha",2002,569.7,"Kola nuts","no"
NA,"World","Fruits and nuts","Yield","kg/ha",2003,561.7,"Kola nuts","no"
NA,"World","Fruits and nuts","Yield","kg/ha",2004,569.1,"Kola nuts","no"
NA,"World","Fruits and nuts","Yield","kg/ha",2005,587.7,"Kola nuts","no"
NA,"World","Fruits and nuts","Yield","kg/ha",2006,560.8,"Kola nuts","no"
NA,"World","Fruits and nuts","Yield","kg/ha",2007,562.5,"Kola nuts","no"
NA,"World","Fruits and nuts","Yield","kg/ha",2008,578.7,"Kola nuts","no"
NA,"World","Fruits and nuts","Yield","kg/ha",2009,530.7,"Kola nuts","no"
NA,"World","Fruits and nuts","Yield","kg/ha",2010,501.2,"Kola nuts","no"
NA,"World","Fruits and nuts","Yield","kg/ha",2011,521,"Kola nuts","no"
NA,"World","Fruits and nuts","Yield","kg/ha",2012,527.7,"Kola nuts","no"
NA,"World","Fruits and nuts","Yield","kg/ha",2013,517.6,"Kola nuts","no"
NA,"World","Fruits and nuts","Yield","kg/ha",2014,548.7,"Kola nuts","no"
NA,"World","Fruits and nuts","Yield","kg/ha",2015,552.5,"Kola nuts","no"
NA,"World","Fruits and nuts","Yield","kg/ha",2016,540.4,"Kola nuts","no"
NA,"World","Fruits and nuts","Yield","kg/ha",2017,546,"Kola nuts","no"
NA,"World","Fruits and nuts","Yield","kg/ha",2018,554.4,"Kola nuts","no"
NA,"World","Fruits and nuts","Yield","kg/ha",2019,562.4,"Kola nuts","no"
NA,"World","Fruits and nuts","Yield","kg/ha",2020,591,"Kola nuts","no"
NA,"World","Fruits and nuts","Yield","kg/ha",2021,586,"Kola nuts","no"
NA,"World","Fruits and nuts","Yield","kg/ha",2022,547.7,"Kola nuts","no"
NA,"World","Fruits and nuts","Yield","kg/ha",2023,558.3,"Kola nuts","no"
NA,"World","Fruits and nuts","Production","t",1992,242003.16,"Kola nuts","no"
NA,"World","Fruits and nuts","Production","t",1993,255283.82,"Kola nuts","no"
NA,"World","Fruits and nuts","Production","t",1994,214294.87,"Kola nuts","no"
NA,"World","Fruits and nuts","Production","t",1995,198036.8,"Kola nuts","no"
NA,"World","Fruits and nuts","Production","t",1996,195476.36,"Kola nuts","no"
NA,"World","Fruits and nuts","Production","t",1997,213806.89,"Kola nuts","no"
NA,"World","Fruits and nuts","Production","t",1998,228399.16,"Kola nuts","no"
NA,"World","Fruits and nuts","Production","t",1999,217606.88,"Kola nuts","no"
NA,"World","Fruits and nuts","Production","t",2000,218002.44,"Kola nuts","no"
NA,"World","Fruits and nuts","Production","t",2001,219001.19,"Kola nuts","no"
NA,"World","Fruits and nuts","Production","t",2002,220431.39,"Kola nuts","no"
NA,"World","Fruits and nuts","Production","t",2003,206134.54,"Kola nuts","no"
NA,"World","Fruits and nuts","Production","t",2004,217028.95,"Kola nuts","no"
NA,"World","Fruits and nuts","Production","t",2005,223147.3,"Kola nuts","no"
NA,"World","Fruits and nuts","Production","t",2006,213290.35,"Kola nuts","no"
NA,"World","Fruits and nuts","Production","t",2007,231347.15,"Kola nuts","no"
NA,"World","Fruits and nuts","Production","t",2008,253161.77,"Kola nuts","no"
NA,"World","Fruits and nuts","Production","t",2009,296036.66,"Kola nuts","no"
NA,"World","Fruits and nuts","Production","t",2010,280308.35,"Kola nuts","no"
NA,"World","Fruits and nuts","Production","t",2011,278231.53,"Kola nuts","no"
NA,"World","Fruits and nuts","Production","t",2012,275863.58,"Kola nuts","no"
NA,"World","Fruits and nuts","Production","t",2013,269179.26,"Kola nuts","no"
NA,"World","Fruits and nuts","Production","t",2014,304915.48,"Kola nuts","no"
NA,"World","Fruits and nuts","Production","t",2015,319694.7,"Kola nuts","no"
NA,"World","Fruits and nuts","Production","t",2016,296878.04,"Kola nuts","no"
NA,"World","Fruits and nuts","Production","t",2017,306152.39,"Kola nuts","no"
NA,"World","Fruits and nuts","Production","t",2018,307106.59,"Kola nuts","no"
NA,"World","Fruits and nuts","Production","t",2019,309384.6,"Kola nuts","no"
NA,"World","Fruits and nuts","Production","t",2020,310146.54,"Kola nuts","no"
NA,"World","Fruits and nuts","Production","t",2021,312406.05,"Kola nuts","no"
NA,"World","Fruits and nuts","Production","t",2022,321559.24,"Kola nuts","no"
NA,"World","Fruits and nuts","Production","t",2023,328074.79,"Kola nuts","no"
NA,"World","Vegetables","Area harvested","ha",1992,87124,"Leeks and other alliaceous vegetables","no"
NA,"World","Vegetables","Area harvested","ha",1993,92408,"Leeks and other alliaceous vegetables","no"
NA,"World","Vegetables","Area harvested","ha",1994,92005,"Leeks and other alliaceous vegetables","no"
NA,"World","Vegetables","Area harvested","ha",1995,92478,"Leeks and other alliaceous vegetables","no"
NA,"World","Vegetables","Area harvested","ha",1996,95935,"Leeks and other alliaceous vegetables","no"
NA,"World","Vegetables","Area harvested","ha",1997,95228,"Leeks and other alliaceous vegetables","no"
NA,"World","Vegetables","Area harvested","ha",1998,93851,"Leeks and other alliaceous vegetables","no"
NA,"World","Vegetables","Area harvested","ha",1999,93556,"Leeks and other alliaceous vegetables","no"
NA,"World","Vegetables","Area harvested","ha",2000,100080,"Leeks and other alliaceous vegetables","no"
NA,"World","Vegetables","Area harvested","ha",2001,97103,"Leeks and other alliaceous vegetables","no"
NA,"World","Vegetables","Area harvested","ha",2002,103966,"Leeks and other alliaceous vegetables","no"
NA,"World","Vegetables","Area harvested","ha",2003,105005,"Leeks and other alliaceous vegetables","no"
NA,"World","Vegetables","Area harvested","ha",2004,113411,"Leeks and other alliaceous vegetables","no"
NA,"World","Vegetables","Area harvested","ha",2005,116030,"Leeks and other alliaceous vegetables","no"
NA,"World","Vegetables","Area harvested","ha",2006,123804,"Leeks and other alliaceous vegetables","no"
NA,"World","Vegetables","Area harvested","ha",2007,119630,"Leeks and other alliaceous vegetables","no"
NA,"World","Vegetables","Area harvested","ha",2008,124791,"Leeks and other alliaceous vegetables","no"
NA,"World","Vegetables","Area harvested","ha",2009,116326,"Leeks and other alliaceous vegetables","no"
NA,"World","Vegetables","Area harvested","ha",2010,127266,"Leeks and other alliaceous vegetables","no"
NA,"World","Vegetables","Area harvested","ha",2011,130716,"Leeks and other alliaceous vegetables","no"
NA,"World","Vegetables","Area harvested","ha",2012,133097,"Leeks and other alliaceous vegetables","no"
NA,"World","Vegetables","Area harvested","ha",2013,128712,"Leeks and other alliaceous vegetables","no"
NA,"World","Vegetables","Area harvested","ha",2014,130009,"Leeks and other alliaceous vegetables","no"
NA,"World","Vegetables","Area harvested","ha",2015,126289,"Leeks and other alliaceous vegetables","no"
NA,"World","Vegetables","Area harvested","ha",2016,130489,"Leeks and other alliaceous vegetables","no"
NA,"World","Vegetables","Area harvested","ha",2017,135393,"Leeks and other alliaceous vegetables","no"
NA,"World","Vegetables","Area harvested","ha",2018,134746,"Leeks and other alliaceous vegetables","no"
NA,"World","Vegetables","Area harvested","ha",2019,132252,"Leeks and other alliaceous vegetables","no"
NA,"World","Vegetables","Area harvested","ha",2020,133301,"Leeks and other alliaceous vegetables","no"
NA,"World","Vegetables","Area harvested","ha",2021,134615,"Leeks and other alliaceous vegetables","no"
NA,"World","Vegetables","Area harvested","ha",2022,131988,"Leeks and other alliaceous vegetables","no"
NA,"World","Vegetables","Area harvested","ha",2023,127348,"Leeks and other alliaceous vegetables","no"
NA,"World","Vegetables","Yield","kg/ha",1992,17668.6,"Leeks and other alliaceous vegetables","no"
NA,"World","Vegetables","Yield","kg/ha",1993,17835.5,"Leeks and other alliaceous vegetables","no"
NA,"World","Vegetables","Yield","kg/ha",1994,18161.9,"Leeks and other alliaceous vegetables","no"
NA,"World","Vegetables","Yield","kg/ha",1995,18365.1,"Leeks and other alliaceous vegetables","no"
NA,"World","Vegetables","Yield","kg/ha",1996,17221,"Leeks and other alliaceous vegetables","no"
NA,"World","Vegetables","Yield","kg/ha",1997,16815.7,"Leeks and other alliaceous vegetables","no"
NA,"World","Vegetables","Yield","kg/ha",1998,16848.8,"Leeks and other alliaceous vegetables","no"
NA,"World","Vegetables","Yield","kg/ha",1999,18156.4,"Leeks and other alliaceous vegetables","no"
NA,"World","Vegetables","Yield","kg/ha",2000,16265.2,"Leeks and other alliaceous vegetables","no"
NA,"World","Vegetables","Yield","kg/ha",2001,16056.3,"Leeks and other alliaceous vegetables","no"
NA,"World","Vegetables","Yield","kg/ha",2002,15220.1,"Leeks and other alliaceous vegetables","no"
NA,"World","Vegetables","Yield","kg/ha",2003,16140.3,"Leeks and other alliaceous vegetables","no"
NA,"World","Vegetables","Yield","kg/ha",2004,16363.9,"Leeks and other alliaceous vegetables","no"
NA,"World","Vegetables","Yield","kg/ha",2005,17212.2,"Leeks and other alliaceous vegetables","no"
NA,"World","Vegetables","Yield","kg/ha",2006,16891,"Leeks and other alliaceous vegetables","no"
NA,"World","Vegetables","Yield","kg/ha",2007,16893.6,"Leeks and other alliaceous vegetables","no"
NA,"World","Vegetables","Yield","kg/ha",2008,16623,"Leeks and other alliaceous vegetables","no"
NA,"World","Vegetables","Yield","kg/ha",2009,17926.9,"Leeks and other alliaceous vegetables","no"
NA,"World","Vegetables","Yield","kg/ha",2010,16430.6,"Leeks and other alliaceous vegetables","no"
NA,"World","Vegetables","Yield","kg/ha",2011,16265.9,"Leeks and other alliaceous vegetables","no"
NA,"World","Vegetables","Yield","kg/ha",2012,16386.7,"Leeks and other alliaceous vegetables","no"
NA,"World","Vegetables","Yield","kg/ha",2013,16979.6,"Leeks and other alliaceous vegetables","no"
NA,"World","Vegetables","Yield","kg/ha",2014,16980.5,"Leeks and other alliaceous vegetables","no"
NA,"World","Vegetables","Yield","kg/ha",2015,16699,"Leeks and other alliaceous vegetables","no"
NA,"World","Vegetables","Yield","kg/ha",2016,16172.6,"Leeks and other alliaceous vegetables","no"
NA,"World","Vegetables","Yield","kg/ha",2017,15948,"Leeks and other alliaceous vegetables","no"
NA,"World","Vegetables","Yield","kg/ha",2018,15705.6,"Leeks and other alliaceous vegetables","no"
NA,"World","Vegetables","Yield","kg/ha",2019,16262.8,"Leeks and other alliaceous vegetables","no"
NA,"World","Vegetables","Yield","kg/ha",2020,16037,"Leeks and other alliaceous vegetables","no"
NA,"World","Vegetables","Yield","kg/ha",2021,16626,"Leeks and other alliaceous vegetables","no"
NA,"World","Vegetables","Yield","kg/ha",2022,15962.5,"Leeks and other alliaceous vegetables","no"
NA,"World","Vegetables","Yield","kg/ha",2023,16846.9,"Leeks and other alliaceous vegetables","no"
NA,"World","Vegetables","Production","t",1992,1539369.69,"Leeks and other alliaceous vegetables","no"
NA,"World","Vegetables","Production","t",1993,1648144.07,"Leeks and other alliaceous vegetables","no"
NA,"World","Vegetables","Production","t",1994,1670982.19,"Leeks and other alliaceous vegetables","no"
NA,"World","Vegetables","Production","t",1995,1698376.8,"Leeks and other alliaceous vegetables","no"
NA,"World","Vegetables","Production","t",1996,1652088.5,"Leeks and other alliaceous vegetables","no"
NA,"World","Vegetables","Production","t",1997,1601325.99,"Leeks and other alliaceous vegetables","no"
NA,"World","Vegetables","Production","t",1998,1581281.58,"Leeks and other alliaceous vegetables","no"
NA,"World","Vegetables","Production","t",1999,1698646.61,"Leeks and other alliaceous vegetables","no"
NA,"World","Vegetables","Production","t",2000,1627818.23,"Leeks and other alliaceous vegetables","no"
NA,"World","Vegetables","Production","t",2001,1559117.46,"Leeks and other alliaceous vegetables","no"
NA,"World","Vegetables","Production","t",2002,1582379.16,"Leeks and other alliaceous vegetables","no"
NA,"World","Vegetables","Production","t",2003,1694804.66,"Leeks and other alliaceous vegetables","no"
NA,"World","Vegetables","Production","t",2004,1855848.27,"Leeks and other alliaceous vegetables","no"
NA,"World","Vegetables","Production","t",2005,1997127.72,"Leeks and other alliaceous vegetables","no"
NA,"World","Vegetables","Production","t",2006,2091174.39,"Leeks and other alliaceous vegetables","no"
NA,"World","Vegetables","Production","t",2007,2020987.93,"Leeks and other alliaceous vegetables","no"
NA,"World","Vegetables","Production","t",2008,2074400.51,"Leeks and other alliaceous vegetables","no"
NA,"World","Vegetables","Production","t",2009,2085362.34,"Leeks and other alliaceous vegetables","no"
NA,"World","Vegetables","Production","t",2010,2091048.04,"Leeks and other alliaceous vegetables","no"
NA,"World","Vegetables","Production","t",2011,2126209.89,"Leeks and other alliaceous vegetables","no"
NA,"World","Vegetables","Production","t",2012,2181020.7,"Leeks and other alliaceous vegetables","no"
NA,"World","Vegetables","Production","t",2013,2185467.99,"Leeks and other alliaceous vegetables","no"
NA,"World","Vegetables","Production","t",2014,2207621.45,"Leeks and other alliaceous vegetables","no"
NA,"World","Vegetables","Production","t",2015,2108900.12,"Leeks and other alliaceous vegetables","no"
NA,"World","Vegetables","Production","t",2016,2110343.95,"Leeks and other alliaceous vegetables","no"
NA,"World","Vegetables","Production","t",2017,2159241.99,"Leeks and other alliaceous vegetables","no"
NA,"World","Vegetables","Production","t",2018,2116268.26,"Leeks and other alliaceous vegetables","no"
NA,"World","Vegetables","Production","t",2019,2150794.88,"Leeks and other alliaceous vegetables","no"
NA,"World","Vegetables","Production","t",2020,2137755.01,"Leeks and other alliaceous vegetables","no"
NA,"World","Vegetables","Production","t",2021,2238102.92,"Leeks and other alliaceous vegetables","no"
NA,"World","Vegetables","Production","t",2022,2106855.84,"Leeks and other alliaceous vegetables","no"
NA,"World","Vegetables","Production","t",2023,2145421.02,"Leeks and other alliaceous vegetables","no"
NA,"World","Fruits and nuts","Area harvested","ha",1992,583919,"Lemons and limes","no"
NA,"World","Fruits and nuts","Area harvested","ha",1993,587572,"Lemons and limes","no"
NA,"World","Fruits and nuts","Area harvested","ha",1994,597842,"Lemons and limes","no"
NA,"World","Fruits and nuts","Area harvested","ha",1995,620015,"Lemons and limes","no"
NA,"World","Fruits and nuts","Area harvested","ha",1996,645748,"Lemons and limes","no"
NA,"World","Fruits and nuts","Area harvested","ha",1997,686704,"Lemons and limes","no"
NA,"World","Fruits and nuts","Area harvested","ha",1998,707875,"Lemons and limes","no"
NA,"World","Fruits and nuts","Area harvested","ha",1999,737394,"Lemons and limes","no"
NA,"World","Fruits and nuts","Area harvested","ha",2000,788479,"Lemons and limes","no"
NA,"World","Fruits and nuts","Area harvested","ha",2001,806971,"Lemons and limes","no"
NA,"World","Fruits and nuts","Area harvested","ha",2002,817322,"Lemons and limes","no"
NA,"World","Fruits and nuts","Area harvested","ha",2003,815635,"Lemons and limes","no"
NA,"World","Fruits and nuts","Area harvested","ha",2004,834966,"Lemons and limes","no"
NA,"World","Fruits and nuts","Area harvested","ha",2005,760657,"Lemons and limes","no"
NA,"World","Fruits and nuts","Area harvested","ha",2006,983138,"Lemons and limes","no"
NA,"World","Fruits and nuts","Area harvested","ha",2007,1007099,"Lemons and limes","no"
NA,"World","Fruits and nuts","Area harvested","ha",2008,1075543,"Lemons and limes","no"
NA,"World","Fruits and nuts","Area harvested","ha",2009,1109649,"Lemons and limes","no"
NA,"World","Fruits and nuts","Area harvested","ha",2010,1037453,"Lemons and limes","no"
NA,"World","Fruits and nuts","Area harvested","ha",2011,952713,"Lemons and limes","no"
NA,"World","Fruits and nuts","Area harvested","ha",2012,970352,"Lemons and limes","no"
NA,"World","Fruits and nuts","Area harvested","ha",2013,999642,"Lemons and limes","no"
NA,"World","Fruits and nuts","Area harvested","ha",2014,1020185,"Lemons and limes","no"
NA,"World","Fruits and nuts","Area harvested","ha",2015,1059411,"Lemons and limes","no"
NA,"World","Fruits and nuts","Area harvested","ha",2016,1059321,"Lemons and limes","no"
NA,"World","Fruits and nuts","Area harvested","ha",2017,1105732,"Lemons and limes","no"
NA,"World","Fruits and nuts","Area harvested","ha",2018,1167157,"Lemons and limes","no"
NA,"World","Fruits and nuts","Area harvested","ha",2019,1246960,"Lemons and limes","no"
NA,"World","Fruits and nuts","Area harvested","ha",2020,1278191,"Lemons and limes","no"
NA,"World","Fruits and nuts","Area harvested","ha",2021,1345569,"Lemons and limes","no"
NA,"World","Fruits and nuts","Area harvested","ha",2022,1360337,"Lemons and limes","no"
NA,"World","Fruits and nuts","Area harvested","ha",2023,1388251,"Lemons and limes","no"
NA,"World","Fruits and nuts","Yield","kg/ha",1992,13210.1,"Lemons and limes","no"
NA,"World","Fruits and nuts","Yield","kg/ha",1993,13780.6,"Lemons and limes","no"
NA,"World","Fruits and nuts","Yield","kg/ha",1994,13502.5,"Lemons and limes","no"
NA,"World","Fruits and nuts","Yield","kg/ha",1995,13205.6,"Lemons and limes","no"
NA,"World","Fruits and nuts","Yield","kg/ha",1996,13481.5,"Lemons and limes","no"
NA,"World","Fruits and nuts","Yield","kg/ha",1997,13365.5,"Lemons and limes","no"
NA,"World","Fruits and nuts","Yield","kg/ha",1998,13048.8,"Lemons and limes","no"
NA,"World","Fruits and nuts","Yield","kg/ha",1999,13535.4,"Lemons and limes","no"
NA,"World","Fruits and nuts","Yield","kg/ha",2000,13729.9,"Lemons and limes","no"
NA,"World","Fruits and nuts","Yield","kg/ha",2001,14287.6,"Lemons and limes","no"
NA,"World","Fruits and nuts","Yield","kg/ha",2002,14605.6,"Lemons and limes","no"
NA,"World","Fruits and nuts","Yield","kg/ha",2003,15178.5,"Lemons and limes","no"
NA,"World","Fruits and nuts","Yield","kg/ha",2004,14706.8,"Lemons and limes","no"
NA,"World","Fruits and nuts","Yield","kg/ha",2005,16215.9,"Lemons and limes","no"
NA,"World","Fruits and nuts","Yield","kg/ha",2006,13720.6,"Lemons and limes","no"
NA,"World","Fruits and nuts","Yield","kg/ha",2007,15955.3,"Lemons and limes","no"
NA,"World","Fruits and nuts","Yield","kg/ha",2008,15656.6,"Lemons and limes","no"
NA,"World","Fruits and nuts","Yield","kg/ha",2009,14811.3,"Lemons and limes","no"
NA,"World","Fruits and nuts","Yield","kg/ha",2010,14186.4,"Lemons and limes","no"
NA,"World","Fruits and nuts","Yield","kg/ha",2011,15809.1,"Lemons and limes","no"
NA,"World","Fruits and nuts","Yield","kg/ha",2012,15493.2,"Lemons and limes","no"
NA,"World","Fruits and nuts","Yield","kg/ha",2013,15450.8,"Lemons and limes","no"
NA,"World","Fruits and nuts","Yield","kg/ha",2014,15631.4,"Lemons and limes","no"
NA,"World","Fruits and nuts","Yield","kg/ha",2015,16057.6,"Lemons and limes","no"
NA,"World","Fruits and nuts","Yield","kg/ha",2016,16142.3,"Lemons and limes","no"
NA,"World","Fruits and nuts","Yield","kg/ha",2017,15807.9,"Lemons and limes","no"
NA,"World","Fruits and nuts","Yield","kg/ha",2018,16707.8,"Lemons and limes","no"
NA,"World","Fruits and nuts","Yield","kg/ha",2019,15617.7,"Lemons and limes","no"
NA,"World","Fruits and nuts","Yield","kg/ha",2020,15858,"Lemons and limes","no"
NA,"World","Fruits and nuts","Yield","kg/ha",2021,15941.9,"Lemons and limes","no"
NA,"World","Fruits and nuts","Yield","kg/ha",2022,16203.4,"Lemons and limes","no"
NA,"World","Fruits and nuts","Yield","kg/ha",2023,17031.8,"Lemons and limes","no"
NA,"World","Fruits and nuts","Production","t",1992,7713624.09,"Lemons and limes","no"
NA,"World","Fruits and nuts","Production","t",1993,8097082.12,"Lemons and limes","no"
NA,"World","Fruits and nuts","Production","t",1994,8072337.66,"Lemons and limes","no"
NA,"World","Fruits and nuts","Production","t",1995,8187669.23,"Lemons and limes","no"
NA,"World","Fruits and nuts","Production","t",1996,8705677.94,"Lemons and limes","no"
NA,"World","Fruits and nuts","Production","t",1997,9178168.2,"Lemons and limes","no"
NA,"World","Fruits and nuts","Production","t",1998,9236920.34,"Lemons and limes","no"
NA,"World","Fruits and nuts","Production","t",1999,9980936.97,"Lemons and limes","no"
NA,"World","Fruits and nuts","Production","t",2000,10825702.9,"Lemons and limes","no"
NA,"World","Fruits and nuts","Production","t",2001,11529698.47,"Lemons and limes","no"
NA,"World","Fruits and nuts","Production","t",2002,11937495.38,"Lemons and limes","no"
NA,"World","Fruits and nuts","Production","t",2003,12380107.94,"Lemons and limes","no"
NA,"World","Fruits and nuts","Production","t",2004,12279695.42,"Lemons and limes","no"
NA,"World","Fruits and nuts","Production","t",2005,12334762.49,"Lemons and limes","no"
NA,"World","Fruits and nuts","Production","t",2006,13489267.87,"Lemons and limes","no"
NA,"World","Fruits and nuts","Production","t",2007,16068588.09,"Lemons and limes","no"
NA,"World","Fruits and nuts","Production","t",2008,16839375.16,"Lemons and limes","no"
NA,"World","Fruits and nuts","Production","t",2009,16435322.65,"Lemons and limes","no"
NA,"World","Fruits and nuts","Production","t",2010,14717746.07,"Lemons and limes","no"
NA,"World","Fruits and nuts","Production","t",2011,15061568.98,"Lemons and limes","no"
NA,"World","Fruits and nuts","Production","t",2012,15033862.29,"Lemons and limes","no"
NA,"World","Fruits and nuts","Production","t",2013,15445288.3,"Lemons and limes","no"
NA,"World","Fruits and nuts","Production","t",2014,15946971.16,"Lemons and limes","no"
NA,"World","Fruits and nuts","Production","t",2015,17011559,"Lemons and limes","no"
NA,"World","Fruits and nuts","Production","t",2016,17099876.71,"Lemons and limes","no"
NA,"World","Fruits and nuts","Production","t",2017,17479321.83,"Lemons and limes","no"
NA,"World","Fruits and nuts","Production","t",2018,19500618.74,"Lemons and limes","no"
NA,"World","Fruits and nuts","Production","t",2019,19474663.46,"Lemons and limes","no"
NA,"World","Fruits and nuts","Production","t",2020,20269541.21,"Lemons and limes","no"
NA,"World","Fruits and nuts","Production","t",2021,21450912.46,"Lemons and limes","no"
NA,"World","Fruits and nuts","Production","t",2022,22042097.42,"Lemons and limes","no"
NA,"World","Fruits and nuts","Production","t",2023,23644474.94,"Lemons and limes","no"
NA,"World","Pulses (dried leguminous vegetables)","Area harvested","ha",1992,3331687,"Lentils, dry","no"
NA,"World","Pulses (dried leguminous vegetables)","Area harvested","ha",1993,3433699,"Lentils, dry","no"
NA,"World","Pulses (dried leguminous vegetables)","Area harvested","ha",1994,3456492,"Lentils, dry","no"
NA,"World","Pulses (dried leguminous vegetables)","Area harvested","ha",1995,3339332,"Lentils, dry","no"
NA,"World","Pulses (dried leguminous vegetables)","Area harvested","ha",1996,3476279,"Lentils, dry","no"
NA,"World","Pulses (dried leguminous vegetables)","Area harvested","ha",1997,3462927,"Lentils, dry","no"
NA,"World","Pulses (dried leguminous vegetables)","Area harvested","ha",1998,3462111,"Lentils, dry","no"
NA,"World","Pulses (dried leguminous vegetables)","Area harvested","ha",1999,3658848,"Lentils, dry","no"
NA,"World","Pulses (dried leguminous vegetables)","Area harvested","ha",2000,3881715,"Lentils, dry","no"
NA,"World","Pulses (dried leguminous vegetables)","Area harvested","ha",2001,4008915,"Lentils, dry","no"
NA,"World","Pulses (dried leguminous vegetables)","Area harvested","ha",2002,3669999,"Lentils, dry","no"
NA,"World","Pulses (dried leguminous vegetables)","Area harvested","ha",2003,3574158,"Lentils, dry","no"
NA,"World","Pulses (dried leguminous vegetables)","Area harvested","ha",2004,3873878,"Lentils, dry","no"
NA,"World","Pulses (dried leguminous vegetables)","Area harvested","ha",2005,4151018,"Lentils, dry","no"
NA,"World","Pulses (dried leguminous vegetables)","Area harvested","ha",2006,3908840,"Lentils, dry","no"
NA,"World","Pulses (dried leguminous vegetables)","Area harvested","ha",2007,3725201,"Lentils, dry","no"
NA,"World","Pulses (dried leguminous vegetables)","Area harvested","ha",2008,3337466,"Lentils, dry","no"
NA,"World","Pulses (dried leguminous vegetables)","Area harvested","ha",2009,3681234,"Lentils, dry","no"
NA,"World","Pulses (dried leguminous vegetables)","Area harvested","ha",2010,4375018,"Lentils, dry","no"
NA,"World","Pulses (dried leguminous vegetables)","Area harvested","ha",2011,4118896,"Lentils, dry","no"
NA,"World","Pulses (dried leguminous vegetables)","Area harvested","ha",2012,4162332,"Lentils, dry","no"
NA,"World","Pulses (dried leguminous vegetables)","Area harvested","ha",2013,4084474,"Lentils, dry","no"
NA,"World","Pulses (dried leguminous vegetables)","Area harvested","ha",2014,4079617,"Lentils, dry","no"
NA,"World","Pulses (dried leguminous vegetables)","Area harvested","ha",2015,4709783,"Lentils, dry","no"
NA,"World","Pulses (dried leguminous vegetables)","Area harvested","ha",2016,5463126,"Lentils, dry","no"
NA,"World","Pulses (dried leguminous vegetables)","Area harvested","ha",2017,6156691,"Lentils, dry","no"
NA,"World","Pulses (dried leguminous vegetables)","Area harvested","ha",2018,5511365,"Lentils, dry","no"
NA,"World","Pulses (dried leguminous vegetables)","Area harvested","ha",2019,4863389,"Lentils, dry","no"
NA,"World","Pulses (dried leguminous vegetables)","Area harvested","ha",2020,4962242,"Lentils, dry","no"
NA,"World","Pulses (dried leguminous vegetables)","Area harvested","ha",2021,5275396,"Lentils, dry","no"
NA,"World","Pulses (dried leguminous vegetables)","Area harvested","ha",2022,5485285,"Lentils, dry","no"
NA,"World","Pulses (dried leguminous vegetables)","Area harvested","ha",2023,5675756,"Lentils, dry","no"
NA,"World","Pulses (dried leguminous vegetables)","Yield","kg/ha",1992,779.7,"Lentils, dry","no"
NA,"World","Pulses (dried leguminous vegetables)","Yield","kg/ha",1993,813.7,"Lentils, dry","no"
NA,"World","Pulses (dried leguminous vegetables)","Yield","kg/ha",1994,815.4,"Lentils, dry","no"
NA,"World","Pulses (dried leguminous vegetables)","Yield","kg/ha",1995,860.6,"Lentils, dry","no"
NA,"World","Pulses (dried leguminous vegetables)","Yield","kg/ha",1996,798.8,"Lentils, dry","no"
NA,"World","Pulses (dried leguminous vegetables)","Yield","kg/ha",1997,801.3,"Lentils, dry","no"
NA,"World","Pulses (dried leguminous vegetables)","Yield","kg/ha",1998,811.6,"Lentils, dry","no"
NA,"World","Pulses (dried leguminous vegetables)","Yield","kg/ha",1999,806,"Lentils, dry","no"
NA,"World","Pulses (dried leguminous vegetables)","Yield","kg/ha",2000,874.5,"Lentils, dry","no"
NA,"World","Pulses (dried leguminous vegetables)","Yield","kg/ha",2001,817.3,"Lentils, dry","no"
NA,"World","Pulses (dried leguminous vegetables)","Yield","kg/ha",2002,792.7,"Lentils, dry","no"
NA,"World","Pulses (dried leguminous vegetables)","Yield","kg/ha",2003,840.9,"Lentils, dry","no"
NA,"World","Pulses (dried leguminous vegetables)","Yield","kg/ha",2004,933.2,"Lentils, dry","no"
NA,"World","Pulses (dried leguminous vegetables)","Yield","kg/ha",2005,1003.3,"Lentils, dry","no"
NA,"World","Pulses (dried leguminous vegetables)","Yield","kg/ha",2006,859.8,"Lentils, dry","no"
NA,"World","Pulses (dried leguminous vegetables)","Yield","kg/ha",2007,892.1,"Lentils, dry","no"
NA,"World","Pulses (dried leguminous vegetables)","Yield","kg/ha",2008,849.6,"Lentils, dry","no"
NA,"World","Pulses (dried leguminous vegetables)","Yield","kg/ha",2009,1069.6,"Lentils, dry","no"
NA,"World","Pulses (dried leguminous vegetables)","Yield","kg/ha",2010,1138.5,"Lentils, dry","no"
NA,"World","Pulses (dried leguminous vegetables)","Yield","kg/ha",2011,1064,"Lentils, dry","no"
NA,"World","Pulses (dried leguminous vegetables)","Yield","kg/ha",2012,1064.7,"Lentils, dry","no"
NA,"World","Pulses (dried leguminous vegetables)","Yield","kg/ha",2013,1297.3,"Lentils, dry","no"
NA,"World","Pulses (dried leguminous vegetables)","Yield","kg/ha",2014,1172,"Lentils, dry","no"
NA,"World","Pulses (dried leguminous vegetables)","Yield","kg/ha",2015,1177.9,"Lentils, dry","no"
NA,"World","Pulses (dried leguminous vegetables)","Yield","kg/ha",2016,1225.2,"Lentils, dry","no"
NA,"World","Pulses (dried leguminous vegetables)","Yield","kg/ha",2017,1158.1,"Lentils, dry","no"
NA,"World","Pulses (dried leguminous vegetables)","Yield","kg/ha",2018,1193.6,"Lentils, dry","no"
NA,"World","Pulses (dried leguminous vegetables)","Yield","kg/ha",2019,1190.2,"Lentils, dry","no"
NA,"World","Pulses (dried leguminous vegetables)","Yield","kg/ha",2020,1304.6,"Lentils, dry","no"
NA,"World","Pulses (dried leguminous vegetables)","Yield","kg/ha",2021,1056.8,"Lentils, dry","no"
NA,"World","Pulses (dried leguminous vegetables)","Yield","kg/ha",2022,1206.5,"Lentils, dry","no"
NA,"World","Pulses (dried leguminous vegetables)","Yield","kg/ha",2023,1245.4,"Lentils, dry","no"
NA,"World","Pulses (dried leguminous vegetables)","Production","t",1992,2597650.92,"Lentils, dry","no"
NA,"World","Pulses (dried leguminous vegetables)","Production","t",1993,2794081.36,"Lentils, dry","no"
NA,"World","Pulses (dried leguminous vegetables)","Production","t",1994,2818468.87,"Lentils, dry","no"
NA,"World","Pulses (dried leguminous vegetables)","Production","t",1995,2873992.48,"Lentils, dry","no"
NA,"World","Pulses (dried leguminous vegetables)","Production","t",1996,2776764.94,"Lentils, dry","no"
NA,"World","Pulses (dried leguminous vegetables)","Production","t",1997,2774981.7,"Lentils, dry","no"
NA,"World","Pulses (dried leguminous vegetables)","Production","t",1998,2809905.69,"Lentils, dry","no"
NA,"World","Pulses (dried leguminous vegetables)","Production","t",1999,2949018.71,"Lentils, dry","no"
NA,"World","Pulses (dried leguminous vegetables)","Production","t",2000,3394605.79,"Lentils, dry","no"
NA,"World","Pulses (dried leguminous vegetables)","Production","t",2001,3276527.73,"Lentils, dry","no"
NA,"World","Pulses (dried leguminous vegetables)","Production","t",2002,2909283.91,"Lentils, dry","no"
NA,"World","Pulses (dried leguminous vegetables)","Production","t",2003,3005654.93,"Lentils, dry","no"
NA,"World","Pulses (dried leguminous vegetables)","Production","t",2004,3615205.11,"Lentils, dry","no"
NA,"World","Pulses (dried leguminous vegetables)","Production","t",2005,4164721.66,"Lentils, dry","no"
NA,"World","Pulses (dried leguminous vegetables)","Production","t",2006,3360932.61,"Lentils, dry","no"
NA,"World","Pulses (dried leguminous vegetables)","Production","t",2007,3323138.82,"Lentils, dry","no"
NA,"World","Pulses (dried leguminous vegetables)","Production","t",2008,2835379.78,"Lentils, dry","no"
NA,"World","Pulses (dried leguminous vegetables)","Production","t",2009,3937490.8,"Lentils, dry","no"
NA,"World","Pulses (dried leguminous vegetables)","Production","t",2010,4980910.64,"Lentils, dry","no"
NA,"World","Pulses (dried leguminous vegetables)","Production","t",2011,4382444.88,"Lentils, dry","no"
NA,"World","Pulses (dried leguminous vegetables)","Production","t",2012,4431590.3,"Lentils, dry","no"
NA,"World","Pulses (dried leguminous vegetables)","Production","t",2013,5298727.85,"Lentils, dry","no"
NA,"World","Pulses (dried leguminous vegetables)","Production","t",2014,4781468.99,"Lentils, dry","no"
NA,"World","Pulses (dried leguminous vegetables)","Production","t",2015,5547571.99,"Lentils, dry","no"
NA,"World","Pulses (dried leguminous vegetables)","Production","t",2016,6693398.76,"Lentils, dry","no"
NA,"World","Pulses (dried leguminous vegetables)","Production","t",2017,7129999.73,"Lentils, dry","no"
NA,"World","Pulses (dried leguminous vegetables)","Production","t",2018,6578475.5,"Lentils, dry","no"
NA,"World","Pulses (dried leguminous vegetables)","Production","t",2019,5788195.97,"Lentils, dry","no"
NA,"World","Pulses (dried leguminous vegetables)","Production","t",2020,6473706.23,"Lentils, dry","no"
NA,"World","Pulses (dried leguminous vegetables)","Production","t",2021,5574962.42,"Lentils, dry","no"
NA,"World","Pulses (dried leguminous vegetables)","Production","t",2022,6618254.23,"Lentils, dry","no"
NA,"World","Pulses (dried leguminous vegetables)","Production","t",2023,7068620.63,"Lentils, dry","no"
NA,"World","Vegetables","Area harvested","ha",1992,577524,"Lettuce and chicory","no"
NA,"World","Vegetables","Area harvested","ha",1993,620264,"Lettuce and chicory","no"
NA,"World","Vegetables","Area harvested","ha",1994,664328,"Lettuce and chicory","no"
NA,"World","Vegetables","Area harvested","ha",1995,666867,"Lettuce and chicory","no"
NA,"World","Vegetables","Area harvested","ha",1996,719802,"Lettuce and chicory","no"
NA,"World","Vegetables","Area harvested","ha",1997,752924,"Lettuce and chicory","no"
NA,"World","Vegetables","Area harvested","ha",1998,778897,"Lettuce and chicory","no"
NA,"World","Vegetables","Area harvested","ha",1999,816595,"Lettuce and chicory","no"
NA,"World","Vegetables","Area harvested","ha",2000,855539,"Lettuce and chicory","no"
NA,"World","Vegetables","Area harvested","ha",2001,879499,"Lettuce and chicory","no"
NA,"World","Vegetables","Area harvested","ha",2002,926295,"Lettuce and chicory","no"
NA,"World","Vegetables","Area harvested","ha",2003,962408,"Lettuce and chicory","no"
NA,"World","Vegetables","Area harvested","ha",2004,1055197,"Lettuce and chicory","no"
NA,"World","Vegetables","Area harvested","ha",2005,1039804,"Lettuce and chicory","no"
NA,"World","Vegetables","Area harvested","ha",2006,1101779,"Lettuce and chicory","no"
NA,"World","Vegetables","Area harvested","ha",2007,1102142,"Lettuce and chicory","no"
NA,"World","Vegetables","Area harvested","ha",2008,1105834,"Lettuce and chicory","no"
NA,"World","Vegetables","Area harvested","ha",2009,1117231,"Lettuce and chicory","no"
NA,"World","Vegetables","Area harvested","ha",2010,1144736,"Lettuce and chicory","no"
NA,"World","Vegetables","Area harvested","ha",2011,1149496,"Lettuce and chicory","no"
NA,"World","Vegetables","Area harvested","ha",2012,1160754,"Lettuce and chicory","no"
NA,"World","Vegetables","Area harvested","ha",2013,1144243,"Lettuce and chicory","no"
NA,"World","Vegetables","Area harvested","ha",2014,1171510,"Lettuce and chicory","no"
NA,"World","Vegetables","Area harvested","ha",2015,1221833,"Lettuce and chicory","no"
NA,"World","Vegetables","Area harvested","ha",2016,1203920,"Lettuce and chicory","no"
NA,"World","Vegetables","Area harvested","ha",2017,1229594,"Lettuce and chicory","no"
NA,"World","Vegetables","Area harvested","ha",2018,1237573,"Lettuce and chicory","no"
NA,"World","Vegetables","Area harvested","ha",2019,1234919,"Lettuce and chicory","no"
NA,"World","Vegetables","Area harvested","ha",2020,1234742,"Lettuce and chicory","no"
NA,"World","Vegetables","Area harvested","ha",2021,1268993,"Lettuce and chicory","no"
NA,"World","Vegetables","Area harvested","ha",2022,1266830,"Lettuce and chicory","no"
NA,"World","Vegetables","Area harvested","ha",2023,1261377,"Lettuce and chicory","no"
NA,"World","Vegetables","Yield","kg/ha",1992,21991.5,"Lettuce and chicory","no"
NA,"World","Vegetables","Yield","kg/ha",1993,21365.6,"Lettuce and chicory","no"
NA,"World","Vegetables","Yield","kg/ha",1994,21467,"Lettuce and chicory","no"
NA,"World","Vegetables","Yield","kg/ha",1995,21487,"Lettuce and chicory","no"
NA,"World","Vegetables","Yield","kg/ha",1996,21304.9,"Lettuce and chicory","no"
NA,"World","Vegetables","Yield","kg/ha",1997,21786.4,"Lettuce and chicory","no"
NA,"World","Vegetables","Yield","kg/ha",1998,20733.3,"Lettuce and chicory","no"
NA,"World","Vegetables","Yield","kg/ha",1999,21052.8,"Lettuce and chicory","no"
NA,"World","Vegetables","Yield","kg/ha",2000,21504.7,"Lettuce and chicory","no"
NA,"World","Vegetables","Yield","kg/ha",2001,21418.4,"Lettuce and chicory","no"
NA,"World","Vegetables","Yield","kg/ha",2002,21895.1,"Lettuce and chicory","no"
NA,"World","Vegetables","Yield","kg/ha",2003,22305.8,"Lettuce and chicory","no"
NA,"World","Vegetables","Yield","kg/ha",2004,21354.5,"Lettuce and chicory","no"
NA,"World","Vegetables","Yield","kg/ha",2005,21721.3,"Lettuce and chicory","no"
NA,"World","Vegetables","Yield","kg/ha",2006,21435,"Lettuce and chicory","no"
NA,"World","Vegetables","Yield","kg/ha",2007,21544.6,"Lettuce and chicory","no"
NA,"World","Vegetables","Yield","kg/ha",2008,21544.8,"Lettuce and chicory","no"
NA,"World","Vegetables","Yield","kg/ha",2009,21638.1,"Lettuce and chicory","no"
NA,"World","Vegetables","Yield","kg/ha",2010,21541.9,"Lettuce and chicory","no"
NA,"World","Vegetables","Yield","kg/ha",2011,21841.8,"Lettuce and chicory","no"
NA,"World","Vegetables","Yield","kg/ha",2012,22173.2,"Lettuce and chicory","no"
NA,"World","Vegetables","Yield","kg/ha",2013,21522.6,"Lettuce and chicory","no"
NA,"World","Vegetables","Yield","kg/ha",2014,21499.9,"Lettuce and chicory","no"
NA,"World","Vegetables","Yield","kg/ha",2015,21578,"Lettuce and chicory","no"
NA,"World","Vegetables","Yield","kg/ha",2016,21891.5,"Lettuce and chicory","no"
NA,"World","Vegetables","Yield","kg/ha",2017,21762,"Lettuce and chicory","no"
NA,"World","Vegetables","Yield","kg/ha",2018,21926.8,"Lettuce and chicory","no"
NA,"World","Vegetables","Yield","kg/ha",2019,22064.1,"Lettuce and chicory","no"
NA,"World","Vegetables","Yield","kg/ha",2020,22341.9,"Lettuce and chicory","no"
NA,"World","Vegetables","Yield","kg/ha",2021,22414.3,"Lettuce and chicory","no"
NA,"World","Vegetables","Yield","kg/ha",2022,22204.2,"Lettuce and chicory","no"
NA,"World","Vegetables","Yield","kg/ha",2023,22265.3,"Lettuce and chicory","no"
NA,"World","Vegetables","Production","t",1992,12700620.47,"Lettuce and chicory","no"
NA,"World","Vegetables","Production","t",1993,13252335.96,"Lettuce and chicory","no"
NA,"World","Vegetables","Production","t",1994,14261119.67,"Lettuce and chicory","no"
NA,"World","Vegetables","Production","t",1995,14328983.91,"Lettuce and chicory","no"
NA,"World","Vegetables","Production","t",1996,15335316.6,"Lettuce and chicory","no"
NA,"World","Vegetables","Production","t",1997,16403499.12,"Lettuce and chicory","no"
NA,"World","Vegetables","Production","t",1998,16149101.74,"Lettuce and chicory","no"
NA,"World","Vegetables","Production","t",1999,17191619.25,"Lettuce and chicory","no"
NA,"World","Vegetables","Production","t",2000,18398133.31,"Lettuce and chicory","no"
NA,"World","Vegetables","Production","t",2001,18837442.47,"Lettuce and chicory","no"
NA,"World","Vegetables","Production","t",2002,20281335.08,"Lettuce and chicory","no"
NA,"World","Vegetables","Production","t",2003,21467326.77,"Lettuce and chicory","no"
NA,"World","Vegetables","Production","t",2004,22533173.2,"Lettuce and chicory","no"
NA,"World","Vegetables","Production","t",2005,22585945.11,"Lettuce and chicory","no"
NA,"World","Vegetables","Production","t",2006,23616649.94,"Lettuce and chicory","no"
NA,"World","Vegetables","Production","t",2007,23745208.82,"Lettuce and chicory","no"
NA,"World","Vegetables","Production","t",2008,23825016.98,"Lettuce and chicory","no"
NA,"World","Vegetables","Production","t",2009,24174760.18,"Lettuce and chicory","no"
NA,"World","Vegetables","Production","t",2010,24659784.7,"Lettuce and chicory","no"
NA,"World","Vegetables","Production","t",2011,25107005.27,"Lettuce and chicory","no"
NA,"World","Vegetables","Production","t",2012,25737639.91,"Lettuce and chicory","no"
NA,"World","Vegetables","Production","t",2013,24627077.08,"Lettuce and chicory","no"
NA,"World","Vegetables","Production","t",2014,25187287.21,"Lettuce and chicory","no"
NA,"World","Vegetables","Production","t",2015,26364669.64,"Lettuce and chicory","no"
NA,"World","Vegetables","Production","t",2016,26355618.4,"Lettuce and chicory","no"
NA,"World","Vegetables","Production","t",2017,26758399.34,"Lettuce and chicory","no"
NA,"World","Vegetables","Production","t",2018,27135983.56,"Lettuce and chicory","no"
NA,"World","Vegetables","Production","t",2019,27247341.83,"Lettuce and chicory","no"
NA,"World","Vegetables","Production","t",2020,27586474.33,"Lettuce and chicory","no"
NA,"World","Vegetables","Production","t",2021,28443524.01,"Lettuce and chicory","no"
NA,"World","Vegetables","Production","t",2022,28128996.97,"Lettuce and chicory","no"
NA,"World","Vegetables","Production","t",2023,28084971.27,"Lettuce and chicory","no"
NA,"World","Oilseeds and oleaginous fruits","Area harvested","ha",1992,3494031,"Linseed","no"
NA,"World","Oilseeds and oleaginous fruits","Area harvested","ha",1993,3320480,"Linseed","no"
NA,"World","Oilseeds and oleaginous fruits","Area harvested","ha",1994,3322428,"Linseed","no"
NA,"World","Oilseeds and oleaginous fruits","Area harvested","ha",1995,3482809,"Linseed","no"
NA,"World","Oilseeds and oleaginous fruits","Area harvested","ha",1996,3136161,"Linseed","no"
NA,"World","Oilseeds and oleaginous fruits","Area harvested","ha",1997,3072258,"Linseed","no"
NA,"World","Oilseeds and oleaginous fruits","Area harvested","ha",1998,3233079,"Linseed","no"
NA,"World","Oilseeds and oleaginous fruits","Area harvested","ha",1999,3216630,"Linseed","no"
NA,"World","Oilseeds and oleaginous fruits","Area harvested","ha",2000,2580194,"Linseed","no"
NA,"World","Oilseeds and oleaginous fruits","Area harvested","ha",2001,2470637,"Linseed","no"
NA,"World","Oilseeds and oleaginous fruits","Area harvested","ha",2002,2359846,"Linseed","no"
NA,"World","Oilseeds and oleaginous fruits","Area harvested","ha",2003,2384068,"Linseed","no"
NA,"World","Oilseeds and oleaginous fruits","Area harvested","ha",2004,2236146,"Linseed","no"
NA,"World","Oilseeds and oleaginous fruits","Area harvested","ha",2005,2745034,"Linseed","no"
NA,"World","Oilseeds and oleaginous fruits","Area harvested","ha",2006,2718529,"Linseed","no"
NA,"World","Oilseeds and oleaginous fruits","Area harvested","ha",2007,1977659,"Linseed","no"
NA,"World","Oilseeds and oleaginous fruits","Area harvested","ha",2008,2097695,"Linseed","no"
NA,"World","Oilseeds and oleaginous fruits","Area harvested","ha",2009,2105434,"Linseed","no"
NA,"World","Oilseeds and oleaginous fruits","Area harvested","ha",2010,2030549,"Linseed","no"
NA,"World","Oilseeds and oleaginous fruits","Area harvested","ha",2011,2231131,"Linseed","no"
NA,"World","Oilseeds and oleaginous fruits","Area harvested","ha",2012,2430418,"Linseed","no"
NA,"World","Oilseeds and oleaginous fruits","Area harvested","ha",2013,2237791,"Linseed","no"
NA,"World","Oilseeds and oleaginous fruits","Area harvested","ha",2014,2637642,"Linseed","no"
NA,"World","Oilseeds and oleaginous fruits","Area harvested","ha",2015,2987213,"Linseed","no"
NA,"World","Oilseeds and oleaginous fruits","Area harvested","ha",2016,2766763,"Linseed","no"
NA,"World","Oilseeds and oleaginous fruits","Area harvested","ha",2017,2923538,"Linseed","no"
NA,"World","Oilseeds and oleaginous fruits","Area harvested","ha",2018,3151386,"Linseed","no"
NA,"World","Oilseeds and oleaginous fruits","Area harvested","ha",2019,3209567,"Linseed","no"
NA,"World","Oilseeds and oleaginous fruits","Area harvested","ha",2020,3528306,"Linseed","no"
NA,"World","Oilseeds and oleaginous fruits","Area harvested","ha",2021,4090740,"Linseed","no"
NA,"World","Oilseeds and oleaginous fruits","Area harvested","ha",2022,4534773,"Linseed","no"
NA,"World","Oilseeds and oleaginous fruits","Area harvested","ha",2023,3089169,"Linseed","no"
NA,"World","Oilseeds and oleaginous fruits","Yield","kg/ha",1992,635.9,"Linseed","no"
NA,"World","Oilseeds and oleaginous fruits","Yield","kg/ha",1993,649.5,"Linseed","no"
NA,"World","Oilseeds and oleaginous fruits","Yield","kg/ha",1994,733.7,"Linseed","no"
NA,"World","Oilseeds and oleaginous fruits","Yield","kg/ha",1995,709.9,"Linseed","no"
NA,"World","Oilseeds and oleaginous fruits","Yield","kg/ha",1996,772.8,"Linseed","no"
NA,"World","Oilseeds and oleaginous fruits","Yield","kg/ha",1997,730.6,"Linseed","no"
NA,"World","Oilseeds and oleaginous fruits","Yield","kg/ha",1998,836.3,"Linseed","no"
NA,"World","Oilseeds and oleaginous fruits","Yield","kg/ha",1999,835,"Linseed","no"
NA,"World","Oilseeds and oleaginous fruits","Yield","kg/ha",2000,770.1,"Linseed","no"
NA,"World","Oilseeds and oleaginous fruits","Yield","kg/ha",2001,740.8,"Linseed","no"
NA,"World","Oilseeds and oleaginous fruits","Yield","kg/ha",2002,792.7,"Linseed","no"
NA,"World","Oilseeds and oleaginous fruits","Yield","kg/ha",2003,842.8,"Linseed","no"
NA,"World","Oilseeds and oleaginous fruits","Yield","kg/ha",2004,826,"Linseed","no"
NA,"World","Oilseeds and oleaginous fruits","Yield","kg/ha",2005,983.3,"Linseed","no"
NA,"World","Oilseeds and oleaginous fruits","Yield","kg/ha",2006,924.6,"Linseed","no"
NA,"World","Oilseeds and oleaginous fruits","Yield","kg/ha",2007,838.5,"Linseed","no"
NA,"World","Oilseeds and oleaginous fruits","Yield","kg/ha",2008,948,"Linseed","no"
NA,"World","Oilseeds and oleaginous fruits","Yield","kg/ha",2009,1025,"Linseed","no"
NA,"World","Oilseeds and oleaginous fruits","Yield","kg/ha",2010,890.4,"Linseed","no"
NA,"World","Oilseeds and oleaginous fruits","Yield","kg/ha",2011,970.6,"Linseed","no"
NA,"World","Oilseeds and oleaginous fruits","Yield","kg/ha",2012,834.2,"Linseed","no"
NA,"World","Oilseeds and oleaginous fruits","Yield","kg/ha",2013,1016,"Linseed","no"
NA,"World","Oilseeds and oleaginous fruits","Yield","kg/ha",2014,1009.9,"Linseed","no"
NA,"World","Oilseeds and oleaginous fruits","Yield","kg/ha",2015,1054.4,"Linseed","no"
NA,"World","Oilseeds and oleaginous fruits","Yield","kg/ha",2016,1052.7,"Linseed","no"
NA,"World","Oilseeds and oleaginous fruits","Yield","kg/ha",2017,983.5,"Linseed","no"
NA,"World","Oilseeds and oleaginous fruits","Yield","kg/ha",2018,954.9,"Linseed","no"
NA,"World","Oilseeds and oleaginous fruits","Yield","kg/ha",2019,955.5,"Linseed","no"
NA,"World","Oilseeds and oleaginous fruits","Yield","kg/ha",2020,958.2,"Linseed","no"
NA,"World","Oilseeds and oleaginous fruits","Yield","kg/ha",2021,806.7,"Linseed","no"
NA,"World","Oilseeds and oleaginous fruits","Yield","kg/ha",2022,877.2,"Linseed","no"
NA,"World","Oilseeds and oleaginous fruits","Yield","kg/ha",2023,843,"Linseed","no"
NA,"World","Oilseeds and oleaginous fruits","Production","t",1992,2221952.86,"Linseed","no"
NA,"World","Oilseeds and oleaginous fruits","Production","t",1993,2156762.66,"Linseed","no"
NA,"World","Oilseeds and oleaginous fruits","Production","t",1994,2437825.99,"Linseed","no"
NA,"World","Oilseeds and oleaginous fruits","Production","t",1995,2472422.71,"Linseed","no"
NA,"World","Oilseeds and oleaginous fruits","Production","t",1996,2423614.11,"Linseed","no"
NA,"World","Oilseeds and oleaginous fruits","Production","t",1997,2244672.78,"Linseed","no"
NA,"World","Oilseeds and oleaginous fruits","Production","t",1998,2703754.2,"Linseed","no"
NA,"World","Oilseeds and oleaginous fruits","Production","t",1999,2685818.94,"Linseed","no"
NA,"World","Oilseeds and oleaginous fruits","Production","t",2000,1986903.58,"Linseed","no"
NA,"World","Oilseeds and oleaginous fruits","Production","t",2001,1830291.79,"Linseed","no"
NA,"World","Oilseeds and oleaginous fruits","Production","t",2002,1870754.41,"Linseed","no"
NA,"World","Oilseeds and oleaginous fruits","Production","t",2003,2009261.06,"Linseed","no"
NA,"World","Oilseeds and oleaginous fruits","Production","t",2004,1846973.29,"Linseed","no"
NA,"World","Oilseeds and oleaginous fruits","Production","t",2005,2699273.4,"Linseed","no"
NA,"World","Oilseeds and oleaginous fruits","Production","t",2006,2513502.11,"Linseed","no"
NA,"World","Oilseeds and oleaginous fruits","Production","t",2007,1658237.57,"Linseed","no"
NA,"World","Oilseeds and oleaginous fruits","Production","t",2008,1988578.7,"Linseed","no"
NA,"World","Oilseeds and oleaginous fruits","Production","t",2009,2158104.56,"Linseed","no"
NA,"World","Oilseeds and oleaginous fruits","Production","t",2010,1808080.37,"Linseed","no"
NA,"World","Oilseeds and oleaginous fruits","Production","t",2011,2165618.26,"Linseed","no"
NA,"World","Oilseeds and oleaginous fruits","Production","t",2012,2027339.6,"Linseed","no"
NA,"World","Oilseeds and oleaginous fruits","Production","t",2013,2273497.69,"Linseed","no"
NA,"World","Oilseeds and oleaginous fruits","Production","t",2014,2663662.81,"Linseed","no"
NA,"World","Oilseeds and oleaginous fruits","Production","t",2015,3149784.36,"Linseed","no"
NA,"World","Oilseeds and oleaginous fruits","Production","t",2016,2912557.09,"Linseed","no"
NA,"World","Oilseeds and oleaginous fruits","Production","t",2017,2875372.43,"Linseed","no"
NA,"World","Oilseeds and oleaginous fruits","Production","t",2018,3009220.15,"Linseed","no"
NA,"World","Oilseeds and oleaginous fruits","Production","t",2019,3066662.15,"Linseed","no"
NA,"World","Oilseeds and oleaginous fruits","Production","t",2020,3380684.95,"Linseed","no"
NA,"World","Oilseeds and oleaginous fruits","Production","t",2021,3300063.19,"Linseed","no"
NA,"World","Oilseeds and oleaginous fruits","Production","t",2022,3978016.65,"Linseed","no"
NA,"World","Oilseeds and oleaginous fruits","Production","t",2023,2604121.08,"Linseed","no"
NA,"World","Fruits and nuts","Area harvested","ha",1992,74223,"Locust beans (carobs)","no"
NA,"World","Fruits and nuts","Area harvested","ha",1993,61185,"Locust beans (carobs)","no"
NA,"World","Fruits and nuts","Area harvested","ha",1994,50672,"Locust beans (carobs)","no"
NA,"World","Fruits and nuts","Area harvested","ha",1995,57373,"Locust beans (carobs)","no"
NA,"World","Fruits and nuts","Area harvested","ha",1996,56254,"Locust beans (carobs)","no"
NA,"World","Fruits and nuts","Area harvested","ha",1997,55061,"Locust beans (carobs)","no"
NA,"World","Fruits and nuts","Area harvested","ha",1998,57128,"Locust beans (carobs)","no"
NA,"World","Fruits and nuts","Area harvested","ha",1999,54609,"Locust beans (carobs)","no"
NA,"World","Fruits and nuts","Area harvested","ha",2000,54170,"Locust beans (carobs)","no"
NA,"World","Fruits and nuts","Area harvested","ha",2001,46426,"Locust beans (carobs)","no"
NA,"World","Fruits and nuts","Area harvested","ha",2002,45009,"Locust beans (carobs)","no"
NA,"World","Fruits and nuts","Area harvested","ha",2003,45288,"Locust beans (carobs)","no"
NA,"World","Fruits and nuts","Area harvested","ha",2004,44423,"Locust beans (carobs)","no"
NA,"World","Fruits and nuts","Area harvested","ha",2005,45248,"Locust beans (carobs)","no"
NA,"World","Fruits and nuts","Area harvested","ha",2006,44033,"Locust beans (carobs)","no"
NA,"World","Fruits and nuts","Area harvested","ha",2007,42755,"Locust beans (carobs)","no"
NA,"World","Fruits and nuts","Area harvested","ha",2008,44834,"Locust beans (carobs)","no"
NA,"World","Fruits and nuts","Area harvested","ha",2009,45401,"Locust beans (carobs)","no"
NA,"World","Fruits and nuts","Area harvested","ha",2010,43580,"Locust beans (carobs)","no"
NA,"World","Fruits and nuts","Area harvested","ha",2011,42548,"Locust beans (carobs)","no"
NA,"World","Fruits and nuts","Area harvested","ha",2012,40148,"Locust beans (carobs)","no"
NA,"World","Fruits and nuts","Area harvested","ha",2013,39729,"Locust beans (carobs)","no"
NA,"World","Fruits and nuts","Area harvested","ha",2014,39171,"Locust beans (carobs)","no"
NA,"World","Fruits and nuts","Area harvested","ha",2015,39462,"Locust beans (carobs)","no"
NA,"World","Fruits and nuts","Area harvested","ha",2016,39134,"Locust beans (carobs)","no"
NA,"World","Fruits and nuts","Area harvested","ha",2017,38926,"Locust beans (carobs)","no"
NA,"World","Fruits and nuts","Area harvested","ha",2018,14521,"Locust beans (carobs)","no"
NA,"World","Fruits and nuts","Area harvested","ha",2019,14537,"Locust beans (carobs)","no"
NA,"World","Fruits and nuts","Area harvested","ha",2020,14671,"Locust beans (carobs)","no"
NA,"World","Fruits and nuts","Area harvested","ha",2021,14722,"Locust beans (carobs)","no"
NA,"World","Fruits and nuts","Area harvested","ha",2022,15358,"Locust beans (carobs)","no"
NA,"World","Fruits and nuts","Area harvested","ha",2023,15536,"Locust beans (carobs)","no"
NA,"World","Fruits and nuts","Yield","kg/ha",1992,2079.5,"Locust beans (carobs)","no"
NA,"World","Fruits and nuts","Yield","kg/ha",1993,2636.1,"Locust beans (carobs)","no"
NA,"World","Fruits and nuts","Yield","kg/ha",1994,2533.4,"Locust beans (carobs)","no"
NA,"World","Fruits and nuts","Yield","kg/ha",1995,2546.9,"Locust beans (carobs)","no"
NA,"World","Fruits and nuts","Yield","kg/ha",1996,2687,"Locust beans (carobs)","no"
NA,"World","Fruits and nuts","Yield","kg/ha",1997,2630.7,"Locust beans (carobs)","no"
NA,"World","Fruits and nuts","Yield","kg/ha",1998,2699.8,"Locust beans (carobs)","no"
NA,"World","Fruits and nuts","Yield","kg/ha",1999,2856.1,"Locust beans (carobs)","no"
NA,"World","Fruits and nuts","Yield","kg/ha",2000,2869.5,"Locust beans (carobs)","no"
NA,"World","Fruits and nuts","Yield","kg/ha",2001,2729.9,"Locust beans (carobs)","no"
NA,"World","Fruits and nuts","Yield","kg/ha",2002,2966.7,"Locust beans (carobs)","no"
NA,"World","Fruits and nuts","Yield","kg/ha",2003,2664.3,"Locust beans (carobs)","no"
NA,"World","Fruits and nuts","Yield","kg/ha",2004,2581.2,"Locust beans (carobs)","no"
NA,"World","Fruits and nuts","Yield","kg/ha",2005,3197.6,"Locust beans (carobs)","no"
NA,"World","Fruits and nuts","Yield","kg/ha",2006,2435.9,"Locust beans (carobs)","no"
NA,"World","Fruits and nuts","Yield","kg/ha",2007,2856.3,"Locust beans (carobs)","no"
NA,"World","Fruits and nuts","Yield","kg/ha",2008,3378.6,"Locust beans (carobs)","no"
NA,"World","Fruits and nuts","Yield","kg/ha",2009,2839.9,"Locust beans (carobs)","no"
NA,"World","Fruits and nuts","Yield","kg/ha",2010,2936.9,"Locust beans (carobs)","no"
NA,"World","Fruits and nuts","Yield","kg/ha",2011,3699.8,"Locust beans (carobs)","no"
NA,"World","Fruits and nuts","Yield","kg/ha",2012,3148.5,"Locust beans (carobs)","no"
NA,"World","Fruits and nuts","Yield","kg/ha",2013,2890.1,"Locust beans (carobs)","no"
NA,"World","Fruits and nuts","Yield","kg/ha",2014,4249.3,"Locust beans (carobs)","no"
NA,"World","Fruits and nuts","Yield","kg/ha",2015,3379.2,"Locust beans (carobs)","no"
NA,"World","Fruits and nuts","Yield","kg/ha",2016,3472.4,"Locust beans (carobs)","no"
NA,"World","Fruits and nuts","Yield","kg/ha",2017,3566.9,"Locust beans (carobs)","no"
NA,"World","Fruits and nuts","Yield","kg/ha",2018,3196.6,"Locust beans (carobs)","no"
NA,"World","Fruits and nuts","Yield","kg/ha",2019,3300.3,"Locust beans (carobs)","no"
NA,"World","Fruits and nuts","Yield","kg/ha",2020,3428,"Locust beans (carobs)","no"
NA,"World","Fruits and nuts","Yield","kg/ha",2021,3522.3,"Locust beans (carobs)","no"
NA,"World","Fruits and nuts","Yield","kg/ha",2022,3688,"Locust beans (carobs)","no"
NA,"World","Fruits and nuts","Yield","kg/ha",2023,3600,"Locust beans (carobs)","no"
NA,"World","Fruits and nuts","Production","t",1992,154345.92,"Locust beans (carobs)","no"
NA,"World","Fruits and nuts","Production","t",1993,161291.59,"Locust beans (carobs)","no"
NA,"World","Fruits and nuts","Production","t",1994,128370.77,"Locust beans (carobs)","no"
NA,"World","Fruits and nuts","Production","t",1995,146122.13,"Locust beans (carobs)","no"
NA,"World","Fruits and nuts","Production","t",1996,151154.86,"Locust beans (carobs)","no"
NA,"World","Fruits and nuts","Production","t",1997,144852.46,"Locust beans (carobs)","no"
NA,"World","Fruits and nuts","Production","t",1998,154232,"Locust beans (carobs)","no"
NA,"World","Fruits and nuts","Production","t",1999,155969.08,"Locust beans (carobs)","no"
NA,"World","Fruits and nuts","Production","t",2000,155440.21,"Locust beans (carobs)","no"
NA,"World","Fruits and nuts","Production","t",2001,126741.92,"Locust beans (carobs)","no"
NA,"World","Fruits and nuts","Production","t",2002,133529.51,"Locust beans (carobs)","no"
NA,"World","Fruits and nuts","Production","t",2003,120660.94,"Locust beans (carobs)","no"
NA,"World","Fruits and nuts","Production","t",2004,114664.14,"Locust beans (carobs)","no"
NA,"World","Fruits and nuts","Production","t",2005,144684.68,"Locust beans (carobs)","no"
NA,"World","Fruits and nuts","Production","t",2006,107261.14,"Locust beans (carobs)","no"
NA,"World","Fruits and nuts","Production","t",2007,122123.09,"Locust beans (carobs)","no"
NA,"World","Fruits and nuts","Production","t",2008,151474.9,"Locust beans (carobs)","no"
NA,"World","Fruits and nuts","Production","t",2009,128932.92,"Locust beans (carobs)","no"
NA,"World","Fruits and nuts","Production","t",2010,127988.01,"Locust beans (carobs)","no"
NA,"World","Fruits and nuts","Production","t",2011,157418.73,"Locust beans (carobs)","no"
NA,"World","Fruits and nuts","Production","t",2012,126405.04,"Locust beans (carobs)","no"
NA,"World","Fruits and nuts","Production","t",2013,114823.06,"Locust beans (carobs)","no"
NA,"World","Fruits and nuts","Production","t",2014,166448.69,"Locust beans (carobs)","no"
NA,"World","Fruits and nuts","Production","t",2015,133350.49,"Locust beans (carobs)","no"
NA,"World","Fruits and nuts","Production","t",2016,135888.44,"Locust beans (carobs)","no"
NA,"World","Fruits and nuts","Production","t",2017,138842.99,"Locust beans (carobs)","no"
NA,"World","Fruits and nuts","Production","t",2018,46419.63,"Locust beans (carobs)","no"
NA,"World","Fruits and nuts","Production","t",2019,47977.74,"Locust beans (carobs)","no"
NA,"World","Fruits and nuts","Production","t",2020,50292.73,"Locust beans (carobs)","no"
NA,"World","Fruits and nuts","Production","t",2021,51854.51,"Locust beans (carobs)","no"
NA,"World","Fruits and nuts","Production","t",2022,56639.24,"Locust beans (carobs)","no"
NA,"World","Fruits and nuts","Production","t",2023,55929.06,"Locust beans (carobs)","no"
NA,"World","Pulses (dried leguminous vegetables)","Area harvested","ha",1992,1170473,"Lupins","no"
NA,"World","Pulses (dried leguminous vegetables)","Area harvested","ha",1993,1261033,"Lupins","no"
NA,"World","Pulses (dried leguminous vegetables)","Area harvested","ha",1994,1529322,"Lupins","no"
NA,"World","Pulses (dried leguminous vegetables)","Area harvested","ha",1995,1451942,"Lupins","no"
NA,"World","Pulses (dried leguminous vegetables)","Area harvested","ha",1996,1384887,"Lupins","no"
NA,"World","Pulses (dried leguminous vegetables)","Area harvested","ha",1997,1556317,"Lupins","no"
NA,"World","Pulses (dried leguminous vegetables)","Area harvested","ha",1998,1531628,"Lupins","no"
NA,"World","Pulses (dried leguminous vegetables)","Area harvested","ha",1999,1482731,"Lupins","no"
NA,"World","Pulses (dried leguminous vegetables)","Area harvested","ha",2000,1319811,"Lupins","no"
NA,"World","Pulses (dried leguminous vegetables)","Area harvested","ha",2001,1290989,"Lupins","no"
NA,"World","Pulses (dried leguminous vegetables)","Area harvested","ha",2002,1171329,"Lupins","no"
NA,"World","Pulses (dried leguminous vegetables)","Area harvested","ha",2003,1063438,"Lupins","no"
NA,"World","Pulses (dried leguminous vegetables)","Area harvested","ha",2004,1072418,"Lupins","no"
NA,"World","Pulses (dried leguminous vegetables)","Area harvested","ha",2005,1023580,"Lupins","no"
NA,"World","Pulses (dried leguminous vegetables)","Area harvested","ha",2006,1003356,"Lupins","no"
NA,"World","Pulses (dried leguminous vegetables)","Area harvested","ha",2007,1006432,"Lupins","no"
NA,"World","Pulses (dried leguminous vegetables)","Area harvested","ha",2008,801646,"Lupins","no"
NA,"World","Pulses (dried leguminous vegetables)","Area harvested","ha",2009,936357,"Lupins","no"
NA,"World","Pulses (dried leguminous vegetables)","Area harvested","ha",2010,1084333,"Lupins","no"
NA,"World","Pulses (dried leguminous vegetables)","Area harvested","ha",2011,964544,"Lupins","no"
NA,"World","Pulses (dried leguminous vegetables)","Area harvested","ha",2012,719164,"Lupins","no"
NA,"World","Pulses (dried leguminous vegetables)","Area harvested","ha",2013,664541,"Lupins","no"
NA,"World","Pulses (dried leguminous vegetables)","Area harvested","ha",2014,707358,"Lupins","no"
NA,"World","Pulses (dried leguminous vegetables)","Area harvested","ha",2015,935404,"Lupins","no"
NA,"World","Pulses (dried leguminous vegetables)","Area harvested","ha",2016,978556,"Lupins","no"
NA,"World","Pulses (dried leguminous vegetables)","Area harvested","ha",2017,928239,"Lupins","no"
NA,"World","Pulses (dried leguminous vegetables)","Area harvested","ha",2018,993128,"Lupins","no"
NA,"World","Pulses (dried leguminous vegetables)","Area harvested","ha",2019,1062938,"Lupins","no"
NA,"World","Pulses (dried leguminous vegetables)","Area harvested","ha",2020,902629,"Lupins","no"
NA,"World","Pulses (dried leguminous vegetables)","Area harvested","ha",2021,997879,"Lupins","no"
NA,"World","Pulses (dried leguminous vegetables)","Area harvested","ha",2022,948991,"Lupins","no"
NA,"World","Pulses (dried leguminous vegetables)","Area harvested","ha",2023,1116003,"Lupins","no"
NA,"World","Pulses (dried leguminous vegetables)","Yield","kg/ha",1992,1152.5,"Lupins","no"
NA,"World","Pulses (dried leguminous vegetables)","Yield","kg/ha",1993,1276.7,"Lupins","no"
NA,"World","Pulses (dried leguminous vegetables)","Yield","kg/ha",1994,793.1,"Lupins","no"
NA,"World","Pulses (dried leguminous vegetables)","Yield","kg/ha",1995,1173.7,"Lupins","no"
NA,"World","Pulses (dried leguminous vegetables)","Yield","kg/ha",1996,1196.4,"Lupins","no"
NA,"World","Pulses (dried leguminous vegetables)","Yield","kg/ha",1997,1088.5,"Lupins","no"
NA,"World","Pulses (dried leguminous vegetables)","Yield","kg/ha",1998,1207.2,"Lupins","no"
NA,"World","Pulses (dried leguminous vegetables)","Yield","kg/ha",1999,1418.5,"Lupins","no"
NA,"World","Pulses (dried leguminous vegetables)","Yield","kg/ha",2000,934.9,"Lupins","no"
NA,"World","Pulses (dried leguminous vegetables)","Yield","kg/ha",2001,1088.4,"Lupins","no"
NA,"World","Pulses (dried leguminous vegetables)","Yield","kg/ha",2002,771.9,"Lupins","no"
NA,"World","Pulses (dried leguminous vegetables)","Yield","kg/ha",2003,1366,"Lupins","no"
NA,"World","Pulses (dried leguminous vegetables)","Yield","kg/ha",2004,1179.9,"Lupins","no"
NA,"World","Pulses (dried leguminous vegetables)","Yield","kg/ha",2005,1614.3,"Lupins","no"
NA,"World","Pulses (dried leguminous vegetables)","Yield","kg/ha",2006,782.4,"Lupins","no"
NA,"World","Pulses (dried leguminous vegetables)","Yield","kg/ha",2007,963.4,"Lupins","no"
NA,"World","Pulses (dried leguminous vegetables)","Yield","kg/ha",2008,1260.2,"Lupins","no"
NA,"World","Pulses (dried leguminous vegetables)","Yield","kg/ha",2009,1201.7,"Lupins","no"
NA,"World","Pulses (dried leguminous vegetables)","Yield","kg/ha",2010,1153.8,"Lupins","no"
NA,"World","Pulses (dried leguminous vegetables)","Yield","kg/ha",2011,1371.2,"Lupins","no"
NA,"World","Pulses (dried leguminous vegetables)","Yield","kg/ha",2012,1116.6,"Lupins","no"
NA,"World","Pulses (dried leguminous vegetables)","Yield","kg/ha",2013,1482.6,"Lupins","no"
NA,"World","Pulses (dried leguminous vegetables)","Yield","kg/ha",2014,1515.1,"Lupins","no"
NA,"World","Pulses (dried leguminous vegetables)","Yield","kg/ha",2015,1331.3,"Lupins","no"
NA,"World","Pulses (dried leguminous vegetables)","Yield","kg/ha",2016,1313.9,"Lupins","no"
NA,"World","Pulses (dried leguminous vegetables)","Yield","kg/ha",2017,1743,"Lupins","no"
NA,"World","Pulses (dried leguminous vegetables)","Yield","kg/ha",2018,1205.9,"Lupins","no"
NA,"World","Pulses (dried leguminous vegetables)","Yield","kg/ha",2019,1262.9,"Lupins","no"
NA,"World","Pulses (dried leguminous vegetables)","Yield","kg/ha",2020,1186.2,"Lupins","no"
NA,"World","Pulses (dried leguminous vegetables)","Yield","kg/ha",2021,1419.8,"Lupins","no"
NA,"World","Pulses (dried leguminous vegetables)","Yield","kg/ha",2022,1733.4,"Lupins","no"
NA,"World","Pulses (dried leguminous vegetables)","Yield","kg/ha",2023,1719.2,"Lupins","no"
NA,"World","Pulses (dried leguminous vegetables)","Production","t",1992,1348922.3,"Lupins","no"
NA,"World","Pulses (dried leguminous vegetables)","Production","t",1993,1609993.77,"Lupins","no"
NA,"World","Pulses (dried leguminous vegetables)","Production","t",1994,1212835.89,"Lupins","no"
NA,"World","Pulses (dried leguminous vegetables)","Production","t",1995,1704178.2,"Lupins","no"
NA,"World","Pulses (dried leguminous vegetables)","Production","t",1996,1656886.12,"Lupins","no"
NA,"World","Pulses (dried leguminous vegetables)","Production","t",1997,1694048.25,"Lupins","no"
NA,"World","Pulses (dried leguminous vegetables)","Production","t",1998,1848971.13,"Lupins","no"
NA,"World","Pulses (dried leguminous vegetables)","Production","t",1999,2103215.72,"Lupins","no"
NA,"World","Pulses (dried leguminous vegetables)","Production","t",2000,1233870.76,"Lupins","no"
NA,"World","Pulses (dried leguminous vegetables)","Production","t",2001,1405164.62,"Lupins","no"
NA,"World","Pulses (dried leguminous vegetables)","Production","t",2002,904102.42,"Lupins","no"
NA,"World","Pulses (dried leguminous vegetables)","Production","t",2003,1452688.84,"Lupins","no"
NA,"World","Pulses (dried leguminous vegetables)","Production","t",2004,1265389,"Lupins","no"
NA,"World","Pulses (dried leguminous vegetables)","Production","t",2005,1652384.5,"Lupins","no"
NA,"World","Pulses (dried leguminous vegetables)","Production","t",2006,785039.06,"Lupins","no"
NA,"World","Pulses (dried leguminous vegetables)","Production","t",2007,969572.62,"Lupins","no"
NA,"World","Pulses (dried leguminous vegetables)","Production","t",2008,1010243.12,"Lupins","no"
NA,"World","Pulses (dried leguminous vegetables)","Production","t",2009,1125186.8,"Lupins","no"
NA,"World","Pulses (dried leguminous vegetables)","Production","t",2010,1251123.29,"Lupins","no"
NA,"World","Pulses (dried leguminous vegetables)","Production","t",2011,1322543.77,"Lupins","no"
NA,"World","Pulses (dried leguminous vegetables)","Production","t",2012,803032.43,"Lupins","no"
NA,"World","Pulses (dried leguminous vegetables)","Production","t",2013,985238.55,"Lupins","no"
NA,"World","Pulses (dried leguminous vegetables)","Production","t",2014,1071707.98,"Lupins","no"
NA,"World","Pulses (dried leguminous vegetables)","Production","t",2015,1245262.05,"Lupins","no"
NA,"World","Pulses (dried leguminous vegetables)","Production","t",2016,1285732.76,"Lupins","no"
NA,"World","Pulses (dried leguminous vegetables)","Production","t",2017,1617963.05,"Lupins","no"
NA,"World","Pulses (dried leguminous vegetables)","Production","t",2018,1197605.69,"Lupins","no"
NA,"World","Pulses (dried leguminous vegetables)","Production","t",2019,1342405.93,"Lupins","no"
NA,"World","Pulses (dried leguminous vegetables)","Production","t",2020,1070669.76,"Lupins","no"
NA,"World","Pulses (dried leguminous vegetables)","Production","t",2021,1416748.6,"Lupins","no"
NA,"World","Pulses (dried leguminous vegetables)","Production","t",2022,1644983.87,"Lupins","no"
NA,"World","Pulses (dried leguminous vegetables)","Production","t",2023,1918642.24,"Lupins","no"
NA,"World","Cereals","Area harvested","ha",1992,136623303,"Maize (corn)","no"
NA,"World","Cereals","Area harvested","ha",1993,131423616,"Maize (corn)","no"
NA,"World","Cereals","Area harvested","ha",1994,138271210,"Maize (corn)","no"
NA,"World","Cereals","Area harvested","ha",1995,135745210,"Maize (corn)","no"
NA,"World","Cereals","Area harvested","ha",1996,139324474,"Maize (corn)","no"
NA,"World","Cereals","Area harvested","ha",1997,140751937,"Maize (corn)","no"
NA,"World","Cereals","Area harvested","ha",1998,138641816,"Maize (corn)","no"
NA,"World","Cereals","Area harvested","ha",1999,137226774,"Maize (corn)","no"
NA,"World","Cereals","Area harvested","ha",2000,136899401,"Maize (corn)","no"
NA,"World","Cereals","Area harvested","ha",2001,137360971,"Maize (corn)","no"
NA,"World","Cereals","Area harvested","ha",2002,137438964,"Maize (corn)","no"
NA,"World","Cereals","Area harvested","ha",2003,144572821,"Maize (corn)","no"
NA,"World","Cereals","Area harvested","ha",2004,147506727,"Maize (corn)","no"
NA,"World","Cereals","Area harvested","ha",2005,148178528,"Maize (corn)","no"
NA,"World","Cereals","Area harvested","ha",2006,148176981,"Maize (corn)","no"
NA,"World","Cereals","Area harvested","ha",2007,159248591,"Maize (corn)","no"
NA,"World","Cereals","Area harvested","ha",2008,163674058,"Maize (corn)","no"
NA,"World","Cereals","Area harvested","ha",2009,159385921,"Maize (corn)","no"
NA,"World","Cereals","Area harvested","ha",2010,165331764,"Maize (corn)","no"
NA,"World","Cereals","Area harvested","ha",2011,172742577,"Maize (corn)","no"
NA,"World","Cereals","Area harvested","ha",2012,180368423,"Maize (corn)","no"
NA,"World","Cereals","Area harvested","ha",2013,187529749,"Maize (corn)","no"
NA,"World","Cereals","Area harvested","ha",2014,186480612,"Maize (corn)","no"
NA,"World","Cereals","Area harvested","ha",2015,191048007,"Maize (corn)","no"
NA,"World","Cereals","Area harvested","ha",2016,194291854,"Maize (corn)","no"
NA,"World","Cereals","Area harvested","ha",2017,198243368,"Maize (corn)","no"
NA,"World","Cereals","Area harvested","ha",2018,194417282,"Maize (corn)","no"
NA,"World","Cereals","Area harvested","ha",2019,195640008,"Maize (corn)","no"
NA,"World","Cereals","Area harvested","ha",2020,199561842,"Maize (corn)","no"
NA,"World","Cereals","Area harvested","ha",2021,205288277,"Maize (corn)","no"
NA,"World","Cereals","Area harvested","ha",2022,203364803,"Maize (corn)","no"
NA,"World","Cereals","Area harvested","ha",2023,208234140,"Maize (corn)","no"
NA,"World","Cereals","Yield","kg/ha",1992,3906.7,"Maize (corn)","no"
NA,"World","Cereals","Yield","kg/ha",1993,3630.8,"Maize (corn)","no"
NA,"World","Cereals","Yield","kg/ha",1994,4112.3,"Maize (corn)","no"
NA,"World","Cereals","Yield","kg/ha",1995,3810.4,"Maize (corn)","no"
NA,"World","Cereals","Yield","kg/ha",1996,4206.7,"Maize (corn)","no"
NA,"World","Cereals","Yield","kg/ha",1997,4151.7,"Maize (corn)","no"
NA,"World","Cereals","Yield","kg/ha",1998,4436,"Maize (corn)","no"
NA,"World","Cereals","Yield","kg/ha",1999,4426,"Maize (corn)","no"
NA,"World","Cereals","Yield","kg/ha",2000,4324,"Maize (corn)","no"
NA,"World","Cereals","Yield","kg/ha",2001,4477.8,"Maize (corn)","no"
NA,"World","Cereals","Yield","kg/ha",2002,4390.8,"Maize (corn)","no"
NA,"World","Cereals","Yield","kg/ha",2003,4461.2,"Maize (corn)","no"
NA,"World","Cereals","Yield","kg/ha",2004,4945.1,"Maize (corn)","no"
NA,"World","Cereals","Yield","kg/ha",2005,4819.1,"Maize (corn)","no"
NA,"World","Cereals","Yield","kg/ha",2006,4776.8,"Maize (corn)","no"
NA,"World","Cereals","Yield","kg/ha",2007,4982.7,"Maize (corn)","no"
NA,"World","Cereals","Yield","kg/ha",2008,5069.5,"Maize (corn)","no"
NA,"World","Cereals","Yield","kg/ha",2009,5149.6,"Maize (corn)","no"
NA,"World","Cereals","Yield","kg/ha",2010,5157.2,"Maize (corn)","no"
NA,"World","Cereals","Yield","kg/ha",2011,5138.4,"Maize (corn)","no"
NA,"World","Cereals","Yield","kg/ha",2012,4848.6,"Maize (corn)","no"
NA,"World","Cereals","Yield","kg/ha",2013,5420.9,"Maize (corn)","no"
NA,"World","Cereals","Yield","kg/ha",2014,5578.9,"Maize (corn)","no"
NA,"World","Cereals","Yield","kg/ha",2015,5515.8,"Maize (corn)","no"
NA,"World","Cereals","Yield","kg/ha",2016,5782.8,"Maize (corn)","no"
NA,"World","Cereals","Yield","kg/ha",2017,5732.7,"Maize (corn)","no"
NA,"World","Cereals","Yield","kg/ha",2018,5724,"Maize (corn)","no"
NA,"World","Cereals","Yield","kg/ha",2019,5811.3,"Maize (corn)","no"
NA,"World","Cereals","Yield","kg/ha",2020,5787.3,"Maize (corn)","no"
NA,"World","Cereals","Yield","kg/ha",2021,5868.3,"Maize (corn)","no"
NA,"World","Cereals","Yield","kg/ha",2022,5714.5,"Maize (corn)","no"
NA,"World","Cereals","Yield","kg/ha",2023,5962.3,"Maize (corn)","no"
NA,"World","Cereals","Production","t",1992,533740874.45,"Maize (corn)","no"
NA,"World","Cereals","Production","t",1993,477177762.88,"Maize (corn)","no"
NA,"World","Cereals","Production","t",1994,568614761.82,"Maize (corn)","no"
NA,"World","Cereals","Production","t",1995,517247589.78,"Maize (corn)","no"
NA,"World","Cereals","Production","t",1996,586092049.67,"Maize (corn)","no"
NA,"World","Cereals","Production","t",1997,584352971.92,"Maize (corn)","no"
NA,"World","Cereals","Production","t",1998,615021304.58,"Maize (corn)","no"
NA,"World","Cereals","Production","t",1999,607365318.47,"Maize (corn)","no"
NA,"World","Cereals","Production","t",2000,591954995.42,"Maize (corn)","no"
NA,"World","Cereals","Production","t",2001,615075179.12,"Maize (corn)","no"
NA,"World","Cereals","Production","t",2002,603468469.07,"Maize (corn)","no"
NA,"World","Cereals","Production","t",2003,644972534.72,"Maize (corn)","no"
NA,"World","Cereals","Production","t",2004,729431220.17,"Maize (corn)","no"
NA,"World","Cereals","Production","t",2005,714085696.36,"Maize (corn)","no"
NA,"World","Cereals","Production","t",2006,707811410.14,"Maize (corn)","no"
NA,"World","Cereals","Production","t",2007,793483507.24,"Maize (corn)","no"
NA,"World","Cereals","Production","t",2008,829743653.88,"Maize (corn)","no"
NA,"World","Cereals","Production","t",2009,820768088.8,"Maize (corn)","no"
NA,"World","Cereals","Production","t",2010,852646155.56,"Maize (corn)","no"
NA,"World","Cereals","Production","t",2011,887626396.22,"Maize (corn)","no"
NA,"World","Cereals","Production","t",2012,874530297.05,"Maize (corn)","no"
NA,"World","Cereals","Production","t",2013,1016585651.02,"Maize (corn)","no"
NA,"World","Cereals","Production","t",2014,1040365471.95,"Maize (corn)","no"
NA,"World","Cereals","Production","t",2015,1053773257.06,"Maize (corn)","no"
NA,"World","Cereals","Production","t",2016,1123549003.44,"Maize (corn)","no"
NA,"World","Cereals","Production","t",2017,1136477459.32,"Maize (corn)","no"
NA,"World","Cereals","Production","t",2018,1112841408.91,"Maize (corn)","no"
NA,"World","Cereals","Production","t",2019,1136920476.7,"Maize (corn)","no"
NA,"World","Cereals","Production","t",2020,1154921581.51,"Maize (corn)","no"
NA,"World","Cereals","Production","t",2021,1204689469.9,"Maize (corn)","no"
NA,"World","Cereals","Production","t",2022,1162118007.9,"Maize (corn)","no"
NA,"World","Cereals","Production","t",2023,1241557811.36,"Maize (corn)","no"
NA,"World","Fruits and nuts","Area harvested","ha",1992,2482843,"Mangoes, guavas and mangosteens","no"
NA,"World","Fruits and nuts","Area harvested","ha",1993,2605149,"Mangoes, guavas and mangosteens","no"
NA,"World","Fruits and nuts","Area harvested","ha",1994,2723675,"Mangoes, guavas and mangosteens","no"
NA,"World","Fruits and nuts","Area harvested","ha",1995,2956137,"Mangoes, guavas and mangosteens","no"
NA,"World","Fruits and nuts","Area harvested","ha",1996,3001264,"Mangoes, guavas and mangosteens","no"
NA,"World","Fruits and nuts","Area harvested","ha",1997,2950661,"Mangoes, guavas and mangosteens","no"
NA,"World","Fruits and nuts","Area harvested","ha",1998,3286993,"Mangoes, guavas and mangosteens","no"
NA,"World","Fruits and nuts","Area harvested","ha",1999,3340495,"Mangoes, guavas and mangosteens","no"
NA,"World","Fruits and nuts","Area harvested","ha",2000,3568700,"Mangoes, guavas and mangosteens","no"
NA,"World","Fruits and nuts","Area harvested","ha",2001,3559546,"Mangoes, guavas and mangosteens","no"
NA,"World","Fruits and nuts","Area harvested","ha",2002,3649534,"Mangoes, guavas and mangosteens","no"
NA,"World","Fruits and nuts","Area harvested","ha",2003,3782627,"Mangoes, guavas and mangosteens","no"
NA,"World","Fruits and nuts","Area harvested","ha",2004,4157484,"Mangoes, guavas and mangosteens","no"
NA,"World","Fruits and nuts","Area harvested","ha",2005,4410839,"Mangoes, guavas and mangosteens","no"
NA,"World","Fruits and nuts","Area harvested","ha",2006,4594979,"Mangoes, guavas and mangosteens","no"
NA,"World","Fruits and nuts","Area harvested","ha",2007,4713830,"Mangoes, guavas and mangosteens","no"
NA,"World","Fruits and nuts","Area harvested","ha",2008,4824995,"Mangoes, guavas and mangosteens","no"
NA,"World","Fruits and nuts","Area harvested","ha",2009,5020632,"Mangoes, guavas and mangosteens","no"
NA,"World","Fruits and nuts","Area harvested","ha",2010,4975512,"Mangoes, guavas and mangosteens","no"
NA,"World","Fruits and nuts","Area harvested","ha",2011,5129329,"Mangoes, guavas and mangosteens","no"
NA,"World","Fruits and nuts","Area harvested","ha",2012,5344804,"Mangoes, guavas and mangosteens","no"
NA,"World","Fruits and nuts","Area harvested","ha",2013,5525755,"Mangoes, guavas and mangosteens","no"
NA,"World","Fruits and nuts","Area harvested","ha",2014,5614254,"Mangoes, guavas and mangosteens","no"
NA,"World","Fruits and nuts","Area harvested","ha",2015,5242765,"Mangoes, guavas and mangosteens","no"
NA,"World","Fruits and nuts","Area harvested","ha",2016,5277343,"Mangoes, guavas and mangosteens","no"
NA,"World","Fruits and nuts","Area harvested","ha",2017,5570277,"Mangoes, guavas and mangosteens","no"
NA,"World","Fruits and nuts","Area harvested","ha",2018,5544024,"Mangoes, guavas and mangosteens","no"
NA,"World","Fruits and nuts","Area harvested","ha",2019,5777281,"Mangoes, guavas and mangosteens","no"
NA,"World","Fruits and nuts","Area harvested","ha",2020,5855912,"Mangoes, guavas and mangosteens","no"
NA,"World","Fruits and nuts","Area harvested","ha",2021,5923402,"Mangoes, guavas and mangosteens","no"
NA,"World","Fruits and nuts","Area harvested","ha",2022,6079221,"Mangoes, guavas and mangosteens","no"
NA,"World","Fruits and nuts","Area harvested","ha",2023,6159876,"Mangoes, guavas and mangosteens","no"
NA,"World","Fruits and nuts","Yield","kg/ha",1992,7453.6,"Mangoes, guavas and mangosteens","no"
NA,"World","Fruits and nuts","Yield","kg/ha",1993,7661.8,"Mangoes, guavas and mangosteens","no"
NA,"World","Fruits and nuts","Yield","kg/ha",1994,8029.8,"Mangoes, guavas and mangosteens","no"
NA,"World","Fruits and nuts","Yield","kg/ha",1995,7786.9,"Mangoes, guavas and mangosteens","no"
NA,"World","Fruits and nuts","Yield","kg/ha",1996,7598.6,"Mangoes, guavas and mangosteens","no"
NA,"World","Fruits and nuts","Yield","kg/ha",1997,8109.8,"Mangoes, guavas and mangosteens","no"
NA,"World","Fruits and nuts","Yield","kg/ha",1998,6965,"Mangoes, guavas and mangosteens","no"
NA,"World","Fruits and nuts","Yield","kg/ha",1999,7112.1,"Mangoes, guavas and mangosteens","no"
NA,"World","Fruits and nuts","Yield","kg/ha",2000,6984.6,"Mangoes, guavas and mangosteens","no"
NA,"World","Fruits and nuts","Yield","kg/ha",2001,7051.7,"Mangoes, guavas and mangosteens","no"
NA,"World","Fruits and nuts","Yield","kg/ha",2002,7235.8,"Mangoes, guavas and mangosteens","no"
NA,"World","Fruits and nuts","Yield","kg/ha",2003,7919.4,"Mangoes, guavas and mangosteens","no"
NA,"World","Fruits and nuts","Yield","kg/ha",2004,7180.6,"Mangoes, guavas and mangosteens","no"
NA,"World","Fruits and nuts","Yield","kg/ha",2005,7233,"Mangoes, guavas and mangosteens","no"
NA,"World","Fruits and nuts","Yield","kg/ha",2006,7429.1,"Mangoes, guavas and mangosteens","no"
NA,"World","Fruits and nuts","Yield","kg/ha",2007,7490.9,"Mangoes, guavas and mangosteens","no"
NA,"World","Fruits and nuts","Yield","kg/ha",2008,7607.2,"Mangoes, guavas and mangosteens","no"
NA,"World","Fruits and nuts","Yield","kg/ha",2009,7081,"Mangoes, guavas and mangosteens","no"
NA,"World","Fruits and nuts","Yield","kg/ha",2010,7525.9,"Mangoes, guavas and mangosteens","no"
NA,"World","Fruits and nuts","Yield","kg/ha",2011,7746.7,"Mangoes, guavas and mangosteens","no"
NA,"World","Fruits and nuts","Yield","kg/ha",2012,7837.8,"Mangoes, guavas and mangosteens","no"
NA,"World","Fruits and nuts","Yield","kg/ha",2013,8129.3,"Mangoes, guavas and mangosteens","no"
NA,"World","Fruits and nuts","Yield","kg/ha",2014,8222,"Mangoes, guavas and mangosteens","no"
NA,"World","Fruits and nuts","Yield","kg/ha",2015,8968.7,"Mangoes, guavas and mangosteens","no"
NA,"World","Fruits and nuts","Yield","kg/ha",2016,9022,"Mangoes, guavas and mangosteens","no"
NA,"World","Fruits and nuts","Yield","kg/ha",2017,9499.2,"Mangoes, guavas and mangosteens","no"
NA,"World","Fruits and nuts","Yield","kg/ha",2018,9860.6,"Mangoes, guavas and mangosteens","no"
NA,"World","Fruits and nuts","Yield","kg/ha",2019,9793.1,"Mangoes, guavas and mangosteens","no"
NA,"World","Fruits and nuts","Yield","kg/ha",2020,9645.7,"Mangoes, guavas and mangosteens","no"
NA,"World","Fruits and nuts","Yield","kg/ha",2021,9702.3,"Mangoes, guavas and mangosteens","no"
NA,"World","Fruits and nuts","Yield","kg/ha",2022,9952.7,"Mangoes, guavas and mangosteens","no"
NA,"World","Fruits and nuts","Yield","kg/ha",2023,9920.2,"Mangoes, guavas and mangosteens","no"
NA,"World","Fruits and nuts","Production","t",1992,18506219.04,"Mangoes, guavas and mangosteens","no"
NA,"World","Fruits and nuts","Production","t",1993,19960034.76,"Mangoes, guavas and mangosteens","no"
NA,"World","Fruits and nuts","Production","t",1994,21870495.11,"Mangoes, guavas and mangosteens","no"
NA,"World","Fruits and nuts","Production","t",1995,23019096.36,"Mangoes, guavas and mangosteens","no"
NA,"World","Fruits and nuts","Production","t",1996,22805465.43,"Mangoes, guavas and mangosteens","no"
NA,"World","Fruits and nuts","Production","t",1997,23929396.82,"Mangoes, guavas and mangosteens","no"
NA,"World","Fruits and nuts","Production","t",1998,22893776.03,"Mangoes, guavas and mangosteens","no"
NA,"World","Fruits and nuts","Production","t",1999,23758045.07,"Mangoes, guavas and mangosteens","no"
NA,"World","Fruits and nuts","Production","t",2000,24926074.09,"Mangoes, guavas and mangosteens","no"
NA,"World","Fruits and nuts","Production","t",2001,25100988.91,"Mangoes, guavas and mangosteens","no"
NA,"World","Fruits and nuts","Production","t",2002,26407133.29,"Mangoes, guavas and mangosteens","no"
NA,"World","Fruits and nuts","Production","t",2003,29956298.99,"Mangoes, guavas and mangosteens","no"
NA,"World","Fruits and nuts","Production","t",2004,29853128.96,"Mangoes, guavas and mangosteens","no"
NA,"World","Fruits and nuts","Production","t",2005,31903735.41,"Mangoes, guavas and mangosteens","no"
NA,"World","Fruits and nuts","Production","t",2006,34136606.28,"Mangoes, guavas and mangosteens","no"
NA,"World","Fruits and nuts","Production","t",2007,35310662.85,"Mangoes, guavas and mangosteens","no"
NA,"World","Fruits and nuts","Production","t",2008,36704850.67,"Mangoes, guavas and mangosteens","no"
NA,"World","Fruits and nuts","Production","t",2009,35551217.95,"Mangoes, guavas and mangosteens","no"
NA,"World","Fruits and nuts","Production","t",2010,37445189.72,"Mangoes, guavas and mangosteens","no"
NA,"World","Fruits and nuts","Production","t",2011,39735504.43,"Mangoes, guavas and mangosteens","no"
NA,"World","Fruits and nuts","Production","t",2012,41891438.63,"Mangoes, guavas and mangosteens","no"
NA,"World","Fruits and nuts","Production","t",2013,44920572.76,"Mangoes, guavas and mangosteens","no"
NA,"World","Fruits and nuts","Production","t",2014,46160632.75,"Mangoes, guavas and mangosteens","no"
NA,"World","Fruits and nuts","Production","t",2015,47020857.32,"Mangoes, guavas and mangosteens","no"
NA,"World","Fruits and nuts","Production","t",2016,47612363.91,"Mangoes, guavas and mangosteens","no"
NA,"World","Fruits and nuts","Production","t",2017,52913274.68,"Mangoes, guavas and mangosteens","no"
NA,"World","Fruits and nuts","Production","t",2018,54667389.5,"Mangoes, guavas and mangosteens","no"
NA,"World","Fruits and nuts","Production","t",2019,56577427.07,"Mangoes, guavas and mangosteens","no"
NA,"World","Fruits and nuts","Production","t",2020,56484477.26,"Mangoes, guavas and mangosteens","no"
NA,"World","Fruits and nuts","Production","t",2021,57470674.63,"Mangoes, guavas and mangosteens","no"
NA,"World","Fruits and nuts","Production","t",2022,60504953.6,"Mangoes, guavas and mangosteens","no"
NA,"World","Fruits and nuts","Production","t",2023,61107091.76,"Mangoes, guavas and mangosteens","no"
NA,"World","Margarine and similar preparations","Production","t",1992,11406030.81,"Margarine and shortening","no"
NA,"World","Margarine and similar preparations","Production","t",1993,11740290.13,"Margarine and shortening","no"
NA,"World","Margarine and similar preparations","Production","t",1994,11424279.56,"Margarine and shortening","no"
NA,"World","Margarine and similar preparations","Production","t",1995,11546798.65,"Margarine and shortening","no"
NA,"World","Margarine and similar preparations","Production","t",1996,11671632.03,"Margarine and shortening","no"
NA,"World","Margarine and similar preparations","Production","t",1997,11693610.61,"Margarine and shortening","no"
NA,"World","Margarine and similar preparations","Production","t",1998,11615542.47,"Margarine and shortening","no"
NA,"World","Margarine and similar preparations","Production","t",1999,12263067.53,"Margarine and shortening","no"
NA,"World","Margarine and similar preparations","Production","t",2000,12679095.51,"Margarine and shortening","no"
NA,"World","Margarine and similar preparations","Production","t",2001,14133331.09,"Margarine and shortening","no"
NA,"World","Margarine and similar preparations","Production","t",2002,14401878.34,"Margarine and shortening","no"
NA,"World","Margarine and similar preparations","Production","t",2003,14386573.92,"Margarine and shortening","no"
NA,"World","Margarine and similar preparations","Production","t",2004,14929650.56,"Margarine and shortening","no"
NA,"World","Margarine and similar preparations","Production","t",2005,14880520.7,"Margarine and shortening","no"
NA,"World","Margarine and similar preparations","Production","t",2006,14556485.75,"Margarine and shortening","no"
NA,"World","Margarine and similar preparations","Production","t",2007,14949389.98,"Margarine and shortening","no"
NA,"World","Margarine and similar preparations","Production","t",2008,14473129.84,"Margarine and shortening","no"
NA,"World","Margarine and similar preparations","Production","t",2009,14130819.67,"Margarine and shortening","no"
NA,"World","Margarine and similar preparations","Production","t",2010,13352189.16,"Margarine and shortening","no"
NA,"World","Margarine and similar preparations","Production","t",2011,13099928.07,"Margarine and shortening","no"
NA,"World","Margarine and similar preparations","Production","t",2012,13169853.77,"Margarine and shortening","no"
NA,"World","Margarine and similar preparations","Production","t",2013,13382596.67,"Margarine and shortening","no"
NA,"World","Margarine and similar preparations","Production","t",2014,13769598.22,"Margarine and shortening","no"
NA,"World","Margarine and similar preparations","Production","t",2015,14268153.28,"Margarine and shortening","no"
NA,"World","Margarine and similar preparations","Production","t",2016,14102199.15,"Margarine and shortening","no"
NA,"World","Margarine and similar preparations","Production","t",2017,14833352.39,"Margarine and shortening","no"
NA,"World","Margarine and similar preparations","Production","t",2018,14779686.34,"Margarine and shortening","no"
NA,"World","Margarine and similar preparations","Production","t",2019,14657627.84,"Margarine and shortening","no"
NA,"World","Margarine and similar preparations","Production","t",2020,14430488.17,"Margarine and shortening","no"
NA,"World","Margarine and similar preparations","Production","t",2021,14204825.31,"Margarine and shortening","no"
NA,"World","Margarine and similar preparations","Production","t",2022,13964943.23,"Margarine and shortening","no"
NA,"World","Margarine and similar preparations","Production","t",2023,NA,"Margarine and shortening","no"
NA,"World","Stimulant, spice and aromatic crops","Area harvested","ha",1992,146414,"Maté leaves","no"
NA,"World","Stimulant, spice and aromatic crops","Area harvested","ha",1993,204314,"Maté leaves","no"
NA,"World","Stimulant, spice and aromatic crops","Area harvested","ha",1994,197547,"Maté leaves","no"
NA,"World","Stimulant, spice and aromatic crops","Area harvested","ha",1995,201180,"Maté leaves","no"
NA,"World","Stimulant, spice and aromatic crops","Area harvested","ha",1996,225139,"Maté leaves","no"
NA,"World","Stimulant, spice and aromatic crops","Area harvested","ha",1997,213255,"Maté leaves","no"
NA,"World","Stimulant, spice and aromatic crops","Area harvested","ha",1998,238309,"Maté leaves","no"
NA,"World","Stimulant, spice and aromatic crops","Area harvested","ha",1999,241434,"Maté leaves","no"
NA,"World","Stimulant, spice and aromatic crops","Area harvested","ha",2000,278638,"Maté leaves","no"
NA,"World","Stimulant, spice and aromatic crops","Area harvested","ha",2001,293233,"Maté leaves","no"
NA,"World","Stimulant, spice and aromatic crops","Area harvested","ha",2002,289429,"Maté leaves","no"
NA,"World","Stimulant, spice and aromatic crops","Area harvested","ha",2003,271606,"Maté leaves","no"
NA,"World","Stimulant, spice and aromatic crops","Area harvested","ha",2004,263756,"Maté leaves","no"
NA,"World","Stimulant, spice and aromatic crops","Area harvested","ha",2005,269551,"Maté leaves","no"
NA,"World","Stimulant, spice and aromatic crops","Area harvested","ha",2006,280613,"Maté leaves","no"
NA,"World","Stimulant, spice and aromatic crops","Area harvested","ha",2007,274976,"Maté leaves","no"
NA,"World","Stimulant, spice and aromatic crops","Area harvested","ha",2008,263462,"Maté leaves","no"
NA,"World","Stimulant, spice and aromatic crops","Area harvested","ha",2009,264458,"Maté leaves","no"
NA,"World","Stimulant, spice and aromatic crops","Area harvested","ha",2010,290703,"Maté leaves","no"
NA,"World","Stimulant, spice and aromatic crops","Area harvested","ha",2011,267984,"Maté leaves","no"
NA,"World","Stimulant, spice and aromatic crops","Area harvested","ha",2012,274847,"Maté leaves","no"
NA,"World","Stimulant, spice and aromatic crops","Area harvested","ha",2013,266392,"Maté leaves","no"
NA,"World","Stimulant, spice and aromatic crops","Area harvested","ha",2014,268641,"Maté leaves","no"
NA,"World","Stimulant, spice and aromatic crops","Area harvested","ha",2015,274251,"Maté leaves","no"
NA,"World","Stimulant, spice and aromatic crops","Area harvested","ha",2016,260332,"Maté leaves","no"
NA,"World","Stimulant, spice and aromatic crops","Area harvested","ha",2017,265740,"Maté leaves","no"
NA,"World","Stimulant, spice and aromatic crops","Area harvested","ha",2018,259302,"Maté leaves","no"
NA,"World","Stimulant, spice and aromatic crops","Area harvested","ha",2019,263451,"Maté leaves","no"
NA,"World","Stimulant, spice and aromatic crops","Area harvested","ha",2020,272792,"Maté leaves","no"
NA,"World","Stimulant, spice and aromatic crops","Area harvested","ha",2021,272458,"Maté leaves","no"
NA,"World","Stimulant, spice and aromatic crops","Area harvested","ha",2022,290669,"Maté leaves","no"
NA,"World","Stimulant, spice and aromatic crops","Area harvested","ha",2023,299833,"Maté leaves","no"
NA,"World","Stimulant, spice and aromatic crops","Yield","kg/ha",1992,2605.4,"Maté leaves","no"
NA,"World","Stimulant, spice and aromatic crops","Yield","kg/ha",1993,2509.9,"Maté leaves","no"
NA,"World","Stimulant, spice and aromatic crops","Yield","kg/ha",1994,2663.4,"Maté leaves","no"
NA,"World","Stimulant, spice and aromatic crops","Yield","kg/ha",1995,2842.2,"Maté leaves","no"
NA,"World","Stimulant, spice and aromatic crops","Yield","kg/ha",1996,2438.8,"Maté leaves","no"
NA,"World","Stimulant, spice and aromatic crops","Yield","kg/ha",1997,3070.5,"Maté leaves","no"
NA,"World","Stimulant, spice and aromatic crops","Yield","kg/ha",1998,3263.3,"Maté leaves","no"
NA,"World","Stimulant, spice and aromatic crops","Yield","kg/ha",1999,3506.7,"Maté leaves","no"
NA,"World","Stimulant, spice and aromatic crops","Yield","kg/ha",2000,3130.5,"Maté leaves","no"
NA,"World","Stimulant, spice and aromatic crops","Yield","kg/ha",2001,3495.1,"Maté leaves","no"
NA,"World","Stimulant, spice and aromatic crops","Yield","kg/ha",2002,3230.9,"Maté leaves","no"
NA,"World","Stimulant, spice and aromatic crops","Yield","kg/ha",2003,3224.3,"Maté leaves","no"
NA,"World","Stimulant, spice and aromatic crops","Yield","kg/ha",2004,2775,"Maté leaves","no"
NA,"World","Stimulant, spice and aromatic crops","Yield","kg/ha",2005,2852.6,"Maté leaves","no"
NA,"World","Stimulant, spice and aromatic crops","Yield","kg/ha",2006,2852.9,"Maté leaves","no"
NA,"World","Stimulant, spice and aromatic crops","Yield","kg/ha",2007,2967.4,"Maté leaves","no"
NA,"World","Stimulant, spice and aromatic crops","Yield","kg/ha",2008,2843.9,"Maté leaves","no"
NA,"World","Stimulant, spice and aromatic crops","Yield","kg/ha",2009,2829.8,"Maté leaves","no"
NA,"World","Stimulant, spice and aromatic crops","Yield","kg/ha",2010,2636.8,"Maté leaves","no"
NA,"World","Stimulant, spice and aromatic crops","Yield","kg/ha",2011,2890.2,"Maté leaves","no"
NA,"World","Stimulant, spice and aromatic crops","Yield","kg/ha",2012,2989.1,"Maté leaves","no"
NA,"World","Stimulant, spice and aromatic crops","Yield","kg/ha",2013,3163.2,"Maté leaves","no"
NA,"World","Stimulant, spice and aromatic crops","Yield","kg/ha",2014,3570.7,"Maté leaves","no"
NA,"World","Stimulant, spice and aromatic crops","Yield","kg/ha",2015,3610.2,"Maté leaves","no"
NA,"World","Stimulant, spice and aromatic crops","Yield","kg/ha",2016,5924.1,"Maté leaves","no"
NA,"World","Stimulant, spice and aromatic crops","Yield","kg/ha",2017,5324.3,"Maté leaves","no"
NA,"World","Stimulant, spice and aromatic crops","Yield","kg/ha",2018,5535.8,"Maté leaves","no"
NA,"World","Stimulant, spice and aromatic crops","Yield","kg/ha",2019,5637.9,"Maté leaves","no"
NA,"World","Stimulant, spice and aromatic crops","Yield","kg/ha",2020,5402.4,"Maté leaves","no"
NA,"World","Stimulant, spice and aromatic crops","Yield","kg/ha",2021,5526.3,"Maté leaves","no"
NA,"World","Stimulant, spice and aromatic crops","Yield","kg/ha",2022,6005,"Maté leaves","no"
NA,"World","Stimulant, spice and aromatic crops","Yield","kg/ha",2023,6266,"Maté leaves","no"
NA,"World","Stimulant, spice and aromatic crops","Production","t",1992,381468,"Maté leaves","no"
NA,"World","Stimulant, spice and aromatic crops","Production","t",1993,512810,"Maté leaves","no"
NA,"World","Stimulant, spice and aromatic crops","Production","t",1994,526152,"Maté leaves","no"
NA,"World","Stimulant, spice and aromatic crops","Production","t",1995,571796,"Maté leaves","no"
NA,"World","Stimulant, spice and aromatic crops","Production","t",1996,549077,"Maté leaves","no"
NA,"World","Stimulant, spice and aromatic crops","Production","t",1997,654801,"Maté leaves","no"
NA,"World","Stimulant, spice and aromatic crops","Production","t",1998,777673,"Maté leaves","no"
NA,"World","Stimulant, spice and aromatic crops","Production","t",1999,846638,"Maté leaves","no"
NA,"World","Stimulant, spice and aromatic crops","Production","t",2000,872266,"Maté leaves","no"
NA,"World","Stimulant, spice and aromatic crops","Production","t",2001,1024875,"Maté leaves","no"
NA,"World","Stimulant, spice and aromatic crops","Production","t",2002,935115,"Maté leaves","no"
NA,"World","Stimulant, spice and aromatic crops","Production","t",2003,875744,"Maté leaves","no"
NA,"World","Stimulant, spice and aromatic crops","Production","t",2004,731926,"Maté leaves","no"
NA,"World","Stimulant, spice and aromatic crops","Production","t",2005,768911,"Maté leaves","no"
NA,"World","Stimulant, spice and aromatic crops","Production","t",2006,800563,"Maté leaves","no"
NA,"World","Stimulant, spice and aromatic crops","Production","t",2007,815974,"Maté leaves","no"
NA,"World","Stimulant, spice and aromatic crops","Production","t",2008,749247.6,"Maté leaves","no"
NA,"World","Stimulant, spice and aromatic crops","Production","t",2009,748350.9,"Maté leaves","no"
NA,"World","Stimulant, spice and aromatic crops","Production","t",2010,766518,"Maté leaves","no"
NA,"World","Stimulant, spice and aromatic crops","Production","t",2011,774524,"Maté leaves","no"
NA,"World","Stimulant, spice and aromatic crops","Production","t",2012,821534,"Maté leaves","no"
NA,"World","Stimulant, spice and aromatic crops","Production","t",2013,842650,"Maté leaves","no"
NA,"World","Stimulant, spice and aromatic crops","Production","t",2014,959247.05,"Maté leaves","no"
NA,"World","Stimulant, spice and aromatic crops","Production","t",2015,990103,"Maté leaves","no"
NA,"World","Stimulant, spice and aromatic crops","Production","t",2016,1542243,"Maté leaves","no"
NA,"World","Stimulant, spice and aromatic crops","Production","t",2017,1414876,"Maté leaves","no"
NA,"World","Stimulant, spice and aromatic crops","Production","t",2018,1435443,"Maté leaves","no"
NA,"World","Stimulant, spice and aromatic crops","Production","t",2019,1485313,"Maté leaves","no"
NA,"World","Stimulant, spice and aromatic crops","Production","t",2020,1473739,"Maté leaves","no"
NA,"World","Stimulant, spice and aromatic crops","Production","t",2021,1505674.63,"Maté leaves","no"
NA,"World","Stimulant, spice and aromatic crops","Production","t",2022,1745470.61,"Maté leaves","no"
NA,"World","Stimulant, spice and aromatic crops","Production","t",2023,1878751.3,"Maté leaves","no"
NA,"World","Meat and meat products","Production","t",1992,170930.67,"Meat of asses, fresh or chilled","no"
NA,"World","Meat and meat products","Production","t",1993,169246.73,"Meat of asses, fresh or chilled","no"
NA,"World","Meat and meat products","Production","t",1994,168136.04,"Meat of asses, fresh or chilled","no"
NA,"World","Meat and meat products","Production","t",1995,168608.8,"Meat of asses, fresh or chilled","no"
NA,"World","Meat and meat products","Production","t",1996,180750.23,"Meat of asses, fresh or chilled","no"
NA,"World","Meat and meat products","Production","t",1997,160670.71,"Meat of asses, fresh or chilled","no"
NA,"World","Meat and meat products","Production","t",1998,160652.21,"Meat of asses, fresh or chilled","no"
NA,"World","Meat and meat products","Production","t",1999,166438.18,"Meat of asses, fresh or chilled","no"
NA,"World","Meat and meat products","Production","t",2000,171401.86,"Meat of asses, fresh or chilled","no"
NA,"World","Meat and meat products","Production","t",2001,173458.06,"Meat of asses, fresh or chilled","no"
NA,"World","Meat and meat products","Production","t",2002,180546.88,"Meat of asses, fresh or chilled","no"
NA,"World","Meat and meat products","Production","t",2003,184954.77,"Meat of asses, fresh or chilled","no"
NA,"World","Meat and meat products","Production","t",2004,190639.94,"Meat of asses, fresh or chilled","no"
NA,"World","Meat and meat products","Production","t",2005,191284.59,"Meat of asses, fresh or chilled","no"
NA,"World","Meat and meat products","Production","t",2006,197311.25,"Meat of asses, fresh or chilled","no"
NA,"World","Meat and meat products","Production","t",2007,192088.38,"Meat of asses, fresh or chilled","no"
NA,"World","Meat and meat products","Production","t",2008,191979.14,"Meat of asses, fresh or chilled","no"
NA,"World","Meat and meat products","Production","t",2009,203037,"Meat of asses, fresh or chilled","no"
NA,"World","Meat and meat products","Production","t",2010,204547,"Meat of asses, fresh or chilled","no"
NA,"World","Meat and meat products","Production","t",2011,212857,"Meat of asses, fresh or chilled","no"
NA,"World","Meat and meat products","Production","t",2012,212305.59,"Meat of asses, fresh or chilled","no"
NA,"World","Meat and meat products","Production","t",2013,210574.03,"Meat of asses, fresh or chilled","no"
NA,"World","Meat and meat products","Production","t",2014,212375.72,"Meat of asses, fresh or chilled","no"
NA,"World","Meat and meat products","Production","t",2015,213588.12,"Meat of asses, fresh or chilled","no"
NA,"World","Meat and meat products","Production","t",2016,157299.39,"Meat of asses, fresh or chilled","no"
NA,"World","Meat and meat products","Production","t",2017,115709.09,"Meat of asses, fresh or chilled","no"
NA,"World","Meat and meat products","Production","t",2018,114066.32,"Meat of asses, fresh or chilled","no"
NA,"World","Meat and meat products","Production","t",2019,123195.87,"Meat of asses, fresh or chilled","no"
NA,"World","Meat and meat products","Production","t",2020,122072.85,"Meat of asses, fresh or chilled","no"
NA,"World","Meat and meat products","Production","t",2021,99492.26,"Meat of asses, fresh or chilled","no"
NA,"World","Meat and meat products","Production","t",2022,91365.06,"Meat of asses, fresh or chilled","no"
NA,"World","Meat and meat products","Production","t",2023,81303.41,"Meat of asses, fresh or chilled","no"
NA,"World","Meat and meat products","Production","t",1992,2594638.63,"Meat of buffalo, fresh or chilled","no"
NA,"World","Meat and meat products","Production","t",1993,2249672.58,"Meat of buffalo, fresh or chilled","no"
NA,"World","Meat and meat products","Production","t",1994,2429578.76,"Meat of buffalo, fresh or chilled","no"
NA,"World","Meat and meat products","Production","t",1995,2579780.03,"Meat of buffalo, fresh or chilled","no"
NA,"World","Meat and meat products","Production","t",1996,2203830.13,"Meat of buffalo, fresh or chilled","no"
NA,"World","Meat and meat products","Production","t",1997,2538959.37,"Meat of buffalo, fresh or chilled","no"
NA,"World","Meat and meat products","Production","t",1998,2820136.44,"Meat of buffalo, fresh or chilled","no"
NA,"World","Meat and meat products","Production","t",1999,3114491.33,"Meat of buffalo, fresh or chilled","no"
NA,"World","Meat and meat products","Production","t",2000,3223645.09,"Meat of buffalo, fresh or chilled","no"
NA,"World","Meat and meat products","Production","t",2001,3363133.77,"Meat of buffalo, fresh or chilled","no"
NA,"World","Meat and meat products","Production","t",2002,3611434.13,"Meat of buffalo, fresh or chilled","no"
NA,"World","Meat and meat products","Production","t",2003,3789631.46,"Meat of buffalo, fresh or chilled","no"
NA,"World","Meat and meat products","Production","t",2004,4057113.79,"Meat of buffalo, fresh or chilled","no"
NA,"World","Meat and meat products","Production","t",2005,4175618.67,"Meat of buffalo, fresh or chilled","no"
NA,"World","Meat and meat products","Production","t",2006,4596520.2,"Meat of buffalo, fresh or chilled","no"
NA,"World","Meat and meat products","Production","t",2007,4739487.95,"Meat of buffalo, fresh or chilled","no"
NA,"World","Meat and meat products","Production","t",2008,4961852.77,"Meat of buffalo, fresh or chilled","no"
NA,"World","Meat and meat products","Production","t",2009,5257376.17,"Meat of buffalo, fresh or chilled","no"
NA,"World","Meat and meat products","Production","t",2010,5505076.5,"Meat of buffalo, fresh or chilled","no"
NA,"World","Meat and meat products","Production","t",2011,5713599.16,"Meat of buffalo, fresh or chilled","no"
NA,"World","Meat and meat products","Production","t",2012,5926696.99,"Meat of buffalo, fresh or chilled","no"
NA,"World","Meat and meat products","Production","t",2013,6234264.96,"Meat of buffalo, fresh or chilled","no"
NA,"World","Meat and meat products","Production","t",2014,6455620.71,"Meat of buffalo, fresh or chilled","no"
NA,"World","Meat and meat products","Production","t",2015,6601296.68,"Meat of buffalo, fresh or chilled","no"
NA,"World","Meat and meat products","Production","t",2016,6684451.8,"Meat of buffalo, fresh or chilled","no"
NA,"World","Meat and meat products","Production","t",2017,6779843.23,"Meat of buffalo, fresh or chilled","no"
NA,"World","Meat and meat products","Production","t",2018,6816405.89,"Meat of buffalo, fresh or chilled","no"
NA,"World","Meat and meat products","Production","t",2019,6758969.08,"Meat of buffalo, fresh or chilled","no"
NA,"World","Meat and meat products","Production","t",2020,6242848.16,"Meat of buffalo, fresh or chilled","no"
NA,"World","Meat and meat products","Production","t",2021,6762138.13,"Meat of buffalo, fresh or chilled","no"
NA,"World","Meat and meat products","Production","t",2022,7000100.96,"Meat of buffalo, fresh or chilled","no"
NA,"World","Meat and meat products","Production","t",2023,7098608.06,"Meat of buffalo, fresh or chilled","no"
NA,"World","Meat and meat products","Production","t",1992,263924.66,"Meat of camels, fresh or chilled","no"
NA,"World","Meat and meat products","Production","t",1993,256321.3,"Meat of camels, fresh or chilled","no"
NA,"World","Meat and meat products","Production","t",1994,271121.39,"Meat of camels, fresh or chilled","no"
NA,"World","Meat and meat products","Production","t",1995,277473.93,"Meat of camels, fresh or chilled","no"
NA,"World","Meat and meat products","Production","t",1996,307800.41,"Meat of camels, fresh or chilled","no"
NA,"World","Meat and meat products","Production","t",1997,305766.1,"Meat of camels, fresh or chilled","no"
NA,"World","Meat and meat products","Production","t",1998,315363.85,"Meat of camels, fresh or chilled","no"
NA,"World","Meat and meat products","Production","t",1999,320895.12,"Meat of camels, fresh or chilled","no"
NA,"World","Meat and meat products","Production","t",2000,324200.11,"Meat of camels, fresh or chilled","no"
NA,"World","Meat and meat products","Production","t",2001,333187.49,"Meat of camels, fresh or chilled","no"
NA,"World","Meat and meat products","Production","t",2002,329226.58,"Meat of camels, fresh or chilled","no"
NA,"World","Meat and meat products","Production","t",2003,337797.96,"Meat of camels, fresh or chilled","no"
NA,"World","Meat and meat products","Production","t",2004,349899.58,"Meat of camels, fresh or chilled","no"
NA,"World","Meat and meat products","Production","t",2005,315397.32,"Meat of camels, fresh or chilled","no"
NA,"World","Meat and meat products","Production","t",2006,357292.63,"Meat of camels, fresh or chilled","no"
NA,"World","Meat and meat products","Production","t",2007,407974.92,"Meat of camels, fresh or chilled","no"
NA,"World","Meat and meat products","Production","t",2008,442361.28,"Meat of camels, fresh or chilled","no"
NA,"World","Meat and meat products","Production","t",2009,435123.73,"Meat of camels, fresh or chilled","no"
NA,"World","Meat and meat products","Production","t",2010,457481.07,"Meat of camels, fresh or chilled","no"
NA,"World","Meat and meat products","Production","t",2011,472140.39,"Meat of camels, fresh or chilled","no"
NA,"World","Meat and meat products","Production","t",2012,478575.96,"Meat of camels, fresh or chilled","no"
NA,"World","Meat and meat products","Production","t",2013,499593.91,"Meat of camels, fresh or chilled","no"
NA,"World","Meat and meat products","Production","t",2014,502691.84,"Meat of camels, fresh or chilled","no"
NA,"World","Meat and meat products","Production","t",2015,518697.91,"Meat of camels, fresh or chilled","no"
NA,"World","Meat and meat products","Production","t",2016,527573.99,"Meat of camels, fresh or chilled","no"
NA,"World","Meat and meat products","Production","t",2017,539860.82,"Meat of camels, fresh or chilled","no"
NA,"World","Meat and meat products","Production","t",2018,523951.63,"Meat of camels, fresh or chilled","no"
NA,"World","Meat and meat products","Production","t",2019,585796.74,"Meat of camels, fresh or chilled","no"
NA,"World","Meat and meat products","Production","t",2020,586320.52,"Meat of camels, fresh or chilled","no"
NA,"World","Meat and meat products","Production","t",2021,571161.64,"Meat of camels, fresh or chilled","no"
NA,"World","Meat and meat products","Production","t",2022,572664.4,"Meat of camels, fresh or chilled","no"
NA,"World","Meat and meat products","Production","t",2023,612447.75,"Meat of camels, fresh or chilled","no"
NA,"World","Meat and meat products","Production","t",1992,51942984.51,"Meat of cattle with the bone, fresh or chilled","no"
NA,"World","Meat and meat products","Production","t",1993,51195666.86,"Meat of cattle with the bone, fresh or chilled","no"
NA,"World","Meat and meat products","Production","t",1994,51076781.93,"Meat of cattle with the bone, fresh or chilled","no"
NA,"World","Meat and meat products","Production","t",1995,51817565.47,"Meat of cattle with the bone, fresh or chilled","no"
NA,"World","Meat and meat products","Production","t",1996,52961726.99,"Meat of cattle with the bone, fresh or chilled","no"
NA,"World","Meat and meat products","Production","t",1997,53990408.26,"Meat of cattle with the bone, fresh or chilled","no"
NA,"World","Meat and meat products","Production","t",1998,53545507.31,"Meat of cattle with the bone, fresh or chilled","no"
NA,"World","Meat and meat products","Production","t",1999,54779703.32,"Meat of cattle with the bone, fresh or chilled","no"
NA,"World","Meat and meat products","Production","t",2000,55113325.29,"Meat of cattle with the bone, fresh or chilled","no"
NA,"World","Meat and meat products","Production","t",2001,54833715.87,"Meat of cattle with the bone, fresh or chilled","no"
NA,"World","Meat and meat products","Production","t",2002,55844450.97,"Meat of cattle with the bone, fresh or chilled","no"
NA,"World","Meat and meat products","Production","t",2003,56644358.32,"Meat of cattle with the bone, fresh or chilled","no"
NA,"World","Meat and meat products","Production","t",2004,58158404.95,"Meat of cattle with the bone, fresh or chilled","no"
NA,"World","Meat and meat products","Production","t",2005,58489789.58,"Meat of cattle with the bone, fresh or chilled","no"
NA,"World","Meat and meat products","Production","t",2006,59695424.21,"Meat of cattle with the bone, fresh or chilled","no"
NA,"World","Meat and meat products","Production","t",2007,61437662.04,"Meat of cattle with the bone, fresh or chilled","no"
NA,"World","Meat and meat products","Production","t",2008,61574898.19,"Meat of cattle with the bone, fresh or chilled","no"
NA,"World","Meat and meat products","Production","t",2009,61983381.61,"Meat of cattle with the bone, fresh or chilled","no"
NA,"World","Meat and meat products","Production","t",2010,61864901.81,"Meat of cattle with the bone, fresh or chilled","no"
NA,"World","Meat and meat products","Production","t",2011,61671909.38,"Meat of cattle with the bone, fresh or chilled","no"
NA,"World","Meat and meat products","Production","t",2012,62051220.55,"Meat of cattle with the bone, fresh or chilled","no"
NA,"World","Meat and meat products","Production","t",2013,63021529.21,"Meat of cattle with the bone, fresh or chilled","no"
NA,"World","Meat and meat products","Production","t",2014,63342075.28,"Meat of cattle with the bone, fresh or chilled","no"
NA,"World","Meat and meat products","Production","t",2015,62946141.49,"Meat of cattle with the bone, fresh or chilled","no"
NA,"World","Meat and meat products","Production","t",2016,63207851.84,"Meat of cattle with the bone, fresh or chilled","no"
NA,"World","Meat and meat products","Production","t",2017,64338182.87,"Meat of cattle with the bone, fresh or chilled","no"
NA,"World","Meat and meat products","Production","t",2018,66150560.65,"Meat of cattle with the bone, fresh or chilled","no"
NA,"World","Meat and meat products","Production","t",2019,67234988.99,"Meat of cattle with the bone, fresh or chilled","no"
NA,"World","Meat and meat products","Production","t",2020,66760530.6,"Meat of cattle with the bone, fresh or chilled","no"
NA,"World","Meat and meat products","Production","t",2021,67309547.65,"Meat of cattle with the bone, fresh or chilled","no"
NA,"World","Meat and meat products","Production","t",2022,68423343.94,"Meat of cattle with the bone, fresh or chilled","no"
NA,"World","Meat and meat products","Production","t",2023,69462202.78,"Meat of cattle with the bone, fresh or chilled","no"
NA,"World","Meat and meat products","Production","t",1992,39850802.9,"Meat of chickens, fresh or chilled","no"
NA,"World","Meat and meat products","Production","t",1993,42397111.42,"Meat of chickens, fresh or chilled","no"
NA,"World","Meat and meat products","Production","t",1994,44822343.33,"Meat of chickens, fresh or chilled","no"
NA,"World","Meat and meat products","Production","t",1995,47566599.3,"Meat of chickens, fresh or chilled","no"
NA,"World","Meat and meat products","Production","t",1996,49159083.96,"Meat of chickens, fresh or chilled","no"
NA,"World","Meat and meat products","Production","t",1997,52317136.2,"Meat of chickens, fresh or chilled","no"
NA,"World","Meat and meat products","Production","t",1998,54533343.36,"Meat of chickens, fresh or chilled","no"
NA,"World","Meat and meat products","Production","t",1999,56887748.69,"Meat of chickens, fresh or chilled","no"
NA,"World","Meat and meat products","Production","t",2000,58695661.16,"Meat of chickens, fresh or chilled","no"
NA,"World","Meat and meat products","Production","t",2001,61056903.23,"Meat of chickens, fresh or chilled","no"
NA,"World","Meat and meat products","Production","t",2002,64217396.32,"Meat of chickens, fresh or chilled","no"
NA,"World","Meat and meat products","Production","t",2003,65861914.02,"Meat of chickens, fresh or chilled","no"
NA,"World","Meat and meat products","Production","t",2004,68285052.93,"Meat of chickens, fresh or chilled","no"
NA,"World","Meat and meat products","Production","t",2005,70661074.67,"Meat of chickens, fresh or chilled","no"
NA,"World","Meat and meat products","Production","t",2006,72735650.83,"Meat of chickens, fresh or chilled","no"
NA,"World","Meat and meat products","Production","t",2007,77064781.77,"Meat of chickens, fresh or chilled","no"
NA,"World","Meat and meat products","Production","t",2008,80882153.2,"Meat of chickens, fresh or chilled","no"
NA,"World","Meat and meat products","Production","t",2009,83080503.67,"Meat of chickens, fresh or chilled","no"
NA,"World","Meat and meat products","Production","t",2010,87259228.26,"Meat of chickens, fresh or chilled","no"
NA,"World","Meat and meat products","Production","t",2011,90964300.73,"Meat of chickens, fresh or chilled","no"
NA,"World","Meat and meat products","Production","t",2012,94306845.66,"Meat of chickens, fresh or chilled","no"
NA,"World","Meat and meat products","Production","t",2013,97579707.35,"Meat of chickens, fresh or chilled","no"
NA,"World","Meat and meat products","Production","t",2014,100805087.08,"Meat of chickens, fresh or chilled","no"
NA,"World","Meat and meat products","Production","t",2015,104832882.43,"Meat of chickens, fresh or chilled","no"
NA,"World","Meat and meat products","Production","t",2016,107586334.55,"Meat of chickens, fresh or chilled","no"
NA,"World","Meat and meat products","Production","t",2017,111797831.95,"Meat of chickens, fresh or chilled","no"
NA,"World","Meat and meat products","Production","t",2018,114744696.71,"Meat of chickens, fresh or chilled","no"
NA,"World","Meat and meat products","Production","t",2019,117707130.6,"Meat of chickens, fresh or chilled","no"
NA,"World","Meat and meat products","Production","t",2020,118954325.22,"Meat of chickens, fresh or chilled","no"
NA,"World","Meat and meat products","Production","t",2021,120975688.91,"Meat of chickens, fresh or chilled","no"
NA,"World","Meat and meat products","Production","t",2022,123881882.72,"Meat of chickens, fresh or chilled","no"
NA,"World","Meat and meat products","Production","t",2023,126530271.32,"Meat of chickens, fresh or chilled","no"
NA,"World","Meat and meat products","Production","t",1992,1553150.51,"Meat of ducks, fresh or chilled","no"
NA,"World","Meat and meat products","Production","t",1993,1784307.99,"Meat of ducks, fresh or chilled","no"
NA,"World","Meat and meat products","Production","t",1994,1931516.49,"Meat of ducks, fresh or chilled","no"
NA,"World","Meat and meat products","Production","t",1995,2139472.54,"Meat of ducks, fresh or chilled","no"
NA,"World","Meat and meat products","Production","t",1996,2201533.64,"Meat of ducks, fresh or chilled","no"
NA,"World","Meat and meat products","Production","t",1997,2412245.68,"Meat of ducks, fresh or chilled","no"
NA,"World","Meat and meat products","Production","t",1998,2585518.52,"Meat of ducks, fresh or chilled","no"
NA,"World","Meat and meat products","Production","t",1999,2881044.57,"Meat of ducks, fresh or chilled","no"
NA,"World","Meat and meat products","Production","t",2000,2873984.34,"Meat of ducks, fresh or chilled","no"
NA,"World","Meat and meat products","Production","t",2001,2984078.63,"Meat of ducks, fresh or chilled","no"
NA,"World","Meat and meat products","Production","t",2002,2937643.91,"Meat of ducks, fresh or chilled","no"
NA,"World","Meat and meat products","Production","t",2003,3028374.58,"Meat of ducks, fresh or chilled","no"
NA,"World","Meat and meat products","Production","t",2004,3076459.76,"Meat of ducks, fresh or chilled","no"
NA,"World","Meat and meat products","Production","t",2005,3334873.36,"Meat of ducks, fresh or chilled","no"
NA,"World","Meat and meat products","Production","t",2006,3391069.7,"Meat of ducks, fresh or chilled","no"
NA,"World","Meat and meat products","Production","t",2007,3615069.46,"Meat of ducks, fresh or chilled","no"
NA,"World","Meat and meat products","Production","t",2008,3799058.05,"Meat of ducks, fresh or chilled","no"
NA,"World","Meat and meat products","Production","t",2009,3911881.52,"Meat of ducks, fresh or chilled","no"
NA,"World","Meat and meat products","Production","t",2010,4049846.12,"Meat of ducks, fresh or chilled","no"
NA,"World","Meat and meat products","Production","t",2011,4194631.93,"Meat of ducks, fresh or chilled","no"
NA,"World","Meat and meat products","Production","t",2012,4361083.65,"Meat of ducks, fresh or chilled","no"
NA,"World","Meat and meat products","Production","t",2013,4349383.35,"Meat of ducks, fresh or chilled","no"
NA,"World","Meat and meat products","Production","t",2014,4331098.26,"Meat of ducks, fresh or chilled","no"
NA,"World","Meat and meat products","Production","t",2015,4440145.83,"Meat of ducks, fresh or chilled","no"
NA,"World","Meat and meat products","Production","t",2016,4471155.84,"Meat of ducks, fresh or chilled","no"
NA,"World","Meat and meat products","Production","t",2017,4428768.7,"Meat of ducks, fresh or chilled","no"
NA,"World","Meat and meat products","Production","t",2018,4648742.38,"Meat of ducks, fresh or chilled","no"
NA,"World","Meat and meat products","Production","t",2019,6017708.62,"Meat of ducks, fresh or chilled","no"
NA,"World","Meat and meat products","Production","t",2020,6165883.75,"Meat of ducks, fresh or chilled","no"
NA,"World","Meat and meat products","Production","t",2021,6213822.15,"Meat of ducks, fresh or chilled","no"
NA,"World","Meat and meat products","Production","t",2022,6635852.41,"Meat of ducks, fresh or chilled","no"
NA,"World","Meat and meat products","Production","t",2023,7055620.15,"Meat of ducks, fresh or chilled","no"
NA,"World","Meat and meat products","Production","t",1992,887357.9,"Meat of geese, fresh or chilled","no"
NA,"World","Meat and meat products","Production","t",1993,992622.29,"Meat of geese, fresh or chilled","no"
NA,"World","Meat and meat products","Production","t",1994,1071885.59,"Meat of geese, fresh or chilled","no"
NA,"World","Meat and meat products","Production","t",1995,1484848.82,"Meat of geese, fresh or chilled","no"
NA,"World","Meat and meat products","Production","t",1996,1519415.01,"Meat of geese, fresh or chilled","no"
NA,"World","Meat and meat products","Production","t",1997,1656564.42,"Meat of geese, fresh or chilled","no"
NA,"World","Meat and meat products","Production","t",1998,1806354.65,"Meat of geese, fresh or chilled","no"
NA,"World","Meat and meat products","Production","t",1999,1868718.72,"Meat of geese, fresh or chilled","no"
NA,"World","Meat and meat products","Production","t",2000,1903112.31,"Meat of geese, fresh or chilled","no"
NA,"World","Meat and meat products","Production","t",2001,1895763.9,"Meat of geese, fresh or chilled","no"
NA,"World","Meat and meat products","Production","t",2002,1849603.1,"Meat of geese, fresh or chilled","no"
NA,"World","Meat and meat products","Production","t",2003,1919804.34,"Meat of geese, fresh or chilled","no"
NA,"World","Meat and meat products","Production","t",2004,1952986.45,"Meat of geese, fresh or chilled","no"
NA,"World","Meat and meat products","Production","t",2005,2083535.08,"Meat of geese, fresh or chilled","no"
NA,"World","Meat and meat products","Production","t",2006,2070955,"Meat of geese, fresh or chilled","no"
NA,"World","Meat and meat products","Production","t",2007,2263135.78,"Meat of geese, fresh or chilled","no"
NA,"World","Meat and meat products","Production","t",2008,2291169.94,"Meat of geese, fresh or chilled","no"
NA,"World","Meat and meat products","Production","t",2009,2373889.09,"Meat of geese, fresh or chilled","no"
NA,"World","Meat and meat products","Production","t",2010,2449378.27,"Meat of geese, fresh or chilled","no"
NA,"World","Meat and meat products","Production","t",2011,2531627,"Meat of geese, fresh or chilled","no"
NA,"World","Meat and meat products","Production","t",2012,2705416.2,"Meat of geese, fresh or chilled","no"
NA,"World","Meat and meat products","Production","t",2013,2673080.82,"Meat of geese, fresh or chilled","no"
NA,"World","Meat and meat products","Production","t",2014,2611440.92,"Meat of geese, fresh or chilled","no"
NA,"World","Meat and meat products","Production","t",2015,2696664.1,"Meat of geese, fresh or chilled","no"
NA,"World","Meat and meat products","Production","t",2016,2783090.89,"Meat of geese, fresh or chilled","no"
NA,"World","Meat and meat products","Production","t",2017,2792210.28,"Meat of geese, fresh or chilled","no"
NA,"World","Meat and meat products","Production","t",2018,2945496.26,"Meat of geese, fresh or chilled","no"
NA,"World","Meat and meat products","Production","t",2019,4156112.22,"Meat of geese, fresh or chilled","no"
NA,"World","Meat and meat products","Production","t",2020,4384053.53,"Meat of geese, fresh or chilled","no"
NA,"World","Meat and meat products","Production","t",2021,4413072.73,"Meat of geese, fresh or chilled","no"
NA,"World","Meat and meat products","Production","t",2022,4893185.88,"Meat of geese, fresh or chilled","no"
NA,"World","Meat and meat products","Production","t",2023,5213921.11,"Meat of geese, fresh or chilled","no"
NA,"World","Meat and meat products","Production","t",1992,2789002.84,"Meat of goat, fresh or chilled","no"
NA,"World","Meat and meat products","Production","t",1993,2892710.17,"Meat of goat, fresh or chilled","no"
NA,"World","Meat and meat products","Production","t",1994,3006063.53,"Meat of goat, fresh or chilled","no"
NA,"World","Meat and meat products","Production","t",1995,3263370.37,"Meat of goat, fresh or chilled","no"
NA,"World","Meat and meat products","Production","t",1996,3119577.62,"Meat of goat, fresh or chilled","no"
NA,"World","Meat and meat products","Production","t",1997,3323319.55,"Meat of goat, fresh or chilled","no"
NA,"World","Meat and meat products","Production","t",1998,3554535.83,"Meat of goat, fresh or chilled","no"
NA,"World","Meat and meat products","Production","t",1999,3725998.13,"Meat of goat, fresh or chilled","no"
NA,"World","Meat and meat products","Production","t",2000,3834562.32,"Meat of goat, fresh or chilled","no"
NA,"World","Meat and meat products","Production","t",2001,4083913.35,"Meat of goat, fresh or chilled","no"
NA,"World","Meat and meat products","Production","t",2002,4223578.85,"Meat of goat, fresh or chilled","no"
NA,"World","Meat and meat products","Production","t",2003,4419124.83,"Meat of goat, fresh or chilled","no"
NA,"World","Meat and meat products","Production","t",2004,4626202.06,"Meat of goat, fresh or chilled","no"
NA,"World","Meat and meat products","Production","t",2005,4812286.83,"Meat of goat, fresh or chilled","no"
NA,"World","Meat and meat products","Production","t",2006,4804970.16,"Meat of goat, fresh or chilled","no"
NA,"World","Meat and meat products","Production","t",2007,5013614.76,"Meat of goat, fresh or chilled","no"
NA,"World","Meat and meat products","Production","t",2008,5107248.57,"Meat of goat, fresh or chilled","no"
NA,"World","Meat and meat products","Production","t",2009,5258917.98,"Meat of goat, fresh or chilled","no"
NA,"World","Meat and meat products","Production","t",2010,5411239.55,"Meat of goat, fresh or chilled","no"
NA,"World","Meat and meat products","Production","t",2011,5424336.75,"Meat of goat, fresh or chilled","no"
NA,"World","Meat and meat products","Production","t",2012,5557646.35,"Meat of goat, fresh or chilled","no"
NA,"World","Meat and meat products","Production","t",2013,5747417.51,"Meat of goat, fresh or chilled","no"
NA,"World","Meat and meat products","Production","t",2014,5985025.98,"Meat of goat, fresh or chilled","no"
NA,"World","Meat and meat products","Production","t",2015,6125515.61,"Meat of goat, fresh or chilled","no"
NA,"World","Meat and meat products","Production","t",2016,6301194.61,"Meat of goat, fresh or chilled","no"
NA,"World","Meat and meat products","Production","t",2017,6391239.62,"Meat of goat, fresh or chilled","no"
NA,"World","Meat and meat products","Production","t",2018,6471560.27,"Meat of goat, fresh or chilled","no"
NA,"World","Meat and meat products","Production","t",2019,6726393.14,"Meat of goat, fresh or chilled","no"
NA,"World","Meat and meat products","Production","t",2020,6858142.85,"Meat of goat, fresh or chilled","no"
NA,"World","Meat and meat products","Production","t",2021,7007682.25,"Meat of goat, fresh or chilled","no"
NA,"World","Meat and meat products","Production","t",2022,7205023.19,"Meat of goat, fresh or chilled","no"
NA,"World","Meat and meat products","Production","t",2023,7463593.22,"Meat of goat, fresh or chilled","no"
NA,"World","Meat and meat products","Production","t",1992,28849,"Meat of mules, fresh or chilled","no"
NA,"World","Meat and meat products","Production","t",1993,29800,"Meat of mules, fresh or chilled","no"
NA,"World","Meat and meat products","Production","t",1994,46320,"Meat of mules, fresh or chilled","no"
NA,"World","Meat and meat products","Production","t",1995,51910,"Meat of mules, fresh or chilled","no"
NA,"World","Meat and meat products","Production","t",1996,62219,"Meat of mules, fresh or chilled","no"
NA,"World","Meat and meat products","Production","t",1997,59304,"Meat of mules, fresh or chilled","no"
NA,"World","Meat and meat products","Production","t",1998,74220,"Meat of mules, fresh or chilled","no"
NA,"World","Meat and meat products","Production","t",1999,59850,"Meat of mules, fresh or chilled","no"
NA,"World","Meat and meat products","Production","t",2000,58896.44,"Meat of mules, fresh or chilled","no"
NA,"World","Meat and meat products","Production","t",2001,58826.26,"Meat of mules, fresh or chilled","no"
NA,"World","Meat and meat products","Production","t",2002,59220.57,"Meat of mules, fresh or chilled","no"
NA,"World","Meat and meat products","Production","t",2003,58996.2,"Meat of mules, fresh or chilled","no"
NA,"World","Meat and meat products","Production","t",2004,59027.53,"Meat of mules, fresh or chilled","no"
NA,"World","Meat and meat products","Production","t",2005,60917,"Meat of mules, fresh or chilled","no"
NA,"World","Meat and meat products","Production","t",2006,61959,"Meat of mules, fresh or chilled","no"
NA,"World","Meat and meat products","Production","t",2007,58695.73,"Meat of mules, fresh or chilled","no"
NA,"World","Meat and meat products","Production","t",2008,54995.22,"Meat of mules, fresh or chilled","no"
NA,"World","Meat and meat products","Production","t",2009,57390,"Meat of mules, fresh or chilled","no"
NA,"World","Meat and meat products","Production","t",2010,54800,"Meat of mules, fresh or chilled","no"
NA,"World","Meat and meat products","Production","t",2011,53000,"Meat of mules, fresh or chilled","no"
NA,"World","Meat and meat products","Production","t",2012,52700,"Meat of mules, fresh or chilled","no"
NA,"World","Meat and meat products","Production","t",2013,48570,"Meat of mules, fresh or chilled","no"
NA,"World","Meat and meat products","Production","t",2014,50702.4,"Meat of mules, fresh or chilled","no"
NA,"World","Meat and meat products","Production","t",2015,38706.86,"Meat of mules, fresh or chilled","no"
NA,"World","Meat and meat products","Production","t",2016,32218.84,"Meat of mules, fresh or chilled","no"
NA,"World","Meat and meat products","Production","t",2017,19469.11,"Meat of mules, fresh or chilled","no"
NA,"World","Meat and meat products","Production","t",2018,17557.4,"Meat of mules, fresh or chilled","no"
NA,"World","Meat and meat products","Production","t",2019,15352.28,"Meat of mules, fresh or chilled","no"
NA,"World","Meat and meat products","Production","t",2020,15250.16,"Meat of mules, fresh or chilled","no"
NA,"World","Meat and meat products","Production","t",2021,13324.35,"Meat of mules, fresh or chilled","no"
NA,"World","Meat and meat products","Production","t",2022,13627.46,"Meat of mules, fresh or chilled","no"
NA,"World","Meat and meat products","Production","t",2023,12355.7,"Meat of mules, fresh or chilled","no"
NA,"World","Meat and meat products","Production","t",1992,14291,"Meat of other domestic camelids, fresh or chilled","no"
NA,"World","Meat and meat products","Production","t",1993,13435,"Meat of other domestic camelids, fresh or chilled","no"
NA,"World","Meat and meat products","Production","t",1994,13402,"Meat of other domestic camelids, fresh or chilled","no"
NA,"World","Meat and meat products","Production","t",1995,12516,"Meat of other domestic camelids, fresh or chilled","no"
NA,"World","Meat and meat products","Production","t",1996,12308,"Meat of other domestic camelids, fresh or chilled","no"
NA,"World","Meat and meat products","Production","t",1997,12609,"Meat of other domestic camelids, fresh or chilled","no"
NA,"World","Meat and meat products","Production","t",1998,13238,"Meat of other domestic camelids, fresh or chilled","no"
NA,"World","Meat and meat products","Production","t",1999,13706,"Meat of other domestic camelids, fresh or chilled","no"
NA,"World","Meat and meat products","Production","t",2000,14224,"Meat of other domestic camelids, fresh or chilled","no"
NA,"World","Meat and meat products","Production","t",2001,14280,"Meat of other domestic camelids, fresh or chilled","no"
NA,"World","Meat and meat products","Production","t",2002,15137,"Meat of other domestic camelids, fresh or chilled","no"
NA,"World","Meat and meat products","Production","t",2003,15222,"Meat of other domestic camelids, fresh or chilled","no"
NA,"World","Meat and meat products","Production","t",2004,16185,"Meat of other domestic camelids, fresh or chilled","no"
NA,"World","Meat and meat products","Production","t",2005,18720,"Meat of other domestic camelids, fresh or chilled","no"
NA,"World","Meat and meat products","Production","t",2006,19839,"Meat of other domestic camelids, fresh or chilled","no"
NA,"World","Meat and meat products","Production","t",2007,22293,"Meat of other domestic camelids, fresh or chilled","no"
NA,"World","Meat and meat products","Production","t",2008,23919,"Meat of other domestic camelids, fresh or chilled","no"
NA,"World","Meat and meat products","Production","t",2009,24543,"Meat of other domestic camelids, fresh or chilled","no"
NA,"World","Meat and meat products","Production","t",2010,24017,"Meat of other domestic camelids, fresh or chilled","no"
NA,"World","Meat and meat products","Production","t",2011,27752,"Meat of other domestic camelids, fresh or chilled","no"
NA,"World","Meat and meat products","Production","t",2012,28535,"Meat of other domestic camelids, fresh or chilled","no"
NA,"World","Meat and meat products","Production","t",2013,28848,"Meat of other domestic camelids, fresh or chilled","no"
NA,"World","Meat and meat products","Production","t",2014,29131,"Meat of other domestic camelids, fresh or chilled","no"
NA,"World","Meat and meat products","Production","t",2015,29060,"Meat of other domestic camelids, fresh or chilled","no"
NA,"World","Meat and meat products","Production","t",2016,30398,"Meat of other domestic camelids, fresh or chilled","no"
NA,"World","Meat and meat products","Production","t",2017,31460,"Meat of other domestic camelids, fresh or chilled","no"
NA,"World","Meat and meat products","Production","t",2018,31229,"Meat of other domestic camelids, fresh or chilled","no"
NA,"World","Meat and meat products","Production","t",2019,32821,"Meat of other domestic camelids, fresh or chilled","no"
NA,"World","Meat and meat products","Production","t",2020,31706,"Meat of other domestic camelids, fresh or chilled","no"
NA,"World","Meat and meat products","Production","t",2021,32671,"Meat of other domestic camelids, fresh or chilled","no"
NA,"World","Meat and meat products","Production","t",2022,33135,"Meat of other domestic camelids, fresh or chilled","no"
NA,"World","Meat and meat products","Production","t",2023,33262.91,"Meat of other domestic camelids, fresh or chilled","no"
NA,"World","Meat and meat products","Production","t",1992,22180,"Meat of other domestic rodents, fresh or chilled","no"
NA,"World","Meat and meat products","Production","t",1993,22180,"Meat of other domestic rodents, fresh or chilled","no"
NA,"World","Meat and meat products","Production","t",1994,22180,"Meat of other domestic rodents, fresh or chilled","no"
NA,"World","Meat and meat products","Production","t",1995,22180,"Meat of other domestic rodents, fresh or chilled","no"
NA,"World","Meat and meat products","Production","t",1996,22180,"Meat of other domestic rodents, fresh or chilled","no"
NA,"World","Meat and meat products","Production","t",1997,22180,"Meat of other domestic rodents, fresh or chilled","no"
NA,"World","Meat and meat products","Production","t",1998,19120,"Meat of other domestic rodents, fresh or chilled","no"
NA,"World","Meat and meat products","Production","t",1999,16188,"Meat of other domestic rodents, fresh or chilled","no"
NA,"World","Meat and meat products","Production","t",2000,16657,"Meat of other domestic rodents, fresh or chilled","no"
NA,"World","Meat and meat products","Production","t",2001,16715,"Meat of other domestic rodents, fresh or chilled","no"
NA,"World","Meat and meat products","Production","t",2002,16840,"Meat of other domestic rodents, fresh or chilled","no"
NA,"World","Meat and meat products","Production","t",2003,17220,"Meat of other domestic rodents, fresh or chilled","no"
NA,"World","Meat and meat products","Production","t",2004,17370,"Meat of other domestic rodents, fresh or chilled","no"
NA,"World","Meat and meat products","Production","t",2005,17750,"Meat of other domestic rodents, fresh or chilled","no"
NA,"World","Meat and meat products","Production","t",2006,17750,"Meat of other domestic rodents, fresh or chilled","no"
NA,"World","Meat and meat products","Production","t",2007,17875,"Meat of other domestic rodents, fresh or chilled","no"
NA,"World","Meat and meat products","Production","t",2008,18254,"Meat of other domestic rodents, fresh or chilled","no"
NA,"World","Meat and meat products","Production","t",2009,18456,"Meat of other domestic rodents, fresh or chilled","no"
NA,"World","Meat and meat products","Production","t",2010,18506,"Meat of other domestic rodents, fresh or chilled","no"
NA,"World","Meat and meat products","Production","t",2011,18506,"Meat of other domestic rodents, fresh or chilled","no"
NA,"World","Meat and meat products","Production","t",2012,18600,"Meat of other domestic rodents, fresh or chilled","no"
NA,"World","Meat and meat products","Production","t",2013,18600,"Meat of other domestic rodents, fresh or chilled","no"
NA,"World","Meat and meat products","Production","t",2014,18681.51,"Meat of other domestic rodents, fresh or chilled","no"
NA,"World","Meat and meat products","Production","t",2015,18742.32,"Meat of other domestic rodents, fresh or chilled","no"
NA,"World","Meat and meat products","Production","t",2016,18682.02,"Meat of other domestic rodents, fresh or chilled","no"
NA,"World","Meat and meat products","Production","t",2017,18655.83,"Meat of other domestic rodents, fresh or chilled","no"
NA,"World","Meat and meat products","Production","t",2018,18623.36,"Meat of other domestic rodents, fresh or chilled","no"
NA,"World","Meat and meat products","Production","t",2019,18598.24,"Meat of other domestic rodents, fresh or chilled","no"
NA,"World","Meat and meat products","Production","t",2020,18733.63,"Meat of other domestic rodents, fresh or chilled","no"
NA,"World","Meat and meat products","Production","t",2021,18735.55,"Meat of other domestic rodents, fresh or chilled","no"
NA,"World","Meat and meat products","Production","t",2022,18704.05,"Meat of other domestic rodents, fresh or chilled","no"
NA,"World","Meat and meat products","Production","t",2023,18672.47,"Meat of other domestic rodents, fresh or chilled","no"
NA,"World","Meat and meat products","Production","t",1992,72853529.52,"Meat of pig with the bone, fresh or chilled","no"
NA,"World","Meat and meat products","Production","t",1993,75258534.8,"Meat of pig with the bone, fresh or chilled","no"
NA,"World","Meat and meat products","Production","t",1994,78747229.29,"Meat of pig with the bone, fresh or chilled","no"
NA,"World","Meat and meat products","Production","t",1995,83390117.71,"Meat of pig with the bone, fresh or chilled","no"
NA,"World","Meat and meat products","Production","t",1996,78737175.58,"Meat of pig with the bone, fresh or chilled","no"
NA,"World","Meat and meat products","Production","t",1997,82642853.52,"Meat of pig with the bone, fresh or chilled","no"
NA,"World","Meat and meat products","Production","t",1998,88226678.82,"Meat of pig with the bone, fresh or chilled","no"
NA,"World","Meat and meat products","Production","t",1999,90190492.02,"Meat of pig with the bone, fresh or chilled","no"
NA,"World","Meat and meat products","Production","t",2000,89231084.24,"Meat of pig with the bone, fresh or chilled","no"
NA,"World","Meat and meat products","Production","t",2001,90093791.86,"Meat of pig with the bone, fresh or chilled","no"
NA,"World","Meat and meat products","Production","t",2002,92371354.81,"Meat of pig with the bone, fresh or chilled","no"
NA,"World","Meat and meat products","Production","t",2003,94825177.87,"Meat of pig with the bone, fresh or chilled","no"
NA,"World","Meat and meat products","Production","t",2004,95773908.31,"Meat of pig with the bone, fresh or chilled","no"
NA,"World","Meat and meat products","Production","t",2005,98087448.85,"Meat of pig with the bone, fresh or chilled","no"
NA,"World","Meat and meat products","Production","t",2006,99928604.75,"Meat of pig with the bone, fresh or chilled","no"
NA,"World","Meat and meat products","Production","t",2007,98574686.43,"Meat of pig with the bone, fresh or chilled","no"
NA,"World","Meat and meat products","Production","t",2008,102668540.12,"Meat of pig with the bone, fresh or chilled","no"
NA,"World","Meat and meat products","Production","t",2009,105211498.4,"Meat of pig with the bone, fresh or chilled","no"
NA,"World","Meat and meat products","Production","t",2010,108113035.77,"Meat of pig with the bone, fresh or chilled","no"
NA,"World","Meat and meat products","Production","t",2011,108730425.59,"Meat of pig with the bone, fresh or chilled","no"
NA,"World","Meat and meat products","Production","t",2012,112205235.96,"Meat of pig with the bone, fresh or chilled","no"
NA,"World","Meat and meat products","Production","t",2013,114124164.51,"Meat of pig with the bone, fresh or chilled","no"
NA,"World","Meat and meat products","Production","t",2014,116143487.45,"Meat of pig with the bone, fresh or chilled","no"
NA,"World","Meat and meat products","Production","t",2015,118751830.06,"Meat of pig with the bone, fresh or chilled","no"
NA,"World","Meat and meat products","Production","t",2016,118375987.06,"Meat of pig with the bone, fresh or chilled","no"
NA,"World","Meat and meat products","Production","t",2017,119336532.91,"Meat of pig with the bone, fresh or chilled","no"
NA,"World","Meat and meat products","Production","t",2018,119621820.36,"Meat of pig with the bone, fresh or chilled","no"
NA,"World","Meat and meat products","Production","t",2019,108703743.59,"Meat of pig with the bone, fresh or chilled","no"
NA,"World","Meat and meat products","Production","t",2020,108681385.99,"Meat of pig with the bone, fresh or chilled","no"
NA,"World","Meat and meat products","Production","t",2021,121129671.15,"Meat of pig with the bone, fresh or chilled","no"
NA,"World","Meat and meat products","Production","t",2022,122988975.57,"Meat of pig with the bone, fresh or chilled","no"
NA,"World","Meat and meat products","Production","t",2023,124667863.09,"Meat of pig with the bone, fresh or chilled","no"
NA,"World","Meat and meat products","Production","t",1992,16102.87,"Meat of pigeons and other birds n.e.c., fresh, chilled or frozen","no"
NA,"World","Meat and meat products","Production","t",1993,16865.61,"Meat of pigeons and other birds n.e.c., fresh, chilled or frozen","no"
NA,"World","Meat and meat products","Production","t",1994,16634.77,"Meat of pigeons and other birds n.e.c., fresh, chilled or frozen","no"
NA,"World","Meat and meat products","Production","t",1995,17528.61,"Meat of pigeons and other birds n.e.c., fresh, chilled or frozen","no"
NA,"World","Meat and meat products","Production","t",1996,18559.57,"Meat of pigeons and other birds n.e.c., fresh, chilled or frozen","no"
NA,"World","Meat and meat products","Production","t",1997,19393.64,"Meat of pigeons and other birds n.e.c., fresh, chilled or frozen","no"
NA,"World","Meat and meat products","Production","t",1998,19275.39,"Meat of pigeons and other birds n.e.c., fresh, chilled or frozen","no"
NA,"World","Meat and meat products","Production","t",1999,40110.8,"Meat of pigeons and other birds n.e.c., fresh, chilled or frozen","no"
NA,"World","Meat and meat products","Production","t",2000,40485.37,"Meat of pigeons and other birds n.e.c., fresh, chilled or frozen","no"
NA,"World","Meat and meat products","Production","t",2001,42951.01,"Meat of pigeons and other birds n.e.c., fresh, chilled or frozen","no"
NA,"World","Meat and meat products","Production","t",2002,46155.8,"Meat of pigeons and other birds n.e.c., fresh, chilled or frozen","no"
NA,"World","Meat and meat products","Production","t",2003,49781.2,"Meat of pigeons and other birds n.e.c., fresh, chilled or frozen","no"
NA,"World","Meat and meat products","Production","t",2004,57326.95,"Meat of pigeons and other birds n.e.c., fresh, chilled or frozen","no"
NA,"World","Meat and meat products","Production","t",2005,56726.5,"Meat of pigeons and other birds n.e.c., fresh, chilled or frozen","no"
NA,"World","Meat and meat products","Production","t",2006,65372.5,"Meat of pigeons and other birds n.e.c., fresh, chilled or frozen","no"
NA,"World","Meat and meat products","Production","t",2007,71660,"Meat of pigeons and other birds n.e.c., fresh, chilled or frozen","no"
NA,"World","Meat and meat products","Production","t",2008,22975.85,"Meat of pigeons and other birds n.e.c., fresh, chilled or frozen","no"
NA,"World","Meat and meat products","Production","t",2009,23039.57,"Meat of pigeons and other birds n.e.c., fresh, chilled or frozen","no"
NA,"World","Meat and meat products","Production","t",2010,23247.26,"Meat of pigeons and other birds n.e.c., fresh, chilled or frozen","no"
NA,"World","Meat and meat products","Production","t",2011,23267.02,"Meat of pigeons and other birds n.e.c., fresh, chilled or frozen","no"
NA,"World","Meat and meat products","Production","t",2012,19735.86,"Meat of pigeons and other birds n.e.c., fresh, chilled or frozen","no"
NA,"World","Meat and meat products","Production","t",2013,20723.09,"Meat of pigeons and other birds n.e.c., fresh, chilled or frozen","no"
NA,"World","Meat and meat products","Production","t",2014,20136.82,"Meat of pigeons and other birds n.e.c., fresh, chilled or frozen","no"
NA,"World","Meat and meat products","Production","t",2015,19745.45,"Meat of pigeons and other birds n.e.c., fresh, chilled or frozen","no"
NA,"World","Meat and meat products","Production","t",2016,19159.43,"Meat of pigeons and other birds n.e.c., fresh, chilled or frozen","no"
NA,"World","Meat and meat products","Production","t",2017,17313.87,"Meat of pigeons and other birds n.e.c., fresh, chilled or frozen","no"
NA,"World","Meat and meat products","Production","t",2018,17469.12,"Meat of pigeons and other birds n.e.c., fresh, chilled or frozen","no"
NA,"World","Meat and meat products","Production","t",2019,17484.9,"Meat of pigeons and other birds n.e.c., fresh, chilled or frozen","no"
NA,"World","Meat and meat products","Production","t",2020,17206.54,"Meat of pigeons and other birds n.e.c., fresh, chilled or frozen","no"
NA,"World","Meat and meat products","Production","t",2021,17375.81,"Meat of pigeons and other birds n.e.c., fresh, chilled or frozen","no"
NA,"World","Meat and meat products","Production","t",2022,17345.12,"Meat of pigeons and other birds n.e.c., fresh, chilled or frozen","no"
NA,"World","Meat and meat products","Production","t",2023,17321.9,"Meat of pigeons and other birds n.e.c., fresh, chilled or frozen","no"
NA,"World","Meat and meat products","Production","t",1992,625311.07,"Meat of rabbits and hares, fresh or chilled","no"
NA,"World","Meat and meat products","Production","t",1993,652180.49,"Meat of rabbits and hares, fresh or chilled","no"
NA,"World","Meat and meat products","Production","t",1994,675140.28,"Meat of rabbits and hares, fresh or chilled","no"
NA,"World","Meat and meat products","Production","t",1995,705439.77,"Meat of rabbits and hares, fresh or chilled","no"
NA,"World","Meat and meat products","Production","t",1996,769947.88,"Meat of rabbits and hares, fresh or chilled","no"
NA,"World","Meat and meat products","Production","t",1997,734973.12,"Meat of rabbits and hares, fresh or chilled","no"
NA,"World","Meat and meat products","Production","t",1998,760043.87,"Meat of rabbits and hares, fresh or chilled","no"
NA,"World","Meat and meat products","Production","t",1999,752665.24,"Meat of rabbits and hares, fresh or chilled","no"
NA,"World","Meat and meat products","Production","t",2000,846132.22,"Meat of rabbits and hares, fresh or chilled","no"
NA,"World","Meat and meat products","Production","t",2001,924100.7,"Meat of rabbits and hares, fresh or chilled","no"
NA,"World","Meat and meat products","Production","t",2002,946910.7,"Meat of rabbits and hares, fresh or chilled","no"
NA,"World","Meat and meat products","Production","t",2003,947331.48,"Meat of rabbits and hares, fresh or chilled","no"
NA,"World","Meat and meat products","Production","t",2004,943226.52,"Meat of rabbits and hares, fresh or chilled","no"
NA,"World","Meat and meat products","Production","t",2005,987332.94,"Meat of rabbits and hares, fresh or chilled","no"
NA,"World","Meat and meat products","Production","t",2006,1021577.58,"Meat of rabbits and hares, fresh or chilled","no"
NA,"World","Meat and meat products","Production","t",2007,1094590.28,"Meat of rabbits and hares, fresh or chilled","no"
NA,"World","Meat and meat products","Production","t",2008,1070787.71,"Meat of rabbits and hares, fresh or chilled","no"
NA,"World","Meat and meat products","Production","t",2009,1120625.24,"Meat of rabbits and hares, fresh or chilled","no"
NA,"World","Meat and meat products","Production","t",2010,1185539.1,"Meat of rabbits and hares, fresh or chilled","no"
NA,"World","Meat and meat products","Production","t",2011,1253217.44,"Meat of rabbits and hares, fresh or chilled","no"
NA,"World","Meat and meat products","Production","t",2012,1255427.65,"Meat of rabbits and hares, fresh or chilled","no"
NA,"World","Meat and meat products","Production","t",2013,1297698.04,"Meat of rabbits and hares, fresh or chilled","no"
NA,"World","Meat and meat products","Production","t",2014,1316744.76,"Meat of rabbits and hares, fresh or chilled","no"
NA,"World","Meat and meat products","Production","t",2015,1306433.23,"Meat of rabbits and hares, fresh or chilled","no"
NA,"World","Meat and meat products","Production","t",2016,1146284.54,"Meat of rabbits and hares, fresh or chilled","no"
NA,"World","Meat and meat products","Production","t",2017,954367.7,"Meat of rabbits and hares, fresh or chilled","no"
NA,"World","Meat and meat products","Production","t",2018,915872.19,"Meat of rabbits and hares, fresh or chilled","no"
NA,"World","Meat and meat products","Production","t",2019,927389.74,"Meat of rabbits and hares, fresh or chilled","no"
NA,"World","Meat and meat products","Production","t",2020,916268.24,"Meat of rabbits and hares, fresh or chilled","no"
NA,"World","Meat and meat products","Production","t",2021,874310.31,"Meat of rabbits and hares, fresh or chilled","no"
NA,"World","Meat and meat products","Production","t",2022,756438.35,"Meat of rabbits and hares, fresh or chilled","no"
NA,"World","Meat and meat products","Production","t",2023,681995.64,"Meat of rabbits and hares, fresh or chilled","no"
NA,"World","Meat and meat products","Production","t",1992,6933590.6,"Meat of sheep, fresh or chilled","no"
NA,"World","Meat and meat products","Production","t",1993,6936992.41,"Meat of sheep, fresh or chilled","no"
NA,"World","Meat and meat products","Production","t",1994,7036973.91,"Meat of sheep, fresh or chilled","no"
NA,"World","Meat and meat products","Production","t",1995,6992404.95,"Meat of sheep, fresh or chilled","no"
NA,"World","Meat and meat products","Production","t",1996,6839123.66,"Meat of sheep, fresh or chilled","no"
NA,"World","Meat and meat products","Production","t",1997,7007141.01,"Meat of sheep, fresh or chilled","no"
NA,"World","Meat and meat products","Production","t",1998,7251383.35,"Meat of sheep, fresh or chilled","no"
NA,"World","Meat and meat products","Production","t",1999,7308875.74,"Meat of sheep, fresh or chilled","no"
NA,"World","Meat and meat products","Production","t",2000,7476929.05,"Meat of sheep, fresh or chilled","no"
NA,"World","Meat and meat products","Production","t",2001,7671656.06,"Meat of sheep, fresh or chilled","no"
NA,"World","Meat and meat products","Production","t",2002,7554641.58,"Meat of sheep, fresh or chilled","no"
NA,"World","Meat and meat products","Production","t",2003,7694673.14,"Meat of sheep, fresh or chilled","no"
NA,"World","Meat and meat products","Production","t",2004,7833150.67,"Meat of sheep, fresh or chilled","no"
NA,"World","Meat and meat products","Production","t",2005,8066801.87,"Meat of sheep, fresh or chilled","no"
NA,"World","Meat and meat products","Production","t",2006,8268523.16,"Meat of sheep, fresh or chilled","no"
NA,"World","Meat and meat products","Production","t",2007,8587263.76,"Meat of sheep, fresh or chilled","no"
NA,"World","Meat and meat products","Production","t",2008,8544948.68,"Meat of sheep, fresh or chilled","no"
NA,"World","Meat and meat products","Production","t",2009,8556605.86,"Meat of sheep, fresh or chilled","no"
NA,"World","Meat and meat products","Production","t",2010,8623634.71,"Meat of sheep, fresh or chilled","no"
NA,"World","Meat and meat products","Production","t",2011,8730600.22,"Meat of sheep, fresh or chilled","no"
NA,"World","Meat and meat products","Production","t",2012,8765119.97,"Meat of sheep, fresh or chilled","no"
NA,"World","Meat and meat products","Production","t",2013,9079086.16,"Meat of sheep, fresh or chilled","no"
NA,"World","Meat and meat products","Production","t",2014,9363633.25,"Meat of sheep, fresh or chilled","no"
NA,"World","Meat and meat products","Production","t",2015,9657305.97,"Meat of sheep, fresh or chilled","no"
NA,"World","Meat and meat products","Production","t",2016,9860410.07,"Meat of sheep, fresh or chilled","no"
NA,"World","Meat and meat products","Production","t",2017,9886815.69,"Meat of sheep, fresh or chilled","no"
NA,"World","Meat and meat products","Production","t",2018,9996622.49,"Meat of sheep, fresh or chilled","no"
NA,"World","Meat and meat products","Production","t",2019,10219410.61,"Meat of sheep, fresh or chilled","no"
NA,"World","Meat and meat products","Production","t",2020,10544991.59,"Meat of sheep, fresh or chilled","no"
NA,"World","Meat and meat products","Production","t",2021,10780809.13,"Meat of sheep, fresh or chilled","no"
NA,"World","Meat and meat products","Production","t",2022,11162040.32,"Meat of sheep, fresh or chilled","no"
NA,"World","Meat and meat products","Production","t",2023,11532800.89,"Meat of sheep, fresh or chilled","no"
NA,"World","Meat and meat products","Production","t",1992,3685644.47,"Meat of turkeys, fresh or chilled","no"
NA,"World","Meat and meat products","Production","t",1993,3745890.62,"Meat of turkeys, fresh or chilled","no"
NA,"World","Meat and meat products","Production","t",1994,3889640.69,"Meat of turkeys, fresh or chilled","no"
NA,"World","Meat and meat products","Production","t",1995,4107911.61,"Meat of turkeys, fresh or chilled","no"
NA,"World","Meat and meat products","Production","t",1996,4308603.21,"Meat of turkeys, fresh or chilled","no"
NA,"World","Meat and meat products","Production","t",1997,4411396.95,"Meat of turkeys, fresh or chilled","no"
NA,"World","Meat and meat products","Production","t",1998,4416358.5,"Meat of turkeys, fresh or chilled","no"
NA,"World","Meat and meat products","Production","t",1999,4413425.12,"Meat of turkeys, fresh or chilled","no"
NA,"World","Meat and meat products","Production","t",2000,5152950.68,"Meat of turkeys, fresh or chilled","no"
NA,"World","Meat and meat products","Production","t",2001,5320805.27,"Meat of turkeys, fresh or chilled","no"
NA,"World","Meat and meat products","Production","t",2002,5515058.45,"Meat of turkeys, fresh or chilled","no"
NA,"World","Meat and meat products","Production","t",2003,5239861.29,"Meat of turkeys, fresh or chilled","no"
NA,"World","Meat and meat products","Production","t",2004,5254376.09,"Meat of turkeys, fresh or chilled","no"
NA,"World","Meat and meat products","Production","t",2005,5283172.53,"Meat of turkeys, fresh or chilled","no"
NA,"World","Meat and meat products","Production","t",2006,5225077.02,"Meat of turkeys, fresh or chilled","no"
NA,"World","Meat and meat products","Production","t",2007,5503468.17,"Meat of turkeys, fresh or chilled","no"
NA,"World","Meat and meat products","Production","t",2008,5730237.58,"Meat of turkeys, fresh or chilled","no"
NA,"World","Meat and meat products","Production","t",2009,5420641.08,"Meat of turkeys, fresh or chilled","no"
NA,"World","Meat and meat products","Production","t",2010,5403708.34,"Meat of turkeys, fresh or chilled","no"
NA,"World","Meat and meat products","Production","t",2011,5471481.43,"Meat of turkeys, fresh or chilled","no"
NA,"World","Meat and meat products","Production","t",2012,5796504.49,"Meat of turkeys, fresh or chilled","no"
NA,"World","Meat and meat products","Production","t",2013,5535638.94,"Meat of turkeys, fresh or chilled","no"
NA,"World","Meat and meat products","Production","t",2014,5543569.75,"Meat of turkeys, fresh or chilled","no"
NA,"World","Meat and meat products","Production","t",2015,5566401.78,"Meat of turkeys, fresh or chilled","no"
NA,"World","Meat and meat products","Production","t",2016,5885253.53,"Meat of turkeys, fresh or chilled","no"
NA,"World","Meat and meat products","Production","t",2017,5764101.12,"Meat of turkeys, fresh or chilled","no"
NA,"World","Meat and meat products","Production","t",2018,5700696.22,"Meat of turkeys, fresh or chilled","no"
NA,"World","Meat and meat products","Production","t",2019,5673252.22,"Meat of turkeys, fresh or chilled","no"
NA,"World","Meat and meat products","Production","t",2020,5663509.41,"Meat of turkeys, fresh or chilled","no"
NA,"World","Meat and meat products","Production","t",2021,5401514.06,"Meat of turkeys, fresh or chilled","no"
NA,"World","Meat and meat products","Production","t",2022,5118360.44,"Meat of turkeys, fresh or chilled","no"
NA,"World","Meat and meat products","Production","t",2023,5204655.81,"Meat of turkeys, fresh or chilled","no"
NA,"World","Oilseeds and oleaginous fruits","Area harvested","ha",1992,672073,"Melonseed","no"
NA,"World","Oilseeds and oleaginous fruits","Area harvested","ha",1993,656549,"Melonseed","no"
NA,"World","Oilseeds and oleaginous fruits","Area harvested","ha",1994,630352,"Melonseed","no"
NA,"World","Oilseeds and oleaginous fruits","Area harvested","ha",1995,710617,"Melonseed","no"
NA,"World","Oilseeds and oleaginous fruits","Area harvested","ha",1996,784413,"Melonseed","no"
NA,"World","Oilseeds and oleaginous fruits","Area harvested","ha",1997,588875,"Melonseed","no"
NA,"World","Oilseeds and oleaginous fruits","Area harvested","ha",1998,767126,"Melonseed","no"
NA,"World","Oilseeds and oleaginous fruits","Area harvested","ha",1999,929433,"Melonseed","no"
NA,"World","Oilseeds and oleaginous fruits","Area harvested","ha",2000,969959,"Melonseed","no"
NA,"World","Oilseeds and oleaginous fruits","Area harvested","ha",2001,1012997,"Melonseed","no"
NA,"World","Oilseeds and oleaginous fruits","Area harvested","ha",2002,1022816,"Melonseed","no"
NA,"World","Oilseeds and oleaginous fruits","Area harvested","ha",2003,1076454,"Melonseed","no"
NA,"World","Oilseeds and oleaginous fruits","Area harvested","ha",2004,1100792,"Melonseed","no"
NA,"World","Oilseeds and oleaginous fruits","Area harvested","ha",2005,1137536,"Melonseed","no"
NA,"World","Oilseeds and oleaginous fruits","Area harvested","ha",2006,1117299,"Melonseed","no"
NA,"World","Oilseeds and oleaginous fruits","Area harvested","ha",2007,1231011,"Melonseed","no"
NA,"World","Oilseeds and oleaginous fruits","Area harvested","ha",2008,1116688,"Melonseed","no"
NA,"World","Oilseeds and oleaginous fruits","Area harvested","ha",2009,905209,"Melonseed","no"
NA,"World","Oilseeds and oleaginous fruits","Area harvested","ha",2010,855932,"Melonseed","no"
NA,"World","Oilseeds and oleaginous fruits","Area harvested","ha",2011,911393,"Melonseed","no"
NA,"World","Oilseeds and oleaginous fruits","Area harvested","ha",2012,1846734,"Melonseed","no"
NA,"World","Oilseeds and oleaginous fruits","Area harvested","ha",2013,1699000,"Melonseed","no"
NA,"World","Oilseeds and oleaginous fruits","Area harvested","ha",2014,1900803,"Melonseed","no"
NA,"World","Oilseeds and oleaginous fruits","Area harvested","ha",2015,2002821,"Melonseed","no"
NA,"World","Oilseeds and oleaginous fruits","Area harvested","ha",2016,1922145,"Melonseed","no"
NA,"World","Oilseeds and oleaginous fruits","Area harvested","ha",2017,1971586,"Melonseed","no"
NA,"World","Oilseeds and oleaginous fruits","Area harvested","ha",2018,2152175,"Melonseed","no"
NA,"World","Oilseeds and oleaginous fruits","Area harvested","ha",2019,1892832,"Melonseed","no"
NA,"World","Oilseeds and oleaginous fruits","Area harvested","ha",2020,1765403,"Melonseed","no"
NA,"World","Oilseeds and oleaginous fruits","Area harvested","ha",2021,1828524,"Melonseed","no"
NA,"World","Oilseeds and oleaginous fruits","Area harvested","ha",2022,1852901,"Melonseed","no"
NA,"World","Oilseeds and oleaginous fruits","Area harvested","ha",2023,1828155,"Melonseed","no"
NA,"World","Oilseeds and oleaginous fruits","Yield","kg/ha",1992,842.9,"Melonseed","no"
NA,"World","Oilseeds and oleaginous fruits","Yield","kg/ha",1993,747.5,"Melonseed","no"
NA,"World","Oilseeds and oleaginous fruits","Yield","kg/ha",1994,745.5,"Melonseed","no"
NA,"World","Oilseeds and oleaginous fruits","Yield","kg/ha",1995,769.1,"Melonseed","no"
NA,"World","Oilseeds and oleaginous fruits","Yield","kg/ha",1996,727.7,"Melonseed","no"
NA,"World","Oilseeds and oleaginous fruits","Yield","kg/ha",1997,890,"Melonseed","no"
NA,"World","Oilseeds and oleaginous fruits","Yield","kg/ha",1998,787.2,"Melonseed","no"
NA,"World","Oilseeds and oleaginous fruits","Yield","kg/ha",1999,570.7,"Melonseed","no"
NA,"World","Oilseeds and oleaginous fruits","Yield","kg/ha",2000,614.1,"Melonseed","no"
NA,"World","Oilseeds and oleaginous fruits","Yield","kg/ha",2001,600,"Melonseed","no"
NA,"World","Oilseeds and oleaginous fruits","Yield","kg/ha",2002,624.3,"Melonseed","no"
NA,"World","Oilseeds and oleaginous fruits","Yield","kg/ha",2003,627.5,"Melonseed","no"
NA,"World","Oilseeds and oleaginous fruits","Yield","kg/ha",2004,634.3,"Melonseed","no"
NA,"World","Oilseeds and oleaginous fruits","Yield","kg/ha",2005,639.7,"Melonseed","no"
NA,"World","Oilseeds and oleaginous fruits","Yield","kg/ha",2006,650.3,"Melonseed","no"
NA,"World","Oilseeds and oleaginous fruits","Yield","kg/ha",2007,628.9,"Melonseed","no"
NA,"World","Oilseeds and oleaginous fruits","Yield","kg/ha",2008,659,"Melonseed","no"
NA,"World","Oilseeds and oleaginous fruits","Yield","kg/ha",2009,735.7,"Melonseed","no"
NA,"World","Oilseeds and oleaginous fruits","Yield","kg/ha",2010,903.5,"Melonseed","no"
NA,"World","Oilseeds and oleaginous fruits","Yield","kg/ha",2011,915.7,"Melonseed","no"
NA,"World","Oilseeds and oleaginous fruits","Yield","kg/ha",2012,477.6,"Melonseed","no"
NA,"World","Oilseeds and oleaginous fruits","Yield","kg/ha",2013,513,"Melonseed","no"
NA,"World","Oilseeds and oleaginous fruits","Yield","kg/ha",2014,481.4,"Melonseed","no"
NA,"World","Oilseeds and oleaginous fruits","Yield","kg/ha",2015,459.9,"Melonseed","no"
NA,"World","Oilseeds and oleaginous fruits","Yield","kg/ha",2016,465,"Melonseed","no"
NA,"World","Oilseeds and oleaginous fruits","Yield","kg/ha",2017,468.4,"Melonseed","no"
NA,"World","Oilseeds and oleaginous fruits","Yield","kg/ha",2018,472,"Melonseed","no"
NA,"World","Oilseeds and oleaginous fruits","Yield","kg/ha",2019,510.1,"Melonseed","no"
NA,"World","Oilseeds and oleaginous fruits","Yield","kg/ha",2020,538,"Melonseed","no"
NA,"World","Oilseeds and oleaginous fruits","Yield","kg/ha",2021,530.2,"Melonseed","no"
NA,"World","Oilseeds and oleaginous fruits","Yield","kg/ha",2022,522.7,"Melonseed","no"
NA,"World","Oilseeds and oleaginous fruits","Yield","kg/ha",2023,530.6,"Melonseed","no"
NA,"World","Oilseeds and oleaginous fruits","Production","t",1992,566492.51,"Melonseed","no"
NA,"World","Oilseeds and oleaginous fruits","Production","t",1993,490739.14,"Melonseed","no"
NA,"World","Oilseeds and oleaginous fruits","Production","t",1994,469955.37,"Melonseed","no"
NA,"World","Oilseeds and oleaginous fruits","Production","t",1995,546569.46,"Melonseed","no"
NA,"World","Oilseeds and oleaginous fruits","Production","t",1996,570824.51,"Melonseed","no"
NA,"World","Oilseeds and oleaginous fruits","Production","t",1997,524101.13,"Melonseed","no"
NA,"World","Oilseeds and oleaginous fruits","Production","t",1998,603886.74,"Melonseed","no"
NA,"World","Oilseeds and oleaginous fruits","Production","t",1999,530435.15,"Melonseed","no"
NA,"World","Oilseeds and oleaginous fruits","Production","t",2000,595698.41,"Melonseed","no"
NA,"World","Oilseeds and oleaginous fruits","Production","t",2001,607765.67,"Melonseed","no"
NA,"World","Oilseeds and oleaginous fruits","Production","t",2002,638590.16,"Melonseed","no"
NA,"World","Oilseeds and oleaginous fruits","Production","t",2003,675430.52,"Melonseed","no"
NA,"World","Oilseeds and oleaginous fruits","Production","t",2004,698206.31,"Melonseed","no"
NA,"World","Oilseeds and oleaginous fruits","Production","t",2005,727689.72,"Melonseed","no"
NA,"World","Oilseeds and oleaginous fruits","Production","t",2006,726534.54,"Melonseed","no"
NA,"World","Oilseeds and oleaginous fruits","Production","t",2007,774215.03,"Melonseed","no"
NA,"World","Oilseeds and oleaginous fruits","Production","t",2008,735872.17,"Melonseed","no"
NA,"World","Oilseeds and oleaginous fruits","Production","t",2009,665926.47,"Melonseed","no"
NA,"World","Oilseeds and oleaginous fruits","Production","t",2010,773371.52,"Melonseed","no"
NA,"World","Oilseeds and oleaginous fruits","Production","t",2011,834526.55,"Melonseed","no"
NA,"World","Oilseeds and oleaginous fruits","Production","t",2012,881951.61,"Melonseed","no"
NA,"World","Oilseeds and oleaginous fruits","Production","t",2013,871544.56,"Melonseed","no"
NA,"World","Oilseeds and oleaginous fruits","Production","t",2014,915009.12,"Melonseed","no"
NA,"World","Oilseeds and oleaginous fruits","Production","t",2015,921106.35,"Melonseed","no"
NA,"World","Oilseeds and oleaginous fruits","Production","t",2016,893776.89,"Melonseed","no"
NA,"World","Oilseeds and oleaginous fruits","Production","t",2017,923439.76,"Melonseed","no"
NA,"World","Oilseeds and oleaginous fruits","Production","t",2018,1015920.22,"Melonseed","no"
NA,"World","Oilseeds and oleaginous fruits","Production","t",2019,965515,"Melonseed","no"
NA,"World","Oilseeds and oleaginous fruits","Production","t",2020,949758.9,"Melonseed","no"
NA,"World","Oilseeds and oleaginous fruits","Production","t",2021,969509.24,"Melonseed","no"
NA,"World","Oilseeds and oleaginous fruits","Production","t",2022,968526.8,"Melonseed","no"
NA,"World","Oilseeds and oleaginous fruits","Production","t",2023,970016.29,"Melonseed","no"
NA,"World","Cereals","Area harvested","ha",1992,37736322,"Millet","no"
NA,"World","Cereals","Area harvested","ha",1993,35961553,"Millet","no"
NA,"World","Cereals","Area harvested","ha",1994,38515937,"Millet","no"
NA,"World","Cereals","Area harvested","ha",1995,36115235,"Millet","no"
NA,"World","Cereals","Area harvested","ha",1996,36102326,"Millet","no"
NA,"World","Cereals","Area harvested","ha",1997,36248676,"Millet","no"
NA,"World","Cereals","Area harvested","ha",1998,36498650,"Millet","no"
NA,"World","Cereals","Area harvested","ha",1999,36146575,"Millet","no"
NA,"World","Cereals","Area harvested","ha",2000,37116850,"Millet","no"
NA,"World","Cereals","Area harvested","ha",2001,35006858,"Millet","no"
NA,"World","Cereals","Area harvested","ha",2002,33192895,"Millet","no"
NA,"World","Cereals","Area harvested","ha",2003,37725879,"Millet","no"
NA,"World","Cereals","Area harvested","ha",2004,33918500,"Millet","no"
NA,"World","Cereals","Area harvested","ha",2005,35566780,"Millet","no"
NA,"World","Cereals","Area harvested","ha",2006,36226930,"Millet","no"
NA,"World","Cereals","Area harvested","ha",2007,35729945,"Millet","no"
NA,"World","Cereals","Area harvested","ha",2008,35593456,"Millet","no"
NA,"World","Cereals","Area harvested","ha",2009,33865490,"Millet","no"
NA,"World","Cereals","Area harvested","ha",2010,36009338,"Millet","no"
NA,"World","Cereals","Area harvested","ha",2011,33966512,"Millet","no"
NA,"World","Cereals","Area harvested","ha",2012,31310454,"Millet","no"
NA,"World","Cereals","Area harvested","ha",2013,31225586,"Millet","no"
NA,"World","Cereals","Area harvested","ha",2014,32301631,"Millet","no"
NA,"World","Cereals","Area harvested","ha",2015,29775332,"Millet","no"
NA,"World","Cereals","Area harvested","ha",2016,31549088,"Millet","no"
NA,"World","Cereals","Area harvested","ha",2017,31311865,"Millet","no"
NA,"World","Cereals","Area harvested","ha",2018,32419298,"Millet","no"
NA,"World","Cereals","Area harvested","ha",2019,30516953,"Millet","no"
NA,"World","Cereals","Area harvested","ha",2020,31766707,"Millet","no"
NA,"World","Cereals","Area harvested","ha",2021,30071136,"Millet","no"
NA,"World","Cereals","Area harvested","ha",2022,31158255,"Millet","no"
NA,"World","Cereals","Area harvested","ha",2023,31332668,"Millet","no"
NA,"World","Cereals","Yield","kg/ha",1992,793.3,"Millet","no"
NA,"World","Cereals","Yield","kg/ha",1993,737.2,"Millet","no"
NA,"World","Cereals","Yield","kg/ha",1994,728.2,"Millet","no"
NA,"World","Cereals","Yield","kg/ha",1995,714.9,"Millet","no"
NA,"World","Cereals","Yield","kg/ha",1996,792,"Millet","no"
NA,"World","Cereals","Yield","kg/ha",1997,757.4,"Millet","no"
NA,"World","Cereals","Yield","kg/ha",1998,796.7,"Millet","no"
NA,"World","Cereals","Yield","kg/ha",1999,755.8,"Millet","no"
NA,"World","Cereals","Yield","kg/ha",2000,745.5,"Millet","no"
NA,"World","Cereals","Yield","kg/ha",2001,825.7,"Millet","no"
NA,"World","Cereals","Yield","kg/ha",2002,721.7,"Millet","no"
NA,"World","Cereals","Yield","kg/ha",2003,923,"Millet","no"
NA,"World","Cereals","Yield","kg/ha",2004,873.8,"Millet","no"
NA,"World","Cereals","Yield","kg/ha",2005,871.6,"Millet","no"
NA,"World","Cereals","Yield","kg/ha",2006,883.2,"Millet","no"
NA,"World","Cereals","Yield","kg/ha",2007,942.2,"Millet","no"
NA,"World","Cereals","Yield","kg/ha",2008,966.4,"Millet","no"
NA,"World","Cereals","Yield","kg/ha",2009,765.2,"Millet","no"
NA,"World","Cereals","Yield","kg/ha",2010,911,"Millet","no"
NA,"World","Cereals","Yield","kg/ha",2011,796.5,"Millet","no"
NA,"World","Cereals","Yield","kg/ha",2012,852.3,"Millet","no"
NA,"World","Cereals","Yield","kg/ha",2013,846.2,"Millet","no"
NA,"World","Cereals","Yield","kg/ha",2014,894.5,"Millet","no"
NA,"World","Cereals","Yield","kg/ha",2015,960.5,"Millet","no"
NA,"World","Cereals","Yield","kg/ha",2016,879.3,"Millet","no"
NA,"World","Cereals","Yield","kg/ha",2017,923,"Millet","no"
NA,"World","Cereals","Yield","kg/ha",2018,971.1,"Millet","no"
NA,"World","Cereals","Yield","kg/ha",2019,927.6,"Millet","no"
NA,"World","Cereals","Yield","kg/ha",2020,1018.3,"Millet","no"
NA,"World","Cereals","Yield","kg/ha",2021,981.3,"Millet","no"
NA,"World","Cereals","Yield","kg/ha",2022,989.4,"Millet","no"
NA,"World","Cereals","Yield","kg/ha",2023,1008.4,"Millet","no"
NA,"World","Cereals","Production","t",1992,29934671.4,"Millet","no"
NA,"World","Cereals","Production","t",1993,26512049.31,"Millet","no"
NA,"World","Cereals","Production","t",1994,28047003.63,"Millet","no"
NA,"World","Cereals","Production","t",1995,25818375.11,"Millet","no"
NA,"World","Cereals","Production","t",1996,28593915.99,"Millet","no"
NA,"World","Cereals","Production","t",1997,27456325.19,"Millet","no"
NA,"World","Cereals","Production","t",1998,29078272.25,"Millet","no"
NA,"World","Cereals","Production","t",1999,27319543.44,"Millet","no"
NA,"World","Cereals","Production","t",2000,27672184.51,"Millet","no"
NA,"World","Cereals","Production","t",2001,28904169.6,"Millet","no"
NA,"World","Cereals","Production","t",2002,23955912.4,"Millet","no"
NA,"World","Cereals","Production","t",2003,34820406.51,"Millet","no"
NA,"World","Cereals","Production","t",2004,29638141.28,"Millet","no"
NA,"World","Cereals","Production","t",2005,30998688.62,"Millet","no"
NA,"World","Cereals","Production","t",2006,31997333.34,"Millet","no"
NA,"World","Cereals","Production","t",2007,33665480.13,"Millet","no"
NA,"World","Cereals","Production","t",2008,34398522.2,"Millet","no"
NA,"World","Cereals","Production","t",2009,25914788.9,"Millet","no"
NA,"World","Cereals","Production","t",2010,32803443.48,"Millet","no"
NA,"World","Cereals","Production","t",2011,27054154.48,"Millet","no"
NA,"World","Cereals","Production","t",2012,26686533.19,"Millet","no"
NA,"World","Cereals","Production","t",2013,26423961.26,"Millet","no"
NA,"World","Cereals","Production","t",2014,28893521.44,"Millet","no"
NA,"World","Cereals","Production","t",2015,28599587.75,"Millet","no"
NA,"World","Cereals","Production","t",2016,27740081.33,"Millet","no"
NA,"World","Cereals","Production","t",2017,28899559.61,"Millet","no"
NA,"World","Cereals","Production","t",2018,31481820.8,"Millet","no"
NA,"World","Cereals","Production","t",2019,28308319.7,"Millet","no"
NA,"World","Cereals","Production","t",2020,32348542,"Millet","no"
NA,"World","Cereals","Production","t",2021,29509212.76,"Millet","no"
NA,"World","Cereals","Production","t",2022,30827970.12,"Millet","no"
NA,"World","Cereals","Production","t",2023,31596316.41,"Millet","no"
NA,"World","Cereals","Area harvested","ha",1992,1754899,"Mixed grain","no"
NA,"World","Cereals","Area harvested","ha",1993,1747869,"Mixed grain","no"
NA,"World","Cereals","Area harvested","ha",1994,1787588,"Mixed grain","no"
NA,"World","Cereals","Area harvested","ha",1995,1846581,"Mixed grain","no"
NA,"World","Cereals","Area harvested","ha",1996,1750681,"Mixed grain","no"
NA,"World","Cereals","Area harvested","ha",1997,1949376,"Mixed grain","no"
NA,"World","Cereals","Area harvested","ha",1998,1933084,"Mixed grain","no"
NA,"World","Cereals","Area harvested","ha",1999,1812476,"Mixed grain","no"
NA,"World","Cereals","Area harvested","ha",2000,1882144,"Mixed grain","no"
NA,"World","Cereals","Area harvested","ha",2001,1856147,"Mixed grain","no"
NA,"World","Cereals","Area harvested","ha",2002,1722399,"Mixed grain","no"
NA,"World","Cereals","Area harvested","ha",2003,1834112,"Mixed grain","no"
NA,"World","Cereals","Area harvested","ha",2004,1810851,"Mixed grain","no"
NA,"World","Cereals","Area harvested","ha",2005,1758468,"Mixed grain","no"
NA,"World","Cereals","Area harvested","ha",2006,1905714,"Mixed grain","no"
NA,"World","Cereals","Area harvested","ha",2007,1811661,"Mixed grain","no"
NA,"World","Cereals","Area harvested","ha",2008,1713019,"Mixed grain","no"
NA,"World","Cereals","Area harvested","ha",2009,1620556,"Mixed grain","no"
NA,"World","Cereals","Area harvested","ha",2010,1371177,"Mixed grain","no"
NA,"World","Cereals","Area harvested","ha",2011,1476401,"Mixed grain","no"
NA,"World","Cereals","Area harvested","ha",2012,1545168,"Mixed grain","no"
NA,"World","Cereals","Area harvested","ha",2013,1268003,"Mixed grain","no"
NA,"World","Cereals","Area harvested","ha",2014,1127622,"Mixed grain","no"
NA,"World","Cereals","Area harvested","ha",2015,1021031,"Mixed grain","no"
NA,"World","Cereals","Area harvested","ha",2016,1030470,"Mixed grain","no"
NA,"World","Cereals","Area harvested","ha",2017,1101456,"Mixed grain","no"
NA,"World","Cereals","Area harvested","ha",2018,1290570,"Mixed grain","no"
NA,"World","Cereals","Area harvested","ha",2019,1240715,"Mixed grain","no"
NA,"World","Cereals","Area harvested","ha",2020,919914,"Mixed grain","no"
NA,"World","Cereals","Area harvested","ha",2021,1012452,"Mixed grain","no"
NA,"World","Cereals","Area harvested","ha",2022,673077,"Mixed grain","no"
NA,"World","Cereals","Area harvested","ha",2023,561721,"Mixed grain","no"
NA,"World","Cereals","Yield","kg/ha",1992,2341.7,"Mixed grain","no"
NA,"World","Cereals","Yield","kg/ha",1993,2692.3,"Mixed grain","no"
NA,"World","Cereals","Yield","kg/ha",1994,2475.3,"Mixed grain","no"
NA,"World","Cereals","Yield","kg/ha",1995,2831.9,"Mixed grain","no"
NA,"World","Cereals","Yield","kg/ha",1996,2888.9,"Mixed grain","no"
NA,"World","Cereals","Yield","kg/ha",1997,2900.9,"Mixed grain","no"
NA,"World","Cereals","Yield","kg/ha",1998,2915.5,"Mixed grain","no"
NA,"World","Cereals","Yield","kg/ha",1999,2846.6,"Mixed grain","no"
NA,"World","Cereals","Yield","kg/ha",2000,2288.8,"Mixed grain","no"
NA,"World","Cereals","Yield","kg/ha",2001,2791.4,"Mixed grain","no"
NA,"World","Cereals","Yield","kg/ha",2002,2867.2,"Mixed grain","no"
NA,"World","Cereals","Yield","kg/ha",2003,2589,"Mixed grain","no"
NA,"World","Cereals","Yield","kg/ha",2004,3028,"Mixed grain","no"
NA,"World","Cereals","Yield","kg/ha",2005,2808.4,"Mixed grain","no"
NA,"World","Cereals","Yield","kg/ha",2006,2325.2,"Mixed grain","no"
NA,"World","Cereals","Yield","kg/ha",2007,2850.6,"Mixed grain","no"
NA,"World","Cereals","Yield","kg/ha",2008,2642.3,"Mixed grain","no"
NA,"World","Cereals","Yield","kg/ha",2009,2961.2,"Mixed grain","no"
NA,"World","Cereals","Yield","kg/ha",2010,3049.5,"Mixed grain","no"
NA,"World","Cereals","Yield","kg/ha",2011,2860.4,"Mixed grain","no"
NA,"World","Cereals","Yield","kg/ha",2012,3099,"Mixed grain","no"
NA,"World","Cereals","Yield","kg/ha",2013,3033.5,"Mixed grain","no"
NA,"World","Cereals","Yield","kg/ha",2014,3333,"Mixed grain","no"
NA,"World","Cereals","Yield","kg/ha",2015,2893.7,"Mixed grain","no"
NA,"World","Cereals","Yield","kg/ha",2016,3044,"Mixed grain","no"
NA,"World","Cereals","Yield","kg/ha",2017,3259.6,"Mixed grain","no"
NA,"World","Cereals","Yield","kg/ha",2018,2644.5,"Mixed grain","no"
NA,"World","Cereals","Yield","kg/ha",2019,2756.5,"Mixed grain","no"
NA,"World","Cereals","Yield","kg/ha",2020,3319,"Mixed grain","no"
NA,"World","Cereals","Yield","kg/ha",2021,3272.7,"Mixed grain","no"
NA,"World","Cereals","Yield","kg/ha",2022,3299.5,"Mixed grain","no"
NA,"World","Cereals","Yield","kg/ha",2023,3155.1,"Mixed grain","no"
NA,"World","Cereals","Production","t",1992,4109531.28,"Mixed grain","no"
NA,"World","Cereals","Production","t",1993,4705707.71,"Mixed grain","no"
NA,"World","Cereals","Production","t",1994,4424903.15,"Mixed grain","no"
NA,"World","Cereals","Production","t",1995,5229334.47,"Mixed grain","no"
NA,"World","Cereals","Production","t",1996,5057550.06,"Mixed grain","no"
NA,"World","Cereals","Production","t",1997,5654904.27,"Mixed grain","no"
NA,"World","Cereals","Production","t",1998,5635823.03,"Mixed grain","no"
NA,"World","Cereals","Production","t",1999,5159354.19,"Mixed grain","no"
NA,"World","Cereals","Production","t",2000,4307870.82,"Mixed grain","no"
NA,"World","Cereals","Production","t",2001,5181314.17,"Mixed grain","no"
NA,"World","Cereals","Production","t",2002,4938408.56,"Mixed grain","no"
NA,"World","Cereals","Production","t",2003,4748436.87,"Mixed grain","no"
NA,"World","Cereals","Production","t",2004,5483166.61,"Mixed grain","no"
NA,"World","Cereals","Production","t",2005,4938448.67,"Mixed grain","no"
NA,"World","Cereals","Production","t",2006,4431256.25,"Mixed grain","no"
NA,"World","Cereals","Production","t",2007,5164260.29,"Mixed grain","no"
NA,"World","Cereals","Production","t",2008,4526250.28,"Mixed grain","no"
NA,"World","Cereals","Production","t",2009,4798783.4,"Mixed grain","no"
NA,"World","Cereals","Production","t",2010,4181401.34,"Mixed grain","no"
NA,"World","Cereals","Production","t",2011,4223100.23,"Mixed grain","no"
NA,"World","Cereals","Production","t",2012,4788482.42,"Mixed grain","no"
NA,"World","Cereals","Production","t",2013,3846456.6,"Mixed grain","no"
NA,"World","Cereals","Production","t",2014,3758386.94,"Mixed grain","no"
NA,"World","Cereals","Production","t",2015,2954589.7,"Mixed grain","no"
NA,"World","Cereals","Production","t",2016,3136783.3,"Mixed grain","no"
NA,"World","Cereals","Production","t",2017,3590324.99,"Mixed grain","no"
NA,"World","Cereals","Production","t",2018,3412937.57,"Mixed grain","no"
NA,"World","Cereals","Production","t",2019,3420035.46,"Mixed grain","no"
NA,"World","Cereals","Production","t",2020,3053223.87,"Mixed grain","no"
NA,"World","Cereals","Production","t",2021,3313434.37,"Mixed grain","no"
NA,"World","Cereals","Production","t",2022,2220843.78,"Mixed grain","no"
NA,"World","Cereals","Production","t",2023,1772295.22,"Mixed grain","no"
NA,"World","Sugar and molasses","Production","t",1992,42360362.34,"Molasses","no"
NA,"World","Sugar and molasses","Production","t",1993,39152043.09,"Molasses","no"
NA,"World","Sugar and molasses","Production","t",1994,40567243.49,"Molasses","no"
NA,"World","Sugar and molasses","Production","t",1995,44610631.59,"Molasses","no"
NA,"World","Sugar and molasses","Production","t",1996,46624926.61,"Molasses","no"
NA,"World","Sugar and molasses","Production","t",1997,44982930.37,"Molasses","no"
NA,"World","Sugar and molasses","Production","t",1998,45947282.43,"Molasses","no"
NA,"World","Sugar and molasses","Production","t",1999,47171923.16,"Molasses","no"
NA,"World","Sugar and molasses","Production","t",2000,45458540.96,"Molasses","no"
NA,"World","Sugar and molasses","Production","t",2001,46153230.42,"Molasses","no"
NA,"World","Sugar and molasses","Production","t",2002,50781842.67,"Molasses","no"
NA,"World","Sugar and molasses","Production","t",2003,52530609,"Molasses","no"
NA,"World","Sugar and molasses","Production","t",2004,50061408.12,"Molasses","no"
NA,"World","Sugar and molasses","Production","t",2005,48347758,"Molasses","no"
NA,"World","Sugar and molasses","Production","t",2006,52879092.41,"Molasses","no"
NA,"World","Sugar and molasses","Production","t",2007,59263891.06,"Molasses","no"
NA,"World","Sugar and molasses","Production","t",2008,57049354.91,"Molasses","no"
NA,"World","Sugar and molasses","Production","t",2009,50223414.66,"Molasses","no"
NA,"World","Sugar and molasses","Production","t",2010,54118572.32,"Molasses","no"
NA,"World","Sugar and molasses","Production","t",2011,59667873.63,"Molasses","no"
NA,"World","Sugar and molasses","Production","t",2012,62720266.49,"Molasses","no"
NA,"World","Sugar and molasses","Production","t",2013,63309908.15,"Molasses","no"
NA,"World","Sugar and molasses","Production","t",2014,61074423.22,"Molasses","no"
NA,"World","Sugar and molasses","Production","t",2015,60316476.86,"Molasses","no"
NA,"World","Sugar and molasses","Production","t",2016,62996034.59,"Molasses","no"
NA,"World","Sugar and molasses","Production","t",2017,62054984.58,"Molasses","no"
NA,"World","Sugar and molasses","Production","t",2018,63659660.51,"Molasses","no"
NA,"World","Sugar and molasses","Production","t",2019,63846160.51,"Molasses","no"
NA,"World","Sugar and molasses","Production","t",2020,61894120.71,"Molasses","no"
NA,"World","Sugar and molasses","Production","t",2021,60555665.15,"Molasses","no"
NA,"World","Sugar and molasses","Production","t",2022,63233501.84,"Molasses","no"
NA,"World","Sugar and molasses","Production","t",2023,NA,"Molasses","no"
NA,"World","Live animals","Stocks","An",1992,15010699,"Mules and hinnies","no"
NA,"World","Live animals","Stocks","An",1993,14962939,"Mules and hinnies","no"
NA,"World","Live animals","Stocks","An",1994,14839112,"Mules and hinnies","no"
NA,"World","Live animals","Stocks","An",1995,14478087,"Mules and hinnies","no"
NA,"World","Live animals","Stocks","An",1996,13705465,"Mules and hinnies","no"
NA,"World","Live animals","Stocks","An",1997,13052380,"Mules and hinnies","no"
NA,"World","Live animals","Stocks","An",1998,13017501,"Mules and hinnies","no"
NA,"World","Live animals","Stocks","An",1999,13018458,"Mules and hinnies","no"
NA,"World","Live animals","Stocks","An",2000,12877463,"Mules and hinnies","no"
NA,"World","Live animals","Stocks","An",2001,12754723,"Mules and hinnies","no"
NA,"World","Live animals","Stocks","An",2002,12637932,"Mules and hinnies","no"
NA,"World","Live animals","Stocks","An",2003,12389068,"Mules and hinnies","no"
NA,"World","Live animals","Stocks","An",2004,12169706,"Mules and hinnies","no"
NA,"World","Live animals","Stocks","An",2005,11933571,"Mules and hinnies","no"
NA,"World","Live animals","Stocks","An",2006,11784736,"Mules and hinnies","no"
NA,"World","Live animals","Stocks","An",2007,11640553,"Mules and hinnies","no"
NA,"World","Live animals","Stocks","An",2008,11104957,"Mules and hinnies","no"
NA,"World","Live animals","Stocks","An",2009,10282501,"Mules and hinnies","no"
NA,"World","Live animals","Stocks","An",2010,9549249,"Mules and hinnies","no"
NA,"World","Live animals","Stocks","An",2011,9481977,"Mules and hinnies","no"
NA,"World","Live animals","Stocks","An",2012,9338225,"Mules and hinnies","no"
NA,"World","Live animals","Stocks","An",2013,9118178,"Mules and hinnies","no"
NA,"World","Live animals","Stocks","An",2014,9203070,"Mules and hinnies","no"
NA,"World","Live animals","Stocks","An",2015,8907264,"Mules and hinnies","no"
NA,"World","Live animals","Stocks","An",2016,8739161,"Mules and hinnies","no"
NA,"World","Live animals","Stocks","An",2017,8481923,"Mules and hinnies","no"
NA,"World","Live animals","Stocks","An",2018,8108212,"Mules and hinnies","no"
NA,"World","Live animals","Stocks","An",2019,8016989,"Mules and hinnies","no"
NA,"World","Live animals","Stocks","An",2020,7939198,"Mules and hinnies","no"
NA,"World","Live animals","Stocks","An",2021,7843073,"Mules and hinnies","no"
NA,"World","Live animals","Stocks","An",2022,7781573,"Mules and hinnies","no"
NA,"World","Live animals","Stocks","An",2023,7764602,"Mules and hinnies","no"
NA,"World","Vegetables","Production","t",1992,2746859.63,"Mushrooms and truffles","no"
NA,"World","Vegetables","Production","t",1993,2794986.38,"Mushrooms and truffles","no"
NA,"World","Vegetables","Production","t",1994,3009969.66,"Mushrooms and truffles","no"
NA,"World","Vegetables","Production","t",1995,3110596.15,"Mushrooms and truffles","no"
NA,"World","Vegetables","Production","t",1996,3292712.63,"Mushrooms and truffles","no"
NA,"World","Vegetables","Production","t",1997,3472518.76,"Mushrooms and truffles","no"
NA,"World","Vegetables","Production","t",1998,3945235.25,"Mushrooms and truffles","no"
NA,"World","Vegetables","Production","t",1999,4288826.09,"Mushrooms and truffles","no"
NA,"World","Vegetables","Production","t",2000,8781002.72,"Mushrooms and truffles","no"
NA,"World","Vegetables","Production","t",2001,10021720.38,"Mushrooms and truffles","no"
NA,"World","Vegetables","Production","t",2002,10979678.74,"Mushrooms and truffles","no"
NA,"World","Vegetables","Production","t",2003,12649700.52,"Mushrooms and truffles","no"
NA,"World","Vegetables","Production","t",2004,13848723.79,"Mushrooms and truffles","no"
NA,"World","Vegetables","Production","t",2005,15572858.71,"Mushrooms and truffles","no"
NA,"World","Vegetables","Production","t",2006,16942909.89,"Mushrooms and truffles","no"
NA,"World","Vegetables","Production","t",2007,19055841.19,"Mushrooms and truffles","no"
NA,"World","Vegetables","Production","t",2008,20886610.67,"Mushrooms and truffles","no"
NA,"World","Vegetables","Production","t",2009,23176018.02,"Mushrooms and truffles","no"
NA,"World","Vegetables","Production","t",2010,24977027.48,"Mushrooms and truffles","no"
NA,"World","Vegetables","Production","t",2011,28933815.69,"Mushrooms and truffles","no"
NA,"World","Vegetables","Production","t",2012,31780371.08,"Mushrooms and truffles","no"
NA,"World","Vegetables","Production","t",2013,34283972.83,"Mushrooms and truffles","no"
NA,"World","Vegetables","Production","t",2014,35368307.9,"Mushrooms and truffles","no"
NA,"World","Vegetables","Production","t",2015,37479711.25,"Mushrooms and truffles","no"
NA,"World","Vegetables","Production","t",2016,38660679.56,"Mushrooms and truffles","no"
NA,"World","Vegetables","Production","t",2017,39835404.12,"Mushrooms and truffles","no"
NA,"World","Vegetables","Production","t",2018,40568111.5,"Mushrooms and truffles","no"
NA,"World","Vegetables","Production","t",2019,41718953.06,"Mushrooms and truffles","no"
NA,"World","Vegetables","Production","t",2020,42959818.19,"Mushrooms and truffles","no"
NA,"World","Vegetables","Production","t",2021,44223861.32,"Mushrooms and truffles","no"
NA,"World","Vegetables","Production","t",2022,48281468.04,"Mushrooms and truffles","no"
NA,"World","Vegetables","Production","t",2023,50010109,"Mushrooms and truffles","no"
NA,"World","Oilseeds and oleaginous fruits","Area harvested","ha",1992,563795,"Mustard seed","no"
NA,"World","Oilseeds and oleaginous fruits","Area harvested","ha",1993,595174,"Mustard seed","no"
NA,"World","Oilseeds and oleaginous fruits","Area harvested","ha",1994,743322,"Mustard seed","no"
NA,"World","Oilseeds and oleaginous fruits","Area harvested","ha",1995,734929,"Mustard seed","no"
NA,"World","Oilseeds and oleaginous fruits","Area harvested","ha",1996,688222,"Mustard seed","no"
NA,"World","Oilseeds and oleaginous fruits","Area harvested","ha",1997,774075,"Mustard seed","no"
NA,"World","Oilseeds and oleaginous fruits","Area harvested","ha",1998,753264,"Mustard seed","no"
NA,"World","Oilseeds and oleaginous fruits","Area harvested","ha",1999,767833,"Mustard seed","no"
NA,"World","Oilseeds and oleaginous fruits","Area harvested","ha",2000,711617,"Mustard seed","no"
NA,"World","Oilseeds and oleaginous fruits","Area harvested","ha",2001,582686,"Mustard seed","no"
NA,"World","Oilseeds and oleaginous fruits","Area harvested","ha",2002,797482,"Mustard seed","no"
NA,"World","Oilseeds and oleaginous fruits","Area harvested","ha",2003,1053033,"Mustard seed","no"
NA,"World","Oilseeds and oleaginous fruits","Area harvested","ha",2004,958664,"Mustard seed","no"
NA,"World","Oilseeds and oleaginous fruits","Area harvested","ha",2005,723256,"Mustard seed","no"
NA,"World","Oilseeds and oleaginous fruits","Area harvested","ha",2006,612971,"Mustard seed","no"
NA,"World","Oilseeds and oleaginous fruits","Area harvested","ha",2007,618806,"Mustard seed","no"
NA,"World","Oilseeds and oleaginous fruits","Area harvested","ha",2008,691440,"Mustard seed","no"
NA,"World","Oilseeds and oleaginous fruits","Area harvested","ha",2009,865293,"Mustard seed","no"
NA,"World","Oilseeds and oleaginous fruits","Area harvested","ha",2010,790593,"Mustard seed","no"
NA,"World","Oilseeds and oleaginous fruits","Area harvested","ha",2011,701078,"Mustard seed","no"
NA,"World","Oilseeds and oleaginous fruits","Area harvested","ha",2012,614464,"Mustard seed","no"
NA,"World","Oilseeds and oleaginous fruits","Area harvested","ha",2013,657705,"Mustard seed","no"
NA,"World","Oilseeds and oleaginous fruits","Area harvested","ha",2014,814390,"Mustard seed","no"
NA,"World","Oilseeds and oleaginous fruits","Area harvested","ha",2015,679929,"Mustard seed","no"
NA,"World","Oilseeds and oleaginous fruits","Area harvested","ha",2016,727610,"Mustard seed","no"
NA,"World","Oilseeds and oleaginous fruits","Area harvested","ha",2017,670150,"Mustard seed","no"
NA,"World","Oilseeds and oleaginous fruits","Area harvested","ha",2018,884747,"Mustard seed","no"
NA,"World","Oilseeds and oleaginous fruits","Area harvested","ha",2019,851880,"Mustard seed","no"
NA,"World","Oilseeds and oleaginous fruits","Area harvested","ha",2020,629685,"Mustard seed","no"
NA,"World","Oilseeds and oleaginous fruits","Area harvested","ha",2021,643819,"Mustard seed","no"
NA,"World","Oilseeds and oleaginous fruits","Area harvested","ha",2022,846761,"Mustard seed","no"
NA,"World","Oilseeds and oleaginous fruits","Area harvested","ha",2023,980645,"Mustard seed","no"
NA,"World","Oilseeds and oleaginous fruits","Yield","kg/ha",1992,679.8,"Mustard seed","no"
NA,"World","Oilseeds and oleaginous fruits","Yield","kg/ha",1993,815.7,"Mustard seed","no"
NA,"World","Oilseeds and oleaginous fruits","Yield","kg/ha",1994,745.6,"Mustard seed","no"
NA,"World","Oilseeds and oleaginous fruits","Yield","kg/ha",1995,665.7,"Mustard seed","no"
NA,"World","Oilseeds and oleaginous fruits","Yield","kg/ha",1996,694.7,"Mustard seed","no"
NA,"World","Oilseeds and oleaginous fruits","Yield","kg/ha",1997,694.3,"Mustard seed","no"
NA,"World","Oilseeds and oleaginous fruits","Yield","kg/ha",1998,735.9,"Mustard seed","no"
NA,"World","Oilseeds and oleaginous fruits","Yield","kg/ha",1999,828.6,"Mustard seed","no"
NA,"World","Oilseeds and oleaginous fruits","Yield","kg/ha",2000,707.8,"Mustard seed","no"
NA,"World","Oilseeds and oleaginous fruits","Yield","kg/ha",2001,684.4,"Mustard seed","no"
NA,"World","Oilseeds and oleaginous fruits","Yield","kg/ha",2002,655.2,"Mustard seed","no"
NA,"World","Oilseeds and oleaginous fruits","Yield","kg/ha",2003,669.1,"Mustard seed","no"
NA,"World","Oilseeds and oleaginous fruits","Yield","kg/ha",2004,831.1,"Mustard seed","no"
NA,"World","Oilseeds and oleaginous fruits","Yield","kg/ha",2005,791.7,"Mustard seed","no"
NA,"World","Oilseeds and oleaginous fruits","Yield","kg/ha",2006,757.9,"Mustard seed","no"
NA,"World","Oilseeds and oleaginous fruits","Yield","kg/ha",2007,674.2,"Mustard seed","no"
NA,"World","Oilseeds and oleaginous fruits","Yield","kg/ha",2008,787,"Mustard seed","no"
NA,"World","Oilseeds and oleaginous fruits","Yield","kg/ha",2009,813.7,"Mustard seed","no"
NA,"World","Oilseeds and oleaginous fruits","Yield","kg/ha",2010,788.7,"Mustard seed","no"
NA,"World","Oilseeds and oleaginous fruits","Yield","kg/ha",2011,840.1,"Mustard seed","no"
NA,"World","Oilseeds and oleaginous fruits","Yield","kg/ha",2012,771.5,"Mustard seed","no"
NA,"World","Oilseeds and oleaginous fruits","Yield","kg/ha",2013,798.6,"Mustard seed","no"
NA,"World","Oilseeds and oleaginous fruits","Yield","kg/ha",2014,838.4,"Mustard seed","no"
NA,"World","Oilseeds and oleaginous fruits","Yield","kg/ha",2015,788.5,"Mustard seed","no"
NA,"World","Oilseeds and oleaginous fruits","Yield","kg/ha",2016,943.5,"Mustard seed","no"
NA,"World","Oilseeds and oleaginous fruits","Yield","kg/ha",2017,841.9,"Mustard seed","no"
NA,"World","Oilseeds and oleaginous fruits","Yield","kg/ha",2018,744.4,"Mustard seed","no"
NA,"World","Oilseeds and oleaginous fruits","Yield","kg/ha",2019,770.5,"Mustard seed","no"
NA,"World","Oilseeds and oleaginous fruits","Yield","kg/ha",2020,1088.2,"Mustard seed","no"
NA,"World","Oilseeds and oleaginous fruits","Yield","kg/ha",2021,1066.3,"Mustard seed","no"
NA,"World","Oilseeds and oleaginous fruits","Yield","kg/ha",2022,1005.7,"Mustard seed","no"
NA,"World","Oilseeds and oleaginous fruits","Yield","kg/ha",2023,935.7,"Mustard seed","no"
NA,"World","Oilseeds and oleaginous fruits","Production","t",1992,383290.66,"Mustard seed","no"
NA,"World","Oilseeds and oleaginous fruits","Production","t",1993,485501.98,"Mustard seed","no"
NA,"World","Oilseeds and oleaginous fruits","Production","t",1994,554213.78,"Mustard seed","no"
NA,"World","Oilseeds and oleaginous fruits","Production","t",1995,489277.73,"Mustard seed","no"
NA,"World","Oilseeds and oleaginous fruits","Production","t",1996,478103.58,"Mustard seed","no"
NA,"World","Oilseeds and oleaginous fruits","Production","t",1997,537423.07,"Mustard seed","no"
NA,"World","Oilseeds and oleaginous fruits","Production","t",1998,554362.2,"Mustard seed","no"
NA,"World","Oilseeds and oleaginous fruits","Production","t",1999,636202.68,"Mustard seed","no"
NA,"World","Oilseeds and oleaginous fruits","Production","t",2000,503695,"Mustard seed","no"
NA,"World","Oilseeds and oleaginous fruits","Production","t",2001,398817.63,"Mustard seed","no"
NA,"World","Oilseeds and oleaginous fruits","Production","t",2002,522481.9,"Mustard seed","no"
NA,"World","Oilseeds and oleaginous fruits","Production","t",2003,704615.09,"Mustard seed","no"
NA,"World","Oilseeds and oleaginous fruits","Production","t",2004,796706.97,"Mustard seed","no"
NA,"World","Oilseeds and oleaginous fruits","Production","t",2005,572578.13,"Mustard seed","no"
NA,"World","Oilseeds and oleaginous fruits","Production","t",2006,464544.8,"Mustard seed","no"
NA,"World","Oilseeds and oleaginous fruits","Production","t",2007,417199.55,"Mustard seed","no"
NA,"World","Oilseeds and oleaginous fruits","Production","t",2008,544150.17,"Mustard seed","no"
NA,"World","Oilseeds and oleaginous fruits","Production","t",2009,704078.06,"Mustard seed","no"
NA,"World","Oilseeds and oleaginous fruits","Production","t",2010,623519.08,"Mustard seed","no"
NA,"World","Oilseeds and oleaginous fruits","Production","t",2011,588978.3,"Mustard seed","no"
NA,"World","Oilseeds and oleaginous fruits","Production","t",2012,474086.11,"Mustard seed","no"
NA,"World","Oilseeds and oleaginous fruits","Production","t",2013,525272.43,"Mustard seed","no"
NA,"World","Oilseeds and oleaginous fruits","Production","t",2014,682761.59,"Mustard seed","no"
NA,"World","Oilseeds and oleaginous fruits","Production","t",2015,536133.08,"Mustard seed","no"
NA,"World","Oilseeds and oleaginous fruits","Production","t",2016,686504.39,"Mustard seed","no"
NA,"World","Oilseeds and oleaginous fruits","Production","t",2017,564181.86,"Mustard seed","no"
NA,"World","Oilseeds and oleaginous fruits","Production","t",2018,658600.49,"Mustard seed","no"
NA,"World","Oilseeds and oleaginous fruits","Production","t",2019,656345.5,"Mustard seed","no"
NA,"World","Oilseeds and oleaginous fruits","Production","t",2020,685209.07,"Mustard seed","no"
NA,"World","Oilseeds and oleaginous fruits","Production","t",2021,686495.16,"Mustard seed","no"
NA,"World","Oilseeds and oleaginous fruits","Production","t",2022,851605.64,"Mustard seed","no"
NA,"World","Oilseeds and oleaginous fruits","Production","t",2023,917556.08,"Mustard seed","no"
NA,"World","Other animal products","Production","t",1992,1137740.16,"Natural honey","no"
NA,"World","Other animal products","Production","t",1993,1155297.04,"Natural honey","no"
NA,"World","Other animal products","Production","t",1994,1134022.38,"Natural honey","no"
NA,"World","Other animal products","Production","t",1995,1164984.43,"Natural honey","no"
NA,"World","Other animal products","Production","t",1996,1107730.88,"Natural honey","no"
NA,"World","Other animal products","Production","t",1997,1161080.01,"Natural honey","no"
NA,"World","Other animal products","Production","t",1998,1193900.3,"Natural honey","no"
NA,"World","Other animal products","Production","t",1999,1244898.26,"Natural honey","no"
NA,"World","Other animal products","Production","t",2000,1260052.13,"Natural honey","no"
NA,"World","Other animal products","Production","t",2001,1241501.24,"Natural honey","no"
NA,"World","Other animal products","Production","t",2002,1288230.21,"Natural honey","no"
NA,"World","Other animal products","Production","t",2003,1336934.23,"Natural honey","no"
NA,"World","Other animal products","Production","t",2004,1364358.48,"Natural honey","no"
NA,"World","Other animal products","Production","t",2005,1416551.02,"Natural honey","no"
NA,"World","Other animal products","Production","t",2006,1506417.14,"Natural honey","no"
NA,"World","Other animal products","Production","t",2007,1453528.43,"Natural honey","no"
NA,"World","Other animal products","Production","t",2008,1517809.97,"Natural honey","no"
NA,"World","Other animal products","Production","t",2009,1505356.75,"Natural honey","no"
NA,"World","Other animal products","Production","t",2010,1537646.95,"Natural honey","no"
NA,"World","Other animal products","Production","t",2011,1610686.83,"Natural honey","no"
NA,"World","Other animal products","Production","t",2012,1640271.7,"Natural honey","no"
NA,"World","Other animal products","Production","t",2013,1688385.78,"Natural honey","no"
NA,"World","Other animal products","Production","t",2014,1759636.5,"Natural honey","no"
NA,"World","Other animal products","Production","t",2015,1821402.52,"Natural honey","no"
NA,"World","Other animal products","Production","t",2016,1863163.83,"Natural honey","no"
NA,"World","Other animal products","Production","t",2017,1878689.19,"Natural honey","no"
NA,"World","Other animal products","Production","t",2018,1842916.13,"Natural honey","no"
NA,"World","Other animal products","Production","t",2019,1887873.92,"Natural honey","no"
NA,"World","Other animal products","Production","t",2020,1903761.31,"Natural honey","no"
NA,"World","Other animal products","Production","t",2021,1831269.69,"Natural honey","no"
NA,"World","Other animal products","Production","t",2022,1908043.53,"Natural honey","no"
NA,"World","Other animal products","Production","t",2023,1893805.48,"Natural honey","no"
NA,"World","Forage products; fibre crops; plants used in perfumery, pharmacy, or for insecticidal, fungicidal or similar purposes; beet, forage plant and flower seeds; natural rubber; living plants, cut flowers and flower buds; unmanufactured tobacco; other raw vegetable materials","Area harvested","ha",1992,6629406,"Natural rubber in primary forms","no"
NA,"World","Forage products; fibre crops; plants used in perfumery, pharmacy, or for insecticidal, fungicidal or similar purposes; beet, forage plant and flower seeds; natural rubber; living plants, cut flowers and flower buds; unmanufactured tobacco; other raw vegetable materials","Area harvested","ha",1993,6824095,"Natural rubber in primary forms","no"
NA,"World","Forage products; fibre crops; plants used in perfumery, pharmacy, or for insecticidal, fungicidal or similar purposes; beet, forage plant and flower seeds; natural rubber; living plants, cut flowers and flower buds; unmanufactured tobacco; other raw vegetable materials","Area harvested","ha",1994,6860762,"Natural rubber in primary forms","no"
NA,"World","Forage products; fibre crops; plants used in perfumery, pharmacy, or for insecticidal, fungicidal or similar purposes; beet, forage plant and flower seeds; natural rubber; living plants, cut flowers and flower buds; unmanufactured tobacco; other raw vegetable materials","Area harvested","ha",1995,7068143,"Natural rubber in primary forms","no"
NA,"World","Forage products; fibre crops; plants used in perfumery, pharmacy, or for insecticidal, fungicidal or similar purposes; beet, forage plant and flower seeds; natural rubber; living plants, cut flowers and flower buds; unmanufactured tobacco; other raw vegetable materials","Area harvested","ha",1996,7095420,"Natural rubber in primary forms","no"
NA,"World","Forage products; fibre crops; plants used in perfumery, pharmacy, or for insecticidal, fungicidal or similar purposes; beet, forage plant and flower seeds; natural rubber; living plants, cut flowers and flower buds; unmanufactured tobacco; other raw vegetable materials","Area harvested","ha",1997,7215984,"Natural rubber in primary forms","no"
NA,"World","Forage products; fibre crops; plants used in perfumery, pharmacy, or for insecticidal, fungicidal or similar purposes; beet, forage plant and flower seeds; natural rubber; living plants, cut flowers and flower buds; unmanufactured tobacco; other raw vegetable materials","Area harvested","ha",1998,7253853,"Natural rubber in primary forms","no"
NA,"World","Forage products; fibre crops; plants used in perfumery, pharmacy, or for insecticidal, fungicidal or similar purposes; beet, forage plant and flower seeds; natural rubber; living plants, cut flowers and flower buds; unmanufactured tobacco; other raw vegetable materials","Area harvested","ha",1999,7296365,"Natural rubber in primary forms","no"
NA,"World","Forage products; fibre crops; plants used in perfumery, pharmacy, or for insecticidal, fungicidal or similar purposes; beet, forage plant and flower seeds; natural rubber; living plants, cut flowers and flower buds; unmanufactured tobacco; other raw vegetable materials","Area harvested","ha",2000,7462279,"Natural rubber in primary forms","no"
NA,"World","Forage products; fibre crops; plants used in perfumery, pharmacy, or for insecticidal, fungicidal or similar purposes; beet, forage plant and flower seeds; natural rubber; living plants, cut flowers and flower buds; unmanufactured tobacco; other raw vegetable materials","Area harvested","ha",2001,7702246,"Natural rubber in primary forms","no"
NA,"World","Forage products; fibre crops; plants used in perfumery, pharmacy, or for insecticidal, fungicidal or similar purposes; beet, forage plant and flower seeds; natural rubber; living plants, cut flowers and flower buds; unmanufactured tobacco; other raw vegetable materials","Area harvested","ha",2002,7766542,"Natural rubber in primary forms","no"
NA,"World","Forage products; fibre crops; plants used in perfumery, pharmacy, or for insecticidal, fungicidal or similar purposes; beet, forage plant and flower seeds; natural rubber; living plants, cut flowers and flower buds; unmanufactured tobacco; other raw vegetable materials","Area harvested","ha",2003,7899821,"Natural rubber in primary forms","no"
NA,"World","Forage products; fibre crops; plants used in perfumery, pharmacy, or for insecticidal, fungicidal or similar purposes; beet, forage plant and flower seeds; natural rubber; living plants, cut flowers and flower buds; unmanufactured tobacco; other raw vegetable materials","Area harvested","ha",2004,8044280,"Natural rubber in primary forms","no"
NA,"World","Forage products; fibre crops; plants used in perfumery, pharmacy, or for insecticidal, fungicidal or similar purposes; beet, forage plant and flower seeds; natural rubber; living plants, cut flowers and flower buds; unmanufactured tobacco; other raw vegetable materials","Area harvested","ha",2005,8816352,"Natural rubber in primary forms","no"
NA,"World","Forage products; fibre crops; plants used in perfumery, pharmacy, or for insecticidal, fungicidal or similar purposes; beet, forage plant and flower seeds; natural rubber; living plants, cut flowers and flower buds; unmanufactured tobacco; other raw vegetable materials","Area harvested","ha",2006,8360972,"Natural rubber in primary forms","no"
NA,"World","Forage products; fibre crops; plants used in perfumery, pharmacy, or for insecticidal, fungicidal or similar purposes; beet, forage plant and flower seeds; natural rubber; living plants, cut flowers and flower buds; unmanufactured tobacco; other raw vegetable materials","Area harvested","ha",2007,8567278,"Natural rubber in primary forms","no"
NA,"World","Forage products; fibre crops; plants used in perfumery, pharmacy, or for insecticidal, fungicidal or similar purposes; beet, forage plant and flower seeds; natural rubber; living plants, cut flowers and flower buds; unmanufactured tobacco; other raw vegetable materials","Area harvested","ha",2008,9307274,"Natural rubber in primary forms","no"
NA,"World","Forage products; fibre crops; plants used in perfumery, pharmacy, or for insecticidal, fungicidal or similar purposes; beet, forage plant and flower seeds; natural rubber; living plants, cut flowers and flower buds; unmanufactured tobacco; other raw vegetable materials","Area harvested","ha",2009,9154077,"Natural rubber in primary forms","no"
NA,"World","Forage products; fibre crops; plants used in perfumery, pharmacy, or for insecticidal, fungicidal or similar purposes; beet, forage plant and flower seeds; natural rubber; living plants, cut flowers and flower buds; unmanufactured tobacco; other raw vegetable materials","Area harvested","ha",2010,9322839,"Natural rubber in primary forms","no"
NA,"World","Forage products; fibre crops; plants used in perfumery, pharmacy, or for insecticidal, fungicidal or similar purposes; beet, forage plant and flower seeds; natural rubber; living plants, cut flowers and flower buds; unmanufactured tobacco; other raw vegetable materials","Area harvested","ha",2011,9481170,"Natural rubber in primary forms","no"
NA,"World","Forage products; fibre crops; plants used in perfumery, pharmacy, or for insecticidal, fungicidal or similar purposes; beet, forage plant and flower seeds; natural rubber; living plants, cut flowers and flower buds; unmanufactured tobacco; other raw vegetable materials","Area harvested","ha",2012,10171422,"Natural rubber in primary forms","no"
NA,"World","Forage products; fibre crops; plants used in perfumery, pharmacy, or for insecticidal, fungicidal or similar purposes; beet, forage plant and flower seeds; natural rubber; living plants, cut flowers and flower buds; unmanufactured tobacco; other raw vegetable materials","Area harvested","ha",2013,10664597,"Natural rubber in primary forms","no"
NA,"World","Forage products; fibre crops; plants used in perfumery, pharmacy, or for insecticidal, fungicidal or similar purposes; beet, forage plant and flower seeds; natural rubber; living plants, cut flowers and flower buds; unmanufactured tobacco; other raw vegetable materials","Area harvested","ha",2014,11116410,"Natural rubber in primary forms","no"
NA,"World","Forage products; fibre crops; plants used in perfumery, pharmacy, or for insecticidal, fungicidal or similar purposes; beet, forage plant and flower seeds; natural rubber; living plants, cut flowers and flower buds; unmanufactured tobacco; other raw vegetable materials","Area harvested","ha",2015,11304994,"Natural rubber in primary forms","no"
NA,"World","Forage products; fibre crops; plants used in perfumery, pharmacy, or for insecticidal, fungicidal or similar purposes; beet, forage plant and flower seeds; natural rubber; living plants, cut flowers and flower buds; unmanufactured tobacco; other raw vegetable materials","Area harvested","ha",2016,11467822,"Natural rubber in primary forms","no"
NA,"World","Forage products; fibre crops; plants used in perfumery, pharmacy, or for insecticidal, fungicidal or similar purposes; beet, forage plant and flower seeds; natural rubber; living plants, cut flowers and flower buds; unmanufactured tobacco; other raw vegetable materials","Area harvested","ha",2017,11663369,"Natural rubber in primary forms","no"
NA,"World","Forage products; fibre crops; plants used in perfumery, pharmacy, or for insecticidal, fungicidal or similar purposes; beet, forage plant and flower seeds; natural rubber; living plants, cut flowers and flower buds; unmanufactured tobacco; other raw vegetable materials","Area harvested","ha",2018,12048371,"Natural rubber in primary forms","no"
NA,"World","Forage products; fibre crops; plants used in perfumery, pharmacy, or for insecticidal, fungicidal or similar purposes; beet, forage plant and flower seeds; natural rubber; living plants, cut flowers and flower buds; unmanufactured tobacco; other raw vegetable materials","Area harvested","ha",2019,12430089,"Natural rubber in primary forms","no"
NA,"World","Forage products; fibre crops; plants used in perfumery, pharmacy, or for insecticidal, fungicidal or similar purposes; beet, forage plant and flower seeds; natural rubber; living plants, cut flowers and flower buds; unmanufactured tobacco; other raw vegetable materials","Area harvested","ha",2020,12965759,"Natural rubber in primary forms","no"
NA,"World","Forage products; fibre crops; plants used in perfumery, pharmacy, or for insecticidal, fungicidal or similar purposes; beet, forage plant and flower seeds; natural rubber; living plants, cut flowers and flower buds; unmanufactured tobacco; other raw vegetable materials","Area harvested","ha",2021,13205252,"Natural rubber in primary forms","no"
NA,"World","Forage products; fibre crops; plants used in perfumery, pharmacy, or for insecticidal, fungicidal or similar purposes; beet, forage plant and flower seeds; natural rubber; living plants, cut flowers and flower buds; unmanufactured tobacco; other raw vegetable materials","Area harvested","ha",2022,13195514,"Natural rubber in primary forms","no"
NA,"World","Forage products; fibre crops; plants used in perfumery, pharmacy, or for insecticidal, fungicidal or similar purposes; beet, forage plant and flower seeds; natural rubber; living plants, cut flowers and flower buds; unmanufactured tobacco; other raw vegetable materials","Area harvested","ha",2023,13576507,"Natural rubber in primary forms","no"
NA,"World","Forage products; fibre crops; plants used in perfumery, pharmacy, or for insecticidal, fungicidal or similar purposes; beet, forage plant and flower seeds; natural rubber; living plants, cut flowers and flower buds; unmanufactured tobacco; other raw vegetable materials","Yield","kg/ha",1992,817.2,"Natural rubber in primary forms","no"
NA,"World","Forage products; fibre crops; plants used in perfumery, pharmacy, or for insecticidal, fungicidal or similar purposes; beet, forage plant and flower seeds; natural rubber; living plants, cut flowers and flower buds; unmanufactured tobacco; other raw vegetable materials","Yield","kg/ha",1993,821.4,"Natural rubber in primary forms","no"
NA,"World","Forage products; fibre crops; plants used in perfumery, pharmacy, or for insecticidal, fungicidal or similar purposes; beet, forage plant and flower seeds; natural rubber; living plants, cut flowers and flower buds; unmanufactured tobacco; other raw vegetable materials","Yield","kg/ha",1994,848.4,"Natural rubber in primary forms","no"
NA,"World","Forage products; fibre crops; plants used in perfumery, pharmacy, or for insecticidal, fungicidal or similar purposes; beet, forage plant and flower seeds; natural rubber; living plants, cut flowers and flower buds; unmanufactured tobacco; other raw vegetable materials","Yield","kg/ha",1995,859.9,"Natural rubber in primary forms","no"
NA,"World","Forage products; fibre crops; plants used in perfumery, pharmacy, or for insecticidal, fungicidal or similar purposes; beet, forage plant and flower seeds; natural rubber; living plants, cut flowers and flower buds; unmanufactured tobacco; other raw vegetable materials","Yield","kg/ha",1996,894.3,"Natural rubber in primary forms","no"
NA,"World","Forage products; fibre crops; plants used in perfumery, pharmacy, or for insecticidal, fungicidal or similar purposes; beet, forage plant and flower seeds; natural rubber; living plants, cut flowers and flower buds; unmanufactured tobacco; other raw vegetable materials","Yield","kg/ha",1997,902.6,"Natural rubber in primary forms","no"
NA,"World","Forage products; fibre crops; plants used in perfumery, pharmacy, or for insecticidal, fungicidal or similar purposes; beet, forage plant and flower seeds; natural rubber; living plants, cut flowers and flower buds; unmanufactured tobacco; other raw vegetable materials","Yield","kg/ha",1998,905.5,"Natural rubber in primary forms","no"
NA,"World","Forage products; fibre crops; plants used in perfumery, pharmacy, or for insecticidal, fungicidal or similar purposes; beet, forage plant and flower seeds; natural rubber; living plants, cut flowers and flower buds; unmanufactured tobacco; other raw vegetable materials","Yield","kg/ha",1999,922.7,"Natural rubber in primary forms","no"
NA,"World","Forage products; fibre crops; plants used in perfumery, pharmacy, or for insecticidal, fungicidal or similar purposes; beet, forage plant and flower seeds; natural rubber; living plants, cut flowers and flower buds; unmanufactured tobacco; other raw vegetable materials","Yield","kg/ha",2000,950.7,"Natural rubber in primary forms","no"
NA,"World","Forage products; fibre crops; plants used in perfumery, pharmacy, or for insecticidal, fungicidal or similar purposes; beet, forage plant and flower seeds; natural rubber; living plants, cut flowers and flower buds; unmanufactured tobacco; other raw vegetable materials","Yield","kg/ha",2001,971.6,"Natural rubber in primary forms","no"
NA,"World","Forage products; fibre crops; plants used in perfumery, pharmacy, or for insecticidal, fungicidal or similar purposes; beet, forage plant and flower seeds; natural rubber; living plants, cut flowers and flower buds; unmanufactured tobacco; other raw vegetable materials","Yield","kg/ha",2002,993.8,"Natural rubber in primary forms","no"
NA,"World","Forage products; fibre crops; plants used in perfumery, pharmacy, or for insecticidal, fungicidal or similar purposes; beet, forage plant and flower seeds; natural rubber; living plants, cut flowers and flower buds; unmanufactured tobacco; other raw vegetable materials","Yield","kg/ha",2003,1064.6,"Natural rubber in primary forms","no"
NA,"World","Forage products; fibre crops; plants used in perfumery, pharmacy, or for insecticidal, fungicidal or similar purposes; beet, forage plant and flower seeds; natural rubber; living plants, cut flowers and flower buds; unmanufactured tobacco; other raw vegetable materials","Yield","kg/ha",2004,1151.2,"Natural rubber in primary forms","no"
NA,"World","Forage products; fibre crops; plants used in perfumery, pharmacy, or for insecticidal, fungicidal or similar purposes; beet, forage plant and flower seeds; natural rubber; living plants, cut flowers and flower buds; unmanufactured tobacco; other raw vegetable materials","Yield","kg/ha",2005,1080.2,"Natural rubber in primary forms","no"
NA,"World","Forage products; fibre crops; plants used in perfumery, pharmacy, or for insecticidal, fungicidal or similar purposes; beet, forage plant and flower seeds; natural rubber; living plants, cut flowers and flower buds; unmanufactured tobacco; other raw vegetable materials","Yield","kg/ha",2006,1239.5,"Natural rubber in primary forms","no"
NA,"World","Forage products; fibre crops; plants used in perfumery, pharmacy, or for insecticidal, fungicidal or similar purposes; beet, forage plant and flower seeds; natural rubber; living plants, cut flowers and flower buds; unmanufactured tobacco; other raw vegetable materials","Yield","kg/ha",2007,1236.2,"Natural rubber in primary forms","no"
NA,"World","Forage products; fibre crops; plants used in perfumery, pharmacy, or for insecticidal, fungicidal or similar purposes; beet, forage plant and flower seeds; natural rubber; living plants, cut flowers and flower buds; unmanufactured tobacco; other raw vegetable materials","Yield","kg/ha",2008,1151.2,"Natural rubber in primary forms","no"
NA,"World","Forage products; fibre crops; plants used in perfumery, pharmacy, or for insecticidal, fungicidal or similar purposes; beet, forage plant and flower seeds; natural rubber; living plants, cut flowers and flower buds; unmanufactured tobacco; other raw vegetable materials","Yield","kg/ha",2009,1116.3,"Natural rubber in primary forms","no"
NA,"World","Forage products; fibre crops; plants used in perfumery, pharmacy, or for insecticidal, fungicidal or similar purposes; beet, forage plant and flower seeds; natural rubber; living plants, cut flowers and flower buds; unmanufactured tobacco; other raw vegetable materials","Yield","kg/ha",2010,1155.7,"Natural rubber in primary forms","no"
NA,"World","Forage products; fibre crops; plants used in perfumery, pharmacy, or for insecticidal, fungicidal or similar purposes; beet, forage plant and flower seeds; natural rubber; living plants, cut flowers and flower buds; unmanufactured tobacco; other raw vegetable materials","Yield","kg/ha",2011,1218.1,"Natural rubber in primary forms","no"
NA,"World","Forage products; fibre crops; plants used in perfumery, pharmacy, or for insecticidal, fungicidal or similar purposes; beet, forage plant and flower seeds; natural rubber; living plants, cut flowers and flower buds; unmanufactured tobacco; other raw vegetable materials","Yield","kg/ha",2012,1241.1,"Natural rubber in primary forms","no"
NA,"World","Forage products; fibre crops; plants used in perfumery, pharmacy, or for insecticidal, fungicidal or similar purposes; beet, forage plant and flower seeds; natural rubber; living plants, cut flowers and flower buds; unmanufactured tobacco; other raw vegetable materials","Yield","kg/ha",2013,1222.1,"Natural rubber in primary forms","no"
NA,"World","Forage products; fibre crops; plants used in perfumery, pharmacy, or for insecticidal, fungicidal or similar purposes; beet, forage plant and flower seeds; natural rubber; living plants, cut flowers and flower buds; unmanufactured tobacco; other raw vegetable materials","Yield","kg/ha",2014,1195.4,"Natural rubber in primary forms","no"
NA,"World","Forage products; fibre crops; plants used in perfumery, pharmacy, or for insecticidal, fungicidal or similar purposes; beet, forage plant and flower seeds; natural rubber; living plants, cut flowers and flower buds; unmanufactured tobacco; other raw vegetable materials","Yield","kg/ha",2015,1173.4,"Natural rubber in primary forms","no"
NA,"World","Forage products; fibre crops; plants used in perfumery, pharmacy, or for insecticidal, fungicidal or similar purposes; beet, forage plant and flower seeds; natural rubber; living plants, cut flowers and flower buds; unmanufactured tobacco; other raw vegetable materials","Yield","kg/ha",2016,1178.9,"Natural rubber in primary forms","no"
NA,"World","Forage products; fibre crops; plants used in perfumery, pharmacy, or for insecticidal, fungicidal or similar purposes; beet, forage plant and flower seeds; natural rubber; living plants, cut flowers and flower buds; unmanufactured tobacco; other raw vegetable materials","Yield","kg/ha",2017,1184.3,"Natural rubber in primary forms","no"
NA,"World","Forage products; fibre crops; plants used in perfumery, pharmacy, or for insecticidal, fungicidal or similar purposes; beet, forage plant and flower seeds; natural rubber; living plants, cut flowers and flower buds; unmanufactured tobacco; other raw vegetable materials","Yield","kg/ha",2018,1175.2,"Natural rubber in primary forms","no"
NA,"World","Forage products; fibre crops; plants used in perfumery, pharmacy, or for insecticidal, fungicidal or similar purposes; beet, forage plant and flower seeds; natural rubber; living plants, cut flowers and flower buds; unmanufactured tobacco; other raw vegetable materials","Yield","kg/ha",2019,1162.4,"Natural rubber in primary forms","no"
NA,"World","Forage products; fibre crops; plants used in perfumery, pharmacy, or for insecticidal, fungicidal or similar purposes; beet, forage plant and flower seeds; natural rubber; living plants, cut flowers and flower buds; unmanufactured tobacco; other raw vegetable materials","Yield","kg/ha",2020,1098.6,"Natural rubber in primary forms","no"
NA,"World","Forage products; fibre crops; plants used in perfumery, pharmacy, or for insecticidal, fungicidal or similar purposes; beet, forage plant and flower seeds; natural rubber; living plants, cut flowers and flower buds; unmanufactured tobacco; other raw vegetable materials","Yield","kg/ha",2021,1112.1,"Natural rubber in primary forms","no"
NA,"World","Forage products; fibre crops; plants used in perfumery, pharmacy, or for insecticidal, fungicidal or similar purposes; beet, forage plant and flower seeds; natural rubber; living plants, cut flowers and flower buds; unmanufactured tobacco; other raw vegetable materials","Yield","kg/ha",2022,1106.9,"Natural rubber in primary forms","no"
NA,"World","Forage products; fibre crops; plants used in perfumery, pharmacy, or for insecticidal, fungicidal or similar purposes; beet, forage plant and flower seeds; natural rubber; living plants, cut flowers and flower buds; unmanufactured tobacco; other raw vegetable materials","Yield","kg/ha",2023,1087,"Natural rubber in primary forms","no"
NA,"World","Forage products; fibre crops; plants used in perfumery, pharmacy, or for insecticidal, fungicidal or similar purposes; beet, forage plant and flower seeds; natural rubber; living plants, cut flowers and flower buds; unmanufactured tobacco; other raw vegetable materials","Production","t",1992,5417798.41,"Natural rubber in primary forms","no"
NA,"World","Forage products; fibre crops; plants used in perfumery, pharmacy, or for insecticidal, fungicidal or similar purposes; beet, forage plant and flower seeds; natural rubber; living plants, cut flowers and flower buds; unmanufactured tobacco; other raw vegetable materials","Production","t",1993,5605260.08,"Natural rubber in primary forms","no"
NA,"World","Forage products; fibre crops; plants used in perfumery, pharmacy, or for insecticidal, fungicidal or similar purposes; beet, forage plant and flower seeds; natural rubber; living plants, cut flowers and flower buds; unmanufactured tobacco; other raw vegetable materials","Production","t",1994,5820598.13,"Natural rubber in primary forms","no"
NA,"World","Forage products; fibre crops; plants used in perfumery, pharmacy, or for insecticidal, fungicidal or similar purposes; beet, forage plant and flower seeds; natural rubber; living plants, cut flowers and flower buds; unmanufactured tobacco; other raw vegetable materials","Production","t",1995,6077753.02,"Natural rubber in primary forms","no"
NA,"World","Forage products; fibre crops; plants used in perfumery, pharmacy, or for insecticidal, fungicidal or similar purposes; beet, forage plant and flower seeds; natural rubber; living plants, cut flowers and flower buds; unmanufactured tobacco; other raw vegetable materials","Production","t",1996,6345759.76,"Natural rubber in primary forms","no"
NA,"World","Forage products; fibre crops; plants used in perfumery, pharmacy, or for insecticidal, fungicidal or similar purposes; beet, forage plant and flower seeds; natural rubber; living plants, cut flowers and flower buds; unmanufactured tobacco; other raw vegetable materials","Production","t",1997,6512853.86,"Natural rubber in primary forms","no"
NA,"World","Forage products; fibre crops; plants used in perfumery, pharmacy, or for insecticidal, fungicidal or similar purposes; beet, forage plant and flower seeds; natural rubber; living plants, cut flowers and flower buds; unmanufactured tobacco; other raw vegetable materials","Production","t",1998,6568417.31,"Natural rubber in primary forms","no"
NA,"World","Forage products; fibre crops; plants used in perfumery, pharmacy, or for insecticidal, fungicidal or similar purposes; beet, forage plant and flower seeds; natural rubber; living plants, cut flowers and flower buds; unmanufactured tobacco; other raw vegetable materials","Production","t",1999,6732480.77,"Natural rubber in primary forms","no"
NA,"World","Forage products; fibre crops; plants used in perfumery, pharmacy, or for insecticidal, fungicidal or similar purposes; beet, forage plant and flower seeds; natural rubber; living plants, cut flowers and flower buds; unmanufactured tobacco; other raw vegetable materials","Production","t",2000,7094492.53,"Natural rubber in primary forms","no"
NA,"World","Forage products; fibre crops; plants used in perfumery, pharmacy, or for insecticidal, fungicidal or similar purposes; beet, forage plant and flower seeds; natural rubber; living plants, cut flowers and flower buds; unmanufactured tobacco; other raw vegetable materials","Production","t",2001,7483207.9,"Natural rubber in primary forms","no"
NA,"World","Forage products; fibre crops; plants used in perfumery, pharmacy, or for insecticidal, fungicidal or similar purposes; beet, forage plant and flower seeds; natural rubber; living plants, cut flowers and flower buds; unmanufactured tobacco; other raw vegetable materials","Production","t",2002,7718453.48,"Natural rubber in primary forms","no"
NA,"World","Forage products; fibre crops; plants used in perfumery, pharmacy, or for insecticidal, fungicidal or similar purposes; beet, forage plant and flower seeds; natural rubber; living plants, cut flowers and flower buds; unmanufactured tobacco; other raw vegetable materials","Production","t",2003,8410302.7,"Natural rubber in primary forms","no"
NA,"World","Forage products; fibre crops; plants used in perfumery, pharmacy, or for insecticidal, fungicidal or similar purposes; beet, forage plant and flower seeds; natural rubber; living plants, cut flowers and flower buds; unmanufactured tobacco; other raw vegetable materials","Production","t",2004,9260420.11,"Natural rubber in primary forms","no"
NA,"World","Forage products; fibre crops; plants used in perfumery, pharmacy, or for insecticidal, fungicidal or similar purposes; beet, forage plant and flower seeds; natural rubber; living plants, cut flowers and flower buds; unmanufactured tobacco; other raw vegetable materials","Production","t",2005,9523351.86,"Natural rubber in primary forms","no"
NA,"World","Forage products; fibre crops; plants used in perfumery, pharmacy, or for insecticidal, fungicidal or similar purposes; beet, forage plant and flower seeds; natural rubber; living plants, cut flowers and flower buds; unmanufactured tobacco; other raw vegetable materials","Production","t",2006,10363033.07,"Natural rubber in primary forms","no"
NA,"World","Forage products; fibre crops; plants used in perfumery, pharmacy, or for insecticidal, fungicidal or similar purposes; beet, forage plant and flower seeds; natural rubber; living plants, cut flowers and flower buds; unmanufactured tobacco; other raw vegetable materials","Production","t",2007,10590458.65,"Natural rubber in primary forms","no"
NA,"World","Forage products; fibre crops; plants used in perfumery, pharmacy, or for insecticidal, fungicidal or similar purposes; beet, forage plant and flower seeds; natural rubber; living plants, cut flowers and flower buds; unmanufactured tobacco; other raw vegetable materials","Production","t",2008,10714865.46,"Natural rubber in primary forms","no"
NA,"World","Forage products; fibre crops; plants used in perfumery, pharmacy, or for insecticidal, fungicidal or similar purposes; beet, forage plant and flower seeds; natural rubber; living plants, cut flowers and flower buds; unmanufactured tobacco; other raw vegetable materials","Production","t",2009,10218467.54,"Natural rubber in primary forms","no"
NA,"World","Forage products; fibre crops; plants used in perfumery, pharmacy, or for insecticidal, fungicidal or similar purposes; beet, forage plant and flower seeds; natural rubber; living plants, cut flowers and flower buds; unmanufactured tobacco; other raw vegetable materials","Production","t",2010,10774029,"Natural rubber in primary forms","no"
NA,"World","Forage products; fibre crops; plants used in perfumery, pharmacy, or for insecticidal, fungicidal or similar purposes; beet, forage plant and flower seeds; natural rubber; living plants, cut flowers and flower buds; unmanufactured tobacco; other raw vegetable materials","Production","t",2011,11548782.6,"Natural rubber in primary forms","no"
NA,"World","Forage products; fibre crops; plants used in perfumery, pharmacy, or for insecticidal, fungicidal or similar purposes; beet, forage plant and flower seeds; natural rubber; living plants, cut flowers and flower buds; unmanufactured tobacco; other raw vegetable materials","Production","t",2012,12623672.43,"Natural rubber in primary forms","no"
NA,"World","Forage products; fibre crops; plants used in perfumery, pharmacy, or for insecticidal, fungicidal or similar purposes; beet, forage plant and flower seeds; natural rubber; living plants, cut flowers and flower buds; unmanufactured tobacco; other raw vegetable materials","Production","t",2013,13033299.92,"Natural rubber in primary forms","no"
NA,"World","Forage products; fibre crops; plants used in perfumery, pharmacy, or for insecticidal, fungicidal or similar purposes; beet, forage plant and flower seeds; natural rubber; living plants, cut flowers and flower buds; unmanufactured tobacco; other raw vegetable materials","Production","t",2014,13288231.27,"Natural rubber in primary forms","no"
NA,"World","Forage products; fibre crops; plants used in perfumery, pharmacy, or for insecticidal, fungicidal or similar purposes; beet, forage plant and flower seeds; natural rubber; living plants, cut flowers and flower buds; unmanufactured tobacco; other raw vegetable materials","Production","t",2015,13265318.29,"Natural rubber in primary forms","no"
NA,"World","Forage products; fibre crops; plants used in perfumery, pharmacy, or for insecticidal, fungicidal or similar purposes; beet, forage plant and flower seeds; natural rubber; living plants, cut flowers and flower buds; unmanufactured tobacco; other raw vegetable materials","Production","t",2016,13519064.06,"Natural rubber in primary forms","no"
NA,"World","Forage products; fibre crops; plants used in perfumery, pharmacy, or for insecticidal, fungicidal or similar purposes; beet, forage plant and flower seeds; natural rubber; living plants, cut flowers and flower buds; unmanufactured tobacco; other raw vegetable materials","Production","t",2017,13812910.21,"Natural rubber in primary forms","no"
NA,"World","Forage products; fibre crops; plants used in perfumery, pharmacy, or for insecticidal, fungicidal or similar purposes; beet, forage plant and flower seeds; natural rubber; living plants, cut flowers and flower buds; unmanufactured tobacco; other raw vegetable materials","Production","t",2018,14158993.66,"Natural rubber in primary forms","no"
NA,"World","Forage products; fibre crops; plants used in perfumery, pharmacy, or for insecticidal, fungicidal or similar purposes; beet, forage plant and flower seeds; natural rubber; living plants, cut flowers and flower buds; unmanufactured tobacco; other raw vegetable materials","Production","t",2019,14448473.6,"Natural rubber in primary forms","no"
NA,"World","Forage products; fibre crops; plants used in perfumery, pharmacy, or for insecticidal, fungicidal or similar purposes; beet, forage plant and flower seeds; natural rubber; living plants, cut flowers and flower buds; unmanufactured tobacco; other raw vegetable materials","Production","t",2020,14244772.23,"Natural rubber in primary forms","no"
NA,"World","Forage products; fibre crops; plants used in perfumery, pharmacy, or for insecticidal, fungicidal or similar purposes; beet, forage plant and flower seeds; natural rubber; living plants, cut flowers and flower buds; unmanufactured tobacco; other raw vegetable materials","Production","t",2021,14686160.8,"Natural rubber in primary forms","no"
NA,"World","Forage products; fibre crops; plants used in perfumery, pharmacy, or for insecticidal, fungicidal or similar purposes; beet, forage plant and flower seeds; natural rubber; living plants, cut flowers and flower buds; unmanufactured tobacco; other raw vegetable materials","Production","t",2022,14605515.94,"Natural rubber in primary forms","no"
NA,"World","Forage products; fibre crops; plants used in perfumery, pharmacy, or for insecticidal, fungicidal or similar purposes; beet, forage plant and flower seeds; natural rubber; living plants, cut flowers and flower buds; unmanufactured tobacco; other raw vegetable materials","Production","t",2023,14757135.79,"Natural rubber in primary forms","no"
NA,"World","Stimulant, spice and aromatic crops","Area harvested","ha",1992,215459,"Nutmeg, mace, cardamoms, raw","no"
NA,"World","Stimulant, spice and aromatic crops","Area harvested","ha",1993,223988,"Nutmeg, mace, cardamoms, raw","no"
NA,"World","Stimulant, spice and aromatic crops","Area harvested","ha",1994,228239,"Nutmeg, mace, cardamoms, raw","no"
NA,"World","Stimulant, spice and aromatic crops","Area harvested","ha",1995,228473,"Nutmeg, mace, cardamoms, raw","no"
NA,"World","Stimulant, spice and aromatic crops","Area harvested","ha",1996,226837,"Nutmeg, mace, cardamoms, raw","no"
NA,"World","Stimulant, spice and aromatic crops","Area harvested","ha",1997,226064,"Nutmeg, mace, cardamoms, raw","no"
NA,"World","Stimulant, spice and aromatic crops","Area harvested","ha",1998,219784,"Nutmeg, mace, cardamoms, raw","no"
NA,"World","Stimulant, spice and aromatic crops","Area harvested","ha",1999,200081,"Nutmeg, mace, cardamoms, raw","no"
NA,"World","Stimulant, spice and aromatic crops","Area harvested","ha",2000,216564,"Nutmeg, mace, cardamoms, raw","no"
NA,"World","Stimulant, spice and aromatic crops","Area harvested","ha",2001,220404,"Nutmeg, mace, cardamoms, raw","no"
NA,"World","Stimulant, spice and aromatic crops","Area harvested","ha",2002,235755,"Nutmeg, mace, cardamoms, raw","no"
NA,"World","Stimulant, spice and aromatic crops","Area harvested","ha",2003,260057,"Nutmeg, mace, cardamoms, raw","no"
NA,"World","Stimulant, spice and aromatic crops","Area harvested","ha",2004,243193,"Nutmeg, mace, cardamoms, raw","no"
NA,"World","Stimulant, spice and aromatic crops","Area harvested","ha",2005,249541,"Nutmeg, mace, cardamoms, raw","no"
NA,"World","Stimulant, spice and aromatic crops","Area harvested","ha",2006,291091,"Nutmeg, mace, cardamoms, raw","no"
NA,"World","Stimulant, spice and aromatic crops","Area harvested","ha",2007,265584,"Nutmeg, mace, cardamoms, raw","no"
NA,"World","Stimulant, spice and aromatic crops","Area harvested","ha",2008,278495,"Nutmeg, mace, cardamoms, raw","no"
NA,"World","Stimulant, spice and aromatic crops","Area harvested","ha",2009,284652,"Nutmeg, mace, cardamoms, raw","no"
NA,"World","Stimulant, spice and aromatic crops","Area harvested","ha",2010,297568,"Nutmeg, mace, cardamoms, raw","no"
NA,"World","Stimulant, spice and aromatic crops","Area harvested","ha",2011,306244,"Nutmeg, mace, cardamoms, raw","no"
NA,"World","Stimulant, spice and aromatic crops","Area harvested","ha",2012,323902,"Nutmeg, mace, cardamoms, raw","no"
NA,"World","Stimulant, spice and aromatic crops","Area harvested","ha",2013,341058,"Nutmeg, mace, cardamoms, raw","no"
NA,"World","Stimulant, spice and aromatic crops","Area harvested","ha",2014,359386,"Nutmeg, mace, cardamoms, raw","no"
NA,"World","Stimulant, spice and aromatic crops","Area harvested","ha",2015,369115,"Nutmeg, mace, cardamoms, raw","no"
NA,"World","Stimulant, spice and aromatic crops","Area harvested","ha",2016,397764,"Nutmeg, mace, cardamoms, raw","no"
NA,"World","Stimulant, spice and aromatic crops","Area harvested","ha",2017,421842,"Nutmeg, mace, cardamoms, raw","no"
NA,"World","Stimulant, spice and aromatic crops","Area harvested","ha",2018,458103,"Nutmeg, mace, cardamoms, raw","no"
NA,"World","Stimulant, spice and aromatic crops","Area harvested","ha",2019,476287,"Nutmeg, mace, cardamoms, raw","no"
NA,"World","Stimulant, spice and aromatic crops","Area harvested","ha",2020,504768,"Nutmeg, mace, cardamoms, raw","no"
NA,"World","Stimulant, spice and aromatic crops","Area harvested","ha",2021,531249,"Nutmeg, mace, cardamoms, raw","no"
NA,"World","Stimulant, spice and aromatic crops","Area harvested","ha",2022,577977,"Nutmeg, mace, cardamoms, raw","no"
NA,"World","Stimulant, spice and aromatic crops","Area harvested","ha",2023,607189,"Nutmeg, mace, cardamoms, raw","no"
NA,"World","Stimulant, spice and aromatic crops","Yield","kg/ha",1992,262.9,"Nutmeg, mace, cardamoms, raw","no"
NA,"World","Stimulant, spice and aromatic crops","Yield","kg/ha",1993,280.4,"Nutmeg, mace, cardamoms, raw","no"
NA,"World","Stimulant, spice and aromatic crops","Yield","kg/ha",1994,277.7,"Nutmeg, mace, cardamoms, raw","no"
NA,"World","Stimulant, spice and aromatic crops","Yield","kg/ha",1995,279.3,"Nutmeg, mace, cardamoms, raw","no"
NA,"World","Stimulant, spice and aromatic crops","Yield","kg/ha",1996,309,"Nutmeg, mace, cardamoms, raw","no"
NA,"World","Stimulant, spice and aromatic crops","Yield","kg/ha",1997,311,"Nutmeg, mace, cardamoms, raw","no"
NA,"World","Stimulant, spice and aromatic crops","Yield","kg/ha",1998,290,"Nutmeg, mace, cardamoms, raw","no"
NA,"World","Stimulant, spice and aromatic crops","Yield","kg/ha",1999,281,"Nutmeg, mace, cardamoms, raw","no"
NA,"World","Stimulant, spice and aromatic crops","Yield","kg/ha",2000,312.3,"Nutmeg, mace, cardamoms, raw","no"
NA,"World","Stimulant, spice and aromatic crops","Yield","kg/ha",2001,326.2,"Nutmeg, mace, cardamoms, raw","no"
NA,"World","Stimulant, spice and aromatic crops","Yield","kg/ha",2002,334.7,"Nutmeg, mace, cardamoms, raw","no"
NA,"World","Stimulant, spice and aromatic crops","Yield","kg/ha",2003,324.5,"Nutmeg, mace, cardamoms, raw","no"
NA,"World","Stimulant, spice and aromatic crops","Yield","kg/ha",2004,317.3,"Nutmeg, mace, cardamoms, raw","no"
NA,"World","Stimulant, spice and aromatic crops","Yield","kg/ha",2005,321.2,"Nutmeg, mace, cardamoms, raw","no"
NA,"World","Stimulant, spice and aromatic crops","Yield","kg/ha",2006,296.9,"Nutmeg, mace, cardamoms, raw","no"
NA,"World","Stimulant, spice and aromatic crops","Yield","kg/ha",2007,305,"Nutmeg, mace, cardamoms, raw","no"
NA,"World","Stimulant, spice and aromatic crops","Yield","kg/ha",2008,322.9,"Nutmeg, mace, cardamoms, raw","no"
NA,"World","Stimulant, spice and aromatic crops","Yield","kg/ha",2009,252.4,"Nutmeg, mace, cardamoms, raw","no"
NA,"World","Stimulant, spice and aromatic crops","Yield","kg/ha",2010,228.2,"Nutmeg, mace, cardamoms, raw","no"
NA,"World","Stimulant, spice and aromatic crops","Yield","kg/ha",2011,245.9,"Nutmeg, mace, cardamoms, raw","no"
NA,"World","Stimulant, spice and aromatic crops","Yield","kg/ha",2012,288.7,"Nutmeg, mace, cardamoms, raw","no"
NA,"World","Stimulant, spice and aromatic crops","Yield","kg/ha",2013,291.9,"Nutmeg, mace, cardamoms, raw","no"
NA,"World","Stimulant, spice and aromatic crops","Yield","kg/ha",2014,301.8,"Nutmeg, mace, cardamoms, raw","no"
NA,"World","Stimulant, spice and aromatic crops","Yield","kg/ha",2015,293,"Nutmeg, mace, cardamoms, raw","no"
NA,"World","Stimulant, spice and aromatic crops","Yield","kg/ha",2016,317.3,"Nutmeg, mace, cardamoms, raw","no"
NA,"World","Stimulant, spice and aromatic crops","Yield","kg/ha",2017,316.3,"Nutmeg, mace, cardamoms, raw","no"
NA,"World","Stimulant, spice and aromatic crops","Yield","kg/ha",2018,319.5,"Nutmeg, mace, cardamoms, raw","no"
NA,"World","Stimulant, spice and aromatic crops","Yield","kg/ha",2019,303.4,"Nutmeg, mace, cardamoms, raw","no"
NA,"World","Stimulant, spice and aromatic crops","Yield","kg/ha",2020,299,"Nutmeg, mace, cardamoms, raw","no"
NA,"World","Stimulant, spice and aromatic crops","Yield","kg/ha",2021,332.2,"Nutmeg, mace, cardamoms, raw","no"
NA,"World","Stimulant, spice and aromatic crops","Yield","kg/ha",2022,350.1,"Nutmeg, mace, cardamoms, raw","no"
NA,"World","Stimulant, spice and aromatic crops","Yield","kg/ha",2023,361,"Nutmeg, mace, cardamoms, raw","no"
NA,"World","Stimulant, spice and aromatic crops","Production","t",1992,56643.6,"Nutmeg, mace, cardamoms, raw","no"
NA,"World","Stimulant, spice and aromatic crops","Production","t",1993,62802.37,"Nutmeg, mace, cardamoms, raw","no"
NA,"World","Stimulant, spice and aromatic crops","Production","t",1994,63386.41,"Nutmeg, mace, cardamoms, raw","no"
NA,"World","Stimulant, spice and aromatic crops","Production","t",1995,63808.27,"Nutmeg, mace, cardamoms, raw","no"
NA,"World","Stimulant, spice and aromatic crops","Production","t",1996,70090.6,"Nutmeg, mace, cardamoms, raw","no"
NA,"World","Stimulant, spice and aromatic crops","Production","t",1997,70311.02,"Nutmeg, mace, cardamoms, raw","no"
NA,"World","Stimulant, spice and aromatic crops","Production","t",1998,63729.85,"Nutmeg, mace, cardamoms, raw","no"
NA,"World","Stimulant, spice and aromatic crops","Production","t",1999,56228.92,"Nutmeg, mace, cardamoms, raw","no"
NA,"World","Stimulant, spice and aromatic crops","Production","t",2000,67624.1,"Nutmeg, mace, cardamoms, raw","no"
NA,"World","Stimulant, spice and aromatic crops","Production","t",2001,71889.91,"Nutmeg, mace, cardamoms, raw","no"
NA,"World","Stimulant, spice and aromatic crops","Production","t",2002,78902.8,"Nutmeg, mace, cardamoms, raw","no"
NA,"World","Stimulant, spice and aromatic crops","Production","t",2003,84393.65,"Nutmeg, mace, cardamoms, raw","no"
NA,"World","Stimulant, spice and aromatic crops","Production","t",2004,77157.53,"Nutmeg, mace, cardamoms, raw","no"
NA,"World","Stimulant, spice and aromatic crops","Production","t",2005,80159.13,"Nutmeg, mace, cardamoms, raw","no"
NA,"World","Stimulant, spice and aromatic crops","Production","t",2006,86432.92,"Nutmeg, mace, cardamoms, raw","no"
NA,"World","Stimulant, spice and aromatic crops","Production","t",2007,80991.36,"Nutmeg, mace, cardamoms, raw","no"
NA,"World","Stimulant, spice and aromatic crops","Production","t",2008,89930.04,"Nutmeg, mace, cardamoms, raw","no"
NA,"World","Stimulant, spice and aromatic crops","Production","t",2009,71855.51,"Nutmeg, mace, cardamoms, raw","no"
NA,"World","Stimulant, spice and aromatic crops","Production","t",2010,67892.52,"Nutmeg, mace, cardamoms, raw","no"
NA,"World","Stimulant, spice and aromatic crops","Production","t",2011,75314.51,"Nutmeg, mace, cardamoms, raw","no"
NA,"World","Stimulant, spice and aromatic crops","Production","t",2012,93497.94,"Nutmeg, mace, cardamoms, raw","no"
NA,"World","Stimulant, spice and aromatic crops","Production","t",2013,99556.44,"Nutmeg, mace, cardamoms, raw","no"
NA,"World","Stimulant, spice and aromatic crops","Production","t",2014,108447.4,"Nutmeg, mace, cardamoms, raw","no"
NA,"World","Stimulant, spice and aromatic crops","Production","t",2015,108160.35,"Nutmeg, mace, cardamoms, raw","no"
NA,"World","Stimulant, spice and aromatic crops","Production","t",2016,126229.49,"Nutmeg, mace, cardamoms, raw","no"
NA,"World","Stimulant, spice and aromatic crops","Production","t",2017,133411.03,"Nutmeg, mace, cardamoms, raw","no"
NA,"World","Stimulant, spice and aromatic crops","Production","t",2018,146360.39,"Nutmeg, mace, cardamoms, raw","no"
NA,"World","Stimulant, spice and aromatic crops","Production","t",2019,144511.07,"Nutmeg, mace, cardamoms, raw","no"
NA,"World","Stimulant, spice and aromatic crops","Production","t",2020,150935.14,"Nutmeg, mace, cardamoms, raw","no"
NA,"World","Stimulant, spice and aromatic crops","Production","t",2021,176484.37,"Nutmeg, mace, cardamoms, raw","no"
NA,"World","Stimulant, spice and aromatic crops","Production","t",2022,202328.3,"Nutmeg, mace, cardamoms, raw","no"
NA,"World","Stimulant, spice and aromatic crops","Production","t",2023,219223.45,"Nutmeg, mace, cardamoms, raw","no"
NA,"World","Cereals","Area harvested","ha",1992,19623577,"Oats","no"
NA,"World","Cereals","Area harvested","ha",1993,19166373,"Oats","no"
NA,"World","Cereals","Area harvested","ha",1994,19176299,"Oats","no"
NA,"World","Cereals","Area harvested","ha",1995,16302668,"Oats","no"
NA,"World","Cereals","Area harvested","ha",1996,15962541,"Oats","no"
NA,"World","Cereals","Area harvested","ha",1997,15650483,"Oats","no"
NA,"World","Cereals","Area harvested","ha",1998,13397363,"Oats","no"
NA,"World","Cereals","Area harvested","ha",1999,12913625,"Oats","no"
NA,"World","Cereals","Area harvested","ha",2000,12595871,"Oats","no"
NA,"World","Cereals","Area harvested","ha",2001,12960802,"Oats","no"
NA,"World","Cereals","Area harvested","ha",2002,12378926,"Oats","no"
NA,"World","Cereals","Area harvested","ha",2003,12011670,"Oats","no"
NA,"World","Cereals","Area harvested","ha",2004,11776959,"Oats","no"
NA,"World","Cereals","Area harvested","ha",2005,11351905,"Oats","no"
NA,"World","Cereals","Area harvested","ha",2006,11588350,"Oats","no"
NA,"World","Cereals","Area harvested","ha",2007,11626274,"Oats","no"
NA,"World","Cereals","Area harvested","ha",2008,11627497,"Oats","no"
NA,"World","Cereals","Area harvested","ha",2009,10246325,"Oats","no"
NA,"World","Cereals","Area harvested","ha",2010,8981037,"Oats","no"
NA,"World","Cereals","Area harvested","ha",2011,9734093,"Oats","no"
NA,"World","Cereals","Area harvested","ha",2012,9505834,"Oats","no"
NA,"World","Cereals","Area harvested","ha",2013,9836560,"Oats","no"
NA,"World","Cereals","Area harvested","ha",2014,9550908,"Oats","no"
NA,"World","Cereals","Area harvested","ha",2015,9692363,"Oats","no"
NA,"World","Cereals","Area harvested","ha",2016,9402564,"Oats","no"
NA,"World","Cereals","Area harvested","ha",2017,9918177,"Oats","no"
NA,"World","Cereals","Area harvested","ha",2018,9705611,"Oats","no"
NA,"World","Cereals","Area harvested","ha",2019,9440998,"Oats","no"
NA,"World","Cereals","Area harvested","ha",2020,9791823,"Oats","no"
NA,"World","Cereals","Area harvested","ha",2021,9609437,"Oats","no"
NA,"World","Cereals","Area harvested","ha",2022,9488052,"Oats","no"
NA,"World","Cereals","Area harvested","ha",2023,8024447,"Oats","no"
NA,"World","Cereals","Yield","kg/ha",1992,1749.9,"Oats","no"
NA,"World","Cereals","Yield","kg/ha",1993,1894.7,"Oats","no"
NA,"World","Cereals","Yield","kg/ha",1994,1807.5,"Oats","no"
NA,"World","Cereals","Yield","kg/ha",1995,1716,"Oats","no"
NA,"World","Cereals","Yield","kg/ha",1996,1962.5,"Oats","no"
NA,"World","Cereals","Yield","kg/ha",1997,2045.3,"Oats","no"
NA,"World","Cereals","Yield","kg/ha",1998,1958.1,"Oats","no"
NA,"World","Cereals","Yield","kg/ha",1999,1924.2,"Oats","no"
NA,"World","Cereals","Yield","kg/ha",2000,2073.3,"Oats","no"
NA,"World","Cereals","Yield","kg/ha",2001,2078.2,"Oats","no"
NA,"World","Cereals","Yield","kg/ha",2002,2106.9,"Oats","no"
NA,"World","Cereals","Yield","kg/ha",2003,2134.2,"Oats","no"
NA,"World","Cereals","Yield","kg/ha",2004,2256.4,"Oats","no"
NA,"World","Cereals","Yield","kg/ha",2005,2076,"Oats","no"
NA,"World","Cereals","Yield","kg/ha",2006,2030.6,"Oats","no"
NA,"World","Cereals","Yield","kg/ha",2007,2128.9,"Oats","no"
NA,"World","Cereals","Yield","kg/ha",2008,2264.2,"Oats","no"
NA,"World","Cereals","Yield","kg/ha",2009,2283,"Oats","no"
NA,"World","Cereals","Yield","kg/ha",2010,2141.5,"Oats","no"
NA,"World","Cereals","Yield","kg/ha",2011,2347.6,"Oats","no"
NA,"World","Cereals","Yield","kg/ha",2012,2223.7,"Oats","no"
NA,"World","Cereals","Yield","kg/ha",2013,2427.2,"Oats","no"
NA,"World","Cereals","Yield","kg/ha",2014,2405,"Oats","no"
NA,"World","Cereals","Yield","kg/ha",2015,2347.8,"Oats","no"
NA,"World","Cereals","Yield","kg/ha",2016,2501.1,"Oats","no"
NA,"World","Cereals","Yield","kg/ha",2017,2556.6,"Oats","no"
NA,"World","Cereals","Yield","kg/ha",2018,2329.9,"Oats","no"
NA,"World","Cereals","Yield","kg/ha",2019,2452.6,"Oats","no"
NA,"World","Cereals","Yield","kg/ha",2020,2586,"Oats","no"
NA,"World","Cereals","Yield","kg/ha",2021,2358,"Oats","no"
NA,"World","Cereals","Yield","kg/ha",2022,2775.3,"Oats","no"
NA,"World","Cereals","Yield","kg/ha",2023,2339.9,"Oats","no"
NA,"World","Cereals","Production","t",1992,34340144.79,"Oats","no"
NA,"World","Cereals","Production","t",1993,36315443.44,"Oats","no"
NA,"World","Cereals","Production","t",1994,34660929.22,"Oats","no"
NA,"World","Cereals","Production","t",1995,27975843.5,"Oats","no"
NA,"World","Cereals","Production","t",1996,31326303.78,"Oats","no"
NA,"World","Cereals","Production","t",1997,32010360.76,"Oats","no"
NA,"World","Cereals","Production","t",1998,26233226.64,"Oats","no"
NA,"World","Cereals","Production","t",1999,24848488,"Oats","no"
NA,"World","Cereals","Production","t",2000,26114484.33,"Oats","no"
NA,"World","Cereals","Production","t",2001,26935498.21,"Oats","no"
NA,"World","Cereals","Production","t",2002,26081624.48,"Oats","no"
NA,"World","Cereals","Production","t",2003,25635055.99,"Oats","no"
NA,"World","Cereals","Production","t",2004,26573954.23,"Oats","no"
NA,"World","Cereals","Production","t",2005,23566010.79,"Oats","no"
NA,"World","Cereals","Production","t",2006,23530843.54,"Oats","no"
NA,"World","Cereals","Production","t",2007,24750740.87,"Oats","no"
NA,"World","Cereals","Production","t",2008,26327271.71,"Oats","no"
NA,"World","Cereals","Production","t",2009,23392708.49,"Oats","no"
NA,"World","Cereals","Production","t",2010,19233197.91,"Oats","no"
NA,"World","Cereals","Production","t",2011,22851638.13,"Oats","no"
NA,"World","Cereals","Production","t",2012,21137917.39,"Oats","no"
NA,"World","Cereals","Production","t",2013,23874836.6,"Oats","no"
NA,"World","Cereals","Production","t",2014,22969643.91,"Oats","no"
NA,"World","Cereals","Production","t",2015,22755504.93,"Oats","no"
NA,"World","Cereals","Production","t",2016,23516619.28,"Oats","no"
NA,"World","Cereals","Production","t",2017,25356881.76,"Oats","no"
NA,"World","Cereals","Production","t",2018,22612728.77,"Oats","no"
NA,"World","Cereals","Production","t",2019,23155080.63,"Oats","no"
NA,"World","Cereals","Production","t",2020,25321169.32,"Oats","no"
NA,"World","Cereals","Production","t",2021,22659016.4,"Oats","no"
NA,"World","Cereals","Production","t",2022,26331760.48,"Oats","no"
NA,"World","Cereals","Production","t",2023,18776750.11,"Oats","no"
NA,"World","Vegetable oils","Production","t",1992,649697.77,"Oil of linseed","no"
NA,"World","Vegetable oils","Production","t",1993,588001.73,"Oil of linseed","no"
NA,"World","Vegetable oils","Production","t",1994,666399.23,"Oil of linseed","no"
NA,"World","Vegetable oils","Production","t",1995,724968.56,"Oil of linseed","no"
NA,"World","Vegetable oils","Production","t",1996,730444.79,"Oil of linseed","no"
NA,"World","Vegetable oils","Production","t",1997,693481.49,"Oil of linseed","no"
NA,"World","Vegetable oils","Production","t",1998,693781.58,"Oil of linseed","no"
NA,"World","Vegetable oils","Production","t",1999,743095.86,"Oil of linseed","no"
NA,"World","Vegetable oils","Production","t",2000,663914.01,"Oil of linseed","no"
NA,"World","Vegetable oils","Production","t",2001,559785.27,"Oil of linseed","no"
NA,"World","Vegetable oils","Production","t",2002,530563.31,"Oil of linseed","no"
NA,"World","Vegetable oils","Production","t",2003,562124.83,"Oil of linseed","no"
NA,"World","Vegetable oils","Production","t",2004,587455.99,"Oil of linseed","no"
NA,"World","Vegetable oils","Production","t",2005,621267.79,"Oil of linseed","no"
NA,"World","Vegetable oils","Production","t",2006,657620.57,"Oil of linseed","no"
NA,"World","Vegetable oils","Production","t",2007,565626.97,"Oil of linseed","no"
NA,"World","Vegetable oils","Production","t",2008,497384.76,"Oil of linseed","no"
NA,"World","Vegetable oils","Production","t",2009,546949.53,"Oil of linseed","no"
NA,"World","Vegetable oils","Production","t",2010,543318.22,"Oil of linseed","no"
NA,"World","Vegetable oils","Production","t",2011,542156.61,"Oil of linseed","no"
NA,"World","Vegetable oils","Production","t",2012,598856.26,"Oil of linseed","no"
NA,"World","Vegetable oils","Production","t",2013,600302.37,"Oil of linseed","no"
NA,"World","Vegetable oils","Production","t",2014,632182.15,"Oil of linseed","no"
NA,"World","Vegetable oils","Production","t",2015,683017.5,"Oil of linseed","no"
NA,"World","Vegetable oils","Production","t",2016,757268.57,"Oil of linseed","no"
NA,"World","Vegetable oils","Production","t",2017,768593.39,"Oil of linseed","no"
NA,"World","Vegetable oils","Production","t",2018,764590.64,"Oil of linseed","no"
NA,"World","Vegetable oils","Production","t",2019,769619.77,"Oil of linseed","no"
NA,"World","Vegetable oils","Production","t",2020,726152.67,"Oil of linseed","no"
NA,"World","Vegetable oils","Production","t",2021,702608.91,"Oil of linseed","no"
NA,"World","Vegetable oils","Production","t",2022,730175.71,"Oil of linseed","no"
NA,"World","Vegetable oils","Production","t",2023,NA,"Oil of linseed","no"
NA,"World","Vegetable oils","Production","t",1992,1524605.17,"Oil of maize","no"
NA,"World","Vegetable oils","Production","t",1993,1568217.3,"Oil of maize","no"
NA,"World","Vegetable oils","Production","t",1994,1614160.58,"Oil of maize","no"
NA,"World","Vegetable oils","Production","t",1995,1785066.14,"Oil of maize","no"
NA,"World","Vegetable oils","Production","t",1996,1734116.16,"Oil of maize","no"
NA,"World","Vegetable oils","Production","t",1997,1797787.69,"Oil of maize","no"
NA,"World","Vegetable oils","Production","t",1998,1862785.18,"Oil of maize","no"
NA,"World","Vegetable oils","Production","t",1999,1888197.79,"Oil of maize","no"
NA,"World","Vegetable oils","Production","t",2000,1944820.54,"Oil of maize","no"
NA,"World","Vegetable oils","Production","t",2001,1915982.71,"Oil of maize","no"
NA,"World","Vegetable oils","Production","t",2002,1943530.59,"Oil of maize","no"
NA,"World","Vegetable oils","Production","t",2003,1995811.42,"Oil of maize","no"
NA,"World","Vegetable oils","Production","t",2004,1967170.89,"Oil of maize","no"
NA,"World","Vegetable oils","Production","t",2005,2075131,"Oil of maize","no"
NA,"World","Vegetable oils","Production","t",2006,2180180.29,"Oil of maize","no"
NA,"World","Vegetable oils","Production","t",2007,2289295,"Oil of maize","no"
NA,"World","Vegetable oils","Production","t",2008,2285843.69,"Oil of maize","no"
NA,"World","Vegetable oils","Production","t",2009,2226970.63,"Oil of maize","no"
NA,"World","Vegetable oils","Production","t",2010,2282251.36,"Oil of maize","no"
NA,"World","Vegetable oils","Production","t",2011,2351914.24,"Oil of maize","no"
NA,"World","Vegetable oils","Production","t",2012,2369809.34,"Oil of maize","no"
NA,"World","Vegetable oils","Production","t",2013,2355411.1,"Oil of maize","no"
NA,"World","Vegetable oils","Production","t",2014,2526116.3,"Oil of maize","no"
NA,"World","Vegetable oils","Production","t",2015,2747783.95,"Oil of maize","no"
NA,"World","Vegetable oils","Production","t",2016,2957647.39,"Oil of maize","no"
NA,"World","Vegetable oils","Production","t",2017,3233276.62,"Oil of maize","no"
NA,"World","Vegetable oils","Production","t",2018,3376422.92,"Oil of maize","no"
NA,"World","Vegetable oils","Production","t",2019,2766050.05,"Oil of maize","no"
NA,"World","Vegetable oils","Production","t",2020,2815375.43,"Oil of maize","no"
NA,"World","Vegetable oils","Production","t",2021,2911365.27,"Oil of maize","no"
NA,"World","Vegetable oils","Production","t",2022,2925785.63,"Oil of maize","no"
NA,"World","Vegetable oils","Production","t",2023,NA,"Oil of maize","no"
NA,"World","Vegetable oils","Production","t",1992,1664850.3,"Oil of palm kernel","no"
NA,"World","Vegetable oils","Production","t",1993,1923997.94,"Oil of palm kernel","no"
NA,"World","Vegetable oils","Production","t",1994,2000245.18,"Oil of palm kernel","no"
NA,"World","Vegetable oils","Production","t",1995,2075819.01,"Oil of palm kernel","no"
NA,"World","Vegetable oils","Production","t",1996,2254233.03,"Oil of palm kernel","no"
NA,"World","Vegetable oils","Production","t",1997,2367125.19,"Oil of palm kernel","no"
NA,"World","Vegetable oils","Production","t",1998,2311613.33,"Oil of palm kernel","no"
NA,"World","Vegetable oils","Production","t",1999,2675000.2,"Oil of palm kernel","no"
NA,"World","Vegetable oils","Production","t",2000,2755143.07,"Oil of palm kernel","no"
NA,"World","Vegetable oils","Production","t",2001,3025266.6,"Oil of palm kernel","no"
NA,"World","Vegetable oils","Production","t",2002,3135267.98,"Oil of palm kernel","no"
NA,"World","Vegetable oils","Production","t",2003,3427552.35,"Oil of palm kernel","no"
NA,"World","Vegetable oils","Production","t",2004,3656747.49,"Oil of palm kernel","no"
NA,"World","Vegetable oils","Production","t",2005,4048223.72,"Oil of palm kernel","no"
NA,"World","Vegetable oils","Production","t",2006,4451928.24,"Oil of palm kernel","no"
NA,"World","Vegetable oils","Production","t",2007,4574537.72,"Oil of palm kernel","no"
NA,"World","Vegetable oils","Production","t",2008,4980852.98,"Oil of palm kernel","no"
NA,"World","Vegetable oils","Production","t",2009,5165021.54,"Oil of palm kernel","no"
NA,"World","Vegetable oils","Production","t",2010,5167052.65,"Oil of palm kernel","no"
NA,"World","Vegetable oils","Production","t",2011,5553002.18,"Oil of palm kernel","no"
NA,"World","Vegetable oils","Production","t",2012,5978446.14,"Oil of palm kernel","no"
NA,"World","Vegetable oils","Production","t",2013,6314940.83,"Oil of palm kernel","no"
NA,"World","Vegetable oils","Production","t",2014,6566072.84,"Oil of palm kernel","no"
NA,"World","Vegetable oils","Production","t",2015,6838961.01,"Oil of palm kernel","no"
NA,"World","Vegetable oils","Production","t",2016,6377612.56,"Oil of palm kernel","no"
NA,"World","Vegetable oils","Production","t",2017,7318318.39,"Oil of palm kernel","no"
NA,"World","Vegetable oils","Production","t",2018,7845334.38,"Oil of palm kernel","no"
NA,"World","Vegetable oils","Production","t",2019,8131781.26,"Oil of palm kernel","no"
NA,"World","Vegetable oils","Production","t",2020,7872251.68,"Oil of palm kernel","no"
NA,"World","Vegetable oils","Production","t",2021,8003443.88,"Oil of palm kernel","no"
NA,"World","Vegetable oils","Production","t",2022,8290928.58,"Oil of palm kernel","no"
NA,"World","Vegetable oils","Production","t",2023,NA,"Oil of palm kernel","no"
NA,"World","Vegetable oils","Production","t",1992,645695.39,"Oil of sesame seed","no"
NA,"World","Vegetable oils","Production","t",1993,641812.61,"Oil of sesame seed","no"
NA,"World","Vegetable oils","Production","t",1994,621647.77,"Oil of sesame seed","no"
NA,"World","Vegetable oils","Production","t",1995,679655.14,"Oil of sesame seed","no"
NA,"World","Vegetable oils","Production","t",1996,748032.66,"Oil of sesame seed","no"
NA,"World","Vegetable oils","Production","t",1997,764762.77,"Oil of sesame seed","no"
NA,"World","Vegetable oils","Production","t",1998,742199.5,"Oil of sesame seed","no"
NA,"World","Vegetable oils","Production","t",1999,653516.87,"Oil of sesame seed","no"
NA,"World","Vegetable oils","Production","t",2000,735584.14,"Oil of sesame seed","no"
NA,"World","Vegetable oils","Production","t",2001,772850.42,"Oil of sesame seed","no"
NA,"World","Vegetable oils","Production","t",2002,869935.15,"Oil of sesame seed","no"
NA,"World","Vegetable oils","Production","t",2003,900689.41,"Oil of sesame seed","no"
NA,"World","Vegetable oils","Production","t",2004,945635.26,"Oil of sesame seed","no"
NA,"World","Vegetable oils","Production","t",2005,946139.64,"Oil of sesame seed","no"
NA,"World","Vegetable oils","Production","t",2006,997407.64,"Oil of sesame seed","no"
NA,"World","Vegetable oils","Production","t",2007,1053384.96,"Oil of sesame seed","no"
NA,"World","Vegetable oils","Production","t",2008,984806.07,"Oil of sesame seed","no"
NA,"World","Vegetable oils","Production","t",2009,1034399.03,"Oil of sesame seed","no"
NA,"World","Vegetable oils","Production","t",2010,934007.98,"Oil of sesame seed","no"
NA,"World","Vegetable oils","Production","t",2011,1003005.04,"Oil of sesame seed","no"
NA,"World","Vegetable oils","Production","t",2012,1204912.9,"Oil of sesame seed","no"
NA,"World","Vegetable oils","Production","t",2013,1035839.16,"Oil of sesame seed","no"
NA,"World","Vegetable oils","Production","t",2014,963388.04,"Oil of sesame seed","no"
NA,"World","Vegetable oils","Production","t",2015,1052799.12,"Oil of sesame seed","no"
NA,"World","Vegetable oils","Production","t",2016,1109878.63,"Oil of sesame seed","no"
NA,"World","Vegetable oils","Production","t",2017,1098028.23,"Oil of sesame seed","no"
NA,"World","Vegetable oils","Production","t",2018,1093174.95,"Oil of sesame seed","no"
NA,"World","Vegetable oils","Production","t",2019,1056800.73,"Oil of sesame seed","no"
NA,"World","Vegetable oils","Production","t",2020,1056141.92,"Oil of sesame seed","no"
NA,"World","Vegetable oils","Production","t",2021,1017153.77,"Oil of sesame seed","no"
NA,"World","Vegetable oils","Production","t",2022,995665.23,"Oil of sesame seed","no"
NA,"World","Vegetable oils","Production","t",2023,NA,"Oil of sesame seed","no"
NA,"World","Oilseeds and oleaginous fruits","Area harvested","ha",1992,7197393,"Oil palm fruit","no"
NA,"World","Oilseeds and oleaginous fruits","Area harvested","ha",1993,7533612,"Oil palm fruit","no"
NA,"World","Oilseeds and oleaginous fruits","Area harvested","ha",1994,7858343,"Oil palm fruit","no"
NA,"World","Oilseeds and oleaginous fruits","Area harvested","ha",1995,8358624,"Oil palm fruit","no"
NA,"World","Oilseeds and oleaginous fruits","Area harvested","ha",1996,8819358,"Oil palm fruit","no"
NA,"World","Oilseeds and oleaginous fruits","Area harvested","ha",1997,9231671,"Oil palm fruit","no"
NA,"World","Oilseeds and oleaginous fruits","Area harvested","ha",1998,9638789,"Oil palm fruit","no"
NA,"World","Oilseeds and oleaginous fruits","Area harvested","ha",1999,10006488,"Oil palm fruit","no"
NA,"World","Oilseeds and oleaginous fruits","Area harvested","ha",2000,10389325,"Oil palm fruit","no"
NA,"World","Oilseeds and oleaginous fruits","Area harvested","ha",2001,10859290,"Oil palm fruit","no"
NA,"World","Oilseeds and oleaginous fruits","Area harvested","ha",2002,11640169,"Oil palm fruit","no"
NA,"World","Oilseeds and oleaginous fruits","Area harvested","ha",2003,12237190,"Oil palm fruit","no"
NA,"World","Oilseeds and oleaginous fruits","Area harvested","ha",2004,12803619,"Oil palm fruit","no"
NA,"World","Oilseeds and oleaginous fruits","Area harvested","ha",2005,13466770,"Oil palm fruit","no"
NA,"World","Oilseeds and oleaginous fruits","Area harvested","ha",2006,13865819,"Oil palm fruit","no"
NA,"World","Oilseeds and oleaginous fruits","Area harvested","ha",2007,14573406,"Oil palm fruit","no"
NA,"World","Oilseeds and oleaginous fruits","Area harvested","ha",2008,15375814,"Oil palm fruit","no"
NA,"World","Oilseeds and oleaginous fruits","Area harvested","ha",2009,15795546,"Oil palm fruit","no"
NA,"World","Oilseeds and oleaginous fruits","Area harvested","ha",2010,16878356,"Oil palm fruit","no"
NA,"World","Oilseeds and oleaginous fruits","Area harvested","ha",2011,17548184,"Oil palm fruit","no"
NA,"World","Oilseeds and oleaginous fruits","Area harvested","ha",2012,18315777,"Oil palm fruit","no"
NA,"World","Oilseeds and oleaginous fruits","Area harvested","ha",2013,19401973,"Oil palm fruit","no"
NA,"World","Oilseeds and oleaginous fruits","Area harvested","ha",2014,19635786,"Oil palm fruit","no"
NA,"World","Oilseeds and oleaginous fruits","Area harvested","ha",2015,20611191,"Oil palm fruit","no"
NA,"World","Oilseeds and oleaginous fruits","Area harvested","ha",2016,21971151,"Oil palm fruit","no"
NA,"World","Oilseeds and oleaginous fruits","Area harvested","ha",2017,24009271,"Oil palm fruit","no"
NA,"World","Oilseeds and oleaginous fruits","Area harvested","ha",2018,25651938,"Oil palm fruit","no"
NA,"World","Oilseeds and oleaginous fruits","Area harvested","ha",2019,26644018,"Oil palm fruit","no"
NA,"World","Oilseeds and oleaginous fruits","Area harvested","ha",2020,27264031,"Oil palm fruit","no"
NA,"World","Oilseeds and oleaginous fruits","Area harvested","ha",2021,27935991,"Oil palm fruit","no"
NA,"World","Oilseeds and oleaginous fruits","Area harvested","ha",2022,28439912,"Oil palm fruit","no"
NA,"World","Oilseeds and oleaginous fruits","Area harvested","ha",2023,28959308,"Oil palm fruit","no"
NA,"World","Oilseeds and oleaginous fruits","Yield","kg/ha",1992,9360.2,"Oil palm fruit","no"
NA,"World","Oilseeds and oleaginous fruits","Yield","kg/ha",1993,10508.7,"Oil palm fruit","no"
NA,"World","Oilseeds and oleaginous fruits","Yield","kg/ha",1994,10400.3,"Oil palm fruit","no"
NA,"World","Oilseeds and oleaginous fruits","Yield","kg/ha",1995,10599.7,"Oil palm fruit","no"
NA,"World","Oilseeds and oleaginous fruits","Yield","kg/ha",1996,10609.7,"Oil palm fruit","no"
NA,"World","Oilseeds and oleaginous fruits","Yield","kg/ha",1997,10770.5,"Oil palm fruit","no"
NA,"World","Oilseeds and oleaginous fruits","Yield","kg/ha",1998,10290.4,"Oil palm fruit","no"
NA,"World","Oilseeds and oleaginous fruits","Yield","kg/ha",1999,11464.4,"Oil palm fruit","no"
NA,"World","Oilseeds and oleaginous fruits","Yield","kg/ha",2000,11629,"Oil palm fruit","no"
NA,"World","Oilseeds and oleaginous fruits","Yield","kg/ha",2001,11906.3,"Oil palm fruit","no"
NA,"World","Oilseeds and oleaginous fruits","Yield","kg/ha",2002,11619.5,"Oil palm fruit","no"
NA,"World","Oilseeds and oleaginous fruits","Yield","kg/ha",2003,12279.6,"Oil palm fruit","no"
NA,"World","Oilseeds and oleaginous fruits","Yield","kg/ha",2004,12761.3,"Oil palm fruit","no"
NA,"World","Oilseeds and oleaginous fruits","Yield","kg/ha",2005,13252.9,"Oil palm fruit","no"
NA,"World","Oilseeds and oleaginous fruits","Yield","kg/ha",2006,14170.3,"Oil palm fruit","no"
NA,"World","Oilseeds and oleaginous fruits","Yield","kg/ha",2007,13288.5,"Oil palm fruit","no"
NA,"World","Oilseeds and oleaginous fruits","Yield","kg/ha",2008,13883.7,"Oil palm fruit","no"
NA,"World","Oilseeds and oleaginous fruits","Yield","kg/ha",2009,13706.3,"Oil palm fruit","no"
NA,"World","Oilseeds and oleaginous fruits","Yield","kg/ha",2010,14039.2,"Oil palm fruit","no"
NA,"World","Oilseeds and oleaginous fruits","Yield","kg/ha",2011,14588.6,"Oil palm fruit","no"
NA,"World","Oilseeds and oleaginous fruits","Yield","kg/ha",2012,15035,"Oil palm fruit","no"
NA,"World","Oilseeds and oleaginous fruits","Yield","kg/ha",2013,14757,"Oil palm fruit","no"
NA,"World","Oilseeds and oleaginous fruits","Yield","kg/ha",2014,15075.2,"Oil palm fruit","no"
NA,"World","Oilseeds and oleaginous fruits","Yield","kg/ha",2015,15067.2,"Oil palm fruit","no"
NA,"World","Oilseeds and oleaginous fruits","Yield","kg/ha",2016,13740.3,"Oil palm fruit","no"
NA,"World","Oilseeds and oleaginous fruits","Yield","kg/ha",2017,14864.7,"Oil palm fruit","no"
NA,"World","Oilseeds and oleaginous fruits","Yield","kg/ha",2018,14390.7,"Oil palm fruit","no"
NA,"World","Oilseeds and oleaginous fruits","Yield","kg/ha",2019,14375,"Oil palm fruit","no"
NA,"World","Oilseeds and oleaginous fruits","Yield","kg/ha",2020,14372.4,"Oil palm fruit","no"
NA,"World","Oilseeds and oleaginous fruits","Yield","kg/ha",2021,14834.9,"Oil palm fruit","no"
NA,"World","Oilseeds and oleaginous fruits","Yield","kg/ha",2022,14316.2,"Oil palm fruit","no"
NA,"World","Oilseeds and oleaginous fruits","Yield","kg/ha",2023,14128.5,"Oil palm fruit","no"
NA,"World","Oilseeds and oleaginous fruits","Production","t",1992,67369074,"Oil palm fruit","no"
NA,"World","Oilseeds and oleaginous fruits","Production","t",1993,79168254,"Oil palm fruit","no"
NA,"World","Oilseeds and oleaginous fruits","Production","t",1994,81729104,"Oil palm fruit","no"
NA,"World","Oilseeds and oleaginous fruits","Production","t",1995,88598733,"Oil palm fruit","no"
NA,"World","Oilseeds and oleaginous fruits","Production","t",1996,93570473.7,"Oil palm fruit","no"
NA,"World","Oilseeds and oleaginous fruits","Production","t",1997,99429878.13,"Oil palm fruit","no"
NA,"World","Oilseeds and oleaginous fruits","Production","t",1998,99186664.48,"Oil palm fruit","no"
NA,"World","Oilseeds and oleaginous fruits","Production","t",1999,114717894.68,"Oil palm fruit","no"
NA,"World","Oilseeds and oleaginous fruits","Production","t",2000,120816964.56,"Oil palm fruit","no"
NA,"World","Oilseeds and oleaginous fruits","Production","t",2001,129293955.9,"Oil palm fruit","no"
NA,"World","Oilseeds and oleaginous fruits","Production","t",2002,135253192.25,"Oil palm fruit","no"
NA,"World","Oilseeds and oleaginous fruits","Production","t",2003,150268154.23,"Oil palm fruit","no"
NA,"World","Oilseeds and oleaginous fruits","Production","t",2004,163391293.47,"Oil palm fruit","no"
NA,"World","Oilseeds and oleaginous fruits","Production","t",2005,178474378.03,"Oil palm fruit","no"
NA,"World","Oilseeds and oleaginous fruits","Production","t",2006,196483449.17,"Oil palm fruit","no"
NA,"World","Oilseeds and oleaginous fruits","Production","t",2007,193658673.19,"Oil palm fruit","no"
NA,"World","Oilseeds and oleaginous fruits","Production","t",2008,213473285.95,"Oil palm fruit","no"
NA,"World","Oilseeds and oleaginous fruits","Production","t",2009,216497960.76,"Oil palm fruit","no"
NA,"World","Oilseeds and oleaginous fruits","Production","t",2010,236959123.46,"Oil palm fruit","no"
NA,"World","Oilseeds and oleaginous fruits","Production","t",2011,256004089.08,"Oil palm fruit","no"
NA,"World","Oilseeds and oleaginous fruits","Production","t",2012,275377623.48,"Oil palm fruit","no"
NA,"World","Oilseeds and oleaginous fruits","Production","t",2013,286315717.53,"Oil palm fruit","no"
NA,"World","Oilseeds and oleaginous fruits","Production","t",2014,296012721.82,"Oil palm fruit","no"
NA,"World","Oilseeds and oleaginous fruits","Production","t",2015,310552741.98,"Oil palm fruit","no"
NA,"World","Oilseeds and oleaginous fruits","Production","t",2016,301890736.15,"Oil palm fruit","no"
NA,"World","Oilseeds and oleaginous fruits","Production","t",2017,356890132.43,"Oil palm fruit","no"
NA,"World","Oilseeds and oleaginous fruits","Production","t",2018,369148926.37,"Oil palm fruit","no"
NA,"World","Oilseeds and oleaginous fruits","Production","t",2019,383006565.46,"Oil palm fruit","no"
NA,"World","Oilseeds and oleaginous fruits","Production","t",2020,391849689.9,"Oil palm fruit","no"
NA,"World","Oilseeds and oleaginous fruits","Production","t",2021,414427109.82,"Oil palm fruit","no"
NA,"World","Oilseeds and oleaginous fruits","Production","t",2022,407152050.89,"Oil palm fruit","no"
NA,"World","Oilseeds and oleaginous fruits","Production","t",2023,409151773.7,"Oil palm fruit","no"
NA,"World","Vegetables","Area harvested","ha",1992,799184,"Okra","no"
NA,"World","Vegetables","Area harvested","ha",1993,810765,"Okra","no"
NA,"World","Vegetables","Area harvested","ha",1994,757168,"Okra","no"
NA,"World","Vegetables","Area harvested","ha",1995,886827,"Okra","no"
NA,"World","Vegetables","Area harvested","ha",1996,862682,"Okra","no"
NA,"World","Vegetables","Area harvested","ha",1997,837761,"Okra","no"
NA,"World","Vegetables","Area harvested","ha",1998,818280,"Okra","no"
NA,"World","Vegetables","Area harvested","ha",1999,815557,"Okra","no"
NA,"World","Vegetables","Area harvested","ha",2000,860215,"Okra","no"
NA,"World","Vegetables","Area harvested","ha",2001,893838,"Okra","no"
NA,"World","Vegetables","Area harvested","ha",2002,882032,"Okra","no"
NA,"World","Vegetables","Area harvested","ha",2003,905159,"Okra","no"
NA,"World","Vegetables","Area harvested","ha",2004,932061,"Okra","no"
NA,"World","Vegetables","Area harvested","ha",2005,925414,"Okra","no"
NA,"World","Vegetables","Area harvested","ha",2006,983402,"Okra","no"
NA,"World","Vegetables","Area harvested","ha",2007,1033544,"Okra","no"
NA,"World","Vegetables","Area harvested","ha",2008,1044702,"Okra","no"
NA,"World","Vegetables","Area harvested","ha",2009,1057760,"Okra","no"
NA,"World","Vegetables","Area harvested","ha",2010,1128260,"Okra","no"
NA,"World","Vegetables","Area harvested","ha",2011,1705441,"Okra","no"
NA,"World","Vegetables","Area harvested","ha",2012,1831366,"Okra","no"
NA,"World","Vegetables","Area harvested","ha",2013,1870429,"Okra","no"
NA,"World","Vegetables","Area harvested","ha",2014,1884605,"Okra","no"
NA,"World","Vegetables","Area harvested","ha",2015,2729331,"Okra","no"
NA,"World","Vegetables","Area harvested","ha",2016,2212108,"Okra","no"
NA,"World","Vegetables","Area harvested","ha",2017,2161508,"Okra","no"
NA,"World","Vegetables","Area harvested","ha",2018,2312258,"Okra","no"
NA,"World","Vegetables","Area harvested","ha",2019,2385942,"Okra","no"
NA,"World","Vegetables","Area harvested","ha",2020,2429741,"Okra","no"
NA,"World","Vegetables","Area harvested","ha",2021,2492950,"Okra","no"
NA,"World","Vegetables","Area harvested","ha",2022,2682813,"Okra","no"
NA,"World","Vegetables","Area harvested","ha",2023,2949566,"Okra","no"
NA,"World","Vegetables","Yield","kg/ha",1992,5005.8,"Okra","no"
NA,"World","Vegetables","Yield","kg/ha",1993,4988.5,"Okra","no"
NA,"World","Vegetables","Yield","kg/ha",1994,6273.6,"Okra","no"
NA,"World","Vegetables","Yield","kg/ha",1995,6425.8,"Okra","no"
NA,"World","Vegetables","Yield","kg/ha",1996,6549,"Okra","no"
NA,"World","Vegetables","Yield","kg/ha",1997,6612.7,"Okra","no"
NA,"World","Vegetables","Yield","kg/ha",1998,6210.7,"Okra","no"
NA,"World","Vegetables","Yield","kg/ha",1999,6560.4,"Okra","no"
NA,"World","Vegetables","Yield","kg/ha",2000,6297.1,"Okra","no"
NA,"World","Vegetables","Yield","kg/ha",2001,6086.9,"Okra","no"
NA,"World","Vegetables","Yield","kg/ha",2002,6210.5,"Okra","no"
NA,"World","Vegetables","Yield","kg/ha",2003,6354.3,"Okra","no"
NA,"World","Vegetables","Yield","kg/ha",2004,6386.5,"Okra","no"
NA,"World","Vegetables","Yield","kg/ha",2005,6291.5,"Okra","no"
NA,"World","Vegetables","Yield","kg/ha",2006,6480.3,"Okra","no"
NA,"World","Vegetables","Yield","kg/ha",2007,6520.1,"Okra","no"
NA,"World","Vegetables","Yield","kg/ha",2008,6422,"Okra","no"
NA,"World","Vegetables","Yield","kg/ha",2009,6730.2,"Okra","no"
NA,"World","Vegetables","Yield","kg/ha",2010,6675.3,"Okra","no"
NA,"World","Vegetables","Yield","kg/ha",2011,4734.6,"Okra","no"
NA,"World","Vegetables","Yield","kg/ha",2012,5346,"Okra","no"
NA,"World","Vegetables","Yield","kg/ha",2013,5208,"Okra","no"
NA,"World","Vegetables","Yield","kg/ha",2014,5247.9,"Okra","no"
NA,"World","Vegetables","Yield","kg/ha",2015,3418.8,"Okra","no"
NA,"World","Vegetables","Yield","kg/ha",2016,4039.7,"Okra","no"
NA,"World","Vegetables","Yield","kg/ha",2017,4287.4,"Okra","no"
NA,"World","Vegetables","Yield","kg/ha",2018,4169.2,"Okra","no"
NA,"World","Vegetables","Yield","kg/ha",2019,4195.6,"Okra","no"
NA,"World","Vegetables","Yield","kg/ha",2020,4359,"Okra","no"
NA,"World","Vegetables","Yield","kg/ha",2021,4297.5,"Okra","no"
NA,"World","Vegetables","Yield","kg/ha",2022,4188.4,"Okra","no"
NA,"World","Vegetables","Yield","kg/ha",2023,3906.8,"Okra","no"
NA,"World","Vegetables","Production","t",1992,4000579.93,"Okra","no"
NA,"World","Vegetables","Production","t",1993,4044486.87,"Okra","no"
NA,"World","Vegetables","Production","t",1994,4750151.29,"Okra","no"
NA,"World","Vegetables","Production","t",1995,5698604.53,"Okra","no"
NA,"World","Vegetables","Production","t",1996,5649687.13,"Okra","no"
NA,"World","Vegetables","Production","t",1997,5539842.33,"Okra","no"
NA,"World","Vegetables","Production","t",1998,5082106.54,"Okra","no"
NA,"World","Vegetables","Production","t",1999,5350393.37,"Okra","no"
NA,"World","Vegetables","Production","t",2000,5416884.97,"Okra","no"
NA,"World","Vegetables","Production","t",2001,5440730.19,"Okra","no"
NA,"World","Vegetables","Production","t",2002,5477856.45,"Okra","no"
NA,"World","Vegetables","Production","t",2003,5751617.33,"Okra","no"
NA,"World","Vegetables","Production","t",2004,5952606.05,"Okra","no"
NA,"World","Vegetables","Production","t",2005,5822205.69,"Okra","no"
NA,"World","Vegetables","Production","t",2006,6372765.15,"Okra","no"
NA,"World","Vegetables","Production","t",2007,6738760.81,"Okra","no"
NA,"World","Vegetables","Production","t",2008,6709102.99,"Okra","no"
NA,"World","Vegetables","Production","t",2009,7118937.78,"Okra","no"
NA,"World","Vegetables","Production","t",2010,7531470.34,"Okra","no"
NA,"World","Vegetables","Production","t",2011,8074521.47,"Okra","no"
NA,"World","Vegetables","Production","t",2012,9790560.93,"Okra","no"
NA,"World","Vegetables","Production","t",2013,9741237.81,"Okra","no"
NA,"World","Vegetables","Production","t",2014,9890209.51,"Okra","no"
NA,"World","Vegetables","Production","t",2015,9331024.19,"Okra","no"
NA,"World","Vegetables","Production","t",2016,8936340.52,"Okra","no"
NA,"World","Vegetables","Production","t",2017,9267352,"Okra","no"
NA,"World","Vegetables","Production","t",2018,9640340.53,"Okra","no"
NA,"World","Vegetables","Production","t",2019,10010556.05,"Okra","no"
NA,"World","Vegetables","Production","t",2020,10591363.31,"Okra","no"
NA,"World","Vegetables","Production","t",2021,10713521.45,"Okra","no"
NA,"World","Vegetables","Production","t",2022,11236577.08,"Okra","no"
NA,"World","Vegetables","Production","t",2023,11523291.49,"Okra","no"
NA,"World","Vegetable oils","Production","t",1992,1823432.05,"Olive oil","no"
NA,"World","Vegetable oils","Production","t",1993,1900399.55,"Olive oil","no"
NA,"World","Vegetable oils","Production","t",1994,1792814.56,"Olive oil","no"
NA,"World","Vegetable oils","Production","t",1995,1658356.64,"Olive oil","no"
NA,"World","Vegetable oils","Production","t",1996,2583777.97,"Olive oil","no"
NA,"World","Vegetable oils","Production","t",1997,2590417.14,"Olive oil","no"
NA,"World","Vegetable oils","Production","t",1998,2402791.07,"Olive oil","no"
NA,"World","Vegetable oils","Production","t",1999,2335061.62,"Olive oil","no"
NA,"World","Vegetable oils","Production","t",2000,2544588.67,"Olive oil","no"
NA,"World","Vegetable oils","Production","t",2001,2644397.4,"Olive oil","no"
NA,"World","Vegetable oils","Production","t",2002,2447955.6,"Olive oil","no"
NA,"World","Vegetable oils","Production","t",2003,3089739.97,"Olive oil","no"
NA,"World","Vegetable oils","Production","t",2004,2927048.97,"Olive oil","no"
NA,"World","Vegetable oils","Production","t",2005,2541649.77,"Olive oil","no"
NA,"World","Vegetable oils","Production","t",2006,2947613,"Olive oil","no"
NA,"World","Vegetable oils","Production","t",2007,2765185.19,"Olive oil","no"
NA,"World","Vegetable oils","Production","t",2008,2690229.81,"Olive oil","no"
NA,"World","Vegetable oils","Production","t",2009,3012748.88,"Olive oil","no"
NA,"World","Vegetable oils","Production","t",2010,3183676.34,"Olive oil","no"
NA,"World","Vegetable oils","Production","t",2011,3410141.2,"Olive oil","no"
NA,"World","Vegetable oils","Production","t",2012,2495033.21,"Olive oil","no"
NA,"World","Vegetable oils","Production","t",2013,3509177.81,"Olive oil","no"
NA,"World","Vegetable oils","Production","t",2014,2252996.57,"Olive oil","no"
NA,"World","Vegetable oils","Production","t",2015,3403751.95,"Olive oil","no"
NA,"World","Vegetable oils","Production","t",2016,2853413.57,"Olive oil","no"
NA,"World","Vegetable oils","Production","t",2017,3151404.83,"Olive oil","no"
NA,"World","Vegetable oils","Production","t",2018,3690606.47,"Olive oil","no"
NA,"World","Vegetable oils","Production","t",2019,3125165.29,"Olive oil","no"
NA,"World","Vegetable oils","Production","t",2020,3363307.4,"Olive oil","no"
NA,"World","Vegetable oils","Production","t",2021,3324371.29,"Olive oil","no"
NA,"World","Vegetable oils","Production","t",2022,2743216.64,"Olive oil","no"
NA,"World","Vegetable oils","Production","t",2023,NA,"Olive oil","no"
NA,"World","Oilseeds and oleaginous fruits","Area harvested","ha",1992,7478676,"Olives","no"
NA,"World","Oilseeds and oleaginous fruits","Area harvested","ha",1993,7604639,"Olives","no"
NA,"World","Oilseeds and oleaginous fruits","Area harvested","ha",1994,7656930,"Olives","no"
NA,"World","Oilseeds and oleaginous fruits","Area harvested","ha",1995,7770439,"Olives","no"
NA,"World","Oilseeds and oleaginous fruits","Area harvested","ha",1996,7994527,"Olives","no"
NA,"World","Oilseeds and oleaginous fruits","Area harvested","ha",1997,7807932,"Olives","no"
NA,"World","Oilseeds and oleaginous fruits","Area harvested","ha",1998,8000927,"Olives","no"
NA,"World","Oilseeds and oleaginous fruits","Area harvested","ha",1999,8313419,"Olives","no"
NA,"World","Oilseeds and oleaginous fruits","Area harvested","ha",2000,8351778,"Olives","no"
NA,"World","Oilseeds and oleaginous fruits","Area harvested","ha",2001,8441532,"Olives","no"
NA,"World","Oilseeds and oleaginous fruits","Area harvested","ha",2002,8463525,"Olives","no"
NA,"World","Oilseeds and oleaginous fruits","Area harvested","ha",2003,8825139,"Olives","no"
NA,"World","Oilseeds and oleaginous fruits","Area harvested","ha",2004,9110605,"Olives","no"
NA,"World","Oilseeds and oleaginous fruits","Area harvested","ha",2005,9188091,"Olives","no"
NA,"World","Oilseeds and oleaginous fruits","Area harvested","ha",2006,9252566,"Olives","no"
NA,"World","Oilseeds and oleaginous fruits","Area harvested","ha",2007,9354887,"Olives","no"
NA,"World","Oilseeds and oleaginous fruits","Area harvested","ha",2008,9460578,"Olives","no"
NA,"World","Oilseeds and oleaginous fruits","Area harvested","ha",2009,9659650,"Olives","no"
NA,"World","Oilseeds and oleaginous fruits","Area harvested","ha",2010,9975559,"Olives","no"
NA,"World","Oilseeds and oleaginous fruits","Area harvested","ha",2011,10067577,"Olives","no"
NA,"World","Oilseeds and oleaginous fruits","Area harvested","ha",2012,10288393,"Olives","no"
NA,"World","Oilseeds and oleaginous fruits","Area harvested","ha",2013,10265077,"Olives","no"
NA,"World","Oilseeds and oleaginous fruits","Area harvested","ha",2014,10163976,"Olives","no"
NA,"World","Oilseeds and oleaginous fruits","Area harvested","ha",2015,10113116,"Olives","no"
NA,"World","Oilseeds and oleaginous fruits","Area harvested","ha",2016,10301477,"Olives","no"
NA,"World","Oilseeds and oleaginous fruits","Area harvested","ha",2017,9759113,"Olives","no"
NA,"World","Oilseeds and oleaginous fruits","Area harvested","ha",2018,11384370,"Olives","no"
NA,"World","Oilseeds and oleaginous fruits","Area harvested","ha",2019,10304701,"Olives","no"
NA,"World","Oilseeds and oleaginous fruits","Area harvested","ha",2020,12710489,"Olives","no"
NA,"World","Oilseeds and oleaginous fruits","Area harvested","ha",2021,10337267,"Olives","no"
NA,"World","Oilseeds and oleaginous fruits","Area harvested","ha",2022,11349234,"Olives","no"
NA,"World","Oilseeds and oleaginous fruits","Area harvested","ha",2023,11139786,"Olives","no"
NA,"World","Oilseeds and oleaginous fruits","Yield","kg/ha",1992,1461,"Olives","no"
NA,"World","Oilseeds and oleaginous fruits","Yield","kg/ha",1993,1437.2,"Olives","no"
NA,"World","Oilseeds and oleaginous fruits","Yield","kg/ha",1994,1498.4,"Olives","no"
NA,"World","Oilseeds and oleaginous fruits","Yield","kg/ha",1995,1314.1,"Olives","no"
NA,"World","Oilseeds and oleaginous fruits","Yield","kg/ha",1996,1933.5,"Olives","no"
NA,"World","Oilseeds and oleaginous fruits","Yield","kg/ha",1997,1934.1,"Olives","no"
NA,"World","Oilseeds and oleaginous fruits","Yield","kg/ha",1998,1855.4,"Olives","no"
NA,"World","Oilseeds and oleaginous fruits","Yield","kg/ha",1999,1694.1,"Olives","no"
NA,"World","Oilseeds and oleaginous fruits","Yield","kg/ha",2000,1874.4,"Olives","no"
NA,"World","Oilseeds and oleaginous fruits","Yield","kg/ha",2001,1816.5,"Olives","no"
NA,"World","Oilseeds and oleaginous fruits","Yield","kg/ha",2002,1886.4,"Olives","no"
NA,"World","Oilseeds and oleaginous fruits","Yield","kg/ha",2003,2092.2,"Olives","no"
NA,"World","Oilseeds and oleaginous fruits","Yield","kg/ha",2004,1981.3,"Olives","no"
NA,"World","Oilseeds and oleaginous fruits","Yield","kg/ha",2005,1737.6,"Olives","no"
NA,"World","Oilseeds and oleaginous fruits","Yield","kg/ha",2006,2022.5,"Olives","no"
NA,"World","Oilseeds and oleaginous fruits","Yield","kg/ha",2007,1815,"Olives","no"
NA,"World","Oilseeds and oleaginous fruits","Yield","kg/ha",2008,1879.6,"Olives","no"
NA,"World","Oilseeds and oleaginous fruits","Yield","kg/ha",2009,1969.2,"Olives","no"
NA,"World","Oilseeds and oleaginous fruits","Yield","kg/ha",2010,2067.7,"Olives","no"
NA,"World","Oilseeds and oleaginous fruits","Yield","kg/ha",2011,2116.1,"Olives","no"
NA,"World","Oilseeds and oleaginous fruits","Yield","kg/ha",2012,1737.7,"Olives","no"
NA,"World","Oilseeds and oleaginous fruits","Yield","kg/ha",2013,2149.8,"Olives","no"
NA,"World","Oilseeds and oleaginous fruits","Yield","kg/ha",2014,1607.2,"Olives","no"
NA,"World","Oilseeds and oleaginous fruits","Yield","kg/ha",2015,2064,"Olives","no"
NA,"World","Oilseeds and oleaginous fruits","Yield","kg/ha",2016,1946.2,"Olives","no"
NA,"World","Oilseeds and oleaginous fruits","Yield","kg/ha",2017,2189,"Olives","no"
NA,"World","Oilseeds and oleaginous fruits","Yield","kg/ha",2018,2156.9,"Olives","no"
NA,"World","Oilseeds and oleaginous fruits","Yield","kg/ha",2019,2094.5,"Olives","no"
NA,"World","Oilseeds and oleaginous fruits","Yield","kg/ha",2020,1876.7,"Olives","no"
NA,"World","Oilseeds and oleaginous fruits","Yield","kg/ha",2021,2286,"Olives","no"
NA,"World","Oilseeds and oleaginous fruits","Yield","kg/ha",2022,1883.7,"Olives","no"
NA,"World","Oilseeds and oleaginous fruits","Yield","kg/ha",2023,1822,"Olives","no"
NA,"World","Oilseeds and oleaginous fruits","Production","t",1992,10926589.94,"Olives","no"
NA,"World","Oilseeds and oleaginous fruits","Production","t",1993,10929163.25,"Olives","no"
NA,"World","Oilseeds and oleaginous fruits","Production","t",1994,11473084.23,"Olives","no"
NA,"World","Oilseeds and oleaginous fruits","Production","t",1995,10210861.69,"Olives","no"
NA,"World","Oilseeds and oleaginous fruits","Production","t",1996,15457160.67,"Olives","no"
NA,"World","Oilseeds and oleaginous fruits","Production","t",1997,15101143.6,"Olives","no"
NA,"World","Oilseeds and oleaginous fruits","Production","t",1998,14844708.8,"Olives","no"
NA,"World","Oilseeds and oleaginous fruits","Production","t",1999,14083780.29,"Olives","no"
NA,"World","Oilseeds and oleaginous fruits","Production","t",2000,15654216.91,"Olives","no"
NA,"World","Oilseeds and oleaginous fruits","Production","t",2001,15334344.8,"Olives","no"
NA,"World","Oilseeds and oleaginous fruits","Production","t",2002,15965256.21,"Olives","no"
NA,"World","Oilseeds and oleaginous fruits","Production","t",2003,18463928.76,"Olives","no"
NA,"World","Oilseeds and oleaginous fruits","Production","t",2004,18051285.02,"Olives","no"
NA,"World","Oilseeds and oleaginous fruits","Production","t",2005,15965113.05,"Olives","no"
NA,"World","Oilseeds and oleaginous fruits","Production","t",2006,18713075.04,"Olives","no"
NA,"World","Oilseeds and oleaginous fruits","Production","t",2007,16979434.71,"Olives","no"
NA,"World","Oilseeds and oleaginous fruits","Production","t",2008,17781851.25,"Olives","no"
NA,"World","Oilseeds and oleaginous fruits","Production","t",2009,19022163.88,"Olives","no"
NA,"World","Oilseeds and oleaginous fruits","Production","t",2010,20626352.22,"Olives","no"
NA,"World","Oilseeds and oleaginous fruits","Production","t",2011,21304445.43,"Olives","no"
NA,"World","Oilseeds and oleaginous fruits","Production","t",2012,17877751.86,"Olives","no"
NA,"World","Oilseeds and oleaginous fruits","Production","t",2013,22067400.43,"Olives","no"
NA,"World","Oilseeds and oleaginous fruits","Production","t",2014,16335791.53,"Olives","no"
NA,"World","Oilseeds and oleaginous fruits","Production","t",2015,20873698.33,"Olives","no"
NA,"World","Oilseeds and oleaginous fruits","Production","t",2016,20048764.23,"Olives","no"
NA,"World","Oilseeds and oleaginous fruits","Production","t",2017,21362305.64,"Olives","no"
NA,"World","Oilseeds and oleaginous fruits","Production","t",2018,24554816.58,"Olives","no"
NA,"World","Oilseeds and oleaginous fruits","Production","t",2019,21582990.19,"Olives","no"
NA,"World","Oilseeds and oleaginous fruits","Production","t",2020,23853681.81,"Olives","no"
NA,"World","Oilseeds and oleaginous fruits","Production","t",2021,23631439.42,"Olives","no"
NA,"World","Oilseeds and oleaginous fruits","Production","t",2022,21378558.82,"Olives","no"
NA,"World","Oilseeds and oleaginous fruits","Production","t",2023,20296489.57,"Olives","no"
NA,"World","Vegetables","Area harvested","ha",1992,2255013,"Onions and shallots, dry (excluding dehydrated)","no"
NA,"World","Vegetables","Area harvested","ha",1993,2355763,"Onions and shallots, dry (excluding dehydrated)","no"
NA,"World","Vegetables","Area harvested","ha",1994,2477536,"Onions and shallots, dry (excluding dehydrated)","no"
NA,"World","Vegetables","Area harvested","ha",1995,2621961,"Onions and shallots, dry (excluding dehydrated)","no"
NA,"World","Vegetables","Area harvested","ha",1996,2672995,"Onions and shallots, dry (excluding dehydrated)","no"
NA,"World","Vegetables","Area harvested","ha",1997,2695258,"Onions and shallots, dry (excluding dehydrated)","no"
NA,"World","Vegetables","Area harvested","ha",1998,2908804,"Onions and shallots, dry (excluding dehydrated)","no"
NA,"World","Vegetables","Area harvested","ha",1999,3119353,"Onions and shallots, dry (excluding dehydrated)","no"
NA,"World","Vegetables","Area harvested","ha",2000,3102522,"Onions and shallots, dry (excluding dehydrated)","no"
NA,"World","Vegetables","Area harvested","ha",2001,3201409,"Onions and shallots, dry (excluding dehydrated)","no"
NA,"World","Vegetables","Area harvested","ha",2002,3176377,"Onions and shallots, dry (excluding dehydrated)","no"
NA,"World","Vegetables","Area harvested","ha",2003,3396109,"Onions and shallots, dry (excluding dehydrated)","no"
NA,"World","Vegetables","Area harvested","ha",2004,3806821,"Onions and shallots, dry (excluding dehydrated)","no"
NA,"World","Vegetables","Area harvested","ha",2005,4042095,"Onions and shallots, dry (excluding dehydrated)","no"
NA,"World","Vegetables","Area harvested","ha",2006,4206874,"Onions and shallots, dry (excluding dehydrated)","no"
NA,"World","Vegetables","Area harvested","ha",2007,4381870,"Onions and shallots, dry (excluding dehydrated)","no"
NA,"World","Vegetables","Area harvested","ha",2008,4422617,"Onions and shallots, dry (excluding dehydrated)","no"
NA,"World","Vegetables","Area harvested","ha",2009,4318025,"Onions and shallots, dry (excluding dehydrated)","no"
NA,"World","Vegetables","Area harvested","ha",2010,4735212,"Onions and shallots, dry (excluding dehydrated)","no"
NA,"World","Vegetables","Area harvested","ha",2011,4551734,"Onions and shallots, dry (excluding dehydrated)","no"
NA,"World","Vegetables","Area harvested","ha",2012,4480259,"Onions and shallots, dry (excluding dehydrated)","no"
NA,"World","Vegetables","Area harvested","ha",2013,4611551,"Onions and shallots, dry (excluding dehydrated)","no"
NA,"World","Vegetables","Area harvested","ha",2014,4829362,"Onions and shallots, dry (excluding dehydrated)","no"
NA,"World","Vegetables","Area harvested","ha",2015,4889979,"Onions and shallots, dry (excluding dehydrated)","no"
NA,"World","Vegetables","Area harvested","ha",2016,5033863,"Onions and shallots, dry (excluding dehydrated)","no"
NA,"World","Vegetables","Area harvested","ha",2017,5121077,"Onions and shallots, dry (excluding dehydrated)","no"
NA,"World","Vegetables","Area harvested","ha",2018,5134985,"Onions and shallots, dry (excluding dehydrated)","no"
NA,"World","Vegetables","Area harvested","ha",2019,5134925,"Onions and shallots, dry (excluding dehydrated)","no"
NA,"World","Vegetables","Area harvested","ha",2020,5453095,"Onions and shallots, dry (excluding dehydrated)","no"
NA,"World","Vegetables","Area harvested","ha",2021,5710739,"Onions and shallots, dry (excluding dehydrated)","no"
NA,"World","Vegetables","Area harvested","ha",2022,6014294,"Onions and shallots, dry (excluding dehydrated)","no"
NA,"World","Vegetables","Area harvested","ha",2023,5842332,"Onions and shallots, dry (excluding dehydrated)","no"
NA,"World","Vegetables","Yield","kg/ha",1992,15088.5,"Onions and shallots, dry (excluding dehydrated)","no"
NA,"World","Vegetables","Yield","kg/ha",1993,14773.7,"Onions and shallots, dry (excluding dehydrated)","no"
NA,"World","Vegetables","Yield","kg/ha",1994,14706.1,"Onions and shallots, dry (excluding dehydrated)","no"
NA,"World","Vegetables","Yield","kg/ha",1995,15184.9,"Onions and shallots, dry (excluding dehydrated)","no"
NA,"World","Vegetables","Yield","kg/ha",1996,15355.8,"Onions and shallots, dry (excluding dehydrated)","no"
NA,"World","Vegetables","Yield","kg/ha",1997,15202.9,"Onions and shallots, dry (excluding dehydrated)","no"
NA,"World","Vegetables","Yield","kg/ha",1998,15703.2,"Onions and shallots, dry (excluding dehydrated)","no"
NA,"World","Vegetables","Yield","kg/ha",1999,15724.3,"Onions and shallots, dry (excluding dehydrated)","no"
NA,"World","Vegetables","Yield","kg/ha",2000,16107.6,"Onions and shallots, dry (excluding dehydrated)","no"
NA,"World","Vegetables","Yield","kg/ha",2001,16257,"Onions and shallots, dry (excluding dehydrated)","no"
NA,"World","Vegetables","Yield","kg/ha",2002,16613.2,"Onions and shallots, dry (excluding dehydrated)","no"
NA,"World","Vegetables","Yield","kg/ha",2003,16585.1,"Onions and shallots, dry (excluding dehydrated)","no"
NA,"World","Vegetables","Yield","kg/ha",2004,16414,"Onions and shallots, dry (excluding dehydrated)","no"
NA,"World","Vegetables","Yield","kg/ha",2005,16281.3,"Onions and shallots, dry (excluding dehydrated)","no"
NA,"World","Vegetables","Yield","kg/ha",2006,16217.9,"Onions and shallots, dry (excluding dehydrated)","no"
NA,"World","Vegetables","Yield","kg/ha",2007,16858.4,"Onions and shallots, dry (excluding dehydrated)","no"
NA,"World","Vegetables","Yield","kg/ha",2008,16980.4,"Onions and shallots, dry (excluding dehydrated)","no"
NA,"World","Vegetables","Yield","kg/ha",2009,17246.2,"Onions and shallots, dry (excluding dehydrated)","no"
NA,"World","Vegetables","Yield","kg/ha",2010,16738.1,"Onions and shallots, dry (excluding dehydrated)","no"
NA,"World","Vegetables","Yield","kg/ha",2011,18629.3,"Onions and shallots, dry (excluding dehydrated)","no"
NA,"World","Vegetables","Yield","kg/ha",2012,18457.3,"Onions and shallots, dry (excluding dehydrated)","no"
NA,"World","Vegetables","Yield","kg/ha",2013,18412.6,"Onions and shallots, dry (excluding dehydrated)","no"
NA,"World","Vegetables","Yield","kg/ha",2014,18542.5,"Onions and shallots, dry (excluding dehydrated)","no"
NA,"World","Vegetables","Yield","kg/ha",2015,18750.4,"Onions and shallots, dry (excluding dehydrated)","no"
NA,"World","Vegetables","Yield","kg/ha",2016,18864.6,"Onions and shallots, dry (excluding dehydrated)","no"
NA,"World","Vegetables","Yield","kg/ha",2017,18980.4,"Onions and shallots, dry (excluding dehydrated)","no"
NA,"World","Vegetables","Yield","kg/ha",2018,18990.6,"Onions and shallots, dry (excluding dehydrated)","no"
NA,"World","Vegetables","Yield","kg/ha",2019,19432.3,"Onions and shallots, dry (excluding dehydrated)","no"
NA,"World","Vegetables","Yield","kg/ha",2020,19204.2,"Onions and shallots, dry (excluding dehydrated)","no"
NA,"World","Vegetables","Yield","kg/ha",2021,18904.3,"Onions and shallots, dry (excluding dehydrated)","no"
NA,"World","Vegetables","Yield","kg/ha",2022,18539.7,"Onions and shallots, dry (excluding dehydrated)","no"
NA,"World","Vegetables","Yield","kg/ha",2023,19046.1,"Onions and shallots, dry (excluding dehydrated)","no"
NA,"World","Vegetables","Production","t",1992,34024845.28,"Onions and shallots, dry (excluding dehydrated)","no"
NA,"World","Vegetables","Production","t",1993,34803433.52,"Onions and shallots, dry (excluding dehydrated)","no"
NA,"World","Vegetables","Production","t",1994,36435001.22,"Onions and shallots, dry (excluding dehydrated)","no"
NA,"World","Vegetables","Production","t",1995,39814186.7,"Onions and shallots, dry (excluding dehydrated)","no"
NA,"World","Vegetables","Production","t",1996,41045987.16,"Onions and shallots, dry (excluding dehydrated)","no"
NA,"World","Vegetables","Production","t",1997,40975800.48,"Onions and shallots, dry (excluding dehydrated)","no"
NA,"World","Vegetables","Production","t",1998,45677385.08,"Onions and shallots, dry (excluding dehydrated)","no"
NA,"World","Vegetables","Production","t",1999,49049587.96,"Onions and shallots, dry (excluding dehydrated)","no"
NA,"World","Vegetables","Production","t",2000,49974082.52,"Onions and shallots, dry (excluding dehydrated)","no"
NA,"World","Vegetables","Production","t",2001,52045241.4,"Onions and shallots, dry (excluding dehydrated)","no"
NA,"World","Vegetables","Production","t",2002,52769661.72,"Onions and shallots, dry (excluding dehydrated)","no"
NA,"World","Vegetables","Production","t",2003,56324699.65,"Onions and shallots, dry (excluding dehydrated)","no"
NA,"World","Vegetables","Production","t",2004,62485126.61,"Onions and shallots, dry (excluding dehydrated)","no"
NA,"World","Vegetables","Production","t",2005,65810360.85,"Onions and shallots, dry (excluding dehydrated)","no"
NA,"World","Vegetables","Production","t",2006,68226593.27,"Onions and shallots, dry (excluding dehydrated)","no"
NA,"World","Vegetables","Production","t",2007,73871246.71,"Onions and shallots, dry (excluding dehydrated)","no"
NA,"World","Vegetables","Production","t",2008,75097884.47,"Onions and shallots, dry (excluding dehydrated)","no"
NA,"World","Vegetables","Production","t",2009,74469517.4,"Onions and shallots, dry (excluding dehydrated)","no"
NA,"World","Vegetables","Production","t",2010,79258577.97,"Onions and shallots, dry (excluding dehydrated)","no"
NA,"World","Vegetables","Production","t",2011,84795746.71,"Onions and shallots, dry (excluding dehydrated)","no"
NA,"World","Vegetables","Production","t",2012,82693525.3,"Onions and shallots, dry (excluding dehydrated)","no"
NA,"World","Vegetables","Production","t",2013,84910689.47,"Onions and shallots, dry (excluding dehydrated)","no"
NA,"World","Vegetables","Production","t",2014,89548424.53,"Onions and shallots, dry (excluding dehydrated)","no"
NA,"World","Vegetables","Production","t",2015,91689269.64,"Onions and shallots, dry (excluding dehydrated)","no"
NA,"World","Vegetables","Production","t",2016,94961918.39,"Onions and shallots, dry (excluding dehydrated)","no"
NA,"World","Vegetables","Production","t",2017,97200087.67,"Onions and shallots, dry (excluding dehydrated)","no"
NA,"World","Vegetables","Production","t",2018,97516661.48,"Onions and shallots, dry (excluding dehydrated)","no"
NA,"World","Vegetables","Production","t",2019,99783610.54,"Onions and shallots, dry (excluding dehydrated)","no"
NA,"World","Vegetables","Production","t",2020,104722435.73,"Onions and shallots, dry (excluding dehydrated)","no"
NA,"World","Vegetables","Production","t",2021,107957595.45,"Onions and shallots, dry (excluding dehydrated)","no"
NA,"World","Vegetables","Production","t",2022,111503046.58,"Onions and shallots, dry (excluding dehydrated)","no"
NA,"World","Vegetables","Production","t",2023,111273599.9,"Onions and shallots, dry (excluding dehydrated)","no"
NA,"World","Vegetables","Area harvested","ha",1992,162670,"Onions and shallots, green","no"
NA,"World","Vegetables","Area harvested","ha",1993,161257,"Onions and shallots, green","no"
NA,"World","Vegetables","Area harvested","ha",1994,165082,"Onions and shallots, green","no"
NA,"World","Vegetables","Area harvested","ha",1995,172435,"Onions and shallots, green","no"
NA,"World","Vegetables","Area harvested","ha",1996,173845,"Onions and shallots, green","no"
NA,"World","Vegetables","Area harvested","ha",1997,184840,"Onions and shallots, green","no"
NA,"World","Vegetables","Area harvested","ha",1998,180894,"Onions and shallots, green","no"
NA,"World","Vegetables","Area harvested","ha",1999,179578,"Onions and shallots, green","no"
NA,"World","Vegetables","Area harvested","ha",2000,189382,"Onions and shallots, green","no"
NA,"World","Vegetables","Area harvested","ha",2001,215824,"Onions and shallots, green","no"
NA,"World","Vegetables","Area harvested","ha",2002,215229,"Onions and shallots, green","no"
NA,"World","Vegetables","Area harvested","ha",2003,213988,"Onions and shallots, green","no"
NA,"World","Vegetables","Area harvested","ha",2004,226945,"Onions and shallots, green","no"
NA,"World","Vegetables","Area harvested","ha",2005,224374,"Onions and shallots, green","no"
NA,"World","Vegetables","Area harvested","ha",2006,229615,"Onions and shallots, green","no"
NA,"World","Vegetables","Area harvested","ha",2007,230537,"Onions and shallots, green","no"
NA,"World","Vegetables","Area harvested","ha",2008,233468,"Onions and shallots, green","no"
NA,"World","Vegetables","Area harvested","ha",2009,235134,"Onions and shallots, green","no"
NA,"World","Vegetables","Area harvested","ha",2010,233126,"Onions and shallots, green","no"
NA,"World","Vegetables","Area harvested","ha",2011,240078,"Onions and shallots, green","no"
NA,"World","Vegetables","Area harvested","ha",2012,238274,"Onions and shallots, green","no"
NA,"World","Vegetables","Area harvested","ha",2013,235929,"Onions and shallots, green","no"
NA,"World","Vegetables","Area harvested","ha",2014,222525,"Onions and shallots, green","no"
NA,"World","Vegetables","Area harvested","ha",2015,224015,"Onions and shallots, green","no"
NA,"World","Vegetables","Area harvested","ha",2016,231998,"Onions and shallots, green","no"
NA,"World","Vegetables","Area harvested","ha",2017,241975,"Onions and shallots, green","no"
NA,"World","Vegetables","Area harvested","ha",2018,238269,"Onions and shallots, green","no"
NA,"World","Vegetables","Area harvested","ha",2019,228131,"Onions and shallots, green","no"
NA,"World","Vegetables","Area harvested","ha",2020,226747,"Onions and shallots, green","no"
NA,"World","Vegetables","Area harvested","ha",2021,228487,"Onions and shallots, green","no"
NA,"World","Vegetables","Area harvested","ha",2022,226167,"Onions and shallots, green","no"
NA,"World","Vegetables","Area harvested","ha",2023,224593,"Onions and shallots, green","no"
NA,"World","Vegetables","Yield","kg/ha",1992,17376.4,"Onions and shallots, green","no"
NA,"World","Vegetables","Yield","kg/ha",1993,17980.9,"Onions and shallots, green","no"
NA,"World","Vegetables","Yield","kg/ha",1994,19075.9,"Onions and shallots, green","no"
NA,"World","Vegetables","Yield","kg/ha",1995,18928.1,"Onions and shallots, green","no"
NA,"World","Vegetables","Yield","kg/ha",1996,18917.9,"Onions and shallots, green","no"
NA,"World","Vegetables","Yield","kg/ha",1997,17867.8,"Onions and shallots, green","no"
NA,"World","Vegetables","Yield","kg/ha",1998,17778.4,"Onions and shallots, green","no"
NA,"World","Vegetables","Yield","kg/ha",1999,19007,"Onions and shallots, green","no"
NA,"World","Vegetables","Yield","kg/ha",2000,19399.6,"Onions and shallots, green","no"
NA,"World","Vegetables","Yield","kg/ha",2001,18369.2,"Onions and shallots, green","no"
NA,"World","Vegetables","Yield","kg/ha",2002,18843.8,"Onions and shallots, green","no"
NA,"World","Vegetables","Yield","kg/ha",2003,19300.3,"Onions and shallots, green","no"
NA,"World","Vegetables","Yield","kg/ha",2004,19560.3,"Onions and shallots, green","no"
NA,"World","Vegetables","Yield","kg/ha",2005,18738.3,"Onions and shallots, green","no"
NA,"World","Vegetables","Yield","kg/ha",2006,19948.2,"Onions and shallots, green","no"
NA,"World","Vegetables","Yield","kg/ha",2007,19644.8,"Onions and shallots, green","no"
NA,"World","Vegetables","Yield","kg/ha",2008,20201.6,"Onions and shallots, green","no"
NA,"World","Vegetables","Yield","kg/ha",2009,20213.1,"Onions and shallots, green","no"
NA,"World","Vegetables","Yield","kg/ha",2010,20210.9,"Onions and shallots, green","no"
NA,"World","Vegetables","Yield","kg/ha",2011,20568.8,"Onions and shallots, green","no"
NA,"World","Vegetables","Yield","kg/ha",2012,20569.1,"Onions and shallots, green","no"
NA,"World","Vegetables","Yield","kg/ha",2013,21072.5,"Onions and shallots, green","no"
NA,"World","Vegetables","Yield","kg/ha",2014,21493.9,"Onions and shallots, green","no"
NA,"World","Vegetables","Yield","kg/ha",2015,21922.5,"Onions and shallots, green","no"
NA,"World","Vegetables","Yield","kg/ha",2016,21744,"Onions and shallots, green","no"
NA,"World","Vegetables","Yield","kg/ha",2017,21457,"Onions and shallots, green","no"
NA,"World","Vegetables","Yield","kg/ha",2018,21417.5,"Onions and shallots, green","no"
NA,"World","Vegetables","Yield","kg/ha",2019,21460,"Onions and shallots, green","no"
NA,"World","Vegetables","Yield","kg/ha",2020,22308.7,"Onions and shallots, green","no"
NA,"World","Vegetables","Yield","kg/ha",2021,22309.9,"Onions and shallots, green","no"
NA,"World","Vegetables","Yield","kg/ha",2022,21620.5,"Onions and shallots, green","no"
NA,"World","Vegetables","Yield","kg/ha",2023,22566.7,"Onions and shallots, green","no"
NA,"World","Vegetables","Production","t",1992,2826619.67,"Onions and shallots, green","no"
NA,"World","Vegetables","Production","t",1993,2899547.6,"Onions and shallots, green","no"
NA,"World","Vegetables","Production","t",1994,3149095.83,"Onions and shallots, green","no"
NA,"World","Vegetables","Production","t",1995,3263875.53,"Onions and shallots, green","no"
NA,"World","Vegetables","Production","t",1996,3288769.45,"Onions and shallots, green","no"
NA,"World","Vegetables","Production","t",1997,3302685.47,"Onions and shallots, green","no"
NA,"World","Vegetables","Production","t",1998,3215995.73,"Onions and shallots, green","no"
NA,"World","Vegetables","Production","t",1999,3413233.45,"Onions and shallots, green","no"
NA,"World","Vegetables","Production","t",2000,3673944.04,"Onions and shallots, green","no"
NA,"World","Vegetables","Production","t",2001,3964500.23,"Onions and shallots, green","no"
NA,"World","Vegetables","Production","t",2002,4055732.05,"Onions and shallots, green","no"
NA,"World","Vegetables","Production","t",2003,4130038.61,"Onions and shallots, green","no"
NA,"World","Vegetables","Production","t",2004,4439112.31,"Onions and shallots, green","no"
NA,"World","Vegetables","Production","t",2005,4204383.5,"Onions and shallots, green","no"
NA,"World","Vegetables","Production","t",2006,4580416.28,"Onions and shallots, green","no"
NA,"World","Vegetables","Production","t",2007,4528855.56,"Onions and shallots, green","no"
NA,"World","Vegetables","Production","t",2008,4716410.36,"Onions and shallots, green","no"
NA,"World","Vegetables","Production","t",2009,4752801.29,"Onions and shallots, green","no"
NA,"World","Vegetables","Production","t",2010,4711670.2,"Onions and shallots, green","no"
NA,"World","Vegetables","Production","t",2011,4938114.94,"Onions and shallots, green","no"
NA,"World","Vegetables","Production","t",2012,4901081.15,"Onions and shallots, green","no"
NA,"World","Vegetables","Production","t",2013,4971597.37,"Onions and shallots, green","no"
NA,"World","Vegetables","Production","t",2014,4782919.3,"Onions and shallots, green","no"
NA,"World","Vegetables","Production","t",2015,4910968.12,"Onions and shallots, green","no"
NA,"World","Vegetables","Production","t",2016,5044563.03,"Onions and shallots, green","no"
NA,"World","Vegetables","Production","t",2017,5192060.88,"Onions and shallots, green","no"
NA,"World","Vegetables","Production","t",2018,5103141.36,"Onions and shallots, green","no"
NA,"World","Vegetables","Production","t",2019,4895688.54,"Onions and shallots, green","no"
NA,"World","Vegetables","Production","t",2020,5058417.05,"Onions and shallots, green","no"
NA,"World","Vegetables","Production","t",2021,5097526.56,"Onions and shallots, green","no"
NA,"World","Vegetables","Production","t",2022,4889848.65,"Onions and shallots, green","no"
NA,"World","Vegetables","Production","t",2023,5068323.93,"Onions and shallots, green","no"
NA,"World","Fruits and nuts","Area harvested","ha",1992,3235547,"Oranges","no"
NA,"World","Fruits and nuts","Area harvested","ha",1993,3146640,"Oranges","no"
NA,"World","Fruits and nuts","Area harvested","ha",1994,3346134,"Oranges","no"
NA,"World","Fruits and nuts","Area harvested","ha",1995,3393441,"Oranges","no"
NA,"World","Fruits and nuts","Area harvested","ha",1996,3624388,"Oranges","no"
NA,"World","Fruits and nuts","Area harvested","ha",1997,3707429,"Oranges","no"
NA,"World","Fruits and nuts","Area harvested","ha",1998,3567911,"Oranges","no"
NA,"World","Fruits and nuts","Area harvested","ha",1999,3632832,"Oranges","no"
NA,"World","Fruits and nuts","Area harvested","ha",2000,3529207,"Oranges","no"
NA,"World","Fruits and nuts","Area harvested","ha",2001,3476528,"Oranges","no"
NA,"World","Fruits and nuts","Area harvested","ha",2002,3534039,"Oranges","no"
NA,"World","Fruits and nuts","Area harvested","ha",2003,3534950,"Oranges","no"
NA,"World","Fruits and nuts","Area harvested","ha",2004,3665261,"Oranges","no"
NA,"World","Fruits and nuts","Area harvested","ha",2005,3632133,"Oranges","no"
NA,"World","Fruits and nuts","Area harvested","ha",2006,3659340,"Oranges","no"
NA,"World","Fruits and nuts","Area harvested","ha",2007,3812588,"Oranges","no"
NA,"World","Fruits and nuts","Area harvested","ha",2008,3891739,"Oranges","no"
NA,"World","Fruits and nuts","Area harvested","ha",2009,3881915,"Oranges","no"
NA,"World","Fruits and nuts","Area harvested","ha",2010,4049842,"Oranges","no"
NA,"World","Fruits and nuts","Area harvested","ha",2011,3588407,"Oranges","no"
NA,"World","Fruits and nuts","Area harvested","ha",2012,3483159,"Oranges","no"
NA,"World","Fruits and nuts","Area harvested","ha",2013,3664776,"Oranges","no"
NA,"World","Fruits and nuts","Area harvested","ha",2014,3708376,"Oranges","no"
NA,"World","Fruits and nuts","Area harvested","ha",2015,3485090,"Oranges","no"
NA,"World","Fruits and nuts","Area harvested","ha",2016,3447038,"Oranges","no"
NA,"World","Fruits and nuts","Area harvested","ha",2017,3382462,"Oranges","no"
NA,"World","Fruits and nuts","Area harvested","ha",2018,3282628,"Oranges","no"
NA,"World","Fruits and nuts","Area harvested","ha",2019,3336489,"Oranges","no"
NA,"World","Fruits and nuts","Area harvested","ha",2020,3338615,"Oranges","no"
NA,"World","Fruits and nuts","Area harvested","ha",2021,3340986,"Oranges","no"
NA,"World","Fruits and nuts","Area harvested","ha",2022,3376342,"Oranges","no"
NA,"World","Fruits and nuts","Area harvested","ha",2023,3413880,"Oranges","no"
NA,"World","Fruits and nuts","Yield","kg/ha",1992,16351.1,"Oranges","no"
NA,"World","Fruits and nuts","Yield","kg/ha",1993,17212.8,"Oranges","no"
NA,"World","Fruits and nuts","Yield","kg/ha",1994,15975.9,"Oranges","no"
NA,"World","Fruits and nuts","Yield","kg/ha",1995,16823.7,"Oranges","no"
NA,"World","Fruits and nuts","Yield","kg/ha",1996,16379.5,"Oranges","no"
NA,"World","Fruits and nuts","Yield","kg/ha",1997,17319.9,"Oranges","no"
NA,"World","Fruits and nuts","Yield","kg/ha",1998,16918.6,"Oranges","no"
NA,"World","Fruits and nuts","Yield","kg/ha",1999,16618.8,"Oranges","no"
NA,"World","Fruits and nuts","Yield","kg/ha",2000,17708.9,"Oranges","no"
NA,"World","Fruits and nuts","Yield","kg/ha",2001,16927.9,"Oranges","no"
NA,"World","Fruits and nuts","Yield","kg/ha",2002,17221.6,"Oranges","no"
NA,"World","Fruits and nuts","Yield","kg/ha",2003,16579.8,"Oranges","no"
NA,"World","Fruits and nuts","Yield","kg/ha",2004,17341.7,"Oranges","no"
NA,"World","Fruits and nuts","Yield","kg/ha",2005,16908.3,"Oranges","no"
NA,"World","Fruits and nuts","Yield","kg/ha",2006,17401.2,"Oranges","no"
NA,"World","Fruits and nuts","Yield","kg/ha",2007,16846.1,"Oranges","no"
NA,"World","Fruits and nuts","Yield","kg/ha",2008,17400.9,"Oranges","no"
NA,"World","Fruits and nuts","Yield","kg/ha",2009,17236.3,"Oranges","no"
NA,"World","Fruits and nuts","Yield","kg/ha",2010,17083.4,"Oranges","no"
NA,"World","Fruits and nuts","Yield","kg/ha",2011,18936.7,"Oranges","no"
NA,"World","Fruits and nuts","Yield","kg/ha",2012,18895.9,"Oranges","no"
NA,"World","Fruits and nuts","Yield","kg/ha",2013,18807.5,"Oranges","no"
NA,"World","Fruits and nuts","Yield","kg/ha",2014,18202.6,"Oranges","no"
NA,"World","Fruits and nuts","Yield","kg/ha",2015,19408.5,"Oranges","no"
NA,"World","Fruits and nuts","Yield","kg/ha",2016,19581.9,"Oranges","no"
NA,"World","Fruits and nuts","Yield","kg/ha",2017,19992.4,"Oranges","no"
NA,"World","Fruits and nuts","Yield","kg/ha",2018,20356.5,"Oranges","no"
NA,"World","Fruits and nuts","Yield","kg/ha",2019,20553.2,"Oranges","no"
NA,"World","Fruits and nuts","Yield","kg/ha",2020,20452,"Oranges","no"
NA,"World","Fruits and nuts","Yield","kg/ha",2021,20281.8,"Oranges","no"
NA,"World","Fruits and nuts","Yield","kg/ha",2022,20282.1,"Oranges","no"
NA,"World","Fruits and nuts","Yield","kg/ha",2023,20459.3,"Oranges","no"
NA,"World","Fruits and nuts","Production","t",1992,52904667.57,"Oranges","no"
NA,"World","Fruits and nuts","Production","t",1993,54162584.14,"Oranges","no"
NA,"World","Fruits and nuts","Production","t",1994,53457475.23,"Oranges","no"
NA,"World","Fruits and nuts","Production","t",1995,57090104.54,"Oranges","no"
NA,"World","Fruits and nuts","Production","t",1996,59365763.8,"Oranges","no"
NA,"World","Fruits and nuts","Production","t",1997,64212402.13,"Oranges","no"
NA,"World","Fruits and nuts","Production","t",1998,60364176.41,"Oranges","no"
NA,"World","Fruits and nuts","Production","t",1999,60373398.65,"Oranges","no"
NA,"World","Fruits and nuts","Production","t",2000,62498219.28,"Oranges","no"
NA,"World","Fruits and nuts","Production","t",2001,58850341.61,"Oranges","no"
NA,"World","Fruits and nuts","Production","t",2002,60861749.11,"Oranges","no"
NA,"World","Fruits and nuts","Production","t",2003,58608797.94,"Oranges","no"
NA,"World","Fruits and nuts","Production","t",2004,63561791.13,"Oranges","no"
NA,"World","Fruits and nuts","Production","t",2005,61413362.26,"Oranges","no"
NA,"World","Fruits and nuts","Production","t",2006,63676757.05,"Oranges","no"
NA,"World","Fruits and nuts","Production","t",2007,64227333.52,"Oranges","no"
NA,"World","Fruits and nuts","Production","t",2008,67719900.85,"Oranges","no"
NA,"World","Fruits and nuts","Production","t",2009,66910005.05,"Oranges","no"
NA,"World","Fruits and nuts","Production","t",2010,69185056.16,"Oranges","no"
NA,"World","Fruits and nuts","Production","t",2011,67952557.78,"Oranges","no"
NA,"World","Fruits and nuts","Production","t",2012,65817320.55,"Oranges","no"
NA,"World","Fruits and nuts","Production","t",2013,68925295.5,"Oranges","no"
NA,"World","Fruits and nuts","Production","t",2014,67501955.39,"Oranges","no"
NA,"World","Fruits and nuts","Production","t",2015,67640363,"Oranges","no"
NA,"World","Fruits and nuts","Production","t",2016,67499448.92,"Oranges","no"
NA,"World","Fruits and nuts","Production","t",2017,67623509.51,"Oranges","no"
NA,"World","Fruits and nuts","Production","t",2018,66822925.44,"Oranges","no"
NA,"World","Fruits and nuts","Production","t",2019,68575511.02,"Oranges","no"
NA,"World","Fruits and nuts","Production","t",2020,68281504.17,"Oranges","no"
NA,"World","Fruits and nuts","Production","t",2021,67761055.16,"Oranges","no"
NA,"World","Fruits and nuts","Production","t",2022,68479157.36,"Oranges","no"
NA,"World","Fruits and nuts","Production","t",2023,69845563.99,"Oranges","no"
NA,"World","Vegetables","Area harvested","ha",1992,1035623,"Other beans, green","no"
NA,"World","Vegetables","Area harvested","ha",1993,980240,"Other beans, green","no"
NA,"World","Vegetables","Area harvested","ha",1994,1013384,"Other beans, green","no"
NA,"World","Vegetables","Area harvested","ha",1995,1246518,"Other beans, green","no"
NA,"World","Vegetables","Area harvested","ha",1996,1263162,"Other beans, green","no"
NA,"World","Vegetables","Area harvested","ha",1997,1285368,"Other beans, green","no"
NA,"World","Vegetables","Area harvested","ha",1998,1289242,"Other beans, green","no"
NA,"World","Vegetables","Area harvested","ha",1999,1308179,"Other beans, green","no"
NA,"World","Vegetables","Area harvested","ha",2000,1356665,"Other beans, green","no"
NA,"World","Vegetables","Area harvested","ha",2001,1408563,"Other beans, green","no"
NA,"World","Vegetables","Area harvested","ha",2002,1424033,"Other beans, green","no"
NA,"World","Vegetables","Area harvested","ha",2003,1427739,"Other beans, green","no"
NA,"World","Vegetables","Area harvested","ha",2004,1397542,"Other beans, green","no"
NA,"World","Vegetables","Area harvested","ha",2005,1410004,"Other beans, green","no"
NA,"World","Vegetables","Area harvested","ha",2006,1436586,"Other beans, green","no"
NA,"World","Vegetables","Area harvested","ha",2007,1441210,"Other beans, green","no"
NA,"World","Vegetables","Area harvested","ha",2008,1441533,"Other beans, green","no"
NA,"World","Vegetables","Area harvested","ha",2009,1442723,"Other beans, green","no"
NA,"World","Vegetables","Area harvested","ha",2010,1484357,"Other beans, green","no"
NA,"World","Vegetables","Area harvested","ha",2011,1495621,"Other beans, green","no"
NA,"World","Vegetables","Area harvested","ha",2012,1498887,"Other beans, green","no"
NA,"World","Vegetables","Area harvested","ha",2013,1520711,"Other beans, green","no"
NA,"World","Vegetables","Area harvested","ha",2014,1503466,"Other beans, green","no"
NA,"World","Vegetables","Area harvested","ha",2015,1567086,"Other beans, green","no"
NA,"World","Vegetables","Area harvested","ha",2016,1529446,"Other beans, green","no"
NA,"World","Vegetables","Area harvested","ha",2017,1542277,"Other beans, green","no"
NA,"World","Vegetables","Area harvested","ha",2018,1559657,"Other beans, green","no"
NA,"World","Vegetables","Area harvested","ha",2019,1558247,"Other beans, green","no"
NA,"World","Vegetables","Area harvested","ha",2020,1575898,"Other beans, green","no"
NA,"World","Vegetables","Area harvested","ha",2021,1590666,"Other beans, green","no"
NA,"World","Vegetables","Area harvested","ha",2022,1580928,"Other beans, green","no"
NA,"World","Vegetables","Area harvested","ha",2023,1574268,"Other beans, green","no"
NA,"World","Vegetables","Yield","kg/ha",1992,6415.6,"Other beans, green","no"
NA,"World","Vegetables","Yield","kg/ha",1993,6910.6,"Other beans, green","no"
NA,"World","Vegetables","Yield","kg/ha",1994,6785.6,"Other beans, green","no"
NA,"World","Vegetables","Yield","kg/ha",1995,6792.3,"Other beans, green","no"
NA,"World","Vegetables","Yield","kg/ha",1996,6915.6,"Other beans, green","no"
NA,"World","Vegetables","Yield","kg/ha",1997,6874.7,"Other beans, green","no"
NA,"World","Vegetables","Yield","kg/ha",1998,7031,"Other beans, green","no"
NA,"World","Vegetables","Yield","kg/ha",1999,7239.7,"Other beans, green","no"
NA,"World","Vegetables","Yield","kg/ha",2000,7193.3,"Other beans, green","no"
NA,"World","Vegetables","Yield","kg/ha",2001,7686.9,"Other beans, green","no"
NA,"World","Vegetables","Yield","kg/ha",2002,8118,"Other beans, green","no"
NA,"World","Vegetables","Yield","kg/ha",2003,8931.2,"Other beans, green","no"
NA,"World","Vegetables","Yield","kg/ha",2004,9762.5,"Other beans, green","no"
NA,"World","Vegetables","Yield","kg/ha",2005,10883.7,"Other beans, green","no"
NA,"World","Vegetables","Yield","kg/ha",2006,11917.6,"Other beans, green","no"
NA,"World","Vegetables","Yield","kg/ha",2007,12433.7,"Other beans, green","no"
NA,"World","Vegetables","Yield","kg/ha",2008,13077.9,"Other beans, green","no"
NA,"World","Vegetables","Yield","kg/ha",2009,13212.9,"Other beans, green","no"
NA,"World","Vegetables","Yield","kg/ha",2010,13272.2,"Other beans, green","no"
NA,"World","Vegetables","Yield","kg/ha",2011,13429.3,"Other beans, green","no"
NA,"World","Vegetables","Yield","kg/ha",2012,13869.5,"Other beans, green","no"
NA,"World","Vegetables","Yield","kg/ha",2013,14031.1,"Other beans, green","no"
NA,"World","Vegetables","Yield","kg/ha",2014,14429.8,"Other beans, green","no"
NA,"World","Vegetables","Yield","kg/ha",2015,15234,"Other beans, green","no"
NA,"World","Vegetables","Yield","kg/ha",2016,14619,"Other beans, green","no"
NA,"World","Vegetables","Yield","kg/ha",2017,14860.3,"Other beans, green","no"
NA,"World","Vegetables","Yield","kg/ha",2018,15016.8,"Other beans, green","no"
NA,"World","Vegetables","Yield","kg/ha",2019,15205.1,"Other beans, green","no"
NA,"World","Vegetables","Yield","kg/ha",2020,14887.5,"Other beans, green","no"
NA,"World","Vegetables","Yield","kg/ha",2021,14882.4,"Other beans, green","no"
NA,"World","Vegetables","Yield","kg/ha",2022,14913.8,"Other beans, green","no"
NA,"World","Vegetables","Yield","kg/ha",2023,14911.8,"Other beans, green","no"
NA,"World","Vegetables","Production","t",1992,6644189.95,"Other beans, green","no"
NA,"World","Vegetables","Production","t",1993,6774015.41,"Other beans, green","no"
NA,"World","Vegetables","Production","t",1994,6876408.23,"Other beans, green","no"
NA,"World","Vegetables","Production","t",1995,8466675.26,"Other beans, green","no"
NA,"World","Vegetables","Production","t",1996,8735560.91,"Other beans, green","no"
NA,"World","Vegetables","Production","t",1997,8836576.76,"Other beans, green","no"
NA,"World","Vegetables","Production","t",1998,9064640.45,"Other beans, green","no"
NA,"World","Vegetables","Production","t",1999,9470860.47,"Other beans, green","no"
NA,"World","Vegetables","Production","t",2000,9758890.02,"Other beans, green","no"
NA,"World","Vegetables","Production","t",2001,10827526.94,"Other beans, green","no"
NA,"World","Vegetables","Production","t",2002,11560240.56,"Other beans, green","no"
NA,"World","Vegetables","Production","t",2003,12751474.47,"Other beans, green","no"
NA,"World","Vegetables","Production","t",2004,13643493.68,"Other beans, green","no"
NA,"World","Vegetables","Production","t",2005,15346066.75,"Other beans, green","no"
NA,"World","Vegetables","Production","t",2006,17120720.6,"Other beans, green","no"
NA,"World","Vegetables","Production","t",2007,17919519.51,"Other beans, green","no"
NA,"World","Vegetables","Production","t",2008,18852182.56,"Other beans, green","no"
NA,"World","Vegetables","Production","t",2009,19062626.21,"Other beans, green","no"
NA,"World","Vegetables","Production","t",2010,19700676.51,"Other beans, green","no"
NA,"World","Vegetables","Production","t",2011,20085192.49,"Other beans, green","no"
NA,"World","Vegetables","Production","t",2012,20788829.46,"Other beans, green","no"
NA,"World","Vegetables","Production","t",2013,21337309.71,"Other beans, green","no"
NA,"World","Vegetables","Production","t",2014,21694659.42,"Other beans, green","no"
NA,"World","Vegetables","Production","t",2015,23873007.96,"Other beans, green","no"
NA,"World","Vegetables","Production","t",2016,22358961.74,"Other beans, green","no"
NA,"World","Vegetables","Production","t",2017,22918768.59,"Other beans, green","no"
NA,"World","Vegetables","Production","t",2018,23421089.18,"Other beans, green","no"
NA,"World","Vegetables","Production","t",2019,23693323.41,"Other beans, green","no"
NA,"World","Vegetables","Production","t",2020,23461104.29,"Other beans, green","no"
NA,"World","Vegetables","Production","t",2021,23672992.54,"Other beans, green","no"
NA,"World","Vegetables","Production","t",2022,23577635.57,"Other beans, green","no"
NA,"World","Vegetables","Production","t",2023,23475187.76,"Other beans, green","no"
NA,"World","Fruits and nuts","Area harvested","ha",1992,66643,"Other berries and fruits of the genus vaccinium n.e.c.","no"
NA,"World","Fruits and nuts","Area harvested","ha",1993,71145,"Other berries and fruits of the genus vaccinium n.e.c.","no"
NA,"World","Fruits and nuts","Area harvested","ha",1994,74558,"Other berries and fruits of the genus vaccinium n.e.c.","no"
NA,"World","Fruits and nuts","Area harvested","ha",1995,75493,"Other berries and fruits of the genus vaccinium n.e.c.","no"
NA,"World","Fruits and nuts","Area harvested","ha",1996,74403,"Other berries and fruits of the genus vaccinium n.e.c.","no"
NA,"World","Fruits and nuts","Area harvested","ha",1997,72938,"Other berries and fruits of the genus vaccinium n.e.c.","no"
NA,"World","Fruits and nuts","Area harvested","ha",1998,75357,"Other berries and fruits of the genus vaccinium n.e.c.","no"
NA,"World","Fruits and nuts","Area harvested","ha",1999,76645,"Other berries and fruits of the genus vaccinium n.e.c.","no"
NA,"World","Fruits and nuts","Area harvested","ha",2000,78630,"Other berries and fruits of the genus vaccinium n.e.c.","no"
NA,"World","Fruits and nuts","Area harvested","ha",2001,82258,"Other berries and fruits of the genus vaccinium n.e.c.","no"
NA,"World","Fruits and nuts","Area harvested","ha",2002,84329,"Other berries and fruits of the genus vaccinium n.e.c.","no"
NA,"World","Fruits and nuts","Area harvested","ha",2003,93934,"Other berries and fruits of the genus vaccinium n.e.c.","no"
NA,"World","Fruits and nuts","Area harvested","ha",2004,93161,"Other berries and fruits of the genus vaccinium n.e.c.","no"
NA,"World","Fruits and nuts","Area harvested","ha",2005,97614,"Other berries and fruits of the genus vaccinium n.e.c.","no"
NA,"World","Fruits and nuts","Area harvested","ha",2006,100804,"Other berries and fruits of the genus vaccinium n.e.c.","no"
NA,"World","Fruits and nuts","Area harvested","ha",2007,102984,"Other berries and fruits of the genus vaccinium n.e.c.","no"
NA,"World","Fruits and nuts","Area harvested","ha",2008,105624,"Other berries and fruits of the genus vaccinium n.e.c.","no"
NA,"World","Fruits and nuts","Area harvested","ha",2009,104486,"Other berries and fruits of the genus vaccinium n.e.c.","no"
NA,"World","Fruits and nuts","Area harvested","ha",2010,113311,"Other berries and fruits of the genus vaccinium n.e.c.","no"
NA,"World","Fruits and nuts","Area harvested","ha",2011,115313,"Other berries and fruits of the genus vaccinium n.e.c.","no"
NA,"World","Fruits and nuts","Area harvested","ha",2012,117748,"Other berries and fruits of the genus vaccinium n.e.c.","no"
NA,"World","Fruits and nuts","Area harvested","ha",2013,119409,"Other berries and fruits of the genus vaccinium n.e.c.","no"
NA,"World","Fruits and nuts","Area harvested","ha",2014,121311,"Other berries and fruits of the genus vaccinium n.e.c.","no"
NA,"World","Fruits and nuts","Area harvested","ha",2015,120544,"Other berries and fruits of the genus vaccinium n.e.c.","no"
NA,"World","Fruits and nuts","Area harvested","ha",2016,133817,"Other berries and fruits of the genus vaccinium n.e.c.","no"
NA,"World","Fruits and nuts","Area harvested","ha",2017,152509,"Other berries and fruits of the genus vaccinium n.e.c.","no"
NA,"World","Fruits and nuts","Area harvested","ha",2018,142153,"Other berries and fruits of the genus vaccinium n.e.c.","no"
NA,"World","Fruits and nuts","Area harvested","ha",2019,149313,"Other berries and fruits of the genus vaccinium n.e.c.","no"
NA,"World","Fruits and nuts","Area harvested","ha",2020,152693,"Other berries and fruits of the genus vaccinium n.e.c.","no"
NA,"World","Fruits and nuts","Area harvested","ha",2021,146906,"Other berries and fruits of the genus vaccinium n.e.c.","no"
NA,"World","Fruits and nuts","Area harvested","ha",2022,148129,"Other berries and fruits of the genus vaccinium n.e.c.","no"
NA,"World","Fruits and nuts","Area harvested","ha",2023,150830,"Other berries and fruits of the genus vaccinium n.e.c.","no"
NA,"World","Fruits and nuts","Yield","kg/ha",1992,7713.8,"Other berries and fruits of the genus vaccinium n.e.c.","no"
NA,"World","Fruits and nuts","Yield","kg/ha",1993,7158.9,"Other berries and fruits of the genus vaccinium n.e.c.","no"
NA,"World","Fruits and nuts","Yield","kg/ha",1994,6961.4,"Other berries and fruits of the genus vaccinium n.e.c.","no"
NA,"World","Fruits and nuts","Yield","kg/ha",1995,6875.1,"Other berries and fruits of the genus vaccinium n.e.c.","no"
NA,"World","Fruits and nuts","Yield","kg/ha",1996,6727.2,"Other berries and fruits of the genus vaccinium n.e.c.","no"
NA,"World","Fruits and nuts","Yield","kg/ha",1997,6773.5,"Other berries and fruits of the genus vaccinium n.e.c.","no"
NA,"World","Fruits and nuts","Yield","kg/ha",1998,6458.7,"Other berries and fruits of the genus vaccinium n.e.c.","no"
NA,"World","Fruits and nuts","Yield","kg/ha",1999,6434.9,"Other berries and fruits of the genus vaccinium n.e.c.","no"
NA,"World","Fruits and nuts","Yield","kg/ha",2000,6702.1,"Other berries and fruits of the genus vaccinium n.e.c.","no"
NA,"World","Fruits and nuts","Yield","kg/ha",2001,6695.5,"Other berries and fruits of the genus vaccinium n.e.c.","no"
NA,"World","Fruits and nuts","Yield","kg/ha",2002,6569.5,"Other berries and fruits of the genus vaccinium n.e.c.","no"
NA,"World","Fruits and nuts","Yield","kg/ha",2003,6921.1,"Other berries and fruits of the genus vaccinium n.e.c.","no"
NA,"World","Fruits and nuts","Yield","kg/ha",2004,6864.9,"Other berries and fruits of the genus vaccinium n.e.c.","no"
NA,"World","Fruits and nuts","Yield","kg/ha",2005,7061.6,"Other berries and fruits of the genus vaccinium n.e.c.","no"
NA,"World","Fruits and nuts","Yield","kg/ha",2006,6844.3,"Other berries and fruits of the genus vaccinium n.e.c.","no"
NA,"World","Fruits and nuts","Yield","kg/ha",2007,7076.3,"Other berries and fruits of the genus vaccinium n.e.c.","no"
NA,"World","Fruits and nuts","Yield","kg/ha",2008,7680.2,"Other berries and fruits of the genus vaccinium n.e.c.","no"
NA,"World","Fruits and nuts","Yield","kg/ha",2009,7622.3,"Other berries and fruits of the genus vaccinium n.e.c.","no"
NA,"World","Fruits and nuts","Yield","kg/ha",2010,6627.9,"Other berries and fruits of the genus vaccinium n.e.c.","no"
NA,"World","Fruits and nuts","Yield","kg/ha",2011,7141.8,"Other berries and fruits of the genus vaccinium n.e.c.","no"
NA,"World","Fruits and nuts","Yield","kg/ha",2012,7104,"Other berries and fruits of the genus vaccinium n.e.c.","no"
NA,"World","Fruits and nuts","Yield","kg/ha",2013,6931.5,"Other berries and fruits of the genus vaccinium n.e.c.","no"
NA,"World","Fruits and nuts","Yield","kg/ha",2014,6854.7,"Other berries and fruits of the genus vaccinium n.e.c.","no"
NA,"World","Fruits and nuts","Yield","kg/ha",2015,6426.1,"Other berries and fruits of the genus vaccinium n.e.c.","no"
NA,"World","Fruits and nuts","Yield","kg/ha",2016,7014.2,"Other berries and fruits of the genus vaccinium n.e.c.","no"
NA,"World","Fruits and nuts","Yield","kg/ha",2017,6549,"Other berries and fruits of the genus vaccinium n.e.c.","no"
NA,"World","Fruits and nuts","Yield","kg/ha",2018,7193.3,"Other berries and fruits of the genus vaccinium n.e.c.","no"
NA,"World","Fruits and nuts","Yield","kg/ha",2019,7022.3,"Other berries and fruits of the genus vaccinium n.e.c.","no"
NA,"World","Fruits and nuts","Yield","kg/ha",2020,6644.7,"Other berries and fruits of the genus vaccinium n.e.c.","no"
NA,"World","Fruits and nuts","Yield","kg/ha",2021,7010.6,"Other berries and fruits of the genus vaccinium n.e.c.","no"
NA,"World","Fruits and nuts","Yield","kg/ha",2022,7047.9,"Other berries and fruits of the genus vaccinium n.e.c.","no"
NA,"World","Fruits and nuts","Yield","kg/ha",2023,6909.3,"Other berries and fruits of the genus vaccinium n.e.c.","no"
NA,"World","Fruits and nuts","Production","t",1992,514072.9,"Other berries and fruits of the genus vaccinium n.e.c.","no"
NA,"World","Fruits and nuts","Production","t",1993,509321.53,"Other berries and fruits of the genus vaccinium n.e.c.","no"
NA,"World","Fruits and nuts","Production","t",1994,519025.84,"Other berries and fruits of the genus vaccinium n.e.c.","no"
NA,"World","Fruits and nuts","Production","t",1995,519023.28,"Other berries and fruits of the genus vaccinium n.e.c.","no"
NA,"World","Fruits and nuts","Production","t",1996,500521.75,"Other berries and fruits of the genus vaccinium n.e.c.","no"
NA,"World","Fruits and nuts","Production","t",1997,494041.59,"Other berries and fruits of the genus vaccinium n.e.c.","no"
NA,"World","Fruits and nuts","Production","t",1998,486703.56,"Other berries and fruits of the genus vaccinium n.e.c.","no"
NA,"World","Fruits and nuts","Production","t",1999,493205.87,"Other berries and fruits of the genus vaccinium n.e.c.","no"
NA,"World","Fruits and nuts","Production","t",2000,526985.17,"Other berries and fruits of the genus vaccinium n.e.c.","no"
NA,"World","Fruits and nuts","Production","t",2001,550762.06,"Other berries and fruits of the genus vaccinium n.e.c.","no"
NA,"World","Fruits and nuts","Production","t",2002,553999.58,"Other berries and fruits of the genus vaccinium n.e.c.","no"
NA,"World","Fruits and nuts","Production","t",2003,650131.23,"Other berries and fruits of the genus vaccinium n.e.c.","no"
NA,"World","Fruits and nuts","Production","t",2004,639542.05,"Other berries and fruits of the genus vaccinium n.e.c.","no"
NA,"World","Fruits and nuts","Production","t",2005,689313.47,"Other berries and fruits of the genus vaccinium n.e.c.","no"
NA,"World","Fruits and nuts","Production","t",2006,689938.65,"Other berries and fruits of the genus vaccinium n.e.c.","no"
NA,"World","Fruits and nuts","Production","t",2007,728745.58,"Other berries and fruits of the genus vaccinium n.e.c.","no"
NA,"World","Fruits and nuts","Production","t",2008,811211.46,"Other berries and fruits of the genus vaccinium n.e.c.","no"
NA,"World","Fruits and nuts","Production","t",2009,796425,"Other berries and fruits of the genus vaccinium n.e.c.","no"
NA,"World","Fruits and nuts","Production","t",2010,751016.9,"Other berries and fruits of the genus vaccinium n.e.c.","no"
NA,"World","Fruits and nuts","Production","t",2011,823551.13,"Other berries and fruits of the genus vaccinium n.e.c.","no"
NA,"World","Fruits and nuts","Production","t",2012,836475.51,"Other berries and fruits of the genus vaccinium n.e.c.","no"
NA,"World","Fruits and nuts","Production","t",2013,827688.36,"Other berries and fruits of the genus vaccinium n.e.c.","no"
NA,"World","Fruits and nuts","Production","t",2014,831546.37,"Other berries and fruits of the genus vaccinium n.e.c.","no"
NA,"World","Fruits and nuts","Production","t",2015,774625.39,"Other berries and fruits of the genus vaccinium n.e.c.","no"
NA,"World","Fruits and nuts","Production","t",2016,938624.57,"Other berries and fruits of the genus vaccinium n.e.c.","no"
NA,"World","Fruits and nuts","Production","t",2017,998780.06,"Other berries and fruits of the genus vaccinium n.e.c.","no"
NA,"World","Fruits and nuts","Production","t",2018,1022545.01,"Other berries and fruits of the genus vaccinium n.e.c.","no"
NA,"World","Fruits and nuts","Production","t",2019,1048519.66,"Other berries and fruits of the genus vaccinium n.e.c.","no"
NA,"World","Fruits and nuts","Production","t",2020,1014604.06,"Other berries and fruits of the genus vaccinium n.e.c.","no"
NA,"World","Fruits and nuts","Production","t",2021,1029895.75,"Other berries and fruits of the genus vaccinium n.e.c.","no"
NA,"World","Fruits and nuts","Production","t",2022,1043990.14,"Other berries and fruits of the genus vaccinium n.e.c.","no"
NA,"World","Fruits and nuts","Production","t",2023,1042134.58,"Other berries and fruits of the genus vaccinium n.e.c.","no"
NA,"World","Live animals","Stocks","1000 An",1992,47875,"Other birds","no"
NA,"World","Live animals","Stocks","1000 An",1993,49682,"Other birds","no"
NA,"World","Live animals","Stocks","1000 An",1994,54145,"Other birds","no"
NA,"World","Live animals","Stocks","1000 An",1995,57909,"Other birds","no"
NA,"World","Live animals","Stocks","1000 An",1996,56031,"Other birds","no"
NA,"World","Live animals","Stocks","1000 An",1997,57495,"Other birds","no"
NA,"World","Live animals","Stocks","1000 An",1998,32514,"Other birds","no"
NA,"World","Live animals","Stocks","1000 An",1999,32704,"Other birds","no"
NA,"World","Live animals","Stocks","1000 An",2000,32797,"Other birds","no"
NA,"World","Live animals","Stocks","1000 An",2001,32262,"Other birds","no"
NA,"World","Live animals","Stocks","1000 An",2002,32554,"Other birds","no"
NA,"World","Live animals","Stocks","1000 An",2003,32794,"Other birds","no"
NA,"World","Live animals","Stocks","1000 An",2004,32467,"Other birds","no"
NA,"World","Live animals","Stocks","1000 An",2005,31961,"Other birds","no"
NA,"World","Live animals","Stocks","1000 An",2006,32377,"Other birds","no"
NA,"World","Live animals","Stocks","1000 An",2007,32397,"Other birds","no"
NA,"World","Live animals","Stocks","1000 An",2008,32402,"Other birds","no"
NA,"World","Live animals","Stocks","1000 An",2009,32076,"Other birds","no"
NA,"World","Live animals","Stocks","1000 An",2010,31994,"Other birds","no"
NA,"World","Live animals","Stocks","1000 An",2011,31872,"Other birds","no"
NA,"World","Live animals","Stocks","1000 An",2012,31926,"Other birds","no"
NA,"World","Live animals","Stocks","1000 An",2013,31900,"Other birds","no"
NA,"World","Live animals","Stocks","1000 An",2014,31800,"Other birds","no"
NA,"World","Live animals","Stocks","1000 An",2015,30758,"Other birds","no"
NA,"World","Live animals","Stocks","1000 An",2016,30940,"Other birds","no"
NA,"World","Live animals","Stocks","1000 An",2017,29671,"Other birds","no"
NA,"World","Live animals","Stocks","1000 An",2018,26081,"Other birds","no"
NA,"World","Live animals","Stocks","1000 An",2019,26093,"Other birds","no"
NA,"World","Live animals","Stocks","1000 An",2020,25706,"Other birds","no"
NA,"World","Live animals","Stocks","1000 An",2021,24852,"Other birds","no"
NA,"World","Live animals","Stocks","1000 An",2022,24242,"Other birds","no"
NA,"World","Live animals","Stocks","1000 An",2023,23449,"Other birds","no"
NA,"World","Live animals","Stocks","An",1992,5417210,"Other camelids","no"
NA,"World","Live animals","Stocks","An",1993,5423215,"Other camelids","no"
NA,"World","Live animals","Stocks","An",1994,5524184,"Other camelids","no"
NA,"World","Live animals","Stocks","An",1995,5621707,"Other camelids","no"
NA,"World","Live animals","Stocks","An",1996,5624890,"Other camelids","no"
NA,"World","Live animals","Stocks","An",1997,5645742,"Other camelids","no"
NA,"World","Live animals","Stocks","An",1998,5657371,"Other camelids","no"
NA,"World","Live animals","Stocks","An",1999,6096912,"Other camelids","no"
NA,"World","Live animals","Stocks","An",2000,6241029,"Other camelids","no"
NA,"World","Live animals","Stocks","An",2001,6245494,"Other camelids","no"
NA,"World","Live animals","Stocks","An",2002,6541385,"Other camelids","no"
NA,"World","Live animals","Stocks","An",2003,6639860,"Other camelids","no"
NA,"World","Live animals","Stocks","An",2004,6724764,"Other camelids","no"
NA,"World","Live animals","Stocks","An",2005,7252177,"Other camelids","no"
NA,"World","Live animals","Stocks","An",2006,7327884,"Other camelids","no"
NA,"World","Live animals","Stocks","An",2007,7468220,"Other camelids","no"
NA,"World","Live animals","Stocks","An",2008,7550043,"Other camelids","no"
NA,"World","Live animals","Stocks","An",2009,8186207,"Other camelids","no"
NA,"World","Live animals","Stocks","An",2010,8072090,"Other camelids","no"
NA,"World","Live animals","Stocks","An",2011,8626757,"Other camelids","no"
NA,"World","Live animals","Stocks","An",2012,8278679,"Other camelids","no"
NA,"World","Live animals","Stocks","An",2013,8476473,"Other camelids","no"
NA,"World","Live animals","Stocks","An",2014,8821850,"Other camelids","no"
NA,"World","Live animals","Stocks","An",2015,8707413,"Other camelids","no"
NA,"World","Live animals","Stocks","An",2016,8586310,"Other camelids","no"
NA,"World","Live animals","Stocks","An",2017,8493296,"Other camelids","no"
NA,"World","Live animals","Stocks","An",2018,8513894,"Other camelids","no"
NA,"World","Live animals","Stocks","An",2019,8591196,"Other camelids","no"
NA,"World","Live animals","Stocks","An",2020,8587345,"Other camelids","no"
NA,"World","Live animals","Stocks","An",2021,8631322,"Other camelids","no"
NA,"World","Live animals","Stocks","An",2022,8667938,"Other camelids","no"
NA,"World","Live animals","Stocks","An",2023,8660734,"Other camelids","no"
NA,"World","Fruits and nuts","Area harvested","ha",1992,913335,"Other citrus fruit, n.e.c.","no"
NA,"World","Fruits and nuts","Area harvested","ha",1993,945411,"Other citrus fruit, n.e.c.","no"
NA,"World","Fruits and nuts","Area harvested","ha",1994,897294,"Other citrus fruit, n.e.c.","no"
NA,"World","Fruits and nuts","Area harvested","ha",1995,902461,"Other citrus fruit, n.e.c.","no"
NA,"World","Fruits and nuts","Area harvested","ha",1996,922881,"Other citrus fruit, n.e.c.","no"
NA,"World","Fruits and nuts","Area harvested","ha",1997,957931,"Other citrus fruit, n.e.c.","no"
NA,"World","Fruits and nuts","Area harvested","ha",1998,976798,"Other citrus fruit, n.e.c.","no"
NA,"World","Fruits and nuts","Area harvested","ha",1999,1038990,"Other citrus fruit, n.e.c.","no"
NA,"World","Fruits and nuts","Area harvested","ha",2000,1041459,"Other citrus fruit, n.e.c.","no"
NA,"World","Fruits and nuts","Area harvested","ha",2001,1044493,"Other citrus fruit, n.e.c.","no"
NA,"World","Fruits and nuts","Area harvested","ha",2002,1055432,"Other citrus fruit, n.e.c.","no"
NA,"World","Fruits and nuts","Area harvested","ha",2003,1074239,"Other citrus fruit, n.e.c.","no"
NA,"World","Fruits and nuts","Area harvested","ha",2004,1084644,"Other citrus fruit, n.e.c.","no"
NA,"World","Fruits and nuts","Area harvested","ha",2005,1096126,"Other citrus fruit, n.e.c.","no"
NA,"World","Fruits and nuts","Area harvested","ha",2006,1098598,"Other citrus fruit, n.e.c.","no"
NA,"World","Fruits and nuts","Area harvested","ha",2007,1253057,"Other citrus fruit, n.e.c.","no"
NA,"World","Fruits and nuts","Area harvested","ha",2008,1188915,"Other citrus fruit, n.e.c.","no"
NA,"World","Fruits and nuts","Area harvested","ha",2009,1313484,"Other citrus fruit, n.e.c.","no"
NA,"World","Fruits and nuts","Area harvested","ha",2010,1335009,"Other citrus fruit, n.e.c.","no"
NA,"World","Fruits and nuts","Area harvested","ha",2011,1309578,"Other citrus fruit, n.e.c.","no"
NA,"World","Fruits and nuts","Area harvested","ha",2012,1356975,"Other citrus fruit, n.e.c.","no"
NA,"World","Fruits and nuts","Area harvested","ha",2013,1366163,"Other citrus fruit, n.e.c.","no"
NA,"World","Fruits and nuts","Area harvested","ha",2014,1382523,"Other citrus fruit, n.e.c.","no"
NA,"World","Fruits and nuts","Area harvested","ha",2015,1395430,"Other citrus fruit, n.e.c.","no"
NA,"World","Fruits and nuts","Area harvested","ha",2016,1455401,"Other citrus fruit, n.e.c.","no"
NA,"World","Fruits and nuts","Area harvested","ha",2017,1482571,"Other citrus fruit, n.e.c.","no"
NA,"World","Fruits and nuts","Area harvested","ha",2018,1485164,"Other citrus fruit, n.e.c.","no"
NA,"World","Fruits and nuts","Area harvested","ha",2019,1502498,"Other citrus fruit, n.e.c.","no"
NA,"World","Fruits and nuts","Area harvested","ha",2020,1450553,"Other citrus fruit, n.e.c.","no"
NA,"World","Fruits and nuts","Area harvested","ha",2021,1435820,"Other citrus fruit, n.e.c.","no"
NA,"World","Fruits and nuts","Area harvested","ha",2022,1459963,"Other citrus fruit, n.e.c.","no"
NA,"World","Fruits and nuts","Area harvested","ha",2023,1457547,"Other citrus fruit, n.e.c.","no"
NA,"World","Fruits and nuts","Yield","kg/ha",1992,5276.6,"Other citrus fruit, n.e.c.","no"
NA,"World","Fruits and nuts","Yield","kg/ha",1993,5485.4,"Other citrus fruit, n.e.c.","no"
NA,"World","Fruits and nuts","Yield","kg/ha",1994,5536.1,"Other citrus fruit, n.e.c.","no"
NA,"World","Fruits and nuts","Yield","kg/ha",1995,5645.1,"Other citrus fruit, n.e.c.","no"
NA,"World","Fruits and nuts","Yield","kg/ha",1996,5736,"Other citrus fruit, n.e.c.","no"
NA,"World","Fruits and nuts","Yield","kg/ha",1997,6031.2,"Other citrus fruit, n.e.c.","no"
NA,"World","Fruits and nuts","Yield","kg/ha",1998,6132.9,"Other citrus fruit, n.e.c.","no"
NA,"World","Fruits and nuts","Yield","kg/ha",1999,6739.5,"Other citrus fruit, n.e.c.","no"
NA,"World","Fruits and nuts","Yield","kg/ha",2000,6614.5,"Other citrus fruit, n.e.c.","no"
NA,"World","Fruits and nuts","Yield","kg/ha",2001,6858.1,"Other citrus fruit, n.e.c.","no"
NA,"World","Fruits and nuts","Yield","kg/ha",2002,6748.9,"Other citrus fruit, n.e.c.","no"
NA,"World","Fruits and nuts","Yield","kg/ha",2003,6716.6,"Other citrus fruit, n.e.c.","no"
NA,"World","Fruits and nuts","Yield","kg/ha",2004,6871.4,"Other citrus fruit, n.e.c.","no"
NA,"World","Fruits and nuts","Yield","kg/ha",2005,6874.2,"Other citrus fruit, n.e.c.","no"
NA,"World","Fruits and nuts","Yield","kg/ha",2006,6832.3,"Other citrus fruit, n.e.c.","no"
NA,"World","Fruits and nuts","Yield","kg/ha",2007,8583.2,"Other citrus fruit, n.e.c.","no"
NA,"World","Fruits and nuts","Yield","kg/ha",2008,8974.3,"Other citrus fruit, n.e.c.","no"
NA,"World","Fruits and nuts","Yield","kg/ha",2009,9145.8,"Other citrus fruit, n.e.c.","no"
NA,"World","Fruits and nuts","Yield","kg/ha",2010,9141.8,"Other citrus fruit, n.e.c.","no"
NA,"World","Fruits and nuts","Yield","kg/ha",2011,8493.5,"Other citrus fruit, n.e.c.","no"
NA,"World","Fruits and nuts","Yield","kg/ha",2012,9269.6,"Other citrus fruit, n.e.c.","no"
NA,"World","Fruits and nuts","Yield","kg/ha",2013,9125.5,"Other citrus fruit, n.e.c.","no"
NA,"World","Fruits and nuts","Yield","kg/ha",2014,9247.3,"Other citrus fruit, n.e.c.","no"
NA,"World","Fruits and nuts","Yield","kg/ha",2015,9376.4,"Other citrus fruit, n.e.c.","no"
NA,"World","Fruits and nuts","Yield","kg/ha",2016,9467.6,"Other citrus fruit, n.e.c.","no"
NA,"World","Fruits and nuts","Yield","kg/ha",2017,9454.5,"Other citrus fruit, n.e.c.","no"
NA,"World","Fruits and nuts","Yield","kg/ha",2018,9580.7,"Other citrus fruit, n.e.c.","no"
NA,"World","Fruits and nuts","Yield","kg/ha",2019,9349.6,"Other citrus fruit, n.e.c.","no"
NA,"World","Fruits and nuts","Yield","kg/ha",2020,9342.9,"Other citrus fruit, n.e.c.","no"
NA,"World","Fruits and nuts","Yield","kg/ha",2021,9202.1,"Other citrus fruit, n.e.c.","no"
NA,"World","Fruits and nuts","Yield","kg/ha",2022,9194.7,"Other citrus fruit, n.e.c.","no"
NA,"World","Fruits and nuts","Yield","kg/ha",2023,9198.5,"Other citrus fruit, n.e.c.","no"
NA,"World","Fruits and nuts","Production","t",1992,4819280.91,"Other citrus fruit, n.e.c.","no"
NA,"World","Fruits and nuts","Production","t",1993,5185972.93,"Other citrus fruit, n.e.c.","no"
NA,"World","Fruits and nuts","Production","t",1994,4967508.13,"Other citrus fruit, n.e.c.","no"
NA,"World","Fruits and nuts","Production","t",1995,5094465.3,"Other citrus fruit, n.e.c.","no"
NA,"World","Fruits and nuts","Production","t",1996,5293620.09,"Other citrus fruit, n.e.c.","no"
NA,"World","Fruits and nuts","Production","t",1997,5777447.57,"Other citrus fruit, n.e.c.","no"
NA,"World","Fruits and nuts","Production","t",1998,5990626.08,"Other citrus fruit, n.e.c.","no"
NA,"World","Fruits and nuts","Production","t",1999,7002272.46,"Other citrus fruit, n.e.c.","no"
NA,"World","Fruits and nuts","Production","t",2000,6888713.03,"Other citrus fruit, n.e.c.","no"
NA,"World","Fruits and nuts","Production","t",2001,7163248.68,"Other citrus fruit, n.e.c.","no"
NA,"World","Fruits and nuts","Production","t",2002,7123019.7,"Other citrus fruit, n.e.c.","no"
NA,"World","Fruits and nuts","Production","t",2003,7215272.61,"Other citrus fruit, n.e.c.","no"
NA,"World","Fruits and nuts","Production","t",2004,7453007.81,"Other citrus fruit, n.e.c.","no"
NA,"World","Fruits and nuts","Production","t",2005,7534980.48,"Other citrus fruit, n.e.c.","no"
NA,"World","Fruits and nuts","Production","t",2006,7505990.47,"Other citrus fruit, n.e.c.","no"
NA,"World","Fruits and nuts","Production","t",2007,10755244.42,"Other citrus fruit, n.e.c.","no"
NA,"World","Fruits and nuts","Production","t",2008,10669665.19,"Other citrus fruit, n.e.c.","no"
NA,"World","Fruits and nuts","Production","t",2009,12012856.91,"Other citrus fruit, n.e.c.","no"
NA,"World","Fruits and nuts","Production","t",2010,12204419.39,"Other citrus fruit, n.e.c.","no"
NA,"World","Fruits and nuts","Production","t",2011,11122884.54,"Other citrus fruit, n.e.c.","no"
NA,"World","Fruits and nuts","Production","t",2012,12578561.09,"Other citrus fruit, n.e.c.","no"
NA,"World","Fruits and nuts","Production","t",2013,12466863.09,"Other citrus fruit, n.e.c.","no"
NA,"World","Fruits and nuts","Production","t",2014,12784612.88,"Other citrus fruit, n.e.c.","no"
NA,"World","Fruits and nuts","Production","t",2015,13084145.06,"Other citrus fruit, n.e.c.","no"
NA,"World","Fruits and nuts","Production","t",2016,13779084.97,"Other citrus fruit, n.e.c.","no"
NA,"World","Fruits and nuts","Production","t",2017,14016908.77,"Other citrus fruit, n.e.c.","no"
NA,"World","Fruits and nuts","Production","t",2018,14228879.52,"Other citrus fruit, n.e.c.","no"
NA,"World","Fruits and nuts","Production","t",2019,14047681.64,"Other citrus fruit, n.e.c.","no"
NA,"World","Fruits and nuts","Production","t",2020,13552374.15,"Other citrus fruit, n.e.c.","no"
NA,"World","Fruits and nuts","Production","t",2021,13212523.11,"Other citrus fruit, n.e.c.","no"
NA,"World","Fruits and nuts","Production","t",2022,13423976.03,"Other citrus fruit, n.e.c.","no"
NA,"World","Fruits and nuts","Production","t",2023,13407216.82,"Other citrus fruit, n.e.c.","no"
NA,"World","Forage products; fibre crops; plants used in perfumery, pharmacy, or for insecticidal, fungicidal or similar purposes; beet, forage plant and flower seeds; natural rubber; living plants, cut flowers and flower buds; unmanufactured tobacco; other raw vegetable materials","Area harvested","ha",1992,306970,"Other fibre crops, raw, n.e.c.","no"
NA,"World","Forage products; fibre crops; plants used in perfumery, pharmacy, or for insecticidal, fungicidal or similar purposes; beet, forage plant and flower seeds; natural rubber; living plants, cut flowers and flower buds; unmanufactured tobacco; other raw vegetable materials","Area harvested","ha",1993,302031,"Other fibre crops, raw, n.e.c.","no"
NA,"World","Forage products; fibre crops; plants used in perfumery, pharmacy, or for insecticidal, fungicidal or similar purposes; beet, forage plant and flower seeds; natural rubber; living plants, cut flowers and flower buds; unmanufactured tobacco; other raw vegetable materials","Area harvested","ha",1994,307876,"Other fibre crops, raw, n.e.c.","no"
NA,"World","Forage products; fibre crops; plants used in perfumery, pharmacy, or for insecticidal, fungicidal or similar purposes; beet, forage plant and flower seeds; natural rubber; living plants, cut flowers and flower buds; unmanufactured tobacco; other raw vegetable materials","Area harvested","ha",1995,322847,"Other fibre crops, raw, n.e.c.","no"
NA,"World","Forage products; fibre crops; plants used in perfumery, pharmacy, or for insecticidal, fungicidal or similar purposes; beet, forage plant and flower seeds; natural rubber; living plants, cut flowers and flower buds; unmanufactured tobacco; other raw vegetable materials","Area harvested","ha",1996,340421,"Other fibre crops, raw, n.e.c.","no"
NA,"World","Forage products; fibre crops; plants used in perfumery, pharmacy, or for insecticidal, fungicidal or similar purposes; beet, forage plant and flower seeds; natural rubber; living plants, cut flowers and flower buds; unmanufactured tobacco; other raw vegetable materials","Area harvested","ha",1997,342631,"Other fibre crops, raw, n.e.c.","no"
NA,"World","Forage products; fibre crops; plants used in perfumery, pharmacy, or for insecticidal, fungicidal or similar purposes; beet, forage plant and flower seeds; natural rubber; living plants, cut flowers and flower buds; unmanufactured tobacco; other raw vegetable materials","Area harvested","ha",1998,342475,"Other fibre crops, raw, n.e.c.","no"
NA,"World","Forage products; fibre crops; plants used in perfumery, pharmacy, or for insecticidal, fungicidal or similar purposes; beet, forage plant and flower seeds; natural rubber; living plants, cut flowers and flower buds; unmanufactured tobacco; other raw vegetable materials","Area harvested","ha",1999,342109,"Other fibre crops, raw, n.e.c.","no"
NA,"World","Forage products; fibre crops; plants used in perfumery, pharmacy, or for insecticidal, fungicidal or similar purposes; beet, forage plant and flower seeds; natural rubber; living plants, cut flowers and flower buds; unmanufactured tobacco; other raw vegetable materials","Area harvested","ha",2000,332265,"Other fibre crops, raw, n.e.c.","no"
NA,"World","Forage products; fibre crops; plants used in perfumery, pharmacy, or for insecticidal, fungicidal or similar purposes; beet, forage plant and flower seeds; natural rubber; living plants, cut flowers and flower buds; unmanufactured tobacco; other raw vegetable materials","Area harvested","ha",2001,348706,"Other fibre crops, raw, n.e.c.","no"
NA,"World","Forage products; fibre crops; plants used in perfumery, pharmacy, or for insecticidal, fungicidal or similar purposes; beet, forage plant and flower seeds; natural rubber; living plants, cut flowers and flower buds; unmanufactured tobacco; other raw vegetable materials","Area harvested","ha",2002,338978,"Other fibre crops, raw, n.e.c.","no"
NA,"World","Forage products; fibre crops; plants used in perfumery, pharmacy, or for insecticidal, fungicidal or similar purposes; beet, forage plant and flower seeds; natural rubber; living plants, cut flowers and flower buds; unmanufactured tobacco; other raw vegetable materials","Area harvested","ha",2003,344837,"Other fibre crops, raw, n.e.c.","no"
NA,"World","Forage products; fibre crops; plants used in perfumery, pharmacy, or for insecticidal, fungicidal or similar purposes; beet, forage plant and flower seeds; natural rubber; living plants, cut flowers and flower buds; unmanufactured tobacco; other raw vegetable materials","Area harvested","ha",2004,339987,"Other fibre crops, raw, n.e.c.","no"
NA,"World","Forage products; fibre crops; plants used in perfumery, pharmacy, or for insecticidal, fungicidal or similar purposes; beet, forage plant and flower seeds; natural rubber; living plants, cut flowers and flower buds; unmanufactured tobacco; other raw vegetable materials","Area harvested","ha",2005,346663,"Other fibre crops, raw, n.e.c.","no"
NA,"World","Forage products; fibre crops; plants used in perfumery, pharmacy, or for insecticidal, fungicidal or similar purposes; beet, forage plant and flower seeds; natural rubber; living plants, cut flowers and flower buds; unmanufactured tobacco; other raw vegetable materials","Area harvested","ha",2006,364972,"Other fibre crops, raw, n.e.c.","no"
NA,"World","Forage products; fibre crops; plants used in perfumery, pharmacy, or for insecticidal, fungicidal or similar purposes; beet, forage plant and flower seeds; natural rubber; living plants, cut flowers and flower buds; unmanufactured tobacco; other raw vegetable materials","Area harvested","ha",2007,343212,"Other fibre crops, raw, n.e.c.","no"
NA,"World","Forage products; fibre crops; plants used in perfumery, pharmacy, or for insecticidal, fungicidal or similar purposes; beet, forage plant and flower seeds; natural rubber; living plants, cut flowers and flower buds; unmanufactured tobacco; other raw vegetable materials","Area harvested","ha",2008,333044,"Other fibre crops, raw, n.e.c.","no"
NA,"World","Forage products; fibre crops; plants used in perfumery, pharmacy, or for insecticidal, fungicidal or similar purposes; beet, forage plant and flower seeds; natural rubber; living plants, cut flowers and flower buds; unmanufactured tobacco; other raw vegetable materials","Area harvested","ha",2009,359696,"Other fibre crops, raw, n.e.c.","no"
NA,"World","Forage products; fibre crops; plants used in perfumery, pharmacy, or for insecticidal, fungicidal or similar purposes; beet, forage plant and flower seeds; natural rubber; living plants, cut flowers and flower buds; unmanufactured tobacco; other raw vegetable materials","Area harvested","ha",2010,460892,"Other fibre crops, raw, n.e.c.","no"
NA,"World","Forage products; fibre crops; plants used in perfumery, pharmacy, or for insecticidal, fungicidal or similar purposes; beet, forage plant and flower seeds; natural rubber; living plants, cut flowers and flower buds; unmanufactured tobacco; other raw vegetable materials","Area harvested","ha",2011,469798,"Other fibre crops, raw, n.e.c.","no"
NA,"World","Forage products; fibre crops; plants used in perfumery, pharmacy, or for insecticidal, fungicidal or similar purposes; beet, forage plant and flower seeds; natural rubber; living plants, cut flowers and flower buds; unmanufactured tobacco; other raw vegetable materials","Area harvested","ha",2012,475827,"Other fibre crops, raw, n.e.c.","no"
NA,"World","Forage products; fibre crops; plants used in perfumery, pharmacy, or for insecticidal, fungicidal or similar purposes; beet, forage plant and flower seeds; natural rubber; living plants, cut flowers and flower buds; unmanufactured tobacco; other raw vegetable materials","Area harvested","ha",2013,474015,"Other fibre crops, raw, n.e.c.","no"
NA,"World","Forage products; fibre crops; plants used in perfumery, pharmacy, or for insecticidal, fungicidal or similar purposes; beet, forage plant and flower seeds; natural rubber; living plants, cut flowers and flower buds; unmanufactured tobacco; other raw vegetable materials","Area harvested","ha",2014,460777,"Other fibre crops, raw, n.e.c.","no"
NA,"World","Forage products; fibre crops; plants used in perfumery, pharmacy, or for insecticidal, fungicidal or similar purposes; beet, forage plant and flower seeds; natural rubber; living plants, cut flowers and flower buds; unmanufactured tobacco; other raw vegetable materials","Area harvested","ha",2015,466029,"Other fibre crops, raw, n.e.c.","no"
NA,"World","Forage products; fibre crops; plants used in perfumery, pharmacy, or for insecticidal, fungicidal or similar purposes; beet, forage plant and flower seeds; natural rubber; living plants, cut flowers and flower buds; unmanufactured tobacco; other raw vegetable materials","Area harvested","ha",2016,473847,"Other fibre crops, raw, n.e.c.","no"
NA,"World","Forage products; fibre crops; plants used in perfumery, pharmacy, or for insecticidal, fungicidal or similar purposes; beet, forage plant and flower seeds; natural rubber; living plants, cut flowers and flower buds; unmanufactured tobacco; other raw vegetable materials","Area harvested","ha",2017,476553,"Other fibre crops, raw, n.e.c.","no"
NA,"World","Forage products; fibre crops; plants used in perfumery, pharmacy, or for insecticidal, fungicidal or similar purposes; beet, forage plant and flower seeds; natural rubber; living plants, cut flowers and flower buds; unmanufactured tobacco; other raw vegetable materials","Area harvested","ha",2018,486775,"Other fibre crops, raw, n.e.c.","no"
NA,"World","Forage products; fibre crops; plants used in perfumery, pharmacy, or for insecticidal, fungicidal or similar purposes; beet, forage plant and flower seeds; natural rubber; living plants, cut flowers and flower buds; unmanufactured tobacco; other raw vegetable materials","Area harvested","ha",2019,499112,"Other fibre crops, raw, n.e.c.","no"
NA,"World","Forage products; fibre crops; plants used in perfumery, pharmacy, or for insecticidal, fungicidal or similar purposes; beet, forage plant and flower seeds; natural rubber; living plants, cut flowers and flower buds; unmanufactured tobacco; other raw vegetable materials","Area harvested","ha",2020,509231,"Other fibre crops, raw, n.e.c.","no"
NA,"World","Forage products; fibre crops; plants used in perfumery, pharmacy, or for insecticidal, fungicidal or similar purposes; beet, forage plant and flower seeds; natural rubber; living plants, cut flowers and flower buds; unmanufactured tobacco; other raw vegetable materials","Area harvested","ha",2021,513870,"Other fibre crops, raw, n.e.c.","no"
NA,"World","Forage products; fibre crops; plants used in perfumery, pharmacy, or for insecticidal, fungicidal or similar purposes; beet, forage plant and flower seeds; natural rubber; living plants, cut flowers and flower buds; unmanufactured tobacco; other raw vegetable materials","Area harvested","ha",2022,512367,"Other fibre crops, raw, n.e.c.","no"
NA,"World","Forage products; fibre crops; plants used in perfumery, pharmacy, or for insecticidal, fungicidal or similar purposes; beet, forage plant and flower seeds; natural rubber; living plants, cut flowers and flower buds; unmanufactured tobacco; other raw vegetable materials","Area harvested","ha",2023,521380,"Other fibre crops, raw, n.e.c.","no"
NA,"World","Forage products; fibre crops; plants used in perfumery, pharmacy, or for insecticidal, fungicidal or similar purposes; beet, forage plant and flower seeds; natural rubber; living plants, cut flowers and flower buds; unmanufactured tobacco; other raw vegetable materials","Yield","kg/ha",1992,814.6,"Other fibre crops, raw, n.e.c.","no"
NA,"World","Forage products; fibre crops; plants used in perfumery, pharmacy, or for insecticidal, fungicidal or similar purposes; beet, forage plant and flower seeds; natural rubber; living plants, cut flowers and flower buds; unmanufactured tobacco; other raw vegetable materials","Yield","kg/ha",1993,770.9,"Other fibre crops, raw, n.e.c.","no"
NA,"World","Forage products; fibre crops; plants used in perfumery, pharmacy, or for insecticidal, fungicidal or similar purposes; beet, forage plant and flower seeds; natural rubber; living plants, cut flowers and flower buds; unmanufactured tobacco; other raw vegetable materials","Yield","kg/ha",1994,802.4,"Other fibre crops, raw, n.e.c.","no"
NA,"World","Forage products; fibre crops; plants used in perfumery, pharmacy, or for insecticidal, fungicidal or similar purposes; beet, forage plant and flower seeds; natural rubber; living plants, cut flowers and flower buds; unmanufactured tobacco; other raw vegetable materials","Yield","kg/ha",1995,840.2,"Other fibre crops, raw, n.e.c.","no"
NA,"World","Forage products; fibre crops; plants used in perfumery, pharmacy, or for insecticidal, fungicidal or similar purposes; beet, forage plant and flower seeds; natural rubber; living plants, cut flowers and flower buds; unmanufactured tobacco; other raw vegetable materials","Yield","kg/ha",1996,825.6,"Other fibre crops, raw, n.e.c.","no"
NA,"World","Forage products; fibre crops; plants used in perfumery, pharmacy, or for insecticidal, fungicidal or similar purposes; beet, forage plant and flower seeds; natural rubber; living plants, cut flowers and flower buds; unmanufactured tobacco; other raw vegetable materials","Yield","kg/ha",1997,893.6,"Other fibre crops, raw, n.e.c.","no"
NA,"World","Forage products; fibre crops; plants used in perfumery, pharmacy, or for insecticidal, fungicidal or similar purposes; beet, forage plant and flower seeds; natural rubber; living plants, cut flowers and flower buds; unmanufactured tobacco; other raw vegetable materials","Yield","kg/ha",1998,871,"Other fibre crops, raw, n.e.c.","no"
NA,"World","Forage products; fibre crops; plants used in perfumery, pharmacy, or for insecticidal, fungicidal or similar purposes; beet, forage plant and flower seeds; natural rubber; living plants, cut flowers and flower buds; unmanufactured tobacco; other raw vegetable materials","Yield","kg/ha",1999,866.1,"Other fibre crops, raw, n.e.c.","no"
NA,"World","Forage products; fibre crops; plants used in perfumery, pharmacy, or for insecticidal, fungicidal or similar purposes; beet, forage plant and flower seeds; natural rubber; living plants, cut flowers and flower buds; unmanufactured tobacco; other raw vegetable materials","Yield","kg/ha",2000,816.7,"Other fibre crops, raw, n.e.c.","no"
NA,"World","Forage products; fibre crops; plants used in perfumery, pharmacy, or for insecticidal, fungicidal or similar purposes; beet, forage plant and flower seeds; natural rubber; living plants, cut flowers and flower buds; unmanufactured tobacco; other raw vegetable materials","Yield","kg/ha",2001,802.4,"Other fibre crops, raw, n.e.c.","no"
NA,"World","Forage products; fibre crops; plants used in perfumery, pharmacy, or for insecticidal, fungicidal or similar purposes; beet, forage plant and flower seeds; natural rubber; living plants, cut flowers and flower buds; unmanufactured tobacco; other raw vegetable materials","Yield","kg/ha",2002,828.4,"Other fibre crops, raw, n.e.c.","no"
NA,"World","Forage products; fibre crops; plants used in perfumery, pharmacy, or for insecticidal, fungicidal or similar purposes; beet, forage plant and flower seeds; natural rubber; living plants, cut flowers and flower buds; unmanufactured tobacco; other raw vegetable materials","Yield","kg/ha",2003,837.1,"Other fibre crops, raw, n.e.c.","no"
NA,"World","Forage products; fibre crops; plants used in perfumery, pharmacy, or for insecticidal, fungicidal or similar purposes; beet, forage plant and flower seeds; natural rubber; living plants, cut flowers and flower buds; unmanufactured tobacco; other raw vegetable materials","Yield","kg/ha",2004,829.2,"Other fibre crops, raw, n.e.c.","no"
NA,"World","Forage products; fibre crops; plants used in perfumery, pharmacy, or for insecticidal, fungicidal or similar purposes; beet, forage plant and flower seeds; natural rubber; living plants, cut flowers and flower buds; unmanufactured tobacco; other raw vegetable materials","Yield","kg/ha",2005,824,"Other fibre crops, raw, n.e.c.","no"
NA,"World","Forage products; fibre crops; plants used in perfumery, pharmacy, or for insecticidal, fungicidal or similar purposes; beet, forage plant and flower seeds; natural rubber; living plants, cut flowers and flower buds; unmanufactured tobacco; other raw vegetable materials","Yield","kg/ha",2006,868.5,"Other fibre crops, raw, n.e.c.","no"
NA,"World","Forage products; fibre crops; plants used in perfumery, pharmacy, or for insecticidal, fungicidal or similar purposes; beet, forage plant and flower seeds; natural rubber; living plants, cut flowers and flower buds; unmanufactured tobacco; other raw vegetable materials","Yield","kg/ha",2007,867.7,"Other fibre crops, raw, n.e.c.","no"
NA,"World","Forage products; fibre crops; plants used in perfumery, pharmacy, or for insecticidal, fungicidal or similar purposes; beet, forage plant and flower seeds; natural rubber; living plants, cut flowers and flower buds; unmanufactured tobacco; other raw vegetable materials","Yield","kg/ha",2008,817.6,"Other fibre crops, raw, n.e.c.","no"
NA,"World","Forage products; fibre crops; plants used in perfumery, pharmacy, or for insecticidal, fungicidal or similar purposes; beet, forage plant and flower seeds; natural rubber; living plants, cut flowers and flower buds; unmanufactured tobacco; other raw vegetable materials","Yield","kg/ha",2009,731.9,"Other fibre crops, raw, n.e.c.","no"
NA,"World","Forage products; fibre crops; plants used in perfumery, pharmacy, or for insecticidal, fungicidal or similar purposes; beet, forage plant and flower seeds; natural rubber; living plants, cut flowers and flower buds; unmanufactured tobacco; other raw vegetable materials","Yield","kg/ha",2010,1243.1,"Other fibre crops, raw, n.e.c.","no"
NA,"World","Forage products; fibre crops; plants used in perfumery, pharmacy, or for insecticidal, fungicidal or similar purposes; beet, forage plant and flower seeds; natural rubber; living plants, cut flowers and flower buds; unmanufactured tobacco; other raw vegetable materials","Yield","kg/ha",2011,1251.2,"Other fibre crops, raw, n.e.c.","no"
NA,"World","Forage products; fibre crops; plants used in perfumery, pharmacy, or for insecticidal, fungicidal or similar purposes; beet, forage plant and flower seeds; natural rubber; living plants, cut flowers and flower buds; unmanufactured tobacco; other raw vegetable materials","Yield","kg/ha",2012,1235.6,"Other fibre crops, raw, n.e.c.","no"
NA,"World","Forage products; fibre crops; plants used in perfumery, pharmacy, or for insecticidal, fungicidal or similar purposes; beet, forage plant and flower seeds; natural rubber; living plants, cut flowers and flower buds; unmanufactured tobacco; other raw vegetable materials","Yield","kg/ha",2013,1234.3,"Other fibre crops, raw, n.e.c.","no"
NA,"World","Forage products; fibre crops; plants used in perfumery, pharmacy, or for insecticidal, fungicidal or similar purposes; beet, forage plant and flower seeds; natural rubber; living plants, cut flowers and flower buds; unmanufactured tobacco; other raw vegetable materials","Yield","kg/ha",2014,1356.4,"Other fibre crops, raw, n.e.c.","no"
NA,"World","Forage products; fibre crops; plants used in perfumery, pharmacy, or for insecticidal, fungicidal or similar purposes; beet, forage plant and flower seeds; natural rubber; living plants, cut flowers and flower buds; unmanufactured tobacco; other raw vegetable materials","Yield","kg/ha",2015,1278.2,"Other fibre crops, raw, n.e.c.","no"
NA,"World","Forage products; fibre crops; plants used in perfumery, pharmacy, or for insecticidal, fungicidal or similar purposes; beet, forage plant and flower seeds; natural rubber; living plants, cut flowers and flower buds; unmanufactured tobacco; other raw vegetable materials","Yield","kg/ha",2016,1344.9,"Other fibre crops, raw, n.e.c.","no"
NA,"World","Forage products; fibre crops; plants used in perfumery, pharmacy, or for insecticidal, fungicidal or similar purposes; beet, forage plant and flower seeds; natural rubber; living plants, cut flowers and flower buds; unmanufactured tobacco; other raw vegetable materials","Yield","kg/ha",2017,1381,"Other fibre crops, raw, n.e.c.","no"
NA,"World","Forage products; fibre crops; plants used in perfumery, pharmacy, or for insecticidal, fungicidal or similar purposes; beet, forage plant and flower seeds; natural rubber; living plants, cut flowers and flower buds; unmanufactured tobacco; other raw vegetable materials","Yield","kg/ha",2018,920.6,"Other fibre crops, raw, n.e.c.","no"
NA,"World","Forage products; fibre crops; plants used in perfumery, pharmacy, or for insecticidal, fungicidal or similar purposes; beet, forage plant and flower seeds; natural rubber; living plants, cut flowers and flower buds; unmanufactured tobacco; other raw vegetable materials","Yield","kg/ha",2019,940.2,"Other fibre crops, raw, n.e.c.","no"
NA,"World","Forage products; fibre crops; plants used in perfumery, pharmacy, or for insecticidal, fungicidal or similar purposes; beet, forage plant and flower seeds; natural rubber; living plants, cut flowers and flower buds; unmanufactured tobacco; other raw vegetable materials","Yield","kg/ha",2020,1454.3,"Other fibre crops, raw, n.e.c.","no"
NA,"World","Forage products; fibre crops; plants used in perfumery, pharmacy, or for insecticidal, fungicidal or similar purposes; beet, forage plant and flower seeds; natural rubber; living plants, cut flowers and flower buds; unmanufactured tobacco; other raw vegetable materials","Yield","kg/ha",2021,1214.6,"Other fibre crops, raw, n.e.c.","no"
NA,"World","Forage products; fibre crops; plants used in perfumery, pharmacy, or for insecticidal, fungicidal or similar purposes; beet, forage plant and flower seeds; natural rubber; living plants, cut flowers and flower buds; unmanufactured tobacco; other raw vegetable materials","Yield","kg/ha",2022,1184.1,"Other fibre crops, raw, n.e.c.","no"
NA,"World","Forage products; fibre crops; plants used in perfumery, pharmacy, or for insecticidal, fungicidal or similar purposes; beet, forage plant and flower seeds; natural rubber; living plants, cut flowers and flower buds; unmanufactured tobacco; other raw vegetable materials","Yield","kg/ha",2023,1247.7,"Other fibre crops, raw, n.e.c.","no"
NA,"World","Forage products; fibre crops; plants used in perfumery, pharmacy, or for insecticidal, fungicidal or similar purposes; beet, forage plant and flower seeds; natural rubber; living plants, cut flowers and flower buds; unmanufactured tobacco; other raw vegetable materials","Production","t",1992,250049.49,"Other fibre crops, raw, n.e.c.","no"
NA,"World","Forage products; fibre crops; plants used in perfumery, pharmacy, or for insecticidal, fungicidal or similar purposes; beet, forage plant and flower seeds; natural rubber; living plants, cut flowers and flower buds; unmanufactured tobacco; other raw vegetable materials","Production","t",1993,232834.1,"Other fibre crops, raw, n.e.c.","no"
NA,"World","Forage products; fibre crops; plants used in perfumery, pharmacy, or for insecticidal, fungicidal or similar purposes; beet, forage plant and flower seeds; natural rubber; living plants, cut flowers and flower buds; unmanufactured tobacco; other raw vegetable materials","Production","t",1994,247053.52,"Other fibre crops, raw, n.e.c.","no"
NA,"World","Forage products; fibre crops; plants used in perfumery, pharmacy, or for insecticidal, fungicidal or similar purposes; beet, forage plant and flower seeds; natural rubber; living plants, cut flowers and flower buds; unmanufactured tobacco; other raw vegetable materials","Production","t",1995,271257.01,"Other fibre crops, raw, n.e.c.","no"
NA,"World","Forage products; fibre crops; plants used in perfumery, pharmacy, or for insecticidal, fungicidal or similar purposes; beet, forage plant and flower seeds; natural rubber; living plants, cut flowers and flower buds; unmanufactured tobacco; other raw vegetable materials","Production","t",1996,281059.42,"Other fibre crops, raw, n.e.c.","no"
NA,"World","Forage products; fibre crops; plants used in perfumery, pharmacy, or for insecticidal, fungicidal or similar purposes; beet, forage plant and flower seeds; natural rubber; living plants, cut flowers and flower buds; unmanufactured tobacco; other raw vegetable materials","Production","t",1997,306183.58,"Other fibre crops, raw, n.e.c.","no"
NA,"World","Forage products; fibre crops; plants used in perfumery, pharmacy, or for insecticidal, fungicidal or similar purposes; beet, forage plant and flower seeds; natural rubber; living plants, cut flowers and flower buds; unmanufactured tobacco; other raw vegetable materials","Production","t",1998,298311.23,"Other fibre crops, raw, n.e.c.","no"
NA,"World","Forage products; fibre crops; plants used in perfumery, pharmacy, or for insecticidal, fungicidal or similar purposes; beet, forage plant and flower seeds; natural rubber; living plants, cut flowers and flower buds; unmanufactured tobacco; other raw vegetable materials","Production","t",1999,296306.15,"Other fibre crops, raw, n.e.c.","no"
NA,"World","Forage products; fibre crops; plants used in perfumery, pharmacy, or for insecticidal, fungicidal or similar purposes; beet, forage plant and flower seeds; natural rubber; living plants, cut flowers and flower buds; unmanufactured tobacco; other raw vegetable materials","Production","t",2000,271374.59,"Other fibre crops, raw, n.e.c.","no"
NA,"World","Forage products; fibre crops; plants used in perfumery, pharmacy, or for insecticidal, fungicidal or similar purposes; beet, forage plant and flower seeds; natural rubber; living plants, cut flowers and flower buds; unmanufactured tobacco; other raw vegetable materials","Production","t",2001,279787.08,"Other fibre crops, raw, n.e.c.","no"
NA,"World","Forage products; fibre crops; plants used in perfumery, pharmacy, or for insecticidal, fungicidal or similar purposes; beet, forage plant and flower seeds; natural rubber; living plants, cut flowers and flower buds; unmanufactured tobacco; other raw vegetable materials","Production","t",2002,280809.67,"Other fibre crops, raw, n.e.c.","no"
NA,"World","Forage products; fibre crops; plants used in perfumery, pharmacy, or for insecticidal, fungicidal or similar purposes; beet, forage plant and flower seeds; natural rubber; living plants, cut flowers and flower buds; unmanufactured tobacco; other raw vegetable materials","Production","t",2003,288671.81,"Other fibre crops, raw, n.e.c.","no"
NA,"World","Forage products; fibre crops; plants used in perfumery, pharmacy, or for insecticidal, fungicidal or similar purposes; beet, forage plant and flower seeds; natural rubber; living plants, cut flowers and flower buds; unmanufactured tobacco; other raw vegetable materials","Production","t",2004,281907.16,"Other fibre crops, raw, n.e.c.","no"
NA,"World","Forage products; fibre crops; plants used in perfumery, pharmacy, or for insecticidal, fungicidal or similar purposes; beet, forage plant and flower seeds; natural rubber; living plants, cut flowers and flower buds; unmanufactured tobacco; other raw vegetable materials","Production","t",2005,285657.22,"Other fibre crops, raw, n.e.c.","no"
NA,"World","Forage products; fibre crops; plants used in perfumery, pharmacy, or for insecticidal, fungicidal or similar purposes; beet, forage plant and flower seeds; natural rubber; living plants, cut flowers and flower buds; unmanufactured tobacco; other raw vegetable materials","Production","t",2006,316992.64,"Other fibre crops, raw, n.e.c.","no"
NA,"World","Forage products; fibre crops; plants used in perfumery, pharmacy, or for insecticidal, fungicidal or similar purposes; beet, forage plant and flower seeds; natural rubber; living plants, cut flowers and flower buds; unmanufactured tobacco; other raw vegetable materials","Production","t",2007,297801.12,"Other fibre crops, raw, n.e.c.","no"
NA,"World","Forage products; fibre crops; plants used in perfumery, pharmacy, or for insecticidal, fungicidal or similar purposes; beet, forage plant and flower seeds; natural rubber; living plants, cut flowers and flower buds; unmanufactured tobacco; other raw vegetable materials","Production","t",2008,272297.98,"Other fibre crops, raw, n.e.c.","no"
NA,"World","Forage products; fibre crops; plants used in perfumery, pharmacy, or for insecticidal, fungicidal or similar purposes; beet, forage plant and flower seeds; natural rubber; living plants, cut flowers and flower buds; unmanufactured tobacco; other raw vegetable materials","Production","t",2009,263266.23,"Other fibre crops, raw, n.e.c.","no"
NA,"World","Forage products; fibre crops; plants used in perfumery, pharmacy, or for insecticidal, fungicidal or similar purposes; beet, forage plant and flower seeds; natural rubber; living plants, cut flowers and flower buds; unmanufactured tobacco; other raw vegetable materials","Production","t",2010,572913.43,"Other fibre crops, raw, n.e.c.","no"
NA,"World","Forage products; fibre crops; plants used in perfumery, pharmacy, or for insecticidal, fungicidal or similar purposes; beet, forage plant and flower seeds; natural rubber; living plants, cut flowers and flower buds; unmanufactured tobacco; other raw vegetable materials","Production","t",2011,587813.06,"Other fibre crops, raw, n.e.c.","no"
NA,"World","Forage products; fibre crops; plants used in perfumery, pharmacy, or for insecticidal, fungicidal or similar purposes; beet, forage plant and flower seeds; natural rubber; living plants, cut flowers and flower buds; unmanufactured tobacco; other raw vegetable materials","Production","t",2012,587953.39,"Other fibre crops, raw, n.e.c.","no"
NA,"World","Forage products; fibre crops; plants used in perfumery, pharmacy, or for insecticidal, fungicidal or similar purposes; beet, forage plant and flower seeds; natural rubber; living plants, cut flowers and flower buds; unmanufactured tobacco; other raw vegetable materials","Production","t",2013,585076.27,"Other fibre crops, raw, n.e.c.","no"
NA,"World","Forage products; fibre crops; plants used in perfumery, pharmacy, or for insecticidal, fungicidal or similar purposes; beet, forage plant and flower seeds; natural rubber; living plants, cut flowers and flower buds; unmanufactured tobacco; other raw vegetable materials","Production","t",2014,624976.8,"Other fibre crops, raw, n.e.c.","no"
NA,"World","Forage products; fibre crops; plants used in perfumery, pharmacy, or for insecticidal, fungicidal or similar purposes; beet, forage plant and flower seeds; natural rubber; living plants, cut flowers and flower buds; unmanufactured tobacco; other raw vegetable materials","Production","t",2015,595664.54,"Other fibre crops, raw, n.e.c.","no"
NA,"World","Forage products; fibre crops; plants used in perfumery, pharmacy, or for insecticidal, fungicidal or similar purposes; beet, forage plant and flower seeds; natural rubber; living plants, cut flowers and flower buds; unmanufactured tobacco; other raw vegetable materials","Production","t",2016,637272.33,"Other fibre crops, raw, n.e.c.","no"
NA,"World","Forage products; fibre crops; plants used in perfumery, pharmacy, or for insecticidal, fungicidal or similar purposes; beet, forage plant and flower seeds; natural rubber; living plants, cut flowers and flower buds; unmanufactured tobacco; other raw vegetable materials","Production","t",2017,658109.26,"Other fibre crops, raw, n.e.c.","no"
NA,"World","Forage products; fibre crops; plants used in perfumery, pharmacy, or for insecticidal, fungicidal or similar purposes; beet, forage plant and flower seeds; natural rubber; living plants, cut flowers and flower buds; unmanufactured tobacco; other raw vegetable materials","Production","t",2018,448106.16,"Other fibre crops, raw, n.e.c.","no"
NA,"World","Forage products; fibre crops; plants used in perfumery, pharmacy, or for insecticidal, fungicidal or similar purposes; beet, forage plant and flower seeds; natural rubber; living plants, cut flowers and flower buds; unmanufactured tobacco; other raw vegetable materials","Production","t",2019,469241.2,"Other fibre crops, raw, n.e.c.","no"
NA,"World","Forage products; fibre crops; plants used in perfumery, pharmacy, or for insecticidal, fungicidal or similar purposes; beet, forage plant and flower seeds; natural rubber; living plants, cut flowers and flower buds; unmanufactured tobacco; other raw vegetable materials","Production","t",2020,740585.18,"Other fibre crops, raw, n.e.c.","no"
NA,"World","Forage products; fibre crops; plants used in perfumery, pharmacy, or for insecticidal, fungicidal or similar purposes; beet, forage plant and flower seeds; natural rubber; living plants, cut flowers and flower buds; unmanufactured tobacco; other raw vegetable materials","Production","t",2021,624128.57,"Other fibre crops, raw, n.e.c.","no"
NA,"World","Forage products; fibre crops; plants used in perfumery, pharmacy, or for insecticidal, fungicidal or similar purposes; beet, forage plant and flower seeds; natural rubber; living plants, cut flowers and flower buds; unmanufactured tobacco; other raw vegetable materials","Production","t",2022,606699.84,"Other fibre crops, raw, n.e.c.","no"
NA,"World","Forage products; fibre crops; plants used in perfumery, pharmacy, or for insecticidal, fungicidal or similar purposes; beet, forage plant and flower seeds; natural rubber; living plants, cut flowers and flower buds; unmanufactured tobacco; other raw vegetable materials","Production","t",2023,650528.95,"Other fibre crops, raw, n.e.c.","no"
NA,"World","Fruits and nuts","Area harvested","ha",1992,2692531,"Other fruits, n.e.c.","no"
NA,"World","Fruits and nuts","Area harvested","ha",1993,2670784,"Other fruits, n.e.c.","no"
NA,"World","Fruits and nuts","Area harvested","ha",1994,2702651,"Other fruits, n.e.c.","no"
NA,"World","Fruits and nuts","Area harvested","ha",1995,2931445,"Other fruits, n.e.c.","no"
NA,"World","Fruits and nuts","Area harvested","ha",1996,3219829,"Other fruits, n.e.c.","no"
NA,"World","Fruits and nuts","Area harvested","ha",1997,3309996,"Other fruits, n.e.c.","no"
NA,"World","Fruits and nuts","Area harvested","ha",1998,3526129,"Other fruits, n.e.c.","no"
NA,"World","Fruits and nuts","Area harvested","ha",1999,3460129,"Other fruits, n.e.c.","no"
NA,"World","Fruits and nuts","Area harvested","ha",2000,3421842,"Other fruits, n.e.c.","no"
NA,"World","Fruits and nuts","Area harvested","ha",2001,3611893,"Other fruits, n.e.c.","no"
NA,"World","Fruits and nuts","Area harvested","ha",2002,3672457,"Other fruits, n.e.c.","no"
NA,"World","Fruits and nuts","Area harvested","ha",2003,3528998,"Other fruits, n.e.c.","no"
NA,"World","Fruits and nuts","Area harvested","ha",2004,3956639,"Other fruits, n.e.c.","no"
NA,"World","Fruits and nuts","Area harvested","ha",2005,4138207,"Other fruits, n.e.c.","no"
NA,"World","Fruits and nuts","Area harvested","ha",2006,4116095,"Other fruits, n.e.c.","no"
NA,"World","Fruits and nuts","Area harvested","ha",2007,4230483,"Other fruits, n.e.c.","no"
NA,"World","Fruits and nuts","Area harvested","ha",2008,4445498,"Other fruits, n.e.c.","no"
NA,"World","Fruits and nuts","Area harvested","ha",2009,4524530,"Other fruits, n.e.c.","no"
NA,"World","Fruits and nuts","Area harvested","ha",2010,4627290,"Other fruits, n.e.c.","no"
NA,"World","Fruits and nuts","Area harvested","ha",2011,4921069,"Other fruits, n.e.c.","no"
NA,"World","Fruits and nuts","Area harvested","ha",2012,5144405,"Other fruits, n.e.c.","no"
NA,"World","Fruits and nuts","Area harvested","ha",2013,5225129,"Other fruits, n.e.c.","no"
NA,"World","Fruits and nuts","Area harvested","ha",2014,5386779,"Other fruits, n.e.c.","no"
NA,"World","Fruits and nuts","Area harvested","ha",2015,5399952,"Other fruits, n.e.c.","no"
NA,"World","Fruits and nuts","Area harvested","ha",2016,5304258,"Other fruits, n.e.c.","no"
NA,"World","Fruits and nuts","Area harvested","ha",2017,5119985,"Other fruits, n.e.c.","no"
NA,"World","Fruits and nuts","Area harvested","ha",2018,5071668,"Other fruits, n.e.c.","no"
NA,"World","Fruits and nuts","Area harvested","ha",2019,5116169,"Other fruits, n.e.c.","no"
NA,"World","Fruits and nuts","Area harvested","ha",2020,5250926,"Other fruits, n.e.c.","no"
NA,"World","Fruits and nuts","Area harvested","ha",2021,5375447,"Other fruits, n.e.c.","no"
NA,"World","Fruits and nuts","Area harvested","ha",2022,5311469,"Other fruits, n.e.c.","no"
NA,"World","Fruits and nuts","Area harvested","ha",2023,5339874,"Other fruits, n.e.c.","no"
NA,"World","Fruits and nuts","Yield","kg/ha",1992,6099.9,"Other fruits, n.e.c.","no"
NA,"World","Fruits and nuts","Yield","kg/ha",1993,6213.5,"Other fruits, n.e.c.","no"
NA,"World","Fruits and nuts","Yield","kg/ha",1994,6371,"Other fruits, n.e.c.","no"
NA,"World","Fruits and nuts","Yield","kg/ha",1995,6218.1,"Other fruits, n.e.c.","no"
NA,"World","Fruits and nuts","Yield","kg/ha",1996,5992.4,"Other fruits, n.e.c.","no"
NA,"World","Fruits and nuts","Yield","kg/ha",1997,6115.4,"Other fruits, n.e.c.","no"
NA,"World","Fruits and nuts","Yield","kg/ha",1998,6602.4,"Other fruits, n.e.c.","no"
NA,"World","Fruits and nuts","Yield","kg/ha",1999,6565.4,"Other fruits, n.e.c.","no"
NA,"World","Fruits and nuts","Yield","kg/ha",2000,6509.4,"Other fruits, n.e.c.","no"
NA,"World","Fruits and nuts","Yield","kg/ha",2001,6459.1,"Other fruits, n.e.c.","no"
NA,"World","Fruits and nuts","Yield","kg/ha",2002,6500,"Other fruits, n.e.c.","no"
NA,"World","Fruits and nuts","Yield","kg/ha",2003,6912.8,"Other fruits, n.e.c.","no"
NA,"World","Fruits and nuts","Yield","kg/ha",2004,5965.9,"Other fruits, n.e.c.","no"
NA,"World","Fruits and nuts","Yield","kg/ha",2005,6076.8,"Other fruits, n.e.c.","no"
NA,"World","Fruits and nuts","Yield","kg/ha",2006,6388.2,"Other fruits, n.e.c.","no"
NA,"World","Fruits and nuts","Yield","kg/ha",2007,6178.4,"Other fruits, n.e.c.","no"
NA,"World","Fruits and nuts","Yield","kg/ha",2008,6210.8,"Other fruits, n.e.c.","no"
NA,"World","Fruits and nuts","Yield","kg/ha",2009,6241.2,"Other fruits, n.e.c.","no"
NA,"World","Fruits and nuts","Yield","kg/ha",2010,6211.3,"Other fruits, n.e.c.","no"
NA,"World","Fruits and nuts","Yield","kg/ha",2011,6049.8,"Other fruits, n.e.c.","no"
NA,"World","Fruits and nuts","Yield","kg/ha",2012,6054.2,"Other fruits, n.e.c.","no"
NA,"World","Fruits and nuts","Yield","kg/ha",2013,6157.3,"Other fruits, n.e.c.","no"
NA,"World","Fruits and nuts","Yield","kg/ha",2014,6233.4,"Other fruits, n.e.c.","no"
NA,"World","Fruits and nuts","Yield","kg/ha",2015,6431.9,"Other fruits, n.e.c.","no"
NA,"World","Fruits and nuts","Yield","kg/ha",2016,6705.9,"Other fruits, n.e.c.","no"
NA,"World","Fruits and nuts","Yield","kg/ha",2017,7122.6,"Other fruits, n.e.c.","no"
NA,"World","Fruits and nuts","Yield","kg/ha",2018,7089.2,"Other fruits, n.e.c.","no"
NA,"World","Fruits and nuts","Yield","kg/ha",2019,7186.9,"Other fruits, n.e.c.","no"
NA,"World","Fruits and nuts","Yield","kg/ha",2020,7165.5,"Other fruits, n.e.c.","no"
NA,"World","Fruits and nuts","Yield","kg/ha",2021,7067.5,"Other fruits, n.e.c.","no"
NA,"World","Fruits and nuts","Yield","kg/ha",2022,7191.8,"Other fruits, n.e.c.","no"
NA,"World","Fruits and nuts","Yield","kg/ha",2023,7219.2,"Other fruits, n.e.c.","no"
NA,"World","Fruits and nuts","Production","t",1992,16424107.5,"Other fruits, n.e.c.","no"
NA,"World","Fruits and nuts","Production","t",1993,16594921.35,"Other fruits, n.e.c.","no"
NA,"World","Fruits and nuts","Production","t",1994,17218640.62,"Other fruits, n.e.c.","no"
NA,"World","Fruits and nuts","Production","t",1995,18227948.72,"Other fruits, n.e.c.","no"
NA,"World","Fruits and nuts","Production","t",1996,19294432.95,"Other fruits, n.e.c.","no"
NA,"World","Fruits and nuts","Production","t",1997,20242080.88,"Other fruits, n.e.c.","no"
NA,"World","Fruits and nuts","Production","t",1998,23280986.76,"Other fruits, n.e.c.","no"
NA,"World","Fruits and nuts","Production","t",1999,22717128.94,"Other fruits, n.e.c.","no"
NA,"World","Fruits and nuts","Production","t",2000,22274011.81,"Other fruits, n.e.c.","no"
NA,"World","Fruits and nuts","Production","t",2001,23329484.14,"Other fruits, n.e.c.","no"
NA,"World","Fruits and nuts","Production","t",2002,23870976.34,"Other fruits, n.e.c.","no"
NA,"World","Fruits and nuts","Production","t",2003,24395319.07,"Other fruits, n.e.c.","no"
NA,"World","Fruits and nuts","Production","t",2004,23605077.85,"Other fruits, n.e.c.","no"
NA,"World","Fruits and nuts","Production","t",2005,25146963.56,"Other fruits, n.e.c.","no"
NA,"World","Fruits and nuts","Production","t",2006,26294588.32,"Other fruits, n.e.c.","no"
NA,"World","Fruits and nuts","Production","t",2007,26137560.6,"Other fruits, n.e.c.","no"
NA,"World","Fruits and nuts","Production","t",2008,27610282.36,"Other fruits, n.e.c.","no"
NA,"World","Fruits and nuts","Production","t",2009,28238362.06,"Other fruits, n.e.c.","no"
NA,"World","Fruits and nuts","Production","t",2010,28741334.49,"Other fruits, n.e.c.","no"
NA,"World","Fruits and nuts","Production","t",2011,29771514.97,"Other fruits, n.e.c.","no"
NA,"World","Fruits and nuts","Production","t",2012,31145444.1,"Other fruits, n.e.c.","no"
NA,"World","Fruits and nuts","Production","t",2013,32172452.18,"Other fruits, n.e.c.","no"
NA,"World","Fruits and nuts","Production","t",2014,33578010.93,"Other fruits, n.e.c.","no"
NA,"World","Fruits and nuts","Production","t",2015,34731991.33,"Other fruits, n.e.c.","no"
NA,"World","Fruits and nuts","Production","t",2016,35569943.9,"Other fruits, n.e.c.","no"
NA,"World","Fruits and nuts","Production","t",2017,36467820.88,"Other fruits, n.e.c.","no"
NA,"World","Fruits and nuts","Production","t",2018,35953936.11,"Other fruits, n.e.c.","no"
NA,"World","Fruits and nuts","Production","t",2019,36769146.86,"Other fruits, n.e.c.","no"
NA,"World","Fruits and nuts","Production","t",2020,37625609.98,"Other fruits, n.e.c.","no"
NA,"World","Fruits and nuts","Production","t",2021,37990790.71,"Other fruits, n.e.c.","no"
NA,"World","Fruits and nuts","Production","t",2022,38198950.64,"Other fruits, n.e.c.","no"
NA,"World","Fruits and nuts","Production","t",2023,38549393.29,"Other fruits, n.e.c.","no"
NA,"World","Meat and meat products","Production","t",1992,666586.91,"Other meat of mammals, fresh or chilled","no"
NA,"World","Meat and meat products","Production","t",1993,637822.16,"Other meat of mammals, fresh or chilled","no"
NA,"World","Meat and meat products","Production","t",1994,624026.35,"Other meat of mammals, fresh or chilled","no"
NA,"World","Meat and meat products","Production","t",1995,741872.69,"Other meat of mammals, fresh or chilled","no"
NA,"World","Meat and meat products","Production","t",1996,672811.24,"Other meat of mammals, fresh or chilled","no"
NA,"World","Meat and meat products","Production","t",1997,684550.56,"Other meat of mammals, fresh or chilled","no"
NA,"World","Meat and meat products","Production","t",1998,695246.8,"Other meat of mammals, fresh or chilled","no"
NA,"World","Meat and meat products","Production","t",1999,699949.75,"Other meat of mammals, fresh or chilled","no"
NA,"World","Meat and meat products","Production","t",2000,612727.7,"Other meat of mammals, fresh or chilled","no"
NA,"World","Meat and meat products","Production","t",2001,734150.3,"Other meat of mammals, fresh or chilled","no"
NA,"World","Meat and meat products","Production","t",2002,834553.59,"Other meat of mammals, fresh or chilled","no"
NA,"World","Meat and meat products","Production","t",2003,871625.29,"Other meat of mammals, fresh or chilled","no"
NA,"World","Meat and meat products","Production","t",2004,939622.1,"Other meat of mammals, fresh or chilled","no"
NA,"World","Meat and meat products","Production","t",2005,976596.2,"Other meat of mammals, fresh or chilled","no"
NA,"World","Meat and meat products","Production","t",2006,1069697.27,"Other meat of mammals, fresh or chilled","no"
NA,"World","Meat and meat products","Production","t",2007,1100224.28,"Other meat of mammals, fresh or chilled","no"
NA,"World","Meat and meat products","Production","t",2008,1307225.41,"Other meat of mammals, fresh or chilled","no"
NA,"World","Meat and meat products","Production","t",2009,1367063.51,"Other meat of mammals, fresh or chilled","no"
NA,"World","Meat and meat products","Production","t",2010,1441820.41,"Other meat of mammals, fresh or chilled","no"
NA,"World","Meat and meat products","Production","t",2011,1491805,"Other meat of mammals, fresh or chilled","no"
NA,"World","Meat and meat products","Production","t",2012,1461143.29,"Other meat of mammals, fresh or chilled","no"
NA,"World","Meat and meat products","Production","t",2013,1510365.47,"Other meat of mammals, fresh or chilled","no"
NA,"World","Meat and meat products","Production","t",2014,1516085.84,"Other meat of mammals, fresh or chilled","no"
NA,"World","Meat and meat products","Production","t",2015,1593529.43,"Other meat of mammals, fresh or chilled","no"
NA,"World","Meat and meat products","Production","t",2016,1533261.15,"Other meat of mammals, fresh or chilled","no"
NA,"World","Meat and meat products","Production","t",2017,1546912.35,"Other meat of mammals, fresh or chilled","no"
NA,"World","Meat and meat products","Production","t",2018,1474047.05,"Other meat of mammals, fresh or chilled","no"
NA,"World","Meat and meat products","Production","t",2019,1447070.43,"Other meat of mammals, fresh or chilled","no"
NA,"World","Meat and meat products","Production","t",2020,1501007.4,"Other meat of mammals, fresh or chilled","no"
NA,"World","Meat and meat products","Production","t",2021,1523375.92,"Other meat of mammals, fresh or chilled","no"
NA,"World","Meat and meat products","Production","t",2022,1566866.16,"Other meat of mammals, fresh or chilled","no"
NA,"World","Meat and meat products","Production","t",2023,1571602.37,"Other meat of mammals, fresh or chilled","no"
NA,"World","Fruits and nuts","Area harvested","ha",1992,412857,"Other nuts (excluding wild edible nuts and groundnuts), in shell, n.e.c.","no"
NA,"World","Fruits and nuts","Area harvested","ha",1993,445640,"Other nuts (excluding wild edible nuts and groundnuts), in shell, n.e.c.","no"
NA,"World","Fruits and nuts","Area harvested","ha",1994,468033,"Other nuts (excluding wild edible nuts and groundnuts), in shell, n.e.c.","no"
NA,"World","Fruits and nuts","Area harvested","ha",1995,496478,"Other nuts (excluding wild edible nuts and groundnuts), in shell, n.e.c.","no"
NA,"World","Fruits and nuts","Area harvested","ha",1996,498993,"Other nuts (excluding wild edible nuts and groundnuts), in shell, n.e.c.","no"
NA,"World","Fruits and nuts","Area harvested","ha",1997,522793,"Other nuts (excluding wild edible nuts and groundnuts), in shell, n.e.c.","no"
NA,"World","Fruits and nuts","Area harvested","ha",1998,490048,"Other nuts (excluding wild edible nuts and groundnuts), in shell, n.e.c.","no"
NA,"World","Fruits and nuts","Area harvested","ha",1999,496271,"Other nuts (excluding wild edible nuts and groundnuts), in shell, n.e.c.","no"
NA,"World","Fruits and nuts","Area harvested","ha",2000,531582,"Other nuts (excluding wild edible nuts and groundnuts), in shell, n.e.c.","no"
NA,"World","Fruits and nuts","Area harvested","ha",2001,577208,"Other nuts (excluding wild edible nuts and groundnuts), in shell, n.e.c.","no"
NA,"World","Fruits and nuts","Area harvested","ha",2002,539629,"Other nuts (excluding wild edible nuts and groundnuts), in shell, n.e.c.","no"
NA,"World","Fruits and nuts","Area harvested","ha",2003,564726,"Other nuts (excluding wild edible nuts and groundnuts), in shell, n.e.c.","no"
NA,"World","Fruits and nuts","Area harvested","ha",2004,566525,"Other nuts (excluding wild edible nuts and groundnuts), in shell, n.e.c.","no"
NA,"World","Fruits and nuts","Area harvested","ha",2005,568819,"Other nuts (excluding wild edible nuts and groundnuts), in shell, n.e.c.","no"
NA,"World","Fruits and nuts","Area harvested","ha",2006,551033,"Other nuts (excluding wild edible nuts and groundnuts), in shell, n.e.c.","no"
NA,"World","Fruits and nuts","Area harvested","ha",2007,580417,"Other nuts (excluding wild edible nuts and groundnuts), in shell, n.e.c.","no"
NA,"World","Fruits and nuts","Area harvested","ha",2008,573012,"Other nuts (excluding wild edible nuts and groundnuts), in shell, n.e.c.","no"
NA,"World","Fruits and nuts","Area harvested","ha",2009,587400,"Other nuts (excluding wild edible nuts and groundnuts), in shell, n.e.c.","no"
NA,"World","Fruits and nuts","Area harvested","ha",2010,590903,"Other nuts (excluding wild edible nuts and groundnuts), in shell, n.e.c.","no"
NA,"World","Fruits and nuts","Area harvested","ha",2011,577030,"Other nuts (excluding wild edible nuts and groundnuts), in shell, n.e.c.","no"
NA,"World","Fruits and nuts","Area harvested","ha",2012,594683,"Other nuts (excluding wild edible nuts and groundnuts), in shell, n.e.c.","no"
NA,"World","Fruits and nuts","Area harvested","ha",2013,596304,"Other nuts (excluding wild edible nuts and groundnuts), in shell, n.e.c.","no"
NA,"World","Fruits and nuts","Area harvested","ha",2014,598411,"Other nuts (excluding wild edible nuts and groundnuts), in shell, n.e.c.","no"
NA,"World","Fruits and nuts","Area harvested","ha",2015,632953,"Other nuts (excluding wild edible nuts and groundnuts), in shell, n.e.c.","no"
NA,"World","Fruits and nuts","Area harvested","ha",2016,713416,"Other nuts (excluding wild edible nuts and groundnuts), in shell, n.e.c.","no"
NA,"World","Fruits and nuts","Area harvested","ha",2017,735146,"Other nuts (excluding wild edible nuts and groundnuts), in shell, n.e.c.","no"
NA,"World","Fruits and nuts","Area harvested","ha",2018,833884,"Other nuts (excluding wild edible nuts and groundnuts), in shell, n.e.c.","no"
NA,"World","Fruits and nuts","Area harvested","ha",2019,884844,"Other nuts (excluding wild edible nuts and groundnuts), in shell, n.e.c.","no"
NA,"World","Fruits and nuts","Area harvested","ha",2020,919378,"Other nuts (excluding wild edible nuts and groundnuts), in shell, n.e.c.","no"
NA,"World","Fruits and nuts","Area harvested","ha",2021,942061,"Other nuts (excluding wild edible nuts and groundnuts), in shell, n.e.c.","no"
NA,"World","Fruits and nuts","Area harvested","ha",2022,955139,"Other nuts (excluding wild edible nuts and groundnuts), in shell, n.e.c.","no"
NA,"World","Fruits and nuts","Area harvested","ha",2023,968612,"Other nuts (excluding wild edible nuts and groundnuts), in shell, n.e.c.","no"
NA,"World","Fruits and nuts","Yield","kg/ha",1992,1046.3,"Other nuts (excluding wild edible nuts and groundnuts), in shell, n.e.c.","no"
NA,"World","Fruits and nuts","Yield","kg/ha",1993,1225.1,"Other nuts (excluding wild edible nuts and groundnuts), in shell, n.e.c.","no"
NA,"World","Fruits and nuts","Yield","kg/ha",1994,1060.4,"Other nuts (excluding wild edible nuts and groundnuts), in shell, n.e.c.","no"
NA,"World","Fruits and nuts","Yield","kg/ha",1995,1104.9,"Other nuts (excluding wild edible nuts and groundnuts), in shell, n.e.c.","no"
NA,"World","Fruits and nuts","Yield","kg/ha",1996,1108,"Other nuts (excluding wild edible nuts and groundnuts), in shell, n.e.c.","no"
NA,"World","Fruits and nuts","Yield","kg/ha",1997,1122,"Other nuts (excluding wild edible nuts and groundnuts), in shell, n.e.c.","no"
NA,"World","Fruits and nuts","Yield","kg/ha",1998,1127,"Other nuts (excluding wild edible nuts and groundnuts), in shell, n.e.c.","no"
NA,"World","Fruits and nuts","Yield","kg/ha",1999,1344.5,"Other nuts (excluding wild edible nuts and groundnuts), in shell, n.e.c.","no"
NA,"World","Fruits and nuts","Yield","kg/ha",2000,1183.5,"Other nuts (excluding wild edible nuts and groundnuts), in shell, n.e.c.","no"
NA,"World","Fruits and nuts","Yield","kg/ha",2001,1258.5,"Other nuts (excluding wild edible nuts and groundnuts), in shell, n.e.c.","no"
NA,"World","Fruits and nuts","Yield","kg/ha",2002,1214.5,"Other nuts (excluding wild edible nuts and groundnuts), in shell, n.e.c.","no"
NA,"World","Fruits and nuts","Yield","kg/ha",2003,1322.9,"Other nuts (excluding wild edible nuts and groundnuts), in shell, n.e.c.","no"
NA,"World","Fruits and nuts","Yield","kg/ha",2004,1300.6,"Other nuts (excluding wild edible nuts and groundnuts), in shell, n.e.c.","no"
NA,"World","Fruits and nuts","Yield","kg/ha",2005,1324.5,"Other nuts (excluding wild edible nuts and groundnuts), in shell, n.e.c.","no"
NA,"World","Fruits and nuts","Yield","kg/ha",2006,1369,"Other nuts (excluding wild edible nuts and groundnuts), in shell, n.e.c.","no"
NA,"World","Fruits and nuts","Yield","kg/ha",2007,1479.2,"Other nuts (excluding wild edible nuts and groundnuts), in shell, n.e.c.","no"
NA,"World","Fruits and nuts","Yield","kg/ha",2008,1465.4,"Other nuts (excluding wild edible nuts and groundnuts), in shell, n.e.c.","no"
NA,"World","Fruits and nuts","Yield","kg/ha",2009,1482.3,"Other nuts (excluding wild edible nuts and groundnuts), in shell, n.e.c.","no"
NA,"World","Fruits and nuts","Yield","kg/ha",2010,1471.5,"Other nuts (excluding wild edible nuts and groundnuts), in shell, n.e.c.","no"
NA,"World","Fruits and nuts","Yield","kg/ha",2011,1538.5,"Other nuts (excluding wild edible nuts and groundnuts), in shell, n.e.c.","no"
NA,"World","Fruits and nuts","Yield","kg/ha",2012,1533.6,"Other nuts (excluding wild edible nuts and groundnuts), in shell, n.e.c.","no"
NA,"World","Fruits and nuts","Yield","kg/ha",2013,1562.4,"Other nuts (excluding wild edible nuts and groundnuts), in shell, n.e.c.","no"
NA,"World","Fruits and nuts","Yield","kg/ha",2014,1601.5,"Other nuts (excluding wild edible nuts and groundnuts), in shell, n.e.c.","no"
NA,"World","Fruits and nuts","Yield","kg/ha",2015,1570.5,"Other nuts (excluding wild edible nuts and groundnuts), in shell, n.e.c.","no"
NA,"World","Fruits and nuts","Yield","kg/ha",2016,1375.6,"Other nuts (excluding wild edible nuts and groundnuts), in shell, n.e.c.","no"
NA,"World","Fruits and nuts","Yield","kg/ha",2017,1404.7,"Other nuts (excluding wild edible nuts and groundnuts), in shell, n.e.c.","no"
NA,"World","Fruits and nuts","Yield","kg/ha",2018,1231.8,"Other nuts (excluding wild edible nuts and groundnuts), in shell, n.e.c.","no"
NA,"World","Fruits and nuts","Yield","kg/ha",2019,1186.6,"Other nuts (excluding wild edible nuts and groundnuts), in shell, n.e.c.","no"
NA,"World","Fruits and nuts","Yield","kg/ha",2020,1181.3,"Other nuts (excluding wild edible nuts and groundnuts), in shell, n.e.c.","no"
NA,"World","Fruits and nuts","Yield","kg/ha",2021,1168.1,"Other nuts (excluding wild edible nuts and groundnuts), in shell, n.e.c.","no"
NA,"World","Fruits and nuts","Yield","kg/ha",2022,1161.4,"Other nuts (excluding wild edible nuts and groundnuts), in shell, n.e.c.","no"
NA,"World","Fruits and nuts","Yield","kg/ha",2023,1160.1,"Other nuts (excluding wild edible nuts and groundnuts), in shell, n.e.c.","no"
NA,"World","Fruits and nuts","Production","t",1992,431954.81,"Other nuts (excluding wild edible nuts and groundnuts), in shell, n.e.c.","no"
NA,"World","Fruits and nuts","Production","t",1993,545941.17,"Other nuts (excluding wild edible nuts and groundnuts), in shell, n.e.c.","no"
NA,"World","Fruits and nuts","Production","t",1994,496297.54,"Other nuts (excluding wild edible nuts and groundnuts), in shell, n.e.c.","no"
NA,"World","Fruits and nuts","Production","t",1995,548552.05,"Other nuts (excluding wild edible nuts and groundnuts), in shell, n.e.c.","no"
NA,"World","Fruits and nuts","Production","t",1996,552893.91,"Other nuts (excluding wild edible nuts and groundnuts), in shell, n.e.c.","no"
NA,"World","Fruits and nuts","Production","t",1997,586589.38,"Other nuts (excluding wild edible nuts and groundnuts), in shell, n.e.c.","no"
NA,"World","Fruits and nuts","Production","t",1998,552265.16,"Other nuts (excluding wild edible nuts and groundnuts), in shell, n.e.c.","no"
NA,"World","Fruits and nuts","Production","t",1999,667224.32,"Other nuts (excluding wild edible nuts and groundnuts), in shell, n.e.c.","no"
NA,"World","Fruits and nuts","Production","t",2000,629120.36,"Other nuts (excluding wild edible nuts and groundnuts), in shell, n.e.c.","no"
NA,"World","Fruits and nuts","Production","t",2001,726437.84,"Other nuts (excluding wild edible nuts and groundnuts), in shell, n.e.c.","no"
NA,"World","Fruits and nuts","Production","t",2002,655381.91,"Other nuts (excluding wild edible nuts and groundnuts), in shell, n.e.c.","no"
NA,"World","Fruits and nuts","Production","t",2003,747091.13,"Other nuts (excluding wild edible nuts and groundnuts), in shell, n.e.c.","no"
NA,"World","Fruits and nuts","Production","t",2004,736838.01,"Other nuts (excluding wild edible nuts and groundnuts), in shell, n.e.c.","no"
NA,"World","Fruits and nuts","Production","t",2005,753420.07,"Other nuts (excluding wild edible nuts and groundnuts), in shell, n.e.c.","no"
NA,"World","Fruits and nuts","Production","t",2006,754344.09,"Other nuts (excluding wild edible nuts and groundnuts), in shell, n.e.c.","no"
NA,"World","Fruits and nuts","Production","t",2007,858540.27,"Other nuts (excluding wild edible nuts and groundnuts), in shell, n.e.c.","no"
NA,"World","Fruits and nuts","Production","t",2008,839687.61,"Other nuts (excluding wild edible nuts and groundnuts), in shell, n.e.c.","no"
NA,"World","Fruits and nuts","Production","t",2009,870696.83,"Other nuts (excluding wild edible nuts and groundnuts), in shell, n.e.c.","no"
NA,"World","Fruits and nuts","Production","t",2010,869534.96,"Other nuts (excluding wild edible nuts and groundnuts), in shell, n.e.c.","no"
NA,"World","Fruits and nuts","Production","t",2011,887740.31,"Other nuts (excluding wild edible nuts and groundnuts), in shell, n.e.c.","no"
NA,"World","Fruits and nuts","Production","t",2012,912025.92,"Other nuts (excluding wild edible nuts and groundnuts), in shell, n.e.c.","no"
NA,"World","Fruits and nuts","Production","t",2013,931682.46,"Other nuts (excluding wild edible nuts and groundnuts), in shell, n.e.c.","no"
NA,"World","Fruits and nuts","Production","t",2014,958370.99,"Other nuts (excluding wild edible nuts and groundnuts), in shell, n.e.c.","no"
NA,"World","Fruits and nuts","Production","t",2015,994041.06,"Other nuts (excluding wild edible nuts and groundnuts), in shell, n.e.c.","no"
NA,"World","Fruits and nuts","Production","t",2016,981396,"Other nuts (excluding wild edible nuts and groundnuts), in shell, n.e.c.","no"
NA,"World","Fruits and nuts","Production","t",2017,1032633.51,"Other nuts (excluding wild edible nuts and groundnuts), in shell, n.e.c.","no"
NA,"World","Fruits and nuts","Production","t",2018,1027136.87,"Other nuts (excluding wild edible nuts and groundnuts), in shell, n.e.c.","no"
NA,"World","Fruits and nuts","Production","t",2019,1049947.97,"Other nuts (excluding wild edible nuts and groundnuts), in shell, n.e.c.","no"
NA,"World","Fruits and nuts","Production","t",2020,1086029.15,"Other nuts (excluding wild edible nuts and groundnuts), in shell, n.e.c.","no"
NA,"World","Fruits and nuts","Production","t",2021,1100454.27,"Other nuts (excluding wild edible nuts and groundnuts), in shell, n.e.c.","no"
NA,"World","Fruits and nuts","Production","t",2022,1109276.48,"Other nuts (excluding wild edible nuts and groundnuts), in shell, n.e.c.","no"
NA,"World","Fruits and nuts","Production","t",2023,1123697.19,"Other nuts (excluding wild edible nuts and groundnuts), in shell, n.e.c.","no"
NA,"World","Oilseeds and oleaginous fruits","Area harvested","ha",1992,1873409,"Other oil seeds, n.e.c.","no"
NA,"World","Oilseeds and oleaginous fruits","Area harvested","ha",1993,2001371,"Other oil seeds, n.e.c.","no"
NA,"World","Oilseeds and oleaginous fruits","Area harvested","ha",1994,2130752,"Other oil seeds, n.e.c.","no"
NA,"World","Oilseeds and oleaginous fruits","Area harvested","ha",1995,2139680,"Other oil seeds, n.e.c.","no"
NA,"World","Oilseeds and oleaginous fruits","Area harvested","ha",1996,2131778,"Other oil seeds, n.e.c.","no"
NA,"World","Oilseeds and oleaginous fruits","Area harvested","ha",1997,2205994,"Other oil seeds, n.e.c.","no"
NA,"World","Oilseeds and oleaginous fruits","Area harvested","ha",1998,2181060,"Other oil seeds, n.e.c.","no"
NA,"World","Oilseeds and oleaginous fruits","Area harvested","ha",1999,2252383,"Other oil seeds, n.e.c.","no"
NA,"World","Oilseeds and oleaginous fruits","Area harvested","ha",2000,2201591,"Other oil seeds, n.e.c.","no"
NA,"World","Oilseeds and oleaginous fruits","Area harvested","ha",2001,2481243,"Other oil seeds, n.e.c.","no"
NA,"World","Oilseeds and oleaginous fruits","Area harvested","ha",2002,2308551,"Other oil seeds, n.e.c.","no"
NA,"World","Oilseeds and oleaginous fruits","Area harvested","ha",2003,2435983,"Other oil seeds, n.e.c.","no"
NA,"World","Oilseeds and oleaginous fruits","Area harvested","ha",2004,2551170,"Other oil seeds, n.e.c.","no"
NA,"World","Oilseeds and oleaginous fruits","Area harvested","ha",2005,2635651,"Other oil seeds, n.e.c.","no"
NA,"World","Oilseeds and oleaginous fruits","Area harvested","ha",2006,2807608,"Other oil seeds, n.e.c.","no"
NA,"World","Oilseeds and oleaginous fruits","Area harvested","ha",2007,2772182,"Other oil seeds, n.e.c.","no"
NA,"World","Oilseeds and oleaginous fruits","Area harvested","ha",2008,2894247,"Other oil seeds, n.e.c.","no"
NA,"World","Oilseeds and oleaginous fruits","Area harvested","ha",2009,3098762,"Other oil seeds, n.e.c.","no"
NA,"World","Oilseeds and oleaginous fruits","Area harvested","ha",2010,2586945,"Other oil seeds, n.e.c.","no"
NA,"World","Oilseeds and oleaginous fruits","Area harvested","ha",2011,2492147,"Other oil seeds, n.e.c.","no"
NA,"World","Oilseeds and oleaginous fruits","Area harvested","ha",2012,2722959,"Other oil seeds, n.e.c.","no"
NA,"World","Oilseeds and oleaginous fruits","Area harvested","ha",2013,2731883,"Other oil seeds, n.e.c.","no"
NA,"World","Oilseeds and oleaginous fruits","Area harvested","ha",2014,2752087,"Other oil seeds, n.e.c.","no"
NA,"World","Oilseeds and oleaginous fruits","Area harvested","ha",2015,2817010,"Other oil seeds, n.e.c.","no"
NA,"World","Oilseeds and oleaginous fruits","Area harvested","ha",2016,2921107,"Other oil seeds, n.e.c.","no"
NA,"World","Oilseeds and oleaginous fruits","Area harvested","ha",2017,2843169,"Other oil seeds, n.e.c.","no"
NA,"World","Oilseeds and oleaginous fruits","Area harvested","ha",2018,2690202,"Other oil seeds, n.e.c.","no"
NA,"World","Oilseeds and oleaginous fruits","Area harvested","ha",2019,2727972,"Other oil seeds, n.e.c.","no"
NA,"World","Oilseeds and oleaginous fruits","Area harvested","ha",2020,2652853,"Other oil seeds, n.e.c.","no"
NA,"World","Oilseeds and oleaginous fruits","Area harvested","ha",2021,2664212,"Other oil seeds, n.e.c.","no"
NA,"World","Oilseeds and oleaginous fruits","Area harvested","ha",2022,2695895,"Other oil seeds, n.e.c.","no"
NA,"World","Oilseeds and oleaginous fruits","Area harvested","ha",2023,2691218,"Other oil seeds, n.e.c.","no"
NA,"World","Oilseeds and oleaginous fruits","Yield","kg/ha",1992,748.8,"Other oil seeds, n.e.c.","no"
NA,"World","Oilseeds and oleaginous fruits","Yield","kg/ha",1993,687.4,"Other oil seeds, n.e.c.","no"
NA,"World","Oilseeds and oleaginous fruits","Yield","kg/ha",1994,733.1,"Other oil seeds, n.e.c.","no"
NA,"World","Oilseeds and oleaginous fruits","Yield","kg/ha",1995,739.4,"Other oil seeds, n.e.c.","no"
NA,"World","Oilseeds and oleaginous fruits","Yield","kg/ha",1996,726.7,"Other oil seeds, n.e.c.","no"
NA,"World","Oilseeds and oleaginous fruits","Yield","kg/ha",1997,767.4,"Other oil seeds, n.e.c.","no"
NA,"World","Oilseeds and oleaginous fruits","Yield","kg/ha",1998,739.8,"Other oil seeds, n.e.c.","no"
NA,"World","Oilseeds and oleaginous fruits","Yield","kg/ha",1999,767.5,"Other oil seeds, n.e.c.","no"
NA,"World","Oilseeds and oleaginous fruits","Yield","kg/ha",2000,804.6,"Other oil seeds, n.e.c.","no"
NA,"World","Oilseeds and oleaginous fruits","Yield","kg/ha",2001,787.4,"Other oil seeds, n.e.c.","no"
NA,"World","Oilseeds and oleaginous fruits","Yield","kg/ha",2002,851.7,"Other oil seeds, n.e.c.","no"
NA,"World","Oilseeds and oleaginous fruits","Yield","kg/ha",2003,803.6,"Other oil seeds, n.e.c.","no"
NA,"World","Oilseeds and oleaginous fruits","Yield","kg/ha",2004,821.2,"Other oil seeds, n.e.c.","no"
NA,"World","Oilseeds and oleaginous fruits","Yield","kg/ha",2005,829.3,"Other oil seeds, n.e.c.","no"
NA,"World","Oilseeds and oleaginous fruits","Yield","kg/ha",2006,837.6,"Other oil seeds, n.e.c.","no"
NA,"World","Oilseeds and oleaginous fruits","Yield","kg/ha",2007,832.3,"Other oil seeds, n.e.c.","no"
NA,"World","Oilseeds and oleaginous fruits","Yield","kg/ha",2008,861.7,"Other oil seeds, n.e.c.","no"
NA,"World","Oilseeds and oleaginous fruits","Yield","kg/ha",2009,864.9,"Other oil seeds, n.e.c.","no"
NA,"World","Oilseeds and oleaginous fruits","Yield","kg/ha",2010,735.2,"Other oil seeds, n.e.c.","no"
NA,"World","Oilseeds and oleaginous fruits","Yield","kg/ha",2011,789.2,"Other oil seeds, n.e.c.","no"
NA,"World","Oilseeds and oleaginous fruits","Yield","kg/ha",2012,762.7,"Other oil seeds, n.e.c.","no"
NA,"World","Oilseeds and oleaginous fruits","Yield","kg/ha",2013,780.5,"Other oil seeds, n.e.c.","no"
NA,"World","Oilseeds and oleaginous fruits","Yield","kg/ha",2014,800.1,"Other oil seeds, n.e.c.","no"
NA,"World","Oilseeds and oleaginous fruits","Yield","kg/ha",2015,830.2,"Other oil seeds, n.e.c.","no"
NA,"World","Oilseeds and oleaginous fruits","Yield","kg/ha",2016,832.7,"Other oil seeds, n.e.c.","no"
NA,"World","Oilseeds and oleaginous fruits","Yield","kg/ha",2017,874.6,"Other oil seeds, n.e.c.","no"
NA,"World","Oilseeds and oleaginous fruits","Yield","kg/ha",2018,873.6,"Other oil seeds, n.e.c.","no"
NA,"World","Oilseeds and oleaginous fruits","Yield","kg/ha",2019,875.7,"Other oil seeds, n.e.c.","no"
NA,"World","Oilseeds and oleaginous fruits","Yield","kg/ha",2020,857.1,"Other oil seeds, n.e.c.","no"
NA,"World","Oilseeds and oleaginous fruits","Yield","kg/ha",2021,854.7,"Other oil seeds, n.e.c.","no"
NA,"World","Oilseeds and oleaginous fruits","Yield","kg/ha",2022,889.3,"Other oil seeds, n.e.c.","no"
NA,"World","Oilseeds and oleaginous fruits","Yield","kg/ha",2023,894.8,"Other oil seeds, n.e.c.","no"
NA,"World","Oilseeds and oleaginous fruits","Production","t",1992,1402859.33,"Other oil seeds, n.e.c.","no"
NA,"World","Oilseeds and oleaginous fruits","Production","t",1993,1375815.14,"Other oil seeds, n.e.c.","no"
NA,"World","Oilseeds and oleaginous fruits","Production","t",1994,1562088.68,"Other oil seeds, n.e.c.","no"
NA,"World","Oilseeds and oleaginous fruits","Production","t",1995,1581980.88,"Other oil seeds, n.e.c.","no"
NA,"World","Oilseeds and oleaginous fruits","Production","t",1996,1549090.17,"Other oil seeds, n.e.c.","no"
NA,"World","Oilseeds and oleaginous fruits","Production","t",1997,1692892.29,"Other oil seeds, n.e.c.","no"
NA,"World","Oilseeds and oleaginous fruits","Production","t",1998,1613580.78,"Other oil seeds, n.e.c.","no"
NA,"World","Oilseeds and oleaginous fruits","Production","t",1999,1728624.37,"Other oil seeds, n.e.c.","no"
NA,"World","Oilseeds and oleaginous fruits","Production","t",2000,1771443.54,"Other oil seeds, n.e.c.","no"
NA,"World","Oilseeds and oleaginous fruits","Production","t",2001,1953669.88,"Other oil seeds, n.e.c.","no"
NA,"World","Oilseeds and oleaginous fruits","Production","t",2002,1966091.91,"Other oil seeds, n.e.c.","no"
NA,"World","Oilseeds and oleaginous fruits","Production","t",2003,1957653.22,"Other oil seeds, n.e.c.","no"
NA,"World","Oilseeds and oleaginous fruits","Production","t",2004,2095022.1,"Other oil seeds, n.e.c.","no"
NA,"World","Oilseeds and oleaginous fruits","Production","t",2005,2185617.94,"Other oil seeds, n.e.c.","no"
NA,"World","Oilseeds and oleaginous fruits","Production","t",2006,2351551.33,"Other oil seeds, n.e.c.","no"
NA,"World","Oilseeds and oleaginous fruits","Production","t",2007,2307284.31,"Other oil seeds, n.e.c.","no"
NA,"World","Oilseeds and oleaginous fruits","Production","t",2008,2494060.08,"Other oil seeds, n.e.c.","no"
NA,"World","Oilseeds and oleaginous fruits","Production","t",2009,2680211.64,"Other oil seeds, n.e.c.","no"
NA,"World","Oilseeds and oleaginous fruits","Production","t",2010,1901969,"Other oil seeds, n.e.c.","no"
NA,"World","Oilseeds and oleaginous fruits","Production","t",2011,1966758.75,"Other oil seeds, n.e.c.","no"
NA,"World","Oilseeds and oleaginous fruits","Production","t",2012,2076699.83,"Other oil seeds, n.e.c.","no"
NA,"World","Oilseeds and oleaginous fruits","Production","t",2013,2132154.14,"Other oil seeds, n.e.c.","no"
NA,"World","Oilseeds and oleaginous fruits","Production","t",2014,2202030.65,"Other oil seeds, n.e.c.","no"
NA,"World","Oilseeds and oleaginous fruits","Production","t",2015,2338762.9,"Other oil seeds, n.e.c.","no"
NA,"World","Oilseeds and oleaginous fruits","Production","t",2016,2432542.93,"Other oil seeds, n.e.c.","no"
NA,"World","Oilseeds and oleaginous fruits","Production","t",2017,2486720.98,"Other oil seeds, n.e.c.","no"
NA,"World","Oilseeds and oleaginous fruits","Production","t",2018,2350073.81,"Other oil seeds, n.e.c.","no"
NA,"World","Oilseeds and oleaginous fruits","Production","t",2019,2388765.61,"Other oil seeds, n.e.c.","no"
NA,"World","Oilseeds and oleaginous fruits","Production","t",2020,2273754.22,"Other oil seeds, n.e.c.","no"
NA,"World","Oilseeds and oleaginous fruits","Production","t",2021,2277193.92,"Other oil seeds, n.e.c.","no"
NA,"World","Oilseeds and oleaginous fruits","Production","t",2022,2397361.26,"Other oil seeds, n.e.c.","no"
NA,"World","Oilseeds and oleaginous fruits","Production","t",2023,2408176.67,"Other oil seeds, n.e.c.","no"
NA,"World","Fruits and nuts","Area harvested","ha",1992,NA,"Other pome fruits","no"
NA,"World","Fruits and nuts","Area harvested","ha",1993,NA,"Other pome fruits","no"
NA,"World","Fruits and nuts","Area harvested","ha",1994,NA,"Other pome fruits","no"
NA,"World","Fruits and nuts","Area harvested","ha",1995,NA,"Other pome fruits","no"
NA,"World","Fruits and nuts","Area harvested","ha",1996,NA,"Other pome fruits","no"
NA,"World","Fruits and nuts","Area harvested","ha",1997,NA,"Other pome fruits","no"
NA,"World","Fruits and nuts","Area harvested","ha",1998,NA,"Other pome fruits","no"
NA,"World","Fruits and nuts","Area harvested","ha",1999,NA,"Other pome fruits","no"
NA,"World","Fruits and nuts","Area harvested","ha",2000,8500,"Other pome fruits","no"
NA,"World","Fruits and nuts","Area harvested","ha",2001,8500,"Other pome fruits","no"
NA,"World","Fruits and nuts","Area harvested","ha",2002,8500,"Other pome fruits","no"
NA,"World","Fruits and nuts","Area harvested","ha",2003,9500,"Other pome fruits","no"
NA,"World","Fruits and nuts","Area harvested","ha",2004,8900,"Other pome fruits","no"
NA,"World","Fruits and nuts","Area harvested","ha",2005,9700,"Other pome fruits","no"
NA,"World","Fruits and nuts","Area harvested","ha",2006,10285,"Other pome fruits","no"
NA,"World","Fruits and nuts","Area harvested","ha",2007,10800,"Other pome fruits","no"
NA,"World","Fruits and nuts","Area harvested","ha",2008,9800,"Other pome fruits","no"
NA,"World","Fruits and nuts","Area harvested","ha",2009,10300,"Other pome fruits","no"
NA,"World","Fruits and nuts","Area harvested","ha",2010,10400,"Other pome fruits","no"
NA,"World","Fruits and nuts","Area harvested","ha",2011,11000,"Other pome fruits","no"
NA,"World","Fruits and nuts","Area harvested","ha",2012,8882,"Other pome fruits","no"
NA,"World","Fruits and nuts","Area harvested","ha",2013,9000,"Other pome fruits","no"
NA,"World","Fruits and nuts","Area harvested","ha",2014,9974,"Other pome fruits","no"
NA,"World","Fruits and nuts","Area harvested","ha",2015,14500,"Other pome fruits","no"
NA,"World","Fruits and nuts","Area harvested","ha",2016,11226,"Other pome fruits","no"
NA,"World","Fruits and nuts","Area harvested","ha",2017,12211,"Other pome fruits","no"
NA,"World","Fruits and nuts","Area harvested","ha",2018,24920,"Other pome fruits","no"
NA,"World","Fruits and nuts","Area harvested","ha",2019,23554,"Other pome fruits","no"
NA,"World","Fruits and nuts","Area harvested","ha",2020,24916,"Other pome fruits","no"
NA,"World","Fruits and nuts","Area harvested","ha",2021,24399,"Other pome fruits","no"
NA,"World","Fruits and nuts","Area harvested","ha",2022,24942,"Other pome fruits","no"
NA,"World","Fruits and nuts","Area harvested","ha",2023,26646,"Other pome fruits","no"
NA,"World","Fruits and nuts","Yield","kg/ha",1992,NA,"Other pome fruits","no"
NA,"World","Fruits and nuts","Yield","kg/ha",1993,NA,"Other pome fruits","no"
NA,"World","Fruits and nuts","Yield","kg/ha",1994,NA,"Other pome fruits","no"
NA,"World","Fruits and nuts","Yield","kg/ha",1995,NA,"Other pome fruits","no"
NA,"World","Fruits and nuts","Yield","kg/ha",1996,NA,"Other pome fruits","no"
NA,"World","Fruits and nuts","Yield","kg/ha",1997,NA,"Other pome fruits","no"
NA,"World","Fruits and nuts","Yield","kg/ha",1998,NA,"Other pome fruits","no"
NA,"World","Fruits and nuts","Yield","kg/ha",1999,NA,"Other pome fruits","no"
NA,"World","Fruits and nuts","Yield","kg/ha",2000,4647.1,"Other pome fruits","no"
NA,"World","Fruits and nuts","Yield","kg/ha",2001,4705.9,"Other pome fruits","no"
NA,"World","Fruits and nuts","Yield","kg/ha",2002,4941.2,"Other pome fruits","no"
NA,"World","Fruits and nuts","Yield","kg/ha",2003,4536.8,"Other pome fruits","no"
NA,"World","Fruits and nuts","Yield","kg/ha",2004,4831.5,"Other pome fruits","no"
NA,"World","Fruits and nuts","Yield","kg/ha",2005,4938.1,"Other pome fruits","no"
NA,"World","Fruits and nuts","Yield","kg/ha",2006,6760.5,"Other pome fruits","no"
NA,"World","Fruits and nuts","Yield","kg/ha",2007,6509.3,"Other pome fruits","no"
NA,"World","Fruits and nuts","Yield","kg/ha",2008,7675.5,"Other pome fruits","no"
NA,"World","Fruits and nuts","Yield","kg/ha",2009,7902.9,"Other pome fruits","no"
NA,"World","Fruits and nuts","Yield","kg/ha",2010,8769.2,"Other pome fruits","no"
NA,"World","Fruits and nuts","Yield","kg/ha",2011,3628.2,"Other pome fruits","no"
NA,"World","Fruits and nuts","Yield","kg/ha",2012,5021.4,"Other pome fruits","no"
NA,"World","Fruits and nuts","Yield","kg/ha",2013,5084.3,"Other pome fruits","no"
NA,"World","Fruits and nuts","Yield","kg/ha",2014,5088.3,"Other pome fruits","no"
NA,"World","Fruits and nuts","Yield","kg/ha",2015,3927.6,"Other pome fruits","no"
NA,"World","Fruits and nuts","Yield","kg/ha",2016,4529.4,"Other pome fruits","no"
NA,"World","Fruits and nuts","Yield","kg/ha",2017,4217.2,"Other pome fruits","no"
NA,"World","Fruits and nuts","Yield","kg/ha",2018,6777.3,"Other pome fruits","no"
NA,"World","Fruits and nuts","Yield","kg/ha",2019,6828.4,"Other pome fruits","no"
NA,"World","Fruits and nuts","Yield","kg/ha",2020,6325.7,"Other pome fruits","no"
NA,"World","Fruits and nuts","Yield","kg/ha",2021,6367.3,"Other pome fruits","no"
NA,"World","Fruits and nuts","Yield","kg/ha",2022,6370,"Other pome fruits","no"
NA,"World","Fruits and nuts","Yield","kg/ha",2023,6042.1,"Other pome fruits","no"
NA,"World","Fruits and nuts","Production","t",1992,NA,"Other pome fruits","no"
NA,"World","Fruits and nuts","Production","t",1993,NA,"Other pome fruits","no"
NA,"World","Fruits and nuts","Production","t",1994,NA,"Other pome fruits","no"
NA,"World","Fruits and nuts","Production","t",1995,NA,"Other pome fruits","no"
NA,"World","Fruits and nuts","Production","t",1996,NA,"Other pome fruits","no"
NA,"World","Fruits and nuts","Production","t",1997,NA,"Other pome fruits","no"
NA,"World","Fruits and nuts","Production","t",1998,NA,"Other pome fruits","no"
NA,"World","Fruits and nuts","Production","t",1999,NA,"Other pome fruits","no"
NA,"World","Fruits and nuts","Production","t",2000,39500,"Other pome fruits","no"
NA,"World","Fruits and nuts","Production","t",2001,40000,"Other pome fruits","no"
NA,"World","Fruits and nuts","Production","t",2002,42000,"Other pome fruits","no"
NA,"World","Fruits and nuts","Production","t",2003,43100,"Other pome fruits","no"
NA,"World","Fruits and nuts","Production","t",2004,43000,"Other pome fruits","no"
NA,"World","Fruits and nuts","Production","t",2005,47900,"Other pome fruits","no"
NA,"World","Fruits and nuts","Production","t",2006,69532,"Other pome fruits","no"
NA,"World","Fruits and nuts","Production","t",2007,70300,"Other pome fruits","no"
NA,"World","Fruits and nuts","Production","t",2008,75220,"Other pome fruits","no"
NA,"World","Fruits and nuts","Production","t",2009,81400,"Other pome fruits","no"
NA,"World","Fruits and nuts","Production","t",2010,91200,"Other pome fruits","no"
NA,"World","Fruits and nuts","Production","t",2011,39910,"Other pome fruits","no"
NA,"World","Fruits and nuts","Production","t",2012,44600,"Other pome fruits","no"
NA,"World","Fruits and nuts","Production","t",2013,45760,"Other pome fruits","no"
NA,"World","Fruits and nuts","Production","t",2014,50750,"Other pome fruits","no"
NA,"World","Fruits and nuts","Production","t",2015,56950,"Other pome fruits","no"
NA,"World","Fruits and nuts","Production","t",2016,50846.8,"Other pome fruits","no"
NA,"World","Fruits and nuts","Production","t",2017,51494.44,"Other pome fruits","no"
NA,"World","Fruits and nuts","Production","t",2018,168887.12,"Other pome fruits","no"
NA,"World","Fruits and nuts","Production","t",2019,160833.9,"Other pome fruits","no"
NA,"World","Fruits and nuts","Production","t",2020,157612.85,"Other pome fruits","no"
NA,"World","Fruits and nuts","Production","t",2021,155354.84,"Other pome fruits","no"
NA,"World","Fruits and nuts","Production","t",2022,158881.07,"Other pome fruits","no"
NA,"World","Fruits and nuts","Production","t",2023,160996,"Other pome fruits","no"
NA,"World","Pulses (dried leguminous vegetables)","Area harvested","ha",1992,6228002,"Other pulses n.e.c.","no"
NA,"World","Pulses (dried leguminous vegetables)","Area harvested","ha",1993,5152727,"Other pulses n.e.c.","no"
NA,"World","Pulses (dried leguminous vegetables)","Area harvested","ha",1994,5162957,"Other pulses n.e.c.","no"
NA,"World","Pulses (dried leguminous vegetables)","Area harvested","ha",1995,5351936,"Other pulses n.e.c.","no"
NA,"World","Pulses (dried leguminous vegetables)","Area harvested","ha",1996,4461033,"Other pulses n.e.c.","no"
NA,"World","Pulses (dried leguminous vegetables)","Area harvested","ha",1997,4570617,"Other pulses n.e.c.","no"
NA,"World","Pulses (dried leguminous vegetables)","Area harvested","ha",1998,4572753,"Other pulses n.e.c.","no"
NA,"World","Pulses (dried leguminous vegetables)","Area harvested","ha",1999,4260242,"Other pulses n.e.c.","no"
NA,"World","Pulses (dried leguminous vegetables)","Area harvested","ha",2000,4156579,"Other pulses n.e.c.","no"
NA,"World","Pulses (dried leguminous vegetables)","Area harvested","ha",2001,4264576,"Other pulses n.e.c.","no"
NA,"World","Pulses (dried leguminous vegetables)","Area harvested","ha",2002,4634683,"Other pulses n.e.c.","no"
NA,"World","Pulses (dried leguminous vegetables)","Area harvested","ha",2003,4388747,"Other pulses n.e.c.","no"
NA,"World","Pulses (dried leguminous vegetables)","Area harvested","ha",2004,4146741,"Other pulses n.e.c.","no"
NA,"World","Pulses (dried leguminous vegetables)","Area harvested","ha",2005,4002197,"Other pulses n.e.c.","no"
NA,"World","Pulses (dried leguminous vegetables)","Area harvested","ha",2006,4175622,"Other pulses n.e.c.","no"
NA,"World","Pulses (dried leguminous vegetables)","Area harvested","ha",2007,4166285,"Other pulses n.e.c.","no"
NA,"World","Pulses (dried leguminous vegetables)","Area harvested","ha",2008,4303289,"Other pulses n.e.c.","no"
NA,"World","Pulses (dried leguminous vegetables)","Area harvested","ha",2009,4427874,"Other pulses n.e.c.","no"
NA,"World","Pulses (dried leguminous vegetables)","Area harvested","ha",2010,4624248,"Other pulses n.e.c.","no"
NA,"World","Pulses (dried leguminous vegetables)","Area harvested","ha",2011,4764856,"Other pulses n.e.c.","no"
NA,"World","Pulses (dried leguminous vegetables)","Area harvested","ha",2012,5643928,"Other pulses n.e.c.","no"
NA,"World","Pulses (dried leguminous vegetables)","Area harvested","ha",2013,5859829,"Other pulses n.e.c.","no"
NA,"World","Pulses (dried leguminous vegetables)","Area harvested","ha",2014,5801963,"Other pulses n.e.c.","no"
NA,"World","Pulses (dried leguminous vegetables)","Area harvested","ha",2015,5930752,"Other pulses n.e.c.","no"
NA,"World","Pulses (dried leguminous vegetables)","Area harvested","ha",2016,5369702,"Other pulses n.e.c.","no"
NA,"World","Pulses (dried leguminous vegetables)","Area harvested","ha",2017,5368360,"Other pulses n.e.c.","no"
NA,"World","Pulses (dried leguminous vegetables)","Area harvested","ha",2018,5965946,"Other pulses n.e.c.","no"
NA,"World","Pulses (dried leguminous vegetables)","Area harvested","ha",2019,5728276,"Other pulses n.e.c.","no"
NA,"World","Pulses (dried leguminous vegetables)","Area harvested","ha",2020,5955929,"Other pulses n.e.c.","no"
NA,"World","Pulses (dried leguminous vegetables)","Area harvested","ha",2021,6103951,"Other pulses n.e.c.","no"
NA,"World","Pulses (dried leguminous vegetables)","Area harvested","ha",2022,6107846,"Other pulses n.e.c.","no"
NA,"World","Pulses (dried leguminous vegetables)","Area harvested","ha",2023,6219201,"Other pulses n.e.c.","no"
NA,"World","Pulses (dried leguminous vegetables)","Yield","kg/ha",1992,444.2,"Other pulses n.e.c.","no"
NA,"World","Pulses (dried leguminous vegetables)","Yield","kg/ha",1993,652.7,"Other pulses n.e.c.","no"
NA,"World","Pulses (dried leguminous vegetables)","Yield","kg/ha",1994,664.5,"Other pulses n.e.c.","no"
NA,"World","Pulses (dried leguminous vegetables)","Yield","kg/ha",1995,672.9,"Other pulses n.e.c.","no"
NA,"World","Pulses (dried leguminous vegetables)","Yield","kg/ha",1996,700.7,"Other pulses n.e.c.","no"
NA,"World","Pulses (dried leguminous vegetables)","Yield","kg/ha",1997,732.7,"Other pulses n.e.c.","no"
NA,"World","Pulses (dried leguminous vegetables)","Yield","kg/ha",1998,698.4,"Other pulses n.e.c.","no"
NA,"World","Pulses (dried leguminous vegetables)","Yield","kg/ha",1999,740.9,"Other pulses n.e.c.","no"
NA,"World","Pulses (dried leguminous vegetables)","Yield","kg/ha",2000,780.4,"Other pulses n.e.c.","no"
NA,"World","Pulses (dried leguminous vegetables)","Yield","kg/ha",2001,870.3,"Other pulses n.e.c.","no"
NA,"World","Pulses (dried leguminous vegetables)","Yield","kg/ha",2002,806.4,"Other pulses n.e.c.","no"
NA,"World","Pulses (dried leguminous vegetables)","Yield","kg/ha",2003,783.9,"Other pulses n.e.c.","no"
NA,"World","Pulses (dried leguminous vegetables)","Yield","kg/ha",2004,809.6,"Other pulses n.e.c.","no"
NA,"World","Pulses (dried leguminous vegetables)","Yield","kg/ha",2005,780.6,"Other pulses n.e.c.","no"
NA,"World","Pulses (dried leguminous vegetables)","Yield","kg/ha",2006,777.3,"Other pulses n.e.c.","no"
NA,"World","Pulses (dried leguminous vegetables)","Yield","kg/ha",2007,764.8,"Other pulses n.e.c.","no"
NA,"World","Pulses (dried leguminous vegetables)","Yield","kg/ha",2008,747.8,"Other pulses n.e.c.","no"
NA,"World","Pulses (dried leguminous vegetables)","Yield","kg/ha",2009,744.9,"Other pulses n.e.c.","no"
NA,"World","Pulses (dried leguminous vegetables)","Yield","kg/ha",2010,722.7,"Other pulses n.e.c.","no"
NA,"World","Pulses (dried leguminous vegetables)","Yield","kg/ha",2011,726.3,"Other pulses n.e.c.","no"
NA,"World","Pulses (dried leguminous vegetables)","Yield","kg/ha",2012,715.9,"Other pulses n.e.c.","no"
NA,"World","Pulses (dried leguminous vegetables)","Yield","kg/ha",2013,749.7,"Other pulses n.e.c.","no"
NA,"World","Pulses (dried leguminous vegetables)","Yield","kg/ha",2014,786.9,"Other pulses n.e.c.","no"
NA,"World","Pulses (dried leguminous vegetables)","Yield","kg/ha",2015,765.5,"Other pulses n.e.c.","no"
NA,"World","Pulses (dried leguminous vegetables)","Yield","kg/ha",2016,754.1,"Other pulses n.e.c.","no"
NA,"World","Pulses (dried leguminous vegetables)","Yield","kg/ha",2017,774.6,"Other pulses n.e.c.","no"
NA,"World","Pulses (dried leguminous vegetables)","Yield","kg/ha",2018,796.1,"Other pulses n.e.c.","no"
NA,"World","Pulses (dried leguminous vegetables)","Yield","kg/ha",2019,769.5,"Other pulses n.e.c.","no"
NA,"World","Pulses (dried leguminous vegetables)","Yield","kg/ha",2020,829.3,"Other pulses n.e.c.","no"
NA,"World","Pulses (dried leguminous vegetables)","Yield","kg/ha",2021,838.5,"Other pulses n.e.c.","no"
NA,"World","Pulses (dried leguminous vegetables)","Yield","kg/ha",2022,834.2,"Other pulses n.e.c.","no"
NA,"World","Pulses (dried leguminous vegetables)","Yield","kg/ha",2023,833.5,"Other pulses n.e.c.","no"
NA,"World","Pulses (dried leguminous vegetables)","Production","t",1992,2766280.46,"Other pulses n.e.c.","no"
NA,"World","Pulses (dried leguminous vegetables)","Production","t",1993,3363055.43,"Other pulses n.e.c.","no"
NA,"World","Pulses (dried leguminous vegetables)","Production","t",1994,3430585.24,"Other pulses n.e.c.","no"
NA,"World","Pulses (dried leguminous vegetables)","Production","t",1995,3601583.62,"Other pulses n.e.c.","no"
NA,"World","Pulses (dried leguminous vegetables)","Production","t",1996,3125625.6,"Other pulses n.e.c.","no"
NA,"World","Pulses (dried leguminous vegetables)","Production","t",1997,3348992.52,"Other pulses n.e.c.","no"
NA,"World","Pulses (dried leguminous vegetables)","Production","t",1998,3193821.7,"Other pulses n.e.c.","no"
NA,"World","Pulses (dried leguminous vegetables)","Production","t",1999,3156426.28,"Other pulses n.e.c.","no"
NA,"World","Pulses (dried leguminous vegetables)","Production","t",2000,3243979.88,"Other pulses n.e.c.","no"
NA,"World","Pulses (dried leguminous vegetables)","Production","t",2001,3711577.92,"Other pulses n.e.c.","no"
NA,"World","Pulses (dried leguminous vegetables)","Production","t",2002,3737400.01,"Other pulses n.e.c.","no"
NA,"World","Pulses (dried leguminous vegetables)","Production","t",2003,3440217.74,"Other pulses n.e.c.","no"
NA,"World","Pulses (dried leguminous vegetables)","Production","t",2004,3357262.23,"Other pulses n.e.c.","no"
NA,"World","Pulses (dried leguminous vegetables)","Production","t",2005,3124093.61,"Other pulses n.e.c.","no"
NA,"World","Pulses (dried leguminous vegetables)","Production","t",2006,3245768.33,"Other pulses n.e.c.","no"
NA,"World","Pulses (dried leguminous vegetables)","Production","t",2007,3186182.21,"Other pulses n.e.c.","no"
NA,"World","Pulses (dried leguminous vegetables)","Production","t",2008,3217864.49,"Other pulses n.e.c.","no"
NA,"World","Pulses (dried leguminous vegetables)","Production","t",2009,3298173.14,"Other pulses n.e.c.","no"
NA,"World","Pulses (dried leguminous vegetables)","Production","t",2010,3341809.99,"Other pulses n.e.c.","no"
NA,"World","Pulses (dried leguminous vegetables)","Production","t",2011,3460778.75,"Other pulses n.e.c.","no"
NA,"World","Pulses (dried leguminous vegetables)","Production","t",2012,4040437.36,"Other pulses n.e.c.","no"
NA,"World","Pulses (dried leguminous vegetables)","Production","t",2013,4393291.9,"Other pulses n.e.c.","no"
NA,"World","Pulses (dried leguminous vegetables)","Production","t",2014,4565315.76,"Other pulses n.e.c.","no"
NA,"World","Pulses (dried leguminous vegetables)","Production","t",2015,4540065.22,"Other pulses n.e.c.","no"
NA,"World","Pulses (dried leguminous vegetables)","Production","t",2016,4049096.68,"Other pulses n.e.c.","no"
NA,"World","Pulses (dried leguminous vegetables)","Production","t",2017,4158320.99,"Other pulses n.e.c.","no"
NA,"World","Pulses (dried leguminous vegetables)","Production","t",2018,4749228.76,"Other pulses n.e.c.","no"
NA,"World","Pulses (dried leguminous vegetables)","Production","t",2019,4408037.92,"Other pulses n.e.c.","no"
NA,"World","Pulses (dried leguminous vegetables)","Production","t",2020,4939125.22,"Other pulses n.e.c.","no"
NA,"World","Pulses (dried leguminous vegetables)","Production","t",2021,5118025.52,"Other pulses n.e.c.","no"
NA,"World","Pulses (dried leguminous vegetables)","Production","t",2022,5094961.39,"Other pulses n.e.c.","no"
NA,"World","Pulses (dried leguminous vegetables)","Production","t",2023,5183944.37,"Other pulses n.e.c.","no"
NA,"World","Live animals","Stocks","1000 An",1992,22915,"Other rodents","no"
NA,"World","Live animals","Stocks","1000 An",1993,22915,"Other rodents","no"
NA,"World","Live animals","Stocks","1000 An",1994,22915,"Other rodents","no"
NA,"World","Live animals","Stocks","1000 An",1995,22915,"Other rodents","no"
NA,"World","Live animals","Stocks","1000 An",1996,22915,"Other rodents","no"
NA,"World","Live animals","Stocks","1000 An",1997,22915,"Other rodents","no"
NA,"World","Live animals","Stocks","1000 An",1998,18915,"Other rodents","no"
NA,"World","Live animals","Stocks","1000 An",1999,14920,"Other rodents","no"
NA,"World","Live animals","Stocks","1000 An",2000,15420,"Other rodents","no"
NA,"World","Live animals","Stocks","1000 An",2001,15620,"Other rodents","no"
NA,"World","Live animals","Stocks","1000 An",2002,15920,"Other rodents","no"
NA,"World","Live animals","Stocks","1000 An",2003,16225,"Other rodents","no"
NA,"World","Live animals","Stocks","1000 An",2004,16425,"Other rodents","no"
NA,"World","Live animals","Stocks","1000 An",2005,16925,"Other rodents","no"
NA,"World","Live animals","Stocks","1000 An",2006,16925,"Other rodents","no"
NA,"World","Live animals","Stocks","1000 An",2007,17425,"Other rodents","no"
NA,"World","Live animals","Stocks","1000 An",2008,17925,"Other rodents","no"
NA,"World","Live animals","Stocks","1000 An",2009,18225,"Other rodents","no"
NA,"World","Live animals","Stocks","1000 An",2010,18425,"Other rodents","no"
NA,"World","Live animals","Stocks","1000 An",2011,18425,"Other rodents","no"
NA,"World","Live animals","Stocks","1000 An",2012,18925,"Other rodents","no"
NA,"World","Live animals","Stocks","1000 An",2013,18925,"Other rodents","no"
NA,"World","Live animals","Stocks","1000 An",2014,18925,"Other rodents","no"
NA,"World","Live animals","Stocks","1000 An",2015,18949,"Other rodents","no"
NA,"World","Live animals","Stocks","1000 An",2016,18953,"Other rodents","no"
NA,"World","Live animals","Stocks","1000 An",2017,18953,"Other rodents","no"
NA,"World","Live animals","Stocks","1000 An",2018,18951,"Other rodents","no"
NA,"World","Live animals","Stocks","1000 An",2019,18945,"Other rodents","no"
NA,"World","Live animals","Stocks","1000 An",2020,19191,"Other rodents","no"
NA,"World","Live animals","Stocks","1000 An",2021,19260,"Other rodents","no"
NA,"World","Live animals","Stocks","1000 An",2022,19278,"Other rodents","no"
NA,"World","Live animals","Stocks","1000 An",2023,19296,"Other rodents","no"
NA,"World","Stimulant, spice and aromatic crops","Area harvested","ha",1992,617012,"Other stimulant, spice and aromatic crops, n.e.c.","no"
NA,"World","Stimulant, spice and aromatic crops","Area harvested","ha",1993,735695,"Other stimulant, spice and aromatic crops, n.e.c.","no"
NA,"World","Stimulant, spice and aromatic crops","Area harvested","ha",1994,705331,"Other stimulant, spice and aromatic crops, n.e.c.","no"
NA,"World","Stimulant, spice and aromatic crops","Area harvested","ha",1995,677053,"Other stimulant, spice and aromatic crops, n.e.c.","no"
NA,"World","Stimulant, spice and aromatic crops","Area harvested","ha",1996,720997,"Other stimulant, spice and aromatic crops, n.e.c.","no"
NA,"World","Stimulant, spice and aromatic crops","Area harvested","ha",1997,783539,"Other stimulant, spice and aromatic crops, n.e.c.","no"
NA,"World","Stimulant, spice and aromatic crops","Area harvested","ha",1998,830089,"Other stimulant, spice and aromatic crops, n.e.c.","no"
NA,"World","Stimulant, spice and aromatic crops","Area harvested","ha",1999,700457,"Other stimulant, spice and aromatic crops, n.e.c.","no"
NA,"World","Stimulant, spice and aromatic crops","Area harvested","ha",2000,691112,"Other stimulant, spice and aromatic crops, n.e.c.","no"
NA,"World","Stimulant, spice and aromatic crops","Area harvested","ha",2001,760404,"Other stimulant, spice and aromatic crops, n.e.c.","no"
NA,"World","Stimulant, spice and aromatic crops","Area harvested","ha",2002,595247,"Other stimulant, spice and aromatic crops, n.e.c.","no"
NA,"World","Stimulant, spice and aromatic crops","Area harvested","ha",2003,806415,"Other stimulant, spice and aromatic crops, n.e.c.","no"
NA,"World","Stimulant, spice and aromatic crops","Area harvested","ha",2004,697168,"Other stimulant, spice and aromatic crops, n.e.c.","no"
NA,"World","Stimulant, spice and aromatic crops","Area harvested","ha",2005,712104,"Other stimulant, spice and aromatic crops, n.e.c.","no"
NA,"World","Stimulant, spice and aromatic crops","Area harvested","ha",2006,685657,"Other stimulant, spice and aromatic crops, n.e.c.","no"
NA,"World","Stimulant, spice and aromatic crops","Area harvested","ha",2007,940583,"Other stimulant, spice and aromatic crops, n.e.c.","no"
NA,"World","Stimulant, spice and aromatic crops","Area harvested","ha",2008,934299,"Other stimulant, spice and aromatic crops, n.e.c.","no"
NA,"World","Stimulant, spice and aromatic crops","Area harvested","ha",2009,1051544,"Other stimulant, spice and aromatic crops, n.e.c.","no"
NA,"World","Stimulant, spice and aromatic crops","Area harvested","ha",2010,1302572,"Other stimulant, spice and aromatic crops, n.e.c.","no"
NA,"World","Stimulant, spice and aromatic crops","Area harvested","ha",2011,1363343,"Other stimulant, spice and aromatic crops, n.e.c.","no"
NA,"World","Stimulant, spice and aromatic crops","Area harvested","ha",2012,1329780,"Other stimulant, spice and aromatic crops, n.e.c.","no"
NA,"World","Stimulant, spice and aromatic crops","Area harvested","ha",2013,1373711,"Other stimulant, spice and aromatic crops, n.e.c.","no"
NA,"World","Stimulant, spice and aromatic crops","Area harvested","ha",2014,1334955,"Other stimulant, spice and aromatic crops, n.e.c.","no"
NA,"World","Stimulant, spice and aromatic crops","Area harvested","ha",2015,1413076,"Other stimulant, spice and aromatic crops, n.e.c.","no"
NA,"World","Stimulant, spice and aromatic crops","Area harvested","ha",2016,1428136,"Other stimulant, spice and aromatic crops, n.e.c.","no"
NA,"World","Stimulant, spice and aromatic crops","Area harvested","ha",2017,1191929,"Other stimulant, spice and aromatic crops, n.e.c.","no"
NA,"World","Stimulant, spice and aromatic crops","Area harvested","ha",2018,1563839,"Other stimulant, spice and aromatic crops, n.e.c.","no"
NA,"World","Stimulant, spice and aromatic crops","Area harvested","ha",2019,1521748,"Other stimulant, spice and aromatic crops, n.e.c.","no"
NA,"World","Stimulant, spice and aromatic crops","Area harvested","ha",2020,1513900,"Other stimulant, spice and aromatic crops, n.e.c.","no"
NA,"World","Stimulant, spice and aromatic crops","Area harvested","ha",2021,1431633,"Other stimulant, spice and aromatic crops, n.e.c.","no"
NA,"World","Stimulant, spice and aromatic crops","Area harvested","ha",2022,1424097,"Other stimulant, spice and aromatic crops, n.e.c.","no"
NA,"World","Stimulant, spice and aromatic crops","Area harvested","ha",2023,1465347,"Other stimulant, spice and aromatic crops, n.e.c.","no"
NA,"World","Stimulant, spice and aromatic crops","Yield","kg/ha",1992,1341.6,"Other stimulant, spice and aromatic crops, n.e.c.","no"
NA,"World","Stimulant, spice and aromatic crops","Yield","kg/ha",1993,1576.8,"Other stimulant, spice and aromatic crops, n.e.c.","no"
NA,"World","Stimulant, spice and aromatic crops","Yield","kg/ha",1994,1523.4,"Other stimulant, spice and aromatic crops, n.e.c.","no"
NA,"World","Stimulant, spice and aromatic crops","Yield","kg/ha",1995,1366.6,"Other stimulant, spice and aromatic crops, n.e.c.","no"
NA,"World","Stimulant, spice and aromatic crops","Yield","kg/ha",1996,1474.6,"Other stimulant, spice and aromatic crops, n.e.c.","no"
NA,"World","Stimulant, spice and aromatic crops","Yield","kg/ha",1997,1365.6,"Other stimulant, spice and aromatic crops, n.e.c.","no"
NA,"World","Stimulant, spice and aromatic crops","Yield","kg/ha",1998,1412.6,"Other stimulant, spice and aromatic crops, n.e.c.","no"
NA,"World","Stimulant, spice and aromatic crops","Yield","kg/ha",1999,1708.6,"Other stimulant, spice and aromatic crops, n.e.c.","no"
NA,"World","Stimulant, spice and aromatic crops","Yield","kg/ha",2000,1820.7,"Other stimulant, spice and aromatic crops, n.e.c.","no"
NA,"World","Stimulant, spice and aromatic crops","Yield","kg/ha",2001,1582.6,"Other stimulant, spice and aromatic crops, n.e.c.","no"
NA,"World","Stimulant, spice and aromatic crops","Yield","kg/ha",2002,1864,"Other stimulant, spice and aromatic crops, n.e.c.","no"
NA,"World","Stimulant, spice and aromatic crops","Yield","kg/ha",2003,1634.6,"Other stimulant, spice and aromatic crops, n.e.c.","no"
NA,"World","Stimulant, spice and aromatic crops","Yield","kg/ha",2004,1963.7,"Other stimulant, spice and aromatic crops, n.e.c.","no"
NA,"World","Stimulant, spice and aromatic crops","Yield","kg/ha",2005,2173.1,"Other stimulant, spice and aromatic crops, n.e.c.","no"
NA,"World","Stimulant, spice and aromatic crops","Yield","kg/ha",2006,2231.5,"Other stimulant, spice and aromatic crops, n.e.c.","no"
NA,"World","Stimulant, spice and aromatic crops","Yield","kg/ha",2007,1935.7,"Other stimulant, spice and aromatic crops, n.e.c.","no"
NA,"World","Stimulant, spice and aromatic crops","Yield","kg/ha",2008,1914,"Other stimulant, spice and aromatic crops, n.e.c.","no"
NA,"World","Stimulant, spice and aromatic crops","Yield","kg/ha",2009,1882,"Other stimulant, spice and aromatic crops, n.e.c.","no"
NA,"World","Stimulant, spice and aromatic crops","Yield","kg/ha",2010,1912.8,"Other stimulant, spice and aromatic crops, n.e.c.","no"
NA,"World","Stimulant, spice and aromatic crops","Yield","kg/ha",2011,2042.7,"Other stimulant, spice and aromatic crops, n.e.c.","no"
NA,"World","Stimulant, spice and aromatic crops","Yield","kg/ha",2012,1977.9,"Other stimulant, spice and aromatic crops, n.e.c.","no"
NA,"World","Stimulant, spice and aromatic crops","Yield","kg/ha",2013,2039.6,"Other stimulant, spice and aromatic crops, n.e.c.","no"
NA,"World","Stimulant, spice and aromatic crops","Yield","kg/ha",2014,2100.2,"Other stimulant, spice and aromatic crops, n.e.c.","no"
NA,"World","Stimulant, spice and aromatic crops","Yield","kg/ha",2015,1795.2,"Other stimulant, spice and aromatic crops, n.e.c.","no"
NA,"World","Stimulant, spice and aromatic crops","Yield","kg/ha",2016,1953.7,"Other stimulant, spice and aromatic crops, n.e.c.","no"
NA,"World","Stimulant, spice and aromatic crops","Yield","kg/ha",2017,2402,"Other stimulant, spice and aromatic crops, n.e.c.","no"
NA,"World","Stimulant, spice and aromatic crops","Yield","kg/ha",2018,1779.5,"Other stimulant, spice and aromatic crops, n.e.c.","no"
NA,"World","Stimulant, spice and aromatic crops","Yield","kg/ha",2019,1884.2,"Other stimulant, spice and aromatic crops, n.e.c.","no"
NA,"World","Stimulant, spice and aromatic crops","Yield","kg/ha",2020,2078.9,"Other stimulant, spice and aromatic crops, n.e.c.","no"
NA,"World","Stimulant, spice and aromatic crops","Yield","kg/ha",2021,2221.8,"Other stimulant, spice and aromatic crops, n.e.c.","no"
NA,"World","Stimulant, spice and aromatic crops","Yield","kg/ha",2022,2203.3,"Other stimulant, spice and aromatic crops, n.e.c.","no"
NA,"World","Stimulant, spice and aromatic crops","Yield","kg/ha",2023,2184.4,"Other stimulant, spice and aromatic crops, n.e.c.","no"
NA,"World","Stimulant, spice and aromatic crops","Production","t",1992,827756.63,"Other stimulant, spice and aromatic crops, n.e.c.","no"
NA,"World","Stimulant, spice and aromatic crops","Production","t",1993,1160018.56,"Other stimulant, spice and aromatic crops, n.e.c.","no"
NA,"World","Stimulant, spice and aromatic crops","Production","t",1994,1074480.32,"Other stimulant, spice and aromatic crops, n.e.c.","no"
NA,"World","Stimulant, spice and aromatic crops","Production","t",1995,925287.44,"Other stimulant, spice and aromatic crops, n.e.c.","no"
NA,"World","Stimulant, spice and aromatic crops","Production","t",1996,1063182.79,"Other stimulant, spice and aromatic crops, n.e.c.","no"
NA,"World","Stimulant, spice and aromatic crops","Production","t",1997,1070000.75,"Other stimulant, spice and aromatic crops, n.e.c.","no"
NA,"World","Stimulant, spice and aromatic crops","Production","t",1998,1172548.31,"Other stimulant, spice and aromatic crops, n.e.c.","no"
NA,"World","Stimulant, spice and aromatic crops","Production","t",1999,1196834.9,"Other stimulant, spice and aromatic crops, n.e.c.","no"
NA,"World","Stimulant, spice and aromatic crops","Production","t",2000,1258310.42,"Other stimulant, spice and aromatic crops, n.e.c.","no"
NA,"World","Stimulant, spice and aromatic crops","Production","t",2001,1203382.65,"Other stimulant, spice and aromatic crops, n.e.c.","no"
NA,"World","Stimulant, spice and aromatic crops","Production","t",2002,1109557.66,"Other stimulant, spice and aromatic crops, n.e.c.","no"
NA,"World","Stimulant, spice and aromatic crops","Production","t",2003,1318154.53,"Other stimulant, spice and aromatic crops, n.e.c.","no"
NA,"World","Stimulant, spice and aromatic crops","Production","t",2004,1369020.4,"Other stimulant, spice and aromatic crops, n.e.c.","no"
NA,"World","Stimulant, spice and aromatic crops","Production","t",2005,1547507.31,"Other stimulant, spice and aromatic crops, n.e.c.","no"
NA,"World","Stimulant, spice and aromatic crops","Production","t",2006,1530044.3,"Other stimulant, spice and aromatic crops, n.e.c.","no"
NA,"World","Stimulant, spice and aromatic crops","Production","t",2007,1820639.57,"Other stimulant, spice and aromatic crops, n.e.c.","no"
NA,"World","Stimulant, spice and aromatic crops","Production","t",2008,1788235.45,"Other stimulant, spice and aromatic crops, n.e.c.","no"
NA,"World","Stimulant, spice and aromatic crops","Production","t",2009,1979042.4,"Other stimulant, spice and aromatic crops, n.e.c.","no"
NA,"World","Stimulant, spice and aromatic crops","Production","t",2010,2491620.42,"Other stimulant, spice and aromatic crops, n.e.c.","no"
NA,"World","Stimulant, spice and aromatic crops","Production","t",2011,2784947.72,"Other stimulant, spice and aromatic crops, n.e.c.","no"
NA,"World","Stimulant, spice and aromatic crops","Production","t",2012,2630221.87,"Other stimulant, spice and aromatic crops, n.e.c.","no"
NA,"World","Stimulant, spice and aromatic crops","Production","t",2013,2801755.11,"Other stimulant, spice and aromatic crops, n.e.c.","no"
NA,"World","Stimulant, spice and aromatic crops","Production","t",2014,2803653.72,"Other stimulant, spice and aromatic crops, n.e.c.","no"
NA,"World","Stimulant, spice and aromatic crops","Production","t",2015,2536718.77,"Other stimulant, spice and aromatic crops, n.e.c.","no"
NA,"World","Stimulant, spice and aromatic crops","Production","t",2016,2790080.79,"Other stimulant, spice and aromatic crops, n.e.c.","no"
NA,"World","Stimulant, spice and aromatic crops","Production","t",2017,2862978.29,"Other stimulant, spice and aromatic crops, n.e.c.","no"
NA,"World","Stimulant, spice and aromatic crops","Production","t",2018,2782901.23,"Other stimulant, spice and aromatic crops, n.e.c.","no"
NA,"World","Stimulant, spice and aromatic crops","Production","t",2019,2867302.03,"Other stimulant, spice and aromatic crops, n.e.c.","no"
NA,"World","Stimulant, spice and aromatic crops","Production","t",2020,3147253.53,"Other stimulant, spice and aromatic crops, n.e.c.","no"
NA,"World","Stimulant, spice and aromatic crops","Production","t",2021,3180855.22,"Other stimulant, spice and aromatic crops, n.e.c.","no"
NA,"World","Stimulant, spice and aromatic crops","Production","t",2022,3137692.68,"Other stimulant, spice and aromatic crops, n.e.c.","no"
NA,"World","Stimulant, spice and aromatic crops","Production","t",2023,3200901.4,"Other stimulant, spice and aromatic crops, n.e.c.","no"
NA,"World","Fruits and nuts","Area harvested","ha",1992,40775,"Other stone fruits","no"
NA,"World","Fruits and nuts","Area harvested","ha",1993,39416,"Other stone fruits","no"
NA,"World","Fruits and nuts","Area harvested","ha",1994,42451,"Other stone fruits","no"
NA,"World","Fruits and nuts","Area harvested","ha",1995,44413,"Other stone fruits","no"
NA,"World","Fruits and nuts","Area harvested","ha",1996,46472,"Other stone fruits","no"
NA,"World","Fruits and nuts","Area harvested","ha",1997,48212,"Other stone fruits","no"
NA,"World","Fruits and nuts","Area harvested","ha",1998,49404,"Other stone fruits","no"
NA,"World","Fruits and nuts","Area harvested","ha",1999,53639,"Other stone fruits","no"
NA,"World","Fruits and nuts","Area harvested","ha",2000,60227,"Other stone fruits","no"
NA,"World","Fruits and nuts","Area harvested","ha",2001,60523,"Other stone fruits","no"
NA,"World","Fruits and nuts","Area harvested","ha",2002,58522,"Other stone fruits","no"
NA,"World","Fruits and nuts","Area harvested","ha",2003,68089,"Other stone fruits","no"
NA,"World","Fruits and nuts","Area harvested","ha",2004,64045,"Other stone fruits","no"
NA,"World","Fruits and nuts","Area harvested","ha",2005,70119,"Other stone fruits","no"
NA,"World","Fruits and nuts","Area harvested","ha",2006,70656,"Other stone fruits","no"
NA,"World","Fruits and nuts","Area harvested","ha",2007,70943,"Other stone fruits","no"
NA,"World","Fruits and nuts","Area harvested","ha",2008,61439,"Other stone fruits","no"
NA,"World","Fruits and nuts","Area harvested","ha",2009,64325,"Other stone fruits","no"
NA,"World","Fruits and nuts","Area harvested","ha",2010,67884,"Other stone fruits","no"
NA,"World","Fruits and nuts","Area harvested","ha",2011,70226,"Other stone fruits","no"
NA,"World","Fruits and nuts","Area harvested","ha",2012,71773,"Other stone fruits","no"
NA,"World","Fruits and nuts","Area harvested","ha",2013,72005,"Other stone fruits","no"
NA,"World","Fruits and nuts","Area harvested","ha",2014,77124,"Other stone fruits","no"
NA,"World","Fruits and nuts","Area harvested","ha",2015,79275,"Other stone fruits","no"
NA,"World","Fruits and nuts","Area harvested","ha",2016,76620,"Other stone fruits","no"
NA,"World","Fruits and nuts","Area harvested","ha",2017,74486,"Other stone fruits","no"
NA,"World","Fruits and nuts","Area harvested","ha",2018,71570,"Other stone fruits","no"
NA,"World","Fruits and nuts","Area harvested","ha",2019,68882,"Other stone fruits","no"
NA,"World","Fruits and nuts","Area harvested","ha",2020,76395,"Other stone fruits","no"
NA,"World","Fruits and nuts","Area harvested","ha",2021,73444,"Other stone fruits","no"
NA,"World","Fruits and nuts","Area harvested","ha",2022,75229,"Other stone fruits","no"
NA,"World","Fruits and nuts","Area harvested","ha",2023,76105,"Other stone fruits","no"
NA,"World","Fruits and nuts","Yield","kg/ha",1992,5554.4,"Other stone fruits","no"
NA,"World","Fruits and nuts","Yield","kg/ha",1993,5861.4,"Other stone fruits","no"
NA,"World","Fruits and nuts","Yield","kg/ha",1994,6052.6,"Other stone fruits","no"
NA,"World","Fruits and nuts","Yield","kg/ha",1995,6599.4,"Other stone fruits","no"
NA,"World","Fruits and nuts","Yield","kg/ha",1996,6629,"Other stone fruits","no"
NA,"World","Fruits and nuts","Yield","kg/ha",1997,6564.4,"Other stone fruits","no"
NA,"World","Fruits and nuts","Yield","kg/ha",1998,6779.4,"Other stone fruits","no"
NA,"World","Fruits and nuts","Yield","kg/ha",1999,7036,"Other stone fruits","no"
NA,"World","Fruits and nuts","Yield","kg/ha",2000,6449,"Other stone fruits","no"
NA,"World","Fruits and nuts","Yield","kg/ha",2001,6950.7,"Other stone fruits","no"
NA,"World","Fruits and nuts","Yield","kg/ha",2002,6586.4,"Other stone fruits","no"
NA,"World","Fruits and nuts","Yield","kg/ha",2003,6897.3,"Other stone fruits","no"
NA,"World","Fruits and nuts","Yield","kg/ha",2004,6475.7,"Other stone fruits","no"
NA,"World","Fruits and nuts","Yield","kg/ha",2005,7400.6,"Other stone fruits","no"
NA,"World","Fruits and nuts","Yield","kg/ha",2006,7143.6,"Other stone fruits","no"
NA,"World","Fruits and nuts","Yield","kg/ha",2007,7264.7,"Other stone fruits","no"
NA,"World","Fruits and nuts","Yield","kg/ha",2008,7162.2,"Other stone fruits","no"
NA,"World","Fruits and nuts","Yield","kg/ha",2009,6820.5,"Other stone fruits","no"
NA,"World","Fruits and nuts","Yield","kg/ha",2010,6623.8,"Other stone fruits","no"
NA,"World","Fruits and nuts","Yield","kg/ha",2011,7089.9,"Other stone fruits","no"
NA,"World","Fruits and nuts","Yield","kg/ha",2012,7294.1,"Other stone fruits","no"
NA,"World","Fruits and nuts","Yield","kg/ha",2013,7674,"Other stone fruits","no"
NA,"World","Fruits and nuts","Yield","kg/ha",2014,7854.1,"Other stone fruits","no"
NA,"World","Fruits and nuts","Yield","kg/ha",2015,7714.6,"Other stone fruits","no"
NA,"World","Fruits and nuts","Yield","kg/ha",2016,7648.6,"Other stone fruits","no"
NA,"World","Fruits and nuts","Yield","kg/ha",2017,8067.7,"Other stone fruits","no"
NA,"World","Fruits and nuts","Yield","kg/ha",2018,8107.4,"Other stone fruits","no"
NA,"World","Fruits and nuts","Yield","kg/ha",2019,8185.2,"Other stone fruits","no"
NA,"World","Fruits and nuts","Yield","kg/ha",2020,7857.4,"Other stone fruits","no"
NA,"World","Fruits and nuts","Yield","kg/ha",2021,8119.2,"Other stone fruits","no"
NA,"World","Fruits and nuts","Yield","kg/ha",2022,8192.9,"Other stone fruits","no"
NA,"World","Fruits and nuts","Yield","kg/ha",2023,8133.8,"Other stone fruits","no"
NA,"World","Fruits and nuts","Production","t",1992,226482.63,"Other stone fruits","no"
NA,"World","Fruits and nuts","Production","t",1993,231034.41,"Other stone fruits","no"
NA,"World","Fruits and nuts","Production","t",1994,256941.37,"Other stone fruits","no"
NA,"World","Fruits and nuts","Production","t",1995,293099.54,"Other stone fruits","no"
NA,"World","Fruits and nuts","Production","t",1996,308058.42,"Other stone fruits","no"
NA,"World","Fruits and nuts","Production","t",1997,316479.22,"Other stone fruits","no"
NA,"World","Fruits and nuts","Production","t",1998,334932,"Other stone fruits","no"
NA,"World","Fruits and nuts","Production","t",1999,377404.92,"Other stone fruits","no"
NA,"World","Fruits and nuts","Production","t",2000,388401.91,"Other stone fruits","no"
NA,"World","Fruits and nuts","Production","t",2001,420676.89,"Other stone fruits","no"
NA,"World","Fruits and nuts","Production","t",2002,385443.81,"Other stone fruits","no"
NA,"World","Fruits and nuts","Production","t",2003,469635.82,"Other stone fruits","no"
NA,"World","Fruits and nuts","Production","t",2004,414736.17,"Other stone fruits","no"
NA,"World","Fruits and nuts","Production","t",2005,518919.11,"Other stone fruits","no"
NA,"World","Fruits and nuts","Production","t",2006,504740.05,"Other stone fruits","no"
NA,"World","Fruits and nuts","Production","t",2007,515375.54,"Other stone fruits","no"
NA,"World","Fruits and nuts","Production","t",2008,440037.87,"Other stone fruits","no"
NA,"World","Fruits and nuts","Production","t",2009,438722.81,"Other stone fruits","no"
NA,"World","Fruits and nuts","Production","t",2010,449648.54,"Other stone fruits","no"
NA,"World","Fruits and nuts","Production","t",2011,497894.89,"Other stone fruits","no"
NA,"World","Fruits and nuts","Production","t",2012,523518.33,"Other stone fruits","no"
NA,"World","Fruits and nuts","Production","t",2013,552570.51,"Other stone fruits","no"
NA,"World","Fruits and nuts","Production","t",2014,605738.41,"Other stone fruits","no"
NA,"World","Fruits and nuts","Production","t",2015,611574.59,"Other stone fruits","no"
NA,"World","Fruits and nuts","Production","t",2016,586035.93,"Other stone fruits","no"
NA,"World","Fruits and nuts","Production","t",2017,600930.11,"Other stone fruits","no"
NA,"World","Fruits and nuts","Production","t",2018,580248.65,"Other stone fruits","no"
NA,"World","Fruits and nuts","Production","t",2019,563808.14,"Other stone fruits","no"
NA,"World","Fruits and nuts","Production","t",2020,600271.58,"Other stone fruits","no"
NA,"World","Fruits and nuts","Production","t",2021,596309.01,"Other stone fruits","no"
NA,"World","Fruits and nuts","Production","t",2022,616342.08,"Other stone fruits","no"
NA,"World","Fruits and nuts","Production","t",2023,619022.54,"Other stone fruits","no"
NA,"World","Sugar crops","Area harvested","ha",1992,129261,"Other sugar crops n.e.c.","no"
NA,"World","Sugar crops","Area harvested","ha",1993,137575,"Other sugar crops n.e.c.","no"
NA,"World","Sugar crops","Area harvested","ha",1994,138950,"Other sugar crops n.e.c.","no"
NA,"World","Sugar crops","Area harvested","ha",1995,124370,"Other sugar crops n.e.c.","no"
NA,"World","Sugar crops","Area harvested","ha",1996,112086,"Other sugar crops n.e.c.","no"
NA,"World","Sugar crops","Area harvested","ha",1997,106455,"Other sugar crops n.e.c.","no"
NA,"World","Sugar crops","Area harvested","ha",1998,106815,"Other sugar crops n.e.c.","no"
NA,"World","Sugar crops","Area harvested","ha",1999,110981,"Other sugar crops n.e.c.","no"
NA,"World","Sugar crops","Area harvested","ha",2000,112681,"Other sugar crops n.e.c.","no"
NA,"World","Sugar crops","Area harvested","ha",2001,115485,"Other sugar crops n.e.c.","no"
NA,"World","Sugar crops","Area harvested","ha",2002,117200,"Other sugar crops n.e.c.","no"
NA,"World","Sugar crops","Area harvested","ha",2003,117492,"Other sugar crops n.e.c.","no"
NA,"World","Sugar crops","Area harvested","ha",2004,118297,"Other sugar crops n.e.c.","no"
NA,"World","Sugar crops","Area harvested","ha",2005,120311,"Other sugar crops n.e.c.","no"
NA,"World","Sugar crops","Area harvested","ha",2006,122334,"Other sugar crops n.e.c.","no"
NA,"World","Sugar crops","Area harvested","ha",2007,123944,"Other sugar crops n.e.c.","no"
NA,"World","Sugar crops","Area harvested","ha",2008,119830,"Other sugar crops n.e.c.","no"
NA,"World","Sugar crops","Area harvested","ha",2009,114145,"Other sugar crops n.e.c.","no"
NA,"World","Sugar crops","Area harvested","ha",2010,107045,"Other sugar crops n.e.c.","no"
NA,"World","Sugar crops","Area harvested","ha",2011,118105,"Other sugar crops n.e.c.","no"
NA,"World","Sugar crops","Area harvested","ha",2012,119926,"Other sugar crops n.e.c.","no"
NA,"World","Sugar crops","Area harvested","ha",2013,121528,"Other sugar crops n.e.c.","no"
NA,"World","Sugar crops","Area harvested","ha",2014,123055,"Other sugar crops n.e.c.","no"
NA,"World","Sugar crops","Area harvested","ha",2015,116126,"Other sugar crops n.e.c.","no"
NA,"World","Sugar crops","Area harvested","ha",2016,119845,"Other sugar crops n.e.c.","no"
NA,"World","Sugar crops","Area harvested","ha",2017,118391,"Other sugar crops n.e.c.","no"
NA,"World","Sugar crops","Area harvested","ha",2018,116399,"Other sugar crops n.e.c.","no"
NA,"World","Sugar crops","Area harvested","ha",2019,118715,"Other sugar crops n.e.c.","no"
NA,"World","Sugar crops","Area harvested","ha",2020,116981,"Other sugar crops n.e.c.","no"
NA,"World","Sugar crops","Area harvested","ha",2021,123426,"Other sugar crops n.e.c.","no"
NA,"World","Sugar crops","Area harvested","ha",2022,124736,"Other sugar crops n.e.c.","no"
NA,"World","Sugar crops","Area harvested","ha",2023,124485,"Other sugar crops n.e.c.","no"
NA,"World","Sugar crops","Yield","kg/ha",1992,5783.5,"Other sugar crops n.e.c.","no"
NA,"World","Sugar crops","Yield","kg/ha",1993,5520.4,"Other sugar crops n.e.c.","no"
NA,"World","Sugar crops","Yield","kg/ha",1994,5556,"Other sugar crops n.e.c.","no"
NA,"World","Sugar crops","Yield","kg/ha",1995,6199.2,"Other sugar crops n.e.c.","no"
NA,"World","Sugar crops","Yield","kg/ha",1996,6376.9,"Other sugar crops n.e.c.","no"
NA,"World","Sugar crops","Yield","kg/ha",1997,6905.5,"Other sugar crops n.e.c.","no"
NA,"World","Sugar crops","Yield","kg/ha",1998,7199.3,"Other sugar crops n.e.c.","no"
NA,"World","Sugar crops","Yield","kg/ha",1999,7235.5,"Other sugar crops n.e.c.","no"
NA,"World","Sugar crops","Yield","kg/ha",2000,6727,"Other sugar crops n.e.c.","no"
NA,"World","Sugar crops","Yield","kg/ha",2001,6762.8,"Other sugar crops n.e.c.","no"
NA,"World","Sugar crops","Yield","kg/ha",2002,6692.8,"Other sugar crops n.e.c.","no"
NA,"World","Sugar crops","Yield","kg/ha",2003,7483.9,"Other sugar crops n.e.c.","no"
NA,"World","Sugar crops","Yield","kg/ha",2004,7386.5,"Other sugar crops n.e.c.","no"
NA,"World","Sugar crops","Yield","kg/ha",2005,7636,"Other sugar crops n.e.c.","no"
NA,"World","Sugar crops","Yield","kg/ha",2006,7933.2,"Other sugar crops n.e.c.","no"
NA,"World","Sugar crops","Yield","kg/ha",2007,7323.6,"Other sugar crops n.e.c.","no"
NA,"World","Sugar crops","Yield","kg/ha",2008,7322.6,"Other sugar crops n.e.c.","no"
NA,"World","Sugar crops","Yield","kg/ha",2009,7883.5,"Other sugar crops n.e.c.","no"
NA,"World","Sugar crops","Yield","kg/ha",2010,8408.8,"Other sugar crops n.e.c.","no"
NA,"World","Sugar crops","Yield","kg/ha",2011,7993.9,"Other sugar crops n.e.c.","no"
NA,"World","Sugar crops","Yield","kg/ha",2012,7748.3,"Other sugar crops n.e.c.","no"
NA,"World","Sugar crops","Yield","kg/ha",2013,7785,"Other sugar crops n.e.c.","no"
NA,"World","Sugar crops","Yield","kg/ha",2014,7922.3,"Other sugar crops n.e.c.","no"
NA,"World","Sugar crops","Yield","kg/ha",2015,8228,"Other sugar crops n.e.c.","no"
NA,"World","Sugar crops","Yield","kg/ha",2016,7748.3,"Other sugar crops n.e.c.","no"
NA,"World","Sugar crops","Yield","kg/ha",2017,7787.5,"Other sugar crops n.e.c.","no"
NA,"World","Sugar crops","Yield","kg/ha",2018,8083.2,"Other sugar crops n.e.c.","no"
NA,"World","Sugar crops","Yield","kg/ha",2019,7585.5,"Other sugar crops n.e.c.","no"
NA,"World","Sugar crops","Yield","kg/ha",2020,7394.7,"Other sugar crops n.e.c.","no"
NA,"World","Sugar crops","Yield","kg/ha",2021,7117.1,"Other sugar crops n.e.c.","no"
NA,"World","Sugar crops","Yield","kg/ha",2022,7064.4,"Other sugar crops n.e.c.","no"
NA,"World","Sugar crops","Yield","kg/ha",2023,7194.5,"Other sugar crops n.e.c.","no"
NA,"World","Sugar crops","Production","t",1992,747580,"Other sugar crops n.e.c.","no"
NA,"World","Sugar crops","Production","t",1993,759470,"Other sugar crops n.e.c.","no"
NA,"World","Sugar crops","Production","t",1994,772000,"Other sugar crops n.e.c.","no"
NA,"World","Sugar crops","Production","t",1995,771000,"Other sugar crops n.e.c.","no"
NA,"World","Sugar crops","Production","t",1996,714762,"Other sugar crops n.e.c.","no"
NA,"World","Sugar crops","Production","t",1997,735125,"Other sugar crops n.e.c.","no"
NA,"World","Sugar crops","Production","t",1998,768994,"Other sugar crops n.e.c.","no"
NA,"World","Sugar crops","Production","t",1999,803000,"Other sugar crops n.e.c.","no"
NA,"World","Sugar crops","Production","t",2000,758000,"Other sugar crops n.e.c.","no"
NA,"World","Sugar crops","Production","t",2001,781000,"Other sugar crops n.e.c.","no"
NA,"World","Sugar crops","Production","t",2002,784400,"Other sugar crops n.e.c.","no"
NA,"World","Sugar crops","Production","t",2003,879300,"Other sugar crops n.e.c.","no"
NA,"World","Sugar crops","Production","t",2004,873800,"Other sugar crops n.e.c.","no"
NA,"World","Sugar crops","Production","t",2005,918700,"Other sugar crops n.e.c.","no"
NA,"World","Sugar crops","Production","t",2006,970500,"Other sugar crops n.e.c.","no"
NA,"World","Sugar crops","Production","t",2007,907720,"Other sugar crops n.e.c.","no"
NA,"World","Sugar crops","Production","t",2008,877466,"Other sugar crops n.e.c.","no"
NA,"World","Sugar crops","Production","t",2009,899866,"Other sugar crops n.e.c.","no"
NA,"World","Sugar crops","Production","t",2010,900117.51,"Other sugar crops n.e.c.","no"
NA,"World","Sugar crops","Production","t",2011,944121.79,"Other sugar crops n.e.c.","no"
NA,"World","Sugar crops","Production","t",2012,929216.71,"Other sugar crops n.e.c.","no"
NA,"World","Sugar crops","Production","t",2013,946094.24,"Other sugar crops n.e.c.","no"
NA,"World","Sugar crops","Production","t",2014,974871.94,"Other sugar crops n.e.c.","no"
NA,"World","Sugar crops","Production","t",2015,955480.39,"Other sugar crops n.e.c.","no"
NA,"World","Sugar crops","Production","t",2016,928596.86,"Other sugar crops n.e.c.","no"
NA,"World","Sugar crops","Production","t",2017,921977.33,"Other sugar crops n.e.c.","no"
NA,"World","Sugar crops","Production","t",2018,940873.38,"Other sugar crops n.e.c.","no"
NA,"World","Sugar crops","Production","t",2019,900515.84,"Other sugar crops n.e.c.","no"
NA,"World","Sugar crops","Production","t",2020,865034.67,"Other sugar crops n.e.c.","no"
NA,"World","Sugar crops","Production","t",2021,878440.38,"Other sugar crops n.e.c.","no"
NA,"World","Sugar crops","Production","t",2022,881181.38,"Other sugar crops n.e.c.","no"
NA,"World","Sugar crops","Production","t",2023,895606.91,"Other sugar crops n.e.c.","no"
NA,"World","Fruits and nuts","Area harvested","ha",1992,1593538,"Other tropical fruits, n.e.c.","no"
NA,"World","Fruits and nuts","Area harvested","ha",1993,1580700,"Other tropical fruits, n.e.c.","no"
NA,"World","Fruits and nuts","Area harvested","ha",1994,1673514,"Other tropical fruits, n.e.c.","no"
NA,"World","Fruits and nuts","Area harvested","ha",1995,1714128,"Other tropical fruits, n.e.c.","no"
NA,"World","Fruits and nuts","Area harvested","ha",1996,1943716,"Other tropical fruits, n.e.c.","no"
NA,"World","Fruits and nuts","Area harvested","ha",1997,1708973,"Other tropical fruits, n.e.c.","no"
NA,"World","Fruits and nuts","Area harvested","ha",1998,1709840,"Other tropical fruits, n.e.c.","no"
NA,"World","Fruits and nuts","Area harvested","ha",1999,1668997,"Other tropical fruits, n.e.c.","no"
NA,"World","Fruits and nuts","Area harvested","ha",2000,1884040,"Other tropical fruits, n.e.c.","no"
NA,"World","Fruits and nuts","Area harvested","ha",2001,2096568,"Other tropical fruits, n.e.c.","no"
NA,"World","Fruits and nuts","Area harvested","ha",2002,2176580,"Other tropical fruits, n.e.c.","no"
NA,"World","Fruits and nuts","Area harvested","ha",2003,2411870,"Other tropical fruits, n.e.c.","no"
NA,"World","Fruits and nuts","Area harvested","ha",2004,2416667,"Other tropical fruits, n.e.c.","no"
NA,"World","Fruits and nuts","Area harvested","ha",2005,2507890,"Other tropical fruits, n.e.c.","no"
NA,"World","Fruits and nuts","Area harvested","ha",2006,2583293,"Other tropical fruits, n.e.c.","no"
NA,"World","Fruits and nuts","Area harvested","ha",2007,2664318,"Other tropical fruits, n.e.c.","no"
NA,"World","Fruits and nuts","Area harvested","ha",2008,2683055,"Other tropical fruits, n.e.c.","no"
NA,"World","Fruits and nuts","Area harvested","ha",2009,2766345,"Other tropical fruits, n.e.c.","no"
NA,"World","Fruits and nuts","Area harvested","ha",2010,2866055,"Other tropical fruits, n.e.c.","no"
NA,"World","Fruits and nuts","Area harvested","ha",2011,3129026,"Other tropical fruits, n.e.c.","no"
NA,"World","Fruits and nuts","Area harvested","ha",2012,3158533,"Other tropical fruits, n.e.c.","no"
NA,"World","Fruits and nuts","Area harvested","ha",2013,3176238,"Other tropical fruits, n.e.c.","no"
NA,"World","Fruits and nuts","Area harvested","ha",2014,3257244,"Other tropical fruits, n.e.c.","no"
NA,"World","Fruits and nuts","Area harvested","ha",2015,3443233,"Other tropical fruits, n.e.c.","no"
NA,"World","Fruits and nuts","Area harvested","ha",2016,3415596,"Other tropical fruits, n.e.c.","no"
NA,"World","Fruits and nuts","Area harvested","ha",2017,3456690,"Other tropical fruits, n.e.c.","no"
NA,"World","Fruits and nuts","Area harvested","ha",2018,3507797,"Other tropical fruits, n.e.c.","no"
NA,"World","Fruits and nuts","Area harvested","ha",2019,3522028,"Other tropical fruits, n.e.c.","no"
NA,"World","Fruits and nuts","Area harvested","ha",2020,3586614,"Other tropical fruits, n.e.c.","no"
NA,"World","Fruits and nuts","Area harvested","ha",2021,3640712,"Other tropical fruits, n.e.c.","no"
NA,"World","Fruits and nuts","Area harvested","ha",2022,3665305,"Other tropical fruits, n.e.c.","no"
NA,"World","Fruits and nuts","Area harvested","ha",2023,3677451,"Other tropical fruits, n.e.c.","no"
NA,"World","Fruits and nuts","Yield","kg/ha",1992,7082.5,"Other tropical fruits, n.e.c.","no"
NA,"World","Fruits and nuts","Yield","kg/ha",1993,7213.9,"Other tropical fruits, n.e.c.","no"
NA,"World","Fruits and nuts","Yield","kg/ha",1994,7291,"Other tropical fruits, n.e.c.","no"
NA,"World","Fruits and nuts","Yield","kg/ha",1995,7752.2,"Other tropical fruits, n.e.c.","no"
NA,"World","Fruits and nuts","Yield","kg/ha",1996,7504.3,"Other tropical fruits, n.e.c.","no"
NA,"World","Fruits and nuts","Yield","kg/ha",1997,7168.2,"Other tropical fruits, n.e.c.","no"
NA,"World","Fruits and nuts","Yield","kg/ha",1998,6961.9,"Other tropical fruits, n.e.c.","no"
NA,"World","Fruits and nuts","Yield","kg/ha",1999,7343.5,"Other tropical fruits, n.e.c.","no"
NA,"World","Fruits and nuts","Yield","kg/ha",2000,7503.6,"Other tropical fruits, n.e.c.","no"
NA,"World","Fruits and nuts","Yield","kg/ha",2001,6971.5,"Other tropical fruits, n.e.c.","no"
NA,"World","Fruits and nuts","Yield","kg/ha",2002,7369.2,"Other tropical fruits, n.e.c.","no"
NA,"World","Fruits and nuts","Yield","kg/ha",2003,7126.8,"Other tropical fruits, n.e.c.","no"
NA,"World","Fruits and nuts","Yield","kg/ha",2004,7535.4,"Other tropical fruits, n.e.c.","no"
NA,"World","Fruits and nuts","Yield","kg/ha",2005,7145.3,"Other tropical fruits, n.e.c.","no"
NA,"World","Fruits and nuts","Yield","kg/ha",2006,6957.8,"Other tropical fruits, n.e.c.","no"
NA,"World","Fruits and nuts","Yield","kg/ha",2007,7011.7,"Other tropical fruits, n.e.c.","no"
NA,"World","Fruits and nuts","Yield","kg/ha",2008,7001.3,"Other tropical fruits, n.e.c.","no"
NA,"World","Fruits and nuts","Yield","kg/ha",2009,7193.3,"Other tropical fruits, n.e.c.","no"
NA,"World","Fruits and nuts","Yield","kg/ha",2010,6912.5,"Other tropical fruits, n.e.c.","no"
NA,"World","Fruits and nuts","Yield","kg/ha",2011,6559.3,"Other tropical fruits, n.e.c.","no"
NA,"World","Fruits and nuts","Yield","kg/ha",2012,7041,"Other tropical fruits, n.e.c.","no"
NA,"World","Fruits and nuts","Yield","kg/ha",2013,7233.3,"Other tropical fruits, n.e.c.","no"
NA,"World","Fruits and nuts","Yield","kg/ha",2014,7293.6,"Other tropical fruits, n.e.c.","no"
NA,"World","Fruits and nuts","Yield","kg/ha",2015,7285.2,"Other tropical fruits, n.e.c.","no"
NA,"World","Fruits and nuts","Yield","kg/ha",2016,7283.4,"Other tropical fruits, n.e.c.","no"
NA,"World","Fruits and nuts","Yield","kg/ha",2017,7239.4,"Other tropical fruits, n.e.c.","no"
NA,"World","Fruits and nuts","Yield","kg/ha",2018,7508,"Other tropical fruits, n.e.c.","no"
NA,"World","Fruits and nuts","Yield","kg/ha",2019,7547.2,"Other tropical fruits, n.e.c.","no"
NA,"World","Fruits and nuts","Yield","kg/ha",2020,7510.7,"Other tropical fruits, n.e.c.","no"
NA,"World","Fruits and nuts","Yield","kg/ha",2021,7645.7,"Other tropical fruits, n.e.c.","no"
NA,"World","Fruits and nuts","Yield","kg/ha",2022,7568.8,"Other tropical fruits, n.e.c.","no"
NA,"World","Fruits and nuts","Yield","kg/ha",2023,7579.2,"Other tropical fruits, n.e.c.","no"
NA,"World","Fruits and nuts","Production","t",1992,11286291.08,"Other tropical fruits, n.e.c.","no"
NA,"World","Fruits and nuts","Production","t",1993,11402963.18,"Other tropical fruits, n.e.c.","no"
NA,"World","Fruits and nuts","Production","t",1994,12201627.97,"Other tropical fruits, n.e.c.","no"
NA,"World","Fruits and nuts","Production","t",1995,13288249.55,"Other tropical fruits, n.e.c.","no"
NA,"World","Fruits and nuts","Production","t",1996,14586162.12,"Other tropical fruits, n.e.c.","no"
NA,"World","Fruits and nuts","Production","t",1997,12250337.87,"Other tropical fruits, n.e.c.","no"
NA,"World","Fruits and nuts","Production","t",1998,11903678.07,"Other tropical fruits, n.e.c.","no"
NA,"World","Fruits and nuts","Production","t",1999,12256337,"Other tropical fruits, n.e.c.","no"
NA,"World","Fruits and nuts","Production","t",2000,14136990.82,"Other tropical fruits, n.e.c.","no"
NA,"World","Fruits and nuts","Production","t",2001,14616316.89,"Other tropical fruits, n.e.c.","no"
NA,"World","Fruits and nuts","Production","t",2002,16039560.08,"Other tropical fruits, n.e.c.","no"
NA,"World","Fruits and nuts","Production","t",2003,17188804.56,"Other tropical fruits, n.e.c.","no"
NA,"World","Fruits and nuts","Production","t",2004,18210495.05,"Other tropical fruits, n.e.c.","no"
NA,"World","Fruits and nuts","Production","t",2005,17919687.49,"Other tropical fruits, n.e.c.","no"
NA,"World","Fruits and nuts","Production","t",2006,17974100.79,"Other tropical fruits, n.e.c.","no"
NA,"World","Fruits and nuts","Production","t",2007,18681416.14,"Other tropical fruits, n.e.c.","no"
NA,"World","Fruits and nuts","Production","t",2008,18784929,"Other tropical fruits, n.e.c.","no"
NA,"World","Fruits and nuts","Production","t",2009,19899171.85,"Other tropical fruits, n.e.c.","no"
NA,"World","Fruits and nuts","Production","t",2010,19811701.57,"Other tropical fruits, n.e.c.","no"
NA,"World","Fruits and nuts","Production","t",2011,20524123.29,"Other tropical fruits, n.e.c.","no"
NA,"World","Fruits and nuts","Production","t",2012,22239165.14,"Other tropical fruits, n.e.c.","no"
NA,"World","Fruits and nuts","Production","t",2013,22974554.42,"Other tropical fruits, n.e.c.","no"
NA,"World","Fruits and nuts","Production","t",2014,23756889.46,"Other tropical fruits, n.e.c.","no"
NA,"World","Fruits and nuts","Production","t",2015,25084502.46,"Other tropical fruits, n.e.c.","no"
NA,"World","Fruits and nuts","Production","t",2016,24877074.42,"Other tropical fruits, n.e.c.","no"
NA,"World","Fruits and nuts","Production","t",2017,25024494.26,"Other tropical fruits, n.e.c.","no"
NA,"World","Fruits and nuts","Production","t",2018,26336539.62,"Other tropical fruits, n.e.c.","no"
NA,"World","Fruits and nuts","Production","t",2019,26581583.12,"Other tropical fruits, n.e.c.","no"
NA,"World","Fruits and nuts","Production","t",2020,26937809.3,"Other tropical fruits, n.e.c.","no"
NA,"World","Fruits and nuts","Production","t",2021,27835620.42,"Other tropical fruits, n.e.c.","no"
NA,"World","Fruits and nuts","Production","t",2022,27741815.65,"Other tropical fruits, n.e.c.","no"
NA,"World","Fruits and nuts","Production","t",2023,27872132.83,"Other tropical fruits, n.e.c.","no"
NA,"World","Vegetables","Area harvested","ha",1992,10381114,"Other vegetables, fresh n.e.c.","no"
NA,"World","Vegetables","Area harvested","ha",1993,11177962,"Other vegetables, fresh n.e.c.","no"
NA,"World","Vegetables","Area harvested","ha",1994,11231854,"Other vegetables, fresh n.e.c.","no"
NA,"World","Vegetables","Area harvested","ha",1995,12202629,"Other vegetables, fresh n.e.c.","no"
NA,"World","Vegetables","Area harvested","ha",1996,12149627,"Other vegetables, fresh n.e.c.","no"
NA,"World","Vegetables","Area harvested","ha",1997,12502592,"Other vegetables, fresh n.e.c.","no"
NA,"World","Vegetables","Area harvested","ha",1998,12870288,"Other vegetables, fresh n.e.c.","no"
NA,"World","Vegetables","Area harvested","ha",1999,13644885,"Other vegetables, fresh n.e.c.","no"
NA,"World","Vegetables","Area harvested","ha",2000,14399120,"Other vegetables, fresh n.e.c.","no"
NA,"World","Vegetables","Area harvested","ha",2001,15374176,"Other vegetables, fresh n.e.c.","no"
NA,"World","Vegetables","Area harvested","ha",2002,15541603,"Other vegetables, fresh n.e.c.","no"
NA,"World","Vegetables","Area harvested","ha",2003,16914495,"Other vegetables, fresh n.e.c.","no"
NA,"World","Vegetables","Area harvested","ha",2004,15805341,"Other vegetables, fresh n.e.c.","no"
NA,"World","Vegetables","Area harvested","ha",2005,16415150,"Other vegetables, fresh n.e.c.","no"
NA,"World","Vegetables","Area harvested","ha",2006,16823974,"Other vegetables, fresh n.e.c.","no"
NA,"World","Vegetables","Area harvested","ha",2007,16997942,"Other vegetables, fresh n.e.c.","no"
NA,"World","Vegetables","Area harvested","ha",2008,17339998,"Other vegetables, fresh n.e.c.","no"
NA,"World","Vegetables","Area harvested","ha",2009,17801209,"Other vegetables, fresh n.e.c.","no"
NA,"World","Vegetables","Area harvested","ha",2010,18435994,"Other vegetables, fresh n.e.c.","no"
NA,"World","Vegetables","Area harvested","ha",2011,18404331,"Other vegetables, fresh n.e.c.","no"
NA,"World","Vegetables","Area harvested","ha",2012,19050096,"Other vegetables, fresh n.e.c.","no"
NA,"World","Vegetables","Area harvested","ha",2013,19789989,"Other vegetables, fresh n.e.c.","no"
NA,"World","Vegetables","Area harvested","ha",2014,19970389,"Other vegetables, fresh n.e.c.","no"
NA,"World","Vegetables","Area harvested","ha",2015,20571214,"Other vegetables, fresh n.e.c.","no"
NA,"World","Vegetables","Area harvested","ha",2016,20237001,"Other vegetables, fresh n.e.c.","no"
NA,"World","Vegetables","Area harvested","ha",2017,20360499,"Other vegetables, fresh n.e.c.","no"
NA,"World","Vegetables","Area harvested","ha",2018,20436992,"Other vegetables, fresh n.e.c.","no"
NA,"World","Vegetables","Area harvested","ha",2019,20633061,"Other vegetables, fresh n.e.c.","no"
NA,"World","Vegetables","Area harvested","ha",2020,20521970,"Other vegetables, fresh n.e.c.","no"
NA,"World","Vegetables","Area harvested","ha",2021,20543848,"Other vegetables, fresh n.e.c.","no"
NA,"World","Vegetables","Area harvested","ha",2022,20578917,"Other vegetables, fresh n.e.c.","no"
NA,"World","Vegetables","Area harvested","ha",2023,20638861,"Other vegetables, fresh n.e.c.","no"
NA,"World","Vegetables","Yield","kg/ha",1992,13957.9,"Other vegetables, fresh n.e.c.","no"
NA,"World","Vegetables","Yield","kg/ha",1993,13904.4,"Other vegetables, fresh n.e.c.","no"
NA,"World","Vegetables","Yield","kg/ha",1994,14344.8,"Other vegetables, fresh n.e.c.","no"
NA,"World","Vegetables","Yield","kg/ha",1995,13598.2,"Other vegetables, fresh n.e.c.","no"
NA,"World","Vegetables","Yield","kg/ha",1996,14155.9,"Other vegetables, fresh n.e.c.","no"
NA,"World","Vegetables","Yield","kg/ha",1997,14050.4,"Other vegetables, fresh n.e.c.","no"
NA,"World","Vegetables","Yield","kg/ha",1998,13879.1,"Other vegetables, fresh n.e.c.","no"
NA,"World","Vegetables","Yield","kg/ha",1999,13792.2,"Other vegetables, fresh n.e.c.","no"
NA,"World","Vegetables","Yield","kg/ha",2000,14706.8,"Other vegetables, fresh n.e.c.","no"
NA,"World","Vegetables","Yield","kg/ha",2001,14788.1,"Other vegetables, fresh n.e.c.","no"
NA,"World","Vegetables","Yield","kg/ha",2002,14598.3,"Other vegetables, fresh n.e.c.","no"
NA,"World","Vegetables","Yield","kg/ha",2003,14035.8,"Other vegetables, fresh n.e.c.","no"
NA,"World","Vegetables","Yield","kg/ha",2004,14208.2,"Other vegetables, fresh n.e.c.","no"
NA,"World","Vegetables","Yield","kg/ha",2005,14135.9,"Other vegetables, fresh n.e.c.","no"
NA,"World","Vegetables","Yield","kg/ha",2006,14395.8,"Other vegetables, fresh n.e.c.","no"
NA,"World","Vegetables","Yield","kg/ha",2007,14408.4,"Other vegetables, fresh n.e.c.","no"
NA,"World","Vegetables","Yield","kg/ha",2008,14396.4,"Other vegetables, fresh n.e.c.","no"
NA,"World","Vegetables","Yield","kg/ha",2009,13981.4,"Other vegetables, fresh n.e.c.","no"
NA,"World","Vegetables","Yield","kg/ha",2010,14109.5,"Other vegetables, fresh n.e.c.","no"
NA,"World","Vegetables","Yield","kg/ha",2011,14195.6,"Other vegetables, fresh n.e.c.","no"
NA,"World","Vegetables","Yield","kg/ha",2012,14285.4,"Other vegetables, fresh n.e.c.","no"
NA,"World","Vegetables","Yield","kg/ha",2013,14052.7,"Other vegetables, fresh n.e.c.","no"
NA,"World","Vegetables","Yield","kg/ha",2014,14314.7,"Other vegetables, fresh n.e.c.","no"
NA,"World","Vegetables","Yield","kg/ha",2015,14243.1,"Other vegetables, fresh n.e.c.","no"
NA,"World","Vegetables","Yield","kg/ha",2016,14324.2,"Other vegetables, fresh n.e.c.","no"
NA,"World","Vegetables","Yield","kg/ha",2017,14230.1,"Other vegetables, fresh n.e.c.","no"
NA,"World","Vegetables","Yield","kg/ha",2018,14062.1,"Other vegetables, fresh n.e.c.","no"
NA,"World","Vegetables","Yield","kg/ha",2019,14050.4,"Other vegetables, fresh n.e.c.","no"
NA,"World","Vegetables","Yield","kg/ha",2020,14131.3,"Other vegetables, fresh n.e.c.","no"
NA,"World","Vegetables","Yield","kg/ha",2021,14109.6,"Other vegetables, fresh n.e.c.","no"
NA,"World","Vegetables","Yield","kg/ha",2022,14135.2,"Other vegetables, fresh n.e.c.","no"
NA,"World","Vegetables","Yield","kg/ha",2023,14210.4,"Other vegetables, fresh n.e.c.","no"
NA,"World","Vegetables","Production","t",1992,144898991.41,"Other vegetables, fresh n.e.c.","no"
NA,"World","Vegetables","Production","t",1993,155422930.42,"Other vegetables, fresh n.e.c.","no"
NA,"World","Vegetables","Production","t",1994,161118888.25,"Other vegetables, fresh n.e.c.","no"
NA,"World","Vegetables","Production","t",1995,165934267.17,"Other vegetables, fresh n.e.c.","no"
NA,"World","Vegetables","Production","t",1996,171989064.6,"Other vegetables, fresh n.e.c.","no"
NA,"World","Vegetables","Production","t",1997,175665883.14,"Other vegetables, fresh n.e.c.","no"
NA,"World","Vegetables","Production","t",1998,178627647.57,"Other vegetables, fresh n.e.c.","no"
NA,"World","Vegetables","Production","t",1999,188192665.04,"Other vegetables, fresh n.e.c.","no"
NA,"World","Vegetables","Production","t",2000,211764295.35,"Other vegetables, fresh n.e.c.","no"
NA,"World","Vegetables","Production","t",2001,227354271.59,"Other vegetables, fresh n.e.c.","no"
NA,"World","Vegetables","Production","t",2002,226881183.45,"Other vegetables, fresh n.e.c.","no"
NA,"World","Vegetables","Production","t",2003,237408522.21,"Other vegetables, fresh n.e.c.","no"
NA,"World","Vegetables","Production","t",2004,224565177.85,"Other vegetables, fresh n.e.c.","no"
NA,"World","Vegetables","Production","t",2005,232042617.42,"Other vegetables, fresh n.e.c.","no"
NA,"World","Vegetables","Production","t",2006,242194983.29,"Other vegetables, fresh n.e.c.","no"
NA,"World","Vegetables","Production","t",2007,244913591.72,"Other vegetables, fresh n.e.c.","no"
NA,"World","Vegetables","Production","t",2008,249633188.77,"Other vegetables, fresh n.e.c.","no"
NA,"World","Vegetables","Production","t",2009,248886362.12,"Other vegetables, fresh n.e.c.","no"
NA,"World","Vegetables","Production","t",2010,260122342.91,"Other vegetables, fresh n.e.c.","no"
NA,"World","Vegetables","Production","t",2011,261260498.23,"Other vegetables, fresh n.e.c.","no"
NA,"World","Vegetables","Production","t",2012,272139189.03,"Other vegetables, fresh n.e.c.","no"
NA,"World","Vegetables","Production","t",2013,278102527.85,"Other vegetables, fresh n.e.c.","no"
NA,"World","Vegetables","Production","t",2014,285869517.39,"Other vegetables, fresh n.e.c.","no"
NA,"World","Vegetables","Production","t",2015,292998432.19,"Other vegetables, fresh n.e.c.","no"
NA,"World","Vegetables","Production","t",2016,289878340.79,"Other vegetables, fresh n.e.c.","no"
NA,"World","Vegetables","Production","t",2017,289731381,"Other vegetables, fresh n.e.c.","no"
NA,"World","Vegetables","Production","t",2018,287387362.61,"Other vegetables, fresh n.e.c.","no"
NA,"World","Vegetables","Production","t",2019,289902757.28,"Other vegetables, fresh n.e.c.","no"
NA,"World","Vegetables","Production","t",2020,290002849.98,"Other vegetables, fresh n.e.c.","no"
NA,"World","Vegetables","Production","t",2021,289866149.66,"Other vegetables, fresh n.e.c.","no"
NA,"World","Vegetables","Production","t",2022,290886169.8,"Other vegetables, fresh n.e.c.","no"
NA,"World","Vegetables","Production","t",2023,293287143.78,"Other vegetables, fresh n.e.c.","no"
NA,"World","Oilseeds and oleaginous fruits","Production","t",1992,3795754,"Palm kernels","no"
NA,"World","Oilseeds and oleaginous fruits","Production","t",1993,4441204.84,"Palm kernels","no"
NA,"World","Oilseeds and oleaginous fruits","Production","t",1994,4546312.16,"Palm kernels","no"
NA,"World","Oilseeds and oleaginous fruits","Production","t",1995,4760327.96,"Palm kernels","no"
NA,"World","Oilseeds and oleaginous fruits","Production","t",1996,5076711.72,"Palm kernels","no"
NA,"World","Oilseeds and oleaginous fruits","Production","t",1997,5368380.52,"Palm kernels","no"
NA,"World","Oilseeds and oleaginous fruits","Production","t",1998,5276427.36,"Palm kernels","no"
NA,"World","Oilseeds and oleaginous fruits","Production","t",1999,6004575.36,"Palm kernels","no"
NA,"World","Oilseeds and oleaginous fruits","Production","t",2000,6451791.64,"Palm kernels","no"
NA,"World","Oilseeds and oleaginous fruits","Production","t",2001,6870160.08,"Palm kernels","no"
NA,"World","Oilseeds and oleaginous fruits","Production","t",2002,7093867.96,"Palm kernels","no"
NA,"World","Oilseeds and oleaginous fruits","Production","t",2003,7757018.12,"Palm kernels","no"
NA,"World","Oilseeds and oleaginous fruits","Production","t",2004,8299265.24,"Palm kernels","no"
NA,"World","Oilseeds and oleaginous fruits","Production","t",2005,9104216.72,"Palm kernels","no"
NA,"World","Oilseeds and oleaginous fruits","Production","t",2006,9881512.12,"Palm kernels","no"
NA,"World","Oilseeds and oleaginous fruits","Production","t",2007,10289827,"Palm kernels","no"
NA,"World","Oilseeds and oleaginous fruits","Production","t",2008,11118140,"Palm kernels","no"
NA,"World","Oilseeds and oleaginous fruits","Production","t",2009,11543619.2,"Palm kernels","no"
NA,"World","Oilseeds and oleaginous fruits","Production","t",2010,12245866.73,"Palm kernels","no"
NA,"World","Oilseeds and oleaginous fruits","Production","t",2011,13419468.09,"Palm kernels","no"
NA,"World","Oilseeds and oleaginous fruits","Production","t",2012,13919451.31,"Palm kernels","no"
NA,"World","Oilseeds and oleaginous fruits","Production","t",2013,14835521.03,"Palm kernels","no"
NA,"World","Oilseeds and oleaginous fruits","Production","t",2014,15416689.07,"Palm kernels","no"
NA,"World","Oilseeds and oleaginous fruits","Production","t",2015,15256625.4,"Palm kernels","no"
NA,"World","Oilseeds and oleaginous fruits","Production","t",2016,14587506.7,"Palm kernels","no"
NA,"World","Oilseeds and oleaginous fruits","Production","t",2017,16930237.28,"Palm kernels","no"
NA,"World","Oilseeds and oleaginous fruits","Production","t",2018,18146606.12,"Palm kernels","no"
NA,"World","Oilseeds and oleaginous fruits","Production","t",2019,18425121.59,"Palm kernels","no"
NA,"World","Oilseeds and oleaginous fruits","Production","t",2020,17928591.4,"Palm kernels","no"
NA,"World","Oilseeds and oleaginous fruits","Production","t",2021,18136737.49,"Palm kernels","no"
NA,"World","Oilseeds and oleaginous fruits","Production","t",2022,18828783.73,"Palm kernels","no"
NA,"World","Oilseeds and oleaginous fruits","Production","t",2023,NA,"Palm kernels","no"
NA,"World","Vegetable oils","Production","t",1992,12857624,"Palm oil","no"
NA,"World","Vegetable oils","Production","t",1993,14155115,"Palm oil","no"
NA,"World","Vegetable oils","Production","t",1994,14719162,"Palm oil","no"
NA,"World","Vegetable oils","Production","t",1995,15935864,"Palm oil","no"
NA,"World","Vegetable oils","Production","t",1996,17009521,"Palm oil","no"
NA,"World","Vegetable oils","Production","t",1997,18284798,"Palm oil","no"
NA,"World","Vegetable oils","Production","t",1998,18216018,"Palm oil","no"
NA,"World","Vegetable oils","Production","t",1999,20736371,"Palm oil","no"
NA,"World","Vegetable oils","Production","t",2000,22227769,"Palm oil","no"
NA,"World","Vegetable oils","Production","t",2001,24835758,"Palm oil","no"
NA,"World","Vegetable oils","Production","t",2002,26136149,"Palm oil","no"
NA,"World","Vegetable oils","Production","t",2003,28677264,"Palm oil","no"
NA,"World","Vegetable oils","Production","t",2004,30062437,"Palm oil","no"
NA,"World","Vegetable oils","Production","t",2005,32268253,"Palm oil","no"
NA,"World","Vegetable oils","Production","t",2006,39421909,"Palm oil","no"
NA,"World","Vegetable oils","Production","t",2007,39762987,"Palm oil","no"
NA,"World","Vegetable oils","Production","t",2008,42352908.92,"Palm oil","no"
NA,"World","Vegetable oils","Production","t",2009,43871700.23,"Palm oil","no"
NA,"World","Vegetable oils","Production","t",2010,45710770.21,"Palm oil","no"
NA,"World","Vegetable oils","Production","t",2011,49521785.63,"Palm oil","no"
NA,"World","Vegetable oils","Production","t",2012,52773067.75,"Palm oil","no"
NA,"World","Vegetable oils","Production","t",2013,55390101.51,"Palm oil","no"
NA,"World","Vegetable oils","Production","t",2014,58010840.78,"Palm oil","no"
NA,"World","Vegetable oils","Production","t",2015,60771845.75,"Palm oil","no"
NA,"World","Vegetable oils","Production","t",2016,58612569.09,"Palm oil","no"
NA,"World","Vegetable oils","Production","t",2017,69625507.36,"Palm oil","no"
NA,"World","Vegetable oils","Production","t",2018,72311375.76,"Palm oil","no"
NA,"World","Vegetable oils","Production","t",2019,79212947.29,"Palm oil","no"
NA,"World","Vegetable oils","Production","t",2020,76172515.39,"Palm oil","no"
NA,"World","Vegetable oils","Production","t",2021,80740677.67,"Palm oil","no"
NA,"World","Vegetable oils","Production","t",2022,78872738.48,"Palm oil","no"
NA,"World","Vegetable oils","Production","t",2023,NA,"Palm oil","no"
NA,"World","Fruits and nuts","Area harvested","ha",1992,255889,"Papayas","no"
NA,"World","Fruits and nuts","Area harvested","ha",1993,280128,"Papayas","no"
NA,"World","Fruits and nuts","Area harvested","ha",1994,305172,"Papayas","no"
NA,"World","Fruits and nuts","Area harvested","ha",1995,304041,"Papayas","no"
NA,"World","Fruits and nuts","Area harvested","ha",1996,315161,"Papayas","no"
NA,"World","Fruits and nuts","Area harvested","ha",1997,338179,"Papayas","no"
NA,"World","Fruits and nuts","Area harvested","ha",1998,350086,"Papayas","no"
NA,"World","Fruits and nuts","Area harvested","ha",1999,346189,"Papayas","no"
NA,"World","Fruits and nuts","Area harvested","ha",2000,353961,"Papayas","no"
NA,"World","Fruits and nuts","Area harvested","ha",2001,361609,"Papayas","no"
NA,"World","Fruits and nuts","Area harvested","ha",2002,360834,"Papayas","no"
NA,"World","Fruits and nuts","Area harvested","ha",2003,358920,"Papayas","no"
NA,"World","Fruits and nuts","Area harvested","ha",2004,361599,"Papayas","no"
NA,"World","Fruits and nuts","Area harvested","ha",2005,371098,"Papayas","no"
NA,"World","Fruits and nuts","Area harvested","ha",2006,357621,"Papayas","no"
NA,"World","Fruits and nuts","Area harvested","ha",2007,371858,"Papayas","no"
NA,"World","Fruits and nuts","Area harvested","ha",2008,391786,"Papayas","no"
NA,"World","Fruits and nuts","Area harvested","ha",2009,392474,"Papayas","no"
NA,"World","Fruits and nuts","Area harvested","ha",2010,405036,"Papayas","no"
NA,"World","Fruits and nuts","Area harvested","ha",2011,412481,"Papayas","no"
NA,"World","Fruits and nuts","Area harvested","ha",2012,425004,"Papayas","no"
NA,"World","Fruits and nuts","Area harvested","ha",2013,428860,"Papayas","no"
NA,"World","Fruits and nuts","Area harvested","ha",2014,435056,"Papayas","no"
NA,"World","Fruits and nuts","Area harvested","ha",2015,419716,"Papayas","no"
NA,"World","Fruits and nuts","Area harvested","ha",2016,456314,"Papayas","no"
NA,"World","Fruits and nuts","Area harvested","ha",2017,449740,"Papayas","no"
NA,"World","Fruits and nuts","Area harvested","ha",2018,462726,"Papayas","no"
NA,"World","Fruits and nuts","Area harvested","ha",2019,468787,"Papayas","no"
NA,"World","Fruits and nuts","Area harvested","ha",2020,483268,"Papayas","no"
NA,"World","Fruits and nuts","Area harvested","ha",2021,460122,"Papayas","no"
NA,"World","Fruits and nuts","Area harvested","ha",2022,464694,"Papayas","no"
NA,"World","Fruits and nuts","Area harvested","ha",2023,463128,"Papayas","no"
NA,"World","Fruits and nuts","Yield","kg/ha",1992,17030.6,"Papayas","no"
NA,"World","Fruits and nuts","Yield","kg/ha",1993,18095.9,"Papayas","no"
NA,"World","Fruits and nuts","Yield","kg/ha",1994,18128.6,"Papayas","no"
NA,"World","Fruits and nuts","Yield","kg/ha",1995,18905,"Papayas","no"
NA,"World","Fruits and nuts","Yield","kg/ha",1996,17445,"Papayas","no"
NA,"World","Fruits and nuts","Yield","kg/ha",1997,19203.5,"Papayas","no"
NA,"World","Fruits and nuts","Yield","kg/ha",1998,19308.9,"Papayas","no"
NA,"World","Fruits and nuts","Yield","kg/ha",1999,20216.7,"Papayas","no"
NA,"World","Fruits and nuts","Yield","kg/ha",2000,20723.5,"Papayas","no"
NA,"World","Fruits and nuts","Yield","kg/ha",2001,24159.6,"Papayas","no"
NA,"World","Fruits and nuts","Yield","kg/ha",2002,23880.6,"Papayas","no"
NA,"World","Fruits and nuts","Yield","kg/ha",2003,23370.9,"Papayas","no"
NA,"World","Fruits and nuts","Yield","kg/ha",2004,24648.3,"Papayas","no"
NA,"World","Fruits and nuts","Yield","kg/ha",2005,22799.3,"Papayas","no"
NA,"World","Fruits and nuts","Yield","kg/ha",2006,26106,"Papayas","no"
NA,"World","Fruits and nuts","Yield","kg/ha",2007,26487.7,"Papayas","no"
NA,"World","Fruits and nuts","Yield","kg/ha",2008,26430,"Papayas","no"
NA,"World","Fruits and nuts","Yield","kg/ha",2009,27752.3,"Papayas","no"
NA,"World","Fruits and nuts","Yield","kg/ha",2010,27421,"Papayas","no"
NA,"World","Fruits and nuts","Yield","kg/ha",2011,28219.4,"Papayas","no"
NA,"World","Fruits and nuts","Yield","kg/ha",2012,29185.3,"Papayas","no"
NA,"World","Fruits and nuts","Yield","kg/ha",2013,29735.6,"Papayas","no"
NA,"World","Fruits and nuts","Yield","kg/ha",2014,30266.2,"Papayas","no"
NA,"World","Fruits and nuts","Yield","kg/ha",2015,30116.7,"Papayas","no"
NA,"World","Fruits and nuts","Yield","kg/ha",2016,29491.2,"Papayas","no"
NA,"World","Fruits and nuts","Yield","kg/ha",2017,29886.3,"Papayas","no"
NA,"World","Fruits and nuts","Yield","kg/ha",2018,29802.6,"Papayas","no"
NA,"World","Fruits and nuts","Yield","kg/ha",2019,30259.1,"Papayas","no"
NA,"World","Fruits and nuts","Yield","kg/ha",2020,29378,"Papayas","no"
NA,"World","Fruits and nuts","Yield","kg/ha",2021,30552.1,"Papayas","no"
NA,"World","Fruits and nuts","Yield","kg/ha",2022,29996.3,"Papayas","no"
NA,"World","Fruits and nuts","Yield","kg/ha",2023,30731.4,"Papayas","no"
NA,"World","Fruits and nuts","Production","t",1992,4357926.45,"Papayas","no"
NA,"World","Fruits and nuts","Production","t",1993,5069161.48,"Papayas","no"
NA,"World","Fruits and nuts","Production","t",1994,5532325.87,"Papayas","no"
NA,"World","Fruits and nuts","Production","t",1995,5747907.79,"Papayas","no"
NA,"World","Fruits and nuts","Production","t",1996,5497971.42,"Papayas","no"
NA,"World","Fruits and nuts","Production","t",1997,6494234.06,"Papayas","no"
NA,"World","Fruits and nuts","Production","t",1998,6759766.07,"Papayas","no"
NA,"World","Fruits and nuts","Production","t",1999,6998797.95,"Papayas","no"
NA,"World","Fruits and nuts","Production","t",2000,7335302.17,"Papayas","no"
NA,"World","Fruits and nuts","Production","t",2001,8736322.25,"Papayas","no"
NA,"World","Fruits and nuts","Production","t",2002,8616931.85,"Papayas","no"
NA,"World","Fruits and nuts","Production","t",2003,8388273.78,"Papayas","no"
NA,"World","Fruits and nuts","Production","t",2004,8912795.88,"Papayas","no"
NA,"World","Fruits and nuts","Production","t",2005,8460779.66,"Papayas","no"
NA,"World","Fruits and nuts","Production","t",2006,9336063.94,"Papayas","no"
NA,"World","Fruits and nuts","Production","t",2007,9849659.57,"Papayas","no"
NA,"World","Fruits and nuts","Production","t",2008,10354923.77,"Papayas","no"
NA,"World","Fruits and nuts","Production","t",2009,10892057.2,"Papayas","no"
NA,"World","Fruits and nuts","Production","t",2010,11106516.57,"Papayas","no"
NA,"World","Fruits and nuts","Production","t",2011,11639941.44,"Papayas","no"
NA,"World","Fruits and nuts","Production","t",2012,12403890.64,"Papayas","no"
NA,"World","Fruits and nuts","Production","t",2013,12752398.49,"Papayas","no"
NA,"World","Fruits and nuts","Production","t",2014,13167495.01,"Papayas","no"
NA,"World","Fruits and nuts","Production","t",2015,12640464.35,"Papayas","no"
NA,"World","Fruits and nuts","Production","t",2016,13457240.48,"Papayas","no"
NA,"World","Fruits and nuts","Production","t",2017,13441057.03,"Papayas","no"
NA,"World","Fruits and nuts","Production","t",2018,13790410.32,"Papayas","no"
NA,"World","Fruits and nuts","Production","t",2019,14185055.56,"Papayas","no"
NA,"World","Fruits and nuts","Production","t",2020,14197453.35,"Papayas","no"
NA,"World","Fruits and nuts","Production","t",2021,14057694.41,"Papayas","no"
NA,"World","Fruits and nuts","Production","t",2022,13939099.55,"Papayas","no"
NA,"World","Fruits and nuts","Production","t",2023,14232583.07,"Papayas","no"
NA,"World","Fruits and nuts","Area harvested","ha",1992,1389623,"Peaches and nectarines","no"
NA,"World","Fruits and nuts","Area harvested","ha",1993,1390995,"Peaches and nectarines","no"
NA,"World","Fruits and nuts","Area harvested","ha",1994,1424198,"Peaches and nectarines","no"
NA,"World","Fruits and nuts","Area harvested","ha",1995,1381116,"Peaches and nectarines","no"
NA,"World","Fruits and nuts","Area harvested","ha",1996,1317266,"Peaches and nectarines","no"
NA,"World","Fruits and nuts","Area harvested","ha",1997,1258856,"Peaches and nectarines","no"
NA,"World","Fruits and nuts","Area harvested","ha",1998,1232296,"Peaches and nectarines","no"
NA,"World","Fruits and nuts","Area harvested","ha",1999,1278441,"Peaches and nectarines","no"
NA,"World","Fruits and nuts","Area harvested","ha",2000,1274077,"Peaches and nectarines","no"
NA,"World","Fruits and nuts","Area harvested","ha",2001,1249981,"Peaches and nectarines","no"
NA,"World","Fruits and nuts","Area harvested","ha",2002,1358861,"Peaches and nectarines","no"
NA,"World","Fruits and nuts","Area harvested","ha",2003,1443452,"Peaches and nectarines","no"
NA,"World","Fruits and nuts","Area harvested","ha",2004,1489293,"Peaches and nectarines","no"
NA,"World","Fruits and nuts","Area harvested","ha",2005,1505978,"Peaches and nectarines","no"
NA,"World","Fruits and nuts","Area harvested","ha",2006,1512934,"Peaches and nectarines","no"
NA,"World","Fruits and nuts","Area harvested","ha",2007,1536735,"Peaches and nectarines","no"
NA,"World","Fruits and nuts","Area harvested","ha",2008,1500562,"Peaches and nectarines","no"
NA,"World","Fruits and nuts","Area harvested","ha",2009,1524171,"Peaches and nectarines","no"
NA,"World","Fruits and nuts","Area harvested","ha",2010,1535079,"Peaches and nectarines","no"
NA,"World","Fruits and nuts","Area harvested","ha",2011,1544733,"Peaches and nectarines","no"
NA,"World","Fruits and nuts","Area harvested","ha",2012,1540916,"Peaches and nectarines","no"
NA,"World","Fruits and nuts","Area harvested","ha",2013,1561416,"Peaches and nectarines","no"
NA,"World","Fruits and nuts","Area harvested","ha",2014,1532031,"Peaches and nectarines","no"
NA,"World","Fruits and nuts","Area harvested","ha",2015,1630518,"Peaches and nectarines","no"
NA,"World","Fruits and nuts","Area harvested","ha",2016,1553899,"Peaches and nectarines","no"
NA,"World","Fruits and nuts","Area harvested","ha",2017,1495328,"Peaches and nectarines","no"
NA,"World","Fruits and nuts","Area harvested","ha",2018,1494049,"Peaches and nectarines","no"
NA,"World","Fruits and nuts","Area harvested","ha",2019,1495729,"Peaches and nectarines","no"
NA,"World","Fruits and nuts","Area harvested","ha",2020,1485139,"Peaches and nectarines","no"
NA,"World","Fruits and nuts","Area harvested","ha",2021,1519111,"Peaches and nectarines","no"
NA,"World","Fruits and nuts","Area harvested","ha",2022,1553668,"Peaches and nectarines","no"
NA,"World","Fruits and nuts","Area harvested","ha",2023,1561641,"Peaches and nectarines","no"
NA,"World","Fruits and nuts","Yield","kg/ha",1992,7851.6,"Peaches and nectarines","no"
NA,"World","Fruits and nuts","Yield","kg/ha",1993,7817.6,"Peaches and nectarines","no"
NA,"World","Fruits and nuts","Yield","kg/ha",1994,8164.6,"Peaches and nectarines","no"
NA,"World","Fruits and nuts","Yield","kg/ha",1995,7909.2,"Peaches and nectarines","no"
NA,"World","Fruits and nuts","Yield","kg/ha",1996,8908.6,"Peaches and nectarines","no"
NA,"World","Fruits and nuts","Yield","kg/ha",1997,8852.7,"Peaches and nectarines","no"
NA,"World","Fruits and nuts","Yield","kg/ha",1998,9314,"Peaches and nectarines","no"
NA,"World","Fruits and nuts","Yield","kg/ha",1999,10411.2,"Peaches and nectarines","no"
NA,"World","Fruits and nuts","Yield","kg/ha",2000,10422.3,"Peaches and nectarines","no"
NA,"World","Fruits and nuts","Yield","kg/ha",2001,11133,"Peaches and nectarines","no"
NA,"World","Fruits and nuts","Yield","kg/ha",2002,10904,"Peaches and nectarines","no"
NA,"World","Fruits and nuts","Yield","kg/ha",2003,10692.3,"Peaches and nectarines","no"
NA,"World","Fruits and nuts","Yield","kg/ha",2004,11216.7,"Peaches and nectarines","no"
NA,"World","Fruits and nuts","Yield","kg/ha",2005,11977.1,"Peaches and nectarines","no"
NA,"World","Fruits and nuts","Yield","kg/ha",2006,12154.4,"Peaches and nectarines","no"
NA,"World","Fruits and nuts","Yield","kg/ha",2007,12700.3,"Peaches and nectarines","no"
NA,"World","Fruits and nuts","Yield","kg/ha",2008,13140.5,"Peaches and nectarines","no"
NA,"World","Fruits and nuts","Yield","kg/ha",2009,13367.9,"Peaches and nectarines","no"
NA,"World","Fruits and nuts","Yield","kg/ha",2010,13377,"Peaches and nectarines","no"
NA,"World","Fruits and nuts","Yield","kg/ha",2011,13740.8,"Peaches and nectarines","no"
NA,"World","Fruits and nuts","Yield","kg/ha",2012,13816.3,"Peaches and nectarines","no"
NA,"World","Fruits and nuts","Yield","kg/ha",2013,13957.9,"Peaches and nectarines","no"
NA,"World","Fruits and nuts","Yield","kg/ha",2014,14705.6,"Peaches and nectarines","no"
NA,"World","Fruits and nuts","Yield","kg/ha",2015,14660.6,"Peaches and nectarines","no"
NA,"World","Fruits and nuts","Yield","kg/ha",2016,14968.1,"Peaches and nectarines","no"
NA,"World","Fruits and nuts","Yield","kg/ha",2017,15874.3,"Peaches and nectarines","no"
NA,"World","Fruits and nuts","Yield","kg/ha",2018,16055.2,"Peaches and nectarines","no"
NA,"World","Fruits and nuts","Yield","kg/ha",2019,16489,"Peaches and nectarines","no"
NA,"World","Fruits and nuts","Yield","kg/ha",2020,16359.9,"Peaches and nectarines","no"
NA,"World","Fruits and nuts","Yield","kg/ha",2021,16505.9,"Peaches and nectarines","no"
NA,"World","Fruits and nuts","Yield","kg/ha",2022,16992.4,"Peaches and nectarines","no"
NA,"World","Fruits and nuts","Yield","kg/ha",2023,17339.4,"Peaches and nectarines","no"
NA,"World","Fruits and nuts","Production","t",1992,10910809.14,"Peaches and nectarines","no"
NA,"World","Fruits and nuts","Production","t",1993,10874281.35,"Peaches and nectarines","no"
NA,"World","Fruits and nuts","Production","t",1994,11628052.83,"Peaches and nectarines","no"
NA,"World","Fruits and nuts","Production","t",1995,10923492.62,"Peaches and nectarines","no"
NA,"World","Fruits and nuts","Production","t",1996,11734990.14,"Peaches and nectarines","no"
NA,"World","Fruits and nuts","Production","t",1997,11144266.17,"Peaches and nectarines","no"
NA,"World","Fruits and nuts","Production","t",1998,11477602.88,"Peaches and nectarines","no"
NA,"World","Fruits and nuts","Production","t",1999,13310079.52,"Peaches and nectarines","no"
NA,"World","Fruits and nuts","Production","t",2000,13278783.12,"Peaches and nectarines","no"
NA,"World","Fruits and nuts","Production","t",2001,13916092.77,"Peaches and nectarines","no"
NA,"World","Fruits and nuts","Production","t",2002,14817042.37,"Peaches and nectarines","no"
NA,"World","Fruits and nuts","Production","t",2003,15433862.68,"Peaches and nectarines","no"
NA,"World","Fruits and nuts","Production","t",2004,16704909.71,"Peaches and nectarines","no"
NA,"World","Fruits and nuts","Production","t",2005,18037295.41,"Peaches and nectarines","no"
NA,"World","Fruits and nuts","Production","t",2006,18388786.05,"Peaches and nectarines","no"
NA,"World","Fruits and nuts","Production","t",2007,19516927.06,"Peaches and nectarines","no"
NA,"World","Fruits and nuts","Production","t",2008,19718166.1,"Peaches and nectarines","no"
NA,"World","Fruits and nuts","Production","t",2009,20374900.05,"Peaches and nectarines","no"
NA,"World","Fruits and nuts","Production","t",2010,20534715.04,"Peaches and nectarines","no"
NA,"World","Fruits and nuts","Production","t",2011,21225853.24,"Peaches and nectarines","no"
NA,"World","Fruits and nuts","Production","t",2012,21289695.09,"Peaches and nectarines","no"
NA,"World","Fruits and nuts","Production","t",2013,21794070.66,"Peaches and nectarines","no"
NA,"World","Fruits and nuts","Production","t",2014,22529481.03,"Peaches and nectarines","no"
NA,"World","Fruits and nuts","Production","t",2015,23904302.58,"Peaches and nectarines","no"
NA,"World","Fruits and nuts","Production","t",2016,23258989.66,"Peaches and nectarines","no"
NA,"World","Fruits and nuts","Production","t",2017,23737342.19,"Peaches and nectarines","no"
NA,"World","Fruits and nuts","Production","t",2018,23987209.36,"Peaches and nectarines","no"
NA,"World","Fruits and nuts","Production","t",2019,24663086.21,"Peaches and nectarines","no"
NA,"World","Fruits and nuts","Production","t",2020,24296709.09,"Peaches and nectarines","no"
NA,"World","Fruits and nuts","Production","t",2021,25074261.26,"Peaches and nectarines","no"
NA,"World","Fruits and nuts","Production","t",2022,26400600.96,"Peaches and nectarines","no"
NA,"World","Fruits and nuts","Production","t",2023,27077873.01,"Peaches and nectarines","no"
NA,"World","Fruits and nuts","Area harvested","ha",1992,1105371,"Pears","no"
NA,"World","Fruits and nuts","Area harvested","ha",1993,1165589,"Pears","no"
NA,"World","Fruits and nuts","Area harvested","ha",1994,1314480,"Pears","no"
NA,"World","Fruits and nuts","Area harvested","ha",1995,1420237,"Pears","no"
NA,"World","Fruits and nuts","Area harvested","ha",1996,1498035,"Pears","no"
NA,"World","Fruits and nuts","Area harvested","ha",1997,1871364,"Pears","no"
NA,"World","Fruits and nuts","Area harvested","ha",1998,1446196,"Pears","no"
NA,"World","Fruits and nuts","Area harvested","ha",1999,1505184,"Pears","no"
NA,"World","Fruits and nuts","Area harvested","ha",2000,1542226,"Pears","no"
NA,"World","Fruits and nuts","Area harvested","ha",2001,1536481,"Pears","no"
NA,"World","Fruits and nuts","Area harvested","ha",2002,1540896,"Pears","no"
NA,"World","Fruits and nuts","Area harvested","ha",2003,1560018,"Pears","no"
NA,"World","Fruits and nuts","Area harvested","ha",2004,1578594,"Pears","no"
NA,"World","Fruits and nuts","Area harvested","ha",2005,1611882,"Pears","no"
NA,"World","Fruits and nuts","Area harvested","ha",2006,1587123,"Pears","no"
NA,"World","Fruits and nuts","Area harvested","ha",2007,1567991,"Pears","no"
NA,"World","Fruits and nuts","Area harvested","ha",2008,1559696,"Pears","no"
NA,"World","Fruits and nuts","Area harvested","ha",2009,1551042,"Pears","no"
NA,"World","Fruits and nuts","Area harvested","ha",2010,1540092,"Pears","no"
NA,"World","Fruits and nuts","Area harvested","ha",2011,1569924,"Pears","no"
NA,"World","Fruits and nuts","Area harvested","ha",2012,1560593,"Pears","no"
NA,"World","Fruits and nuts","Area harvested","ha",2013,1581057,"Pears","no"
NA,"World","Fruits and nuts","Area harvested","ha",2014,1568626,"Pears","no"
NA,"World","Fruits and nuts","Area harvested","ha",2015,1577221,"Pears","no"
NA,"World","Fruits and nuts","Area harvested","ha",2016,1400629,"Pears","no"
NA,"World","Fruits and nuts","Area harvested","ha",2017,1350668,"Pears","no"
NA,"World","Fruits and nuts","Area harvested","ha",2018,1374375,"Pears","no"
NA,"World","Fruits and nuts","Area harvested","ha",2019,1376958,"Pears","no"
NA,"World","Fruits and nuts","Area harvested","ha",2020,1342527,"Pears","no"
NA,"World","Fruits and nuts","Area harvested","ha",2021,1334311,"Pears","no"
NA,"World","Fruits and nuts","Area harvested","ha",2022,1329245,"Pears","no"
NA,"World","Fruits and nuts","Area harvested","ha",2023,1323228,"Pears","no"
NA,"World","Fruits and nuts","Yield","kg/ha",1992,9399.6,"Pears","no"
NA,"World","Fruits and nuts","Yield","kg/ha",1993,8994.6,"Pears","no"
NA,"World","Fruits and nuts","Yield","kg/ha",1994,8603.2,"Pears","no"
NA,"World","Fruits and nuts","Yield","kg/ha",1995,8783,"Pears","no"
NA,"World","Fruits and nuts","Yield","kg/ha",1996,8982.8,"Pears","no"
NA,"World","Fruits and nuts","Yield","kg/ha",1997,7528.3,"Pears","no"
NA,"World","Fruits and nuts","Yield","kg/ha",1998,10268.2,"Pears","no"
NA,"World","Fruits and nuts","Yield","kg/ha",1999,10223.3,"Pears","no"
NA,"World","Fruits and nuts","Yield","kg/ha",2000,10544,"Pears","no"
NA,"World","Fruits and nuts","Yield","kg/ha",2001,10672.7,"Pears","no"
NA,"World","Fruits and nuts","Yield","kg/ha",2002,10967.4,"Pears","no"
NA,"World","Fruits and nuts","Yield","kg/ha",2003,11260.8,"Pears","no"
NA,"World","Fruits and nuts","Yield","kg/ha",2004,11676.2,"Pears","no"
NA,"World","Fruits and nuts","Yield","kg/ha",2005,12018.5,"Pears","no"
NA,"World","Fruits and nuts","Yield","kg/ha",2006,12566.2,"Pears","no"
NA,"World","Fruits and nuts","Yield","kg/ha",2007,13364.9,"Pears","no"
NA,"World","Fruits and nuts","Yield","kg/ha",2008,13553.7,"Pears","no"
NA,"World","Fruits and nuts","Yield","kg/ha",2009,14485.5,"Pears","no"
NA,"World","Fruits and nuts","Yield","kg/ha",2010,14643.5,"Pears","no"
NA,"World","Fruits and nuts","Yield","kg/ha",2011,15323.8,"Pears","no"
NA,"World","Fruits and nuts","Yield","kg/ha",2012,15576.3,"Pears","no"
NA,"World","Fruits and nuts","Yield","kg/ha",2013,16012.4,"Pears","no"
NA,"World","Fruits and nuts","Yield","kg/ha",2014,16495.5,"Pears","no"
NA,"World","Fruits and nuts","Yield","kg/ha",2015,15448.9,"Pears","no"
NA,"World","Fruits and nuts","Yield","kg/ha",2016,16579.7,"Pears","no"
NA,"World","Fruits and nuts","Yield","kg/ha",2017,17643,"Pears","no"
NA,"World","Fruits and nuts","Yield","kg/ha",2018,17259.9,"Pears","no"
NA,"World","Fruits and nuts","Yield","kg/ha",2019,17629.3,"Pears","no"
NA,"World","Fruits and nuts","Yield","kg/ha",2020,18607.4,"Pears","no"
NA,"World","Fruits and nuts","Yield","kg/ha",2021,19191.1,"Pears","no"
NA,"World","Fruits and nuts","Yield","kg/ha",2022,19796.6,"Pears","no"
NA,"World","Fruits and nuts","Yield","kg/ha",2023,20032.4,"Pears","no"
NA,"World","Fruits and nuts","Production","t",1992,10390073.21,"Pears","no"
NA,"World","Fruits and nuts","Production","t",1993,10483971.99,"Pears","no"
NA,"World","Fruits and nuts","Production","t",1994,11308797.45,"Pears","no"
NA,"World","Fruits and nuts","Production","t",1995,12473933.57,"Pears","no"
NA,"World","Fruits and nuts","Production","t",1996,13456613.28,"Pears","no"
NA,"World","Fruits and nuts","Production","t",1997,14088266.05,"Pears","no"
NA,"World","Fruits and nuts","Production","t",1998,14849813.34,"Pears","no"
NA,"World","Fruits and nuts","Production","t",1999,15387900.51,"Pears","no"
NA,"World","Fruits and nuts","Production","t",2000,16261306.86,"Pears","no"
NA,"World","Fruits and nuts","Production","t",2001,16398413.46,"Pears","no"
NA,"World","Fruits and nuts","Production","t",2002,16899626.36,"Pears","no"
NA,"World","Fruits and nuts","Production","t",2003,17567117.25,"Pears","no"
NA,"World","Fruits and nuts","Production","t",2004,18431992.12,"Pears","no"
NA,"World","Fruits and nuts","Production","t",2005,19372328.9,"Pears","no"
NA,"World","Fruits and nuts","Production","t",2006,19944057.53,"Pears","no"
NA,"World","Fruits and nuts","Production","t",2007,20956057.03,"Pears","no"
NA,"World","Fruits and nuts","Production","t",2008,21139709.15,"Pears","no"
NA,"World","Fruits and nuts","Production","t",2009,22467661.35,"Pears","no"
NA,"World","Fruits and nuts","Production","t",2010,22552267.85,"Pears","no"
NA,"World","Fruits and nuts","Production","t",2011,24057219.03,"Pears","no"
NA,"World","Fruits and nuts","Production","t",2012,24308252.54,"Pears","no"
NA,"World","Fruits and nuts","Production","t",2013,25316488.33,"Pears","no"
NA,"World","Fruits and nuts","Production","t",2014,25875285.84,"Pears","no"
NA,"World","Fruits and nuts","Production","t",2015,24366302.47,"Pears","no"
NA,"World","Fruits and nuts","Production","t",2016,23221978.04,"Pears","no"
NA,"World","Fruits and nuts","Production","t",2017,23829782.08,"Pears","no"
NA,"World","Fruits and nuts","Production","t",2018,23721620.52,"Pears","no"
NA,"World","Fruits and nuts","Production","t",2019,24274862.67,"Pears","no"
NA,"World","Fruits and nuts","Production","t",2020,24980995.86,"Pears","no"
NA,"World","Fruits and nuts","Production","t",2021,25606957.35,"Pears","no"
NA,"World","Fruits and nuts","Production","t",2022,26314506.67,"Pears","no"
NA,"World","Fruits and nuts","Production","t",2023,26507458.1,"Pears","no"
NA,"World","Pulses (dried leguminous vegetables)","Area harvested","ha",1992,7168575,"Peas, dry","no"
NA,"World","Pulses (dried leguminous vegetables)","Area harvested","ha",1993,7392448,"Peas, dry","no"
NA,"World","Pulses (dried leguminous vegetables)","Area harvested","ha",1994,7646813,"Peas, dry","no"
NA,"World","Pulses (dried leguminous vegetables)","Area harvested","ha",1995,7128834,"Peas, dry","no"
NA,"World","Pulses (dried leguminous vegetables)","Area harvested","ha",1996,6369422,"Peas, dry","no"
NA,"World","Pulses (dried leguminous vegetables)","Area harvested","ha",1997,6490503,"Peas, dry","no"
NA,"World","Pulses (dried leguminous vegetables)","Area harvested","ha",1998,6517124,"Peas, dry","no"
NA,"World","Pulses (dried leguminous vegetables)","Area harvested","ha",1999,5933705,"Peas, dry","no"
NA,"World","Pulses (dried leguminous vegetables)","Area harvested","ha",2000,6006061,"Peas, dry","no"
NA,"World","Pulses (dried leguminous vegetables)","Area harvested","ha",2001,6891899,"Peas, dry","no"
NA,"World","Pulses (dried leguminous vegetables)","Area harvested","ha",2002,6001180,"Peas, dry","no"
NA,"World","Pulses (dried leguminous vegetables)","Area harvested","ha",2003,6128492,"Peas, dry","no"
NA,"World","Pulses (dried leguminous vegetables)","Area harvested","ha",2004,6327160,"Peas, dry","no"
NA,"World","Pulses (dried leguminous vegetables)","Area harvested","ha",2005,6531076,"Peas, dry","no"
NA,"World","Pulses (dried leguminous vegetables)","Area harvested","ha",2006,6342957,"Peas, dry","no"
NA,"World","Pulses (dried leguminous vegetables)","Area harvested","ha",2007,6236814,"Peas, dry","no"
NA,"World","Pulses (dried leguminous vegetables)","Area harvested","ha",2008,6059314,"Peas, dry","no"
NA,"World","Pulses (dried leguminous vegetables)","Area harvested","ha",2009,6402256,"Peas, dry","no"
NA,"World","Pulses (dried leguminous vegetables)","Area harvested","ha",2010,6603134,"Peas, dry","no"
NA,"World","Pulses (dried leguminous vegetables)","Area harvested","ha",2011,6178118,"Peas, dry","no"
NA,"World","Pulses (dried leguminous vegetables)","Area harvested","ha",2012,6712406,"Peas, dry","no"
NA,"World","Pulses (dried leguminous vegetables)","Area harvested","ha",2013,6413637,"Peas, dry","no"
NA,"World","Pulses (dried leguminous vegetables)","Area harvested","ha",2014,6807590,"Peas, dry","no"
NA,"World","Pulses (dried leguminous vegetables)","Area harvested","ha",2015,6900983,"Peas, dry","no"
NA,"World","Pulses (dried leguminous vegetables)","Area harvested","ha",2016,7451211,"Peas, dry","no"
NA,"World","Pulses (dried leguminous vegetables)","Area harvested","ha",2017,8054651,"Peas, dry","no"
NA,"World","Pulses (dried leguminous vegetables)","Area harvested","ha",2018,7494238,"Peas, dry","no"
NA,"World","Pulses (dried leguminous vegetables)","Area harvested","ha",2019,7166097,"Peas, dry","no"
NA,"World","Pulses (dried leguminous vegetables)","Area harvested","ha",2020,7213648,"Peas, dry","no"
NA,"World","Pulses (dried leguminous vegetables)","Area harvested","ha",2021,7162065,"Peas, dry","no"
NA,"World","Pulses (dried leguminous vegetables)","Area harvested","ha",2022,7162305,"Peas, dry","no"
NA,"World","Pulses (dried leguminous vegetables)","Area harvested","ha",2023,7407979,"Peas, dry","no"
NA,"World","Pulses (dried leguminous vegetables)","Yield","kg/ha",1992,1870.9,"Peas, dry","no"
NA,"World","Pulses (dried leguminous vegetables)","Yield","kg/ha",1993,2004.1,"Peas, dry","no"
NA,"World","Pulses (dried leguminous vegetables)","Yield","kg/ha",1994,1873.1,"Peas, dry","no"
NA,"World","Pulses (dried leguminous vegetables)","Yield","kg/ha",1995,1609,"Peas, dry","no"
NA,"World","Pulses (dried leguminous vegetables)","Yield","kg/ha",1996,1703.2,"Peas, dry","no"
NA,"World","Pulses (dried leguminous vegetables)","Yield","kg/ha",1997,1872.4,"Peas, dry","no"
NA,"World","Pulses (dried leguminous vegetables)","Yield","kg/ha",1998,1901.1,"Peas, dry","no"
NA,"World","Pulses (dried leguminous vegetables)","Yield","kg/ha",1999,1846,"Peas, dry","no"
NA,"World","Pulses (dried leguminous vegetables)","Yield","kg/ha",2000,1783.7,"Peas, dry","no"
NA,"World","Pulses (dried leguminous vegetables)","Yield","kg/ha",2001,1502.2,"Peas, dry","no"
NA,"World","Pulses (dried leguminous vegetables)","Yield","kg/ha",2002,1602.5,"Peas, dry","no"
NA,"World","Pulses (dried leguminous vegetables)","Yield","kg/ha",2003,1613.3,"Peas, dry","no"
NA,"World","Pulses (dried leguminous vegetables)","Yield","kg/ha",2004,1856.2,"Peas, dry","no"
NA,"World","Pulses (dried leguminous vegetables)","Yield","kg/ha",2005,1727,"Peas, dry","no"
NA,"World","Pulses (dried leguminous vegetables)","Yield","kg/ha",2006,1541.2,"Peas, dry","no"
NA,"World","Pulses (dried leguminous vegetables)","Yield","kg/ha",2007,1464.7,"Peas, dry","no"
NA,"World","Pulses (dried leguminous vegetables)","Yield","kg/ha",2008,1612.2,"Peas, dry","no"
NA,"World","Pulses (dried leguminous vegetables)","Yield","kg/ha",2009,1624,"Peas, dry","no"
NA,"World","Pulses (dried leguminous vegetables)","Yield","kg/ha",2010,1590.6,"Peas, dry","no"
NA,"World","Pulses (dried leguminous vegetables)","Yield","kg/ha",2011,1663.7,"Peas, dry","no"
NA,"World","Pulses (dried leguminous vegetables)","Yield","kg/ha",2012,1584.8,"Peas, dry","no"
NA,"World","Pulses (dried leguminous vegetables)","Yield","kg/ha",2013,1758.3,"Peas, dry","no"
NA,"World","Pulses (dried leguminous vegetables)","Yield","kg/ha",2014,1720.1,"Peas, dry","no"
NA,"World","Pulses (dried leguminous vegetables)","Yield","kg/ha",2015,1728.8,"Peas, dry","no"
NA,"World","Pulses (dried leguminous vegetables)","Yield","kg/ha",2016,2002.1,"Peas, dry","no"
NA,"World","Pulses (dried leguminous vegetables)","Yield","kg/ha",2017,2009.5,"Peas, dry","no"
NA,"World","Pulses (dried leguminous vegetables)","Yield","kg/ha",2018,1793.2,"Peas, dry","no"
NA,"World","Pulses (dried leguminous vegetables)","Yield","kg/ha",2019,1958.5,"Peas, dry","no"
NA,"World","Pulses (dried leguminous vegetables)","Yield","kg/ha",2020,2035,"Peas, dry","no"
NA,"World","Pulses (dried leguminous vegetables)","Yield","kg/ha",2021,1738.4,"Peas, dry","no"
NA,"World","Pulses (dried leguminous vegetables)","Yield","kg/ha",2022,1980.8,"Peas, dry","no"
NA,"World","Pulses (dried leguminous vegetables)","Yield","kg/ha",2023,1857.9,"Peas, dry","no"
NA,"World","Pulses (dried leguminous vegetables)","Production","t",1992,13411910.55,"Peas, dry","no"
NA,"World","Pulses (dried leguminous vegetables)","Production","t",1993,14815141.26,"Peas, dry","no"
NA,"World","Pulses (dried leguminous vegetables)","Production","t",1994,14323297.26,"Peas, dry","no"
NA,"World","Pulses (dried leguminous vegetables)","Production","t",1995,11470350.51,"Peas, dry","no"
NA,"World","Pulses (dried leguminous vegetables)","Production","t",1996,10848580.11,"Peas, dry","no"
NA,"World","Pulses (dried leguminous vegetables)","Production","t",1997,12152882.36,"Peas, dry","no"
NA,"World","Pulses (dried leguminous vegetables)","Production","t",1998,12389764.77,"Peas, dry","no"
NA,"World","Pulses (dried leguminous vegetables)","Production","t",1999,10953584.18,"Peas, dry","no"
NA,"World","Pulses (dried leguminous vegetables)","Production","t",2000,10712850.69,"Peas, dry","no"
NA,"World","Pulses (dried leguminous vegetables)","Production","t",2001,10352985.63,"Peas, dry","no"
NA,"World","Pulses (dried leguminous vegetables)","Production","t",2002,9616650.67,"Peas, dry","no"
NA,"World","Pulses (dried leguminous vegetables)","Production","t",2003,9887112.81,"Peas, dry","no"
NA,"World","Pulses (dried leguminous vegetables)","Production","t",2004,11744206.13,"Peas, dry","no"
NA,"World","Pulses (dried leguminous vegetables)","Production","t",2005,11279450.22,"Peas, dry","no"
NA,"World","Pulses (dried leguminous vegetables)","Production","t",2006,9775465.98,"Peas, dry","no"
NA,"World","Pulses (dried leguminous vegetables)","Production","t",2007,9134982.99,"Peas, dry","no"
NA,"World","Pulses (dried leguminous vegetables)","Production","t",2008,9768669.33,"Peas, dry","no"
NA,"World","Pulses (dried leguminous vegetables)","Production","t",2009,10396952.59,"Peas, dry","no"
NA,"World","Pulses (dried leguminous vegetables)","Production","t",2010,10502924.08,"Peas, dry","no"
NA,"World","Pulses (dried leguminous vegetables)","Production","t",2011,10278737.75,"Peas, dry","no"
NA,"World","Pulses (dried leguminous vegetables)","Production","t",2012,10638145.19,"Peas, dry","no"
NA,"World","Pulses (dried leguminous vegetables)","Production","t",2013,11276816.88,"Peas, dry","no"
NA,"World","Pulses (dried leguminous vegetables)","Production","t",2014,11709552.01,"Peas, dry","no"
NA,"World","Pulses (dried leguminous vegetables)","Production","t",2015,11930104.34,"Peas, dry","no"
NA,"World","Pulses (dried leguminous vegetables)","Production","t",2016,14917900.52,"Peas, dry","no"
NA,"World","Pulses (dried leguminous vegetables)","Production","t",2017,16185953.81,"Peas, dry","no"
NA,"World","Pulses (dried leguminous vegetables)","Production","t",2018,13438662.56,"Peas, dry","no"
NA,"World","Pulses (dried leguminous vegetables)","Production","t",2019,14034553.36,"Peas, dry","no"
NA,"World","Pulses (dried leguminous vegetables)","Production","t",2020,14679594.88,"Peas, dry","no"
NA,"World","Pulses (dried leguminous vegetables)","Production","t",2021,12450560.87,"Peas, dry","no"
NA,"World","Pulses (dried leguminous vegetables)","Production","t",2022,14187090.13,"Peas, dry","no"
NA,"World","Pulses (dried leguminous vegetables)","Production","t",2023,13763334.1,"Peas, dry","no"
NA,"World","Vegetables","Area harvested","ha",1992,982693,"Peas, green","no"
NA,"World","Vegetables","Area harvested","ha",1993,969917,"Peas, green","no"
NA,"World","Vegetables","Area harvested","ha",1994,1121364,"Peas, green","no"
NA,"World","Vegetables","Area harvested","ha",1995,1226698,"Peas, green","no"
NA,"World","Vegetables","Area harvested","ha",1996,1212381,"Peas, green","no"
NA,"World","Vegetables","Area harvested","ha",1997,1322574,"Peas, green","no"
NA,"World","Vegetables","Area harvested","ha",1998,1429310,"Peas, green","no"
NA,"World","Vegetables","Area harvested","ha",1999,1506677,"Peas, green","no"
NA,"World","Vegetables","Area harvested","ha",2000,1544546,"Peas, green","no"
NA,"World","Vegetables","Area harvested","ha",2001,1604915,"Peas, green","no"
NA,"World","Vegetables","Area harvested","ha",2002,1639130,"Peas, green","no"
NA,"World","Vegetables","Area harvested","ha",2003,1728575,"Peas, green","no"
NA,"World","Vegetables","Area harvested","ha",2004,1719855,"Peas, green","no"
NA,"World","Vegetables","Area harvested","ha",2005,1824787,"Peas, green","no"
NA,"World","Vegetables","Area harvested","ha",2006,1859771,"Peas, green","no"
NA,"World","Vegetables","Area harvested","ha",2007,1980860,"Peas, green","no"
NA,"World","Vegetables","Area harvested","ha",2008,2024031,"Peas, green","no"
NA,"World","Vegetables","Area harvested","ha",2009,2102823,"Peas, green","no"
NA,"World","Vegetables","Area harvested","ha",2010,2159825,"Peas, green","no"
NA,"World","Vegetables","Area harvested","ha",2011,2212922,"Peas, green","no"
NA,"World","Vegetables","Area harvested","ha",2012,2256533,"Peas, green","no"
NA,"World","Vegetables","Area harvested","ha",2013,2258671,"Peas, green","no"
NA,"World","Vegetables","Area harvested","ha",2014,2315769,"Peas, green","no"
NA,"World","Vegetables","Area harvested","ha",2015,2485603,"Peas, green","no"
NA,"World","Vegetables","Area harvested","ha",2016,2401045,"Peas, green","no"
NA,"World","Vegetables","Area harvested","ha",2017,2510915,"Peas, green","no"
NA,"World","Vegetables","Area harvested","ha",2018,2548190,"Peas, green","no"
NA,"World","Vegetables","Area harvested","ha",2019,2591312,"Peas, green","no"
NA,"World","Vegetables","Area harvested","ha",2020,2603589,"Peas, green","no"
NA,"World","Vegetables","Area harvested","ha",2021,2648817,"Peas, green","no"
NA,"World","Vegetables","Area harvested","ha",2022,2654298,"Peas, green","no"
NA,"World","Vegetables","Area harvested","ha",2023,2660820,"Peas, green","no"
NA,"World","Vegetables","Yield","kg/ha",1992,8007.1,"Peas, green","no"
NA,"World","Vegetables","Yield","kg/ha",1993,7958.8,"Peas, green","no"
NA,"World","Vegetables","Yield","kg/ha",1994,7876.2,"Peas, green","no"
NA,"World","Vegetables","Yield","kg/ha",1995,7622.3,"Peas, green","no"
NA,"World","Vegetables","Yield","kg/ha",1996,7560.1,"Peas, green","no"
NA,"World","Vegetables","Yield","kg/ha",1997,7556.9,"Peas, green","no"
NA,"World","Vegetables","Yield","kg/ha",1998,7505.9,"Peas, green","no"
NA,"World","Vegetables","Yield","kg/ha",1999,7560,"Peas, green","no"
NA,"World","Vegetables","Yield","kg/ha",2000,7862.8,"Peas, green","no"
NA,"World","Vegetables","Yield","kg/ha",2001,7706.5,"Peas, green","no"
NA,"World","Vegetables","Yield","kg/ha",2002,7161.6,"Peas, green","no"
NA,"World","Vegetables","Yield","kg/ha",2003,7143.2,"Peas, green","no"
NA,"World","Vegetables","Yield","kg/ha",2004,7330.7,"Peas, green","no"
NA,"World","Vegetables","Yield","kg/ha",2005,7188.1,"Peas, green","no"
NA,"World","Vegetables","Yield","kg/ha",2006,7556.7,"Peas, green","no"
NA,"World","Vegetables","Yield","kg/ha",2007,7384.1,"Peas, green","no"
NA,"World","Vegetables","Yield","kg/ha",2008,7345.3,"Peas, green","no"
NA,"World","Vegetables","Yield","kg/ha",2009,7457.1,"Peas, green","no"
NA,"World","Vegetables","Yield","kg/ha",2010,7375.8,"Peas, green","no"
NA,"World","Vegetables","Yield","kg/ha",2011,7644.5,"Peas, green","no"
NA,"World","Vegetables","Yield","kg/ha",2012,7535,"Peas, green","no"
NA,"World","Vegetables","Yield","kg/ha",2013,7688.1,"Peas, green","no"
NA,"World","Vegetables","Yield","kg/ha",2014,7499.5,"Peas, green","no"
NA,"World","Vegetables","Yield","kg/ha",2015,7784.6,"Peas, green","no"
NA,"World","Vegetables","Yield","kg/ha",2016,7756.7,"Peas, green","no"
NA,"World","Vegetables","Yield","kg/ha",2017,7841.3,"Peas, green","no"
NA,"World","Vegetables","Yield","kg/ha",2018,7795.7,"Peas, green","no"
NA,"World","Vegetables","Yield","kg/ha",2019,7839.1,"Peas, green","no"
NA,"World","Vegetables","Yield","kg/ha",2020,7878.6,"Peas, green","no"
NA,"World","Vegetables","Yield","kg/ha",2021,7934.3,"Peas, green","no"
NA,"World","Vegetables","Yield","kg/ha",2022,7972.3,"Peas, green","no"
NA,"World","Vegetables","Yield","kg/ha",2023,8074.5,"Peas, green","no"
NA,"World","Vegetables","Production","t",1992,7868477.58,"Peas, green","no"
NA,"World","Vegetables","Production","t",1993,7719401.48,"Peas, green","no"
NA,"World","Vegetables","Production","t",1994,8832132.9,"Peas, green","no"
NA,"World","Vegetables","Production","t",1995,9350202,"Peas, green","no"
NA,"World","Vegetables","Production","t",1996,9165736.59,"Peas, green","no"
NA,"World","Vegetables","Production","t",1997,9994596.76,"Peas, green","no"
NA,"World","Vegetables","Production","t",1998,10728296.15,"Peas, green","no"
NA,"World","Vegetables","Production","t",1999,11390431.41,"Peas, green","no"
NA,"World","Vegetables","Production","t",2000,12144457.33,"Peas, green","no"
NA,"World","Vegetables","Production","t",2001,12368260.63,"Peas, green","no"
NA,"World","Vegetables","Production","t",2002,11738778.39,"Peas, green","no"
NA,"World","Vegetables","Production","t",2003,12347575.93,"Peas, green","no"
NA,"World","Vegetables","Production","t",2004,12607751.64,"Peas, green","no"
NA,"World","Vegetables","Production","t",2005,13116760.19,"Peas, green","no"
NA,"World","Vegetables","Production","t",2006,14053713.36,"Peas, green","no"
NA,"World","Vegetables","Production","t",2007,14626868.47,"Peas, green","no"
NA,"World","Vegetables","Production","t",2008,14867152.1,"Peas, green","no"
NA,"World","Vegetables","Production","t",2009,15680887.86,"Peas, green","no"
NA,"World","Vegetables","Production","t",2010,15930478.01,"Peas, green","no"
NA,"World","Vegetables","Production","t",2011,16916713.58,"Peas, green","no"
NA,"World","Vegetables","Production","t",2012,17002871.78,"Peas, green","no"
NA,"World","Vegetables","Production","t",2013,17364795.15,"Peas, green","no"
NA,"World","Vegetables","Production","t",2014,17367106.82,"Peas, green","no"
NA,"World","Vegetables","Production","t",2015,19349439.76,"Peas, green","no"
NA,"World","Vegetables","Production","t",2016,18624179.25,"Peas, green","no"
NA,"World","Vegetables","Production","t",2017,19688733.92,"Peas, green","no"
NA,"World","Vegetables","Production","t",2018,19865022.17,"Peas, green","no"
NA,"World","Vegetables","Production","t",2019,20313593.52,"Peas, green","no"
NA,"World","Vegetables","Production","t",2020,20512585.32,"Peas, green","no"
NA,"World","Vegetables","Production","t",2021,21016629.35,"Peas, green","no"
NA,"World","Vegetables","Production","t",2022,21160746.8,"Peas, green","no"
NA,"World","Vegetables","Production","t",2023,21484769.21,"Peas, green","no"
NA,"World","Stimulant, spice and aromatic crops","Area harvested","ha",1992,359842,"Pepper (Piper spp.), raw","no"
NA,"World","Stimulant, spice and aromatic crops","Area harvested","ha",1993,371311,"Pepper (Piper spp.), raw","no"
NA,"World","Stimulant, spice and aromatic crops","Area harvested","ha",1994,360017,"Pepper (Piper spp.), raw","no"
NA,"World","Stimulant, spice and aromatic crops","Area harvested","ha",1995,362652,"Pepper (Piper spp.), raw","no"
NA,"World","Stimulant, spice and aromatic crops","Area harvested","ha",1996,379336,"Pepper (Piper spp.), raw","no"
NA,"World","Stimulant, spice and aromatic crops","Area harvested","ha",1997,356753,"Pepper (Piper spp.), raw","no"
NA,"World","Stimulant, spice and aromatic crops","Area harvested","ha",1998,372987,"Pepper (Piper spp.), raw","no"
NA,"World","Stimulant, spice and aromatic crops","Area harvested","ha",1999,440483,"Pepper (Piper spp.), raw","no"
NA,"World","Stimulant, spice and aromatic crops","Area harvested","ha",2000,418377,"Pepper (Piper spp.), raw","no"
NA,"World","Stimulant, spice and aromatic crops","Area harvested","ha",2001,465661,"Pepper (Piper spp.), raw","no"
NA,"World","Stimulant, spice and aromatic crops","Area harvested","ha",2002,493090,"Pepper (Piper spp.), raw","no"
NA,"World","Stimulant, spice and aromatic crops","Area harvested","ha",2003,516525,"Pepper (Piper spp.), raw","no"
NA,"World","Stimulant, spice and aromatic crops","Area harvested","ha",2004,533623,"Pepper (Piper spp.), raw","no"
NA,"World","Stimulant, spice and aromatic crops","Area harvested","ha",2005,522583,"Pepper (Piper spp.), raw","no"
NA,"World","Stimulant, spice and aromatic crops","Area harvested","ha",2006,635968,"Pepper (Piper spp.), raw","no"
NA,"World","Stimulant, spice and aromatic crops","Area harvested","ha",2007,619885,"Pepper (Piper spp.), raw","no"
NA,"World","Stimulant, spice and aromatic crops","Area harvested","ha",2008,566700,"Pepper (Piper spp.), raw","no"
NA,"World","Stimulant, spice and aromatic crops","Area harvested","ha",2009,612467,"Pepper (Piper spp.), raw","no"
NA,"World","Stimulant, spice and aromatic crops","Area harvested","ha",2010,563106,"Pepper (Piper spp.), raw","no"
NA,"World","Stimulant, spice and aromatic crops","Area harvested","ha",2011,541846,"Pepper (Piper spp.), raw","no"
NA,"World","Stimulant, spice and aromatic crops","Area harvested","ha",2012,559462,"Pepper (Piper spp.), raw","no"
NA,"World","Stimulant, spice and aromatic crops","Area harvested","ha",2013,503535,"Pepper (Piper spp.), raw","no"
NA,"World","Stimulant, spice and aromatic crops","Area harvested","ha",2014,521475,"Pepper (Piper spp.), raw","no"
NA,"World","Stimulant, spice and aromatic crops","Area harvested","ha",2015,556701,"Pepper (Piper spp.), raw","no"
NA,"World","Stimulant, spice and aromatic crops","Area harvested","ha",2016,596756,"Pepper (Piper spp.), raw","no"
NA,"World","Stimulant, spice and aromatic crops","Area harvested","ha",2017,605434,"Pepper (Piper spp.), raw","no"
NA,"World","Stimulant, spice and aromatic crops","Area harvested","ha",2018,676473,"Pepper (Piper spp.), raw","no"
NA,"World","Stimulant, spice and aromatic crops","Area harvested","ha",2019,669972,"Pepper (Piper spp.), raw","no"
NA,"World","Stimulant, spice and aromatic crops","Area harvested","ha",2020,693288,"Pepper (Piper spp.), raw","no"
NA,"World","Stimulant, spice and aromatic crops","Area harvested","ha",2021,694000,"Pepper (Piper spp.), raw","no"
NA,"World","Stimulant, spice and aromatic crops","Area harvested","ha",2022,685762,"Pepper (Piper spp.), raw","no"
NA,"World","Stimulant, spice and aromatic crops","Area harvested","ha",2023,670322,"Pepper (Piper spp.), raw","no"
NA,"World","Stimulant, spice and aromatic crops","Yield","kg/ha",1992,675.3,"Pepper (Piper spp.), raw","no"
NA,"World","Stimulant, spice and aromatic crops","Yield","kg/ha",1993,658.5,"Pepper (Piper spp.), raw","no"
NA,"World","Stimulant, spice and aromatic crops","Yield","kg/ha",1994,626.6,"Pepper (Piper spp.), raw","no"
NA,"World","Stimulant, spice and aromatic crops","Yield","kg/ha",1995,663.5,"Pepper (Piper spp.), raw","no"
NA,"World","Stimulant, spice and aromatic crops","Yield","kg/ha",1996,637.5,"Pepper (Piper spp.), raw","no"
NA,"World","Stimulant, spice and aromatic crops","Yield","kg/ha",1997,669.7,"Pepper (Piper spp.), raw","no"
NA,"World","Stimulant, spice and aromatic crops","Yield","kg/ha",1998,700.8,"Pepper (Piper spp.), raw","no"
NA,"World","Stimulant, spice and aromatic crops","Yield","kg/ha",1999,699.4,"Pepper (Piper spp.), raw","no"
NA,"World","Stimulant, spice and aromatic crops","Yield","kg/ha",2000,761.8,"Pepper (Piper spp.), raw","no"
NA,"World","Stimulant, spice and aromatic crops","Yield","kg/ha",2001,780.1,"Pepper (Piper spp.), raw","no"
NA,"World","Stimulant, spice and aromatic crops","Yield","kg/ha",2002,817.7,"Pepper (Piper spp.), raw","no"
NA,"World","Stimulant, spice and aromatic crops","Yield","kg/ha",2003,825.4,"Pepper (Piper spp.), raw","no"
NA,"World","Stimulant, spice and aromatic crops","Yield","kg/ha",2004,809.5,"Pepper (Piper spp.), raw","no"
NA,"World","Stimulant, spice and aromatic crops","Yield","kg/ha",2005,866.9,"Pepper (Piper spp.), raw","no"
NA,"World","Stimulant, spice and aromatic crops","Yield","kg/ha",2006,745,"Pepper (Piper spp.), raw","no"
NA,"World","Stimulant, spice and aromatic crops","Yield","kg/ha",2007,755.7,"Pepper (Piper spp.), raw","no"
NA,"World","Stimulant, spice and aromatic crops","Yield","kg/ha",2008,800.2,"Pepper (Piper spp.), raw","no"
NA,"World","Stimulant, spice and aromatic crops","Yield","kg/ha",2009,761.2,"Pepper (Piper spp.), raw","no"
NA,"World","Stimulant, spice and aromatic crops","Yield","kg/ha",2010,758.8,"Pepper (Piper spp.), raw","no"
NA,"World","Stimulant, spice and aromatic crops","Yield","kg/ha",2011,793.6,"Pepper (Piper spp.), raw","no"
NA,"World","Stimulant, spice and aromatic crops","Yield","kg/ha",2012,761.3,"Pepper (Piper spp.), raw","no"
NA,"World","Stimulant, spice and aromatic crops","Yield","kg/ha",2013,926,"Pepper (Piper spp.), raw","no"
NA,"World","Stimulant, spice and aromatic crops","Yield","kg/ha",2014,967.5,"Pepper (Piper spp.), raw","no"
NA,"World","Stimulant, spice and aromatic crops","Yield","kg/ha",2015,1007.5,"Pepper (Piper spp.), raw","no"
NA,"World","Stimulant, spice and aromatic crops","Yield","kg/ha",2016,1044.3,"Pepper (Piper spp.), raw","no"
NA,"World","Stimulant, spice and aromatic crops","Yield","kg/ha",2017,1152,"Pepper (Piper spp.), raw","no"
NA,"World","Stimulant, spice and aromatic crops","Yield","kg/ha",2018,1224.5,"Pepper (Piper spp.), raw","no"
NA,"World","Stimulant, spice and aromatic crops","Yield","kg/ha",2019,1240.3,"Pepper (Piper spp.), raw","no"
NA,"World","Stimulant, spice and aromatic crops","Yield","kg/ha",2020,1230,"Pepper (Piper spp.), raw","no"
NA,"World","Stimulant, spice and aromatic crops","Yield","kg/ha",2021,1251.3,"Pepper (Piper spp.), raw","no"
NA,"World","Stimulant, spice and aromatic crops","Yield","kg/ha",2022,1262.9,"Pepper (Piper spp.), raw","no"
NA,"World","Stimulant, spice and aromatic crops","Yield","kg/ha",2023,1275.7,"Pepper (Piper spp.), raw","no"
NA,"World","Stimulant, spice and aromatic crops","Production","t",1992,243014.67,"Pepper (Piper spp.), raw","no"
NA,"World","Stimulant, spice and aromatic crops","Production","t",1993,244526.52,"Pepper (Piper spp.), raw","no"
NA,"World","Stimulant, spice and aromatic crops","Production","t",1994,225601.09,"Pepper (Piper spp.), raw","no"
NA,"World","Stimulant, spice and aromatic crops","Production","t",1995,240620.56,"Pepper (Piper spp.), raw","no"
NA,"World","Stimulant, spice and aromatic crops","Production","t",1996,241829.48,"Pepper (Piper spp.), raw","no"
NA,"World","Stimulant, spice and aromatic crops","Production","t",1997,238935.35,"Pepper (Piper spp.), raw","no"
NA,"World","Stimulant, spice and aromatic crops","Production","t",1998,261394.28,"Pepper (Piper spp.), raw","no"
NA,"World","Stimulant, spice and aromatic crops","Production","t",1999,308053.32,"Pepper (Piper spp.), raw","no"
NA,"World","Stimulant, spice and aromatic crops","Production","t",2000,318733.86,"Pepper (Piper spp.), raw","no"
NA,"World","Stimulant, spice and aromatic crops","Production","t",2001,363263.15,"Pepper (Piper spp.), raw","no"
NA,"World","Stimulant, spice and aromatic crops","Production","t",2002,403192.18,"Pepper (Piper spp.), raw","no"
NA,"World","Stimulant, spice and aromatic crops","Production","t",2003,426359.9,"Pepper (Piper spp.), raw","no"
NA,"World","Stimulant, spice and aromatic crops","Production","t",2004,431961.41,"Pepper (Piper spp.), raw","no"
NA,"World","Stimulant, spice and aromatic crops","Production","t",2005,453001.56,"Pepper (Piper spp.), raw","no"
NA,"World","Stimulant, spice and aromatic crops","Production","t",2006,473782.55,"Pepper (Piper spp.), raw","no"
NA,"World","Stimulant, spice and aromatic crops","Production","t",2007,468470.35,"Pepper (Piper spp.), raw","no"
NA,"World","Stimulant, spice and aromatic crops","Production","t",2008,453455.08,"Pepper (Piper spp.), raw","no"
NA,"World","Stimulant, spice and aromatic crops","Production","t",2009,466192.91,"Pepper (Piper spp.), raw","no"
NA,"World","Stimulant, spice and aromatic crops","Production","t",2010,427271.74,"Pepper (Piper spp.), raw","no"
NA,"World","Stimulant, spice and aromatic crops","Production","t",2011,430009.79,"Pepper (Piper spp.), raw","no"
NA,"World","Stimulant, spice and aromatic crops","Production","t",2012,425920.77,"Pepper (Piper spp.), raw","no"
NA,"World","Stimulant, spice and aromatic crops","Production","t",2013,466273.3,"Pepper (Piper spp.), raw","no"
NA,"World","Stimulant, spice and aromatic crops","Production","t",2014,504510.82,"Pepper (Piper spp.), raw","no"
NA,"World","Stimulant, spice and aromatic crops","Production","t",2015,560884.22,"Pepper (Piper spp.), raw","no"
NA,"World","Stimulant, spice and aromatic crops","Production","t",2016,623177.69,"Pepper (Piper spp.), raw","no"
NA,"World","Stimulant, spice and aromatic crops","Production","t",2017,697439.53,"Pepper (Piper spp.), raw","no"
NA,"World","Stimulant, spice and aromatic crops","Production","t",2018,828316.26,"Pepper (Piper spp.), raw","no"
NA,"World","Stimulant, spice and aromatic crops","Production","t",2019,830989.2,"Pepper (Piper spp.), raw","no"
NA,"World","Stimulant, spice and aromatic crops","Production","t",2020,852767.4,"Pepper (Piper spp.), raw","no"
NA,"World","Stimulant, spice and aromatic crops","Production","t",2021,868378.51,"Pepper (Piper spp.), raw","no"
NA,"World","Stimulant, spice and aromatic crops","Production","t",2022,866026.43,"Pepper (Piper spp.), raw","no"
NA,"World","Stimulant, spice and aromatic crops","Production","t",2023,855105.13,"Pepper (Piper spp.), raw","no"
NA,"World","Forage products; fibre crops; plants used in perfumery, pharmacy, or for insecticidal, fungicidal or similar purposes; beet, forage plant and flower seeds; natural rubber; living plants, cut flowers and flower buds; unmanufactured tobacco; other raw vegetable materials","Area harvested","ha",1992,1441,"Peppermint, spearmint","no"
NA,"World","Forage products; fibre crops; plants used in perfumery, pharmacy, or for insecticidal, fungicidal or similar purposes; beet, forage plant and flower seeds; natural rubber; living plants, cut flowers and flower buds; unmanufactured tobacco; other raw vegetable materials","Area harvested","ha",1993,1819,"Peppermint, spearmint","no"
NA,"World","Forage products; fibre crops; plants used in perfumery, pharmacy, or for insecticidal, fungicidal or similar purposes; beet, forage plant and flower seeds; natural rubber; living plants, cut flowers and flower buds; unmanufactured tobacco; other raw vegetable materials","Area harvested","ha",1994,2563,"Peppermint, spearmint","no"
NA,"World","Forage products; fibre crops; plants used in perfumery, pharmacy, or for insecticidal, fungicidal or similar purposes; beet, forage plant and flower seeds; natural rubber; living plants, cut flowers and flower buds; unmanufactured tobacco; other raw vegetable materials","Area harvested","ha",1995,2548,"Peppermint, spearmint","no"
NA,"World","Forage products; fibre crops; plants used in perfumery, pharmacy, or for insecticidal, fungicidal or similar purposes; beet, forage plant and flower seeds; natural rubber; living plants, cut flowers and flower buds; unmanufactured tobacco; other raw vegetable materials","Area harvested","ha",1996,2606,"Peppermint, spearmint","no"
NA,"World","Forage products; fibre crops; plants used in perfumery, pharmacy, or for insecticidal, fungicidal or similar purposes; beet, forage plant and flower seeds; natural rubber; living plants, cut flowers and flower buds; unmanufactured tobacco; other raw vegetable materials","Area harvested","ha",1997,2710,"Peppermint, spearmint","no"
NA,"World","Forage products; fibre crops; plants used in perfumery, pharmacy, or for insecticidal, fungicidal or similar purposes; beet, forage plant and flower seeds; natural rubber; living plants, cut flowers and flower buds; unmanufactured tobacco; other raw vegetable materials","Area harvested","ha",1998,2876,"Peppermint, spearmint","no"
NA,"World","Forage products; fibre crops; plants used in perfumery, pharmacy, or for insecticidal, fungicidal or similar purposes; beet, forage plant and flower seeds; natural rubber; living plants, cut flowers and flower buds; unmanufactured tobacco; other raw vegetable materials","Area harvested","ha",1999,2786,"Peppermint, spearmint","no"
NA,"World","Forage products; fibre crops; plants used in perfumery, pharmacy, or for insecticidal, fungicidal or similar purposes; beet, forage plant and flower seeds; natural rubber; living plants, cut flowers and flower buds; unmanufactured tobacco; other raw vegetable materials","Area harvested","ha",2000,2057,"Peppermint, spearmint","no"
NA,"World","Forage products; fibre crops; plants used in perfumery, pharmacy, or for insecticidal, fungicidal or similar purposes; beet, forage plant and flower seeds; natural rubber; living plants, cut flowers and flower buds; unmanufactured tobacco; other raw vegetable materials","Area harvested","ha",2001,3951,"Peppermint, spearmint","no"
NA,"World","Forage products; fibre crops; plants used in perfumery, pharmacy, or for insecticidal, fungicidal or similar purposes; beet, forage plant and flower seeds; natural rubber; living plants, cut flowers and flower buds; unmanufactured tobacco; other raw vegetable materials","Area harvested","ha",2002,3043,"Peppermint, spearmint","no"
NA,"World","Forage products; fibre crops; plants used in perfumery, pharmacy, or for insecticidal, fungicidal or similar purposes; beet, forage plant and flower seeds; natural rubber; living plants, cut flowers and flower buds; unmanufactured tobacco; other raw vegetable materials","Area harvested","ha",2003,4492,"Peppermint, spearmint","no"
NA,"World","Forage products; fibre crops; plants used in perfumery, pharmacy, or for insecticidal, fungicidal or similar purposes; beet, forage plant and flower seeds; natural rubber; living plants, cut flowers and flower buds; unmanufactured tobacco; other raw vegetable materials","Area harvested","ha",2004,3764,"Peppermint, spearmint","no"
NA,"World","Forage products; fibre crops; plants used in perfumery, pharmacy, or for insecticidal, fungicidal or similar purposes; beet, forage plant and flower seeds; natural rubber; living plants, cut flowers and flower buds; unmanufactured tobacco; other raw vegetable materials","Area harvested","ha",2005,3564,"Peppermint, spearmint","no"
NA,"World","Forage products; fibre crops; plants used in perfumery, pharmacy, or for insecticidal, fungicidal or similar purposes; beet, forage plant and flower seeds; natural rubber; living plants, cut flowers and flower buds; unmanufactured tobacco; other raw vegetable materials","Area harvested","ha",2006,3782,"Peppermint, spearmint","no"
NA,"World","Forage products; fibre crops; plants used in perfumery, pharmacy, or for insecticidal, fungicidal or similar purposes; beet, forage plant and flower seeds; natural rubber; living plants, cut flowers and flower buds; unmanufactured tobacco; other raw vegetable materials","Area harvested","ha",2007,3361,"Peppermint, spearmint","no"
NA,"World","Forage products; fibre crops; plants used in perfumery, pharmacy, or for insecticidal, fungicidal or similar purposes; beet, forage plant and flower seeds; natural rubber; living plants, cut flowers and flower buds; unmanufactured tobacco; other raw vegetable materials","Area harvested","ha",2008,3355,"Peppermint, spearmint","no"
NA,"World","Forage products; fibre crops; plants used in perfumery, pharmacy, or for insecticidal, fungicidal or similar purposes; beet, forage plant and flower seeds; natural rubber; living plants, cut flowers and flower buds; unmanufactured tobacco; other raw vegetable materials","Area harvested","ha",2009,3136,"Peppermint, spearmint","no"
NA,"World","Forage products; fibre crops; plants used in perfumery, pharmacy, or for insecticidal, fungicidal or similar purposes; beet, forage plant and flower seeds; natural rubber; living plants, cut flowers and flower buds; unmanufactured tobacco; other raw vegetable materials","Area harvested","ha",2010,3136,"Peppermint, spearmint","no"
NA,"World","Forage products; fibre crops; plants used in perfumery, pharmacy, or for insecticidal, fungicidal or similar purposes; beet, forage plant and flower seeds; natural rubber; living plants, cut flowers and flower buds; unmanufactured tobacco; other raw vegetable materials","Area harvested","ha",2011,2691,"Peppermint, spearmint","no"
NA,"World","Forage products; fibre crops; plants used in perfumery, pharmacy, or for insecticidal, fungicidal or similar purposes; beet, forage plant and flower seeds; natural rubber; living plants, cut flowers and flower buds; unmanufactured tobacco; other raw vegetable materials","Area harvested","ha",2012,4427,"Peppermint, spearmint","no"
NA,"World","Forage products; fibre crops; plants used in perfumery, pharmacy, or for insecticidal, fungicidal or similar purposes; beet, forage plant and flower seeds; natural rubber; living plants, cut flowers and flower buds; unmanufactured tobacco; other raw vegetable materials","Area harvested","ha",2013,4044,"Peppermint, spearmint","no"
NA,"World","Forage products; fibre crops; plants used in perfumery, pharmacy, or for insecticidal, fungicidal or similar purposes; beet, forage plant and flower seeds; natural rubber; living plants, cut flowers and flower buds; unmanufactured tobacco; other raw vegetable materials","Area harvested","ha",2014,3889,"Peppermint, spearmint","no"
NA,"World","Forage products; fibre crops; plants used in perfumery, pharmacy, or for insecticidal, fungicidal or similar purposes; beet, forage plant and flower seeds; natural rubber; living plants, cut flowers and flower buds; unmanufactured tobacco; other raw vegetable materials","Area harvested","ha",2015,3635,"Peppermint, spearmint","no"
NA,"World","Forage products; fibre crops; plants used in perfumery, pharmacy, or for insecticidal, fungicidal or similar purposes; beet, forage plant and flower seeds; natural rubber; living plants, cut flowers and flower buds; unmanufactured tobacco; other raw vegetable materials","Area harvested","ha",2016,3794,"Peppermint, spearmint","no"
NA,"World","Forage products; fibre crops; plants used in perfumery, pharmacy, or for insecticidal, fungicidal or similar purposes; beet, forage plant and flower seeds; natural rubber; living plants, cut flowers and flower buds; unmanufactured tobacco; other raw vegetable materials","Area harvested","ha",2017,4108,"Peppermint, spearmint","no"
NA,"World","Forage products; fibre crops; plants used in perfumery, pharmacy, or for insecticidal, fungicidal or similar purposes; beet, forage plant and flower seeds; natural rubber; living plants, cut flowers and flower buds; unmanufactured tobacco; other raw vegetable materials","Area harvested","ha",2018,3782,"Peppermint, spearmint","no"
NA,"World","Forage products; fibre crops; plants used in perfumery, pharmacy, or for insecticidal, fungicidal or similar purposes; beet, forage plant and flower seeds; natural rubber; living plants, cut flowers and flower buds; unmanufactured tobacco; other raw vegetable materials","Area harvested","ha",2019,3138,"Peppermint, spearmint","no"
NA,"World","Forage products; fibre crops; plants used in perfumery, pharmacy, or for insecticidal, fungicidal or similar purposes; beet, forage plant and flower seeds; natural rubber; living plants, cut flowers and flower buds; unmanufactured tobacco; other raw vegetable materials","Area harvested","ha",2020,3011,"Peppermint, spearmint","no"
NA,"World","Forage products; fibre crops; plants used in perfumery, pharmacy, or for insecticidal, fungicidal or similar purposes; beet, forage plant and flower seeds; natural rubber; living plants, cut flowers and flower buds; unmanufactured tobacco; other raw vegetable materials","Area harvested","ha",2021,2070,"Peppermint, spearmint","no"
NA,"World","Forage products; fibre crops; plants used in perfumery, pharmacy, or for insecticidal, fungicidal or similar purposes; beet, forage plant and flower seeds; natural rubber; living plants, cut flowers and flower buds; unmanufactured tobacco; other raw vegetable materials","Area harvested","ha",2022,1595,"Peppermint, spearmint","no"
NA,"World","Forage products; fibre crops; plants used in perfumery, pharmacy, or for insecticidal, fungicidal or similar purposes; beet, forage plant and flower seeds; natural rubber; living plants, cut flowers and flower buds; unmanufactured tobacco; other raw vegetable materials","Area harvested","ha",2023,2103,"Peppermint, spearmint","no"
NA,"World","Forage products; fibre crops; plants used in perfumery, pharmacy, or for insecticidal, fungicidal or similar purposes; beet, forage plant and flower seeds; natural rubber; living plants, cut flowers and flower buds; unmanufactured tobacco; other raw vegetable materials","Yield","kg/ha",1992,21762.7,"Peppermint, spearmint","no"
NA,"World","Forage products; fibre crops; plants used in perfumery, pharmacy, or for insecticidal, fungicidal or similar purposes; beet, forage plant and flower seeds; natural rubber; living plants, cut flowers and flower buds; unmanufactured tobacco; other raw vegetable materials","Yield","kg/ha",1993,21931.8,"Peppermint, spearmint","no"
NA,"World","Forage products; fibre crops; plants used in perfumery, pharmacy, or for insecticidal, fungicidal or similar purposes; beet, forage plant and flower seeds; natural rubber; living plants, cut flowers and flower buds; unmanufactured tobacco; other raw vegetable materials","Yield","kg/ha",1994,22496.7,"Peppermint, spearmint","no"
NA,"World","Forage products; fibre crops; plants used in perfumery, pharmacy, or for insecticidal, fungicidal or similar purposes; beet, forage plant and flower seeds; natural rubber; living plants, cut flowers and flower buds; unmanufactured tobacco; other raw vegetable materials","Yield","kg/ha",1995,22638.1,"Peppermint, spearmint","no"
NA,"World","Forage products; fibre crops; plants used in perfumery, pharmacy, or for insecticidal, fungicidal or similar purposes; beet, forage plant and flower seeds; natural rubber; living plants, cut flowers and flower buds; unmanufactured tobacco; other raw vegetable materials","Yield","kg/ha",1996,23343.1,"Peppermint, spearmint","no"
NA,"World","Forage products; fibre crops; plants used in perfumery, pharmacy, or for insecticidal, fungicidal or similar purposes; beet, forage plant and flower seeds; natural rubber; living plants, cut flowers and flower buds; unmanufactured tobacco; other raw vegetable materials","Yield","kg/ha",1997,20944.6,"Peppermint, spearmint","no"
NA,"World","Forage products; fibre crops; plants used in perfumery, pharmacy, or for insecticidal, fungicidal or similar purposes; beet, forage plant and flower seeds; natural rubber; living plants, cut flowers and flower buds; unmanufactured tobacco; other raw vegetable materials","Yield","kg/ha",1998,22744.1,"Peppermint, spearmint","no"
NA,"World","Forage products; fibre crops; plants used in perfumery, pharmacy, or for insecticidal, fungicidal or similar purposes; beet, forage plant and flower seeds; natural rubber; living plants, cut flowers and flower buds; unmanufactured tobacco; other raw vegetable materials","Yield","kg/ha",1999,31695.2,"Peppermint, spearmint","no"
NA,"World","Forage products; fibre crops; plants used in perfumery, pharmacy, or for insecticidal, fungicidal or similar purposes; beet, forage plant and flower seeds; natural rubber; living plants, cut flowers and flower buds; unmanufactured tobacco; other raw vegetable materials","Yield","kg/ha",2000,20966.8,"Peppermint, spearmint","no"
NA,"World","Forage products; fibre crops; plants used in perfumery, pharmacy, or for insecticidal, fungicidal or similar purposes; beet, forage plant and flower seeds; natural rubber; living plants, cut flowers and flower buds; unmanufactured tobacco; other raw vegetable materials","Yield","kg/ha",2001,15384.9,"Peppermint, spearmint","no"
NA,"World","Forage products; fibre crops; plants used in perfumery, pharmacy, or for insecticidal, fungicidal or similar purposes; beet, forage plant and flower seeds; natural rubber; living plants, cut flowers and flower buds; unmanufactured tobacco; other raw vegetable materials","Yield","kg/ha",2002,20003.3,"Peppermint, spearmint","no"
NA,"World","Forage products; fibre crops; plants used in perfumery, pharmacy, or for insecticidal, fungicidal or similar purposes; beet, forage plant and flower seeds; natural rubber; living plants, cut flowers and flower buds; unmanufactured tobacco; other raw vegetable materials","Yield","kg/ha",2003,26324.6,"Peppermint, spearmint","no"
NA,"World","Forage products; fibre crops; plants used in perfumery, pharmacy, or for insecticidal, fungicidal or similar purposes; beet, forage plant and flower seeds; natural rubber; living plants, cut flowers and flower buds; unmanufactured tobacco; other raw vegetable materials","Yield","kg/ha",2004,20422.2,"Peppermint, spearmint","no"
NA,"World","Forage products; fibre crops; plants used in perfumery, pharmacy, or for insecticidal, fungicidal or similar purposes; beet, forage plant and flower seeds; natural rubber; living plants, cut flowers and flower buds; unmanufactured tobacco; other raw vegetable materials","Yield","kg/ha",2005,19577.9,"Peppermint, spearmint","no"
NA,"World","Forage products; fibre crops; plants used in perfumery, pharmacy, or for insecticidal, fungicidal or similar purposes; beet, forage plant and flower seeds; natural rubber; living plants, cut flowers and flower buds; unmanufactured tobacco; other raw vegetable materials","Yield","kg/ha",2006,24460.1,"Peppermint, spearmint","no"
NA,"World","Forage products; fibre crops; plants used in perfumery, pharmacy, or for insecticidal, fungicidal or similar purposes; beet, forage plant and flower seeds; natural rubber; living plants, cut flowers and flower buds; unmanufactured tobacco; other raw vegetable materials","Yield","kg/ha",2007,21914.9,"Peppermint, spearmint","no"
NA,"World","Forage products; fibre crops; plants used in perfumery, pharmacy, or for insecticidal, fungicidal or similar purposes; beet, forage plant and flower seeds; natural rubber; living plants, cut flowers and flower buds; unmanufactured tobacco; other raw vegetable materials","Yield","kg/ha",2008,21465.7,"Peppermint, spearmint","no"
NA,"World","Forage products; fibre crops; plants used in perfumery, pharmacy, or for insecticidal, fungicidal or similar purposes; beet, forage plant and flower seeds; natural rubber; living plants, cut flowers and flower buds; unmanufactured tobacco; other raw vegetable materials","Yield","kg/ha",2009,18954.8,"Peppermint, spearmint","no"
NA,"World","Forage products; fibre crops; plants used in perfumery, pharmacy, or for insecticidal, fungicidal or similar purposes; beet, forage plant and flower seeds; natural rubber; living plants, cut flowers and flower buds; unmanufactured tobacco; other raw vegetable materials","Yield","kg/ha",2010,25753.8,"Peppermint, spearmint","no"
NA,"World","Forage products; fibre crops; plants used in perfumery, pharmacy, or for insecticidal, fungicidal or similar purposes; beet, forage plant and flower seeds; natural rubber; living plants, cut flowers and flower buds; unmanufactured tobacco; other raw vegetable materials","Yield","kg/ha",2011,23384.8,"Peppermint, spearmint","no"
NA,"World","Forage products; fibre crops; plants used in perfumery, pharmacy, or for insecticidal, fungicidal or similar purposes; beet, forage plant and flower seeds; natural rubber; living plants, cut flowers and flower buds; unmanufactured tobacco; other raw vegetable materials","Yield","kg/ha",2012,24024.5,"Peppermint, spearmint","no"
NA,"World","Forage products; fibre crops; plants used in perfumery, pharmacy, or for insecticidal, fungicidal or similar purposes; beet, forage plant and flower seeds; natural rubber; living plants, cut flowers and flower buds; unmanufactured tobacco; other raw vegetable materials","Yield","kg/ha",2013,23522.8,"Peppermint, spearmint","no"
NA,"World","Forage products; fibre crops; plants used in perfumery, pharmacy, or for insecticidal, fungicidal or similar purposes; beet, forage plant and flower seeds; natural rubber; living plants, cut flowers and flower buds; unmanufactured tobacco; other raw vegetable materials","Yield","kg/ha",2014,23839.2,"Peppermint, spearmint","no"
NA,"World","Forage products; fibre crops; plants used in perfumery, pharmacy, or for insecticidal, fungicidal or similar purposes; beet, forage plant and flower seeds; natural rubber; living plants, cut flowers and flower buds; unmanufactured tobacco; other raw vegetable materials","Yield","kg/ha",2015,29605.7,"Peppermint, spearmint","no"
NA,"World","Forage products; fibre crops; plants used in perfumery, pharmacy, or for insecticidal, fungicidal or similar purposes; beet, forage plant and flower seeds; natural rubber; living plants, cut flowers and flower buds; unmanufactured tobacco; other raw vegetable materials","Yield","kg/ha",2016,28113.4,"Peppermint, spearmint","no"
NA,"World","Forage products; fibre crops; plants used in perfumery, pharmacy, or for insecticidal, fungicidal or similar purposes; beet, forage plant and flower seeds; natural rubber; living plants, cut flowers and flower buds; unmanufactured tobacco; other raw vegetable materials","Yield","kg/ha",2017,24151.4,"Peppermint, spearmint","no"
NA,"World","Forage products; fibre crops; plants used in perfumery, pharmacy, or for insecticidal, fungicidal or similar purposes; beet, forage plant and flower seeds; natural rubber; living plants, cut flowers and flower buds; unmanufactured tobacco; other raw vegetable materials","Yield","kg/ha",2018,28125.1,"Peppermint, spearmint","no"
NA,"World","Forage products; fibre crops; plants used in perfumery, pharmacy, or for insecticidal, fungicidal or similar purposes; beet, forage plant and flower seeds; natural rubber; living plants, cut flowers and flower buds; unmanufactured tobacco; other raw vegetable materials","Yield","kg/ha",2019,23639.7,"Peppermint, spearmint","no"
NA,"World","Forage products; fibre crops; plants used in perfumery, pharmacy, or for insecticidal, fungicidal or similar purposes; beet, forage plant and flower seeds; natural rubber; living plants, cut flowers and flower buds; unmanufactured tobacco; other raw vegetable materials","Yield","kg/ha",2020,16080.7,"Peppermint, spearmint","no"
NA,"World","Forage products; fibre crops; plants used in perfumery, pharmacy, or for insecticidal, fungicidal or similar purposes; beet, forage plant and flower seeds; natural rubber; living plants, cut flowers and flower buds; unmanufactured tobacco; other raw vegetable materials","Yield","kg/ha",2021,18352.1,"Peppermint, spearmint","no"
NA,"World","Forage products; fibre crops; plants used in perfumery, pharmacy, or for insecticidal, fungicidal or similar purposes; beet, forage plant and flower seeds; natural rubber; living plants, cut flowers and flower buds; unmanufactured tobacco; other raw vegetable materials","Yield","kg/ha",2022,31750.4,"Peppermint, spearmint","no"
NA,"World","Forage products; fibre crops; plants used in perfumery, pharmacy, or for insecticidal, fungicidal or similar purposes; beet, forage plant and flower seeds; natural rubber; living plants, cut flowers and flower buds; unmanufactured tobacco; other raw vegetable materials","Yield","kg/ha",2023,16901.4,"Peppermint, spearmint","no"
NA,"World","Forage products; fibre crops; plants used in perfumery, pharmacy, or for insecticidal, fungicidal or similar purposes; beet, forage plant and flower seeds; natural rubber; living plants, cut flowers and flower buds; unmanufactured tobacco; other raw vegetable materials","Production","t",1992,31360,"Peppermint, spearmint","no"
NA,"World","Forage products; fibre crops; plants used in perfumery, pharmacy, or for insecticidal, fungicidal or similar purposes; beet, forage plant and flower seeds; natural rubber; living plants, cut flowers and flower buds; unmanufactured tobacco; other raw vegetable materials","Production","t",1993,39894,"Peppermint, spearmint","no"
NA,"World","Forage products; fibre crops; plants used in perfumery, pharmacy, or for insecticidal, fungicidal or similar purposes; beet, forage plant and flower seeds; natural rubber; living plants, cut flowers and flower buds; unmanufactured tobacco; other raw vegetable materials","Production","t",1994,57659,"Peppermint, spearmint","no"
NA,"World","Forage products; fibre crops; plants used in perfumery, pharmacy, or for insecticidal, fungicidal or similar purposes; beet, forage plant and flower seeds; natural rubber; living plants, cut flowers and flower buds; unmanufactured tobacco; other raw vegetable materials","Production","t",1995,57682,"Peppermint, spearmint","no"
NA,"World","Forage products; fibre crops; plants used in perfumery, pharmacy, or for insecticidal, fungicidal or similar purposes; beet, forage plant and flower seeds; natural rubber; living plants, cut flowers and flower buds; unmanufactured tobacco; other raw vegetable materials","Production","t",1996,60832,"Peppermint, spearmint","no"
NA,"World","Forage products; fibre crops; plants used in perfumery, pharmacy, or for insecticidal, fungicidal or similar purposes; beet, forage plant and flower seeds; natural rubber; living plants, cut flowers and flower buds; unmanufactured tobacco; other raw vegetable materials","Production","t",1997,56760,"Peppermint, spearmint","no"
NA,"World","Forage products; fibre crops; plants used in perfumery, pharmacy, or for insecticidal, fungicidal or similar purposes; beet, forage plant and flower seeds; natural rubber; living plants, cut flowers and flower buds; unmanufactured tobacco; other raw vegetable materials","Production","t",1998,65412,"Peppermint, spearmint","no"
NA,"World","Forage products; fibre crops; plants used in perfumery, pharmacy, or for insecticidal, fungicidal or similar purposes; beet, forage plant and flower seeds; natural rubber; living plants, cut flowers and flower buds; unmanufactured tobacco; other raw vegetable materials","Production","t",1999,88306.88,"Peppermint, spearmint","no"
NA,"World","Forage products; fibre crops; plants used in perfumery, pharmacy, or for insecticidal, fungicidal or similar purposes; beet, forage plant and flower seeds; natural rubber; living plants, cut flowers and flower buds; unmanufactured tobacco; other raw vegetable materials","Production","t",2000,43134.91,"Peppermint, spearmint","no"
NA,"World","Forage products; fibre crops; plants used in perfumery, pharmacy, or for insecticidal, fungicidal or similar purposes; beet, forage plant and flower seeds; natural rubber; living plants, cut flowers and flower buds; unmanufactured tobacco; other raw vegetable materials","Production","t",2001,60790.68,"Peppermint, spearmint","no"
NA,"World","Forage products; fibre crops; plants used in perfumery, pharmacy, or for insecticidal, fungicidal or similar purposes; beet, forage plant and flower seeds; natural rubber; living plants, cut flowers and flower buds; unmanufactured tobacco; other raw vegetable materials","Production","t",2002,60875.69,"Peppermint, spearmint","no"
NA,"World","Forage products; fibre crops; plants used in perfumery, pharmacy, or for insecticidal, fungicidal or similar purposes; beet, forage plant and flower seeds; natural rubber; living plants, cut flowers and flower buds; unmanufactured tobacco; other raw vegetable materials","Production","t",2003,118256.71,"Peppermint, spearmint","no"
NA,"World","Forage products; fibre crops; plants used in perfumery, pharmacy, or for insecticidal, fungicidal or similar purposes; beet, forage plant and flower seeds; natural rubber; living plants, cut flowers and flower buds; unmanufactured tobacco; other raw vegetable materials","Production","t",2004,76873.72,"Peppermint, spearmint","no"
NA,"World","Forage products; fibre crops; plants used in perfumery, pharmacy, or for insecticidal, fungicidal or similar purposes; beet, forage plant and flower seeds; natural rubber; living plants, cut flowers and flower buds; unmanufactured tobacco; other raw vegetable materials","Production","t",2005,69779.73,"Peppermint, spearmint","no"
NA,"World","Forage products; fibre crops; plants used in perfumery, pharmacy, or for insecticidal, fungicidal or similar purposes; beet, forage plant and flower seeds; natural rubber; living plants, cut flowers and flower buds; unmanufactured tobacco; other raw vegetable materials","Production","t",2006,92512.75,"Peppermint, spearmint","no"
NA,"World","Forage products; fibre crops; plants used in perfumery, pharmacy, or for insecticidal, fungicidal or similar purposes; beet, forage plant and flower seeds; natural rubber; living plants, cut flowers and flower buds; unmanufactured tobacco; other raw vegetable materials","Production","t",2007,73659.76,"Peppermint, spearmint","no"
NA,"World","Forage products; fibre crops; plants used in perfumery, pharmacy, or for insecticidal, fungicidal or similar purposes; beet, forage plant and flower seeds; natural rubber; living plants, cut flowers and flower buds; unmanufactured tobacco; other raw vegetable materials","Production","t",2008,72020.77,"Peppermint, spearmint","no"
NA,"World","Forage products; fibre crops; plants used in perfumery, pharmacy, or for insecticidal, fungicidal or similar purposes; beet, forage plant and flower seeds; natural rubber; living plants, cut flowers and flower buds; unmanufactured tobacco; other raw vegetable materials","Production","t",2009,59444.79,"Peppermint, spearmint","no"
NA,"World","Forage products; fibre crops; plants used in perfumery, pharmacy, or for insecticidal, fungicidal or similar purposes; beet, forage plant and flower seeds; natural rubber; living plants, cut flowers and flower buds; unmanufactured tobacco; other raw vegetable materials","Production","t",2010,80766.8,"Peppermint, spearmint","no"
NA,"World","Forage products; fibre crops; plants used in perfumery, pharmacy, or for insecticidal, fungicidal or similar purposes; beet, forage plant and flower seeds; natural rubber; living plants, cut flowers and flower buds; unmanufactured tobacco; other raw vegetable materials","Production","t",2011,62930.81,"Peppermint, spearmint","no"
NA,"World","Forage products; fibre crops; plants used in perfumery, pharmacy, or for insecticidal, fungicidal or similar purposes; beet, forage plant and flower seeds; natural rubber; living plants, cut flowers and flower buds; unmanufactured tobacco; other raw vegetable materials","Production","t",2012,106366.83,"Peppermint, spearmint","no"
NA,"World","Forage products; fibre crops; plants used in perfumery, pharmacy, or for insecticidal, fungicidal or similar purposes; beet, forage plant and flower seeds; natural rubber; living plants, cut flowers and flower buds; unmanufactured tobacco; other raw vegetable materials","Production","t",2013,95125.03,"Peppermint, spearmint","no"
NA,"World","Forage products; fibre crops; plants used in perfumery, pharmacy, or for insecticidal, fungicidal or similar purposes; beet, forage plant and flower seeds; natural rubber; living plants, cut flowers and flower buds; unmanufactured tobacco; other raw vegetable materials","Production","t",2014,92703.87,"Peppermint, spearmint","no"
NA,"World","Forage products; fibre crops; plants used in perfumery, pharmacy, or for insecticidal, fungicidal or similar purposes; beet, forage plant and flower seeds; natural rubber; living plants, cut flowers and flower buds; unmanufactured tobacco; other raw vegetable materials","Production","t",2015,107610.24,"Peppermint, spearmint","no"
NA,"World","Forage products; fibre crops; plants used in perfumery, pharmacy, or for insecticidal, fungicidal or similar purposes; beet, forage plant and flower seeds; natural rubber; living plants, cut flowers and flower buds; unmanufactured tobacco; other raw vegetable materials","Production","t",2016,106653.17,"Peppermint, spearmint","no"
NA,"World","Forage products; fibre crops; plants used in perfumery, pharmacy, or for insecticidal, fungicidal or similar purposes; beet, forage plant and flower seeds; natural rubber; living plants, cut flowers and flower buds; unmanufactured tobacco; other raw vegetable materials","Production","t",2017,99221.74,"Peppermint, spearmint","no"
NA,"World","Forage products; fibre crops; plants used in perfumery, pharmacy, or for insecticidal, fungicidal or similar purposes; beet, forage plant and flower seeds; natural rubber; living plants, cut flowers and flower buds; unmanufactured tobacco; other raw vegetable materials","Production","t",2018,106363.82,"Peppermint, spearmint","no"
NA,"World","Forage products; fibre crops; plants used in perfumery, pharmacy, or for insecticidal, fungicidal or similar purposes; beet, forage plant and flower seeds; natural rubber; living plants, cut flowers and flower buds; unmanufactured tobacco; other raw vegetable materials","Production","t",2019,74190.5,"Peppermint, spearmint","no"
NA,"World","Forage products; fibre crops; plants used in perfumery, pharmacy, or for insecticidal, fungicidal or similar purposes; beet, forage plant and flower seeds; natural rubber; living plants, cut flowers and flower buds; unmanufactured tobacco; other raw vegetable materials","Production","t",2020,48423.63,"Peppermint, spearmint","no"
NA,"World","Forage products; fibre crops; plants used in perfumery, pharmacy, or for insecticidal, fungicidal or similar purposes; beet, forage plant and flower seeds; natural rubber; living plants, cut flowers and flower buds; unmanufactured tobacco; other raw vegetable materials","Production","t",2021,37991.31,"Peppermint, spearmint","no"
NA,"World","Forage products; fibre crops; plants used in perfumery, pharmacy, or for insecticidal, fungicidal or similar purposes; beet, forage plant and flower seeds; natural rubber; living plants, cut flowers and flower buds; unmanufactured tobacco; other raw vegetable materials","Production","t",2022,50635.15,"Peppermint, spearmint","no"
NA,"World","Forage products; fibre crops; plants used in perfumery, pharmacy, or for insecticidal, fungicidal or similar purposes; beet, forage plant and flower seeds; natural rubber; living plants, cut flowers and flower buds; unmanufactured tobacco; other raw vegetable materials","Production","t",2023,35547.3,"Peppermint, spearmint","no"
NA,"World","Fruits and nuts","Area harvested","ha",1992,242631,"Persimmons","no"
NA,"World","Fruits and nuts","Area harvested","ha",1993,266716,"Persimmons","no"
NA,"World","Fruits and nuts","Area harvested","ha",1994,300288,"Persimmons","no"
NA,"World","Fruits and nuts","Area harvested","ha",1995,337005,"Persimmons","no"
NA,"World","Fruits and nuts","Area harvested","ha",1996,351688,"Persimmons","no"
NA,"World","Fruits and nuts","Area harvested","ha",1997,372588,"Persimmons","no"
NA,"World","Fruits and nuts","Area harvested","ha",1998,430571,"Persimmons","no"
NA,"World","Fruits and nuts","Area harvested","ha",1999,474773,"Persimmons","no"
NA,"World","Fruits and nuts","Area harvested","ha",2000,547451,"Persimmons","no"
NA,"World","Fruits and nuts","Area harvested","ha",2001,560598,"Persimmons","no"
NA,"World","Fruits and nuts","Area harvested","ha",2002,619357,"Persimmons","no"
NA,"World","Fruits and nuts","Area harvested","ha",2003,673024,"Persimmons","no"
NA,"World","Fruits and nuts","Area harvested","ha",2004,681807,"Persimmons","no"
NA,"World","Fruits and nuts","Area harvested","ha",2005,702304,"Persimmons","no"
NA,"World","Fruits and nuts","Area harvested","ha",2006,718719,"Persimmons","no"
NA,"World","Fruits and nuts","Area harvested","ha",2007,725623,"Persimmons","no"
NA,"World","Fruits and nuts","Area harvested","ha",2008,769779,"Persimmons","no"
NA,"World","Fruits and nuts","Area harvested","ha",2009,788814,"Persimmons","no"
NA,"World","Fruits and nuts","Area harvested","ha",2010,811308,"Persimmons","no"
NA,"World","Fruits and nuts","Area harvested","ha",2011,879841,"Persimmons","no"
NA,"World","Fruits and nuts","Area harvested","ha",2012,927879,"Persimmons","no"
NA,"World","Fruits and nuts","Area harvested","ha",2013,924141,"Persimmons","no"
NA,"World","Fruits and nuts","Area harvested","ha",2014,948133,"Persimmons","no"
NA,"World","Fruits and nuts","Area harvested","ha",2015,936858,"Persimmons","no"
NA,"World","Fruits and nuts","Area harvested","ha",2016,935690,"Persimmons","no"
NA,"World","Fruits and nuts","Area harvested","ha",2017,948375,"Persimmons","no"
NA,"World","Fruits and nuts","Area harvested","ha",2018,975198,"Persimmons","no"
NA,"World","Fruits and nuts","Area harvested","ha",2019,993996,"Persimmons","no"
NA,"World","Fruits and nuts","Area harvested","ha",2020,1065815,"Persimmons","no"
NA,"World","Fruits and nuts","Area harvested","ha",2021,1109581,"Persimmons","no"
NA,"World","Fruits and nuts","Area harvested","ha",2022,1178445,"Persimmons","no"
NA,"World","Fruits and nuts","Area harvested","ha",2023,1239622,"Persimmons","no"
NA,"World","Fruits and nuts","Yield","kg/ha",1992,5712.4,"Persimmons","no"
NA,"World","Fruits and nuts","Yield","kg/ha",1993,4995.1,"Persimmons","no"
NA,"World","Fruits and nuts","Yield","kg/ha",1994,4915.7,"Persimmons","no"
NA,"World","Fruits and nuts","Yield","kg/ha",1995,4774.6,"Persimmons","no"
NA,"World","Fruits and nuts","Yield","kg/ha",1996,4797.8,"Persimmons","no"
NA,"World","Fruits and nuts","Yield","kg/ha",1997,4900.6,"Persimmons","no"
NA,"World","Fruits and nuts","Yield","kg/ha",1998,4810,"Persimmons","no"
NA,"World","Fruits and nuts","Yield","kg/ha",1999,4811.8,"Persimmons","no"
NA,"World","Fruits and nuts","Yield","kg/ha",2000,4439.7,"Persimmons","no"
NA,"World","Fruits and nuts","Yield","kg/ha",2001,4468.7,"Persimmons","no"
NA,"World","Fruits and nuts","Yield","kg/ha",2002,4401.9,"Persimmons","no"
NA,"World","Fruits and nuts","Yield","kg/ha",2003,4136.5,"Persimmons","no"
NA,"World","Fruits and nuts","Yield","kg/ha",2004,4327.2,"Persimmons","no"
NA,"World","Fruits and nuts","Yield","kg/ha",2005,4734.4,"Persimmons","no"
NA,"World","Fruits and nuts","Yield","kg/ha",2006,4740.4,"Persimmons","no"
NA,"World","Fruits and nuts","Yield","kg/ha",2007,4962.1,"Persimmons","no"
NA,"World","Fruits and nuts","Yield","kg/ha",2008,4967.6,"Persimmons","no"
NA,"World","Fruits and nuts","Yield","kg/ha",2009,4720.1,"Persimmons","no"
NA,"World","Fruits and nuts","Yield","kg/ha",2010,4674.8,"Persimmons","no"
NA,"World","Fruits and nuts","Yield","kg/ha",2011,4491,"Persimmons","no"
NA,"World","Fruits and nuts","Yield","kg/ha",2012,4651.5,"Persimmons","no"
NA,"World","Fruits and nuts","Yield","kg/ha",2013,4502.3,"Persimmons","no"
NA,"World","Fruits and nuts","Yield","kg/ha",2014,4686.1,"Persimmons","no"
NA,"World","Fruits and nuts","Yield","kg/ha",2015,4642.6,"Persimmons","no"
NA,"World","Fruits and nuts","Yield","kg/ha",2016,4672.4,"Persimmons","no"
NA,"World","Fruits and nuts","Yield","kg/ha",2017,4796.4,"Persimmons","no"
NA,"World","Fruits and nuts","Yield","kg/ha",2018,4356.5,"Persimmons","no"
NA,"World","Fruits and nuts","Yield","kg/ha",2019,4273.3,"Persimmons","no"
NA,"World","Fruits and nuts","Yield","kg/ha",2020,4149.4,"Persimmons","no"
NA,"World","Fruits and nuts","Yield","kg/ha",2021,4160.1,"Persimmons","no"
NA,"World","Fruits and nuts","Yield","kg/ha",2022,4138.9,"Persimmons","no"
NA,"World","Fruits and nuts","Yield","kg/ha",2023,4086.2,"Persimmons","no"
NA,"World","Fruits and nuts","Production","t",1992,1386013.01,"Persimmons","no"
NA,"World","Fruits and nuts","Production","t",1993,1332269.65,"Persimmons","no"
NA,"World","Fruits and nuts","Production","t",1994,1476113.01,"Persimmons","no"
NA,"World","Fruits and nuts","Production","t",1995,1609053.51,"Persimmons","no"
NA,"World","Fruits and nuts","Production","t",1996,1687328.94,"Persimmons","no"
NA,"World","Fruits and nuts","Production","t",1997,1825910.16,"Persimmons","no"
NA,"World","Fruits and nuts","Production","t",1998,2071032.41,"Persimmons","no"
NA,"World","Fruits and nuts","Production","t",1999,2284533.51,"Persimmons","no"
NA,"World","Fruits and nuts","Production","t",2000,2430512.11,"Persimmons","no"
NA,"World","Fruits and nuts","Production","t",2001,2505132.49,"Persimmons","no"
NA,"World","Fruits and nuts","Production","t",2002,2726361.14,"Persimmons","no"
NA,"World","Fruits and nuts","Production","t",2003,2783939.99,"Persimmons","no"
NA,"World","Fruits and nuts","Production","t",2004,2950287.61,"Persimmons","no"
NA,"World","Fruits and nuts","Production","t",2005,3324962.9,"Persimmons","no"
NA,"World","Fruits and nuts","Production","t",2006,3406999.12,"Persimmons","no"
NA,"World","Fruits and nuts","Production","t",2007,3600600.38,"Persimmons","no"
NA,"World","Fruits and nuts","Production","t",2008,3823920.08,"Persimmons","no"
NA,"World","Fruits and nuts","Production","t",2009,3723280.91,"Persimmons","no"
NA,"World","Fruits and nuts","Production","t",2010,3792732.03,"Persimmons","no"
NA,"World","Fruits and nuts","Production","t",2011,3951388.88,"Persimmons","no"
NA,"World","Fruits and nuts","Production","t",2012,4316046.29,"Persimmons","no"
NA,"World","Fruits and nuts","Production","t",2013,4160754.66,"Persimmons","no"
NA,"World","Fruits and nuts","Production","t",2014,4443086.88,"Persimmons","no"
NA,"World","Fruits and nuts","Production","t",2015,4349417.61,"Persimmons","no"
NA,"World","Fruits and nuts","Production","t",2016,4371888.53,"Persimmons","no"
NA,"World","Fruits and nuts","Production","t",2017,4548766,"Persimmons","no"
NA,"World","Fruits and nuts","Production","t",2018,4248447.9,"Persimmons","no"
NA,"World","Fruits and nuts","Production","t",2019,4247678.18,"Persimmons","no"
NA,"World","Fruits and nuts","Production","t",2020,4422470.43,"Persimmons","no"
NA,"World","Fruits and nuts","Production","t",2021,4615940.34,"Persimmons","no"
NA,"World","Fruits and nuts","Production","t",2022,4877443.96,"Persimmons","no"
NA,"World","Fruits and nuts","Production","t",2023,5065360.22,"Persimmons","no"
NA,"World","Animal fats","Production","t",1992,4638528.16,"Pig fat, rendered","no"
NA,"World","Animal fats","Production","t",1993,4660759.33,"Pig fat, rendered","no"
NA,"World","Animal fats","Production","t",1994,4701328.99,"Pig fat, rendered","no"
NA,"World","Animal fats","Production","t",1995,4788894.77,"Pig fat, rendered","no"
NA,"World","Animal fats","Production","t",1996,4674776.59,"Pig fat, rendered","no"
NA,"World","Animal fats","Production","t",1997,4680085.82,"Pig fat, rendered","no"
NA,"World","Animal fats","Production","t",1998,4932766.51,"Pig fat, rendered","no"
NA,"World","Animal fats","Production","t",1999,4924882.43,"Pig fat, rendered","no"
NA,"World","Animal fats","Production","t",2000,4896739.73,"Pig fat, rendered","no"
NA,"World","Animal fats","Production","t",2001,4941776.58,"Pig fat, rendered","no"
NA,"World","Animal fats","Production","t",2002,5050790.06,"Pig fat, rendered","no"
NA,"World","Animal fats","Production","t",2003,5113137.98,"Pig fat, rendered","no"
NA,"World","Animal fats","Production","t",2004,5207156.11,"Pig fat, rendered","no"
NA,"World","Animal fats","Production","t",2005,5173560.98,"Pig fat, rendered","no"
NA,"World","Animal fats","Production","t",2006,5196593.46,"Pig fat, rendered","no"
NA,"World","Animal fats","Production","t",2007,5338885.6,"Pig fat, rendered","no"
NA,"World","Animal fats","Production","t",2008,5448131.87,"Pig fat, rendered","no"
NA,"World","Animal fats","Production","t",2009,5532755.19,"Pig fat, rendered","no"
NA,"World","Animal fats","Production","t",2010,5712030.83,"Pig fat, rendered","no"
NA,"World","Animal fats","Production","t",2011,5779719.21,"Pig fat, rendered","no"
NA,"World","Animal fats","Production","t",2012,5994596.06,"Pig fat, rendered","no"
NA,"World","Animal fats","Production","t",2013,6103191.82,"Pig fat, rendered","no"
NA,"World","Animal fats","Production","t",2014,6344199.9,"Pig fat, rendered","no"
NA,"World","Animal fats","Production","t",2015,6422012.56,"Pig fat, rendered","no"
NA,"World","Animal fats","Production","t",2016,6417716.59,"Pig fat, rendered","no"
NA,"World","Animal fats","Production","t",2017,6282863.53,"Pig fat, rendered","no"
NA,"World","Animal fats","Production","t",2018,6364834.53,"Pig fat, rendered","no"
NA,"World","Animal fats","Production","t",2019,5843037.7,"Pig fat, rendered","no"
NA,"World","Animal fats","Production","t",2020,5797775.38,"Pig fat, rendered","no"
NA,"World","Animal fats","Production","t",2021,6421799.74,"Pig fat, rendered","no"
NA,"World","Animal fats","Production","t",2022,6394292.63,"Pig fat, rendered","no"
NA,"World","Animal fats","Production","t",2023,NA,"Pig fat, rendered","no"
NA,"World","Pulses (dried leguminous vegetables)","Area harvested","ha",1992,4352317,"Pigeon peas, dry","no"
NA,"World","Pulses (dried leguminous vegetables)","Area harvested","ha",1993,4305792,"Pigeon peas, dry","no"
NA,"World","Pulses (dried leguminous vegetables)","Area harvested","ha",1994,4244614,"Pigeon peas, dry","no"
NA,"World","Pulses (dried leguminous vegetables)","Area harvested","ha",1995,4045945,"Pigeon peas, dry","no"
NA,"World","Pulses (dried leguminous vegetables)","Area harvested","ha",1996,4263423,"Pigeon peas, dry","no"
NA,"World","Pulses (dried leguminous vegetables)","Area harvested","ha",1997,4266179,"Pigeon peas, dry","no"
NA,"World","Pulses (dried leguminous vegetables)","Area harvested","ha",1998,4166447,"Pigeon peas, dry","no"
NA,"World","Pulses (dried leguminous vegetables)","Area harvested","ha",1999,4289513,"Pigeon peas, dry","no"
NA,"World","Pulses (dried leguminous vegetables)","Area harvested","ha",2000,4378047,"Pigeon peas, dry","no"
NA,"World","Pulses (dried leguminous vegetables)","Area harvested","ha",2001,4711602,"Pigeon peas, dry","no"
NA,"World","Pulses (dried leguminous vegetables)","Area harvested","ha",2002,4475014,"Pigeon peas, dry","no"
NA,"World","Pulses (dried leguminous vegetables)","Area harvested","ha",2003,4561734,"Pigeon peas, dry","no"
NA,"World","Pulses (dried leguminous vegetables)","Area harvested","ha",2004,4748703,"Pigeon peas, dry","no"
NA,"World","Pulses (dried leguminous vegetables)","Area harvested","ha",2005,4756039,"Pigeon peas, dry","no"
NA,"World","Pulses (dried leguminous vegetables)","Area harvested","ha",2006,4882224,"Pigeon peas, dry","no"
NA,"World","Pulses (dried leguminous vegetables)","Area harvested","ha",2007,4842396,"Pigeon peas, dry","no"
NA,"World","Pulses (dried leguminous vegetables)","Area harvested","ha",2008,5003578,"Pigeon peas, dry","no"
NA,"World","Pulses (dried leguminous vegetables)","Area harvested","ha",2009,4591175,"Pigeon peas, dry","no"
NA,"World","Pulses (dried leguminous vegetables)","Area harvested","ha",2010,4829245,"Pigeon peas, dry","no"
NA,"World","Pulses (dried leguminous vegetables)","Area harvested","ha",2011,5829383,"Pigeon peas, dry","no"
NA,"World","Pulses (dried leguminous vegetables)","Area harvested","ha",2012,5625977,"Pigeon peas, dry","no"
NA,"World","Pulses (dried leguminous vegetables)","Area harvested","ha",2013,5500194,"Pigeon peas, dry","no"
NA,"World","Pulses (dried leguminous vegetables)","Area harvested","ha",2014,5491354,"Pigeon peas, dry","no"
NA,"World","Pulses (dried leguminous vegetables)","Area harvested","ha",2015,5308177,"Pigeon peas, dry","no"
NA,"World","Pulses (dried leguminous vegetables)","Area harvested","ha",2016,5491179,"Pigeon peas, dry","no"
NA,"World","Pulses (dried leguminous vegetables)","Area harvested","ha",2017,6874049,"Pigeon peas, dry","no"
NA,"World","Pulses (dried leguminous vegetables)","Area harvested","ha",2018,5502877,"Pigeon peas, dry","no"
NA,"World","Pulses (dried leguminous vegetables)","Area harvested","ha",2019,5618173,"Pigeon peas, dry","no"
NA,"World","Pulses (dried leguminous vegetables)","Area harvested","ha",2020,5722955,"Pigeon peas, dry","no"
NA,"World","Pulses (dried leguminous vegetables)","Area harvested","ha",2021,5836512,"Pigeon peas, dry","no"
NA,"World","Pulses (dried leguminous vegetables)","Area harvested","ha",2022,6033240,"Pigeon peas, dry","no"
NA,"World","Pulses (dried leguminous vegetables)","Area harvested","ha",2023,5387959,"Pigeon peas, dry","no"
NA,"World","Pulses (dried leguminous vegetables)","Yield","kg/ha",1992,590.9,"Pigeon peas, dry","no"
NA,"World","Pulses (dried leguminous vegetables)","Yield","kg/ha",1993,647.3,"Pigeon peas, dry","no"
NA,"World","Pulses (dried leguminous vegetables)","Yield","kg/ha",1994,742.4,"Pigeon peas, dry","no"
NA,"World","Pulses (dried leguminous vegetables)","Yield","kg/ha",1995,643.9,"Pigeon peas, dry","no"
NA,"World","Pulses (dried leguminous vegetables)","Yield","kg/ha",1996,659.2,"Pigeon peas, dry","no"
NA,"World","Pulses (dried leguminous vegetables)","Yield","kg/ha",1997,738.9,"Pigeon peas, dry","no"
NA,"World","Pulses (dried leguminous vegetables)","Yield","kg/ha",1998,562.4,"Pigeon peas, dry","no"
NA,"World","Pulses (dried leguminous vegetables)","Yield","kg/ha",1999,763.1,"Pigeon peas, dry","no"
NA,"World","Pulses (dried leguminous vegetables)","Yield","kg/ha",2000,777.7,"Pigeon peas, dry","no"
NA,"World","Pulses (dried leguminous vegetables)","Yield","kg/ha",2001,661.2,"Pigeon peas, dry","no"
NA,"World","Pulses (dried leguminous vegetables)","Yield","kg/ha",2002,703.7,"Pigeon peas, dry","no"
NA,"World","Pulses (dried leguminous vegetables)","Yield","kg/ha",2003,689.4,"Pigeon peas, dry","no"
NA,"World","Pulses (dried leguminous vegetables)","Yield","kg/ha",2004,707.7,"Pigeon peas, dry","no"
NA,"World","Pulses (dried leguminous vegetables)","Yield","kg/ha",2005,714.2,"Pigeon peas, dry","no"
NA,"World","Pulses (dried leguminous vegetables)","Yield","kg/ha",2006,805.6,"Pigeon peas, dry","no"
NA,"World","Pulses (dried leguminous vegetables)","Yield","kg/ha",2007,744,"Pigeon peas, dry","no"
NA,"World","Pulses (dried leguminous vegetables)","Yield","kg/ha",2008,860,"Pigeon peas, dry","no"
NA,"World","Pulses (dried leguminous vegetables)","Yield","kg/ha",2009,766.6,"Pigeon peas, dry","no"
NA,"World","Pulses (dried leguminous vegetables)","Yield","kg/ha",2010,805.8,"Pigeon peas, dry","no"
NA,"World","Pulses (dried leguminous vegetables)","Yield","kg/ha",2011,715,"Pigeon peas, dry","no"
NA,"World","Pulses (dried leguminous vegetables)","Yield","kg/ha",2012,706.3,"Pigeon peas, dry","no"
NA,"World","Pulses (dried leguminous vegetables)","Yield","kg/ha",2013,812.4,"Pigeon peas, dry","no"
NA,"World","Pulses (dried leguminous vegetables)","Yield","kg/ha",2014,859.4,"Pigeon peas, dry","no"
NA,"World","Pulses (dried leguminous vegetables)","Yield","kg/ha",2015,817.5,"Pigeon peas, dry","no"
NA,"World","Pulses (dried leguminous vegetables)","Yield","kg/ha",2016,741.3,"Pigeon peas, dry","no"
NA,"World","Pulses (dried leguminous vegetables)","Yield","kg/ha",2017,926.6,"Pigeon peas, dry","no"
NA,"World","Pulses (dried leguminous vegetables)","Yield","kg/ha",2018,977.6,"Pigeon peas, dry","no"
NA,"World","Pulses (dried leguminous vegetables)","Yield","kg/ha",2019,776.5,"Pigeon peas, dry","no"
NA,"World","Pulses (dried leguminous vegetables)","Yield","kg/ha",2020,886.5,"Pigeon peas, dry","no"
NA,"World","Pulses (dried leguminous vegetables)","Yield","kg/ha",2021,927.6,"Pigeon peas, dry","no"
NA,"World","Pulses (dried leguminous vegetables)","Yield","kg/ha",2022,874.7,"Pigeon peas, dry","no"
NA,"World","Pulses (dried leguminous vegetables)","Yield","kg/ha",2023,851.1,"Pigeon peas, dry","no"
NA,"World","Pulses (dried leguminous vegetables)","Production","t",1992,2571787.76,"Pigeon peas, dry","no"
NA,"World","Pulses (dried leguminous vegetables)","Production","t",1993,2787127.32,"Pigeon peas, dry","no"
NA,"World","Pulses (dried leguminous vegetables)","Production","t",1994,3151259.69,"Pigeon peas, dry","no"
NA,"World","Pulses (dried leguminous vegetables)","Production","t",1995,2605166.99,"Pigeon peas, dry","no"
NA,"World","Pulses (dried leguminous vegetables)","Production","t",1996,2810280.16,"Pigeon peas, dry","no"
NA,"World","Pulses (dried leguminous vegetables)","Production","t",1997,3152379.08,"Pigeon peas, dry","no"
NA,"World","Pulses (dried leguminous vegetables)","Production","t",1998,2343306.57,"Pigeon peas, dry","no"
NA,"World","Pulses (dried leguminous vegetables)","Production","t",1999,3273305.21,"Pigeon peas, dry","no"
NA,"World","Pulses (dried leguminous vegetables)","Production","t",2000,3404655.1,"Pigeon peas, dry","no"
NA,"World","Pulses (dried leguminous vegetables)","Production","t",2001,3115541.97,"Pigeon peas, dry","no"
NA,"World","Pulses (dried leguminous vegetables)","Production","t",2002,3149036.03,"Pigeon peas, dry","no"
NA,"World","Pulses (dried leguminous vegetables)","Production","t",2003,3145002.87,"Pigeon peas, dry","no"
NA,"World","Pulses (dried leguminous vegetables)","Production","t",2004,3360590.63,"Pigeon peas, dry","no"
NA,"World","Pulses (dried leguminous vegetables)","Production","t",2005,3396838.32,"Pigeon peas, dry","no"
NA,"World","Pulses (dried leguminous vegetables)","Production","t",2006,3933247.22,"Pigeon peas, dry","no"
NA,"World","Pulses (dried leguminous vegetables)","Production","t",2007,3602592.35,"Pigeon peas, dry","no"
NA,"World","Pulses (dried leguminous vegetables)","Production","t",2008,4303210.16,"Pigeon peas, dry","no"
NA,"World","Pulses (dried leguminous vegetables)","Production","t",2009,3519397.1,"Pigeon peas, dry","no"
NA,"World","Pulses (dried leguminous vegetables)","Production","t",2010,3891203,"Pigeon peas, dry","no"
NA,"World","Pulses (dried leguminous vegetables)","Production","t",2011,4167979.98,"Pigeon peas, dry","no"
NA,"World","Pulses (dried leguminous vegetables)","Production","t",2012,3973726.32,"Pigeon peas, dry","no"
NA,"World","Pulses (dried leguminous vegetables)","Production","t",2013,4468239.18,"Pigeon peas, dry","no"
NA,"World","Pulses (dried leguminous vegetables)","Production","t",2014,4719154.13,"Pigeon peas, dry","no"
NA,"World","Pulses (dried leguminous vegetables)","Production","t",2015,4339611.47,"Pigeon peas, dry","no"
NA,"World","Pulses (dried leguminous vegetables)","Production","t",2016,4070827.17,"Pigeon peas, dry","no"
NA,"World","Pulses (dried leguminous vegetables)","Production","t",2017,6369782.74,"Pigeon peas, dry","no"
NA,"World","Pulses (dried leguminous vegetables)","Production","t",2018,5379709.71,"Pigeon peas, dry","no"
NA,"World","Pulses (dried leguminous vegetables)","Production","t",2019,4362686.17,"Pigeon peas, dry","no"
NA,"World","Pulses (dried leguminous vegetables)","Production","t",2020,5073286.54,"Pigeon peas, dry","no"
NA,"World","Pulses (dried leguminous vegetables)","Production","t",2021,5413987.77,"Pigeon peas, dry","no"
NA,"World","Pulses (dried leguminous vegetables)","Production","t",2022,5277435.57,"Pigeon peas, dry","no"
NA,"World","Pulses (dried leguminous vegetables)","Production","t",2023,4585466.3,"Pigeon peas, dry","no"
NA,"World","Fruits and nuts","Area harvested","ha",1992,599413,"Pineapples","no"
NA,"World","Fruits and nuts","Area harvested","ha",1993,618236,"Pineapples","no"
NA,"World","Fruits and nuts","Area harvested","ha",1994,633942,"Pineapples","no"
NA,"World","Fruits and nuts","Area harvested","ha",1995,663071,"Pineapples","no"
NA,"World","Fruits and nuts","Area harvested","ha",1996,643786,"Pineapples","no"
NA,"World","Fruits and nuts","Area harvested","ha",1997,646101,"Pineapples","no"
NA,"World","Fruits and nuts","Area harvested","ha",1998,647056,"Pineapples","no"
NA,"World","Fruits and nuts","Area harvested","ha",1999,702415,"Pineapples","no"
NA,"World","Fruits and nuts","Area harvested","ha",2000,717908,"Pineapples","no"
NA,"World","Fruits and nuts","Area harvested","ha",2001,752846,"Pineapples","no"
NA,"World","Fruits and nuts","Area harvested","ha",2002,754591,"Pineapples","no"
NA,"World","Fruits and nuts","Area harvested","ha",2003,757282,"Pineapples","no"
NA,"World","Fruits and nuts","Area harvested","ha",2004,764621,"Pineapples","no"
NA,"World","Fruits and nuts","Area harvested","ha",2005,802003,"Pineapples","no"
NA,"World","Fruits and nuts","Area harvested","ha",2006,830887,"Pineapples","no"
NA,"World","Fruits and nuts","Area harvested","ha",2007,849707,"Pineapples","no"
NA,"World","Fruits and nuts","Area harvested","ha",2008,842704,"Pineapples","no"
NA,"World","Fruits and nuts","Area harvested","ha",2009,873434,"Pineapples","no"
NA,"World","Fruits and nuts","Area harvested","ha",2010,944620,"Pineapples","no"
NA,"World","Fruits and nuts","Area harvested","ha",2011,970603,"Pineapples","no"
NA,"World","Fruits and nuts","Area harvested","ha",2012,1005453,"Pineapples","no"
NA,"World","Fruits and nuts","Area harvested","ha",2013,1002990,"Pineapples","no"
NA,"World","Fruits and nuts","Area harvested","ha",2014,1016901,"Pineapples","no"
NA,"World","Fruits and nuts","Area harvested","ha",2015,1017033,"Pineapples","no"
NA,"World","Fruits and nuts","Area harvested","ha",2016,1034302,"Pineapples","no"
NA,"World","Fruits and nuts","Area harvested","ha",2017,1053838,"Pineapples","no"
NA,"World","Fruits and nuts","Area harvested","ha",2018,1088957,"Pineapples","no"
NA,"World","Fruits and nuts","Area harvested","ha",2019,1069496,"Pineapples","no"
NA,"World","Fruits and nuts","Area harvested","ha",2020,1042624,"Pineapples","no"
NA,"World","Fruits and nuts","Area harvested","ha",2021,1062372,"Pineapples","no"
NA,"World","Fruits and nuts","Area harvested","ha",2022,1068680,"Pineapples","no"
NA,"World","Fruits and nuts","Area harvested","ha",2023,1055461,"Pineapples","no"
NA,"World","Fruits and nuts","Yield","kg/ha",1992,20531.6,"Pineapples","no"
NA,"World","Fruits and nuts","Yield","kg/ha",1993,21215.4,"Pineapples","no"
NA,"World","Fruits and nuts","Yield","kg/ha",1994,20430.8,"Pineapples","no"
NA,"World","Fruits and nuts","Yield","kg/ha",1995,19707.5,"Pineapples","no"
NA,"World","Fruits and nuts","Yield","kg/ha",1996,19987.2,"Pineapples","no"
NA,"World","Fruits and nuts","Yield","kg/ha",1997,20583.8,"Pineapples","no"
NA,"World","Fruits and nuts","Yield","kg/ha",1998,20411.8,"Pineapples","no"
NA,"World","Fruits and nuts","Yield","kg/ha",1999,21210.7,"Pineapples","no"
NA,"World","Fruits and nuts","Yield","kg/ha",2000,21041.1,"Pineapples","no"
NA,"World","Fruits and nuts","Yield","kg/ha",2001,20783.6,"Pineapples","no"
NA,"World","Fruits and nuts","Yield","kg/ha",2002,20919.1,"Pineapples","no"
NA,"World","Fruits and nuts","Yield","kg/ha",2003,21290.4,"Pineapples","no"
NA,"World","Fruits and nuts","Yield","kg/ha",2004,21888.1,"Pineapples","no"
NA,"World","Fruits and nuts","Yield","kg/ha",2005,22169.6,"Pineapples","no"
NA,"World","Fruits and nuts","Yield","kg/ha",2006,23863.3,"Pineapples","no"
NA,"World","Fruits and nuts","Yield","kg/ha",2007,23586.9,"Pineapples","no"
NA,"World","Fruits and nuts","Yield","kg/ha",2008,23341.4,"Pineapples","no"
NA,"World","Fruits and nuts","Yield","kg/ha",2009,23197.2,"Pineapples","no"
NA,"World","Fruits and nuts","Yield","kg/ha",2010,22555.2,"Pineapples","no"
NA,"World","Fruits and nuts","Yield","kg/ha",2011,23461.5,"Pineapples","no"
NA,"World","Fruits and nuts","Yield","kg/ha",2012,23823.2,"Pineapples","no"
NA,"World","Fruits and nuts","Yield","kg/ha",2013,24414.1,"Pineapples","no"
NA,"World","Fruits and nuts","Yield","kg/ha",2014,25004.9,"Pineapples","no"
NA,"World","Fruits and nuts","Yield","kg/ha",2015,25402.8,"Pineapples","no"
NA,"World","Fruits and nuts","Yield","kg/ha",2016,25070.7,"Pineapples","no"
NA,"World","Fruits and nuts","Yield","kg/ha",2017,25947.2,"Pineapples","no"
NA,"World","Fruits and nuts","Yield","kg/ha",2018,25983.6,"Pineapples","no"
NA,"World","Fruits and nuts","Yield","kg/ha",2019,25910.7,"Pineapples","no"
NA,"World","Fruits and nuts","Yield","kg/ha",2020,26428,"Pineapples","no"
NA,"World","Fruits and nuts","Yield","kg/ha",2021,27188,"Pineapples","no"
NA,"World","Fruits and nuts","Yield","kg/ha",2022,27673.5,"Pineapples","no"
NA,"World","Fruits and nuts","Yield","kg/ha",2023,28079.3,"Pineapples","no"
NA,"World","Fruits and nuts","Production","t",1992,12306894.33,"Pineapples","no"
NA,"World","Fruits and nuts","Production","t",1993,13116106.21,"Pineapples","no"
NA,"World","Fruits and nuts","Production","t",1994,12951950.51,"Pineapples","no"
NA,"World","Fruits and nuts","Production","t",1995,13067449.82,"Pineapples","no"
NA,"World","Fruits and nuts","Production","t",1996,12867450.53,"Pineapples","no"
NA,"World","Fruits and nuts","Production","t",1997,13299226.92,"Pineapples","no"
NA,"World","Fruits and nuts","Production","t",1998,13207563.32,"Pineapples","no"
NA,"World","Fruits and nuts","Production","t",1999,14898707.38,"Pineapples","no"
NA,"World","Fruits and nuts","Production","t",2000,15105560.96,"Pineapples","no"
NA,"World","Fruits and nuts","Production","t",2001,15646873.49,"Pineapples","no"
NA,"World","Fruits and nuts","Production","t",2002,15785368.26,"Pineapples","no"
NA,"World","Fruits and nuts","Production","t",2003,16122869.65,"Pineapples","no"
NA,"World","Fruits and nuts","Production","t",2004,16736093.41,"Pineapples","no"
NA,"World","Fruits and nuts","Production","t",2005,17780117.83,"Pineapples","no"
NA,"World","Fruits and nuts","Production","t",2006,19827739.97,"Pineapples","no"
NA,"World","Fruits and nuts","Production","t",2007,20041950.86,"Pineapples","no"
NA,"World","Fruits and nuts","Production","t",2008,19669897.03,"Pineapples","no"
NA,"World","Fruits and nuts","Production","t",2009,20261223.35,"Pineapples","no"
NA,"World","Fruits and nuts","Production","t",2010,21306115.6,"Pineapples","no"
NA,"World","Fruits and nuts","Production","t",2011,22771838.99,"Pineapples","no"
NA,"World","Fruits and nuts","Production","t",2012,23953085.77,"Pineapples","no"
NA,"World","Fruits and nuts","Production","t",2013,24487052.85,"Pineapples","no"
NA,"World","Fruits and nuts","Production","t",2014,25427490.17,"Pineapples","no"
NA,"World","Fruits and nuts","Production","t",2015,25835531.8,"Pineapples","no"
NA,"World","Fruits and nuts","Production","t",2016,25930654.69,"Pineapples","no"
NA,"World","Fruits and nuts","Production","t",2017,27344161.34,"Pineapples","no"
NA,"World","Fruits and nuts","Production","t",2018,28295065.8,"Pineapples","no"
NA,"World","Fruits and nuts","Production","t",2019,27711402.63,"Pineapples","no"
NA,"World","Fruits and nuts","Production","t",2020,27554451.01,"Pineapples","no"
NA,"World","Fruits and nuts","Production","t",2021,28883731.72,"Pineapples","no"
NA,"World","Fruits and nuts","Production","t",2022,29574167.64,"Pineapples","no"
NA,"World","Fruits and nuts","Production","t",2023,29636619.1,"Pineapples","no"
NA,"World","Fruits and nuts","Area harvested","ha",1992,359312,"Pistachios, in shell","no"
NA,"World","Fruits and nuts","Area harvested","ha",1993,381525,"Pistachios, in shell","no"
NA,"World","Fruits and nuts","Area harvested","ha",1994,385641,"Pistachios, in shell","no"
NA,"World","Fruits and nuts","Area harvested","ha",1995,397469,"Pistachios, in shell","no"
NA,"World","Fruits and nuts","Area harvested","ha",1996,415365,"Pistachios, in shell","no"
NA,"World","Fruits and nuts","Area harvested","ha",1997,412301,"Pistachios, in shell","no"
NA,"World","Fruits and nuts","Area harvested","ha",1998,425463,"Pistachios, in shell","no"
NA,"World","Fruits and nuts","Area harvested","ha",1999,436197,"Pistachios, in shell","no"
NA,"World","Fruits and nuts","Area harvested","ha",2000,448359,"Pistachios, in shell","no"
NA,"World","Fruits and nuts","Area harvested","ha",2001,459000,"Pistachios, in shell","no"
NA,"World","Fruits and nuts","Area harvested","ha",2002,469928,"Pistachios, in shell","no"
NA,"World","Fruits and nuts","Area harvested","ha",2003,495633,"Pistachios, in shell","no"
NA,"World","Fruits and nuts","Area harvested","ha",2004,520438,"Pistachios, in shell","no"
NA,"World","Fruits and nuts","Area harvested","ha",2005,544064,"Pistachios, in shell","no"
NA,"World","Fruits and nuts","Area harvested","ha",2006,534566,"Pistachios, in shell","no"
NA,"World","Fruits and nuts","Area harvested","ha",2007,579717,"Pistachios, in shell","no"
NA,"World","Fruits and nuts","Area harvested","ha",2008,498653,"Pistachios, in shell","no"
NA,"World","Fruits and nuts","Area harvested","ha",2009,509096,"Pistachios, in shell","no"
NA,"World","Fruits and nuts","Area harvested","ha",2010,520406,"Pistachios, in shell","no"
NA,"World","Fruits and nuts","Area harvested","ha",2011,536932,"Pistachios, in shell","no"
NA,"World","Fruits and nuts","Area harvested","ha",2012,557602,"Pistachios, in shell","no"
NA,"World","Fruits and nuts","Area harvested","ha",2013,577558,"Pistachios, in shell","no"
NA,"World","Fruits and nuts","Area harvested","ha",2014,619726,"Pistachios, in shell","no"
NA,"World","Fruits and nuts","Area harvested","ha",2015,628738,"Pistachios, in shell","no"
NA,"World","Fruits and nuts","Area harvested","ha",2016,862833,"Pistachios, in shell","no"
NA,"World","Fruits and nuts","Area harvested","ha",2017,756990,"Pistachios, in shell","no"
NA,"World","Fruits and nuts","Area harvested","ha",2018,740531,"Pistachios, in shell","no"
NA,"World","Fruits and nuts","Area harvested","ha",2019,1051311,"Pistachios, in shell","no"
NA,"World","Fruits and nuts","Area harvested","ha",2020,865733,"Pistachios, in shell","no"
NA,"World","Fruits and nuts","Area harvested","ha",2021,1098878,"Pistachios, in shell","no"
NA,"World","Fruits and nuts","Area harvested","ha",2022,940224,"Pistachios, in shell","no"
NA,"World","Fruits and nuts","Area harvested","ha",2023,1021375,"Pistachios, in shell","no"
NA,"World","Fruits and nuts","Yield","kg/ha",1992,969.3,"Pistachios, in shell","no"
NA,"World","Fruits and nuts","Yield","kg/ha",1993,1042.7,"Pistachios, in shell","no"
NA,"World","Fruits and nuts","Yield","kg/ha",1994,895.7,"Pistachios, in shell","no"
NA,"World","Fruits and nuts","Yield","kg/ha",1995,993.7,"Pistachios, in shell","no"
NA,"World","Fruits and nuts","Yield","kg/ha",1996,1050.2,"Pistachios, in shell","no"
NA,"World","Fruits and nuts","Yield","kg/ha",1997,830.9,"Pistachios, in shell","no"
NA,"World","Fruits and nuts","Yield","kg/ha",1998,1209.1,"Pistachios, in shell","no"
NA,"World","Fruits and nuts","Yield","kg/ha",1999,695.2,"Pistachios, in shell","no"
NA,"World","Fruits and nuts","Yield","kg/ha",2000,1226.2,"Pistachios, in shell","no"
NA,"World","Fruits and nuts","Yield","kg/ha",2001,644,"Pistachios, in shell","no"
NA,"World","Fruits and nuts","Yield","kg/ha",2002,1102.9,"Pistachios, in shell","no"
NA,"World","Fruits and nuts","Yield","kg/ha",2003,953.5,"Pistachios, in shell","no"
NA,"World","Fruits and nuts","Yield","kg/ha",2004,850.1,"Pistachios, in shell","no"
NA,"World","Fruits and nuts","Yield","kg/ha",2005,947.2,"Pistachios, in shell","no"
NA,"World","Fruits and nuts","Yield","kg/ha",2006,1243.4,"Pistachios, in shell","no"
NA,"World","Fruits and nuts","Yield","kg/ha",2007,1292.8,"Pistachios, in shell","no"
NA,"World","Fruits and nuts","Yield","kg/ha",2008,1053.2,"Pistachios, in shell","no"
NA,"World","Fruits and nuts","Yield","kg/ha",2009,1087.9,"Pistachios, in shell","no"
NA,"World","Fruits and nuts","Yield","kg/ha",2010,1380,"Pistachios, in shell","no"
NA,"World","Fruits and nuts","Yield","kg/ha",2011,1162.4,"Pistachios, in shell","no"
NA,"World","Fruits and nuts","Yield","kg/ha",2012,1362,"Pistachios, in shell","no"
NA,"World","Fruits and nuts","Yield","kg/ha",2013,1176,"Pistachios, in shell","no"
NA,"World","Fruits and nuts","Yield","kg/ha",2014,1432.1,"Pistachios, in shell","no"
NA,"World","Fruits and nuts","Yield","kg/ha",2015,1370.6,"Pistachios, in shell","no"
NA,"World","Fruits and nuts","Yield","kg/ha",2016,1524.4,"Pistachios, in shell","no"
NA,"World","Fruits and nuts","Yield","kg/ha",2017,1537.6,"Pistachios, in shell","no"
NA,"World","Fruits and nuts","Yield","kg/ha",2018,1330.5,"Pistachios, in shell","no"
NA,"World","Fruits and nuts","Yield","kg/ha",2019,842,"Pistachios, in shell","no"
NA,"World","Fruits and nuts","Yield","kg/ha",2020,1303.8,"Pistachios, in shell","no"
NA,"World","Fruits and nuts","Yield","kg/ha",2021,1105.6,"Pistachios, in shell","no"
NA,"World","Fruits and nuts","Yield","kg/ha",2022,1091.6,"Pistachios, in shell","no"
NA,"World","Fruits and nuts","Yield","kg/ha",2023,1276.2,"Pistachios, in shell","no"
NA,"World","Fruits and nuts","Production","t",1992,348269.72,"Pistachios, in shell","no"
NA,"World","Fruits and nuts","Production","t",1993,397809.35,"Pistachios, in shell","no"
NA,"World","Fruits and nuts","Production","t",1994,345407.27,"Pistachios, in shell","no"
NA,"World","Fruits and nuts","Production","t",1995,394980.46,"Pistachios, in shell","no"
NA,"World","Fruits and nuts","Production","t",1996,436236.86,"Pistachios, in shell","no"
NA,"World","Fruits and nuts","Production","t",1997,342587.32,"Pistachios, in shell","no"
NA,"World","Fruits and nuts","Production","t",1998,514409.26,"Pistachios, in shell","no"
NA,"World","Fruits and nuts","Production","t",1999,303239.53,"Pistachios, in shell","no"
NA,"World","Fruits and nuts","Production","t",2000,549798.45,"Pistachios, in shell","no"
NA,"World","Fruits and nuts","Production","t",2001,295601.98,"Pistachios, in shell","no"
NA,"World","Fruits and nuts","Production","t",2002,518278.66,"Pistachios, in shell","no"
NA,"World","Fruits and nuts","Production","t",2003,472592.77,"Pistachios, in shell","no"
NA,"World","Fruits and nuts","Production","t",2004,442412.33,"Pistachios, in shell","no"
NA,"World","Fruits and nuts","Production","t",2005,515346.76,"Pistachios, in shell","no"
NA,"World","Fruits and nuts","Production","t",2006,664674.21,"Pistachios, in shell","no"
NA,"World","Fruits and nuts","Production","t",2007,749468.11,"Pistachios, in shell","no"
NA,"World","Fruits and nuts","Production","t",2008,525192.2,"Pistachios, in shell","no"
NA,"World","Fruits and nuts","Production","t",2009,553822.27,"Pistachios, in shell","no"
NA,"World","Fruits and nuts","Production","t",2010,718149.65,"Pistachios, in shell","no"
NA,"World","Fruits and nuts","Production","t",2011,624147.91,"Pistachios, in shell","no"
NA,"World","Fruits and nuts","Production","t",2012,759448.78,"Pistachios, in shell","no"
NA,"World","Fruits and nuts","Production","t",2013,679229.11,"Pistachios, in shell","no"
NA,"World","Fruits and nuts","Production","t",2014,887490.54,"Pistachios, in shell","no"
NA,"World","Fruits and nuts","Production","t",2015,861774.99,"Pistachios, in shell","no"
NA,"World","Fruits and nuts","Production","t",2016,1315301.53,"Pistachios, in shell","no"
NA,"World","Fruits and nuts","Production","t",2017,1163980.88,"Pistachios, in shell","no"
NA,"World","Fruits and nuts","Production","t",2018,985293.91,"Pistachios, in shell","no"
NA,"World","Fruits and nuts","Production","t",2019,885184.43,"Pistachios, in shell","no"
NA,"World","Fruits and nuts","Production","t",2020,1128722.86,"Pistachios, in shell","no"
NA,"World","Fruits and nuts","Production","t",2021,1214867.78,"Pistachios, in shell","no"
NA,"World","Fruits and nuts","Production","t",2022,1026320.5,"Pistachios, in shell","no"
NA,"World","Fruits and nuts","Production","t",2023,1303461.93,"Pistachios, in shell","no"
NA,"World","Fruits and nuts","Area harvested","ha",1992,4238282,"Plantains and cooking bananas","no"
NA,"World","Fruits and nuts","Area harvested","ha",1993,4337542,"Plantains and cooking bananas","no"
NA,"World","Fruits and nuts","Area harvested","ha",1994,4447388,"Plantains and cooking bananas","no"
NA,"World","Fruits and nuts","Area harvested","ha",1995,4320139,"Plantains and cooking bananas","no"
NA,"World","Fruits and nuts","Area harvested","ha",1996,4403789,"Plantains and cooking bananas","no"
NA,"World","Fruits and nuts","Area harvested","ha",1997,4390725,"Plantains and cooking bananas","no"
NA,"World","Fruits and nuts","Area harvested","ha",1998,4453657,"Plantains and cooking bananas","no"
NA,"World","Fruits and nuts","Area harvested","ha",1999,4521255,"Plantains and cooking bananas","no"
NA,"World","Fruits and nuts","Area harvested","ha",2000,4739048,"Plantains and cooking bananas","no"
NA,"World","Fruits and nuts","Area harvested","ha",2001,4817015,"Plantains and cooking bananas","no"
NA,"World","Fruits and nuts","Area harvested","ha",2002,4914813,"Plantains and cooking bananas","no"
NA,"World","Fruits and nuts","Area harvested","ha",2003,4934602,"Plantains and cooking bananas","no"
NA,"World","Fruits and nuts","Area harvested","ha",2004,4927205,"Plantains and cooking bananas","no"
NA,"World","Fruits and nuts","Area harvested","ha",2005,4938340,"Plantains and cooking bananas","no"
NA,"World","Fruits and nuts","Area harvested","ha",2006,4963685,"Plantains and cooking bananas","no"
NA,"World","Fruits and nuts","Area harvested","ha",2007,4911331,"Plantains and cooking bananas","no"
NA,"World","Fruits and nuts","Area harvested","ha",2008,4173378,"Plantains and cooking bananas","no"
NA,"World","Fruits and nuts","Area harvested","ha",2009,4367490,"Plantains and cooking bananas","no"
NA,"World","Fruits and nuts","Area harvested","ha",2010,4529997,"Plantains and cooking bananas","no"
NA,"World","Fruits and nuts","Area harvested","ha",2011,4571401,"Plantains and cooking bananas","no"
NA,"World","Fruits and nuts","Area harvested","ha",2012,4690014,"Plantains and cooking bananas","no"
NA,"World","Fruits and nuts","Area harvested","ha",2013,4907360,"Plantains and cooking bananas","no"
NA,"World","Fruits and nuts","Area harvested","ha",2014,5664834,"Plantains and cooking bananas","no"
NA,"World","Fruits and nuts","Area harvested","ha",2015,5715518,"Plantains and cooking bananas","no"
NA,"World","Fruits and nuts","Area harvested","ha",2016,5572661,"Plantains and cooking bananas","no"
NA,"World","Fruits and nuts","Area harvested","ha",2017,5625636,"Plantains and cooking bananas","no"
NA,"World","Fruits and nuts","Area harvested","ha",2018,6202419,"Plantains and cooking bananas","no"
NA,"World","Fruits and nuts","Area harvested","ha",2019,6888741,"Plantains and cooking bananas","no"
NA,"World","Fruits and nuts","Area harvested","ha",2020,7018744,"Plantains and cooking bananas","no"
NA,"World","Fruits and nuts","Area harvested","ha",2021,6862076,"Plantains and cooking bananas","no"
NA,"World","Fruits and nuts","Area harvested","ha",2022,6901794,"Plantains and cooking bananas","no"
NA,"World","Fruits and nuts","Area harvested","ha",2023,6959339,"Plantains and cooking bananas","no"
NA,"World","Fruits and nuts","Yield","kg/ha",1992,5734.7,"Plantains and cooking bananas","no"
NA,"World","Fruits and nuts","Yield","kg/ha",1993,5816.8,"Plantains and cooking bananas","no"
NA,"World","Fruits and nuts","Yield","kg/ha",1994,5866.3,"Plantains and cooking bananas","no"
NA,"World","Fruits and nuts","Yield","kg/ha",1995,6069.5,"Plantains and cooking bananas","no"
NA,"World","Fruits and nuts","Yield","kg/ha",1996,6141.4,"Plantains and cooking bananas","no"
NA,"World","Fruits and nuts","Yield","kg/ha",1997,6199.9,"Plantains and cooking bananas","no"
NA,"World","Fruits and nuts","Yield","kg/ha",1998,6105.9,"Plantains and cooking bananas","no"
NA,"World","Fruits and nuts","Yield","kg/ha",1999,5900.4,"Plantains and cooking bananas","no"
NA,"World","Fruits and nuts","Yield","kg/ha",2000,5899.4,"Plantains and cooking bananas","no"
NA,"World","Fruits and nuts","Yield","kg/ha",2001,6103.5,"Plantains and cooking bananas","no"
NA,"World","Fruits and nuts","Yield","kg/ha",2002,5997.3,"Plantains and cooking bananas","no"
NA,"World","Fruits and nuts","Yield","kg/ha",2003,6034.1,"Plantains and cooking bananas","no"
NA,"World","Fruits and nuts","Yield","kg/ha",2004,6100.1,"Plantains and cooking bananas","no"
NA,"World","Fruits and nuts","Yield","kg/ha",2005,6204.6,"Plantains and cooking bananas","no"
NA,"World","Fruits and nuts","Yield","kg/ha",2006,6304.1,"Plantains and cooking bananas","no"
NA,"World","Fruits and nuts","Yield","kg/ha",2007,6585.1,"Plantains and cooking bananas","no"
NA,"World","Fruits and nuts","Yield","kg/ha",2008,6544,"Plantains and cooking bananas","no"
NA,"World","Fruits and nuts","Yield","kg/ha",2009,6506.5,"Plantains and cooking bananas","no"
NA,"World","Fruits and nuts","Yield","kg/ha",2010,6224.7,"Plantains and cooking bananas","no"
NA,"World","Fruits and nuts","Yield","kg/ha",2011,6304.3,"Plantains and cooking bananas","no"
NA,"World","Fruits and nuts","Yield","kg/ha",2012,6389.4,"Plantains and cooking bananas","no"
NA,"World","Fruits and nuts","Yield","kg/ha",2013,6370.2,"Plantains and cooking bananas","no"
NA,"World","Fruits and nuts","Yield","kg/ha",2014,6775.7,"Plantains and cooking bananas","no"
NA,"World","Fruits and nuts","Yield","kg/ha",2015,6866.9,"Plantains and cooking bananas","no"
NA,"World","Fruits and nuts","Yield","kg/ha",2016,6746.9,"Plantains and cooking bananas","no"
NA,"World","Fruits and nuts","Yield","kg/ha",2017,6658.2,"Plantains and cooking bananas","no"
NA,"World","Fruits and nuts","Yield","kg/ha",2018,6613.3,"Plantains and cooking bananas","no"
NA,"World","Fruits and nuts","Yield","kg/ha",2019,6356.1,"Plantains and cooking bananas","no"
NA,"World","Fruits and nuts","Yield","kg/ha",2020,6243.6,"Plantains and cooking bananas","no"
NA,"World","Fruits and nuts","Yield","kg/ha",2021,6322.8,"Plantains and cooking bananas","no"
NA,"World","Fruits and nuts","Yield","kg/ha",2022,6480.7,"Plantains and cooking bananas","no"
NA,"World","Fruits and nuts","Yield","kg/ha",2023,6379.6,"Plantains and cooking bananas","no"
NA,"World","Fruits and nuts","Production","t",1992,24305456.19,"Plantains and cooking bananas","no"
NA,"World","Fruits and nuts","Production","t",1993,25230694.32,"Plantains and cooking bananas","no"
NA,"World","Fruits and nuts","Production","t",1994,26089759.63,"Plantains and cooking bananas","no"
NA,"World","Fruits and nuts","Production","t",1995,26220935.27,"Plantains and cooking bananas","no"
NA,"World","Fruits and nuts","Production","t",1996,27045256.4,"Plantains and cooking bananas","no"
NA,"World","Fruits and nuts","Production","t",1997,27222111,"Plantains and cooking bananas","no"
NA,"World","Fruits and nuts","Production","t",1998,27193493.67,"Plantains and cooking bananas","no"
NA,"World","Fruits and nuts","Production","t",1999,26677373.35,"Plantains and cooking bananas","no"
NA,"World","Fruits and nuts","Production","t",2000,27957494.49,"Plantains and cooking bananas","no"
NA,"World","Fruits and nuts","Production","t",2001,29400527.07,"Plantains and cooking bananas","no"
NA,"World","Fruits and nuts","Production","t",2002,29475657.53,"Plantains and cooking bananas","no"
NA,"World","Fruits and nuts","Production","t",2003,29775702.62,"Plantains and cooking bananas","no"
NA,"World","Fruits and nuts","Production","t",2004,30056315.49,"Plantains and cooking bananas","no"
NA,"World","Fruits and nuts","Production","t",2005,30640569.75,"Plantains and cooking bananas","no"
NA,"World","Fruits and nuts","Production","t",2006,31291607.98,"Plantains and cooking bananas","no"
NA,"World","Fruits and nuts","Production","t",2007,32341676.87,"Plantains and cooking bananas","no"
NA,"World","Fruits and nuts","Production","t",2008,27310503.01,"Plantains and cooking bananas","no"
NA,"World","Fruits and nuts","Production","t",2009,28416887.09,"Plantains and cooking bananas","no"
NA,"World","Fruits and nuts","Production","t",2010,28198017.62,"Plantains and cooking bananas","no"
NA,"World","Fruits and nuts","Production","t",2011,28819572.81,"Plantains and cooking bananas","no"
NA,"World","Fruits and nuts","Production","t",2012,29966240.97,"Plantains and cooking bananas","no"
NA,"World","Fruits and nuts","Production","t",2013,31260773.15,"Plantains and cooking bananas","no"
NA,"World","Fruits and nuts","Production","t",2014,38383069.87,"Plantains and cooking bananas","no"
NA,"World","Fruits and nuts","Production","t",2015,39247994.64,"Plantains and cooking bananas","no"
NA,"World","Fruits and nuts","Production","t",2016,37598072.43,"Plantains and cooking bananas","no"
NA,"World","Fruits and nuts","Production","t",2017,37456470.42,"Plantains and cooking bananas","no"
NA,"World","Fruits and nuts","Production","t",2018,41018361.79,"Plantains and cooking bananas","no"
NA,"World","Fruits and nuts","Production","t",2019,43785330.17,"Plantains and cooking bananas","no"
NA,"World","Fruits and nuts","Production","t",2020,43822383.63,"Plantains and cooking bananas","no"
NA,"World","Fruits and nuts","Production","t",2021,43387858.19,"Plantains and cooking bananas","no"
NA,"World","Fruits and nuts","Production","t",2022,44728269.11,"Plantains and cooking bananas","no"
NA,"World","Fruits and nuts","Production","t",2023,44398131.25,"Plantains and cooking bananas","no"
NA,"World","Fruits and nuts","Area harvested","ha",1992,1509817,"Plums and sloes","no"
NA,"World","Fruits and nuts","Area harvested","ha",1993,1554479,"Plums and sloes","no"
NA,"World","Fruits and nuts","Area harvested","ha",1994,1658699,"Plums and sloes","no"
NA,"World","Fruits and nuts","Area harvested","ha",1995,1679834,"Plums and sloes","no"
NA,"World","Fruits and nuts","Area harvested","ha",1996,1854179,"Plums and sloes","no"
NA,"World","Fruits and nuts","Area harvested","ha",1997,1697975,"Plums and sloes","no"
NA,"World","Fruits and nuts","Area harvested","ha",1998,2042640,"Plums and sloes","no"
NA,"World","Fruits and nuts","Area harvested","ha",1999,2071857,"Plums and sloes","no"
NA,"World","Fruits and nuts","Area harvested","ha",2000,2181136,"Plums and sloes","no"
NA,"World","Fruits and nuts","Area harvested","ha",2001,2072917,"Plums and sloes","no"
NA,"World","Fruits and nuts","Area harvested","ha",2002,2010296,"Plums and sloes","no"
NA,"World","Fruits and nuts","Area harvested","ha",2003,2165906,"Plums and sloes","no"
NA,"World","Fruits and nuts","Area harvested","ha",2004,2258581,"Plums and sloes","no"
NA,"World","Fruits and nuts","Area harvested","ha",2005,2234008,"Plums and sloes","no"
NA,"World","Fruits and nuts","Area harvested","ha",2006,2275890,"Plums and sloes","no"
NA,"World","Fruits and nuts","Area harvested","ha",2007,2342207,"Plums and sloes","no"
NA,"World","Fruits and nuts","Area harvested","ha",2008,2399219,"Plums and sloes","no"
NA,"World","Fruits and nuts","Area harvested","ha",2009,2433388,"Plums and sloes","no"
NA,"World","Fruits and nuts","Area harvested","ha",2010,2369279,"Plums and sloes","no"
NA,"World","Fruits and nuts","Area harvested","ha",2011,2458225,"Plums and sloes","no"
NA,"World","Fruits and nuts","Area harvested","ha",2012,2535679,"Plums and sloes","no"
NA,"World","Fruits and nuts","Area harvested","ha",2013,2604178,"Plums and sloes","no"
NA,"World","Fruits and nuts","Area harvested","ha",2014,2501724,"Plums and sloes","no"
NA,"World","Fruits and nuts","Area harvested","ha",2015,2553574,"Plums and sloes","no"
NA,"World","Fruits and nuts","Area harvested","ha",2016,2557625,"Plums and sloes","no"
NA,"World","Fruits and nuts","Area harvested","ha",2017,2517398,"Plums and sloes","no"
NA,"World","Fruits and nuts","Area harvested","ha",2018,2562458,"Plums and sloes","no"
NA,"World","Fruits and nuts","Area harvested","ha",2019,2571385,"Plums and sloes","no"
NA,"World","Fruits and nuts","Area harvested","ha",2020,2627325,"Plums and sloes","no"
NA,"World","Fruits and nuts","Area harvested","ha",2021,2589407,"Plums and sloes","no"
NA,"World","Fruits and nuts","Area harvested","ha",2022,2629126,"Plums and sloes","no"
NA,"World","Fruits and nuts","Area harvested","ha",2023,2621876,"Plums and sloes","no"
NA,"World","Fruits and nuts","Yield","kg/ha",1992,3976.3,"Plums and sloes","no"
NA,"World","Fruits and nuts","Yield","kg/ha",1993,3989.8,"Plums and sloes","no"
NA,"World","Fruits and nuts","Yield","kg/ha",1994,3810.2,"Plums and sloes","no"
NA,"World","Fruits and nuts","Yield","kg/ha",1995,3685.9,"Plums and sloes","no"
NA,"World","Fruits and nuts","Yield","kg/ha",1996,4234,"Plums and sloes","no"
NA,"World","Fruits and nuts","Yield","kg/ha",1997,4582.3,"Plums and sloes","no"
NA,"World","Fruits and nuts","Yield","kg/ha",1998,3624,"Plums and sloes","no"
NA,"World","Fruits and nuts","Yield","kg/ha",1999,3888.7,"Plums and sloes","no"
NA,"World","Fruits and nuts","Yield","kg/ha",2000,3853.4,"Plums and sloes","no"
NA,"World","Fruits and nuts","Yield","kg/ha",2001,4101.4,"Plums and sloes","no"
NA,"World","Fruits and nuts","Yield","kg/ha",2002,4178.4,"Plums and sloes","no"
NA,"World","Fruits and nuts","Yield","kg/ha",2003,4525.1,"Plums and sloes","no"
NA,"World","Fruits and nuts","Yield","kg/ha",2004,4207.5,"Plums and sloes","no"
NA,"World","Fruits and nuts","Yield","kg/ha",2005,4400.3,"Plums and sloes","no"
NA,"World","Fruits and nuts","Yield","kg/ha",2006,4624.5,"Plums and sloes","no"
NA,"World","Fruits and nuts","Yield","kg/ha",2007,4081.4,"Plums and sloes","no"
NA,"World","Fruits and nuts","Yield","kg/ha",2008,4237.9,"Plums and sloes","no"
NA,"World","Fruits and nuts","Yield","kg/ha",2009,4424.5,"Plums and sloes","no"
NA,"World","Fruits and nuts","Yield","kg/ha",2010,4516.1,"Plums and sloes","no"
NA,"World","Fruits and nuts","Yield","kg/ha",2011,4477.7,"Plums and sloes","no"
NA,"World","Fruits and nuts","Yield","kg/ha",2012,4274.9,"Plums and sloes","no"
NA,"World","Fruits and nuts","Yield","kg/ha",2013,4322.1,"Plums and sloes","no"
NA,"World","Fruits and nuts","Yield","kg/ha",2014,4532.5,"Plums and sloes","no"
NA,"World","Fruits and nuts","Yield","kg/ha",2015,4547.5,"Plums and sloes","no"
NA,"World","Fruits and nuts","Yield","kg/ha",2016,4631.9,"Plums and sloes","no"
NA,"World","Fruits and nuts","Yield","kg/ha",2017,4566.2,"Plums and sloes","no"
NA,"World","Fruits and nuts","Yield","kg/ha",2018,4891.6,"Plums and sloes","no"
NA,"World","Fruits and nuts","Yield","kg/ha",2019,4865.2,"Plums and sloes","no"
NA,"World","Fruits and nuts","Yield","kg/ha",2020,4688.7,"Plums and sloes","no"
NA,"World","Fruits and nuts","Yield","kg/ha",2021,4759.2,"Plums and sloes","no"
NA,"World","Fruits and nuts","Yield","kg/ha",2022,4778.9,"Plums and sloes","no"
NA,"World","Fruits and nuts","Yield","kg/ha",2023,4763.7,"Plums and sloes","no"
NA,"World","Fruits and nuts","Production","t",1992,6003505.19,"Plums and sloes","no"
NA,"World","Fruits and nuts","Production","t",1993,6202012.74,"Plums and sloes","no"
NA,"World","Fruits and nuts","Production","t",1994,6319981.54,"Plums and sloes","no"
NA,"World","Fruits and nuts","Production","t",1995,6191655.63,"Plums and sloes","no"
NA,"World","Fruits and nuts","Production","t",1996,7850683.34,"Plums and sloes","no"
NA,"World","Fruits and nuts","Production","t",1997,7780659.56,"Plums and sloes","no"
NA,"World","Fruits and nuts","Production","t",1998,7402583.57,"Plums and sloes","no"
NA,"World","Fruits and nuts","Production","t",1999,8056773.08,"Plums and sloes","no"
NA,"World","Fruits and nuts","Production","t",2000,8404873.16,"Plums and sloes","no"
NA,"World","Fruits and nuts","Production","t",2001,8501876.27,"Plums and sloes","no"
NA,"World","Fruits and nuts","Production","t",2002,8399756.96,"Plums and sloes","no"
NA,"World","Fruits and nuts","Production","t",2003,9800868.57,"Plums and sloes","no"
NA,"World","Fruits and nuts","Production","t",2004,9502948.73,"Plums and sloes","no"
NA,"World","Fruits and nuts","Production","t",2005,9830383.52,"Plums and sloes","no"
NA,"World","Fruits and nuts","Production","t",2006,10524889.94,"Plums and sloes","no"
NA,"World","Fruits and nuts","Production","t",2007,9559438.14,"Plums and sloes","no"
NA,"World","Fruits and nuts","Production","t",2008,10167712.9,"Plums and sloes","no"
NA,"World","Fruits and nuts","Production","t",2009,10766422.63,"Plums and sloes","no"
NA,"World","Fruits and nuts","Production","t",2010,10699869.71,"Plums and sloes","no"
NA,"World","Fruits and nuts","Production","t",2011,11007174.87,"Plums and sloes","no"
NA,"World","Fruits and nuts","Production","t",2012,10839892.28,"Plums and sloes","no"
NA,"World","Fruits and nuts","Production","t",2013,11255601.18,"Plums and sloes","no"
NA,"World","Fruits and nuts","Production","t",2014,11339169.82,"Plums and sloes","no"
NA,"World","Fruits and nuts","Production","t",2015,11612493.42,"Plums and sloes","no"
NA,"World","Fruits and nuts","Production","t",2016,11846687.43,"Plums and sloes","no"
NA,"World","Fruits and nuts","Production","t",2017,11494837.78,"Plums and sloes","no"
NA,"World","Fruits and nuts","Production","t",2018,12534505.41,"Plums and sloes","no"
NA,"World","Fruits and nuts","Production","t",2019,12510217.27,"Plums and sloes","no"
NA,"World","Fruits and nuts","Production","t",2020,12318681.49,"Plums and sloes","no"
NA,"World","Fruits and nuts","Production","t",2021,12323496.84,"Plums and sloes","no"
NA,"World","Fruits and nuts","Production","t",2022,12564237.8,"Plums and sloes","no"
NA,"World","Fruits and nuts","Production","t",2023,12489827.16,"Plums and sloes","no"
NA,"World","Fruits and nuts","Area harvested","ha",1992,229677,"Pomelos and grapefruits","no"
NA,"World","Fruits and nuts","Area harvested","ha",1993,245321,"Pomelos and grapefruits","no"
NA,"World","Fruits and nuts","Area harvested","ha",1994,253882,"Pomelos and grapefruits","no"
NA,"World","Fruits and nuts","Area harvested","ha",1995,263614,"Pomelos and grapefruits","no"
NA,"World","Fruits and nuts","Area harvested","ha",1996,273263,"Pomelos and grapefruits","no"
NA,"World","Fruits and nuts","Area harvested","ha",1997,280210,"Pomelos and grapefruits","no"
NA,"World","Fruits and nuts","Area harvested","ha",1998,270933,"Pomelos and grapefruits","no"
NA,"World","Fruits and nuts","Area harvested","ha",1999,273725,"Pomelos and grapefruits","no"
NA,"World","Fruits and nuts","Area harvested","ha",2000,286847,"Pomelos and grapefruits","no"
NA,"World","Fruits and nuts","Area harvested","ha",2001,282163,"Pomelos and grapefruits","no"
NA,"World","Fruits and nuts","Area harvested","ha",2002,298754,"Pomelos and grapefruits","no"
NA,"World","Fruits and nuts","Area harvested","ha",2003,290006,"Pomelos and grapefruits","no"
NA,"World","Fruits and nuts","Area harvested","ha",2004,284913,"Pomelos and grapefruits","no"
NA,"World","Fruits and nuts","Area harvested","ha",2005,302185,"Pomelos and grapefruits","no"
NA,"World","Fruits and nuts","Area harvested","ha",2006,297168,"Pomelos and grapefruits","no"
NA,"World","Fruits and nuts","Area harvested","ha",2007,306541,"Pomelos and grapefruits","no"
NA,"World","Fruits and nuts","Area harvested","ha",2008,311889,"Pomelos and grapefruits","no"
NA,"World","Fruits and nuts","Area harvested","ha",2009,318275,"Pomelos and grapefruits","no"
NA,"World","Fruits and nuts","Area harvested","ha",2010,321661,"Pomelos and grapefruits","no"
NA,"World","Fruits and nuts","Area harvested","ha",2011,325731,"Pomelos and grapefruits","no"
NA,"World","Fruits and nuts","Area harvested","ha",2012,322801,"Pomelos and grapefruits","no"
NA,"World","Fruits and nuts","Area harvested","ha",2013,322219,"Pomelos and grapefruits","no"
NA,"World","Fruits and nuts","Area harvested","ha",2014,320302,"Pomelos and grapefruits","no"
NA,"World","Fruits and nuts","Area harvested","ha",2015,356489,"Pomelos and grapefruits","no"
NA,"World","Fruits and nuts","Area harvested","ha",2016,363888,"Pomelos and grapefruits","no"
NA,"World","Fruits and nuts","Area harvested","ha",2017,348022,"Pomelos and grapefruits","no"
NA,"World","Fruits and nuts","Area harvested","ha",2018,385251,"Pomelos and grapefruits","no"
NA,"World","Fruits and nuts","Area harvested","ha",2019,372455,"Pomelos and grapefruits","no"
NA,"World","Fruits and nuts","Area harvested","ha",2020,377994,"Pomelos and grapefruits","no"
NA,"World","Fruits and nuts","Area harvested","ha",2021,387857,"Pomelos and grapefruits","no"
NA,"World","Fruits and nuts","Area harvested","ha",2022,398437,"Pomelos and grapefruits","no"
NA,"World","Fruits and nuts","Area harvested","ha",2023,401810,"Pomelos and grapefruits","no"
NA,"World","Fruits and nuts","Yield","kg/ha",1992,18971.4,"Pomelos and grapefruits","no"
NA,"World","Fruits and nuts","Yield","kg/ha",1993,20266.1,"Pomelos and grapefruits","no"
NA,"World","Fruits and nuts","Yield","kg/ha",1994,19082.2,"Pomelos and grapefruits","no"
NA,"World","Fruits and nuts","Yield","kg/ha",1995,20100.7,"Pomelos and grapefruits","no"
NA,"World","Fruits and nuts","Yield","kg/ha",1996,19435.4,"Pomelos and grapefruits","no"
NA,"World","Fruits and nuts","Yield","kg/ha",1997,19814.6,"Pomelos and grapefruits","no"
NA,"World","Fruits and nuts","Yield","kg/ha",1998,19260.4,"Pomelos and grapefruits","no"
NA,"World","Fruits and nuts","Yield","kg/ha",1999,19247.4,"Pomelos and grapefruits","no"
NA,"World","Fruits and nuts","Yield","kg/ha",2000,20133.8,"Pomelos and grapefruits","no"
NA,"World","Fruits and nuts","Yield","kg/ha",2001,19369.5,"Pomelos and grapefruits","no"
NA,"World","Fruits and nuts","Yield","kg/ha",2002,18042.8,"Pomelos and grapefruits","no"
NA,"World","Fruits and nuts","Yield","kg/ha",2003,18305.6,"Pomelos and grapefruits","no"
NA,"World","Fruits and nuts","Yield","kg/ha",2004,19039.5,"Pomelos and grapefruits","no"
NA,"World","Fruits and nuts","Yield","kg/ha",2005,15082,"Pomelos and grapefruits","no"
NA,"World","Fruits and nuts","Yield","kg/ha",2006,16656.6,"Pomelos and grapefruits","no"
NA,"World","Fruits and nuts","Yield","kg/ha",2007,23285.4,"Pomelos and grapefruits","no"
NA,"World","Fruits and nuts","Yield","kg/ha",2008,24043.2,"Pomelos and grapefruits","no"
NA,"World","Fruits and nuts","Yield","kg/ha",2009,23659.2,"Pomelos and grapefruits","no"
NA,"World","Fruits and nuts","Yield","kg/ha",2010,23569,"Pomelos and grapefruits","no"
NA,"World","Fruits and nuts","Yield","kg/ha",2011,24340.4,"Pomelos and grapefruits","no"
NA,"World","Fruits and nuts","Yield","kg/ha",2012,25533,"Pomelos and grapefruits","no"
NA,"World","Fruits and nuts","Yield","kg/ha",2013,26357.1,"Pomelos and grapefruits","no"
NA,"World","Fruits and nuts","Yield","kg/ha",2014,25979.8,"Pomelos and grapefruits","no"
NA,"World","Fruits and nuts","Yield","kg/ha",2015,24919,"Pomelos and grapefruits","no"
NA,"World","Fruits and nuts","Yield","kg/ha",2016,24729.3,"Pomelos and grapefruits","no"
NA,"World","Fruits and nuts","Yield","kg/ha",2017,24925.3,"Pomelos and grapefruits","no"
NA,"World","Fruits and nuts","Yield","kg/ha",2018,23466.1,"Pomelos and grapefruits","no"
NA,"World","Fruits and nuts","Yield","kg/ha",2019,25488.7,"Pomelos and grapefruits","no"
NA,"World","Fruits and nuts","Yield","kg/ha",2020,25294.5,"Pomelos and grapefruits","no"
NA,"World","Fruits and nuts","Yield","kg/ha",2021,25032.7,"Pomelos and grapefruits","no"
NA,"World","Fruits and nuts","Yield","kg/ha",2022,24420.6,"Pomelos and grapefruits","no"
NA,"World","Fruits and nuts","Yield","kg/ha",2023,24724.7,"Pomelos and grapefruits","no"
NA,"World","Fruits and nuts","Production","t",1992,4357286.24,"Pomelos and grapefruits","no"
NA,"World","Fruits and nuts","Production","t",1993,4971707.74,"Pomelos and grapefruits","no"
NA,"World","Fruits and nuts","Production","t",1994,4844625.13,"Pomelos and grapefruits","no"
NA,"World","Fruits and nuts","Production","t",1995,5298816.51,"Pomelos and grapefruits","no"
NA,"World","Fruits and nuts","Production","t",1996,5310971.96,"Pomelos and grapefruits","no"
NA,"World","Fruits and nuts","Production","t",1997,5552228.54,"Pomelos and grapefruits","no"
NA,"World","Fruits and nuts","Production","t",1998,5218264.59,"Pomelos and grapefruits","no"
NA,"World","Fruits and nuts","Production","t",1999,5268505.55,"Pomelos and grapefruits","no"
NA,"World","Fruits and nuts","Production","t",2000,5775333.62,"Pomelos and grapefruits","no"
NA,"World","Fruits and nuts","Production","t",2001,5465363.63,"Pomelos and grapefruits","no"
NA,"World","Fruits and nuts","Production","t",2002,5390361.3,"Pomelos and grapefruits","no"
NA,"World","Fruits and nuts","Production","t",2003,5308734.89,"Pomelos and grapefruits","no"
NA,"World","Fruits and nuts","Production","t",2004,5424600.24,"Pomelos and grapefruits","no"
NA,"World","Fruits and nuts","Production","t",2005,4557541.19,"Pomelos and grapefruits","no"
NA,"World","Fruits and nuts","Production","t",2006,4949804.55,"Pomelos and grapefruits","no"
NA,"World","Fruits and nuts","Production","t",2007,7137954.21,"Pomelos and grapefruits","no"
NA,"World","Fruits and nuts","Production","t",2008,7498822.93,"Pomelos and grapefruits","no"
NA,"World","Fruits and nuts","Production","t",2009,7530131.43,"Pomelos and grapefruits","no"
NA,"World","Fruits and nuts","Production","t",2010,7581242.46,"Pomelos and grapefruits","no"
NA,"World","Fruits and nuts","Production","t",2011,7928407.17,"Pomelos and grapefruits","no"
NA,"World","Fruits and nuts","Production","t",2012,8242094.84,"Pomelos and grapefruits","no"
NA,"World","Fruits and nuts","Production","t",2013,8492770.48,"Pomelos and grapefruits","no"
NA,"World","Fruits and nuts","Production","t",2014,8321370.3,"Pomelos and grapefruits","no"
NA,"World","Fruits and nuts","Production","t",2015,8883331.42,"Pomelos and grapefruits","no"
NA,"World","Fruits and nuts","Production","t",2016,8998690.72,"Pomelos and grapefruits","no"
NA,"World","Fruits and nuts","Production","t",2017,8674555.83,"Pomelos and grapefruits","no"
NA,"World","Fruits and nuts","Production","t",2018,9040362.7,"Pomelos and grapefruits","no"
NA,"World","Fruits and nuts","Production","t",2019,9493403.33,"Pomelos and grapefruits","no"
NA,"World","Fruits and nuts","Production","t",2020,9561181.84,"Pomelos and grapefruits","no"
NA,"World","Fruits and nuts","Production","t",2021,9709122.24,"Pomelos and grapefruits","no"
NA,"World","Fruits and nuts","Production","t",2022,9730072.9,"Pomelos and grapefruits","no"
NA,"World","Fruits and nuts","Production","t",2023,9934626.97,"Pomelos and grapefruits","no"
NA,"World","Oilseeds and oleaginous fruits","Area harvested","ha",1992,47271,"Poppy seed","no"
NA,"World","Oilseeds and oleaginous fruits","Area harvested","ha",1993,34300,"Poppy seed","no"
NA,"World","Oilseeds and oleaginous fruits","Area harvested","ha",1994,79676,"Poppy seed","no"
NA,"World","Oilseeds and oleaginous fruits","Area harvested","ha",1995,122482,"Poppy seed","no"
NA,"World","Oilseeds and oleaginous fruits","Area harvested","ha",1996,45397,"Poppy seed","no"
NA,"World","Oilseeds and oleaginous fruits","Area harvested","ha",1997,77699,"Poppy seed","no"
NA,"World","Oilseeds and oleaginous fruits","Area harvested","ha",1998,110410,"Poppy seed","no"
NA,"World","Oilseeds and oleaginous fruits","Area harvested","ha",1999,160860,"Poppy seed","no"
NA,"World","Oilseeds and oleaginous fruits","Area harvested","ha",2000,80649,"Poppy seed","no"
NA,"World","Oilseeds and oleaginous fruits","Area harvested","ha",2001,99439,"Poppy seed","no"
NA,"World","Oilseeds and oleaginous fruits","Area harvested","ha",2002,102821,"Poppy seed","no"
NA,"World","Oilseeds and oleaginous fruits","Area harvested","ha",2003,162234,"Poppy seed","no"
NA,"World","Oilseeds and oleaginous fruits","Area harvested","ha",2004,87443,"Poppy seed","no"
NA,"World","Oilseeds and oleaginous fruits","Area harvested","ha",2005,102815,"Poppy seed","no"
NA,"World","Oilseeds and oleaginous fruits","Area harvested","ha",2006,130734,"Poppy seed","no"
NA,"World","Oilseeds and oleaginous fruits","Area harvested","ha",2007,113427,"Poppy seed","no"
NA,"World","Oilseeds and oleaginous fruits","Area harvested","ha",2008,122232,"Poppy seed","no"
NA,"World","Oilseeds and oleaginous fruits","Area harvested","ha",2009,140844,"Poppy seed","no"
NA,"World","Oilseeds and oleaginous fruits","Area harvested","ha",2010,149149,"Poppy seed","no"
NA,"World","Oilseeds and oleaginous fruits","Area harvested","ha",2011,129006,"Poppy seed","no"
NA,"World","Oilseeds and oleaginous fruits","Area harvested","ha",2012,72701,"Poppy seed","no"
NA,"World","Oilseeds and oleaginous fruits","Area harvested","ha",2013,94941,"Poppy seed","no"
NA,"World","Oilseeds and oleaginous fruits","Area harvested","ha",2014,99830,"Poppy seed","no"
NA,"World","Oilseeds and oleaginous fruits","Area harvested","ha",2015,143305,"Poppy seed","no"
NA,"World","Oilseeds and oleaginous fruits","Area harvested","ha",2016,109977,"Poppy seed","no"
NA,"World","Oilseeds and oleaginous fruits","Area harvested","ha",2017,100883,"Poppy seed","no"
NA,"World","Oilseeds and oleaginous fruits","Area harvested","ha",2018,46366,"Poppy seed","no"
NA,"World","Oilseeds and oleaginous fruits","Area harvested","ha",2019,56115,"Poppy seed","no"
NA,"World","Oilseeds and oleaginous fruits","Area harvested","ha",2020,36262,"Poppy seed","no"
NA,"World","Oilseeds and oleaginous fruits","Area harvested","ha",2021,43157,"Poppy seed","no"
NA,"World","Oilseeds and oleaginous fruits","Area harvested","ha",2022,27770,"Poppy seed","no"
NA,"World","Oilseeds and oleaginous fruits","Area harvested","ha",2023,23522,"Poppy seed","no"
NA,"World","Oilseeds and oleaginous fruits","Yield","kg/ha",1992,623.8,"Poppy seed","no"
NA,"World","Oilseeds and oleaginous fruits","Yield","kg/ha",1993,712.8,"Poppy seed","no"
NA,"World","Oilseeds and oleaginous fruits","Yield","kg/ha",1994,655.5,"Poppy seed","no"
NA,"World","Oilseeds and oleaginous fruits","Yield","kg/ha",1995,611.2,"Poppy seed","no"
NA,"World","Oilseeds and oleaginous fruits","Yield","kg/ha",1996,691.6,"Poppy seed","no"
NA,"World","Oilseeds and oleaginous fruits","Yield","kg/ha",1997,574.5,"Poppy seed","no"
NA,"World","Oilseeds and oleaginous fruits","Yield","kg/ha",1998,662.4,"Poppy seed","no"
NA,"World","Oilseeds and oleaginous fruits","Yield","kg/ha",1999,527.5,"Poppy seed","no"
NA,"World","Oilseeds and oleaginous fruits","Yield","kg/ha",2000,569.6,"Poppy seed","no"
NA,"World","Oilseeds and oleaginous fruits","Yield","kg/ha",2001,598.4,"Poppy seed","no"
NA,"World","Oilseeds and oleaginous fruits","Yield","kg/ha",2002,521.2,"Poppy seed","no"
NA,"World","Oilseeds and oleaginous fruits","Yield","kg/ha",2003,558.3,"Poppy seed","no"
NA,"World","Oilseeds and oleaginous fruits","Yield","kg/ha",2004,796.6,"Poppy seed","no"
NA,"World","Oilseeds and oleaginous fruits","Yield","kg/ha",2005,763.4,"Poppy seed","no"
NA,"World","Oilseeds and oleaginous fruits","Yield","kg/ha",2006,661.3,"Poppy seed","no"
NA,"World","Oilseeds and oleaginous fruits","Yield","kg/ha",2007,594.6,"Poppy seed","no"
NA,"World","Oilseeds and oleaginous fruits","Yield","kg/ha",2008,731.8,"Poppy seed","no"
NA,"World","Oilseeds and oleaginous fruits","Yield","kg/ha",2009,711,"Poppy seed","no"
NA,"World","Oilseeds and oleaginous fruits","Yield","kg/ha",2010,652.9,"Poppy seed","no"
NA,"World","Oilseeds and oleaginous fruits","Yield","kg/ha",2011,831.5,"Poppy seed","no"
NA,"World","Oilseeds and oleaginous fruits","Yield","kg/ha",2012,685,"Poppy seed","no"
NA,"World","Oilseeds and oleaginous fruits","Yield","kg/ha",2013,733.3,"Poppy seed","no"
NA,"World","Oilseeds and oleaginous fruits","Yield","kg/ha",2014,811.6,"Poppy seed","no"
NA,"World","Oilseeds and oleaginous fruits","Yield","kg/ha",2015,705.3,"Poppy seed","no"
NA,"World","Oilseeds and oleaginous fruits","Yield","kg/ha",2016,767.2,"Poppy seed","no"
NA,"World","Oilseeds and oleaginous fruits","Yield","kg/ha",2017,698.6,"Poppy seed","no"
NA,"World","Oilseeds and oleaginous fruits","Yield","kg/ha",2018,639.4,"Poppy seed","no"
NA,"World","Oilseeds and oleaginous fruits","Yield","kg/ha",2019,534.2,"Poppy seed","no"
NA,"World","Oilseeds and oleaginous fruits","Yield","kg/ha",2020,638.7,"Poppy seed","no"
NA,"World","Oilseeds and oleaginous fruits","Yield","kg/ha",2021,549.3,"Poppy seed","no"
NA,"World","Oilseeds and oleaginous fruits","Yield","kg/ha",2022,537.1,"Poppy seed","no"
NA,"World","Oilseeds and oleaginous fruits","Yield","kg/ha",2023,449.7,"Poppy seed","no"
NA,"World","Oilseeds and oleaginous fruits","Production","t",1992,29489.26,"Poppy seed","no"
NA,"World","Oilseeds and oleaginous fruits","Production","t",1993,24448.43,"Poppy seed","no"
NA,"World","Oilseeds and oleaginous fruits","Production","t",1994,52228.05,"Poppy seed","no"
NA,"World","Oilseeds and oleaginous fruits","Production","t",1995,74856,"Poppy seed","no"
NA,"World","Oilseeds and oleaginous fruits","Production","t",1996,31394.31,"Poppy seed","no"
NA,"World","Oilseeds and oleaginous fruits","Production","t",1997,44636,"Poppy seed","no"
NA,"World","Oilseeds and oleaginous fruits","Production","t",1998,73139.76,"Poppy seed","no"
NA,"World","Oilseeds and oleaginous fruits","Production","t",1999,84853.27,"Poppy seed","no"
NA,"World","Oilseeds and oleaginous fruits","Production","t",2000,45934,"Poppy seed","no"
NA,"World","Oilseeds and oleaginous fruits","Production","t",2001,59508.1,"Poppy seed","no"
NA,"World","Oilseeds and oleaginous fruits","Production","t",2002,53594.09,"Poppy seed","no"
NA,"World","Oilseeds and oleaginous fruits","Production","t",2003,90578.66,"Poppy seed","no"
NA,"World","Oilseeds and oleaginous fruits","Production","t",2004,69654.72,"Poppy seed","no"
NA,"World","Oilseeds and oleaginous fruits","Production","t",2005,78485.57,"Poppy seed","no"
NA,"World","Oilseeds and oleaginous fruits","Production","t",2006,86455.43,"Poppy seed","no"
NA,"World","Oilseeds and oleaginous fruits","Production","t",2007,67447.81,"Poppy seed","no"
NA,"World","Oilseeds and oleaginous fruits","Production","t",2008,89447.39,"Poppy seed","no"
NA,"World","Oilseeds and oleaginous fruits","Production","t",2009,100140.97,"Poppy seed","no"
NA,"World","Oilseeds and oleaginous fruits","Production","t",2010,97372.91,"Poppy seed","no"
NA,"World","Oilseeds and oleaginous fruits","Production","t",2011,107268.04,"Poppy seed","no"
NA,"World","Oilseeds and oleaginous fruits","Production","t",2012,49800.73,"Poppy seed","no"
NA,"World","Oilseeds and oleaginous fruits","Production","t",2013,69624.62,"Poppy seed","no"
NA,"World","Oilseeds and oleaginous fruits","Production","t",2014,81021.34,"Poppy seed","no"
NA,"World","Oilseeds and oleaginous fruits","Production","t",2015,101077.93,"Poppy seed","no"
NA,"World","Oilseeds and oleaginous fruits","Production","t",2016,84376.48,"Poppy seed","no"
NA,"World","Oilseeds and oleaginous fruits","Production","t",2017,70472.49,"Poppy seed","no"
NA,"World","Oilseeds and oleaginous fruits","Production","t",2018,29648.01,"Poppy seed","no"
NA,"World","Oilseeds and oleaginous fruits","Production","t",2019,29977.19,"Poppy seed","no"
NA,"World","Oilseeds and oleaginous fruits","Production","t",2020,23161.29,"Poppy seed","no"
NA,"World","Oilseeds and oleaginous fruits","Production","t",2021,23707.01,"Poppy seed","no"
NA,"World","Oilseeds and oleaginous fruits","Production","t",2022,14916.1,"Poppy seed","no"
NA,"World","Oilseeds and oleaginous fruits","Production","t",2023,10578.46,"Poppy seed","no"
NA,"World","Edible roots and tubers with high starch or inulin content","Area harvested","ha",1992,18617793,"Potatoes","no"
NA,"World","Edible roots and tubers with high starch or inulin content","Area harvested","ha",1993,18561212,"Potatoes","no"
NA,"World","Edible roots and tubers with high starch or inulin content","Area harvested","ha",1994,18188523,"Potatoes","no"
NA,"World","Edible roots and tubers with high starch or inulin content","Area harvested","ha",1995,18617808,"Potatoes","no"
NA,"World","Edible roots and tubers with high starch or inulin content","Area harvested","ha",1996,18812570,"Potatoes","no"
NA,"World","Edible roots and tubers with high starch or inulin content","Area harvested","ha",1997,18798686,"Potatoes","no"
NA,"World","Edible roots and tubers with high starch or inulin content","Area harvested","ha",1998,18768037,"Potatoes","no"
NA,"World","Edible roots and tubers with high starch or inulin content","Area harvested","ha",1999,19590963,"Potatoes","no"
NA,"World","Edible roots and tubers with high starch or inulin content","Area harvested","ha",2000,19897848,"Potatoes","no"
NA,"World","Edible roots and tubers with high starch or inulin content","Area harvested","ha",2001,19440778,"Potatoes","no"
NA,"World","Edible roots and tubers with high starch or inulin content","Area harvested","ha",2002,18820263,"Potatoes","no"
NA,"World","Edible roots and tubers with high starch or inulin content","Area harvested","ha",2003,18705701,"Potatoes","no"
NA,"World","Edible roots and tubers with high starch or inulin content","Area harvested","ha",2004,18743968,"Potatoes","no"
NA,"World","Edible roots and tubers with high starch or inulin content","Area harvested","ha",2005,18756473,"Potatoes","no"
NA,"World","Edible roots and tubers with high starch or inulin content","Area harvested","ha",2006,17804218,"Potatoes","no"
NA,"World","Edible roots and tubers with high starch or inulin content","Area harvested","ha",2007,18012300,"Potatoes","no"
NA,"World","Edible roots and tubers with high starch or inulin content","Area harvested","ha",2008,18168824,"Potatoes","no"
NA,"World","Edible roots and tubers with high starch or inulin content","Area harvested","ha",2009,18585195,"Potatoes","no"
NA,"World","Edible roots and tubers with high starch or inulin content","Area harvested","ha",2010,18179292,"Potatoes","no"
NA,"World","Edible roots and tubers with high starch or inulin content","Area harvested","ha",2011,18706222,"Potatoes","no"
NA,"World","Edible roots and tubers with high starch or inulin content","Area harvested","ha",2012,18703422,"Potatoes","no"
NA,"World","Edible roots and tubers with high starch or inulin content","Area harvested","ha",2013,18516362,"Potatoes","no"
NA,"World","Edible roots and tubers with high starch or inulin content","Area harvested","ha",2014,18034126,"Potatoes","no"
NA,"World","Edible roots and tubers with high starch or inulin content","Area harvested","ha",2015,18038687,"Potatoes","no"
NA,"World","Edible roots and tubers with high starch or inulin content","Area harvested","ha",2016,17389992,"Potatoes","no"
NA,"World","Edible roots and tubers with high starch or inulin content","Area harvested","ha",2017,17423554,"Potatoes","no"
NA,"World","Edible roots and tubers with high starch or inulin content","Area harvested","ha",2018,17162825,"Potatoes","no"
NA,"World","Edible roots and tubers with high starch or inulin content","Area harvested","ha",2019,16338682,"Potatoes","no"
NA,"World","Edible roots and tubers with high starch or inulin content","Area harvested","ha",2020,16754745,"Potatoes","no"
NA,"World","Edible roots and tubers with high starch or inulin content","Area harvested","ha",2021,16838602,"Potatoes","no"
NA,"World","Edible roots and tubers with high starch or inulin content","Area harvested","ha",2022,16656505,"Potatoes","no"
NA,"World","Edible roots and tubers with high starch or inulin content","Area harvested","ha",2023,16799108,"Potatoes","no"
NA,"World","Edible roots and tubers with high starch or inulin content","Yield","kg/ha",1992,14984.6,"Potatoes","no"
NA,"World","Edible roots and tubers with high starch or inulin content","Yield","kg/ha",1993,16411.4,"Potatoes","no"
NA,"World","Edible roots and tubers with high starch or inulin content","Yield","kg/ha",1994,14855.4,"Potatoes","no"
NA,"World","Edible roots and tubers with high starch or inulin content","Yield","kg/ha",1995,15325.6,"Potatoes","no"
NA,"World","Edible roots and tubers with high starch or inulin content","Yield","kg/ha",1996,16504.5,"Potatoes","no"
NA,"World","Edible roots and tubers with high starch or inulin content","Yield","kg/ha",1997,16015.9,"Potatoes","no"
NA,"World","Edible roots and tubers with high starch or inulin content","Yield","kg/ha",1998,15869.2,"Potatoes","no"
NA,"World","Edible roots and tubers with high starch or inulin content","Yield","kg/ha",1999,15114.6,"Potatoes","no"
NA,"World","Edible roots and tubers with high starch or inulin content","Yield","kg/ha",2000,16223.8,"Potatoes","no"
NA,"World","Edible roots and tubers with high starch or inulin content","Yield","kg/ha",2001,15716.8,"Potatoes","no"
NA,"World","Edible roots and tubers with high starch or inulin content","Yield","kg/ha",2002,16464.4,"Potatoes","no"
NA,"World","Edible roots and tubers with high starch or inulin content","Yield","kg/ha",2003,16447.6,"Potatoes","no"
NA,"World","Edible roots and tubers with high starch or inulin content","Yield","kg/ha",2004,17510.6,"Potatoes","no"
NA,"World","Edible roots and tubers with high starch or inulin content","Yield","kg/ha",2005,16940.3,"Potatoes","no"
NA,"World","Edible roots and tubers with high starch or inulin content","Yield","kg/ha",2006,17280.5,"Potatoes","no"
NA,"World","Edible roots and tubers with high starch or inulin content","Yield","kg/ha",2007,17394,"Potatoes","no"
NA,"World","Edible roots and tubers with high starch or inulin content","Yield","kg/ha",2008,18015,"Potatoes","no"
NA,"World","Edible roots and tubers with high starch or inulin content","Yield","kg/ha",2009,17803.6,"Potatoes","no"
NA,"World","Edible roots and tubers with high starch or inulin content","Yield","kg/ha",2010,18085.2,"Potatoes","no"
NA,"World","Edible roots and tubers with high starch or inulin content","Yield","kg/ha",2011,19729.7,"Potatoes","no"
NA,"World","Edible roots and tubers with high starch or inulin content","Yield","kg/ha",2012,19366.4,"Potatoes","no"
NA,"World","Edible roots and tubers with high starch or inulin content","Yield","kg/ha",2013,19784,"Potatoes","no"
NA,"World","Edible roots and tubers with high starch or inulin content","Yield","kg/ha",2014,20487.3,"Potatoes","no"
NA,"World","Edible roots and tubers with high starch or inulin content","Yield","kg/ha",2015,20270.7,"Potatoes","no"
NA,"World","Edible roots and tubers with high starch or inulin content","Yield","kg/ha",2016,20370.1,"Potatoes","no"
NA,"World","Edible roots and tubers with high starch or inulin content","Yield","kg/ha",2017,21194.2,"Potatoes","no"
NA,"World","Edible roots and tubers with high starch or inulin content","Yield","kg/ha",2018,21251.9,"Potatoes","no"
NA,"World","Edible roots and tubers with high starch or inulin content","Yield","kg/ha",2019,22388.9,"Potatoes","no"
NA,"World","Edible roots and tubers with high starch or inulin content","Yield","kg/ha",2020,22013.9,"Potatoes","no"
NA,"World","Edible roots and tubers with high starch or inulin content","Yield","kg/ha",2021,22189.8,"Potatoes","no"
NA,"World","Edible roots and tubers with high starch or inulin content","Yield","kg/ha",2022,22417.7,"Potatoes","no"
NA,"World","Edible roots and tubers with high starch or inulin content","Yield","kg/ha",2023,22803.7,"Potatoes","no"
NA,"World","Edible roots and tubers with high starch or inulin content","Production","t",1992,278979592.09,"Potatoes","no"
NA,"World","Edible roots and tubers with high starch or inulin content","Production","t",1993,304614655.19,"Potatoes","no"
NA,"World","Edible roots and tubers with high starch or inulin content","Production","t",1994,270198497.33,"Potatoes","no"
NA,"World","Edible roots and tubers with high starch or inulin content","Production","t",1995,285329539.47,"Potatoes","no"
NA,"World","Edible roots and tubers with high starch or inulin content","Production","t",1996,310492904.02,"Potatoes","no"
NA,"World","Edible roots and tubers with high starch or inulin content","Production","t",1997,301078088.87,"Potatoes","no"
NA,"World","Edible roots and tubers with high starch or inulin content","Production","t",1998,297833665.57,"Potatoes","no"
NA,"World","Edible roots and tubers with high starch or inulin content","Production","t",1999,296109752.06,"Potatoes","no"
NA,"World","Edible roots and tubers with high starch or inulin content","Production","t",2000,322817990.86,"Potatoes","no"
NA,"World","Edible roots and tubers with high starch or inulin content","Production","t",2001,305546154.95,"Potatoes","no"
NA,"World","Edible roots and tubers with high starch or inulin content","Production","t",2002,309865038.85,"Potatoes","no"
NA,"World","Edible roots and tubers with high starch or inulin content","Production","t",2003,307664029.96,"Potatoes","no"
NA,"World","Edible roots and tubers with high starch or inulin content","Production","t",2004,328218313.58,"Potatoes","no"
NA,"World","Edible roots and tubers with high starch or inulin content","Production","t",2005,317739870.99,"Potatoes","no"
NA,"World","Edible roots and tubers with high starch or inulin content","Production","t",2006,307665613.47,"Potatoes","no"
NA,"World","Edible roots and tubers with high starch or inulin content","Production","t",2007,313306461.95,"Potatoes","no"
NA,"World","Edible roots and tubers with high starch or inulin content","Production","t",2008,327311701.99,"Potatoes","no"
NA,"World","Edible roots and tubers with high starch or inulin content","Production","t",2009,330884154.45,"Potatoes","no"
NA,"World","Edible roots and tubers with high starch or inulin content","Production","t",2010,328775588.76,"Potatoes","no"
NA,"World","Edible roots and tubers with high starch or inulin content","Production","t",2011,369067748.33,"Potatoes","no"
NA,"World","Edible roots and tubers with high starch or inulin content","Production","t",2012,362218226.58,"Potatoes","no"
NA,"World","Edible roots and tubers with high starch or inulin content","Production","t",2013,366327121.93,"Potatoes","no"
NA,"World","Edible roots and tubers with high starch or inulin content","Production","t",2014,369470819.41,"Potatoes","no"
NA,"World","Edible roots and tubers with high starch or inulin content","Production","t",2015,365656470.2,"Potatoes","no"
NA,"World","Edible roots and tubers with high starch or inulin content","Production","t",2016,354236120.77,"Potatoes","no"
NA,"World","Edible roots and tubers with high starch or inulin content","Production","t",2017,369278999.6,"Potatoes","no"
NA,"World","Edible roots and tubers with high starch or inulin content","Production","t",2018,364742705.41,"Potatoes","no"
NA,"World","Edible roots and tubers with high starch or inulin content","Production","t",2019,365804927.32,"Potatoes","no"
NA,"World","Edible roots and tubers with high starch or inulin content","Production","t",2020,368837532.68,"Potatoes","no"
NA,"World","Edible roots and tubers with high starch or inulin content","Production","t",2021,373645571.86,"Potatoes","no"
NA,"World","Edible roots and tubers with high starch or inulin content","Production","t",2022,373399784.6,"Potatoes","no"
NA,"World","Edible roots and tubers with high starch or inulin content","Production","t",2023,383082607.38,"Potatoes","no"
NA,"World","Vegetables","Area harvested","ha",1992,961371,"Pumpkins, squash and gourds","no"
NA,"World","Vegetables","Area harvested","ha",1993,1052276,"Pumpkins, squash and gourds","no"
NA,"World","Vegetables","Area harvested","ha",1994,1086253,"Pumpkins, squash and gourds","no"
NA,"World","Vegetables","Area harvested","ha",1995,1114747,"Pumpkins, squash and gourds","no"
NA,"World","Vegetables","Area harvested","ha",1996,1191312,"Pumpkins, squash and gourds","no"
NA,"World","Vegetables","Area harvested","ha",1997,1215806,"Pumpkins, squash and gourds","no"
NA,"World","Vegetables","Area harvested","ha",1998,1288191,"Pumpkins, squash and gourds","no"
NA,"World","Vegetables","Area harvested","ha",1999,1344459,"Pumpkins, squash and gourds","no"
NA,"World","Vegetables","Area harvested","ha",2000,1417517,"Pumpkins, squash and gourds","no"
NA,"World","Vegetables","Area harvested","ha",2001,1418878,"Pumpkins, squash and gourds","no"
NA,"World","Vegetables","Area harvested","ha",2002,1482088,"Pumpkins, squash and gourds","no"
NA,"World","Vegetables","Area harvested","ha",2003,1542339,"Pumpkins, squash and gourds","no"
NA,"World","Vegetables","Area harvested","ha",2004,1599704,"Pumpkins, squash and gourds","no"
NA,"World","Vegetables","Area harvested","ha",2005,1564448,"Pumpkins, squash and gourds","no"
NA,"World","Vegetables","Area harvested","ha",2006,1591726,"Pumpkins, squash and gourds","no"
NA,"World","Vegetables","Area harvested","ha",2007,1645096,"Pumpkins, squash and gourds","no"
NA,"World","Vegetables","Area harvested","ha",2008,1672294,"Pumpkins, squash and gourds","no"
NA,"World","Vegetables","Area harvested","ha",2009,1710401,"Pumpkins, squash and gourds","no"
NA,"World","Vegetables","Area harvested","ha",2010,1805037,"Pumpkins, squash and gourds","no"
NA,"World","Vegetables","Area harvested","ha",2011,1848305,"Pumpkins, squash and gourds","no"
NA,"World","Vegetables","Area harvested","ha",2012,1888305,"Pumpkins, squash and gourds","no"
NA,"World","Vegetables","Area harvested","ha",2013,1916537,"Pumpkins, squash and gourds","no"
NA,"World","Vegetables","Area harvested","ha",2014,1953780,"Pumpkins, squash and gourds","no"
NA,"World","Vegetables","Area harvested","ha",2015,2026502,"Pumpkins, squash and gourds","no"
NA,"World","Vegetables","Area harvested","ha",2016,1983936,"Pumpkins, squash and gourds","no"
NA,"World","Vegetables","Area harvested","ha",2017,2011097,"Pumpkins, squash and gourds","no"
NA,"World","Vegetables","Area harvested","ha",2018,1484540,"Pumpkins, squash and gourds","no"
NA,"World","Vegetables","Area harvested","ha",2019,1517081,"Pumpkins, squash and gourds","no"
NA,"World","Vegetables","Area harvested","ha",2020,1587470,"Pumpkins, squash and gourds","no"
NA,"World","Vegetables","Area harvested","ha",2021,1570989,"Pumpkins, squash and gourds","no"
NA,"World","Vegetables","Area harvested","ha",2022,1558392,"Pumpkins, squash and gourds","no"
NA,"World","Vegetables","Area harvested","ha",2023,1552024,"Pumpkins, squash and gourds","no"
NA,"World","Vegetables","Yield","kg/ha",1992,11917.9,"Pumpkins, squash and gourds","no"
NA,"World","Vegetables","Yield","kg/ha",1993,12361.2,"Pumpkins, squash and gourds","no"
NA,"World","Vegetables","Yield","kg/ha",1994,12081.7,"Pumpkins, squash and gourds","no"
NA,"World","Vegetables","Yield","kg/ha",1995,12473.1,"Pumpkins, squash and gourds","no"
NA,"World","Vegetables","Yield","kg/ha",1996,12495.9,"Pumpkins, squash and gourds","no"
NA,"World","Vegetables","Yield","kg/ha",1997,12623.6,"Pumpkins, squash and gourds","no"
NA,"World","Vegetables","Yield","kg/ha",1998,12174.1,"Pumpkins, squash and gourds","no"
NA,"World","Vegetables","Yield","kg/ha",1999,11789.7,"Pumpkins, squash and gourds","no"
NA,"World","Vegetables","Yield","kg/ha",2000,12191.7,"Pumpkins, squash and gourds","no"
NA,"World","Vegetables","Yield","kg/ha",2001,12536.8,"Pumpkins, squash and gourds","no"
NA,"World","Vegetables","Yield","kg/ha",2002,12870,"Pumpkins, squash and gourds","no"
NA,"World","Vegetables","Yield","kg/ha",2003,13094,"Pumpkins, squash and gourds","no"
NA,"World","Vegetables","Yield","kg/ha",2004,12895.2,"Pumpkins, squash and gourds","no"
NA,"World","Vegetables","Yield","kg/ha",2005,12941.8,"Pumpkins, squash and gourds","no"
NA,"World","Vegetables","Yield","kg/ha",2006,13001.9,"Pumpkins, squash and gourds","no"
NA,"World","Vegetables","Yield","kg/ha",2007,13016.3,"Pumpkins, squash and gourds","no"
NA,"World","Vegetables","Yield","kg/ha",2008,13006.3,"Pumpkins, squash and gourds","no"
NA,"World","Vegetables","Yield","kg/ha",2009,13052.3,"Pumpkins, squash and gourds","no"
NA,"World","Vegetables","Yield","kg/ha",2010,12674,"Pumpkins, squash and gourds","no"
NA,"World","Vegetables","Yield","kg/ha",2011,12874.1,"Pumpkins, squash and gourds","no"
NA,"World","Vegetables","Yield","kg/ha",2012,12736.6,"Pumpkins, squash and gourds","no"
NA,"World","Vegetables","Yield","kg/ha",2013,12874.9,"Pumpkins, squash and gourds","no"
NA,"World","Vegetables","Yield","kg/ha",2014,12961.9,"Pumpkins, squash and gourds","no"
NA,"World","Vegetables","Yield","kg/ha",2015,12889.8,"Pumpkins, squash and gourds","no"
NA,"World","Vegetables","Yield","kg/ha",2016,13141.3,"Pumpkins, squash and gourds","no"
NA,"World","Vegetables","Yield","kg/ha",2017,13300.3,"Pumpkins, squash and gourds","no"
NA,"World","Vegetables","Yield","kg/ha",2018,14801.7,"Pumpkins, squash and gourds","no"
NA,"World","Vegetables","Yield","kg/ha",2019,14977.2,"Pumpkins, squash and gourds","no"
NA,"World","Vegetables","Yield","kg/ha",2020,14812.3,"Pumpkins, squash and gourds","no"
NA,"World","Vegetables","Yield","kg/ha",2021,15067.7,"Pumpkins, squash and gourds","no"
NA,"World","Vegetables","Yield","kg/ha",2022,15119.5,"Pumpkins, squash and gourds","no"
NA,"World","Vegetables","Yield","kg/ha",2023,15258.7,"Pumpkins, squash and gourds","no"
NA,"World","Vegetables","Production","t",1992,11457470.55,"Pumpkins, squash and gourds","no"
NA,"World","Vegetables","Production","t",1993,13007387.3,"Pumpkins, squash and gourds","no"
NA,"World","Vegetables","Production","t",1994,13123747.85,"Pumpkins, squash and gourds","no"
NA,"World","Vegetables","Production","t",1995,13904356.02,"Pumpkins, squash and gourds","no"
NA,"World","Vegetables","Production","t",1996,14886534.18,"Pumpkins, squash and gourds","no"
NA,"World","Vegetables","Production","t",1997,15347892.63,"Pumpkins, squash and gourds","no"
NA,"World","Vegetables","Production","t",1998,15682599.99,"Pumpkins, squash and gourds","no"
NA,"World","Vegetables","Production","t",1999,15850759.67,"Pumpkins, squash and gourds","no"
NA,"World","Vegetables","Production","t",2000,17281989.44,"Pumpkins, squash and gourds","no"
NA,"World","Vegetables","Production","t",2001,17788154.73,"Pumpkins, squash and gourds","no"
NA,"World","Vegetables","Production","t",2002,19074506.05,"Pumpkins, squash and gourds","no"
NA,"World","Vegetables","Production","t",2003,20195322.2,"Pumpkins, squash and gourds","no"
NA,"World","Vegetables","Production","t",2004,20628495.96,"Pumpkins, squash and gourds","no"
NA,"World","Vegetables","Production","t",2005,20246749.49,"Pumpkins, squash and gourds","no"
NA,"World","Vegetables","Production","t",2006,20695408.75,"Pumpkins, squash and gourds","no"
NA,"World","Vegetables","Production","t",2007,21413041.54,"Pumpkins, squash and gourds","no"
NA,"World","Vegetables","Production","t",2008,21750420,"Pumpkins, squash and gourds","no"
NA,"World","Vegetables","Production","t",2009,22324620.66,"Pumpkins, squash and gourds","no"
NA,"World","Vegetables","Production","t",2010,22877029.37,"Pumpkins, squash and gourds","no"
NA,"World","Vegetables","Production","t",2011,23795233.99,"Pumpkins, squash and gourds","no"
NA,"World","Vegetables","Production","t",2012,24050584.53,"Pumpkins, squash and gourds","no"
NA,"World","Vegetables","Production","t",2013,24675275.44,"Pumpkins, squash and gourds","no"
NA,"World","Vegetables","Production","t",2014,25324660.16,"Pumpkins, squash and gourds","no"
NA,"World","Vegetables","Production","t",2015,26121309.01,"Pumpkins, squash and gourds","no"
NA,"World","Vegetables","Production","t",2016,26071461.97,"Pumpkins, squash and gourds","no"
NA,"World","Vegetables","Production","t",2017,26748267.83,"Pumpkins, squash and gourds","no"
NA,"World","Vegetables","Production","t",2018,21973726.73,"Pumpkins, squash and gourds","no"
NA,"World","Vegetables","Production","t",2019,22721646.38,"Pumpkins, squash and gourds","no"
NA,"World","Vegetables","Production","t",2020,23514083.47,"Pumpkins, squash and gourds","no"
NA,"World","Vegetables","Production","t",2021,23671161.37,"Pumpkins, squash and gourds","no"
NA,"World","Vegetables","Production","t",2022,23562138.16,"Pumpkins, squash and gourds","no"
NA,"World","Vegetables","Production","t",2023,23681845.99,"Pumpkins, squash and gourds","no"
NA,"World","Forage products; fibre crops; plants used in perfumery, pharmacy, or for insecticidal, fungicidal or similar purposes; beet, forage plant and flower seeds; natural rubber; living plants, cut flowers and flower buds; unmanufactured tobacco; other raw vegetable materials","Area harvested","ha",1992,30050,"Pyrethrum, dried flowers","no"
NA,"World","Forage products; fibre crops; plants used in perfumery, pharmacy, or for insecticidal, fungicidal or similar purposes; beet, forage plant and flower seeds; natural rubber; living plants, cut flowers and flower buds; unmanufactured tobacco; other raw vegetable materials","Area harvested","ha",1993,29207,"Pyrethrum, dried flowers","no"
NA,"World","Forage products; fibre crops; plants used in perfumery, pharmacy, or for insecticidal, fungicidal or similar purposes; beet, forage plant and flower seeds; natural rubber; living plants, cut flowers and flower buds; unmanufactured tobacco; other raw vegetable materials","Area harvested","ha",1994,28232,"Pyrethrum, dried flowers","no"
NA,"World","Forage products; fibre crops; plants used in perfumery, pharmacy, or for insecticidal, fungicidal or similar purposes; beet, forage plant and flower seeds; natural rubber; living plants, cut flowers and flower buds; unmanufactured tobacco; other raw vegetable materials","Area harvested","ha",1995,25190,"Pyrethrum, dried flowers","no"
NA,"World","Forage products; fibre crops; plants used in perfumery, pharmacy, or for insecticidal, fungicidal or similar purposes; beet, forage plant and flower seeds; natural rubber; living plants, cut flowers and flower buds; unmanufactured tobacco; other raw vegetable materials","Area harvested","ha",1996,24405,"Pyrethrum, dried flowers","no"
NA,"World","Forage products; fibre crops; plants used in perfumery, pharmacy, or for insecticidal, fungicidal or similar purposes; beet, forage plant and flower seeds; natural rubber; living plants, cut flowers and flower buds; unmanufactured tobacco; other raw vegetable materials","Area harvested","ha",1997,23417,"Pyrethrum, dried flowers","no"
NA,"World","Forage products; fibre crops; plants used in perfumery, pharmacy, or for insecticidal, fungicidal or similar purposes; beet, forage plant and flower seeds; natural rubber; living plants, cut flowers and flower buds; unmanufactured tobacco; other raw vegetable materials","Area harvested","ha",1998,22506,"Pyrethrum, dried flowers","no"
NA,"World","Forage products; fibre crops; plants used in perfumery, pharmacy, or for insecticidal, fungicidal or similar purposes; beet, forage plant and flower seeds; natural rubber; living plants, cut flowers and flower buds; unmanufactured tobacco; other raw vegetable materials","Area harvested","ha",1999,23677,"Pyrethrum, dried flowers","no"
NA,"World","Forage products; fibre crops; plants used in perfumery, pharmacy, or for insecticidal, fungicidal or similar purposes; beet, forage plant and flower seeds; natural rubber; living plants, cut flowers and flower buds; unmanufactured tobacco; other raw vegetable materials","Area harvested","ha",2000,22046,"Pyrethrum, dried flowers","no"
NA,"World","Forage products; fibre crops; plants used in perfumery, pharmacy, or for insecticidal, fungicidal or similar purposes; beet, forage plant and flower seeds; natural rubber; living plants, cut flowers and flower buds; unmanufactured tobacco; other raw vegetable materials","Area harvested","ha",2001,27002,"Pyrethrum, dried flowers","no"
NA,"World","Forage products; fibre crops; plants used in perfumery, pharmacy, or for insecticidal, fungicidal or similar purposes; beet, forage plant and flower seeds; natural rubber; living plants, cut flowers and flower buds; unmanufactured tobacco; other raw vegetable materials","Area harvested","ha",2002,26996,"Pyrethrum, dried flowers","no"
NA,"World","Forage products; fibre crops; plants used in perfumery, pharmacy, or for insecticidal, fungicidal or similar purposes; beet, forage plant and flower seeds; natural rubber; living plants, cut flowers and flower buds; unmanufactured tobacco; other raw vegetable materials","Area harvested","ha",2003,20088,"Pyrethrum, dried flowers","no"
NA,"World","Forage products; fibre crops; plants used in perfumery, pharmacy, or for insecticidal, fungicidal or similar purposes; beet, forage plant and flower seeds; natural rubber; living plants, cut flowers and flower buds; unmanufactured tobacco; other raw vegetable materials","Area harvested","ha",2004,18093,"Pyrethrum, dried flowers","no"
NA,"World","Forage products; fibre crops; plants used in perfumery, pharmacy, or for insecticidal, fungicidal or similar purposes; beet, forage plant and flower seeds; natural rubber; living plants, cut flowers and flower buds; unmanufactured tobacco; other raw vegetable materials","Area harvested","ha",2005,19688,"Pyrethrum, dried flowers","no"
NA,"World","Forage products; fibre crops; plants used in perfumery, pharmacy, or for insecticidal, fungicidal or similar purposes; beet, forage plant and flower seeds; natural rubber; living plants, cut flowers and flower buds; unmanufactured tobacco; other raw vegetable materials","Area harvested","ha",2006,28694,"Pyrethrum, dried flowers","no"
NA,"World","Forage products; fibre crops; plants used in perfumery, pharmacy, or for insecticidal, fungicidal or similar purposes; beet, forage plant and flower seeds; natural rubber; living plants, cut flowers and flower buds; unmanufactured tobacco; other raw vegetable materials","Area harvested","ha",2007,25689,"Pyrethrum, dried flowers","no"
NA,"World","Forage products; fibre crops; plants used in perfumery, pharmacy, or for insecticidal, fungicidal or similar purposes; beet, forage plant and flower seeds; natural rubber; living plants, cut flowers and flower buds; unmanufactured tobacco; other raw vegetable materials","Area harvested","ha",2008,18532,"Pyrethrum, dried flowers","no"
NA,"World","Forage products; fibre crops; plants used in perfumery, pharmacy, or for insecticidal, fungicidal or similar purposes; beet, forage plant and flower seeds; natural rubber; living plants, cut flowers and flower buds; unmanufactured tobacco; other raw vegetable materials","Area harvested","ha",2009,15055,"Pyrethrum, dried flowers","no"
NA,"World","Forage products; fibre crops; plants used in perfumery, pharmacy, or for insecticidal, fungicidal or similar purposes; beet, forage plant and flower seeds; natural rubber; living plants, cut flowers and flower buds; unmanufactured tobacco; other raw vegetable materials","Area harvested","ha",2010,17170,"Pyrethrum, dried flowers","no"
NA,"World","Forage products; fibre crops; plants used in perfumery, pharmacy, or for insecticidal, fungicidal or similar purposes; beet, forage plant and flower seeds; natural rubber; living plants, cut flowers and flower buds; unmanufactured tobacco; other raw vegetable materials","Area harvested","ha",2011,19089,"Pyrethrum, dried flowers","no"
NA,"World","Forage products; fibre crops; plants used in perfumery, pharmacy, or for insecticidal, fungicidal or similar purposes; beet, forage plant and flower seeds; natural rubber; living plants, cut flowers and flower buds; unmanufactured tobacco; other raw vegetable materials","Area harvested","ha",2012,21445,"Pyrethrum, dried flowers","no"
NA,"World","Forage products; fibre crops; plants used in perfumery, pharmacy, or for insecticidal, fungicidal or similar purposes; beet, forage plant and flower seeds; natural rubber; living plants, cut flowers and flower buds; unmanufactured tobacco; other raw vegetable materials","Area harvested","ha",2013,23574,"Pyrethrum, dried flowers","no"
NA,"World","Forage products; fibre crops; plants used in perfumery, pharmacy, or for insecticidal, fungicidal or similar purposes; beet, forage plant and flower seeds; natural rubber; living plants, cut flowers and flower buds; unmanufactured tobacco; other raw vegetable materials","Area harvested","ha",2014,26772,"Pyrethrum, dried flowers","no"
NA,"World","Forage products; fibre crops; plants used in perfumery, pharmacy, or for insecticidal, fungicidal or similar purposes; beet, forage plant and flower seeds; natural rubber; living plants, cut flowers and flower buds; unmanufactured tobacco; other raw vegetable materials","Area harvested","ha",2015,20823,"Pyrethrum, dried flowers","no"
NA,"World","Forage products; fibre crops; plants used in perfumery, pharmacy, or for insecticidal, fungicidal or similar purposes; beet, forage plant and flower seeds; natural rubber; living plants, cut flowers and flower buds; unmanufactured tobacco; other raw vegetable materials","Area harvested","ha",2016,8742,"Pyrethrum, dried flowers","no"
NA,"World","Forage products; fibre crops; plants used in perfumery, pharmacy, or for insecticidal, fungicidal or similar purposes; beet, forage plant and flower seeds; natural rubber; living plants, cut flowers and flower buds; unmanufactured tobacco; other raw vegetable materials","Area harvested","ha",2017,18350,"Pyrethrum, dried flowers","no"
NA,"World","Forage products; fibre crops; plants used in perfumery, pharmacy, or for insecticidal, fungicidal or similar purposes; beet, forage plant and flower seeds; natural rubber; living plants, cut flowers and flower buds; unmanufactured tobacco; other raw vegetable materials","Area harvested","ha",2018,16341,"Pyrethrum, dried flowers","no"
NA,"World","Forage products; fibre crops; plants used in perfumery, pharmacy, or for insecticidal, fungicidal or similar purposes; beet, forage plant and flower seeds; natural rubber; living plants, cut flowers and flower buds; unmanufactured tobacco; other raw vegetable materials","Area harvested","ha",2019,19384,"Pyrethrum, dried flowers","no"
NA,"World","Forage products; fibre crops; plants used in perfumery, pharmacy, or for insecticidal, fungicidal or similar purposes; beet, forage plant and flower seeds; natural rubber; living plants, cut flowers and flower buds; unmanufactured tobacco; other raw vegetable materials","Area harvested","ha",2020,16783,"Pyrethrum, dried flowers","no"
NA,"World","Forage products; fibre crops; plants used in perfumery, pharmacy, or for insecticidal, fungicidal or similar purposes; beet, forage plant and flower seeds; natural rubber; living plants, cut flowers and flower buds; unmanufactured tobacco; other raw vegetable materials","Area harvested","ha",2021,15845,"Pyrethrum, dried flowers","no"
NA,"World","Forage products; fibre crops; plants used in perfumery, pharmacy, or for insecticidal, fungicidal or similar purposes; beet, forage plant and flower seeds; natural rubber; living plants, cut flowers and flower buds; unmanufactured tobacco; other raw vegetable materials","Area harvested","ha",2022,13469,"Pyrethrum, dried flowers","no"
NA,"World","Forage products; fibre crops; plants used in perfumery, pharmacy, or for insecticidal, fungicidal or similar purposes; beet, forage plant and flower seeds; natural rubber; living plants, cut flowers and flower buds; unmanufactured tobacco; other raw vegetable materials","Area harvested","ha",2023,22269,"Pyrethrum, dried flowers","no"
NA,"World","Forage products; fibre crops; plants used in perfumery, pharmacy, or for insecticidal, fungicidal or similar purposes; beet, forage plant and flower seeds; natural rubber; living plants, cut flowers and flower buds; unmanufactured tobacco; other raw vegetable materials","Yield","kg/ha",1992,668.3,"Pyrethrum, dried flowers","no"
NA,"World","Forage products; fibre crops; plants used in perfumery, pharmacy, or for insecticidal, fungicidal or similar purposes; beet, forage plant and flower seeds; natural rubber; living plants, cut flowers and flower buds; unmanufactured tobacco; other raw vegetable materials","Yield","kg/ha",1993,669,"Pyrethrum, dried flowers","no"
NA,"World","Forage products; fibre crops; plants used in perfumery, pharmacy, or for insecticidal, fungicidal or similar purposes; beet, forage plant and flower seeds; natural rubber; living plants, cut flowers and flower buds; unmanufactured tobacco; other raw vegetable materials","Yield","kg/ha",1994,625.1,"Pyrethrum, dried flowers","no"
NA,"World","Forage products; fibre crops; plants used in perfumery, pharmacy, or for insecticidal, fungicidal or similar purposes; beet, forage plant and flower seeds; natural rubber; living plants, cut flowers and flower buds; unmanufactured tobacco; other raw vegetable materials","Yield","kg/ha",1995,564.9,"Pyrethrum, dried flowers","no"
NA,"World","Forage products; fibre crops; plants used in perfumery, pharmacy, or for insecticidal, fungicidal or similar purposes; beet, forage plant and flower seeds; natural rubber; living plants, cut flowers and flower buds; unmanufactured tobacco; other raw vegetable materials","Yield","kg/ha",1996,465.6,"Pyrethrum, dried flowers","no"
NA,"World","Forage products; fibre crops; plants used in perfumery, pharmacy, or for insecticidal, fungicidal or similar purposes; beet, forage plant and flower seeds; natural rubber; living plants, cut flowers and flower buds; unmanufactured tobacco; other raw vegetable materials","Yield","kg/ha",1997,403.5,"Pyrethrum, dried flowers","no"
NA,"World","Forage products; fibre crops; plants used in perfumery, pharmacy, or for insecticidal, fungicidal or similar purposes; beet, forage plant and flower seeds; natural rubber; living plants, cut flowers and flower buds; unmanufactured tobacco; other raw vegetable materials","Yield","kg/ha",1998,464.6,"Pyrethrum, dried flowers","no"
NA,"World","Forage products; fibre crops; plants used in perfumery, pharmacy, or for insecticidal, fungicidal or similar purposes; beet, forage plant and flower seeds; natural rubber; living plants, cut flowers and flower buds; unmanufactured tobacco; other raw vegetable materials","Yield","kg/ha",1999,583.5,"Pyrethrum, dried flowers","no"
NA,"World","Forage products; fibre crops; plants used in perfumery, pharmacy, or for insecticidal, fungicidal or similar purposes; beet, forage plant and flower seeds; natural rubber; living plants, cut flowers and flower buds; unmanufactured tobacco; other raw vegetable materials","Yield","kg/ha",2000,543.4,"Pyrethrum, dried flowers","no"
NA,"World","Forage products; fibre crops; plants used in perfumery, pharmacy, or for insecticidal, fungicidal or similar purposes; beet, forage plant and flower seeds; natural rubber; living plants, cut flowers and flower buds; unmanufactured tobacco; other raw vegetable materials","Yield","kg/ha",2001,445.9,"Pyrethrum, dried flowers","no"
NA,"World","Forage products; fibre crops; plants used in perfumery, pharmacy, or for insecticidal, fungicidal or similar purposes; beet, forage plant and flower seeds; natural rubber; living plants, cut flowers and flower buds; unmanufactured tobacco; other raw vegetable materials","Yield","kg/ha",2002,471.7,"Pyrethrum, dried flowers","no"
NA,"World","Forage products; fibre crops; plants used in perfumery, pharmacy, or for insecticidal, fungicidal or similar purposes; beet, forage plant and flower seeds; natural rubber; living plants, cut flowers and flower buds; unmanufactured tobacco; other raw vegetable materials","Yield","kg/ha",2003,569.1,"Pyrethrum, dried flowers","no"
NA,"World","Forage products; fibre crops; plants used in perfumery, pharmacy, or for insecticidal, fungicidal or similar purposes; beet, forage plant and flower seeds; natural rubber; living plants, cut flowers and flower buds; unmanufactured tobacco; other raw vegetable materials","Yield","kg/ha",2004,615.5,"Pyrethrum, dried flowers","no"
NA,"World","Forage products; fibre crops; plants used in perfumery, pharmacy, or for insecticidal, fungicidal or similar purposes; beet, forage plant and flower seeds; natural rubber; living plants, cut flowers and flower buds; unmanufactured tobacco; other raw vegetable materials","Yield","kg/ha",2005,580.7,"Pyrethrum, dried flowers","no"
NA,"World","Forage products; fibre crops; plants used in perfumery, pharmacy, or for insecticidal, fungicidal or similar purposes; beet, forage plant and flower seeds; natural rubber; living plants, cut flowers and flower buds; unmanufactured tobacco; other raw vegetable materials","Yield","kg/ha",2006,461.3,"Pyrethrum, dried flowers","no"
NA,"World","Forage products; fibre crops; plants used in perfumery, pharmacy, or for insecticidal, fungicidal or similar purposes; beet, forage plant and flower seeds; natural rubber; living plants, cut flowers and flower buds; unmanufactured tobacco; other raw vegetable materials","Yield","kg/ha",2007,188.2,"Pyrethrum, dried flowers","no"
NA,"World","Forage products; fibre crops; plants used in perfumery, pharmacy, or for insecticidal, fungicidal or similar purposes; beet, forage plant and flower seeds; natural rubber; living plants, cut flowers and flower buds; unmanufactured tobacco; other raw vegetable materials","Yield","kg/ha",2008,286.9,"Pyrethrum, dried flowers","no"
NA,"World","Forage products; fibre crops; plants used in perfumery, pharmacy, or for insecticidal, fungicidal or similar purposes; beet, forage plant and flower seeds; natural rubber; living plants, cut flowers and flower buds; unmanufactured tobacco; other raw vegetable materials","Yield","kg/ha",2009,285.6,"Pyrethrum, dried flowers","no"
NA,"World","Forage products; fibre crops; plants used in perfumery, pharmacy, or for insecticidal, fungicidal or similar purposes; beet, forage plant and flower seeds; natural rubber; living plants, cut flowers and flower buds; unmanufactured tobacco; other raw vegetable materials","Yield","kg/ha",2010,319,"Pyrethrum, dried flowers","no"
NA,"World","Forage products; fibre crops; plants used in perfumery, pharmacy, or for insecticidal, fungicidal or similar purposes; beet, forage plant and flower seeds; natural rubber; living plants, cut flowers and flower buds; unmanufactured tobacco; other raw vegetable materials","Yield","kg/ha",2011,390.7,"Pyrethrum, dried flowers","no"
NA,"World","Forage products; fibre crops; plants used in perfumery, pharmacy, or for insecticidal, fungicidal or similar purposes; beet, forage plant and flower seeds; natural rubber; living plants, cut flowers and flower buds; unmanufactured tobacco; other raw vegetable materials","Yield","kg/ha",2012,396,"Pyrethrum, dried flowers","no"
NA,"World","Forage products; fibre crops; plants used in perfumery, pharmacy, or for insecticidal, fungicidal or similar purposes; beet, forage plant and flower seeds; natural rubber; living plants, cut flowers and flower buds; unmanufactured tobacco; other raw vegetable materials","Yield","kg/ha",2013,380.8,"Pyrethrum, dried flowers","no"
NA,"World","Forage products; fibre crops; plants used in perfumery, pharmacy, or for insecticidal, fungicidal or similar purposes; beet, forage plant and flower seeds; natural rubber; living plants, cut flowers and flower buds; unmanufactured tobacco; other raw vegetable materials","Yield","kg/ha",2014,381.3,"Pyrethrum, dried flowers","no"
NA,"World","Forage products; fibre crops; plants used in perfumery, pharmacy, or for insecticidal, fungicidal or similar purposes; beet, forage plant and flower seeds; natural rubber; living plants, cut flowers and flower buds; unmanufactured tobacco; other raw vegetable materials","Yield","kg/ha",2015,464.1,"Pyrethrum, dried flowers","no"
NA,"World","Forage products; fibre crops; plants used in perfumery, pharmacy, or for insecticidal, fungicidal or similar purposes; beet, forage plant and flower seeds; natural rubber; living plants, cut flowers and flower buds; unmanufactured tobacco; other raw vegetable materials","Yield","kg/ha",2016,608.5,"Pyrethrum, dried flowers","no"
NA,"World","Forage products; fibre crops; plants used in perfumery, pharmacy, or for insecticidal, fungicidal or similar purposes; beet, forage plant and flower seeds; natural rubber; living plants, cut flowers and flower buds; unmanufactured tobacco; other raw vegetable materials","Yield","kg/ha",2017,507.9,"Pyrethrum, dried flowers","no"
NA,"World","Forage products; fibre crops; plants used in perfumery, pharmacy, or for insecticidal, fungicidal or similar purposes; beet, forage plant and flower seeds; natural rubber; living plants, cut flowers and flower buds; unmanufactured tobacco; other raw vegetable materials","Yield","kg/ha",2018,361.7,"Pyrethrum, dried flowers","no"
NA,"World","Forage products; fibre crops; plants used in perfumery, pharmacy, or for insecticidal, fungicidal or similar purposes; beet, forage plant and flower seeds; natural rubber; living plants, cut flowers and flower buds; unmanufactured tobacco; other raw vegetable materials","Yield","kg/ha",2019,357.7,"Pyrethrum, dried flowers","no"
NA,"World","Forage products; fibre crops; plants used in perfumery, pharmacy, or for insecticidal, fungicidal or similar purposes; beet, forage plant and flower seeds; natural rubber; living plants, cut flowers and flower buds; unmanufactured tobacco; other raw vegetable materials","Yield","kg/ha",2020,340.3,"Pyrethrum, dried flowers","no"
NA,"World","Forage products; fibre crops; plants used in perfumery, pharmacy, or for insecticidal, fungicidal or similar purposes; beet, forage plant and flower seeds; natural rubber; living plants, cut flowers and flower buds; unmanufactured tobacco; other raw vegetable materials","Yield","kg/ha",2021,381.2,"Pyrethrum, dried flowers","no"
NA,"World","Forage products; fibre crops; plants used in perfumery, pharmacy, or for insecticidal, fungicidal or similar purposes; beet, forage plant and flower seeds; natural rubber; living plants, cut flowers and flower buds; unmanufactured tobacco; other raw vegetable materials","Yield","kg/ha",2022,420.6,"Pyrethrum, dried flowers","no"
NA,"World","Forage products; fibre crops; plants used in perfumery, pharmacy, or for insecticidal, fungicidal or similar purposes; beet, forage plant and flower seeds; natural rubber; living plants, cut flowers and flower buds; unmanufactured tobacco; other raw vegetable materials","Yield","kg/ha",2023,434.4,"Pyrethrum, dried flowers","no"
NA,"World","Forage products; fibre crops; plants used in perfumery, pharmacy, or for insecticidal, fungicidal or similar purposes; beet, forage plant and flower seeds; natural rubber; living plants, cut flowers and flower buds; unmanufactured tobacco; other raw vegetable materials","Production","t",1992,20082.88,"Pyrethrum, dried flowers","no"
NA,"World","Forage products; fibre crops; plants used in perfumery, pharmacy, or for insecticidal, fungicidal or similar purposes; beet, forage plant and flower seeds; natural rubber; living plants, cut flowers and flower buds; unmanufactured tobacco; other raw vegetable materials","Production","t",1993,19540.53,"Pyrethrum, dried flowers","no"
NA,"World","Forage products; fibre crops; plants used in perfumery, pharmacy, or for insecticidal, fungicidal or similar purposes; beet, forage plant and flower seeds; natural rubber; living plants, cut flowers and flower buds; unmanufactured tobacco; other raw vegetable materials","Production","t",1994,17646.56,"Pyrethrum, dried flowers","no"
NA,"World","Forage products; fibre crops; plants used in perfumery, pharmacy, or for insecticidal, fungicidal or similar purposes; beet, forage plant and flower seeds; natural rubber; living plants, cut flowers and flower buds; unmanufactured tobacco; other raw vegetable materials","Production","t",1995,14230.81,"Pyrethrum, dried flowers","no"
NA,"World","Forage products; fibre crops; plants used in perfumery, pharmacy, or for insecticidal, fungicidal or similar purposes; beet, forage plant and flower seeds; natural rubber; living plants, cut flowers and flower buds; unmanufactured tobacco; other raw vegetable materials","Production","t",1996,11363.17,"Pyrethrum, dried flowers","no"
NA,"World","Forage products; fibre crops; plants used in perfumery, pharmacy, or for insecticidal, fungicidal or similar purposes; beet, forage plant and flower seeds; natural rubber; living plants, cut flowers and flower buds; unmanufactured tobacco; other raw vegetable materials","Production","t",1997,9448.48,"Pyrethrum, dried flowers","no"
NA,"World","Forage products; fibre crops; plants used in perfumery, pharmacy, or for insecticidal, fungicidal or similar purposes; beet, forage plant and flower seeds; natural rubber; living plants, cut flowers and flower buds; unmanufactured tobacco; other raw vegetable materials","Production","t",1998,10456.37,"Pyrethrum, dried flowers","no"
NA,"World","Forage products; fibre crops; plants used in perfumery, pharmacy, or for insecticidal, fungicidal or similar purposes; beet, forage plant and flower seeds; natural rubber; living plants, cut flowers and flower buds; unmanufactured tobacco; other raw vegetable materials","Production","t",1999,13815.62,"Pyrethrum, dried flowers","no"
NA,"World","Forage products; fibre crops; plants used in perfumery, pharmacy, or for insecticidal, fungicidal or similar purposes; beet, forage plant and flower seeds; natural rubber; living plants, cut flowers and flower buds; unmanufactured tobacco; other raw vegetable materials","Production","t",2000,11979.25,"Pyrethrum, dried flowers","no"
NA,"World","Forage products; fibre crops; plants used in perfumery, pharmacy, or for insecticidal, fungicidal or similar purposes; beet, forage plant and flower seeds; natural rubber; living plants, cut flowers and flower buds; unmanufactured tobacco; other raw vegetable materials","Production","t",2001,12039.1,"Pyrethrum, dried flowers","no"
NA,"World","Forage products; fibre crops; plants used in perfumery, pharmacy, or for insecticidal, fungicidal or similar purposes; beet, forage plant and flower seeds; natural rubber; living plants, cut flowers and flower buds; unmanufactured tobacco; other raw vegetable materials","Production","t",2002,12735.28,"Pyrethrum, dried flowers","no"
NA,"World","Forage products; fibre crops; plants used in perfumery, pharmacy, or for insecticidal, fungicidal or similar purposes; beet, forage plant and flower seeds; natural rubber; living plants, cut flowers and flower buds; unmanufactured tobacco; other raw vegetable materials","Production","t",2003,11432.15,"Pyrethrum, dried flowers","no"
NA,"World","Forage products; fibre crops; plants used in perfumery, pharmacy, or for insecticidal, fungicidal or similar purposes; beet, forage plant and flower seeds; natural rubber; living plants, cut flowers and flower buds; unmanufactured tobacco; other raw vegetable materials","Production","t",2004,11135.4,"Pyrethrum, dried flowers","no"
NA,"World","Forage products; fibre crops; plants used in perfumery, pharmacy, or for insecticidal, fungicidal or similar purposes; beet, forage plant and flower seeds; natural rubber; living plants, cut flowers and flower buds; unmanufactured tobacco; other raw vegetable materials","Production","t",2005,11433.96,"Pyrethrum, dried flowers","no"
NA,"World","Forage products; fibre crops; plants used in perfumery, pharmacy, or for insecticidal, fungicidal or similar purposes; beet, forage plant and flower seeds; natural rubber; living plants, cut flowers and flower buds; unmanufactured tobacco; other raw vegetable materials","Production","t",2006,13237.4,"Pyrethrum, dried flowers","no"
NA,"World","Forage products; fibre crops; plants used in perfumery, pharmacy, or for insecticidal, fungicidal or similar purposes; beet, forage plant and flower seeds; natural rubber; living plants, cut flowers and flower buds; unmanufactured tobacco; other raw vegetable materials","Production","t",2007,4835.49,"Pyrethrum, dried flowers","no"
NA,"World","Forage products; fibre crops; plants used in perfumery, pharmacy, or for insecticidal, fungicidal or similar purposes; beet, forage plant and flower seeds; natural rubber; living plants, cut flowers and flower buds; unmanufactured tobacco; other raw vegetable materials","Production","t",2008,5316,"Pyrethrum, dried flowers","no"
NA,"World","Forage products; fibre crops; plants used in perfumery, pharmacy, or for insecticidal, fungicidal or similar purposes; beet, forage plant and flower seeds; natural rubber; living plants, cut flowers and flower buds; unmanufactured tobacco; other raw vegetable materials","Production","t",2009,4299.83,"Pyrethrum, dried flowers","no"
NA,"World","Forage products; fibre crops; plants used in perfumery, pharmacy, or for insecticidal, fungicidal or similar purposes; beet, forage plant and flower seeds; natural rubber; living plants, cut flowers and flower buds; unmanufactured tobacco; other raw vegetable materials","Production","t",2010,5477.75,"Pyrethrum, dried flowers","no"
NA,"World","Forage products; fibre crops; plants used in perfumery, pharmacy, or for insecticidal, fungicidal or similar purposes; beet, forage plant and flower seeds; natural rubber; living plants, cut flowers and flower buds; unmanufactured tobacco; other raw vegetable materials","Production","t",2011,7459,"Pyrethrum, dried flowers","no"
NA,"World","Forage products; fibre crops; plants used in perfumery, pharmacy, or for insecticidal, fungicidal or similar purposes; beet, forage plant and flower seeds; natural rubber; living plants, cut flowers and flower buds; unmanufactured tobacco; other raw vegetable materials","Production","t",2012,8492.59,"Pyrethrum, dried flowers","no"
NA,"World","Forage products; fibre crops; plants used in perfumery, pharmacy, or for insecticidal, fungicidal or similar purposes; beet, forage plant and flower seeds; natural rubber; living plants, cut flowers and flower buds; unmanufactured tobacco; other raw vegetable materials","Production","t",2013,8977.53,"Pyrethrum, dried flowers","no"
NA,"World","Forage products; fibre crops; plants used in perfumery, pharmacy, or for insecticidal, fungicidal or similar purposes; beet, forage plant and flower seeds; natural rubber; living plants, cut flowers and flower buds; unmanufactured tobacco; other raw vegetable materials","Production","t",2014,10209.53,"Pyrethrum, dried flowers","no"
NA,"World","Forage products; fibre crops; plants used in perfumery, pharmacy, or for insecticidal, fungicidal or similar purposes; beet, forage plant and flower seeds; natural rubber; living plants, cut flowers and flower buds; unmanufactured tobacco; other raw vegetable materials","Production","t",2015,9663.59,"Pyrethrum, dried flowers","no"
NA,"World","Forage products; fibre crops; plants used in perfumery, pharmacy, or for insecticidal, fungicidal or similar purposes; beet, forage plant and flower seeds; natural rubber; living plants, cut flowers and flower buds; unmanufactured tobacco; other raw vegetable materials","Production","t",2016,5319.93,"Pyrethrum, dried flowers","no"
NA,"World","Forage products; fibre crops; plants used in perfumery, pharmacy, or for insecticidal, fungicidal or similar purposes; beet, forage plant and flower seeds; natural rubber; living plants, cut flowers and flower buds; unmanufactured tobacco; other raw vegetable materials","Production","t",2017,9320.45,"Pyrethrum, dried flowers","no"
NA,"World","Forage products; fibre crops; plants used in perfumery, pharmacy, or for insecticidal, fungicidal or similar purposes; beet, forage plant and flower seeds; natural rubber; living plants, cut flowers and flower buds; unmanufactured tobacco; other raw vegetable materials","Production","t",2018,5909.64,"Pyrethrum, dried flowers","no"
NA,"World","Forage products; fibre crops; plants used in perfumery, pharmacy, or for insecticidal, fungicidal or similar purposes; beet, forage plant and flower seeds; natural rubber; living plants, cut flowers and flower buds; unmanufactured tobacco; other raw vegetable materials","Production","t",2019,6933.29,"Pyrethrum, dried flowers","no"
NA,"World","Forage products; fibre crops; plants used in perfumery, pharmacy, or for insecticidal, fungicidal or similar purposes; beet, forage plant and flower seeds; natural rubber; living plants, cut flowers and flower buds; unmanufactured tobacco; other raw vegetable materials","Production","t",2020,5711.88,"Pyrethrum, dried flowers","no"
NA,"World","Forage products; fibre crops; plants used in perfumery, pharmacy, or for insecticidal, fungicidal or similar purposes; beet, forage plant and flower seeds; natural rubber; living plants, cut flowers and flower buds; unmanufactured tobacco; other raw vegetable materials","Production","t",2021,6039.68,"Pyrethrum, dried flowers","no"
NA,"World","Forage products; fibre crops; plants used in perfumery, pharmacy, or for insecticidal, fungicidal or similar purposes; beet, forage plant and flower seeds; natural rubber; living plants, cut flowers and flower buds; unmanufactured tobacco; other raw vegetable materials","Production","t",2022,5665.62,"Pyrethrum, dried flowers","no"
NA,"World","Forage products; fibre crops; plants used in perfumery, pharmacy, or for insecticidal, fungicidal or similar purposes; beet, forage plant and flower seeds; natural rubber; living plants, cut flowers and flower buds; unmanufactured tobacco; other raw vegetable materials","Production","t",2023,9674.47,"Pyrethrum, dried flowers","no"
NA,"World","Fruits and nuts","Area harvested","ha",1992,43164,"Quinces","no"
NA,"World","Fruits and nuts","Area harvested","ha",1993,40892,"Quinces","no"
NA,"World","Fruits and nuts","Area harvested","ha",1994,38751,"Quinces","no"
NA,"World","Fruits and nuts","Area harvested","ha",1995,38962,"Quinces","no"
NA,"World","Fruits and nuts","Area harvested","ha",1996,41163,"Quinces","no"
NA,"World","Fruits and nuts","Area harvested","ha",1997,42041,"Quinces","no"
NA,"World","Fruits and nuts","Area harvested","ha",1998,42525,"Quinces","no"
NA,"World","Fruits and nuts","Area harvested","ha",1999,45733,"Quinces","no"
NA,"World","Fruits and nuts","Area harvested","ha",2000,47580,"Quinces","no"
NA,"World","Fruits and nuts","Area harvested","ha",2001,48782,"Quinces","no"
NA,"World","Fruits and nuts","Area harvested","ha",2002,48583,"Quinces","no"
NA,"World","Fruits and nuts","Area harvested","ha",2003,51372,"Quinces","no"
NA,"World","Fruits and nuts","Area harvested","ha",2004,55686,"Quinces","no"
NA,"World","Fruits and nuts","Area harvested","ha",2005,56379,"Quinces","no"
NA,"World","Fruits and nuts","Area harvested","ha",2006,57153,"Quinces","no"
NA,"World","Fruits and nuts","Area harvested","ha",2007,58953,"Quinces","no"
NA,"World","Fruits and nuts","Area harvested","ha",2008,58557,"Quinces","no"
NA,"World","Fruits and nuts","Area harvested","ha",2009,60933,"Quinces","no"
NA,"World","Fruits and nuts","Area harvested","ha",2010,63571,"Quinces","no"
NA,"World","Fruits and nuts","Area harvested","ha",2011,68046,"Quinces","no"
NA,"World","Fruits and nuts","Area harvested","ha",2012,71000,"Quinces","no"
NA,"World","Fruits and nuts","Area harvested","ha",2013,77341,"Quinces","no"
NA,"World","Fruits and nuts","Area harvested","ha",2014,78793,"Quinces","no"
NA,"World","Fruits and nuts","Area harvested","ha",2015,81595,"Quinces","no"
NA,"World","Fruits and nuts","Area harvested","ha",2016,82172,"Quinces","no"
NA,"World","Fruits and nuts","Area harvested","ha",2017,81645,"Quinces","no"
NA,"World","Fruits and nuts","Area harvested","ha",2018,76383,"Quinces","no"
NA,"World","Fruits and nuts","Area harvested","ha",2019,75302,"Quinces","no"
NA,"World","Fruits and nuts","Area harvested","ha",2020,76809,"Quinces","no"
NA,"World","Fruits and nuts","Area harvested","ha",2021,76401,"Quinces","no"
NA,"World","Fruits and nuts","Area harvested","ha",2022,75148,"Quinces","no"
NA,"World","Fruits and nuts","Area harvested","ha",2023,75014,"Quinces","no"
NA,"World","Fruits and nuts","Yield","kg/ha",1992,7790.4,"Quinces","no"
NA,"World","Fruits and nuts","Yield","kg/ha",1993,8421.6,"Quinces","no"
NA,"World","Fruits and nuts","Yield","kg/ha",1994,9035.6,"Quinces","no"
NA,"World","Fruits and nuts","Yield","kg/ha",1995,8528.4,"Quinces","no"
NA,"World","Fruits and nuts","Yield","kg/ha",1996,8923.3,"Quinces","no"
NA,"World","Fruits and nuts","Yield","kg/ha",1997,8710.8,"Quinces","no"
NA,"World","Fruits and nuts","Yield","kg/ha",1998,9297.4,"Quinces","no"
NA,"World","Fruits and nuts","Yield","kg/ha",1999,9027.5,"Quinces","no"
NA,"World","Fruits and nuts","Yield","kg/ha",2000,8982,"Quinces","no"
NA,"World","Fruits and nuts","Yield","kg/ha",2001,8913.8,"Quinces","no"
NA,"World","Fruits and nuts","Yield","kg/ha",2002,9112.8,"Quinces","no"
NA,"World","Fruits and nuts","Yield","kg/ha",2003,8940,"Quinces","no"
NA,"World","Fruits and nuts","Yield","kg/ha",2004,7733.6,"Quinces","no"
NA,"World","Fruits and nuts","Yield","kg/ha",2005,8377.5,"Quinces","no"
NA,"World","Fruits and nuts","Yield","kg/ha",2006,8170.7,"Quinces","no"
NA,"World","Fruits and nuts","Yield","kg/ha",2007,8309.5,"Quinces","no"
NA,"World","Fruits and nuts","Yield","kg/ha",2008,8207.5,"Quinces","no"
NA,"World","Fruits and nuts","Yield","kg/ha",2009,8411.2,"Quinces","no"
NA,"World","Fruits and nuts","Yield","kg/ha",2010,8454,"Quinces","no"
NA,"World","Fruits and nuts","Yield","kg/ha",2011,8401.9,"Quinces","no"
NA,"World","Fruits and nuts","Yield","kg/ha",2012,8482.3,"Quinces","no"
NA,"World","Fruits and nuts","Yield","kg/ha",2013,8366.5,"Quinces","no"
NA,"World","Fruits and nuts","Yield","kg/ha",2014,7997.5,"Quinces","no"
NA,"World","Fruits and nuts","Yield","kg/ha",2015,8245.4,"Quinces","no"
NA,"World","Fruits and nuts","Yield","kg/ha",2016,7899.5,"Quinces","no"
NA,"World","Fruits and nuts","Yield","kg/ha",2017,8583.5,"Quinces","no"
NA,"World","Fruits and nuts","Yield","kg/ha",2018,8692.1,"Quinces","no"
NA,"World","Fruits and nuts","Yield","kg/ha",2019,8784,"Quinces","no"
NA,"World","Fruits and nuts","Yield","kg/ha",2020,9105.8,"Quinces","no"
NA,"World","Fruits and nuts","Yield","kg/ha",2021,9177.9,"Quinces","no"
NA,"World","Fruits and nuts","Yield","kg/ha",2022,9321.3,"Quinces","no"
NA,"World","Fruits and nuts","Yield","kg/ha",2023,9158.8,"Quinces","no"
NA,"World","Fruits and nuts","Production","t",1992,336260.83,"Quinces","no"
NA,"World","Fruits and nuts","Production","t",1993,344378.79,"Quinces","no"
NA,"World","Fruits and nuts","Production","t",1994,350136.79,"Quinces","no"
NA,"World","Fruits and nuts","Production","t",1995,332285,"Quinces","no"
NA,"World","Fruits and nuts","Production","t",1996,367309.33,"Quinces","no"
NA,"World","Fruits and nuts","Production","t",1997,366207.44,"Quinces","no"
NA,"World","Fruits and nuts","Production","t",1998,395366.63,"Quinces","no"
NA,"World","Fruits and nuts","Production","t",1999,412854.93,"Quinces","no"
NA,"World","Fruits and nuts","Production","t",2000,427363.79,"Quinces","no"
NA,"World","Fruits and nuts","Production","t",2001,434831.09,"Quinces","no"
NA,"World","Fruits and nuts","Production","t",2002,442727.31,"Quinces","no"
NA,"World","Fruits and nuts","Production","t",2003,459262.86,"Quinces","no"
NA,"World","Fruits and nuts","Production","t",2004,430653.84,"Quinces","no"
NA,"World","Fruits and nuts","Production","t",2005,472315.39,"Quinces","no"
NA,"World","Fruits and nuts","Production","t",2006,466980.82,"Quinces","no"
NA,"World","Fruits and nuts","Production","t",2007,489871.51,"Quinces","no"
NA,"World","Fruits and nuts","Production","t",2008,480609.75,"Quinces","no"
NA,"World","Fruits and nuts","Production","t",2009,512524.88,"Quinces","no"
NA,"World","Fruits and nuts","Production","t",2010,537430.35,"Quinces","no"
NA,"World","Fruits and nuts","Production","t",2011,571713.86,"Quinces","no"
NA,"World","Fruits and nuts","Production","t",2012,602237.24,"Quinces","no"
NA,"World","Fruits and nuts","Production","t",2013,647080.82,"Quinces","no"
NA,"World","Fruits and nuts","Production","t",2014,630148.3,"Quinces","no"
NA,"World","Fruits and nuts","Production","t",2015,672786.06,"Quinces","no"
NA,"World","Fruits and nuts","Production","t",2016,649118.64,"Quinces","no"
NA,"World","Fruits and nuts","Production","t",2017,700793.49,"Quinces","no"
NA,"World","Fruits and nuts","Production","t",2018,663934.65,"Quinces","no"
NA,"World","Fruits and nuts","Production","t",2019,661451.59,"Quinces","no"
NA,"World","Fruits and nuts","Production","t",2020,699405.91,"Quinces","no"
NA,"World","Fruits and nuts","Production","t",2021,701204.4,"Quinces","no"
NA,"World","Fruits and nuts","Production","t",2022,700479.34,"Quinces","no"
NA,"World","Fruits and nuts","Production","t",2023,687036,"Quinces","no"
NA,"World","Cereals","Area harvested","ha",1992,48604,"Quinoa","no"
NA,"World","Cereals","Area harvested","ha",1993,57330,"Quinoa","no"
NA,"World","Cereals","Area harvested","ha",1994,59549,"Quinoa","no"
NA,"World","Cereals","Area harvested","ha",1995,56729,"Quinoa","no"
NA,"World","Cereals","Area harvested","ha",1996,57297,"Quinoa","no"
NA,"World","Cereals","Area harvested","ha",1997,66313,"Quinoa","no"
NA,"World","Cereals","Area harvested","ha",1998,70234,"Quinoa","no"
NA,"World","Cereals","Area harvested","ha",1999,66742,"Quinoa","no"
NA,"World","Cereals","Area harvested","ha",2000,67036,"Quinoa","no"
NA,"World","Cereals","Area harvested","ha",2001,63474,"Quinoa","no"
NA,"World","Cereals","Area harvested","ha",2002,66268,"Quinoa","no"
NA,"World","Cereals","Area harvested","ha",2003,67615,"Quinoa","no"
NA,"World","Cereals","Area harvested","ha",2004,67243,"Quinoa","no"
NA,"World","Cereals","Area harvested","ha",2005,68863,"Quinoa","no"
NA,"World","Cereals","Area harvested","ha",2006,73328,"Quinoa","no"
NA,"World","Cereals","Area harvested","ha",2007,76815,"Quinoa","no"
NA,"World","Cereals","Area harvested","ha",2008,78532,"Quinoa","no"
NA,"World","Cereals","Area harvested","ha",2009,95050,"Quinoa","no"
NA,"World","Cereals","Area harvested","ha",2010,95979,"Quinoa","no"
NA,"World","Cereals","Area harvested","ha",2011,101166,"Quinoa","no"
NA,"World","Cereals","Area harvested","ha",2012,172239,"Quinoa","no"
NA,"World","Cereals","Area harvested","ha",2013,194770,"Quinoa","no"
NA,"World","Cereals","Area harvested","ha",2014,185768,"Quinoa","no"
NA,"World","Cereals","Area harvested","ha",2015,197637,"Quinoa","no"
NA,"World","Cereals","Area harvested","ha",2016,185985,"Quinoa","no"
NA,"World","Cereals","Area harvested","ha",2017,173242,"Quinoa","no"
NA,"World","Cereals","Area harvested","ha",2018,179389,"Quinoa","no"
NA,"World","Cereals","Area harvested","ha",2019,184163,"Quinoa","no"
NA,"World","Cereals","Area harvested","ha",2020,189034,"Quinoa","no"
NA,"World","Cereals","Area harvested","ha",2021,191791,"Quinoa","no"
NA,"World","Cereals","Area harvested","ha",2022,194154,"Quinoa","no"
NA,"World","Cereals","Area harvested","ha",2023,165838,"Quinoa","no"
NA,"World","Cereals","Yield","kg/ha",1992,469.5,"Quinoa","no"
NA,"World","Cereals","Yield","kg/ha",1993,641.5,"Quinoa","no"
NA,"World","Cereals","Yield","kg/ha",1994,612.2,"Quinoa","no"
NA,"World","Cereals","Yield","kg/ha",1995,581.6,"Quinoa","no"
NA,"World","Cereals","Yield","kg/ha",1996,700.3,"Quinoa","no"
NA,"World","Cereals","Yield","kg/ha",1997,759.4,"Quinoa","no"
NA,"World","Cereals","Yield","kg/ha",1998,703.4,"Quinoa","no"
NA,"World","Cereals","Yield","kg/ha",1999,776.9,"Quinoa","no"
NA,"World","Cereals","Yield","kg/ha",2000,785,"Quinoa","no"
NA,"World","Cereals","Yield","kg/ha",2001,722.9,"Quinoa","no"
NA,"World","Cereals","Yield","kg/ha",2002,827.6,"Quinoa","no"
NA,"World","Cereals","Yield","kg/ha",2003,821.4,"Quinoa","no"
NA,"World","Cereals","Yield","kg/ha",2004,778.2,"Quinoa","no"
NA,"World","Cereals","Yield","kg/ha",2005,848.7,"Quinoa","no"
NA,"World","Cereals","Yield","kg/ha",2006,790.4,"Quinoa","no"
NA,"World","Cereals","Yield","kg/ha",2007,769.6,"Quinoa","no"
NA,"World","Cereals","Yield","kg/ha",2008,735.7,"Quinoa","no"
NA,"World","Cereals","Yield","kg/ha",2009,782.3,"Quinoa","no"
NA,"World","Cereals","Yield","kg/ha",2010,829.7,"Quinoa","no"
NA,"World","Cereals","Yield","kg/ha",2011,832.3,"Quinoa","no"
NA,"World","Cereals","Yield","kg/ha",2012,565.6,"Quinoa","no"
NA,"World","Cereals","Yield","kg/ha",2013,604.4,"Quinoa","no"
NA,"World","Cereals","Yield","kg/ha",2014,1002,"Quinoa","no"
NA,"World","Cereals","Yield","kg/ha",2015,980.7,"Quinoa","no"
NA,"World","Cereals","Yield","kg/ha",2016,854.2,"Quinoa","no"
NA,"World","Cereals","Yield","kg/ha",2017,847,"Quinoa","no"
NA,"World","Cereals","Yield","kg/ha",2018,890.5,"Quinoa","no"
NA,"World","Cereals","Yield","kg/ha",2019,874.5,"Quinoa","no"
NA,"World","Cereals","Yield","kg/ha",2020,927.8,"Quinoa","no"
NA,"World","Cereals","Yield","kg/ha",2021,823.1,"Quinoa","no"
NA,"World","Cereals","Yield","kg/ha",2022,823.2,"Quinoa","no"
NA,"World","Cereals","Yield","kg/ha",2023,676.9,"Quinoa","no"
NA,"World","Cereals","Production","t",1992,22820,"Quinoa","no"
NA,"World","Cereals","Production","t",1993,36779,"Quinoa","no"
NA,"World","Cereals","Production","t",1994,36456,"Quinoa","no"
NA,"World","Cereals","Production","t",1995,32995,"Quinoa","no"
NA,"World","Cereals","Production","t",1996,40123,"Quinoa","no"
NA,"World","Cereals","Production","t",1997,50358,"Quinoa","no"
NA,"World","Cereals","Production","t",1998,49400,"Quinoa","no"
NA,"World","Cereals","Production","t",1999,51849,"Quinoa","no"
NA,"World","Cereals","Production","t",2000,52626,"Quinoa","no"
NA,"World","Cereals","Production","t",2001,45886,"Quinoa","no"
NA,"World","Cereals","Production","t",2002,54846,"Quinoa","no"
NA,"World","Cereals","Production","t",2003,55540,"Quinoa","no"
NA,"World","Cereals","Production","t",2004,52326,"Quinoa","no"
NA,"World","Cereals","Production","t",2005,58443,"Quinoa","no"
NA,"World","Cereals","Production","t",2006,57962,"Quinoa","no"
NA,"World","Cereals","Production","t",2007,59115,"Quinoa","no"
NA,"World","Cereals","Production","t",2008,57777,"Quinoa","no"
NA,"World","Cereals","Production","t",2009,74353,"Quinoa","no"
NA,"World","Cereals","Production","t",2010,79635.84,"Quinoa","no"
NA,"World","Cereals","Production","t",2011,84197.86,"Quinoa","no"
NA,"World","Cereals","Production","t",2012,97409.62,"Quinoa","no"
NA,"World","Cereals","Production","t",2013,117718.41,"Quinoa","no"
NA,"World","Cereals","Production","t",2014,186147,"Quinoa","no"
NA,"World","Cereals","Production","t",2015,193822.22,"Quinoa","no"
NA,"World","Cereals","Production","t",2016,158864.74,"Quinoa","no"
NA,"World","Cereals","Production","t",2017,146735,"Quinoa","no"
NA,"World","Cereals","Production","t",2018,159736.78,"Quinoa","no"
NA,"World","Cereals","Production","t",2019,161053.42,"Quinoa","no"
NA,"World","Cereals","Production","t",2020,175381.91,"Quinoa","no"
NA,"World","Cereals","Production","t",2021,157864.17,"Quinoa","no"
NA,"World","Cereals","Production","t",2022,159820.4,"Quinoa","no"
NA,"World","Cereals","Production","t",2023,112250.57,"Quinoa","no"
NA,"World","Live animals","Stocks","1000 An",1992,221614,"Rabbits and hares","no"
NA,"World","Live animals","Stocks","1000 An",1993,234194,"Rabbits and hares","no"
NA,"World","Live animals","Stocks","1000 An",1994,246208,"Rabbits and hares","no"
NA,"World","Live animals","Stocks","1000 An",1995,208398,"Rabbits and hares","no"
NA,"World","Live animals","Stocks","1000 An",1996,216294,"Rabbits and hares","no"
NA,"World","Live animals","Stocks","1000 An",1997,210377,"Rabbits and hares","no"
NA,"World","Live animals","Stocks","1000 An",1998,217877,"Rabbits and hares","no"
NA,"World","Live animals","Stocks","1000 An",1999,228047,"Rabbits and hares","no"
NA,"World","Live animals","Stocks","1000 An",2000,244430,"Rabbits and hares","no"
NA,"World","Live animals","Stocks","1000 An",2001,257469,"Rabbits and hares","no"
NA,"World","Live animals","Stocks","1000 An",2002,259415,"Rabbits and hares","no"
NA,"World","Live animals","Stocks","1000 An",2003,263236,"Rabbits and hares","no"
NA,"World","Live animals","Stocks","1000 An",2004,271352,"Rabbits and hares","no"
NA,"World","Live animals","Stocks","1000 An",2005,275796,"Rabbits and hares","no"
NA,"World","Live animals","Stocks","1000 An",2006,294876,"Rabbits and hares","no"
NA,"World","Live animals","Stocks","1000 An",2007,293852,"Rabbits and hares","no"
NA,"World","Live animals","Stocks","1000 An",2008,287488,"Rabbits and hares","no"
NA,"World","Live animals","Stocks","1000 An",2009,292091,"Rabbits and hares","no"
NA,"World","Live animals","Stocks","1000 An",2010,298088,"Rabbits and hares","no"
NA,"World","Live animals","Stocks","1000 An",2011,303121,"Rabbits and hares","no"
NA,"World","Live animals","Stocks","1000 An",2012,305722,"Rabbits and hares","no"
NA,"World","Live animals","Stocks","1000 An",2013,307105,"Rabbits and hares","no"
NA,"World","Live animals","Stocks","1000 An",2014,308230,"Rabbits and hares","no"
NA,"World","Live animals","Stocks","1000 An",2015,302798,"Rabbits and hares","no"
NA,"World","Live animals","Stocks","1000 An",2016,254462,"Rabbits and hares","no"
NA,"World","Live animals","Stocks","1000 An",2017,208358,"Rabbits and hares","no"
NA,"World","Live animals","Stocks","1000 An",2018,206506,"Rabbits and hares","no"
NA,"World","Live animals","Stocks","1000 An",2019,208528,"Rabbits and hares","no"
NA,"World","Live animals","Stocks","1000 An",2020,192350,"Rabbits and hares","no"
NA,"World","Live animals","Stocks","1000 An",2021,178997,"Rabbits and hares","no"
NA,"World","Live animals","Stocks","1000 An",2022,173363,"Rabbits and hares","no"
NA,"World","Live animals","Stocks","1000 An",2023,156152,"Rabbits and hares","no"
NA,"World","Forage products; fibre crops; plants used in perfumery, pharmacy, or for insecticidal, fungicidal or similar purposes; beet, forage plant and flower seeds; natural rubber; living plants, cut flowers and flower buds; unmanufactured tobacco; other raw vegetable materials","Area harvested","ha",1992,59498,"Ramie, raw or retted","no"
NA,"World","Forage products; fibre crops; plants used in perfumery, pharmacy, or for insecticidal, fungicidal or similar purposes; beet, forage plant and flower seeds; natural rubber; living plants, cut flowers and flower buds; unmanufactured tobacco; other raw vegetable materials","Area harvested","ha",1993,55748,"Ramie, raw or retted","no"
NA,"World","Forage products; fibre crops; plants used in perfumery, pharmacy, or for insecticidal, fungicidal or similar purposes; beet, forage plant and flower seeds; natural rubber; living plants, cut flowers and flower buds; unmanufactured tobacco; other raw vegetable materials","Area harvested","ha",1994,86956,"Ramie, raw or retted","no"
NA,"World","Forage products; fibre crops; plants used in perfumery, pharmacy, or for insecticidal, fungicidal or similar purposes; beet, forage plant and flower seeds; natural rubber; living plants, cut flowers and flower buds; unmanufactured tobacco; other raw vegetable materials","Area harvested","ha",1995,100492,"Ramie, raw or retted","no"
NA,"World","Forage products; fibre crops; plants used in perfumery, pharmacy, or for insecticidal, fungicidal or similar purposes; beet, forage plant and flower seeds; natural rubber; living plants, cut flowers and flower buds; unmanufactured tobacco; other raw vegetable materials","Area harvested","ha",1996,95763,"Ramie, raw or retted","no"
NA,"World","Forage products; fibre crops; plants used in perfumery, pharmacy, or for insecticidal, fungicidal or similar purposes; beet, forage plant and flower seeds; natural rubber; living plants, cut flowers and flower buds; unmanufactured tobacco; other raw vegetable materials","Area harvested","ha",1997,86140,"Ramie, raw or retted","no"
NA,"World","Forage products; fibre crops; plants used in perfumery, pharmacy, or for insecticidal, fungicidal or similar purposes; beet, forage plant and flower seeds; natural rubber; living plants, cut flowers and flower buds; unmanufactured tobacco; other raw vegetable materials","Area harvested","ha",1998,79062,"Ramie, raw or retted","no"
NA,"World","Forage products; fibre crops; plants used in perfumery, pharmacy, or for insecticidal, fungicidal or similar purposes; beet, forage plant and flower seeds; natural rubber; living plants, cut flowers and flower buds; unmanufactured tobacco; other raw vegetable materials","Area harvested","ha",1999,75067,"Ramie, raw or retted","no"
NA,"World","Forage products; fibre crops; plants used in perfumery, pharmacy, or for insecticidal, fungicidal or similar purposes; beet, forage plant and flower seeds; natural rubber; living plants, cut flowers and flower buds; unmanufactured tobacco; other raw vegetable materials","Area harvested","ha",2000,96561,"Ramie, raw or retted","no"
NA,"World","Forage products; fibre crops; plants used in perfumery, pharmacy, or for insecticidal, fungicidal or similar purposes; beet, forage plant and flower seeds; natural rubber; living plants, cut flowers and flower buds; unmanufactured tobacco; other raw vegetable materials","Area harvested","ha",2001,114809,"Ramie, raw or retted","no"
NA,"World","Forage products; fibre crops; plants used in perfumery, pharmacy, or for insecticidal, fungicidal or similar purposes; beet, forage plant and flower seeds; natural rubber; living plants, cut flowers and flower buds; unmanufactured tobacco; other raw vegetable materials","Area harvested","ha",2002,126288,"Ramie, raw or retted","no"
NA,"World","Forage products; fibre crops; plants used in perfumery, pharmacy, or for insecticidal, fungicidal or similar purposes; beet, forage plant and flower seeds; natural rubber; living plants, cut flowers and flower buds; unmanufactured tobacco; other raw vegetable materials","Area harvested","ha",2003,128986,"Ramie, raw or retted","no"
NA,"World","Forage products; fibre crops; plants used in perfumery, pharmacy, or for insecticidal, fungicidal or similar purposes; beet, forage plant and flower seeds; natural rubber; living plants, cut flowers and flower buds; unmanufactured tobacco; other raw vegetable materials","Area harvested","ha",2004,127254,"Ramie, raw or retted","no"
NA,"World","Forage products; fibre crops; plants used in perfumery, pharmacy, or for insecticidal, fungicidal or similar purposes; beet, forage plant and flower seeds; natural rubber; living plants, cut flowers and flower buds; unmanufactured tobacco; other raw vegetable materials","Area harvested","ha",2005,133431,"Ramie, raw or retted","no"
NA,"World","Forage products; fibre crops; plants used in perfumery, pharmacy, or for insecticidal, fungicidal or similar purposes; beet, forage plant and flower seeds; natural rubber; living plants, cut flowers and flower buds; unmanufactured tobacco; other raw vegetable materials","Area harvested","ha",2006,142963,"Ramie, raw or retted","no"
NA,"World","Forage products; fibre crops; plants used in perfumery, pharmacy, or for insecticidal, fungicidal or similar purposes; beet, forage plant and flower seeds; natural rubber; living plants, cut flowers and flower buds; unmanufactured tobacco; other raw vegetable materials","Area harvested","ha",2007,143952,"Ramie, raw or retted","no"
NA,"World","Forage products; fibre crops; plants used in perfumery, pharmacy, or for insecticidal, fungicidal or similar purposes; beet, forage plant and flower seeds; natural rubber; living plants, cut flowers and flower buds; unmanufactured tobacco; other raw vegetable materials","Area harvested","ha",2008,127416,"Ramie, raw or retted","no"
NA,"World","Forage products; fibre crops; plants used in perfumery, pharmacy, or for insecticidal, fungicidal or similar purposes; beet, forage plant and flower seeds; natural rubber; living plants, cut flowers and flower buds; unmanufactured tobacco; other raw vegetable materials","Area harvested","ha",2009,110832,"Ramie, raw or retted","no"
NA,"World","Forage products; fibre crops; plants used in perfumery, pharmacy, or for insecticidal, fungicidal or similar purposes; beet, forage plant and flower seeds; natural rubber; living plants, cut flowers and flower buds; unmanufactured tobacco; other raw vegetable materials","Area harvested","ha",2010,98824,"Ramie, raw or retted","no"
NA,"World","Forage products; fibre crops; plants used in perfumery, pharmacy, or for insecticidal, fungicidal or similar purposes; beet, forage plant and flower seeds; natural rubber; living plants, cut flowers and flower buds; unmanufactured tobacco; other raw vegetable materials","Area harvested","ha",2011,85141,"Ramie, raw or retted","no"
NA,"World","Forage products; fibre crops; plants used in perfumery, pharmacy, or for insecticidal, fungicidal or similar purposes; beet, forage plant and flower seeds; natural rubber; living plants, cut flowers and flower buds; unmanufactured tobacco; other raw vegetable materials","Area harvested","ha",2012,69930,"Ramie, raw or retted","no"
NA,"World","Forage products; fibre crops; plants used in perfumery, pharmacy, or for insecticidal, fungicidal or similar purposes; beet, forage plant and flower seeds; natural rubber; living plants, cut flowers and flower buds; unmanufactured tobacco; other raw vegetable materials","Area harvested","ha",2013,63600,"Ramie, raw or retted","no"
NA,"World","Forage products; fibre crops; plants used in perfumery, pharmacy, or for insecticidal, fungicidal or similar purposes; beet, forage plant and flower seeds; natural rubber; living plants, cut flowers and flower buds; unmanufactured tobacco; other raw vegetable materials","Area harvested","ha",2014,60302,"Ramie, raw or retted","no"
NA,"World","Forage products; fibre crops; plants used in perfumery, pharmacy, or for insecticidal, fungicidal or similar purposes; beet, forage plant and flower seeds; natural rubber; living plants, cut flowers and flower buds; unmanufactured tobacco; other raw vegetable materials","Area harvested","ha",2015,56512,"Ramie, raw or retted","no"
NA,"World","Forage products; fibre crops; plants used in perfumery, pharmacy, or for insecticidal, fungicidal or similar purposes; beet, forage plant and flower seeds; natural rubber; living plants, cut flowers and flower buds; unmanufactured tobacco; other raw vegetable materials","Area harvested","ha",2016,42458,"Ramie, raw or retted","no"
NA,"World","Forage products; fibre crops; plants used in perfumery, pharmacy, or for insecticidal, fungicidal or similar purposes; beet, forage plant and flower seeds; natural rubber; living plants, cut flowers and flower buds; unmanufactured tobacco; other raw vegetable materials","Area harvested","ha",2017,27857,"Ramie, raw or retted","no"
NA,"World","Forage products; fibre crops; plants used in perfumery, pharmacy, or for insecticidal, fungicidal or similar purposes; beet, forage plant and flower seeds; natural rubber; living plants, cut flowers and flower buds; unmanufactured tobacco; other raw vegetable materials","Area harvested","ha",2018,29187,"Ramie, raw or retted","no"
NA,"World","Forage products; fibre crops; plants used in perfumery, pharmacy, or for insecticidal, fungicidal or similar purposes; beet, forage plant and flower seeds; natural rubber; living plants, cut flowers and flower buds; unmanufactured tobacco; other raw vegetable materials","Area harvested","ha",2019,31534,"Ramie, raw or retted","no"
NA,"World","Forage products; fibre crops; plants used in perfumery, pharmacy, or for insecticidal, fungicidal or similar purposes; beet, forage plant and flower seeds; natural rubber; living plants, cut flowers and flower buds; unmanufactured tobacco; other raw vegetable materials","Area harvested","ha",2020,32551,"Ramie, raw or retted","no"
NA,"World","Forage products; fibre crops; plants used in perfumery, pharmacy, or for insecticidal, fungicidal or similar purposes; beet, forage plant and flower seeds; natural rubber; living plants, cut flowers and flower buds; unmanufactured tobacco; other raw vegetable materials","Area harvested","ha",2021,4668,"Ramie, raw or retted","no"
NA,"World","Forage products; fibre crops; plants used in perfumery, pharmacy, or for insecticidal, fungicidal or similar purposes; beet, forage plant and flower seeds; natural rubber; living plants, cut flowers and flower buds; unmanufactured tobacco; other raw vegetable materials","Area harvested","ha",2022,4332,"Ramie, raw or retted","no"
NA,"World","Forage products; fibre crops; plants used in perfumery, pharmacy, or for insecticidal, fungicidal or similar purposes; beet, forage plant and flower seeds; natural rubber; living plants, cut flowers and flower buds; unmanufactured tobacco; other raw vegetable materials","Area harvested","ha",2023,4348,"Ramie, raw or retted","no"
NA,"World","Forage products; fibre crops; plants used in perfumery, pharmacy, or for insecticidal, fungicidal or similar purposes; beet, forage plant and flower seeds; natural rubber; living plants, cut flowers and flower buds; unmanufactured tobacco; other raw vegetable materials","Yield","kg/ha",1992,1180.2,"Ramie, raw or retted","no"
NA,"World","Forage products; fibre crops; plants used in perfumery, pharmacy, or for insecticidal, fungicidal or similar purposes; beet, forage plant and flower seeds; natural rubber; living plants, cut flowers and flower buds; unmanufactured tobacco; other raw vegetable materials","Yield","kg/ha",1993,1366.8,"Ramie, raw or retted","no"
NA,"World","Forage products; fibre crops; plants used in perfumery, pharmacy, or for insecticidal, fungicidal or similar purposes; beet, forage plant and flower seeds; natural rubber; living plants, cut flowers and flower buds; unmanufactured tobacco; other raw vegetable materials","Yield","kg/ha",1994,1401.8,"Ramie, raw or retted","no"
NA,"World","Forage products; fibre crops; plants used in perfumery, pharmacy, or for insecticidal, fungicidal or similar purposes; beet, forage plant and flower seeds; natural rubber; living plants, cut flowers and flower buds; unmanufactured tobacco; other raw vegetable materials","Yield","kg/ha",1995,1512.6,"Ramie, raw or retted","no"
NA,"World","Forage products; fibre crops; plants used in perfumery, pharmacy, or for insecticidal, fungicidal or similar purposes; beet, forage plant and flower seeds; natural rubber; living plants, cut flowers and flower buds; unmanufactured tobacco; other raw vegetable materials","Yield","kg/ha",1996,1531.4,"Ramie, raw or retted","no"
NA,"World","Forage products; fibre crops; plants used in perfumery, pharmacy, or for insecticidal, fungicidal or similar purposes; beet, forage plant and flower seeds; natural rubber; living plants, cut flowers and flower buds; unmanufactured tobacco; other raw vegetable materials","Yield","kg/ha",1997,1644.1,"Ramie, raw or retted","no"
NA,"World","Forage products; fibre crops; plants used in perfumery, pharmacy, or for insecticidal, fungicidal or similar purposes; beet, forage plant and flower seeds; natural rubber; living plants, cut flowers and flower buds; unmanufactured tobacco; other raw vegetable materials","Yield","kg/ha",1998,1585.8,"Ramie, raw or retted","no"
NA,"World","Forage products; fibre crops; plants used in perfumery, pharmacy, or for insecticidal, fungicidal or similar purposes; beet, forage plant and flower seeds; natural rubber; living plants, cut flowers and flower buds; unmanufactured tobacco; other raw vegetable materials","Yield","kg/ha",1999,1631.9,"Ramie, raw or retted","no"
NA,"World","Forage products; fibre crops; plants used in perfumery, pharmacy, or for insecticidal, fungicidal or similar purposes; beet, forage plant and flower seeds; natural rubber; living plants, cut flowers and flower buds; unmanufactured tobacco; other raw vegetable materials","Yield","kg/ha",2000,1693.5,"Ramie, raw or retted","no"
NA,"World","Forage products; fibre crops; plants used in perfumery, pharmacy, or for insecticidal, fungicidal or similar purposes; beet, forage plant and flower seeds; natural rubber; living plants, cut flowers and flower buds; unmanufactured tobacco; other raw vegetable materials","Yield","kg/ha",2001,1738,"Ramie, raw or retted","no"
NA,"World","Forage products; fibre crops; plants used in perfumery, pharmacy, or for insecticidal, fungicidal or similar purposes; beet, forage plant and flower seeds; natural rubber; living plants, cut flowers and flower buds; unmanufactured tobacco; other raw vegetable materials","Yield","kg/ha",2002,1913.7,"Ramie, raw or retted","no"
NA,"World","Forage products; fibre crops; plants used in perfumery, pharmacy, or for insecticidal, fungicidal or similar purposes; beet, forage plant and flower seeds; natural rubber; living plants, cut flowers and flower buds; unmanufactured tobacco; other raw vegetable materials","Yield","kg/ha",2003,1925.2,"Ramie, raw or retted","no"
NA,"World","Forage products; fibre crops; plants used in perfumery, pharmacy, or for insecticidal, fungicidal or similar purposes; beet, forage plant and flower seeds; natural rubber; living plants, cut flowers and flower buds; unmanufactured tobacco; other raw vegetable materials","Yield","kg/ha",2004,2028.1,"Ramie, raw or retted","no"
NA,"World","Forage products; fibre crops; plants used in perfumery, pharmacy, or for insecticidal, fungicidal or similar purposes; beet, forage plant and flower seeds; natural rubber; living plants, cut flowers and flower buds; unmanufactured tobacco; other raw vegetable materials","Yield","kg/ha",2005,2099.9,"Ramie, raw or retted","no"
NA,"World","Forage products; fibre crops; plants used in perfumery, pharmacy, or for insecticidal, fungicidal or similar purposes; beet, forage plant and flower seeds; natural rubber; living plants, cut flowers and flower buds; unmanufactured tobacco; other raw vegetable materials","Yield","kg/ha",2006,2032.8,"Ramie, raw or retted","no"
NA,"World","Forage products; fibre crops; plants used in perfumery, pharmacy, or for insecticidal, fungicidal or similar purposes; beet, forage plant and flower seeds; natural rubber; living plants, cut flowers and flower buds; unmanufactured tobacco; other raw vegetable materials","Yield","kg/ha",2007,2045.7,"Ramie, raw or retted","no"
NA,"World","Forage products; fibre crops; plants used in perfumery, pharmacy, or for insecticidal, fungicidal or similar purposes; beet, forage plant and flower seeds; natural rubber; living plants, cut flowers and flower buds; unmanufactured tobacco; other raw vegetable materials","Yield","kg/ha",2008,1991.7,"Ramie, raw or retted","no"
NA,"World","Forage products; fibre crops; plants used in perfumery, pharmacy, or for insecticidal, fungicidal or similar purposes; beet, forage plant and flower seeds; natural rubber; living plants, cut flowers and flower buds; unmanufactured tobacco; other raw vegetable materials","Yield","kg/ha",2009,1935.8,"Ramie, raw or retted","no"
NA,"World","Forage products; fibre crops; plants used in perfumery, pharmacy, or for insecticidal, fungicidal or similar purposes; beet, forage plant and flower seeds; natural rubber; living plants, cut flowers and flower buds; unmanufactured tobacco; other raw vegetable materials","Yield","kg/ha",2010,1948.1,"Ramie, raw or retted","no"
NA,"World","Forage products; fibre crops; plants used in perfumery, pharmacy, or for insecticidal, fungicidal or similar purposes; beet, forage plant and flower seeds; natural rubber; living plants, cut flowers and flower buds; unmanufactured tobacco; other raw vegetable materials","Yield","kg/ha",2011,1900,"Ramie, raw or retted","no"
NA,"World","Forage products; fibre crops; plants used in perfumery, pharmacy, or for insecticidal, fungicidal or similar purposes; beet, forage plant and flower seeds; natural rubber; living plants, cut flowers and flower buds; unmanufactured tobacco; other raw vegetable materials","Yield","kg/ha",2012,1906,"Ramie, raw or retted","no"
NA,"World","Forage products; fibre crops; plants used in perfumery, pharmacy, or for insecticidal, fungicidal or similar purposes; beet, forage plant and flower seeds; natural rubber; living plants, cut flowers and flower buds; unmanufactured tobacco; other raw vegetable materials","Yield","kg/ha",2013,1930.2,"Ramie, raw or retted","no"
NA,"World","Forage products; fibre crops; plants used in perfumery, pharmacy, or for insecticidal, fungicidal or similar purposes; beet, forage plant and flower seeds; natural rubber; living plants, cut flowers and flower buds; unmanufactured tobacco; other raw vegetable materials","Yield","kg/ha",2014,1966.7,"Ramie, raw or retted","no"
NA,"World","Forage products; fibre crops; plants used in perfumery, pharmacy, or for insecticidal, fungicidal or similar purposes; beet, forage plant and flower seeds; natural rubber; living plants, cut flowers and flower buds; unmanufactured tobacco; other raw vegetable materials","Yield","kg/ha",2015,1967.8,"Ramie, raw or retted","no"
NA,"World","Forage products; fibre crops; plants used in perfumery, pharmacy, or for insecticidal, fungicidal or similar purposes; beet, forage plant and flower seeds; natural rubber; living plants, cut flowers and flower buds; unmanufactured tobacco; other raw vegetable materials","Yield","kg/ha",2016,1915.4,"Ramie, raw or retted","no"
NA,"World","Forage products; fibre crops; plants used in perfumery, pharmacy, or for insecticidal, fungicidal or similar purposes; beet, forage plant and flower seeds; natural rubber; living plants, cut flowers and flower buds; unmanufactured tobacco; other raw vegetable materials","Yield","kg/ha",2017,1920.2,"Ramie, raw or retted","no"
NA,"World","Forage products; fibre crops; plants used in perfumery, pharmacy, or for insecticidal, fungicidal or similar purposes; beet, forage plant and flower seeds; natural rubber; living plants, cut flowers and flower buds; unmanufactured tobacco; other raw vegetable materials","Yield","kg/ha",2018,1938,"Ramie, raw or retted","no"
NA,"World","Forage products; fibre crops; plants used in perfumery, pharmacy, or for insecticidal, fungicidal or similar purposes; beet, forage plant and flower seeds; natural rubber; living plants, cut flowers and flower buds; unmanufactured tobacco; other raw vegetable materials","Yield","kg/ha",2019,1922.1,"Ramie, raw or retted","no"
NA,"World","Forage products; fibre crops; plants used in perfumery, pharmacy, or for insecticidal, fungicidal or similar purposes; beet, forage plant and flower seeds; natural rubber; living plants, cut flowers and flower buds; unmanufactured tobacco; other raw vegetable materials","Yield","kg/ha",2020,1912.9,"Ramie, raw or retted","no"
NA,"World","Forage products; fibre crops; plants used in perfumery, pharmacy, or for insecticidal, fungicidal or similar purposes; beet, forage plant and flower seeds; natural rubber; living plants, cut flowers and flower buds; unmanufactured tobacco; other raw vegetable materials","Yield","kg/ha",2021,2168.5,"Ramie, raw or retted","no"
NA,"World","Forage products; fibre crops; plants used in perfumery, pharmacy, or for insecticidal, fungicidal or similar purposes; beet, forage plant and flower seeds; natural rubber; living plants, cut flowers and flower buds; unmanufactured tobacco; other raw vegetable materials","Yield","kg/ha",2022,2181.9,"Ramie, raw or retted","no"
NA,"World","Forage products; fibre crops; plants used in perfumery, pharmacy, or for insecticidal, fungicidal or similar purposes; beet, forage plant and flower seeds; natural rubber; living plants, cut flowers and flower buds; unmanufactured tobacco; other raw vegetable materials","Yield","kg/ha",2023,2170.7,"Ramie, raw or retted","no"
NA,"World","Forage products; fibre crops; plants used in perfumery, pharmacy, or for insecticidal, fungicidal or similar purposes; beet, forage plant and flower seeds; natural rubber; living plants, cut flowers and flower buds; unmanufactured tobacco; other raw vegetable materials","Production","t",1992,70218,"Ramie, raw or retted","no"
NA,"World","Forage products; fibre crops; plants used in perfumery, pharmacy, or for insecticidal, fungicidal or similar purposes; beet, forage plant and flower seeds; natural rubber; living plants, cut flowers and flower buds; unmanufactured tobacco; other raw vegetable materials","Production","t",1993,76197.28,"Ramie, raw or retted","no"
NA,"World","Forage products; fibre crops; plants used in perfumery, pharmacy, or for insecticidal, fungicidal or similar purposes; beet, forage plant and flower seeds; natural rubber; living plants, cut flowers and flower buds; unmanufactured tobacco; other raw vegetable materials","Production","t",1994,121894.8,"Ramie, raw or retted","no"
NA,"World","Forage products; fibre crops; plants used in perfumery, pharmacy, or for insecticidal, fungicidal or similar purposes; beet, forage plant and flower seeds; natural rubber; living plants, cut flowers and flower buds; unmanufactured tobacco; other raw vegetable materials","Production","t",1995,152000.12,"Ramie, raw or retted","no"
NA,"World","Forage products; fibre crops; plants used in perfumery, pharmacy, or for insecticidal, fungicidal or similar purposes; beet, forage plant and flower seeds; natural rubber; living plants, cut flowers and flower buds; unmanufactured tobacco; other raw vegetable materials","Production","t",1996,146650,"Ramie, raw or retted","no"
NA,"World","Forage products; fibre crops; plants used in perfumery, pharmacy, or for insecticidal, fungicidal or similar purposes; beet, forage plant and flower seeds; natural rubber; living plants, cut flowers and flower buds; unmanufactured tobacco; other raw vegetable materials","Production","t",1997,141627.13,"Ramie, raw or retted","no"
NA,"World","Forage products; fibre crops; plants used in perfumery, pharmacy, or for insecticidal, fungicidal or similar purposes; beet, forage plant and flower seeds; natural rubber; living plants, cut flowers and flower buds; unmanufactured tobacco; other raw vegetable materials","Production","t",1998,125374,"Ramie, raw or retted","no"
NA,"World","Forage products; fibre crops; plants used in perfumery, pharmacy, or for insecticidal, fungicidal or similar purposes; beet, forage plant and flower seeds; natural rubber; living plants, cut flowers and flower buds; unmanufactured tobacco; other raw vegetable materials","Production","t",1999,122500.81,"Ramie, raw or retted","no"
NA,"World","Forage products; fibre crops; plants used in perfumery, pharmacy, or for insecticidal, fungicidal or similar purposes; beet, forage plant and flower seeds; natural rubber; living plants, cut flowers and flower buds; unmanufactured tobacco; other raw vegetable materials","Production","t",2000,163530.73,"Ramie, raw or retted","no"
NA,"World","Forage products; fibre crops; plants used in perfumery, pharmacy, or for insecticidal, fungicidal or similar purposes; beet, forage plant and flower seeds; natural rubber; living plants, cut flowers and flower buds; unmanufactured tobacco; other raw vegetable materials","Production","t",2001,199541,"Ramie, raw or retted","no"
NA,"World","Forage products; fibre crops; plants used in perfumery, pharmacy, or for insecticidal, fungicidal or similar purposes; beet, forage plant and flower seeds; natural rubber; living plants, cut flowers and flower buds; unmanufactured tobacco; other raw vegetable materials","Production","t",2002,241680.38,"Ramie, raw or retted","no"
NA,"World","Forage products; fibre crops; plants used in perfumery, pharmacy, or for insecticidal, fungicidal or similar purposes; beet, forage plant and flower seeds; natural rubber; living plants, cut flowers and flower buds; unmanufactured tobacco; other raw vegetable materials","Production","t",2003,248328.41,"Ramie, raw or retted","no"
NA,"World","Forage products; fibre crops; plants used in perfumery, pharmacy, or for insecticidal, fungicidal or similar purposes; beet, forage plant and flower seeds; natural rubber; living plants, cut flowers and flower buds; unmanufactured tobacco; other raw vegetable materials","Production","t",2004,258087.53,"Ramie, raw or retted","no"
NA,"World","Forage products; fibre crops; plants used in perfumery, pharmacy, or for insecticidal, fungicidal or similar purposes; beet, forage plant and flower seeds; natural rubber; living plants, cut flowers and flower buds; unmanufactured tobacco; other raw vegetable materials","Production","t",2005,280189.34,"Ramie, raw or retted","no"
NA,"World","Forage products; fibre crops; plants used in perfumery, pharmacy, or for insecticidal, fungicidal or similar purposes; beet, forage plant and flower seeds; natural rubber; living plants, cut flowers and flower buds; unmanufactured tobacco; other raw vegetable materials","Production","t",2006,290619.15,"Ramie, raw or retted","no"
NA,"World","Forage products; fibre crops; plants used in perfumery, pharmacy, or for insecticidal, fungicidal or similar purposes; beet, forage plant and flower seeds; natural rubber; living plants, cut flowers and flower buds; unmanufactured tobacco; other raw vegetable materials","Production","t",2007,294479.2,"Ramie, raw or retted","no"
NA,"World","Forage products; fibre crops; plants used in perfumery, pharmacy, or for insecticidal, fungicidal or similar purposes; beet, forage plant and flower seeds; natural rubber; living plants, cut flowers and flower buds; unmanufactured tobacco; other raw vegetable materials","Production","t",2008,253768.13,"Ramie, raw or retted","no"
NA,"World","Forage products; fibre crops; plants used in perfumery, pharmacy, or for insecticidal, fungicidal or similar purposes; beet, forage plant and flower seeds; natural rubber; living plants, cut flowers and flower buds; unmanufactured tobacco; other raw vegetable materials","Production","t",2009,214545.28,"Ramie, raw or retted","no"
NA,"World","Forage products; fibre crops; plants used in perfumery, pharmacy, or for insecticidal, fungicidal or similar purposes; beet, forage plant and flower seeds; natural rubber; living plants, cut flowers and flower buds; unmanufactured tobacco; other raw vegetable materials","Production","t",2010,192521.26,"Ramie, raw or retted","no"
NA,"World","Forage products; fibre crops; plants used in perfumery, pharmacy, or for insecticidal, fungicidal or similar purposes; beet, forage plant and flower seeds; natural rubber; living plants, cut flowers and flower buds; unmanufactured tobacco; other raw vegetable materials","Production","t",2011,161768.39,"Ramie, raw or retted","no"
NA,"World","Forage products; fibre crops; plants used in perfumery, pharmacy, or for insecticidal, fungicidal or similar purposes; beet, forage plant and flower seeds; natural rubber; living plants, cut flowers and flower buds; unmanufactured tobacco; other raw vegetable materials","Production","t",2012,133289.12,"Ramie, raw or retted","no"
NA,"World","Forage products; fibre crops; plants used in perfumery, pharmacy, or for insecticidal, fungicidal or similar purposes; beet, forage plant and flower seeds; natural rubber; living plants, cut flowers and flower buds; unmanufactured tobacco; other raw vegetable materials","Production","t",2013,122758,"Ramie, raw or retted","no"
NA,"World","Forage products; fibre crops; plants used in perfumery, pharmacy, or for insecticidal, fungicidal or similar purposes; beet, forage plant and flower seeds; natural rubber; living plants, cut flowers and flower buds; unmanufactured tobacco; other raw vegetable materials","Production","t",2014,118597.96,"Ramie, raw or retted","no"
NA,"World","Forage products; fibre crops; plants used in perfumery, pharmacy, or for insecticidal, fungicidal or similar purposes; beet, forage plant and flower seeds; natural rubber; living plants, cut flowers and flower buds; unmanufactured tobacco; other raw vegetable materials","Production","t",2015,111202.68,"Ramie, raw or retted","no"
NA,"World","Forage products; fibre crops; plants used in perfumery, pharmacy, or for insecticidal, fungicidal or similar purposes; beet, forage plant and flower seeds; natural rubber; living plants, cut flowers and flower buds; unmanufactured tobacco; other raw vegetable materials","Production","t",2016,81325.44,"Ramie, raw or retted","no"
NA,"World","Forage products; fibre crops; plants used in perfumery, pharmacy, or for insecticidal, fungicidal or similar purposes; beet, forage plant and flower seeds; natural rubber; living plants, cut flowers and flower buds; unmanufactured tobacco; other raw vegetable materials","Production","t",2017,53490.91,"Ramie, raw or retted","no"
NA,"World","Forage products; fibre crops; plants used in perfumery, pharmacy, or for insecticidal, fungicidal or similar purposes; beet, forage plant and flower seeds; natural rubber; living plants, cut flowers and flower buds; unmanufactured tobacco; other raw vegetable materials","Production","t",2018,56562.17,"Ramie, raw or retted","no"
NA,"World","Forage products; fibre crops; plants used in perfumery, pharmacy, or for insecticidal, fungicidal or similar purposes; beet, forage plant and flower seeds; natural rubber; living plants, cut flowers and flower buds; unmanufactured tobacco; other raw vegetable materials","Production","t",2019,60612.21,"Ramie, raw or retted","no"
NA,"World","Forage products; fibre crops; plants used in perfumery, pharmacy, or for insecticidal, fungicidal or similar purposes; beet, forage plant and flower seeds; natural rubber; living plants, cut flowers and flower buds; unmanufactured tobacco; other raw vegetable materials","Production","t",2020,62265.97,"Ramie, raw or retted","no"
NA,"World","Forage products; fibre crops; plants used in perfumery, pharmacy, or for insecticidal, fungicidal or similar purposes; beet, forage plant and flower seeds; natural rubber; living plants, cut flowers and flower buds; unmanufactured tobacco; other raw vegetable materials","Production","t",2021,10123.49,"Ramie, raw or retted","no"
NA,"World","Forage products; fibre crops; plants used in perfumery, pharmacy, or for insecticidal, fungicidal or similar purposes; beet, forage plant and flower seeds; natural rubber; living plants, cut flowers and flower buds; unmanufactured tobacco; other raw vegetable materials","Production","t",2022,9452.21,"Ramie, raw or retted","no"
NA,"World","Forage products; fibre crops; plants used in perfumery, pharmacy, or for insecticidal, fungicidal or similar purposes; beet, forage plant and flower seeds; natural rubber; living plants, cut flowers and flower buds; unmanufactured tobacco; other raw vegetable materials","Production","t",2023,9437.48,"Ramie, raw or retted","no"
NA,"World","Oilseeds and oleaginous fruits","Area harvested","ha",1992,20249396,"Rape or colza seed","no"
NA,"World","Oilseeds and oleaginous fruits","Area harvested","ha",1993,19802941,"Rape or colza seed","no"
NA,"World","Oilseeds and oleaginous fruits","Area harvested","ha",1994,22544265,"Rape or colza seed","no"
NA,"World","Oilseeds and oleaginous fruits","Area harvested","ha",1995,23785776,"Rape or colza seed","no"
NA,"World","Oilseeds and oleaginous fruits","Area harvested","ha",1996,21629914,"Rape or colza seed","no"
NA,"World","Oilseeds and oleaginous fruits","Area harvested","ha",1997,23108425,"Rape or colza seed","no"
NA,"World","Oilseeds and oleaginous fruits","Area harvested","ha",1998,25292063,"Rape or colza seed","no"
NA,"World","Oilseeds and oleaginous fruits","Area harvested","ha",1999,26986787,"Rape or colza seed","no"
NA,"World","Oilseeds and oleaginous fruits","Area harvested","ha",2000,26315945,"Rape or colza seed","no"
NA,"World","Oilseeds and oleaginous fruits","Area harvested","ha",2001,22722617,"Rape or colza seed","no"
NA,"World","Oilseeds and oleaginous fruits","Area harvested","ha",2002,22985009,"Rape or colza seed","no"
NA,"World","Oilseeds and oleaginous fruits","Area harvested","ha",2003,23506606,"Rape or colza seed","no"
NA,"World","Oilseeds and oleaginous fruits","Area harvested","ha",2004,24998701,"Rape or colza seed","no"
NA,"World","Oilseeds and oleaginous fruits","Area harvested","ha",2005,27954515,"Rape or colza seed","no"
NA,"World","Oilseeds and oleaginous fruits","Area harvested","ha",2006,27211678,"Rape or colza seed","no"
NA,"World","Oilseeds and oleaginous fruits","Area harvested","ha",2007,29466607,"Rape or colza seed","no"
NA,"World","Oilseeds and oleaginous fruits","Area harvested","ha",2008,30092725,"Rape or colza seed","no"
NA,"World","Oilseeds and oleaginous fruits","Area harvested","ha",2009,31637591,"Rape or colza seed","no"
NA,"World","Oilseeds and oleaginous fruits","Area harvested","ha",2010,32104247,"Rape or colza seed","no"
NA,"World","Oilseeds and oleaginous fruits","Area harvested","ha",2011,33769657,"Rape or colza seed","no"
NA,"World","Oilseeds and oleaginous fruits","Area harvested","ha",2012,34717786,"Rape or colza seed","no"
NA,"World","Oilseeds and oleaginous fruits","Area harvested","ha",2013,36563559,"Rape or colza seed","no"
NA,"World","Oilseeds and oleaginous fruits","Area harvested","ha",2014,36460428,"Rape or colza seed","no"
NA,"World","Oilseeds and oleaginous fruits","Area harvested","ha",2015,34489986,"Rape or colza seed","no"
NA,"World","Oilseeds and oleaginous fruits","Area harvested","ha",2016,32867659,"Rape or colza seed","no"
NA,"World","Oilseeds and oleaginous fruits","Area harvested","ha",2017,35760540,"Rape or colza seed","no"
NA,"World","Oilseeds and oleaginous fruits","Area harvested","ha",2018,37001302,"Rape or colza seed","no"
NA,"World","Oilseeds and oleaginous fruits","Area harvested","ha",2019,34291101,"Rape or colza seed","no"
NA,"World","Oilseeds and oleaginous fruits","Area harvested","ha",2020,34809830,"Rape or colza seed","no"
NA,"World","Oilseeds and oleaginous fruits","Area harvested","ha",2021,36224511,"Rape or colza seed","no"
NA,"World","Oilseeds and oleaginous fruits","Area harvested","ha",2022,39714325,"Rape or colza seed","no"
NA,"World","Oilseeds and oleaginous fruits","Area harvested","ha",2023,43453593,"Rape or colza seed","no"
NA,"World","Oilseeds and oleaginous fruits","Yield","kg/ha",1992,1320.3,"Rape or colza seed","no"
NA,"World","Oilseeds and oleaginous fruits","Yield","kg/ha",1993,1317.9,"Rape or colza seed","no"
NA,"World","Oilseeds and oleaginous fruits","Yield","kg/ha",1994,1320.3,"Rape or colza seed","no"
NA,"World","Oilseeds and oleaginous fruits","Yield","kg/ha",1995,1422.6,"Rape or colza seed","no"
NA,"World","Oilseeds and oleaginous fruits","Yield","kg/ha",1996,1403.5,"Rape or colza seed","no"
NA,"World","Oilseeds and oleaginous fruits","Yield","kg/ha",1997,1502.5,"Rape or colza seed","no"
NA,"World","Oilseeds and oleaginous fruits","Yield","kg/ha",1998,1377.7,"Rape or colza seed","no"
NA,"World","Oilseeds and oleaginous fruits","Yield","kg/ha",1999,1571.4,"Rape or colza seed","no"
NA,"World","Oilseeds and oleaginous fruits","Yield","kg/ha",2000,1527.7,"Rape or colza seed","no"
NA,"World","Oilseeds and oleaginous fruits","Yield","kg/ha",2001,1583.2,"Rape or colza seed","no"
NA,"World","Oilseeds and oleaginous fruits","Yield","kg/ha",2002,1536.4,"Rape or colza seed","no"
NA,"World","Oilseeds and oleaginous fruits","Yield","kg/ha",2003,1526.2,"Rape or colza seed","no"
NA,"World","Oilseeds and oleaginous fruits","Yield","kg/ha",2004,1857.8,"Rape or colza seed","no"
NA,"World","Oilseeds and oleaginous fruits","Yield","kg/ha",2005,1784.7,"Rape or colza seed","no"
NA,"World","Oilseeds and oleaginous fruits","Yield","kg/ha",2006,1788.3,"Rape or colza seed","no"
NA,"World","Oilseeds and oleaginous fruits","Yield","kg/ha",2007,1716.3,"Rape or colza seed","no"
NA,"World","Oilseeds and oleaginous fruits","Yield","kg/ha",2008,1889.9,"Rape or colza seed","no"
NA,"World","Oilseeds and oleaginous fruits","Yield","kg/ha",2009,1966.3,"Rape or colza seed","no"
NA,"World","Oilseeds and oleaginous fruits","Yield","kg/ha",2010,1864.6,"Rape or colza seed","no"
NA,"World","Oilseeds and oleaginous fruits","Yield","kg/ha",2011,1858.7,"Rape or colza seed","no"
NA,"World","Oilseeds and oleaginous fruits","Yield","kg/ha",2012,1804.6,"Rape or colza seed","no"
NA,"World","Oilseeds and oleaginous fruits","Yield","kg/ha",2013,2001.2,"Rape or colza seed","no"
NA,"World","Oilseeds and oleaginous fruits","Yield","kg/ha",2014,2043.5,"Rape or colza seed","no"
NA,"World","Oilseeds and oleaginous fruits","Yield","kg/ha",2015,2037.6,"Rape or colza seed","no"
NA,"World","Oilseeds and oleaginous fruits","Yield","kg/ha",2016,2076.3,"Rape or colza seed","no"
NA,"World","Oilseeds and oleaginous fruits","Yield","kg/ha",2017,2141.3,"Rape or colza seed","no"
NA,"World","Oilseeds and oleaginous fruits","Yield","kg/ha",2018,2042.2,"Rape or colza seed","no"
NA,"World","Oilseeds and oleaginous fruits","Yield","kg/ha",2019,2094.7,"Rape or colza seed","no"
NA,"World","Oilseeds and oleaginous fruits","Yield","kg/ha",2020,2079.2,"Rape or colza seed","no"
NA,"World","Oilseeds and oleaginous fruits","Yield","kg/ha",2021,1984.4,"Rape or colza seed","no"
NA,"World","Oilseeds and oleaginous fruits","Yield","kg/ha",2022,2187.9,"Rape or colza seed","no"
NA,"World","Oilseeds and oleaginous fruits","Yield","kg/ha",2023,2114.4,"Rape or colza seed","no"
NA,"World","Oilseeds and oleaginous fruits","Production","t",1992,26734973.6,"Rape or colza seed","no"
NA,"World","Oilseeds and oleaginous fruits","Production","t",1993,26097332.5,"Rape or colza seed","no"
NA,"World","Oilseeds and oleaginous fruits","Production","t",1994,29765811.85,"Rape or colza seed","no"
NA,"World","Oilseeds and oleaginous fruits","Production","t",1995,33837926.79,"Rape or colza seed","no"
NA,"World","Oilseeds and oleaginous fruits","Production","t",1996,30356660.3,"Rape or colza seed","no"
NA,"World","Oilseeds and oleaginous fruits","Production","t",1997,34720760.43,"Rape or colza seed","no"
NA,"World","Oilseeds and oleaginous fruits","Production","t",1998,34845013.9,"Rape or colza seed","no"
NA,"World","Oilseeds and oleaginous fruits","Production","t",1999,42407872.4,"Rape or colza seed","no"
NA,"World","Oilseeds and oleaginous fruits","Production","t",2000,40203373.49,"Rape or colza seed","no"
NA,"World","Oilseeds and oleaginous fruits","Production","t",2001,35975313.39,"Rape or colza seed","no"
NA,"World","Oilseeds and oleaginous fruits","Production","t",2002,35313587.96,"Rape or colza seed","no"
NA,"World","Oilseeds and oleaginous fruits","Production","t",2003,35874687.01,"Rape or colza seed","no"
NA,"World","Oilseeds and oleaginous fruits","Production","t",2004,46441490.57,"Rape or colza seed","no"
NA,"World","Oilseeds and oleaginous fruits","Production","t",2005,49889678.64,"Rape or colza seed","no"
NA,"World","Oilseeds and oleaginous fruits","Production","t",2006,48661372.99,"Rape or colza seed","no"
NA,"World","Oilseeds and oleaginous fruits","Production","t",2007,50573120.26,"Rape or colza seed","no"
NA,"World","Oilseeds and oleaginous fruits","Production","t",2008,56873222.99,"Rape or colza seed","no"
NA,"World","Oilseeds and oleaginous fruits","Production","t",2009,62208711.33,"Rape or colza seed","no"
NA,"World","Oilseeds and oleaginous fruits","Production","t",2010,59861338.81,"Rape or colza seed","no"
NA,"World","Oilseeds and oleaginous fruits","Production","t",2011,62768651.46,"Rape or colza seed","no"
NA,"World","Oilseeds and oleaginous fruits","Production","t",2012,62650614,"Rape or colza seed","no"
NA,"World","Oilseeds and oleaginous fruits","Production","t",2013,73170185.92,"Rape or colza seed","no"
NA,"World","Oilseeds and oleaginous fruits","Production","t",2014,74508613.47,"Rape or colza seed","no"
NA,"World","Oilseeds and oleaginous fruits","Production","t",2015,70278169.17,"Rape or colza seed","no"
NA,"World","Oilseeds and oleaginous fruits","Production","t",2016,68242263.64,"Rape or colza seed","no"
NA,"World","Oilseeds and oleaginous fruits","Production","t",2017,76574580.8,"Rape or colza seed","no"
NA,"World","Oilseeds and oleaginous fruits","Production","t",2018,75564165.64,"Rape or colza seed","no"
NA,"World","Oilseeds and oleaginous fruits","Production","t",2019,71828385.11,"Rape or colza seed","no"
NA,"World","Oilseeds and oleaginous fruits","Production","t",2020,72377308.76,"Rape or colza seed","no"
NA,"World","Oilseeds and oleaginous fruits","Production","t",2021,71882845.45,"Rape or colza seed","no"
NA,"World","Oilseeds and oleaginous fruits","Production","t",2022,86892784.03,"Rape or colza seed","no"
NA,"World","Oilseeds and oleaginous fruits","Production","t",2023,91876424.1,"Rape or colza seed","no"
NA,"World","Vegetable oils","Production","t",1992,9199867.06,"Rapeseed or canola oil, crude","no"
NA,"World","Vegetable oils","Production","t",1993,8977333.27,"Rapeseed or canola oil, crude","no"
NA,"World","Vegetable oils","Production","t",1994,9858258.04,"Rapeseed or canola oil, crude","no"
NA,"World","Vegetable oils","Production","t",1995,10706576.52,"Rapeseed or canola oil, crude","no"
NA,"World","Vegetable oils","Production","t",1996,10970246.69,"Rapeseed or canola oil, crude","no"
NA,"World","Vegetable oils","Production","t",1997,11690730.94,"Rapeseed or canola oil, crude","no"
NA,"World","Vegetable oils","Production","t",1998,11540511.15,"Rapeseed or canola oil, crude","no"
NA,"World","Vegetable oils","Production","t",1999,12829088.85,"Rapeseed or canola oil, crude","no"
NA,"World","Vegetable oils","Production","t",2000,13501533.13,"Rapeseed or canola oil, crude","no"
NA,"World","Vegetable oils","Production","t",2001,12500086.13,"Rapeseed or canola oil, crude","no"
NA,"World","Vegetable oils","Production","t",2002,13103098.68,"Rapeseed or canola oil, crude","no"
NA,"World","Vegetable oils","Production","t",2003,12451021.52,"Rapeseed or canola oil, crude","no"
NA,"World","Vegetable oils","Production","t",2004,15021900.56,"Rapeseed or canola oil, crude","no"
NA,"World","Vegetable oils","Production","t",2005,16762316.16,"Rapeseed or canola oil, crude","no"
NA,"World","Vegetable oils","Production","t",2006,18093699.97,"Rapeseed or canola oil, crude","no"
NA,"World","Vegetable oils","Production","t",2007,17991642.93,"Rapeseed or canola oil, crude","no"
NA,"World","Vegetable oils","Production","t",2008,19254973.92,"Rapeseed or canola oil, crude","no"
NA,"World","Vegetable oils","Production","t",2009,21375493.07,"Rapeseed or canola oil, crude","no"
NA,"World","Vegetable oils","Production","t",2010,22876923.85,"Rapeseed or canola oil, crude","no"
NA,"World","Vegetable oils","Production","t",2011,23266630.99,"Rapeseed or canola oil, crude","no"
NA,"World","Vegetable oils","Production","t",2012,24086681.16,"Rapeseed or canola oil, crude","no"
NA,"World","Vegetable oils","Production","t",2013,23621378.37,"Rapeseed or canola oil, crude","no"
NA,"World","Vegetable oils","Production","t",2014,26304587.08,"Rapeseed or canola oil, crude","no"
NA,"World","Vegetable oils","Production","t",2015,26161476.15,"Rapeseed or canola oil, crude","no"
NA,"World","Vegetable oils","Production","t",2016,24491573.12,"Rapeseed or canola oil, crude","no"
NA,"World","Vegetable oils","Production","t",2017,24303426.18,"Rapeseed or canola oil, crude","no"
NA,"World","Vegetable oils","Production","t",2018,24748739.3,"Rapeseed or canola oil, crude","no"
NA,"World","Vegetable oils","Production","t",2019,24799284.06,"Rapeseed or canola oil, crude","no"
NA,"World","Vegetable oils","Production","t",2020,25187222.16,"Rapeseed or canola oil, crude","no"
NA,"World","Vegetable oils","Production","t",2021,26591862.22,"Rapeseed or canola oil, crude","no"
NA,"World","Vegetable oils","Production","t",2022,26690989.49,"Rapeseed or canola oil, crude","no"
NA,"World","Vegetable oils","Production","t",2023,NA,"Rapeseed or canola oil, crude","no"
NA,"World","Fruits and nuts","Area harvested","ha",1992,70045,"Raspberries","no"
NA,"World","Fruits and nuts","Area harvested","ha",1993,69344,"Raspberries","no"
NA,"World","Fruits and nuts","Area harvested","ha",1994,67276,"Raspberries","no"
NA,"World","Fruits and nuts","Area harvested","ha",1995,70355,"Raspberries","no"
NA,"World","Fruits and nuts","Area harvested","ha",1996,72401,"Raspberries","no"
NA,"World","Fruits and nuts","Area harvested","ha",1997,71716,"Raspberries","no"
NA,"World","Fruits and nuts","Area harvested","ha",1998,74591,"Raspberries","no"
NA,"World","Fruits and nuts","Area harvested","ha",1999,80342,"Raspberries","no"
NA,"World","Fruits and nuts","Area harvested","ha",2000,83395,"Raspberries","no"
NA,"World","Fruits and nuts","Area harvested","ha",2001,92453,"Raspberries","no"
NA,"World","Fruits and nuts","Area harvested","ha",2002,97366,"Raspberries","no"
NA,"World","Fruits and nuts","Area harvested","ha",2003,97737,"Raspberries","no"
NA,"World","Fruits and nuts","Area harvested","ha",2004,97714,"Raspberries","no"
NA,"World","Fruits and nuts","Area harvested","ha",2005,100531,"Raspberries","no"
NA,"World","Fruits and nuts","Area harvested","ha",2006,102897,"Raspberries","no"
NA,"World","Fruits and nuts","Area harvested","ha",2007,106041,"Raspberries","no"
NA,"World","Fruits and nuts","Area harvested","ha",2008,98645,"Raspberries","no"
NA,"World","Fruits and nuts","Area harvested","ha",2009,98099,"Raspberries","no"
NA,"World","Fruits and nuts","Area harvested","ha",2010,107127,"Raspberries","no"
NA,"World","Fruits and nuts","Area harvested","ha",2011,107958,"Raspberries","no"
NA,"World","Fruits and nuts","Area harvested","ha",2012,103525,"Raspberries","no"
NA,"World","Fruits and nuts","Area harvested","ha",2013,93995,"Raspberries","no"
NA,"World","Fruits and nuts","Area harvested","ha",2014,94636,"Raspberries","no"
NA,"World","Fruits and nuts","Area harvested","ha",2015,103078,"Raspberries","no"
NA,"World","Fruits and nuts","Area harvested","ha",2016,116399,"Raspberries","no"
NA,"World","Fruits and nuts","Area harvested","ha",2017,120079,"Raspberries","no"
NA,"World","Fruits and nuts","Area harvested","ha",2018,128656,"Raspberries","no"
NA,"World","Fruits and nuts","Area harvested","ha",2019,132430,"Raspberries","no"
NA,"World","Fruits and nuts","Area harvested","ha",2020,124333,"Raspberries","no"
NA,"World","Fruits and nuts","Area harvested","ha",2021,118286,"Raspberries","no"
NA,"World","Fruits and nuts","Area harvested","ha",2022,120594,"Raspberries","no"
NA,"World","Fruits and nuts","Area harvested","ha",2023,121056,"Raspberries","no"
NA,"World","Fruits and nuts","Yield","kg/ha",1992,4786.7,"Raspberries","no"
NA,"World","Fruits and nuts","Yield","kg/ha",1993,4740.2,"Raspberries","no"
NA,"World","Fruits and nuts","Yield","kg/ha",1994,4980.6,"Raspberries","no"
NA,"World","Fruits and nuts","Yield","kg/ha",1995,4857.8,"Raspberries","no"
NA,"World","Fruits and nuts","Yield","kg/ha",1996,4748.1,"Raspberries","no"
NA,"World","Fruits and nuts","Yield","kg/ha",1997,4817.2,"Raspberries","no"
NA,"World","Fruits and nuts","Yield","kg/ha",1998,5055.9,"Raspberries","no"
NA,"World","Fruits and nuts","Yield","kg/ha",1999,5185.2,"Raspberries","no"
NA,"World","Fruits and nuts","Yield","kg/ha",2000,5066.7,"Raspberries","no"
NA,"World","Fruits and nuts","Yield","kg/ha",2001,4870.9,"Raspberries","no"
NA,"World","Fruits and nuts","Yield","kg/ha",2002,5057.3,"Raspberries","no"
NA,"World","Fruits and nuts","Yield","kg/ha",2003,4762.2,"Raspberries","no"
NA,"World","Fruits and nuts","Yield","kg/ha",2004,5473,"Raspberries","no"
NA,"World","Fruits and nuts","Yield","kg/ha",2005,5352.3,"Raspberries","no"
NA,"World","Fruits and nuts","Yield","kg/ha",2006,5221.5,"Raspberries","no"
NA,"World","Fruits and nuts","Yield","kg/ha",2007,4912.5,"Raspberries","no"
NA,"World","Fruits and nuts","Yield","kg/ha",2008,5356.2,"Raspberries","no"
NA,"World","Fruits and nuts","Yield","kg/ha",2009,5749.5,"Raspberries","no"
NA,"World","Fruits and nuts","Yield","kg/ha",2010,4933.1,"Raspberries","no"
NA,"World","Fruits and nuts","Yield","kg/ha",2011,5620.1,"Raspberries","no"
NA,"World","Fruits and nuts","Yield","kg/ha",2012,5578.8,"Raspberries","no"
NA,"World","Fruits and nuts","Yield","kg/ha",2013,6356.8,"Raspberries","no"
NA,"World","Fruits and nuts","Yield","kg/ha",2014,6752.4,"Raspberries","no"
NA,"World","Fruits and nuts","Yield","kg/ha",2015,6659.7,"Raspberries","no"
NA,"World","Fruits and nuts","Yield","kg/ha",2016,7208.4,"Raspberries","no"
NA,"World","Fruits and nuts","Yield","kg/ha",2017,6814.8,"Raspberries","no"
NA,"World","Fruits and nuts","Yield","kg/ha",2018,6993.4,"Raspberries","no"
NA,"World","Fruits and nuts","Yield","kg/ha",2019,6628.7,"Raspberries","no"
NA,"World","Fruits and nuts","Yield","kg/ha",2020,7517.7,"Raspberries","no"
NA,"World","Fruits and nuts","Yield","kg/ha",2021,7787.1,"Raspberries","no"
NA,"World","Fruits and nuts","Yield","kg/ha",2022,7958.8,"Raspberries","no"
NA,"World","Fruits and nuts","Yield","kg/ha",2023,7773.1,"Raspberries","no"
NA,"World","Fruits and nuts","Production","t",1992,335287.06,"Raspberries","no"
NA,"World","Fruits and nuts","Production","t",1993,328705.25,"Raspberries","no"
NA,"World","Fruits and nuts","Production","t",1994,335075.12,"Raspberries","no"
NA,"World","Fruits and nuts","Production","t",1995,341773.35,"Raspberries","no"
NA,"World","Fruits and nuts","Production","t",1996,343767.26,"Raspberries","no"
NA,"World","Fruits and nuts","Production","t",1997,345472.31,"Raspberries","no"
NA,"World","Fruits and nuts","Production","t",1998,377124.11,"Raspberries","no"
NA,"World","Fruits and nuts","Production","t",1999,416583.49,"Raspberries","no"
NA,"World","Fruits and nuts","Production","t",2000,422536.56,"Raspberries","no"
NA,"World","Fruits and nuts","Production","t",2001,450333.23,"Raspberries","no"
NA,"World","Fruits and nuts","Production","t",2002,492411.11,"Raspberries","no"
NA,"World","Fruits and nuts","Production","t",2003,465447.46,"Raspberries","no"
NA,"World","Fruits and nuts","Production","t",2004,534792.05,"Raspberries","no"
NA,"World","Fruits and nuts","Production","t",2005,538072.23,"Raspberries","no"
NA,"World","Fruits and nuts","Production","t",2006,537277.98,"Raspberries","no"
NA,"World","Fruits and nuts","Production","t",2007,520927.51,"Raspberries","no"
NA,"World","Fruits and nuts","Production","t",2008,528362.13,"Raspberries","no"
NA,"World","Fruits and nuts","Production","t",2009,564022.19,"Raspberries","no"
NA,"World","Fruits and nuts","Production","t",2010,528469.51,"Raspberries","no"
NA,"World","Fruits and nuts","Production","t",2011,606734.95,"Raspberries","no"
NA,"World","Fruits and nuts","Production","t",2012,577551.27,"Raspberries","no"
NA,"World","Fruits and nuts","Production","t",2013,597504.29,"Raspberries","no"
NA,"World","Fruits and nuts","Production","t",2014,639022.26,"Raspberries","no"
NA,"World","Fruits and nuts","Production","t",2015,686471.64,"Raspberries","no"
NA,"World","Fruits and nuts","Production","t",2016,839046.4,"Raspberries","no"
NA,"World","Fruits and nuts","Production","t",2017,818311.6,"Raspberries","no"
NA,"World","Fruits and nuts","Production","t",2018,899742.45,"Raspberries","no"
NA,"World","Fruits and nuts","Production","t",2019,877834.87,"Raspberries","no"
NA,"World","Fruits and nuts","Production","t",2020,934700.27,"Raspberries","no"
NA,"World","Fruits and nuts","Production","t",2021,921105.83,"Raspberries","no"
NA,"World","Fruits and nuts","Production","t",2022,959776.75,"Raspberries","no"
NA,"World","Fruits and nuts","Production","t",2023,940979.29,"Raspberries","no"
NA,"World","Sugar and molasses","Production","t",1992,116527459,"Raw cane or beet sugar (centrifugal only)","no"
NA,"World","Sugar and molasses","Production","t",1993,109437359,"Raw cane or beet sugar (centrifugal only)","no"
NA,"World","Sugar and molasses","Production","t",1994,108468294,"Raw cane or beet sugar (centrifugal only)","no"
NA,"World","Sugar and molasses","Production","t",1995,119015850,"Raw cane or beet sugar (centrifugal only)","no"
NA,"World","Sugar and molasses","Production","t",1996,126322177,"Raw cane or beet sugar (centrifugal only)","no"
NA,"World","Sugar and molasses","Production","t",1997,127837652,"Raw cane or beet sugar (centrifugal only)","no"
NA,"World","Sugar and molasses","Production","t",1998,130225267,"Raw cane or beet sugar (centrifugal only)","no"
NA,"World","Sugar and molasses","Production","t",1999,134268308,"Raw cane or beet sugar (centrifugal only)","no"
NA,"World","Sugar and molasses","Production","t",2000,132551247,"Raw cane or beet sugar (centrifugal only)","no"
NA,"World","Sugar and molasses","Production","t",2001,133975745,"Raw cane or beet sugar (centrifugal only)","no"
NA,"World","Sugar and molasses","Production","t",2002,146864248,"Raw cane or beet sugar (centrifugal only)","no"
NA,"World","Sugar and molasses","Production","t",2003,149715623,"Raw cane or beet sugar (centrifugal only)","no"
NA,"World","Sugar and molasses","Production","t",2004,145950286,"Raw cane or beet sugar (centrifugal only)","no"
NA,"World","Sugar and molasses","Production","t",2005,141781397,"Raw cane or beet sugar (centrifugal only)","no"
NA,"World","Sugar and molasses","Production","t",2006,151579965,"Raw cane or beet sugar (centrifugal only)","no"
NA,"World","Sugar and molasses","Production","t",2007,164911921.56,"Raw cane or beet sugar (centrifugal only)","no"
NA,"World","Sugar and molasses","Production","t",2008,162784902.9,"Raw cane or beet sugar (centrifugal only)","no"
NA,"World","Sugar and molasses","Production","t",2009,148948976.1,"Raw cane or beet sugar (centrifugal only)","no"
NA,"World","Sugar and molasses","Production","t",2010,153780076.42,"Raw cane or beet sugar (centrifugal only)","no"
NA,"World","Sugar and molasses","Production","t",2011,169911300.48,"Raw cane or beet sugar (centrifugal only)","no"
NA,"World","Sugar and molasses","Production","t",2012,178419712.2,"Raw cane or beet sugar (centrifugal only)","no"
NA,"World","Sugar and molasses","Production","t",2013,179272961.42,"Raw cane or beet sugar (centrifugal only)","no"
NA,"World","Sugar and molasses","Production","t",2014,180214738.28,"Raw cane or beet sugar (centrifugal only)","no"
NA,"World","Sugar and molasses","Production","t",2015,174676731.75,"Raw cane or beet sugar (centrifugal only)","no"
NA,"World","Sugar and molasses","Production","t",2016,178479498.89,"Raw cane or beet sugar (centrifugal only)","no"
NA,"World","Sugar and molasses","Production","t",2017,178525085.26,"Raw cane or beet sugar (centrifugal only)","no"
NA,"World","Sugar and molasses","Production","t",2018,182135160.48,"Raw cane or beet sugar (centrifugal only)","no"
NA,"World","Sugar and molasses","Production","t",2019,176791085.77,"Raw cane or beet sugar (centrifugal only)","no"
NA,"World","Sugar and molasses","Production","t",2020,173089040.14,"Raw cane or beet sugar (centrifugal only)","no"
NA,"World","Sugar and molasses","Production","t",2021,175357422.34,"Raw cane or beet sugar (centrifugal only)","no"
NA,"World","Sugar and molasses","Production","t",2022,187626279.44,"Raw cane or beet sugar (centrifugal only)","no"
NA,"World","Sugar and molasses","Production","t",2023,NA,"Raw cane or beet sugar (centrifugal only)","no"
NA,"World","Other animal products","Production","t",1992,498569.78,"Raw hides and skins of buffaloes","no"
NA,"World","Other animal products","Production","t",1993,421669.47,"Raw hides and skins of buffaloes","no"
NA,"World","Other animal products","Production","t",1994,457345.1,"Raw hides and skins of buffaloes","no"
NA,"World","Other animal products","Production","t",1995,488333.19,"Raw hides and skins of buffaloes","no"
NA,"World","Other animal products","Production","t",1996,413249.97,"Raw hides and skins of buffaloes","no"
NA,"World","Other animal products","Production","t",1997,487126.93,"Raw hides and skins of buffaloes","no"
NA,"World","Other animal products","Production","t",1998,548287.48,"Raw hides and skins of buffaloes","no"
NA,"World","Other animal products","Production","t",1999,622364.71,"Raw hides and skins of buffaloes","no"
NA,"World","Other animal products","Production","t",2000,644527.43,"Raw hides and skins of buffaloes","no"
NA,"World","Other animal products","Production","t",2001,673789.31,"Raw hides and skins of buffaloes","no"
NA,"World","Other animal products","Production","t",2002,721632.11,"Raw hides and skins of buffaloes","no"
NA,"World","Other animal products","Production","t",2003,762003.76,"Raw hides and skins of buffaloes","no"
NA,"World","Other animal products","Production","t",2004,818776.8,"Raw hides and skins of buffaloes","no"
NA,"World","Other animal products","Production","t",2005,840306.58,"Raw hides and skins of buffaloes","no"
NA,"World","Other animal products","Production","t",2006,919257.31,"Raw hides and skins of buffaloes","no"
NA,"World","Other animal products","Production","t",2007,947274.44,"Raw hides and skins of buffaloes","no"
NA,"World","Other animal products","Production","t",2008,994327.97,"Raw hides and skins of buffaloes","no"
NA,"World","Other animal products","Production","t",2009,1057014.79,"Raw hides and skins of buffaloes","no"
NA,"World","Other animal products","Production","t",2010,1105532.02,"Raw hides and skins of buffaloes","no"
NA,"World","Other animal products","Production","t",2011,1147101.81,"Raw hides and skins of buffaloes","no"
NA,"World","Other animal products","Production","t",2012,1193271.67,"Raw hides and skins of buffaloes","no"
NA,"World","Other animal products","Production","t",2013,1259924.16,"Raw hides and skins of buffaloes","no"
NA,"World","Other animal products","Production","t",2014,1307864.54,"Raw hides and skins of buffaloes","no"
NA,"World","Other animal products","Production","t",2015,1333838.28,"Raw hides and skins of buffaloes","no"
NA,"World","Other animal products","Production","t",2016,1353251.25,"Raw hides and skins of buffaloes","no"
NA,"World","Other animal products","Production","t",2017,1374200.8,"Raw hides and skins of buffaloes","no"
NA,"World","Other animal products","Production","t",2018,1382449.35,"Raw hides and skins of buffaloes","no"
NA,"World","Other animal products","Production","t",2019,1384595.36,"Raw hides and skins of buffaloes","no"
NA,"World","Other animal products","Production","t",2020,1272765.38,"Raw hides and skins of buffaloes","no"
NA,"World","Other animal products","Production","t",2021,1383252.29,"Raw hides and skins of buffaloes","no"
NA,"World","Other animal products","Production","t",2022,1431476.82,"Raw hides and skins of buffaloes","no"
NA,"World","Other animal products","Production","t",2023,1458080,"Raw hides and skins of buffaloes","no"
NA,"World","Other animal products","Production","t",1992,6111837.61,"Raw hides and skins of cattle","no"
NA,"World","Other animal products","Production","t",1993,6059058,"Raw hides and skins of cattle","no"
NA,"World","Other animal products","Production","t",1994,6058572.91,"Raw hides and skins of cattle","no"
NA,"World","Other animal products","Production","t",1995,6152586.6,"Raw hides and skins of cattle","no"
NA,"World","Other animal products","Production","t",1996,6313906.8,"Raw hides and skins of cattle","no"
NA,"World","Other animal products","Production","t",1997,6511710.76,"Raw hides and skins of cattle","no"
NA,"World","Other animal products","Production","t",1998,6484332.97,"Raw hides and skins of cattle","no"
NA,"World","Other animal products","Production","t",1999,6688901.7,"Raw hides and skins of cattle","no"
NA,"World","Other animal products","Production","t",2000,6721513.16,"Raw hides and skins of cattle","no"
NA,"World","Other animal products","Production","t",2001,6664114.2,"Raw hides and skins of cattle","no"
NA,"World","Other animal products","Production","t",2002,6798983.84,"Raw hides and skins of cattle","no"
NA,"World","Other animal products","Production","t",2003,6916642.23,"Raw hides and skins of cattle","no"
NA,"World","Other animal products","Production","t",2004,7114740.59,"Raw hides and skins of cattle","no"
NA,"World","Other animal products","Production","t",2005,7189444.48,"Raw hides and skins of cattle","no"
NA,"World","Other animal products","Production","t",2006,7359974.41,"Raw hides and skins of cattle","no"
NA,"World","Other animal products","Production","t",2007,7589252.92,"Raw hides and skins of cattle","no"
NA,"World","Other animal products","Production","t",2008,7598952.02,"Raw hides and skins of cattle","no"
NA,"World","Other animal products","Production","t",2009,7676324.79,"Raw hides and skins of cattle","no"
NA,"World","Other animal products","Production","t",2010,7640812.53,"Raw hides and skins of cattle","no"
NA,"World","Other animal products","Production","t",2011,7599470.63,"Raw hides and skins of cattle","no"
NA,"World","Other animal products","Production","t",2012,7652365.26,"Raw hides and skins of cattle","no"
NA,"World","Other animal products","Production","t",2013,7779709.51,"Raw hides and skins of cattle","no"
NA,"World","Other animal products","Production","t",2014,7814661.19,"Raw hides and skins of cattle","no"
NA,"World","Other animal products","Production","t",2015,7804470.07,"Raw hides and skins of cattle","no"
NA,"World","Other animal products","Production","t",2016,7800832.29,"Raw hides and skins of cattle","no"
NA,"World","Other animal products","Production","t",2017,7976566.2,"Raw hides and skins of cattle","no"
NA,"World","Other animal products","Production","t",2018,8184072.76,"Raw hides and skins of cattle","no"
NA,"World","Other animal products","Production","t",2019,8337376.6,"Raw hides and skins of cattle","no"
NA,"World","Other animal products","Production","t",2020,8295735.94,"Raw hides and skins of cattle","no"
NA,"World","Other animal products","Production","t",2021,8367254.83,"Raw hides and skins of cattle","no"
NA,"World","Other animal products","Production","t",2022,8507536.19,"Raw hides and skins of cattle","no"
NA,"World","Other animal products","Production","t",2023,8674415.15,"Raw hides and skins of cattle","no"
NA,"World","Other animal products","Production","t",1992,551522.86,"Raw hides and skins of goats or kids","no"
NA,"World","Other animal products","Production","t",1993,573125.26,"Raw hides and skins of goats or kids","no"
NA,"World","Other animal products","Production","t",1994,597063.35,"Raw hides and skins of goats or kids","no"
NA,"World","Other animal products","Production","t",1995,648699.55,"Raw hides and skins of goats or kids","no"
NA,"World","Other animal products","Production","t",1996,615012.21,"Raw hides and skins of goats or kids","no"
NA,"World","Other animal products","Production","t",1997,652841.4,"Raw hides and skins of goats or kids","no"
NA,"World","Other animal products","Production","t",1998,699514.55,"Raw hides and skins of goats or kids","no"
NA,"World","Other animal products","Production","t",1999,740038.46,"Raw hides and skins of goats or kids","no"
NA,"World","Other animal products","Production","t",2000,763049,"Raw hides and skins of goats or kids","no"
NA,"World","Other animal products","Production","t",2001,814211.77,"Raw hides and skins of goats or kids","no"
NA,"World","Other animal products","Production","t",2002,843237.19,"Raw hides and skins of goats or kids","no"
NA,"World","Other animal products","Production","t",2003,882454.84,"Raw hides and skins of goats or kids","no"
NA,"World","Other animal products","Production","t",2004,924351.48,"Raw hides and skins of goats or kids","no"
NA,"World","Other animal products","Production","t",2005,954731.41,"Raw hides and skins of goats or kids","no"
NA,"World","Other animal products","Production","t",2006,960622.28,"Raw hides and skins of goats or kids","no"
NA,"World","Other animal products","Production","t",2007,1005162.79,"Raw hides and skins of goats or kids","no"
NA,"World","Other animal products","Production","t",2008,1020150.1,"Raw hides and skins of goats or kids","no"
NA,"World","Other animal products","Production","t",2009,1054929.99,"Raw hides and skins of goats or kids","no"
NA,"World","Other animal products","Production","t",2010,1083068.13,"Raw hides and skins of goats or kids","no"
NA,"World","Other animal products","Production","t",2011,1088956.41,"Raw hides and skins of goats or kids","no"
NA,"World","Other animal products","Production","t",2012,1093162.15,"Raw hides and skins of goats or kids","no"
NA,"World","Other animal products","Production","t",2013,1128990.4,"Raw hides and skins of goats or kids","no"
NA,"World","Other animal products","Production","t",2014,1175600.06,"Raw hides and skins of goats or kids","no"
NA,"World","Other animal products","Production","t",2015,1204945.4,"Raw hides and skins of goats or kids","no"
NA,"World","Other animal products","Production","t",2016,1233687.46,"Raw hides and skins of goats or kids","no"
NA,"World","Other animal products","Production","t",2017,1257083.53,"Raw hides and skins of goats or kids","no"
NA,"World","Other animal products","Production","t",2018,1273797.06,"Raw hides and skins of goats or kids","no"
NA,"World","Other animal products","Production","t",2019,1327686.37,"Raw hides and skins of goats or kids","no"
NA,"World","Other animal products","Production","t",2020,1356522.05,"Raw hides and skins of goats or kids","no"
NA,"World","Other animal products","Production","t",2021,1382308.6,"Raw hides and skins of goats or kids","no"
NA,"World","Other animal products","Production","t",2022,1417405.98,"Raw hides and skins of goats or kids","no"
NA,"World","Other animal products","Production","t",2023,1469929.97,"Raw hides and skins of goats or kids","no"
NA,"World","Other animal products","Production","t",1992,1303185.72,"Raw hides and skins of sheep or lambs","no"
NA,"World","Other animal products","Production","t",1993,1302739.94,"Raw hides and skins of sheep or lambs","no"
NA,"World","Other animal products","Production","t",1994,1330482.22,"Raw hides and skins of sheep or lambs","no"
NA,"World","Other animal products","Production","t",1995,1327234.92,"Raw hides and skins of sheep or lambs","no"
NA,"World","Other animal products","Production","t",1996,1302469.25,"Raw hides and skins of sheep or lambs","no"
NA,"World","Other animal products","Production","t",1997,1335541.06,"Raw hides and skins of sheep or lambs","no"
NA,"World","Other animal products","Production","t",1998,1384215.6,"Raw hides and skins of sheep or lambs","no"
NA,"World","Other animal products","Production","t",1999,1397089.17,"Raw hides and skins of sheep or lambs","no"
NA,"World","Other animal products","Production","t",2000,1430487.87,"Raw hides and skins of sheep or lambs","no"
NA,"World","Other animal products","Production","t",2001,1463686.87,"Raw hides and skins of sheep or lambs","no"
NA,"World","Other animal products","Production","t",2002,1441377.78,"Raw hides and skins of sheep or lambs","no"
NA,"World","Other animal products","Production","t",2003,1470639.51,"Raw hides and skins of sheep or lambs","no"
NA,"World","Other animal products","Production","t",2004,1500155.55,"Raw hides and skins of sheep or lambs","no"
NA,"World","Other animal products","Production","t",2005,1544937.82,"Raw hides and skins of sheep or lambs","no"
NA,"World","Other animal products","Production","t",2006,1590934.47,"Raw hides and skins of sheep or lambs","no"
NA,"World","Other animal products","Production","t",2007,1653205.86,"Raw hides and skins of sheep or lambs","no"
NA,"World","Other animal products","Production","t",2008,1647895.57,"Raw hides and skins of sheep or lambs","no"
NA,"World","Other animal products","Production","t",2009,1652062.98,"Raw hides and skins of sheep or lambs","no"
NA,"World","Other animal products","Production","t",2010,1659060.03,"Raw hides and skins of sheep or lambs","no"
NA,"World","Other animal products","Production","t",2011,1671229.52,"Raw hides and skins of sheep or lambs","no"
NA,"World","Other animal products","Production","t",2012,1660479.43,"Raw hides and skins of sheep or lambs","no"
NA,"World","Other animal products","Production","t",2013,1721247.38,"Raw hides and skins of sheep or lambs","no"
NA,"World","Other animal products","Production","t",2014,1775393.84,"Raw hides and skins of sheep or lambs","no"
NA,"World","Other animal products","Production","t",2015,1831306.9,"Raw hides and skins of sheep or lambs","no"
NA,"World","Other animal products","Production","t",2016,1867049.44,"Raw hides and skins of sheep or lambs","no"
NA,"World","Other animal products","Production","t",2017,1875548.14,"Raw hides and skins of sheep or lambs","no"
NA,"World","Other animal products","Production","t",2018,1901405.89,"Raw hides and skins of sheep or lambs","no"
NA,"World","Other animal products","Production","t",2019,1949022.31,"Raw hides and skins of sheep or lambs","no"
NA,"World","Other animal products","Production","t",2020,2005119.27,"Raw hides and skins of sheep or lambs","no"
NA,"World","Other animal products","Production","t",2021,2038974.7,"Raw hides and skins of sheep or lambs","no"
NA,"World","Other animal products","Production","t",2022,2120726.78,"Raw hides and skins of sheep or lambs","no"
NA,"World","Other animal products","Production","t",2023,2192269.95,"Raw hides and skins of sheep or lambs","no"
NA,"World","Raw milk","Production","t",1992,46296256.3,"Raw milk of buffalo","no"
NA,"World","Raw milk","Production","t",1993,48368117.94,"Raw milk of buffalo","no"
NA,"World","Raw milk","Production","t",1994,50730442.85,"Raw milk of buffalo","no"
NA,"World","Raw milk","Production","t",1995,54860549.54,"Raw milk of buffalo","no"
NA,"World","Raw milk","Production","t",1996,57955569.3,"Raw milk of buffalo","no"
NA,"World","Raw milk","Production","t",1997,60065774.4,"Raw milk of buffalo","no"
NA,"World","Raw milk","Production","t",1998,62404993.39,"Raw milk of buffalo","no"
NA,"World","Raw milk","Production","t",1999,64888670.76,"Raw milk of buffalo","no"
NA,"World","Raw milk","Production","t",2000,66668813.79,"Raw milk of buffalo","no"
NA,"World","Raw milk","Production","t",2001,69432493.2,"Raw milk of buffalo","no"
NA,"World","Raw milk","Production","t",2002,71028642.23,"Raw milk of buffalo","no"
NA,"World","Raw milk","Production","t",2003,73674382,"Raw milk of buffalo","no"
NA,"World","Raw milk","Production","t",2004,76155379.2,"Raw milk of buffalo","no"
NA,"World","Raw milk","Production","t",2005,78941471.78,"Raw milk of buffalo","no"
NA,"World","Raw milk","Production","t",2006,81616634.35,"Raw milk of buffalo","no"
NA,"World","Raw milk","Production","t",2007,84499163.38,"Raw milk of buffalo","no"
NA,"World","Raw milk","Production","t",2008,86444477.48,"Raw milk of buffalo","no"
NA,"World","Raw milk","Production","t",2009,93150927.37,"Raw milk of buffalo","no"
NA,"World","Raw milk","Production","t",2010,96654954.34,"Raw milk of buffalo","no"
NA,"World","Raw milk","Production","t",2011,100448764.12,"Raw milk of buffalo","no"
NA,"World","Raw milk","Production","t",2012,103484030.56,"Raw milk of buffalo","no"
NA,"World","Raw milk","Production","t",2013,107001830.9,"Raw milk of buffalo","no"
NA,"World","Raw milk","Production","t",2014,114163947.55,"Raw milk of buffalo","no"
NA,"World","Raw milk","Production","t",2015,116178572.21,"Raw milk of buffalo","no"
NA,"World","Raw milk","Production","t",2016,120305477.83,"Raw milk of buffalo","no"
NA,"World","Raw milk","Production","t",2017,126322204.15,"Raw milk of buffalo","no"
NA,"World","Raw milk","Production","t",2018,132536653.1,"Raw milk of buffalo","no"
NA,"World","Raw milk","Production","t",2019,137021566.81,"Raw milk of buffalo","no"
NA,"World","Raw milk","Production","t",2020,137657193.09,"Raw milk of buffalo","no"
NA,"World","Raw milk","Production","t",2021,143157196.09,"Raw milk of buffalo","no"
NA,"World","Raw milk","Production","t",2022,148221914.1,"Raw milk of buffalo","no"
NA,"World","Raw milk","Production","t",2023,150341734.45,"Raw milk of buffalo","no"
NA,"World","Raw milk","Production","t",1992,1503511.23,"Raw milk of camel","no"
NA,"World","Raw milk","Production","t",1993,1465660.53,"Raw milk of camel","no"
NA,"World","Raw milk","Production","t",1994,1547604.83,"Raw milk of camel","no"
NA,"World","Raw milk","Production","t",1995,1619856.4,"Raw milk of camel","no"
NA,"World","Raw milk","Production","t",1996,1630358.5,"Raw milk of camel","no"
NA,"World","Raw milk","Production","t",1997,1663734.22,"Raw milk of camel","no"
NA,"World","Raw milk","Production","t",1998,1673424.76,"Raw milk of camel","no"
NA,"World","Raw milk","Production","t",1999,2336191.98,"Raw milk of camel","no"
NA,"World","Raw milk","Production","t",2000,2475581.04,"Raw milk of camel","no"
NA,"World","Raw milk","Production","t",2001,2458886.53,"Raw milk of camel","no"
NA,"World","Raw milk","Production","t",2002,2597178.81,"Raw milk of camel","no"
NA,"World","Raw milk","Production","t",2003,2701932.68,"Raw milk of camel","no"
NA,"World","Raw milk","Production","t",2004,2876014.6,"Raw milk of camel","no"
NA,"World","Raw milk","Production","t",2005,2824724.08,"Raw milk of camel","no"
NA,"World","Raw milk","Production","t",2006,2638748.81,"Raw milk of camel","no"
NA,"World","Raw milk","Production","t",2007,3212077.71,"Raw milk of camel","no"
NA,"World","Raw milk","Production","t",2008,3587859.91,"Raw milk of camel","no"
NA,"World","Raw milk","Production","t",2009,3468706.79,"Raw milk of camel","no"
NA,"World","Raw milk","Production","t",2010,3597216.63,"Raw milk of camel","no"
NA,"World","Raw milk","Production","t",2011,3555284.98,"Raw milk of camel","no"
NA,"World","Raw milk","Production","t",2012,3517753.97,"Raw milk of camel","no"
NA,"World","Raw milk","Production","t",2013,3665560.68,"Raw milk of camel","no"
NA,"World","Raw milk","Production","t",2014,3443855,"Raw milk of camel","no"
NA,"World","Raw milk","Production","t",2015,3631536.27,"Raw milk of camel","no"
NA,"World","Raw milk","Production","t",2016,3647508.8,"Raw milk of camel","no"
NA,"World","Raw milk","Production","t",2017,3903998.3,"Raw milk of camel","no"
NA,"World","Raw milk","Production","t",2018,3832190.38,"Raw milk of camel","no"
NA,"World","Raw milk","Production","t",2019,4041422.4,"Raw milk of camel","no"
NA,"World","Raw milk","Production","t",2020,4113908.48,"Raw milk of camel","no"
NA,"World","Raw milk","Production","t",2021,4073444.51,"Raw milk of camel","no"
NA,"World","Raw milk","Production","t",2022,3902862.57,"Raw milk of camel","no"
NA,"World","Raw milk","Production","t",2023,4095972.14,"Raw milk of camel","no"
NA,"World","Raw milk","Production","t",1992,458255742.85,"Raw milk of cattle","no"
NA,"World","Raw milk","Production","t",1993,457874751.93,"Raw milk of cattle","no"
NA,"World","Raw milk","Production","t",1994,459536935.67,"Raw milk of cattle","no"
NA,"World","Raw milk","Production","t",1995,462031678.1,"Raw milk of cattle","no"
NA,"World","Raw milk","Production","t",1996,466188581.41,"Raw milk of cattle","no"
NA,"World","Raw milk","Production","t",1997,467735026.97,"Raw milk of cattle","no"
NA,"World","Raw milk","Production","t",1998,473920428.24,"Raw milk of cattle","no"
NA,"World","Raw milk","Production","t",1999,482627049.73,"Raw milk of cattle","no"
NA,"World","Raw milk","Production","t",2000,488970028.85,"Raw milk of cattle","no"
NA,"World","Raw milk","Production","t",2001,496016689.05,"Raw milk of cattle","no"
NA,"World","Raw milk","Production","t",2002,508677654.64,"Raw milk of cattle","no"
NA,"World","Raw milk","Production","t",2003,517814702.6,"Raw milk of cattle","no"
NA,"World","Raw milk","Production","t",2004,528058694.12,"Raw milk of cattle","no"
NA,"World","Raw milk","Production","t",2005,544144190.21,"Raw milk of cattle","no"
NA,"World","Raw milk","Production","t",2006,557983539.45,"Raw milk of cattle","no"
NA,"World","Raw milk","Production","t",2007,567359360.69,"Raw milk of cattle","no"
NA,"World","Raw milk","Production","t",2008,580706790.23,"Raw milk of cattle","no"
NA,"World","Raw milk","Production","t",2009,586652839.97,"Raw milk of cattle","no"
NA,"World","Raw milk","Production","t",2010,599336785.92,"Raw milk of cattle","no"
NA,"World","Raw milk","Production","t",2011,613075117.49,"Raw milk of cattle","no"
NA,"World","Raw milk","Production","t",2012,628347592.24,"Raw milk of cattle","no"
NA,"World","Raw milk","Production","t",2013,635267191.9,"Raw milk of cattle","no"
NA,"World","Raw milk","Production","t",2014,657811162.71,"Raw milk of cattle","no"
NA,"World","Raw milk","Production","t",2015,671237524.26,"Raw milk of cattle","no"
NA,"World","Raw milk","Production","t",2016,676319431.38,"Raw milk of cattle","no"
NA,"World","Raw milk","Production","t",2017,691914667.3,"Raw milk of cattle","no"
NA,"World","Raw milk","Production","t",2018,706549707.36,"Raw milk of cattle","no"
NA,"World","Raw milk","Production","t",2019,720709274.58,"Raw milk of cattle","no"
NA,"World","Raw milk","Production","t",2020,748966087.54,"Raw milk of cattle","no"
NA,"World","Raw milk","Production","t",2021,763470404.18,"Raw milk of cattle","no"
NA,"World","Raw milk","Production","t",2022,769024807.49,"Raw milk of cattle","no"
NA,"World","Raw milk","Production","t",2023,782901752.35,"Raw milk of cattle","no"
NA,"World","Raw milk","Production","t",1992,10132128.9,"Raw milk of goats","no"
NA,"World","Raw milk","Production","t",1993,10609972.75,"Raw milk of goats","no"
NA,"World","Raw milk","Production","t",1994,11040394.3,"Raw milk of goats","no"
NA,"World","Raw milk","Production","t",1995,11250868.82,"Raw milk of goats","no"
NA,"World","Raw milk","Production","t",1996,11125129.54,"Raw milk of goats","no"
NA,"World","Raw milk","Production","t",1997,11398562.02,"Raw milk of goats","no"
NA,"World","Raw milk","Production","t",1998,11803425.16,"Raw milk of goats","no"
NA,"World","Raw milk","Production","t",1999,11929670.83,"Raw milk of goats","no"
NA,"World","Raw milk","Production","t",2000,12058719,"Raw milk of goats","no"
NA,"World","Raw milk","Production","t",2001,12376308.7,"Raw milk of goats","no"
NA,"World","Raw milk","Production","t",2002,12736276.62,"Raw milk of goats","no"
NA,"World","Raw milk","Production","t",2003,13201074.81,"Raw milk of goats","no"
NA,"World","Raw milk","Production","t",2004,13369553.36,"Raw milk of goats","no"
NA,"World","Raw milk","Production","t",2005,13828003.11,"Raw milk of goats","no"
NA,"World","Raw milk","Production","t",2006,13926858.01,"Raw milk of goats","no"
NA,"World","Raw milk","Production","t",2007,14799920.32,"Raw milk of goats","no"
NA,"World","Raw milk","Production","t",2008,14807694.78,"Raw milk of goats","no"
NA,"World","Raw milk","Production","t",2009,15054103.2,"Raw milk of goats","no"
NA,"World","Raw milk","Production","t",2010,14971413.12,"Raw milk of goats","no"
NA,"World","Raw milk","Production","t",2011,15493675.27,"Raw milk of goats","no"
NA,"World","Raw milk","Production","t",2012,15790754.06,"Raw milk of goats","no"
NA,"World","Raw milk","Production","t",2013,15987281.36,"Raw milk of goats","no"
NA,"World","Raw milk","Production","t",2014,16391322.1,"Raw milk of goats","no"
NA,"World","Raw milk","Production","t",2015,16696908.77,"Raw milk of goats","no"
NA,"World","Raw milk","Production","t",2016,17270303.48,"Raw milk of goats","no"
NA,"World","Raw milk","Production","t",2017,18116984.75,"Raw milk of goats","no"
NA,"World","Raw milk","Production","t",2018,18392165.4,"Raw milk of goats","no"
NA,"World","Raw milk","Production","t",2019,18423341.37,"Raw milk of goats","no"
NA,"World","Raw milk","Production","t",2020,19154247.59,"Raw milk of goats","no"
NA,"World","Raw milk","Production","t",2021,19466160.33,"Raw milk of goats","no"
NA,"World","Raw milk","Production","t",2022,20591494.33,"Raw milk of goats","no"
NA,"World","Raw milk","Production","t",2023,20857811.57,"Raw milk of goats","no"
NA,"World","Raw milk","Production","t",1992,7761358.12,"Raw milk of sheep","no"
NA,"World","Raw milk","Production","t",1993,7702081.78,"Raw milk of sheep","no"
NA,"World","Raw milk","Production","t",1994,7987246.85,"Raw milk of sheep","no"
NA,"World","Raw milk","Production","t",1995,8007386.24,"Raw milk of sheep","no"
NA,"World","Raw milk","Production","t",1996,8227529.26,"Raw milk of sheep","no"
NA,"World","Raw milk","Production","t",1997,8153412.09,"Raw milk of sheep","no"
NA,"World","Raw milk","Production","t",1998,8148936.43,"Raw milk of sheep","no"
NA,"World","Raw milk","Production","t",1999,8144497.59,"Raw milk of sheep","no"
NA,"World","Raw milk","Production","t",2000,8041171.48,"Raw milk of sheep","no"
NA,"World","Raw milk","Production","t",2001,8239542.23,"Raw milk of sheep","no"
NA,"World","Raw milk","Production","t",2002,8058739.55,"Raw milk of sheep","no"
NA,"World","Raw milk","Production","t",2003,8280281.94,"Raw milk of sheep","no"
NA,"World","Raw milk","Production","t",2004,8465777.76,"Raw milk of sheep","no"
NA,"World","Raw milk","Production","t",2005,8688162.41,"Raw milk of sheep","no"
NA,"World","Raw milk","Production","t",2006,8844687.8,"Raw milk of sheep","no"
NA,"World","Raw milk","Production","t",2007,8925281.14,"Raw milk of sheep","no"
NA,"World","Raw milk","Production","t",2008,8726347.4,"Raw milk of sheep","no"
NA,"World","Raw milk","Production","t",2009,9144543.65,"Raw milk of sheep","no"
NA,"World","Raw milk","Production","t",2010,9751002.1,"Raw milk of sheep","no"
NA,"World","Raw milk","Production","t",2011,9621643.35,"Raw milk of sheep","no"
NA,"World","Raw milk","Production","t",2012,9561106.7,"Raw milk of sheep","no"
NA,"World","Raw milk","Production","t",2013,9672033.07,"Raw milk of sheep","no"
NA,"World","Raw milk","Production","t",2014,9768476.67,"Raw milk of sheep","no"
NA,"World","Raw milk","Production","t",2015,9853340.21,"Raw milk of sheep","no"
NA,"World","Raw milk","Production","t",2016,9860372.61,"Raw milk of sheep","no"
NA,"World","Raw milk","Production","t",2017,10129860.9,"Raw milk of sheep","no"
NA,"World","Raw milk","Production","t",2018,10038926.13,"Raw milk of sheep","no"
NA,"World","Raw milk","Production","t",2019,10265763.44,"Raw milk of sheep","no"
NA,"World","Raw milk","Production","t",2020,10168190.41,"Raw milk of sheep","no"
NA,"World","Raw milk","Production","t",2021,10224474.54,"Raw milk of sheep","no"
NA,"World","Raw milk","Production","t",2022,10112863.64,"Raw milk of sheep","no"
NA,"World","Raw milk","Production","t",2023,10017335.18,"Raw milk of sheep","no"
NA,"World","Natural textile fibres prepared for spinning","Production","t",1992,95255.41,"Raw silk (not thrown)","no"
NA,"World","Natural textile fibres prepared for spinning","Production","t",1993,102626.01,"Raw silk (not thrown)","no"
NA,"World","Natural textile fibres prepared for spinning","Production","t",1994,108887.4,"Raw silk (not thrown)","no"
NA,"World","Natural textile fibres prepared for spinning","Production","t",1995,105399.76,"Raw silk (not thrown)","no"
NA,"World","Natural textile fibres prepared for spinning","Production","t",1996,74849.33,"Raw silk (not thrown)","no"
NA,"World","Natural textile fibres prepared for spinning","Production","t",1997,72660.83,"Raw silk (not thrown)","no"
NA,"World","Natural textile fibres prepared for spinning","Production","t",1998,89808.42,"Raw silk (not thrown)","no"
NA,"World","Natural textile fibres prepared for spinning","Production","t",1999,92108.93,"Raw silk (not thrown)","no"
NA,"World","Natural textile fibres prepared for spinning","Production","t",2000,99905.08,"Raw silk (not thrown)","no"
NA,"World","Natural textile fibres prepared for spinning","Production","t",2001,117878.8,"Raw silk (not thrown)","no"
NA,"World","Natural textile fibres prepared for spinning","Production","t",2002,125662.34,"Raw silk (not thrown)","no"
NA,"World","Natural textile fibres prepared for spinning","Production","t",2003,120151.24,"Raw silk (not thrown)","no"
NA,"World","Natural textile fibres prepared for spinning","Production","t",2004,130329.83,"Raw silk (not thrown)","no"
NA,"World","Natural textile fibres prepared for spinning","Production","t",2005,138029.05,"Raw silk (not thrown)","no"
NA,"World","Natural textile fibres prepared for spinning","Production","t",2006,150556.52,"Raw silk (not thrown)","no"
NA,"World","Natural textile fibres prepared for spinning","Production","t",2007,153079.83,"Raw silk (not thrown)","no"
NA,"World","Natural textile fibres prepared for spinning","Production","t",2008,153449.76,"Raw silk (not thrown)","no"
NA,"World","Natural textile fibres prepared for spinning","Production","t",2009,155152.23,"Raw silk (not thrown)","no"
NA,"World","Natural textile fibres prepared for spinning","Production","t",2010,140963.25,"Raw silk (not thrown)","no"
NA,"World","Natural textile fibres prepared for spinning","Production","t",2011,130543.83,"Raw silk (not thrown)","no"
NA,"World","Natural textile fibres prepared for spinning","Production","t",2012,155175.93,"Raw silk (not thrown)","no"
NA,"World","Natural textile fibres prepared for spinning","Production","t",2013,159679.95,"Raw silk (not thrown)","no"
NA,"World","Natural textile fibres prepared for spinning","Production","t",2014,191067.21,"Raw silk (not thrown)","no"
NA,"World","Natural textile fibres prepared for spinning","Production","t",2015,204642.87,"Raw silk (not thrown)","no"
NA,"World","Natural textile fibres prepared for spinning","Production","t",2016,193047.49,"Raw silk (not thrown)","no"
NA,"World","Natural textile fibres prepared for spinning","Production","t",2017,178314.58,"Raw silk (not thrown)","no"
NA,"World","Natural textile fibres prepared for spinning","Production","t",2018,156543.75,"Raw silk (not thrown)","no"
NA,"World","Natural textile fibres prepared for spinning","Production","t",2019,108803.15,"Raw silk (not thrown)","no"
NA,"World","Natural textile fibres prepared for spinning","Production","t",2020,94077.28,"Raw silk (not thrown)","no"
NA,"World","Natural textile fibres prepared for spinning","Production","t",2021,85403.38,"Raw silk (not thrown)","no"
NA,"World","Natural textile fibres prepared for spinning","Production","t",2022,91415.12,"Raw silk (not thrown)","no"
NA,"World","Natural textile fibres prepared for spinning","Production","t",2023,NA,"Raw silk (not thrown)","no"
NA,"World","Cereals","Area harvested","ha",1992,147438585,"Rice","no"
NA,"World","Cereals","Area harvested","ha",1993,146363887,"Rice","no"
NA,"World","Cereals","Area harvested","ha",1994,147370769,"Rice","no"
NA,"World","Cereals","Area harvested","ha",1995,149583484,"Rice","no"
NA,"World","Cereals","Area harvested","ha",1996,150265162,"Rice","no"
NA,"World","Cereals","Area harvested","ha",1997,151213539,"Rice","no"
NA,"World","Cereals","Area harvested","ha",1998,151707467,"Rice","no"
NA,"World","Cereals","Area harvested","ha",1999,156831412,"Rice","no"
NA,"World","Cereals","Area harvested","ha",2000,153949308,"Rice","no"
NA,"World","Cereals","Area harvested","ha",2001,151968081,"Rice","no"
NA,"World","Cereals","Area harvested","ha",2002,147843728,"Rice","no"
NA,"World","Cereals","Area harvested","ha",2003,148740185,"Rice","no"
NA,"World","Cereals","Area harvested","ha",2004,150900336,"Rice","no"
NA,"World","Cereals","Area harvested","ha",2005,155261150,"Rice","no"
NA,"World","Cereals","Area harvested","ha",2006,155435744,"Rice","no"
NA,"World","Cereals","Area harvested","ha",2007,155057841,"Rice","no"
NA,"World","Cereals","Area harvested","ha",2008,159561325,"Rice","no"
NA,"World","Cereals","Area harvested","ha",2009,156900789,"Rice","no"
NA,"World","Cereals","Area harvested","ha",2010,161047477,"Rice","no"
NA,"World","Cereals","Area harvested","ha",2011,162059670,"Rice","no"
NA,"World","Cereals","Area harvested","ha",2012,161030525,"Rice","no"
NA,"World","Cereals","Area harvested","ha",2013,163469784,"Rice","no"
NA,"World","Cereals","Area harvested","ha",2014,162724891,"Rice","no"
NA,"World","Cereals","Area harvested","ha",2015,161158557,"Rice","no"
NA,"World","Cereals","Area harvested","ha",2016,162337038,"Rice","no"
NA,"World","Cereals","Area harvested","ha",2017,162802341,"Rice","no"
NA,"World","Cereals","Area harvested","ha",2018,164235974,"Rice","no"
NA,"World","Cereals","Area harvested","ha",2019,161019964,"Rice","no"
NA,"World","Cereals","Area harvested","ha",2020,165134347,"Rice","no"
NA,"World","Cereals","Area harvested","ha",2021,166935425,"Rice","no"
NA,"World","Cereals","Area harvested","ha",2022,167517785,"Rice","no"
NA,"World","Cereals","Area harvested","ha",2023,168356566,"Rice","no"
NA,"World","Cereals","Yield","kg/ha",1992,3588,"Rice","no"
NA,"World","Cereals","Yield","kg/ha",1993,3616,"Rice","no"
NA,"World","Cereals","Yield","kg/ha",1994,3661.1,"Rice","no"
NA,"World","Cereals","Yield","kg/ha",1995,3660.6,"Rice","no"
NA,"World","Cereals","Yield","kg/ha",1996,3785.6,"Rice","no"
NA,"World","Cereals","Yield","kg/ha",1997,3818.7,"Rice","no"
NA,"World","Cereals","Yield","kg/ha",1998,3817.9,"Rice","no"
NA,"World","Cereals","Yield","kg/ha",1999,3899.3,"Rice","no"
NA,"World","Cereals","Yield","kg/ha",2000,3890.5,"Rice","no"
NA,"World","Cereals","Yield","kg/ha",2001,3951.8,"Rice","no"
NA,"World","Cereals","Yield","kg/ha",2002,3865.2,"Rice","no"
NA,"World","Cereals","Yield","kg/ha",2003,3951,"Rice","no"
NA,"World","Cereals","Yield","kg/ha",2004,4026.7,"Rice","no"
NA,"World","Cereals","Yield","kg/ha",2005,4087.4,"Rice","no"
NA,"World","Cereals","Yield","kg/ha",2006,4122,"Rice","no"
NA,"World","Cereals","Yield","kg/ha",2007,4227.4,"Rice","no"
NA,"World","Cereals","Yield","kg/ha",2008,4298.5,"Rice","no"
NA,"World","Cereals","Yield","kg/ha",2009,4342.6,"Rice","no"
NA,"World","Cereals","Yield","kg/ha",2010,4324,"Rice","no"
NA,"World","Cereals","Yield","kg/ha",2011,4454.8,"Rice","no"
NA,"World","Cereals","Yield","kg/ha",2012,4528.7,"Rice","no"
NA,"World","Cereals","Yield","kg/ha",2013,4509.4,"Rice","no"
NA,"World","Cereals","Yield","kg/ha",2014,4533.5,"Rice","no"
NA,"World","Cereals","Yield","kg/ha",2015,4555,"Rice","no"
NA,"World","Cereals","Yield","kg/ha",2016,4542.6,"Rice","no"
NA,"World","Cereals","Yield","kg/ha",2017,4600.1,"Rice","no"
NA,"World","Cereals","Yield","kg/ha",2018,4651.1,"Rice","no"
NA,"World","Cereals","Yield","kg/ha",2019,4691.9,"Rice","no"
NA,"World","Cereals","Yield","kg/ha",2020,4693.8,"Rice","no"
NA,"World","Cereals","Yield","kg/ha",2021,4737.3,"Rice","no"
NA,"World","Cereals","Yield","kg/ha",2022,4709.6,"Rice","no"
NA,"World","Cereals","Yield","kg/ha",2023,4751.8,"Rice","no"
NA,"World","Cereals","Production","t",1992,529006037.86,"Rice","no"
NA,"World","Cereals","Production","t",1993,529256939.11,"Rice","no"
NA,"World","Cereals","Production","t",1994,539532737.16,"Rice","no"
NA,"World","Cereals","Production","t",1995,547558620.94,"Rice","no"
NA,"World","Cereals","Production","t",1996,568848366.98,"Rice","no"
NA,"World","Cereals","Production","t",1997,577439520.26,"Rice","no"
NA,"World","Cereals","Production","t",1998,579199410.52,"Rice","no"
NA,"World","Cereals","Production","t",1999,611539627.07,"Rice","no"
NA,"World","Cereals","Production","t",2000,598935232.17,"Rice","no"
NA,"World","Cereals","Production","t",2001,600540888.97,"Rice","no"
NA,"World","Cereals","Production","t",2002,571440129.47,"Rice","no"
NA,"World","Cereals","Production","t",2003,587676855.77,"Rice","no"
NA,"World","Cereals","Production","t",2004,607637880.31,"Rice","no"
NA,"World","Cereals","Production","t",2005,634609121.72,"Rice","no"
NA,"World","Cereals","Production","t",2006,640712239.29,"Rice","no"
NA,"World","Cereals","Production","t",2007,655485224.92,"Rice","no"
NA,"World","Cereals","Production","t",2008,685877373.98,"Rice","no"
NA,"World","Cereals","Production","t",2009,681354130.71,"Rice","no"
NA,"World","Cereals","Production","t",2010,696368958.35,"Rice","no"
NA,"World","Cereals","Production","t",2011,721936284.07,"Rice","no"
NA,"World","Cereals","Production","t",2012,729253466.63,"Rice","no"
NA,"World","Cereals","Production","t",2013,737149873.58,"Rice","no"
NA,"World","Cereals","Production","t",2014,737705245.75,"Rice","no"
NA,"World","Cereals","Production","t",2015,734077141.25,"Rice","no"
NA,"World","Cereals","Production","t",2016,737424590.05,"Rice","no"
NA,"World","Cereals","Production","t",2017,748898980.73,"Rice","no"
NA,"World","Cereals","Production","t",2018,763880184.9,"Rice","no"
NA,"World","Cereals","Production","t",2019,755487923.76,"Rice","no"
NA,"World","Cereals","Production","t",2020,775114187.35,"Rice","no"
NA,"World","Cereals","Production","t",2021,790822525.31,"Rice","no"
NA,"World","Cereals","Production","t",2022,788933616.99,"Rice","no"
NA,"World","Cereals","Production","t",2023,799999504.87,"Rice","no"
NA,"World","Cereals","Area harvested","ha",1992,15171053,"Rye","no"
NA,"World","Cereals","Area harvested","ha",1993,13693149,"Rye","no"
NA,"World","Cereals","Area harvested","ha",1994,11194693,"Rye","no"
NA,"World","Cereals","Area harvested","ha",1995,10754832,"Rye","no"
NA,"World","Cereals","Area harvested","ha",1996,11157711,"Rye","no"
NA,"World","Cereals","Area harvested","ha",1997,10992110,"Rye","no"
NA,"World","Cereals","Area harvested","ha",1998,10288758,"Rye","no"
NA,"World","Cereals","Area harvested","ha",1999,9455865,"Rye","no"
NA,"World","Cereals","Area harvested","ha",2000,9830646,"Rye","no"
NA,"World","Cereals","Area harvested","ha",2001,9905613,"Rye","no"
NA,"World","Cereals","Area harvested","ha",2002,9102565,"Rye","no"
NA,"World","Cereals","Area harvested","ha",2003,6712151,"Rye","no"
NA,"World","Cereals","Area harvested","ha",2004,6836136,"Rye","no"
NA,"World","Cereals","Area harvested","ha",2005,6838653,"Rye","no"
NA,"World","Cereals","Area harvested","ha",2006,5835590,"Rye","no"
NA,"World","Cereals","Area harvested","ha",2007,6390578,"Rye","no"
NA,"World","Cereals","Area harvested","ha",2008,6750076,"Rye","no"
NA,"World","Cereals","Area harvested","ha",2009,6604080,"Rye","no"
NA,"World","Cereals","Area harvested","ha",2010,5021433,"Rye","no"
NA,"World","Cereals","Area harvested","ha",2011,5133310,"Rye","no"
NA,"World","Cereals","Area harvested","ha",2012,5274951,"Rye","no"
NA,"World","Cereals","Area harvested","ha",2013,5816344,"Rye","no"
NA,"World","Cereals","Area harvested","ha",2014,5331090,"Rye","no"
NA,"World","Cereals","Area harvested","ha",2015,4461270,"Rye","no"
NA,"World","Cereals","Area harvested","ha",2016,4438685,"Rye","no"
NA,"World","Cereals","Area harvested","ha",2017,4355308,"Rye","no"
NA,"World","Cereals","Area harvested","ha",2018,4019573,"Rye","no"
NA,"World","Cereals","Area harvested","ha",2019,4377608,"Rye","no"
NA,"World","Cereals","Area harvested","ha",2020,4549523,"Rye","no"
NA,"World","Cereals","Area harvested","ha",2021,4385244,"Rye","no"
NA,"World","Cereals","Area harvested","ha",2022,4092916,"Rye","no"
NA,"World","Cereals","Area harvested","ha",2023,3981421,"Rye","no"
NA,"World","Cereals","Yield","kg/ha",1992,2010.6,"Rye","no"
NA,"World","Cereals","Yield","kg/ha",1993,2003.8,"Rye","no"
NA,"World","Cereals","Yield","kg/ha",1994,2044.5,"Rye","no"
NA,"World","Cereals","Yield","kg/ha",1995,2159.3,"Rye","no"
NA,"World","Cereals","Yield","kg/ha",1996,2068,"Rye","no"
NA,"World","Cereals","Yield","kg/ha",1997,2301,"Rye","no"
NA,"World","Cereals","Yield","kg/ha",1998,2052.1,"Rye","no"
NA,"World","Cereals","Yield","kg/ha",1999,2131.9,"Rye","no"
NA,"World","Cereals","Yield","kg/ha",2000,2045.4,"Rye","no"
NA,"World","Cereals","Yield","kg/ha",2001,2360.5,"Rye","no"
NA,"World","Cereals","Yield","kg/ha",2002,2299.7,"Rye","no"
NA,"World","Cereals","Yield","kg/ha",2003,2182.3,"Rye","no"
NA,"World","Cereals","Yield","kg/ha",2004,2579.3,"Rye","no"
NA,"World","Cereals","Yield","kg/ha",2005,2225.3,"Rye","no"
NA,"World","Cereals","Yield","kg/ha",2006,2170.5,"Rye","no"
NA,"World","Cereals","Yield","kg/ha",2007,2365.1,"Rye","no"
NA,"World","Cereals","Yield","kg/ha",2008,2685.4,"Rye","no"
NA,"World","Cereals","Yield","kg/ha",2009,2760,"Rye","no"
NA,"World","Cereals","Yield","kg/ha",2010,2373,"Rye","no"
NA,"World","Cereals","Yield","kg/ha",2011,2553.1,"Rye","no"
NA,"World","Cereals","Yield","kg/ha",2012,2748.8,"Rye","no"
NA,"World","Cereals","Yield","kg/ha",2013,2940.3,"Rye","no"
NA,"World","Cereals","Yield","kg/ha",2014,2927.6,"Rye","no"
NA,"World","Cereals","Yield","kg/ha",2015,2924.4,"Rye","no"
NA,"World","Cereals","Yield","kg/ha",2016,2969.5,"Rye","no"
NA,"World","Cereals","Yield","kg/ha",2017,3048.6,"Rye","no"
NA,"World","Cereals","Yield","kg/ha",2018,2667.1,"Rye","no"
NA,"World","Cereals","Yield","kg/ha",2019,3060,"Rye","no"
NA,"World","Cereals","Yield","kg/ha",2020,3407.9,"Rye","no"
NA,"World","Cereals","Yield","kg/ha",2021,3073,"Rye","no"
NA,"World","Cereals","Yield","kg/ha",2022,3292.6,"Rye","no"
NA,"World","Cereals","Yield","kg/ha",2023,3184.9,"Rye","no"
NA,"World","Cereals","Production","t",1992,30502820.92,"Rye","no"
NA,"World","Cereals","Production","t",1993,27438854.44,"Rye","no"
NA,"World","Cereals","Production","t",1994,22887956.02,"Rye","no"
NA,"World","Cereals","Production","t",1995,23222644.62,"Rye","no"
NA,"World","Cereals","Production","t",1996,23073797.08,"Rye","no"
NA,"World","Cereals","Production","t",1997,25293021.96,"Rye","no"
NA,"World","Cereals","Production","t",1998,21113412.35,"Rye","no"
NA,"World","Cereals","Production","t",1999,20158771.36,"Rye","no"
NA,"World","Cereals","Production","t",2000,20107761.76,"Rye","no"
NA,"World","Cereals","Production","t",2001,23382393.83,"Rye","no"
NA,"World","Cereals","Production","t",2002,20933223.49,"Rye","no"
NA,"World","Cereals","Production","t",2003,14648005.41,"Rye","no"
NA,"World","Cereals","Production","t",2004,17632389.8,"Rye","no"
NA,"World","Cereals","Production","t",2005,15218033.74,"Rye","no"
NA,"World","Cereals","Production","t",2006,12666200.96,"Rye","no"
NA,"World","Cereals","Production","t",2007,15114239.85,"Rye","no"
NA,"World","Cereals","Production","t",2008,18126818.15,"Rye","no"
NA,"World","Cereals","Production","t",2009,18227511.99,"Rye","no"
NA,"World","Cereals","Production","t",2010,11916085.34,"Rye","no"
NA,"World","Cereals","Production","t",2011,13105773.14,"Rye","no"
NA,"World","Cereals","Production","t",2012,14499757.77,"Rye","no"
NA,"World","Cereals","Production","t",2013,17101813.85,"Rye","no"
NA,"World","Cereals","Production","t",2014,15607186.42,"Rye","no"
NA,"World","Cereals","Production","t",2015,13046413.41,"Rye","no"
NA,"World","Cereals","Production","t",2016,13180463.73,"Rye","no"
NA,"World","Cereals","Production","t",2017,13277399.77,"Rye","no"
NA,"World","Cereals","Production","t",2018,10720677.9,"Rye","no"
NA,"World","Cereals","Production","t",2019,13395378.36,"Rye","no"
NA,"World","Cereals","Production","t",2020,15504498.23,"Rye","no"
NA,"World","Cereals","Production","t",2021,13475819.26,"Rye","no"
NA,"World","Cereals","Production","t",2022,13476401.72,"Rye","no"
NA,"World","Cereals","Production","t",2023,12680515.49,"Rye","no"
NA,"World","Oilseeds and oleaginous fruits","Area harvested","ha",1992,895012,"Safflower seed","no"
NA,"World","Oilseeds and oleaginous fruits","Area harvested","ha",1993,1061953,"Safflower seed","no"
NA,"World","Oilseeds and oleaginous fruits","Area harvested","ha",1994,1117820,"Safflower seed","no"
NA,"World","Oilseeds and oleaginous fruits","Area harvested","ha",1995,1181833,"Safflower seed","no"
NA,"World","Oilseeds and oleaginous fruits","Area harvested","ha",1996,1097047,"Safflower seed","no"
NA,"World","Oilseeds and oleaginous fruits","Area harvested","ha",1997,1086726,"Safflower seed","no"
NA,"World","Oilseeds and oleaginous fruits","Area harvested","ha",1998,644427,"Safflower seed","no"
NA,"World","Oilseeds and oleaginous fruits","Area harvested","ha",1999,972444,"Safflower seed","no"
NA,"World","Oilseeds and oleaginous fruits","Area harvested","ha",2000,868008,"Safflower seed","no"
NA,"World","Oilseeds and oleaginous fruits","Area harvested","ha",2001,813893,"Safflower seed","no"
NA,"World","Oilseeds and oleaginous fruits","Area harvested","ha",2002,696352,"Safflower seed","no"
NA,"World","Oilseeds and oleaginous fruits","Area harvested","ha",2003,849410,"Safflower seed","no"
NA,"World","Oilseeds and oleaginous fruits","Area harvested","ha",2004,926939,"Safflower seed","no"
NA,"World","Oilseeds and oleaginous fruits","Area harvested","ha",2005,804485,"Safflower seed","no"
NA,"World","Oilseeds and oleaginous fruits","Area harvested","ha",2006,705824,"Safflower seed","no"
NA,"World","Oilseeds and oleaginous fruits","Area harvested","ha",2007,753910,"Safflower seed","no"
NA,"World","Oilseeds and oleaginous fruits","Area harvested","ha",2008,763876,"Safflower seed","no"
NA,"World","Oilseeds and oleaginous fruits","Area harvested","ha",2009,823533,"Safflower seed","no"
NA,"World","Oilseeds and oleaginous fruits","Area harvested","ha",2010,834835,"Safflower seed","no"
NA,"World","Oilseeds and oleaginous fruits","Area harvested","ha",2011,804102,"Safflower seed","no"
NA,"World","Oilseeds and oleaginous fruits","Area harvested","ha",2012,968587,"Safflower seed","no"
NA,"World","Oilseeds and oleaginous fruits","Area harvested","ha",2013,896898,"Safflower seed","no"
NA,"World","Oilseeds and oleaginous fruits","Area harvested","ha",2014,893054,"Safflower seed","no"
NA,"World","Oilseeds and oleaginous fruits","Area harvested","ha",2015,1053750,"Safflower seed","no"
NA,"World","Oilseeds and oleaginous fruits","Area harvested","ha",2016,1169705,"Safflower seed","no"
NA,"World","Oilseeds and oleaginous fruits","Area harvested","ha",2017,861523,"Safflower seed","no"
NA,"World","Oilseeds and oleaginous fruits","Area harvested","ha",2018,655199,"Safflower seed","no"
NA,"World","Oilseeds and oleaginous fruits","Area harvested","ha",2019,649531,"Safflower seed","no"
NA,"World","Oilseeds and oleaginous fruits","Area harvested","ha",2020,786921,"Safflower seed","no"
NA,"World","Oilseeds and oleaginous fruits","Area harvested","ha",2021,858734,"Safflower seed","no"
NA,"World","Oilseeds and oleaginous fruits","Area harvested","ha",2022,1204335,"Safflower seed","no"
NA,"World","Oilseeds and oleaginous fruits","Area harvested","ha",2023,910848,"Safflower seed","no"
NA,"World","Oilseeds and oleaginous fruits","Yield","kg/ha",1992,617.8,"Safflower seed","no"
NA,"World","Oilseeds and oleaginous fruits","Yield","kg/ha",1993,714.2,"Safflower seed","no"
NA,"World","Oilseeds and oleaginous fruits","Yield","kg/ha",1994,799.3,"Safflower seed","no"
NA,"World","Oilseeds and oleaginous fruits","Yield","kg/ha",1995,704.8,"Safflower seed","no"
NA,"World","Oilseeds and oleaginous fruits","Yield","kg/ha",1996,785.2,"Safflower seed","no"
NA,"World","Oilseeds and oleaginous fruits","Yield","kg/ha",1997,815.5,"Safflower seed","no"
NA,"World","Oilseeds and oleaginous fruits","Yield","kg/ha",1998,926.8,"Safflower seed","no"
NA,"World","Oilseeds and oleaginous fruits","Yield","kg/ha",1999,838.1,"Safflower seed","no"
NA,"World","Oilseeds and oleaginous fruits","Yield","kg/ha",2000,751.7,"Safflower seed","no"
NA,"World","Oilseeds and oleaginous fruits","Yield","kg/ha",2001,687,"Safflower seed","no"
NA,"World","Oilseeds and oleaginous fruits","Yield","kg/ha",2002,755,"Safflower seed","no"
NA,"World","Oilseeds and oleaginous fruits","Yield","kg/ha",2003,802.7,"Safflower seed","no"
NA,"World","Oilseeds and oleaginous fruits","Yield","kg/ha",2004,686,"Safflower seed","no"
NA,"World","Oilseeds and oleaginous fruits","Yield","kg/ha",2005,724.6,"Safflower seed","no"
NA,"World","Oilseeds and oleaginous fruits","Yield","kg/ha",2006,764.7,"Safflower seed","no"
NA,"World","Oilseeds and oleaginous fruits","Yield","kg/ha",2007,837.9,"Safflower seed","no"
NA,"World","Oilseeds and oleaginous fruits","Yield","kg/ha",2008,835.8,"Safflower seed","no"
NA,"World","Oilseeds and oleaginous fruits","Yield","kg/ha",2009,806.5,"Safflower seed","no"
NA,"World","Oilseeds and oleaginous fruits","Yield","kg/ha",2010,796.2,"Safflower seed","no"
NA,"World","Oilseeds and oleaginous fruits","Yield","kg/ha",2011,843.5,"Safflower seed","no"
NA,"World","Oilseeds and oleaginous fruits","Yield","kg/ha",2012,871.8,"Safflower seed","no"
NA,"World","Oilseeds and oleaginous fruits","Yield","kg/ha",2013,804.6,"Safflower seed","no"
NA,"World","Oilseeds and oleaginous fruits","Yield","kg/ha",2014,818.2,"Safflower seed","no"
NA,"World","Oilseeds and oleaginous fruits","Yield","kg/ha",2015,783.2,"Safflower seed","no"
NA,"World","Oilseeds and oleaginous fruits","Yield","kg/ha",2016,810.3,"Safflower seed","no"
NA,"World","Oilseeds and oleaginous fruits","Yield","kg/ha",2017,853.8,"Safflower seed","no"
NA,"World","Oilseeds and oleaginous fruits","Yield","kg/ha",2018,929.5,"Safflower seed","no"
NA,"World","Oilseeds and oleaginous fruits","Yield","kg/ha",2019,904,"Safflower seed","no"
NA,"World","Oilseeds and oleaginous fruits","Yield","kg/ha",2020,840.7,"Safflower seed","no"
NA,"World","Oilseeds and oleaginous fruits","Yield","kg/ha",2021,730.5,"Safflower seed","no"
NA,"World","Oilseeds and oleaginous fruits","Yield","kg/ha",2022,832,"Safflower seed","no"
NA,"World","Oilseeds and oleaginous fruits","Yield","kg/ha",2023,794.7,"Safflower seed","no"
NA,"World","Oilseeds and oleaginous fruits","Production","t",1992,552936.86,"Safflower seed","no"
NA,"World","Oilseeds and oleaginous fruits","Production","t",1993,758486.76,"Safflower seed","no"
NA,"World","Oilseeds and oleaginous fruits","Production","t",1994,893522.48,"Safflower seed","no"
NA,"World","Oilseeds and oleaginous fruits","Production","t",1995,832926.24,"Safflower seed","no"
NA,"World","Oilseeds and oleaginous fruits","Production","t",1996,861452.77,"Safflower seed","no"
NA,"World","Oilseeds and oleaginous fruits","Production","t",1997,886224.2,"Safflower seed","no"
NA,"World","Oilseeds and oleaginous fruits","Production","t",1998,597242.4,"Safflower seed","no"
NA,"World","Oilseeds and oleaginous fruits","Production","t",1999,814976.91,"Safflower seed","no"
NA,"World","Oilseeds and oleaginous fruits","Production","t",2000,652439.76,"Safflower seed","no"
NA,"World","Oilseeds and oleaginous fruits","Production","t",2001,559180.75,"Safflower seed","no"
NA,"World","Oilseeds and oleaginous fruits","Production","t",2002,525736.72,"Safflower seed","no"
NA,"World","Oilseeds and oleaginous fruits","Production","t",2003,681806.67,"Safflower seed","no"
NA,"World","Oilseeds and oleaginous fruits","Production","t",2004,635878.73,"Safflower seed","no"
NA,"World","Oilseeds and oleaginous fruits","Production","t",2005,582954.6,"Safflower seed","no"
NA,"World","Oilseeds and oleaginous fruits","Production","t",2006,539736.84,"Safflower seed","no"
NA,"World","Oilseeds and oleaginous fruits","Production","t",2007,631692.72,"Safflower seed","no"
NA,"World","Oilseeds and oleaginous fruits","Production","t",2008,638420.51,"Safflower seed","no"
NA,"World","Oilseeds and oleaginous fruits","Production","t",2009,664145.77,"Safflower seed","no"
NA,"World","Oilseeds and oleaginous fruits","Production","t",2010,664723.09,"Safflower seed","no"
NA,"World","Oilseeds and oleaginous fruits","Production","t",2011,678277.88,"Safflower seed","no"
NA,"World","Oilseeds and oleaginous fruits","Production","t",2012,844434.55,"Safflower seed","no"
NA,"World","Oilseeds and oleaginous fruits","Production","t",2013,721634.48,"Safflower seed","no"
NA,"World","Oilseeds and oleaginous fruits","Production","t",2014,730653.03,"Safflower seed","no"
NA,"World","Oilseeds and oleaginous fruits","Production","t",2015,825333.17,"Safflower seed","no"
NA,"World","Oilseeds and oleaginous fruits","Production","t",2016,947784.78,"Safflower seed","no"
NA,"World","Oilseeds and oleaginous fruits","Production","t",2017,735560.8,"Safflower seed","no"
NA,"World","Oilseeds and oleaginous fruits","Production","t",2018,609021.89,"Safflower seed","no"
NA,"World","Oilseeds and oleaginous fruits","Production","t",2019,587196.36,"Safflower seed","no"
NA,"World","Oilseeds and oleaginous fruits","Production","t",2020,661582.46,"Safflower seed","no"
NA,"World","Oilseeds and oleaginous fruits","Production","t",2021,627282.25,"Safflower seed","no"
NA,"World","Oilseeds and oleaginous fruits","Production","t",2022,1002023.32,"Safflower seed","no"
NA,"World","Oilseeds and oleaginous fruits","Production","t",2023,723874.9,"Safflower seed","no"
NA,"World","Vegetable oils","Production","t",1992,152743.75,"Safflower-seed oil, crude","no"
NA,"World","Vegetable oils","Production","t",1993,180592.86,"Safflower-seed oil, crude","no"
NA,"World","Vegetable oils","Production","t",1994,214982.64,"Safflower-seed oil, crude","no"
NA,"World","Vegetable oils","Production","t",1995,214625.66,"Safflower-seed oil, crude","no"
NA,"World","Vegetable oils","Production","t",1996,255560.61,"Safflower-seed oil, crude","no"
NA,"World","Vegetable oils","Production","t",1997,270725.28,"Safflower-seed oil, crude","no"
NA,"World","Vegetable oils","Production","t",1998,170690.34,"Safflower-seed oil, crude","no"
NA,"World","Vegetable oils","Production","t",1999,196255.52,"Safflower-seed oil, crude","no"
NA,"World","Vegetable oils","Production","t",2000,185396,"Safflower-seed oil, crude","no"
NA,"World","Vegetable oils","Production","t",2001,150765.26,"Safflower-seed oil, crude","no"
NA,"World","Vegetable oils","Production","t",2002,142351.61,"Safflower-seed oil, crude","no"
NA,"World","Vegetable oils","Production","t",2003,166874.21,"Safflower-seed oil, crude","no"
NA,"World","Vegetable oils","Production","t",2004,142101.38,"Safflower-seed oil, crude","no"
NA,"World","Vegetable oils","Production","t",2005,130952.28,"Safflower-seed oil, crude","no"
NA,"World","Vegetable oils","Production","t",2006,128706.52,"Safflower-seed oil, crude","no"
NA,"World","Vegetable oils","Production","t",2007,144265.13,"Safflower-seed oil, crude","no"
NA,"World","Vegetable oils","Production","t",2008,161448.08,"Safflower-seed oil, crude","no"
NA,"World","Vegetable oils","Production","t",2009,140065.48,"Safflower-seed oil, crude","no"
NA,"World","Vegetable oils","Production","t",2010,134868.18,"Safflower-seed oil, crude","no"
NA,"World","Vegetable oils","Production","t",2011,145654.58,"Safflower-seed oil, crude","no"
NA,"World","Vegetable oils","Production","t",2012,154375.29,"Safflower-seed oil, crude","no"
NA,"World","Vegetable oils","Production","t",2013,120878.68,"Safflower-seed oil, crude","no"
NA,"World","Vegetable oils","Production","t",2014,108308.84,"Safflower-seed oil, crude","no"
NA,"World","Vegetable oils","Production","t",2015,117770.87,"Safflower-seed oil, crude","no"
NA,"World","Vegetable oils","Production","t",2016,117222.74,"Safflower-seed oil, crude","no"
NA,"World","Vegetable oils","Production","t",2017,90157.09,"Safflower-seed oil, crude","no"
NA,"World","Vegetable oils","Production","t",2018,102893.93,"Safflower-seed oil, crude","no"
NA,"World","Vegetable oils","Production","t",2019,72616.69,"Safflower-seed oil, crude","no"
NA,"World","Vegetable oils","Production","t",2020,71094.12,"Safflower-seed oil, crude","no"
NA,"World","Vegetable oils","Production","t",2021,58753.1,"Safflower-seed oil, crude","no"
NA,"World","Vegetable oils","Production","t",2022,75060.94,"Safflower-seed oil, crude","no"
NA,"World","Vegetable oils","Production","t",2023,NA,"Safflower-seed oil, crude","no"
NA,"World","Forage products; fibre crops; plants used in perfumery, pharmacy, or for insecticidal, fungicidal or similar purposes; beet, forage plant and flower seeds; natural rubber; living plants, cut flowers and flower buds; unmanufactured tobacco; other raw vegetable materials","Area harvested","ha",1992,33836752,"Seed cotton, unginned","no"
NA,"World","Forage products; fibre crops; plants used in perfumery, pharmacy, or for insecticidal, fungicidal or similar purposes; beet, forage plant and flower seeds; natural rubber; living plants, cut flowers and flower buds; unmanufactured tobacco; other raw vegetable materials","Area harvested","ha",1993,30320535,"Seed cotton, unginned","no"
NA,"World","Forage products; fibre crops; plants used in perfumery, pharmacy, or for insecticidal, fungicidal or similar purposes; beet, forage plant and flower seeds; natural rubber; living plants, cut flowers and flower buds; unmanufactured tobacco; other raw vegetable materials","Area harvested","ha",1994,32082153,"Seed cotton, unginned","no"
NA,"World","Forage products; fibre crops; plants used in perfumery, pharmacy, or for insecticidal, fungicidal or similar purposes; beet, forage plant and flower seeds; natural rubber; living plants, cut flowers and flower buds; unmanufactured tobacco; other raw vegetable materials","Area harvested","ha",1995,35535867,"Seed cotton, unginned","no"
NA,"World","Forage products; fibre crops; plants used in perfumery, pharmacy, or for insecticidal, fungicidal or similar purposes; beet, forage plant and flower seeds; natural rubber; living plants, cut flowers and flower buds; unmanufactured tobacco; other raw vegetable materials","Area harvested","ha",1996,34360230,"Seed cotton, unginned","no"
NA,"World","Forage products; fibre crops; plants used in perfumery, pharmacy, or for insecticidal, fungicidal or similar purposes; beet, forage plant and flower seeds; natural rubber; living plants, cut flowers and flower buds; unmanufactured tobacco; other raw vegetable materials","Area harvested","ha",1997,33991704,"Seed cotton, unginned","no"
NA,"World","Forage products; fibre crops; plants used in perfumery, pharmacy, or for insecticidal, fungicidal or similar purposes; beet, forage plant and flower seeds; natural rubber; living plants, cut flowers and flower buds; unmanufactured tobacco; other raw vegetable materials","Area harvested","ha",1998,33367729,"Seed cotton, unginned","no"
NA,"World","Forage products; fibre crops; plants used in perfumery, pharmacy, or for insecticidal, fungicidal or similar purposes; beet, forage plant and flower seeds; natural rubber; living plants, cut flowers and flower buds; unmanufactured tobacco; other raw vegetable materials","Area harvested","ha",1999,32588847,"Seed cotton, unginned","no"
NA,"World","Forage products; fibre crops; plants used in perfumery, pharmacy, or for insecticidal, fungicidal or similar purposes; beet, forage plant and flower seeds; natural rubber; living plants, cut flowers and flower buds; unmanufactured tobacco; other raw vegetable materials","Area harvested","ha",2000,31543060,"Seed cotton, unginned","no"
NA,"World","Forage products; fibre crops; plants used in perfumery, pharmacy, or for insecticidal, fungicidal or similar purposes; beet, forage plant and flower seeds; natural rubber; living plants, cut flowers and flower buds; unmanufactured tobacco; other raw vegetable materials","Area harvested","ha",2001,34548040,"Seed cotton, unginned","no"
NA,"World","Forage products; fibre crops; plants used in perfumery, pharmacy, or for insecticidal, fungicidal or similar purposes; beet, forage plant and flower seeds; natural rubber; living plants, cut flowers and flower buds; unmanufactured tobacco; other raw vegetable materials","Area harvested","ha",2002,30667945,"Seed cotton, unginned","no"
NA,"World","Forage products; fibre crops; plants used in perfumery, pharmacy, or for insecticidal, fungicidal or similar purposes; beet, forage plant and flower seeds; natural rubber; living plants, cut flowers and flower buds; unmanufactured tobacco; other raw vegetable materials","Area harvested","ha",2003,30913633,"Seed cotton, unginned","no"
NA,"World","Forage products; fibre crops; plants used in perfumery, pharmacy, or for insecticidal, fungicidal or similar purposes; beet, forage plant and flower seeds; natural rubber; living plants, cut flowers and flower buds; unmanufactured tobacco; other raw vegetable materials","Area harvested","ha",2004,34941748,"Seed cotton, unginned","no"
NA,"World","Forage products; fibre crops; plants used in perfumery, pharmacy, or for insecticidal, fungicidal or similar purposes; beet, forage plant and flower seeds; natural rubber; living plants, cut flowers and flower buds; unmanufactured tobacco; other raw vegetable materials","Area harvested","ha",2005,34641167,"Seed cotton, unginned","no"
NA,"World","Forage products; fibre crops; plants used in perfumery, pharmacy, or for insecticidal, fungicidal or similar purposes; beet, forage plant and flower seeds; natural rubber; living plants, cut flowers and flower buds; unmanufactured tobacco; other raw vegetable materials","Area harvested","ha",2006,34326578,"Seed cotton, unginned","no"
NA,"World","Forage products; fibre crops; plants used in perfumery, pharmacy, or for insecticidal, fungicidal or similar purposes; beet, forage plant and flower seeds; natural rubber; living plants, cut flowers and flower buds; unmanufactured tobacco; other raw vegetable materials","Area harvested","ha",2007,33382368,"Seed cotton, unginned","no"
NA,"World","Forage products; fibre crops; plants used in perfumery, pharmacy, or for insecticidal, fungicidal or similar purposes; beet, forage plant and flower seeds; natural rubber; living plants, cut flowers and flower buds; unmanufactured tobacco; other raw vegetable materials","Area harvested","ha",2008,30926537,"Seed cotton, unginned","no"
NA,"World","Forage products; fibre crops; plants used in perfumery, pharmacy, or for insecticidal, fungicidal or similar purposes; beet, forage plant and flower seeds; natural rubber; living plants, cut flowers and flower buds; unmanufactured tobacco; other raw vegetable materials","Area harvested","ha",2009,30091558,"Seed cotton, unginned","no"
NA,"World","Forage products; fibre crops; plants used in perfumery, pharmacy, or for insecticidal, fungicidal or similar purposes; beet, forage plant and flower seeds; natural rubber; living plants, cut flowers and flower buds; unmanufactured tobacco; other raw vegetable materials","Area harvested","ha",2010,31674228,"Seed cotton, unginned","no"
NA,"World","Forage products; fibre crops; plants used in perfumery, pharmacy, or for insecticidal, fungicidal or similar purposes; beet, forage plant and flower seeds; natural rubber; living plants, cut flowers and flower buds; unmanufactured tobacco; other raw vegetable materials","Area harvested","ha",2011,34360131,"Seed cotton, unginned","no"
NA,"World","Forage products; fibre crops; plants used in perfumery, pharmacy, or for insecticidal, fungicidal or similar purposes; beet, forage plant and flower seeds; natural rubber; living plants, cut flowers and flower buds; unmanufactured tobacco; other raw vegetable materials","Area harvested","ha",2012,34562631,"Seed cotton, unginned","no"
NA,"World","Forage products; fibre crops; plants used in perfumery, pharmacy, or for insecticidal, fungicidal or similar purposes; beet, forage plant and flower seeds; natural rubber; living plants, cut flowers and flower buds; unmanufactured tobacco; other raw vegetable materials","Area harvested","ha",2013,31984004,"Seed cotton, unginned","no"
NA,"World","Forage products; fibre crops; plants used in perfumery, pharmacy, or for insecticidal, fungicidal or similar purposes; beet, forage plant and flower seeds; natural rubber; living plants, cut flowers and flower buds; unmanufactured tobacco; other raw vegetable materials","Area harvested","ha",2014,34471386,"Seed cotton, unginned","no"
NA,"World","Forage products; fibre crops; plants used in perfumery, pharmacy, or for insecticidal, fungicidal or similar purposes; beet, forage plant and flower seeds; natural rubber; living plants, cut flowers and flower buds; unmanufactured tobacco; other raw vegetable materials","Area harvested","ha",2015,31471568,"Seed cotton, unginned","no"
NA,"World","Forage products; fibre crops; plants used in perfumery, pharmacy, or for insecticidal, fungicidal or similar purposes; beet, forage plant and flower seeds; natural rubber; living plants, cut flowers and flower buds; unmanufactured tobacco; other raw vegetable materials","Area harvested","ha",2016,30045910,"Seed cotton, unginned","no"
NA,"World","Forage products; fibre crops; plants used in perfumery, pharmacy, or for insecticidal, fungicidal or similar purposes; beet, forage plant and flower seeds; natural rubber; living plants, cut flowers and flower buds; unmanufactured tobacco; other raw vegetable materials","Area harvested","ha",2017,34442866,"Seed cotton, unginned","no"
NA,"World","Forage products; fibre crops; plants used in perfumery, pharmacy, or for insecticidal, fungicidal or similar purposes; beet, forage plant and flower seeds; natural rubber; living plants, cut flowers and flower buds; unmanufactured tobacco; other raw vegetable materials","Area harvested","ha",2018,32749200,"Seed cotton, unginned","no"
NA,"World","Forage products; fibre crops; plants used in perfumery, pharmacy, or for insecticidal, fungicidal or similar purposes; beet, forage plant and flower seeds; natural rubber; living plants, cut flowers and flower buds; unmanufactured tobacco; other raw vegetable materials","Area harvested","ha",2019,34049489,"Seed cotton, unginned","no"
NA,"World","Forage products; fibre crops; plants used in perfumery, pharmacy, or for insecticidal, fungicidal or similar purposes; beet, forage plant and flower seeds; natural rubber; living plants, cut flowers and flower buds; unmanufactured tobacco; other raw vegetable materials","Area harvested","ha",2020,32069130,"Seed cotton, unginned","no"
NA,"World","Forage products; fibre crops; plants used in perfumery, pharmacy, or for insecticidal, fungicidal or similar purposes; beet, forage plant and flower seeds; natural rubber; living plants, cut flowers and flower buds; unmanufactured tobacco; other raw vegetable materials","Area harvested","ha",2021,32633823,"Seed cotton, unginned","no"
NA,"World","Forage products; fibre crops; plants used in perfumery, pharmacy, or for insecticidal, fungicidal or similar purposes; beet, forage plant and flower seeds; natural rubber; living plants, cut flowers and flower buds; unmanufactured tobacco; other raw vegetable materials","Area harvested","ha",2022,31432424,"Seed cotton, unginned","no"
NA,"World","Forage products; fibre crops; plants used in perfumery, pharmacy, or for insecticidal, fungicidal or similar purposes; beet, forage plant and flower seeds; natural rubber; living plants, cut flowers and flower buds; unmanufactured tobacco; other raw vegetable materials","Area harvested","ha",2023,32233982,"Seed cotton, unginned","no"
NA,"World","Forage products; fibre crops; plants used in perfumery, pharmacy, or for insecticidal, fungicidal or similar purposes; beet, forage plant and flower seeds; natural rubber; living plants, cut flowers and flower buds; unmanufactured tobacco; other raw vegetable materials","Yield","kg/ha",1992,1556.2,"Seed cotton, unginned","no"
NA,"World","Forage products; fibre crops; plants used in perfumery, pharmacy, or for insecticidal, fungicidal or similar purposes; beet, forage plant and flower seeds; natural rubber; living plants, cut flowers and flower buds; unmanufactured tobacco; other raw vegetable materials","Yield","kg/ha",1993,1578.5,"Seed cotton, unginned","no"
NA,"World","Forage products; fibre crops; plants used in perfumery, pharmacy, or for insecticidal, fungicidal or similar purposes; beet, forage plant and flower seeds; natural rubber; living plants, cut flowers and flower buds; unmanufactured tobacco; other raw vegetable materials","Yield","kg/ha",1994,1651.9,"Seed cotton, unginned","no"
NA,"World","Forage products; fibre crops; plants used in perfumery, pharmacy, or for insecticidal, fungicidal or similar purposes; beet, forage plant and flower seeds; natural rubber; living plants, cut flowers and flower buds; unmanufactured tobacco; other raw vegetable materials","Yield","kg/ha",1995,1598.4,"Seed cotton, unginned","no"
NA,"World","Forage products; fibre crops; plants used in perfumery, pharmacy, or for insecticidal, fungicidal or similar purposes; beet, forage plant and flower seeds; natural rubber; living plants, cut flowers and flower buds; unmanufactured tobacco; other raw vegetable materials","Yield","kg/ha",1996,1613,"Seed cotton, unginned","no"
NA,"World","Forage products; fibre crops; plants used in perfumery, pharmacy, or for insecticidal, fungicidal or similar purposes; beet, forage plant and flower seeds; natural rubber; living plants, cut flowers and flower buds; unmanufactured tobacco; other raw vegetable materials","Yield","kg/ha",1997,1612.9,"Seed cotton, unginned","no"
NA,"World","Forage products; fibre crops; plants used in perfumery, pharmacy, or for insecticidal, fungicidal or similar purposes; beet, forage plant and flower seeds; natural rubber; living plants, cut flowers and flower buds; unmanufactured tobacco; other raw vegetable materials","Yield","kg/ha",1998,1571.1,"Seed cotton, unginned","no"
NA,"World","Forage products; fibre crops; plants used in perfumery, pharmacy, or for insecticidal, fungicidal or similar purposes; beet, forage plant and flower seeds; natural rubber; living plants, cut flowers and flower buds; unmanufactured tobacco; other raw vegetable materials","Yield","kg/ha",1999,1632,"Seed cotton, unginned","no"
NA,"World","Forage products; fibre crops; plants used in perfumery, pharmacy, or for insecticidal, fungicidal or similar purposes; beet, forage plant and flower seeds; natural rubber; living plants, cut flowers and flower buds; unmanufactured tobacco; other raw vegetable materials","Yield","kg/ha",2000,1678.3,"Seed cotton, unginned","no"
NA,"World","Forage products; fibre crops; plants used in perfumery, pharmacy, or for insecticidal, fungicidal or similar purposes; beet, forage plant and flower seeds; natural rubber; living plants, cut flowers and flower buds; unmanufactured tobacco; other raw vegetable materials","Yield","kg/ha",2001,1740.6,"Seed cotton, unginned","no"
NA,"World","Forage products; fibre crops; plants used in perfumery, pharmacy, or for insecticidal, fungicidal or similar purposes; beet, forage plant and flower seeds; natural rubber; living plants, cut flowers and flower buds; unmanufactured tobacco; other raw vegetable materials","Yield","kg/ha",2002,1754.5,"Seed cotton, unginned","no"
NA,"World","Forage products; fibre crops; plants used in perfumery, pharmacy, or for insecticidal, fungicidal or similar purposes; beet, forage plant and flower seeds; natural rubber; living plants, cut flowers and flower buds; unmanufactured tobacco; other raw vegetable materials","Yield","kg/ha",2003,1798.4,"Seed cotton, unginned","no"
NA,"World","Forage products; fibre crops; plants used in perfumery, pharmacy, or for insecticidal, fungicidal or similar purposes; beet, forage plant and flower seeds; natural rubber; living plants, cut flowers and flower buds; unmanufactured tobacco; other raw vegetable materials","Yield","kg/ha",2004,2022.2,"Seed cotton, unginned","no"
NA,"World","Forage products; fibre crops; plants used in perfumery, pharmacy, or for insecticidal, fungicidal or similar purposes; beet, forage plant and flower seeds; natural rubber; living plants, cut flowers and flower buds; unmanufactured tobacco; other raw vegetable materials","Yield","kg/ha",2005,2007.1,"Seed cotton, unginned","no"
NA,"World","Forage products; fibre crops; plants used in perfumery, pharmacy, or for insecticidal, fungicidal or similar purposes; beet, forage plant and flower seeds; natural rubber; living plants, cut flowers and flower buds; unmanufactured tobacco; other raw vegetable materials","Yield","kg/ha",2006,2074.1,"Seed cotton, unginned","no"
NA,"World","Forage products; fibre crops; plants used in perfumery, pharmacy, or for insecticidal, fungicidal or similar purposes; beet, forage plant and flower seeds; natural rubber; living plants, cut flowers and flower buds; unmanufactured tobacco; other raw vegetable materials","Yield","kg/ha",2007,2201.2,"Seed cotton, unginned","no"
NA,"World","Forage products; fibre crops; plants used in perfumery, pharmacy, or for insecticidal, fungicidal or similar purposes; beet, forage plant and flower seeds; natural rubber; living plants, cut flowers and flower buds; unmanufactured tobacco; other raw vegetable materials","Yield","kg/ha",2008,2139,"Seed cotton, unginned","no"
NA,"World","Forage products; fibre crops; plants used in perfumery, pharmacy, or for insecticidal, fungicidal or similar purposes; beet, forage plant and flower seeds; natural rubber; living plants, cut flowers and flower buds; unmanufactured tobacco; other raw vegetable materials","Yield","kg/ha",2009,2050.9,"Seed cotton, unginned","no"
NA,"World","Forage products; fibre crops; plants used in perfumery, pharmacy, or for insecticidal, fungicidal or similar purposes; beet, forage plant and flower seeds; natural rubber; living plants, cut flowers and flower buds; unmanufactured tobacco; other raw vegetable materials","Yield","kg/ha",2010,2184.5,"Seed cotton, unginned","no"
NA,"World","Forage products; fibre crops; plants used in perfumery, pharmacy, or for insecticidal, fungicidal or similar purposes; beet, forage plant and flower seeds; natural rubber; living plants, cut flowers and flower buds; unmanufactured tobacco; other raw vegetable materials","Yield","kg/ha",2011,2313.5,"Seed cotton, unginned","no"
NA,"World","Forage products; fibre crops; plants used in perfumery, pharmacy, or for insecticidal, fungicidal or similar purposes; beet, forage plant and flower seeds; natural rubber; living plants, cut flowers and flower buds; unmanufactured tobacco; other raw vegetable materials","Yield","kg/ha",2012,2286.9,"Seed cotton, unginned","no"
NA,"World","Forage products; fibre crops; plants used in perfumery, pharmacy, or for insecticidal, fungicidal or similar purposes; beet, forage plant and flower seeds; natural rubber; living plants, cut flowers and flower buds; unmanufactured tobacco; other raw vegetable materials","Yield","kg/ha",2013,2262.9,"Seed cotton, unginned","no"
NA,"World","Forage products; fibre crops; plants used in perfumery, pharmacy, or for insecticidal, fungicidal or similar purposes; beet, forage plant and flower seeds; natural rubber; living plants, cut flowers and flower buds; unmanufactured tobacco; other raw vegetable materials","Yield","kg/ha",2014,2208.1,"Seed cotton, unginned","no"
NA,"World","Forage products; fibre crops; plants used in perfumery, pharmacy, or for insecticidal, fungicidal or similar purposes; beet, forage plant and flower seeds; natural rubber; living plants, cut flowers and flower buds; unmanufactured tobacco; other raw vegetable materials","Yield","kg/ha",2015,2093.4,"Seed cotton, unginned","no"
NA,"World","Forage products; fibre crops; plants used in perfumery, pharmacy, or for insecticidal, fungicidal or similar purposes; beet, forage plant and flower seeds; natural rubber; living plants, cut flowers and flower buds; unmanufactured tobacco; other raw vegetable materials","Yield","kg/ha",2016,2256.5,"Seed cotton, unginned","no"
NA,"World","Forage products; fibre crops; plants used in perfumery, pharmacy, or for insecticidal, fungicidal or similar purposes; beet, forage plant and flower seeds; natural rubber; living plants, cut flowers and flower buds; unmanufactured tobacco; other raw vegetable materials","Yield","kg/ha",2017,2148.1,"Seed cotton, unginned","no"
NA,"World","Forage products; fibre crops; plants used in perfumery, pharmacy, or for insecticidal, fungicidal or similar purposes; beet, forage plant and flower seeds; natural rubber; living plants, cut flowers and flower buds; unmanufactured tobacco; other raw vegetable materials","Yield","kg/ha",2018,2205.7,"Seed cotton, unginned","no"
NA,"World","Forage products; fibre crops; plants used in perfumery, pharmacy, or for insecticidal, fungicidal or similar purposes; beet, forage plant and flower seeds; natural rubber; living plants, cut flowers and flower buds; unmanufactured tobacco; other raw vegetable materials","Yield","kg/ha",2019,2458.3,"Seed cotton, unginned","no"
NA,"World","Forage products; fibre crops; plants used in perfumery, pharmacy, or for insecticidal, fungicidal or similar purposes; beet, forage plant and flower seeds; natural rubber; living plants, cut flowers and flower buds; unmanufactured tobacco; other raw vegetable materials","Yield","kg/ha",2020,2269.3,"Seed cotton, unginned","no"
NA,"World","Forage products; fibre crops; plants used in perfumery, pharmacy, or for insecticidal, fungicidal or similar purposes; beet, forage plant and flower seeds; natural rubber; living plants, cut flowers and flower buds; unmanufactured tobacco; other raw vegetable materials","Yield","kg/ha",2021,2324.1,"Seed cotton, unginned","no"
NA,"World","Forage products; fibre crops; plants used in perfumery, pharmacy, or for insecticidal, fungicidal or similar purposes; beet, forage plant and flower seeds; natural rubber; living plants, cut flowers and flower buds; unmanufactured tobacco; other raw vegetable materials","Yield","kg/ha",2022,2281.6,"Seed cotton, unginned","no"
NA,"World","Forage products; fibre crops; plants used in perfumery, pharmacy, or for insecticidal, fungicidal or similar purposes; beet, forage plant and flower seeds; natural rubber; living plants, cut flowers and flower buds; unmanufactured tobacco; other raw vegetable materials","Yield","kg/ha",2023,2304.7,"Seed cotton, unginned","no"
NA,"World","Forage products; fibre crops; plants used in perfumery, pharmacy, or for insecticidal, fungicidal or similar purposes; beet, forage plant and flower seeds; natural rubber; living plants, cut flowers and flower buds; unmanufactured tobacco; other raw vegetable materials","Production","t",1992,52656696.07,"Seed cotton, unginned","no"
NA,"World","Forage products; fibre crops; plants used in perfumery, pharmacy, or for insecticidal, fungicidal or similar purposes; beet, forage plant and flower seeds; natural rubber; living plants, cut flowers and flower buds; unmanufactured tobacco; other raw vegetable materials","Production","t",1993,47860079.69,"Seed cotton, unginned","no"
NA,"World","Forage products; fibre crops; plants used in perfumery, pharmacy, or for insecticidal, fungicidal or similar purposes; beet, forage plant and flower seeds; natural rubber; living plants, cut flowers and flower buds; unmanufactured tobacco; other raw vegetable materials","Production","t",1994,52995031.31,"Seed cotton, unginned","no"
NA,"World","Forage products; fibre crops; plants used in perfumery, pharmacy, or for insecticidal, fungicidal or similar purposes; beet, forage plant and flower seeds; natural rubber; living plants, cut flowers and flower buds; unmanufactured tobacco; other raw vegetable materials","Production","t",1995,56799860.21,"Seed cotton, unginned","no"
NA,"World","Forage products; fibre crops; plants used in perfumery, pharmacy, or for insecticidal, fungicidal or similar purposes; beet, forage plant and flower seeds; natural rubber; living plants, cut flowers and flower buds; unmanufactured tobacco; other raw vegetable materials","Production","t",1996,55423511.64,"Seed cotton, unginned","no"
NA,"World","Forage products; fibre crops; plants used in perfumery, pharmacy, or for insecticidal, fungicidal or similar purposes; beet, forage plant and flower seeds; natural rubber; living plants, cut flowers and flower buds; unmanufactured tobacco; other raw vegetable materials","Production","t",1997,54826087.79,"Seed cotton, unginned","no"
NA,"World","Forage products; fibre crops; plants used in perfumery, pharmacy, or for insecticidal, fungicidal or similar purposes; beet, forage plant and flower seeds; natural rubber; living plants, cut flowers and flower buds; unmanufactured tobacco; other raw vegetable materials","Production","t",1998,52423218.51,"Seed cotton, unginned","no"
NA,"World","Forage products; fibre crops; plants used in perfumery, pharmacy, or for insecticidal, fungicidal or similar purposes; beet, forage plant and flower seeds; natural rubber; living plants, cut flowers and flower buds; unmanufactured tobacco; other raw vegetable materials","Production","t",1999,53185241.04,"Seed cotton, unginned","no"
NA,"World","Forage products; fibre crops; plants used in perfumery, pharmacy, or for insecticidal, fungicidal or similar purposes; beet, forage plant and flower seeds; natural rubber; living plants, cut flowers and flower buds; unmanufactured tobacco; other raw vegetable materials","Production","t",2000,52938478.31,"Seed cotton, unginned","no"
NA,"World","Forage products; fibre crops; plants used in perfumery, pharmacy, or for insecticidal, fungicidal or similar purposes; beet, forage plant and flower seeds; natural rubber; living plants, cut flowers and flower buds; unmanufactured tobacco; other raw vegetable materials","Production","t",2001,60135670.16,"Seed cotton, unginned","no"
NA,"World","Forage products; fibre crops; plants used in perfumery, pharmacy, or for insecticidal, fungicidal or similar purposes; beet, forage plant and flower seeds; natural rubber; living plants, cut flowers and flower buds; unmanufactured tobacco; other raw vegetable materials","Production","t",2002,53806043.98,"Seed cotton, unginned","no"
NA,"World","Forage products; fibre crops; plants used in perfumery, pharmacy, or for insecticidal, fungicidal or similar purposes; beet, forage plant and flower seeds; natural rubber; living plants, cut flowers and flower buds; unmanufactured tobacco; other raw vegetable materials","Production","t",2003,55594454.6,"Seed cotton, unginned","no"
NA,"World","Forage products; fibre crops; plants used in perfumery, pharmacy, or for insecticidal, fungicidal or similar purposes; beet, forage plant and flower seeds; natural rubber; living plants, cut flowers and flower buds; unmanufactured tobacco; other raw vegetable materials","Production","t",2004,70659651.02,"Seed cotton, unginned","no"
NA,"World","Forage products; fibre crops; plants used in perfumery, pharmacy, or for insecticidal, fungicidal or similar purposes; beet, forage plant and flower seeds; natural rubber; living plants, cut flowers and flower buds; unmanufactured tobacco; other raw vegetable materials","Production","t",2005,69527275.6,"Seed cotton, unginned","no"
NA,"World","Forage products; fibre crops; plants used in perfumery, pharmacy, or for insecticidal, fungicidal or similar purposes; beet, forage plant and flower seeds; natural rubber; living plants, cut flowers and flower buds; unmanufactured tobacco; other raw vegetable materials","Production","t",2006,71197976.09,"Seed cotton, unginned","no"
NA,"World","Forage products; fibre crops; plants used in perfumery, pharmacy, or for insecticidal, fungicidal or similar purposes; beet, forage plant and flower seeds; natural rubber; living plants, cut flowers and flower buds; unmanufactured tobacco; other raw vegetable materials","Production","t",2007,73480945.2,"Seed cotton, unginned","no"
NA,"World","Forage products; fibre crops; plants used in perfumery, pharmacy, or for insecticidal, fungicidal or similar purposes; beet, forage plant and flower seeds; natural rubber; living plants, cut flowers and flower buds; unmanufactured tobacco; other raw vegetable materials","Production","t",2008,66151815.32,"Seed cotton, unginned","no"
NA,"World","Forage products; fibre crops; plants used in perfumery, pharmacy, or for insecticidal, fungicidal or similar purposes; beet, forage plant and flower seeds; natural rubber; living plants, cut flowers and flower buds; unmanufactured tobacco; other raw vegetable materials","Production","t",2009,61714866.78,"Seed cotton, unginned","no"
NA,"World","Forage products; fibre crops; plants used in perfumery, pharmacy, or for insecticidal, fungicidal or similar purposes; beet, forage plant and flower seeds; natural rubber; living plants, cut flowers and flower buds; unmanufactured tobacco; other raw vegetable materials","Production","t",2010,69191314.96,"Seed cotton, unginned","no"
NA,"World","Forage products; fibre crops; plants used in perfumery, pharmacy, or for insecticidal, fungicidal or similar purposes; beet, forage plant and flower seeds; natural rubber; living plants, cut flowers and flower buds; unmanufactured tobacco; other raw vegetable materials","Production","t",2011,79492840.6,"Seed cotton, unginned","no"
NA,"World","Forage products; fibre crops; plants used in perfumery, pharmacy, or for insecticidal, fungicidal or similar purposes; beet, forage plant and flower seeds; natural rubber; living plants, cut flowers and flower buds; unmanufactured tobacco; other raw vegetable materials","Production","t",2012,79041692.89,"Seed cotton, unginned","no"
NA,"World","Forage products; fibre crops; plants used in perfumery, pharmacy, or for insecticidal, fungicidal or similar purposes; beet, forage plant and flower seeds; natural rubber; living plants, cut flowers and flower buds; unmanufactured tobacco; other raw vegetable materials","Production","t",2013,72376173.94,"Seed cotton, unginned","no"
NA,"World","Forage products; fibre crops; plants used in perfumery, pharmacy, or for insecticidal, fungicidal or similar purposes; beet, forage plant and flower seeds; natural rubber; living plants, cut flowers and flower buds; unmanufactured tobacco; other raw vegetable materials","Production","t",2014,76115723.98,"Seed cotton, unginned","no"
NA,"World","Forage products; fibre crops; plants used in perfumery, pharmacy, or for insecticidal, fungicidal or similar purposes; beet, forage plant and flower seeds; natural rubber; living plants, cut flowers and flower buds; unmanufactured tobacco; other raw vegetable materials","Production","t",2015,65883456.21,"Seed cotton, unginned","no"
NA,"World","Forage products; fibre crops; plants used in perfumery, pharmacy, or for insecticidal, fungicidal or similar purposes; beet, forage plant and flower seeds; natural rubber; living plants, cut flowers and flower buds; unmanufactured tobacco; other raw vegetable materials","Production","t",2016,67798829.09,"Seed cotton, unginned","no"
NA,"World","Forage products; fibre crops; plants used in perfumery, pharmacy, or for insecticidal, fungicidal or similar purposes; beet, forage plant and flower seeds; natural rubber; living plants, cut flowers and flower buds; unmanufactured tobacco; other raw vegetable materials","Production","t",2017,73985327.48,"Seed cotton, unginned","no"
NA,"World","Forage products; fibre crops; plants used in perfumery, pharmacy, or for insecticidal, fungicidal or similar purposes; beet, forage plant and flower seeds; natural rubber; living plants, cut flowers and flower buds; unmanufactured tobacco; other raw vegetable materials","Production","t",2018,72234270.29,"Seed cotton, unginned","no"
NA,"World","Forage products; fibre crops; plants used in perfumery, pharmacy, or for insecticidal, fungicidal or similar purposes; beet, forage plant and flower seeds; natural rubber; living plants, cut flowers and flower buds; unmanufactured tobacco; other raw vegetable materials","Production","t",2019,83704722.38,"Seed cotton, unginned","no"
NA,"World","Forage products; fibre crops; plants used in perfumery, pharmacy, or for insecticidal, fungicidal or similar purposes; beet, forage plant and flower seeds; natural rubber; living plants, cut flowers and flower buds; unmanufactured tobacco; other raw vegetable materials","Production","t",2020,72776047.95,"Seed cotton, unginned","no"
NA,"World","Forage products; fibre crops; plants used in perfumery, pharmacy, or for insecticidal, fungicidal or similar purposes; beet, forage plant and flower seeds; natural rubber; living plants, cut flowers and flower buds; unmanufactured tobacco; other raw vegetable materials","Production","t",2021,75843477.87,"Seed cotton, unginned","no"
NA,"World","Forage products; fibre crops; plants used in perfumery, pharmacy, or for insecticidal, fungicidal or similar purposes; beet, forage plant and flower seeds; natural rubber; living plants, cut flowers and flower buds; unmanufactured tobacco; other raw vegetable materials","Production","t",2022,71714871.1,"Seed cotton, unginned","no"
NA,"World","Forage products; fibre crops; plants used in perfumery, pharmacy, or for insecticidal, fungicidal or similar purposes; beet, forage plant and flower seeds; natural rubber; living plants, cut flowers and flower buds; unmanufactured tobacco; other raw vegetable materials","Production","t",2023,74289756.87,"Seed cotton, unginned","no"
NA,"World","Oilseeds and oleaginous fruits","Area harvested","ha",1992,6702998,"Sesame seed","no"
NA,"World","Oilseeds and oleaginous fruits","Area harvested","ha",1993,6650501,"Sesame seed","no"
NA,"World","Oilseeds and oleaginous fruits","Area harvested","ha",1994,6600633,"Sesame seed","no"
NA,"World","Oilseeds and oleaginous fruits","Area harvested","ha",1995,6434412,"Sesame seed","no"
NA,"World","Oilseeds and oleaginous fruits","Area harvested","ha",1996,7103583,"Sesame seed","no"
NA,"World","Oilseeds and oleaginous fruits","Area harvested","ha",1997,6213285,"Sesame seed","no"
NA,"World","Oilseeds and oleaginous fruits","Area harvested","ha",1998,5892715,"Sesame seed","no"
NA,"World","Oilseeds and oleaginous fruits","Area harvested","ha",1999,7020836,"Sesame seed","no"
NA,"World","Oilseeds and oleaginous fruits","Area harvested","ha",2000,7509069,"Sesame seed","no"
NA,"World","Oilseeds and oleaginous fruits","Area harvested","ha",2001,6885129,"Sesame seed","no"
NA,"World","Oilseeds and oleaginous fruits","Area harvested","ha",2002,6258039,"Sesame seed","no"
NA,"World","Oilseeds and oleaginous fruits","Area harvested","ha",2003,6999704,"Sesame seed","no"
NA,"World","Oilseeds and oleaginous fruits","Area harvested","ha",2004,7408812,"Sesame seed","no"
NA,"World","Oilseeds and oleaginous fruits","Area harvested","ha",2005,7312521,"Sesame seed","no"
NA,"World","Oilseeds and oleaginous fruits","Area harvested","ha",2006,7671221,"Sesame seed","no"
NA,"World","Oilseeds and oleaginous fruits","Area harvested","ha",2007,7126834,"Sesame seed","no"
NA,"World","Oilseeds and oleaginous fruits","Area harvested","ha",2008,7485704,"Sesame seed","no"
NA,"World","Oilseeds and oleaginous fruits","Area harvested","ha",2009,7874607,"Sesame seed","no"
NA,"World","Oilseeds and oleaginous fruits","Area harvested","ha",2010,8227930,"Sesame seed","no"
NA,"World","Oilseeds and oleaginous fruits","Area harvested","ha",2011,8529987,"Sesame seed","no"
NA,"World","Oilseeds and oleaginous fruits","Area harvested","ha",2012,8545265,"Sesame seed","no"
NA,"World","Oilseeds and oleaginous fruits","Area harvested","ha",2013,10051411,"Sesame seed","no"
NA,"World","Oilseeds and oleaginous fruits","Area harvested","ha",2014,11190115,"Sesame seed","no"
NA,"World","Oilseeds and oleaginous fruits","Area harvested","ha",2015,10076293,"Sesame seed","no"
NA,"World","Oilseeds and oleaginous fruits","Area harvested","ha",2016,10878385,"Sesame seed","no"
NA,"World","Oilseeds and oleaginous fruits","Area harvested","ha",2017,11070444,"Sesame seed","no"
NA,"World","Oilseeds and oleaginous fruits","Area harvested","ha",2018,11875149,"Sesame seed","no"
NA,"World","Oilseeds and oleaginous fruits","Area harvested","ha",2019,13133661,"Sesame seed","no"
NA,"World","Oilseeds and oleaginous fruits","Area harvested","ha",2020,13367076,"Sesame seed","no"
NA,"World","Oilseeds and oleaginous fruits","Area harvested","ha",2021,14257855,"Sesame seed","no"
NA,"World","Oilseeds and oleaginous fruits","Area harvested","ha",2022,12631962,"Sesame seed","no"
NA,"World","Oilseeds and oleaginous fruits","Area harvested","ha",2023,13052038,"Sesame seed","no"
NA,"World","Oilseeds and oleaginous fruits","Yield","kg/ha",1992,376.8,"Sesame seed","no"
NA,"World","Oilseeds and oleaginous fruits","Yield","kg/ha",1993,340.9,"Sesame seed","no"
NA,"World","Oilseeds and oleaginous fruits","Yield","kg/ha",1994,352.7,"Sesame seed","no"
NA,"World","Oilseeds and oleaginous fruits","Yield","kg/ha",1995,391.8,"Sesame seed","no"
NA,"World","Oilseeds and oleaginous fruits","Yield","kg/ha",1996,397.6,"Sesame seed","no"
NA,"World","Oilseeds and oleaginous fruits","Yield","kg/ha",1997,400.8,"Sesame seed","no"
NA,"World","Oilseeds and oleaginous fruits","Yield","kg/ha",1998,411.8,"Sesame seed","no"
NA,"World","Oilseeds and oleaginous fruits","Yield","kg/ha",1999,376.4,"Sesame seed","no"
NA,"World","Oilseeds and oleaginous fruits","Yield","kg/ha",2000,380.8,"Sesame seed","no"
NA,"World","Oilseeds and oleaginous fruits","Yield","kg/ha",2001,444,"Sesame seed","no"
NA,"World","Oilseeds and oleaginous fruits","Yield","kg/ha",2002,448.9,"Sesame seed","no"
NA,"World","Oilseeds and oleaginous fruits","Yield","kg/ha",2003,441.8,"Sesame seed","no"
NA,"World","Oilseeds and oleaginous fruits","Yield","kg/ha",2004,453.3,"Sesame seed","no"
NA,"World","Oilseeds and oleaginous fruits","Yield","kg/ha",2005,465.1,"Sesame seed","no"
NA,"World","Oilseeds and oleaginous fruits","Yield","kg/ha",2006,469.4,"Sesame seed","no"
NA,"World","Oilseeds and oleaginous fruits","Yield","kg/ha",2007,509.5,"Sesame seed","no"
NA,"World","Oilseeds and oleaginous fruits","Yield","kg/ha",2008,497.8,"Sesame seed","no"
NA,"World","Oilseeds and oleaginous fruits","Yield","kg/ha",2009,490.9,"Sesame seed","no"
NA,"World","Oilseeds and oleaginous fruits","Yield","kg/ha",2010,544.5,"Sesame seed","no"
NA,"World","Oilseeds and oleaginous fruits","Yield","kg/ha",2011,572.7,"Sesame seed","no"
NA,"World","Oilseeds and oleaginous fruits","Yield","kg/ha",2012,650.1,"Sesame seed","no"
NA,"World","Oilseeds and oleaginous fruits","Yield","kg/ha",2013,544.1,"Sesame seed","no"
NA,"World","Oilseeds and oleaginous fruits","Yield","kg/ha",2014,548.4,"Sesame seed","no"
NA,"World","Oilseeds and oleaginous fruits","Yield","kg/ha",2015,569.2,"Sesame seed","no"
NA,"World","Oilseeds and oleaginous fruits","Yield","kg/ha",2016,535.8,"Sesame seed","no"
NA,"World","Oilseeds and oleaginous fruits","Yield","kg/ha",2017,537.8,"Sesame seed","no"
NA,"World","Oilseeds and oleaginous fruits","Yield","kg/ha",2018,520.4,"Sesame seed","no"
NA,"World","Oilseeds and oleaginous fruits","Yield","kg/ha",2019,519.3,"Sesame seed","no"
NA,"World","Oilseeds and oleaginous fruits","Yield","kg/ha",2020,463.7,"Sesame seed","no"
NA,"World","Oilseeds and oleaginous fruits","Yield","kg/ha",2021,469.2,"Sesame seed","no"
NA,"World","Oilseeds and oleaginous fruits","Yield","kg/ha",2022,494.7,"Sesame seed","no"
NA,"World","Oilseeds and oleaginous fruits","Yield","kg/ha",2023,520.1,"Sesame seed","no"
NA,"World","Oilseeds and oleaginous fruits","Production","t",1992,2525972.71,"Sesame seed","no"
NA,"World","Oilseeds and oleaginous fruits","Production","t",1993,2267083.56,"Sesame seed","no"
NA,"World","Oilseeds and oleaginous fruits","Production","t",1994,2328003.99,"Sesame seed","no"
NA,"World","Oilseeds and oleaginous fruits","Production","t",1995,2521088.42,"Sesame seed","no"
NA,"World","Oilseeds and oleaginous fruits","Production","t",1996,2824121.49,"Sesame seed","no"
NA,"World","Oilseeds and oleaginous fruits","Production","t",1997,2490153.74,"Sesame seed","no"
NA,"World","Oilseeds and oleaginous fruits","Production","t",1998,2426464.07,"Sesame seed","no"
NA,"World","Oilseeds and oleaginous fruits","Production","t",1999,2642788.59,"Sesame seed","no"
NA,"World","Oilseeds and oleaginous fruits","Production","t",2000,2859283.28,"Sesame seed","no"
NA,"World","Oilseeds and oleaginous fruits","Production","t",2001,3057028.08,"Sesame seed","no"
NA,"World","Oilseeds and oleaginous fruits","Production","t",2002,2809009.81,"Sesame seed","no"
NA,"World","Oilseeds and oleaginous fruits","Production","t",2003,3092590.48,"Sesame seed","no"
NA,"World","Oilseeds and oleaginous fruits","Production","t",2004,3358468.05,"Sesame seed","no"
NA,"World","Oilseeds and oleaginous fruits","Production","t",2005,3400700.56,"Sesame seed","no"
NA,"World","Oilseeds and oleaginous fruits","Production","t",2006,3600801.2,"Sesame seed","no"
NA,"World","Oilseeds and oleaginous fruits","Production","t",2007,3631014.12,"Sesame seed","no"
NA,"World","Oilseeds and oleaginous fruits","Production","t",2008,3726669.09,"Sesame seed","no"
NA,"World","Oilseeds and oleaginous fruits","Production","t",2009,3865551.64,"Sesame seed","no"
NA,"World","Oilseeds and oleaginous fruits","Production","t",2010,4479772.18,"Sesame seed","no"
NA,"World","Oilseeds and oleaginous fruits","Production","t",2011,4885484.19,"Sesame seed","no"
NA,"World","Oilseeds and oleaginous fruits","Production","t",2012,5555591.57,"Sesame seed","no"
NA,"World","Oilseeds and oleaginous fruits","Production","t",2013,5468544.21,"Sesame seed","no"
NA,"World","Oilseeds and oleaginous fruits","Production","t",2014,6136268.2,"Sesame seed","no"
NA,"World","Oilseeds and oleaginous fruits","Production","t",2015,5735241.18,"Sesame seed","no"
NA,"World","Oilseeds and oleaginous fruits","Production","t",2016,5828146.84,"Sesame seed","no"
NA,"World","Oilseeds and oleaginous fruits","Production","t",2017,5954021.3,"Sesame seed","no"
NA,"World","Oilseeds and oleaginous fruits","Production","t",2018,6179797.74,"Sesame seed","no"
NA,"World","Oilseeds and oleaginous fruits","Production","t",2019,6820783.27,"Sesame seed","no"
NA,"World","Oilseeds and oleaginous fruits","Production","t",2020,6198154.58,"Sesame seed","no"
NA,"World","Oilseeds and oleaginous fruits","Production","t",2021,6689615.48,"Sesame seed","no"
NA,"World","Oilseeds and oleaginous fruits","Production","t",2022,6249401.8,"Sesame seed","no"
NA,"World","Oilseeds and oleaginous fruits","Production","t",2023,6788881.07,"Sesame seed","no"
NA,"World","Live animals","Stocks","An",1992,1167594321,"Sheep","no"
NA,"World","Live animals","Stocks","An",1993,1124269366,"Sheep","no"
NA,"World","Live animals","Stocks","An",1994,1113806439,"Sheep","no"
NA,"World","Live animals","Stocks","An",1995,1079239390,"Sheep","no"
NA,"World","Live animals","Stocks","An",1996,1065888013,"Sheep","no"
NA,"World","Live animals","Stocks","An",1997,1045893064,"Sheep","no"
NA,"World","Live animals","Stocks","An",1998,1050444037,"Sheep","no"
NA,"World","Live animals","Stocks","An",1999,1060936408,"Sheep","no"
NA,"World","Live animals","Stocks","An",2000,1065587850,"Sheep","no"
NA,"World","Live animals","Stocks","An",2001,1043583818,"Sheep","no"
NA,"World","Live animals","Stocks","An",2002,1036030907,"Sheep","no"
NA,"World","Live animals","Stocks","An",2003,1045244377,"Sheep","no"
NA,"World","Live animals","Stocks","An",2004,1073980638,"Sheep","no"
NA,"World","Live animals","Stocks","An",2005,1104560025,"Sheep","no"
NA,"World","Live animals","Stocks","An",2006,1109598254,"Sheep","no"
NA,"World","Live animals","Stocks","An",2007,1121194170,"Sheep","no"
NA,"World","Live animals","Stocks","An",2008,1107128923,"Sheep","no"
NA,"World","Live animals","Stocks","An",2009,1102153073,"Sheep","no"
NA,"World","Live animals","Stocks","An",2010,1099410888,"Sheep","no"
NA,"World","Live animals","Stocks","An",2011,1119204498,"Sheep","no"
NA,"World","Live animals","Stocks","An",2012,1134204756,"Sheep","no"
NA,"World","Live animals","Stocks","An",2013,1163710020,"Sheep","no"
NA,"World","Live animals","Stocks","An",2014,1159412307,"Sheep","no"
NA,"World","Live animals","Stocks","An",2015,1188744617,"Sheep","no"
NA,"World","Live animals","Stocks","An",2016,1202861274,"Sheep","no"
NA,"World","Live animals","Stocks","An",2017,1212619712,"Sheep","no"
NA,"World","Live animals","Stocks","An",2018,1217705401,"Sheep","no"
NA,"World","Live animals","Stocks","An",2019,1244200492,"Sheep","no"
NA,"World","Live animals","Stocks","An",2020,1276080496,"Sheep","no"
NA,"World","Live animals","Stocks","An",2021,1306631622,"Sheep","no"
NA,"World","Live animals","Stocks","An",2022,1325044724,"Sheep","no"
NA,"World","Live animals","Stocks","An",2023,1323828040,"Sheep","no"
NA,"World","Animal fats","Production","t",1992,432750.54,"Sheep fat, unrendered","no"
NA,"World","Animal fats","Production","t",1993,433768.5,"Sheep fat, unrendered","no"
NA,"World","Animal fats","Production","t",1994,442521.69,"Sheep fat, unrendered","no"
NA,"World","Animal fats","Production","t",1995,437790.74,"Sheep fat, unrendered","no"
NA,"World","Animal fats","Production","t",1996,424739.12,"Sheep fat, unrendered","no"
NA,"World","Animal fats","Production","t",1997,433564.05,"Sheep fat, unrendered","no"
NA,"World","Animal fats","Production","t",1998,448729.2,"Sheep fat, unrendered","no"
NA,"World","Animal fats","Production","t",1999,449513.66,"Sheep fat, unrendered","no"
NA,"World","Animal fats","Production","t",2000,465365.8,"Sheep fat, unrendered","no"
NA,"World","Animal fats","Production","t",2001,481995.65,"Sheep fat, unrendered","no"
NA,"World","Animal fats","Production","t",2002,466815.4,"Sheep fat, unrendered","no"
NA,"World","Animal fats","Production","t",2003,469184.09,"Sheep fat, unrendered","no"
NA,"World","Animal fats","Production","t",2004,471526.81,"Sheep fat, unrendered","no"
NA,"World","Animal fats","Production","t",2005,483899,"Sheep fat, unrendered","no"
NA,"World","Animal fats","Production","t",2006,497950.47,"Sheep fat, unrendered","no"
NA,"World","Animal fats","Production","t",2007,519337.76,"Sheep fat, unrendered","no"
NA,"World","Animal fats","Production","t",2008,503604.94,"Sheep fat, unrendered","no"
NA,"World","Animal fats","Production","t",2009,501500.71,"Sheep fat, unrendered","no"
NA,"World","Animal fats","Production","t",2010,494768.56,"Sheep fat, unrendered","no"
NA,"World","Animal fats","Production","t",2011,498365.84,"Sheep fat, unrendered","no"
NA,"World","Animal fats","Production","t",2012,498398.38,"Sheep fat, unrendered","no"
NA,"World","Animal fats","Production","t",2013,515797.66,"Sheep fat, unrendered","no"
NA,"World","Animal fats","Production","t",2014,532272.87,"Sheep fat, unrendered","no"
NA,"World","Animal fats","Production","t",2015,547515.52,"Sheep fat, unrendered","no"
NA,"World","Animal fats","Production","t",2016,553194.67,"Sheep fat, unrendered","no"
NA,"World","Animal fats","Production","t",2017,545768.89,"Sheep fat, unrendered","no"
NA,"World","Animal fats","Production","t",2018,547941.37,"Sheep fat, unrendered","no"
NA,"World","Animal fats","Production","t",2019,552127.71,"Sheep fat, unrendered","no"
NA,"World","Animal fats","Production","t",2020,569475.15,"Sheep fat, unrendered","no"
NA,"World","Animal fats","Production","t",2021,591099.97,"Sheep fat, unrendered","no"
NA,"World","Animal fats","Production","t",2022,616016.15,"Sheep fat, unrendered","no"
NA,"World","Animal fats","Production","t",2023,638842.9,"Sheep fat, unrendered","no"
NA,"World","Other animal products","Production","t",1992,2918287.42,"Shorn wool, greasy, including fleece-washed shorn wool","no"
NA,"World","Other animal products","Production","t",1993,2811556.58,"Shorn wool, greasy, including fleece-washed shorn wool","no"
NA,"World","Other animal products","Production","t",1994,2728056.62,"Shorn wool, greasy, including fleece-washed shorn wool","no"
NA,"World","Other animal products","Production","t",1995,2569719.34,"Shorn wool, greasy, including fleece-washed shorn wool","no"
NA,"World","Other animal products","Production","t",1996,2421018.53,"Shorn wool, greasy, including fleece-washed shorn wool","no"
NA,"World","Other animal products","Production","t",1997,2396012.74,"Shorn wool, greasy, including fleece-washed shorn wool","no"
NA,"World","Other animal products","Production","t",1998,2338863.91,"Shorn wool, greasy, including fleece-washed shorn wool","no"
NA,"World","Other animal products","Production","t",1999,2323485.93,"Shorn wool, greasy, including fleece-washed shorn wool","no"
NA,"World","Other animal products","Production","t",2000,2315534.12,"Shorn wool, greasy, including fleece-washed shorn wool","no"
NA,"World","Other animal products","Production","t",2001,2157709.1,"Shorn wool, greasy, including fleece-washed shorn wool","no"
NA,"World","Other animal products","Production","t",2002,2155690.33,"Shorn wool, greasy, including fleece-washed shorn wool","no"
NA,"World","Other animal products","Production","t",2003,2085217.44,"Shorn wool, greasy, including fleece-washed shorn wool","no"
NA,"World","Other animal products","Production","t",2004,2154722.82,"Shorn wool, greasy, including fleece-washed shorn wool","no"
NA,"World","Other animal products","Production","t",2005,2178189.09,"Shorn wool, greasy, including fleece-washed shorn wool","no"
NA,"World","Other animal products","Production","t",2006,2198504.55,"Shorn wool, greasy, including fleece-washed shorn wool","no"
NA,"World","Other animal products","Production","t",2007,2157505.46,"Shorn wool, greasy, including fleece-washed shorn wool","no"
NA,"World","Other animal products","Production","t",2008,2050341.17,"Shorn wool, greasy, including fleece-washed shorn wool","no"
NA,"World","Other animal products","Production","t",2009,2037257.01,"Shorn wool, greasy, including fleece-washed shorn wool","no"
NA,"World","Other animal products","Production","t",2010,2016422.97,"Shorn wool, greasy, including fleece-washed shorn wool","no"
NA,"World","Other animal products","Production","t",2011,2086939.13,"Shorn wool, greasy, including fleece-washed shorn wool","no"
NA,"World","Other animal products","Production","t",2012,2018872.66,"Shorn wool, greasy, including fleece-washed shorn wool","no"
NA,"World","Other animal products","Production","t",2013,2051125.59,"Shorn wool, greasy, including fleece-washed shorn wool","no"
NA,"World","Other animal products","Production","t",2014,2026703.73,"Shorn wool, greasy, including fleece-washed shorn wool","no"
NA,"World","Other animal products","Production","t",2015,1983478.71,"Shorn wool, greasy, including fleece-washed shorn wool","no"
NA,"World","Other animal products","Production","t",2016,1977223.71,"Shorn wool, greasy, including fleece-washed shorn wool","no"
NA,"World","Other animal products","Production","t",2017,1993022.66,"Shorn wool, greasy, including fleece-washed shorn wool","no"
NA,"World","Other animal products","Production","t",2018,1841508.14,"Shorn wool, greasy, including fleece-washed shorn wool","no"
NA,"World","Other animal products","Production","t",2019,1760041.28,"Shorn wool, greasy, including fleece-washed shorn wool","no"
NA,"World","Other animal products","Production","t",2020,1715154.62,"Shorn wool, greasy, including fleece-washed shorn wool","no"
NA,"World","Other animal products","Production","t",2021,1796434.92,"Shorn wool, greasy, including fleece-washed shorn wool","no"
NA,"World","Other animal products","Production","t",2022,1763576.66,"Shorn wool, greasy, including fleece-washed shorn wool","no"
NA,"World","Other animal products","Production","t",2023,1746019.68,"Shorn wool, greasy, including fleece-washed shorn wool","no"
NA,"World","Other animal products","Production","t",1992,380291.12,"Silk-worm cocoons suitable for reeling","no"
NA,"World","Other animal products","Production","t",1993,403181.96,"Silk-worm cocoons suitable for reeling","no"
NA,"World","Other animal products","Production","t",1994,416426.92,"Silk-worm cocoons suitable for reeling","no"
NA,"World","Other animal products","Production","t",1995,410694.91,"Silk-worm cocoons suitable for reeling","no"
NA,"World","Other animal products","Production","t",1996,320193.52,"Silk-worm cocoons suitable for reeling","no"
NA,"World","Other animal products","Production","t",1997,304358.13,"Silk-worm cocoons suitable for reeling","no"
NA,"World","Other animal products","Production","t",1998,354670.32,"Silk-worm cocoons suitable for reeling","no"
NA,"World","Other animal products","Production","t",1999,357282.55,"Silk-worm cocoons suitable for reeling","no"
NA,"World","Other animal products","Production","t",2000,376715.59,"Silk-worm cocoons suitable for reeling","no"
NA,"World","Other animal products","Production","t",2001,436872.07,"Silk-worm cocoons suitable for reeling","no"
NA,"World","Other animal products","Production","t",2002,467698.87,"Silk-worm cocoons suitable for reeling","no"
NA,"World","Other animal products","Production","t",2003,445942.1,"Silk-worm cocoons suitable for reeling","no"
NA,"World","Other animal products","Production","t",2004,479408.63,"Silk-worm cocoons suitable for reeling","no"
NA,"World","Other animal products","Production","t",2005,503345.52,"Silk-worm cocoons suitable for reeling","no"
NA,"World","Other animal products","Production","t",2006,555041.58,"Silk-worm cocoons suitable for reeling","no"
NA,"World","Other animal products","Production","t",2007,565363.84,"Silk-worm cocoons suitable for reeling","no"
NA,"World","Other animal products","Production","t",2008,566337.84,"Silk-worm cocoons suitable for reeling","no"
NA,"World","Other animal products","Production","t",2009,571434.25,"Silk-worm cocoons suitable for reeling","no"
NA,"World","Other animal products","Production","t",2010,519096.41,"Silk-worm cocoons suitable for reeling","no"
NA,"World","Other animal products","Production","t",2011,501772.21,"Silk-worm cocoons suitable for reeling","no"
NA,"World","Other animal products","Production","t",2012,584514.12,"Silk-worm cocoons suitable for reeling","no"
NA,"World","Other animal products","Production","t",2013,600791.86,"Silk-worm cocoons suitable for reeling","no"
NA,"World","Other animal products","Production","t",2014,701834.73,"Silk-worm cocoons suitable for reeling","no"
NA,"World","Other animal products","Production","t",2015,750309.62,"Silk-worm cocoons suitable for reeling","no"
NA,"World","Other animal products","Production","t",2016,717758.08,"Silk-worm cocoons suitable for reeling","no"
NA,"World","Other animal products","Production","t",2017,668249.32,"Silk-worm cocoons suitable for reeling","no"
NA,"World","Other animal products","Production","t",2018,606104.98,"Silk-worm cocoons suitable for reeling","no"
NA,"World","Other animal products","Production","t",2019,485494.57,"Silk-worm cocoons suitable for reeling","no"
NA,"World","Other animal products","Production","t",2020,445535.04,"Silk-worm cocoons suitable for reeling","no"
NA,"World","Other animal products","Production","t",2021,414772.17,"Silk-worm cocoons suitable for reeling","no"
NA,"World","Other animal products","Production","t",2022,444052.19,"Silk-worm cocoons suitable for reeling","no"
NA,"World","Other animal products","Production","t",2023,461584.98,"Silk-worm cocoons suitable for reeling","no"
NA,"World","Forage products; fibre crops; plants used in perfumery, pharmacy, or for insecticidal, fungicidal or similar purposes; beet, forage plant and flower seeds; natural rubber; living plants, cut flowers and flower buds; unmanufactured tobacco; other raw vegetable materials","Area harvested","ha",1992,491769,"Sisal, raw","no"
NA,"World","Forage products; fibre crops; plants used in perfumery, pharmacy, or for insecticidal, fungicidal or similar purposes; beet, forage plant and flower seeds; natural rubber; living plants, cut flowers and flower buds; unmanufactured tobacco; other raw vegetable materials","Area harvested","ha",1993,396906,"Sisal, raw","no"
NA,"World","Forage products; fibre crops; plants used in perfumery, pharmacy, or for insecticidal, fungicidal or similar purposes; beet, forage plant and flower seeds; natural rubber; living plants, cut flowers and flower buds; unmanufactured tobacco; other raw vegetable materials","Area harvested","ha",1994,380567,"Sisal, raw","no"
NA,"World","Forage products; fibre crops; plants used in perfumery, pharmacy, or for insecticidal, fungicidal or similar purposes; beet, forage plant and flower seeds; natural rubber; living plants, cut flowers and flower buds; unmanufactured tobacco; other raw vegetable materials","Area harvested","ha",1995,371439,"Sisal, raw","no"
NA,"World","Forage products; fibre crops; plants used in perfumery, pharmacy, or for insecticidal, fungicidal or similar purposes; beet, forage plant and flower seeds; natural rubber; living plants, cut flowers and flower buds; unmanufactured tobacco; other raw vegetable materials","Area harvested","ha",1996,341258,"Sisal, raw","no"
NA,"World","Forage products; fibre crops; plants used in perfumery, pharmacy, or for insecticidal, fungicidal or similar purposes; beet, forage plant and flower seeds; natural rubber; living plants, cut flowers and flower buds; unmanufactured tobacco; other raw vegetable materials","Area harvested","ha",1997,359294,"Sisal, raw","no"
NA,"World","Forage products; fibre crops; plants used in perfumery, pharmacy, or for insecticidal, fungicidal or similar purposes; beet, forage plant and flower seeds; natural rubber; living plants, cut flowers and flower buds; unmanufactured tobacco; other raw vegetable materials","Area harvested","ha",1998,350537,"Sisal, raw","no"
NA,"World","Forage products; fibre crops; plants used in perfumery, pharmacy, or for insecticidal, fungicidal or similar purposes; beet, forage plant and flower seeds; natural rubber; living plants, cut flowers and flower buds; unmanufactured tobacco; other raw vegetable materials","Area harvested","ha",1999,366974,"Sisal, raw","no"
NA,"World","Forage products; fibre crops; plants used in perfumery, pharmacy, or for insecticidal, fungicidal or similar purposes; beet, forage plant and flower seeds; natural rubber; living plants, cut flowers and flower buds; unmanufactured tobacco; other raw vegetable materials","Area harvested","ha",2000,373083,"Sisal, raw","no"
NA,"World","Forage products; fibre crops; plants used in perfumery, pharmacy, or for insecticidal, fungicidal or similar purposes; beet, forage plant and flower seeds; natural rubber; living plants, cut flowers and flower buds; unmanufactured tobacco; other raw vegetable materials","Area harvested","ha",2001,368669,"Sisal, raw","no"
NA,"World","Forage products; fibre crops; plants used in perfumery, pharmacy, or for insecticidal, fungicidal or similar purposes; beet, forage plant and flower seeds; natural rubber; living plants, cut flowers and flower buds; unmanufactured tobacco; other raw vegetable materials","Area harvested","ha",2002,339106,"Sisal, raw","no"
NA,"World","Forage products; fibre crops; plants used in perfumery, pharmacy, or for insecticidal, fungicidal or similar purposes; beet, forage plant and flower seeds; natural rubber; living plants, cut flowers and flower buds; unmanufactured tobacco; other raw vegetable materials","Area harvested","ha",2003,368465,"Sisal, raw","no"
NA,"World","Forage products; fibre crops; plants used in perfumery, pharmacy, or for insecticidal, fungicidal or similar purposes; beet, forage plant and flower seeds; natural rubber; living plants, cut flowers and flower buds; unmanufactured tobacco; other raw vegetable materials","Area harvested","ha",2004,361536,"Sisal, raw","no"
NA,"World","Forage products; fibre crops; plants used in perfumery, pharmacy, or for insecticidal, fungicidal or similar purposes; beet, forage plant and flower seeds; natural rubber; living plants, cut flowers and flower buds; unmanufactured tobacco; other raw vegetable materials","Area harvested","ha",2005,387831,"Sisal, raw","no"
NA,"World","Forage products; fibre crops; plants used in perfumery, pharmacy, or for insecticidal, fungicidal or similar purposes; beet, forage plant and flower seeds; natural rubber; living plants, cut flowers and flower buds; unmanufactured tobacco; other raw vegetable materials","Area harvested","ha",2006,402610,"Sisal, raw","no"
NA,"World","Forage products; fibre crops; plants used in perfumery, pharmacy, or for insecticidal, fungicidal or similar purposes; beet, forage plant and flower seeds; natural rubber; living plants, cut flowers and flower buds; unmanufactured tobacco; other raw vegetable materials","Area harvested","ha",2007,414455,"Sisal, raw","no"
NA,"World","Forage products; fibre crops; plants used in perfumery, pharmacy, or for insecticidal, fungicidal or similar purposes; beet, forage plant and flower seeds; natural rubber; living plants, cut flowers and flower buds; unmanufactured tobacco; other raw vegetable materials","Area harvested","ha",2008,433934,"Sisal, raw","no"
NA,"World","Forage products; fibre crops; plants used in perfumery, pharmacy, or for insecticidal, fungicidal or similar purposes; beet, forage plant and flower seeds; natural rubber; living plants, cut flowers and flower buds; unmanufactured tobacco; other raw vegetable materials","Area harvested","ha",2009,421273,"Sisal, raw","no"
NA,"World","Forage products; fibre crops; plants used in perfumery, pharmacy, or for insecticidal, fungicidal or similar purposes; beet, forage plant and flower seeds; natural rubber; living plants, cut flowers and flower buds; unmanufactured tobacco; other raw vegetable materials","Area harvested","ha",2010,419607,"Sisal, raw","no"
NA,"World","Forage products; fibre crops; plants used in perfumery, pharmacy, or for insecticidal, fungicidal or similar purposes; beet, forage plant and flower seeds; natural rubber; living plants, cut flowers and flower buds; unmanufactured tobacco; other raw vegetable materials","Area harvested","ha",2011,431863,"Sisal, raw","no"
NA,"World","Forage products; fibre crops; plants used in perfumery, pharmacy, or for insecticidal, fungicidal or similar purposes; beet, forage plant and flower seeds; natural rubber; living plants, cut flowers and flower buds; unmanufactured tobacco; other raw vegetable materials","Area harvested","ha",2012,398417,"Sisal, raw","no"
NA,"World","Forage products; fibre crops; plants used in perfumery, pharmacy, or for insecticidal, fungicidal or similar purposes; beet, forage plant and flower seeds; natural rubber; living plants, cut flowers and flower buds; unmanufactured tobacco; other raw vegetable materials","Area harvested","ha",2013,300686,"Sisal, raw","no"
NA,"World","Forage products; fibre crops; plants used in perfumery, pharmacy, or for insecticidal, fungicidal or similar purposes; beet, forage plant and flower seeds; natural rubber; living plants, cut flowers and flower buds; unmanufactured tobacco; other raw vegetable materials","Area harvested","ha",2014,288652,"Sisal, raw","no"
NA,"World","Forage products; fibre crops; plants used in perfumery, pharmacy, or for insecticidal, fungicidal or similar purposes; beet, forage plant and flower seeds; natural rubber; living plants, cut flowers and flower buds; unmanufactured tobacco; other raw vegetable materials","Area harvested","ha",2015,335768,"Sisal, raw","no"
NA,"World","Forage products; fibre crops; plants used in perfumery, pharmacy, or for insecticidal, fungicidal or similar purposes; beet, forage plant and flower seeds; natural rubber; living plants, cut flowers and flower buds; unmanufactured tobacco; other raw vegetable materials","Area harvested","ha",2016,345365,"Sisal, raw","no"
NA,"World","Forage products; fibre crops; plants used in perfumery, pharmacy, or for insecticidal, fungicidal or similar purposes; beet, forage plant and flower seeds; natural rubber; living plants, cut flowers and flower buds; unmanufactured tobacco; other raw vegetable materials","Area harvested","ha",2017,238492,"Sisal, raw","no"
NA,"World","Forage products; fibre crops; plants used in perfumery, pharmacy, or for insecticidal, fungicidal or similar purposes; beet, forage plant and flower seeds; natural rubber; living plants, cut flowers and flower buds; unmanufactured tobacco; other raw vegetable materials","Area harvested","ha",2018,256516,"Sisal, raw","no"
NA,"World","Forage products; fibre crops; plants used in perfumery, pharmacy, or for insecticidal, fungicidal or similar purposes; beet, forage plant and flower seeds; natural rubber; living plants, cut flowers and flower buds; unmanufactured tobacco; other raw vegetable materials","Area harvested","ha",2019,249913,"Sisal, raw","no"
NA,"World","Forage products; fibre crops; plants used in perfumery, pharmacy, or for insecticidal, fungicidal or similar purposes; beet, forage plant and flower seeds; natural rubber; living plants, cut flowers and flower buds; unmanufactured tobacco; other raw vegetable materials","Area harvested","ha",2020,255727,"Sisal, raw","no"
NA,"World","Forage products; fibre crops; plants used in perfumery, pharmacy, or for insecticidal, fungicidal or similar purposes; beet, forage plant and flower seeds; natural rubber; living plants, cut flowers and flower buds; unmanufactured tobacco; other raw vegetable materials","Area harvested","ha",2021,254399,"Sisal, raw","no"
NA,"World","Forage products; fibre crops; plants used in perfumery, pharmacy, or for insecticidal, fungicidal or similar purposes; beet, forage plant and flower seeds; natural rubber; living plants, cut flowers and flower buds; unmanufactured tobacco; other raw vegetable materials","Area harvested","ha",2022,258159,"Sisal, raw","no"
NA,"World","Forage products; fibre crops; plants used in perfumery, pharmacy, or for insecticidal, fungicidal or similar purposes; beet, forage plant and flower seeds; natural rubber; living plants, cut flowers and flower buds; unmanufactured tobacco; other raw vegetable materials","Area harvested","ha",2023,275865,"Sisal, raw","no"
NA,"World","Forage products; fibre crops; plants used in perfumery, pharmacy, or for insecticidal, fungicidal or similar purposes; beet, forage plant and flower seeds; natural rubber; living plants, cut flowers and flower buds; unmanufactured tobacco; other raw vegetable materials","Yield","kg/ha",1992,791.5,"Sisal, raw","no"
NA,"World","Forage products; fibre crops; plants used in perfumery, pharmacy, or for insecticidal, fungicidal or similar purposes; beet, forage plant and flower seeds; natural rubber; living plants, cut flowers and flower buds; unmanufactured tobacco; other raw vegetable materials","Yield","kg/ha",1993,789.1,"Sisal, raw","no"
NA,"World","Forage products; fibre crops; plants used in perfumery, pharmacy, or for insecticidal, fungicidal or similar purposes; beet, forage plant and flower seeds; natural rubber; living plants, cut flowers and flower buds; unmanufactured tobacco; other raw vegetable materials","Yield","kg/ha",1994,853.9,"Sisal, raw","no"
NA,"World","Forage products; fibre crops; plants used in perfumery, pharmacy, or for insecticidal, fungicidal or similar purposes; beet, forage plant and flower seeds; natural rubber; living plants, cut flowers and flower buds; unmanufactured tobacco; other raw vegetable materials","Yield","kg/ha",1995,858.7,"Sisal, raw","no"
NA,"World","Forage products; fibre crops; plants used in perfumery, pharmacy, or for insecticidal, fungicidal or similar purposes; beet, forage plant and flower seeds; natural rubber; living plants, cut flowers and flower buds; unmanufactured tobacco; other raw vegetable materials","Yield","kg/ha",1996,856.2,"Sisal, raw","no"
NA,"World","Forage products; fibre crops; plants used in perfumery, pharmacy, or for insecticidal, fungicidal or similar purposes; beet, forage plant and flower seeds; natural rubber; living plants, cut flowers and flower buds; unmanufactured tobacco; other raw vegetable materials","Yield","kg/ha",1997,934.3,"Sisal, raw","no"
NA,"World","Forage products; fibre crops; plants used in perfumery, pharmacy, or for insecticidal, fungicidal or similar purposes; beet, forage plant and flower seeds; natural rubber; living plants, cut flowers and flower buds; unmanufactured tobacco; other raw vegetable materials","Yield","kg/ha",1998,797.2,"Sisal, raw","no"
NA,"World","Forage products; fibre crops; plants used in perfumery, pharmacy, or for insecticidal, fungicidal or similar purposes; beet, forage plant and flower seeds; natural rubber; living plants, cut flowers and flower buds; unmanufactured tobacco; other raw vegetable materials","Yield","kg/ha",1999,947.7,"Sisal, raw","no"
NA,"World","Forage products; fibre crops; plants used in perfumery, pharmacy, or for insecticidal, fungicidal or similar purposes; beet, forage plant and flower seeds; natural rubber; living plants, cut flowers and flower buds; unmanufactured tobacco; other raw vegetable materials","Yield","kg/ha",2000,1092.2,"Sisal, raw","no"
NA,"World","Forage products; fibre crops; plants used in perfumery, pharmacy, or for insecticidal, fungicidal or similar purposes; beet, forage plant and flower seeds; natural rubber; living plants, cut flowers and flower buds; unmanufactured tobacco; other raw vegetable materials","Yield","kg/ha",2001,812.4,"Sisal, raw","no"
NA,"World","Forage products; fibre crops; plants used in perfumery, pharmacy, or for insecticidal, fungicidal or similar purposes; beet, forage plant and flower seeds; natural rubber; living plants, cut flowers and flower buds; unmanufactured tobacco; other raw vegetable materials","Yield","kg/ha",2002,838.5,"Sisal, raw","no"
NA,"World","Forage products; fibre crops; plants used in perfumery, pharmacy, or for insecticidal, fungicidal or similar purposes; beet, forage plant and flower seeds; natural rubber; living plants, cut flowers and flower buds; unmanufactured tobacco; other raw vegetable materials","Yield","kg/ha",2003,850.3,"Sisal, raw","no"
NA,"World","Forage products; fibre crops; plants used in perfumery, pharmacy, or for insecticidal, fungicidal or similar purposes; beet, forage plant and flower seeds; natural rubber; living plants, cut flowers and flower buds; unmanufactured tobacco; other raw vegetable materials","Yield","kg/ha",2004,899.5,"Sisal, raw","no"
NA,"World","Forage products; fibre crops; plants used in perfumery, pharmacy, or for insecticidal, fungicidal or similar purposes; beet, forage plant and flower seeds; natural rubber; living plants, cut flowers and flower buds; unmanufactured tobacco; other raw vegetable materials","Yield","kg/ha",2005,857.6,"Sisal, raw","no"
NA,"World","Forage products; fibre crops; plants used in perfumery, pharmacy, or for insecticidal, fungicidal or similar purposes; beet, forage plant and flower seeds; natural rubber; living plants, cut flowers and flower buds; unmanufactured tobacco; other raw vegetable materials","Yield","kg/ha",2006,934.9,"Sisal, raw","no"
NA,"World","Forage products; fibre crops; plants used in perfumery, pharmacy, or for insecticidal, fungicidal or similar purposes; beet, forage plant and flower seeds; natural rubber; living plants, cut flowers and flower buds; unmanufactured tobacco; other raw vegetable materials","Yield","kg/ha",2007,922.3,"Sisal, raw","no"
NA,"World","Forage products; fibre crops; plants used in perfumery, pharmacy, or for insecticidal, fungicidal or similar purposes; beet, forage plant and flower seeds; natural rubber; living plants, cut flowers and flower buds; unmanufactured tobacco; other raw vegetable materials","Yield","kg/ha",2008,908.8,"Sisal, raw","no"
NA,"World","Forage products; fibre crops; plants used in perfumery, pharmacy, or for insecticidal, fungicidal or similar purposes; beet, forage plant and flower seeds; natural rubber; living plants, cut flowers and flower buds; unmanufactured tobacco; other raw vegetable materials","Yield","kg/ha",2009,986.2,"Sisal, raw","no"
NA,"World","Forage products; fibre crops; plants used in perfumery, pharmacy, or for insecticidal, fungicidal or similar purposes; beet, forage plant and flower seeds; natural rubber; living plants, cut flowers and flower buds; unmanufactured tobacco; other raw vegetable materials","Yield","kg/ha",2010,929.5,"Sisal, raw","no"
NA,"World","Forage products; fibre crops; plants used in perfumery, pharmacy, or for insecticidal, fungicidal or similar purposes; beet, forage plant and flower seeds; natural rubber; living plants, cut flowers and flower buds; unmanufactured tobacco; other raw vegetable materials","Yield","kg/ha",2011,946.6,"Sisal, raw","no"
NA,"World","Forage products; fibre crops; plants used in perfumery, pharmacy, or for insecticidal, fungicidal or similar purposes; beet, forage plant and flower seeds; natural rubber; living plants, cut flowers and flower buds; unmanufactured tobacco; other raw vegetable materials","Yield","kg/ha",2012,575.2,"Sisal, raw","no"
NA,"World","Forage products; fibre crops; plants used in perfumery, pharmacy, or for insecticidal, fungicidal or similar purposes; beet, forage plant and flower seeds; natural rubber; living plants, cut flowers and flower buds; unmanufactured tobacco; other raw vegetable materials","Yield","kg/ha",2013,889.8,"Sisal, raw","no"
NA,"World","Forage products; fibre crops; plants used in perfumery, pharmacy, or for insecticidal, fungicidal or similar purposes; beet, forage plant and flower seeds; natural rubber; living plants, cut flowers and flower buds; unmanufactured tobacco; other raw vegetable materials","Yield","kg/ha",2014,896.4,"Sisal, raw","no"
NA,"World","Forage products; fibre crops; plants used in perfumery, pharmacy, or for insecticidal, fungicidal or similar purposes; beet, forage plant and flower seeds; natural rubber; living plants, cut flowers and flower buds; unmanufactured tobacco; other raw vegetable materials","Yield","kg/ha",2015,922.4,"Sisal, raw","no"
NA,"World","Forage products; fibre crops; plants used in perfumery, pharmacy, or for insecticidal, fungicidal or similar purposes; beet, forage plant and flower seeds; natural rubber; living plants, cut flowers and flower buds; unmanufactured tobacco; other raw vegetable materials","Yield","kg/ha",2016,899.7,"Sisal, raw","no"
NA,"World","Forage products; fibre crops; plants used in perfumery, pharmacy, or for insecticidal, fungicidal or similar purposes; beet, forage plant and flower seeds; natural rubber; living plants, cut flowers and flower buds; unmanufactured tobacco; other raw vegetable materials","Yield","kg/ha",2017,856.4,"Sisal, raw","no"
NA,"World","Forage products; fibre crops; plants used in perfumery, pharmacy, or for insecticidal, fungicidal or similar purposes; beet, forage plant and flower seeds; natural rubber; living plants, cut flowers and flower buds; unmanufactured tobacco; other raw vegetable materials","Yield","kg/ha",2018,817.1,"Sisal, raw","no"
NA,"World","Forage products; fibre crops; plants used in perfumery, pharmacy, or for insecticidal, fungicidal or similar purposes; beet, forage plant and flower seeds; natural rubber; living plants, cut flowers and flower buds; unmanufactured tobacco; other raw vegetable materials","Yield","kg/ha",2019,825.3,"Sisal, raw","no"
NA,"World","Forage products; fibre crops; plants used in perfumery, pharmacy, or for insecticidal, fungicidal or similar purposes; beet, forage plant and flower seeds; natural rubber; living plants, cut flowers and flower buds; unmanufactured tobacco; other raw vegetable materials","Yield","kg/ha",2020,867.2,"Sisal, raw","no"
NA,"World","Forage products; fibre crops; plants used in perfumery, pharmacy, or for insecticidal, fungicidal or similar purposes; beet, forage plant and flower seeds; natural rubber; living plants, cut flowers and flower buds; unmanufactured tobacco; other raw vegetable materials","Yield","kg/ha",2021,914.8,"Sisal, raw","no"
NA,"World","Forage products; fibre crops; plants used in perfumery, pharmacy, or for insecticidal, fungicidal or similar purposes; beet, forage plant and flower seeds; natural rubber; living plants, cut flowers and flower buds; unmanufactured tobacco; other raw vegetable materials","Yield","kg/ha",2022,903.9,"Sisal, raw","no"
NA,"World","Forage products; fibre crops; plants used in perfumery, pharmacy, or for insecticidal, fungicidal or similar purposes; beet, forage plant and flower seeds; natural rubber; living plants, cut flowers and flower buds; unmanufactured tobacco; other raw vegetable materials","Yield","kg/ha",2023,860.6,"Sisal, raw","no"
NA,"World","Forage products; fibre crops; plants used in perfumery, pharmacy, or for insecticidal, fungicidal or similar purposes; beet, forage plant and flower seeds; natural rubber; living plants, cut flowers and flower buds; unmanufactured tobacco; other raw vegetable materials","Production","t",1992,389225.8,"Sisal, raw","no"
NA,"World","Forage products; fibre crops; plants used in perfumery, pharmacy, or for insecticidal, fungicidal or similar purposes; beet, forage plant and flower seeds; natural rubber; living plants, cut flowers and flower buds; unmanufactured tobacco; other raw vegetable materials","Production","t",1993,313183.27,"Sisal, raw","no"
NA,"World","Forage products; fibre crops; plants used in perfumery, pharmacy, or for insecticidal, fungicidal or similar purposes; beet, forage plant and flower seeds; natural rubber; living plants, cut flowers and flower buds; unmanufactured tobacco; other raw vegetable materials","Production","t",1994,324975.31,"Sisal, raw","no"
NA,"World","Forage products; fibre crops; plants used in perfumery, pharmacy, or for insecticidal, fungicidal or similar purposes; beet, forage plant and flower seeds; natural rubber; living plants, cut flowers and flower buds; unmanufactured tobacco; other raw vegetable materials","Production","t",1995,318969.52,"Sisal, raw","no"
NA,"World","Forage products; fibre crops; plants used in perfumery, pharmacy, or for insecticidal, fungicidal or similar purposes; beet, forage plant and flower seeds; natural rubber; living plants, cut flowers and flower buds; unmanufactured tobacco; other raw vegetable materials","Production","t",1996,292183.43,"Sisal, raw","no"
NA,"World","Forage products; fibre crops; plants used in perfumery, pharmacy, or for insecticidal, fungicidal or similar purposes; beet, forage plant and flower seeds; natural rubber; living plants, cut flowers and flower buds; unmanufactured tobacco; other raw vegetable materials","Production","t",1997,335688.29,"Sisal, raw","no"
NA,"World","Forage products; fibre crops; plants used in perfumery, pharmacy, or for insecticidal, fungicidal or similar purposes; beet, forage plant and flower seeds; natural rubber; living plants, cut flowers and flower buds; unmanufactured tobacco; other raw vegetable materials","Production","t",1998,279463.86,"Sisal, raw","no"
NA,"World","Forage products; fibre crops; plants used in perfumery, pharmacy, or for insecticidal, fungicidal or similar purposes; beet, forage plant and flower seeds; natural rubber; living plants, cut flowers and flower buds; unmanufactured tobacco; other raw vegetable materials","Production","t",1999,347778.63,"Sisal, raw","no"
NA,"World","Forage products; fibre crops; plants used in perfumery, pharmacy, or for insecticidal, fungicidal or similar purposes; beet, forage plant and flower seeds; natural rubber; living plants, cut flowers and flower buds; unmanufactured tobacco; other raw vegetable materials","Production","t",2000,407485.44,"Sisal, raw","no"
NA,"World","Forage products; fibre crops; plants used in perfumery, pharmacy, or for insecticidal, fungicidal or similar purposes; beet, forage plant and flower seeds; natural rubber; living plants, cut flowers and flower buds; unmanufactured tobacco; other raw vegetable materials","Production","t",2001,299519.53,"Sisal, raw","no"
NA,"World","Forage products; fibre crops; plants used in perfumery, pharmacy, or for insecticidal, fungicidal or similar purposes; beet, forage plant and flower seeds; natural rubber; living plants, cut flowers and flower buds; unmanufactured tobacco; other raw vegetable materials","Production","t",2002,284337.26,"Sisal, raw","no"
NA,"World","Forage products; fibre crops; plants used in perfumery, pharmacy, or for insecticidal, fungicidal or similar purposes; beet, forage plant and flower seeds; natural rubber; living plants, cut flowers and flower buds; unmanufactured tobacco; other raw vegetable materials","Production","t",2003,313298.94,"Sisal, raw","no"
NA,"World","Forage products; fibre crops; plants used in perfumery, pharmacy, or for insecticidal, fungicidal or similar purposes; beet, forage plant and flower seeds; natural rubber; living plants, cut flowers and flower buds; unmanufactured tobacco; other raw vegetable materials","Production","t",2004,325205.53,"Sisal, raw","no"
NA,"World","Forage products; fibre crops; plants used in perfumery, pharmacy, or for insecticidal, fungicidal or similar purposes; beet, forage plant and flower seeds; natural rubber; living plants, cut flowers and flower buds; unmanufactured tobacco; other raw vegetable materials","Production","t",2005,332612.28,"Sisal, raw","no"
NA,"World","Forage products; fibre crops; plants used in perfumery, pharmacy, or for insecticidal, fungicidal or similar purposes; beet, forage plant and flower seeds; natural rubber; living plants, cut flowers and flower buds; unmanufactured tobacco; other raw vegetable materials","Production","t",2006,376403.71,"Sisal, raw","no"
NA,"World","Forage products; fibre crops; plants used in perfumery, pharmacy, or for insecticidal, fungicidal or similar purposes; beet, forage plant and flower seeds; natural rubber; living plants, cut flowers and flower buds; unmanufactured tobacco; other raw vegetable materials","Production","t",2007,382244.44,"Sisal, raw","no"
NA,"World","Forage products; fibre crops; plants used in perfumery, pharmacy, or for insecticidal, fungicidal or similar purposes; beet, forage plant and flower seeds; natural rubber; living plants, cut flowers and flower buds; unmanufactured tobacco; other raw vegetable materials","Production","t",2008,394360.38,"Sisal, raw","no"
NA,"World","Forage products; fibre crops; plants used in perfumery, pharmacy, or for insecticidal, fungicidal or similar purposes; beet, forage plant and flower seeds; natural rubber; living plants, cut flowers and flower buds; unmanufactured tobacco; other raw vegetable materials","Production","t",2009,415447.15,"Sisal, raw","no"
NA,"World","Forage products; fibre crops; plants used in perfumery, pharmacy, or for insecticidal, fungicidal or similar purposes; beet, forage plant and flower seeds; natural rubber; living plants, cut flowers and flower buds; unmanufactured tobacco; other raw vegetable materials","Production","t",2010,390028.6,"Sisal, raw","no"
NA,"World","Forage products; fibre crops; plants used in perfumery, pharmacy, or for insecticidal, fungicidal or similar purposes; beet, forage plant and flower seeds; natural rubber; living plants, cut flowers and flower buds; unmanufactured tobacco; other raw vegetable materials","Production","t",2011,408807.38,"Sisal, raw","no"
NA,"World","Forage products; fibre crops; plants used in perfumery, pharmacy, or for insecticidal, fungicidal or similar purposes; beet, forage plant and flower seeds; natural rubber; living plants, cut flowers and flower buds; unmanufactured tobacco; other raw vegetable materials","Production","t",2012,229156.62,"Sisal, raw","no"
NA,"World","Forage products; fibre crops; plants used in perfumery, pharmacy, or for insecticidal, fungicidal or similar purposes; beet, forage plant and flower seeds; natural rubber; living plants, cut flowers and flower buds; unmanufactured tobacco; other raw vegetable materials","Production","t",2013,267542.74,"Sisal, raw","no"
NA,"World","Forage products; fibre crops; plants used in perfumery, pharmacy, or for insecticidal, fungicidal or similar purposes; beet, forage plant and flower seeds; natural rubber; living plants, cut flowers and flower buds; unmanufactured tobacco; other raw vegetable materials","Production","t",2014,258743.05,"Sisal, raw","no"
NA,"World","Forage products; fibre crops; plants used in perfumery, pharmacy, or for insecticidal, fungicidal or similar purposes; beet, forage plant and flower seeds; natural rubber; living plants, cut flowers and flower buds; unmanufactured tobacco; other raw vegetable materials","Production","t",2015,309716.15,"Sisal, raw","no"
NA,"World","Forage products; fibre crops; plants used in perfumery, pharmacy, or for insecticidal, fungicidal or similar purposes; beet, forage plant and flower seeds; natural rubber; living plants, cut flowers and flower buds; unmanufactured tobacco; other raw vegetable materials","Production","t",2016,310708.06,"Sisal, raw","no"
NA,"World","Forage products; fibre crops; plants used in perfumery, pharmacy, or for insecticidal, fungicidal or similar purposes; beet, forage plant and flower seeds; natural rubber; living plants, cut flowers and flower buds; unmanufactured tobacco; other raw vegetable materials","Production","t",2017,204247.97,"Sisal, raw","no"
NA,"World","Forage products; fibre crops; plants used in perfumery, pharmacy, or for insecticidal, fungicidal or similar purposes; beet, forage plant and flower seeds; natural rubber; living plants, cut flowers and flower buds; unmanufactured tobacco; other raw vegetable materials","Production","t",2018,209596.19,"Sisal, raw","no"
NA,"World","Forage products; fibre crops; plants used in perfumery, pharmacy, or for insecticidal, fungicidal or similar purposes; beet, forage plant and flower seeds; natural rubber; living plants, cut flowers and flower buds; unmanufactured tobacco; other raw vegetable materials","Production","t",2019,206254.81,"Sisal, raw","no"
NA,"World","Forage products; fibre crops; plants used in perfumery, pharmacy, or for insecticidal, fungicidal or similar purposes; beet, forage plant and flower seeds; natural rubber; living plants, cut flowers and flower buds; unmanufactured tobacco; other raw vegetable materials","Production","t",2020,221776.5,"Sisal, raw","no"
NA,"World","Forage products; fibre crops; plants used in perfumery, pharmacy, or for insecticidal, fungicidal or similar purposes; beet, forage plant and flower seeds; natural rubber; living plants, cut flowers and flower buds; unmanufactured tobacco; other raw vegetable materials","Production","t",2021,232714.04,"Sisal, raw","no"
NA,"World","Forage products; fibre crops; plants used in perfumery, pharmacy, or for insecticidal, fungicidal or similar purposes; beet, forage plant and flower seeds; natural rubber; living plants, cut flowers and flower buds; unmanufactured tobacco; other raw vegetable materials","Production","t",2022,233343.63,"Sisal, raw","no"
NA,"World","Forage products; fibre crops; plants used in perfumery, pharmacy, or for insecticidal, fungicidal or similar purposes; beet, forage plant and flower seeds; natural rubber; living plants, cut flowers and flower buds; unmanufactured tobacco; other raw vegetable materials","Production","t",2023,237418.17,"Sisal, raw","no"
NA,"World","Other dairy products","Production","t",1992,3129152.88,"Skim milk and whey powder","no"
NA,"World","Other dairy products","Production","t",1993,3186328.23,"Skim milk and whey powder","no"
NA,"World","Other dairy products","Production","t",1994,3231531.6,"Skim milk and whey powder","no"
NA,"World","Other dairy products","Production","t",1995,3242836.22,"Skim milk and whey powder","no"
NA,"World","Other dairy products","Production","t",1996,3154083.14,"Skim milk and whey powder","no"
NA,"World","Other dairy products","Production","t",1997,3188763.26,"Skim milk and whey powder","no"
NA,"World","Other dairy products","Production","t",1998,3101968.3,"Skim milk and whey powder","no"
NA,"World","Other dairy products","Production","t",1999,3275412.6,"Skim milk and whey powder","no"
NA,"World","Other dairy products","Production","t",2000,3248359.51,"Skim milk and whey powder","no"
NA,"World","Other dairy products","Production","t",2001,3209566.06,"Skim milk and whey powder","no"
NA,"World","Other dairy products","Production","t",2002,3576858.27,"Skim milk and whey powder","no"
NA,"World","Other dairy products","Production","t",2003,3380332.68,"Skim milk and whey powder","no"
NA,"World","Other dairy products","Production","t",2004,3115786.52,"Skim milk and whey powder","no"
NA,"World","Other dairy products","Production","t",2005,3145926.12,"Skim milk and whey powder","no"
NA,"World","Other dairy products","Production","t",2006,3082901.02,"Skim milk and whey powder","no"
NA,"World","Other dairy products","Production","t",2007,3112591.52,"Skim milk and whey powder","no"
NA,"World","Other dairy products","Production","t",2008,3220610.22,"Skim milk and whey powder","no"
NA,"World","Other dairy products","Production","t",2009,3395585.62,"Skim milk and whey powder","no"
NA,"World","Other dairy products","Production","t",2010,3195859.81,"Skim milk and whey powder","no"
NA,"World","Other dairy products","Production","t",2011,3403113.04,"Skim milk and whey powder","no"
NA,"World","Other dairy products","Production","t",2012,3536182.06,"Skim milk and whey powder","no"
NA,"World","Other dairy products","Production","t",2013,3556378.95,"Skim milk and whey powder","no"
NA,"World","Other dairy products","Production","t",2014,4167569.07,"Skim milk and whey powder","no"
NA,"World","Other dairy products","Production","t",2015,4265276.54,"Skim milk and whey powder","no"
NA,"World","Other dairy products","Production","t",2016,4335170.88,"Skim milk and whey powder","no"
NA,"World","Other dairy products","Production","t",2017,4311432.23,"Skim milk and whey powder","no"
NA,"World","Other dairy products","Production","t",2018,4277561.99,"Skim milk and whey powder","no"
NA,"World","Other dairy products","Production","t",2019,4331458.22,"Skim milk and whey powder","no"
NA,"World","Other dairy products","Production","t",2020,4470832.29,"Skim milk and whey powder","no"
NA,"World","Other dairy products","Production","t",2021,4421460.72,"Skim milk and whey powder","no"
NA,"World","Other dairy products","Production","t",2022,4466280.94,"Skim milk and whey powder","no"
NA,"World","Other dairy products","Production","t",2023,NA,"Skim milk and whey powder","no"
NA,"World","Processed liquid milk, cream and whey","Production","t",1992,122087170.73,"Skim milk of cows","no"
NA,"World","Processed liquid milk, cream and whey","Production","t",1993,121449732.15,"Skim milk of cows","no"
NA,"World","Processed liquid milk, cream and whey","Production","t",1994,112888204.36,"Skim milk of cows","no"
NA,"World","Processed liquid milk, cream and whey","Production","t",1995,110025361.26,"Skim milk of cows","no"
NA,"World","Processed liquid milk, cream and whey","Production","t",1996,106173603.12,"Skim milk of cows","no"
NA,"World","Processed liquid milk, cream and whey","Production","t",1997,106989499.32,"Skim milk of cows","no"
NA,"World","Processed liquid milk, cream and whey","Production","t",1998,106626169.31,"Skim milk of cows","no"
NA,"World","Processed liquid milk, cream and whey","Production","t",1999,109449788.67,"Skim milk of cows","no"
NA,"World","Processed liquid milk, cream and whey","Production","t",2000,110004801.89,"Skim milk of cows","no"
NA,"World","Processed liquid milk, cream and whey","Production","t",2001,110159977.5,"Skim milk of cows","no"
NA,"World","Processed liquid milk, cream and whey","Production","t",2002,113822195.83,"Skim milk of cows","no"
NA,"World","Processed liquid milk, cream and whey","Production","t",2003,115209965.83,"Skim milk of cows","no"
NA,"World","Processed liquid milk, cream and whey","Production","t",2004,114942252.16,"Skim milk of cows","no"
NA,"World","Processed liquid milk, cream and whey","Production","t",2005,116382665.68,"Skim milk of cows","no"
NA,"World","Processed liquid milk, cream and whey","Production","t",2006,117115144.25,"Skim milk of cows","no"
NA,"World","Processed liquid milk, cream and whey","Production","t",2007,118435494.98,"Skim milk of cows","no"
NA,"World","Processed liquid milk, cream and whey","Production","t",2008,118987556.83,"Skim milk of cows","no"
NA,"World","Processed liquid milk, cream and whey","Production","t",2009,117818636.22,"Skim milk of cows","no"
NA,"World","Processed liquid milk, cream and whey","Production","t",2010,119823261.75,"Skim milk of cows","no"
NA,"World","Processed liquid milk, cream and whey","Production","t",2011,122994336.15,"Skim milk of cows","no"
NA,"World","Processed liquid milk, cream and whey","Production","t",2012,128696096.77,"Skim milk of cows","no"
NA,"World","Processed liquid milk, cream and whey","Production","t",2013,128778795.04,"Skim milk of cows","no"
NA,"World","Processed liquid milk, cream and whey","Production","t",2014,132198840.22,"Skim milk of cows","no"
NA,"World","Processed liquid milk, cream and whey","Production","t",2015,132553538.65,"Skim milk of cows","no"
NA,"World","Processed liquid milk, cream and whey","Production","t",2016,134857913.08,"Skim milk of cows","no"
NA,"World","Processed liquid milk, cream and whey","Production","t",2017,136117550.59,"Skim milk of cows","no"
NA,"World","Processed liquid milk, cream and whey","Production","t",2018,138040480.92,"Skim milk of cows","no"
NA,"World","Processed liquid milk, cream and whey","Production","t",2019,132376251.7,"Skim milk of cows","no"
NA,"World","Processed liquid milk, cream and whey","Production","t",2020,133124403.51,"Skim milk of cows","no"
NA,"World","Processed liquid milk, cream and whey","Production","t",2021,135937967.93,"Skim milk of cows","no"
NA,"World","Processed liquid milk, cream and whey","Production","t",2022,135054591.56,"Skim milk of cows","no"
NA,"World","Processed liquid milk, cream and whey","Production","t",2023,NA,"Skim milk of cows","no"
NA,"World","Other dairy products","Production","t",1992,803124.88,"Skim milk, condensed","no"
NA,"World","Other dairy products","Production","t",1993,827054.41,"Skim milk, condensed","no"
NA,"World","Other dairy products","Production","t",1994,852421.93,"Skim milk, condensed","no"
NA,"World","Other dairy products","Production","t",1995,733189.45,"Skim milk, condensed","no"
NA,"World","Other dairy products","Production","t",1996,680732.27,"Skim milk, condensed","no"
NA,"World","Other dairy products","Production","t",1997,677343.49,"Skim milk, condensed","no"
NA,"World","Other dairy products","Production","t",1998,692135.63,"Skim milk, condensed","no"
NA,"World","Other dairy products","Production","t",1999,726331.46,"Skim milk, condensed","no"
NA,"World","Other dairy products","Production","t",2000,631728.17,"Skim milk, condensed","no"
NA,"World","Other dairy products","Production","t",2001,597477.91,"Skim milk, condensed","no"
NA,"World","Other dairy products","Production","t",2002,627336.63,"Skim milk, condensed","no"
NA,"World","Other dairy products","Production","t",2003,572705.57,"Skim milk, condensed","no"
NA,"World","Other dairy products","Production","t",2004,572369.61,"Skim milk, condensed","no"
NA,"World","Other dairy products","Production","t",2005,636728.35,"Skim milk, condensed","no"
NA,"World","Other dairy products","Production","t",2006,689856.49,"Skim milk, condensed","no"
NA,"World","Other dairy products","Production","t",2007,878542.08,"Skim milk, condensed","no"
NA,"World","Other dairy products","Production","t",2008,821696.63,"Skim milk, condensed","no"
NA,"World","Other dairy products","Production","t",2009,813555.98,"Skim milk, condensed","no"
NA,"World","Other dairy products","Production","t",2010,854725.82,"Skim milk, condensed","no"
NA,"World","Other dairy products","Production","t",2011,870798.26,"Skim milk, condensed","no"
NA,"World","Other dairy products","Production","t",2012,897007.36,"Skim milk, condensed","no"
NA,"World","Other dairy products","Production","t",2013,896809.86,"Skim milk, condensed","no"
NA,"World","Other dairy products","Production","t",2014,949676.75,"Skim milk, condensed","no"
NA,"World","Other dairy products","Production","t",2015,979605.06,"Skim milk, condensed","no"
NA,"World","Other dairy products","Production","t",2016,962435.72,"Skim milk, condensed","no"
NA,"World","Other dairy products","Production","t",2017,965815.11,"Skim milk, condensed","no"
NA,"World","Other dairy products","Production","t",2018,937280.22,"Skim milk, condensed","no"
NA,"World","Other dairy products","Production","t",2019,905582.16,"Skim milk, condensed","no"
NA,"World","Other dairy products","Production","t",2020,885265.21,"Skim milk, condensed","no"
NA,"World","Other dairy products","Production","t",2021,900674.03,"Skim milk, condensed","no"
NA,"World","Other dairy products","Production","t",2022,888436.33,"Skim milk, condensed","no"
NA,"World","Other dairy products","Production","t",2023,NA,"Skim milk, condensed","no"
NA,"World","Other dairy products","Production","t",1992,146886,"Skim milk, evaporated","no"
NA,"World","Other dairy products","Production","t",1993,152240,"Skim milk, evaporated","no"
NA,"World","Other dairy products","Production","t",1994,152935,"Skim milk, evaporated","no"
NA,"World","Other dairy products","Production","t",1995,150374,"Skim milk, evaporated","no"
NA,"World","Other dairy products","Production","t",1996,146269,"Skim milk, evaporated","no"
NA,"World","Other dairy products","Production","t",1997,142493,"Skim milk, evaporated","no"
NA,"World","Other dairy products","Production","t",1998,140322,"Skim milk, evaporated","no"
NA,"World","Other dairy products","Production","t",1999,121751,"Skim milk, evaporated","no"
NA,"World","Other dairy products","Production","t",2000,97742,"Skim milk, evaporated","no"
NA,"World","Other dairy products","Production","t",2001,89746,"Skim milk, evaporated","no"
NA,"World","Other dairy products","Production","t",2002,85282,"Skim milk, evaporated","no"
NA,"World","Other dairy products","Production","t",2003,76610,"Skim milk, evaporated","no"
NA,"World","Other dairy products","Production","t",2004,75155,"Skim milk, evaporated","no"
NA,"World","Other dairy products","Production","t",2005,68245,"Skim milk, evaporated","no"
NA,"World","Other dairy products","Production","t",2006,65247,"Skim milk, evaporated","no"
NA,"World","Other dairy products","Production","t",2007,61877,"Skim milk, evaporated","no"
NA,"World","Other dairy products","Production","t",2008,59723,"Skim milk, evaporated","no"
NA,"World","Other dairy products","Production","t",2009,60304,"Skim milk, evaporated","no"
NA,"World","Other dairy products","Production","t",2010,61894.99,"Skim milk, evaporated","no"
NA,"World","Other dairy products","Production","t",2011,61066.82,"Skim milk, evaporated","no"
NA,"World","Other dairy products","Production","t",2012,59699.29,"Skim milk, evaporated","no"
NA,"World","Other dairy products","Production","t",2013,56441.6,"Skim milk, evaporated","no"
NA,"World","Other dairy products","Production","t",2014,60696.64,"Skim milk, evaporated","no"
NA,"World","Other dairy products","Production","t",2015,69196.88,"Skim milk, evaporated","no"
NA,"World","Other dairy products","Production","t",2016,56072.16,"Skim milk, evaporated","no"
NA,"World","Other dairy products","Production","t",2017,53414.99,"Skim milk, evaporated","no"
NA,"World","Other dairy products","Production","t",2018,149987.95,"Skim milk, evaporated","no"
NA,"World","Other dairy products","Production","t",2019,87426.34,"Skim milk, evaporated","no"
NA,"World","Other dairy products","Production","t",2020,97267.08,"Skim milk, evaporated","no"
NA,"World","Other dairy products","Production","t",2021,79440.05,"Skim milk, evaporated","no"
NA,"World","Other dairy products","Production","t",2022,77260.8,"Skim milk, evaporated","no"
NA,"World","Other dairy products","Production","t",2023,NA,"Skim milk, evaporated","no"
NA,"World","Other animal products","Production","t",1992,1800,"Snails, fresh, chilled, frozen, dried, salted or in brine, except sea snails","no"
NA,"World","Other animal products","Production","t",1993,5600,"Snails, fresh, chilled, frozen, dried, salted or in brine, except sea snails","no"
NA,"World","Other animal products","Production","t",1994,6600,"Snails, fresh, chilled, frozen, dried, salted or in brine, except sea snails","no"
NA,"World","Other animal products","Production","t",1995,7100,"Snails, fresh, chilled, frozen, dried, salted or in brine, except sea snails","no"
NA,"World","Other animal products","Production","t",1996,9000,"Snails, fresh, chilled, frozen, dried, salted or in brine, except sea snails","no"
NA,"World","Other animal products","Production","t",1997,9700,"Snails, fresh, chilled, frozen, dried, salted or in brine, except sea snails","no"
NA,"World","Other animal products","Production","t",1998,11100,"Snails, fresh, chilled, frozen, dried, salted or in brine, except sea snails","no"
NA,"World","Other animal products","Production","t",1999,10700,"Snails, fresh, chilled, frozen, dried, salted or in brine, except sea snails","no"
NA,"World","Other animal products","Production","t",2000,10720,"Snails, fresh, chilled, frozen, dried, salted or in brine, except sea snails","no"
NA,"World","Other animal products","Production","t",2001,10620,"Snails, fresh, chilled, frozen, dried, salted or in brine, except sea snails","no"
NA,"World","Other animal products","Production","t",2002,10620,"Snails, fresh, chilled, frozen, dried, salted or in brine, except sea snails","no"
NA,"World","Other animal products","Production","t",2003,11650,"Snails, fresh, chilled, frozen, dried, salted or in brine, except sea snails","no"
NA,"World","Other animal products","Production","t",2004,11650,"Snails, fresh, chilled, frozen, dried, salted or in brine, except sea snails","no"
NA,"World","Other animal products","Production","t",2005,11650,"Snails, fresh, chilled, frozen, dried, salted or in brine, except sea snails","no"
NA,"World","Other animal products","Production","t",2006,11680,"Snails, fresh, chilled, frozen, dried, salted or in brine, except sea snails","no"
NA,"World","Other animal products","Production","t",2007,11780,"Snails, fresh, chilled, frozen, dried, salted or in brine, except sea snails","no"
NA,"World","Other animal products","Production","t",2008,11780,"Snails, fresh, chilled, frozen, dried, salted or in brine, except sea snails","no"
NA,"World","Other animal products","Production","t",2009,16680,"Snails, fresh, chilled, frozen, dried, salted or in brine, except sea snails","no"
NA,"World","Other animal products","Production","t",2010,16595,"Snails, fresh, chilled, frozen, dried, salted or in brine, except sea snails","no"
NA,"World","Other animal products","Production","t",2011,16625,"Snails, fresh, chilled, frozen, dried, salted or in brine, except sea snails","no"
NA,"World","Other animal products","Production","t",2012,16685.5,"Snails, fresh, chilled, frozen, dried, salted or in brine, except sea snails","no"
NA,"World","Other animal products","Production","t",2013,17229.01,"Snails, fresh, chilled, frozen, dried, salted or in brine, except sea snails","no"
NA,"World","Other animal products","Production","t",2014,17753.27,"Snails, fresh, chilled, frozen, dried, salted or in brine, except sea snails","no"
NA,"World","Other animal products","Production","t",2015,18611.22,"Snails, fresh, chilled, frozen, dried, salted or in brine, except sea snails","no"
NA,"World","Other animal products","Production","t",2016,17869.9,"Snails, fresh, chilled, frozen, dried, salted or in brine, except sea snails","no"
NA,"World","Other animal products","Production","t",2017,18014.28,"Snails, fresh, chilled, frozen, dried, salted or in brine, except sea snails","no"
NA,"World","Other animal products","Production","t",2018,18611.59,"Snails, fresh, chilled, frozen, dried, salted or in brine, except sea snails","no"
NA,"World","Other animal products","Production","t",2019,18472.89,"Snails, fresh, chilled, frozen, dried, salted or in brine, except sea snails","no"
NA,"World","Other animal products","Production","t",2020,18699.37,"Snails, fresh, chilled, frozen, dried, salted or in brine, except sea snails","no"
NA,"World","Other animal products","Production","t",2021,19088.09,"Snails, fresh, chilled, frozen, dried, salted or in brine, except sea snails","no"
NA,"World","Other animal products","Production","t",2022,19503.19,"Snails, fresh, chilled, frozen, dried, salted or in brine, except sea snails","no"
NA,"World","Other animal products","Production","t",2023,19857.63,"Snails, fresh, chilled, frozen, dried, salted or in brine, except sea snails","no"
NA,"World","Cereals","Area harvested","ha",1992,46134113,"Sorghum","no"
NA,"World","Cereals","Area harvested","ha",1993,42155920,"Sorghum","no"
NA,"World","Cereals","Area harvested","ha",1994,44098013,"Sorghum","no"
NA,"World","Cereals","Area harvested","ha",1995,42444912,"Sorghum","no"
NA,"World","Cereals","Area harvested","ha",1996,46802344,"Sorghum","no"
NA,"World","Cereals","Area harvested","ha",1997,45236414,"Sorghum","no"
NA,"World","Cereals","Area harvested","ha",1998,43136472,"Sorghum","no"
NA,"World","Cereals","Area harvested","ha",1999,41826504,"Sorghum","no"
NA,"World","Cereals","Area harvested","ha",2000,41085095,"Sorghum","no"
NA,"World","Cereals","Area harvested","ha",2001,43642105,"Sorghum","no"
NA,"World","Cereals","Area harvested","ha",2002,41325943,"Sorghum","no"
NA,"World","Cereals","Area harvested","ha",2003,44295749,"Sorghum","no"
NA,"World","Cereals","Area harvested","ha",2004,40419832,"Sorghum","no"
NA,"World","Cereals","Area harvested","ha",2005,46473492,"Sorghum","no"
NA,"World","Cereals","Area harvested","ha",2006,43352541,"Sorghum","no"
NA,"World","Cereals","Area harvested","ha",2007,44890692,"Sorghum","no"
NA,"World","Cereals","Area harvested","ha",2008,45172236,"Sorghum","no"
NA,"World","Cereals","Area harvested","ha",2009,40741660,"Sorghum","no"
NA,"World","Cereals","Area harvested","ha",2010,42174299,"Sorghum","no"
NA,"World","Cereals","Area harvested","ha",2011,42208379,"Sorghum","no"
NA,"World","Cereals","Area harvested","ha",2012,39261952,"Sorghum","no"
NA,"World","Cereals","Area harvested","ha",2013,43897856,"Sorghum","no"
NA,"World","Cereals","Area harvested","ha",2014,44661817,"Sorghum","no"
NA,"World","Cereals","Area harvested","ha",2015,41892044,"Sorghum","no"
NA,"World","Cereals","Area harvested","ha",2016,44934103,"Sorghum","no"
NA,"World","Cereals","Area harvested","ha",2017,41128897,"Sorghum","no"
NA,"World","Cereals","Area harvested","ha",2018,42101244,"Sorghum","no"
NA,"World","Cereals","Area harvested","ha",2019,39256501,"Sorghum","no"
NA,"World","Cereals","Area harvested","ha",2020,39912416,"Sorghum","no"
NA,"World","Cereals","Area harvested","ha",2021,41300092,"Sorghum","no"
NA,"World","Cereals","Area harvested","ha",2022,41027331,"Sorghum","no"
NA,"World","Cereals","Area harvested","ha",2023,39851368,"Sorghum","no"
NA,"World","Cereals","Yield","kg/ha",1992,1529.1,"Sorghum","no"
NA,"World","Cereals","Yield","kg/ha",1993,1351,"Sorghum","no"
NA,"World","Cereals","Yield","kg/ha",1994,1361.1,"Sorghum","no"
NA,"World","Cereals","Yield","kg/ha",1995,1289.4,"Sorghum","no"
NA,"World","Cereals","Yield","kg/ha",1996,1525.8,"Sorghum","no"
NA,"World","Cereals","Yield","kg/ha",1997,1323,"Sorghum","no"
NA,"World","Cereals","Yield","kg/ha",1998,1423.4,"Sorghum","no"
NA,"World","Cereals","Yield","kg/ha",1999,1435.6,"Sorghum","no"
NA,"World","Cereals","Yield","kg/ha",2000,1358.7,"Sorghum","no"
NA,"World","Cereals","Yield","kg/ha",2001,1370,"Sorghum","no"
NA,"World","Cereals","Yield","kg/ha",2002,1293.2,"Sorghum","no"
NA,"World","Cereals","Yield","kg/ha",2003,1328.6,"Sorghum","no"
NA,"World","Cereals","Yield","kg/ha",2004,1437.2,"Sorghum","no"
NA,"World","Cereals","Yield","kg/ha",2005,1281.5,"Sorghum","no"
NA,"World","Cereals","Yield","kg/ha",2006,1331,"Sorghum","no"
NA,"World","Cereals","Yield","kg/ha",2007,1398,"Sorghum","no"
NA,"World","Cereals","Yield","kg/ha",2008,1468.8,"Sorghum","no"
NA,"World","Cereals","Yield","kg/ha",2009,1392.7,"Sorghum","no"
NA,"World","Cereals","Yield","kg/ha",2010,1427,"Sorghum","no"
NA,"World","Cereals","Yield","kg/ha",2011,1345.9,"Sorghum","no"
NA,"World","Cereals","Yield","kg/ha",2012,1460,"Sorghum","no"
NA,"World","Cereals","Yield","kg/ha",2013,1410,"Sorghum","no"
NA,"World","Cereals","Yield","kg/ha",2014,1529.3,"Sorghum","no"
NA,"World","Cereals","Yield","kg/ha",2015,1574,"Sorghum","no"
NA,"World","Cereals","Yield","kg/ha",2016,1409.3,"Sorghum","no"
NA,"World","Cereals","Yield","kg/ha",2017,1398.8,"Sorghum","no"
NA,"World","Cereals","Yield","kg/ha",2018,1427,"Sorghum","no"
NA,"World","Cereals","Yield","kg/ha",2019,1446.5,"Sorghum","no"
NA,"World","Cereals","Yield","kg/ha",2020,1455,"Sorghum","no"
NA,"World","Cereals","Yield","kg/ha",2021,1474.8,"Sorghum","no"
NA,"World","Cereals","Yield","kg/ha",2022,1405.4,"Sorghum","no"
NA,"World","Cereals","Yield","kg/ha",2023,1437.8,"Sorghum","no"
NA,"World","Cereals","Production","t",1992,70545493.8,"Sorghum","no"
NA,"World","Cereals","Production","t",1993,56951239.44,"Sorghum","no"
NA,"World","Cereals","Production","t",1994,60019781.92,"Sorghum","no"
NA,"World","Cereals","Production","t",1995,54726849.08,"Sorghum","no"
NA,"World","Cereals","Production","t",1996,71409139.62,"Sorghum","no"
NA,"World","Cereals","Production","t",1997,59849951.22,"Sorghum","no"
NA,"World","Cereals","Production","t",1998,61400346.98,"Sorghum","no"
NA,"World","Cereals","Production","t",1999,60044780.57,"Sorghum","no"
NA,"World","Cereals","Production","t",2000,55820956.71,"Sorghum","no"
NA,"World","Cereals","Production","t",2001,59789790.55,"Sorghum","no"
NA,"World","Cereals","Production","t",2002,53442775.5,"Sorghum","no"
NA,"World","Cereals","Production","t",2003,58852688.39,"Sorghum","no"
NA,"World","Cereals","Production","t",2004,58090236.1,"Sorghum","no"
NA,"World","Cereals","Production","t",2005,59557659.79,"Sorghum","no"
NA,"World","Cereals","Production","t",2006,57702252.22,"Sorghum","no"
NA,"World","Cereals","Production","t",2007,62756585.07,"Sorghum","no"
NA,"World","Cereals","Production","t",2008,66350262.94,"Sorghum","no"
NA,"World","Cereals","Production","t",2009,56742238.29,"Sorghum","no"
NA,"World","Cereals","Production","t",2010,60181380.46,"Sorghum","no"
NA,"World","Cereals","Production","t",2011,56807955.1,"Sorghum","no"
NA,"World","Cereals","Production","t",2012,57320937.36,"Sorghum","no"
NA,"World","Cereals","Production","t",2013,61894856.36,"Sorghum","no"
NA,"World","Cereals","Production","t",2014,68300901.55,"Sorghum","no"
NA,"World","Cereals","Production","t",2015,65940052.56,"Sorghum","no"
NA,"World","Cereals","Production","t",2016,63323819.98,"Sorghum","no"
NA,"World","Cereals","Production","t",2017,57531496.58,"Sorghum","no"
NA,"World","Cereals","Production","t",2018,60076966.8,"Sorghum","no"
NA,"World","Cereals","Production","t",2019,56785778.87,"Sorghum","no"
NA,"World","Cereals","Production","t",2020,58073955.3,"Sorghum","no"
NA,"World","Cereals","Production","t",2021,60908046.73,"Sorghum","no"
NA,"World","Cereals","Production","t",2022,57660444.56,"Sorghum","no"
NA,"World","Cereals","Production","t",2023,57298318.42,"Sorghum","no"
NA,"World","Fruits and nuts","Area harvested","ha",1992,239588,"Sour cherries","no"
NA,"World","Fruits and nuts","Area harvested","ha",1993,238439,"Sour cherries","no"
NA,"World","Fruits and nuts","Area harvested","ha",1994,238869,"Sour cherries","no"
NA,"World","Fruits and nuts","Area harvested","ha",1995,230085,"Sour cherries","no"
NA,"World","Fruits and nuts","Area harvested","ha",1996,240660,"Sour cherries","no"
NA,"World","Fruits and nuts","Area harvested","ha",1997,224556,"Sour cherries","no"
NA,"World","Fruits and nuts","Area harvested","ha",1998,227390,"Sour cherries","no"
NA,"World","Fruits and nuts","Area harvested","ha",1999,216135,"Sour cherries","no"
NA,"World","Fruits and nuts","Area harvested","ha",2000,227945,"Sour cherries","no"
NA,"World","Fruits and nuts","Area harvested","ha",2001,240194,"Sour cherries","no"
NA,"World","Fruits and nuts","Area harvested","ha",2002,231361,"Sour cherries","no"
NA,"World","Fruits and nuts","Area harvested","ha",2003,248387,"Sour cherries","no"
NA,"World","Fruits and nuts","Area harvested","ha",2004,266256,"Sour cherries","no"
NA,"World","Fruits and nuts","Area harvested","ha",2005,238714,"Sour cherries","no"
NA,"World","Fruits and nuts","Area harvested","ha",2006,258885,"Sour cherries","no"
NA,"World","Fruits and nuts","Area harvested","ha",2007,252246,"Sour cherries","no"
NA,"World","Fruits and nuts","Area harvested","ha",2008,225617,"Sour cherries","no"
NA,"World","Fruits and nuts","Area harvested","ha",2009,230237,"Sour cherries","no"
NA,"World","Fruits and nuts","Area harvested","ha",2010,215759,"Sour cherries","no"
NA,"World","Fruits and nuts","Area harvested","ha",2011,225918,"Sour cherries","no"
NA,"World","Fruits and nuts","Area harvested","ha",2012,225561,"Sour cherries","no"
NA,"World","Fruits and nuts","Area harvested","ha",2013,204824,"Sour cherries","no"
NA,"World","Fruits and nuts","Area harvested","ha",2014,207417,"Sour cherries","no"
NA,"World","Fruits and nuts","Area harvested","ha",2015,208264,"Sour cherries","no"
NA,"World","Fruits and nuts","Area harvested","ha",2016,213492,"Sour cherries","no"
NA,"World","Fruits and nuts","Area harvested","ha",2017,206881,"Sour cherries","no"
NA,"World","Fruits and nuts","Area harvested","ha",2018,221222,"Sour cherries","no"
NA,"World","Fruits and nuts","Area harvested","ha",2019,224260,"Sour cherries","no"
NA,"World","Fruits and nuts","Area harvested","ha",2020,219744,"Sour cherries","no"
NA,"World","Fruits and nuts","Area harvested","ha",2021,225689,"Sour cherries","no"
NA,"World","Fruits and nuts","Area harvested","ha",2022,227641,"Sour cherries","no"
NA,"World","Fruits and nuts","Area harvested","ha",2023,222298,"Sour cherries","no"
NA,"World","Fruits and nuts","Yield","kg/ha",1992,4955.3,"Sour cherries","no"
NA,"World","Fruits and nuts","Yield","kg/ha",1993,5110.7,"Sour cherries","no"
NA,"World","Fruits and nuts","Yield","kg/ha",1994,4152.6,"Sour cherries","no"
NA,"World","Fruits and nuts","Yield","kg/ha",1995,4485.3,"Sour cherries","no"
NA,"World","Fruits and nuts","Yield","kg/ha",1996,4821,"Sour cherries","no"
NA,"World","Fruits and nuts","Yield","kg/ha",1997,4804,"Sour cherries","no"
NA,"World","Fruits and nuts","Yield","kg/ha",1998,4375.9,"Sour cherries","no"
NA,"World","Fruits and nuts","Yield","kg/ha",1999,4570.3,"Sour cherries","no"
NA,"World","Fruits and nuts","Yield","kg/ha",2000,4913.6,"Sour cherries","no"
NA,"World","Fruits and nuts","Yield","kg/ha",2001,4676.1,"Sour cherries","no"
NA,"World","Fruits and nuts","Yield","kg/ha",2002,4205.3,"Sour cherries","no"
NA,"World","Fruits and nuts","Yield","kg/ha",2003,4563.7,"Sour cherries","no"
NA,"World","Fruits and nuts","Yield","kg/ha",2004,4655.7,"Sour cherries","no"
NA,"World","Fruits and nuts","Yield","kg/ha",2005,4834.8,"Sour cherries","no"
NA,"World","Fruits and nuts","Yield","kg/ha",2006,4412.6,"Sour cherries","no"
NA,"World","Fruits and nuts","Yield","kg/ha",2007,4725.5,"Sour cherries","no"
NA,"World","Fruits and nuts","Yield","kg/ha",2008,5412.4,"Sour cherries","no"
NA,"World","Fruits and nuts","Yield","kg/ha",2009,5820.3,"Sour cherries","no"
NA,"World","Fruits and nuts","Yield","kg/ha",2010,5242.5,"Sour cherries","no"
NA,"World","Fruits and nuts","Yield","kg/ha",2011,5539.8,"Sour cherries","no"
NA,"World","Fruits and nuts","Yield","kg/ha",2012,5148.6,"Sour cherries","no"
NA,"World","Fruits and nuts","Yield","kg/ha",2013,6766.7,"Sour cherries","no"
NA,"World","Fruits and nuts","Yield","kg/ha",2014,6424.9,"Sour cherries","no"
NA,"World","Fruits and nuts","Yield","kg/ha",2015,6447.7,"Sour cherries","no"
NA,"World","Fruits and nuts","Yield","kg/ha",2016,6581.1,"Sour cherries","no"
NA,"World","Fruits and nuts","Yield","kg/ha",2017,5734.4,"Sour cherries","no"
NA,"World","Fruits and nuts","Yield","kg/ha",2018,7149.5,"Sour cherries","no"
NA,"World","Fruits and nuts","Yield","kg/ha",2019,6284.2,"Sour cherries","no"
NA,"World","Fruits and nuts","Yield","kg/ha",2020,6747.4,"Sour cherries","no"
NA,"World","Fruits and nuts","Yield","kg/ha",2021,6740.7,"Sour cherries","no"
NA,"World","Fruits and nuts","Yield","kg/ha",2022,7016,"Sour cherries","no"
NA,"World","Fruits and nuts","Yield","kg/ha",2023,6849.2,"Sour cherries","no"
NA,"World","Fruits and nuts","Production","t",1992,1187228.56,"Sour cherries","no"
NA,"World","Fruits and nuts","Production","t",1993,1218582.17,"Sour cherries","no"
NA,"World","Fruits and nuts","Production","t",1994,991931.97,"Sour cherries","no"
NA,"World","Fruits and nuts","Production","t",1995,1031988.35,"Sour cherries","no"
NA,"World","Fruits and nuts","Production","t",1996,1160216.65,"Sour cherries","no"
NA,"World","Fruits and nuts","Production","t",1997,1078770.41,"Sour cherries","no"
NA,"World","Fruits and nuts","Production","t",1998,995036.99,"Sour cherries","no"
NA,"World","Fruits and nuts","Production","t",1999,987799.45,"Sour cherries","no"
NA,"World","Fruits and nuts","Production","t",2000,1120028.39,"Sour cherries","no"
NA,"World","Fruits and nuts","Production","t",2001,1123169.63,"Sour cherries","no"
NA,"World","Fruits and nuts","Production","t",2002,972954.26,"Sour cherries","no"
NA,"World","Fruits and nuts","Production","t",2003,1133563.34,"Sour cherries","no"
NA,"World","Fruits and nuts","Production","t",2004,1239598.72,"Sour cherries","no"
NA,"World","Fruits and nuts","Production","t",2005,1154137,"Sour cherries","no"
NA,"World","Fruits and nuts","Production","t",2006,1142365.8,"Sour cherries","no"
NA,"World","Fruits and nuts","Production","t",2007,1191996.53,"Sour cherries","no"
NA,"World","Fruits and nuts","Production","t",2008,1221120.98,"Sour cherries","no"
NA,"World","Fruits and nuts","Production","t",2009,1340053.16,"Sour cherries","no"
NA,"World","Fruits and nuts","Production","t",2010,1131115.51,"Sour cherries","no"
NA,"World","Fruits and nuts","Production","t",2011,1251546.71,"Sour cherries","no"
NA,"World","Fruits and nuts","Production","t",2012,1161311.86,"Sour cherries","no"
NA,"World","Fruits and nuts","Production","t",2013,1385989.41,"Sour cherries","no"
NA,"World","Fruits and nuts","Production","t",2014,1332621.87,"Sour cherries","no"
NA,"World","Fruits and nuts","Production","t",2015,1342819.91,"Sour cherries","no"
NA,"World","Fruits and nuts","Production","t",2016,1405016.99,"Sour cherries","no"
NA,"World","Fruits and nuts","Production","t",2017,1186334.2,"Sour cherries","no"
NA,"World","Fruits and nuts","Production","t",2018,1581621.71,"Sour cherries","no"
NA,"World","Fruits and nuts","Production","t",2019,1409300.11,"Sour cherries","no"
NA,"World","Fruits and nuts","Production","t",2020,1482698.22,"Sour cherries","no"
NA,"World","Fruits and nuts","Production","t",2021,1521304.33,"Sour cherries","no"
NA,"World","Fruits and nuts","Production","t",2022,1597123.66,"Sour cherries","no"
NA,"World","Fruits and nuts","Production","t",2023,1522555.85,"Sour cherries","no"
NA,"World","Vegetable oils","Production","t",1992,17380924.19,"Soya bean oil","no"
NA,"World","Vegetable oils","Production","t",1993,17718732.74,"Soya bean oil","no"
NA,"World","Vegetable oils","Production","t",1994,18180669.42,"Soya bean oil","no"
NA,"World","Vegetable oils","Production","t",1995,20113851.54,"Soya bean oil","no"
NA,"World","Vegetable oils","Production","t",1996,20616139.77,"Soya bean oil","no"
NA,"World","Vegetable oils","Production","t",1997,21130229.31,"Soya bean oil","no"
NA,"World","Vegetable oils","Production","t",1998,24362773.42,"Soya bean oil","no"
NA,"World","Vegetable oils","Production","t",1999,25192840.63,"Soya bean oil","no"
NA,"World","Vegetable oils","Production","t",2000,25626339.54,"Soya bean oil","no"
NA,"World","Vegetable oils","Production","t",2001,27718296.19,"Soya bean oil","no"
NA,"World","Vegetable oils","Production","t",2002,29047402.83,"Soya bean oil","no"
NA,"World","Vegetable oils","Production","t",2003,30837212.29,"Soya bean oil","no"
NA,"World","Vegetable oils","Production","t",2004,30704636.23,"Soya bean oil","no"
NA,"World","Vegetable oils","Production","t",2005,34228660.66,"Soya bean oil","no"
NA,"World","Vegetable oils","Production","t",2006,34987441.09,"Soya bean oil","no"
NA,"World","Vegetable oils","Production","t",2007,37462466.27,"Soya bean oil","no"
NA,"World","Vegetable oils","Production","t",2008,36039024.66,"Soya bean oil","no"
NA,"World","Vegetable oils","Production","t",2009,36453883.45,"Soya bean oil","no"
NA,"World","Vegetable oils","Production","t",2010,40088295.13,"Soya bean oil","no"
NA,"World","Vegetable oils","Production","t",2011,41773766.75,"Soya bean oil","no"
NA,"World","Vegetable oils","Production","t",2012,41832097.61,"Soya bean oil","no"
NA,"World","Vegetable oils","Production","t",2013,42406618.7,"Soya bean oil","no"
NA,"World","Vegetable oils","Production","t",2014,45874497.6,"Soya bean oil","no"
NA,"World","Vegetable oils","Production","t",2015,49863293.62,"Soya bean oil","no"
NA,"World","Vegetable oils","Production","t",2016,51831837.26,"Soya bean oil","no"
NA,"World","Vegetable oils","Production","t",2017,56133689.24,"Soya bean oil","no"
NA,"World","Vegetable oils","Production","t",2018,56788251.34,"Soya bean oil","no"
NA,"World","Vegetable oils","Production","t",2019,59469875.38,"Soya bean oil","no"
NA,"World","Vegetable oils","Production","t",2020,59045286.84,"Soya bean oil","no"
NA,"World","Vegetable oils","Production","t",2021,61807585.49,"Soya bean oil","no"
NA,"World","Vegetable oils","Production","t",2022,58050965.99,"Soya bean oil","no"
NA,"World","Vegetable oils","Production","t",2023,NA,"Soya bean oil","no"
NA,"World","Oilseeds and oleaginous fruits","Area harvested","ha",1992,56124645,"Soya beans","no"
NA,"World","Oilseeds and oleaginous fruits","Area harvested","ha",1993,59524887,"Soya beans","no"
NA,"World","Oilseeds and oleaginous fruits","Area harvested","ha",1994,62476532,"Soya beans","no"
NA,"World","Oilseeds and oleaginous fruits","Area harvested","ha",1995,62488236,"Soya beans","no"
NA,"World","Oilseeds and oleaginous fruits","Area harvested","ha",1996,61078869,"Soya beans","no"
NA,"World","Oilseeds and oleaginous fruits","Area harvested","ha",1997,66925225,"Soya beans","no"
NA,"World","Oilseeds and oleaginous fruits","Area harvested","ha",1998,70972099,"Soya beans","no"
NA,"World","Oilseeds and oleaginous fruits","Area harvested","ha",1999,72059556,"Soya beans","no"
NA,"World","Oilseeds and oleaginous fruits","Area harvested","ha",2000,74307776,"Soya beans","no"
NA,"World","Oilseeds and oleaginous fruits","Area harvested","ha",2001,76763012,"Soya beans","no"
NA,"World","Oilseeds and oleaginous fruits","Area harvested","ha",2002,78930501,"Soya beans","no"
NA,"World","Oilseeds and oleaginous fruits","Area harvested","ha",2003,83600947,"Soya beans","no"
NA,"World","Oilseeds and oleaginous fruits","Area harvested","ha",2004,91629138,"Soya beans","no"
NA,"World","Oilseeds and oleaginous fruits","Area harvested","ha",2005,92573297,"Soya beans","no"
NA,"World","Oilseeds and oleaginous fruits","Area harvested","ha",2006,95334564,"Soya beans","no"
NA,"World","Oilseeds and oleaginous fruits","Area harvested","ha",2007,90188422,"Soya beans","no"
NA,"World","Oilseeds and oleaginous fruits","Area harvested","ha",2008,96427113,"Soya beans","no"
NA,"World","Oilseeds and oleaginous fruits","Area harvested","ha",2009,99385139,"Soya beans","no"
NA,"World","Oilseeds and oleaginous fruits","Area harvested","ha",2010,102858828,"Soya beans","no"
NA,"World","Oilseeds and oleaginous fruits","Area harvested","ha",2011,103866590,"Soya beans","no"
NA,"World","Oilseeds and oleaginous fruits","Area harvested","ha",2012,105474837,"Soya beans","no"
NA,"World","Oilseeds and oleaginous fruits","Area harvested","ha",2013,111104577,"Soya beans","no"
NA,"World","Oilseeds and oleaginous fruits","Area harvested","ha",2014,117732497,"Soya beans","no"
NA,"World","Oilseeds and oleaginous fruits","Area harvested","ha",2015,120901834,"Soya beans","no"
NA,"World","Oilseeds and oleaginous fruits","Area harvested","ha",2016,122048068,"Soya beans","no"
NA,"World","Oilseeds and oleaginous fruits","Area harvested","ha",2017,125905263,"Soya beans","no"
NA,"World","Oilseeds and oleaginous fruits","Area harvested","ha",2018,124756334,"Soya beans","no"
NA,"World","Oilseeds and oleaginous fruits","Area harvested","ha",2019,121826112,"Soya beans","no"
NA,"World","Oilseeds and oleaginous fruits","Area harvested","ha",2020,127624186,"Soya beans","no"
NA,"World","Oilseeds and oleaginous fruits","Area harvested","ha",2021,130646334,"Soya beans","no"
NA,"World","Oilseeds and oleaginous fruits","Area harvested","ha",2022,134203467,"Soya beans","no"
NA,"World","Oilseeds and oleaginous fruits","Area harvested","ha",2023,136903849,"Soya beans","no"
NA,"World","Oilseeds and oleaginous fruits","Yield","kg/ha",1992,2031,"Soya beans","no"
NA,"World","Oilseeds and oleaginous fruits","Yield","kg/ha",1993,1936.1,"Soya beans","no"
NA,"World","Oilseeds and oleaginous fruits","Yield","kg/ha",1994,2182.5,"Soya beans","no"
NA,"World","Oilseeds and oleaginous fruits","Yield","kg/ha",1995,2031.2,"Soya beans","no"
NA,"World","Oilseeds and oleaginous fruits","Yield","kg/ha",1996,2131.6,"Soya beans","no"
NA,"World","Oilseeds and oleaginous fruits","Yield","kg/ha",1997,2156.5,"Soya beans","no"
NA,"World","Oilseeds and oleaginous fruits","Yield","kg/ha",1998,2256.2,"Soya beans","no"
NA,"World","Oilseeds and oleaginous fruits","Yield","kg/ha",1999,2190.1,"Soya beans","no"
NA,"World","Oilseeds and oleaginous fruits","Yield","kg/ha",2000,2170.8,"Soya beans","no"
NA,"World","Oilseeds and oleaginous fruits","Yield","kg/ha",2001,2306.1,"Soya beans","no"
NA,"World","Oilseeds and oleaginous fruits","Yield","kg/ha",2002,2292.5,"Soya beans","no"
NA,"World","Oilseeds and oleaginous fruits","Yield","kg/ha",2003,2279.6,"Soya beans","no"
NA,"World","Oilseeds and oleaginous fruits","Yield","kg/ha",2004,2243.3,"Soya beans","no"
NA,"World","Oilseeds and oleaginous fruits","Yield","kg/ha",2005,2317.5,"Soya beans","no"
NA,"World","Oilseeds and oleaginous fruits","Yield","kg/ha",2006,2324,"Soya beans","no"
NA,"World","Oilseeds and oleaginous fruits","Yield","kg/ha",2007,2437,"Soya beans","no"
NA,"World","Oilseeds and oleaginous fruits","Yield","kg/ha",2008,2397.9,"Soya beans","no"
NA,"World","Oilseeds and oleaginous fruits","Yield","kg/ha",2009,2247.6,"Soya beans","no"
NA,"World","Oilseeds and oleaginous fruits","Yield","kg/ha",2010,2577.2,"Soya beans","no"
NA,"World","Oilseeds and oleaginous fruits","Yield","kg/ha",2011,2518.7,"Soya beans","no"
NA,"World","Oilseeds and oleaginous fruits","Yield","kg/ha",2012,2288.2,"Soya beans","no"
NA,"World","Oilseeds and oleaginous fruits","Yield","kg/ha",2013,2499.1,"Soya beans","no"
NA,"World","Oilseeds and oleaginous fruits","Yield","kg/ha",2014,2601.3,"Soya beans","no"
NA,"World","Oilseeds and oleaginous fruits","Yield","kg/ha",2015,2673.8,"Soya beans","no"
NA,"World","Oilseeds and oleaginous fruits","Yield","kg/ha",2016,2752.2,"Soya beans","no"
NA,"World","Oilseeds and oleaginous fruits","Yield","kg/ha",2017,2855.4,"Soya beans","no"
NA,"World","Oilseeds and oleaginous fruits","Yield","kg/ha",2018,2767,"Soya beans","no"
NA,"World","Oilseeds and oleaginous fruits","Yield","kg/ha",2019,2759.6,"Soya beans","no"
NA,"World","Oilseeds and oleaginous fruits","Yield","kg/ha",2020,2788.4,"Soya beans","no"
NA,"World","Oilseeds and oleaginous fruits","Yield","kg/ha",2021,2852.8,"Soya beans","no"
NA,"World","Oilseeds and oleaginous fruits","Yield","kg/ha",2022,2635.5,"Soya beans","no"
NA,"World","Oilseeds and oleaginous fruits","Yield","kg/ha",2023,2711.2,"Soya beans","no"
NA,"World","Oilseeds and oleaginous fruits","Production","t",1992,113989217.16,"Soya beans","no"
NA,"World","Oilseeds and oleaginous fruits","Production","t",1993,115245084.38,"Soya beans","no"
NA,"World","Oilseeds and oleaginous fruits","Production","t",1994,136356260.92,"Soya beans","no"
NA,"World","Oilseeds and oleaginous fruits","Production","t",1995,126923581.76,"Soya beans","no"
NA,"World","Oilseeds and oleaginous fruits","Production","t",1996,130193237.96,"Soya beans","no"
NA,"World","Oilseeds and oleaginous fruits","Production","t",1997,144326264.33,"Soya beans","no"
NA,"World","Oilseeds and oleaginous fruits","Production","t",1998,160128821.52,"Soya beans","no"
NA,"World","Oilseeds and oleaginous fruits","Production","t",1999,157815478.83,"Soya beans","no"
NA,"World","Oilseeds and oleaginous fruits","Production","t",2000,161308383.2,"Soya beans","no"
NA,"World","Oilseeds and oleaginous fruits","Production","t",2001,177020742.82,"Soya beans","no"
NA,"World","Oilseeds and oleaginous fruits","Production","t",2002,180950733.14,"Soya beans","no"
NA,"World","Oilseeds and oleaginous fruits","Production","t",2003,190573528.04,"Soya beans","no"
NA,"World","Oilseeds and oleaginous fruits","Production","t",2004,205548134.39,"Soya beans","no"
NA,"World","Oilseeds and oleaginous fruits","Production","t",2005,214542760.54,"Soya beans","no"
NA,"World","Oilseeds and oleaginous fruits","Production","t",2006,221558922.46,"Soya beans","no"
NA,"World","Oilseeds and oleaginous fruits","Production","t",2007,219793074.78,"Soya beans","no"
NA,"World","Oilseeds and oleaginous fruits","Production","t",2008,231223484.79,"Soya beans","no"
NA,"World","Oilseeds and oleaginous fruits","Production","t",2009,223380801.78,"Soya beans","no"
NA,"World","Oilseeds and oleaginous fruits","Production","t",2010,265088428.76,"Soya beans","no"
NA,"World","Oilseeds and oleaginous fruits","Production","t",2011,261604942.76,"Soya beans","no"
NA,"World","Oilseeds and oleaginous fruits","Production","t",2012,241351400.57,"Soya beans","no"
NA,"World","Oilseeds and oleaginous fruits","Production","t",2013,277658288.41,"Soya beans","no"
NA,"World","Oilseeds and oleaginous fruits","Production","t",2014,306260567.1,"Soya beans","no"
NA,"World","Oilseeds and oleaginous fruits","Production","t",2015,323266190.03,"Soya beans","no"
NA,"World","Oilseeds and oleaginous fruits","Production","t",2016,335905761.68,"Soya beans","no"
NA,"World","Oilseeds and oleaginous fruits","Production","t",2017,359515842.89,"Soya beans","no"
NA,"World","Oilseeds and oleaginous fruits","Production","t",2018,345203256.35,"Soya beans","no"
NA,"World","Oilseeds and oleaginous fruits","Production","t",2019,336194001.45,"Soya beans","no"
NA,"World","Oilseeds and oleaginous fruits","Production","t",2020,355871646.55,"Soya beans","no"
NA,"World","Oilseeds and oleaginous fruits","Production","t",2021,372706079.64,"Soya beans","no"
NA,"World","Oilseeds and oleaginous fruits","Production","t",2022,353696966.43,"Soya beans","no"
NA,"World","Oilseeds and oleaginous fruits","Production","t",2023,371173609.31,"Soya beans","no"
NA,"World","Vegetables","Area harvested","ha",1992,339541,"Spinach","no"
NA,"World","Vegetables","Area harvested","ha",1993,386649,"Spinach","no"
NA,"World","Vegetables","Area harvested","ha",1994,443442,"Spinach","no"
NA,"World","Vegetables","Area harvested","ha",1995,463763,"Spinach","no"
NA,"World","Vegetables","Area harvested","ha",1996,526523,"Spinach","no"
NA,"World","Vegetables","Area harvested","ha",1997,548856,"Spinach","no"
NA,"World","Vegetables","Area harvested","ha",1998,568238,"Spinach","no"
NA,"World","Vegetables","Area harvested","ha",1999,601188,"Spinach","no"
NA,"World","Vegetables","Area harvested","ha",2000,671117,"Spinach","no"
NA,"World","Vegetables","Area harvested","ha",2001,706836,"Spinach","no"
NA,"World","Vegetables","Area harvested","ha",2002,767110,"Spinach","no"
NA,"World","Vegetables","Area harvested","ha",2003,791242,"Spinach","no"
NA,"World","Vegetables","Area harvested","ha",2004,774095,"Spinach","no"
NA,"World","Vegetables","Area harvested","ha",2005,800254,"Spinach","no"
NA,"World","Vegetables","Area harvested","ha",2006,823446,"Spinach","no"
NA,"World","Vegetables","Area harvested","ha",2007,812072,"Spinach","no"
NA,"World","Vegetables","Area harvested","ha",2008,814919,"Spinach","no"
NA,"World","Vegetables","Area harvested","ha",2009,819793,"Spinach","no"
NA,"World","Vegetables","Area harvested","ha",2010,844659,"Spinach","no"
NA,"World","Vegetables","Area harvested","ha",2011,862537,"Spinach","no"
NA,"World","Vegetables","Area harvested","ha",2012,883160,"Spinach","no"
NA,"World","Vegetables","Area harvested","ha",2013,917245,"Spinach","no"
NA,"World","Vegetables","Area harvested","ha",2014,942878,"Spinach","no"
NA,"World","Vegetables","Area harvested","ha",2015,894927,"Spinach","no"
NA,"World","Vegetables","Area harvested","ha",2016,906154,"Spinach","no"
NA,"World","Vegetables","Area harvested","ha",2017,915280,"Spinach","no"
NA,"World","Vegetables","Area harvested","ha",2018,920026,"Spinach","no"
NA,"World","Vegetables","Area harvested","ha",2019,925860,"Spinach","no"
NA,"World","Vegetables","Area harvested","ha",2020,915344,"Spinach","no"
NA,"World","Vegetables","Area harvested","ha",2021,926300,"Spinach","no"
NA,"World","Vegetables","Area harvested","ha",2022,944930,"Spinach","no"
NA,"World","Vegetables","Area harvested","ha",2023,943672,"Spinach","no"
NA,"World","Vegetables","Yield","kg/ha",1992,13081.4,"Spinach","no"
NA,"World","Vegetables","Yield","kg/ha",1993,13271.2,"Spinach","no"
NA,"World","Vegetables","Yield","kg/ha",1994,13499,"Spinach","no"
NA,"World","Vegetables","Yield","kg/ha",1995,13373.4,"Spinach","no"
NA,"World","Vegetables","Yield","kg/ha",1996,13570.4,"Spinach","no"
NA,"World","Vegetables","Yield","kg/ha",1997,13299.6,"Spinach","no"
NA,"World","Vegetables","Yield","kg/ha",1998,13042.1,"Spinach","no"
NA,"World","Vegetables","Yield","kg/ha",1999,12712.6,"Spinach","no"
NA,"World","Vegetables","Yield","kg/ha",2000,14190.8,"Spinach","no"
NA,"World","Vegetables","Yield","kg/ha",2001,14364.9,"Spinach","no"
NA,"World","Vegetables","Yield","kg/ha",2002,14916.2,"Spinach","no"
NA,"World","Vegetables","Yield","kg/ha",2003,15850.8,"Spinach","no"
NA,"World","Vegetables","Yield","kg/ha",2004,17252.9,"Spinach","no"
NA,"World","Vegetables","Yield","kg/ha",2005,17743.9,"Spinach","no"
NA,"World","Vegetables","Yield","kg/ha",2006,18162.3,"Spinach","no"
NA,"World","Vegetables","Yield","kg/ha",2007,19860.9,"Spinach","no"
NA,"World","Vegetables","Yield","kg/ha",2008,23150.5,"Spinach","no"
NA,"World","Vegetables","Yield","kg/ha",2009,24140.3,"Spinach","no"
NA,"World","Vegetables","Yield","kg/ha",2010,24074.9,"Spinach","no"
NA,"World","Vegetables","Yield","kg/ha",2011,24559.2,"Spinach","no"
NA,"World","Vegetables","Yield","kg/ha",2012,25069.7,"Spinach","no"
NA,"World","Vegetables","Yield","kg/ha",2013,25374.1,"Spinach","no"
NA,"World","Vegetables","Yield","kg/ha",2014,25740.2,"Spinach","no"
NA,"World","Vegetables","Yield","kg/ha",2015,28573.9,"Spinach","no"
NA,"World","Vegetables","Yield","kg/ha",2016,29470.2,"Spinach","no"
NA,"World","Vegetables","Yield","kg/ha",2017,30381.5,"Spinach","no"
NA,"World","Vegetables","Yield","kg/ha",2018,31479.6,"Spinach","no"
NA,"World","Vegetables","Yield","kg/ha",2019,32487.2,"Spinach","no"
NA,"World","Vegetables","Yield","kg/ha",2020,34129.3,"Spinach","no"
NA,"World","Vegetables","Yield","kg/ha",2021,35033.2,"Spinach","no"
NA,"World","Vegetables","Yield","kg/ha",2022,35122.9,"Spinach","no"
NA,"World","Vegetables","Yield","kg/ha",2023,36141.9,"Spinach","no"
NA,"World","Vegetables","Production","t",1992,4441659.51,"Spinach","no"
NA,"World","Vegetables","Production","t",1993,5131290.44,"Spinach","no"
NA,"World","Vegetables","Production","t",1994,5986033.39,"Spinach","no"
NA,"World","Vegetables","Production","t",1995,6202077.97,"Spinach","no"
NA,"World","Vegetables","Production","t",1996,7145126.36,"Spinach","no"
NA,"World","Vegetables","Production","t",1997,7299559.28,"Spinach","no"
NA,"World","Vegetables","Production","t",1998,7411003.88,"Spinach","no"
NA,"World","Vegetables","Production","t",1999,7642648.46,"Spinach","no"
NA,"World","Vegetables","Production","t",2000,9523655.36,"Spinach","no"
NA,"World","Vegetables","Production","t",2001,10153629.33,"Spinach","no"
NA,"World","Vegetables","Production","t",2002,11442333.1,"Spinach","no"
NA,"World","Vegetables","Production","t",2003,12541825.11,"Spinach","no"
NA,"World","Vegetables","Production","t",2004,13355351.11,"Spinach","no"
NA,"World","Vegetables","Production","t",2005,14199672,"Spinach","no"
NA,"World","Vegetables","Production","t",2006,14955713.26,"Spinach","no"
NA,"World","Vegetables","Production","t",2007,16128497.56,"Spinach","no"
NA,"World","Vegetables","Production","t",2008,18865803.51,"Spinach","no"
NA,"World","Vegetables","Production","t",2009,19790085.84,"Spinach","no"
NA,"World","Vegetables","Production","t",2010,20335061.92,"Spinach","no"
NA,"World","Vegetables","Production","t",2011,21183214.43,"Spinach","no"
NA,"World","Vegetables","Production","t",2012,22140592.67,"Spinach","no"
NA,"World","Vegetables","Production","t",2013,23274272.93,"Spinach","no"
NA,"World","Vegetables","Production","t",2014,24269905.22,"Spinach","no"
NA,"World","Vegetables","Production","t",2015,25571575.93,"Spinach","no"
NA,"World","Vegetables","Production","t",2016,26704567.24,"Spinach","no"
NA,"World","Vegetables","Production","t",2017,27807552.42,"Spinach","no"
NA,"World","Vegetables","Production","t",2018,28962022.68,"Spinach","no"
NA,"World","Vegetables","Production","t",2019,30078551.94,"Spinach","no"
NA,"World","Vegetables","Production","t",2020,31240045.98,"Spinach","no"
NA,"World","Vegetables","Production","t",2021,32451282.79,"Spinach","no"
NA,"World","Vegetables","Production","t",2022,33188695.35,"Spinach","no"
NA,"World","Vegetables","Production","t",2023,34106065.4,"Spinach","no"
NA,"World","Fruits and nuts","Area harvested","ha",1992,233162,"Strawberries","no"
NA,"World","Fruits and nuts","Area harvested","ha",1993,249312,"Strawberries","no"
NA,"World","Fruits and nuts","Area harvested","ha",1994,240055,"Strawberries","no"
NA,"World","Fruits and nuts","Area harvested","ha",1995,263373,"Strawberries","no"
NA,"World","Fruits and nuts","Area harvested","ha",1996,262914,"Strawberries","no"
NA,"World","Fruits and nuts","Area harvested","ha",1997,260255,"Strawberries","no"
NA,"World","Fruits and nuts","Area harvested","ha",1998,276327,"Strawberries","no"
NA,"World","Fruits and nuts","Area harvested","ha",1999,298849,"Strawberries","no"
NA,"World","Fruits and nuts","Area harvested","ha",2000,316448,"Strawberries","no"
NA,"World","Fruits and nuts","Area harvested","ha",2001,326421,"Strawberries","no"
NA,"World","Fruits and nuts","Area harvested","ha",2002,299634,"Strawberries","no"
NA,"World","Fruits and nuts","Area harvested","ha",2003,319443,"Strawberries","no"
NA,"World","Fruits and nuts","Area harvested","ha",2004,331732,"Strawberries","no"
NA,"World","Fruits and nuts","Area harvested","ha",2005,342970,"Strawberries","no"
NA,"World","Fruits and nuts","Area harvested","ha",2006,341662,"Strawberries","no"
NA,"World","Fruits and nuts","Area harvested","ha",2007,339830,"Strawberries","no"
NA,"World","Fruits and nuts","Area harvested","ha",2008,325537,"Strawberries","no"
NA,"World","Fruits and nuts","Area harvested","ha",2009,321351,"Strawberries","no"
NA,"World","Fruits and nuts","Area harvested","ha",2010,301059,"Strawberries","no"
NA,"World","Fruits and nuts","Area harvested","ha",2011,323924,"Strawberries","no"
NA,"World","Fruits and nuts","Area harvested","ha",2012,330667,"Strawberries","no"
NA,"World","Fruits and nuts","Area harvested","ha",2013,354585,"Strawberries","no"
NA,"World","Fruits and nuts","Area harvested","ha",2014,359072,"Strawberries","no"
NA,"World","Fruits and nuts","Area harvested","ha",2015,377212,"Strawberries","no"
NA,"World","Fruits and nuts","Area harvested","ha",2016,366009,"Strawberries","no"
NA,"World","Fruits and nuts","Area harvested","ha",2017,370889,"Strawberries","no"
NA,"World","Fruits and nuts","Area harvested","ha",2018,396087,"Strawberries","no"
NA,"World","Fruits and nuts","Area harvested","ha",2019,401924,"Strawberries","no"
NA,"World","Fruits and nuts","Area harvested","ha",2020,391049,"Strawberries","no"
NA,"World","Fruits and nuts","Area harvested","ha",2021,408414,"Strawberries","no"
NA,"World","Fruits and nuts","Area harvested","ha",2022,423448,"Strawberries","no"
NA,"World","Fruits and nuts","Area harvested","ha",2023,434977,"Strawberries","no"
NA,"World","Fruits and nuts","Yield","kg/ha",1992,10787,"Strawberries","no"
NA,"World","Fruits and nuts","Yield","kg/ha",1993,13200.7,"Strawberries","no"
NA,"World","Fruits and nuts","Yield","kg/ha",1994,14546.5,"Strawberries","no"
NA,"World","Fruits and nuts","Yield","kg/ha",1995,13990.5,"Strawberries","no"
NA,"World","Fruits and nuts","Yield","kg/ha",1996,14066.6,"Strawberries","no"
NA,"World","Fruits and nuts","Yield","kg/ha",1997,14509.5,"Strawberries","no"
NA,"World","Fruits and nuts","Yield","kg/ha",1998,14400.3,"Strawberries","no"
NA,"World","Fruits and nuts","Yield","kg/ha",1999,14730.7,"Strawberries","no"
NA,"World","Fruits and nuts","Yield","kg/ha",2000,14468.7,"Strawberries","no"
NA,"World","Fruits and nuts","Yield","kg/ha",2001,14028.7,"Strawberries","no"
NA,"World","Fruits and nuts","Yield","kg/ha",2002,15782.6,"Strawberries","no"
NA,"World","Fruits and nuts","Yield","kg/ha",2003,16146.8,"Strawberries","no"
NA,"World","Fruits and nuts","Yield","kg/ha",2004,16915.3,"Strawberries","no"
NA,"World","Fruits and nuts","Yield","kg/ha",2005,17059.8,"Strawberries","no"
NA,"World","Fruits and nuts","Yield","kg/ha",2006,17351.1,"Strawberries","no"
NA,"World","Fruits and nuts","Yield","kg/ha",2007,17021.5,"Strawberries","no"
NA,"World","Fruits and nuts","Yield","kg/ha",2008,18779.7,"Strawberries","no"
NA,"World","Fruits and nuts","Yield","kg/ha",2009,20340.8,"Strawberries","no"
NA,"World","Fruits and nuts","Yield","kg/ha",2010,20920.6,"Strawberries","no"
NA,"World","Fruits and nuts","Yield","kg/ha",2011,19736.5,"Strawberries","no"
NA,"World","Fruits and nuts","Yield","kg/ha",2012,21144.6,"Strawberries","no"
NA,"World","Fruits and nuts","Yield","kg/ha",2013,21025.7,"Strawberries","no"
NA,"World","Fruits and nuts","Yield","kg/ha",2014,21322.6,"Strawberries","no"
NA,"World","Fruits and nuts","Yield","kg/ha",2015,21851.4,"Strawberries","no"
NA,"World","Fruits and nuts","Yield","kg/ha",2016,22028.7,"Strawberries","no"
NA,"World","Fruits and nuts","Yield","kg/ha",2017,22252.7,"Strawberries","no"
NA,"World","Fruits and nuts","Yield","kg/ha",2018,21616.6,"Strawberries","no"
NA,"World","Fruits and nuts","Yield","kg/ha",2019,22698.4,"Strawberries","no"
NA,"World","Fruits and nuts","Yield","kg/ha",2020,23179.6,"Strawberries","no"
NA,"World","Fruits and nuts","Yield","kg/ha",2021,23871,"Strawberries","no"
NA,"World","Fruits and nuts","Yield","kg/ha",2022,24199.9,"Strawberries","no"
NA,"World","Fruits and nuts","Yield","kg/ha",2023,24105.8,"Strawberries","no"
NA,"World","Fruits and nuts","Production","t",1992,2515113.25,"Strawberries","no"
NA,"World","Fruits and nuts","Production","t",1993,3291084.92,"Strawberries","no"
NA,"World","Fruits and nuts","Production","t",1994,3491955.83,"Strawberries","no"
NA,"World","Fruits and nuts","Production","t",1995,3684705.47,"Strawberries","no"
NA,"World","Fruits and nuts","Production","t",1996,3698293.71,"Strawberries","no"
NA,"World","Fruits and nuts","Production","t",1997,3776157.37,"Strawberries","no"
NA,"World","Fruits and nuts","Production","t",1998,3979198.94,"Strawberries","no"
NA,"World","Fruits and nuts","Production","t",1999,4402247.6,"Strawberries","no"
NA,"World","Fruits and nuts","Production","t",2000,4578581,"Strawberries","no"
NA,"World","Fruits and nuts","Production","t",2001,4579266.63,"Strawberries","no"
NA,"World","Fruits and nuts","Production","t",2002,4728992.84,"Strawberries","no"
NA,"World","Fruits and nuts","Production","t",2003,5157995.52,"Strawberries","no"
NA,"World","Fruits and nuts","Production","t",2004,5611343.42,"Strawberries","no"
NA,"World","Fruits and nuts","Production","t",2005,5850997.12,"Strawberries","no"
NA,"World","Fruits and nuts","Production","t",2006,5928200.17,"Strawberries","no"
NA,"World","Fruits and nuts","Production","t",2007,5784406.07,"Strawberries","no"
NA,"World","Fruits and nuts","Production","t",2008,6113503.7,"Strawberries","no"
NA,"World","Fruits and nuts","Production","t",2009,6536528.88,"Strawberries","no"
NA,"World","Fruits and nuts","Production","t",2010,6298346.69,"Strawberries","no"
NA,"World","Fruits and nuts","Production","t",2011,6393106.85,"Strawberries","no"
NA,"World","Fruits and nuts","Production","t",2012,6991815.24,"Strawberries","no"
NA,"World","Fruits and nuts","Production","t",2013,7455404.29,"Strawberries","no"
NA,"World","Fruits and nuts","Production","t",2014,7656341.88,"Strawberries","no"
NA,"World","Fruits and nuts","Production","t",2015,8242610.84,"Strawberries","no"
NA,"World","Fruits and nuts","Production","t",2016,8062707.15,"Strawberries","no"
NA,"World","Fruits and nuts","Production","t",2017,8253272.83,"Strawberries","no"
NA,"World","Fruits and nuts","Production","t",2018,8562057.66,"Strawberries","no"
NA,"World","Fruits and nuts","Production","t",2019,9123032.6,"Strawberries","no"
NA,"World","Fruits and nuts","Production","t",2020,9064345.93,"Strawberries","no"
NA,"World","Fruits and nuts","Production","t",2021,9749254.36,"Strawberries","no"
NA,"World","Fruits and nuts","Production","t",2022,10247395.03,"Strawberries","no"
NA,"World","Fruits and nuts","Production","t",2023,10485454.06,"Strawberries","no"
NA,"World","Vegetables","Area harvested","ha",1992,215270,"String beans","no"
NA,"World","Vegetables","Area harvested","ha",1993,213421,"String beans","no"
NA,"World","Vegetables","Area harvested","ha",1994,220005,"String beans","no"
NA,"World","Vegetables","Area harvested","ha",1995,224608,"String beans","no"
NA,"World","Vegetables","Area harvested","ha",1996,220857,"String beans","no"
NA,"World","Vegetables","Area harvested","ha",1997,216296,"String beans","no"
NA,"World","Vegetables","Area harvested","ha",1998,220846,"String beans","no"
NA,"World","Vegetables","Area harvested","ha",1999,223469,"String beans","no"
NA,"World","Vegetables","Area harvested","ha",2000,231126,"String beans","no"
NA,"World","Vegetables","Area harvested","ha",2001,220488,"String beans","no"
NA,"World","Vegetables","Area harvested","ha",2002,224713,"String beans","no"
NA,"World","Vegetables","Area harvested","ha",2003,225701,"String beans","no"
NA,"World","Vegetables","Area harvested","ha",2004,229720,"String beans","no"
NA,"World","Vegetables","Area harvested","ha",2005,234813,"String beans","no"
NA,"World","Vegetables","Area harvested","ha",2006,237997,"String beans","no"
NA,"World","Vegetables","Area harvested","ha",2007,236636,"String beans","no"
NA,"World","Vegetables","Area harvested","ha",2008,233397,"String beans","no"
NA,"World","Vegetables","Area harvested","ha",2009,232415,"String beans","no"
NA,"World","Vegetables","Area harvested","ha",2010,223088,"String beans","no"
NA,"World","Vegetables","Area harvested","ha",2011,215623,"String beans","no"
NA,"World","Vegetables","Area harvested","ha",2012,209906,"String beans","no"
NA,"World","Vegetables","Area harvested","ha",2013,195774,"String beans","no"
NA,"World","Vegetables","Area harvested","ha",2014,199561,"String beans","no"
NA,"World","Vegetables","Area harvested","ha",2015,191617,"String beans","no"
NA,"World","Vegetables","Area harvested","ha",2016,196213,"String beans","no"
NA,"World","Vegetables","Area harvested","ha",2017,191921,"String beans","no"
NA,"World","Vegetables","Area harvested","ha",2018,157632,"String beans","no"
NA,"World","Vegetables","Area harvested","ha",2019,140630,"String beans","no"
NA,"World","Vegetables","Area harvested","ha",2020,142528,"String beans","no"
NA,"World","Vegetables","Area harvested","ha",2021,139721,"String beans","no"
NA,"World","Vegetables","Area harvested","ha",2022,138409,"String beans","no"
NA,"World","Vegetables","Area harvested","ha",2023,133344,"String beans","no"
NA,"World","Vegetables","Yield","kg/ha",1992,6827,"String beans","no"
NA,"World","Vegetables","Yield","kg/ha",1993,6949.9,"String beans","no"
NA,"World","Vegetables","Yield","kg/ha",1994,7489.8,"String beans","no"
NA,"World","Vegetables","Yield","kg/ha",1995,7196.7,"String beans","no"
NA,"World","Vegetables","Yield","kg/ha",1996,7730.2,"String beans","no"
NA,"World","Vegetables","Yield","kg/ha",1997,7760.6,"String beans","no"
NA,"World","Vegetables","Yield","kg/ha",1998,7629.1,"String beans","no"
NA,"World","Vegetables","Yield","kg/ha",1999,7975.1,"String beans","no"
NA,"World","Vegetables","Yield","kg/ha",2000,8247.5,"String beans","no"
NA,"World","Vegetables","Yield","kg/ha",2001,8213.9,"String beans","no"
NA,"World","Vegetables","Yield","kg/ha",2002,8544.4,"String beans","no"
NA,"World","Vegetables","Yield","kg/ha",2003,8698.1,"String beans","no"
NA,"World","Vegetables","Yield","kg/ha",2004,9104.3,"String beans","no"
NA,"World","Vegetables","Yield","kg/ha",2005,8851.8,"String beans","no"
NA,"World","Vegetables","Yield","kg/ha",2006,9123.1,"String beans","no"
NA,"World","Vegetables","Yield","kg/ha",2007,8626.6,"String beans","no"
NA,"World","Vegetables","Yield","kg/ha",2008,8948.5,"String beans","no"
NA,"World","Vegetables","Yield","kg/ha",2009,8962.6,"String beans","no"
NA,"World","Vegetables","Yield","kg/ha",2010,9142.4,"String beans","no"
NA,"World","Vegetables","Yield","kg/ha",2011,8724.4,"String beans","no"
NA,"World","Vegetables","Yield","kg/ha",2012,9076,"String beans","no"
NA,"World","Vegetables","Yield","kg/ha",2013,9265.3,"String beans","no"
NA,"World","Vegetables","Yield","kg/ha",2014,9201,"String beans","no"
NA,"World","Vegetables","Yield","kg/ha",2015,9499.4,"String beans","no"
NA,"World","Vegetables","Yield","kg/ha",2016,9620.3,"String beans","no"
NA,"World","Vegetables","Yield","kg/ha",2017,10040.6,"String beans","no"
NA,"World","Vegetables","Yield","kg/ha",2018,9252.9,"String beans","no"
NA,"World","Vegetables","Yield","kg/ha",2019,9417.7,"String beans","no"
NA,"World","Vegetables","Yield","kg/ha",2020,9049.6,"String beans","no"
NA,"World","Vegetables","Yield","kg/ha",2021,9530,"String beans","no"
NA,"World","Vegetables","Yield","kg/ha",2022,10181.4,"String beans","no"
NA,"World","Vegetables","Yield","kg/ha",2023,10207,"String beans","no"
NA,"World","Vegetables","Production","t",1992,1469654.9,"String beans","no"
NA,"World","Vegetables","Production","t",1993,1483263.3,"String beans","no"
NA,"World","Vegetables","Production","t",1994,1647793.2,"String beans","no"
NA,"World","Vegetables","Production","t",1995,1616443.4,"String beans","no"
NA,"World","Vegetables","Production","t",1996,1707257.81,"String beans","no"
NA,"World","Vegetables","Production","t",1997,1678589.08,"String beans","no"
NA,"World","Vegetables","Production","t",1998,1684847.95,"String beans","no"
NA,"World","Vegetables","Production","t",1999,1782177.37,"String beans","no"
NA,"World","Vegetables","Production","t",2000,1906209.93,"String beans","no"
NA,"World","Vegetables","Production","t",2001,1811071.49,"String beans","no"
NA,"World","Vegetables","Production","t",2002,1920043.84,"String beans","no"
NA,"World","Vegetables","Production","t",2003,1963165.02,"String beans","no"
NA,"World","Vegetables","Production","t",2004,2091445.35,"String beans","no"
NA,"World","Vegetables","Production","t",2005,2078521.95,"String beans","no"
NA,"World","Vegetables","Production","t",2006,2171256.88,"String beans","no"
NA,"World","Vegetables","Production","t",2007,2041359.07,"String beans","no"
NA,"World","Vegetables","Production","t",2008,2088565.52,"String beans","no"
NA,"World","Vegetables","Production","t",2009,2083042.98,"String beans","no"
NA,"World","Vegetables","Production","t",2010,2039569.04,"String beans","no"
NA,"World","Vegetables","Production","t",2011,1881175.42,"String beans","no"
NA,"World","Vegetables","Production","t",2012,1905115.13,"String beans","no"
NA,"World","Vegetables","Production","t",2013,1813914.93,"String beans","no"
NA,"World","Vegetables","Production","t",2014,1836163.89,"String beans","no"
NA,"World","Vegetables","Production","t",2015,1820244.25,"String beans","no"
NA,"World","Vegetables","Production","t",2016,1887622.02,"String beans","no"
NA,"World","Vegetables","Production","t",2017,1927008.27,"String beans","no"
NA,"World","Vegetables","Production","t",2018,1458545.39,"String beans","no"
NA,"World","Vegetables","Production","t",2019,1324413.28,"String beans","no"
NA,"World","Vegetables","Production","t",2020,1289823.75,"String beans","no"
NA,"World","Vegetables","Production","t",2021,1331539.88,"String beans","no"
NA,"World","Vegetables","Production","t",2022,1409196.16,"String beans","no"
NA,"World","Vegetables","Production","t",2023,1361037.07,"String beans","no"
NA,"World","Sugar crops","Area harvested","ha",1992,8331124,"Sugar beet","no"
NA,"World","Sugar crops","Area harvested","ha",1993,8058908,"Sugar beet","no"
NA,"World","Sugar crops","Area harvested","ha",1994,7876625,"Sugar beet","no"
NA,"World","Sugar crops","Area harvested","ha",1995,7764367,"Sugar beet","no"
NA,"World","Sugar crops","Area harvested","ha",1996,7482726,"Sugar beet","no"
NA,"World","Sugar crops","Area harvested","ha",1997,7075874,"Sugar beet","no"
NA,"World","Sugar crops","Area harvested","ha",1998,6850955,"Sugar beet","no"
NA,"World","Sugar crops","Area harvested","ha",1999,6590811,"Sugar beet","no"
NA,"World","Sugar crops","Area harvested","ha",2000,6000354,"Sugar beet","no"
NA,"World","Sugar crops","Area harvested","ha",2001,6014965,"Sugar beet","no"
NA,"World","Sugar crops","Area harvested","ha",2002,6027687,"Sugar beet","no"
NA,"World","Sugar crops","Area harvested","ha",2003,5658886,"Sugar beet","no"
NA,"World","Sugar crops","Area harvested","ha",2004,5467540,"Sugar beet","no"
NA,"World","Sugar crops","Area harvested","ha",2005,5402248,"Sugar beet","no"
NA,"World","Sugar crops","Area harvested","ha",2006,5433990,"Sugar beet","no"
NA,"World","Sugar crops","Area harvested","ha",2007,5157704,"Sugar beet","no"
NA,"World","Sugar crops","Area harvested","ha",2008,4261680,"Sugar beet","no"
NA,"World","Sugar crops","Area harvested","ha",2009,4245016,"Sugar beet","no"
NA,"World","Sugar crops","Area harvested","ha",2010,4693567,"Sugar beet","no"
NA,"World","Sugar crops","Area harvested","ha",2011,5074334,"Sugar beet","no"
NA,"World","Sugar crops","Area harvested","ha",2012,4900580,"Sugar beet","no"
NA,"World","Sugar crops","Area harvested","ha",2013,4344286,"Sugar beet","no"
NA,"World","Sugar crops","Area harvested","ha",2014,4469090,"Sugar beet","no"
NA,"World","Sugar crops","Area harvested","ha",2015,4208371,"Sugar beet","no"
NA,"World","Sugar crops","Area harvested","ha",2016,4587746,"Sugar beet","no"
NA,"World","Sugar crops","Area harvested","ha",2017,4984014,"Sugar beet","no"
NA,"World","Sugar crops","Area harvested","ha",2018,4788192,"Sugar beet","no"
NA,"World","Sugar crops","Area harvested","ha",2019,4650037,"Sugar beet","no"
NA,"World","Sugar crops","Area harvested","ha",2020,4335966,"Sugar beet","no"
NA,"World","Sugar crops","Area harvested","ha",2021,4427127,"Sugar beet","no"
NA,"World","Sugar crops","Area harvested","ha",2022,4298648,"Sugar beet","no"
NA,"World","Sugar crops","Area harvested","ha",2023,4520200,"Sugar beet","no"
NA,"World","Sugar crops","Yield","kg/ha",1992,33814.4,"Sugar beet","no"
NA,"World","Sugar crops","Yield","kg/ha",1993,35016,"Sugar beet","no"
NA,"World","Sugar crops","Yield","kg/ha",1994,32304.9,"Sugar beet","no"
NA,"World","Sugar crops","Yield","kg/ha",1995,34066.5,"Sugar beet","no"
NA,"World","Sugar crops","Yield","kg/ha",1996,35342.9,"Sugar beet","no"
NA,"World","Sugar crops","Yield","kg/ha",1997,37871.5,"Sugar beet","no"
NA,"World","Sugar crops","Yield","kg/ha",1998,38393.6,"Sugar beet","no"
NA,"World","Sugar crops","Yield","kg/ha",1999,39534.7,"Sugar beet","no"
NA,"World","Sugar crops","Yield","kg/ha",2000,41676.9,"Sugar beet","no"
NA,"World","Sugar crops","Yield","kg/ha",2001,38280.3,"Sugar beet","no"
NA,"World","Sugar crops","Yield","kg/ha",2002,43059.5,"Sugar beet","no"
NA,"World","Sugar crops","Yield","kg/ha",2003,41111.2,"Sugar beet","no"
NA,"World","Sugar crops","Yield","kg/ha",2004,46003.5,"Sugar beet","no"
NA,"World","Sugar crops","Yield","kg/ha",2005,46957.5,"Sugar beet","no"
NA,"World","Sugar crops","Yield","kg/ha",2006,46735.7,"Sugar beet","no"
NA,"World","Sugar crops","Yield","kg/ha",2007,47870.6,"Sugar beet","no"
NA,"World","Sugar crops","Yield","kg/ha",2008,51880.6,"Sugar beet","no"
NA,"World","Sugar crops","Yield","kg/ha",2009,53703.3,"Sugar beet","no"
NA,"World","Sugar crops","Yield","kg/ha",2010,48655.4,"Sugar beet","no"
NA,"World","Sugar crops","Yield","kg/ha",2011,54934.6,"Sugar beet","no"
NA,"World","Sugar crops","Yield","kg/ha",2012,55005.4,"Sugar beet","no"
NA,"World","Sugar crops","Yield","kg/ha",2013,57000,"Sugar beet","no"
NA,"World","Sugar crops","Yield","kg/ha",2014,60470.9,"Sugar beet","no"
NA,"World","Sugar crops","Yield","kg/ha",2015,57105.2,"Sugar beet","no"
NA,"World","Sugar crops","Yield","kg/ha",2016,60773.2,"Sugar beet","no"
NA,"World","Sugar crops","Yield","kg/ha",2017,62995.6,"Sugar beet","no"
NA,"World","Sugar crops","Yield","kg/ha",2018,57103.6,"Sugar beet","no"
NA,"World","Sugar crops","Yield","kg/ha",2019,60370.4,"Sugar beet","no"
NA,"World","Sugar crops","Yield","kg/ha",2020,57754.4,"Sugar beet","no"
NA,"World","Sugar crops","Yield","kg/ha",2021,60761.9,"Sugar beet","no"
NA,"World","Sugar crops","Yield","kg/ha",2022,60485.1,"Sugar beet","no"
NA,"World","Sugar crops","Yield","kg/ha",2023,62208.5,"Sugar beet","no"
NA,"World","Sugar crops","Production","t",1992,281711849.96,"Sugar beet","no"
NA,"World","Sugar crops","Production","t",1993,282190590.11,"Sugar beet","no"
NA,"World","Sugar crops","Production","t",1994,254453795.8,"Sugar beet","no"
NA,"World","Sugar crops","Production","t",1995,264504903.11,"Sugar beet","no"
NA,"World","Sugar crops","Production","t",1996,264461343.35,"Sugar beet","no"
NA,"World","Sugar crops","Production","t",1997,267973956.02,"Sugar beet","no"
NA,"World","Sugar crops","Production","t",1998,263032521.99,"Sugar beet","no"
NA,"World","Sugar crops","Production","t",1999,260565420.2,"Sugar beet","no"
NA,"World","Sugar crops","Production","t",2000,250076145.77,"Sugar beet","no"
NA,"World","Sugar crops","Production","t",2001,230254845.29,"Sugar beet","no"
NA,"World","Sugar crops","Production","t",2002,259549098.63,"Sugar beet","no"
NA,"World","Sugar crops","Production","t",2003,232643613.57,"Sugar beet","no"
NA,"World","Sugar crops","Production","t",2004,251526203.87,"Sugar beet","no"
NA,"World","Sugar crops","Production","t",2005,253676279.54,"Sugar beet","no"
NA,"World","Sugar crops","Production","t",2006,253961161.22,"Sugar beet","no"
NA,"World","Sugar crops","Production","t",2007,246902403.83,"Sugar beet","no"
NA,"World","Sugar crops","Production","t",2008,221098438.52,"Sugar beet","no"
NA,"World","Sugar crops","Production","t",2009,227971370.66,"Sugar beet","no"
NA,"World","Sugar crops","Production","t",2010,228367161.08,"Sugar beet","no"
NA,"World","Sugar crops","Production","t",2011,278756560.02,"Sugar beet","no"
NA,"World","Sugar crops","Production","t",2012,269558344.43,"Sugar beet","no"
NA,"World","Sugar crops","Production","t",2013,247624316.49,"Sugar beet","no"
NA,"World","Sugar crops","Production","t",2014,270249850.5,"Sugar beet","no"
NA,"World","Sugar crops","Production","t",2015,240319764.71,"Sugar beet","no"
NA,"World","Sugar crops","Production","t",2016,278811857.64,"Sugar beet","no"
NA,"World","Sugar crops","Production","t",2017,313971150.37,"Sugar beet","no"
NA,"World","Sugar crops","Production","t",2018,273423199.77,"Sugar beet","no"
NA,"World","Sugar crops","Production","t",2019,280724640.76,"Sugar beet","no"
NA,"World","Sugar crops","Production","t",2020,250420967.47,"Sugar beet","no"
NA,"World","Sugar crops","Production","t",2021,269000527.36,"Sugar beet","no"
NA,"World","Sugar crops","Production","t",2022,260004206.35,"Sugar beet","no"
NA,"World","Sugar crops","Production","t",2023,281194638.78,"Sugar beet","no"
NA,"World","Sugar crops","Area harvested","ha",1992,18038277,"Sugar cane","no"
NA,"World","Sugar crops","Area harvested","ha",1993,17244299,"Sugar cane","no"
NA,"World","Sugar crops","Area harvested","ha",1994,17544351,"Sugar cane","no"
NA,"World","Sugar crops","Area harvested","ha",1995,18436271,"Sugar cane","no"
NA,"World","Sugar crops","Area harvested","ha",1996,19320519,"Sugar cane","no"
NA,"World","Sugar crops","Area harvested","ha",1997,19466010,"Sugar cane","no"
NA,"World","Sugar crops","Area harvested","ha",1998,19499384,"Sugar cane","no"
NA,"World","Sugar crops","Area harvested","ha",1999,19510537,"Sugar cane","no"
NA,"World","Sugar crops","Area harvested","ha",2000,19310607,"Sugar cane","no"
NA,"World","Sugar crops","Area harvested","ha",2001,19498967,"Sugar cane","no"
NA,"World","Sugar crops","Area harvested","ha",2002,20164681,"Sugar cane","no"
NA,"World","Sugar crops","Area harvested","ha",2003,20452118,"Sugar cane","no"
NA,"World","Sugar crops","Area harvested","ha",2004,20018924,"Sugar cane","no"
NA,"World","Sugar crops","Area harvested","ha",2005,19570187,"Sugar cane","no"
NA,"World","Sugar crops","Area harvested","ha",2006,20480032,"Sugar cane","no"
NA,"World","Sugar crops","Area harvested","ha",2007,22585253,"Sugar cane","no"
NA,"World","Sugar crops","Area harvested","ha",2008,23974950,"Sugar cane","no"
NA,"World","Sugar crops","Area harvested","ha",2009,23575431,"Sugar cane","no"
NA,"World","Sugar crops","Area harvested","ha",2010,23542690,"Sugar cane","no"
NA,"World","Sugar crops","Area harvested","ha",2011,25401398,"Sugar cane","no"
NA,"World","Sugar crops","Area harvested","ha",2012,25898392,"Sugar cane","no"
NA,"World","Sugar crops","Area harvested","ha",2013,26757275,"Sugar cane","no"
NA,"World","Sugar crops","Area harvested","ha",2014,26965135,"Sugar cane","no"
NA,"World","Sugar crops","Area harvested","ha",2015,26441711,"Sugar cane","no"
NA,"World","Sugar crops","Area harvested","ha",2016,26484385,"Sugar cane","no"
NA,"World","Sugar crops","Area harvested","ha",2017,26120075,"Sugar cane","no"
NA,"World","Sugar crops","Area harvested","ha",2018,26360820,"Sugar cane","no"
NA,"World","Sugar crops","Area harvested","ha",2019,26942728,"Sugar cane","no"
NA,"World","Sugar crops","Area harvested","ha",2020,26084333,"Sugar cane","no"
NA,"World","Sugar crops","Area harvested","ha",2021,25835986,"Sugar cane","no"
NA,"World","Sugar crops","Area harvested","ha",2022,26176311,"Sugar cane","no"
NA,"World","Sugar crops","Area harvested","ha",2023,27028428,"Sugar cane","no"
NA,"World","Sugar crops","Yield","kg/ha",1992,61401,"Sugar cane","no"
NA,"World","Sugar crops","Yield","kg/ha",1993,59196.4,"Sugar cane","no"
NA,"World","Sugar crops","Yield","kg/ha",1994,61808.5,"Sugar cane","no"
NA,"World","Sugar crops","Yield","kg/ha",1995,63084.5,"Sugar cane","no"
NA,"World","Sugar crops","Yield","kg/ha",1996,63078.8,"Sugar cane","no"
NA,"World","Sugar crops","Yield","kg/ha",1997,64017.9,"Sugar cane","no"
NA,"World","Sugar crops","Yield","kg/ha",1998,64813.7,"Sugar cane","no"
NA,"World","Sugar crops","Yield","kg/ha",1999,65712.5,"Sugar cane","no"
NA,"World","Sugar crops","Yield","kg/ha",2000,64886,"Sugar cane","no"
NA,"World","Sugar crops","Yield","kg/ha",2001,64483.9,"Sugar cane","no"
NA,"World","Sugar crops","Yield","kg/ha",2002,65796.9,"Sugar cane","no"
NA,"World","Sugar crops","Yield","kg/ha",2003,67067.6,"Sugar cane","no"
NA,"World","Sugar crops","Yield","kg/ha",2004,66591.5,"Sugar cane","no"
NA,"World","Sugar crops","Yield","kg/ha",2005,66748,"Sugar cane","no"
NA,"World","Sugar crops","Yield","kg/ha",2006,69204.9,"Sugar cane","no"
NA,"World","Sugar crops","Yield","kg/ha",2007,70940.9,"Sugar cane","no"
NA,"World","Sugar crops","Yield","kg/ha",2008,71594.8,"Sugar cane","no"
NA,"World","Sugar crops","Yield","kg/ha",2009,70944.3,"Sugar cane","no"
NA,"World","Sugar crops","Yield","kg/ha",2010,71184.9,"Sugar cane","no"
NA,"World","Sugar crops","Yield","kg/ha",2011,70467.6,"Sugar cane","no"
NA,"World","Sugar crops","Yield","kg/ha",2012,70563.1,"Sugar cane","no"
NA,"World","Sugar crops","Yield","kg/ha",2013,71062.5,"Sugar cane","no"
NA,"World","Sugar crops","Yield","kg/ha",2014,69924.7,"Sugar cane","no"
NA,"World","Sugar crops","Yield","kg/ha",2015,70871.4,"Sugar cane","no"
NA,"World","Sugar crops","Yield","kg/ha",2016,70978.5,"Sugar cane","no"
NA,"World","Sugar crops","Yield","kg/ha",2017,70298.2,"Sugar cane","no"
NA,"World","Sugar crops","Yield","kg/ha",2018,73312.8,"Sugar cane","no"
NA,"World","Sugar crops","Yield","kg/ha",2019,72718.9,"Sugar cane","no"
NA,"World","Sugar crops","Yield","kg/ha",2020,72087,"Sugar cane","no"
NA,"World","Sugar crops","Yield","kg/ha",2021,72125.1,"Sugar cane","no"
NA,"World","Sugar crops","Yield","kg/ha",2022,73558.9,"Sugar cane","no"
NA,"World","Sugar crops","Yield","kg/ha",2023,74950.6,"Sugar cane","no"
NA,"World","Sugar crops","Production","t",1992,1107567861.44,"Sugar cane","no"
NA,"World","Sugar crops","Production","t",1993,1020801159.4,"Sugar cane","no"
NA,"World","Sugar crops","Production","t",1994,1084390396.26,"Sugar cane","no"
NA,"World","Sugar crops","Production","t",1995,1163042936.93,"Sugar cane","no"
NA,"World","Sugar crops","Production","t",1996,1218714246.7,"Sugar cane","no"
NA,"World","Sugar crops","Production","t",1997,1246173613.02,"Sugar cane","no"
NA,"World","Sugar crops","Production","t",1998,1263826829.34,"Sugar cane","no"
NA,"World","Sugar crops","Production","t",1999,1282085247.2,"Sugar cane","no"
NA,"World","Sugar crops","Production","t",2000,1252988142.16,"Sugar cane","no"
NA,"World","Sugar crops","Production","t",2001,1257368580.44,"Sugar cane","no"
NA,"World","Sugar crops","Production","t",2002,1326773001.31,"Sugar cane","no"
NA,"World","Sugar crops","Production","t",2003,1371673730.84,"Sugar cane","no"
NA,"World","Sugar crops","Production","t",2004,1333090823.21,"Sugar cane","no"
NA,"World","Sugar crops","Production","t",2005,1306270271.1,"Sugar cane","no"
NA,"World","Sugar crops","Production","t",2006,1417317813.34,"Sugar cane","no"
NA,"World","Sugar crops","Production","t",2007,1602217594.69,"Sugar cane","no"
NA,"World","Sugar crops","Production","t",2008,1716482480.76,"Sugar cane","no"
NA,"World","Sugar crops","Production","t",2009,1672541437.33,"Sugar cane","no"
NA,"World","Sugar crops","Production","t",2010,1675883618.97,"Sugar cane","no"
NA,"World","Sugar crops","Production","t",2011,1789976756.67,"Sugar cane","no"
NA,"World","Sugar crops","Production","t",2012,1827471511.92,"Sugar cane","no"
NA,"World","Sugar crops","Production","t",2013,1901439482.21,"Sugar cane","no"
NA,"World","Sugar crops","Production","t",2014,1885530237.95,"Sugar cane","no"
NA,"World","Sugar crops","Production","t",2015,1873961423.13,"Sugar cane","no"
NA,"World","Sugar crops","Production","t",2016,1879823009.19,"Sugar cane","no"
NA,"World","Sugar crops","Production","t",2017,1836195563.18,"Sugar cane","no"
NA,"World","Sugar crops","Production","t",2018,1932584661.12,"Sugar cane","no"
NA,"World","Sugar crops","Production","t",2019,1959245018.3,"Sugar cane","no"
NA,"World","Sugar crops","Production","t",2020,1880340058.38,"Sugar cane","no"
NA,"World","Sugar crops","Production","t",2021,1863423749.73,"Sugar cane","no"
NA,"World","Sugar crops","Production","t",2022,1925501392.21,"Sugar cane","no"
NA,"World","Sugar crops","Production","t",2023,2025797465.39,"Sugar cane","no"
NA,"World","Oilseeds and oleaginous fruits","Area harvested","ha",1992,18308294,"Sunflower seed","no"
NA,"World","Oilseeds and oleaginous fruits","Area harvested","ha",1993,18951308,"Sunflower seed","no"
NA,"World","Oilseeds and oleaginous fruits","Area harvested","ha",1994,18561185,"Sunflower seed","no"
NA,"World","Oilseeds and oleaginous fruits","Area harvested","ha",1995,20893919,"Sunflower seed","no"
NA,"World","Oilseeds and oleaginous fruits","Area harvested","ha",1996,20485538,"Sunflower seed","no"
NA,"World","Oilseeds and oleaginous fruits","Area harvested","ha",1997,18825531,"Sunflower seed","no"
NA,"World","Oilseeds and oleaginous fruits","Area harvested","ha",1998,20802631,"Sunflower seed","no"
NA,"World","Oilseeds and oleaginous fruits","Area harvested","ha",1999,23864649,"Sunflower seed","no"
NA,"World","Oilseeds and oleaginous fruits","Area harvested","ha",2000,21158380,"Sunflower seed","no"
NA,"World","Oilseeds and oleaginous fruits","Area harvested","ha",2001,17906501,"Sunflower seed","no"
NA,"World","Oilseeds and oleaginous fruits","Area harvested","ha",2002,19579748,"Sunflower seed","no"
NA,"World","Oilseeds and oleaginous fruits","Area harvested","ha",2003,23601019,"Sunflower seed","no"
NA,"World","Oilseeds and oleaginous fruits","Area harvested","ha",2004,21554550,"Sunflower seed","no"
NA,"World","Oilseeds and oleaginous fruits","Area harvested","ha",2005,23187823,"Sunflower seed","no"
NA,"World","Oilseeds and oleaginous fruits","Area harvested","ha",2006,24236290,"Sunflower seed","no"
NA,"World","Oilseeds and oleaginous fruits","Area harvested","ha",2007,21482590,"Sunflower seed","no"
NA,"World","Oilseeds and oleaginous fruits","Area harvested","ha",2008,25331329,"Sunflower seed","no"
NA,"World","Oilseeds and oleaginous fruits","Area harvested","ha",2009,24346280,"Sunflower seed","no"
NA,"World","Oilseeds and oleaginous fruits","Area harvested","ha",2010,23073908,"Sunflower seed","no"
NA,"World","Oilseeds and oleaginous fruits","Area harvested","ha",2011,25655345,"Sunflower seed","no"
NA,"World","Oilseeds and oleaginous fruits","Area harvested","ha",2012,24844066,"Sunflower seed","no"
NA,"World","Oilseeds and oleaginous fruits","Area harvested","ha",2013,25348263,"Sunflower seed","no"
NA,"World","Oilseeds and oleaginous fruits","Area harvested","ha",2014,24349611,"Sunflower seed","no"
NA,"World","Oilseeds and oleaginous fruits","Area harvested","ha",2015,24528542,"Sunflower seed","no"
NA,"World","Oilseeds and oleaginous fruits","Area harvested","ha",2016,26342998,"Sunflower seed","no"
NA,"World","Oilseeds and oleaginous fruits","Area harvested","ha",2017,26850061,"Sunflower seed","no"
NA,"World","Oilseeds and oleaginous fruits","Area harvested","ha",2018,26796020,"Sunflower seed","no"
NA,"World","Oilseeds and oleaginous fruits","Area harvested","ha",2019,27396813,"Sunflower seed","no"
NA,"World","Oilseeds and oleaginous fruits","Area harvested","ha",2020,27523160,"Sunflower seed","no"
NA,"World","Oilseeds and oleaginous fruits","Area harvested","ha",2021,29200876,"Sunflower seed","no"
NA,"World","Oilseeds and oleaginous fruits","Area harvested","ha",2022,28944695,"Sunflower seed","no"
NA,"World","Oilseeds and oleaginous fruits","Area harvested","ha",2023,30149329,"Sunflower seed","no"
NA,"World","Oilseeds and oleaginous fruits","Yield","kg/ha",1992,1206.2,"Sunflower seed","no"
NA,"World","Oilseeds and oleaginous fruits","Yield","kg/ha",1993,1066.1,"Sunflower seed","no"
NA,"World","Oilseeds and oleaginous fruits","Yield","kg/ha",1994,1186.4,"Sunflower seed","no"
NA,"World","Oilseeds and oleaginous fruits","Yield","kg/ha",1995,1263.7,"Sunflower seed","no"
NA,"World","Oilseeds and oleaginous fruits","Yield","kg/ha",1996,1218,"Sunflower seed","no"
NA,"World","Oilseeds and oleaginous fruits","Yield","kg/ha",1997,1245.2,"Sunflower seed","no"
NA,"World","Oilseeds and oleaginous fruits","Yield","kg/ha",1998,1210.8,"Sunflower seed","no"
NA,"World","Oilseeds and oleaginous fruits","Yield","kg/ha",1999,1226.8,"Sunflower seed","no"
NA,"World","Oilseeds and oleaginous fruits","Yield","kg/ha",2000,1254.8,"Sunflower seed","no"
NA,"World","Oilseeds and oleaginous fruits","Yield","kg/ha",2001,1149.2,"Sunflower seed","no"
NA,"World","Oilseeds and oleaginous fruits","Yield","kg/ha",2002,1255.2,"Sunflower seed","no"
NA,"World","Oilseeds and oleaginous fruits","Yield","kg/ha",2003,1169.7,"Sunflower seed","no"
NA,"World","Oilseeds and oleaginous fruits","Yield","kg/ha",2004,1213,"Sunflower seed","no"
NA,"World","Oilseeds and oleaginous fruits","Yield","kg/ha",2005,1327.3,"Sunflower seed","no"
NA,"World","Oilseeds and oleaginous fruits","Yield","kg/ha",2006,1312,"Sunflower seed","no"
NA,"World","Oilseeds and oleaginous fruits","Yield","kg/ha",2007,1233.5,"Sunflower seed","no"
NA,"World","Oilseeds and oleaginous fruits","Yield","kg/ha",2008,1433.1,"Sunflower seed","no"
NA,"World","Oilseeds and oleaginous fruits","Yield","kg/ha",2009,1348.8,"Sunflower seed","no"
NA,"World","Oilseeds and oleaginous fruits","Yield","kg/ha",2010,1363.3,"Sunflower seed","no"
NA,"World","Oilseeds and oleaginous fruits","Yield","kg/ha",2011,1563.9,"Sunflower seed","no"
NA,"World","Oilseeds and oleaginous fruits","Yield","kg/ha",2012,1461.7,"Sunflower seed","no"
NA,"World","Oilseeds and oleaginous fruits","Yield","kg/ha",2013,1714.5,"Sunflower seed","no"
NA,"World","Oilseeds and oleaginous fruits","Yield","kg/ha",2014,1667.9,"Sunflower seed","no"
NA,"World","Oilseeds and oleaginous fruits","Yield","kg/ha",2015,1724.6,"Sunflower seed","no"
NA,"World","Oilseeds and oleaginous fruits","Yield","kg/ha",2016,1802.3,"Sunflower seed","no"
NA,"World","Oilseeds and oleaginous fruits","Yield","kg/ha",2017,1810.5,"Sunflower seed","no"
NA,"World","Oilseeds and oleaginous fruits","Yield","kg/ha",2018,1937.4,"Sunflower seed","no"
NA,"World","Oilseeds and oleaginous fruits","Yield","kg/ha",2019,2053.9,"Sunflower seed","no"
NA,"World","Oilseeds and oleaginous fruits","Yield","kg/ha",2020,1814.1,"Sunflower seed","no"
NA,"World","Oilseeds and oleaginous fruits","Yield","kg/ha",2021,1961.9,"Sunflower seed","no"
NA,"World","Oilseeds and oleaginous fruits","Yield","kg/ha",2022,1834.5,"Sunflower seed","no"
NA,"World","Oilseeds and oleaginous fruits","Yield","kg/ha",2023,1942.8,"Sunflower seed","no"
NA,"World","Oilseeds and oleaginous fruits","Production","t",1992,22084376.49,"Sunflower seed","no"
NA,"World","Oilseeds and oleaginous fruits","Production","t",1993,20204390.5,"Sunflower seed","no"
NA,"World","Oilseeds and oleaginous fruits","Production","t",1994,22021125.14,"Sunflower seed","no"
NA,"World","Oilseeds and oleaginous fruits","Production","t",1995,26402720.28,"Sunflower seed","no"
NA,"World","Oilseeds and oleaginous fruits","Production","t",1996,24951953.05,"Sunflower seed","no"
NA,"World","Oilseeds and oleaginous fruits","Production","t",1997,23442084.2,"Sunflower seed","no"
NA,"World","Oilseeds and oleaginous fruits","Production","t",1998,25186971.21,"Sunflower seed","no"
NA,"World","Oilseeds and oleaginous fruits","Production","t",1999,29277004.79,"Sunflower seed","no"
NA,"World","Oilseeds and oleaginous fruits","Production","t",2000,26549692.3,"Sunflower seed","no"
NA,"World","Oilseeds and oleaginous fruits","Production","t",2001,20577584.64,"Sunflower seed","no"
NA,"World","Oilseeds and oleaginous fruits","Production","t",2002,24576073.28,"Sunflower seed","no"
NA,"World","Oilseeds and oleaginous fruits","Production","t",2003,27606165.04,"Sunflower seed","no"
NA,"World","Oilseeds and oleaginous fruits","Production","t",2004,26146612.21,"Sunflower seed","no"
NA,"World","Oilseeds and oleaginous fruits","Production","t",2005,30776514.9,"Sunflower seed","no"
NA,"World","Oilseeds and oleaginous fruits","Production","t",2006,31798511.54,"Sunflower seed","no"
NA,"World","Oilseeds and oleaginous fruits","Production","t",2007,26498982.05,"Sunflower seed","no"
NA,"World","Oilseeds and oleaginous fruits","Production","t",2008,36302436.32,"Sunflower seed","no"
NA,"World","Oilseeds and oleaginous fruits","Production","t",2009,32837083.71,"Sunflower seed","no"
NA,"World","Oilseeds and oleaginous fruits","Production","t",2010,31457293.51,"Sunflower seed","no"
NA,"World","Oilseeds and oleaginous fruits","Production","t",2011,40121296.43,"Sunflower seed","no"
NA,"World","Oilseeds and oleaginous fruits","Production","t",2012,36315207.44,"Sunflower seed","no"
NA,"World","Oilseeds and oleaginous fruits","Production","t",2013,43458887.87,"Sunflower seed","no"
NA,"World","Oilseeds and oleaginous fruits","Production","t",2014,40613084.87,"Sunflower seed","no"
NA,"World","Oilseeds and oleaginous fruits","Production","t",2015,42301069.82,"Sunflower seed","no"
NA,"World","Oilseeds and oleaginous fruits","Production","t",2016,47477668.65,"Sunflower seed","no"
NA,"World","Oilseeds and oleaginous fruits","Production","t",2017,48612090.9,"Sunflower seed","no"
NA,"World","Oilseeds and oleaginous fruits","Production","t",2018,51913595.43,"Sunflower seed","no"
NA,"World","Oilseeds and oleaginous fruits","Production","t",2019,56270410.39,"Sunflower seed","no"
NA,"World","Oilseeds and oleaginous fruits","Production","t",2020,49930616.54,"Sunflower seed","no"
NA,"World","Oilseeds and oleaginous fruits","Production","t",2021,57290116.89,"Sunflower seed","no"
NA,"World","Oilseeds and oleaginous fruits","Production","t",2022,53098964.05,"Sunflower seed","no"
NA,"World","Oilseeds and oleaginous fruits","Production","t",2023,58574866.68,"Sunflower seed","no"
NA,"World","Vegetable oils","Production","t",1992,8263821.25,"Sunflower-seed oil, crude","no"
NA,"World","Vegetable oils","Production","t",1993,7766939.6,"Sunflower-seed oil, crude","no"
NA,"World","Vegetable oils","Production","t",1994,7542161.8,"Sunflower-seed oil, crude","no"
NA,"World","Vegetable oils","Production","t",1995,8780804.29,"Sunflower-seed oil, crude","no"
NA,"World","Vegetable oils","Production","t",1996,9300420.53,"Sunflower-seed oil, crude","no"
NA,"World","Vegetable oils","Production","t",1997,9169931.12,"Sunflower-seed oil, crude","no"
NA,"World","Vegetable oils","Production","t",1998,8865555.29,"Sunflower-seed oil, crude","no"
NA,"World","Vegetable oils","Production","t",1999,9540017.73,"Sunflower-seed oil, crude","no"
NA,"World","Vegetable oils","Production","t",2000,9762604.78,"Sunflower-seed oil, crude","no"
NA,"World","Vegetable oils","Production","t",2001,8248942.81,"Sunflower-seed oil, crude","no"
NA,"World","Vegetable oils","Production","t",2002,7871377.5,"Sunflower-seed oil, crude","no"
NA,"World","Vegetable oils","Production","t",2003,9272979.18,"Sunflower-seed oil, crude","no"
NA,"World","Vegetable oils","Production","t",2004,9867641.61,"Sunflower-seed oil, crude","no"
NA,"World","Vegetable oils","Production","t",2005,10723820.91,"Sunflower-seed oil, crude","no"
NA,"World","Vegetable oils","Production","t",2006,11548827.18,"Sunflower-seed oil, crude","no"
NA,"World","Vegetable oils","Production","t",2007,11131955.71,"Sunflower-seed oil, crude","no"
NA,"World","Vegetable oils","Production","t",2008,10965785.28,"Sunflower-seed oil, crude","no"
NA,"World","Vegetable oils","Production","t",2009,13022674.16,"Sunflower-seed oil, crude","no"
NA,"World","Vegetable oils","Production","t",2010,12528621.75,"Sunflower-seed oil, crude","no"
NA,"World","Vegetable oils","Production","t",2011,13143436.73,"Sunflower-seed oil, crude","no"
NA,"World","Vegetable oils","Production","t",2012,14827689.99,"Sunflower-seed oil, crude","no"
NA,"World","Vegetable oils","Production","t",2013,14057161.13,"Sunflower-seed oil, crude","no"
NA,"World","Vegetable oils","Production","t",2014,16043260.78,"Sunflower-seed oil, crude","no"
NA,"World","Vegetable oils","Production","t",2015,15207616.29,"Sunflower-seed oil, crude","no"
NA,"World","Vegetable oils","Production","t",2016,15986285.73,"Sunflower-seed oil, crude","no"
NA,"World","Vegetable oils","Production","t",2017,18142010.77,"Sunflower-seed oil, crude","no"
NA,"World","Vegetable oils","Production","t",2018,18391644,"Sunflower-seed oil, crude","no"
NA,"World","Vegetable oils","Production","t",2019,20051418.07,"Sunflower-seed oil, crude","no"
NA,"World","Vegetable oils","Production","t",2020,20563574.41,"Sunflower-seed oil, crude","no"
NA,"World","Vegetable oils","Production","t",2021,18430389.1,"Sunflower-seed oil, crude","no"
NA,"World","Vegetable oils","Production","t",2022,20264796.23,"Sunflower-seed oil, crude","no"
NA,"World","Vegetable oils","Production","t",2023,NA,"Sunflower-seed oil, crude","no"
NA,"World","Edible roots and tubers with high starch or inulin content","Area harvested","ha",1992,9204282,"Sweet potatoes","no"
NA,"World","Edible roots and tubers with high starch or inulin content","Area harvested","ha",1993,9188197,"Sweet potatoes","no"
NA,"World","Edible roots and tubers with high starch or inulin content","Area harvested","ha",1994,8956575,"Sweet potatoes","no"
NA,"World","Edible roots and tubers with high starch or inulin content","Area harvested","ha",1995,9257752,"Sweet potatoes","no"
NA,"World","Edible roots and tubers with high starch or inulin content","Area harvested","ha",1996,9272325,"Sweet potatoes","no"
NA,"World","Edible roots and tubers with high starch or inulin content","Area harvested","ha",1997,9178824,"Sweet potatoes","no"
NA,"World","Edible roots and tubers with high starch or inulin content","Area harvested","ha",1998,9233507,"Sweet potatoes","no"
NA,"World","Edible roots and tubers with high starch or inulin content","Area harvested","ha",1999,9753925,"Sweet potatoes","no"
NA,"World","Edible roots and tubers with high starch or inulin content","Area harvested","ha",2000,9803973,"Sweet potatoes","no"
NA,"World","Edible roots and tubers with high starch or inulin content","Area harvested","ha",2001,9681275,"Sweet potatoes","no"
NA,"World","Edible roots and tubers with high starch or inulin content","Area harvested","ha",2002,9424068,"Sweet potatoes","no"
NA,"World","Edible roots and tubers with high starch or inulin content","Area harvested","ha",2003,9274277,"Sweet potatoes","no"
NA,"World","Edible roots and tubers with high starch or inulin content","Area harvested","ha",2004,9329591,"Sweet potatoes","no"
NA,"World","Edible roots and tubers with high starch or inulin content","Area harvested","ha",2005,9013048,"Sweet potatoes","no"
NA,"World","Edible roots and tubers with high starch or inulin content","Area harvested","ha",2006,8115284,"Sweet potatoes","no"
NA,"World","Edible roots and tubers with high starch or inulin content","Area harvested","ha",2007,8155142,"Sweet potatoes","no"
NA,"World","Edible roots and tubers with high starch or inulin content","Area harvested","ha",2008,7805546,"Sweet potatoes","no"
NA,"World","Edible roots and tubers with high starch or inulin content","Area harvested","ha",2009,7852472,"Sweet potatoes","no"
NA,"World","Edible roots and tubers with high starch or inulin content","Area harvested","ha",2010,7974022,"Sweet potatoes","no"
NA,"World","Edible roots and tubers with high starch or inulin content","Area harvested","ha",2011,7912689,"Sweet potatoes","no"
NA,"World","Edible roots and tubers with high starch or inulin content","Area harvested","ha",2012,7602780,"Sweet potatoes","no"
NA,"World","Edible roots and tubers with high starch or inulin content","Area harvested","ha",2013,7815753,"Sweet potatoes","no"
NA,"World","Edible roots and tubers with high starch or inulin content","Area harvested","ha",2014,7869888,"Sweet potatoes","no"
NA,"World","Edible roots and tubers with high starch or inulin content","Area harvested","ha",2015,7763348,"Sweet potatoes","no"
NA,"World","Edible roots and tubers with high starch or inulin content","Area harvested","ha",2016,7625846,"Sweet potatoes","no"
NA,"World","Edible roots and tubers with high starch or inulin content","Area harvested","ha",2017,7710967,"Sweet potatoes","no"
NA,"World","Edible roots and tubers with high starch or inulin content","Area harvested","ha",2018,7478922,"Sweet potatoes","no"
NA,"World","Edible roots and tubers with high starch or inulin content","Area harvested","ha",2019,7207776,"Sweet potatoes","no"
NA,"World","Edible roots and tubers with high starch or inulin content","Area harvested","ha",2020,7333148,"Sweet potatoes","no"
NA,"World","Edible roots and tubers with high starch or inulin content","Area harvested","ha",2021,7437006,"Sweet potatoes","no"
NA,"World","Edible roots and tubers with high starch or inulin content","Area harvested","ha",2022,7475621,"Sweet potatoes","no"
NA,"World","Edible roots and tubers with high starch or inulin content","Area harvested","ha",2023,7570339,"Sweet potatoes","no"
NA,"World","Edible roots and tubers with high starch or inulin content","Yield","kg/ha",1992,13388.7,"Sweet potatoes","no"
NA,"World","Edible roots and tubers with high starch or inulin content","Yield","kg/ha",1993,14316.4,"Sweet potatoes","no"
NA,"World","Edible roots and tubers with high starch or inulin content","Yield","kg/ha",1994,14010.4,"Sweet potatoes","no"
NA,"World","Edible roots and tubers with high starch or inulin content","Yield","kg/ha",1995,14689.9,"Sweet potatoes","no"
NA,"World","Edible roots and tubers with high starch or inulin content","Yield","kg/ha",1996,15314.1,"Sweet potatoes","no"
NA,"World","Edible roots and tubers with high starch or inulin content","Yield","kg/ha",1997,13217.5,"Sweet potatoes","no"
NA,"World","Edible roots and tubers with high starch or inulin content","Yield","kg/ha",1998,14601.2,"Sweet potatoes","no"
NA,"World","Edible roots and tubers with high starch or inulin content","Yield","kg/ha",1999,15094.6,"Sweet potatoes","no"
NA,"World","Edible roots and tubers with high starch or inulin content","Yield","kg/ha",2000,14252.3,"Sweet potatoes","no"
NA,"World","Edible roots and tubers with high starch or inulin content","Yield","kg/ha",2001,14064.1,"Sweet potatoes","no"
NA,"World","Edible roots and tubers with high starch or inulin content","Yield","kg/ha",2002,14512.7,"Sweet potatoes","no"
NA,"World","Edible roots and tubers with high starch or inulin content","Yield","kg/ha",2003,14122,"Sweet potatoes","no"
NA,"World","Edible roots and tubers with high starch or inulin content","Yield","kg/ha",2004,14016.5,"Sweet potatoes","no"
NA,"World","Edible roots and tubers with high starch or inulin content","Yield","kg/ha",2005,14179.5,"Sweet potatoes","no"
NA,"World","Edible roots and tubers with high starch or inulin content","Yield","kg/ha",2006,13151.4,"Sweet potatoes","no"
NA,"World","Edible roots and tubers with high starch or inulin content","Yield","kg/ha",2007,12420.8,"Sweet potatoes","no"
NA,"World","Edible roots and tubers with high starch or inulin content","Yield","kg/ha",2008,13234,"Sweet potatoes","no"
NA,"World","Edible roots and tubers with high starch or inulin content","Yield","kg/ha",2009,12262.7,"Sweet potatoes","no"
NA,"World","Edible roots and tubers with high starch or inulin content","Yield","kg/ha",2010,11792,"Sweet potatoes","no"
NA,"World","Edible roots and tubers with high starch or inulin content","Yield","kg/ha",2011,11959.3,"Sweet potatoes","no"
NA,"World","Edible roots and tubers with high starch or inulin content","Yield","kg/ha",2012,11953.9,"Sweet potatoes","no"
NA,"World","Edible roots and tubers with high starch or inulin content","Yield","kg/ha",2013,11562.1,"Sweet potatoes","no"
NA,"World","Edible roots and tubers with high starch or inulin content","Yield","kg/ha",2014,11919.1,"Sweet potatoes","no"
NA,"World","Edible roots and tubers with high starch or inulin content","Yield","kg/ha",2015,11786.6,"Sweet potatoes","no"
NA,"World","Edible roots and tubers with high starch or inulin content","Yield","kg/ha",2016,11874.4,"Sweet potatoes","no"
NA,"World","Edible roots and tubers with high starch or inulin content","Yield","kg/ha",2017,12052.1,"Sweet potatoes","no"
NA,"World","Edible roots and tubers with high starch or inulin content","Yield","kg/ha",2018,12275.8,"Sweet potatoes","no"
NA,"World","Edible roots and tubers with high starch or inulin content","Yield","kg/ha",2019,12429,"Sweet potatoes","no"
NA,"World","Edible roots and tubers with high starch or inulin content","Yield","kg/ha",2020,12487.4,"Sweet potatoes","no"
NA,"World","Edible roots and tubers with high starch or inulin content","Yield","kg/ha",2021,12416.1,"Sweet potatoes","no"
NA,"World","Edible roots and tubers with high starch or inulin content","Yield","kg/ha",2022,12334.5,"Sweet potatoes","no"
NA,"World","Edible roots and tubers with high starch or inulin content","Yield","kg/ha",2023,12353.5,"Sweet potatoes","no"
NA,"World","Edible roots and tubers with high starch or inulin content","Production","t",1992,123233311.23,"Sweet potatoes","no"
NA,"World","Edible roots and tubers with high starch or inulin content","Production","t",1993,131542303.09,"Sweet potatoes","no"
NA,"World","Edible roots and tubers with high starch or inulin content","Production","t",1994,125484813.58,"Sweet potatoes","no"
NA,"World","Edible roots and tubers with high starch or inulin content","Production","t",1995,135994999.56,"Sweet potatoes","no"
NA,"World","Edible roots and tubers with high starch or inulin content","Production","t",1996,141997440.01,"Sweet potatoes","no"
NA,"World","Edible roots and tubers with high starch or inulin content","Production","t",1997,121320672.98,"Sweet potatoes","no"
NA,"World","Edible roots and tubers with high starch or inulin content","Production","t",1998,134820450.09,"Sweet potatoes","no"
NA,"World","Edible roots and tubers with high starch or inulin content","Production","t",1999,147232049.32,"Sweet potatoes","no"
NA,"World","Edible roots and tubers with high starch or inulin content","Production","t",2000,139729219.5,"Sweet potatoes","no"
NA,"World","Edible roots and tubers with high starch or inulin content","Production","t",2001,136158595.94,"Sweet potatoes","no"
NA,"World","Edible roots and tubers with high starch or inulin content","Production","t",2002,136768853.37,"Sweet potatoes","no"
NA,"World","Edible roots and tubers with high starch or inulin content","Production","t",2003,130971381.87,"Sweet potatoes","no"
NA,"World","Edible roots and tubers with high starch or inulin content","Production","t",2004,130768258.73,"Sweet potatoes","no"
NA,"World","Edible roots and tubers with high starch or inulin content","Production","t",2005,127800537.36,"Sweet potatoes","no"
NA,"World","Edible roots and tubers with high starch or inulin content","Production","t",2006,106727701.9,"Sweet potatoes","no"
NA,"World","Edible roots and tubers with high starch or inulin content","Production","t",2007,101293306.57,"Sweet potatoes","no"
NA,"World","Edible roots and tubers with high starch or inulin content","Production","t",2008,103298445.67,"Sweet potatoes","no"
NA,"World","Edible roots and tubers with high starch or inulin content","Production","t",2009,96292258.22,"Sweet potatoes","no"
NA,"World","Edible roots and tubers with high starch or inulin content","Production","t",2010,94029500.17,"Sweet potatoes","no"
NA,"World","Edible roots and tubers with high starch or inulin content","Production","t",2011,94630452.26,"Sweet potatoes","no"
NA,"World","Edible roots and tubers with high starch or inulin content","Production","t",2012,90882644.32,"Sweet potatoes","no"
NA,"World","Edible roots and tubers with high starch or inulin content","Production","t",2013,90366623.19,"Sweet potatoes","no"
NA,"World","Edible roots and tubers with high starch or inulin content","Production","t",2014,93802074.44,"Sweet potatoes","no"
NA,"World","Edible roots and tubers with high starch or inulin content","Production","t",2015,91503726.63,"Sweet potatoes","no"
NA,"World","Edible roots and tubers with high starch or inulin content","Production","t",2016,90552623.05,"Sweet potatoes","no"
NA,"World","Edible roots and tubers with high starch or inulin content","Production","t",2017,92933483.87,"Sweet potatoes","no"
NA,"World","Edible roots and tubers with high starch or inulin content","Production","t",2018,91809438.32,"Sweet potatoes","no"
NA,"World","Edible roots and tubers with high starch or inulin content","Production","t",2019,89585774.89,"Sweet potatoes","no"
NA,"World","Edible roots and tubers with high starch or inulin content","Production","t",2020,91571796.64,"Sweet potatoes","no"
NA,"World","Edible roots and tubers with high starch or inulin content","Production","t",2021,92338860.06,"Sweet potatoes","no"
NA,"World","Edible roots and tubers with high starch or inulin content","Production","t",2022,92207976.64,"Sweet potatoes","no"
NA,"World","Edible roots and tubers with high starch or inulin content","Production","t",2023,93519977.74,"Sweet potatoes","no"
NA,"World","Live animals","Stocks","An",1992,870326808,"Swine / pigs","no"
NA,"World","Live animals","Stocks","An",1993,875214092,"Swine / pigs","no"
NA,"World","Live animals","Stocks","An",1994,882928383,"Swine / pigs","no"
NA,"World","Live animals","Stocks","An",1995,896180752,"Swine / pigs","no"
NA,"World","Live animals","Stocks","An",1996,910118665,"Swine / pigs","no"
NA,"World","Live animals","Stocks","An",1997,834816716,"Swine / pigs","no"
NA,"World","Live animals","Stocks","An",1998,870175514,"Swine / pigs","no"
NA,"World","Live animals","Stocks","An",1999,891112470,"Swine / pigs","no"
NA,"World","Live animals","Stocks","An",2000,898673593,"Swine / pigs","no"
NA,"World","Live animals","Stocks","An",2001,881899005,"Swine / pigs","no"
NA,"World","Live animals","Stocks","An",2002,892437134,"Swine / pigs","no"
NA,"World","Live animals","Stocks","An",2003,898698016,"Swine / pigs","no"
NA,"World","Live animals","Stocks","An",2004,892935262,"Swine / pigs","no"
NA,"World","Live animals","Stocks","An",2005,904462697,"Swine / pigs","no"
NA,"World","Live animals","Stocks","An",2006,925046178,"Swine / pigs","no"
NA,"World","Live animals","Stocks","An",2007,919137660,"Swine / pigs","no"
NA,"World","Live animals","Stocks","An",2008,938514259,"Swine / pigs","no"
NA,"World","Live animals","Stocks","An",2009,967785772,"Swine / pigs","no"
NA,"World","Live animals","Stocks","An",2010,971704762,"Swine / pigs","no"
NA,"World","Live animals","Stocks","An",2011,973698143,"Swine / pigs","no"
NA,"World","Live animals","Stocks","An",2012,983874329,"Swine / pigs","no"
NA,"World","Live animals","Stocks","An",2013,979356989,"Swine / pigs","no"
NA,"World","Live animals","Stocks","An",2014,990097389,"Swine / pigs","no"
NA,"World","Live animals","Stocks","An",2015,993703884,"Swine / pigs","no"
NA,"World","Live animals","Stocks","An",2016,987150229,"Swine / pigs","no"
NA,"World","Live animals","Stocks","An",2017,978861678,"Swine / pigs","no"
NA,"World","Live animals","Stocks","An",2018,959454118,"Swine / pigs","no"
NA,"World","Live animals","Stocks","An",2019,840779129,"Swine / pigs","no"
NA,"World","Live animals","Stocks","An",2020,940143349,"Swine / pigs","no"
NA,"World","Live animals","Stocks","An",2021,981531741,"Swine / pigs","no"
NA,"World","Live animals","Stocks","An",2022,982753928,"Swine / pigs","no"
NA,"World","Live animals","Stocks","An",2023,964523034,"Swine / pigs","no"
NA,"World","Animal fats","Production","t",1992,5960062.92,"Tallow","no"
NA,"World","Animal fats","Production","t",1993,6161654.78,"Tallow","no"
NA,"World","Animal fats","Production","t",1994,6337941.44,"Tallow","no"
NA,"World","Animal fats","Production","t",1995,6367518.07,"Tallow","no"
NA,"World","Animal fats","Production","t",1996,6250488.61,"Tallow","no"
NA,"World","Animal fats","Production","t",1997,6246881.31,"Tallow","no"
NA,"World","Animal fats","Production","t",1998,6395849.99,"Tallow","no"
NA,"World","Animal fats","Production","t",1999,6860669.68,"Tallow","no"
NA,"World","Animal fats","Production","t",2000,6974626.63,"Tallow","no"
NA,"World","Animal fats","Production","t",2001,6276673.28,"Tallow","no"
NA,"World","Animal fats","Production","t",2002,6646104.68,"Tallow","no"
NA,"World","Animal fats","Production","t",2003,6540393.38,"Tallow","no"
NA,"World","Animal fats","Production","t",2004,6696602.3,"Tallow","no"
NA,"World","Animal fats","Production","t",2005,6801279.79,"Tallow","no"
NA,"World","Animal fats","Production","t",2006,6865799.59,"Tallow","no"
NA,"World","Animal fats","Production","t",2007,6862476.52,"Tallow","no"
NA,"World","Animal fats","Production","t",2008,6704743.65,"Tallow","no"
NA,"World","Animal fats","Production","t",2009,6603047.22,"Tallow","no"
NA,"World","Animal fats","Production","t",2010,6687939.9,"Tallow","no"
NA,"World","Animal fats","Production","t",2011,6646333.49,"Tallow","no"
NA,"World","Animal fats","Production","t",2012,6579864.79,"Tallow","no"
NA,"World","Animal fats","Production","t",2013,6850161.58,"Tallow","no"
NA,"World","Animal fats","Production","t",2014,6714768.95,"Tallow","no"
NA,"World","Animal fats","Production","t",2015,6920660.06,"Tallow","no"
NA,"World","Animal fats","Production","t",2016,7048174.7,"Tallow","no"
NA,"World","Animal fats","Production","t",2017,7768254.17,"Tallow","no"
NA,"World","Animal fats","Production","t",2018,7710416.15,"Tallow","no"
NA,"World","Animal fats","Production","t",2019,7947177.9,"Tallow","no"
NA,"World","Animal fats","Production","t",2020,7920883.28,"Tallow","no"
NA,"World","Animal fats","Production","t",2021,8043091.19,"Tallow","no"
NA,"World","Animal fats","Production","t",2022,8076473.12,"Tallow","no"
NA,"World","Animal fats","Production","t",2023,NA,"Tallow","no"
NA,"World","Oilseeds and oleaginous fruits","Area harvested","ha",1992,333239,"Tallowtree seeds","no"
NA,"World","Oilseeds and oleaginous fruits","Area harvested","ha",1993,336682,"Tallowtree seeds","no"
NA,"World","Oilseeds and oleaginous fruits","Area harvested","ha",1994,340000,"Tallowtree seeds","no"
NA,"World","Oilseeds and oleaginous fruits","Area harvested","ha",1995,335525,"Tallowtree seeds","no"
NA,"World","Oilseeds and oleaginous fruits","Area harvested","ha",1996,337682,"Tallowtree seeds","no"
NA,"World","Oilseeds and oleaginous fruits","Area harvested","ha",1997,339798,"Tallowtree seeds","no"
NA,"World","Oilseeds and oleaginous fruits","Area harvested","ha",1998,345000,"Tallowtree seeds","no"
NA,"World","Oilseeds and oleaginous fruits","Area harvested","ha",1999,347426,"Tallowtree seeds","no"
NA,"World","Oilseeds and oleaginous fruits","Area harvested","ha",2000,350000,"Tallowtree seeds","no"
NA,"World","Oilseeds and oleaginous fruits","Area harvested","ha",2001,360000,"Tallowtree seeds","no"
NA,"World","Oilseeds and oleaginous fruits","Area harvested","ha",2002,365000,"Tallowtree seeds","no"
NA,"World","Oilseeds and oleaginous fruits","Area harvested","ha",2003,370000,"Tallowtree seeds","no"
NA,"World","Oilseeds and oleaginous fruits","Area harvested","ha",2004,375000,"Tallowtree seeds","no"
NA,"World","Oilseeds and oleaginous fruits","Area harvested","ha",2005,380000,"Tallowtree seeds","no"
NA,"World","Oilseeds and oleaginous fruits","Area harvested","ha",2006,379765,"Tallowtree seeds","no"
NA,"World","Oilseeds and oleaginous fruits","Area harvested","ha",2007,385548,"Tallowtree seeds","no"
NA,"World","Oilseeds and oleaginous fruits","Area harvested","ha",2008,390000,"Tallowtree seeds","no"
NA,"World","Oilseeds and oleaginous fruits","Area harvested","ha",2009,400000,"Tallowtree seeds","no"
NA,"World","Oilseeds and oleaginous fruits","Area harvested","ha",2010,397964,"Tallowtree seeds","no"
NA,"World","Oilseeds and oleaginous fruits","Area harvested","ha",2011,395000,"Tallowtree seeds","no"
NA,"World","Oilseeds and oleaginous fruits","Area harvested","ha",2012,406779,"Tallowtree seeds","no"
NA,"World","Oilseeds and oleaginous fruits","Area harvested","ha",2013,405000,"Tallowtree seeds","no"
NA,"World","Oilseeds and oleaginous fruits","Area harvested","ha",2014,402000,"Tallowtree seeds","no"
NA,"World","Oilseeds and oleaginous fruits","Area harvested","ha",2015,405482,"Tallowtree seeds","no"
NA,"World","Oilseeds and oleaginous fruits","Area harvested","ha",2016,408519,"Tallowtree seeds","no"
NA,"World","Oilseeds and oleaginous fruits","Area harvested","ha",2017,410428,"Tallowtree seeds","no"
NA,"World","Oilseeds and oleaginous fruits","Area harvested","ha",2018,411911,"Tallowtree seeds","no"
NA,"World","Oilseeds and oleaginous fruits","Area harvested","ha",2019,413509,"Tallowtree seeds","no"
NA,"World","Oilseeds and oleaginous fruits","Area harvested","ha",2020,417807,"Tallowtree seeds","no"
NA,"World","Oilseeds and oleaginous fruits","Area harvested","ha",2021,418932,"Tallowtree seeds","no"
NA,"World","Oilseeds and oleaginous fruits","Area harvested","ha",2022,420748,"Tallowtree seeds","no"
NA,"World","Oilseeds and oleaginous fruits","Area harvested","ha",2023,422560,"Tallowtree seeds","no"
NA,"World","Oilseeds and oleaginous fruits","Yield","kg/ha",1992,2310.7,"Tallowtree seeds","no"
NA,"World","Oilseeds and oleaginous fruits","Yield","kg/ha",1993,2316.7,"Tallowtree seeds","no"
NA,"World","Oilseeds and oleaginous fruits","Yield","kg/ha",1994,2338.2,"Tallowtree seeds","no"
NA,"World","Oilseeds and oleaginous fruits","Yield","kg/ha",1995,2324.7,"Tallowtree seeds","no"
NA,"World","Oilseeds and oleaginous fruits","Yield","kg/ha",1996,2324.7,"Tallowtree seeds","no"
NA,"World","Oilseeds and oleaginous fruits","Yield","kg/ha",1997,2324.9,"Tallowtree seeds","no"
NA,"World","Oilseeds and oleaginous fruits","Yield","kg/ha",1998,2318.8,"Tallowtree seeds","no"
NA,"World","Oilseeds and oleaginous fruits","Yield","kg/ha",1999,2332.2,"Tallowtree seeds","no"
NA,"World","Oilseeds and oleaginous fruits","Yield","kg/ha",2000,2342.9,"Tallowtree seeds","no"
NA,"World","Oilseeds and oleaginous fruits","Yield","kg/ha",2001,2319.4,"Tallowtree seeds","no"
NA,"World","Oilseeds and oleaginous fruits","Yield","kg/ha",2002,2328.8,"Tallowtree seeds","no"
NA,"World","Oilseeds and oleaginous fruits","Yield","kg/ha",2003,2337.8,"Tallowtree seeds","no"
NA,"World","Oilseeds and oleaginous fruits","Yield","kg/ha",2004,2320,"Tallowtree seeds","no"
NA,"World","Oilseeds and oleaginous fruits","Yield","kg/ha",2005,2342.1,"Tallowtree seeds","no"
NA,"World","Oilseeds and oleaginous fruits","Yield","kg/ha",2006,2369.9,"Tallowtree seeds","no"
NA,"World","Oilseeds and oleaginous fruits","Yield","kg/ha",2007,2386.2,"Tallowtree seeds","no"
NA,"World","Oilseeds and oleaginous fruits","Yield","kg/ha",2008,2435.9,"Tallowtree seeds","no"
NA,"World","Oilseeds and oleaginous fruits","Yield","kg/ha",2009,2412.5,"Tallowtree seeds","no"
NA,"World","Oilseeds and oleaginous fruits","Yield","kg/ha",2010,2405.4,"Tallowtree seeds","no"
NA,"World","Oilseeds and oleaginous fruits","Yield","kg/ha",2011,2405.1,"Tallowtree seeds","no"
NA,"World","Oilseeds and oleaginous fruits","Yield","kg/ha",2012,2421.5,"Tallowtree seeds","no"
NA,"World","Oilseeds and oleaginous fruits","Yield","kg/ha",2013,2456.8,"Tallowtree seeds","no"
NA,"World","Oilseeds and oleaginous fruits","Yield","kg/ha",2014,2467.7,"Tallowtree seeds","no"
NA,"World","Oilseeds and oleaginous fruits","Yield","kg/ha",2015,2454.7,"Tallowtree seeds","no"
NA,"World","Oilseeds and oleaginous fruits","Yield","kg/ha",2016,2450.1,"Tallowtree seeds","no"
NA,"World","Oilseeds and oleaginous fruits","Yield","kg/ha",2017,2453.6,"Tallowtree seeds","no"
NA,"World","Oilseeds and oleaginous fruits","Yield","kg/ha",2018,2458.3,"Tallowtree seeds","no"
NA,"World","Oilseeds and oleaginous fruits","Yield","kg/ha",2019,2460.6,"Tallowtree seeds","no"
NA,"World","Oilseeds and oleaginous fruits","Yield","kg/ha",2020,2464.2,"Tallowtree seeds","no"
NA,"World","Oilseeds and oleaginous fruits","Yield","kg/ha",2021,2464.7,"Tallowtree seeds","no"
NA,"World","Oilseeds and oleaginous fruits","Yield","kg/ha",2022,2467.5,"Tallowtree seeds","no"
NA,"World","Oilseeds and oleaginous fruits","Yield","kg/ha",2023,2470.4,"Tallowtree seeds","no"
NA,"World","Oilseeds and oleaginous fruits","Production","t",1992,770000,"Tallowtree seeds","no"
NA,"World","Oilseeds and oleaginous fruits","Production","t",1993,780000,"Tallowtree seeds","no"
NA,"World","Oilseeds and oleaginous fruits","Production","t",1994,795000,"Tallowtree seeds","no"
NA,"World","Oilseeds and oleaginous fruits","Production","t",1995,780000,"Tallowtree seeds","no"
NA,"World","Oilseeds and oleaginous fruits","Production","t",1996,785000,"Tallowtree seeds","no"
NA,"World","Oilseeds and oleaginous fruits","Production","t",1997,790000,"Tallowtree seeds","no"
NA,"World","Oilseeds and oleaginous fruits","Production","t",1998,800000,"Tallowtree seeds","no"
NA,"World","Oilseeds and oleaginous fruits","Production","t",1999,810277.12,"Tallowtree seeds","no"
NA,"World","Oilseeds and oleaginous fruits","Production","t",2000,820000,"Tallowtree seeds","no"
NA,"World","Oilseeds and oleaginous fruits","Production","t",2001,835000,"Tallowtree seeds","no"
NA,"World","Oilseeds and oleaginous fruits","Production","t",2002,850000,"Tallowtree seeds","no"
NA,"World","Oilseeds and oleaginous fruits","Production","t",2003,865000,"Tallowtree seeds","no"
NA,"World","Oilseeds and oleaginous fruits","Production","t",2004,870000,"Tallowtree seeds","no"
NA,"World","Oilseeds and oleaginous fruits","Production","t",2005,890000,"Tallowtree seeds","no"
NA,"World","Oilseeds and oleaginous fruits","Production","t",2006,900000,"Tallowtree seeds","no"
NA,"World","Oilseeds and oleaginous fruits","Production","t",2007,920000,"Tallowtree seeds","no"
NA,"World","Oilseeds and oleaginous fruits","Production","t",2008,950000,"Tallowtree seeds","no"
NA,"World","Oilseeds and oleaginous fruits","Production","t",2009,965000,"Tallowtree seeds","no"
NA,"World","Oilseeds and oleaginous fruits","Production","t",2010,957273.74,"Tallowtree seeds","no"
NA,"World","Oilseeds and oleaginous fruits","Production","t",2011,950000,"Tallowtree seeds","no"
NA,"World","Oilseeds and oleaginous fruits","Production","t",2012,985000,"Tallowtree seeds","no"
NA,"World","Oilseeds and oleaginous fruits","Production","t",2013,995000,"Tallowtree seeds","no"
NA,"World","Oilseeds and oleaginous fruits","Production","t",2014,992000,"Tallowtree seeds","no"
NA,"World","Oilseeds and oleaginous fruits","Production","t",2015,995350.98,"Tallowtree seeds","no"
NA,"World","Oilseeds and oleaginous fruits","Production","t",2016,1000927.39,"Tallowtree seeds","no"
NA,"World","Oilseeds and oleaginous fruits","Production","t",2017,1007035.98,"Tallowtree seeds","no"
NA,"World","Oilseeds and oleaginous fruits","Production","t",2018,1012602.15,"Tallowtree seeds","no"
NA,"World","Oilseeds and oleaginous fruits","Production","t",2019,1017498.6,"Tallowtree seeds","no"
NA,"World","Oilseeds and oleaginous fruits","Production","t",2020,1029560.35,"Tallowtree seeds","no"
NA,"World","Oilseeds and oleaginous fruits","Production","t",2021,1032548.06,"Tallowtree seeds","no"
NA,"World","Oilseeds and oleaginous fruits","Production","t",2022,1038210.94,"Tallowtree seeds","no"
NA,"World","Oilseeds and oleaginous fruits","Production","t",2023,1043873.81,"Tallowtree seeds","no"
NA,"World","Fruits and nuts","Area harvested","ha",1992,1514334,"Tangerines, mandarins, clementines","no"
NA,"World","Fruits and nuts","Area harvested","ha",1993,1570064,"Tangerines, mandarins, clementines","no"
NA,"World","Fruits and nuts","Area harvested","ha",1994,1579536,"Tangerines, mandarins, clementines","no"
NA,"World","Fruits and nuts","Area harvested","ha",1995,1651181,"Tangerines, mandarins, clementines","no"
NA,"World","Fruits and nuts","Area harvested","ha",1996,1706052,"Tangerines, mandarins, clementines","no"
NA,"World","Fruits and nuts","Area harvested","ha",1997,1748350,"Tangerines, mandarins, clementines","no"
NA,"World","Fruits and nuts","Area harvested","ha",1998,1811473,"Tangerines, mandarins, clementines","no"
NA,"World","Fruits and nuts","Area harvested","ha",1999,1807826,"Tangerines, mandarins, clementines","no"
NA,"World","Fruits and nuts","Area harvested","ha",2000,1803980,"Tangerines, mandarins, clementines","no"
NA,"World","Fruits and nuts","Area harvested","ha",2001,1853733,"Tangerines, mandarins, clementines","no"
NA,"World","Fruits and nuts","Area harvested","ha",2002,1901665,"Tangerines, mandarins, clementines","no"
NA,"World","Fruits and nuts","Area harvested","ha",2003,1952136,"Tangerines, mandarins, clementines","no"
NA,"World","Fruits and nuts","Area harvested","ha",2004,2021670,"Tangerines, mandarins, clementines","no"
NA,"World","Fruits and nuts","Area harvested","ha",2005,2119910,"Tangerines, mandarins, clementines","no"
NA,"World","Fruits and nuts","Area harvested","ha",2006,2151958,"Tangerines, mandarins, clementines","no"
NA,"World","Fruits and nuts","Area harvested","ha",2007,2271970,"Tangerines, mandarins, clementines","no"
NA,"World","Fruits and nuts","Area harvested","ha",2008,2199213,"Tangerines, mandarins, clementines","no"
NA,"World","Fruits and nuts","Area harvested","ha",2009,2290724,"Tangerines, mandarins, clementines","no"
NA,"World","Fruits and nuts","Area harvested","ha",2010,2339143,"Tangerines, mandarins, clementines","no"
NA,"World","Fruits and nuts","Area harvested","ha",2011,2756458,"Tangerines, mandarins, clementines","no"
NA,"World","Fruits and nuts","Area harvested","ha",2012,2775311,"Tangerines, mandarins, clementines","no"
NA,"World","Fruits and nuts","Area harvested","ha",2013,2846591,"Tangerines, mandarins, clementines","no"
NA,"World","Fruits and nuts","Area harvested","ha",2014,2857107,"Tangerines, mandarins, clementines","no"
NA,"World","Fruits and nuts","Area harvested","ha",2015,2977254,"Tangerines, mandarins, clementines","no"
NA,"World","Fruits and nuts","Area harvested","ha",2016,3041778,"Tangerines, mandarins, clementines","no"
NA,"World","Fruits and nuts","Area harvested","ha",2017,3071633,"Tangerines, mandarins, clementines","no"
NA,"World","Fruits and nuts","Area harvested","ha",2018,3228214,"Tangerines, mandarins, clementines","no"
NA,"World","Fruits and nuts","Area harvested","ha",2019,3635753,"Tangerines, mandarins, clementines","no"
NA,"World","Fruits and nuts","Area harvested","ha",2020,3599404,"Tangerines, mandarins, clementines","no"
NA,"World","Fruits and nuts","Area harvested","ha",2021,3814916,"Tangerines, mandarins, clementines","no"
NA,"World","Fruits and nuts","Area harvested","ha",2022,3934086,"Tangerines, mandarins, clementines","no"
NA,"World","Fruits and nuts","Area harvested","ha",2023,3893358,"Tangerines, mandarins, clementines","no"
NA,"World","Fruits and nuts","Yield","kg/ha",1992,10107.8,"Tangerines, mandarins, clementines","no"
NA,"World","Fruits and nuts","Yield","kg/ha",1993,10160.1,"Tangerines, mandarins, clementines","no"
NA,"World","Fruits and nuts","Yield","kg/ha",1994,10496.5,"Tangerines, mandarins, clementines","no"
NA,"World","Fruits and nuts","Yield","kg/ha",1995,10706.8,"Tangerines, mandarins, clementines","no"
NA,"World","Fruits and nuts","Yield","kg/ha",1996,10230.7,"Tangerines, mandarins, clementines","no"
NA,"World","Fruits and nuts","Yield","kg/ha",1997,11853.6,"Tangerines, mandarins, clementines","no"
NA,"World","Fruits and nuts","Yield","kg/ha",1998,10564.3,"Tangerines, mandarins, clementines","no"
NA,"World","Fruits and nuts","Yield","kg/ha",1999,11991,"Tangerines, mandarins, clementines","no"
NA,"World","Fruits and nuts","Yield","kg/ha",2000,11054.8,"Tangerines, mandarins, clementines","no"
NA,"World","Fruits and nuts","Yield","kg/ha",2001,12105.3,"Tangerines, mandarins, clementines","no"
NA,"World","Fruits and nuts","Yield","kg/ha",2002,11901,"Tangerines, mandarins, clementines","no"
NA,"World","Fruits and nuts","Yield","kg/ha",2003,11963.9,"Tangerines, mandarins, clementines","no"
NA,"World","Fruits and nuts","Yield","kg/ha",2004,12366.4,"Tangerines, mandarins, clementines","no"
NA,"World","Fruits and nuts","Yield","kg/ha",2005,12217,"Tangerines, mandarins, clementines","no"
NA,"World","Fruits and nuts","Yield","kg/ha",2006,12941.8,"Tangerines, mandarins, clementines","no"
NA,"World","Fruits and nuts","Yield","kg/ha",2007,9523.1,"Tangerines, mandarins, clementines","no"
NA,"World","Fruits and nuts","Yield","kg/ha",2008,10532.7,"Tangerines, mandarins, clementines","no"
NA,"World","Fruits and nuts","Yield","kg/ha",2009,10487,"Tangerines, mandarins, clementines","no"
NA,"World","Fruits and nuts","Yield","kg/ha",2010,11001,"Tangerines, mandarins, clementines","no"
NA,"World","Fruits and nuts","Yield","kg/ha",2011,11677.6,"Tangerines, mandarins, clementines","no"
NA,"World","Fruits and nuts","Yield","kg/ha",2012,11760.4,"Tangerines, mandarins, clementines","no"
NA,"World","Fruits and nuts","Yield","kg/ha",2013,11738.1,"Tangerines, mandarins, clementines","no"
NA,"World","Fruits and nuts","Yield","kg/ha",2014,12681,"Tangerines, mandarins, clementines","no"
NA,"World","Fruits and nuts","Yield","kg/ha",2015,12949.3,"Tangerines, mandarins, clementines","no"
NA,"World","Fruits and nuts","Yield","kg/ha",2016,12534,"Tangerines, mandarins, clementines","no"
NA,"World","Fruits and nuts","Yield","kg/ha",2017,12668.9,"Tangerines, mandarins, clementines","no"
NA,"World","Fruits and nuts","Yield","kg/ha",2018,12740,"Tangerines, mandarins, clementines","no"
NA,"World","Fruits and nuts","Yield","kg/ha",2019,12894.4,"Tangerines, mandarins, clementines","no"
NA,"World","Fruits and nuts","Yield","kg/ha",2020,13052.3,"Tangerines, mandarins, clementines","no"
NA,"World","Fruits and nuts","Yield","kg/ha",2021,13239,"Tangerines, mandarins, clementines","no"
NA,"World","Fruits and nuts","Yield","kg/ha",2022,13215.2,"Tangerines, mandarins, clementines","no"
NA,"World","Fruits and nuts","Yield","kg/ha",2023,13499.1,"Tangerines, mandarins, clementines","no"
NA,"World","Fruits and nuts","Production","t",1992,15306646.07,"Tangerines, mandarins, clementines","no"
NA,"World","Fruits and nuts","Production","t",1993,15952006.81,"Tangerines, mandarins, clementines","no"
NA,"World","Fruits and nuts","Production","t",1994,16579568.07,"Tangerines, mandarins, clementines","no"
NA,"World","Fruits and nuts","Production","t",1995,17678846.63,"Tangerines, mandarins, clementines","no"
NA,"World","Fruits and nuts","Production","t",1996,17454063.52,"Tangerines, mandarins, clementines","no"
NA,"World","Fruits and nuts","Production","t",1997,20724185.79,"Tangerines, mandarins, clementines","no"
NA,"World","Fruits and nuts","Production","t",1998,19136919.93,"Tangerines, mandarins, clementines","no"
NA,"World","Fruits and nuts","Production","t",1999,21677708.37,"Tangerines, mandarins, clementines","no"
NA,"World","Fruits and nuts","Production","t",2000,19942678.03,"Tangerines, mandarins, clementines","no"
NA,"World","Fruits and nuts","Production","t",2001,22439953.76,"Tangerines, mandarins, clementines","no"
NA,"World","Fruits and nuts","Production","t",2002,22631687.7,"Tangerines, mandarins, clementines","no"
NA,"World","Fruits and nuts","Production","t",2003,23355059.02,"Tangerines, mandarins, clementines","no"
NA,"World","Fruits and nuts","Production","t",2004,25000862.64,"Tangerines, mandarins, clementines","no"
NA,"World","Fruits and nuts","Production","t",2005,25899043.33,"Tangerines, mandarins, clementines","no"
NA,"World","Fruits and nuts","Production","t",2006,27850240.7,"Tangerines, mandarins, clementines","no"
NA,"World","Fruits and nuts","Production","t",2007,21636217.24,"Tangerines, mandarins, clementines","no"
NA,"World","Fruits and nuts","Production","t",2008,23163574.04,"Tangerines, mandarins, clementines","no"
NA,"World","Fruits and nuts","Production","t",2009,24022766.62,"Tangerines, mandarins, clementines","no"
NA,"World","Fruits and nuts","Production","t",2010,25732825.59,"Tangerines, mandarins, clementines","no"
NA,"World","Fruits and nuts","Production","t",2011,32188922.55,"Tangerines, mandarins, clementines","no"
NA,"World","Fruits and nuts","Production","t",2012,32638897.57,"Tangerines, mandarins, clementines","no"
NA,"World","Fruits and nuts","Production","t",2013,33413579.98,"Tangerines, mandarins, clementines","no"
NA,"World","Fruits and nuts","Production","t",2014,36230989.15,"Tangerines, mandarins, clementines","no"
NA,"World","Fruits and nuts","Production","t",2015,38553507.59,"Tangerines, mandarins, clementines","no"
NA,"World","Fruits and nuts","Production","t",2016,38125657.58,"Tangerines, mandarins, clementines","no"
NA,"World","Fruits and nuts","Production","t",2017,38914352.93,"Tangerines, mandarins, clementines","no"
NA,"World","Fruits and nuts","Production","t",2018,41127310.47,"Tangerines, mandarins, clementines","no"
NA,"World","Fruits and nuts","Production","t",2019,46880918.05,"Tangerines, mandarins, clementines","no"
NA,"World","Fruits and nuts","Production","t",2020,46980383.82,"Tangerines, mandarins, clementines","no"
NA,"World","Fruits and nuts","Production","t",2021,50505742.95,"Tangerines, mandarins, clementines","no"
NA,"World","Fruits and nuts","Production","t",2022,51989644.48,"Tangerines, mandarins, clementines","no"
NA,"World","Fruits and nuts","Production","t",2023,52556927.13,"Tangerines, mandarins, clementines","no"
NA,"World","Edible roots and tubers with high starch or inulin content","Area harvested","ha",1992,1081522,"Taro","no"
NA,"World","Edible roots and tubers with high starch or inulin content","Area harvested","ha",1993,1196936,"Taro","no"
NA,"World","Edible roots and tubers with high starch or inulin content","Area harvested","ha",1994,1208668,"Taro","no"
NA,"World","Edible roots and tubers with high starch or inulin content","Area harvested","ha",1995,1177471,"Taro","no"
NA,"World","Edible roots and tubers with high starch or inulin content","Area harvested","ha",1996,1241152,"Taro","no"
NA,"World","Edible roots and tubers with high starch or inulin content","Area harvested","ha",1997,1120248,"Taro","no"
NA,"World","Edible roots and tubers with high starch or inulin content","Area harvested","ha",1998,1091899,"Taro","no"
NA,"World","Edible roots and tubers with high starch or inulin content","Area harvested","ha",1999,1134229,"Taro","no"
NA,"World","Edible roots and tubers with high starch or inulin content","Area harvested","ha",2000,1087733,"Taro","no"
NA,"World","Edible roots and tubers with high starch or inulin content","Area harvested","ha",2001,1159341,"Taro","no"
NA,"World","Edible roots and tubers with high starch or inulin content","Area harvested","ha",2002,1220057,"Taro","no"
NA,"World","Edible roots and tubers with high starch or inulin content","Area harvested","ha",2003,1219082,"Taro","no"
NA,"World","Edible roots and tubers with high starch or inulin content","Area harvested","ha",2004,1199464,"Taro","no"
NA,"World","Edible roots and tubers with high starch or inulin content","Area harvested","ha",2005,1205458,"Taro","no"
NA,"World","Edible roots and tubers with high starch or inulin content","Area harvested","ha",2006,1234795,"Taro","no"
NA,"World","Edible roots and tubers with high starch or inulin content","Area harvested","ha",2007,1300826,"Taro","no"
NA,"World","Edible roots and tubers with high starch or inulin content","Area harvested","ha",2008,1328088,"Taro","no"
NA,"World","Edible roots and tubers with high starch or inulin content","Area harvested","ha",2009,1351517,"Taro","no"
NA,"World","Edible roots and tubers with high starch or inulin content","Area harvested","ha",2010,1384238,"Taro","no"
NA,"World","Edible roots and tubers with high starch or inulin content","Area harvested","ha",2011,1287952,"Taro","no"
NA,"World","Edible roots and tubers with high starch or inulin content","Area harvested","ha",2012,1464573,"Taro","no"
NA,"World","Edible roots and tubers with high starch or inulin content","Area harvested","ha",2013,1479643,"Taro","no"
NA,"World","Edible roots and tubers with high starch or inulin content","Area harvested","ha",2014,1575252,"Taro","no"
NA,"World","Edible roots and tubers with high starch or inulin content","Area harvested","ha",2015,1801033,"Taro","no"
NA,"World","Edible roots and tubers with high starch or inulin content","Area harvested","ha",2016,1958827,"Taro","no"
NA,"World","Edible roots and tubers with high starch or inulin content","Area harvested","ha",2017,2087530,"Taro","no"
NA,"World","Edible roots and tubers with high starch or inulin content","Area harvested","ha",2018,2115055,"Taro","no"
NA,"World","Edible roots and tubers with high starch or inulin content","Area harvested","ha",2019,2213551,"Taro","no"
NA,"World","Edible roots and tubers with high starch or inulin content","Area harvested","ha",2020,2360183,"Taro","no"
NA,"World","Edible roots and tubers with high starch or inulin content","Area harvested","ha",2021,2319837,"Taro","no"
NA,"World","Edible roots and tubers with high starch or inulin content","Area harvested","ha",2022,2345117,"Taro","no"
NA,"World","Edible roots and tubers with high starch or inulin content","Area harvested","ha",2023,2402409,"Taro","no"
NA,"World","Edible roots and tubers with high starch or inulin content","Yield","kg/ha",1992,5137.2,"Taro","no"
NA,"World","Edible roots and tubers with high starch or inulin content","Yield","kg/ha",1993,5662.1,"Taro","no"
NA,"World","Edible roots and tubers with high starch or inulin content","Yield","kg/ha",1994,5591.6,"Taro","no"
NA,"World","Edible roots and tubers with high starch or inulin content","Yield","kg/ha",1995,6323.5,"Taro","no"
NA,"World","Edible roots and tubers with high starch or inulin content","Yield","kg/ha",1996,6307.5,"Taro","no"
NA,"World","Edible roots and tubers with high starch or inulin content","Yield","kg/ha",1997,7168.4,"Taro","no"
NA,"World","Edible roots and tubers with high starch or inulin content","Yield","kg/ha",1998,7525.2,"Taro","no"
NA,"World","Edible roots and tubers with high starch or inulin content","Yield","kg/ha",1999,7489.6,"Taro","no"
NA,"World","Edible roots and tubers with high starch or inulin content","Yield","kg/ha",2000,7623.6,"Taro","no"
NA,"World","Edible roots and tubers with high starch or inulin content","Yield","kg/ha",2001,7361.9,"Taro","no"
NA,"World","Edible roots and tubers with high starch or inulin content","Yield","kg/ha",2002,7290.9,"Taro","no"
NA,"World","Edible roots and tubers with high starch or inulin content","Yield","kg/ha",2003,7396.2,"Taro","no"
NA,"World","Edible roots and tubers with high starch or inulin content","Yield","kg/ha",2004,7391.7,"Taro","no"
NA,"World","Edible roots and tubers with high starch or inulin content","Yield","kg/ha",2005,7707.8,"Taro","no"
NA,"World","Edible roots and tubers with high starch or inulin content","Yield","kg/ha",2006,7568.6,"Taro","no"
NA,"World","Edible roots and tubers with high starch or inulin content","Yield","kg/ha",2007,7763.6,"Taro","no"
NA,"World","Edible roots and tubers with high starch or inulin content","Yield","kg/ha",2008,7781.4,"Taro","no"
NA,"World","Edible roots and tubers with high starch or inulin content","Yield","kg/ha",2009,7706.4,"Taro","no"
NA,"World","Edible roots and tubers with high starch or inulin content","Yield","kg/ha",2010,7434.7,"Taro","no"
NA,"World","Edible roots and tubers with high starch or inulin content","Yield","kg/ha",2011,8105.1,"Taro","no"
NA,"World","Edible roots and tubers with high starch or inulin content","Yield","kg/ha",2012,7250.9,"Taro","no"
NA,"World","Edible roots and tubers with high starch or inulin content","Yield","kg/ha",2013,7431.4,"Taro","no"
NA,"World","Edible roots and tubers with high starch or inulin content","Yield","kg/ha",2014,7453.5,"Taro","no"
NA,"World","Edible roots and tubers with high starch or inulin content","Yield","kg/ha",2015,6493.7,"Taro","no"
NA,"World","Edible roots and tubers with high starch or inulin content","Yield","kg/ha",2016,8011.1,"Taro","no"
NA,"World","Edible roots and tubers with high starch or inulin content","Yield","kg/ha",2017,7921.4,"Taro","no"
NA,"World","Edible roots and tubers with high starch or inulin content","Yield","kg/ha",2018,7999.6,"Taro","no"
NA,"World","Edible roots and tubers with high starch or inulin content","Yield","kg/ha",2019,7564.6,"Taro","no"
NA,"World","Edible roots and tubers with high starch or inulin content","Yield","kg/ha",2020,7528.8,"Taro","no"
NA,"World","Edible roots and tubers with high starch or inulin content","Yield","kg/ha",2021,7427,"Taro","no"
NA,"World","Edible roots and tubers with high starch or inulin content","Yield","kg/ha",2022,7500.9,"Taro","no"
NA,"World","Edible roots and tubers with high starch or inulin content","Yield","kg/ha",2023,7523.3,"Taro","no"
NA,"World","Edible roots and tubers with high starch or inulin content","Production","t",1992,5556022.76,"Taro","no"
NA,"World","Edible roots and tubers with high starch or inulin content","Production","t",1993,6777156.43,"Taro","no"
NA,"World","Edible roots and tubers with high starch or inulin content","Production","t",1994,6758343.19,"Taro","no"
NA,"World","Edible roots and tubers with high starch or inulin content","Production","t",1995,7445716.33,"Taro","no"
NA,"World","Edible roots and tubers with high starch or inulin content","Production","t",1996,7828588.47,"Taro","no"
NA,"World","Edible roots and tubers with high starch or inulin content","Production","t",1997,8030385.8,"Taro","no"
NA,"World","Edible roots and tubers with high starch or inulin content","Production","t",1998,8216714.84,"Taro","no"
NA,"World","Edible roots and tubers with high starch or inulin content","Production","t",1999,8494962.76,"Taro","no"
NA,"World","Edible roots and tubers with high starch or inulin content","Production","t",2000,8292475.35,"Taro","no"
NA,"World","Edible roots and tubers with high starch or inulin content","Production","t",2001,8534938.67,"Taro","no"
NA,"World","Edible roots and tubers with high starch or inulin content","Production","t",2002,8895326.54,"Taro","no"
NA,"World","Edible roots and tubers with high starch or inulin content","Production","t",2003,9016632.51,"Taro","no"
NA,"World","Edible roots and tubers with high starch or inulin content","Production","t",2004,8866065.62,"Taro","no"
NA,"World","Edible roots and tubers with high starch or inulin content","Production","t",2005,9291428.86,"Taro","no"
NA,"World","Edible roots and tubers with high starch or inulin content","Production","t",2006,9345607.99,"Taro","no"
NA,"World","Edible roots and tubers with high starch or inulin content","Production","t",2007,10099038.91,"Taro","no"
NA,"World","Edible roots and tubers with high starch or inulin content","Production","t",2008,10334361.72,"Taro","no"
NA,"World","Edible roots and tubers with high starch or inulin content","Production","t",2009,10415268.73,"Taro","no"
NA,"World","Edible roots and tubers with high starch or inulin content","Production","t",2010,10291376.11,"Taro","no"
NA,"World","Edible roots and tubers with high starch or inulin content","Production","t",2011,10439014.13,"Taro","no"
NA,"World","Edible roots and tubers with high starch or inulin content","Production","t",2012,10619533.98,"Taro","no"
NA,"World","Edible roots and tubers with high starch or inulin content","Production","t",2013,10995749.28,"Taro","no"
NA,"World","Edible roots and tubers with high starch or inulin content","Production","t",2014,11741208.53,"Taro","no"
NA,"World","Edible roots and tubers with high starch or inulin content","Production","t",2015,11695445,"Taro","no"
NA,"World","Edible roots and tubers with high starch or inulin content","Production","t",2016,15692413.43,"Taro","no"
NA,"World","Edible roots and tubers with high starch or inulin content","Production","t",2017,16536065.82,"Taro","no"
NA,"World","Edible roots and tubers with high starch or inulin content","Production","t",2018,16919632.05,"Taro","no"
NA,"World","Edible roots and tubers with high starch or inulin content","Production","t",2019,16744716.63,"Taro","no"
NA,"World","Edible roots and tubers with high starch or inulin content","Production","t",2020,17769410.38,"Taro","no"
NA,"World","Edible roots and tubers with high starch or inulin content","Production","t",2021,17229378.9,"Taro","no"
NA,"World","Edible roots and tubers with high starch or inulin content","Production","t",2022,17590503.53,"Taro","no"
NA,"World","Edible roots and tubers with high starch or inulin content","Production","t",2023,18073943.29,"Taro","no"
NA,"World","Stimulant, spice and aromatic crops","Area harvested","ha",1992,2281470,"Tea leaves","no"
NA,"World","Stimulant, spice and aromatic crops","Area harvested","ha",1993,2296422,"Tea leaves","no"
NA,"World","Stimulant, spice and aromatic crops","Area harvested","ha",1994,2280266,"Tea leaves","no"
NA,"World","Stimulant, spice and aromatic crops","Area harvested","ha",1995,2264493,"Tea leaves","no"
NA,"World","Stimulant, spice and aromatic crops","Area harvested","ha",1996,2286473,"Tea leaves","no"
NA,"World","Stimulant, spice and aromatic crops","Area harvested","ha",1997,2289865,"Tea leaves","no"
NA,"World","Stimulant, spice and aromatic crops","Area harvested","ha",1998,2276551,"Tea leaves","no"
NA,"World","Stimulant, spice and aromatic crops","Area harvested","ha",1999,2377102,"Tea leaves","no"
NA,"World","Stimulant, spice and aromatic crops","Area harvested","ha",2000,2365055,"Tea leaves","no"
NA,"World","Stimulant, spice and aromatic crops","Area harvested","ha",2001,2389227,"Tea leaves","no"
NA,"World","Stimulant, spice and aromatic crops","Area harvested","ha",2002,2441826,"Tea leaves","no"
NA,"World","Stimulant, spice and aromatic crops","Area harvested","ha",2003,2496537,"Tea leaves","no"
NA,"World","Stimulant, spice and aromatic crops","Area harvested","ha",2004,2576944,"Tea leaves","no"
NA,"World","Stimulant, spice and aromatic crops","Area harvested","ha",2005,2682627,"Tea leaves","no"
NA,"World","Stimulant, spice and aromatic crops","Area harvested","ha",2006,2717453,"Tea leaves","no"
NA,"World","Stimulant, spice and aromatic crops","Area harvested","ha",2007,2879894,"Tea leaves","no"
NA,"World","Stimulant, spice and aromatic crops","Area harvested","ha",2008,2983616,"Tea leaves","no"
NA,"World","Stimulant, spice and aromatic crops","Area harvested","ha",2009,3039113,"Tea leaves","no"
NA,"World","Stimulant, spice and aromatic crops","Area harvested","ha",2010,3150421,"Tea leaves","no"
NA,"World","Stimulant, spice and aromatic crops","Area harvested","ha",2011,3405129,"Tea leaves","no"
NA,"World","Stimulant, spice and aromatic crops","Area harvested","ha",2012,3507168,"Tea leaves","no"
NA,"World","Stimulant, spice and aromatic crops","Area harvested","ha",2013,3610641,"Tea leaves","no"
NA,"World","Stimulant, spice and aromatic crops","Area harvested","ha",2014,3783319,"Tea leaves","no"
NA,"World","Stimulant, spice and aromatic crops","Area harvested","ha",2015,3890691,"Tea leaves","no"
NA,"World","Stimulant, spice and aromatic crops","Area harvested","ha",2016,4168227,"Tea leaves","no"
NA,"World","Stimulant, spice and aromatic crops","Area harvested","ha",2017,4684418,"Tea leaves","no"
NA,"World","Stimulant, spice and aromatic crops","Area harvested","ha",2018,4869948,"Tea leaves","no"
NA,"World","Stimulant, spice and aromatic crops","Area harvested","ha",2019,5151983,"Tea leaves","no"
NA,"World","Stimulant, spice and aromatic crops","Area harvested","ha",2020,5101230,"Tea leaves","no"
NA,"World","Stimulant, spice and aromatic crops","Area harvested","ha",2021,4572243,"Tea leaves","no"
NA,"World","Stimulant, spice and aromatic crops","Area harvested","ha",2022,4697018,"Tea leaves","no"
NA,"World","Stimulant, spice and aromatic crops","Area harvested","ha",2023,4829543,"Tea leaves","no"
NA,"World","Stimulant, spice and aromatic crops","Yield","kg/ha",1992,4626.1,"Tea leaves","no"
NA,"World","Stimulant, spice and aromatic crops","Yield","kg/ha",1993,4778.7,"Tea leaves","no"
NA,"World","Stimulant, spice and aromatic crops","Yield","kg/ha",1994,4857.1,"Tea leaves","no"
NA,"World","Stimulant, spice and aromatic crops","Yield","kg/ha",1995,4910.8,"Tea leaves","no"
NA,"World","Stimulant, spice and aromatic crops","Yield","kg/ha",1996,5008.7,"Tea leaves","no"
NA,"World","Stimulant, spice and aromatic crops","Yield","kg/ha",1997,5157,"Tea leaves","no"
NA,"World","Stimulant, spice and aromatic crops","Yield","kg/ha",1998,5624.5,"Tea leaves","no"
NA,"World","Stimulant, spice and aromatic crops","Yield","kg/ha",1999,5542.9,"Tea leaves","no"
NA,"World","Stimulant, spice and aromatic crops","Yield","kg/ha",2000,5373.1,"Tea leaves","no"
NA,"World","Stimulant, spice and aromatic crops","Yield","kg/ha",2001,5546.2,"Tea leaves","no"
NA,"World","Stimulant, spice and aromatic crops","Yield","kg/ha",2002,5557.8,"Tea leaves","no"
NA,"World","Stimulant, spice and aromatic crops","Yield","kg/ha",2003,5536.3,"Tea leaves","no"
NA,"World","Stimulant, spice and aromatic crops","Yield","kg/ha",2004,5711.3,"Tea leaves","no"
NA,"World","Stimulant, spice and aromatic crops","Yield","kg/ha",2005,5783.5,"Tea leaves","no"
NA,"World","Stimulant, spice and aromatic crops","Yield","kg/ha",2006,5803.8,"Tea leaves","no"
NA,"World","Stimulant, spice and aromatic crops","Yield","kg/ha",2007,5889,"Tea leaves","no"
NA,"World","Stimulant, spice and aromatic crops","Yield","kg/ha",2008,5831.7,"Tea leaves","no"
NA,"World","Stimulant, spice and aromatic crops","Yield","kg/ha",2009,5776.4,"Tea leaves","no"
NA,"World","Stimulant, spice and aromatic crops","Yield","kg/ha",2010,6200.5,"Tea leaves","no"
NA,"World","Stimulant, spice and aromatic crops","Yield","kg/ha",2011,6035.1,"Tea leaves","no"
NA,"World","Stimulant, spice and aromatic crops","Yield","kg/ha",2012,6124.1,"Tea leaves","no"
NA,"World","Stimulant, spice and aromatic crops","Yield","kg/ha",2013,6292.1,"Tea leaves","no"
NA,"World","Stimulant, spice and aromatic crops","Yield","kg/ha",2014,6272.1,"Tea leaves","no"
NA,"World","Stimulant, spice and aromatic crops","Yield","kg/ha",2015,6295.2,"Tea leaves","no"
NA,"World","Stimulant, spice and aromatic crops","Yield","kg/ha",2016,5975.4,"Tea leaves","no"
NA,"World","Stimulant, spice and aromatic crops","Yield","kg/ha",2017,5521.4,"Tea leaves","no"
NA,"World","Stimulant, spice and aromatic crops","Yield","kg/ha",2018,5560.7,"Tea leaves","no"
NA,"World","Stimulant, spice and aromatic crops","Yield","kg/ha",2019,5380.9,"Tea leaves","no"
NA,"World","Stimulant, spice and aromatic crops","Yield","kg/ha",2020,5700.4,"Tea leaves","no"
NA,"World","Stimulant, spice and aromatic crops","Yield","kg/ha",2021,6663.3,"Tea leaves","no"
NA,"World","Stimulant, spice and aromatic crops","Yield","kg/ha",2022,6576.5,"Tea leaves","no"
NA,"World","Stimulant, spice and aromatic crops","Yield","kg/ha",2023,6663.7,"Tea leaves","no"
NA,"World","Stimulant, spice and aromatic crops","Production","t",1992,10554350.01,"Tea leaves","no"
NA,"World","Stimulant, spice and aromatic crops","Production","t",1993,10973926.55,"Tea leaves","no"
NA,"World","Stimulant, spice and aromatic crops","Production","t",1994,11075432.77,"Tea leaves","no"
NA,"World","Stimulant, spice and aromatic crops","Production","t",1995,11120423.91,"Tea leaves","no"
NA,"World","Stimulant, spice and aromatic crops","Production","t",1996,11452237.84,"Tea leaves","no"
NA,"World","Stimulant, spice and aromatic crops","Production","t",1997,11808878.47,"Tea leaves","no"
NA,"World","Stimulant, spice and aromatic crops","Production","t",1998,12804371.12,"Tea leaves","no"
NA,"World","Stimulant, spice and aromatic crops","Production","t",1999,13176100.8,"Tea leaves","no"
NA,"World","Stimulant, spice and aromatic crops","Production","t",2000,12707685.79,"Tea leaves","no"
NA,"World","Stimulant, spice and aromatic crops","Production","t",2001,13251198.45,"Tea leaves","no"
NA,"World","Stimulant, spice and aromatic crops","Production","t",2002,13571196.3,"Tea leaves","no"
NA,"World","Stimulant, spice and aromatic crops","Production","t",2003,13821682.66,"Tea leaves","no"
NA,"World","Stimulant, spice and aromatic crops","Production","t",2004,14717765.88,"Tea leaves","no"
NA,"World","Stimulant, spice and aromatic crops","Production","t",2005,15514986.7,"Tea leaves","no"
NA,"World","Stimulant, spice and aromatic crops","Production","t",2006,15771470.54,"Tea leaves","no"
NA,"World","Stimulant, spice and aromatic crops","Production","t",2007,16959695.34,"Tea leaves","no"
NA,"World","Stimulant, spice and aromatic crops","Production","t",2008,17399506.79,"Tea leaves","no"
NA,"World","Stimulant, spice and aromatic crops","Production","t",2009,17555126.82,"Tea leaves","no"
NA,"World","Stimulant, spice and aromatic crops","Production","t",2010,19534062.6,"Tea leaves","no"
NA,"World","Stimulant, spice and aromatic crops","Production","t",2011,20550419.23,"Tea leaves","no"
NA,"World","Stimulant, spice and aromatic crops","Production","t",2012,21478213.02,"Tea leaves","no"
NA,"World","Stimulant, spice and aromatic crops","Production","t",2013,22718603.81,"Tea leaves","no"
NA,"World","Stimulant, spice and aromatic crops","Production","t",2014,23729298.46,"Tea leaves","no"
NA,"World","Stimulant, spice and aromatic crops","Production","t",2015,24492528.81,"Tea leaves","no"
NA,"World","Stimulant, spice and aromatic crops","Production","t",2016,24906617.39,"Tea leaves","no"
NA,"World","Stimulant, spice and aromatic crops","Production","t",2017,25864667.92,"Tea leaves","no"
NA,"World","Stimulant, spice and aromatic crops","Production","t",2018,27080361.54,"Tea leaves","no"
NA,"World","Stimulant, spice and aromatic crops","Production","t",2019,27722102.1,"Tea leaves","no"
NA,"World","Stimulant, spice and aromatic crops","Production","t",2020,29078980.97,"Tea leaves","no"
NA,"World","Stimulant, spice and aromatic crops","Production","t",2021,30466355.36,"Tea leaves","no"
NA,"World","Stimulant, spice and aromatic crops","Production","t",2022,30889824.54,"Tea leaves","no"
NA,"World","Stimulant, spice and aromatic crops","Production","t",2023,32182787.8,"Tea leaves","no"
NA,"World","Vegetables","Area harvested","ha",1992,2875965,"Tomatoes","no"
NA,"World","Vegetables","Area harvested","ha",1993,2977694,"Tomatoes","no"
NA,"World","Vegetables","Area harvested","ha",1994,3115546,"Tomatoes","no"
NA,"World","Vegetables","Area harvested","ha",1995,3243810,"Tomatoes","no"
NA,"World","Vegetables","Area harvested","ha",1996,3400819,"Tomatoes","no"
NA,"World","Vegetables","Area harvested","ha",1997,3405922,"Tomatoes","no"
NA,"World","Vegetables","Area harvested","ha",1998,3657041,"Tomatoes","no"
NA,"World","Vegetables","Area harvested","ha",1999,3978608,"Tomatoes","no"
NA,"World","Vegetables","Area harvested","ha",2000,3852936,"Tomatoes","no"
NA,"World","Vegetables","Area harvested","ha",2001,3821269,"Tomatoes","no"
NA,"World","Vegetables","Area harvested","ha",2002,3947603,"Tomatoes","no"
NA,"World","Vegetables","Area harvested","ha",2003,4015337,"Tomatoes","no"
NA,"World","Vegetables","Area harvested","ha",2004,4172242,"Tomatoes","no"
NA,"World","Vegetables","Area harvested","ha",2005,4194975,"Tomatoes","no"
NA,"World","Vegetables","Area harvested","ha",2006,4180470,"Tomatoes","no"
NA,"World","Vegetables","Area harvested","ha",2007,4250653,"Tomatoes","no"
NA,"World","Vegetables","Area harvested","ha",2008,4254423,"Tomatoes","no"
NA,"World","Vegetables","Area harvested","ha",2009,4455599,"Tomatoes","no"
NA,"World","Vegetables","Area harvested","ha",2010,4470949,"Tomatoes","no"
NA,"World","Vegetables","Area harvested","ha",2011,4630226,"Tomatoes","no"
NA,"World","Vegetables","Area harvested","ha",2012,4856456,"Tomatoes","no"
NA,"World","Vegetables","Area harvested","ha",2013,4907247,"Tomatoes","no"
NA,"World","Vegetables","Area harvested","ha",2014,4983277,"Tomatoes","no"
NA,"World","Vegetables","Area harvested","ha",2015,4890182,"Tomatoes","no"
NA,"World","Vegetables","Area harvested","ha",2016,4926829,"Tomatoes","no"
NA,"World","Vegetables","Area harvested","ha",2017,4911825,"Tomatoes","no"
NA,"World","Vegetables","Area harvested","ha",2018,5032690,"Tomatoes","no"
NA,"World","Vegetables","Area harvested","ha",2019,5084138,"Tomatoes","no"
NA,"World","Vegetables","Area harvested","ha",2020,5093581,"Tomatoes","no"
NA,"World","Vegetables","Area harvested","ha",2021,5197689,"Tomatoes","no"
NA,"World","Vegetables","Area harvested","ha",2022,5244101,"Tomatoes","no"
NA,"World","Vegetables","Area harvested","ha",2023,5412458,"Tomatoes","no"
NA,"World","Vegetables","Yield","kg/ha",1992,25638.2,"Tomatoes","no"
NA,"World","Vegetables","Yield","kg/ha",1993,25884.5,"Tomatoes","no"
NA,"World","Vegetables","Yield","kg/ha",1994,26474.6,"Tomatoes","no"
NA,"World","Vegetables","Yield","kg/ha",1995,26677.2,"Tomatoes","no"
NA,"World","Vegetables","Yield","kg/ha",1996,27271.2,"Tomatoes","no"
NA,"World","Vegetables","Yield","kg/ha",1997,26229.2,"Tomatoes","no"
NA,"World","Vegetables","Yield","kg/ha",1998,26027.3,"Tomatoes","no"
NA,"World","Vegetables","Yield","kg/ha",1999,27421.3,"Tomatoes","no"
NA,"World","Vegetables","Yield","kg/ha",2000,28406.5,"Tomatoes","no"
NA,"World","Vegetables","Yield","kg/ha",2001,27985,"Tomatoes","no"
NA,"World","Vegetables","Yield","kg/ha",2002,29390.6,"Tomatoes","no"
NA,"World","Vegetables","Yield","kg/ha",2003,29518.9,"Tomatoes","no"
NA,"World","Vegetables","Yield","kg/ha",2004,30523,"Tomatoes","no"
NA,"World","Vegetables","Yield","kg/ha",2005,30692.2,"Tomatoes","no"
NA,"World","Vegetables","Yield","kg/ha",2006,31308.7,"Tomatoes","no"
NA,"World","Vegetables","Yield","kg/ha",2007,32374.6,"Tomatoes","no"
NA,"World","Vegetables","Yield","kg/ha",2008,33417.7,"Tomatoes","no"
NA,"World","Vegetables","Yield","kg/ha",2009,34987.1,"Tomatoes","no"
NA,"World","Vegetables","Yield","kg/ha",2010,34442,"Tomatoes","no"
NA,"World","Vegetables","Yield","kg/ha",2011,34627.7,"Tomatoes","no"
NA,"World","Vegetables","Yield","kg/ha",2012,33797.9,"Tomatoes","no"
NA,"World","Vegetables","Yield","kg/ha",2013,33888.3,"Tomatoes","no"
NA,"World","Vegetables","Yield","kg/ha",2014,35281.9,"Tomatoes","no"
NA,"World","Vegetables","Yield","kg/ha",2015,36365.9,"Tomatoes","no"
NA,"World","Vegetables","Yield","kg/ha",2016,36281.4,"Tomatoes","no"
NA,"World","Vegetables","Yield","kg/ha",2017,36610.5,"Tomatoes","no"
NA,"World","Vegetables","Yield","kg/ha",2018,36164.1,"Tomatoes","no"
NA,"World","Vegetables","Yield","kg/ha",2019,35772.5,"Tomatoes","no"
NA,"World","Vegetables","Yield","kg/ha",2020,36623.1,"Tomatoes","no"
NA,"World","Vegetables","Yield","kg/ha",2021,36598.2,"Tomatoes","no"
NA,"World","Vegetables","Yield","kg/ha",2022,35588.3,"Tomatoes","no"
NA,"World","Vegetables","Yield","kg/ha",2023,35532.5,"Tomatoes","no"
NA,"World","Vegetables","Production","t",1992,73734637.56,"Tomatoes","no"
NA,"World","Vegetables","Production","t",1993,77076013.76,"Tomatoes","no"
NA,"World","Vegetables","Production","t",1994,82482695,"Tomatoes","no"
NA,"World","Vegetables","Production","t",1995,86535897.04,"Tomatoes","no"
NA,"World","Vegetables","Production","t",1996,92744484.07,"Tomatoes","no"
NA,"World","Vegetables","Production","t",1997,89334688.22,"Tomatoes","no"
NA,"World","Vegetables","Production","t",1998,95182895.65,"Tomatoes","no"
NA,"World","Vegetables","Production","t",1999,109098495.89,"Tomatoes","no"
NA,"World","Vegetables","Production","t",2000,109448564.69,"Tomatoes","no"
NA,"World","Vegetables","Production","t",2001,106938294.62,"Tomatoes","no"
NA,"World","Vegetables","Production","t",2002,116022494.78,"Tomatoes","no"
NA,"World","Vegetables","Production","t",2003,118528391.44,"Tomatoes","no"
NA,"World","Vegetables","Production","t",2004,127349235.79,"Tomatoes","no"
NA,"World","Vegetables","Production","t",2005,128753209.69,"Tomatoes","no"
NA,"World","Vegetables","Production","t",2006,130885213.36,"Tomatoes","no"
NA,"World","Vegetables","Production","t",2007,137613014.39,"Tomatoes","no"
NA,"World","Vegetables","Production","t",2008,142173090.01,"Tomatoes","no"
NA,"World","Vegetables","Production","t",2009,155888604.85,"Tomatoes","no"
NA,"World","Vegetables","Production","t",2010,153988386.81,"Tomatoes","no"
NA,"World","Vegetables","Production","t",2011,160333903.94,"Tomatoes","no"
NA,"World","Vegetables","Production","t",2012,164137961.26,"Tomatoes","no"
NA,"World","Vegetables","Production","t",2013,166298104.44,"Tomatoes","no"
NA,"World","Vegetables","Production","t",2014,175819640.55,"Tomatoes","no"
NA,"World","Vegetables","Production","t",2015,177835841.96,"Tomatoes","no"
NA,"World","Vegetables","Production","t",2016,178752348.23,"Tomatoes","no"
NA,"World","Vegetables","Production","t",2017,179824211.31,"Tomatoes","no"
NA,"World","Vegetables","Production","t",2018,182002890.7,"Tomatoes","no"
NA,"World","Vegetables","Production","t",2019,181872175.17,"Tomatoes","no"
NA,"World","Vegetables","Production","t",2020,186542571.08,"Tomatoes","no"
NA,"World","Vegetables","Production","t",2021,190226270.97,"Tomatoes","no"
NA,"World","Vegetables","Production","t",2022,186628501.06,"Tomatoes","no"
NA,"World","Vegetables","Production","t",2023,192317973.01,"Tomatoes","no"
NA,"World","Cereals","Area harvested","ha",1992,1359049,"Triticale","no"
NA,"World","Cereals","Area harvested","ha",1993,1461085,"Triticale","no"
NA,"World","Cereals","Area harvested","ha",1994,1427635,"Triticale","no"
NA,"World","Cereals","Area harvested","ha",1995,1623019,"Triticale","no"
NA,"World","Cereals","Area harvested","ha",1996,1976502,"Triticale","no"
NA,"World","Cereals","Area harvested","ha",1997,2184749,"Triticale","no"
NA,"World","Cereals","Area harvested","ha",1998,2167538,"Triticale","no"
NA,"World","Cereals","Area harvested","ha",1999,2265336,"Triticale","no"
NA,"World","Cereals","Area harvested","ha",2000,2466982,"Triticale","no"
NA,"World","Cereals","Area harvested","ha",2001,2844011,"Triticale","no"
NA,"World","Cereals","Area harvested","ha",2002,3245012,"Triticale","no"
NA,"World","Cereals","Area harvested","ha",2003,3400696,"Triticale","no"
NA,"World","Cereals","Area harvested","ha",2004,3627073,"Triticale","no"
NA,"World","Cereals","Area harvested","ha",2005,3826919,"Triticale","no"
NA,"World","Cereals","Area harvested","ha",2006,3661956,"Triticale","no"
NA,"World","Cereals","Area harvested","ha",2007,3723223,"Triticale","no"
NA,"World","Cereals","Area harvested","ha",2008,3888937,"Triticale","no"
NA,"World","Cereals","Area harvested","ha",2009,4307389,"Triticale","no"
NA,"World","Cereals","Area harvested","ha",2010,4003309,"Triticale","no"
NA,"World","Cereals","Area harvested","ha",2011,3847360,"Triticale","no"
NA,"World","Cereals","Area harvested","ha",2012,3638967,"Triticale","no"
NA,"World","Cereals","Area harvested","ha",2013,3807092,"Triticale","no"
NA,"World","Cereals","Area harvested","ha",2014,4123227,"Triticale","no"
NA,"World","Cereals","Area harvested","ha",2015,4270157,"Triticale","no"
NA,"World","Cereals","Area harvested","ha",2016,4076531,"Triticale","no"
NA,"World","Cereals","Area harvested","ha",2017,3853505,"Triticale","no"
NA,"World","Cereals","Area harvested","ha",2018,3632692,"Triticale","no"
NA,"World","Cereals","Area harvested","ha",2019,3808355,"Triticale","no"
NA,"World","Cereals","Area harvested","ha",2020,3824756,"Triticale","no"
NA,"World","Cereals","Area harvested","ha",2021,3693430,"Triticale","no"
NA,"World","Cereals","Area harvested","ha",2022,3592521,"Triticale","no"
NA,"World","Cereals","Area harvested","ha",2023,3598676,"Triticale","no"
NA,"World","Cereals","Yield","kg/ha",1992,3170.3,"Triticale","no"
NA,"World","Cereals","Yield","kg/ha",1993,3418,"Triticale","no"
NA,"World","Cereals","Yield","kg/ha",1994,3389.9,"Triticale","no"
NA,"World","Cereals","Yield","kg/ha",1995,3639.5,"Triticale","no"
NA,"World","Cereals","Yield","kg/ha",1996,3664.6,"Triticale","no"
NA,"World","Cereals","Yield","kg/ha",1997,3650.1,"Triticale","no"
NA,"World","Cereals","Yield","kg/ha",1998,4013.9,"Triticale","no"
NA,"World","Cereals","Yield","kg/ha",1999,3644.2,"Triticale","no"
NA,"World","Cereals","Yield","kg/ha",2000,3662.1,"Triticale","no"
NA,"World","Cereals","Yield","kg/ha",2001,3806.4,"Triticale","no"
NA,"World","Cereals","Yield","kg/ha",2002,3686.6,"Triticale","no"
NA,"World","Cereals","Yield","kg/ha",2003,3093.2,"Triticale","no"
NA,"World","Cereals","Yield","kg/ha",2004,3925.9,"Triticale","no"
NA,"World","Cereals","Yield","kg/ha",2005,3478.4,"Triticale","no"
NA,"World","Cereals","Yield","kg/ha",2006,3219.6,"Triticale","no"
NA,"World","Cereals","Yield","kg/ha",2007,3255.8,"Triticale","no"
NA,"World","Cereals","Yield","kg/ha",2008,3661.4,"Triticale","no"
NA,"World","Cereals","Yield","kg/ha",2009,3636.4,"Triticale","no"
NA,"World","Cereals","Yield","kg/ha",2010,3431.9,"Triticale","no"
NA,"World","Cereals","Yield","kg/ha",2011,3523.4,"Triticale","no"
NA,"World","Cereals","Yield","kg/ha",2012,3751.2,"Triticale","no"
NA,"World","Cereals","Yield","kg/ha",2013,3798.8,"Triticale","no"
NA,"World","Cereals","Yield","kg/ha",2014,4118.4,"Triticale","no"
NA,"World","Cereals","Yield","kg/ha",2015,3828.5,"Triticale","no"
NA,"World","Cereals","Yield","kg/ha",2016,3737.8,"Triticale","no"
NA,"World","Cereals","Yield","kg/ha",2017,3881,"Triticale","no"
NA,"World","Cereals","Yield","kg/ha",2018,3396.1,"Triticale","no"
NA,"World","Cereals","Yield","kg/ha",2019,3690.4,"Triticale","no"
NA,"World","Cereals","Yield","kg/ha",2020,4019.9,"Triticale","no"
NA,"World","Cereals","Yield","kg/ha",2021,3839.7,"Triticale","no"
NA,"World","Cereals","Yield","kg/ha",2022,3915.5,"Triticale","no"
NA,"World","Cereals","Yield","kg/ha",2023,3835.7,"Triticale","no"
NA,"World","Cereals","Production","t",1992,4308564.2,"Triticale","no"
NA,"World","Cereals","Production","t",1993,4994060.78,"Triticale","no"
NA,"World","Cereals","Production","t",1994,4839584.9,"Triticale","no"
NA,"World","Cereals","Production","t",1995,5906971.77,"Triticale","no"
NA,"World","Cereals","Production","t",1996,7243084.1,"Triticale","no"
NA,"World","Cereals","Production","t",1997,7974532.1,"Triticale","no"
NA,"World","Cereals","Production","t",1998,8700242.2,"Triticale","no"
NA,"World","Cereals","Production","t",1999,8255408.4,"Triticale","no"
NA,"World","Cereals","Production","t",2000,9034411.75,"Triticale","no"
NA,"World","Cereals","Production","t",2001,10825345.5,"Triticale","no"
NA,"World","Cereals","Production","t",2002,11962946,"Triticale","no"
NA,"World","Cereals","Production","t",2003,10518878.5,"Triticale","no"
NA,"World","Cereals","Production","t",2004,14239438.6,"Triticale","no"
NA,"World","Cereals","Production","t",2005,13311486.62,"Triticale","no"
NA,"World","Cereals","Production","t",2006,11789877.94,"Triticale","no"
NA,"World","Cereals","Production","t",2007,12121982,"Triticale","no"
NA,"World","Cereals","Production","t",2008,14239011.03,"Triticale","no"
NA,"World","Cereals","Production","t",2009,15663363,"Triticale","no"
NA,"World","Cereals","Production","t",2010,13739080.84,"Triticale","no"
NA,"World","Cereals","Production","t",2011,13555674.2,"Triticale","no"
NA,"World","Cereals","Production","t",2012,13650452.61,"Triticale","no"
NA,"World","Cereals","Production","t",2013,14462373.17,"Triticale","no"
NA,"World","Cereals","Production","t",2014,16981046.12,"Triticale","no"
NA,"World","Cereals","Production","t",2015,16348236.3,"Triticale","no"
NA,"World","Cereals","Production","t",2016,15237228.03,"Triticale","no"
NA,"World","Cereals","Production","t",2017,14955607.47,"Triticale","no"
NA,"World","Cereals","Production","t",2018,12336984.61,"Triticale","no"
NA,"World","Cereals","Production","t",2019,14054394.56,"Triticale","no"
NA,"World","Cereals","Production","t",2020,15375167.32,"Triticale","no"
NA,"World","Cereals","Production","t",2021,14181485.35,"Triticale","no"
NA,"World","Cereals","Production","t",2022,14066502.65,"Triticale","no"
NA,"World","Cereals","Production","t",2023,13803611.73,"Triticale","no"
NA,"World","Forage products; fibre crops; plants used in perfumery, pharmacy, or for insecticidal, fungicidal or similar purposes; beet, forage plant and flower seeds; natural rubber; living plants, cut flowers and flower buds; unmanufactured tobacco; other raw vegetable materials","Area harvested","ha",1992,97569,"True hemp, raw or retted","no"
NA,"World","Forage products; fibre crops; plants used in perfumery, pharmacy, or for insecticidal, fungicidal or similar purposes; beet, forage plant and flower seeds; natural rubber; living plants, cut flowers and flower buds; unmanufactured tobacco; other raw vegetable materials","Area harvested","ha",1993,84265,"True hemp, raw or retted","no"
NA,"World","Forage products; fibre crops; plants used in perfumery, pharmacy, or for insecticidal, fungicidal or similar purposes; beet, forage plant and flower seeds; natural rubber; living plants, cut flowers and flower buds; unmanufactured tobacco; other raw vegetable materials","Area harvested","ha",1994,67117,"True hemp, raw or retted","no"
NA,"World","Forage products; fibre crops; plants used in perfumery, pharmacy, or for insecticidal, fungicidal or similar purposes; beet, forage plant and flower seeds; natural rubber; living plants, cut flowers and flower buds; unmanufactured tobacco; other raw vegetable materials","Area harvested","ha",1995,59924,"True hemp, raw or retted","no"
NA,"World","Forage products; fibre crops; plants used in perfumery, pharmacy, or for insecticidal, fungicidal or similar purposes; beet, forage plant and flower seeds; natural rubber; living plants, cut flowers and flower buds; unmanufactured tobacco; other raw vegetable materials","Area harvested","ha",1996,65968,"True hemp, raw or retted","no"
NA,"World","Forage products; fibre crops; plants used in perfumery, pharmacy, or for insecticidal, fungicidal or similar purposes; beet, forage plant and flower seeds; natural rubber; living plants, cut flowers and flower buds; unmanufactured tobacco; other raw vegetable materials","Area harvested","ha",1997,69722,"True hemp, raw or retted","no"
NA,"World","Forage products; fibre crops; plants used in perfumery, pharmacy, or for insecticidal, fungicidal or similar purposes; beet, forage plant and flower seeds; natural rubber; living plants, cut flowers and flower buds; unmanufactured tobacco; other raw vegetable materials","Area harvested","ha",1998,74281,"True hemp, raw or retted","no"
NA,"World","Forage products; fibre crops; plants used in perfumery, pharmacy, or for insecticidal, fungicidal or similar purposes; beet, forage plant and flower seeds; natural rubber; living plants, cut flowers and flower buds; unmanufactured tobacco; other raw vegetable materials","Area harvested","ha",1999,69356,"True hemp, raw or retted","no"
NA,"World","Forage products; fibre crops; plants used in perfumery, pharmacy, or for insecticidal, fungicidal or similar purposes; beet, forage plant and flower seeds; natural rubber; living plants, cut flowers and flower buds; unmanufactured tobacco; other raw vegetable materials","Area harvested","ha",2000,70427,"True hemp, raw or retted","no"
NA,"World","Forage products; fibre crops; plants used in perfumery, pharmacy, or for insecticidal, fungicidal or similar purposes; beet, forage plant and flower seeds; natural rubber; living plants, cut flowers and flower buds; unmanufactured tobacco; other raw vegetable materials","Area harvested","ha",2001,62300,"True hemp, raw or retted","no"
NA,"World","Forage products; fibre crops; plants used in perfumery, pharmacy, or for insecticidal, fungicidal or similar purposes; beet, forage plant and flower seeds; natural rubber; living plants, cut flowers and flower buds; unmanufactured tobacco; other raw vegetable materials","Area harvested","ha",2002,59193,"True hemp, raw or retted","no"
NA,"World","Forage products; fibre crops; plants used in perfumery, pharmacy, or for insecticidal, fungicidal or similar purposes; beet, forage plant and flower seeds; natural rubber; living plants, cut flowers and flower buds; unmanufactured tobacco; other raw vegetable materials","Area harvested","ha",2003,53088,"True hemp, raw or retted","no"
NA,"World","Forage products; fibre crops; plants used in perfumery, pharmacy, or for insecticidal, fungicidal or similar purposes; beet, forage plant and flower seeds; natural rubber; living plants, cut flowers and flower buds; unmanufactured tobacco; other raw vegetable materials","Area harvested","ha",2004,62262,"True hemp, raw or retted","no"
NA,"World","Forage products; fibre crops; plants used in perfumery, pharmacy, or for insecticidal, fungicidal or similar purposes; beet, forage plant and flower seeds; natural rubber; living plants, cut flowers and flower buds; unmanufactured tobacco; other raw vegetable materials","Area harvested","ha",2005,54029,"True hemp, raw or retted","no"
NA,"World","Forage products; fibre crops; plants used in perfumery, pharmacy, or for insecticidal, fungicidal or similar purposes; beet, forage plant and flower seeds; natural rubber; living plants, cut flowers and flower buds; unmanufactured tobacco; other raw vegetable materials","Area harvested","ha",2006,60598,"True hemp, raw or retted","no"
NA,"World","Forage products; fibre crops; plants used in perfumery, pharmacy, or for insecticidal, fungicidal or similar purposes; beet, forage plant and flower seeds; natural rubber; living plants, cut flowers and flower buds; unmanufactured tobacco; other raw vegetable materials","Area harvested","ha",2007,58495,"True hemp, raw or retted","no"
NA,"World","Forage products; fibre crops; plants used in perfumery, pharmacy, or for insecticidal, fungicidal or similar purposes; beet, forage plant and flower seeds; natural rubber; living plants, cut flowers and flower buds; unmanufactured tobacco; other raw vegetable materials","Area harvested","ha",2008,52347,"True hemp, raw or retted","no"
NA,"World","Forage products; fibre crops; plants used in perfumery, pharmacy, or for insecticidal, fungicidal or similar purposes; beet, forage plant and flower seeds; natural rubber; living plants, cut flowers and flower buds; unmanufactured tobacco; other raw vegetable materials","Area harvested","ha",2009,51369,"True hemp, raw or retted","no"
NA,"World","Forage products; fibre crops; plants used in perfumery, pharmacy, or for insecticidal, fungicidal or similar purposes; beet, forage plant and flower seeds; natural rubber; living plants, cut flowers and flower buds; unmanufactured tobacco; other raw vegetable materials","Area harvested","ha",2010,45692,"True hemp, raw or retted","no"
NA,"World","Forage products; fibre crops; plants used in perfumery, pharmacy, or for insecticidal, fungicidal or similar purposes; beet, forage plant and flower seeds; natural rubber; living plants, cut flowers and flower buds; unmanufactured tobacco; other raw vegetable materials","Area harvested","ha",2011,45250,"True hemp, raw or retted","no"
NA,"World","Forage products; fibre crops; plants used in perfumery, pharmacy, or for insecticidal, fungicidal or similar purposes; beet, forage plant and flower seeds; natural rubber; living plants, cut flowers and flower buds; unmanufactured tobacco; other raw vegetable materials","Area harvested","ha",2012,50054,"True hemp, raw or retted","no"
NA,"World","Forage products; fibre crops; plants used in perfumery, pharmacy, or for insecticidal, fungicidal or similar purposes; beet, forage plant and flower seeds; natural rubber; living plants, cut flowers and flower buds; unmanufactured tobacco; other raw vegetable materials","Area harvested","ha",2013,50649,"True hemp, raw or retted","no"
NA,"World","Forage products; fibre crops; plants used in perfumery, pharmacy, or for insecticidal, fungicidal or similar purposes; beet, forage plant and flower seeds; natural rubber; living plants, cut flowers and flower buds; unmanufactured tobacco; other raw vegetable materials","Area harvested","ha",2014,53034,"True hemp, raw or retted","no"
NA,"World","Forage products; fibre crops; plants used in perfumery, pharmacy, or for insecticidal, fungicidal or similar purposes; beet, forage plant and flower seeds; natural rubber; living plants, cut flowers and flower buds; unmanufactured tobacco; other raw vegetable materials","Area harvested","ha",2015,52325,"True hemp, raw or retted","no"
NA,"World","Forage products; fibre crops; plants used in perfumery, pharmacy, or for insecticidal, fungicidal or similar purposes; beet, forage plant and flower seeds; natural rubber; living plants, cut flowers and flower buds; unmanufactured tobacco; other raw vegetable materials","Area harvested","ha",2016,63531,"True hemp, raw or retted","no"
NA,"World","Forage products; fibre crops; plants used in perfumery, pharmacy, or for insecticidal, fungicidal or similar purposes; beet, forage plant and flower seeds; natural rubber; living plants, cut flowers and flower buds; unmanufactured tobacco; other raw vegetable materials","Area harvested","ha",2017,76192,"True hemp, raw or retted","no"
NA,"World","Forage products; fibre crops; plants used in perfumery, pharmacy, or for insecticidal, fungicidal or similar purposes; beet, forage plant and flower seeds; natural rubber; living plants, cut flowers and flower buds; unmanufactured tobacco; other raw vegetable materials","Area harvested","ha",2018,74898,"True hemp, raw or retted","no"
NA,"World","Forage products; fibre crops; plants used in perfumery, pharmacy, or for insecticidal, fungicidal or similar purposes; beet, forage plant and flower seeds; natural rubber; living plants, cut flowers and flower buds; unmanufactured tobacco; other raw vegetable materials","Area harvested","ha",2019,84195,"True hemp, raw or retted","no"
NA,"World","Forage products; fibre crops; plants used in perfumery, pharmacy, or for insecticidal, fungicidal or similar purposes; beet, forage plant and flower seeds; natural rubber; living plants, cut flowers and flower buds; unmanufactured tobacco; other raw vegetable materials","Area harvested","ha",2020,85660,"True hemp, raw or retted","no"
NA,"World","Forage products; fibre crops; plants used in perfumery, pharmacy, or for insecticidal, fungicidal or similar purposes; beet, forage plant and flower seeds; natural rubber; living plants, cut flowers and flower buds; unmanufactured tobacco; other raw vegetable materials","Area harvested","ha",2021,87424,"True hemp, raw or retted","no"
NA,"World","Forage products; fibre crops; plants used in perfumery, pharmacy, or for insecticidal, fungicidal or similar purposes; beet, forage plant and flower seeds; natural rubber; living plants, cut flowers and flower buds; unmanufactured tobacco; other raw vegetable materials","Area harvested","ha",2022,86908,"True hemp, raw or retted","no"
NA,"World","Forage products; fibre crops; plants used in perfumery, pharmacy, or for insecticidal, fungicidal or similar purposes; beet, forage plant and flower seeds; natural rubber; living plants, cut flowers and flower buds; unmanufactured tobacco; other raw vegetable materials","Area harvested","ha",2023,85599,"True hemp, raw or retted","no"
NA,"World","Forage products; fibre crops; plants used in perfumery, pharmacy, or for insecticidal, fungicidal or similar purposes; beet, forage plant and flower seeds; natural rubber; living plants, cut flowers and flower buds; unmanufactured tobacco; other raw vegetable materials","Yield","kg/ha",1992,1069,"True hemp, raw or retted","no"
NA,"World","Forage products; fibre crops; plants used in perfumery, pharmacy, or for insecticidal, fungicidal or similar purposes; beet, forage plant and flower seeds; natural rubber; living plants, cut flowers and flower buds; unmanufactured tobacco; other raw vegetable materials","Yield","kg/ha",1993,1280.1,"True hemp, raw or retted","no"
NA,"World","Forage products; fibre crops; plants used in perfumery, pharmacy, or for insecticidal, fungicidal or similar purposes; beet, forage plant and flower seeds; natural rubber; living plants, cut flowers and flower buds; unmanufactured tobacco; other raw vegetable materials","Yield","kg/ha",1994,1403.8,"True hemp, raw or retted","no"
NA,"World","Forage products; fibre crops; plants used in perfumery, pharmacy, or for insecticidal, fungicidal or similar purposes; beet, forage plant and flower seeds; natural rubber; living plants, cut flowers and flower buds; unmanufactured tobacco; other raw vegetable materials","Yield","kg/ha",1995,1559.2,"True hemp, raw or retted","no"
NA,"World","Forage products; fibre crops; plants used in perfumery, pharmacy, or for insecticidal, fungicidal or similar purposes; beet, forage plant and flower seeds; natural rubber; living plants, cut flowers and flower buds; unmanufactured tobacco; other raw vegetable materials","Yield","kg/ha",1996,1580.5,"True hemp, raw or retted","no"
NA,"World","Forage products; fibre crops; plants used in perfumery, pharmacy, or for insecticidal, fungicidal or similar purposes; beet, forage plant and flower seeds; natural rubber; living plants, cut flowers and flower buds; unmanufactured tobacco; other raw vegetable materials","Yield","kg/ha",1997,2132.6,"True hemp, raw or retted","no"
NA,"World","Forage products; fibre crops; plants used in perfumery, pharmacy, or for insecticidal, fungicidal or similar purposes; beet, forage plant and flower seeds; natural rubber; living plants, cut flowers and flower buds; unmanufactured tobacco; other raw vegetable materials","Yield","kg/ha",1998,1777.5,"True hemp, raw or retted","no"
NA,"World","Forage products; fibre crops; plants used in perfumery, pharmacy, or for insecticidal, fungicidal or similar purposes; beet, forage plant and flower seeds; natural rubber; living plants, cut flowers and flower buds; unmanufactured tobacco; other raw vegetable materials","Yield","kg/ha",1999,1943.9,"True hemp, raw or retted","no"
NA,"World","Forage products; fibre crops; plants used in perfumery, pharmacy, or for insecticidal, fungicidal or similar purposes; beet, forage plant and flower seeds; natural rubber; living plants, cut flowers and flower buds; unmanufactured tobacco; other raw vegetable materials","Yield","kg/ha",2000,1603.5,"True hemp, raw or retted","no"
NA,"World","Forage products; fibre crops; plants used in perfumery, pharmacy, or for insecticidal, fungicidal or similar purposes; beet, forage plant and flower seeds; natural rubber; living plants, cut flowers and flower buds; unmanufactured tobacco; other raw vegetable materials","Yield","kg/ha",2001,1664.9,"True hemp, raw or retted","no"
NA,"World","Forage products; fibre crops; plants used in perfumery, pharmacy, or for insecticidal, fungicidal or similar purposes; beet, forage plant and flower seeds; natural rubber; living plants, cut flowers and flower buds; unmanufactured tobacco; other raw vegetable materials","Yield","kg/ha",2002,2281.6,"True hemp, raw or retted","no"
NA,"World","Forage products; fibre crops; plants used in perfumery, pharmacy, or for insecticidal, fungicidal or similar purposes; beet, forage plant and flower seeds; natural rubber; living plants, cut flowers and flower buds; unmanufactured tobacco; other raw vegetable materials","Yield","kg/ha",2003,2661.3,"True hemp, raw or retted","no"
NA,"World","Forage products; fibre crops; plants used in perfumery, pharmacy, or for insecticidal, fungicidal or similar purposes; beet, forage plant and flower seeds; natural rubber; living plants, cut flowers and flower buds; unmanufactured tobacco; other raw vegetable materials","Yield","kg/ha",2004,2034.1,"True hemp, raw or retted","no"
NA,"World","Forage products; fibre crops; plants used in perfumery, pharmacy, or for insecticidal, fungicidal or similar purposes; beet, forage plant and flower seeds; natural rubber; living plants, cut flowers and flower buds; unmanufactured tobacco; other raw vegetable materials","Yield","kg/ha",2005,2614.9,"True hemp, raw or retted","no"
NA,"World","Forage products; fibre crops; plants used in perfumery, pharmacy, or for insecticidal, fungicidal or similar purposes; beet, forage plant and flower seeds; natural rubber; living plants, cut flowers and flower buds; unmanufactured tobacco; other raw vegetable materials","Yield","kg/ha",2006,2841.5,"True hemp, raw or retted","no"
NA,"World","Forage products; fibre crops; plants used in perfumery, pharmacy, or for insecticidal, fungicidal or similar purposes; beet, forage plant and flower seeds; natural rubber; living plants, cut flowers and flower buds; unmanufactured tobacco; other raw vegetable materials","Yield","kg/ha",2007,2613.4,"True hemp, raw or retted","no"
NA,"World","Forage products; fibre crops; plants used in perfumery, pharmacy, or for insecticidal, fungicidal or similar purposes; beet, forage plant and flower seeds; natural rubber; living plants, cut flowers and flower buds; unmanufactured tobacco; other raw vegetable materials","Yield","kg/ha",2008,2436.9,"True hemp, raw or retted","no"
NA,"World","Forage products; fibre crops; plants used in perfumery, pharmacy, or for insecticidal, fungicidal or similar purposes; beet, forage plant and flower seeds; natural rubber; living plants, cut flowers and flower buds; unmanufactured tobacco; other raw vegetable materials","Yield","kg/ha",2009,2640.8,"True hemp, raw or retted","no"
NA,"World","Forage products; fibre crops; plants used in perfumery, pharmacy, or for insecticidal, fungicidal or similar purposes; beet, forage plant and flower seeds; natural rubber; living plants, cut flowers and flower buds; unmanufactured tobacco; other raw vegetable materials","Yield","kg/ha",2010,2147.5,"True hemp, raw or retted","no"
NA,"World","Forage products; fibre crops; plants used in perfumery, pharmacy, or for insecticidal, fungicidal or similar purposes; beet, forage plant and flower seeds; natural rubber; living plants, cut flowers and flower buds; unmanufactured tobacco; other raw vegetable materials","Yield","kg/ha",2011,2134.6,"True hemp, raw or retted","no"
NA,"World","Forage products; fibre crops; plants used in perfumery, pharmacy, or for insecticidal, fungicidal or similar purposes; beet, forage plant and flower seeds; natural rubber; living plants, cut flowers and flower buds; unmanufactured tobacco; other raw vegetable materials","Yield","kg/ha",2012,2906.9,"True hemp, raw or retted","no"
NA,"World","Forage products; fibre crops; plants used in perfumery, pharmacy, or for insecticidal, fungicidal or similar purposes; beet, forage plant and flower seeds; natural rubber; living plants, cut flowers and flower buds; unmanufactured tobacco; other raw vegetable materials","Yield","kg/ha",2013,2528.5,"True hemp, raw or retted","no"
NA,"World","Forage products; fibre crops; plants used in perfumery, pharmacy, or for insecticidal, fungicidal or similar purposes; beet, forage plant and flower seeds; natural rubber; living plants, cut flowers and flower buds; unmanufactured tobacco; other raw vegetable materials","Yield","kg/ha",2014,1494.2,"True hemp, raw or retted","no"
NA,"World","Forage products; fibre crops; plants used in perfumery, pharmacy, or for insecticidal, fungicidal or similar purposes; beet, forage plant and flower seeds; natural rubber; living plants, cut flowers and flower buds; unmanufactured tobacco; other raw vegetable materials","Yield","kg/ha",2015,1442.8,"True hemp, raw or retted","no"
NA,"World","Forage products; fibre crops; plants used in perfumery, pharmacy, or for insecticidal, fungicidal or similar purposes; beet, forage plant and flower seeds; natural rubber; living plants, cut flowers and flower buds; unmanufactured tobacco; other raw vegetable materials","Yield","kg/ha",2016,1983.8,"True hemp, raw or retted","no"
NA,"World","Forage products; fibre crops; plants used in perfumery, pharmacy, or for insecticidal, fungicidal or similar purposes; beet, forage plant and flower seeds; natural rubber; living plants, cut flowers and flower buds; unmanufactured tobacco; other raw vegetable materials","Yield","kg/ha",2017,2326.9,"True hemp, raw or retted","no"
NA,"World","Forage products; fibre crops; plants used in perfumery, pharmacy, or for insecticidal, fungicidal or similar purposes; beet, forage plant and flower seeds; natural rubber; living plants, cut flowers and flower buds; unmanufactured tobacco; other raw vegetable materials","Yield","kg/ha",2018,2822.6,"True hemp, raw or retted","no"
NA,"World","Forage products; fibre crops; plants used in perfumery, pharmacy, or for insecticidal, fungicidal or similar purposes; beet, forage plant and flower seeds; natural rubber; living plants, cut flowers and flower buds; unmanufactured tobacco; other raw vegetable materials","Yield","kg/ha",2019,3097.4,"True hemp, raw or retted","no"
NA,"World","Forage products; fibre crops; plants used in perfumery, pharmacy, or for insecticidal, fungicidal or similar purposes; beet, forage plant and flower seeds; natural rubber; living plants, cut flowers and flower buds; unmanufactured tobacco; other raw vegetable materials","Yield","kg/ha",2020,3368.5,"True hemp, raw or retted","no"
NA,"World","Forage products; fibre crops; plants used in perfumery, pharmacy, or for insecticidal, fungicidal or similar purposes; beet, forage plant and flower seeds; natural rubber; living plants, cut flowers and flower buds; unmanufactured tobacco; other raw vegetable materials","Yield","kg/ha",2021,3823.5,"True hemp, raw or retted","no"
NA,"World","Forage products; fibre crops; plants used in perfumery, pharmacy, or for insecticidal, fungicidal or similar purposes; beet, forage plant and flower seeds; natural rubber; living plants, cut flowers and flower buds; unmanufactured tobacco; other raw vegetable materials","Yield","kg/ha",2022,3506.9,"True hemp, raw or retted","no"
NA,"World","Forage products; fibre crops; plants used in perfumery, pharmacy, or for insecticidal, fungicidal or similar purposes; beet, forage plant and flower seeds; natural rubber; living plants, cut flowers and flower buds; unmanufactured tobacco; other raw vegetable materials","Yield","kg/ha",2023,3675.6,"True hemp, raw or retted","no"
NA,"World","Forage products; fibre crops; plants used in perfumery, pharmacy, or for insecticidal, fungicidal or similar purposes; beet, forage plant and flower seeds; natural rubber; living plants, cut flowers and flower buds; unmanufactured tobacco; other raw vegetable materials","Production","t",1992,104300.6,"True hemp, raw or retted","no"
NA,"World","Forage products; fibre crops; plants used in perfumery, pharmacy, or for insecticidal, fungicidal or similar purposes; beet, forage plant and flower seeds; natural rubber; living plants, cut flowers and flower buds; unmanufactured tobacco; other raw vegetable materials","Production","t",1993,107865,"True hemp, raw or retted","no"
NA,"World","Forage products; fibre crops; plants used in perfumery, pharmacy, or for insecticidal, fungicidal or similar purposes; beet, forage plant and flower seeds; natural rubber; living plants, cut flowers and flower buds; unmanufactured tobacco; other raw vegetable materials","Production","t",1994,94216.5,"True hemp, raw or retted","no"
NA,"World","Forage products; fibre crops; plants used in perfumery, pharmacy, or for insecticidal, fungicidal or similar purposes; beet, forage plant and flower seeds; natural rubber; living plants, cut flowers and flower buds; unmanufactured tobacco; other raw vegetable materials","Production","t",1995,93431.1,"True hemp, raw or retted","no"
NA,"World","Forage products; fibre crops; plants used in perfumery, pharmacy, or for insecticidal, fungicidal or similar purposes; beet, forage plant and flower seeds; natural rubber; living plants, cut flowers and flower buds; unmanufactured tobacco; other raw vegetable materials","Production","t",1996,104264.1,"True hemp, raw or retted","no"
NA,"World","Forage products; fibre crops; plants used in perfumery, pharmacy, or for insecticidal, fungicidal or similar purposes; beet, forage plant and flower seeds; natural rubber; living plants, cut flowers and flower buds; unmanufactured tobacco; other raw vegetable materials","Production","t",1997,148692.29,"True hemp, raw or retted","no"
NA,"World","Forage products; fibre crops; plants used in perfumery, pharmacy, or for insecticidal, fungicidal or similar purposes; beet, forage plant and flower seeds; natural rubber; living plants, cut flowers and flower buds; unmanufactured tobacco; other raw vegetable materials","Production","t",1998,132032.33,"True hemp, raw or retted","no"
NA,"World","Forage products; fibre crops; plants used in perfumery, pharmacy, or for insecticidal, fungicidal or similar purposes; beet, forage plant and flower seeds; natural rubber; living plants, cut flowers and flower buds; unmanufactured tobacco; other raw vegetable materials","Production","t",1999,134818.03,"True hemp, raw or retted","no"
NA,"World","Forage products; fibre crops; plants used in perfumery, pharmacy, or for insecticidal, fungicidal or similar purposes; beet, forage plant and flower seeds; natural rubber; living plants, cut flowers and flower buds; unmanufactured tobacco; other raw vegetable materials","Production","t",2000,112931.12,"True hemp, raw or retted","no"
NA,"World","Forage products; fibre crops; plants used in perfumery, pharmacy, or for insecticidal, fungicidal or similar purposes; beet, forage plant and flower seeds; natural rubber; living plants, cut flowers and flower buds; unmanufactured tobacco; other raw vegetable materials","Production","t",2001,103724.74,"True hemp, raw or retted","no"
NA,"World","Forage products; fibre crops; plants used in perfumery, pharmacy, or for insecticidal, fungicidal or similar purposes; beet, forage plant and flower seeds; natural rubber; living plants, cut flowers and flower buds; unmanufactured tobacco; other raw vegetable materials","Production","t",2002,135057.31,"True hemp, raw or retted","no"
NA,"World","Forage products; fibre crops; plants used in perfumery, pharmacy, or for insecticidal, fungicidal or similar purposes; beet, forage plant and flower seeds; natural rubber; living plants, cut flowers and flower buds; unmanufactured tobacco; other raw vegetable materials","Production","t",2003,141282.01,"True hemp, raw or retted","no"
NA,"World","Forage products; fibre crops; plants used in perfumery, pharmacy, or for insecticidal, fungicidal or similar purposes; beet, forage plant and flower seeds; natural rubber; living plants, cut flowers and flower buds; unmanufactured tobacco; other raw vegetable materials","Production","t",2004,126646.4,"True hemp, raw or retted","no"
NA,"World","Forage products; fibre crops; plants used in perfumery, pharmacy, or for insecticidal, fungicidal or similar purposes; beet, forage plant and flower seeds; natural rubber; living plants, cut flowers and flower buds; unmanufactured tobacco; other raw vegetable materials","Production","t",2005,141277.79,"True hemp, raw or retted","no"
NA,"World","Forage products; fibre crops; plants used in perfumery, pharmacy, or for insecticidal, fungicidal or similar purposes; beet, forage plant and flower seeds; natural rubber; living plants, cut flowers and flower buds; unmanufactured tobacco; other raw vegetable materials","Production","t",2006,172185.68,"True hemp, raw or retted","no"
NA,"World","Forage products; fibre crops; plants used in perfumery, pharmacy, or for insecticidal, fungicidal or similar purposes; beet, forage plant and flower seeds; natural rubber; living plants, cut flowers and flower buds; unmanufactured tobacco; other raw vegetable materials","Production","t",2007,152873.07,"True hemp, raw or retted","no"
NA,"World","Forage products; fibre crops; plants used in perfumery, pharmacy, or for insecticidal, fungicidal or similar purposes; beet, forage plant and flower seeds; natural rubber; living plants, cut flowers and flower buds; unmanufactured tobacco; other raw vegetable materials","Production","t",2008,127562.15,"True hemp, raw or retted","no"
NA,"World","Forage products; fibre crops; plants used in perfumery, pharmacy, or for insecticidal, fungicidal or similar purposes; beet, forage plant and flower seeds; natural rubber; living plants, cut flowers and flower buds; unmanufactured tobacco; other raw vegetable materials","Production","t",2009,135656.54,"True hemp, raw or retted","no"
NA,"World","Forage products; fibre crops; plants used in perfumery, pharmacy, or for insecticidal, fungicidal or similar purposes; beet, forage plant and flower seeds; natural rubber; living plants, cut flowers and flower buds; unmanufactured tobacco; other raw vegetable materials","Production","t",2010,98124.96,"True hemp, raw or retted","no"
NA,"World","Forage products; fibre crops; plants used in perfumery, pharmacy, or for insecticidal, fungicidal or similar purposes; beet, forage plant and flower seeds; natural rubber; living plants, cut flowers and flower buds; unmanufactured tobacco; other raw vegetable materials","Production","t",2011,96589.05,"True hemp, raw or retted","no"
NA,"World","Forage products; fibre crops; plants used in perfumery, pharmacy, or for insecticidal, fungicidal or similar purposes; beet, forage plant and flower seeds; natural rubber; living plants, cut flowers and flower buds; unmanufactured tobacco; other raw vegetable materials","Production","t",2012,145505.1,"True hemp, raw or retted","no"
NA,"World","Forage products; fibre crops; plants used in perfumery, pharmacy, or for insecticidal, fungicidal or similar purposes; beet, forage plant and flower seeds; natural rubber; living plants, cut flowers and flower buds; unmanufactured tobacco; other raw vegetable materials","Production","t",2013,128065.45,"True hemp, raw or retted","no"
NA,"World","Forage products; fibre crops; plants used in perfumery, pharmacy, or for insecticidal, fungicidal or similar purposes; beet, forage plant and flower seeds; natural rubber; living plants, cut flowers and flower buds; unmanufactured tobacco; other raw vegetable materials","Production","t",2014,79243.52,"True hemp, raw or retted","no"
NA,"World","Forage products; fibre crops; plants used in perfumery, pharmacy, or for insecticidal, fungicidal or similar purposes; beet, forage plant and flower seeds; natural rubber; living plants, cut flowers and flower buds; unmanufactured tobacco; other raw vegetable materials","Production","t",2015,75495.54,"True hemp, raw or retted","no"
NA,"World","Forage products; fibre crops; plants used in perfumery, pharmacy, or for insecticidal, fungicidal or similar purposes; beet, forage plant and flower seeds; natural rubber; living plants, cut flowers and flower buds; unmanufactured tobacco; other raw vegetable materials","Production","t",2016,126033.93,"True hemp, raw or retted","no"
NA,"World","Forage products; fibre crops; plants used in perfumery, pharmacy, or for insecticidal, fungicidal or similar purposes; beet, forage plant and flower seeds; natural rubber; living plants, cut flowers and flower buds; unmanufactured tobacco; other raw vegetable materials","Production","t",2017,177292.08,"True hemp, raw or retted","no"
NA,"World","Forage products; fibre crops; plants used in perfumery, pharmacy, or for insecticidal, fungicidal or similar purposes; beet, forage plant and flower seeds; natural rubber; living plants, cut flowers and flower buds; unmanufactured tobacco; other raw vegetable materials","Production","t",2018,211403.35,"True hemp, raw or retted","no"
NA,"World","Forage products; fibre crops; plants used in perfumery, pharmacy, or for insecticidal, fungicidal or similar purposes; beet, forage plant and flower seeds; natural rubber; living plants, cut flowers and flower buds; unmanufactured tobacco; other raw vegetable materials","Production","t",2019,260782.42,"True hemp, raw or retted","no"
NA,"World","Forage products; fibre crops; plants used in perfumery, pharmacy, or for insecticidal, fungicidal or similar purposes; beet, forage plant and flower seeds; natural rubber; living plants, cut flowers and flower buds; unmanufactured tobacco; other raw vegetable materials","Production","t",2020,288540.84,"True hemp, raw or retted","no"
NA,"World","Forage products; fibre crops; plants used in perfumery, pharmacy, or for insecticidal, fungicidal or similar purposes; beet, forage plant and flower seeds; natural rubber; living plants, cut flowers and flower buds; unmanufactured tobacco; other raw vegetable materials","Production","t",2021,334260.06,"True hemp, raw or retted","no"
NA,"World","Forage products; fibre crops; plants used in perfumery, pharmacy, or for insecticidal, fungicidal or similar purposes; beet, forage plant and flower seeds; natural rubber; living plants, cut flowers and flower buds; unmanufactured tobacco; other raw vegetable materials","Production","t",2022,304774.42,"True hemp, raw or retted","no"
NA,"World","Forage products; fibre crops; plants used in perfumery, pharmacy, or for insecticidal, fungicidal or similar purposes; beet, forage plant and flower seeds; natural rubber; living plants, cut flowers and flower buds; unmanufactured tobacco; other raw vegetable materials","Production","t",2023,314630.65,"True hemp, raw or retted","no"
NA,"World","Oilseeds and oleaginous fruits","Area harvested","ha",1992,182239,"Tung nuts","no"
NA,"World","Oilseeds and oleaginous fruits","Area harvested","ha",1993,180124,"Tung nuts","no"
NA,"World","Oilseeds and oleaginous fruits","Area harvested","ha",1994,169389,"Tung nuts","no"
NA,"World","Oilseeds and oleaginous fruits","Area harvested","ha",1995,157139,"Tung nuts","no"
NA,"World","Oilseeds and oleaginous fruits","Area harvested","ha",1996,151999,"Tung nuts","no"
NA,"World","Oilseeds and oleaginous fruits","Area harvested","ha",1997,158397,"Tung nuts","no"
NA,"World","Oilseeds and oleaginous fruits","Area harvested","ha",1998,155296,"Tung nuts","no"
NA,"World","Oilseeds and oleaginous fruits","Area harvested","ha",1999,155153,"Tung nuts","no"
NA,"World","Oilseeds and oleaginous fruits","Area harvested","ha",2000,154527,"Tung nuts","no"
NA,"World","Oilseeds and oleaginous fruits","Area harvested","ha",2001,159397,"Tung nuts","no"
NA,"World","Oilseeds and oleaginous fruits","Area harvested","ha",2002,156581,"Tung nuts","no"
NA,"World","Oilseeds and oleaginous fruits","Area harvested","ha",2003,152202,"Tung nuts","no"
NA,"World","Oilseeds and oleaginous fruits","Area harvested","ha",2004,162403,"Tung nuts","no"
NA,"World","Oilseeds and oleaginous fruits","Area harvested","ha",2005,159434,"Tung nuts","no"
NA,"World","Oilseeds and oleaginous fruits","Area harvested","ha",2006,165101,"Tung nuts","no"
NA,"World","Oilseeds and oleaginous fruits","Area harvested","ha",2007,163374,"Tung nuts","no"
NA,"World","Oilseeds and oleaginous fruits","Area harvested","ha",2008,164585,"Tung nuts","no"
NA,"World","Oilseeds and oleaginous fruits","Area harvested","ha",2009,169235,"Tung nuts","no"
NA,"World","Oilseeds and oleaginous fruits","Area harvested","ha",2010,173106,"Tung nuts","no"
NA,"World","Oilseeds and oleaginous fruits","Area harvested","ha",2011,176298,"Tung nuts","no"
NA,"World","Oilseeds and oleaginous fruits","Area harvested","ha",2012,173228,"Tung nuts","no"
NA,"World","Oilseeds and oleaginous fruits","Area harvested","ha",2013,173293,"Tung nuts","no"
NA,"World","Oilseeds and oleaginous fruits","Area harvested","ha",2014,172915,"Tung nuts","no"
NA,"World","Oilseeds and oleaginous fruits","Area harvested","ha",2015,174191,"Tung nuts","no"
NA,"World","Oilseeds and oleaginous fruits","Area harvested","ha",2016,176059,"Tung nuts","no"
NA,"World","Oilseeds and oleaginous fruits","Area harvested","ha",2017,161530,"Tung nuts","no"
NA,"World","Oilseeds and oleaginous fruits","Area harvested","ha",2018,152013,"Tung nuts","no"
NA,"World","Oilseeds and oleaginous fruits","Area harvested","ha",2019,160325,"Tung nuts","no"
NA,"World","Oilseeds and oleaginous fruits","Area harvested","ha",2020,167079,"Tung nuts","no"
NA,"World","Oilseeds and oleaginous fruits","Area harvested","ha",2021,166707,"Tung nuts","no"
NA,"World","Oilseeds and oleaginous fruits","Area harvested","ha",2022,166754,"Tung nuts","no"
NA,"World","Oilseeds and oleaginous fruits","Area harvested","ha",2023,166908,"Tung nuts","no"
NA,"World","Oilseeds and oleaginous fruits","Yield","kg/ha",1992,2863.8,"Tung nuts","no"
NA,"World","Oilseeds and oleaginous fruits","Yield","kg/ha",1993,2889.4,"Tung nuts","no"
NA,"World","Oilseeds and oleaginous fruits","Yield","kg/ha",1994,2896.1,"Tung nuts","no"
NA,"World","Oilseeds and oleaginous fruits","Yield","kg/ha",1995,2924.6,"Tung nuts","no"
NA,"World","Oilseeds and oleaginous fruits","Yield","kg/ha",1996,3042.9,"Tung nuts","no"
NA,"World","Oilseeds and oleaginous fruits","Yield","kg/ha",1997,3354,"Tung nuts","no"
NA,"World","Oilseeds and oleaginous fruits","Yield","kg/ha",1998,3175.6,"Tung nuts","no"
NA,"World","Oilseeds and oleaginous fruits","Yield","kg/ha",1999,3257.2,"Tung nuts","no"
NA,"World","Oilseeds and oleaginous fruits","Yield","kg/ha",2000,3233.9,"Tung nuts","no"
NA,"World","Oilseeds and oleaginous fruits","Yield","kg/ha",2001,2942.9,"Tung nuts","no"
NA,"World","Oilseeds and oleaginous fruits","Yield","kg/ha",2002,2747.4,"Tung nuts","no"
NA,"World","Oilseeds and oleaginous fruits","Yield","kg/ha",2003,2725.1,"Tung nuts","no"
NA,"World","Oilseeds and oleaginous fruits","Yield","kg/ha",2004,2706.8,"Tung nuts","no"
NA,"World","Oilseeds and oleaginous fruits","Yield","kg/ha",2005,2696.1,"Tung nuts","no"
NA,"World","Oilseeds and oleaginous fruits","Yield","kg/ha",2006,2707,"Tung nuts","no"
NA,"World","Oilseeds and oleaginous fruits","Yield","kg/ha",2007,2580,"Tung nuts","no"
NA,"World","Oilseeds and oleaginous fruits","Yield","kg/ha",2008,2617.3,"Tung nuts","no"
NA,"World","Oilseeds and oleaginous fruits","Yield","kg/ha",2009,2533,"Tung nuts","no"
NA,"World","Oilseeds and oleaginous fruits","Yield","kg/ha",2010,2864.4,"Tung nuts","no"
NA,"World","Oilseeds and oleaginous fruits","Yield","kg/ha",2011,2839.6,"Tung nuts","no"
NA,"World","Oilseeds and oleaginous fruits","Yield","kg/ha",2012,2839.7,"Tung nuts","no"
NA,"World","Oilseeds and oleaginous fruits","Yield","kg/ha",2013,2789.3,"Tung nuts","no"
NA,"World","Oilseeds and oleaginous fruits","Yield","kg/ha",2014,2786.3,"Tung nuts","no"
NA,"World","Oilseeds and oleaginous fruits","Yield","kg/ha",2015,2749.5,"Tung nuts","no"
NA,"World","Oilseeds and oleaginous fruits","Yield","kg/ha",2016,2697.2,"Tung nuts","no"
NA,"World","Oilseeds and oleaginous fruits","Yield","kg/ha",2017,2703.9,"Tung nuts","no"
NA,"World","Oilseeds and oleaginous fruits","Yield","kg/ha",2018,2731.5,"Tung nuts","no"
NA,"World","Oilseeds and oleaginous fruits","Yield","kg/ha",2019,2724.6,"Tung nuts","no"
NA,"World","Oilseeds and oleaginous fruits","Yield","kg/ha",2020,2722.6,"Tung nuts","no"
NA,"World","Oilseeds and oleaginous fruits","Yield","kg/ha",2021,2729.3,"Tung nuts","no"
NA,"World","Oilseeds and oleaginous fruits","Yield","kg/ha",2022,2726.5,"Tung nuts","no"
NA,"World","Oilseeds and oleaginous fruits","Yield","kg/ha",2023,2719.6,"Tung nuts","no"
NA,"World","Oilseeds and oleaginous fruits","Production","t",1992,521900,"Tung nuts","no"
NA,"World","Oilseeds and oleaginous fruits","Production","t",1993,520443,"Tung nuts","no"
NA,"World","Oilseeds and oleaginous fruits","Production","t",1994,490566,"Tung nuts","no"
NA,"World","Oilseeds and oleaginous fruits","Production","t",1995,459562,"Tung nuts","no"
NA,"World","Oilseeds and oleaginous fruits","Production","t",1996,462524,"Tung nuts","no"
NA,"World","Oilseeds and oleaginous fruits","Production","t",1997,531264,"Tung nuts","no"
NA,"World","Oilseeds and oleaginous fruits","Production","t",1998,493156,"Tung nuts","no"
NA,"World","Oilseeds and oleaginous fruits","Production","t",1999,505369,"Tung nuts","no"
NA,"World","Oilseeds and oleaginous fruits","Production","t",2000,499722.97,"Tung nuts","no"
NA,"World","Oilseeds and oleaginous fruits","Production","t",2001,469093.9,"Tung nuts","no"
NA,"World","Oilseeds and oleaginous fruits","Production","t",2002,430184.41,"Tung nuts","no"
NA,"World","Oilseeds and oleaginous fruits","Production","t",2003,414761.27,"Tung nuts","no"
NA,"World","Oilseeds and oleaginous fruits","Production","t",2004,439597,"Tung nuts","no"
NA,"World","Oilseeds and oleaginous fruits","Production","t",2005,429851,"Tung nuts","no"
NA,"World","Oilseeds and oleaginous fruits","Production","t",2006,446922.48,"Tung nuts","no"
NA,"World","Oilseeds and oleaginous fruits","Production","t",2007,421496.41,"Tung nuts","no"
NA,"World","Oilseeds and oleaginous fruits","Production","t",2008,430765.01,"Tung nuts","no"
NA,"World","Oilseeds and oleaginous fruits","Production","t",2009,428666.88,"Tung nuts","no"
NA,"World","Oilseeds and oleaginous fruits","Production","t",2010,495842.03,"Tung nuts","no"
NA,"World","Oilseeds and oleaginous fruits","Production","t",2011,500619.89,"Tung nuts","no"
NA,"World","Oilseeds and oleaginous fruits","Production","t",2012,491916.25,"Tung nuts","no"
NA,"World","Oilseeds and oleaginous fruits","Production","t",2013,483371.85,"Tung nuts","no"
NA,"World","Oilseeds and oleaginous fruits","Production","t",2014,481788.4,"Tung nuts","no"
NA,"World","Oilseeds and oleaginous fruits","Production","t",2015,478936.51,"Tung nuts","no"
NA,"World","Oilseeds and oleaginous fruits","Production","t",2016,474871.12,"Tung nuts","no"
NA,"World","Oilseeds and oleaginous fruits","Production","t",2017,436755.06,"Tung nuts","no"
NA,"World","Oilseeds and oleaginous fruits","Production","t",2018,415220.89,"Tung nuts","no"
NA,"World","Oilseeds and oleaginous fruits","Production","t",2019,436824.73,"Tung nuts","no"
NA,"World","Oilseeds and oleaginous fruits","Production","t",2020,454885.66,"Tung nuts","no"
NA,"World","Oilseeds and oleaginous fruits","Production","t",2021,454992.74,"Tung nuts","no"
NA,"World","Oilseeds and oleaginous fruits","Production","t",2022,454658.1,"Tung nuts","no"
NA,"World","Oilseeds and oleaginous fruits","Production","t",2023,453929.99,"Tung nuts","no"
NA,"World","Live animals","Stocks","1000 An",1992,225876,"Turkeys","no"
NA,"World","Live animals","Stocks","1000 An",1993,226594,"Turkeys","no"
NA,"World","Live animals","Stocks","1000 An",1994,238926,"Turkeys","no"
NA,"World","Live animals","Stocks","1000 An",1995,241997,"Turkeys","no"
NA,"World","Live animals","Stocks","1000 An",1996,249446,"Turkeys","no"
NA,"World","Live animals","Stocks","1000 An",1997,253799,"Turkeys","no"
NA,"World","Live animals","Stocks","1000 An",1998,249871,"Turkeys","no"
NA,"World","Live animals","Stocks","1000 An",1999,247496,"Turkeys","no"
NA,"World","Live animals","Stocks","1000 An",2000,257733,"Turkeys","no"
NA,"World","Live animals","Stocks","1000 An",2001,264203,"Turkeys","no"
NA,"World","Live animals","Stocks","1000 An",2002,272593,"Turkeys","no"
NA,"World","Live animals","Stocks","1000 An",2003,262236,"Turkeys","no"
NA,"World","Live animals","Stocks","1000 An",2004,258107,"Turkeys","no"
NA,"World","Live animals","Stocks","1000 An",2005,256822,"Turkeys","no"
NA,"World","Live animals","Stocks","1000 An",2006,260742,"Turkeys","no"
NA,"World","Live animals","Stocks","1000 An",2007,267264,"Turkeys","no"
NA,"World","Live animals","Stocks","1000 An",2008,272286,"Turkeys","no"
NA,"World","Live animals","Stocks","1000 An",2009,262863,"Turkeys","no"
NA,"World","Live animals","Stocks","1000 An",2010,265351,"Turkeys","no"
NA,"World","Live animals","Stocks","1000 An",2011,266612,"Turkeys","no"
NA,"World","Live animals","Stocks","1000 An",2012,277125,"Turkeys","no"
NA,"World","Live animals","Stocks","1000 An",2013,270271,"Turkeys","no"
NA,"World","Live animals","Stocks","1000 An",2014,269547,"Turkeys","no"
NA,"World","Live animals","Stocks","1000 An",2015,271673,"Turkeys","no"
NA,"World","Live animals","Stocks","1000 An",2016,282759,"Turkeys","no"
NA,"World","Live animals","Stocks","1000 An",2017,282384,"Turkeys","no"
NA,"World","Live animals","Stocks","1000 An",2018,271558,"Turkeys","no"
NA,"World","Live animals","Stocks","1000 An",2019,265454,"Turkeys","no"
NA,"World","Live animals","Stocks","1000 An",2020,271933,"Turkeys","no"
NA,"World","Live animals","Stocks","1000 An",2021,264358,"Turkeys","no"
NA,"World","Live animals","Stocks","1000 An",2022,258313,"Turkeys","no"
NA,"World","Live animals","Stocks","1000 An",2023,256818,"Turkeys","no"
NA,"World","Forage products; fibre crops; plants used in perfumery, pharmacy, or for insecticidal, fungicidal or similar purposes; beet, forage plant and flower seeds; natural rubber; living plants, cut flowers and flower buds; unmanufactured tobacco; other raw vegetable materials","Area harvested","ha",1992,5314496,"Unmanufactured tobacco","no"
NA,"World","Forage products; fibre crops; plants used in perfumery, pharmacy, or for insecticidal, fungicidal or similar purposes; beet, forage plant and flower seeds; natural rubber; living plants, cut flowers and flower buds; unmanufactured tobacco; other raw vegetable materials","Area harvested","ha",1993,5288599,"Unmanufactured tobacco","no"
NA,"World","Forage products; fibre crops; plants used in perfumery, pharmacy, or for insecticidal, fungicidal or similar purposes; beet, forage plant and flower seeds; natural rubber; living plants, cut flowers and flower buds; unmanufactured tobacco; other raw vegetable materials","Area harvested","ha",1994,4234714,"Unmanufactured tobacco","no"
NA,"World","Forage products; fibre crops; plants used in perfumery, pharmacy, or for insecticidal, fungicidal or similar purposes; beet, forage plant and flower seeds; natural rubber; living plants, cut flowers and flower buds; unmanufactured tobacco; other raw vegetable materials","Area harvested","ha",1995,4132682,"Unmanufactured tobacco","no"
NA,"World","Forage products; fibre crops; plants used in perfumery, pharmacy, or for insecticidal, fungicidal or similar purposes; beet, forage plant and flower seeds; natural rubber; living plants, cut flowers and flower buds; unmanufactured tobacco; other raw vegetable materials","Area harvested","ha",1996,4653545,"Unmanufactured tobacco","no"
NA,"World","Forage products; fibre crops; plants used in perfumery, pharmacy, or for insecticidal, fungicidal or similar purposes; beet, forage plant and flower seeds; natural rubber; living plants, cut flowers and flower buds; unmanufactured tobacco; other raw vegetable materials","Area harvested","ha",1997,5377923,"Unmanufactured tobacco","no"
NA,"World","Forage products; fibre crops; plants used in perfumery, pharmacy, or for insecticidal, fungicidal or similar purposes; beet, forage plant and flower seeds; natural rubber; living plants, cut flowers and flower buds; unmanufactured tobacco; other raw vegetable materials","Area harvested","ha",1998,4386995,"Unmanufactured tobacco","no"
NA,"World","Forage products; fibre crops; plants used in perfumery, pharmacy, or for insecticidal, fungicidal or similar purposes; beet, forage plant and flower seeds; natural rubber; living plants, cut flowers and flower buds; unmanufactured tobacco; other raw vegetable materials","Area harvested","ha",1999,4321806,"Unmanufactured tobacco","no"
NA,"World","Forage products; fibre crops; plants used in perfumery, pharmacy, or for insecticidal, fungicidal or similar purposes; beet, forage plant and flower seeds; natural rubber; living plants, cut flowers and flower buds; unmanufactured tobacco; other raw vegetable materials","Area harvested","ha",2000,4143849,"Unmanufactured tobacco","no"
NA,"World","Forage products; fibre crops; plants used in perfumery, pharmacy, or for insecticidal, fungicidal or similar purposes; beet, forage plant and flower seeds; natural rubber; living plants, cut flowers and flower buds; unmanufactured tobacco; other raw vegetable materials","Area harvested","ha",2001,3828158,"Unmanufactured tobacco","no"
NA,"World","Forage products; fibre crops; plants used in perfumery, pharmacy, or for insecticidal, fungicidal or similar purposes; beet, forage plant and flower seeds; natural rubber; living plants, cut flowers and flower buds; unmanufactured tobacco; other raw vegetable materials","Area harvested","ha",2002,3884180,"Unmanufactured tobacco","no"
NA,"World","Forage products; fibre crops; plants used in perfumery, pharmacy, or for insecticidal, fungicidal or similar purposes; beet, forage plant and flower seeds; natural rubber; living plants, cut flowers and flower buds; unmanufactured tobacco; other raw vegetable materials","Area harvested","ha",2003,3791144,"Unmanufactured tobacco","no"
NA,"World","Forage products; fibre crops; plants used in perfumery, pharmacy, or for insecticidal, fungicidal or similar purposes; beet, forage plant and flower seeds; natural rubber; living plants, cut flowers and flower buds; unmanufactured tobacco; other raw vegetable materials","Area harvested","ha",2004,3892212,"Unmanufactured tobacco","no"
NA,"World","Forage products; fibre crops; plants used in perfumery, pharmacy, or for insecticidal, fungicidal or similar purposes; beet, forage plant and flower seeds; natural rubber; living plants, cut flowers and flower buds; unmanufactured tobacco; other raw vegetable materials","Area harvested","ha",2005,3973204,"Unmanufactured tobacco","no"
NA,"World","Forage products; fibre crops; plants used in perfumery, pharmacy, or for insecticidal, fungicidal or similar purposes; beet, forage plant and flower seeds; natural rubber; living plants, cut flowers and flower buds; unmanufactured tobacco; other raw vegetable materials","Area harvested","ha",2006,3826744,"Unmanufactured tobacco","no"
NA,"World","Forage products; fibre crops; plants used in perfumery, pharmacy, or for insecticidal, fungicidal or similar purposes; beet, forage plant and flower seeds; natural rubber; living plants, cut flowers and flower buds; unmanufactured tobacco; other raw vegetable materials","Area harvested","ha",2007,3632336,"Unmanufactured tobacco","no"
NA,"World","Forage products; fibre crops; plants used in perfumery, pharmacy, or for insecticidal, fungicidal or similar purposes; beet, forage plant and flower seeds; natural rubber; living plants, cut flowers and flower buds; unmanufactured tobacco; other raw vegetable materials","Area harvested","ha",2008,3792872,"Unmanufactured tobacco","no"
NA,"World","Forage products; fibre crops; plants used in perfumery, pharmacy, or for insecticidal, fungicidal or similar purposes; beet, forage plant and flower seeds; natural rubber; living plants, cut flowers and flower buds; unmanufactured tobacco; other raw vegetable materials","Area harvested","ha",2009,3929726,"Unmanufactured tobacco","no"
NA,"World","Forage products; fibre crops; plants used in perfumery, pharmacy, or for insecticidal, fungicidal or similar purposes; beet, forage plant and flower seeds; natural rubber; living plants, cut flowers and flower buds; unmanufactured tobacco; other raw vegetable materials","Area harvested","ha",2010,3948003,"Unmanufactured tobacco","no"
NA,"World","Forage products; fibre crops; plants used in perfumery, pharmacy, or for insecticidal, fungicidal or similar purposes; beet, forage plant and flower seeds; natural rubber; living plants, cut flowers and flower buds; unmanufactured tobacco; other raw vegetable materials","Area harvested","ha",2011,4196261,"Unmanufactured tobacco","no"
NA,"World","Forage products; fibre crops; plants used in perfumery, pharmacy, or for insecticidal, fungicidal or similar purposes; beet, forage plant and flower seeds; natural rubber; living plants, cut flowers and flower buds; unmanufactured tobacco; other raw vegetable materials","Area harvested","ha",2012,4131376,"Unmanufactured tobacco","no"
NA,"World","Forage products; fibre crops; plants used in perfumery, pharmacy, or for insecticidal, fungicidal or similar purposes; beet, forage plant and flower seeds; natural rubber; living plants, cut flowers and flower buds; unmanufactured tobacco; other raw vegetable materials","Area harvested","ha",2013,4207547,"Unmanufactured tobacco","no"
NA,"World","Forage products; fibre crops; plants used in perfumery, pharmacy, or for insecticidal, fungicidal or similar purposes; beet, forage plant and flower seeds; natural rubber; living plants, cut flowers and flower buds; unmanufactured tobacco; other raw vegetable materials","Area harvested","ha",2014,3969823,"Unmanufactured tobacco","no"
NA,"World","Forage products; fibre crops; plants used in perfumery, pharmacy, or for insecticidal, fungicidal or similar purposes; beet, forage plant and flower seeds; natural rubber; living plants, cut flowers and flower buds; unmanufactured tobacco; other raw vegetable materials","Area harvested","ha",2015,3677135,"Unmanufactured tobacco","no"
NA,"World","Forage products; fibre crops; plants used in perfumery, pharmacy, or for insecticidal, fungicidal or similar purposes; beet, forage plant and flower seeds; natural rubber; living plants, cut flowers and flower buds; unmanufactured tobacco; other raw vegetable materials","Area harvested","ha",2016,3417991,"Unmanufactured tobacco","no"
NA,"World","Forage products; fibre crops; plants used in perfumery, pharmacy, or for insecticidal, fungicidal or similar purposes; beet, forage plant and flower seeds; natural rubber; living plants, cut flowers and flower buds; unmanufactured tobacco; other raw vegetable materials","Area harvested","ha",2017,3379901,"Unmanufactured tobacco","no"
NA,"World","Forage products; fibre crops; plants used in perfumery, pharmacy, or for insecticidal, fungicidal or similar purposes; beet, forage plant and flower seeds; natural rubber; living plants, cut flowers and flower buds; unmanufactured tobacco; other raw vegetable materials","Area harvested","ha",2018,3268082,"Unmanufactured tobacco","no"
NA,"World","Forage products; fibre crops; plants used in perfumery, pharmacy, or for insecticidal, fungicidal or similar purposes; beet, forage plant and flower seeds; natural rubber; living plants, cut flowers and flower buds; unmanufactured tobacco; other raw vegetable materials","Area harvested","ha",2019,3323932,"Unmanufactured tobacco","no"
NA,"World","Forage products; fibre crops; plants used in perfumery, pharmacy, or for insecticidal, fungicidal or similar purposes; beet, forage plant and flower seeds; natural rubber; living plants, cut flowers and flower buds; unmanufactured tobacco; other raw vegetable materials","Area harvested","ha",2020,3181797,"Unmanufactured tobacco","no"
NA,"World","Forage products; fibre crops; plants used in perfumery, pharmacy, or for insecticidal, fungicidal or similar purposes; beet, forage plant and flower seeds; natural rubber; living plants, cut flowers and flower buds; unmanufactured tobacco; other raw vegetable materials","Area harvested","ha",2021,3171082,"Unmanufactured tobacco","no"
NA,"World","Forage products; fibre crops; plants used in perfumery, pharmacy, or for insecticidal, fungicidal or similar purposes; beet, forage plant and flower seeds; natural rubber; living plants, cut flowers and flower buds; unmanufactured tobacco; other raw vegetable materials","Area harvested","ha",2022,3150638,"Unmanufactured tobacco","no"
NA,"World","Forage products; fibre crops; plants used in perfumery, pharmacy, or for insecticidal, fungicidal or similar purposes; beet, forage plant and flower seeds; natural rubber; living plants, cut flowers and flower buds; unmanufactured tobacco; other raw vegetable materials","Area harvested","ha",2023,3222582,"Unmanufactured tobacco","no"
NA,"World","Forage products; fibre crops; plants used in perfumery, pharmacy, or for insecticidal, fungicidal or similar purposes; beet, forage plant and flower seeds; natural rubber; living plants, cut flowers and flower buds; unmanufactured tobacco; other raw vegetable materials","Yield","kg/ha",1992,1566.9,"Unmanufactured tobacco","no"
NA,"World","Forage products; fibre crops; plants used in perfumery, pharmacy, or for insecticidal, fungicidal or similar purposes; beet, forage plant and flower seeds; natural rubber; living plants, cut flowers and flower buds; unmanufactured tobacco; other raw vegetable materials","Yield","kg/ha",1993,1576.9,"Unmanufactured tobacco","no"
NA,"World","Forage products; fibre crops; plants used in perfumery, pharmacy, or for insecticidal, fungicidal or similar purposes; beet, forage plant and flower seeds; natural rubber; living plants, cut flowers and flower buds; unmanufactured tobacco; other raw vegetable materials","Yield","kg/ha",1994,1523.3,"Unmanufactured tobacco","no"
NA,"World","Forage products; fibre crops; plants used in perfumery, pharmacy, or for insecticidal, fungicidal or similar purposes; beet, forage plant and flower seeds; natural rubber; living plants, cut flowers and flower buds; unmanufactured tobacco; other raw vegetable materials","Yield","kg/ha",1995,1517.1,"Unmanufactured tobacco","no"
NA,"World","Forage products; fibre crops; plants used in perfumery, pharmacy, or for insecticidal, fungicidal or similar purposes; beet, forage plant and flower seeds; natural rubber; living plants, cut flowers and flower buds; unmanufactured tobacco; other raw vegetable materials","Yield","kg/ha",1996,1588.8,"Unmanufactured tobacco","no"
NA,"World","Forage products; fibre crops; plants used in perfumery, pharmacy, or for insecticidal, fungicidal or similar purposes; beet, forage plant and flower seeds; natural rubber; living plants, cut flowers and flower buds; unmanufactured tobacco; other raw vegetable materials","Yield","kg/ha",1997,1663.1,"Unmanufactured tobacco","no"
NA,"World","Forage products; fibre crops; plants used in perfumery, pharmacy, or for insecticidal, fungicidal or similar purposes; beet, forage plant and flower seeds; natural rubber; living plants, cut flowers and flower buds; unmanufactured tobacco; other raw vegetable materials","Yield","kg/ha",1998,1568.1,"Unmanufactured tobacco","no"
NA,"World","Forage products; fibre crops; plants used in perfumery, pharmacy, or for insecticidal, fungicidal or similar purposes; beet, forage plant and flower seeds; natural rubber; living plants, cut flowers and flower buds; unmanufactured tobacco; other raw vegetable materials","Yield","kg/ha",1999,1612.9,"Unmanufactured tobacco","no"
NA,"World","Forage products; fibre crops; plants used in perfumery, pharmacy, or for insecticidal, fungicidal or similar purposes; beet, forage plant and flower seeds; natural rubber; living plants, cut flowers and flower buds; unmanufactured tobacco; other raw vegetable materials","Yield","kg/ha",2000,1613.6,"Unmanufactured tobacco","no"
NA,"World","Forage products; fibre crops; plants used in perfumery, pharmacy, or for insecticidal, fungicidal or similar purposes; beet, forage plant and flower seeds; natural rubber; living plants, cut flowers and flower buds; unmanufactured tobacco; other raw vegetable materials","Yield","kg/ha",2001,1594.8,"Unmanufactured tobacco","no"
NA,"World","Forage products; fibre crops; plants used in perfumery, pharmacy, or for insecticidal, fungicidal or similar purposes; beet, forage plant and flower seeds; natural rubber; living plants, cut flowers and flower buds; unmanufactured tobacco; other raw vegetable materials","Yield","kg/ha",2002,1650.2,"Unmanufactured tobacco","no"
NA,"World","Forage products; fibre crops; plants used in perfumery, pharmacy, or for insecticidal, fungicidal or similar purposes; beet, forage plant and flower seeds; natural rubber; living plants, cut flowers and flower buds; unmanufactured tobacco; other raw vegetable materials","Yield","kg/ha",2003,1582.2,"Unmanufactured tobacco","no"
NA,"World","Forage products; fibre crops; plants used in perfumery, pharmacy, or for insecticidal, fungicidal or similar purposes; beet, forage plant and flower seeds; natural rubber; living plants, cut flowers and flower buds; unmanufactured tobacco; other raw vegetable materials","Yield","kg/ha",2004,1685,"Unmanufactured tobacco","no"
NA,"World","Forage products; fibre crops; plants used in perfumery, pharmacy, or for insecticidal, fungicidal or similar purposes; beet, forage plant and flower seeds; natural rubber; living plants, cut flowers and flower buds; unmanufactured tobacco; other raw vegetable materials","Yield","kg/ha",2005,1691.7,"Unmanufactured tobacco","no"
NA,"World","Forage products; fibre crops; plants used in perfumery, pharmacy, or for insecticidal, fungicidal or similar purposes; beet, forage plant and flower seeds; natural rubber; living plants, cut flowers and flower buds; unmanufactured tobacco; other raw vegetable materials","Yield","kg/ha",2006,1701.9,"Unmanufactured tobacco","no"
NA,"World","Forage products; fibre crops; plants used in perfumery, pharmacy, or for insecticidal, fungicidal or similar purposes; beet, forage plant and flower seeds; natural rubber; living plants, cut flowers and flower buds; unmanufactured tobacco; other raw vegetable materials","Yield","kg/ha",2007,1691.5,"Unmanufactured tobacco","no"
NA,"World","Forage products; fibre crops; plants used in perfumery, pharmacy, or for insecticidal, fungicidal or similar purposes; beet, forage plant and flower seeds; natural rubber; living plants, cut flowers and flower buds; unmanufactured tobacco; other raw vegetable materials","Yield","kg/ha",2008,1732.1,"Unmanufactured tobacco","no"
NA,"World","Forage products; fibre crops; plants used in perfumery, pharmacy, or for insecticidal, fungicidal or similar purposes; beet, forage plant and flower seeds; natural rubber; living plants, cut flowers and flower buds; unmanufactured tobacco; other raw vegetable materials","Yield","kg/ha",2009,1805.4,"Unmanufactured tobacco","no"
NA,"World","Forage products; fibre crops; plants used in perfumery, pharmacy, or for insecticidal, fungicidal or similar purposes; beet, forage plant and flower seeds; natural rubber; living plants, cut flowers and flower buds; unmanufactured tobacco; other raw vegetable materials","Yield","kg/ha",2010,1750.2,"Unmanufactured tobacco","no"
NA,"World","Forage products; fibre crops; plants used in perfumery, pharmacy, or for insecticidal, fungicidal or similar purposes; beet, forage plant and flower seeds; natural rubber; living plants, cut flowers and flower buds; unmanufactured tobacco; other raw vegetable materials","Yield","kg/ha",2011,1774.5,"Unmanufactured tobacco","no"
NA,"World","Forage products; fibre crops; plants used in perfumery, pharmacy, or for insecticidal, fungicidal or similar purposes; beet, forage plant and flower seeds; natural rubber; living plants, cut flowers and flower buds; unmanufactured tobacco; other raw vegetable materials","Yield","kg/ha",2012,1813.1,"Unmanufactured tobacco","no"
NA,"World","Forage products; fibre crops; plants used in perfumery, pharmacy, or for insecticidal, fungicidal or similar purposes; beet, forage plant and flower seeds; natural rubber; living plants, cut flowers and flower buds; unmanufactured tobacco; other raw vegetable materials","Yield","kg/ha",2013,1783.9,"Unmanufactured tobacco","no"
NA,"World","Forage products; fibre crops; plants used in perfumery, pharmacy, or for insecticidal, fungicidal or similar purposes; beet, forage plant and flower seeds; natural rubber; living plants, cut flowers and flower buds; unmanufactured tobacco; other raw vegetable materials","Yield","kg/ha",2014,1816.3,"Unmanufactured tobacco","no"
NA,"World","Forage products; fibre crops; plants used in perfumery, pharmacy, or for insecticidal, fungicidal or similar purposes; beet, forage plant and flower seeds; natural rubber; living plants, cut flowers and flower buds; unmanufactured tobacco; other raw vegetable materials","Yield","kg/ha",2015,1825.2,"Unmanufactured tobacco","no"
NA,"World","Forage products; fibre crops; plants used in perfumery, pharmacy, or for insecticidal, fungicidal or similar purposes; beet, forage plant and flower seeds; natural rubber; living plants, cut flowers and flower buds; unmanufactured tobacco; other raw vegetable materials","Yield","kg/ha",2016,1825.4,"Unmanufactured tobacco","no"
NA,"World","Forage products; fibre crops; plants used in perfumery, pharmacy, or for insecticidal, fungicidal or similar purposes; beet, forage plant and flower seeds; natural rubber; living plants, cut flowers and flower buds; unmanufactured tobacco; other raw vegetable materials","Yield","kg/ha",2017,1854.5,"Unmanufactured tobacco","no"
NA,"World","Forage products; fibre crops; plants used in perfumery, pharmacy, or for insecticidal, fungicidal or similar purposes; beet, forage plant and flower seeds; natural rubber; living plants, cut flowers and flower buds; unmanufactured tobacco; other raw vegetable materials","Yield","kg/ha",2018,1850.5,"Unmanufactured tobacco","no"
NA,"World","Forage products; fibre crops; plants used in perfumery, pharmacy, or for insecticidal, fungicidal or similar purposes; beet, forage plant and flower seeds; natural rubber; living plants, cut flowers and flower buds; unmanufactured tobacco; other raw vegetable materials","Yield","kg/ha",2019,1953.3,"Unmanufactured tobacco","no"
NA,"World","Forage products; fibre crops; plants used in perfumery, pharmacy, or for insecticidal, fungicidal or similar purposes; beet, forage plant and flower seeds; natural rubber; living plants, cut flowers and flower buds; unmanufactured tobacco; other raw vegetable materials","Yield","kg/ha",2020,1829.7,"Unmanufactured tobacco","no"
NA,"World","Forage products; fibre crops; plants used in perfumery, pharmacy, or for insecticidal, fungicidal or similar purposes; beet, forage plant and flower seeds; natural rubber; living plants, cut flowers and flower buds; unmanufactured tobacco; other raw vegetable materials","Yield","kg/ha",2021,1857.1,"Unmanufactured tobacco","no"
NA,"World","Forage products; fibre crops; plants used in perfumery, pharmacy, or for insecticidal, fungicidal or similar purposes; beet, forage plant and flower seeds; natural rubber; living plants, cut flowers and flower buds; unmanufactured tobacco; other raw vegetable materials","Yield","kg/ha",2022,1832.1,"Unmanufactured tobacco","no"
NA,"World","Forage products; fibre crops; plants used in perfumery, pharmacy, or for insecticidal, fungicidal or similar purposes; beet, forage plant and flower seeds; natural rubber; living plants, cut flowers and flower buds; unmanufactured tobacco; other raw vegetable materials","Yield","kg/ha",2023,1869.3,"Unmanufactured tobacco","no"
NA,"World","Forage products; fibre crops; plants used in perfumery, pharmacy, or for insecticidal, fungicidal or similar purposes; beet, forage plant and flower seeds; natural rubber; living plants, cut flowers and flower buds; unmanufactured tobacco; other raw vegetable materials","Production","t",1992,8327260.07,"Unmanufactured tobacco","no"
NA,"World","Forage products; fibre crops; plants used in perfumery, pharmacy, or for insecticidal, fungicidal or similar purposes; beet, forage plant and flower seeds; natural rubber; living plants, cut flowers and flower buds; unmanufactured tobacco; other raw vegetable materials","Production","t",1993,8339436.52,"Unmanufactured tobacco","no"
NA,"World","Forage products; fibre crops; plants used in perfumery, pharmacy, or for insecticidal, fungicidal or similar purposes; beet, forage plant and flower seeds; natural rubber; living plants, cut flowers and flower buds; unmanufactured tobacco; other raw vegetable materials","Production","t",1994,6450899.74,"Unmanufactured tobacco","no"
NA,"World","Forage products; fibre crops; plants used in perfumery, pharmacy, or for insecticidal, fungicidal or similar purposes; beet, forage plant and flower seeds; natural rubber; living plants, cut flowers and flower buds; unmanufactured tobacco; other raw vegetable materials","Production","t",1995,6269765.36,"Unmanufactured tobacco","no"
NA,"World","Forage products; fibre crops; plants used in perfumery, pharmacy, or for insecticidal, fungicidal or similar purposes; beet, forage plant and flower seeds; natural rubber; living plants, cut flowers and flower buds; unmanufactured tobacco; other raw vegetable materials","Production","t",1996,7393368.96,"Unmanufactured tobacco","no"
NA,"World","Forage products; fibre crops; plants used in perfumery, pharmacy, or for insecticidal, fungicidal or similar purposes; beet, forage plant and flower seeds; natural rubber; living plants, cut flowers and flower buds; unmanufactured tobacco; other raw vegetable materials","Production","t",1997,8944145.93,"Unmanufactured tobacco","no"
NA,"World","Forage products; fibre crops; plants used in perfumery, pharmacy, or for insecticidal, fungicidal or similar purposes; beet, forage plant and flower seeds; natural rubber; living plants, cut flowers and flower buds; unmanufactured tobacco; other raw vegetable materials","Production","t",1998,6879321.51,"Unmanufactured tobacco","no"
NA,"World","Forage products; fibre crops; plants used in perfumery, pharmacy, or for insecticidal, fungicidal or similar purposes; beet, forage plant and flower seeds; natural rubber; living plants, cut flowers and flower buds; unmanufactured tobacco; other raw vegetable materials","Production","t",1999,6970718.25,"Unmanufactured tobacco","no"
NA,"World","Forage products; fibre crops; plants used in perfumery, pharmacy, or for insecticidal, fungicidal or similar purposes; beet, forage plant and flower seeds; natural rubber; living plants, cut flowers and flower buds; unmanufactured tobacco; other raw vegetable materials","Production","t",2000,6686403.93,"Unmanufactured tobacco","no"
NA,"World","Forage products; fibre crops; plants used in perfumery, pharmacy, or for insecticidal, fungicidal or similar purposes; beet, forage plant and flower seeds; natural rubber; living plants, cut flowers and flower buds; unmanufactured tobacco; other raw vegetable materials","Production","t",2001,6105198.77,"Unmanufactured tobacco","no"
NA,"World","Forage products; fibre crops; plants used in perfumery, pharmacy, or for insecticidal, fungicidal or similar purposes; beet, forage plant and flower seeds; natural rubber; living plants, cut flowers and flower buds; unmanufactured tobacco; other raw vegetable materials","Production","t",2002,6409543.75,"Unmanufactured tobacco","no"
NA,"World","Forage products; fibre crops; plants used in perfumery, pharmacy, or for insecticidal, fungicidal or similar purposes; beet, forage plant and flower seeds; natural rubber; living plants, cut flowers and flower buds; unmanufactured tobacco; other raw vegetable materials","Production","t",2003,5998454.4,"Unmanufactured tobacco","no"
NA,"World","Forage products; fibre crops; plants used in perfumery, pharmacy, or for insecticidal, fungicidal or similar purposes; beet, forage plant and flower seeds; natural rubber; living plants, cut flowers and flower buds; unmanufactured tobacco; other raw vegetable materials","Production","t",2004,6558236.27,"Unmanufactured tobacco","no"
NA,"World","Forage products; fibre crops; plants used in perfumery, pharmacy, or for insecticidal, fungicidal or similar purposes; beet, forage plant and flower seeds; natural rubber; living plants, cut flowers and flower buds; unmanufactured tobacco; other raw vegetable materials","Production","t",2005,6721291.8,"Unmanufactured tobacco","no"
NA,"World","Forage products; fibre crops; plants used in perfumery, pharmacy, or for insecticidal, fungicidal or similar purposes; beet, forage plant and flower seeds; natural rubber; living plants, cut flowers and flower buds; unmanufactured tobacco; other raw vegetable materials","Production","t",2006,6512703.69,"Unmanufactured tobacco","no"
NA,"World","Forage products; fibre crops; plants used in perfumery, pharmacy, or for insecticidal, fungicidal or similar purposes; beet, forage plant and flower seeds; natural rubber; living plants, cut flowers and flower buds; unmanufactured tobacco; other raw vegetable materials","Production","t",2007,6144242.76,"Unmanufactured tobacco","no"
NA,"World","Forage products; fibre crops; plants used in perfumery, pharmacy, or for insecticidal, fungicidal or similar purposes; beet, forage plant and flower seeds; natural rubber; living plants, cut flowers and flower buds; unmanufactured tobacco; other raw vegetable materials","Production","t",2008,6569510.63,"Unmanufactured tobacco","no"
NA,"World","Forage products; fibre crops; plants used in perfumery, pharmacy, or for insecticidal, fungicidal or similar purposes; beet, forage plant and flower seeds; natural rubber; living plants, cut flowers and flower buds; unmanufactured tobacco; other raw vegetable materials","Production","t",2009,7094659.59,"Unmanufactured tobacco","no"
NA,"World","Forage products; fibre crops; plants used in perfumery, pharmacy, or for insecticidal, fungicidal or similar purposes; beet, forage plant and flower seeds; natural rubber; living plants, cut flowers and flower buds; unmanufactured tobacco; other raw vegetable materials","Production","t",2010,6909739.77,"Unmanufactured tobacco","no"
NA,"World","Forage products; fibre crops; plants used in perfumery, pharmacy, or for insecticidal, fungicidal or similar purposes; beet, forage plant and flower seeds; natural rubber; living plants, cut flowers and flower buds; unmanufactured tobacco; other raw vegetable materials","Production","t",2011,7446143.03,"Unmanufactured tobacco","no"
NA,"World","Forage products; fibre crops; plants used in perfumery, pharmacy, or for insecticidal, fungicidal or similar purposes; beet, forage plant and flower seeds; natural rubber; living plants, cut flowers and flower buds; unmanufactured tobacco; other raw vegetable materials","Production","t",2012,7490619.14,"Unmanufactured tobacco","no"
NA,"World","Forage products; fibre crops; plants used in perfumery, pharmacy, or for insecticidal, fungicidal or similar purposes; beet, forage plant and flower seeds; natural rubber; living plants, cut flowers and flower buds; unmanufactured tobacco; other raw vegetable materials","Production","t",2013,7505796.29,"Unmanufactured tobacco","no"
NA,"World","Forage products; fibre crops; plants used in perfumery, pharmacy, or for insecticidal, fungicidal or similar purposes; beet, forage plant and flower seeds; natural rubber; living plants, cut flowers and flower buds; unmanufactured tobacco; other raw vegetable materials","Production","t",2014,7210540.45,"Unmanufactured tobacco","no"
NA,"World","Forage products; fibre crops; plants used in perfumery, pharmacy, or for insecticidal, fungicidal or similar purposes; beet, forage plant and flower seeds; natural rubber; living plants, cut flowers and flower buds; unmanufactured tobacco; other raw vegetable materials","Production","t",2015,6711625.58,"Unmanufactured tobacco","no"
NA,"World","Forage products; fibre crops; plants used in perfumery, pharmacy, or for insecticidal, fungicidal or similar purposes; beet, forage plant and flower seeds; natural rubber; living plants, cut flowers and flower buds; unmanufactured tobacco; other raw vegetable materials","Production","t",2016,6239360.99,"Unmanufactured tobacco","no"
NA,"World","Forage products; fibre crops; plants used in perfumery, pharmacy, or for insecticidal, fungicidal or similar purposes; beet, forage plant and flower seeds; natural rubber; living plants, cut flowers and flower buds; unmanufactured tobacco; other raw vegetable materials","Production","t",2017,6268018.16,"Unmanufactured tobacco","no"
NA,"World","Forage products; fibre crops; plants used in perfumery, pharmacy, or for insecticidal, fungicidal or similar purposes; beet, forage plant and flower seeds; natural rubber; living plants, cut flowers and flower buds; unmanufactured tobacco; other raw vegetable materials","Production","t",2018,6047558.05,"Unmanufactured tobacco","no"
NA,"World","Forage products; fibre crops; plants used in perfumery, pharmacy, or for insecticidal, fungicidal or similar purposes; beet, forage plant and flower seeds; natural rubber; living plants, cut flowers and flower buds; unmanufactured tobacco; other raw vegetable materials","Production","t",2019,6492655.01,"Unmanufactured tobacco","no"
NA,"World","Forage products; fibre crops; plants used in perfumery, pharmacy, or for insecticidal, fungicidal or similar purposes; beet, forage plant and flower seeds; natural rubber; living plants, cut flowers and flower buds; unmanufactured tobacco; other raw vegetable materials","Production","t",2020,5821856.8,"Unmanufactured tobacco","no"
NA,"World","Forage products; fibre crops; plants used in perfumery, pharmacy, or for insecticidal, fungicidal or similar purposes; beet, forage plant and flower seeds; natural rubber; living plants, cut flowers and flower buds; unmanufactured tobacco; other raw vegetable materials","Production","t",2021,5889104.93,"Unmanufactured tobacco","no"
NA,"World","Forage products; fibre crops; plants used in perfumery, pharmacy, or for insecticidal, fungicidal or similar purposes; beet, forage plant and flower seeds; natural rubber; living plants, cut flowers and flower buds; unmanufactured tobacco; other raw vegetable materials","Production","t",2022,5772379.25,"Unmanufactured tobacco","no"
NA,"World","Forage products; fibre crops; plants used in perfumery, pharmacy, or for insecticidal, fungicidal or similar purposes; beet, forage plant and flower seeds; natural rubber; living plants, cut flowers and flower buds; unmanufactured tobacco; other raw vegetable materials","Production","t",2023,6023939.83,"Unmanufactured tobacco","no"
NA,"World","Stimulant, spice and aromatic crops","Area harvested","ha",1992,42775,"Vanilla, raw","no"
NA,"World","Stimulant, spice and aromatic crops","Area harvested","ha",1993,36653,"Vanilla, raw","no"
NA,"World","Stimulant, spice and aromatic crops","Area harvested","ha",1994,34803,"Vanilla, raw","no"
NA,"World","Stimulant, spice and aromatic crops","Area harvested","ha",1995,36279,"Vanilla, raw","no"
NA,"World","Stimulant, spice and aromatic crops","Area harvested","ha",1996,38799,"Vanilla, raw","no"
NA,"World","Stimulant, spice and aromatic crops","Area harvested","ha",1997,40062,"Vanilla, raw","no"
NA,"World","Stimulant, spice and aromatic crops","Area harvested","ha",1998,41123,"Vanilla, raw","no"
NA,"World","Stimulant, spice and aromatic crops","Area harvested","ha",1999,38877,"Vanilla, raw","no"
NA,"World","Stimulant, spice and aromatic crops","Area harvested","ha",2000,38302,"Vanilla, raw","no"
NA,"World","Stimulant, spice and aromatic crops","Area harvested","ha",2001,39463,"Vanilla, raw","no"
NA,"World","Stimulant, spice and aromatic crops","Area harvested","ha",2002,39882,"Vanilla, raw","no"
NA,"World","Stimulant, spice and aromatic crops","Area harvested","ha",2003,42393,"Vanilla, raw","no"
NA,"World","Stimulant, spice and aromatic crops","Area harvested","ha",2004,42267,"Vanilla, raw","no"
NA,"World","Stimulant, spice and aromatic crops","Area harvested","ha",2005,79446,"Vanilla, raw","no"
NA,"World","Stimulant, spice and aromatic crops","Area harvested","ha",2006,83762,"Vanilla, raw","no"
NA,"World","Stimulant, spice and aromatic crops","Area harvested","ha",2007,85157,"Vanilla, raw","no"
NA,"World","Stimulant, spice and aromatic crops","Area harvested","ha",2008,89636,"Vanilla, raw","no"
NA,"World","Stimulant, spice and aromatic crops","Area harvested","ha",2009,90000,"Vanilla, raw","no"
NA,"World","Stimulant, spice and aromatic crops","Area harvested","ha",2010,86919,"Vanilla, raw","no"
NA,"World","Stimulant, spice and aromatic crops","Area harvested","ha",2011,95692,"Vanilla, raw","no"
NA,"World","Stimulant, spice and aromatic crops","Area harvested","ha",2012,100072,"Vanilla, raw","no"
NA,"World","Stimulant, spice and aromatic crops","Area harvested","ha",2013,97128,"Vanilla, raw","no"
NA,"World","Stimulant, spice and aromatic crops","Area harvested","ha",2014,97508,"Vanilla, raw","no"
NA,"World","Stimulant, spice and aromatic crops","Area harvested","ha",2015,94178,"Vanilla, raw","no"
NA,"World","Stimulant, spice and aromatic crops","Area harvested","ha",2016,94769,"Vanilla, raw","no"
NA,"World","Stimulant, spice and aromatic crops","Area harvested","ha",2017,93946,"Vanilla, raw","no"
NA,"World","Stimulant, spice and aromatic crops","Area harvested","ha",2018,95460,"Vanilla, raw","no"
NA,"World","Stimulant, spice and aromatic crops","Area harvested","ha",2019,91559,"Vanilla, raw","no"
NA,"World","Stimulant, spice and aromatic crops","Area harvested","ha",2020,95191,"Vanilla, raw","no"
NA,"World","Stimulant, spice and aromatic crops","Area harvested","ha",2021,93505,"Vanilla, raw","no"
NA,"World","Stimulant, spice and aromatic crops","Area harvested","ha",2022,93191,"Vanilla, raw","no"
NA,"World","Stimulant, spice and aromatic crops","Area harvested","ha",2023,92751,"Vanilla, raw","no"
NA,"World","Stimulant, spice and aromatic crops","Yield","kg/ha",1992,83.8,"Vanilla, raw","no"
NA,"World","Stimulant, spice and aromatic crops","Yield","kg/ha",1993,115.5,"Vanilla, raw","no"
NA,"World","Stimulant, spice and aromatic crops","Yield","kg/ha",1994,102.5,"Vanilla, raw","no"
NA,"World","Stimulant, spice and aromatic crops","Yield","kg/ha",1995,107.2,"Vanilla, raw","no"
NA,"World","Stimulant, spice and aromatic crops","Yield","kg/ha",1996,106.1,"Vanilla, raw","no"
NA,"World","Stimulant, spice and aromatic crops","Yield","kg/ha",1997,100,"Vanilla, raw","no"
NA,"World","Stimulant, spice and aromatic crops","Yield","kg/ha",1998,111.2,"Vanilla, raw","no"
NA,"World","Stimulant, spice and aromatic crops","Yield","kg/ha",1999,111.7,"Vanilla, raw","no"
NA,"World","Stimulant, spice and aromatic crops","Yield","kg/ha",2000,104.1,"Vanilla, raw","no"
NA,"World","Stimulant, spice and aromatic crops","Yield","kg/ha",2001,120.1,"Vanilla, raw","no"
NA,"World","Stimulant, spice and aromatic crops","Yield","kg/ha",2002,133.1,"Vanilla, raw","no"
NA,"World","Stimulant, spice and aromatic crops","Yield","kg/ha",2003,113.8,"Vanilla, raw","no"
NA,"World","Stimulant, spice and aromatic crops","Yield","kg/ha",2004,138.2,"Vanilla, raw","no"
NA,"World","Stimulant, spice and aromatic crops","Yield","kg/ha",2005,94.4,"Vanilla, raw","no"
NA,"World","Stimulant, spice and aromatic crops","Yield","kg/ha",2006,108.2,"Vanilla, raw","no"
NA,"World","Stimulant, spice and aromatic crops","Yield","kg/ha",2007,109.5,"Vanilla, raw","no"
NA,"World","Stimulant, spice and aromatic crops","Yield","kg/ha",2008,103.8,"Vanilla, raw","no"
NA,"World","Stimulant, spice and aromatic crops","Yield","kg/ha",2009,102.4,"Vanilla, raw","no"
NA,"World","Stimulant, spice and aromatic crops","Yield","kg/ha",2010,95.9,"Vanilla, raw","no"
NA,"World","Stimulant, spice and aromatic crops","Yield","kg/ha",2011,90.8,"Vanilla, raw","no"
NA,"World","Stimulant, spice and aromatic crops","Yield","kg/ha",2012,81.4,"Vanilla, raw","no"
NA,"World","Stimulant, spice and aromatic crops","Yield","kg/ha",2013,79.3,"Vanilla, raw","no"
NA,"World","Stimulant, spice and aromatic crops","Yield","kg/ha",2014,74.9,"Vanilla, raw","no"
NA,"World","Stimulant, spice and aromatic crops","Yield","kg/ha",2015,79.2,"Vanilla, raw","no"
NA,"World","Stimulant, spice and aromatic crops","Yield","kg/ha",2016,79.5,"Vanilla, raw","no"
NA,"World","Stimulant, spice and aromatic crops","Yield","kg/ha",2017,78.9,"Vanilla, raw","no"
NA,"World","Stimulant, spice and aromatic crops","Yield","kg/ha",2018,78.3,"Vanilla, raw","no"
NA,"World","Stimulant, spice and aromatic crops","Yield","kg/ha",2019,76.3,"Vanilla, raw","no"
NA,"World","Stimulant, spice and aromatic crops","Yield","kg/ha",2020,73.9,"Vanilla, raw","no"
NA,"World","Stimulant, spice and aromatic crops","Yield","kg/ha",2021,82.6,"Vanilla, raw","no"
NA,"World","Stimulant, spice and aromatic crops","Yield","kg/ha",2022,82.1,"Vanilla, raw","no"
NA,"World","Stimulant, spice and aromatic crops","Yield","kg/ha",2023,80.1,"Vanilla, raw","no"
NA,"World","Stimulant, spice and aromatic crops","Production","t",1992,3585.2,"Vanilla, raw","no"
NA,"World","Stimulant, spice and aromatic crops","Production","t",1993,4234.74,"Vanilla, raw","no"
NA,"World","Stimulant, spice and aromatic crops","Production","t",1994,3568.98,"Vanilla, raw","no"
NA,"World","Stimulant, spice and aromatic crops","Production","t",1995,3888.8,"Vanilla, raw","no"
NA,"World","Stimulant, spice and aromatic crops","Production","t",1996,4115.56,"Vanilla, raw","no"
NA,"World","Stimulant, spice and aromatic crops","Production","t",1997,4007.8,"Vanilla, raw","no"
NA,"World","Stimulant, spice and aromatic crops","Production","t",1998,4573.68,"Vanilla, raw","no"
NA,"World","Stimulant, spice and aromatic crops","Production","t",1999,4341.2,"Vanilla, raw","no"
NA,"World","Stimulant, spice and aromatic crops","Production","t",2000,3987.54,"Vanilla, raw","no"
NA,"World","Stimulant, spice and aromatic crops","Production","t",2001,4739.07,"Vanilla, raw","no"
NA,"World","Stimulant, spice and aromatic crops","Production","t",2002,5309.12,"Vanilla, raw","no"
NA,"World","Stimulant, spice and aromatic crops","Production","t",2003,4826.35,"Vanilla, raw","no"
NA,"World","Stimulant, spice and aromatic crops","Production","t",2004,5840.51,"Vanilla, raw","no"
NA,"World","Stimulant, spice and aromatic crops","Production","t",2005,7499.4,"Vanilla, raw","no"
NA,"World","Stimulant, spice and aromatic crops","Production","t",2006,9059.78,"Vanilla, raw","no"
NA,"World","Stimulant, spice and aromatic crops","Production","t",2007,9327.46,"Vanilla, raw","no"
NA,"World","Stimulant, spice and aromatic crops","Production","t",2008,9301.74,"Vanilla, raw","no"
NA,"World","Stimulant, spice and aromatic crops","Production","t",2009,9216.46,"Vanilla, raw","no"
NA,"World","Stimulant, spice and aromatic crops","Production","t",2010,8334.94,"Vanilla, raw","no"
NA,"World","Stimulant, spice and aromatic crops","Production","t",2011,8687.17,"Vanilla, raw","no"
NA,"World","Stimulant, spice and aromatic crops","Production","t",2012,8145.41,"Vanilla, raw","no"
NA,"World","Stimulant, spice and aromatic crops","Production","t",2013,7698.78,"Vanilla, raw","no"
NA,"World","Stimulant, spice and aromatic crops","Production","t",2014,7306.42,"Vanilla, raw","no"
NA,"World","Stimulant, spice and aromatic crops","Production","t",2015,7457.48,"Vanilla, raw","no"
NA,"World","Stimulant, spice and aromatic crops","Production","t",2016,7535.13,"Vanilla, raw","no"
NA,"World","Stimulant, spice and aromatic crops","Production","t",2017,7409.52,"Vanilla, raw","no"
NA,"World","Stimulant, spice and aromatic crops","Production","t",2018,7471.98,"Vanilla, raw","no"
NA,"World","Stimulant, spice and aromatic crops","Production","t",2019,6988.69,"Vanilla, raw","no"
NA,"World","Stimulant, spice and aromatic crops","Production","t",2020,7030.05,"Vanilla, raw","no"
NA,"World","Stimulant, spice and aromatic crops","Production","t",2021,7721.3,"Vanilla, raw","no"
NA,"World","Stimulant, spice and aromatic crops","Production","t",2022,7652.93,"Vanilla, raw","no"
NA,"World","Stimulant, spice and aromatic crops","Production","t",2023,7432.73,"Vanilla, raw","no"
NA,"World","Pulses (dried leguminous vegetables)","Area harvested","ha",1992,1042480,"Vetches","no"
NA,"World","Pulses (dried leguminous vegetables)","Area harvested","ha",1993,943541,"Vetches","no"
NA,"World","Pulses (dried leguminous vegetables)","Area harvested","ha",1994,944362,"Vetches","no"
NA,"World","Pulses (dried leguminous vegetables)","Area harvested","ha",1995,1100537,"Vetches","no"
NA,"World","Pulses (dried leguminous vegetables)","Area harvested","ha",1996,1231395,"Vetches","no"
NA,"World","Pulses (dried leguminous vegetables)","Area harvested","ha",1997,1059834,"Vetches","no"
NA,"World","Pulses (dried leguminous vegetables)","Area harvested","ha",1998,1038980,"Vetches","no"
NA,"World","Pulses (dried leguminous vegetables)","Area harvested","ha",1999,1043493,"Vetches","no"
NA,"World","Pulses (dried leguminous vegetables)","Area harvested","ha",2000,948049,"Vetches","no"
NA,"World","Pulses (dried leguminous vegetables)","Area harvested","ha",2001,932313,"Vetches","no"
NA,"World","Pulses (dried leguminous vegetables)","Area harvested","ha",2002,929697,"Vetches","no"
NA,"World","Pulses (dried leguminous vegetables)","Area harvested","ha",2003,1082649,"Vetches","no"
NA,"World","Pulses (dried leguminous vegetables)","Area harvested","ha",2004,888125,"Vetches","no"
NA,"World","Pulses (dried leguminous vegetables)","Area harvested","ha",2005,850251,"Vetches","no"
NA,"World","Pulses (dried leguminous vegetables)","Area harvested","ha",2006,816782,"Vetches","no"
NA,"World","Pulses (dried leguminous vegetables)","Area harvested","ha",2007,677652,"Vetches","no"
NA,"World","Pulses (dried leguminous vegetables)","Area harvested","ha",2008,646156,"Vetches","no"
NA,"World","Pulses (dried leguminous vegetables)","Area harvested","ha",2009,520946,"Vetches","no"
NA,"World","Pulses (dried leguminous vegetables)","Area harvested","ha",2010,504639,"Vetches","no"
NA,"World","Pulses (dried leguminous vegetables)","Area harvested","ha",2011,594201,"Vetches","no"
NA,"World","Pulses (dried leguminous vegetables)","Area harvested","ha",2012,665287,"Vetches","no"
NA,"World","Pulses (dried leguminous vegetables)","Area harvested","ha",2013,559552,"Vetches","no"
NA,"World","Pulses (dried leguminous vegetables)","Area harvested","ha",2014,556659,"Vetches","no"
NA,"World","Pulses (dried leguminous vegetables)","Area harvested","ha",2015,568445,"Vetches","no"
NA,"World","Pulses (dried leguminous vegetables)","Area harvested","ha",2016,542772,"Vetches","no"
NA,"World","Pulses (dried leguminous vegetables)","Area harvested","ha",2017,576918,"Vetches","no"
NA,"World","Pulses (dried leguminous vegetables)","Area harvested","ha",2018,336804,"Vetches","no"
NA,"World","Pulses (dried leguminous vegetables)","Area harvested","ha",2019,348933,"Vetches","no"
NA,"World","Pulses (dried leguminous vegetables)","Area harvested","ha",2020,352197,"Vetches","no"
NA,"World","Pulses (dried leguminous vegetables)","Area harvested","ha",2021,341427,"Vetches","no"
NA,"World","Pulses (dried leguminous vegetables)","Area harvested","ha",2022,327027,"Vetches","no"
NA,"World","Pulses (dried leguminous vegetables)","Area harvested","ha",2023,331915,"Vetches","no"
NA,"World","Pulses (dried leguminous vegetables)","Yield","kg/ha",1992,1137.6,"Vetches","no"
NA,"World","Pulses (dried leguminous vegetables)","Yield","kg/ha",1993,1133.7,"Vetches","no"
NA,"World","Pulses (dried leguminous vegetables)","Yield","kg/ha",1994,1123.5,"Vetches","no"
NA,"World","Pulses (dried leguminous vegetables)","Yield","kg/ha",1995,928,"Vetches","no"
NA,"World","Pulses (dried leguminous vegetables)","Yield","kg/ha",1996,1041,"Vetches","no"
NA,"World","Pulses (dried leguminous vegetables)","Yield","kg/ha",1997,1270.7,"Vetches","no"
NA,"World","Pulses (dried leguminous vegetables)","Yield","kg/ha",1998,913.7,"Vetches","no"
NA,"World","Pulses (dried leguminous vegetables)","Yield","kg/ha",1999,864.1,"Vetches","no"
NA,"World","Pulses (dried leguminous vegetables)","Yield","kg/ha",2000,1097.8,"Vetches","no"
NA,"World","Pulses (dried leguminous vegetables)","Yield","kg/ha",2001,1196.9,"Vetches","no"
NA,"World","Pulses (dried leguminous vegetables)","Yield","kg/ha",2002,1197,"Vetches","no"
NA,"World","Pulses (dried leguminous vegetables)","Yield","kg/ha",2003,1163.8,"Vetches","no"
NA,"World","Pulses (dried leguminous vegetables)","Yield","kg/ha",2004,1438.6,"Vetches","no"
NA,"World","Pulses (dried leguminous vegetables)","Yield","kg/ha",2005,1274,"Vetches","no"
NA,"World","Pulses (dried leguminous vegetables)","Yield","kg/ha",2006,1517,"Vetches","no"
NA,"World","Pulses (dried leguminous vegetables)","Yield","kg/ha",2007,1448.5,"Vetches","no"
NA,"World","Pulses (dried leguminous vegetables)","Yield","kg/ha",2008,1517.6,"Vetches","no"
NA,"World","Pulses (dried leguminous vegetables)","Yield","kg/ha",2009,1600.8,"Vetches","no"
NA,"World","Pulses (dried leguminous vegetables)","Yield","kg/ha",2010,1466.9,"Vetches","no"
NA,"World","Pulses (dried leguminous vegetables)","Yield","kg/ha",2011,1579.8,"Vetches","no"
NA,"World","Pulses (dried leguminous vegetables)","Yield","kg/ha",2012,1402.3,"Vetches","no"
NA,"World","Pulses (dried leguminous vegetables)","Yield","kg/ha",2013,1625.8,"Vetches","no"
NA,"World","Pulses (dried leguminous vegetables)","Yield","kg/ha",2014,1627.6,"Vetches","no"
NA,"World","Pulses (dried leguminous vegetables)","Yield","kg/ha",2015,1701.6,"Vetches","no"
NA,"World","Pulses (dried leguminous vegetables)","Yield","kg/ha",2016,1710.8,"Vetches","no"
NA,"World","Pulses (dried leguminous vegetables)","Yield","kg/ha",2017,1592.7,"Vetches","no"
NA,"World","Pulses (dried leguminous vegetables)","Yield","kg/ha",2018,1888.7,"Vetches","no"
NA,"World","Pulses (dried leguminous vegetables)","Yield","kg/ha",2019,2007.8,"Vetches","no"
NA,"World","Pulses (dried leguminous vegetables)","Yield","kg/ha",2020,2012.3,"Vetches","no"
NA,"World","Pulses (dried leguminous vegetables)","Yield","kg/ha",2021,1908.7,"Vetches","no"
NA,"World","Pulses (dried leguminous vegetables)","Yield","kg/ha",2022,1975.9,"Vetches","no"
NA,"World","Pulses (dried leguminous vegetables)","Yield","kg/ha",2023,2023,"Vetches","no"
NA,"World","Pulses (dried leguminous vegetables)","Production","t",1992,1185964.18,"Vetches","no"
NA,"World","Pulses (dried leguminous vegetables)","Production","t",1993,1069696.51,"Vetches","no"
NA,"World","Pulses (dried leguminous vegetables)","Production","t",1994,1061008.91,"Vetches","no"
NA,"World","Pulses (dried leguminous vegetables)","Production","t",1995,1021271.13,"Vetches","no"
NA,"World","Pulses (dried leguminous vegetables)","Production","t",1996,1281837.98,"Vetches","no"
NA,"World","Pulses (dried leguminous vegetables)","Production","t",1997,1346694.76,"Vetches","no"
NA,"World","Pulses (dried leguminous vegetables)","Production","t",1998,949292.96,"Vetches","no"
NA,"World","Pulses (dried leguminous vegetables)","Production","t",1999,901670.15,"Vetches","no"
NA,"World","Pulses (dried leguminous vegetables)","Production","t",2000,1040755.15,"Vetches","no"
NA,"World","Pulses (dried leguminous vegetables)","Production","t",2001,1115861.13,"Vetches","no"
NA,"World","Pulses (dried leguminous vegetables)","Production","t",2002,1112816.13,"Vetches","no"
NA,"World","Pulses (dried leguminous vegetables)","Production","t",2003,1260001.27,"Vetches","no"
NA,"World","Pulses (dried leguminous vegetables)","Production","t",2004,1277642.36,"Vetches","no"
NA,"World","Pulses (dried leguminous vegetables)","Production","t",2005,1083246.6,"Vetches","no"
NA,"World","Pulses (dried leguminous vegetables)","Production","t",2006,1239056.34,"Vetches","no"
NA,"World","Pulses (dried leguminous vegetables)","Production","t",2007,981548.9,"Vetches","no"
NA,"World","Pulses (dried leguminous vegetables)","Production","t",2008,980625.75,"Vetches","no"
NA,"World","Pulses (dried leguminous vegetables)","Production","t",2009,833936.81,"Vetches","no"
NA,"World","Pulses (dried leguminous vegetables)","Production","t",2010,740268.13,"Vetches","no"
NA,"World","Pulses (dried leguminous vegetables)","Production","t",2011,938724.26,"Vetches","no"
NA,"World","Pulses (dried leguminous vegetables)","Production","t",2012,932920.54,"Vetches","no"
NA,"World","Pulses (dried leguminous vegetables)","Production","t",2013,909699.76,"Vetches","no"
NA,"World","Pulses (dried leguminous vegetables)","Production","t",2014,906019.07,"Vetches","no"
NA,"World","Pulses (dried leguminous vegetables)","Production","t",2015,967291.08,"Vetches","no"
NA,"World","Pulses (dried leguminous vegetables)","Production","t",2016,928582.17,"Vetches","no"
NA,"World","Pulses (dried leguminous vegetables)","Production","t",2017,918829.88,"Vetches","no"
NA,"World","Pulses (dried leguminous vegetables)","Production","t",2018,636115.61,"Vetches","no"
NA,"World","Pulses (dried leguminous vegetables)","Production","t",2019,700602.83,"Vetches","no"
NA,"World","Pulses (dried leguminous vegetables)","Production","t",2020,708742.23,"Vetches","no"
NA,"World","Pulses (dried leguminous vegetables)","Production","t",2021,651696.15,"Vetches","no"
NA,"World","Pulses (dried leguminous vegetables)","Production","t",2022,646173.79,"Vetches","no"
NA,"World","Pulses (dried leguminous vegetables)","Production","t",2023,671463.3,"Vetches","no"
NA,"World","Fruits and nuts","Area harvested","ha",1992,421113,"Walnuts, in shell","no"
NA,"World","Fruits and nuts","Area harvested","ha",1993,441280,"Walnuts, in shell","no"
NA,"World","Fruits and nuts","Area harvested","ha",1994,432949,"Walnuts, in shell","no"
NA,"World","Fruits and nuts","Area harvested","ha",1995,449684,"Walnuts, in shell","no"
NA,"World","Fruits and nuts","Area harvested","ha",1996,465086,"Walnuts, in shell","no"
NA,"World","Fruits and nuts","Area harvested","ha",1997,465459,"Walnuts, in shell","no"
NA,"World","Fruits and nuts","Area harvested","ha",1998,515558,"Walnuts, in shell","no"
NA,"World","Fruits and nuts","Area harvested","ha",1999,527187,"Walnuts, in shell","no"
NA,"World","Fruits and nuts","Area harvested","ha",2000,544802,"Walnuts, in shell","no"
NA,"World","Fruits and nuts","Area harvested","ha",2001,559914,"Walnuts, in shell","no"
NA,"World","Fruits and nuts","Area harvested","ha",2002,570425,"Walnuts, in shell","no"
NA,"World","Fruits and nuts","Area harvested","ha",2003,597973,"Walnuts, in shell","no"
NA,"World","Fruits and nuts","Area harvested","ha",2004,610847,"Walnuts, in shell","no"
NA,"World","Fruits and nuts","Area harvested","ha",2005,631005,"Walnuts, in shell","no"
NA,"World","Fruits and nuts","Area harvested","ha",2006,680003,"Walnuts, in shell","no"
NA,"World","Fruits and nuts","Area harvested","ha",2007,700999,"Walnuts, in shell","no"
NA,"World","Fruits and nuts","Area harvested","ha",2008,783821,"Walnuts, in shell","no"
NA,"World","Fruits and nuts","Area harvested","ha",2009,830213,"Walnuts, in shell","no"
NA,"World","Fruits and nuts","Area harvested","ha",2010,958779,"Walnuts, in shell","no"
NA,"World","Fruits and nuts","Area harvested","ha",2011,1073174,"Walnuts, in shell","no"
NA,"World","Fruits and nuts","Area harvested","ha",2012,789607,"Walnuts, in shell","no"
NA,"World","Fruits and nuts","Area harvested","ha",2013,842228,"Walnuts, in shell","no"
NA,"World","Fruits and nuts","Area harvested","ha",2014,925324,"Walnuts, in shell","no"
NA,"World","Fruits and nuts","Area harvested","ha",2015,994034,"Walnuts, in shell","no"
NA,"World","Fruits and nuts","Area harvested","ha",2016,972036,"Walnuts, in shell","no"
NA,"World","Fruits and nuts","Area harvested","ha",2017,942921,"Walnuts, in shell","no"
NA,"World","Fruits and nuts","Area harvested","ha",2018,944744,"Walnuts, in shell","no"
NA,"World","Fruits and nuts","Area harvested","ha",2019,1024002,"Walnuts, in shell","no"
NA,"World","Fruits and nuts","Area harvested","ha",2020,1094725,"Walnuts, in shell","no"
NA,"World","Fruits and nuts","Area harvested","ha",2021,1126358,"Walnuts, in shell","no"
NA,"World","Fruits and nuts","Area harvested","ha",2022,1234530,"Walnuts, in shell","no"
NA,"World","Fruits and nuts","Area harvested","ha",2023,1251957,"Walnuts, in shell","no"
NA,"World","Fruits and nuts","Yield","kg/ha",1992,2232.8,"Walnuts, in shell","no"
NA,"World","Fruits and nuts","Yield","kg/ha",1993,2509.7,"Walnuts, in shell","no"
NA,"World","Fruits and nuts","Yield","kg/ha",1994,2438.3,"Walnuts, in shell","no"
NA,"World","Fruits and nuts","Yield","kg/ha",1995,2365.9,"Walnuts, in shell","no"
NA,"World","Fruits and nuts","Yield","kg/ha",1996,2357.1,"Walnuts, in shell","no"
NA,"World","Fruits and nuts","Yield","kg/ha",1997,2427.7,"Walnuts, in shell","no"
NA,"World","Fruits and nuts","Yield","kg/ha",1998,2320.5,"Walnuts, in shell","no"
NA,"World","Fruits and nuts","Yield","kg/ha",1999,2389.2,"Walnuts, in shell","no"
NA,"World","Fruits and nuts","Yield","kg/ha",2000,2363.5,"Walnuts, in shell","no"
NA,"World","Fruits and nuts","Yield","kg/ha",2001,2370.7,"Walnuts, in shell","no"
NA,"World","Fruits and nuts","Yield","kg/ha",2002,2481.6,"Walnuts, in shell","no"
NA,"World","Fruits and nuts","Yield","kg/ha",2003,2661.4,"Walnuts, in shell","no"
NA,"World","Fruits and nuts","Yield","kg/ha",2004,2569.6,"Walnuts, in shell","no"
NA,"World","Fruits and nuts","Yield","kg/ha",2005,2879.5,"Walnuts, in shell","no"
NA,"World","Fruits and nuts","Yield","kg/ha",2006,2746.1,"Walnuts, in shell","no"
NA,"World","Fruits and nuts","Yield","kg/ha",2007,2846.1,"Walnuts, in shell","no"
NA,"World","Fruits and nuts","Yield","kg/ha",2008,2877.2,"Walnuts, in shell","no"
NA,"World","Fruits and nuts","Yield","kg/ha",2009,2998.1,"Walnuts, in shell","no"
NA,"World","Fruits and nuts","Yield","kg/ha",2010,2900,"Walnuts, in shell","no"
NA,"World","Fruits and nuts","Yield","kg/ha",2011,2991.9,"Walnuts, in shell","no"
NA,"World","Fruits and nuts","Yield","kg/ha",2012,2999.9,"Walnuts, in shell","no"
NA,"World","Fruits and nuts","Yield","kg/ha",2013,2900.3,"Walnuts, in shell","no"
NA,"World","Fruits and nuts","Yield","kg/ha",2014,3029.9,"Walnuts, in shell","no"
NA,"World","Fruits and nuts","Yield","kg/ha",2015,3075.6,"Walnuts, in shell","no"
NA,"World","Fruits and nuts","Yield","kg/ha",2016,3191.5,"Walnuts, in shell","no"
NA,"World","Fruits and nuts","Yield","kg/ha",2017,3259.4,"Walnuts, in shell","no"
NA,"World","Fruits and nuts","Yield","kg/ha",2018,3166.6,"Walnuts, in shell","no"
NA,"World","Fruits and nuts","Yield","kg/ha",2019,3041.4,"Walnuts, in shell","no"
NA,"World","Fruits and nuts","Yield","kg/ha",2020,3154.8,"Walnuts, in shell","no"
NA,"World","Fruits and nuts","Yield","kg/ha",2021,3126.7,"Walnuts, in shell","no"
NA,"World","Fruits and nuts","Yield","kg/ha",2022,3161.9,"Walnuts, in shell","no"
NA,"World","Fruits and nuts","Yield","kg/ha",2023,3185.9,"Walnuts, in shell","no"
NA,"World","Fruits and nuts","Production","t",1992,940243.8,"Walnuts, in shell","no"
NA,"World","Fruits and nuts","Production","t",1993,1107485.03,"Walnuts, in shell","no"
NA,"World","Fruits and nuts","Production","t",1994,1055641.01,"Walnuts, in shell","no"
NA,"World","Fruits and nuts","Production","t",1995,1063926.03,"Walnuts, in shell","no"
NA,"World","Fruits and nuts","Production","t",1996,1096252.12,"Walnuts, in shell","no"
NA,"World","Fruits and nuts","Production","t",1997,1129980.58,"Walnuts, in shell","no"
NA,"World","Fruits and nuts","Production","t",1998,1196367.98,"Walnuts, in shell","no"
NA,"World","Fruits and nuts","Production","t",1999,1259557.23,"Walnuts, in shell","no"
NA,"World","Fruits and nuts","Production","t",2000,1287662.57,"Walnuts, in shell","no"
NA,"World","Fruits and nuts","Production","t",2001,1327394.47,"Walnuts, in shell","no"
NA,"World","Fruits and nuts","Production","t",2002,1415575.13,"Walnuts, in shell","no"
NA,"World","Fruits and nuts","Production","t",2003,1591455.94,"Walnuts, in shell","no"
NA,"World","Fruits and nuts","Production","t",2004,1569648.96,"Walnuts, in shell","no"
NA,"World","Fruits and nuts","Production","t",2005,1816976.56,"Walnuts, in shell","no"
NA,"World","Fruits and nuts","Production","t",2006,1867375.56,"Walnuts, in shell","no"
NA,"World","Fruits and nuts","Production","t",2007,1995134.48,"Walnuts, in shell","no"
NA,"World","Fruits and nuts","Production","t",2008,2255247.39,"Walnuts, in shell","no"
NA,"World","Fruits and nuts","Production","t",2009,2489066.03,"Walnuts, in shell","no"
NA,"World","Fruits and nuts","Production","t",2010,2780468.62,"Walnuts, in shell","no"
NA,"World","Fruits and nuts","Production","t",2011,3210852.52,"Walnuts, in shell","no"
NA,"World","Fruits and nuts","Production","t",2012,2368722.7,"Walnuts, in shell","no"
NA,"World","Fruits and nuts","Production","t",2013,2442678.78,"Walnuts, in shell","no"
NA,"World","Fruits and nuts","Production","t",2014,2803597.6,"Walnuts, in shell","no"
NA,"World","Fruits and nuts","Production","t",2015,3057259.09,"Walnuts, in shell","no"
NA,"World","Fruits and nuts","Production","t",2016,3102215.75,"Walnuts, in shell","no"
NA,"World","Fruits and nuts","Production","t",2017,3073361.72,"Walnuts, in shell","no"
NA,"World","Fruits and nuts","Production","t",2018,2991670.67,"Walnuts, in shell","no"
NA,"World","Fruits and nuts","Production","t",2019,3114431.3,"Walnuts, in shell","no"
NA,"World","Fruits and nuts","Production","t",2020,3453596.05,"Walnuts, in shell","no"
NA,"World","Fruits and nuts","Production","t",2021,3521764.39,"Walnuts, in shell","no"
NA,"World","Fruits and nuts","Production","t",2022,3903413.9,"Walnuts, in shell","no"
NA,"World","Fruits and nuts","Production","t",2023,3988642.91,"Walnuts, in shell","no"
NA,"World","Vegetables","Area harvested","ha",1992,2227244,"Watermelons","no"
NA,"World","Vegetables","Area harvested","ha",1993,2251730,"Watermelons","no"
NA,"World","Vegetables","Area harvested","ha",1994,2214568,"Watermelons","no"
NA,"World","Vegetables","Area harvested","ha",1995,2333928,"Watermelons","no"
NA,"World","Vegetables","Area harvested","ha",1996,2454050,"Watermelons","no"
NA,"World","Vegetables","Area harvested","ha",1997,2559675,"Watermelons","no"
NA,"World","Vegetables","Area harvested","ha",1998,2831843,"Watermelons","no"
NA,"World","Vegetables","Area harvested","ha",1999,3007504,"Watermelons","no"
NA,"World","Vegetables","Area harvested","ha",2000,3151667,"Watermelons","no"
NA,"World","Vegetables","Area harvested","ha",2001,3260879,"Watermelons","no"
NA,"World","Vegetables","Area harvested","ha",2002,3309798,"Watermelons","no"
NA,"World","Vegetables","Area harvested","ha",2003,3444915,"Watermelons","no"
NA,"World","Vegetables","Area harvested","ha",2004,3239671,"Watermelons","no"
NA,"World","Vegetables","Area harvested","ha",2005,3251742,"Watermelons","no"
NA,"World","Vegetables","Area harvested","ha",2006,3338593,"Watermelons","no"
NA,"World","Vegetables","Area harvested","ha",2007,3227307,"Watermelons","no"
NA,"World","Vegetables","Area harvested","ha",2008,3145479,"Watermelons","no"
NA,"World","Vegetables","Area harvested","ha",2009,3165035,"Watermelons","no"
NA,"World","Vegetables","Area harvested","ha",2010,3202239,"Watermelons","no"
NA,"World","Vegetables","Area harvested","ha",2011,3201248,"Watermelons","no"
NA,"World","Vegetables","Area harvested","ha",2012,3126375,"Watermelons","no"
NA,"World","Vegetables","Area harvested","ha",2013,3146614,"Watermelons","no"
NA,"World","Vegetables","Area harvested","ha",2014,3158878,"Watermelons","no"
NA,"World","Vegetables","Area harvested","ha",2015,3170048,"Watermelons","no"
NA,"World","Vegetables","Area harvested","ha",2016,3202333,"Watermelons","no"
NA,"World","Vegetables","Area harvested","ha",2017,3089539,"Watermelons","no"
NA,"World","Vegetables","Area harvested","ha",2018,3098794,"Watermelons","no"
NA,"World","Vegetables","Area harvested","ha",2019,3154134,"Watermelons","no"
NA,"World","Vegetables","Area harvested","ha",2020,3159850,"Watermelons","no"
NA,"World","Vegetables","Area harvested","ha",2021,3084133,"Watermelons","no"
NA,"World","Vegetables","Area harvested","ha",2022,3028777,"Watermelons","no"
NA,"World","Vegetables","Area harvested","ha",2023,3042931,"Watermelons","no"
NA,"World","Vegetables","Yield","kg/ha",1992,16297.4,"Watermelons","no"
NA,"World","Vegetables","Yield","kg/ha",1993,16987.2,"Watermelons","no"
NA,"World","Vegetables","Yield","kg/ha",1994,17338.3,"Watermelons","no"
NA,"World","Vegetables","Yield","kg/ha",1995,17836.7,"Watermelons","no"
NA,"World","Vegetables","Yield","kg/ha",1996,19413.1,"Watermelons","no"
NA,"World","Vegetables","Yield","kg/ha",1997,23374.1,"Watermelons","no"
NA,"World","Vegetables","Yield","kg/ha",1998,21640.8,"Watermelons","no"
NA,"World","Vegetables","Yield","kg/ha",1999,24353.9,"Watermelons","no"
NA,"World","Vegetables","Yield","kg/ha",2000,24330.8,"Watermelons","no"
NA,"World","Vegetables","Yield","kg/ha",2001,25593.7,"Watermelons","no"
NA,"World","Vegetables","Yield","kg/ha",2002,27329.3,"Watermelons","no"
NA,"World","Vegetables","Yield","kg/ha",2003,25710.1,"Watermelons","no"
NA,"World","Vegetables","Yield","kg/ha",2004,27228.8,"Watermelons","no"
NA,"World","Vegetables","Yield","kg/ha",2005,28038.8,"Watermelons","no"
NA,"World","Vegetables","Yield","kg/ha",2006,28049.6,"Watermelons","no"
NA,"World","Vegetables","Yield","kg/ha",2007,26868.5,"Watermelons","no"
NA,"World","Vegetables","Yield","kg/ha",2008,28378.4,"Watermelons","no"
NA,"World","Vegetables","Yield","kg/ha",2009,28912.8,"Watermelons","no"
NA,"World","Vegetables","Yield","kg/ha",2010,29205.7,"Watermelons","no"
NA,"World","Vegetables","Yield","kg/ha",2011,29543.9,"Watermelons","no"
NA,"World","Vegetables","Yield","kg/ha",2012,30768.3,"Watermelons","no"
NA,"World","Vegetables","Yield","kg/ha",2013,31000.4,"Watermelons","no"
NA,"World","Vegetables","Yield","kg/ha",2014,31410.6,"Watermelons","no"
NA,"World","Vegetables","Yield","kg/ha",2015,31866.4,"Watermelons","no"
NA,"World","Vegetables","Yield","kg/ha",2016,31982.8,"Watermelons","no"
NA,"World","Vegetables","Yield","kg/ha",2017,32678,"Watermelons","no"
NA,"World","Vegetables","Yield","kg/ha",2018,32608.2,"Watermelons","no"
NA,"World","Vegetables","Yield","kg/ha",2019,32373.1,"Watermelons","no"
NA,"World","Vegetables","Yield","kg/ha",2020,33018.7,"Watermelons","no"
NA,"World","Vegetables","Yield","kg/ha",2021,33304.7,"Watermelons","no"
NA,"World","Vegetables","Yield","kg/ha",2022,34021.4,"Watermelons","no"
NA,"World","Vegetables","Yield","kg/ha",2023,34483.9,"Watermelons","no"
NA,"World","Vegetables","Production","t",1992,36298249.5,"Watermelons","no"
NA,"World","Vegetables","Production","t",1993,38250481.55,"Watermelons","no"
NA,"World","Vegetables","Production","t",1994,38396780.17,"Watermelons","no"
NA,"World","Vegetables","Production","t",1995,41629489.79,"Watermelons","no"
NA,"World","Vegetables","Production","t",1996,47640784.13,"Watermelons","no"
NA,"World","Vegetables","Production","t",1997,59830048.74,"Watermelons","no"
NA,"World","Vegetables","Production","t",1998,61283262.69,"Watermelons","no"
NA,"World","Vegetables","Production","t",1999,73244540.12,"Watermelons","no"
NA,"World","Vegetables","Production","t",2000,76682625.49,"Watermelons","no"
NA,"World","Vegetables","Production","t",2001,83457942.77,"Watermelons","no"
NA,"World","Vegetables","Production","t",2002,90454622.61,"Watermelons","no"
NA,"World","Vegetables","Production","t",2003,88569264.69,"Watermelons","no"
NA,"World","Vegetables","Production","t",2004,88212495.67,"Watermelons","no"
NA,"World","Vegetables","Production","t",2005,91175031.53,"Watermelons","no"
NA,"World","Vegetables","Production","t",2006,93646135.65,"Watermelons","no"
NA,"World","Vegetables","Production","t",2007,86713001.78,"Watermelons","no"
NA,"World","Vegetables","Production","t",2008,89263740.61,"Watermelons","no"
NA,"World","Vegetables","Production","t",2009,91510041.96,"Watermelons","no"
NA,"World","Vegetables","Production","t",2010,93523696.06,"Watermelons","no"
NA,"World","Vegetables","Production","t",2011,94577438.08,"Watermelons","no"
NA,"World","Vegetables","Production","t",2012,96193347.22,"Watermelons","no"
NA,"World","Vegetables","Production","t",2013,97546164.97,"Watermelons","no"
NA,"World","Vegetables","Production","t",2014,99222324.77,"Watermelons","no"
NA,"World","Vegetables","Production","t",2015,101018086.75,"Watermelons","no"
NA,"World","Vegetables","Production","t",2016,102419474.24,"Watermelons","no"
NA,"World","Vegetables","Production","t",2017,100959882.75,"Watermelons","no"
NA,"World","Vegetables","Production","t",2018,101046103.04,"Watermelons","no"
NA,"World","Vegetables","Production","t",2019,102108964.86,"Watermelons","no"
NA,"World","Vegetables","Production","t",2020,104334182.13,"Watermelons","no"
NA,"World","Vegetables","Production","t",2021,102716218.95,"Watermelons","no"
NA,"World","Vegetables","Production","t",2022,103043171.16,"Watermelons","no"
NA,"World","Vegetables","Production","t",2023,104932071.27,"Watermelons","no"
NA,"World","Cereals","Area harvested","ha",1992,221361128,"Wheat","no"
NA,"World","Cereals","Area harvested","ha",1993,221913069,"Wheat","no"
NA,"World","Cereals","Area harvested","ha",1994,215098292,"Wheat","no"
NA,"World","Cereals","Area harvested","ha",1995,215085048,"Wheat","no"
NA,"World","Cereals","Area harvested","ha",1996,222862841,"Wheat","no"
NA,"World","Cereals","Area harvested","ha",1997,227978930,"Wheat","no"
NA,"World","Cereals","Area harvested","ha",1998,219227076,"Wheat","no"
NA,"World","Cereals","Area harvested","ha",1999,211738947,"Wheat","no"
NA,"World","Cereals","Area harvested","ha",2000,215129132,"Wheat","no"
NA,"World","Cereals","Area harvested","ha",2001,214551062,"Wheat","no"
NA,"World","Cereals","Area harvested","ha",2002,214893609,"Wheat","no"
NA,"World","Cereals","Area harvested","ha",2003,207428354,"Wheat","no"
NA,"World","Cereals","Area harvested","ha",2004,215679406,"Wheat","no"
NA,"World","Cereals","Area harvested","ha",2005,221665780,"Wheat","no"
NA,"World","Cereals","Area harvested","ha",2006,212554657,"Wheat","no"
NA,"World","Cereals","Area harvested","ha",2007,215455649,"Wheat","no"
NA,"World","Cereals","Area harvested","ha",2008,222138042,"Wheat","no"
NA,"World","Cereals","Area harvested","ha",2009,225208694,"Wheat","no"
NA,"World","Cereals","Area harvested","ha",2010,215605057,"Wheat","no"
NA,"World","Cereals","Area harvested","ha",2011,220266515,"Wheat","no"
NA,"World","Cereals","Area harvested","ha",2012,217793789,"Wheat","no"
NA,"World","Cereals","Area harvested","ha",2013,218430701,"Wheat","no"
NA,"World","Cereals","Area harvested","ha",2014,219541345,"Wheat","no"
NA,"World","Cereals","Area harvested","ha",2015,222965898,"Wheat","no"
NA,"World","Cereals","Area harvested","ha",2016,218953770,"Wheat","no"
NA,"World","Cereals","Area harvested","ha",2017,217185610,"Wheat","no"
NA,"World","Cereals","Area harvested","ha",2018,212701512,"Wheat","no"
NA,"World","Cereals","Area harvested","ha",2019,213501384,"Wheat","no"
NA,"World","Cereals","Area harvested","ha",2020,217208936,"Wheat","no"
NA,"World","Cereals","Area harvested","ha",2021,219887188,"Wheat","no"
NA,"World","Cereals","Area harvested","ha",2022,219033837,"Wheat","no"
NA,"World","Cereals","Area harvested","ha",2023,220407070,"Wheat","no"
NA,"World","Cereals","Yield","kg/ha",1992,2534,"Wheat","no"
NA,"World","Cereals","Yield","kg/ha",1993,2537,"Wheat","no"
NA,"World","Cereals","Yield","kg/ha",1994,2477.7,"Wheat","no"
NA,"World","Cereals","Yield","kg/ha",1995,2495.8,"Wheat","no"
NA,"World","Cereals","Yield","kg/ha",1996,2564,"Wheat","no"
NA,"World","Cereals","Yield","kg/ha",1997,2715.7,"Wheat","no"
NA,"World","Cereals","Yield","kg/ha",1998,2706.3,"Wheat","no"
NA,"World","Cereals","Yield","kg/ha",1999,2746.2,"Wheat","no"
NA,"World","Cereals","Yield","kg/ha",2000,2731.6,"Wheat","no"
NA,"World","Cereals","Yield","kg/ha",2001,2741.7,"Wheat","no"
NA,"World","Cereals","Yield","kg/ha",2002,2755.1,"Wheat","no"
NA,"World","Cereals","Yield","kg/ha",2003,2651.4,"Wheat","no"
NA,"World","Cereals","Yield","kg/ha",2004,2942.6,"Wheat","no"
NA,"World","Cereals","Yield","kg/ha",2005,2828.7,"Wheat","no"
NA,"World","Cereals","Yield","kg/ha",2006,2890.5,"Wheat","no"
NA,"World","Cereals","Yield","kg/ha",2007,2815.4,"Wheat","no"
NA,"World","Cereals","Yield","kg/ha",2008,3062.5,"Wheat","no"
NA,"World","Cereals","Yield","kg/ha",2009,3035.6,"Wheat","no"
NA,"World","Cereals","Yield","kg/ha",2010,2972.1,"Wheat","no"
NA,"World","Cereals","Yield","kg/ha",2011,3163.9,"Wheat","no"
NA,"World","Cereals","Yield","kg/ha",2012,3093.4,"Wheat","no"
NA,"World","Cereals","Yield","kg/ha",2013,3251.2,"Wheat","no"
NA,"World","Cereals","Yield","kg/ha",2014,3319.5,"Wheat","no"
NA,"World","Cereals","Yield","kg/ha",2015,3327.2,"Wheat","no"
NA,"World","Cereals","Yield","kg/ha",2016,3418.3,"Wheat","no"
NA,"World","Cereals","Yield","kg/ha",2017,3557.3,"Wheat","no"
NA,"World","Cereals","Yield","kg/ha",2018,3444.5,"Wheat","no"
NA,"World","Cereals","Yield","kg/ha",2019,3575,"Wheat","no"
NA,"World","Cereals","Yield","kg/ha",2020,3499.6,"Wheat","no"
NA,"World","Cereals","Yield","kg/ha",2021,3522.9,"Wheat","no"
NA,"World","Cereals","Yield","kg/ha",2022,3704.4,"Wheat","no"
NA,"World","Cereals","Yield","kg/ha",2023,3625,"Wheat","no"
NA,"World","Cereals","Production","t",1992,560930669.32,"Wheat","no"
NA,"World","Cereals","Production","t",1993,562999443.42,"Wheat","no"
NA,"World","Cereals","Production","t",1994,532953322.66,"Wheat","no"
NA,"World","Cereals","Production","t",1995,536814531.58,"Wheat","no"
NA,"World","Cereals","Production","t",1996,571418932.52,"Wheat","no"
NA,"World","Cereals","Production","t",1997,619129779.96,"Wheat","no"
NA,"World","Cereals","Production","t",1998,593291814.96,"Wheat","no"
NA,"World","Cereals","Production","t",1999,581471237.7,"Wheat","no"
NA,"World","Cereals","Production","t",2000,587648159.85,"Wheat","no"
NA,"World","Cereals","Production","t",2001,588243586.28,"Wheat","no"
NA,"World","Cereals","Production","t",2002,592045285.69,"Wheat","no"
NA,"World","Cereals","Production","t",2003,549974473.24,"Wheat","no"
NA,"World","Cereals","Production","t",2004,634666009.86,"Wheat","no"
NA,"World","Cereals","Production","t",2005,627020836.28,"Wheat","no"
NA,"World","Cereals","Production","t",2006,614381644.71,"Wheat","no"
NA,"World","Cereals","Production","t",2007,606594342.42,"Wheat","no"
NA,"World","Cereals","Production","t",2008,680294966.84,"Wheat","no"
NA,"World","Cereals","Production","t",2009,683638638.66,"Wheat","no"
NA,"World","Cereals","Production","t",2010,640802626.63,"Wheat","no"
NA,"World","Cereals","Production","t",2011,696897832.61,"Wheat","no"
NA,"World","Cereals","Production","t",2012,673731424.14,"Wheat","no"
NA,"World","Cereals","Production","t",2013,710170906.86,"Wheat","no"
NA,"World","Cereals","Production","t",2014,728759658.8,"Wheat","no"
NA,"World","Cereals","Production","t",2015,741847015.19,"Wheat","no"
NA,"World","Cereals","Production","t",2016,748439274.37,"Wheat","no"
NA,"World","Cereals","Production","t",2017,772591036.77,"Wheat","no"
NA,"World","Cereals","Production","t",2018,732646116.5,"Wheat","no"
NA,"World","Cereals","Production","t",2019,763271238.71,"Wheat","no"
NA,"World","Cereals","Production","t",2020,760144478.88,"Wheat","no"
NA,"World","Cereals","Production","t",2021,774642499.71,"Wheat","no"
NA,"World","Cereals","Production","t",2022,811384426.43,"Wheat","no"
NA,"World","Cereals","Production","t",2023,798975306.39,"Wheat","no"
NA,"World","Processed liquid milk, cream and whey","Production","t",1992,111060,"Whey, condensed","no"
NA,"World","Processed liquid milk, cream and whey","Production","t",1993,104104.5,"Whey, condensed","no"
NA,"World","Processed liquid milk, cream and whey","Production","t",1994,129542.5,"Whey, condensed","no"
NA,"World","Processed liquid milk, cream and whey","Production","t",1995,169732.5,"Whey, condensed","no"
NA,"World","Processed liquid milk, cream and whey","Production","t",1996,186474.5,"Whey, condensed","no"
NA,"World","Processed liquid milk, cream and whey","Production","t",1997,187287.5,"Whey, condensed","no"
NA,"World","Processed liquid milk, cream and whey","Production","t",1998,186811.25,"Whey, condensed","no"
NA,"World","Processed liquid milk, cream and whey","Production","t",1999,206605,"Whey, condensed","no"
NA,"World","Processed liquid milk, cream and whey","Production","t",2000,235860,"Whey, condensed","no"
NA,"World","Processed liquid milk, cream and whey","Production","t",2001,201754,"Whey, condensed","no"
NA,"World","Processed liquid milk, cream and whey","Production","t",2002,193846,"Whey, condensed","no"
NA,"World","Processed liquid milk, cream and whey","Production","t",2003,216711.25,"Whey, condensed","no"
NA,"World","Processed liquid milk, cream and whey","Production","t",2004,243979.46,"Whey, condensed","no"
NA,"World","Processed liquid milk, cream and whey","Production","t",2005,249864.75,"Whey, condensed","no"
NA,"World","Processed liquid milk, cream and whey","Production","t",2006,288004,"Whey, condensed","no"
NA,"World","Processed liquid milk, cream and whey","Production","t",2007,404929,"Whey, condensed","no"
NA,"World","Processed liquid milk, cream and whey","Production","t",2008,359941,"Whey, condensed","no"
NA,"World","Processed liquid milk, cream and whey","Production","t",2009,289870.5,"Whey, condensed","no"
NA,"World","Processed liquid milk, cream and whey","Production","t",2010,2811024.46,"Whey, condensed","no"
NA,"World","Processed liquid milk, cream and whey","Production","t",2011,2605252.32,"Whey, condensed","no"
NA,"World","Processed liquid milk, cream and whey","Production","t",2012,2689086.74,"Whey, condensed","no"
NA,"World","Processed liquid milk, cream and whey","Production","t",2013,2062962.97,"Whey, condensed","no"
NA,"World","Processed liquid milk, cream and whey","Production","t",2014,2233065.37,"Whey, condensed","no"
NA,"World","Processed liquid milk, cream and whey","Production","t",2015,2239438.61,"Whey, condensed","no"
NA,"World","Processed liquid milk, cream and whey","Production","t",2016,2274138.25,"Whey, condensed","no"
NA,"World","Processed liquid milk, cream and whey","Production","t",2017,2454178.82,"Whey, condensed","no"
NA,"World","Processed liquid milk, cream and whey","Production","t",2018,2234910.96,"Whey, condensed","no"
NA,"World","Processed liquid milk, cream and whey","Production","t",2019,2475522.62,"Whey, condensed","no"
NA,"World","Processed liquid milk, cream and whey","Production","t",2020,2660644.24,"Whey, condensed","no"
NA,"World","Processed liquid milk, cream and whey","Production","t",2021,2738592.97,"Whey, condensed","no"
NA,"World","Processed liquid milk, cream and whey","Production","t",2022,2530016.3,"Whey, condensed","no"
NA,"World","Processed liquid milk, cream and whey","Production","t",2023,NA,"Whey, condensed","no"
NA,"World","Processed liquid milk, cream and whey","Production","t",1992,1767404.3,"Whey, dry","no"
NA,"World","Processed liquid milk, cream and whey","Production","t",1993,1719871.41,"Whey, dry","no"
NA,"World","Processed liquid milk, cream and whey","Production","t",1994,1727166.61,"Whey, dry","no"
NA,"World","Processed liquid milk, cream and whey","Production","t",1995,1820988.23,"Whey, dry","no"
NA,"World","Processed liquid milk, cream and whey","Production","t",1996,1866441.44,"Whey, dry","no"
NA,"World","Processed liquid milk, cream and whey","Production","t",1997,1838799.67,"Whey, dry","no"
NA,"World","Processed liquid milk, cream and whey","Production","t",1998,1913567.77,"Whey, dry","no"
NA,"World","Processed liquid milk, cream and whey","Production","t",1999,1910095.43,"Whey, dry","no"
NA,"World","Processed liquid milk, cream and whey","Production","t",2000,1959259.74,"Whey, dry","no"
NA,"World","Processed liquid milk, cream and whey","Production","t",2001,1981872.46,"Whey, dry","no"
NA,"World","Processed liquid milk, cream and whey","Production","t",2002,2079475.55,"Whey, dry","no"
NA,"World","Processed liquid milk, cream and whey","Production","t",2003,2054591,"Whey, dry","no"
NA,"World","Processed liquid milk, cream and whey","Production","t",2004,2104505.59,"Whey, dry","no"
NA,"World","Processed liquid milk, cream and whey","Production","t",2005,2213996.16,"Whey, dry","no"
NA,"World","Processed liquid milk, cream and whey","Production","t",2006,2299592.01,"Whey, dry","no"
NA,"World","Processed liquid milk, cream and whey","Production","t",2007,2427116.11,"Whey, dry","no"
NA,"World","Processed liquid milk, cream and whey","Production","t",2008,2456853.08,"Whey, dry","no"
NA,"World","Processed liquid milk, cream and whey","Production","t",2009,2335689.61,"Whey, dry","no"
NA,"World","Processed liquid milk, cream and whey","Production","t",2010,2700790.99,"Whey, dry","no"
NA,"World","Processed liquid milk, cream and whey","Production","t",2011,2647142.97,"Whey, dry","no"
NA,"World","Processed liquid milk, cream and whey","Production","t",2012,2869212.66,"Whey, dry","no"
NA,"World","Processed liquid milk, cream and whey","Production","t",2013,2855615.79,"Whey, dry","no"
NA,"World","Processed liquid milk, cream and whey","Production","t",2014,2852202.62,"Whey, dry","no"
NA,"World","Processed liquid milk, cream and whey","Production","t",2015,2955513.92,"Whey, dry","no"
NA,"World","Processed liquid milk, cream and whey","Production","t",2016,2903616.96,"Whey, dry","no"
NA,"World","Processed liquid milk, cream and whey","Production","t",2017,3073529.93,"Whey, dry","no"
NA,"World","Processed liquid milk, cream and whey","Production","t",2018,3107389.19,"Whey, dry","no"
NA,"World","Processed liquid milk, cream and whey","Production","t",2019,3251427.86,"Whey, dry","no"
NA,"World","Processed liquid milk, cream and whey","Production","t",2020,3154943.08,"Whey, dry","no"
NA,"World","Processed liquid milk, cream and whey","Production","t",2021,3278157.57,"Whey, dry","no"
NA,"World","Processed liquid milk, cream and whey","Production","t",2022,3248981.11,"Whey, dry","no"
NA,"World","Processed liquid milk, cream and whey","Production","t",2023,NA,"Whey, dry","no"
NA,"World","Other dairy products","Production","t",1992,2224249.49,"Whole milk powder","no"
NA,"World","Other dairy products","Production","t",1993,2195019.06,"Whole milk powder","no"
NA,"World","Other dairy products","Production","t",1994,2304508.76,"Whole milk powder","no"
NA,"World","Other dairy products","Production","t",1995,2300789.44,"Whole milk powder","no"
NA,"World","Other dairy products","Production","t",1996,2256910.23,"Whole milk powder","no"
NA,"World","Other dairy products","Production","t",1997,2353176.44,"Whole milk powder","no"
NA,"World","Other dairy products","Production","t",1998,2421885.53,"Whole milk powder","no"
NA,"World","Other dairy products","Production","t",1999,2423349.34,"Whole milk powder","no"
NA,"World","Other dairy products","Production","t",2000,2506371.15,"Whole milk powder","no"
NA,"World","Other dairy products","Production","t",2001,2683164.13,"Whole milk powder","no"
NA,"World","Other dairy products","Production","t",2002,2739866.69,"Whole milk powder","no"
NA,"World","Other dairy products","Production","t",2003,2781771.74,"Whole milk powder","no"
NA,"World","Other dairy products","Production","t",2004,2826995.42,"Whole milk powder","no"
NA,"World","Other dairy products","Production","t",2005,2826534.44,"Whole milk powder","no"
NA,"World","Other dairy products","Production","t",2006,2821929.11,"Whole milk powder","no"
NA,"World","Other dairy products","Production","t",2007,2867904.3,"Whole milk powder","no"
NA,"World","Other dairy products","Production","t",2008,3039741.36,"Whole milk powder","no"
NA,"World","Other dairy products","Production","t",2009,3050780.53,"Whole milk powder","no"
NA,"World","Other dairy products","Production","t",2010,3034765.23,"Whole milk powder","no"
NA,"World","Other dairy products","Production","t",2011,3043117.05,"Whole milk powder","no"
NA,"World","Other dairy products","Production","t",2012,3380998.22,"Whole milk powder","no"
NA,"World","Other dairy products","Production","t",2013,3385303.3,"Whole milk powder","no"
NA,"World","Other dairy products","Production","t",2014,3876325.37,"Whole milk powder","no"
NA,"World","Other dairy products","Production","t",2015,3899482.47,"Whole milk powder","no"
NA,"World","Other dairy products","Production","t",2016,3709595.86,"Whole milk powder","no"
NA,"World","Other dairy products","Production","t",2017,3798439.18,"Whole milk powder","no"
NA,"World","Other dairy products","Production","t",2018,3925659.93,"Whole milk powder","no"
NA,"World","Other dairy products","Production","t",2019,3944508.77,"Whole milk powder","no"
NA,"World","Other dairy products","Production","t",2020,4104331.52,"Whole milk powder","no"
NA,"World","Other dairy products","Production","t",2021,4073712.54,"Whole milk powder","no"
NA,"World","Other dairy products","Production","t",2022,3747211.46,"Whole milk powder","no"
NA,"World","Other dairy products","Production","t",2023,NA,"Whole milk powder","no"
NA,"World","Other dairy products","Production","t",1992,714516.11,"Whole milk, condensed","no"
NA,"World","Other dairy products","Production","t",1993,716881.06,"Whole milk, condensed","no"
NA,"World","Other dairy products","Production","t",1994,727907.96,"Whole milk, condensed","no"
NA,"World","Other dairy products","Production","t",1995,725775.21,"Whole milk, condensed","no"
NA,"World","Other dairy products","Production","t",1996,749343.46,"Whole milk, condensed","no"
NA,"World","Other dairy products","Production","t",1997,760568.23,"Whole milk, condensed","no"
NA,"World","Other dairy products","Production","t",1998,699236.18,"Whole milk, condensed","no"
NA,"World","Other dairy products","Production","t",1999,700647.64,"Whole milk, condensed","no"
NA,"World","Other dairy products","Production","t",2000,666976.1,"Whole milk, condensed","no"
NA,"World","Other dairy products","Production","t",2001,706290.45,"Whole milk, condensed","no"
NA,"World","Other dairy products","Production","t",2002,716253.19,"Whole milk, condensed","no"
NA,"World","Other dairy products","Production","t",2003,764182.42,"Whole milk, condensed","no"
NA,"World","Other dairy products","Production","t",2004,790583.42,"Whole milk, condensed","no"
NA,"World","Other dairy products","Production","t",2005,843558.46,"Whole milk, condensed","no"
NA,"World","Other dairy products","Production","t",2006,852170.72,"Whole milk, condensed","no"
NA,"World","Other dairy products","Production","t",2007,864925.44,"Whole milk, condensed","no"
NA,"World","Other dairy products","Production","t",2008,897502.99,"Whole milk, condensed","no"
NA,"World","Other dairy products","Production","t",2009,960042.66,"Whole milk, condensed","no"
NA,"World","Other dairy products","Production","t",2010,1712135.01,"Whole milk, condensed","no"
NA,"World","Other dairy products","Production","t",2011,1750255.02,"Whole milk, condensed","no"
NA,"World","Other dairy products","Production","t",2012,1777022.27,"Whole milk, condensed","no"
NA,"World","Other dairy products","Production","t",2013,1685192.4,"Whole milk, condensed","no"
NA,"World","Other dairy products","Production","t",2014,1963767.6,"Whole milk, condensed","no"
NA,"World","Other dairy products","Production","t",2015,1978358.97,"Whole milk, condensed","no"
NA,"World","Other dairy products","Production","t",2016,1957297.34,"Whole milk, condensed","no"
NA,"World","Other dairy products","Production","t",2017,1998127.56,"Whole milk, condensed","no"
NA,"World","Other dairy products","Production","t",2018,2033782.66,"Whole milk, condensed","no"
NA,"World","Other dairy products","Production","t",2019,2080954.88,"Whole milk, condensed","no"
NA,"World","Other dairy products","Production","t",2020,1944345.97,"Whole milk, condensed","no"
NA,"World","Other dairy products","Production","t",2021,1988477.89,"Whole milk, condensed","no"
NA,"World","Other dairy products","Production","t",2022,2077420.93,"Whole milk, condensed","no"
NA,"World","Other dairy products","Production","t",2023,NA,"Whole milk, condensed","no"
NA,"World","Other dairy products","Production","t",1992,2963885.36,"Whole milk, evaporated","no"
NA,"World","Other dairy products","Production","t",1993,2793432.62,"Whole milk, evaporated","no"
NA,"World","Other dairy products","Production","t",1994,2634022.09,"Whole milk, evaporated","no"
NA,"World","Other dairy products","Production","t",1995,2576111.1,"Whole milk, evaporated","no"
NA,"World","Other dairy products","Production","t",1996,2479758.1,"Whole milk, evaporated","no"
NA,"World","Other dairy products","Production","t",1997,2476872.27,"Whole milk, evaporated","no"
NA,"World","Other dairy products","Production","t",1998,2333684.47,"Whole milk, evaporated","no"
NA,"World","Other dairy products","Production","t",1999,2371324.56,"Whole milk, evaporated","no"
NA,"World","Other dairy products","Production","t",2000,2387718.61,"Whole milk, evaporated","no"
NA,"World","Other dairy products","Production","t",2001,2553706.73,"Whole milk, evaporated","no"
NA,"World","Other dairy products","Production","t",2002,2714782.46,"Whole milk, evaporated","no"
NA,"World","Other dairy products","Production","t",2003,2410218.29,"Whole milk, evaporated","no"
NA,"World","Other dairy products","Production","t",2004,2466098.78,"Whole milk, evaporated","no"
NA,"World","Other dairy products","Production","t",2005,2474284.78,"Whole milk, evaporated","no"
NA,"World","Other dairy products","Production","t",2006,2421436.45,"Whole milk, evaporated","no"
NA,"World","Other dairy products","Production","t",2007,2445675.24,"Whole milk, evaporated","no"
NA,"World","Other dairy products","Production","t",2008,2683489.93,"Whole milk, evaporated","no"
NA,"World","Other dairy products","Production","t",2009,2654718.55,"Whole milk, evaporated","no"
NA,"World","Other dairy products","Production","t",2010,2755071.64,"Whole milk, evaporated","no"
NA,"World","Other dairy products","Production","t",2011,2752774.68,"Whole milk, evaporated","no"
NA,"World","Other dairy products","Production","t",2012,2812695.78,"Whole milk, evaporated","no"
NA,"World","Other dairy products","Production","t",2013,2687653.83,"Whole milk, evaporated","no"
NA,"World","Other dairy products","Production","t",2014,2645536.27,"Whole milk, evaporated","no"
NA,"World","Other dairy products","Production","t",2015,2739685.18,"Whole milk, evaporated","no"
NA,"World","Other dairy products","Production","t",2016,2776876.39,"Whole milk, evaporated","no"
NA,"World","Other dairy products","Production","t",2017,2792747.32,"Whole milk, evaporated","no"
NA,"World","Other dairy products","Production","t",2018,2802941.75,"Whole milk, evaporated","no"
NA,"World","Other dairy products","Production","t",2019,2759573.26,"Whole milk, evaporated","no"
NA,"World","Other dairy products","Production","t",2020,3090839.78,"Whole milk, evaporated","no"
NA,"World","Other dairy products","Production","t",2021,2972997.27,"Whole milk, evaporated","no"
NA,"World","Other dairy products","Production","t",2022,3038048.28,"Whole milk, evaporated","no"
NA,"World","Other dairy products","Production","t",2023,NA,"Whole milk, evaporated","no"
NA,"World","Wines","Production","t",1992,29064224.17,"Wine","no"
NA,"World","Wines","Production","t",1993,25895195.43,"Wine","no"
NA,"World","Wines","Production","t",1994,25686195.83,"Wine","no"
NA,"World","Wines","Production","t",1995,25359931.01,"Wine","no"
NA,"World","Wines","Production","t",1996,27263041.01,"Wine","no"
NA,"World","Wines","Production","t",1997,26670610.59,"Wine","no"
NA,"World","Wines","Production","t",1998,26470134.09,"Wine","no"
NA,"World","Wines","Production","t",1999,28522990.32,"Wine","no"
NA,"World","Wines","Production","t",2000,28314757.88,"Wine","no"
NA,"World","Wines","Production","t",2001,27003812.52,"Wine","no"
NA,"World","Wines","Production","t",2002,26007490.63,"Wine","no"
NA,"World","Wines","Production","t",2003,26882914.05,"Wine","no"
NA,"World","Wines","Production","t",2004,30759976.12,"Wine","no"
NA,"World","Wines","Production","t",2005,28532149.7,"Wine","no"
NA,"World","Wines","Production","t",2006,28359521.14,"Wine","no"
NA,"World","Wines","Production","t",2007,26472379.95,"Wine","no"
NA,"World","Wines","Production","t",2008,27212957.44,"Wine","no"
NA,"World","Wines","Production","t",2009,26777435.07,"Wine","no"
NA,"World","Wines","Production","t",2010,26625219.56,"Wine","no"
NA,"World","Wines","Production","t",2011,27066735.26,"Wine","no"
NA,"World","Wines","Production","t",2012,25718870.05,"Wine","no"
NA,"World","Wines","Production","t",2013,28918228.97,"Wine","no"
NA,"World","Wines","Production","t",2014,28280554.72,"Wine","no"
NA,"World","Wines","Production","t",2015,28700532.82,"Wine","no"
NA,"World","Wines","Production","t",2016,27684539.81,"Wine","no"
NA,"World","Wines","Production","t",2017,25463416.33,"Wine","no"
NA,"World","Wines","Production","t",2018,29520177.56,"Wine","no"
NA,"World","Wines","Production","t",2019,27077035.54,"Wine","no"
NA,"World","Wines","Production","t",2020,27129413.09,"Wine","no"
NA,"World","Wines","Production","t",2021,26562091.07,"Wine","no"
NA,"World","Wines","Production","t",2022,27354650.12,"Wine","no"
NA,"World","Wines","Production","t",2023,NA,"Wine","no"
NA,"World","Edible roots and tubers with high starch or inulin content","Area harvested","ha",1992,2892801,"Yams","no"
NA,"World","Edible roots and tubers with high starch or inulin content","Area harvested","ha",1993,3021754,"Yams","no"
NA,"World","Edible roots and tubers with high starch or inulin content","Area harvested","ha",1994,3155707,"Yams","no"
NA,"World","Edible roots and tubers with high starch or inulin content","Area harvested","ha",1995,3237455,"Yams","no"
NA,"World","Edible roots and tubers with high starch or inulin content","Area harvested","ha",1996,3346067,"Yams","no"
NA,"World","Edible roots and tubers with high starch or inulin content","Area harvested","ha",1997,3370711,"Yams","no"
NA,"World","Edible roots and tubers with high starch or inulin content","Area harvested","ha",1998,3956699,"Yams","no"
NA,"World","Edible roots and tubers with high starch or inulin content","Area harvested","ha",1999,3965324,"Yams","no"
NA,"World","Edible roots and tubers with high starch or inulin content","Area harvested","ha",2000,4033244,"Yams","no"
NA,"World","Edible roots and tubers with high starch or inulin content","Area harvested","ha",2001,4113935,"Yams","no"
NA,"World","Edible roots and tubers with high starch or inulin content","Area harvested","ha",2002,4276235,"Yams","no"
NA,"World","Edible roots and tubers with high starch or inulin content","Area harvested","ha",2003,4336582,"Yams","no"
NA,"World","Edible roots and tubers with high starch or inulin content","Area harvested","ha",2004,4402159,"Yams","no"
NA,"World","Edible roots and tubers with high starch or inulin content","Area harvested","ha",2005,4599459,"Yams","no"
NA,"World","Edible roots and tubers with high starch or inulin content","Area harvested","ha",2006,4676030,"Yams","no"
NA,"World","Edible roots and tubers with high starch or inulin content","Area harvested","ha",2007,4844454,"Yams","no"
NA,"World","Edible roots and tubers with high starch or inulin content","Area harvested","ha",2008,4919951,"Yams","no"
NA,"World","Edible roots and tubers with high starch or inulin content","Area harvested","ha",2009,4768685,"Yams","no"
NA,"World","Edible roots and tubers with high starch or inulin content","Area harvested","ha",2010,4929898,"Yams","no"
NA,"World","Edible roots and tubers with high starch or inulin content","Area harvested","ha",2011,6531744,"Yams","no"
NA,"World","Edible roots and tubers with high starch or inulin content","Area harvested","ha",2012,6674156,"Yams","no"
NA,"World","Edible roots and tubers with high starch or inulin content","Area harvested","ha",2013,7270427,"Yams","no"
NA,"World","Edible roots and tubers with high starch or inulin content","Area harvested","ha",2014,7612917,"Yams","no"
NA,"World","Edible roots and tubers with high starch or inulin content","Area harvested","ha",2015,7732987,"Yams","no"
NA,"World","Edible roots and tubers with high starch or inulin content","Area harvested","ha",2016,7778301,"Yams","no"
NA,"World","Edible roots and tubers with high starch or inulin content","Area harvested","ha",2017,7810830,"Yams","no"
NA,"World","Edible roots and tubers with high starch or inulin content","Area harvested","ha",2018,8068793,"Yams","no"
NA,"World","Edible roots and tubers with high starch or inulin content","Area harvested","ha",2019,9505991,"Yams","no"
NA,"World","Edible roots and tubers with high starch or inulin content","Area harvested","ha",2020,9928432,"Yams","no"
NA,"World","Edible roots and tubers with high starch or inulin content","Area harvested","ha",2021,10361204,"Yams","no"
NA,"World","Edible roots and tubers with high starch or inulin content","Area harvested","ha",2022,10415168,"Yams","no"
NA,"World","Edible roots and tubers with high starch or inulin content","Area harvested","ha",2023,10609000,"Yams","no"
NA,"World","Edible roots and tubers with high starch or inulin content","Yield","kg/ha",1992,10370.4,"Yams","no"
NA,"World","Edible roots and tubers with high starch or inulin content","Yield","kg/ha",1993,10685.8,"Yams","no"
NA,"World","Edible roots and tubers with high starch or inulin content","Yield","kg/ha",1994,10503.7,"Yams","no"
NA,"World","Edible roots and tubers with high starch or inulin content","Yield","kg/ha",1995,10276.6,"Yams","no"
NA,"World","Edible roots and tubers with high starch or inulin content","Yield","kg/ha",1996,10201.9,"Yams","no"
NA,"World","Edible roots and tubers with high starch or inulin content","Yield","kg/ha",1997,10546.8,"Yams","no"
NA,"World","Edible roots and tubers with high starch or inulin content","Yield","kg/ha",1998,9377.2,"Yams","no"
NA,"World","Edible roots and tubers with high starch or inulin content","Yield","kg/ha",1999,9837.9,"Yams","no"
NA,"World","Edible roots and tubers with high starch or inulin content","Yield","kg/ha",2000,9828.8,"Yams","no"
NA,"World","Edible roots and tubers with high starch or inulin content","Yield","kg/ha",2001,9742.7,"Yams","no"
NA,"World","Edible roots and tubers with high starch or inulin content","Yield","kg/ha",2002,9959.3,"Yams","no"
NA,"World","Edible roots and tubers with high starch or inulin content","Yield","kg/ha",2003,10207.7,"Yams","no"
NA,"World","Edible roots and tubers with high starch or inulin content","Yield","kg/ha",2004,10665.4,"Yams","no"
NA,"World","Edible roots and tubers with high starch or inulin content","Yield","kg/ha",2005,10686.6,"Yams","no"
NA,"World","Edible roots and tubers with high starch or inulin content","Yield","kg/ha",2006,11194.7,"Yams","no"
NA,"World","Edible roots and tubers with high starch or inulin content","Yield","kg/ha",2007,9735.2,"Yams","no"
NA,"World","Edible roots and tubers with high starch or inulin content","Yield","kg/ha",2008,10745.8,"Yams","no"
NA,"World","Edible roots and tubers with high starch or inulin content","Yield","kg/ha",2009,10011.6,"Yams","no"
NA,"World","Edible roots and tubers with high starch or inulin content","Yield","kg/ha",2010,11509.8,"Yams","no"
NA,"World","Edible roots and tubers with high starch or inulin content","Yield","kg/ha",2011,8133.8,"Yams","no"
NA,"World","Edible roots and tubers with high starch or inulin content","Yield","kg/ha",2012,7962.5,"Yams","no"
NA,"World","Edible roots and tubers with high starch or inulin content","Yield","kg/ha",2013,7812.6,"Yams","no"
NA,"World","Edible roots and tubers with high starch or inulin content","Yield","kg/ha",2014,8601.1,"Yams","no"
NA,"World","Edible roots and tubers with high starch or inulin content","Yield","kg/ha",2015,8517.5,"Yams","no"
NA,"World","Edible roots and tubers with high starch or inulin content","Yield","kg/ha",2016,9188.6,"Yams","no"
NA,"World","Edible roots and tubers with high starch or inulin content","Yield","kg/ha",2017,9324.5,"Yams","no"
NA,"World","Edible roots and tubers with high starch or inulin content","Yield","kg/ha",2018,9762.4,"Yams","no"
NA,"World","Edible roots and tubers with high starch or inulin content","Yield","kg/ha",2019,8175.2,"Yams","no"
NA,"World","Edible roots and tubers with high starch or inulin content","Yield","kg/ha",2020,8210.4,"Yams","no"
NA,"World","Edible roots and tubers with high starch or inulin content","Yield","kg/ha",2021,8340.7,"Yams","no"
NA,"World","Edible roots and tubers with high starch or inulin content","Yield","kg/ha",2022,8517.2,"Yams","no"
NA,"World","Edible roots and tubers with high starch or inulin content","Yield","kg/ha",2023,8421.6,"Yams","no"
NA,"World","Edible roots and tubers with high starch or inulin content","Production","t",1992,29999608.25,"Yams","no"
NA,"World","Edible roots and tubers with high starch or inulin content","Production","t",1993,32289863.17,"Yams","no"
NA,"World","Edible roots and tubers with high starch or inulin content","Production","t",1994,33146449.1,"Yams","no"
NA,"World","Edible roots and tubers with high starch or inulin content","Production","t",1995,33269900.09,"Yams","no"
NA,"World","Edible roots and tubers with high starch or inulin content","Production","t",1996,34136368.12,"Yams","no"
NA,"World","Edible roots and tubers with high starch or inulin content","Production","t",1997,35550326.94,"Yams","no"
NA,"World","Edible roots and tubers with high starch or inulin content","Production","t",1998,37102609.06,"Yams","no"
NA,"World","Edible roots and tubers with high starch or inulin content","Production","t",1999,39010574.27,"Yams","no"
NA,"World","Edible roots and tubers with high starch or inulin content","Production","t",2000,39641841.41,"Yams","no"
NA,"World","Edible roots and tubers with high starch or inulin content","Production","t",2001,40081013.94,"Yams","no"
NA,"World","Edible roots and tubers with high starch or inulin content","Production","t",2002,42588185.61,"Yams","no"
NA,"World","Edible roots and tubers with high starch or inulin content","Production","t",2003,44266608.12,"Yams","no"
NA,"World","Edible roots and tubers with high starch or inulin content","Production","t",2004,46950785.13,"Yams","no"
NA,"World","Edible roots and tubers with high starch or inulin content","Production","t",2005,49152670.09,"Yams","no"
NA,"World","Edible roots and tubers with high starch or inulin content","Production","t",2006,52346759.6,"Yams","no"
NA,"World","Edible roots and tubers with high starch or inulin content","Production","t",2007,47161748.47,"Yams","no"
NA,"World","Edible roots and tubers with high starch or inulin content","Production","t",2008,52868828.26,"Yams","no"
NA,"World","Edible roots and tubers with high starch or inulin content","Production","t",2009,47742216.8,"Yams","no"
NA,"World","Edible roots and tubers with high starch or inulin content","Production","t",2010,56741938.44,"Yams","no"
NA,"World","Edible roots and tubers with high starch or inulin content","Production","t",2011,53127711.93,"Yams","no"
NA,"World","Edible roots and tubers with high starch or inulin content","Production","t",2012,53142995.28,"Yams","no"
NA,"World","Edible roots and tubers with high starch or inulin content","Production","t",2013,56801059.37,"Yams","no"
NA,"World","Edible roots and tubers with high starch or inulin content","Production","t",2014,65479399.49,"Yams","no"
NA,"World","Edible roots and tubers with high starch or inulin content","Production","t",2015,65866042.63,"Yams","no"
NA,"World","Edible roots and tubers with high starch or inulin content","Production","t",2016,71471875.72,"Yams","no"
NA,"World","Edible roots and tubers with high starch or inulin content","Production","t",2017,72832425.91,"Yams","no"
NA,"World","Edible roots and tubers with high starch or inulin content","Production","t",2018,78770953.91,"Yams","no"
NA,"World","Edible roots and tubers with high starch or inulin content","Production","t",2019,77713699.94,"Yams","no"
NA,"World","Edible roots and tubers with high starch or inulin content","Production","t",2020,81516872.76,"Yams","no"
NA,"World","Edible roots and tubers with high starch or inulin content","Production","t",2021,86419238.18,"Yams","no"
NA,"World","Edible roots and tubers with high starch or inulin content","Production","t",2022,88707786.56,"Yams","no"
NA,"World","Edible roots and tubers with high starch or inulin content","Production","t",2023,89345124.97,"Yams","no"
NA,"World","Edible roots and tubers with high starch or inulin content","Area harvested","ha",1992,32431,"Yautia","no"
NA,"World","Edible roots and tubers with high starch or inulin content","Area harvested","ha",1993,35003,"Yautia","no"
NA,"World","Edible roots and tubers with high starch or inulin content","Area harvested","ha",1994,40230,"Yautia","no"
NA,"World","Edible roots and tubers with high starch or inulin content","Area harvested","ha",1995,43188,"Yautia","no"
NA,"World","Edible roots and tubers with high starch or inulin content","Area harvested","ha",1996,41267,"Yautia","no"
NA,"World","Edible roots and tubers with high starch or inulin content","Area harvested","ha",1997,40069,"Yautia","no"
NA,"World","Edible roots and tubers with high starch or inulin content","Area harvested","ha",1998,38674,"Yautia","no"
NA,"World","Edible roots and tubers with high starch or inulin content","Area harvested","ha",1999,41515,"Yautia","no"
NA,"World","Edible roots and tubers with high starch or inulin content","Area harvested","ha",2000,42756,"Yautia","no"
NA,"World","Edible roots and tubers with high starch or inulin content","Area harvested","ha",2001,44107,"Yautia","no"
NA,"World","Edible roots and tubers with high starch or inulin content","Area harvested","ha",2002,50006,"Yautia","no"
NA,"World","Edible roots and tubers with high starch or inulin content","Area harvested","ha",2003,47772,"Yautia","no"
NA,"World","Edible roots and tubers with high starch or inulin content","Area harvested","ha",2004,51963,"Yautia","no"
NA,"World","Edible roots and tubers with high starch or inulin content","Area harvested","ha",2005,51532,"Yautia","no"
NA,"World","Edible roots and tubers with high starch or inulin content","Area harvested","ha",2006,47895,"Yautia","no"
NA,"World","Edible roots and tubers with high starch or inulin content","Area harvested","ha",2007,50773,"Yautia","no"
NA,"World","Edible roots and tubers with high starch or inulin content","Area harvested","ha",2008,55706,"Yautia","no"
NA,"World","Edible roots and tubers with high starch or inulin content","Area harvested","ha",2009,57335,"Yautia","no"
NA,"World","Edible roots and tubers with high starch or inulin content","Area harvested","ha",2010,46458,"Yautia","no"
NA,"World","Edible roots and tubers with high starch or inulin content","Area harvested","ha",2011,43568,"Yautia","no"
NA,"World","Edible roots and tubers with high starch or inulin content","Area harvested","ha",2012,47667,"Yautia","no"
NA,"World","Edible roots and tubers with high starch or inulin content","Area harvested","ha",2013,47318,"Yautia","no"
NA,"World","Edible roots and tubers with high starch or inulin content","Area harvested","ha",2014,43620,"Yautia","no"
NA,"World","Edible roots and tubers with high starch or inulin content","Area harvested","ha",2015,41873,"Yautia","no"
NA,"World","Edible roots and tubers with high starch or inulin content","Area harvested","ha",2016,39047,"Yautia","no"
NA,"World","Edible roots and tubers with high starch or inulin content","Area harvested","ha",2017,35260,"Yautia","no"
NA,"World","Edible roots and tubers with high starch or inulin content","Area harvested","ha",2018,37517,"Yautia","no"
NA,"World","Edible roots and tubers with high starch or inulin content","Area harvested","ha",2019,33509,"Yautia","no"
NA,"World","Edible roots and tubers with high starch or inulin content","Area harvested","ha",2020,32787,"Yautia","no"
NA,"World","Edible roots and tubers with high starch or inulin content","Area harvested","ha",2021,31507,"Yautia","no"
NA,"World","Edible roots and tubers with high starch or inulin content","Area harvested","ha",2022,31310,"Yautia","no"
NA,"World","Edible roots and tubers with high starch or inulin content","Area harvested","ha",2023,29760,"Yautia","no"
NA,"World","Edible roots and tubers with high starch or inulin content","Yield","kg/ha",1992,5719,"Yautia","no"
NA,"World","Edible roots and tubers with high starch or inulin content","Yield","kg/ha",1993,5833.5,"Yautia","no"
NA,"World","Edible roots and tubers with high starch or inulin content","Yield","kg/ha",1994,7052,"Yautia","no"
NA,"World","Edible roots and tubers with high starch or inulin content","Yield","kg/ha",1995,7131.6,"Yautia","no"
NA,"World","Edible roots and tubers with high starch or inulin content","Yield","kg/ha",1996,7108.5,"Yautia","no"
NA,"World","Edible roots and tubers with high starch or inulin content","Yield","kg/ha",1997,7362.6,"Yautia","no"
NA,"World","Edible roots and tubers with high starch or inulin content","Yield","kg/ha",1998,7598.9,"Yautia","no"
NA,"World","Edible roots and tubers with high starch or inulin content","Yield","kg/ha",1999,8890.7,"Yautia","no"
NA,"World","Edible roots and tubers with high starch or inulin content","Yield","kg/ha",2000,8915.7,"Yautia","no"
NA,"World","Edible roots and tubers with high starch or inulin content","Yield","kg/ha",2001,8621.1,"Yautia","no"
NA,"World","Edible roots and tubers with high starch or inulin content","Yield","kg/ha",2002,8552.3,"Yautia","no"
NA,"World","Edible roots and tubers with high starch or inulin content","Yield","kg/ha",2003,10739.1,"Yautia","no"
NA,"World","Edible roots and tubers with high starch or inulin content","Yield","kg/ha",2004,10632.4,"Yautia","no"
NA,"World","Edible roots and tubers with high starch or inulin content","Yield","kg/ha",2005,9496.2,"Yautia","no"
NA,"World","Edible roots and tubers with high starch or inulin content","Yield","kg/ha",2006,9464.4,"Yautia","no"
NA,"World","Edible roots and tubers with high starch or inulin content","Yield","kg/ha",2007,9387.3,"Yautia","no"
NA,"World","Edible roots and tubers with high starch or inulin content","Yield","kg/ha",2008,9106.5,"Yautia","no"
NA,"World","Edible roots and tubers with high starch or inulin content","Yield","kg/ha",2009,8347.4,"Yautia","no"
NA,"World","Edible roots and tubers with high starch or inulin content","Yield","kg/ha",2010,8226,"Yautia","no"
NA,"World","Edible roots and tubers with high starch or inulin content","Yield","kg/ha",2011,9034.4,"Yautia","no"
NA,"World","Edible roots and tubers with high starch or inulin content","Yield","kg/ha",2012,9375.3,"Yautia","no"
NA,"World","Edible roots and tubers with high starch or inulin content","Yield","kg/ha",2013,10151.2,"Yautia","no"
NA,"World","Edible roots and tubers with high starch or inulin content","Yield","kg/ha",2014,12513.4,"Yautia","no"
NA,"World","Edible roots and tubers with high starch or inulin content","Yield","kg/ha",2015,12309,"Yautia","no"
NA,"World","Edible roots and tubers with high starch or inulin content","Yield","kg/ha",2016,12573.5,"Yautia","no"
NA,"World","Edible roots and tubers with high starch or inulin content","Yield","kg/ha",2017,12360.1,"Yautia","no"
NA,"World","Edible roots and tubers with high starch or inulin content","Yield","kg/ha",2018,12365.1,"Yautia","no"
NA,"World","Edible roots and tubers with high starch or inulin content","Yield","kg/ha",2019,12107.4,"Yautia","no"
NA,"World","Edible roots and tubers with high starch or inulin content","Yield","kg/ha",2020,12451.8,"Yautia","no"
NA,"World","Edible roots and tubers with high starch or inulin content","Yield","kg/ha",2021,12121,"Yautia","no"
NA,"World","Edible roots and tubers with high starch or inulin content","Yield","kg/ha",2022,12129.7,"Yautia","no"
NA,"World","Edible roots and tubers with high starch or inulin content","Yield","kg/ha",2023,12428.8,"Yautia","no"
NA,"World","Edible roots and tubers with high starch or inulin content","Production","t",1992,185469.89,"Yautia","no"
NA,"World","Edible roots and tubers with high starch or inulin content","Production","t",1993,204187.03,"Yautia","no"
NA,"World","Edible roots and tubers with high starch or inulin content","Production","t",1994,283703.87,"Yautia","no"
NA,"World","Edible roots and tubers with high starch or inulin content","Production","t",1995,307997.61,"Yautia","no"
NA,"World","Edible roots and tubers with high starch or inulin content","Production","t",1996,293347.47,"Yautia","no"
NA,"World","Edible roots and tubers with high starch or inulin content","Production","t",1997,295013.78,"Yautia","no"
NA,"World","Edible roots and tubers with high starch or inulin content","Production","t",1998,293880.75,"Yautia","no"
NA,"World","Edible roots and tubers with high starch or inulin content","Production","t",1999,369094.91,"Yautia","no"
NA,"World","Edible roots and tubers with high starch or inulin content","Production","t",2000,381197.31,"Yautia","no"
NA,"World","Edible roots and tubers with high starch or inulin content","Production","t",2001,380250.69,"Yautia","no"
NA,"World","Edible roots and tubers with high starch or inulin content","Production","t",2002,427669.08,"Yautia","no"
NA,"World","Edible roots and tubers with high starch or inulin content","Production","t",2003,513028.65,"Yautia","no"
NA,"World","Edible roots and tubers with high starch or inulin content","Production","t",2004,552494,"Yautia","no"
NA,"World","Edible roots and tubers with high starch or inulin content","Production","t",2005,489356.13,"Yautia","no"
NA,"World","Edible roots and tubers with high starch or inulin content","Production","t",2006,453298,"Yautia","no"
NA,"World","Edible roots and tubers with high starch or inulin content","Production","t",2007,476623.14,"Yautia","no"
NA,"World","Edible roots and tubers with high starch or inulin content","Production","t",2008,507286.88,"Yautia","no"
NA,"World","Edible roots and tubers with high starch or inulin content","Production","t",2009,478597.89,"Yautia","no"
NA,"World","Edible roots and tubers with high starch or inulin content","Production","t",2010,382163.2,"Yautia","no"
NA,"World","Edible roots and tubers with high starch or inulin content","Production","t",2011,393611.96,"Yautia","no"
NA,"World","Edible roots and tubers with high starch or inulin content","Production","t",2012,446892.86,"Yautia","no"
NA,"World","Edible roots and tubers with high starch or inulin content","Production","t",2013,480340.23,"Yautia","no"
NA,"World","Edible roots and tubers with high starch or inulin content","Production","t",2014,545839.25,"Yautia","no"
NA,"World","Edible roots and tubers with high starch or inulin content","Production","t",2015,515408.74,"Yautia","no"
NA,"World","Edible roots and tubers with high starch or inulin content","Production","t",2016,490952.83,"Yautia","no"
NA,"World","Edible roots and tubers with high starch or inulin content","Production","t",2017,435817.58,"Yautia","no"
NA,"World","Edible roots and tubers with high starch or inulin content","Production","t",2018,463907.39,"Yautia","no"
NA,"World","Edible roots and tubers with high starch or inulin content","Production","t",2019,405713.85,"Yautia","no"
NA,"World","Edible roots and tubers with high starch or inulin content","Production","t",2020,408255.54,"Yautia","no"
NA,"World","Edible roots and tubers with high starch or inulin content","Production","t",2021,381892.97,"Yautia","no"
NA,"World","Edible roots and tubers with high starch or inulin content","Production","t",2022,379779.65,"Yautia","no"
NA,"World","Edible roots and tubers with high starch or inulin content","Production","t",2023,369875.66,"Yautia","no"
NA,"World","Other dairy products","Production","t",1992,19262.57,"Yoghurt","no"
NA,"World","Other dairy products","Production","t",1993,20205.91,"Yoghurt","no"
NA,"World","Other dairy products","Production","t",1994,24015.54,"Yoghurt","no"
NA,"World","Other dairy products","Production","t",1995,23969.36,"Yoghurt","no"
NA,"World","Other dairy products","Production","t",1996,26965.96,"Yoghurt","no"
NA,"World","Other dairy products","Production","t",1997,26960.9,"Yoghurt","no"
NA,"World","Other dairy products","Production","t",1998,28938.93,"Yoghurt","no"
NA,"World","Other dairy products","Production","t",1999,32041.14,"Yoghurt","no"
NA,"World","Other dairy products","Production","t",2000,31014.73,"Yoghurt","no"
NA,"World","Other dairy products","Production","t",2001,44881.56,"Yoghurt","no"
NA,"World","Other dairy products","Production","t",2002,54640.32,"Yoghurt","no"
NA,"World","Other dairy products","Production","t",2003,55613.16,"Yoghurt","no"
NA,"World","Other dairy products","Production","t",2004,61821.14,"Yoghurt","no"
NA,"World","Other dairy products","Production","t",2005,67131.92,"Yoghurt","no"
NA,"World","Other dairy products","Production","t",2006,109811.95,"Yoghurt","no"
NA,"World","Other dairy products","Production","t",2007,113609.06,"Yoghurt","no"
NA,"World","Other dairy products","Production","t",2008,93237.89,"Yoghurt","no"
NA,"World","Other dairy products","Production","t",2009,79186.81,"Yoghurt","no"
NA,"World","Other dairy products","Production","t",2010,2925704.35,"Yoghurt","no"
NA,"World","Other dairy products","Production","t",2011,2924240.5,"Yoghurt","no"
NA,"World","Other dairy products","Production","t",2012,3163773.51,"Yoghurt","no"
NA,"World","Other dairy products","Production","t",2013,3125200.59,"Yoghurt","no"
NA,"World","Other dairy products","Production","t",2014,3259611.22,"Yoghurt","no"
NA,"World","Other dairy products","Production","t",2015,3399893.06,"Yoghurt","no"
NA,"World","Other dairy products","Production","t",2016,3347107.22,"Yoghurt","no"
NA,"World","Other dairy products","Production","t",2017,3491130.65,"Yoghurt","no"
NA,"World","Other dairy products","Production","t",2018,3586064.12,"Yoghurt","no"
NA,"World","Other dairy products","Production","t",2019,4633309.94,"Yoghurt","no"
NA,"World","Other dairy products","Production","t",2020,4787498.36,"Yoghurt","no"
NA,"World","Other dairy products","Production","t",2021,4546834.66,"Yoghurt","no"
NA,"World","Other dairy products","Production","t",2022,4530789.09,"Yoghurt","no"
NA,"World","Other dairy products","Production","t",2023,NA,"Yoghurt","no"
