"ISO3","Area","UN Region","EBRD Region","cpc_name1","Element","Unit","Year","value","Item","grouped"
"BRB","Barbados","Caribbean",NA,"Cereals","Gross Production Value (constant 2014-2016 thousand I$)","1000 Int$",1992,361,NA,"yes"
"BRB","Barbados","Caribbean",NA,"Cereals","Gross Production Value (constant 2014-2016 thousand I$)","1000 Int$",1993,321,NA,"yes"
"BRB","Barbados","Caribbean",NA,"Cereals","Gross Production Value (constant 2014-2016 thousand I$)","1000 Int$",1994,261,NA,"yes"
"BRB","Barbados","Caribbean",NA,"Cereals","Gross Production Value (constant 2014-2016 thousand I$)","1000 Int$",1995,221,NA,"yes"
"BRB","Barbados","Caribbean",NA,"Cereals","Gross Production Value (constant 2014-2016 thousand I$)","1000 Int$",1996,161,NA,"yes"
"BRB","Barbados","Caribbean",NA,"Cereals","Gross Production Value (constant 2014-2016 thousand I$)","1000 Int$",1997,130,NA,"yes"
"BRB","Barbados","Caribbean",NA,"Cereals","Gross Production Value (constant 2014-2016 thousand I$)","1000 Int$",1998,104,NA,"yes"
"BRB","Barbados","Caribbean",NA,"Cereals","Gross Production Value (constant 2014-2016 thousand I$)","1000 Int$",1999,78,NA,"yes"
"BRB","Barbados","Caribbean",NA,"Cereals","Gross Production Value (constant 2014-2016 thousand I$)","1000 Int$",2000,60,NA,"yes"
"BRB","Barbados","Caribbean",NA,"Cereals","Gross Production Value (constant 2014-2016 thousand I$)","1000 Int$",2001,50,NA,"yes"
"BRB","Barbados","Caribbean",NA,"Cereals","Gross Production Value (constant 2014-2016 thousand I$)","1000 Int$",2002,44,NA,"yes"
"BRB","Barbados","Caribbean",NA,"Cereals","Gross Production Value (constant 2014-2016 thousand I$)","1000 Int$",2003,53,NA,"yes"
"BRB","Barbados","Caribbean",NA,"Cereals","Gross Production Value (constant 2014-2016 thousand I$)","1000 Int$",2004,50,NA,"yes"
"BRB","Barbados","Caribbean",NA,"Cereals","Gross Production Value (constant 2014-2016 thousand I$)","1000 Int$",2005,52,NA,"yes"
"BRB","Barbados","Caribbean",NA,"Cereals","Gross Production Value (constant 2014-2016 thousand I$)","1000 Int$",2006,54,NA,"yes"
"BRB","Barbados","Caribbean",NA,"Cereals","Gross Production Value (constant 2014-2016 thousand I$)","1000 Int$",2007,56,NA,"yes"
"BRB","Barbados","Caribbean",NA,"Cereals","Gross Production Value (constant 2014-2016 thousand I$)","1000 Int$",2008,54,NA,"yes"
"BRB","Barbados","Caribbean",NA,"Cereals","Gross Production Value (constant 2014-2016 thousand I$)","1000 Int$",2009,53,NA,"yes"
"BRB","Barbados","Caribbean",NA,"Cereals","Gross Production Value (constant 2014-2016 thousand I$)","1000 Int$",2010,52,NA,"yes"
"BRB","Barbados","Caribbean",NA,"Cereals","Gross Production Value (constant 2014-2016 thousand I$)","1000 Int$",2011,54,NA,"yes"
"BRB","Barbados","Caribbean",NA,"Cereals","Gross Production Value (constant 2014-2016 thousand I$)","1000 Int$",2012,64,NA,"yes"
"BRB","Barbados","Caribbean",NA,"Cereals","Gross Production Value (constant 2014-2016 thousand I$)","1000 Int$",2013,68,NA,"yes"
"BRB","Barbados","Caribbean",NA,"Cereals","Gross Production Value (constant 2014-2016 thousand I$)","1000 Int$",2014,16,NA,"yes"
"BRB","Barbados","Caribbean",NA,"Cereals","Gross Production Value (constant 2014-2016 thousand I$)","1000 Int$",2015,24,NA,"yes"
"BRB","Barbados","Caribbean",NA,"Cereals","Gross Production Value (constant 2014-2016 thousand I$)","1000 Int$",2016,19,NA,"yes"
"BRB","Barbados","Caribbean",NA,"Cereals","Gross Production Value (constant 2014-2016 thousand I$)","1000 Int$",2017,15,NA,"yes"
"BRB","Barbados","Caribbean",NA,"Cereals","Gross Production Value (constant 2014-2016 thousand I$)","1000 Int$",2018,22,NA,"yes"
"BRB","Barbados","Caribbean",NA,"Cereals","Gross Production Value (constant 2014-2016 thousand I$)","1000 Int$",2019,8,NA,"yes"
"BRB","Barbados","Caribbean",NA,"Cereals","Gross Production Value (constant 2014-2016 thousand I$)","1000 Int$",2020,17,NA,"yes"
"BRB","Barbados","Caribbean",NA,"Cereals","Gross Production Value (constant 2014-2016 thousand I$)","1000 Int$",2021,10,NA,"yes"
"BRB","Barbados","Caribbean",NA,"Cereals","Gross Production Value (constant 2014-2016 thousand I$)","1000 Int$",2022,10,NA,"yes"
"BRB","Barbados","Caribbean",NA,"Cereals","Gross Production Value (constant 2014-2016 thousand I$)","1000 Int$",2023,8,NA,"yes"
"BRB","Barbados","Caribbean",NA,"Cereals","Gross Production Value (constant 2014-2016 thousand US$)","1000 USD",1992,1785,NA,"yes"
"BRB","Barbados","Caribbean",NA,"Cereals","Gross Production Value (constant 2014-2016 thousand US$)","1000 USD",1993,1587,NA,"yes"
"BRB","Barbados","Caribbean",NA,"Cereals","Gross Production Value (constant 2014-2016 thousand US$)","1000 USD",1994,1289,NA,"yes"
"BRB","Barbados","Caribbean",NA,"Cereals","Gross Production Value (constant 2014-2016 thousand US$)","1000 USD",1995,1091,NA,"yes"
"BRB","Barbados","Caribbean",NA,"Cereals","Gross Production Value (constant 2014-2016 thousand US$)","1000 USD",1996,793,NA,"yes"
"BRB","Barbados","Caribbean",NA,"Cereals","Gross Production Value (constant 2014-2016 thousand US$)","1000 USD",1997,645,NA,"yes"
"BRB","Barbados","Caribbean",NA,"Cereals","Gross Production Value (constant 2014-2016 thousand US$)","1000 USD",1998,516,NA,"yes"
"BRB","Barbados","Caribbean",NA,"Cereals","Gross Production Value (constant 2014-2016 thousand US$)","1000 USD",1999,387,NA,"yes"
"BRB","Barbados","Caribbean",NA,"Cereals","Gross Production Value (constant 2014-2016 thousand US$)","1000 USD",2000,298,NA,"yes"
"BRB","Barbados","Caribbean",NA,"Cereals","Gross Production Value (constant 2014-2016 thousand US$)","1000 USD",2001,248,NA,"yes"
"BRB","Barbados","Caribbean",NA,"Cereals","Gross Production Value (constant 2014-2016 thousand US$)","1000 USD",2002,216,NA,"yes"
"BRB","Barbados","Caribbean",NA,"Cereals","Gross Production Value (constant 2014-2016 thousand US$)","1000 USD",2003,261,NA,"yes"
"BRB","Barbados","Caribbean",NA,"Cereals","Gross Production Value (constant 2014-2016 thousand US$)","1000 USD",2004,248,NA,"yes"
"BRB","Barbados","Caribbean",NA,"Cereals","Gross Production Value (constant 2014-2016 thousand US$)","1000 USD",2005,258,NA,"yes"
"BRB","Barbados","Caribbean",NA,"Cereals","Gross Production Value (constant 2014-2016 thousand US$)","1000 USD",2006,268,NA,"yes"
"BRB","Barbados","Caribbean",NA,"Cereals","Gross Production Value (constant 2014-2016 thousand US$)","1000 USD",2007,278,NA,"yes"
"BRB","Barbados","Caribbean",NA,"Cereals","Gross Production Value (constant 2014-2016 thousand US$)","1000 USD",2008,266,NA,"yes"
"BRB","Barbados","Caribbean",NA,"Cereals","Gross Production Value (constant 2014-2016 thousand US$)","1000 USD",2009,261,NA,"yes"
"BRB","Barbados","Caribbean",NA,"Cereals","Gross Production Value (constant 2014-2016 thousand US$)","1000 USD",2010,257,NA,"yes"
"BRB","Barbados","Caribbean",NA,"Cereals","Gross Production Value (constant 2014-2016 thousand US$)","1000 USD",2011,267,NA,"yes"
"BRB","Barbados","Caribbean",NA,"Cereals","Gross Production Value (constant 2014-2016 thousand US$)","1000 USD",2012,317,NA,"yes"
"BRB","Barbados","Caribbean",NA,"Cereals","Gross Production Value (constant 2014-2016 thousand US$)","1000 USD",2013,337,NA,"yes"
"BRB","Barbados","Caribbean",NA,"Cereals","Gross Production Value (constant 2014-2016 thousand US$)","1000 USD",2014,80,NA,"yes"
"BRB","Barbados","Caribbean",NA,"Cereals","Gross Production Value (constant 2014-2016 thousand US$)","1000 USD",2015,121,NA,"yes"
"BRB","Barbados","Caribbean",NA,"Cereals","Gross Production Value (constant 2014-2016 thousand US$)","1000 USD",2016,95,NA,"yes"
"BRB","Barbados","Caribbean",NA,"Cereals","Gross Production Value (constant 2014-2016 thousand US$)","1000 USD",2017,73,NA,"yes"
"BRB","Barbados","Caribbean",NA,"Cereals","Gross Production Value (constant 2014-2016 thousand US$)","1000 USD",2018,108,NA,"yes"
"BRB","Barbados","Caribbean",NA,"Cereals","Gross Production Value (constant 2014-2016 thousand US$)","1000 USD",2019,42,NA,"yes"
"BRB","Barbados","Caribbean",NA,"Cereals","Gross Production Value (constant 2014-2016 thousand US$)","1000 USD",2020,85,NA,"yes"
"BRB","Barbados","Caribbean",NA,"Cereals","Gross Production Value (constant 2014-2016 thousand US$)","1000 USD",2021,49,NA,"yes"
"BRB","Barbados","Caribbean",NA,"Cereals","Gross Production Value (constant 2014-2016 thousand US$)","1000 USD",2022,51,NA,"yes"
"BRB","Barbados","Caribbean",NA,"Cereals","Gross Production Value (constant 2014-2016 thousand US$)","1000 USD",2023,41,NA,"yes"
"BRB","Barbados","Caribbean",NA,"Edible roots and tubers with high starch or inulin content","Gross Production Value (constant 2014-2016 thousand I$)","1000 Int$",1992,1330,NA,"yes"
"BRB","Barbados","Caribbean",NA,"Edible roots and tubers with high starch or inulin content","Gross Production Value (constant 2014-2016 thousand I$)","1000 Int$",1993,1248,NA,"yes"
"BRB","Barbados","Caribbean",NA,"Edible roots and tubers with high starch or inulin content","Gross Production Value (constant 2014-2016 thousand I$)","1000 Int$",1994,1068,NA,"yes"
"BRB","Barbados","Caribbean",NA,"Edible roots and tubers with high starch or inulin content","Gross Production Value (constant 2014-2016 thousand I$)","1000 Int$",1995,1929,NA,"yes"
"BRB","Barbados","Caribbean",NA,"Edible roots and tubers with high starch or inulin content","Gross Production Value (constant 2014-2016 thousand I$)","1000 Int$",1996,1619,NA,"yes"
"BRB","Barbados","Caribbean",NA,"Edible roots and tubers with high starch or inulin content","Gross Production Value (constant 2014-2016 thousand I$)","1000 Int$",1997,1501,NA,"yes"
"BRB","Barbados","Caribbean",NA,"Edible roots and tubers with high starch or inulin content","Gross Production Value (constant 2014-2016 thousand I$)","1000 Int$",1998,1376,NA,"yes"
"BRB","Barbados","Caribbean",NA,"Edible roots and tubers with high starch or inulin content","Gross Production Value (constant 2014-2016 thousand I$)","1000 Int$",1999,1138,NA,"yes"
"BRB","Barbados","Caribbean",NA,"Edible roots and tubers with high starch or inulin content","Gross Production Value (constant 2014-2016 thousand I$)","1000 Int$",2000,1000,NA,"yes"
"BRB","Barbados","Caribbean",NA,"Edible roots and tubers with high starch or inulin content","Gross Production Value (constant 2014-2016 thousand I$)","1000 Int$",2001,979,NA,"yes"
"BRB","Barbados","Caribbean",NA,"Edible roots and tubers with high starch or inulin content","Gross Production Value (constant 2014-2016 thousand I$)","1000 Int$",2002,525,NA,"yes"
"BRB","Barbados","Caribbean",NA,"Edible roots and tubers with high starch or inulin content","Gross Production Value (constant 2014-2016 thousand I$)","1000 Int$",2003,1001,NA,"yes"
"BRB","Barbados","Caribbean",NA,"Edible roots and tubers with high starch or inulin content","Gross Production Value (constant 2014-2016 thousand I$)","1000 Int$",2004,673,NA,"yes"
"BRB","Barbados","Caribbean",NA,"Edible roots and tubers with high starch or inulin content","Gross Production Value (constant 2014-2016 thousand I$)","1000 Int$",2005,739,NA,"yes"
"BRB","Barbados","Caribbean",NA,"Edible roots and tubers with high starch or inulin content","Gross Production Value (constant 2014-2016 thousand I$)","1000 Int$",2006,775,NA,"yes"
"BRB","Barbados","Caribbean",NA,"Edible roots and tubers with high starch or inulin content","Gross Production Value (constant 2014-2016 thousand I$)","1000 Int$",2007,566,NA,"yes"
"BRB","Barbados","Caribbean",NA,"Edible roots and tubers with high starch or inulin content","Gross Production Value (constant 2014-2016 thousand I$)","1000 Int$",2008,340,NA,"yes"
"BRB","Barbados","Caribbean",NA,"Edible roots and tubers with high starch or inulin content","Gross Production Value (constant 2014-2016 thousand I$)","1000 Int$",2009,511,NA,"yes"
"BRB","Barbados","Caribbean",NA,"Edible roots and tubers with high starch or inulin content","Gross Production Value (constant 2014-2016 thousand I$)","1000 Int$",2010,597,NA,"yes"
"BRB","Barbados","Caribbean",NA,"Edible roots and tubers with high starch or inulin content","Gross Production Value (constant 2014-2016 thousand I$)","1000 Int$",2011,221,NA,"yes"
"BRB","Barbados","Caribbean",NA,"Edible roots and tubers with high starch or inulin content","Gross Production Value (constant 2014-2016 thousand I$)","1000 Int$",2012,408,NA,"yes"
"BRB","Barbados","Caribbean",NA,"Edible roots and tubers with high starch or inulin content","Gross Production Value (constant 2014-2016 thousand I$)","1000 Int$",2013,535,NA,"yes"
"BRB","Barbados","Caribbean",NA,"Edible roots and tubers with high starch or inulin content","Gross Production Value (constant 2014-2016 thousand I$)","1000 Int$",2014,518,NA,"yes"
"BRB","Barbados","Caribbean",NA,"Edible roots and tubers with high starch or inulin content","Gross Production Value (constant 2014-2016 thousand I$)","1000 Int$",2015,514,NA,"yes"
"BRB","Barbados","Caribbean",NA,"Edible roots and tubers with high starch or inulin content","Gross Production Value (constant 2014-2016 thousand I$)","1000 Int$",2016,781,NA,"yes"
"BRB","Barbados","Caribbean",NA,"Edible roots and tubers with high starch or inulin content","Gross Production Value (constant 2014-2016 thousand I$)","1000 Int$",2017,390,NA,"yes"
"BRB","Barbados","Caribbean",NA,"Edible roots and tubers with high starch or inulin content","Gross Production Value (constant 2014-2016 thousand I$)","1000 Int$",2018,562,NA,"yes"
"BRB","Barbados","Caribbean",NA,"Edible roots and tubers with high starch or inulin content","Gross Production Value (constant 2014-2016 thousand I$)","1000 Int$",2019,587,NA,"yes"
"BRB","Barbados","Caribbean",NA,"Edible roots and tubers with high starch or inulin content","Gross Production Value (constant 2014-2016 thousand I$)","1000 Int$",2020,518,NA,"yes"
"BRB","Barbados","Caribbean",NA,"Edible roots and tubers with high starch or inulin content","Gross Production Value (constant 2014-2016 thousand I$)","1000 Int$",2021,496,NA,"yes"
"BRB","Barbados","Caribbean",NA,"Edible roots and tubers with high starch or inulin content","Gross Production Value (constant 2014-2016 thousand I$)","1000 Int$",2022,900,NA,"yes"
"BRB","Barbados","Caribbean",NA,"Edible roots and tubers with high starch or inulin content","Gross Production Value (constant 2014-2016 thousand I$)","1000 Int$",2023,797,NA,"yes"
"BRB","Barbados","Caribbean",NA,"Edible roots and tubers with high starch or inulin content","Gross Production Value (constant 2014-2016 thousand US$)","1000 USD",1992,16220,NA,"yes"
"BRB","Barbados","Caribbean",NA,"Edible roots and tubers with high starch or inulin content","Gross Production Value (constant 2014-2016 thousand US$)","1000 USD",1993,14239,NA,"yes"
"BRB","Barbados","Caribbean",NA,"Edible roots and tubers with high starch or inulin content","Gross Production Value (constant 2014-2016 thousand US$)","1000 USD",1994,12350,NA,"yes"
"BRB","Barbados","Caribbean",NA,"Edible roots and tubers with high starch or inulin content","Gross Production Value (constant 2014-2016 thousand US$)","1000 USD",1995,22648,NA,"yes"
"BRB","Barbados","Caribbean",NA,"Edible roots and tubers with high starch or inulin content","Gross Production Value (constant 2014-2016 thousand US$)","1000 USD",1996,18618,NA,"yes"
"BRB","Barbados","Caribbean",NA,"Edible roots and tubers with high starch or inulin content","Gross Production Value (constant 2014-2016 thousand US$)","1000 USD",1997,17189,NA,"yes"
"BRB","Barbados","Caribbean",NA,"Edible roots and tubers with high starch or inulin content","Gross Production Value (constant 2014-2016 thousand US$)","1000 USD",1998,15820,NA,"yes"
"BRB","Barbados","Caribbean",NA,"Edible roots and tubers with high starch or inulin content","Gross Production Value (constant 2014-2016 thousand US$)","1000 USD",1999,13050,NA,"yes"
"BRB","Barbados","Caribbean",NA,"Edible roots and tubers with high starch or inulin content","Gross Production Value (constant 2014-2016 thousand US$)","1000 USD",2000,11520,NA,"yes"
"BRB","Barbados","Caribbean",NA,"Edible roots and tubers with high starch or inulin content","Gross Production Value (constant 2014-2016 thousand US$)","1000 USD",2001,11305,NA,"yes"
"BRB","Barbados","Caribbean",NA,"Edible roots and tubers with high starch or inulin content","Gross Production Value (constant 2014-2016 thousand US$)","1000 USD",2002,5795,NA,"yes"
"BRB","Barbados","Caribbean",NA,"Edible roots and tubers with high starch or inulin content","Gross Production Value (constant 2014-2016 thousand US$)","1000 USD",2003,11467,NA,"yes"
"BRB","Barbados","Caribbean",NA,"Edible roots and tubers with high starch or inulin content","Gross Production Value (constant 2014-2016 thousand US$)","1000 USD",2004,7519,NA,"yes"
"BRB","Barbados","Caribbean",NA,"Edible roots and tubers with high starch or inulin content","Gross Production Value (constant 2014-2016 thousand US$)","1000 USD",2005,8353,NA,"yes"
"BRB","Barbados","Caribbean",NA,"Edible roots and tubers with high starch or inulin content","Gross Production Value (constant 2014-2016 thousand US$)","1000 USD",2006,8852,NA,"yes"
"BRB","Barbados","Caribbean",NA,"Edible roots and tubers with high starch or inulin content","Gross Production Value (constant 2014-2016 thousand US$)","1000 USD",2007,6512,NA,"yes"
"BRB","Barbados","Caribbean",NA,"Edible roots and tubers with high starch or inulin content","Gross Production Value (constant 2014-2016 thousand US$)","1000 USD",2008,4013,NA,"yes"
"BRB","Barbados","Caribbean",NA,"Edible roots and tubers with high starch or inulin content","Gross Production Value (constant 2014-2016 thousand US$)","1000 USD",2009,6315,NA,"yes"
"BRB","Barbados","Caribbean",NA,"Edible roots and tubers with high starch or inulin content","Gross Production Value (constant 2014-2016 thousand US$)","1000 USD",2010,6777,NA,"yes"
"BRB","Barbados","Caribbean",NA,"Edible roots and tubers with high starch or inulin content","Gross Production Value (constant 2014-2016 thousand US$)","1000 USD",2011,2660,NA,"yes"
"BRB","Barbados","Caribbean",NA,"Edible roots and tubers with high starch or inulin content","Gross Production Value (constant 2014-2016 thousand US$)","1000 USD",2012,4602,NA,"yes"
"BRB","Barbados","Caribbean",NA,"Edible roots and tubers with high starch or inulin content","Gross Production Value (constant 2014-2016 thousand US$)","1000 USD",2013,6269,NA,"yes"
"BRB","Barbados","Caribbean",NA,"Edible roots and tubers with high starch or inulin content","Gross Production Value (constant 2014-2016 thousand US$)","1000 USD",2014,6080,NA,"yes"
"BRB","Barbados","Caribbean",NA,"Edible roots and tubers with high starch or inulin content","Gross Production Value (constant 2014-2016 thousand US$)","1000 USD",2015,5986,NA,"yes"
"BRB","Barbados","Caribbean",NA,"Edible roots and tubers with high starch or inulin content","Gross Production Value (constant 2014-2016 thousand US$)","1000 USD",2016,8858,NA,"yes"
"BRB","Barbados","Caribbean",NA,"Edible roots and tubers with high starch or inulin content","Gross Production Value (constant 2014-2016 thousand US$)","1000 USD",2017,4442,NA,"yes"
"BRB","Barbados","Caribbean",NA,"Edible roots and tubers with high starch or inulin content","Gross Production Value (constant 2014-2016 thousand US$)","1000 USD",2018,6513,NA,"yes"
"BRB","Barbados","Caribbean",NA,"Edible roots and tubers with high starch or inulin content","Gross Production Value (constant 2014-2016 thousand US$)","1000 USD",2019,6620,NA,"yes"
"BRB","Barbados","Caribbean",NA,"Edible roots and tubers with high starch or inulin content","Gross Production Value (constant 2014-2016 thousand US$)","1000 USD",2020,6000,NA,"yes"
"BRB","Barbados","Caribbean",NA,"Edible roots and tubers with high starch or inulin content","Gross Production Value (constant 2014-2016 thousand US$)","1000 USD",2021,5747,NA,"yes"
"BRB","Barbados","Caribbean",NA,"Edible roots and tubers with high starch or inulin content","Gross Production Value (constant 2014-2016 thousand US$)","1000 USD",2022,10523,NA,"yes"
"BRB","Barbados","Caribbean",NA,"Edible roots and tubers with high starch or inulin content","Gross Production Value (constant 2014-2016 thousand US$)","1000 USD",2023,9063,NA,"yes"
"BRB","Barbados","Caribbean",NA,"Eggs of hens or other birds in shell, fresh","Gross Production Value (constant 2014-2016 thousand I$)","1000 Int$",1992,1577,NA,"yes"
"BRB","Barbados","Caribbean",NA,"Eggs of hens or other birds in shell, fresh","Gross Production Value (constant 2014-2016 thousand I$)","1000 Int$",1993,1552,NA,"yes"
"BRB","Barbados","Caribbean",NA,"Eggs of hens or other birds in shell, fresh","Gross Production Value (constant 2014-2016 thousand I$)","1000 Int$",1994,1644,NA,"yes"
"BRB","Barbados","Caribbean",NA,"Eggs of hens or other birds in shell, fresh","Gross Production Value (constant 2014-2016 thousand I$)","1000 Int$",1995,1325,NA,"yes"
"BRB","Barbados","Caribbean",NA,"Eggs of hens or other birds in shell, fresh","Gross Production Value (constant 2014-2016 thousand I$)","1000 Int$",1996,1587,NA,"yes"
"BRB","Barbados","Caribbean",NA,"Eggs of hens or other birds in shell, fresh","Gross Production Value (constant 2014-2016 thousand I$)","1000 Int$",1997,985,NA,"yes"
"BRB","Barbados","Caribbean",NA,"Eggs of hens or other birds in shell, fresh","Gross Production Value (constant 2014-2016 thousand I$)","1000 Int$",1998,1219,NA,"yes"
"BRB","Barbados","Caribbean",NA,"Eggs of hens or other birds in shell, fresh","Gross Production Value (constant 2014-2016 thousand I$)","1000 Int$",1999,1399,NA,"yes"
"BRB","Barbados","Caribbean",NA,"Eggs of hens or other birds in shell, fresh","Gross Production Value (constant 2014-2016 thousand I$)","1000 Int$",2000,1555,NA,"yes"
"BRB","Barbados","Caribbean",NA,"Eggs of hens or other birds in shell, fresh","Gross Production Value (constant 2014-2016 thousand I$)","1000 Int$",2001,1710,NA,"yes"
"BRB","Barbados","Caribbean",NA,"Eggs of hens or other birds in shell, fresh","Gross Production Value (constant 2014-2016 thousand I$)","1000 Int$",2002,1866,NA,"yes"
"BRB","Barbados","Caribbean",NA,"Eggs of hens or other birds in shell, fresh","Gross Production Value (constant 2014-2016 thousand I$)","1000 Int$",2003,2015,NA,"yes"
"BRB","Barbados","Caribbean",NA,"Eggs of hens or other birds in shell, fresh","Gross Production Value (constant 2014-2016 thousand I$)","1000 Int$",2004,2398,NA,"yes"
"BRB","Barbados","Caribbean",NA,"Eggs of hens or other birds in shell, fresh","Gross Production Value (constant 2014-2016 thousand I$)","1000 Int$",2005,1723,NA,"yes"
"BRB","Barbados","Caribbean",NA,"Eggs of hens or other birds in shell, fresh","Gross Production Value (constant 2014-2016 thousand I$)","1000 Int$",2006,2472,NA,"yes"
"BRB","Barbados","Caribbean",NA,"Eggs of hens or other birds in shell, fresh","Gross Production Value (constant 2014-2016 thousand I$)","1000 Int$",2007,2867,NA,"yes"
"BRB","Barbados","Caribbean",NA,"Eggs of hens or other birds in shell, fresh","Gross Production Value (constant 2014-2016 thousand I$)","1000 Int$",2008,2367,NA,"yes"
"BRB","Barbados","Caribbean",NA,"Eggs of hens or other birds in shell, fresh","Gross Production Value (constant 2014-2016 thousand I$)","1000 Int$",2009,2490,NA,"yes"
"BRB","Barbados","Caribbean",NA,"Eggs of hens or other birds in shell, fresh","Gross Production Value (constant 2014-2016 thousand I$)","1000 Int$",2010,2775,NA,"yes"
"BRB","Barbados","Caribbean",NA,"Eggs of hens or other birds in shell, fresh","Gross Production Value (constant 2014-2016 thousand I$)","1000 Int$",2011,2622,NA,"yes"
"BRB","Barbados","Caribbean",NA,"Eggs of hens or other birds in shell, fresh","Gross Production Value (constant 2014-2016 thousand I$)","1000 Int$",2012,3238,NA,"yes"
"BRB","Barbados","Caribbean",NA,"Eggs of hens or other birds in shell, fresh","Gross Production Value (constant 2014-2016 thousand I$)","1000 Int$",2013,3689,NA,"yes"
"BRB","Barbados","Caribbean",NA,"Eggs of hens or other birds in shell, fresh","Gross Production Value (constant 2014-2016 thousand I$)","1000 Int$",2014,2943,NA,"yes"
"BRB","Barbados","Caribbean",NA,"Eggs of hens or other birds in shell, fresh","Gross Production Value (constant 2014-2016 thousand I$)","1000 Int$",2015,2979,NA,"yes"
"BRB","Barbados","Caribbean",NA,"Eggs of hens or other birds in shell, fresh","Gross Production Value (constant 2014-2016 thousand I$)","1000 Int$",2016,5300,NA,"yes"
"BRB","Barbados","Caribbean",NA,"Eggs of hens or other birds in shell, fresh","Gross Production Value (constant 2014-2016 thousand I$)","1000 Int$",2017,4188,NA,"yes"
"BRB","Barbados","Caribbean",NA,"Eggs of hens or other birds in shell, fresh","Gross Production Value (constant 2014-2016 thousand I$)","1000 Int$",2018,3572,NA,"yes"
"BRB","Barbados","Caribbean",NA,"Eggs of hens or other birds in shell, fresh","Gross Production Value (constant 2014-2016 thousand I$)","1000 Int$",2019,4664,NA,"yes"
"BRB","Barbados","Caribbean",NA,"Eggs of hens or other birds in shell, fresh","Gross Production Value (constant 2014-2016 thousand I$)","1000 Int$",2020,4319,NA,"yes"
"BRB","Barbados","Caribbean",NA,"Eggs of hens or other birds in shell, fresh","Gross Production Value (constant 2014-2016 thousand I$)","1000 Int$",2021,3242,NA,"yes"
"BRB","Barbados","Caribbean",NA,"Eggs of hens or other birds in shell, fresh","Gross Production Value (constant 2014-2016 thousand I$)","1000 Int$",2022,3855,NA,"yes"
"BRB","Barbados","Caribbean",NA,"Eggs of hens or other birds in shell, fresh","Gross Production Value (constant 2014-2016 thousand I$)","1000 Int$",2023,3805,NA,"yes"
"BRB","Barbados","Caribbean",NA,"Eggs of hens or other birds in shell, fresh","Gross Production Value (constant 2014-2016 thousand US$)","1000 USD",1992,5922,NA,"yes"
"BRB","Barbados","Caribbean",NA,"Eggs of hens or other birds in shell, fresh","Gross Production Value (constant 2014-2016 thousand US$)","1000 USD",1993,5828,NA,"yes"
"BRB","Barbados","Caribbean",NA,"Eggs of hens or other birds in shell, fresh","Gross Production Value (constant 2014-2016 thousand US$)","1000 USD",1994,6174,NA,"yes"
"BRB","Barbados","Caribbean",NA,"Eggs of hens or other birds in shell, fresh","Gross Production Value (constant 2014-2016 thousand US$)","1000 USD",1995,4974,NA,"yes"
"BRB","Barbados","Caribbean",NA,"Eggs of hens or other birds in shell, fresh","Gross Production Value (constant 2014-2016 thousand US$)","1000 USD",1996,5959,NA,"yes"
"BRB","Barbados","Caribbean",NA,"Eggs of hens or other birds in shell, fresh","Gross Production Value (constant 2014-2016 thousand US$)","1000 USD",1997,3699,NA,"yes"
"BRB","Barbados","Caribbean",NA,"Eggs of hens or other birds in shell, fresh","Gross Production Value (constant 2014-2016 thousand US$)","1000 USD",1998,4577,NA,"yes"
"BRB","Barbados","Caribbean",NA,"Eggs of hens or other birds in shell, fresh","Gross Production Value (constant 2014-2016 thousand US$)","1000 USD",1999,5254,NA,"yes"
"BRB","Barbados","Caribbean",NA,"Eggs of hens or other birds in shell, fresh","Gross Production Value (constant 2014-2016 thousand US$)","1000 USD",2000,5838,NA,"yes"
"BRB","Barbados","Caribbean",NA,"Eggs of hens or other birds in shell, fresh","Gross Production Value (constant 2014-2016 thousand US$)","1000 USD",2001,6422,NA,"yes"
"BRB","Barbados","Caribbean",NA,"Eggs of hens or other birds in shell, fresh","Gross Production Value (constant 2014-2016 thousand US$)","1000 USD",2002,7005,NA,"yes"
"BRB","Barbados","Caribbean",NA,"Eggs of hens or other birds in shell, fresh","Gross Production Value (constant 2014-2016 thousand US$)","1000 USD",2003,7566,NA,"yes"
"BRB","Barbados","Caribbean",NA,"Eggs of hens or other birds in shell, fresh","Gross Production Value (constant 2014-2016 thousand US$)","1000 USD",2004,9004,NA,"yes"
"BRB","Barbados","Caribbean",NA,"Eggs of hens or other birds in shell, fresh","Gross Production Value (constant 2014-2016 thousand US$)","1000 USD",2005,6468,NA,"yes"
"BRB","Barbados","Caribbean",NA,"Eggs of hens or other birds in shell, fresh","Gross Production Value (constant 2014-2016 thousand US$)","1000 USD",2006,9280,NA,"yes"
"BRB","Barbados","Caribbean",NA,"Eggs of hens or other birds in shell, fresh","Gross Production Value (constant 2014-2016 thousand US$)","1000 USD",2007,10765,NA,"yes"
"BRB","Barbados","Caribbean",NA,"Eggs of hens or other birds in shell, fresh","Gross Production Value (constant 2014-2016 thousand US$)","1000 USD",2008,8887,NA,"yes"
"BRB","Barbados","Caribbean",NA,"Eggs of hens or other birds in shell, fresh","Gross Production Value (constant 2014-2016 thousand US$)","1000 USD",2009,9350,NA,"yes"
"BRB","Barbados","Caribbean",NA,"Eggs of hens or other birds in shell, fresh","Gross Production Value (constant 2014-2016 thousand US$)","1000 USD",2010,10419,NA,"yes"
"BRB","Barbados","Caribbean",NA,"Eggs of hens or other birds in shell, fresh","Gross Production Value (constant 2014-2016 thousand US$)","1000 USD",2011,9845,NA,"yes"
"BRB","Barbados","Caribbean",NA,"Eggs of hens or other birds in shell, fresh","Gross Production Value (constant 2014-2016 thousand US$)","1000 USD",2012,12157,NA,"yes"
"BRB","Barbados","Caribbean",NA,"Eggs of hens or other birds in shell, fresh","Gross Production Value (constant 2014-2016 thousand US$)","1000 USD",2013,13852,NA,"yes"
"BRB","Barbados","Caribbean",NA,"Eggs of hens or other birds in shell, fresh","Gross Production Value (constant 2014-2016 thousand US$)","1000 USD",2014,11050,NA,"yes"
"BRB","Barbados","Caribbean",NA,"Eggs of hens or other birds in shell, fresh","Gross Production Value (constant 2014-2016 thousand US$)","1000 USD",2015,11185,NA,"yes"
"BRB","Barbados","Caribbean",NA,"Eggs of hens or other birds in shell, fresh","Gross Production Value (constant 2014-2016 thousand US$)","1000 USD",2016,19898,NA,"yes"
"BRB","Barbados","Caribbean",NA,"Eggs of hens or other birds in shell, fresh","Gross Production Value (constant 2014-2016 thousand US$)","1000 USD",2017,15724,NA,"yes"
"BRB","Barbados","Caribbean",NA,"Eggs of hens or other birds in shell, fresh","Gross Production Value (constant 2014-2016 thousand US$)","1000 USD",2018,13411,NA,"yes"
"BRB","Barbados","Caribbean",NA,"Eggs of hens or other birds in shell, fresh","Gross Production Value (constant 2014-2016 thousand US$)","1000 USD",2019,17513,NA,"yes"
"BRB","Barbados","Caribbean",NA,"Eggs of hens or other birds in shell, fresh","Gross Production Value (constant 2014-2016 thousand US$)","1000 USD",2020,16215,NA,"yes"
"BRB","Barbados","Caribbean",NA,"Eggs of hens or other birds in shell, fresh","Gross Production Value (constant 2014-2016 thousand US$)","1000 USD",2021,12171,NA,"yes"
"BRB","Barbados","Caribbean",NA,"Eggs of hens or other birds in shell, fresh","Gross Production Value (constant 2014-2016 thousand US$)","1000 USD",2022,14473,NA,"yes"
"BRB","Barbados","Caribbean",NA,"Eggs of hens or other birds in shell, fresh","Gross Production Value (constant 2014-2016 thousand US$)","1000 USD",2023,14286,NA,"yes"
"BRB","Barbados","Caribbean",NA,"Fruits and nuts","Gross Production Value (constant 2014-2016 thousand I$)","1000 Int$",1992,1459,NA,"yes"
"BRB","Barbados","Caribbean",NA,"Fruits and nuts","Gross Production Value (constant 2014-2016 thousand I$)","1000 Int$",1993,1502,NA,"yes"
"BRB","Barbados","Caribbean",NA,"Fruits and nuts","Gross Production Value (constant 2014-2016 thousand I$)","1000 Int$",1994,1502,NA,"yes"
"BRB","Barbados","Caribbean",NA,"Fruits and nuts","Gross Production Value (constant 2014-2016 thousand I$)","1000 Int$",1995,1588,NA,"yes"
"BRB","Barbados","Caribbean",NA,"Fruits and nuts","Gross Production Value (constant 2014-2016 thousand I$)","1000 Int$",1996,1631,NA,"yes"
"BRB","Barbados","Caribbean",NA,"Fruits and nuts","Gross Production Value (constant 2014-2016 thousand I$)","1000 Int$",1997,1592,NA,"yes"
"BRB","Barbados","Caribbean",NA,"Fruits and nuts","Gross Production Value (constant 2014-2016 thousand I$)","1000 Int$",1998,1684,NA,"yes"
"BRB","Barbados","Caribbean",NA,"Fruits and nuts","Gross Production Value (constant 2014-2016 thousand I$)","1000 Int$",1999,1515,NA,"yes"
"BRB","Barbados","Caribbean",NA,"Fruits and nuts","Gross Production Value (constant 2014-2016 thousand I$)","1000 Int$",2000,1417,NA,"yes"
"BRB","Barbados","Caribbean",NA,"Fruits and nuts","Gross Production Value (constant 2014-2016 thousand I$)","1000 Int$",2001,1455,NA,"yes"
"BRB","Barbados","Caribbean",NA,"Fruits and nuts","Gross Production Value (constant 2014-2016 thousand I$)","1000 Int$",2002,1561,NA,"yes"
"BRB","Barbados","Caribbean",NA,"Fruits and nuts","Gross Production Value (constant 2014-2016 thousand I$)","1000 Int$",2003,1610,NA,"yes"
"BRB","Barbados","Caribbean",NA,"Fruits and nuts","Gross Production Value (constant 2014-2016 thousand I$)","1000 Int$",2004,1682,NA,"yes"
"BRB","Barbados","Caribbean",NA,"Fruits and nuts","Gross Production Value (constant 2014-2016 thousand I$)","1000 Int$",2005,1713,NA,"yes"
"BRB","Barbados","Caribbean",NA,"Fruits and nuts","Gross Production Value (constant 2014-2016 thousand I$)","1000 Int$",2006,1748,NA,"yes"
"BRB","Barbados","Caribbean",NA,"Fruits and nuts","Gross Production Value (constant 2014-2016 thousand I$)","1000 Int$",2007,1807,NA,"yes"
"BRB","Barbados","Caribbean",NA,"Fruits and nuts","Gross Production Value (constant 2014-2016 thousand I$)","1000 Int$",2008,1854,NA,"yes"
"BRB","Barbados","Caribbean",NA,"Fruits and nuts","Gross Production Value (constant 2014-2016 thousand I$)","1000 Int$",2009,2039,NA,"yes"
"BRB","Barbados","Caribbean",NA,"Fruits and nuts","Gross Production Value (constant 2014-2016 thousand I$)","1000 Int$",2010,2093,NA,"yes"
"BRB","Barbados","Caribbean",NA,"Fruits and nuts","Gross Production Value (constant 2014-2016 thousand I$)","1000 Int$",2011,2184,NA,"yes"
"BRB","Barbados","Caribbean",NA,"Fruits and nuts","Gross Production Value (constant 2014-2016 thousand I$)","1000 Int$",2012,2277,NA,"yes"
"BRB","Barbados","Caribbean",NA,"Fruits and nuts","Gross Production Value (constant 2014-2016 thousand I$)","1000 Int$",2013,2227,NA,"yes"
"BRB","Barbados","Caribbean",NA,"Fruits and nuts","Gross Production Value (constant 2014-2016 thousand I$)","1000 Int$",2014,2288,NA,"yes"
"BRB","Barbados","Caribbean",NA,"Fruits and nuts","Gross Production Value (constant 2014-2016 thousand I$)","1000 Int$",2015,2319,NA,"yes"
"BRB","Barbados","Caribbean",NA,"Fruits and nuts","Gross Production Value (constant 2014-2016 thousand I$)","1000 Int$",2016,2305,NA,"yes"
"BRB","Barbados","Caribbean",NA,"Fruits and nuts","Gross Production Value (constant 2014-2016 thousand I$)","1000 Int$",2017,2326,NA,"yes"
"BRB","Barbados","Caribbean",NA,"Fruits and nuts","Gross Production Value (constant 2014-2016 thousand I$)","1000 Int$",2018,2330,NA,"yes"
"BRB","Barbados","Caribbean",NA,"Fruits and nuts","Gross Production Value (constant 2014-2016 thousand I$)","1000 Int$",2019,2337,NA,"yes"
"BRB","Barbados","Caribbean",NA,"Fruits and nuts","Gross Production Value (constant 2014-2016 thousand I$)","1000 Int$",2020,2478,NA,"yes"
"BRB","Barbados","Caribbean",NA,"Fruits and nuts","Gross Production Value (constant 2014-2016 thousand I$)","1000 Int$",2021,2725,NA,"yes"
"BRB","Barbados","Caribbean",NA,"Fruits and nuts","Gross Production Value (constant 2014-2016 thousand I$)","1000 Int$",2022,2195,NA,"yes"
"BRB","Barbados","Caribbean",NA,"Fruits and nuts","Gross Production Value (constant 2014-2016 thousand I$)","1000 Int$",2023,2416,NA,"yes"
"BRB","Barbados","Caribbean",NA,"Fruits and nuts","Gross Production Value (constant 2014-2016 thousand US$)","1000 USD",1992,3854,NA,"yes"
"BRB","Barbados","Caribbean",NA,"Fruits and nuts","Gross Production Value (constant 2014-2016 thousand US$)","1000 USD",1993,4011,NA,"yes"
"BRB","Barbados","Caribbean",NA,"Fruits and nuts","Gross Production Value (constant 2014-2016 thousand US$)","1000 USD",1994,4011,NA,"yes"
"BRB","Barbados","Caribbean",NA,"Fruits and nuts","Gross Production Value (constant 2014-2016 thousand US$)","1000 USD",1995,4325,NA,"yes"
"BRB","Barbados","Caribbean",NA,"Fruits and nuts","Gross Production Value (constant 2014-2016 thousand US$)","1000 USD",1996,4482,NA,"yes"
"BRB","Barbados","Caribbean",NA,"Fruits and nuts","Gross Production Value (constant 2014-2016 thousand US$)","1000 USD",1997,4398,NA,"yes"
"BRB","Barbados","Caribbean",NA,"Fruits and nuts","Gross Production Value (constant 2014-2016 thousand US$)","1000 USD",1998,4701,NA,"yes"
"BRB","Barbados","Caribbean",NA,"Fruits and nuts","Gross Production Value (constant 2014-2016 thousand US$)","1000 USD",1999,4208,NA,"yes"
"BRB","Barbados","Caribbean",NA,"Fruits and nuts","Gross Production Value (constant 2014-2016 thousand US$)","1000 USD",2000,3916,NA,"yes"
"BRB","Barbados","Caribbean",NA,"Fruits and nuts","Gross Production Value (constant 2014-2016 thousand US$)","1000 USD",2001,4004,NA,"yes"
"BRB","Barbados","Caribbean",NA,"Fruits and nuts","Gross Production Value (constant 2014-2016 thousand US$)","1000 USD",2002,4298,NA,"yes"
"BRB","Barbados","Caribbean",NA,"Fruits and nuts","Gross Production Value (constant 2014-2016 thousand US$)","1000 USD",2003,4449,NA,"yes"
"BRB","Barbados","Caribbean",NA,"Fruits and nuts","Gross Production Value (constant 2014-2016 thousand US$)","1000 USD",2004,4707,NA,"yes"
"BRB","Barbados","Caribbean",NA,"Fruits and nuts","Gross Production Value (constant 2014-2016 thousand US$)","1000 USD",2005,4822,NA,"yes"
"BRB","Barbados","Caribbean",NA,"Fruits and nuts","Gross Production Value (constant 2014-2016 thousand US$)","1000 USD",2006,4943,NA,"yes"
"BRB","Barbados","Caribbean",NA,"Fruits and nuts","Gross Production Value (constant 2014-2016 thousand US$)","1000 USD",2007,5138,NA,"yes"
"BRB","Barbados","Caribbean",NA,"Fruits and nuts","Gross Production Value (constant 2014-2016 thousand US$)","1000 USD",2008,5301,NA,"yes"
"BRB","Barbados","Caribbean",NA,"Fruits and nuts","Gross Production Value (constant 2014-2016 thousand US$)","1000 USD",2009,5850,NA,"yes"
"BRB","Barbados","Caribbean",NA,"Fruits and nuts","Gross Production Value (constant 2014-2016 thousand US$)","1000 USD",2010,6047,NA,"yes"
"BRB","Barbados","Caribbean",NA,"Fruits and nuts","Gross Production Value (constant 2014-2016 thousand US$)","1000 USD",2011,6357,NA,"yes"
"BRB","Barbados","Caribbean",NA,"Fruits and nuts","Gross Production Value (constant 2014-2016 thousand US$)","1000 USD",2012,6665,NA,"yes"
"BRB","Barbados","Caribbean",NA,"Fruits and nuts","Gross Production Value (constant 2014-2016 thousand US$)","1000 USD",2013,6493,NA,"yes"
"BRB","Barbados","Caribbean",NA,"Fruits and nuts","Gross Production Value (constant 2014-2016 thousand US$)","1000 USD",2014,6709,NA,"yes"
"BRB","Barbados","Caribbean",NA,"Fruits and nuts","Gross Production Value (constant 2014-2016 thousand US$)","1000 USD",2015,6816,NA,"yes"
"BRB","Barbados","Caribbean",NA,"Fruits and nuts","Gross Production Value (constant 2014-2016 thousand US$)","1000 USD",2016,6760,NA,"yes"
"BRB","Barbados","Caribbean",NA,"Fruits and nuts","Gross Production Value (constant 2014-2016 thousand US$)","1000 USD",2017,6832,NA,"yes"
"BRB","Barbados","Caribbean",NA,"Fruits and nuts","Gross Production Value (constant 2014-2016 thousand US$)","1000 USD",2018,6827,NA,"yes"
"BRB","Barbados","Caribbean",NA,"Fruits and nuts","Gross Production Value (constant 2014-2016 thousand US$)","1000 USD",2019,6863,NA,"yes"
"BRB","Barbados","Caribbean",NA,"Fruits and nuts","Gross Production Value (constant 2014-2016 thousand US$)","1000 USD",2020,7493,NA,"yes"
"BRB","Barbados","Caribbean",NA,"Fruits and nuts","Gross Production Value (constant 2014-2016 thousand US$)","1000 USD",2021,8621,NA,"yes"
"BRB","Barbados","Caribbean",NA,"Fruits and nuts","Gross Production Value (constant 2014-2016 thousand US$)","1000 USD",2022,6310,NA,"yes"
"BRB","Barbados","Caribbean",NA,"Fruits and nuts","Gross Production Value (constant 2014-2016 thousand US$)","1000 USD",2023,7230,NA,"yes"
"BRB","Barbados","Caribbean",NA,"Meat and meat products","Gross Production Value (constant 2014-2016 thousand I$)","1000 Int$",1992,28705,NA,"yes"
"BRB","Barbados","Caribbean",NA,"Meat and meat products","Gross Production Value (constant 2014-2016 thousand I$)","1000 Int$",1993,27831,NA,"yes"
"BRB","Barbados","Caribbean",NA,"Meat and meat products","Gross Production Value (constant 2014-2016 thousand I$)","1000 Int$",1994,26328,NA,"yes"
"BRB","Barbados","Caribbean",NA,"Meat and meat products","Gross Production Value (constant 2014-2016 thousand I$)","1000 Int$",1995,29099,NA,"yes"
"BRB","Barbados","Caribbean",NA,"Meat and meat products","Gross Production Value (constant 2014-2016 thousand I$)","1000 Int$",1996,33822,NA,"yes"
"BRB","Barbados","Caribbean",NA,"Meat and meat products","Gross Production Value (constant 2014-2016 thousand I$)","1000 Int$",1997,31741,NA,"yes"
"BRB","Barbados","Caribbean",NA,"Meat and meat products","Gross Production Value (constant 2014-2016 thousand I$)","1000 Int$",1998,31179,NA,"yes"
"BRB","Barbados","Caribbean",NA,"Meat and meat products","Gross Production Value (constant 2014-2016 thousand I$)","1000 Int$",1999,30710,NA,"yes"
"BRB","Barbados","Caribbean",NA,"Meat and meat products","Gross Production Value (constant 2014-2016 thousand I$)","1000 Int$",2000,28284,NA,"yes"
"BRB","Barbados","Caribbean",NA,"Meat and meat products","Gross Production Value (constant 2014-2016 thousand I$)","1000 Int$",2001,28854,NA,"yes"
"BRB","Barbados","Caribbean",NA,"Meat and meat products","Gross Production Value (constant 2014-2016 thousand I$)","1000 Int$",2002,27324,NA,"yes"
"BRB","Barbados","Caribbean",NA,"Meat and meat products","Gross Production Value (constant 2014-2016 thousand I$)","1000 Int$",2003,30043,NA,"yes"
"BRB","Barbados","Caribbean",NA,"Meat and meat products","Gross Production Value (constant 2014-2016 thousand I$)","1000 Int$",2004,32275,NA,"yes"
"BRB","Barbados","Caribbean",NA,"Meat and meat products","Gross Production Value (constant 2014-2016 thousand I$)","1000 Int$",2005,35576,NA,"yes"
"BRB","Barbados","Caribbean",NA,"Meat and meat products","Gross Production Value (constant 2014-2016 thousand I$)","1000 Int$",2006,33226,NA,"yes"
"BRB","Barbados","Caribbean",NA,"Meat and meat products","Gross Production Value (constant 2014-2016 thousand I$)","1000 Int$",2007,35318,NA,"yes"
"BRB","Barbados","Caribbean",NA,"Meat and meat products","Gross Production Value (constant 2014-2016 thousand I$)","1000 Int$",2008,34557,NA,"yes"
"BRB","Barbados","Caribbean",NA,"Meat and meat products","Gross Production Value (constant 2014-2016 thousand I$)","1000 Int$",2009,34986,NA,"yes"
"BRB","Barbados","Caribbean",NA,"Meat and meat products","Gross Production Value (constant 2014-2016 thousand I$)","1000 Int$",2010,34487,NA,"yes"
"BRB","Barbados","Caribbean",NA,"Meat and meat products","Gross Production Value (constant 2014-2016 thousand I$)","1000 Int$",2011,34808,NA,"yes"
"BRB","Barbados","Caribbean",NA,"Meat and meat products","Gross Production Value (constant 2014-2016 thousand I$)","1000 Int$",2012,34061,NA,"yes"
"BRB","Barbados","Caribbean",NA,"Meat and meat products","Gross Production Value (constant 2014-2016 thousand I$)","1000 Int$",2013,32613,NA,"yes"
"BRB","Barbados","Caribbean",NA,"Meat and meat products","Gross Production Value (constant 2014-2016 thousand I$)","1000 Int$",2014,34674,NA,"yes"
"BRB","Barbados","Caribbean",NA,"Meat and meat products","Gross Production Value (constant 2014-2016 thousand I$)","1000 Int$",2015,38377,NA,"yes"
"BRB","Barbados","Caribbean",NA,"Meat and meat products","Gross Production Value (constant 2014-2016 thousand I$)","1000 Int$",2016,35523,NA,"yes"
"BRB","Barbados","Caribbean",NA,"Meat and meat products","Gross Production Value (constant 2014-2016 thousand I$)","1000 Int$",2017,36904,NA,"yes"
"BRB","Barbados","Caribbean",NA,"Meat and meat products","Gross Production Value (constant 2014-2016 thousand I$)","1000 Int$",2018,38917,NA,"yes"
"BRB","Barbados","Caribbean",NA,"Meat and meat products","Gross Production Value (constant 2014-2016 thousand I$)","1000 Int$",2019,38575,NA,"yes"
"BRB","Barbados","Caribbean",NA,"Meat and meat products","Gross Production Value (constant 2014-2016 thousand I$)","1000 Int$",2020,30133,NA,"yes"
"BRB","Barbados","Caribbean",NA,"Meat and meat products","Gross Production Value (constant 2014-2016 thousand I$)","1000 Int$",2021,32379,NA,"yes"
"BRB","Barbados","Caribbean",NA,"Meat and meat products","Gross Production Value (constant 2014-2016 thousand I$)","1000 Int$",2022,36794,NA,"yes"
"BRB","Barbados","Caribbean",NA,"Meat and meat products","Gross Production Value (constant 2014-2016 thousand I$)","1000 Int$",2023,35661,NA,"yes"
"BRB","Barbados","Caribbean",NA,"Meat and meat products","Gross Production Value (constant 2014-2016 thousand US$)","1000 USD",1992,110540,NA,"yes"
"BRB","Barbados","Caribbean",NA,"Meat and meat products","Gross Production Value (constant 2014-2016 thousand US$)","1000 USD",1993,107442,NA,"yes"
"BRB","Barbados","Caribbean",NA,"Meat and meat products","Gross Production Value (constant 2014-2016 thousand US$)","1000 USD",1994,94715,NA,"yes"
"BRB","Barbados","Caribbean",NA,"Meat and meat products","Gross Production Value (constant 2014-2016 thousand US$)","1000 USD",1995,104994,NA,"yes"
"BRB","Barbados","Caribbean",NA,"Meat and meat products","Gross Production Value (constant 2014-2016 thousand US$)","1000 USD",1996,125686,NA,"yes"
"BRB","Barbados","Caribbean",NA,"Meat and meat products","Gross Production Value (constant 2014-2016 thousand US$)","1000 USD",1997,118218,NA,"yes"
"BRB","Barbados","Caribbean",NA,"Meat and meat products","Gross Production Value (constant 2014-2016 thousand US$)","1000 USD",1998,115697,NA,"yes"
"BRB","Barbados","Caribbean",NA,"Meat and meat products","Gross Production Value (constant 2014-2016 thousand US$)","1000 USD",1999,112371,NA,"yes"
"BRB","Barbados","Caribbean",NA,"Meat and meat products","Gross Production Value (constant 2014-2016 thousand US$)","1000 USD",2000,102035,NA,"yes"
"BRB","Barbados","Caribbean",NA,"Meat and meat products","Gross Production Value (constant 2014-2016 thousand US$)","1000 USD",2001,103956,NA,"yes"
"BRB","Barbados","Caribbean",NA,"Meat and meat products","Gross Production Value (constant 2014-2016 thousand US$)","1000 USD",2002,96884,NA,"yes"
"BRB","Barbados","Caribbean",NA,"Meat and meat products","Gross Production Value (constant 2014-2016 thousand US$)","1000 USD",2003,107532,NA,"yes"
"BRB","Barbados","Caribbean",NA,"Meat and meat products","Gross Production Value (constant 2014-2016 thousand US$)","1000 USD",2004,116488,NA,"yes"
"BRB","Barbados","Caribbean",NA,"Meat and meat products","Gross Production Value (constant 2014-2016 thousand US$)","1000 USD",2005,128506,NA,"yes"
"BRB","Barbados","Caribbean",NA,"Meat and meat products","Gross Production Value (constant 2014-2016 thousand US$)","1000 USD",2006,122192,NA,"yes"
"BRB","Barbados","Caribbean",NA,"Meat and meat products","Gross Production Value (constant 2014-2016 thousand US$)","1000 USD",2007,128728,NA,"yes"
"BRB","Barbados","Caribbean",NA,"Meat and meat products","Gross Production Value (constant 2014-2016 thousand US$)","1000 USD",2008,126795,NA,"yes"
"BRB","Barbados","Caribbean",NA,"Meat and meat products","Gross Production Value (constant 2014-2016 thousand US$)","1000 USD",2009,128635,NA,"yes"
"BRB","Barbados","Caribbean",NA,"Meat and meat products","Gross Production Value (constant 2014-2016 thousand US$)","1000 USD",2010,126867,NA,"yes"
"BRB","Barbados","Caribbean",NA,"Meat and meat products","Gross Production Value (constant 2014-2016 thousand US$)","1000 USD",2011,127623,NA,"yes"
"BRB","Barbados","Caribbean",NA,"Meat and meat products","Gross Production Value (constant 2014-2016 thousand US$)","1000 USD",2012,124549,NA,"yes"
"BRB","Barbados","Caribbean",NA,"Meat and meat products","Gross Production Value (constant 2014-2016 thousand US$)","1000 USD",2013,119567,NA,"yes"
"BRB","Barbados","Caribbean",NA,"Meat and meat products","Gross Production Value (constant 2014-2016 thousand US$)","1000 USD",2014,127477,NA,"yes"
"BRB","Barbados","Caribbean",NA,"Meat and meat products","Gross Production Value (constant 2014-2016 thousand US$)","1000 USD",2015,140489,NA,"yes"
"BRB","Barbados","Caribbean",NA,"Meat and meat products","Gross Production Value (constant 2014-2016 thousand US$)","1000 USD",2016,130676,NA,"yes"
"BRB","Barbados","Caribbean",NA,"Meat and meat products","Gross Production Value (constant 2014-2016 thousand US$)","1000 USD",2017,134178,NA,"yes"
"BRB","Barbados","Caribbean",NA,"Meat and meat products","Gross Production Value (constant 2014-2016 thousand US$)","1000 USD",2018,141907,NA,"yes"
"BRB","Barbados","Caribbean",NA,"Meat and meat products","Gross Production Value (constant 2014-2016 thousand US$)","1000 USD",2019,141010,NA,"yes"
"BRB","Barbados","Caribbean",NA,"Meat and meat products","Gross Production Value (constant 2014-2016 thousand US$)","1000 USD",2020,113483,NA,"yes"
"BRB","Barbados","Caribbean",NA,"Meat and meat products","Gross Production Value (constant 2014-2016 thousand US$)","1000 USD",2021,119381,NA,"yes"
"BRB","Barbados","Caribbean",NA,"Meat and meat products","Gross Production Value (constant 2014-2016 thousand US$)","1000 USD",2022,133791,NA,"yes"
"BRB","Barbados","Caribbean",NA,"Meat and meat products","Gross Production Value (constant 2014-2016 thousand US$)","1000 USD",2023,130146,NA,"yes"
"BRB","Barbados","Caribbean",NA,"Oilseeds and oleaginous fruits","Gross Production Value (constant 2014-2016 thousand I$)","1000 Int$",1992,314,NA,"yes"
"BRB","Barbados","Caribbean",NA,"Oilseeds and oleaginous fruits","Gross Production Value (constant 2014-2016 thousand I$)","1000 Int$",1993,311,NA,"yes"
"BRB","Barbados","Caribbean",NA,"Oilseeds and oleaginous fruits","Gross Production Value (constant 2014-2016 thousand I$)","1000 Int$",1994,293,NA,"yes"
"BRB","Barbados","Caribbean",NA,"Oilseeds and oleaginous fruits","Gross Production Value (constant 2014-2016 thousand I$)","1000 Int$",1995,349,NA,"yes"
"BRB","Barbados","Caribbean",NA,"Oilseeds and oleaginous fruits","Gross Production Value (constant 2014-2016 thousand I$)","1000 Int$",1996,269,NA,"yes"
"BRB","Barbados","Caribbean",NA,"Oilseeds and oleaginous fruits","Gross Production Value (constant 2014-2016 thousand I$)","1000 Int$",1997,309,NA,"yes"
"BRB","Barbados","Caribbean",NA,"Oilseeds and oleaginous fruits","Gross Production Value (constant 2014-2016 thousand I$)","1000 Int$",1998,310,NA,"yes"
"BRB","Barbados","Caribbean",NA,"Oilseeds and oleaginous fruits","Gross Production Value (constant 2014-2016 thousand I$)","1000 Int$",1999,281,NA,"yes"
"BRB","Barbados","Caribbean",NA,"Oilseeds and oleaginous fruits","Gross Production Value (constant 2014-2016 thousand I$)","1000 Int$",2000,296,NA,"yes"
"BRB","Barbados","Caribbean",NA,"Oilseeds and oleaginous fruits","Gross Production Value (constant 2014-2016 thousand I$)","1000 Int$",2001,291,NA,"yes"
"BRB","Barbados","Caribbean",NA,"Oilseeds and oleaginous fruits","Gross Production Value (constant 2014-2016 thousand I$)","1000 Int$",2002,291,NA,"yes"
"BRB","Barbados","Caribbean",NA,"Oilseeds and oleaginous fruits","Gross Production Value (constant 2014-2016 thousand I$)","1000 Int$",2003,315,NA,"yes"
"BRB","Barbados","Caribbean",NA,"Oilseeds and oleaginous fruits","Gross Production Value (constant 2014-2016 thousand I$)","1000 Int$",2004,314,NA,"yes"
"BRB","Barbados","Caribbean",NA,"Oilseeds and oleaginous fruits","Gross Production Value (constant 2014-2016 thousand I$)","1000 Int$",2005,335,NA,"yes"
"BRB","Barbados","Caribbean",NA,"Oilseeds and oleaginous fruits","Gross Production Value (constant 2014-2016 thousand I$)","1000 Int$",2006,358,NA,"yes"
"BRB","Barbados","Caribbean",NA,"Oilseeds and oleaginous fruits","Gross Production Value (constant 2014-2016 thousand I$)","1000 Int$",2007,374,NA,"yes"
"BRB","Barbados","Caribbean",NA,"Oilseeds and oleaginous fruits","Gross Production Value (constant 2014-2016 thousand I$)","1000 Int$",2008,366,NA,"yes"
"BRB","Barbados","Caribbean",NA,"Oilseeds and oleaginous fruits","Gross Production Value (constant 2014-2016 thousand I$)","1000 Int$",2009,369,NA,"yes"
"BRB","Barbados","Caribbean",NA,"Oilseeds and oleaginous fruits","Gross Production Value (constant 2014-2016 thousand I$)","1000 Int$",2010,330,NA,"yes"
"BRB","Barbados","Caribbean",NA,"Oilseeds and oleaginous fruits","Gross Production Value (constant 2014-2016 thousand I$)","1000 Int$",2011,321,NA,"yes"
"BRB","Barbados","Caribbean",NA,"Oilseeds and oleaginous fruits","Gross Production Value (constant 2014-2016 thousand I$)","1000 Int$",2012,275,NA,"yes"
"BRB","Barbados","Caribbean",NA,"Oilseeds and oleaginous fruits","Gross Production Value (constant 2014-2016 thousand I$)","1000 Int$",2013,300,NA,"yes"
"BRB","Barbados","Caribbean",NA,"Oilseeds and oleaginous fruits","Gross Production Value (constant 2014-2016 thousand I$)","1000 Int$",2014,311,NA,"yes"
"BRB","Barbados","Caribbean",NA,"Oilseeds and oleaginous fruits","Gross Production Value (constant 2014-2016 thousand I$)","1000 Int$",2015,271,NA,"yes"
"BRB","Barbados","Caribbean",NA,"Oilseeds and oleaginous fruits","Gross Production Value (constant 2014-2016 thousand I$)","1000 Int$",2016,269,NA,"yes"
"BRB","Barbados","Caribbean",NA,"Oilseeds and oleaginous fruits","Gross Production Value (constant 2014-2016 thousand I$)","1000 Int$",2017,276,NA,"yes"
"BRB","Barbados","Caribbean",NA,"Oilseeds and oleaginous fruits","Gross Production Value (constant 2014-2016 thousand I$)","1000 Int$",2018,396,NA,"yes"
"BRB","Barbados","Caribbean",NA,"Oilseeds and oleaginous fruits","Gross Production Value (constant 2014-2016 thousand I$)","1000 Int$",2019,397,NA,"yes"
"BRB","Barbados","Caribbean",NA,"Oilseeds and oleaginous fruits","Gross Production Value (constant 2014-2016 thousand I$)","1000 Int$",2020,398,NA,"yes"
"BRB","Barbados","Caribbean",NA,"Oilseeds and oleaginous fruits","Gross Production Value (constant 2014-2016 thousand I$)","1000 Int$",2021,397,NA,"yes"
"BRB","Barbados","Caribbean",NA,"Oilseeds and oleaginous fruits","Gross Production Value (constant 2014-2016 thousand I$)","1000 Int$",2022,398,NA,"yes"
"BRB","Barbados","Caribbean",NA,"Oilseeds and oleaginous fruits","Gross Production Value (constant 2014-2016 thousand I$)","1000 Int$",2023,399,NA,"yes"
"BRB","Barbados","Caribbean",NA,"Oilseeds and oleaginous fruits","Gross Production Value (constant 2014-2016 thousand US$)","1000 USD",1992,2251,NA,"yes"
"BRB","Barbados","Caribbean",NA,"Oilseeds and oleaginous fruits","Gross Production Value (constant 2014-2016 thousand US$)","1000 USD",1993,2231,NA,"yes"
"BRB","Barbados","Caribbean",NA,"Oilseeds and oleaginous fruits","Gross Production Value (constant 2014-2016 thousand US$)","1000 USD",1994,2111,NA,"yes"
"BRB","Barbados","Caribbean",NA,"Oilseeds and oleaginous fruits","Gross Production Value (constant 2014-2016 thousand US$)","1000 USD",1995,2496,NA,"yes"
"BRB","Barbados","Caribbean",NA,"Oilseeds and oleaginous fruits","Gross Production Value (constant 2014-2016 thousand US$)","1000 USD",1996,1941,NA,"yes"
"BRB","Barbados","Caribbean",NA,"Oilseeds and oleaginous fruits","Gross Production Value (constant 2014-2016 thousand US$)","1000 USD",1997,2221,NA,"yes"
"BRB","Barbados","Caribbean",NA,"Oilseeds and oleaginous fruits","Gross Production Value (constant 2014-2016 thousand US$)","1000 USD",1998,2226,NA,"yes"
"BRB","Barbados","Caribbean",NA,"Oilseeds and oleaginous fruits","Gross Production Value (constant 2014-2016 thousand US$)","1000 USD",1999,2026,NA,"yes"
"BRB","Barbados","Caribbean",NA,"Oilseeds and oleaginous fruits","Gross Production Value (constant 2014-2016 thousand US$)","1000 USD",2000,2135,NA,"yes"
"BRB","Barbados","Caribbean",NA,"Oilseeds and oleaginous fruits","Gross Production Value (constant 2014-2016 thousand US$)","1000 USD",2001,2104,NA,"yes"
"BRB","Barbados","Caribbean",NA,"Oilseeds and oleaginous fruits","Gross Production Value (constant 2014-2016 thousand US$)","1000 USD",2002,2104,NA,"yes"
"BRB","Barbados","Caribbean",NA,"Oilseeds and oleaginous fruits","Gross Production Value (constant 2014-2016 thousand US$)","1000 USD",2003,2269,NA,"yes"
"BRB","Barbados","Caribbean",NA,"Oilseeds and oleaginous fruits","Gross Production Value (constant 2014-2016 thousand US$)","1000 USD",2004,2272,NA,"yes"
"BRB","Barbados","Caribbean",NA,"Oilseeds and oleaginous fruits","Gross Production Value (constant 2014-2016 thousand US$)","1000 USD",2005,2424,NA,"yes"
"BRB","Barbados","Caribbean",NA,"Oilseeds and oleaginous fruits","Gross Production Value (constant 2014-2016 thousand US$)","1000 USD",2006,2592,NA,"yes"
"BRB","Barbados","Caribbean",NA,"Oilseeds and oleaginous fruits","Gross Production Value (constant 2014-2016 thousand US$)","1000 USD",2007,2709,NA,"yes"
"BRB","Barbados","Caribbean",NA,"Oilseeds and oleaginous fruits","Gross Production Value (constant 2014-2016 thousand US$)","1000 USD",2008,2655,NA,"yes"
"BRB","Barbados","Caribbean",NA,"Oilseeds and oleaginous fruits","Gross Production Value (constant 2014-2016 thousand US$)","1000 USD",2009,2663,NA,"yes"
"BRB","Barbados","Caribbean",NA,"Oilseeds and oleaginous fruits","Gross Production Value (constant 2014-2016 thousand US$)","1000 USD",2010,2389,NA,"yes"
"BRB","Barbados","Caribbean",NA,"Oilseeds and oleaginous fruits","Gross Production Value (constant 2014-2016 thousand US$)","1000 USD",2011,2320,NA,"yes"
"BRB","Barbados","Caribbean",NA,"Oilseeds and oleaginous fruits","Gross Production Value (constant 2014-2016 thousand US$)","1000 USD",2012,1990,NA,"yes"
"BRB","Barbados","Caribbean",NA,"Oilseeds and oleaginous fruits","Gross Production Value (constant 2014-2016 thousand US$)","1000 USD",2013,2172,NA,"yes"
"BRB","Barbados","Caribbean",NA,"Oilseeds and oleaginous fruits","Gross Production Value (constant 2014-2016 thousand US$)","1000 USD",2014,2258,NA,"yes"
"BRB","Barbados","Caribbean",NA,"Oilseeds and oleaginous fruits","Gross Production Value (constant 2014-2016 thousand US$)","1000 USD",2015,1966,NA,"yes"
"BRB","Barbados","Caribbean",NA,"Oilseeds and oleaginous fruits","Gross Production Value (constant 2014-2016 thousand US$)","1000 USD",2016,1951,NA,"yes"
"BRB","Barbados","Caribbean",NA,"Oilseeds and oleaginous fruits","Gross Production Value (constant 2014-2016 thousand US$)","1000 USD",2017,2001,NA,"yes"
"BRB","Barbados","Caribbean",NA,"Oilseeds and oleaginous fruits","Gross Production Value (constant 2014-2016 thousand US$)","1000 USD",2018,2873,NA,"yes"
"BRB","Barbados","Caribbean",NA,"Oilseeds and oleaginous fruits","Gross Production Value (constant 2014-2016 thousand US$)","1000 USD",2019,2880,NA,"yes"
"BRB","Barbados","Caribbean",NA,"Oilseeds and oleaginous fruits","Gross Production Value (constant 2014-2016 thousand US$)","1000 USD",2020,2882,NA,"yes"
"BRB","Barbados","Caribbean",NA,"Oilseeds and oleaginous fruits","Gross Production Value (constant 2014-2016 thousand US$)","1000 USD",2021,2879,NA,"yes"
"BRB","Barbados","Caribbean",NA,"Oilseeds and oleaginous fruits","Gross Production Value (constant 2014-2016 thousand US$)","1000 USD",2022,2882,NA,"yes"
"BRB","Barbados","Caribbean",NA,"Oilseeds and oleaginous fruits","Gross Production Value (constant 2014-2016 thousand US$)","1000 USD",2023,2898,NA,"yes"
"BRB","Barbados","Caribbean",NA,"Pulses (dried leguminous vegetables)","Gross Production Value (constant 2014-2016 thousand I$)","1000 Int$",1992,700,NA,"yes"
"BRB","Barbados","Caribbean",NA,"Pulses (dried leguminous vegetables)","Gross Production Value (constant 2014-2016 thousand I$)","1000 Int$",1993,700,NA,"yes"
"BRB","Barbados","Caribbean",NA,"Pulses (dried leguminous vegetables)","Gross Production Value (constant 2014-2016 thousand I$)","1000 Int$",1994,700,NA,"yes"
"BRB","Barbados","Caribbean",NA,"Pulses (dried leguminous vegetables)","Gross Production Value (constant 2014-2016 thousand I$)","1000 Int$",1995,700,NA,"yes"
"BRB","Barbados","Caribbean",NA,"Pulses (dried leguminous vegetables)","Gross Production Value (constant 2014-2016 thousand I$)","1000 Int$",1996,700,NA,"yes"
"BRB","Barbados","Caribbean",NA,"Pulses (dried leguminous vegetables)","Gross Production Value (constant 2014-2016 thousand I$)","1000 Int$",1997,700,NA,"yes"
"BRB","Barbados","Caribbean",NA,"Pulses (dried leguminous vegetables)","Gross Production Value (constant 2014-2016 thousand I$)","1000 Int$",1998,929,NA,"yes"
"BRB","Barbados","Caribbean",NA,"Pulses (dried leguminous vegetables)","Gross Production Value (constant 2014-2016 thousand I$)","1000 Int$",1999,878,NA,"yes"
"BRB","Barbados","Caribbean",NA,"Pulses (dried leguminous vegetables)","Gross Production Value (constant 2014-2016 thousand I$)","1000 Int$",2000,901,NA,"yes"
"BRB","Barbados","Caribbean",NA,"Pulses (dried leguminous vegetables)","Gross Production Value (constant 2014-2016 thousand I$)","1000 Int$",2001,920,NA,"yes"
"BRB","Barbados","Caribbean",NA,"Pulses (dried leguminous vegetables)","Gross Production Value (constant 2014-2016 thousand I$)","1000 Int$",2002,946,NA,"yes"
"BRB","Barbados","Caribbean",NA,"Pulses (dried leguminous vegetables)","Gross Production Value (constant 2014-2016 thousand I$)","1000 Int$",2003,1043,NA,"yes"
"BRB","Barbados","Caribbean",NA,"Pulses (dried leguminous vegetables)","Gross Production Value (constant 2014-2016 thousand I$)","1000 Int$",2004,865,NA,"yes"
"BRB","Barbados","Caribbean",NA,"Pulses (dried leguminous vegetables)","Gross Production Value (constant 2014-2016 thousand I$)","1000 Int$",2005,953,NA,"yes"
"BRB","Barbados","Caribbean",NA,"Pulses (dried leguminous vegetables)","Gross Production Value (constant 2014-2016 thousand I$)","1000 Int$",2006,1017,NA,"yes"
"BRB","Barbados","Caribbean",NA,"Pulses (dried leguminous vegetables)","Gross Production Value (constant 2014-2016 thousand I$)","1000 Int$",2007,942,NA,"yes"
"BRB","Barbados","Caribbean",NA,"Pulses (dried leguminous vegetables)","Gross Production Value (constant 2014-2016 thousand I$)","1000 Int$",2008,920,NA,"yes"
"BRB","Barbados","Caribbean",NA,"Pulses (dried leguminous vegetables)","Gross Production Value (constant 2014-2016 thousand I$)","1000 Int$",2009,990,NA,"yes"
"BRB","Barbados","Caribbean",NA,"Pulses (dried leguminous vegetables)","Gross Production Value (constant 2014-2016 thousand I$)","1000 Int$",2010,1166,NA,"yes"
"BRB","Barbados","Caribbean",NA,"Pulses (dried leguminous vegetables)","Gross Production Value (constant 2014-2016 thousand I$)","1000 Int$",2011,1357,NA,"yes"
"BRB","Barbados","Caribbean",NA,"Pulses (dried leguminous vegetables)","Gross Production Value (constant 2014-2016 thousand I$)","1000 Int$",2012,1501,NA,"yes"
"BRB","Barbados","Caribbean",NA,"Pulses (dried leguminous vegetables)","Gross Production Value (constant 2014-2016 thousand I$)","1000 Int$",2013,1460,NA,"yes"
"BRB","Barbados","Caribbean",NA,"Pulses (dried leguminous vegetables)","Gross Production Value (constant 2014-2016 thousand I$)","1000 Int$",2014,1420,NA,"yes"
"BRB","Barbados","Caribbean",NA,"Pulses (dried leguminous vegetables)","Gross Production Value (constant 2014-2016 thousand I$)","1000 Int$",2015,1386,NA,"yes"
"BRB","Barbados","Caribbean",NA,"Pulses (dried leguminous vegetables)","Gross Production Value (constant 2014-2016 thousand I$)","1000 Int$",2016,1422,NA,"yes"
"BRB","Barbados","Caribbean",NA,"Pulses (dried leguminous vegetables)","Gross Production Value (constant 2014-2016 thousand I$)","1000 Int$",2017,1475,NA,"yes"
"BRB","Barbados","Caribbean",NA,"Pulses (dried leguminous vegetables)","Gross Production Value (constant 2014-2016 thousand I$)","1000 Int$",2018,1427,NA,"yes"
"BRB","Barbados","Caribbean",NA,"Pulses (dried leguminous vegetables)","Gross Production Value (constant 2014-2016 thousand I$)","1000 Int$",2019,1383,NA,"yes"
"BRB","Barbados","Caribbean",NA,"Pulses (dried leguminous vegetables)","Gross Production Value (constant 2014-2016 thousand I$)","1000 Int$",2020,1433,NA,"yes"
"BRB","Barbados","Caribbean",NA,"Pulses (dried leguminous vegetables)","Gross Production Value (constant 2014-2016 thousand I$)","1000 Int$",2021,1418,NA,"yes"
"BRB","Barbados","Caribbean",NA,"Pulses (dried leguminous vegetables)","Gross Production Value (constant 2014-2016 thousand I$)","1000 Int$",2022,1421,NA,"yes"
"BRB","Barbados","Caribbean",NA,"Pulses (dried leguminous vegetables)","Gross Production Value (constant 2014-2016 thousand I$)","1000 Int$",2023,1435,NA,"yes"
"BRB","Barbados","Caribbean",NA,"Pulses (dried leguminous vegetables)","Gross Production Value (constant 2014-2016 thousand US$)","1000 USD",1992,2949,NA,"yes"
"BRB","Barbados","Caribbean",NA,"Pulses (dried leguminous vegetables)","Gross Production Value (constant 2014-2016 thousand US$)","1000 USD",1993,2949,NA,"yes"
"BRB","Barbados","Caribbean",NA,"Pulses (dried leguminous vegetables)","Gross Production Value (constant 2014-2016 thousand US$)","1000 USD",1994,2949,NA,"yes"
"BRB","Barbados","Caribbean",NA,"Pulses (dried leguminous vegetables)","Gross Production Value (constant 2014-2016 thousand US$)","1000 USD",1995,2949,NA,"yes"
"BRB","Barbados","Caribbean",NA,"Pulses (dried leguminous vegetables)","Gross Production Value (constant 2014-2016 thousand US$)","1000 USD",1996,2949,NA,"yes"
"BRB","Barbados","Caribbean",NA,"Pulses (dried leguminous vegetables)","Gross Production Value (constant 2014-2016 thousand US$)","1000 USD",1997,2949,NA,"yes"
"BRB","Barbados","Caribbean",NA,"Pulses (dried leguminous vegetables)","Gross Production Value (constant 2014-2016 thousand US$)","1000 USD",1998,4486,NA,"yes"
"BRB","Barbados","Caribbean",NA,"Pulses (dried leguminous vegetables)","Gross Production Value (constant 2014-2016 thousand US$)","1000 USD",1999,4292,NA,"yes"
"BRB","Barbados","Caribbean",NA,"Pulses (dried leguminous vegetables)","Gross Production Value (constant 2014-2016 thousand US$)","1000 USD",2000,4445,NA,"yes"
"BRB","Barbados","Caribbean",NA,"Pulses (dried leguminous vegetables)","Gross Production Value (constant 2014-2016 thousand US$)","1000 USD",2001,4573,NA,"yes"
"BRB","Barbados","Caribbean",NA,"Pulses (dried leguminous vegetables)","Gross Production Value (constant 2014-2016 thousand US$)","1000 USD",2002,4740,NA,"yes"
"BRB","Barbados","Caribbean",NA,"Pulses (dried leguminous vegetables)","Gross Production Value (constant 2014-2016 thousand US$)","1000 USD",2003,5361,NA,"yes"
"BRB","Barbados","Caribbean",NA,"Pulses (dried leguminous vegetables)","Gross Production Value (constant 2014-2016 thousand US$)","1000 USD",2004,4109,NA,"yes"
"BRB","Barbados","Caribbean",NA,"Pulses (dried leguminous vegetables)","Gross Production Value (constant 2014-2016 thousand US$)","1000 USD",2005,4672,NA,"yes"
"BRB","Barbados","Caribbean",NA,"Pulses (dried leguminous vegetables)","Gross Production Value (constant 2014-2016 thousand US$)","1000 USD",2006,4990,NA,"yes"
"BRB","Barbados","Caribbean",NA,"Pulses (dried leguminous vegetables)","Gross Production Value (constant 2014-2016 thousand US$)","1000 USD",2007,4450,NA,"yes"
"BRB","Barbados","Caribbean",NA,"Pulses (dried leguminous vegetables)","Gross Production Value (constant 2014-2016 thousand US$)","1000 USD",2008,4196,NA,"yes"
"BRB","Barbados","Caribbean",NA,"Pulses (dried leguminous vegetables)","Gross Production Value (constant 2014-2016 thousand US$)","1000 USD",2009,4484,NA,"yes"
"BRB","Barbados","Caribbean",NA,"Pulses (dried leguminous vegetables)","Gross Production Value (constant 2014-2016 thousand US$)","1000 USD",2010,5335,NA,"yes"
"BRB","Barbados","Caribbean",NA,"Pulses (dried leguminous vegetables)","Gross Production Value (constant 2014-2016 thousand US$)","1000 USD",2011,6229,NA,"yes"
"BRB","Barbados","Caribbean",NA,"Pulses (dried leguminous vegetables)","Gross Production Value (constant 2014-2016 thousand US$)","1000 USD",2012,6739,NA,"yes"
"BRB","Barbados","Caribbean",NA,"Pulses (dried leguminous vegetables)","Gross Production Value (constant 2014-2016 thousand US$)","1000 USD",2013,6366,NA,"yes"
"BRB","Barbados","Caribbean",NA,"Pulses (dried leguminous vegetables)","Gross Production Value (constant 2014-2016 thousand US$)","1000 USD",2014,6196,NA,"yes"
"BRB","Barbados","Caribbean",NA,"Pulses (dried leguminous vegetables)","Gross Production Value (constant 2014-2016 thousand US$)","1000 USD",2015,6079,NA,"yes"
"BRB","Barbados","Caribbean",NA,"Pulses (dried leguminous vegetables)","Gross Production Value (constant 2014-2016 thousand US$)","1000 USD",2016,6213,NA,"yes"
"BRB","Barbados","Caribbean",NA,"Pulses (dried leguminous vegetables)","Gross Production Value (constant 2014-2016 thousand US$)","1000 USD",2017,6437,NA,"yes"
"BRB","Barbados","Caribbean",NA,"Pulses (dried leguminous vegetables)","Gross Production Value (constant 2014-2016 thousand US$)","1000 USD",2018,6243,NA,"yes"
"BRB","Barbados","Caribbean",NA,"Pulses (dried leguminous vegetables)","Gross Production Value (constant 2014-2016 thousand US$)","1000 USD",2019,6051,NA,"yes"
"BRB","Barbados","Caribbean",NA,"Pulses (dried leguminous vegetables)","Gross Production Value (constant 2014-2016 thousand US$)","1000 USD",2020,6264,NA,"yes"
"BRB","Barbados","Caribbean",NA,"Pulses (dried leguminous vegetables)","Gross Production Value (constant 2014-2016 thousand US$)","1000 USD",2021,6202,NA,"yes"
"BRB","Barbados","Caribbean",NA,"Pulses (dried leguminous vegetables)","Gross Production Value (constant 2014-2016 thousand US$)","1000 USD",2022,6214,NA,"yes"
"BRB","Barbados","Caribbean",NA,"Pulses (dried leguminous vegetables)","Gross Production Value (constant 2014-2016 thousand US$)","1000 USD",2023,6271,NA,"yes"
"BRB","Barbados","Caribbean",NA,"Raw milk","Gross Production Value (constant 2014-2016 thousand I$)","1000 Int$",1992,3602,NA,"yes"
"BRB","Barbados","Caribbean",NA,"Raw milk","Gross Production Value (constant 2014-2016 thousand I$)","1000 Int$",1993,3191,NA,"yes"
"BRB","Barbados","Caribbean",NA,"Raw milk","Gross Production Value (constant 2014-2016 thousand I$)","1000 Int$",1994,3037,NA,"yes"
"BRB","Barbados","Caribbean",NA,"Raw milk","Gross Production Value (constant 2014-2016 thousand I$)","1000 Int$",1995,3275,NA,"yes"
"BRB","Barbados","Caribbean",NA,"Raw milk","Gross Production Value (constant 2014-2016 thousand I$)","1000 Int$",1996,3475,NA,"yes"
"BRB","Barbados","Caribbean",NA,"Raw milk","Gross Production Value (constant 2014-2016 thousand I$)","1000 Int$",1997,3550,NA,"yes"
"BRB","Barbados","Caribbean",NA,"Raw milk","Gross Production Value (constant 2014-2016 thousand I$)","1000 Int$",1998,3787,NA,"yes"
"BRB","Barbados","Caribbean",NA,"Raw milk","Gross Production Value (constant 2014-2016 thousand I$)","1000 Int$",1999,3371,NA,"yes"
"BRB","Barbados","Caribbean",NA,"Raw milk","Gross Production Value (constant 2014-2016 thousand I$)","1000 Int$",2000,3300,NA,"yes"
"BRB","Barbados","Caribbean",NA,"Raw milk","Gross Production Value (constant 2014-2016 thousand I$)","1000 Int$",2001,3387,NA,"yes"
"BRB","Barbados","Caribbean",NA,"Raw milk","Gross Production Value (constant 2014-2016 thousand I$)","1000 Int$",2002,3091,NA,"yes"
"BRB","Barbados","Caribbean",NA,"Raw milk","Gross Production Value (constant 2014-2016 thousand I$)","1000 Int$",2003,2921,NA,"yes"
"BRB","Barbados","Caribbean",NA,"Raw milk","Gross Production Value (constant 2014-2016 thousand I$)","1000 Int$",2004,2755,NA,"yes"
"BRB","Barbados","Caribbean",NA,"Raw milk","Gross Production Value (constant 2014-2016 thousand I$)","1000 Int$",2005,2603,NA,"yes"
"BRB","Barbados","Caribbean",NA,"Raw milk","Gross Production Value (constant 2014-2016 thousand I$)","1000 Int$",2006,2318,NA,"yes"
"BRB","Barbados","Caribbean",NA,"Raw milk","Gross Production Value (constant 2014-2016 thousand I$)","1000 Int$",2007,2814,NA,"yes"
"BRB","Barbados","Caribbean",NA,"Raw milk","Gross Production Value (constant 2014-2016 thousand I$)","1000 Int$",2008,2786,NA,"yes"
"BRB","Barbados","Caribbean",NA,"Raw milk","Gross Production Value (constant 2014-2016 thousand I$)","1000 Int$",2009,2919,NA,"yes"
"BRB","Barbados","Caribbean",NA,"Raw milk","Gross Production Value (constant 2014-2016 thousand I$)","1000 Int$",2010,2789,NA,"yes"
"BRB","Barbados","Caribbean",NA,"Raw milk","Gross Production Value (constant 2014-2016 thousand I$)","1000 Int$",2011,2418,NA,"yes"
"BRB","Barbados","Caribbean",NA,"Raw milk","Gross Production Value (constant 2014-2016 thousand I$)","1000 Int$",2012,2558,NA,"yes"
"BRB","Barbados","Caribbean",NA,"Raw milk","Gross Production Value (constant 2014-2016 thousand I$)","1000 Int$",2013,2115,NA,"yes"
"BRB","Barbados","Caribbean",NA,"Raw milk","Gross Production Value (constant 2014-2016 thousand I$)","1000 Int$",2014,2067,NA,"yes"
"BRB","Barbados","Caribbean",NA,"Raw milk","Gross Production Value (constant 2014-2016 thousand I$)","1000 Int$",2015,2175,NA,"yes"
"BRB","Barbados","Caribbean",NA,"Raw milk","Gross Production Value (constant 2014-2016 thousand I$)","1000 Int$",2016,1893,NA,"yes"
"BRB","Barbados","Caribbean",NA,"Raw milk","Gross Production Value (constant 2014-2016 thousand I$)","1000 Int$",2017,2023,NA,"yes"
"BRB","Barbados","Caribbean",NA,"Raw milk","Gross Production Value (constant 2014-2016 thousand I$)","1000 Int$",2018,1997,NA,"yes"
"BRB","Barbados","Caribbean",NA,"Raw milk","Gross Production Value (constant 2014-2016 thousand I$)","1000 Int$",2019,1938,NA,"yes"
"BRB","Barbados","Caribbean",NA,"Raw milk","Gross Production Value (constant 2014-2016 thousand I$)","1000 Int$",2020,1655,NA,"yes"
"BRB","Barbados","Caribbean",NA,"Raw milk","Gross Production Value (constant 2014-2016 thousand I$)","1000 Int$",2021,1807,NA,"yes"
"BRB","Barbados","Caribbean",NA,"Raw milk","Gross Production Value (constant 2014-2016 thousand I$)","1000 Int$",2022,1681,NA,"yes"
"BRB","Barbados","Caribbean",NA,"Raw milk","Gross Production Value (constant 2014-2016 thousand I$)","1000 Int$",2023,1714,NA,"yes"
"BRB","Barbados","Caribbean",NA,"Raw milk","Gross Production Value (constant 2014-2016 thousand US$)","1000 USD",1992,9860,NA,"yes"
"BRB","Barbados","Caribbean",NA,"Raw milk","Gross Production Value (constant 2014-2016 thousand US$)","1000 USD",1993,8734,NA,"yes"
"BRB","Barbados","Caribbean",NA,"Raw milk","Gross Production Value (constant 2014-2016 thousand US$)","1000 USD",1994,8312,NA,"yes"
"BRB","Barbados","Caribbean",NA,"Raw milk","Gross Production Value (constant 2014-2016 thousand US$)","1000 USD",1995,8963,NA,"yes"
"BRB","Barbados","Caribbean",NA,"Raw milk","Gross Production Value (constant 2014-2016 thousand US$)","1000 USD",1996,9512,NA,"yes"
"BRB","Barbados","Caribbean",NA,"Raw milk","Gross Production Value (constant 2014-2016 thousand US$)","1000 USD",1997,9717,NA,"yes"
"BRB","Barbados","Caribbean",NA,"Raw milk","Gross Production Value (constant 2014-2016 thousand US$)","1000 USD",1998,10366,NA,"yes"
"BRB","Barbados","Caribbean",NA,"Raw milk","Gross Production Value (constant 2014-2016 thousand US$)","1000 USD",1999,9227,NA,"yes"
"BRB","Barbados","Caribbean",NA,"Raw milk","Gross Production Value (constant 2014-2016 thousand US$)","1000 USD",2000,9033,NA,"yes"
"BRB","Barbados","Caribbean",NA,"Raw milk","Gross Production Value (constant 2014-2016 thousand US$)","1000 USD",2001,9272,NA,"yes"
"BRB","Barbados","Caribbean",NA,"Raw milk","Gross Production Value (constant 2014-2016 thousand US$)","1000 USD",2002,8460,NA,"yes"
"BRB","Barbados","Caribbean",NA,"Raw milk","Gross Production Value (constant 2014-2016 thousand US$)","1000 USD",2003,7994,NA,"yes"
"BRB","Barbados","Caribbean",NA,"Raw milk","Gross Production Value (constant 2014-2016 thousand US$)","1000 USD",2004,7542,NA,"yes"
"BRB","Barbados","Caribbean",NA,"Raw milk","Gross Production Value (constant 2014-2016 thousand US$)","1000 USD",2005,7126,NA,"yes"
"BRB","Barbados","Caribbean",NA,"Raw milk","Gross Production Value (constant 2014-2016 thousand US$)","1000 USD",2006,6345,NA,"yes"
"BRB","Barbados","Caribbean",NA,"Raw milk","Gross Production Value (constant 2014-2016 thousand US$)","1000 USD",2007,7702,NA,"yes"
"BRB","Barbados","Caribbean",NA,"Raw milk","Gross Production Value (constant 2014-2016 thousand US$)","1000 USD",2008,7625,NA,"yes"
"BRB","Barbados","Caribbean",NA,"Raw milk","Gross Production Value (constant 2014-2016 thousand US$)","1000 USD",2009,7990,NA,"yes"
"BRB","Barbados","Caribbean",NA,"Raw milk","Gross Production Value (constant 2014-2016 thousand US$)","1000 USD",2010,7633,NA,"yes"
"BRB","Barbados","Caribbean",NA,"Raw milk","Gross Production Value (constant 2014-2016 thousand US$)","1000 USD",2011,6618,NA,"yes"
"BRB","Barbados","Caribbean",NA,"Raw milk","Gross Production Value (constant 2014-2016 thousand US$)","1000 USD",2012,7001,NA,"yes"
"BRB","Barbados","Caribbean",NA,"Raw milk","Gross Production Value (constant 2014-2016 thousand US$)","1000 USD",2013,5789,NA,"yes"
"BRB","Barbados","Caribbean",NA,"Raw milk","Gross Production Value (constant 2014-2016 thousand US$)","1000 USD",2014,5657,NA,"yes"
"BRB","Barbados","Caribbean",NA,"Raw milk","Gross Production Value (constant 2014-2016 thousand US$)","1000 USD",2015,5954,NA,"yes"
"BRB","Barbados","Caribbean",NA,"Raw milk","Gross Production Value (constant 2014-2016 thousand US$)","1000 USD",2016,5182,NA,"yes"
"BRB","Barbados","Caribbean",NA,"Raw milk","Gross Production Value (constant 2014-2016 thousand US$)","1000 USD",2017,5538,NA,"yes"
"BRB","Barbados","Caribbean",NA,"Raw milk","Gross Production Value (constant 2014-2016 thousand US$)","1000 USD",2018,5467,NA,"yes"
"BRB","Barbados","Caribbean",NA,"Raw milk","Gross Production Value (constant 2014-2016 thousand US$)","1000 USD",2019,5305,NA,"yes"
"BRB","Barbados","Caribbean",NA,"Raw milk","Gross Production Value (constant 2014-2016 thousand US$)","1000 USD",2020,4531,NA,"yes"
"BRB","Barbados","Caribbean",NA,"Raw milk","Gross Production Value (constant 2014-2016 thousand US$)","1000 USD",2021,4945,NA,"yes"
"BRB","Barbados","Caribbean",NA,"Raw milk","Gross Production Value (constant 2014-2016 thousand US$)","1000 USD",2022,4601,NA,"yes"
"BRB","Barbados","Caribbean",NA,"Raw milk","Gross Production Value (constant 2014-2016 thousand US$)","1000 USD",2023,4692,NA,"yes"
"BRB","Barbados","Caribbean",NA,"Sugar crops","Gross Production Value (constant 2014-2016 thousand I$)","1000 Int$",1992,23695,NA,"yes"
"BRB","Barbados","Caribbean",NA,"Sugar crops","Gross Production Value (constant 2014-2016 thousand I$)","1000 Int$",1993,19794,NA,"yes"
"BRB","Barbados","Caribbean",NA,"Sugar crops","Gross Production Value (constant 2014-2016 thousand I$)","1000 Int$",1994,20813,NA,"yes"
"BRB","Barbados","Caribbean",NA,"Sugar crops","Gross Production Value (constant 2014-2016 thousand I$)","1000 Int$",1995,16033,NA,"yes"
"BRB","Barbados","Caribbean",NA,"Sugar crops","Gross Production Value (constant 2014-2016 thousand I$)","1000 Int$",1996,24009,NA,"yes"
"BRB","Barbados","Caribbean",NA,"Sugar crops","Gross Production Value (constant 2014-2016 thousand I$)","1000 Int$",1997,25623,NA,"yes"
"BRB","Barbados","Caribbean",NA,"Sugar crops","Gross Production Value (constant 2014-2016 thousand I$)","1000 Int$",1998,20140,NA,"yes"
"BRB","Barbados","Caribbean",NA,"Sugar crops","Gross Production Value (constant 2014-2016 thousand I$)","1000 Int$",1999,23430,NA,"yes"
"BRB","Barbados","Caribbean",NA,"Sugar crops","Gross Production Value (constant 2014-2016 thousand I$)","1000 Int$",2000,24507,NA,"yes"
"BRB","Barbados","Caribbean",NA,"Sugar crops","Gross Production Value (constant 2014-2016 thousand I$)","1000 Int$",2001,18852,NA,"yes"
"BRB","Barbados","Caribbean",NA,"Sugar crops","Gross Production Value (constant 2014-2016 thousand I$)","1000 Int$",2002,18755,NA,"yes"
"BRB","Barbados","Caribbean",NA,"Sugar crops","Gross Production Value (constant 2014-2016 thousand I$)","1000 Int$",2003,16363,NA,"yes"
"BRB","Barbados","Caribbean",NA,"Sugar crops","Gross Production Value (constant 2014-2016 thousand I$)","1000 Int$",2004,16214,NA,"yes"
"BRB","Barbados","Caribbean",NA,"Sugar crops","Gross Production Value (constant 2014-2016 thousand I$)","1000 Int$",2005,19857,NA,"yes"
"BRB","Barbados","Caribbean",NA,"Sugar crops","Gross Production Value (constant 2014-2016 thousand I$)","1000 Int$",2006,15633,NA,"yes"
"BRB","Barbados","Caribbean",NA,"Sugar crops","Gross Production Value (constant 2014-2016 thousand I$)","1000 Int$",2007,15867,NA,"yes"
"BRB","Barbados","Caribbean",NA,"Sugar crops","Gross Production Value (constant 2014-2016 thousand I$)","1000 Int$",2008,13946,NA,"yes"
"BRB","Barbados","Caribbean",NA,"Sugar crops","Gross Production Value (constant 2014-2016 thousand I$)","1000 Int$",2009,16010,NA,"yes"
"BRB","Barbados","Caribbean",NA,"Sugar crops","Gross Production Value (constant 2014-2016 thousand I$)","1000 Int$",2010,11616,NA,"yes"
"BRB","Barbados","Caribbean",NA,"Sugar crops","Gross Production Value (constant 2014-2016 thousand I$)","1000 Int$",2011,12810,NA,"yes"
"BRB","Barbados","Caribbean",NA,"Sugar crops","Gross Production Value (constant 2014-2016 thousand I$)","1000 Int$",2012,11607,NA,"yes"
"BRB","Barbados","Caribbean",NA,"Sugar crops","Gross Production Value (constant 2014-2016 thousand I$)","1000 Int$",2013,7769,NA,"yes"
"BRB","Barbados","Caribbean",NA,"Sugar crops","Gross Production Value (constant 2014-2016 thousand I$)","1000 Int$",2014,7164,NA,"yes"
"BRB","Barbados","Caribbean",NA,"Sugar crops","Gross Production Value (constant 2014-2016 thousand I$)","1000 Int$",2015,5211,NA,"yes"
"BRB","Barbados","Caribbean",NA,"Sugar crops","Gross Production Value (constant 2014-2016 thousand I$)","1000 Int$",2016,3742,NA,"yes"
"BRB","Barbados","Caribbean",NA,"Sugar crops","Gross Production Value (constant 2014-2016 thousand I$)","1000 Int$",2017,5889,NA,"yes"
"BRB","Barbados","Caribbean",NA,"Sugar crops","Gross Production Value (constant 2014-2016 thousand I$)","1000 Int$",2018,6590,NA,"yes"
"BRB","Barbados","Caribbean",NA,"Sugar crops","Gross Production Value (constant 2014-2016 thousand I$)","1000 Int$",2019,3797,NA,"yes"
"BRB","Barbados","Caribbean",NA,"Sugar crops","Gross Production Value (constant 2014-2016 thousand I$)","1000 Int$",2020,4102,NA,"yes"
"BRB","Barbados","Caribbean",NA,"Sugar crops","Gross Production Value (constant 2014-2016 thousand I$)","1000 Int$",2021,4135,NA,"yes"
"BRB","Barbados","Caribbean",NA,"Sugar crops","Gross Production Value (constant 2014-2016 thousand I$)","1000 Int$",2022,4307,NA,"yes"
"BRB","Barbados","Caribbean",NA,"Sugar crops","Gross Production Value (constant 2014-2016 thousand I$)","1000 Int$",2023,3270,NA,"yes"
"BRB","Barbados","Caribbean",NA,"Sugar crops","Gross Production Value (constant 2014-2016 thousand US$)","1000 USD",1992,15441,NA,"yes"
"BRB","Barbados","Caribbean",NA,"Sugar crops","Gross Production Value (constant 2014-2016 thousand US$)","1000 USD",1993,12899,NA,"yes"
"BRB","Barbados","Caribbean",NA,"Sugar crops","Gross Production Value (constant 2014-2016 thousand US$)","1000 USD",1994,13563,NA,"yes"
"BRB","Barbados","Caribbean",NA,"Sugar crops","Gross Production Value (constant 2014-2016 thousand US$)","1000 USD",1995,10448,NA,"yes"
"BRB","Barbados","Caribbean",NA,"Sugar crops","Gross Production Value (constant 2014-2016 thousand US$)","1000 USD",1996,15646,NA,"yes"
"BRB","Barbados","Caribbean",NA,"Sugar crops","Gross Production Value (constant 2014-2016 thousand US$)","1000 USD",1997,16698,NA,"yes"
"BRB","Barbados","Caribbean",NA,"Sugar crops","Gross Production Value (constant 2014-2016 thousand US$)","1000 USD",1998,13124,NA,"yes"
"BRB","Barbados","Caribbean",NA,"Sugar crops","Gross Production Value (constant 2014-2016 thousand US$)","1000 USD",1999,15269,NA,"yes"
"BRB","Barbados","Caribbean",NA,"Sugar crops","Gross Production Value (constant 2014-2016 thousand US$)","1000 USD",2000,15971,NA,"yes"
"BRB","Barbados","Caribbean",NA,"Sugar crops","Gross Production Value (constant 2014-2016 thousand US$)","1000 USD",2001,12285,NA,"yes"
"BRB","Barbados","Caribbean",NA,"Sugar crops","Gross Production Value (constant 2014-2016 thousand US$)","1000 USD",2002,12222,NA,"yes"
"BRB","Barbados","Caribbean",NA,"Sugar crops","Gross Production Value (constant 2014-2016 thousand US$)","1000 USD",2003,10663,NA,"yes"
"BRB","Barbados","Caribbean",NA,"Sugar crops","Gross Production Value (constant 2014-2016 thousand US$)","1000 USD",2004,10566,NA,"yes"
"BRB","Barbados","Caribbean",NA,"Sugar crops","Gross Production Value (constant 2014-2016 thousand US$)","1000 USD",2005,12940,NA,"yes"
"BRB","Barbados","Caribbean",NA,"Sugar crops","Gross Production Value (constant 2014-2016 thousand US$)","1000 USD",2006,10188,NA,"yes"
"BRB","Barbados","Caribbean",NA,"Sugar crops","Gross Production Value (constant 2014-2016 thousand US$)","1000 USD",2007,10340,NA,"yes"
"BRB","Barbados","Caribbean",NA,"Sugar crops","Gross Production Value (constant 2014-2016 thousand US$)","1000 USD",2008,9088,NA,"yes"
"BRB","Barbados","Caribbean",NA,"Sugar crops","Gross Production Value (constant 2014-2016 thousand US$)","1000 USD",2009,10433,NA,"yes"
"BRB","Barbados","Caribbean",NA,"Sugar crops","Gross Production Value (constant 2014-2016 thousand US$)","1000 USD",2010,7570,NA,"yes"
"BRB","Barbados","Caribbean",NA,"Sugar crops","Gross Production Value (constant 2014-2016 thousand US$)","1000 USD",2011,8348,NA,"yes"
"BRB","Barbados","Caribbean",NA,"Sugar crops","Gross Production Value (constant 2014-2016 thousand US$)","1000 USD",2012,7564,NA,"yes"
"BRB","Barbados","Caribbean",NA,"Sugar crops","Gross Production Value (constant 2014-2016 thousand US$)","1000 USD",2013,5063,NA,"yes"
"BRB","Barbados","Caribbean",NA,"Sugar crops","Gross Production Value (constant 2014-2016 thousand US$)","1000 USD",2014,4669,NA,"yes"
"BRB","Barbados","Caribbean",NA,"Sugar crops","Gross Production Value (constant 2014-2016 thousand US$)","1000 USD",2015,3396,NA,"yes"
"BRB","Barbados","Caribbean",NA,"Sugar crops","Gross Production Value (constant 2014-2016 thousand US$)","1000 USD",2016,2439,NA,"yes"
"BRB","Barbados","Caribbean",NA,"Sugar crops","Gross Production Value (constant 2014-2016 thousand US$)","1000 USD",2017,3837,NA,"yes"
"BRB","Barbados","Caribbean",NA,"Sugar crops","Gross Production Value (constant 2014-2016 thousand US$)","1000 USD",2018,4295,NA,"yes"
"BRB","Barbados","Caribbean",NA,"Sugar crops","Gross Production Value (constant 2014-2016 thousand US$)","1000 USD",2019,2474,NA,"yes"
"BRB","Barbados","Caribbean",NA,"Sugar crops","Gross Production Value (constant 2014-2016 thousand US$)","1000 USD",2020,2673,NA,"yes"
"BRB","Barbados","Caribbean",NA,"Sugar crops","Gross Production Value (constant 2014-2016 thousand US$)","1000 USD",2021,2695,NA,"yes"
"BRB","Barbados","Caribbean",NA,"Sugar crops","Gross Production Value (constant 2014-2016 thousand US$)","1000 USD",2022,2807,NA,"yes"
"BRB","Barbados","Caribbean",NA,"Sugar crops","Gross Production Value (constant 2014-2016 thousand US$)","1000 USD",2023,2131,NA,"yes"
"BRB","Barbados","Caribbean",NA,"Vegetables","Gross Production Value (constant 2014-2016 thousand I$)","1000 Int$",1992,3782,NA,"yes"
"BRB","Barbados","Caribbean",NA,"Vegetables","Gross Production Value (constant 2014-2016 thousand I$)","1000 Int$",1993,4444,NA,"yes"
"BRB","Barbados","Caribbean",NA,"Vegetables","Gross Production Value (constant 2014-2016 thousand I$)","1000 Int$",1994,3522,NA,"yes"
"BRB","Barbados","Caribbean",NA,"Vegetables","Gross Production Value (constant 2014-2016 thousand I$)","1000 Int$",1995,8076,NA,"yes"
"BRB","Barbados","Caribbean",NA,"Vegetables","Gross Production Value (constant 2014-2016 thousand I$)","1000 Int$",1996,7633,NA,"yes"
"BRB","Barbados","Caribbean",NA,"Vegetables","Gross Production Value (constant 2014-2016 thousand I$)","1000 Int$",1997,5437,NA,"yes"
"BRB","Barbados","Caribbean",NA,"Vegetables","Gross Production Value (constant 2014-2016 thousand I$)","1000 Int$",1998,5864,NA,"yes"
"BRB","Barbados","Caribbean",NA,"Vegetables","Gross Production Value (constant 2014-2016 thousand I$)","1000 Int$",1999,5946,NA,"yes"
"BRB","Barbados","Caribbean",NA,"Vegetables","Gross Production Value (constant 2014-2016 thousand I$)","1000 Int$",2000,5960,NA,"yes"
"BRB","Barbados","Caribbean",NA,"Vegetables","Gross Production Value (constant 2014-2016 thousand I$)","1000 Int$",2001,5995,NA,"yes"
"BRB","Barbados","Caribbean",NA,"Vegetables","Gross Production Value (constant 2014-2016 thousand I$)","1000 Int$",2002,6190,NA,"yes"
"BRB","Barbados","Caribbean",NA,"Vegetables","Gross Production Value (constant 2014-2016 thousand I$)","1000 Int$",2003,7496,NA,"yes"
"BRB","Barbados","Caribbean",NA,"Vegetables","Gross Production Value (constant 2014-2016 thousand I$)","1000 Int$",2004,5590,NA,"yes"
"BRB","Barbados","Caribbean",NA,"Vegetables","Gross Production Value (constant 2014-2016 thousand I$)","1000 Int$",2005,5387,NA,"yes"
"BRB","Barbados","Caribbean",NA,"Vegetables","Gross Production Value (constant 2014-2016 thousand I$)","1000 Int$",2006,5586,NA,"yes"
"BRB","Barbados","Caribbean",NA,"Vegetables","Gross Production Value (constant 2014-2016 thousand I$)","1000 Int$",2007,5773,NA,"yes"
"BRB","Barbados","Caribbean",NA,"Vegetables","Gross Production Value (constant 2014-2016 thousand I$)","1000 Int$",2008,4501,NA,"yes"
"BRB","Barbados","Caribbean",NA,"Vegetables","Gross Production Value (constant 2014-2016 thousand I$)","1000 Int$",2009,4388,NA,"yes"
"BRB","Barbados","Caribbean",NA,"Vegetables","Gross Production Value (constant 2014-2016 thousand I$)","1000 Int$",2010,3835,NA,"yes"
"BRB","Barbados","Caribbean",NA,"Vegetables","Gross Production Value (constant 2014-2016 thousand I$)","1000 Int$",2011,4020,NA,"yes"
"BRB","Barbados","Caribbean",NA,"Vegetables","Gross Production Value (constant 2014-2016 thousand I$)","1000 Int$",2012,3792,NA,"yes"
"BRB","Barbados","Caribbean",NA,"Vegetables","Gross Production Value (constant 2014-2016 thousand I$)","1000 Int$",2013,3898,NA,"yes"
"BRB","Barbados","Caribbean",NA,"Vegetables","Gross Production Value (constant 2014-2016 thousand I$)","1000 Int$",2014,3894,NA,"yes"
"BRB","Barbados","Caribbean",NA,"Vegetables","Gross Production Value (constant 2014-2016 thousand I$)","1000 Int$",2015,4001,NA,"yes"
"BRB","Barbados","Caribbean",NA,"Vegetables","Gross Production Value (constant 2014-2016 thousand I$)","1000 Int$",2016,3527,NA,"yes"
"BRB","Barbados","Caribbean",NA,"Vegetables","Gross Production Value (constant 2014-2016 thousand I$)","1000 Int$",2017,3754,NA,"yes"
"BRB","Barbados","Caribbean",NA,"Vegetables","Gross Production Value (constant 2014-2016 thousand I$)","1000 Int$",2018,4488,NA,"yes"
"BRB","Barbados","Caribbean",NA,"Vegetables","Gross Production Value (constant 2014-2016 thousand I$)","1000 Int$",2019,4819,NA,"yes"
"BRB","Barbados","Caribbean",NA,"Vegetables","Gross Production Value (constant 2014-2016 thousand I$)","1000 Int$",2020,4409,NA,"yes"
"BRB","Barbados","Caribbean",NA,"Vegetables","Gross Production Value (constant 2014-2016 thousand I$)","1000 Int$",2021,3320,NA,"yes"
"BRB","Barbados","Caribbean",NA,"Vegetables","Gross Production Value (constant 2014-2016 thousand I$)","1000 Int$",2022,5742,NA,"yes"
"BRB","Barbados","Caribbean",NA,"Vegetables","Gross Production Value (constant 2014-2016 thousand I$)","1000 Int$",2023,5084,NA,"yes"
"BRB","Barbados","Caribbean",NA,"Vegetables","Gross Production Value (constant 2014-2016 thousand US$)","1000 USD",1992,22165,NA,"yes"
"BRB","Barbados","Caribbean",NA,"Vegetables","Gross Production Value (constant 2014-2016 thousand US$)","1000 USD",1993,24861,NA,"yes"
"BRB","Barbados","Caribbean",NA,"Vegetables","Gross Production Value (constant 2014-2016 thousand US$)","1000 USD",1994,20402,NA,"yes"
"BRB","Barbados","Caribbean",NA,"Vegetables","Gross Production Value (constant 2014-2016 thousand US$)","1000 USD",1995,40595,NA,"yes"
"BRB","Barbados","Caribbean",NA,"Vegetables","Gross Production Value (constant 2014-2016 thousand US$)","1000 USD",1996,39503,NA,"yes"
"BRB","Barbados","Caribbean",NA,"Vegetables","Gross Production Value (constant 2014-2016 thousand US$)","1000 USD",1997,29361,NA,"yes"
"BRB","Barbados","Caribbean",NA,"Vegetables","Gross Production Value (constant 2014-2016 thousand US$)","1000 USD",1998,31826,NA,"yes"
"BRB","Barbados","Caribbean",NA,"Vegetables","Gross Production Value (constant 2014-2016 thousand US$)","1000 USD",1999,30879,NA,"yes"
"BRB","Barbados","Caribbean",NA,"Vegetables","Gross Production Value (constant 2014-2016 thousand US$)","1000 USD",2000,30818,NA,"yes"
"BRB","Barbados","Caribbean",NA,"Vegetables","Gross Production Value (constant 2014-2016 thousand US$)","1000 USD",2001,30177,NA,"yes"
"BRB","Barbados","Caribbean",NA,"Vegetables","Gross Production Value (constant 2014-2016 thousand US$)","1000 USD",2002,30813,NA,"yes"
"BRB","Barbados","Caribbean",NA,"Vegetables","Gross Production Value (constant 2014-2016 thousand US$)","1000 USD",2003,37495,NA,"yes"
"BRB","Barbados","Caribbean",NA,"Vegetables","Gross Production Value (constant 2014-2016 thousand US$)","1000 USD",2004,30067,NA,"yes"
"BRB","Barbados","Caribbean",NA,"Vegetables","Gross Production Value (constant 2014-2016 thousand US$)","1000 USD",2005,28904,NA,"yes"
"BRB","Barbados","Caribbean",NA,"Vegetables","Gross Production Value (constant 2014-2016 thousand US$)","1000 USD",2006,29917,NA,"yes"
"BRB","Barbados","Caribbean",NA,"Vegetables","Gross Production Value (constant 2014-2016 thousand US$)","1000 USD",2007,29749,NA,"yes"
"BRB","Barbados","Caribbean",NA,"Vegetables","Gross Production Value (constant 2014-2016 thousand US$)","1000 USD",2008,25486,NA,"yes"
"BRB","Barbados","Caribbean",NA,"Vegetables","Gross Production Value (constant 2014-2016 thousand US$)","1000 USD",2009,25350,NA,"yes"
"BRB","Barbados","Caribbean",NA,"Vegetables","Gross Production Value (constant 2014-2016 thousand US$)","1000 USD",2010,23255,NA,"yes"
"BRB","Barbados","Caribbean",NA,"Vegetables","Gross Production Value (constant 2014-2016 thousand US$)","1000 USD",2011,24166,NA,"yes"
"BRB","Barbados","Caribbean",NA,"Vegetables","Gross Production Value (constant 2014-2016 thousand US$)","1000 USD",2012,23964,NA,"yes"
"BRB","Barbados","Caribbean",NA,"Vegetables","Gross Production Value (constant 2014-2016 thousand US$)","1000 USD",2013,24833,NA,"yes"
"BRB","Barbados","Caribbean",NA,"Vegetables","Gross Production Value (constant 2014-2016 thousand US$)","1000 USD",2014,24796,NA,"yes"
"BRB","Barbados","Caribbean",NA,"Vegetables","Gross Production Value (constant 2014-2016 thousand US$)","1000 USD",2015,25275,NA,"yes"
"BRB","Barbados","Caribbean",NA,"Vegetables","Gross Production Value (constant 2014-2016 thousand US$)","1000 USD",2016,22860,NA,"yes"
"BRB","Barbados","Caribbean",NA,"Vegetables","Gross Production Value (constant 2014-2016 thousand US$)","1000 USD",2017,23631,NA,"yes"
"BRB","Barbados","Caribbean",NA,"Vegetables","Gross Production Value (constant 2014-2016 thousand US$)","1000 USD",2018,27718,NA,"yes"
"BRB","Barbados","Caribbean",NA,"Vegetables","Gross Production Value (constant 2014-2016 thousand US$)","1000 USD",2019,28541,NA,"yes"
"BRB","Barbados","Caribbean",NA,"Vegetables","Gross Production Value (constant 2014-2016 thousand US$)","1000 USD",2020,26775,NA,"yes"
"BRB","Barbados","Caribbean",NA,"Vegetables","Gross Production Value (constant 2014-2016 thousand US$)","1000 USD",2021,22233,NA,"yes"
"BRB","Barbados","Caribbean",NA,"Vegetables","Gross Production Value (constant 2014-2016 thousand US$)","1000 USD",2022,32556,NA,"yes"
"BRB","Barbados","Caribbean",NA,"Vegetables","Gross Production Value (constant 2014-2016 thousand US$)","1000 USD",2023,29183,NA,"yes"
NA,"World",NA,NA,"Cereals","Gross Production Value (constant 2014-2016 thousand I$)","1000 Int$",1992,498764613,NA,"yes"
NA,"World",NA,NA,"Cereals","Gross Production Value (constant 2014-2016 thousand I$)","1000 Int$",1993,487091529,NA,"yes"
NA,"World",NA,NA,"Cereals","Gross Production Value (constant 2014-2016 thousand I$)","1000 Int$",1994,518195657,NA,"yes"
NA,"World",NA,NA,"Cereals","Gross Production Value (constant 2014-2016 thousand I$)","1000 Int$",1995,504149865,NA,"yes"
NA,"World",NA,NA,"Cereals","Gross Production Value (constant 2014-2016 thousand I$)","1000 Int$",1996,543965561,NA,"yes"
NA,"World",NA,NA,"Cereals","Gross Production Value (constant 2014-2016 thousand I$)","1000 Int$",1997,556109213,NA,"yes"
NA,"World",NA,NA,"Cereals","Gross Production Value (constant 2014-2016 thousand I$)","1000 Int$",1998,553931654,NA,"yes"
NA,"World",NA,NA,"Cereals","Gross Production Value (constant 2014-2016 thousand I$)","1000 Int$",1999,559299926,NA,"yes"
NA,"World",NA,NA,"Cereals","Gross Production Value (constant 2014-2016 thousand I$)","1000 Int$",2000,552854924,NA,"yes"
NA,"World",NA,NA,"Cereals","Gross Production Value (constant 2014-2016 thousand I$)","1000 Int$",2001,562545017,NA,"yes"
NA,"World",NA,NA,"Cereals","Gross Production Value (constant 2014-2016 thousand I$)","1000 Int$",2002,546124860,NA,"yes"
NA,"World",NA,NA,"Cereals","Gross Production Value (constant 2014-2016 thousand I$)","1000 Int$",2003,552612618,NA,"yes"
NA,"World",NA,NA,"Cereals","Gross Production Value (constant 2014-2016 thousand I$)","1000 Int$",2004,601411916,NA,"yes"
NA,"World",NA,NA,"Cereals","Gross Production Value (constant 2014-2016 thousand I$)","1000 Int$",2005,603037818,NA,"yes"
NA,"World",NA,NA,"Cereals","Gross Production Value (constant 2014-2016 thousand I$)","1000 Int$",2006,601164092,NA,"yes"
NA,"World",NA,NA,"Cereals","Gross Production Value (constant 2014-2016 thousand I$)","1000 Int$",2007,622723955,NA,"yes"
NA,"World",NA,NA,"Cereals","Gross Production Value (constant 2014-2016 thousand I$)","1000 Int$",2008,666017135,NA,"yes"
NA,"World",NA,NA,"Cereals","Gross Production Value (constant 2014-2016 thousand I$)","1000 Int$",2009,657918934,NA,"yes"
NA,"World",NA,NA,"Cereals","Gross Production Value (constant 2014-2016 thousand I$)","1000 Int$",2010,655043968,NA,"yes"
NA,"World",NA,NA,"Cereals","Gross Production Value (constant 2014-2016 thousand I$)","1000 Int$",2011,685719147,NA,"yes"
NA,"World",NA,NA,"Cereals","Gross Production Value (constant 2014-2016 thousand I$)","1000 Int$",2012,680784341,NA,"yes"
NA,"World",NA,NA,"Cereals","Gross Production Value (constant 2014-2016 thousand I$)","1000 Int$",2013,725475298,NA,"yes"
NA,"World",NA,NA,"Cereals","Gross Production Value (constant 2014-2016 thousand I$)","1000 Int$",2014,737389301,NA,"yes"
NA,"World",NA,NA,"Cereals","Gross Production Value (constant 2014-2016 thousand I$)","1000 Int$",2015,740308306,NA,"yes"
NA,"World",NA,NA,"Cereals","Gross Production Value (constant 2014-2016 thousand I$)","1000 Int$",2016,756099095,NA,"yes"
NA,"World",NA,NA,"Cereals","Gross Production Value (constant 2014-2016 thousand I$)","1000 Int$",2017,769064288,NA,"yes"
NA,"World",NA,NA,"Cereals","Gross Production Value (constant 2014-2016 thousand I$)","1000 Int$",2018,758797630,NA,"yes"
NA,"World",NA,NA,"Cereals","Gross Production Value (constant 2014-2016 thousand I$)","1000 Int$",2019,770511286,NA,"yes"
NA,"World",NA,NA,"Cereals","Gross Production Value (constant 2014-2016 thousand I$)","1000 Int$",2020,783501529,NA,"yes"
NA,"World",NA,NA,"Cereals","Gross Production Value (constant 2014-2016 thousand I$)","1000 Int$",2021,799200096,NA,"yes"
NA,"World",NA,NA,"Cereals","Gross Production Value (constant 2014-2016 thousand I$)","1000 Int$",2022,800809436,NA,"yes"
NA,"World",NA,NA,"Cereals","Gross Production Value (constant 2014-2016 thousand I$)","1000 Int$",2023,814811500,NA,"yes"
NA,"World",NA,NA,"Cereals","Gross Production Value (constant 2014-2016 thousand US$)","1000 USD",1992,549296281,NA,"yes"
NA,"World",NA,NA,"Cereals","Gross Production Value (constant 2014-2016 thousand US$)","1000 USD",1993,543138382,NA,"yes"
NA,"World",NA,NA,"Cereals","Gross Production Value (constant 2014-2016 thousand US$)","1000 USD",1994,569207470,NA,"yes"
NA,"World",NA,NA,"Cereals","Gross Production Value (constant 2014-2016 thousand US$)","1000 USD",1995,562291937,NA,"yes"
NA,"World",NA,NA,"Cereals","Gross Production Value (constant 2014-2016 thousand US$)","1000 USD",1996,605244571,NA,"yes"
NA,"World",NA,NA,"Cereals","Gross Production Value (constant 2014-2016 thousand US$)","1000 USD",1997,609378950,NA,"yes"
NA,"World",NA,NA,"Cereals","Gross Production Value (constant 2014-2016 thousand US$)","1000 USD",1998,612147550,NA,"yes"
NA,"World",NA,NA,"Cereals","Gross Production Value (constant 2014-2016 thousand US$)","1000 USD",1999,615298461,NA,"yes"
NA,"World",NA,NA,"Cereals","Gross Production Value (constant 2014-2016 thousand US$)","1000 USD",2000,601168516,NA,"yes"
NA,"World",NA,NA,"Cereals","Gross Production Value (constant 2014-2016 thousand US$)","1000 USD",2001,604599262,NA,"yes"
NA,"World",NA,NA,"Cereals","Gross Production Value (constant 2014-2016 thousand US$)","1000 USD",2002,589722424,NA,"yes"
NA,"World",NA,NA,"Cereals","Gross Production Value (constant 2014-2016 thousand US$)","1000 USD",2003,591921552,NA,"yes"
NA,"World",NA,NA,"Cereals","Gross Production Value (constant 2014-2016 thousand US$)","1000 USD",2004,642020010,NA,"yes"
NA,"World",NA,NA,"Cereals","Gross Production Value (constant 2014-2016 thousand US$)","1000 USD",2005,646720039,NA,"yes"
NA,"World",NA,NA,"Cereals","Gross Production Value (constant 2014-2016 thousand US$)","1000 USD",2006,652184922,NA,"yes"
NA,"World",NA,NA,"Cereals","Gross Production Value (constant 2014-2016 thousand US$)","1000 USD",2007,668127916,NA,"yes"
NA,"World",NA,NA,"Cereals","Gross Production Value (constant 2014-2016 thousand US$)","1000 USD",2008,707093635,NA,"yes"
NA,"World",NA,NA,"Cereals","Gross Production Value (constant 2014-2016 thousand US$)","1000 USD",2009,701137545,NA,"yes"
NA,"World",NA,NA,"Cereals","Gross Production Value (constant 2014-2016 thousand US$)","1000 USD",2010,706867294,NA,"yes"
NA,"World",NA,NA,"Cereals","Gross Production Value (constant 2014-2016 thousand US$)","1000 USD",2011,735697536,NA,"yes"
NA,"World",NA,NA,"Cereals","Gross Production Value (constant 2014-2016 thousand US$)","1000 USD",2012,743121917,NA,"yes"
NA,"World",NA,NA,"Cereals","Gross Production Value (constant 2014-2016 thousand US$)","1000 USD",2013,779721122,NA,"yes"
NA,"World",NA,NA,"Cereals","Gross Production Value (constant 2014-2016 thousand US$)","1000 USD",2014,789745379,NA,"yes"
NA,"World",NA,NA,"Cereals","Gross Production Value (constant 2014-2016 thousand US$)","1000 USD",2015,806189864,NA,"yes"
NA,"World",NA,NA,"Cereals","Gross Production Value (constant 2014-2016 thousand US$)","1000 USD",2016,814800925,NA,"yes"
NA,"World",NA,NA,"Cereals","Gross Production Value (constant 2014-2016 thousand US$)","1000 USD",2017,829510614,NA,"yes"
NA,"World",NA,NA,"Cereals","Gross Production Value (constant 2014-2016 thousand US$)","1000 USD",2018,821070205,NA,"yes"
NA,"World",NA,NA,"Cereals","Gross Production Value (constant 2014-2016 thousand US$)","1000 USD",2019,832035076,NA,"yes"
NA,"World",NA,NA,"Cereals","Gross Production Value (constant 2014-2016 thousand US$)","1000 USD",2020,844302704,NA,"yes"
NA,"World",NA,NA,"Cereals","Gross Production Value (constant 2014-2016 thousand US$)","1000 USD",2021,861709749,NA,"yes"
NA,"World",NA,NA,"Cereals","Gross Production Value (constant 2014-2016 thousand US$)","1000 USD",2022,864502220,NA,"yes"
NA,"World",NA,NA,"Cereals","Gross Production Value (constant 2014-2016 thousand US$)","1000 USD",2023,878825721,NA,"yes"
NA,"World",NA,NA,"Edible roots and tubers with high starch or inulin content","Gross Production Value (constant 2014-2016 thousand I$)","1000 Int$",1992,120391267,NA,"yes"
NA,"World",NA,NA,"Edible roots and tubers with high starch or inulin content","Gross Production Value (constant 2014-2016 thousand I$)","1000 Int$",1993,129071331,NA,"yes"
NA,"World",NA,NA,"Edible roots and tubers with high starch or inulin content","Gross Production Value (constant 2014-2016 thousand I$)","1000 Int$",1994,128713596,NA,"yes"
NA,"World",NA,NA,"Edible roots and tubers with high starch or inulin content","Gross Production Value (constant 2014-2016 thousand I$)","1000 Int$",1995,134457754,NA,"yes"
NA,"World",NA,NA,"Edible roots and tubers with high starch or inulin content","Gross Production Value (constant 2014-2016 thousand I$)","1000 Int$",1996,142149771,NA,"yes"
NA,"World",NA,NA,"Edible roots and tubers with high starch or inulin content","Gross Production Value (constant 2014-2016 thousand I$)","1000 Int$",1997,136503852,NA,"yes"
NA,"World",NA,NA,"Edible roots and tubers with high starch or inulin content","Gross Production Value (constant 2014-2016 thousand I$)","1000 Int$",1998,139386968,NA,"yes"
NA,"World",NA,NA,"Edible roots and tubers with high starch or inulin content","Gross Production Value (constant 2014-2016 thousand I$)","1000 Int$",1999,143206086,NA,"yes"
NA,"World",NA,NA,"Edible roots and tubers with high starch or inulin content","Gross Production Value (constant 2014-2016 thousand I$)","1000 Int$",2000,149497111,NA,"yes"
NA,"World",NA,NA,"Edible roots and tubers with high starch or inulin content","Gross Production Value (constant 2014-2016 thousand I$)","1000 Int$",2001,145488181,NA,"yes"
NA,"World",NA,NA,"Edible roots and tubers with high starch or inulin content","Gross Production Value (constant 2014-2016 thousand I$)","1000 Int$",2002,147685962,NA,"yes"
NA,"World",NA,NA,"Edible roots and tubers with high starch or inulin content","Gross Production Value (constant 2014-2016 thousand I$)","1000 Int$",2003,147879441,NA,"yes"
NA,"World",NA,NA,"Edible roots and tubers with high starch or inulin content","Gross Production Value (constant 2014-2016 thousand I$)","1000 Int$",2004,155368400,NA,"yes"
NA,"World",NA,NA,"Edible roots and tubers with high starch or inulin content","Gross Production Value (constant 2014-2016 thousand I$)","1000 Int$",2005,153396753,NA,"yes"
NA,"World",NA,NA,"Edible roots and tubers with high starch or inulin content","Gross Production Value (constant 2014-2016 thousand I$)","1000 Int$",2006,149864768,NA,"yes"
NA,"World",NA,NA,"Edible roots and tubers with high starch or inulin content","Gross Production Value (constant 2014-2016 thousand I$)","1000 Int$",2007,149558355,NA,"yes"
NA,"World",NA,NA,"Edible roots and tubers with high starch or inulin content","Gross Production Value (constant 2014-2016 thousand I$)","1000 Int$",2008,155444388,NA,"yes"
NA,"World",NA,NA,"Edible roots and tubers with high starch or inulin content","Gross Production Value (constant 2014-2016 thousand I$)","1000 Int$",2009,154161889,NA,"yes"
NA,"World",NA,NA,"Edible roots and tubers with high starch or inulin content","Gross Production Value (constant 2014-2016 thousand I$)","1000 Int$",2010,158358821,NA,"yes"
NA,"World",NA,NA,"Edible roots and tubers with high starch or inulin content","Gross Production Value (constant 2014-2016 thousand I$)","1000 Int$",2011,169763350,NA,"yes"
NA,"World",NA,NA,"Edible roots and tubers with high starch or inulin content","Gross Production Value (constant 2014-2016 thousand I$)","1000 Int$",2012,168856382,NA,"yes"
NA,"World",NA,NA,"Edible roots and tubers with high starch or inulin content","Gross Production Value (constant 2014-2016 thousand I$)","1000 Int$",2013,171486461,NA,"yes"
NA,"World",NA,NA,"Edible roots and tubers with high starch or inulin content","Gross Production Value (constant 2014-2016 thousand I$)","1000 Int$",2014,177198257,NA,"yes"
NA,"World",NA,NA,"Edible roots and tubers with high starch or inulin content","Gross Production Value (constant 2014-2016 thousand I$)","1000 Int$",2015,176354230,NA,"yes"
NA,"World",NA,NA,"Edible roots and tubers with high starch or inulin content","Gross Production Value (constant 2014-2016 thousand I$)","1000 Int$",2016,176748672,NA,"yes"
NA,"World",NA,NA,"Edible roots and tubers with high starch or inulin content","Gross Production Value (constant 2014-2016 thousand I$)","1000 Int$",2017,181204975,NA,"yes"
NA,"World",NA,NA,"Edible roots and tubers with high starch or inulin content","Gross Production Value (constant 2014-2016 thousand I$)","1000 Int$",2018,183870875,NA,"yes"
NA,"World",NA,NA,"Edible roots and tubers with high starch or inulin content","Gross Production Value (constant 2014-2016 thousand I$)","1000 Int$",2019,182744773,NA,"yes"
NA,"World",NA,NA,"Edible roots and tubers with high starch or inulin content","Gross Production Value (constant 2014-2016 thousand I$)","1000 Int$",2020,185952983,NA,"yes"
NA,"World",NA,NA,"Edible roots and tubers with high starch or inulin content","Gross Production Value (constant 2014-2016 thousand I$)","1000 Int$",2021,190257763,NA,"yes"
NA,"World",NA,NA,"Edible roots and tubers with high starch or inulin content","Gross Production Value (constant 2014-2016 thousand I$)","1000 Int$",2022,191752728,NA,"yes"
NA,"World",NA,NA,"Edible roots and tubers with high starch or inulin content","Gross Production Value (constant 2014-2016 thousand I$)","1000 Int$",2023,195897581,NA,"yes"
NA,"World",NA,NA,"Edible roots and tubers with high starch or inulin content","Gross Production Value (constant 2014-2016 thousand US$)","1000 USD",1992,132920184,NA,"yes"
NA,"World",NA,NA,"Edible roots and tubers with high starch or inulin content","Gross Production Value (constant 2014-2016 thousand US$)","1000 USD",1993,142783206,NA,"yes"
NA,"World",NA,NA,"Edible roots and tubers with high starch or inulin content","Gross Production Value (constant 2014-2016 thousand US$)","1000 USD",1994,141570898,NA,"yes"
NA,"World",NA,NA,"Edible roots and tubers with high starch or inulin content","Gross Production Value (constant 2014-2016 thousand US$)","1000 USD",1995,148535737,NA,"yes"
NA,"World",NA,NA,"Edible roots and tubers with high starch or inulin content","Gross Production Value (constant 2014-2016 thousand US$)","1000 USD",1996,156648266,NA,"yes"
NA,"World",NA,NA,"Edible roots and tubers with high starch or inulin content","Gross Production Value (constant 2014-2016 thousand US$)","1000 USD",1997,151319554,NA,"yes"
NA,"World",NA,NA,"Edible roots and tubers with high starch or inulin content","Gross Production Value (constant 2014-2016 thousand US$)","1000 USD",1998,156579255,NA,"yes"
NA,"World",NA,NA,"Edible roots and tubers with high starch or inulin content","Gross Production Value (constant 2014-2016 thousand US$)","1000 USD",1999,161377524,NA,"yes"
NA,"World",NA,NA,"Edible roots and tubers with high starch or inulin content","Gross Production Value (constant 2014-2016 thousand US$)","1000 USD",2000,166500758,NA,"yes"
NA,"World",NA,NA,"Edible roots and tubers with high starch or inulin content","Gross Production Value (constant 2014-2016 thousand US$)","1000 USD",2001,164164084,NA,"yes"
NA,"World",NA,NA,"Edible roots and tubers with high starch or inulin content","Gross Production Value (constant 2014-2016 thousand US$)","1000 USD",2002,167563992,NA,"yes"
NA,"World",NA,NA,"Edible roots and tubers with high starch or inulin content","Gross Production Value (constant 2014-2016 thousand US$)","1000 USD",2003,168157505,NA,"yes"
NA,"World",NA,NA,"Edible roots and tubers with high starch or inulin content","Gross Production Value (constant 2014-2016 thousand US$)","1000 USD",2004,175056371,NA,"yes"
NA,"World",NA,NA,"Edible roots and tubers with high starch or inulin content","Gross Production Value (constant 2014-2016 thousand US$)","1000 USD",2005,174490029,NA,"yes"
NA,"World",NA,NA,"Edible roots and tubers with high starch or inulin content","Gross Production Value (constant 2014-2016 thousand US$)","1000 USD",2006,169969714,NA,"yes"
NA,"World",NA,NA,"Edible roots and tubers with high starch or inulin content","Gross Production Value (constant 2014-2016 thousand US$)","1000 USD",2007,167870189,NA,"yes"
NA,"World",NA,NA,"Edible roots and tubers with high starch or inulin content","Gross Production Value (constant 2014-2016 thousand US$)","1000 USD",2008,176419601,NA,"yes"
NA,"World",NA,NA,"Edible roots and tubers with high starch or inulin content","Gross Production Value (constant 2014-2016 thousand US$)","1000 USD",2009,174287446,NA,"yes"
NA,"World",NA,NA,"Edible roots and tubers with high starch or inulin content","Gross Production Value (constant 2014-2016 thousand US$)","1000 USD",2010,178431841,NA,"yes"
NA,"World",NA,NA,"Edible roots and tubers with high starch or inulin content","Gross Production Value (constant 2014-2016 thousand US$)","1000 USD",2011,188728787,NA,"yes"
NA,"World",NA,NA,"Edible roots and tubers with high starch or inulin content","Gross Production Value (constant 2014-2016 thousand US$)","1000 USD",2012,187987687,NA,"yes"
NA,"World",NA,NA,"Edible roots and tubers with high starch or inulin content","Gross Production Value (constant 2014-2016 thousand US$)","1000 USD",2013,191691969,NA,"yes"
NA,"World",NA,NA,"Edible roots and tubers with high starch or inulin content","Gross Production Value (constant 2014-2016 thousand US$)","1000 USD",2014,197270975,NA,"yes"
NA,"World",NA,NA,"Edible roots and tubers with high starch or inulin content","Gross Production Value (constant 2014-2016 thousand US$)","1000 USD",2015,196466242,NA,"yes"
NA,"World",NA,NA,"Edible roots and tubers with high starch or inulin content","Gross Production Value (constant 2014-2016 thousand US$)","1000 USD",2016,198074220,NA,"yes"
NA,"World",NA,NA,"Edible roots and tubers with high starch or inulin content","Gross Production Value (constant 2014-2016 thousand US$)","1000 USD",2017,203367826,NA,"yes"
NA,"World",NA,NA,"Edible roots and tubers with high starch or inulin content","Gross Production Value (constant 2014-2016 thousand US$)","1000 USD",2018,207543811,NA,"yes"
NA,"World",NA,NA,"Edible roots and tubers with high starch or inulin content","Gross Production Value (constant 2014-2016 thousand US$)","1000 USD",2019,206636400,NA,"yes"
NA,"World",NA,NA,"Edible roots and tubers with high starch or inulin content","Gross Production Value (constant 2014-2016 thousand US$)","1000 USD",2020,210239702,NA,"yes"
NA,"World",NA,NA,"Edible roots and tubers with high starch or inulin content","Gross Production Value (constant 2014-2016 thousand US$)","1000 USD",2021,215551335,NA,"yes"
NA,"World",NA,NA,"Edible roots and tubers with high starch or inulin content","Gross Production Value (constant 2014-2016 thousand US$)","1000 USD",2022,217105694,NA,"yes"
NA,"World",NA,NA,"Edible roots and tubers with high starch or inulin content","Gross Production Value (constant 2014-2016 thousand US$)","1000 USD",2023,221582427,NA,"yes"
NA,"World",NA,NA,"Eggs of hens or other birds in shell, fresh","Gross Production Value (constant 2014-2016 thousand I$)","1000 Int$",1992,51964002,NA,"yes"
NA,"World",NA,NA,"Eggs of hens or other birds in shell, fresh","Gross Production Value (constant 2014-2016 thousand I$)","1000 Int$",1993,54949989,NA,"yes"
NA,"World",NA,NA,"Eggs of hens or other birds in shell, fresh","Gross Production Value (constant 2014-2016 thousand I$)","1000 Int$",1994,61735352,NA,"yes"
NA,"World",NA,NA,"Eggs of hens or other birds in shell, fresh","Gross Production Value (constant 2014-2016 thousand I$)","1000 Int$",1995,65011577,NA,"yes"
NA,"World",NA,NA,"Eggs of hens or other birds in shell, fresh","Gross Production Value (constant 2014-2016 thousand I$)","1000 Int$",1996,69803429,NA,"yes"
NA,"World",NA,NA,"Eggs of hens or other birds in shell, fresh","Gross Production Value (constant 2014-2016 thousand I$)","1000 Int$",1997,68080389,NA,"yes"
NA,"World",NA,NA,"Eggs of hens or other birds in shell, fresh","Gross Production Value (constant 2014-2016 thousand I$)","1000 Int$",1998,70573366,NA,"yes"
NA,"World",NA,NA,"Eggs of hens or other birds in shell, fresh","Gross Production Value (constant 2014-2016 thousand I$)","1000 Int$",1999,73290173,NA,"yes"
NA,"World",NA,NA,"Eggs of hens or other birds in shell, fresh","Gross Production Value (constant 2014-2016 thousand I$)","1000 Int$",2000,75475889,NA,"yes"
NA,"World",NA,NA,"Eggs of hens or other birds in shell, fresh","Gross Production Value (constant 2014-2016 thousand I$)","1000 Int$",2001,77013167,NA,"yes"
NA,"World",NA,NA,"Eggs of hens or other birds in shell, fresh","Gross Production Value (constant 2014-2016 thousand I$)","1000 Int$",2002,78855105,NA,"yes"
NA,"World",NA,NA,"Eggs of hens or other birds in shell, fresh","Gross Production Value (constant 2014-2016 thousand I$)","1000 Int$",2003,80394294,NA,"yes"
NA,"World",NA,NA,"Eggs of hens or other birds in shell, fresh","Gross Production Value (constant 2014-2016 thousand I$)","1000 Int$",2004,82084450,NA,"yes"
NA,"World",NA,NA,"Eggs of hens or other birds in shell, fresh","Gross Production Value (constant 2014-2016 thousand I$)","1000 Int$",2005,83916902,NA,"yes"
NA,"World",NA,NA,"Eggs of hens or other birds in shell, fresh","Gross Production Value (constant 2014-2016 thousand I$)","1000 Int$",2006,85510117,NA,"yes"
NA,"World",NA,NA,"Eggs of hens or other birds in shell, fresh","Gross Production Value (constant 2014-2016 thousand I$)","1000 Int$",2007,88095791,NA,"yes"
NA,"World",NA,NA,"Eggs of hens or other birds in shell, fresh","Gross Production Value (constant 2014-2016 thousand I$)","1000 Int$",2008,91505391,NA,"yes"
NA,"World",NA,NA,"Eggs of hens or other birds in shell, fresh","Gross Production Value (constant 2014-2016 thousand I$)","1000 Int$",2009,93376000,NA,"yes"
NA,"World",NA,NA,"Eggs of hens or other birds in shell, fresh","Gross Production Value (constant 2014-2016 thousand I$)","1000 Int$",2010,95312012,NA,"yes"
NA,"World",NA,NA,"Eggs of hens or other birds in shell, fresh","Gross Production Value (constant 2014-2016 thousand I$)","1000 Int$",2011,97125027,NA,"yes"
NA,"World",NA,NA,"Eggs of hens or other birds in shell, fresh","Gross Production Value (constant 2014-2016 thousand I$)","1000 Int$",2012,99406828,NA,"yes"
NA,"World",NA,NA,"Eggs of hens or other birds in shell, fresh","Gross Production Value (constant 2014-2016 thousand I$)","1000 Int$",2013,101664658,NA,"yes"
NA,"World",NA,NA,"Eggs of hens or other birds in shell, fresh","Gross Production Value (constant 2014-2016 thousand I$)","1000 Int$",2014,103795897,NA,"yes"
NA,"World",NA,NA,"Eggs of hens or other birds in shell, fresh","Gross Production Value (constant 2014-2016 thousand I$)","1000 Int$",2015,106824282,NA,"yes"
NA,"World",NA,NA,"Eggs of hens or other birds in shell, fresh","Gross Production Value (constant 2014-2016 thousand I$)","1000 Int$",2016,110090199,NA,"yes"
NA,"World",NA,NA,"Eggs of hens or other birds in shell, fresh","Gross Production Value (constant 2014-2016 thousand I$)","1000 Int$",2017,114686084,NA,"yes"
NA,"World",NA,NA,"Eggs of hens or other birds in shell, fresh","Gross Production Value (constant 2014-2016 thousand I$)","1000 Int$",2018,116407046,NA,"yes"
NA,"World",NA,NA,"Eggs of hens or other birds in shell, fresh","Gross Production Value (constant 2014-2016 thousand I$)","1000 Int$",2019,121262726,NA,"yes"
NA,"World",NA,NA,"Eggs of hens or other birds in shell, fresh","Gross Production Value (constant 2014-2016 thousand I$)","1000 Int$",2020,126034993,NA,"yes"
NA,"World",NA,NA,"Eggs of hens or other birds in shell, fresh","Gross Production Value (constant 2014-2016 thousand I$)","1000 Int$",2021,126314054,NA,"yes"
NA,"World",NA,NA,"Eggs of hens or other birds in shell, fresh","Gross Production Value (constant 2014-2016 thousand I$)","1000 Int$",2022,128487527,NA,"yes"
NA,"World",NA,NA,"Eggs of hens or other birds in shell, fresh","Gross Production Value (constant 2014-2016 thousand I$)","1000 Int$",2023,131414169,NA,"yes"
NA,"World",NA,NA,"Eggs of hens or other birds in shell, fresh","Gross Production Value (constant 2014-2016 thousand US$)","1000 USD",1992,61429776,NA,"yes"
NA,"World",NA,NA,"Eggs of hens or other birds in shell, fresh","Gross Production Value (constant 2014-2016 thousand US$)","1000 USD",1993,66108642,NA,"yes"
NA,"World",NA,NA,"Eggs of hens or other birds in shell, fresh","Gross Production Value (constant 2014-2016 thousand US$)","1000 USD",1994,73962566,NA,"yes"
NA,"World",NA,NA,"Eggs of hens or other birds in shell, fresh","Gross Production Value (constant 2014-2016 thousand US$)","1000 USD",1995,77928053,NA,"yes"
NA,"World",NA,NA,"Eggs of hens or other birds in shell, fresh","Gross Production Value (constant 2014-2016 thousand US$)","1000 USD",1996,84010901,NA,"yes"
NA,"World",NA,NA,"Eggs of hens or other birds in shell, fresh","Gross Production Value (constant 2014-2016 thousand US$)","1000 USD",1997,79269370,NA,"yes"
NA,"World",NA,NA,"Eggs of hens or other birds in shell, fresh","Gross Production Value (constant 2014-2016 thousand US$)","1000 USD",1998,81970980,NA,"yes"
NA,"World",NA,NA,"Eggs of hens or other birds in shell, fresh","Gross Production Value (constant 2014-2016 thousand US$)","1000 USD",1999,85092489,NA,"yes"
NA,"World",NA,NA,"Eggs of hens or other birds in shell, fresh","Gross Production Value (constant 2014-2016 thousand US$)","1000 USD",2000,87611659,NA,"yes"
NA,"World",NA,NA,"Eggs of hens or other birds in shell, fresh","Gross Production Value (constant 2014-2016 thousand US$)","1000 USD",2001,89295492,NA,"yes"
NA,"World",NA,NA,"Eggs of hens or other birds in shell, fresh","Gross Production Value (constant 2014-2016 thousand US$)","1000 USD",2002,91319173,NA,"yes"
NA,"World",NA,NA,"Eggs of hens or other birds in shell, fresh","Gross Production Value (constant 2014-2016 thousand US$)","1000 USD",2003,93236136,NA,"yes"
NA,"World",NA,NA,"Eggs of hens or other birds in shell, fresh","Gross Production Value (constant 2014-2016 thousand US$)","1000 USD",2004,94995473,NA,"yes"
NA,"World",NA,NA,"Eggs of hens or other birds in shell, fresh","Gross Production Value (constant 2014-2016 thousand US$)","1000 USD",2005,97178648,NA,"yes"
NA,"World",NA,NA,"Eggs of hens or other birds in shell, fresh","Gross Production Value (constant 2014-2016 thousand US$)","1000 USD",2006,98915843,NA,"yes"
NA,"World",NA,NA,"Eggs of hens or other birds in shell, fresh","Gross Production Value (constant 2014-2016 thousand US$)","1000 USD",2007,101911195,NA,"yes"
NA,"World",NA,NA,"Eggs of hens or other birds in shell, fresh","Gross Production Value (constant 2014-2016 thousand US$)","1000 USD",2008,105828557,NA,"yes"
NA,"World",NA,NA,"Eggs of hens or other birds in shell, fresh","Gross Production Value (constant 2014-2016 thousand US$)","1000 USD",2009,107442665,NA,"yes"
NA,"World",NA,NA,"Eggs of hens or other birds in shell, fresh","Gross Production Value (constant 2014-2016 thousand US$)","1000 USD",2010,109481709,NA,"yes"
NA,"World",NA,NA,"Eggs of hens or other birds in shell, fresh","Gross Production Value (constant 2014-2016 thousand US$)","1000 USD",2011,111399499,NA,"yes"
NA,"World",NA,NA,"Eggs of hens or other birds in shell, fresh","Gross Production Value (constant 2014-2016 thousand US$)","1000 USD",2012,114477995,NA,"yes"
NA,"World",NA,NA,"Eggs of hens or other birds in shell, fresh","Gross Production Value (constant 2014-2016 thousand US$)","1000 USD",2013,117111413,NA,"yes"
NA,"World",NA,NA,"Eggs of hens or other birds in shell, fresh","Gross Production Value (constant 2014-2016 thousand US$)","1000 USD",2014,119303043,NA,"yes"
NA,"World",NA,NA,"Eggs of hens or other birds in shell, fresh","Gross Production Value (constant 2014-2016 thousand US$)","1000 USD",2015,122736179,NA,"yes"
NA,"World",NA,NA,"Eggs of hens or other birds in shell, fresh","Gross Production Value (constant 2014-2016 thousand US$)","1000 USD",2016,126587829,NA,"yes"
NA,"World",NA,NA,"Eggs of hens or other birds in shell, fresh","Gross Production Value (constant 2014-2016 thousand US$)","1000 USD",2017,132222281,NA,"yes"
NA,"World",NA,NA,"Eggs of hens or other birds in shell, fresh","Gross Production Value (constant 2014-2016 thousand US$)","1000 USD",2018,135022658,NA,"yes"
NA,"World",NA,NA,"Eggs of hens or other birds in shell, fresh","Gross Production Value (constant 2014-2016 thousand US$)","1000 USD",2019,140271833,NA,"yes"
NA,"World",NA,NA,"Eggs of hens or other birds in shell, fresh","Gross Production Value (constant 2014-2016 thousand US$)","1000 USD",2020,145432727,NA,"yes"
NA,"World",NA,NA,"Eggs of hens or other birds in shell, fresh","Gross Production Value (constant 2014-2016 thousand US$)","1000 USD",2021,145892522,NA,"yes"
NA,"World",NA,NA,"Eggs of hens or other birds in shell, fresh","Gross Production Value (constant 2014-2016 thousand US$)","1000 USD",2022,148191174,NA,"yes"
NA,"World",NA,NA,"Eggs of hens or other birds in shell, fresh","Gross Production Value (constant 2014-2016 thousand US$)","1000 USD",2023,151608130,NA,"yes"
NA,"World",NA,NA,"Forage products; fibre crops; plants used in perfumery, pharmacy, or for insecticidal, fungicidal or similar purposes; beet, forage plant and flower seeds; natural rubber; living plants, cut flowers and flower buds; unmanufactured tobacco; other raw vegetable materials","Gross Production Value (constant 2014-2016 thousand I$)","1000 Int$",1992,73252385,NA,"yes"
NA,"World",NA,NA,"Forage products; fibre crops; plants used in perfumery, pharmacy, or for insecticidal, fungicidal or similar purposes; beet, forage plant and flower seeds; natural rubber; living plants, cut flowers and flower buds; unmanufactured tobacco; other raw vegetable materials","Gross Production Value (constant 2014-2016 thousand I$)","1000 Int$",1993,69761823,NA,"yes"
NA,"World",NA,NA,"Forage products; fibre crops; plants used in perfumery, pharmacy, or for insecticidal, fungicidal or similar purposes; beet, forage plant and flower seeds; natural rubber; living plants, cut flowers and flower buds; unmanufactured tobacco; other raw vegetable materials","Gross Production Value (constant 2014-2016 thousand I$)","1000 Int$",1994,71216065,NA,"yes"
NA,"World",NA,NA,"Forage products; fibre crops; plants used in perfumery, pharmacy, or for insecticidal, fungicidal or similar purposes; beet, forage plant and flower seeds; natural rubber; living plants, cut flowers and flower buds; unmanufactured tobacco; other raw vegetable materials","Gross Production Value (constant 2014-2016 thousand I$)","1000 Int$",1995,74385208,NA,"yes"
NA,"World",NA,NA,"Forage products; fibre crops; plants used in perfumery, pharmacy, or for insecticidal, fungicidal or similar purposes; beet, forage plant and flower seeds; natural rubber; living plants, cut flowers and flower buds; unmanufactured tobacco; other raw vegetable materials","Gross Production Value (constant 2014-2016 thousand I$)","1000 Int$",1996,76539347,NA,"yes"
NA,"World",NA,NA,"Forage products; fibre crops; plants used in perfumery, pharmacy, or for insecticidal, fungicidal or similar purposes; beet, forage plant and flower seeds; natural rubber; living plants, cut flowers and flower buds; unmanufactured tobacco; other raw vegetable materials","Gross Production Value (constant 2014-2016 thousand I$)","1000 Int$",1997,79657237,NA,"yes"
NA,"World",NA,NA,"Forage products; fibre crops; plants used in perfumery, pharmacy, or for insecticidal, fungicidal or similar purposes; beet, forage plant and flower seeds; natural rubber; living plants, cut flowers and flower buds; unmanufactured tobacco; other raw vegetable materials","Gross Production Value (constant 2014-2016 thousand I$)","1000 Int$",1998,72924190,NA,"yes"
NA,"World",NA,NA,"Forage products; fibre crops; plants used in perfumery, pharmacy, or for insecticidal, fungicidal or similar purposes; beet, forage plant and flower seeds; natural rubber; living plants, cut flowers and flower buds; unmanufactured tobacco; other raw vegetable materials","Gross Production Value (constant 2014-2016 thousand I$)","1000 Int$",1999,74144478,NA,"yes"
NA,"World",NA,NA,"Forage products; fibre crops; plants used in perfumery, pharmacy, or for insecticidal, fungicidal or similar purposes; beet, forage plant and flower seeds; natural rubber; living plants, cut flowers and flower buds; unmanufactured tobacco; other raw vegetable materials","Gross Production Value (constant 2014-2016 thousand I$)","1000 Int$",2000,73743377,NA,"yes"
NA,"World",NA,NA,"Forage products; fibre crops; plants used in perfumery, pharmacy, or for insecticidal, fungicidal or similar purposes; beet, forage plant and flower seeds; natural rubber; living plants, cut flowers and flower buds; unmanufactured tobacco; other raw vegetable materials","Gross Production Value (constant 2014-2016 thousand I$)","1000 Int$",2001,79572079,NA,"yes"
NA,"World",NA,NA,"Forage products; fibre crops; plants used in perfumery, pharmacy, or for insecticidal, fungicidal or similar purposes; beet, forage plant and flower seeds; natural rubber; living plants, cut flowers and flower buds; unmanufactured tobacco; other raw vegetable materials","Gross Production Value (constant 2014-2016 thousand I$)","1000 Int$",2002,74796321,NA,"yes"
NA,"World",NA,NA,"Forage products; fibre crops; plants used in perfumery, pharmacy, or for insecticidal, fungicidal or similar purposes; beet, forage plant and flower seeds; natural rubber; living plants, cut flowers and flower buds; unmanufactured tobacco; other raw vegetable materials","Gross Production Value (constant 2014-2016 thousand I$)","1000 Int$",2003,76467311,NA,"yes"
NA,"World",NA,NA,"Forage products; fibre crops; plants used in perfumery, pharmacy, or for insecticidal, fungicidal or similar purposes; beet, forage plant and flower seeds; natural rubber; living plants, cut flowers and flower buds; unmanufactured tobacco; other raw vegetable materials","Gross Production Value (constant 2014-2016 thousand I$)","1000 Int$",2004,92101091,NA,"yes"
NA,"World",NA,NA,"Forage products; fibre crops; plants used in perfumery, pharmacy, or for insecticidal, fungicidal or similar purposes; beet, forage plant and flower seeds; natural rubber; living plants, cut flowers and flower buds; unmanufactured tobacco; other raw vegetable materials","Gross Production Value (constant 2014-2016 thousand I$)","1000 Int$",2005,92055591,NA,"yes"
NA,"World",NA,NA,"Forage products; fibre crops; plants used in perfumery, pharmacy, or for insecticidal, fungicidal or similar purposes; beet, forage plant and flower seeds; natural rubber; living plants, cut flowers and flower buds; unmanufactured tobacco; other raw vegetable materials","Gross Production Value (constant 2014-2016 thousand I$)","1000 Int$",2006,94315649,NA,"yes"
NA,"World",NA,NA,"Forage products; fibre crops; plants used in perfumery, pharmacy, or for insecticidal, fungicidal or similar purposes; beet, forage plant and flower seeds; natural rubber; living plants, cut flowers and flower buds; unmanufactured tobacco; other raw vegetable materials","Gross Production Value (constant 2014-2016 thousand I$)","1000 Int$",2007,95748230,NA,"yes"
NA,"World",NA,NA,"Forage products; fibre crops; plants used in perfumery, pharmacy, or for insecticidal, fungicidal or similar purposes; beet, forage plant and flower seeds; natural rubber; living plants, cut flowers and flower buds; unmanufactured tobacco; other raw vegetable materials","Gross Production Value (constant 2014-2016 thousand I$)","1000 Int$",2008,89579112,NA,"yes"
NA,"World",NA,NA,"Forage products; fibre crops; plants used in perfumery, pharmacy, or for insecticidal, fungicidal or similar purposes; beet, forage plant and flower seeds; natural rubber; living plants, cut flowers and flower buds; unmanufactured tobacco; other raw vegetable materials","Gross Production Value (constant 2014-2016 thousand I$)","1000 Int$",2009,86272994,NA,"yes"
NA,"World",NA,NA,"Forage products; fibre crops; plants used in perfumery, pharmacy, or for insecticidal, fungicidal or similar purposes; beet, forage plant and flower seeds; natural rubber; living plants, cut flowers and flower buds; unmanufactured tobacco; other raw vegetable materials","Gross Production Value (constant 2014-2016 thousand I$)","1000 Int$",2010,93810149,NA,"yes"
NA,"World",NA,NA,"Forage products; fibre crops; plants used in perfumery, pharmacy, or for insecticidal, fungicidal or similar purposes; beet, forage plant and flower seeds; natural rubber; living plants, cut flowers and flower buds; unmanufactured tobacco; other raw vegetable materials","Gross Production Value (constant 2014-2016 thousand I$)","1000 Int$",2011,105584051,NA,"yes"
NA,"World",NA,NA,"Forage products; fibre crops; plants used in perfumery, pharmacy, or for insecticidal, fungicidal or similar purposes; beet, forage plant and flower seeds; natural rubber; living plants, cut flowers and flower buds; unmanufactured tobacco; other raw vegetable materials","Gross Production Value (constant 2014-2016 thousand I$)","1000 Int$",2012,106601629,NA,"yes"
NA,"World",NA,NA,"Forage products; fibre crops; plants used in perfumery, pharmacy, or for insecticidal, fungicidal or similar purposes; beet, forage plant and flower seeds; natural rubber; living plants, cut flowers and flower buds; unmanufactured tobacco; other raw vegetable materials","Gross Production Value (constant 2014-2016 thousand I$)","1000 Int$",2013,101091870,NA,"yes"
NA,"World",NA,NA,"Forage products; fibre crops; plants used in perfumery, pharmacy, or for insecticidal, fungicidal or similar purposes; beet, forage plant and flower seeds; natural rubber; living plants, cut flowers and flower buds; unmanufactured tobacco; other raw vegetable materials","Gross Production Value (constant 2014-2016 thousand I$)","1000 Int$",2014,104085683,NA,"yes"
NA,"World",NA,NA,"Forage products; fibre crops; plants used in perfumery, pharmacy, or for insecticidal, fungicidal or similar purposes; beet, forage plant and flower seeds; natural rubber; living plants, cut flowers and flower buds; unmanufactured tobacco; other raw vegetable materials","Gross Production Value (constant 2014-2016 thousand I$)","1000 Int$",2015,93686066,NA,"yes"
NA,"World",NA,NA,"Forage products; fibre crops; plants used in perfumery, pharmacy, or for insecticidal, fungicidal or similar purposes; beet, forage plant and flower seeds; natural rubber; living plants, cut flowers and flower buds; unmanufactured tobacco; other raw vegetable materials","Gross Production Value (constant 2014-2016 thousand I$)","1000 Int$",2016,94732858,NA,"yes"
NA,"World",NA,NA,"Forage products; fibre crops; plants used in perfumery, pharmacy, or for insecticidal, fungicidal or similar purposes; beet, forage plant and flower seeds; natural rubber; living plants, cut flowers and flower buds; unmanufactured tobacco; other raw vegetable materials","Gross Production Value (constant 2014-2016 thousand I$)","1000 Int$",2017,100766762,NA,"yes"
NA,"World",NA,NA,"Forage products; fibre crops; plants used in perfumery, pharmacy, or for insecticidal, fungicidal or similar purposes; beet, forage plant and flower seeds; natural rubber; living plants, cut flowers and flower buds; unmanufactured tobacco; other raw vegetable materials","Gross Production Value (constant 2014-2016 thousand I$)","1000 Int$",2018,99106518,NA,"yes"
NA,"World",NA,NA,"Forage products; fibre crops; plants used in perfumery, pharmacy, or for insecticidal, fungicidal or similar purposes; beet, forage plant and flower seeds; natural rubber; living plants, cut flowers and flower buds; unmanufactured tobacco; other raw vegetable materials","Gross Production Value (constant 2014-2016 thousand I$)","1000 Int$",2019,110715060,NA,"yes"
NA,"World",NA,NA,"Forage products; fibre crops; plants used in perfumery, pharmacy, or for insecticidal, fungicidal or similar purposes; beet, forage plant and flower seeds; natural rubber; living plants, cut flowers and flower buds; unmanufactured tobacco; other raw vegetable materials","Gross Production Value (constant 2014-2016 thousand I$)","1000 Int$",2020,99231017,NA,"yes"
NA,"World",NA,NA,"Forage products; fibre crops; plants used in perfumery, pharmacy, or for insecticidal, fungicidal or similar purposes; beet, forage plant and flower seeds; natural rubber; living plants, cut flowers and flower buds; unmanufactured tobacco; other raw vegetable materials","Gross Production Value (constant 2014-2016 thousand I$)","1000 Int$",2021,102547681,NA,"yes"
NA,"World",NA,NA,"Forage products; fibre crops; plants used in perfumery, pharmacy, or for insecticidal, fungicidal or similar purposes; beet, forage plant and flower seeds; natural rubber; living plants, cut flowers and flower buds; unmanufactured tobacco; other raw vegetable materials","Gross Production Value (constant 2014-2016 thousand I$)","1000 Int$",2022,98618215,NA,"yes"
NA,"World",NA,NA,"Forage products; fibre crops; plants used in perfumery, pharmacy, or for insecticidal, fungicidal or similar purposes; beet, forage plant and flower seeds; natural rubber; living plants, cut flowers and flower buds; unmanufactured tobacco; other raw vegetable materials","Gross Production Value (constant 2014-2016 thousand I$)","1000 Int$",2023,101636915,NA,"yes"
NA,"World",NA,NA,"Forage products; fibre crops; plants used in perfumery, pharmacy, or for insecticidal, fungicidal or similar purposes; beet, forage plant and flower seeds; natural rubber; living plants, cut flowers and flower buds; unmanufactured tobacco; other raw vegetable materials","Gross Production Value (constant 2014-2016 thousand US$)","1000 USD",1992,79622601,NA,"yes"
NA,"World",NA,NA,"Forage products; fibre crops; plants used in perfumery, pharmacy, or for insecticidal, fungicidal or similar purposes; beet, forage plant and flower seeds; natural rubber; living plants, cut flowers and flower buds; unmanufactured tobacco; other raw vegetable materials","Gross Production Value (constant 2014-2016 thousand US$)","1000 USD",1993,74352365,NA,"yes"
NA,"World",NA,NA,"Forage products; fibre crops; plants used in perfumery, pharmacy, or for insecticidal, fungicidal or similar purposes; beet, forage plant and flower seeds; natural rubber; living plants, cut flowers and flower buds; unmanufactured tobacco; other raw vegetable materials","Gross Production Value (constant 2014-2016 thousand US$)","1000 USD",1994,74495869,NA,"yes"
NA,"World",NA,NA,"Forage products; fibre crops; plants used in perfumery, pharmacy, or for insecticidal, fungicidal or similar purposes; beet, forage plant and flower seeds; natural rubber; living plants, cut flowers and flower buds; unmanufactured tobacco; other raw vegetable materials","Gross Production Value (constant 2014-2016 thousand US$)","1000 USD",1995,77328839,NA,"yes"
NA,"World",NA,NA,"Forage products; fibre crops; plants used in perfumery, pharmacy, or for insecticidal, fungicidal or similar purposes; beet, forage plant and flower seeds; natural rubber; living plants, cut flowers and flower buds; unmanufactured tobacco; other raw vegetable materials","Gross Production Value (constant 2014-2016 thousand US$)","1000 USD",1996,79818488,NA,"yes"
NA,"World",NA,NA,"Forage products; fibre crops; plants used in perfumery, pharmacy, or for insecticidal, fungicidal or similar purposes; beet, forage plant and flower seeds; natural rubber; living plants, cut flowers and flower buds; unmanufactured tobacco; other raw vegetable materials","Gross Production Value (constant 2014-2016 thousand US$)","1000 USD",1997,85192940,NA,"yes"
NA,"World",NA,NA,"Forage products; fibre crops; plants used in perfumery, pharmacy, or for insecticidal, fungicidal or similar purposes; beet, forage plant and flower seeds; natural rubber; living plants, cut flowers and flower buds; unmanufactured tobacco; other raw vegetable materials","Gross Production Value (constant 2014-2016 thousand US$)","1000 USD",1998,76225160,NA,"yes"
NA,"World",NA,NA,"Forage products; fibre crops; plants used in perfumery, pharmacy, or for insecticidal, fungicidal or similar purposes; beet, forage plant and flower seeds; natural rubber; living plants, cut flowers and flower buds; unmanufactured tobacco; other raw vegetable materials","Gross Production Value (constant 2014-2016 thousand US$)","1000 USD",1999,76475984,NA,"yes"
NA,"World",NA,NA,"Forage products; fibre crops; plants used in perfumery, pharmacy, or for insecticidal, fungicidal or similar purposes; beet, forage plant and flower seeds; natural rubber; living plants, cut flowers and flower buds; unmanufactured tobacco; other raw vegetable materials","Gross Production Value (constant 2014-2016 thousand US$)","1000 USD",2000,78022194,NA,"yes"
NA,"World",NA,NA,"Forage products; fibre crops; plants used in perfumery, pharmacy, or for insecticidal, fungicidal or similar purposes; beet, forage plant and flower seeds; natural rubber; living plants, cut flowers and flower buds; unmanufactured tobacco; other raw vegetable materials","Gross Production Value (constant 2014-2016 thousand US$)","1000 USD",2001,83935232,NA,"yes"
NA,"World",NA,NA,"Forage products; fibre crops; plants used in perfumery, pharmacy, or for insecticidal, fungicidal or similar purposes; beet, forage plant and flower seeds; natural rubber; living plants, cut flowers and flower buds; unmanufactured tobacco; other raw vegetable materials","Gross Production Value (constant 2014-2016 thousand US$)","1000 USD",2002,79251066,NA,"yes"
NA,"World",NA,NA,"Forage products; fibre crops; plants used in perfumery, pharmacy, or for insecticidal, fungicidal or similar purposes; beet, forage plant and flower seeds; natural rubber; living plants, cut flowers and flower buds; unmanufactured tobacco; other raw vegetable materials","Gross Production Value (constant 2014-2016 thousand US$)","1000 USD",2003,79202074,NA,"yes"
NA,"World",NA,NA,"Forage products; fibre crops; plants used in perfumery, pharmacy, or for insecticidal, fungicidal or similar purposes; beet, forage plant and flower seeds; natural rubber; living plants, cut flowers and flower buds; unmanufactured tobacco; other raw vegetable materials","Gross Production Value (constant 2014-2016 thousand US$)","1000 USD",2004,95033599,NA,"yes"
NA,"World",NA,NA,"Forage products; fibre crops; plants used in perfumery, pharmacy, or for insecticidal, fungicidal or similar purposes; beet, forage plant and flower seeds; natural rubber; living plants, cut flowers and flower buds; unmanufactured tobacco; other raw vegetable materials","Gross Production Value (constant 2014-2016 thousand US$)","1000 USD",2005,94172758,NA,"yes"
NA,"World",NA,NA,"Forage products; fibre crops; plants used in perfumery, pharmacy, or for insecticidal, fungicidal or similar purposes; beet, forage plant and flower seeds; natural rubber; living plants, cut flowers and flower buds; unmanufactured tobacco; other raw vegetable materials","Gross Production Value (constant 2014-2016 thousand US$)","1000 USD",2006,97754304,NA,"yes"
NA,"World",NA,NA,"Forage products; fibre crops; plants used in perfumery, pharmacy, or for insecticidal, fungicidal or similar purposes; beet, forage plant and flower seeds; natural rubber; living plants, cut flowers and flower buds; unmanufactured tobacco; other raw vegetable materials","Gross Production Value (constant 2014-2016 thousand US$)","1000 USD",2007,99123437,NA,"yes"
NA,"World",NA,NA,"Forage products; fibre crops; plants used in perfumery, pharmacy, or for insecticidal, fungicidal or similar purposes; beet, forage plant and flower seeds; natural rubber; living plants, cut flowers and flower buds; unmanufactured tobacco; other raw vegetable materials","Gross Production Value (constant 2014-2016 thousand US$)","1000 USD",2008,93082042,NA,"yes"
NA,"World",NA,NA,"Forage products; fibre crops; plants used in perfumery, pharmacy, or for insecticidal, fungicidal or similar purposes; beet, forage plant and flower seeds; natural rubber; living plants, cut flowers and flower buds; unmanufactured tobacco; other raw vegetable materials","Gross Production Value (constant 2014-2016 thousand US$)","1000 USD",2009,89155682,NA,"yes"
NA,"World",NA,NA,"Forage products; fibre crops; plants used in perfumery, pharmacy, or for insecticidal, fungicidal or similar purposes; beet, forage plant and flower seeds; natural rubber; living plants, cut flowers and flower buds; unmanufactured tobacco; other raw vegetable materials","Gross Production Value (constant 2014-2016 thousand US$)","1000 USD",2010,95569635,NA,"yes"
NA,"World",NA,NA,"Forage products; fibre crops; plants used in perfumery, pharmacy, or for insecticidal, fungicidal or similar purposes; beet, forage plant and flower seeds; natural rubber; living plants, cut flowers and flower buds; unmanufactured tobacco; other raw vegetable materials","Gross Production Value (constant 2014-2016 thousand US$)","1000 USD",2011,107996169,NA,"yes"
NA,"World",NA,NA,"Forage products; fibre crops; plants used in perfumery, pharmacy, or for insecticidal, fungicidal or similar purposes; beet, forage plant and flower seeds; natural rubber; living plants, cut flowers and flower buds; unmanufactured tobacco; other raw vegetable materials","Gross Production Value (constant 2014-2016 thousand US$)","1000 USD",2012,110365129,NA,"yes"
NA,"World",NA,NA,"Forage products; fibre crops; plants used in perfumery, pharmacy, or for insecticidal, fungicidal or similar purposes; beet, forage plant and flower seeds; natural rubber; living plants, cut flowers and flower buds; unmanufactured tobacco; other raw vegetable materials","Gross Production Value (constant 2014-2016 thousand US$)","1000 USD",2013,104032588,NA,"yes"
NA,"World",NA,NA,"Forage products; fibre crops; plants used in perfumery, pharmacy, or for insecticidal, fungicidal or similar purposes; beet, forage plant and flower seeds; natural rubber; living plants, cut flowers and flower buds; unmanufactured tobacco; other raw vegetable materials","Gross Production Value (constant 2014-2016 thousand US$)","1000 USD",2014,105935252,NA,"yes"
NA,"World",NA,NA,"Forage products; fibre crops; plants used in perfumery, pharmacy, or for insecticidal, fungicidal or similar purposes; beet, forage plant and flower seeds; natural rubber; living plants, cut flowers and flower buds; unmanufactured tobacco; other raw vegetable materials","Gross Production Value (constant 2014-2016 thousand US$)","1000 USD",2015,94679619,NA,"yes"
NA,"World",NA,NA,"Forage products; fibre crops; plants used in perfumery, pharmacy, or for insecticidal, fungicidal or similar purposes; beet, forage plant and flower seeds; natural rubber; living plants, cut flowers and flower buds; unmanufactured tobacco; other raw vegetable materials","Gross Production Value (constant 2014-2016 thousand US$)","1000 USD",2016,95518586,NA,"yes"
NA,"World",NA,NA,"Forage products; fibre crops; plants used in perfumery, pharmacy, or for insecticidal, fungicidal or similar purposes; beet, forage plant and flower seeds; natural rubber; living plants, cut flowers and flower buds; unmanufactured tobacco; other raw vegetable materials","Gross Production Value (constant 2014-2016 thousand US$)","1000 USD",2017,101712663,NA,"yes"
NA,"World",NA,NA,"Forage products; fibre crops; plants used in perfumery, pharmacy, or for insecticidal, fungicidal or similar purposes; beet, forage plant and flower seeds; natural rubber; living plants, cut flowers and flower buds; unmanufactured tobacco; other raw vegetable materials","Gross Production Value (constant 2014-2016 thousand US$)","1000 USD",2018,101329561,NA,"yes"
NA,"World",NA,NA,"Forage products; fibre crops; plants used in perfumery, pharmacy, or for insecticidal, fungicidal or similar purposes; beet, forage plant and flower seeds; natural rubber; living plants, cut flowers and flower buds; unmanufactured tobacco; other raw vegetable materials","Gross Production Value (constant 2014-2016 thousand US$)","1000 USD",2019,113213700,NA,"yes"
NA,"World",NA,NA,"Forage products; fibre crops; plants used in perfumery, pharmacy, or for insecticidal, fungicidal or similar purposes; beet, forage plant and flower seeds; natural rubber; living plants, cut flowers and flower buds; unmanufactured tobacco; other raw vegetable materials","Gross Production Value (constant 2014-2016 thousand US$)","1000 USD",2020,99080664,NA,"yes"
NA,"World",NA,NA,"Forage products; fibre crops; plants used in perfumery, pharmacy, or for insecticidal, fungicidal or similar purposes; beet, forage plant and flower seeds; natural rubber; living plants, cut flowers and flower buds; unmanufactured tobacco; other raw vegetable materials","Gross Production Value (constant 2014-2016 thousand US$)","1000 USD",2021,102943111,NA,"yes"
NA,"World",NA,NA,"Forage products; fibre crops; plants used in perfumery, pharmacy, or for insecticidal, fungicidal or similar purposes; beet, forage plant and flower seeds; natural rubber; living plants, cut flowers and flower buds; unmanufactured tobacco; other raw vegetable materials","Gross Production Value (constant 2014-2016 thousand US$)","1000 USD",2022,101605155,NA,"yes"
NA,"World",NA,NA,"Forage products; fibre crops; plants used in perfumery, pharmacy, or for insecticidal, fungicidal or similar purposes; beet, forage plant and flower seeds; natural rubber; living plants, cut flowers and flower buds; unmanufactured tobacco; other raw vegetable materials","Gross Production Value (constant 2014-2016 thousand US$)","1000 USD",2023,103249040,NA,"yes"
NA,"World",NA,NA,"Fruits and nuts","Gross Production Value (constant 2014-2016 thousand I$)","1000 Int$",1992,213661788,NA,"yes"
NA,"World",NA,NA,"Fruits and nuts","Gross Production Value (constant 2014-2016 thousand I$)","1000 Int$",1993,218339825,NA,"yes"
NA,"World",NA,NA,"Fruits and nuts","Gross Production Value (constant 2014-2016 thousand I$)","1000 Int$",1994,227386581,NA,"yes"
NA,"World",NA,NA,"Fruits and nuts","Gross Production Value (constant 2014-2016 thousand I$)","1000 Int$",1995,233020232,NA,"yes"
NA,"World",NA,NA,"Fruits and nuts","Gross Production Value (constant 2014-2016 thousand I$)","1000 Int$",1996,245353818,NA,"yes"
NA,"World",NA,NA,"Fruits and nuts","Gross Production Value (constant 2014-2016 thousand I$)","1000 Int$",1997,252409517,NA,"yes"
NA,"World",NA,NA,"Fruits and nuts","Gross Production Value (constant 2014-2016 thousand I$)","1000 Int$",1998,253183568,NA,"yes"
NA,"World",NA,NA,"Fruits and nuts","Gross Production Value (constant 2014-2016 thousand I$)","1000 Int$",1999,267763800,NA,"yes"
NA,"World",NA,NA,"Fruits and nuts","Gross Production Value (constant 2014-2016 thousand I$)","1000 Int$",2000,276787963,NA,"yes"
NA,"World",NA,NA,"Fruits and nuts","Gross Production Value (constant 2014-2016 thousand I$)","1000 Int$",2001,277874845,NA,"yes"
NA,"World",NA,NA,"Fruits and nuts","Gross Production Value (constant 2014-2016 thousand I$)","1000 Int$",2002,286074612,NA,"yes"
NA,"World",NA,NA,"Fruits and nuts","Gross Production Value (constant 2014-2016 thousand I$)","1000 Int$",2003,295507406,NA,"yes"
NA,"World",NA,NA,"Fruits and nuts","Gross Production Value (constant 2014-2016 thousand I$)","1000 Int$",2004,306952054,NA,"yes"
NA,"World",NA,NA,"Fruits and nuts","Gross Production Value (constant 2014-2016 thousand I$)","1000 Int$",2005,316801921,NA,"yes"
NA,"World",NA,NA,"Fruits and nuts","Gross Production Value (constant 2014-2016 thousand I$)","1000 Int$",2006,330244383,NA,"yes"
NA,"World",NA,NA,"Fruits and nuts","Gross Production Value (constant 2014-2016 thousand I$)","1000 Int$",2007,338102179,NA,"yes"
NA,"World",NA,NA,"Fruits and nuts","Gross Production Value (constant 2014-2016 thousand I$)","1000 Int$",2008,346777840,NA,"yes"
NA,"World",NA,NA,"Fruits and nuts","Gross Production Value (constant 2014-2016 thousand I$)","1000 Int$",2009,355510466,NA,"yes"
NA,"World",NA,NA,"Fruits and nuts","Gross Production Value (constant 2014-2016 thousand I$)","1000 Int$",2010,361775178,NA,"yes"
NA,"World",NA,NA,"Fruits and nuts","Gross Production Value (constant 2014-2016 thousand I$)","1000 Int$",2011,379229925,NA,"yes"
NA,"World",NA,NA,"Fruits and nuts","Gross Production Value (constant 2014-2016 thousand I$)","1000 Int$",2012,384160293,NA,"yes"
NA,"World",NA,NA,"Fruits and nuts","Gross Production Value (constant 2014-2016 thousand I$)","1000 Int$",2013,401702385,NA,"yes"
NA,"World",NA,NA,"Fruits and nuts","Gross Production Value (constant 2014-2016 thousand I$)","1000 Int$",2014,408902885,NA,"yes"
NA,"World",NA,NA,"Fruits and nuts","Gross Production Value (constant 2014-2016 thousand I$)","1000 Int$",2015,418658092,NA,"yes"
NA,"World",NA,NA,"Fruits and nuts","Gross Production Value (constant 2014-2016 thousand I$)","1000 Int$",2016,421362061,NA,"yes"
NA,"World",NA,NA,"Fruits and nuts","Gross Production Value (constant 2014-2016 thousand I$)","1000 Int$",2017,428233826,NA,"yes"
NA,"World",NA,NA,"Fruits and nuts","Gross Production Value (constant 2014-2016 thousand I$)","1000 Int$",2018,444797521,NA,"yes"
NA,"World",NA,NA,"Fruits and nuts","Gross Production Value (constant 2014-2016 thousand I$)","1000 Int$",2019,454110399,NA,"yes"
NA,"World",NA,NA,"Fruits and nuts","Gross Production Value (constant 2014-2016 thousand I$)","1000 Int$",2020,467862342,NA,"yes"
NA,"World",NA,NA,"Fruits and nuts","Gross Production Value (constant 2014-2016 thousand I$)","1000 Int$",2021,479236761,NA,"yes"
NA,"World",NA,NA,"Fruits and nuts","Gross Production Value (constant 2014-2016 thousand I$)","1000 Int$",2022,488567507,NA,"yes"
NA,"World",NA,NA,"Fruits and nuts","Gross Production Value (constant 2014-2016 thousand I$)","1000 Int$",2023,490367550,NA,"yes"
NA,"World",NA,NA,"Fruits and nuts","Gross Production Value (constant 2014-2016 thousand US$)","1000 USD",1992,222679225,NA,"yes"
NA,"World",NA,NA,"Fruits and nuts","Gross Production Value (constant 2014-2016 thousand US$)","1000 USD",1993,226192293,NA,"yes"
NA,"World",NA,NA,"Fruits and nuts","Gross Production Value (constant 2014-2016 thousand US$)","1000 USD",1994,235611757,NA,"yes"
NA,"World",NA,NA,"Fruits and nuts","Gross Production Value (constant 2014-2016 thousand US$)","1000 USD",1995,242478214,NA,"yes"
NA,"World",NA,NA,"Fruits and nuts","Gross Production Value (constant 2014-2016 thousand US$)","1000 USD",1996,253945734,NA,"yes"
NA,"World",NA,NA,"Fruits and nuts","Gross Production Value (constant 2014-2016 thousand US$)","1000 USD",1997,262181880,NA,"yes"
NA,"World",NA,NA,"Fruits and nuts","Gross Production Value (constant 2014-2016 thousand US$)","1000 USD",1998,262700485,NA,"yes"
NA,"World",NA,NA,"Fruits and nuts","Gross Production Value (constant 2014-2016 thousand US$)","1000 USD",1999,281557000,NA,"yes"
NA,"World",NA,NA,"Fruits and nuts","Gross Production Value (constant 2014-2016 thousand US$)","1000 USD",2000,287530284,NA,"yes"
NA,"World",NA,NA,"Fruits and nuts","Gross Production Value (constant 2014-2016 thousand US$)","1000 USD",2001,288305790,NA,"yes"
NA,"World",NA,NA,"Fruits and nuts","Gross Production Value (constant 2014-2016 thousand US$)","1000 USD",2002,298650590,NA,"yes"
NA,"World",NA,NA,"Fruits and nuts","Gross Production Value (constant 2014-2016 thousand US$)","1000 USD",2003,306997339,NA,"yes"
NA,"World",NA,NA,"Fruits and nuts","Gross Production Value (constant 2014-2016 thousand US$)","1000 USD",2004,321090268,NA,"yes"
NA,"World",NA,NA,"Fruits and nuts","Gross Production Value (constant 2014-2016 thousand US$)","1000 USD",2005,333533645,NA,"yes"
NA,"World",NA,NA,"Fruits and nuts","Gross Production Value (constant 2014-2016 thousand US$)","1000 USD",2006,347575740,NA,"yes"
NA,"World",NA,NA,"Fruits and nuts","Gross Production Value (constant 2014-2016 thousand US$)","1000 USD",2007,359301965,NA,"yes"
NA,"World",NA,NA,"Fruits and nuts","Gross Production Value (constant 2014-2016 thousand US$)","1000 USD",2008,370501912,NA,"yes"
NA,"World",NA,NA,"Fruits and nuts","Gross Production Value (constant 2014-2016 thousand US$)","1000 USD",2009,379154799,NA,"yes"
NA,"World",NA,NA,"Fruits and nuts","Gross Production Value (constant 2014-2016 thousand US$)","1000 USD",2010,384897170,NA,"yes"
NA,"World",NA,NA,"Fruits and nuts","Gross Production Value (constant 2014-2016 thousand US$)","1000 USD",2011,401641745,NA,"yes"
NA,"World",NA,NA,"Fruits and nuts","Gross Production Value (constant 2014-2016 thousand US$)","1000 USD",2012,404748127,NA,"yes"
NA,"World",NA,NA,"Fruits and nuts","Gross Production Value (constant 2014-2016 thousand US$)","1000 USD",2013,423084002,NA,"yes"
NA,"World",NA,NA,"Fruits and nuts","Gross Production Value (constant 2014-2016 thousand US$)","1000 USD",2014,430753370,NA,"yes"
NA,"World",NA,NA,"Fruits and nuts","Gross Production Value (constant 2014-2016 thousand US$)","1000 USD",2015,441004248,NA,"yes"
NA,"World",NA,NA,"Fruits and nuts","Gross Production Value (constant 2014-2016 thousand US$)","1000 USD",2016,444806455,NA,"yes"
NA,"World",NA,NA,"Fruits and nuts","Gross Production Value (constant 2014-2016 thousand US$)","1000 USD",2017,451834832,NA,"yes"
NA,"World",NA,NA,"Fruits and nuts","Gross Production Value (constant 2014-2016 thousand US$)","1000 USD",2018,463563975,NA,"yes"
NA,"World",NA,NA,"Fruits and nuts","Gross Production Value (constant 2014-2016 thousand US$)","1000 USD",2019,475097590,NA,"yes"
NA,"World",NA,NA,"Fruits and nuts","Gross Production Value (constant 2014-2016 thousand US$)","1000 USD",2020,484547217,NA,"yes"
NA,"World",NA,NA,"Fruits and nuts","Gross Production Value (constant 2014-2016 thousand US$)","1000 USD",2021,494438451,NA,"yes"
NA,"World",NA,NA,"Fruits and nuts","Gross Production Value (constant 2014-2016 thousand US$)","1000 USD",2022,506590738,NA,"yes"
NA,"World",NA,NA,"Fruits and nuts","Gross Production Value (constant 2014-2016 thousand US$)","1000 USD",2023,508932836,NA,"yes"
NA,"World",NA,NA,"Meat and meat products","Gross Production Value (constant 2014-2016 thousand I$)","1000 Int$",1992,484509578,NA,"yes"
NA,"World",NA,NA,"Meat and meat products","Gross Production Value (constant 2014-2016 thousand I$)","1000 Int$",1993,499726719,NA,"yes"
NA,"World",NA,NA,"Meat and meat products","Gross Production Value (constant 2014-2016 thousand I$)","1000 Int$",1994,531631821,NA,"yes"
NA,"World",NA,NA,"Meat and meat products","Gross Production Value (constant 2014-2016 thousand I$)","1000 Int$",1995,552204681,NA,"yes"
NA,"World",NA,NA,"Meat and meat products","Gross Production Value (constant 2014-2016 thousand I$)","1000 Int$",1996,551088934,NA,"yes"
NA,"World",NA,NA,"Meat and meat products","Gross Production Value (constant 2014-2016 thousand I$)","1000 Int$",1997,573154022,NA,"yes"
NA,"World",NA,NA,"Meat and meat products","Gross Production Value (constant 2014-2016 thousand I$)","1000 Int$",1998,591778966,NA,"yes"
NA,"World",NA,NA,"Meat and meat products","Gross Production Value (constant 2014-2016 thousand I$)","1000 Int$",1999,609496262,NA,"yes"
NA,"World",NA,NA,"Meat and meat products","Gross Production Value (constant 2014-2016 thousand I$)","1000 Int$",2000,615553487,NA,"yes"
NA,"World",NA,NA,"Meat and meat products","Gross Production Value (constant 2014-2016 thousand I$)","1000 Int$",2001,623829406,NA,"yes"
NA,"World",NA,NA,"Meat and meat products","Gross Production Value (constant 2014-2016 thousand I$)","1000 Int$",2002,638419234,NA,"yes"
NA,"World",NA,NA,"Meat and meat products","Gross Production Value (constant 2014-2016 thousand I$)","1000 Int$",2003,652256133,NA,"yes"
NA,"World",NA,NA,"Meat and meat products","Gross Production Value (constant 2014-2016 thousand I$)","1000 Int$",2004,667223975,NA,"yes"
NA,"World",NA,NA,"Meat and meat products","Gross Production Value (constant 2014-2016 thousand I$)","1000 Int$",2005,681093199,NA,"yes"
NA,"World",NA,NA,"Meat and meat products","Gross Production Value (constant 2014-2016 thousand I$)","1000 Int$",2006,694647004,NA,"yes"
NA,"World",NA,NA,"Meat and meat products","Gross Production Value (constant 2014-2016 thousand I$)","1000 Int$",2007,711607317,NA,"yes"
NA,"World",NA,NA,"Meat and meat products","Gross Production Value (constant 2014-2016 thousand I$)","1000 Int$",2008,727537069,NA,"yes"
NA,"World",NA,NA,"Meat and meat products","Gross Production Value (constant 2014-2016 thousand I$)","1000 Int$",2009,738752816,NA,"yes"
NA,"World",NA,NA,"Meat and meat products","Gross Production Value (constant 2014-2016 thousand I$)","1000 Int$",2010,761870637,NA,"yes"
NA,"World",NA,NA,"Meat and meat products","Gross Production Value (constant 2014-2016 thousand I$)","1000 Int$",2011,771378610,NA,"yes"
NA,"World",NA,NA,"Meat and meat products","Gross Production Value (constant 2014-2016 thousand I$)","1000 Int$",2012,788940027,NA,"yes"
NA,"World",NA,NA,"Meat and meat products","Gross Production Value (constant 2014-2016 thousand I$)","1000 Int$",2013,808666272,NA,"yes"
NA,"World",NA,NA,"Meat and meat products","Gross Production Value (constant 2014-2016 thousand I$)","1000 Int$",2014,820669173,NA,"yes"
NA,"World",NA,NA,"Meat and meat products","Gross Production Value (constant 2014-2016 thousand I$)","1000 Int$",2015,832258360,NA,"yes"
NA,"World",NA,NA,"Meat and meat products","Gross Production Value (constant 2014-2016 thousand I$)","1000 Int$",2016,840220345,NA,"yes"
NA,"World",NA,NA,"Meat and meat products","Gross Production Value (constant 2014-2016 thousand I$)","1000 Int$",2017,855146496,NA,"yes"
NA,"World",NA,NA,"Meat and meat products","Gross Production Value (constant 2014-2016 thousand I$)","1000 Int$",2018,868253601,NA,"yes"
NA,"World",NA,NA,"Meat and meat products","Gross Production Value (constant 2014-2016 thousand I$)","1000 Int$",2019,867243540,NA,"yes"
NA,"World",NA,NA,"Meat and meat products","Gross Production Value (constant 2014-2016 thousand I$)","1000 Int$",2020,871635763,NA,"yes"
NA,"World",NA,NA,"Meat and meat products","Gross Production Value (constant 2014-2016 thousand I$)","1000 Int$",2021,906476093,NA,"yes"
NA,"World",NA,NA,"Meat and meat products","Gross Production Value (constant 2014-2016 thousand I$)","1000 Int$",2022,925997538,NA,"yes"
NA,"World",NA,NA,"Meat and meat products","Gross Production Value (constant 2014-2016 thousand I$)","1000 Int$",2023,941222033,NA,"yes"
NA,"World",NA,NA,"Meat and meat products","Gross Production Value (constant 2014-2016 thousand US$)","1000 USD",1992,1000975573,NA,"yes"
NA,"World",NA,NA,"Meat and meat products","Gross Production Value (constant 2014-2016 thousand US$)","1000 USD",1993,1048189019,NA,"yes"
NA,"World",NA,NA,"Meat and meat products","Gross Production Value (constant 2014-2016 thousand US$)","1000 USD",1994,1106658090,NA,"yes"
NA,"World",NA,NA,"Meat and meat products","Gross Production Value (constant 2014-2016 thousand US$)","1000 USD",1995,1156597349,NA,"yes"
NA,"World",NA,NA,"Meat and meat products","Gross Production Value (constant 2014-2016 thousand US$)","1000 USD",1996,1146009067,NA,"yes"
NA,"World",NA,NA,"Meat and meat products","Gross Production Value (constant 2014-2016 thousand US$)","1000 USD",1997,1204400876,NA,"yes"
NA,"World",NA,NA,"Meat and meat products","Gross Production Value (constant 2014-2016 thousand US$)","1000 USD",1998,1246656065,NA,"yes"
NA,"World",NA,NA,"Meat and meat products","Gross Production Value (constant 2014-2016 thousand US$)","1000 USD",1999,1283050633,NA,"yes"
NA,"World",NA,NA,"Meat and meat products","Gross Production Value (constant 2014-2016 thousand US$)","1000 USD",2000,1301213186,NA,"yes"
NA,"World",NA,NA,"Meat and meat products","Gross Production Value (constant 2014-2016 thousand US$)","1000 USD",2001,1314890176,NA,"yes"
NA,"World",NA,NA,"Meat and meat products","Gross Production Value (constant 2014-2016 thousand US$)","1000 USD",2002,1348370719,NA,"yes"
NA,"World",NA,NA,"Meat and meat products","Gross Production Value (constant 2014-2016 thousand US$)","1000 USD",2003,1379494966,NA,"yes"
NA,"World",NA,NA,"Meat and meat products","Gross Production Value (constant 2014-2016 thousand US$)","1000 USD",2004,1409957517,NA,"yes"
NA,"World",NA,NA,"Meat and meat products","Gross Production Value (constant 2014-2016 thousand US$)","1000 USD",2005,1434100661,NA,"yes"
NA,"World",NA,NA,"Meat and meat products","Gross Production Value (constant 2014-2016 thousand US$)","1000 USD",2006,1467764700,NA,"yes"
NA,"World",NA,NA,"Meat and meat products","Gross Production Value (constant 2014-2016 thousand US$)","1000 USD",2007,1499485059,NA,"yes"
NA,"World",NA,NA,"Meat and meat products","Gross Production Value (constant 2014-2016 thousand US$)","1000 USD",2008,1539039885,NA,"yes"
NA,"World",NA,NA,"Meat and meat products","Gross Production Value (constant 2014-2016 thousand US$)","1000 USD",2009,1569353770,NA,"yes"
NA,"World",NA,NA,"Meat and meat products","Gross Production Value (constant 2014-2016 thousand US$)","1000 USD",2010,1597260605,NA,"yes"
NA,"World",NA,NA,"Meat and meat products","Gross Production Value (constant 2014-2016 thousand US$)","1000 USD",2011,1611332301,NA,"yes"
NA,"World",NA,NA,"Meat and meat products","Gross Production Value (constant 2014-2016 thousand US$)","1000 USD",2012,1653684523,NA,"yes"
NA,"World",NA,NA,"Meat and meat products","Gross Production Value (constant 2014-2016 thousand US$)","1000 USD",2013,1688634691,NA,"yes"
NA,"World",NA,NA,"Meat and meat products","Gross Production Value (constant 2014-2016 thousand US$)","1000 USD",2014,1715177128,NA,"yes"
NA,"World",NA,NA,"Meat and meat products","Gross Production Value (constant 2014-2016 thousand US$)","1000 USD",2015,1740357216,NA,"yes"
NA,"World",NA,NA,"Meat and meat products","Gross Production Value (constant 2014-2016 thousand US$)","1000 USD",2016,1756327640,NA,"yes"
NA,"World",NA,NA,"Meat and meat products","Gross Production Value (constant 2014-2016 thousand US$)","1000 USD",2017,1791632610,NA,"yes"
NA,"World",NA,NA,"Meat and meat products","Gross Production Value (constant 2014-2016 thousand US$)","1000 USD",2018,1831745133,NA,"yes"
NA,"World",NA,NA,"Meat and meat products","Gross Production Value (constant 2014-2016 thousand US$)","1000 USD",2019,1815130564,NA,"yes"
NA,"World",NA,NA,"Meat and meat products","Gross Production Value (constant 2014-2016 thousand US$)","1000 USD",2020,1828224846,NA,"yes"
NA,"World",NA,NA,"Meat and meat products","Gross Production Value (constant 2014-2016 thousand US$)","1000 USD",2021,1917711101,NA,"yes"
NA,"World",NA,NA,"Meat and meat products","Gross Production Value (constant 2014-2016 thousand US$)","1000 USD",2022,1963818936,NA,"yes"
NA,"World",NA,NA,"Meat and meat products","Gross Production Value (constant 2014-2016 thousand US$)","1000 USD",2023,1997601818,NA,"yes"
NA,"World",NA,NA,"Non-wood forest products","Gross Production Value (constant 2014-2016 thousand US$)","1000 USD",1992,0,NA,"yes"
NA,"World",NA,NA,"Non-wood forest products","Gross Production Value (constant 2014-2016 thousand US$)","1000 USD",1993,0,NA,"yes"
NA,"World",NA,NA,"Non-wood forest products","Gross Production Value (constant 2014-2016 thousand US$)","1000 USD",1994,0,NA,"yes"
NA,"World",NA,NA,"Non-wood forest products","Gross Production Value (constant 2014-2016 thousand US$)","1000 USD",1995,0,NA,"yes"
NA,"World",NA,NA,"Non-wood forest products","Gross Production Value (constant 2014-2016 thousand US$)","1000 USD",1996,0,NA,"yes"
NA,"World",NA,NA,"Non-wood forest products","Gross Production Value (constant 2014-2016 thousand US$)","1000 USD",1997,0,NA,"yes"
NA,"World",NA,NA,"Non-wood forest products","Gross Production Value (constant 2014-2016 thousand US$)","1000 USD",1998,0,NA,"yes"
NA,"World",NA,NA,"Non-wood forest products","Gross Production Value (constant 2014-2016 thousand US$)","1000 USD",1999,0,NA,"yes"
NA,"World",NA,NA,"Non-wood forest products","Gross Production Value (constant 2014-2016 thousand US$)","1000 USD",2000,0,NA,"yes"
NA,"World",NA,NA,"Non-wood forest products","Gross Production Value (constant 2014-2016 thousand US$)","1000 USD",2001,0,NA,"yes"
NA,"World",NA,NA,"Non-wood forest products","Gross Production Value (constant 2014-2016 thousand US$)","1000 USD",2002,0,NA,"yes"
NA,"World",NA,NA,"Non-wood forest products","Gross Production Value (constant 2014-2016 thousand US$)","1000 USD",2003,0,NA,"yes"
NA,"World",NA,NA,"Non-wood forest products","Gross Production Value (constant 2014-2016 thousand US$)","1000 USD",2004,0,NA,"yes"
NA,"World",NA,NA,"Non-wood forest products","Gross Production Value (constant 2014-2016 thousand US$)","1000 USD",2005,0,NA,"yes"
NA,"World",NA,NA,"Non-wood forest products","Gross Production Value (constant 2014-2016 thousand US$)","1000 USD",2006,0,NA,"yes"
NA,"World",NA,NA,"Non-wood forest products","Gross Production Value (constant 2014-2016 thousand US$)","1000 USD",2007,0,NA,"yes"
NA,"World",NA,NA,"Non-wood forest products","Gross Production Value (constant 2014-2016 thousand US$)","1000 USD",2008,0,NA,"yes"
NA,"World",NA,NA,"Non-wood forest products","Gross Production Value (constant 2014-2016 thousand US$)","1000 USD",2009,0,NA,"yes"
NA,"World",NA,NA,"Non-wood forest products","Gross Production Value (constant 2014-2016 thousand US$)","1000 USD",2010,0,NA,"yes"
NA,"World",NA,NA,"Non-wood forest products","Gross Production Value (constant 2014-2016 thousand US$)","1000 USD",2011,0,NA,"yes"
NA,"World",NA,NA,"Non-wood forest products","Gross Production Value (constant 2014-2016 thousand US$)","1000 USD",2012,0,NA,"yes"
NA,"World",NA,NA,"Non-wood forest products","Gross Production Value (constant 2014-2016 thousand US$)","1000 USD",2013,0,NA,"yes"
NA,"World",NA,NA,"Non-wood forest products","Gross Production Value (constant 2014-2016 thousand US$)","1000 USD",2014,0,NA,"yes"
NA,"World",NA,NA,"Non-wood forest products","Gross Production Value (constant 2014-2016 thousand US$)","1000 USD",2015,0,NA,"yes"
NA,"World",NA,NA,"Non-wood forest products","Gross Production Value (constant 2014-2016 thousand US$)","1000 USD",2016,0,NA,"yes"
NA,"World",NA,NA,"Non-wood forest products","Gross Production Value (constant 2014-2016 thousand US$)","1000 USD",2017,0,NA,"yes"
NA,"World",NA,NA,"Non-wood forest products","Gross Production Value (constant 2014-2016 thousand US$)","1000 USD",2018,0,NA,"yes"
NA,"World",NA,NA,"Non-wood forest products","Gross Production Value (constant 2014-2016 thousand US$)","1000 USD",2019,0,NA,"yes"
NA,"World",NA,NA,"Non-wood forest products","Gross Production Value (constant 2014-2016 thousand US$)","1000 USD",2020,0,NA,"yes"
NA,"World",NA,NA,"Non-wood forest products","Gross Production Value (constant 2014-2016 thousand US$)","1000 USD",2021,0,NA,"yes"
NA,"World",NA,NA,"Non-wood forest products","Gross Production Value (constant 2014-2016 thousand US$)","1000 USD",2022,0,NA,"yes"
NA,"World",NA,NA,"Non-wood forest products","Gross Production Value (constant 2014-2016 thousand US$)","1000 USD",2023,0,NA,"yes"
NA,"World",NA,NA,"Oilseeds and oleaginous fruits","Gross Production Value (constant 2014-2016 thousand I$)","1000 Int$",1992,114171173,NA,"yes"
NA,"World",NA,NA,"Oilseeds and oleaginous fruits","Gross Production Value (constant 2014-2016 thousand I$)","1000 Int$",1993,116330680,NA,"yes"
NA,"World",NA,NA,"Oilseeds and oleaginous fruits","Gross Production Value (constant 2014-2016 thousand I$)","1000 Int$",1994,131720139,NA,"yes"
NA,"World",NA,NA,"Oilseeds and oleaginous fruits","Gross Production Value (constant 2014-2016 thousand I$)","1000 Int$",1995,131768910,NA,"yes"
NA,"World",NA,NA,"Oilseeds and oleaginous fruits","Gross Production Value (constant 2014-2016 thousand I$)","1000 Int$",1996,138785235,NA,"yes"
NA,"World",NA,NA,"Oilseeds and oleaginous fruits","Gross Production Value (constant 2014-2016 thousand I$)","1000 Int$",1997,144207704,NA,"yes"
NA,"World",NA,NA,"Oilseeds and oleaginous fruits","Gross Production Value (constant 2014-2016 thousand I$)","1000 Int$",1998,154149550,NA,"yes"
NA,"World",NA,NA,"Oilseeds and oleaginous fruits","Gross Production Value (constant 2014-2016 thousand I$)","1000 Int$",1999,158992003,NA,"yes"
NA,"World",NA,NA,"Oilseeds and oleaginous fruits","Gross Production Value (constant 2014-2016 thousand I$)","1000 Int$",2000,162526667,NA,"yes"
NA,"World",NA,NA,"Oilseeds and oleaginous fruits","Gross Production Value (constant 2014-2016 thousand I$)","1000 Int$",2001,165024645,NA,"yes"
NA,"World",NA,NA,"Oilseeds and oleaginous fruits","Gross Production Value (constant 2014-2016 thousand I$)","1000 Int$",2002,167241501,NA,"yes"
NA,"World",NA,NA,"Oilseeds and oleaginous fruits","Gross Production Value (constant 2014-2016 thousand I$)","1000 Int$",2003,180173594,NA,"yes"
NA,"World",NA,NA,"Oilseeds and oleaginous fruits","Gross Production Value (constant 2014-2016 thousand I$)","1000 Int$",2004,191587449,NA,"yes"
NA,"World",NA,NA,"Oilseeds and oleaginous fruits","Gross Production Value (constant 2014-2016 thousand I$)","1000 Int$",2005,200605779,NA,"yes"
NA,"World",NA,NA,"Oilseeds and oleaginous fruits","Gross Production Value (constant 2014-2016 thousand I$)","1000 Int$",2006,204214328,NA,"yes"
NA,"World",NA,NA,"Oilseeds and oleaginous fruits","Gross Production Value (constant 2014-2016 thousand I$)","1000 Int$",2007,203171808,NA,"yes"
NA,"World",NA,NA,"Oilseeds and oleaginous fruits","Gross Production Value (constant 2014-2016 thousand I$)","1000 Int$",2008,219094487,NA,"yes"
NA,"World",NA,NA,"Oilseeds and oleaginous fruits","Gross Production Value (constant 2014-2016 thousand I$)","1000 Int$",2009,217996766,NA,"yes"
NA,"World",NA,NA,"Oilseeds and oleaginous fruits","Gross Production Value (constant 2014-2016 thousand I$)","1000 Int$",2010,240834130,NA,"yes"
NA,"World",NA,NA,"Oilseeds and oleaginous fruits","Gross Production Value (constant 2014-2016 thousand I$)","1000 Int$",2011,246857854,NA,"yes"
NA,"World",NA,NA,"Oilseeds and oleaginous fruits","Gross Production Value (constant 2014-2016 thousand I$)","1000 Int$",2012,237231037,NA,"yes"
NA,"World",NA,NA,"Oilseeds and oleaginous fruits","Gross Production Value (constant 2014-2016 thousand I$)","1000 Int$",2013,268149876,NA,"yes"
NA,"World",NA,NA,"Oilseeds and oleaginous fruits","Gross Production Value (constant 2014-2016 thousand I$)","1000 Int$",2014,273697579,NA,"yes"
NA,"World",NA,NA,"Oilseeds and oleaginous fruits","Gross Production Value (constant 2014-2016 thousand I$)","1000 Int$",2015,283909574,NA,"yes"
NA,"World",NA,NA,"Oilseeds and oleaginous fruits","Gross Production Value (constant 2014-2016 thousand I$)","1000 Int$",2016,289392466,NA,"yes"
NA,"World",NA,NA,"Oilseeds and oleaginous fruits","Gross Production Value (constant 2014-2016 thousand I$)","1000 Int$",2017,311115735,NA,"yes"
NA,"World",NA,NA,"Oilseeds and oleaginous fruits","Gross Production Value (constant 2014-2016 thousand I$)","1000 Int$",2018,315045533,NA,"yes"
NA,"World",NA,NA,"Oilseeds and oleaginous fruits","Gross Production Value (constant 2014-2016 thousand I$)","1000 Int$",2019,308714482,NA,"yes"
NA,"World",NA,NA,"Oilseeds and oleaginous fruits","Gross Production Value (constant 2014-2016 thousand I$)","1000 Int$",2020,319715219,NA,"yes"
NA,"World",NA,NA,"Oilseeds and oleaginous fruits","Gross Production Value (constant 2014-2016 thousand I$)","1000 Int$",2021,332442218,NA,"yes"
NA,"World",NA,NA,"Oilseeds and oleaginous fruits","Gross Production Value (constant 2014-2016 thousand I$)","1000 Int$",2022,327446470,NA,"yes"
NA,"World",NA,NA,"Oilseeds and oleaginous fruits","Gross Production Value (constant 2014-2016 thousand I$)","1000 Int$",2023,337931355,NA,"yes"
NA,"World",NA,NA,"Oilseeds and oleaginous fruits","Gross Production Value (constant 2014-2016 thousand US$)","1000 USD",1992,122975448,NA,"yes"
NA,"World",NA,NA,"Oilseeds and oleaginous fruits","Gross Production Value (constant 2014-2016 thousand US$)","1000 USD",1993,129376190,NA,"yes"
NA,"World",NA,NA,"Oilseeds and oleaginous fruits","Gross Production Value (constant 2014-2016 thousand US$)","1000 USD",1994,144343830,NA,"yes"
NA,"World",NA,NA,"Oilseeds and oleaginous fruits","Gross Production Value (constant 2014-2016 thousand US$)","1000 USD",1995,145362706,NA,"yes"
NA,"World",NA,NA,"Oilseeds and oleaginous fruits","Gross Production Value (constant 2014-2016 thousand US$)","1000 USD",1996,148468405,NA,"yes"
NA,"World",NA,NA,"Oilseeds and oleaginous fruits","Gross Production Value (constant 2014-2016 thousand US$)","1000 USD",1997,156088884,NA,"yes"
NA,"World",NA,NA,"Oilseeds and oleaginous fruits","Gross Production Value (constant 2014-2016 thousand US$)","1000 USD",1998,165317374,NA,"yes"
NA,"World",NA,NA,"Oilseeds and oleaginous fruits","Gross Production Value (constant 2014-2016 thousand US$)","1000 USD",1999,172308290,NA,"yes"
NA,"World",NA,NA,"Oilseeds and oleaginous fruits","Gross Production Value (constant 2014-2016 thousand US$)","1000 USD",2000,177456290,NA,"yes"
NA,"World",NA,NA,"Oilseeds and oleaginous fruits","Gross Production Value (constant 2014-2016 thousand US$)","1000 USD",2001,179215268,NA,"yes"
NA,"World",NA,NA,"Oilseeds and oleaginous fruits","Gross Production Value (constant 2014-2016 thousand US$)","1000 USD",2002,184039109,NA,"yes"
NA,"World",NA,NA,"Oilseeds and oleaginous fruits","Gross Production Value (constant 2014-2016 thousand US$)","1000 USD",2003,191396384,NA,"yes"
NA,"World",NA,NA,"Oilseeds and oleaginous fruits","Gross Production Value (constant 2014-2016 thousand US$)","1000 USD",2004,206458775,NA,"yes"
NA,"World",NA,NA,"Oilseeds and oleaginous fruits","Gross Production Value (constant 2014-2016 thousand US$)","1000 USD",2005,214753926,NA,"yes"
NA,"World",NA,NA,"Oilseeds and oleaginous fruits","Gross Production Value (constant 2014-2016 thousand US$)","1000 USD",2006,214377113,NA,"yes"
NA,"World",NA,NA,"Oilseeds and oleaginous fruits","Gross Production Value (constant 2014-2016 thousand US$)","1000 USD",2007,211067123,NA,"yes"
NA,"World",NA,NA,"Oilseeds and oleaginous fruits","Gross Production Value (constant 2014-2016 thousand US$)","1000 USD",2008,228542355,NA,"yes"
NA,"World",NA,NA,"Oilseeds and oleaginous fruits","Gross Production Value (constant 2014-2016 thousand US$)","1000 USD",2009,228585286,NA,"yes"
NA,"World",NA,NA,"Oilseeds and oleaginous fruits","Gross Production Value (constant 2014-2016 thousand US$)","1000 USD",2010,249028982,NA,"yes"
NA,"World",NA,NA,"Oilseeds and oleaginous fruits","Gross Production Value (constant 2014-2016 thousand US$)","1000 USD",2011,254375663,NA,"yes"
NA,"World",NA,NA,"Oilseeds and oleaginous fruits","Gross Production Value (constant 2014-2016 thousand US$)","1000 USD",2012,247413869,NA,"yes"
NA,"World",NA,NA,"Oilseeds and oleaginous fruits","Gross Production Value (constant 2014-2016 thousand US$)","1000 USD",2013,271026382,NA,"yes"
NA,"World",NA,NA,"Oilseeds and oleaginous fruits","Gross Production Value (constant 2014-2016 thousand US$)","1000 USD",2014,277961435,NA,"yes"
NA,"World",NA,NA,"Oilseeds and oleaginous fruits","Gross Production Value (constant 2014-2016 thousand US$)","1000 USD",2015,287114185,NA,"yes"
NA,"World",NA,NA,"Oilseeds and oleaginous fruits","Gross Production Value (constant 2014-2016 thousand US$)","1000 USD",2016,289276182,NA,"yes"
NA,"World",NA,NA,"Oilseeds and oleaginous fruits","Gross Production Value (constant 2014-2016 thousand US$)","1000 USD",2017,314138286,NA,"yes"
NA,"World",NA,NA,"Oilseeds and oleaginous fruits","Gross Production Value (constant 2014-2016 thousand US$)","1000 USD",2018,314565032,NA,"yes"
NA,"World",NA,NA,"Oilseeds and oleaginous fruits","Gross Production Value (constant 2014-2016 thousand US$)","1000 USD",2019,311025855,NA,"yes"
NA,"World",NA,NA,"Oilseeds and oleaginous fruits","Gross Production Value (constant 2014-2016 thousand US$)","1000 USD",2020,320902045,NA,"yes"
NA,"World",NA,NA,"Oilseeds and oleaginous fruits","Gross Production Value (constant 2014-2016 thousand US$)","1000 USD",2021,331745159,NA,"yes"
NA,"World",NA,NA,"Oilseeds and oleaginous fruits","Gross Production Value (constant 2014-2016 thousand US$)","1000 USD",2022,329190907,NA,"yes"
NA,"World",NA,NA,"Oilseeds and oleaginous fruits","Gross Production Value (constant 2014-2016 thousand US$)","1000 USD",2023,342370833,NA,"yes"
NA,"World",NA,NA,"Other animal products","Gross Production Value (constant 2014-2016 thousand I$)","1000 Int$",1992,15846883,NA,"yes"
NA,"World",NA,NA,"Other animal products","Gross Production Value (constant 2014-2016 thousand I$)","1000 Int$",1993,15950192,NA,"yes"
NA,"World",NA,NA,"Other animal products","Gross Production Value (constant 2014-2016 thousand I$)","1000 Int$",1994,16471587,NA,"yes"
NA,"World",NA,NA,"Other animal products","Gross Production Value (constant 2014-2016 thousand I$)","1000 Int$",1995,15985201,NA,"yes"
NA,"World",NA,NA,"Other animal products","Gross Production Value (constant 2014-2016 thousand I$)","1000 Int$",1996,14829425,NA,"yes"
NA,"World",NA,NA,"Other animal products","Gross Production Value (constant 2014-2016 thousand I$)","1000 Int$",1997,14902118,NA,"yes"
NA,"World",NA,NA,"Other animal products","Gross Production Value (constant 2014-2016 thousand I$)","1000 Int$",1998,15124744,NA,"yes"
NA,"World",NA,NA,"Other animal products","Gross Production Value (constant 2014-2016 thousand I$)","1000 Int$",1999,15279113,NA,"yes"
NA,"World",NA,NA,"Other animal products","Gross Production Value (constant 2014-2016 thousand I$)","1000 Int$",2000,15392267,NA,"yes"
NA,"World",NA,NA,"Other animal products","Gross Production Value (constant 2014-2016 thousand I$)","1000 Int$",2001,14970341,NA,"yes"
NA,"World",NA,NA,"Other animal products","Gross Production Value (constant 2014-2016 thousand I$)","1000 Int$",2002,15277984,NA,"yes"
NA,"World",NA,NA,"Other animal products","Gross Production Value (constant 2014-2016 thousand I$)","1000 Int$",2003,15079442,NA,"yes"
NA,"World",NA,NA,"Other animal products","Gross Production Value (constant 2014-2016 thousand I$)","1000 Int$",2004,15598238,NA,"yes"
NA,"World",NA,NA,"Other animal products","Gross Production Value (constant 2014-2016 thousand I$)","1000 Int$",2005,15982737,NA,"yes"
NA,"World",NA,NA,"Other animal products","Gross Production Value (constant 2014-2016 thousand I$)","1000 Int$",2006,16607450,NA,"yes"
NA,"World",NA,NA,"Other animal products","Gross Production Value (constant 2014-2016 thousand I$)","1000 Int$",2007,16303502,NA,"yes"
NA,"World",NA,NA,"Other animal products","Gross Production Value (constant 2014-2016 thousand I$)","1000 Int$",2008,16135751,NA,"yes"
NA,"World",NA,NA,"Other animal products","Gross Production Value (constant 2014-2016 thousand I$)","1000 Int$",2009,16060893,NA,"yes"
NA,"World",NA,NA,"Other animal products","Gross Production Value (constant 2014-2016 thousand I$)","1000 Int$",2010,15886847,NA,"yes"
NA,"World",NA,NA,"Other animal products","Gross Production Value (constant 2014-2016 thousand I$)","1000 Int$",2011,16346223,NA,"yes"
NA,"World",NA,NA,"Other animal products","Gross Production Value (constant 2014-2016 thousand I$)","1000 Int$",2012,16543054,NA,"yes"
NA,"World",NA,NA,"Other animal products","Gross Production Value (constant 2014-2016 thousand I$)","1000 Int$",2013,16913195,NA,"yes"
NA,"World",NA,NA,"Other animal products","Gross Production Value (constant 2014-2016 thousand I$)","1000 Int$",2014,17517539,NA,"yes"
NA,"World",NA,NA,"Other animal products","Gross Production Value (constant 2014-2016 thousand I$)","1000 Int$",2015,17785142,NA,"yes"
NA,"World",NA,NA,"Other animal products","Gross Production Value (constant 2014-2016 thousand I$)","1000 Int$",2016,17770333,NA,"yes"
NA,"World",NA,NA,"Other animal products","Gross Production Value (constant 2014-2016 thousand I$)","1000 Int$",2017,17670270,NA,"yes"
NA,"World",NA,NA,"Other animal products","Gross Production Value (constant 2014-2016 thousand I$)","1000 Int$",2018,16673014,NA,"yes"
NA,"World",NA,NA,"Other animal products","Gross Production Value (constant 2014-2016 thousand I$)","1000 Int$",2019,16003097,NA,"yes"
NA,"World",NA,NA,"Other animal products","Gross Production Value (constant 2014-2016 thousand I$)","1000 Int$",2020,15716895,NA,"yes"
NA,"World",NA,NA,"Other animal products","Gross Production Value (constant 2014-2016 thousand I$)","1000 Int$",2021,15638167,NA,"yes"
NA,"World",NA,NA,"Other animal products","Gross Production Value (constant 2014-2016 thousand I$)","1000 Int$",2022,15919042,NA,"yes"
NA,"World",NA,NA,"Other animal products","Gross Production Value (constant 2014-2016 thousand I$)","1000 Int$",2023,15876724,NA,"yes"
NA,"World",NA,NA,"Other animal products","Gross Production Value (constant 2014-2016 thousand US$)","1000 USD",1992,16087539,NA,"yes"
NA,"World",NA,NA,"Other animal products","Gross Production Value (constant 2014-2016 thousand US$)","1000 USD",1993,16289287,NA,"yes"
NA,"World",NA,NA,"Other animal products","Gross Production Value (constant 2014-2016 thousand US$)","1000 USD",1994,16400059,NA,"yes"
NA,"World",NA,NA,"Other animal products","Gross Production Value (constant 2014-2016 thousand US$)","1000 USD",1995,16240737,NA,"yes"
NA,"World",NA,NA,"Other animal products","Gross Production Value (constant 2014-2016 thousand US$)","1000 USD",1996,14763782,NA,"yes"
NA,"World",NA,NA,"Other animal products","Gross Production Value (constant 2014-2016 thousand US$)","1000 USD",1997,14628465,NA,"yes"
NA,"World",NA,NA,"Other animal products","Gross Production Value (constant 2014-2016 thousand US$)","1000 USD",1998,15066307,NA,"yes"
NA,"World",NA,NA,"Other animal products","Gross Production Value (constant 2014-2016 thousand US$)","1000 USD",1999,15260738,NA,"yes"
NA,"World",NA,NA,"Other animal products","Gross Production Value (constant 2014-2016 thousand US$)","1000 USD",2000,15435329,NA,"yes"
NA,"World",NA,NA,"Other animal products","Gross Production Value (constant 2014-2016 thousand US$)","1000 USD",2001,15149387,NA,"yes"
NA,"World",NA,NA,"Other animal products","Gross Production Value (constant 2014-2016 thousand US$)","1000 USD",2002,15418946,NA,"yes"
NA,"World",NA,NA,"Other animal products","Gross Production Value (constant 2014-2016 thousand US$)","1000 USD",2003,15184553,NA,"yes"
NA,"World",NA,NA,"Other animal products","Gross Production Value (constant 2014-2016 thousand US$)","1000 USD",2004,15875130,NA,"yes"
NA,"World",NA,NA,"Other animal products","Gross Production Value (constant 2014-2016 thousand US$)","1000 USD",2005,16409431,NA,"yes"
NA,"World",NA,NA,"Other animal products","Gross Production Value (constant 2014-2016 thousand US$)","1000 USD",2006,16992351,NA,"yes"
NA,"World",NA,NA,"Other animal products","Gross Production Value (constant 2014-2016 thousand US$)","1000 USD",2007,16549192,NA,"yes"
NA,"World",NA,NA,"Other animal products","Gross Production Value (constant 2014-2016 thousand US$)","1000 USD",2008,16209846,NA,"yes"
NA,"World",NA,NA,"Other animal products","Gross Production Value (constant 2014-2016 thousand US$)","1000 USD",2009,16212313,NA,"yes"
NA,"World",NA,NA,"Other animal products","Gross Production Value (constant 2014-2016 thousand US$)","1000 USD",2010,16142985,NA,"yes"
NA,"World",NA,NA,"Other animal products","Gross Production Value (constant 2014-2016 thousand US$)","1000 USD",2011,16700177,NA,"yes"
NA,"World",NA,NA,"Other animal products","Gross Production Value (constant 2014-2016 thousand US$)","1000 USD",2012,17094516,NA,"yes"
NA,"World",NA,NA,"Other animal products","Gross Production Value (constant 2014-2016 thousand US$)","1000 USD",2013,17783830,NA,"yes"
NA,"World",NA,NA,"Other animal products","Gross Production Value (constant 2014-2016 thousand US$)","1000 USD",2014,18543330,NA,"yes"
NA,"World",NA,NA,"Other animal products","Gross Production Value (constant 2014-2016 thousand US$)","1000 USD",2015,18863717,NA,"yes"
NA,"World",NA,NA,"Other animal products","Gross Production Value (constant 2014-2016 thousand US$)","1000 USD",2016,18506437,NA,"yes"
NA,"World",NA,NA,"Other animal products","Gross Production Value (constant 2014-2016 thousand US$)","1000 USD",2017,18404772,NA,"yes"
NA,"World",NA,NA,"Other animal products","Gross Production Value (constant 2014-2016 thousand US$)","1000 USD",2018,17477819,NA,"yes"
NA,"World",NA,NA,"Other animal products","Gross Production Value (constant 2014-2016 thousand US$)","1000 USD",2019,16320416,NA,"yes"
NA,"World",NA,NA,"Other animal products","Gross Production Value (constant 2014-2016 thousand US$)","1000 USD",2020,15922998,NA,"yes"
NA,"World",NA,NA,"Other animal products","Gross Production Value (constant 2014-2016 thousand US$)","1000 USD",2021,15804882,NA,"yes"
NA,"World",NA,NA,"Other animal products","Gross Production Value (constant 2014-2016 thousand US$)","1000 USD",2022,16433580,NA,"yes"
NA,"World",NA,NA,"Other animal products","Gross Production Value (constant 2014-2016 thousand US$)","1000 USD",2023,16297329,NA,"yes"
NA,"World",NA,NA,"Pulses (dried leguminous vegetables)","Gross Production Value (constant 2014-2016 thousand I$)","1000 Int$",1992,29201373,NA,"yes"
NA,"World",NA,NA,"Pulses (dried leguminous vegetables)","Gross Production Value (constant 2014-2016 thousand I$)","1000 Int$",1993,30360884,NA,"yes"
NA,"World",NA,NA,"Pulses (dried leguminous vegetables)","Gross Production Value (constant 2014-2016 thousand I$)","1000 Int$",1994,32868625,NA,"yes"
NA,"World",NA,NA,"Pulses (dried leguminous vegetables)","Gross Production Value (constant 2014-2016 thousand I$)","1000 Int$",1995,33353704,NA,"yes"
NA,"World",NA,NA,"Pulses (dried leguminous vegetables)","Gross Production Value (constant 2014-2016 thousand I$)","1000 Int$",1996,31933215,NA,"yes"
NA,"World",NA,NA,"Pulses (dried leguminous vegetables)","Gross Production Value (constant 2014-2016 thousand I$)","1000 Int$",1997,32449561,NA,"yes"
NA,"World",NA,NA,"Pulses (dried leguminous vegetables)","Gross Production Value (constant 2014-2016 thousand I$)","1000 Int$",1998,32539634,NA,"yes"
NA,"World",NA,NA,"Pulses (dried leguminous vegetables)","Gross Production Value (constant 2014-2016 thousand I$)","1000 Int$",1999,34292102,NA,"yes"
NA,"World",NA,NA,"Pulses (dried leguminous vegetables)","Gross Production Value (constant 2014-2016 thousand I$)","1000 Int$",2000,33345216,NA,"yes"
NA,"World",NA,NA,"Pulses (dried leguminous vegetables)","Gross Production Value (constant 2014-2016 thousand I$)","1000 Int$",2001,33493871,NA,"yes"
NA,"World",NA,NA,"Pulses (dried leguminous vegetables)","Gross Production Value (constant 2014-2016 thousand I$)","1000 Int$",2002,35227900,NA,"yes"
NA,"World",NA,NA,"Pulses (dried leguminous vegetables)","Gross Production Value (constant 2014-2016 thousand I$)","1000 Int$",2003,35591868,NA,"yes"
NA,"World",NA,NA,"Pulses (dried leguminous vegetables)","Gross Production Value (constant 2014-2016 thousand I$)","1000 Int$",2004,35349103,NA,"yes"
NA,"World",NA,NA,"Pulses (dried leguminous vegetables)","Gross Production Value (constant 2014-2016 thousand I$)","1000 Int$",2005,36246927,NA,"yes"
NA,"World",NA,NA,"Pulses (dried leguminous vegetables)","Gross Production Value (constant 2014-2016 thousand I$)","1000 Int$",2006,37005264,NA,"yes"
NA,"World",NA,NA,"Pulses (dried leguminous vegetables)","Gross Production Value (constant 2014-2016 thousand I$)","1000 Int$",2007,37814459,NA,"yes"
NA,"World",NA,NA,"Pulses (dried leguminous vegetables)","Gross Production Value (constant 2014-2016 thousand I$)","1000 Int$",2008,37986756,NA,"yes"
NA,"World",NA,NA,"Pulses (dried leguminous vegetables)","Gross Production Value (constant 2014-2016 thousand I$)","1000 Int$",2009,39330528,NA,"yes"
NA,"World",NA,NA,"Pulses (dried leguminous vegetables)","Gross Production Value (constant 2014-2016 thousand I$)","1000 Int$",2010,43582082,NA,"yes"
NA,"World",NA,NA,"Pulses (dried leguminous vegetables)","Gross Production Value (constant 2014-2016 thousand I$)","1000 Int$",2011,43047505,NA,"yes"
NA,"World",NA,NA,"Pulses (dried leguminous vegetables)","Gross Production Value (constant 2014-2016 thousand I$)","1000 Int$",2012,44914179,NA,"yes"
NA,"World",NA,NA,"Pulses (dried leguminous vegetables)","Gross Production Value (constant 2014-2016 thousand I$)","1000 Int$",2013,47697196,NA,"yes"
NA,"World",NA,NA,"Pulses (dried leguminous vegetables)","Gross Production Value (constant 2014-2016 thousand I$)","1000 Int$",2014,47367261,NA,"yes"
NA,"World",NA,NA,"Pulses (dried leguminous vegetables)","Gross Production Value (constant 2014-2016 thousand I$)","1000 Int$",2015,46854793,NA,"yes"
NA,"World",NA,NA,"Pulses (dried leguminous vegetables)","Gross Production Value (constant 2014-2016 thousand I$)","1000 Int$",2016,50016731,NA,"yes"
NA,"World",NA,NA,"Pulses (dried leguminous vegetables)","Gross Production Value (constant 2014-2016 thousand I$)","1000 Int$",2017,56901851,NA,"yes"
NA,"World",NA,NA,"Pulses (dried leguminous vegetables)","Gross Production Value (constant 2014-2016 thousand I$)","1000 Int$",2018,55272967,NA,"yes"
NA,"World",NA,NA,"Pulses (dried leguminous vegetables)","Gross Production Value (constant 2014-2016 thousand I$)","1000 Int$",2019,50500123,NA,"yes"
NA,"World",NA,NA,"Pulses (dried leguminous vegetables)","Gross Production Value (constant 2014-2016 thousand I$)","1000 Int$",2020,54382156,NA,"yes"
NA,"World",NA,NA,"Pulses (dried leguminous vegetables)","Gross Production Value (constant 2014-2016 thousand I$)","1000 Int$",2021,54468676,NA,"yes"
NA,"World",NA,NA,"Pulses (dried leguminous vegetables)","Gross Production Value (constant 2014-2016 thousand I$)","1000 Int$",2022,57694077,NA,"yes"
NA,"World",NA,NA,"Pulses (dried leguminous vegetables)","Gross Production Value (constant 2014-2016 thousand I$)","1000 Int$",2023,56623065,NA,"yes"
NA,"World",NA,NA,"Pulses (dried leguminous vegetables)","Gross Production Value (constant 2014-2016 thousand US$)","1000 USD",1992,27847525,NA,"yes"
NA,"World",NA,NA,"Pulses (dried leguminous vegetables)","Gross Production Value (constant 2014-2016 thousand US$)","1000 USD",1993,29850909,NA,"yes"
NA,"World",NA,NA,"Pulses (dried leguminous vegetables)","Gross Production Value (constant 2014-2016 thousand US$)","1000 USD",1994,32834890,NA,"yes"
NA,"World",NA,NA,"Pulses (dried leguminous vegetables)","Gross Production Value (constant 2014-2016 thousand US$)","1000 USD",1995,33557246,NA,"yes"
NA,"World",NA,NA,"Pulses (dried leguminous vegetables)","Gross Production Value (constant 2014-2016 thousand US$)","1000 USD",1996,31737765,NA,"yes"
NA,"World",NA,NA,"Pulses (dried leguminous vegetables)","Gross Production Value (constant 2014-2016 thousand US$)","1000 USD",1997,32067146,NA,"yes"
NA,"World",NA,NA,"Pulses (dried leguminous vegetables)","Gross Production Value (constant 2014-2016 thousand US$)","1000 USD",1998,31752212,NA,"yes"
NA,"World",NA,NA,"Pulses (dried leguminous vegetables)","Gross Production Value (constant 2014-2016 thousand US$)","1000 USD",1999,33468368,NA,"yes"
NA,"World",NA,NA,"Pulses (dried leguminous vegetables)","Gross Production Value (constant 2014-2016 thousand US$)","1000 USD",2000,32348730,NA,"yes"
NA,"World",NA,NA,"Pulses (dried leguminous vegetables)","Gross Production Value (constant 2014-2016 thousand US$)","1000 USD",2001,32076963,NA,"yes"
NA,"World",NA,NA,"Pulses (dried leguminous vegetables)","Gross Production Value (constant 2014-2016 thousand US$)","1000 USD",2002,34105670,NA,"yes"
NA,"World",NA,NA,"Pulses (dried leguminous vegetables)","Gross Production Value (constant 2014-2016 thousand US$)","1000 USD",2003,33603401,NA,"yes"
NA,"World",NA,NA,"Pulses (dried leguminous vegetables)","Gross Production Value (constant 2014-2016 thousand US$)","1000 USD",2004,33527315,NA,"yes"
NA,"World",NA,NA,"Pulses (dried leguminous vegetables)","Gross Production Value (constant 2014-2016 thousand US$)","1000 USD",2005,33798097,NA,"yes"
NA,"World",NA,NA,"Pulses (dried leguminous vegetables)","Gross Production Value (constant 2014-2016 thousand US$)","1000 USD",2006,34404806,NA,"yes"
NA,"World",NA,NA,"Pulses (dried leguminous vegetables)","Gross Production Value (constant 2014-2016 thousand US$)","1000 USD",2007,34285708,NA,"yes"
NA,"World",NA,NA,"Pulses (dried leguminous vegetables)","Gross Production Value (constant 2014-2016 thousand US$)","1000 USD",2008,33961371,NA,"yes"
NA,"World",NA,NA,"Pulses (dried leguminous vegetables)","Gross Production Value (constant 2014-2016 thousand US$)","1000 USD",2009,35015113,NA,"yes"
NA,"World",NA,NA,"Pulses (dried leguminous vegetables)","Gross Production Value (constant 2014-2016 thousand US$)","1000 USD",2010,38122153,NA,"yes"
NA,"World",NA,NA,"Pulses (dried leguminous vegetables)","Gross Production Value (constant 2014-2016 thousand US$)","1000 USD",2011,37622024,NA,"yes"
NA,"World",NA,NA,"Pulses (dried leguminous vegetables)","Gross Production Value (constant 2014-2016 thousand US$)","1000 USD",2012,38976858,NA,"yes"
NA,"World",NA,NA,"Pulses (dried leguminous vegetables)","Gross Production Value (constant 2014-2016 thousand US$)","1000 USD",2013,41185406,NA,"yes"
NA,"World",NA,NA,"Pulses (dried leguminous vegetables)","Gross Production Value (constant 2014-2016 thousand US$)","1000 USD",2014,42023614,NA,"yes"
NA,"World",NA,NA,"Pulses (dried leguminous vegetables)","Gross Production Value (constant 2014-2016 thousand US$)","1000 USD",2015,40896584,NA,"yes"
NA,"World",NA,NA,"Pulses (dried leguminous vegetables)","Gross Production Value (constant 2014-2016 thousand US$)","1000 USD",2016,43220200,NA,"yes"
NA,"World",NA,NA,"Pulses (dried leguminous vegetables)","Gross Production Value (constant 2014-2016 thousand US$)","1000 USD",2017,50153368,NA,"yes"
NA,"World",NA,NA,"Pulses (dried leguminous vegetables)","Gross Production Value (constant 2014-2016 thousand US$)","1000 USD",2018,48939269,NA,"yes"
NA,"World",NA,NA,"Pulses (dried leguminous vegetables)","Gross Production Value (constant 2014-2016 thousand US$)","1000 USD",2019,45534154,NA,"yes"
NA,"World",NA,NA,"Pulses (dried leguminous vegetables)","Gross Production Value (constant 2014-2016 thousand US$)","1000 USD",2020,48455934,NA,"yes"
NA,"World",NA,NA,"Pulses (dried leguminous vegetables)","Gross Production Value (constant 2014-2016 thousand US$)","1000 USD",2021,48835828,NA,"yes"
NA,"World",NA,NA,"Pulses (dried leguminous vegetables)","Gross Production Value (constant 2014-2016 thousand US$)","1000 USD",2022,51172230,NA,"yes"
NA,"World",NA,NA,"Pulses (dried leguminous vegetables)","Gross Production Value (constant 2014-2016 thousand US$)","1000 USD",2023,50304798,NA,"yes"
NA,"World",NA,NA,"Raw milk","Gross Production Value (constant 2014-2016 thousand I$)","1000 Int$",1992,208070816,NA,"yes"
NA,"World",NA,NA,"Raw milk","Gross Production Value (constant 2014-2016 thousand I$)","1000 Int$",1993,212042757,NA,"yes"
NA,"World",NA,NA,"Raw milk","Gross Production Value (constant 2014-2016 thousand I$)","1000 Int$",1994,227688135,NA,"yes"
NA,"World",NA,NA,"Raw milk","Gross Production Value (constant 2014-2016 thousand I$)","1000 Int$",1995,231086846,NA,"yes"
NA,"World",NA,NA,"Raw milk","Gross Production Value (constant 2014-2016 thousand I$)","1000 Int$",1996,234739598,NA,"yes"
NA,"World",NA,NA,"Raw milk","Gross Production Value (constant 2014-2016 thousand I$)","1000 Int$",1997,236787826,NA,"yes"
NA,"World",NA,NA,"Raw milk","Gross Production Value (constant 2014-2016 thousand I$)","1000 Int$",1998,241832141,NA,"yes"
NA,"World",NA,NA,"Raw milk","Gross Production Value (constant 2014-2016 thousand I$)","1000 Int$",1999,247356070,NA,"yes"
NA,"World",NA,NA,"Raw milk","Gross Production Value (constant 2014-2016 thousand I$)","1000 Int$",2000,251023288,NA,"yes"
NA,"World",NA,NA,"Raw milk","Gross Production Value (constant 2014-2016 thousand I$)","1000 Int$",2001,255683642,NA,"yes"
NA,"World",NA,NA,"Raw milk","Gross Production Value (constant 2014-2016 thousand I$)","1000 Int$",2002,261938327,NA,"yes"
NA,"World",NA,NA,"Raw milk","Gross Production Value (constant 2014-2016 thousand I$)","1000 Int$",2003,267563335,NA,"yes"
NA,"World",NA,NA,"Raw milk","Gross Production Value (constant 2014-2016 thousand I$)","1000 Int$",2004,273463758,NA,"yes"
NA,"World",NA,NA,"Raw milk","Gross Production Value (constant 2014-2016 thousand I$)","1000 Int$",2005,282116809,NA,"yes"
NA,"World",NA,NA,"Raw milk","Gross Production Value (constant 2014-2016 thousand I$)","1000 Int$",2006,289327670,NA,"yes"
NA,"World",NA,NA,"Raw milk","Gross Production Value (constant 2014-2016 thousand I$)","1000 Int$",2007,295589732,NA,"yes"
NA,"World",NA,NA,"Raw milk","Gross Production Value (constant 2014-2016 thousand I$)","1000 Int$",2008,302146065,NA,"yes"
NA,"World",NA,NA,"Raw milk","Gross Production Value (constant 2014-2016 thousand I$)","1000 Int$",2009,308497936,NA,"yes"
NA,"World",NA,NA,"Raw milk","Gross Production Value (constant 2014-2016 thousand I$)","1000 Int$",2010,316218234,NA,"yes"
NA,"World",NA,NA,"Raw milk","Gross Production Value (constant 2014-2016 thousand I$)","1000 Int$",2011,324098048,NA,"yes"
NA,"World",NA,NA,"Raw milk","Gross Production Value (constant 2014-2016 thousand I$)","1000 Int$",2012,332152031,NA,"yes"
NA,"World",NA,NA,"Raw milk","Gross Production Value (constant 2014-2016 thousand I$)","1000 Int$",2013,337158707,NA,"yes"
NA,"World",NA,NA,"Raw milk","Gross Production Value (constant 2014-2016 thousand I$)","1000 Int$",2014,350472049,NA,"yes"
NA,"World",NA,NA,"Raw milk","Gross Production Value (constant 2014-2016 thousand I$)","1000 Int$",2015,356495187,NA,"yes"
NA,"World",NA,NA,"Raw milk","Gross Production Value (constant 2014-2016 thousand I$)","1000 Int$",2016,361141280,NA,"yes"
NA,"World",NA,NA,"Raw milk","Gross Production Value (constant 2014-2016 thousand I$)","1000 Int$",2017,371539433,NA,"yes"
NA,"World",NA,NA,"Raw milk","Gross Production Value (constant 2014-2016 thousand I$)","1000 Int$",2018,380993987,NA,"yes"
NA,"World",NA,NA,"Raw milk","Gross Production Value (constant 2014-2016 thousand I$)","1000 Int$",2019,389503459,NA,"yes"
NA,"World",NA,NA,"Raw milk","Gross Production Value (constant 2014-2016 thousand I$)","1000 Int$",2020,401713167,NA,"yes"
NA,"World",NA,NA,"Raw milk","Gross Production Value (constant 2014-2016 thousand I$)","1000 Int$",2021,410972612,NA,"yes"
NA,"World",NA,NA,"Raw milk","Gross Production Value (constant 2014-2016 thousand I$)","1000 Int$",2022,416297360,NA,"yes"
NA,"World",NA,NA,"Raw milk","Gross Production Value (constant 2014-2016 thousand I$)","1000 Int$",2023,423367052,NA,"yes"
NA,"World",NA,NA,"Raw milk","Gross Production Value (constant 2014-2016 thousand US$)","1000 USD",1992,197841415,NA,"yes"
NA,"World",NA,NA,"Raw milk","Gross Production Value (constant 2014-2016 thousand US$)","1000 USD",1993,204441784,NA,"yes"
NA,"World",NA,NA,"Raw milk","Gross Production Value (constant 2014-2016 thousand US$)","1000 USD",1994,215404090,NA,"yes"
NA,"World",NA,NA,"Raw milk","Gross Production Value (constant 2014-2016 thousand US$)","1000 USD",1995,218611196,NA,"yes"
NA,"World",NA,NA,"Raw milk","Gross Production Value (constant 2014-2016 thousand US$)","1000 USD",1996,222685653,NA,"yes"
NA,"World",NA,NA,"Raw milk","Gross Production Value (constant 2014-2016 thousand US$)","1000 USD",1997,224787406,NA,"yes"
NA,"World",NA,NA,"Raw milk","Gross Production Value (constant 2014-2016 thousand US$)","1000 USD",1998,229322355,NA,"yes"
NA,"World",NA,NA,"Raw milk","Gross Production Value (constant 2014-2016 thousand US$)","1000 USD",1999,234555564,NA,"yes"
NA,"World",NA,NA,"Raw milk","Gross Production Value (constant 2014-2016 thousand US$)","1000 USD",2000,239546507,NA,"yes"
NA,"World",NA,NA,"Raw milk","Gross Production Value (constant 2014-2016 thousand US$)","1000 USD",2001,244021457,NA,"yes"
NA,"World",NA,NA,"Raw milk","Gross Production Value (constant 2014-2016 thousand US$)","1000 USD",2002,249773857,NA,"yes"
NA,"World",NA,NA,"Raw milk","Gross Production Value (constant 2014-2016 thousand US$)","1000 USD",2003,255590593,NA,"yes"
NA,"World",NA,NA,"Raw milk","Gross Production Value (constant 2014-2016 thousand US$)","1000 USD",2004,261729107,NA,"yes"
NA,"World",NA,NA,"Raw milk","Gross Production Value (constant 2014-2016 thousand US$)","1000 USD",2005,270818249,NA,"yes"
NA,"World",NA,NA,"Raw milk","Gross Production Value (constant 2014-2016 thousand US$)","1000 USD",2006,279123304,NA,"yes"
NA,"World",NA,NA,"Raw milk","Gross Production Value (constant 2014-2016 thousand US$)","1000 USD",2007,285054923,NA,"yes"
NA,"World",NA,NA,"Raw milk","Gross Production Value (constant 2014-2016 thousand US$)","1000 USD",2008,291637011,NA,"yes"
NA,"World",NA,NA,"Raw milk","Gross Production Value (constant 2014-2016 thousand US$)","1000 USD",2009,296682300,NA,"yes"
NA,"World",NA,NA,"Raw milk","Gross Production Value (constant 2014-2016 thousand US$)","1000 USD",2010,303730225,NA,"yes"
NA,"World",NA,NA,"Raw milk","Gross Production Value (constant 2014-2016 thousand US$)","1000 USD",2011,310754310,NA,"yes"
NA,"World",NA,NA,"Raw milk","Gross Production Value (constant 2014-2016 thousand US$)","1000 USD",2012,318517146,NA,"yes"
NA,"World",NA,NA,"Raw milk","Gross Production Value (constant 2014-2016 thousand US$)","1000 USD",2013,322781921,NA,"yes"
NA,"World",NA,NA,"Raw milk","Gross Production Value (constant 2014-2016 thousand US$)","1000 USD",2014,335160687,NA,"yes"
NA,"World",NA,NA,"Raw milk","Gross Production Value (constant 2014-2016 thousand US$)","1000 USD",2015,341718225,NA,"yes"
NA,"World",NA,NA,"Raw milk","Gross Production Value (constant 2014-2016 thousand US$)","1000 USD",2016,346456947,NA,"yes"
NA,"World",NA,NA,"Raw milk","Gross Production Value (constant 2014-2016 thousand US$)","1000 USD",2017,356536501,NA,"yes"
NA,"World",NA,NA,"Raw milk","Gross Production Value (constant 2014-2016 thousand US$)","1000 USD",2018,366324909,NA,"yes"
NA,"World",NA,NA,"Raw milk","Gross Production Value (constant 2014-2016 thousand US$)","1000 USD",2019,375238194,NA,"yes"
NA,"World",NA,NA,"Raw milk","Gross Production Value (constant 2014-2016 thousand US$)","1000 USD",2020,387225465,NA,"yes"
NA,"World",NA,NA,"Raw milk","Gross Production Value (constant 2014-2016 thousand US$)","1000 USD",2021,396441033,NA,"yes"
NA,"World",NA,NA,"Raw milk","Gross Production Value (constant 2014-2016 thousand US$)","1000 USD",2022,401697945,NA,"yes"
NA,"World",NA,NA,"Raw milk","Gross Production Value (constant 2014-2016 thousand US$)","1000 USD",2023,408443360,NA,"yes"
NA,"World",NA,NA,"Stimulant, spice and aromatic crops","Gross Production Value (constant 2014-2016 thousand I$)","1000 Int$",1992,44537178,NA,"yes"
NA,"World",NA,NA,"Stimulant, spice and aromatic crops","Gross Production Value (constant 2014-2016 thousand I$)","1000 Int$",1993,44633227,NA,"yes"
NA,"World",NA,NA,"Stimulant, spice and aromatic crops","Gross Production Value (constant 2014-2016 thousand I$)","1000 Int$",1994,44812990,NA,"yes"
NA,"World",NA,NA,"Stimulant, spice and aromatic crops","Gross Production Value (constant 2014-2016 thousand I$)","1000 Int$",1995,45323511,NA,"yes"
NA,"World",NA,NA,"Stimulant, spice and aromatic crops","Gross Production Value (constant 2014-2016 thousand I$)","1000 Int$",1996,48945851,NA,"yes"
NA,"World",NA,NA,"Stimulant, spice and aromatic crops","Gross Production Value (constant 2014-2016 thousand I$)","1000 Int$",1997,48931932,NA,"yes"
NA,"World",NA,NA,"Stimulant, spice and aromatic crops","Gross Production Value (constant 2014-2016 thousand I$)","1000 Int$",1998,53071186,NA,"yes"
NA,"World",NA,NA,"Stimulant, spice and aromatic crops","Gross Production Value (constant 2014-2016 thousand I$)","1000 Int$",1999,54241409,NA,"yes"
NA,"World",NA,NA,"Stimulant, spice and aromatic crops","Gross Production Value (constant 2014-2016 thousand I$)","1000 Int$",2000,55772006,NA,"yes"
NA,"World",NA,NA,"Stimulant, spice and aromatic crops","Gross Production Value (constant 2014-2016 thousand I$)","1000 Int$",2001,56855397,NA,"yes"
NA,"World",NA,NA,"Stimulant, spice and aromatic crops","Gross Production Value (constant 2014-2016 thousand I$)","1000 Int$",2002,58839442,NA,"yes"
NA,"World",NA,NA,"Stimulant, spice and aromatic crops","Gross Production Value (constant 2014-2016 thousand I$)","1000 Int$",2003,59242184,NA,"yes"
NA,"World",NA,NA,"Stimulant, spice and aromatic crops","Gross Production Value (constant 2014-2016 thousand I$)","1000 Int$",2004,63360242,NA,"yes"
NA,"World",NA,NA,"Stimulant, spice and aromatic crops","Gross Production Value (constant 2014-2016 thousand I$)","1000 Int$",2005,64223423,NA,"yes"
NA,"World",NA,NA,"Stimulant, spice and aromatic crops","Gross Production Value (constant 2014-2016 thousand I$)","1000 Int$",2006,66950753,NA,"yes"
NA,"World",NA,NA,"Stimulant, spice and aromatic crops","Gross Production Value (constant 2014-2016 thousand I$)","1000 Int$",2007,69482360,NA,"yes"
NA,"World",NA,NA,"Stimulant, spice and aromatic crops","Gross Production Value (constant 2014-2016 thousand I$)","1000 Int$",2008,71619878,NA,"yes"
NA,"World",NA,NA,"Stimulant, spice and aromatic crops","Gross Production Value (constant 2014-2016 thousand I$)","1000 Int$",2009,70678917,NA,"yes"
NA,"World",NA,NA,"Stimulant, spice and aromatic crops","Gross Production Value (constant 2014-2016 thousand I$)","1000 Int$",2010,76658289,NA,"yes"
NA,"World",NA,NA,"Stimulant, spice and aromatic crops","Gross Production Value (constant 2014-2016 thousand I$)","1000 Int$",2011,80122013,NA,"yes"
NA,"World",NA,NA,"Stimulant, spice and aromatic crops","Gross Production Value (constant 2014-2016 thousand I$)","1000 Int$",2012,82989771,NA,"yes"
NA,"World",NA,NA,"Stimulant, spice and aromatic crops","Gross Production Value (constant 2014-2016 thousand I$)","1000 Int$",2013,85974554,NA,"yes"
NA,"World",NA,NA,"Stimulant, spice and aromatic crops","Gross Production Value (constant 2014-2016 thousand I$)","1000 Int$",2014,88771214,NA,"yes"
NA,"World",NA,NA,"Stimulant, spice and aromatic crops","Gross Production Value (constant 2014-2016 thousand I$)","1000 Int$",2015,91583029,NA,"yes"
NA,"World",NA,NA,"Stimulant, spice and aromatic crops","Gross Production Value (constant 2014-2016 thousand I$)","1000 Int$",2016,95162366,NA,"yes"
NA,"World",NA,NA,"Stimulant, spice and aromatic crops","Gross Production Value (constant 2014-2016 thousand I$)","1000 Int$",2017,100856399,NA,"yes"
NA,"World",NA,NA,"Stimulant, spice and aromatic crops","Gross Production Value (constant 2014-2016 thousand I$)","1000 Int$",2018,107115769,NA,"yes"
NA,"World",NA,NA,"Stimulant, spice and aromatic crops","Gross Production Value (constant 2014-2016 thousand I$)","1000 Int$",2019,107962832,NA,"yes"
NA,"World",NA,NA,"Stimulant, spice and aromatic crops","Gross Production Value (constant 2014-2016 thousand I$)","1000 Int$",2020,114154799,NA,"yes"
NA,"World",NA,NA,"Stimulant, spice and aromatic crops","Gross Production Value (constant 2014-2016 thousand I$)","1000 Int$",2021,117329726,NA,"yes"
NA,"World",NA,NA,"Stimulant, spice and aromatic crops","Gross Production Value (constant 2014-2016 thousand I$)","1000 Int$",2022,118438506,NA,"yes"
NA,"World",NA,NA,"Stimulant, spice and aromatic crops","Gross Production Value (constant 2014-2016 thousand I$)","1000 Int$",2023,123458237,NA,"yes"
NA,"World",NA,NA,"Stimulant, spice and aromatic crops","Gross Production Value (constant 2014-2016 thousand US$)","1000 USD",1992,45970496,NA,"yes"
NA,"World",NA,NA,"Stimulant, spice and aromatic crops","Gross Production Value (constant 2014-2016 thousand US$)","1000 USD",1993,47074767,NA,"yes"
NA,"World",NA,NA,"Stimulant, spice and aromatic crops","Gross Production Value (constant 2014-2016 thousand US$)","1000 USD",1994,46726710,NA,"yes"
NA,"World",NA,NA,"Stimulant, spice and aromatic crops","Gross Production Value (constant 2014-2016 thousand US$)","1000 USD",1995,47313771,NA,"yes"
NA,"World",NA,NA,"Stimulant, spice and aromatic crops","Gross Production Value (constant 2014-2016 thousand US$)","1000 USD",1996,49581990,NA,"yes"
NA,"World",NA,NA,"Stimulant, spice and aromatic crops","Gross Production Value (constant 2014-2016 thousand US$)","1000 USD",1997,49003261,NA,"yes"
NA,"World",NA,NA,"Stimulant, spice and aromatic crops","Gross Production Value (constant 2014-2016 thousand US$)","1000 USD",1998,53322630,NA,"yes"
NA,"World",NA,NA,"Stimulant, spice and aromatic crops","Gross Production Value (constant 2014-2016 thousand US$)","1000 USD",1999,53926733,NA,"yes"
NA,"World",NA,NA,"Stimulant, spice and aromatic crops","Gross Production Value (constant 2014-2016 thousand US$)","1000 USD",2000,55956990,NA,"yes"
NA,"World",NA,NA,"Stimulant, spice and aromatic crops","Gross Production Value (constant 2014-2016 thousand US$)","1000 USD",2001,56837943,NA,"yes"
NA,"World",NA,NA,"Stimulant, spice and aromatic crops","Gross Production Value (constant 2014-2016 thousand US$)","1000 USD",2002,59254234,NA,"yes"
NA,"World",NA,NA,"Stimulant, spice and aromatic crops","Gross Production Value (constant 2014-2016 thousand US$)","1000 USD",2003,60394180,NA,"yes"
NA,"World",NA,NA,"Stimulant, spice and aromatic crops","Gross Production Value (constant 2014-2016 thousand US$)","1000 USD",2004,64756786,NA,"yes"
NA,"World",NA,NA,"Stimulant, spice and aromatic crops","Gross Production Value (constant 2014-2016 thousand US$)","1000 USD",2005,66759628,NA,"yes"
NA,"World",NA,NA,"Stimulant, spice and aromatic crops","Gross Production Value (constant 2014-2016 thousand US$)","1000 USD",2006,70071095,NA,"yes"
NA,"World",NA,NA,"Stimulant, spice and aromatic crops","Gross Production Value (constant 2014-2016 thousand US$)","1000 USD",2007,74296881,NA,"yes"
NA,"World",NA,NA,"Stimulant, spice and aromatic crops","Gross Production Value (constant 2014-2016 thousand US$)","1000 USD",2008,77990399,NA,"yes"
NA,"World",NA,NA,"Stimulant, spice and aromatic crops","Gross Production Value (constant 2014-2016 thousand US$)","1000 USD",2009,78128396,NA,"yes"
NA,"World",NA,NA,"Stimulant, spice and aromatic crops","Gross Production Value (constant 2014-2016 thousand US$)","1000 USD",2010,84675210,NA,"yes"
NA,"World",NA,NA,"Stimulant, spice and aromatic crops","Gross Production Value (constant 2014-2016 thousand US$)","1000 USD",2011,89279436,NA,"yes"
NA,"World",NA,NA,"Stimulant, spice and aromatic crops","Gross Production Value (constant 2014-2016 thousand US$)","1000 USD",2012,94605061,NA,"yes"
NA,"World",NA,NA,"Stimulant, spice and aromatic crops","Gross Production Value (constant 2014-2016 thousand US$)","1000 USD",2013,98671959,NA,"yes"
NA,"World",NA,NA,"Stimulant, spice and aromatic crops","Gross Production Value (constant 2014-2016 thousand US$)","1000 USD",2014,103840570,NA,"yes"
NA,"World",NA,NA,"Stimulant, spice and aromatic crops","Gross Production Value (constant 2014-2016 thousand US$)","1000 USD",2015,108493465,NA,"yes"
NA,"World",NA,NA,"Stimulant, spice and aromatic crops","Gross Production Value (constant 2014-2016 thousand US$)","1000 USD",2016,112884054,NA,"yes"
NA,"World",NA,NA,"Stimulant, spice and aromatic crops","Gross Production Value (constant 2014-2016 thousand US$)","1000 USD",2017,118900456,NA,"yes"
NA,"World",NA,NA,"Stimulant, spice and aromatic crops","Gross Production Value (constant 2014-2016 thousand US$)","1000 USD",2018,126951361,NA,"yes"
NA,"World",NA,NA,"Stimulant, spice and aromatic crops","Gross Production Value (constant 2014-2016 thousand US$)","1000 USD",2019,129408454,NA,"yes"
NA,"World",NA,NA,"Stimulant, spice and aromatic crops","Gross Production Value (constant 2014-2016 thousand US$)","1000 USD",2020,137024408,NA,"yes"
NA,"World",NA,NA,"Stimulant, spice and aromatic crops","Gross Production Value (constant 2014-2016 thousand US$)","1000 USD",2021,141804348,NA,"yes"
NA,"World",NA,NA,"Stimulant, spice and aromatic crops","Gross Production Value (constant 2014-2016 thousand US$)","1000 USD",2022,145708386,NA,"yes"
NA,"World",NA,NA,"Stimulant, spice and aromatic crops","Gross Production Value (constant 2014-2016 thousand US$)","1000 USD",2023,153321728,NA,"yes"
NA,"World",NA,NA,"Sugar crops","Gross Production Value (constant 2014-2016 thousand I$)","1000 Int$",1992,61134761,NA,"yes"
NA,"World",NA,NA,"Sugar crops","Gross Production Value (constant 2014-2016 thousand I$)","1000 Int$",1993,57204813,NA,"yes"
NA,"World",NA,NA,"Sugar crops","Gross Production Value (constant 2014-2016 thousand I$)","1000 Int$",1994,60519324,NA,"yes"
NA,"World",NA,NA,"Sugar crops","Gross Production Value (constant 2014-2016 thousand I$)","1000 Int$",1995,64522652,NA,"yes"
NA,"World",NA,NA,"Sugar crops","Gross Production Value (constant 2014-2016 thousand I$)","1000 Int$",1996,67098595,NA,"yes"
NA,"World",NA,NA,"Sugar crops","Gross Production Value (constant 2014-2016 thousand I$)","1000 Int$",1997,68495309,NA,"yes"
NA,"World",NA,NA,"Sugar crops","Gross Production Value (constant 2014-2016 thousand I$)","1000 Int$",1998,69067643,NA,"yes"
NA,"World",NA,NA,"Sugar crops","Gross Production Value (constant 2014-2016 thousand I$)","1000 Int$",1999,69781132,NA,"yes"
NA,"World",NA,NA,"Sugar crops","Gross Production Value (constant 2014-2016 thousand I$)","1000 Int$",2000,67981309,NA,"yes"
NA,"World",NA,NA,"Sugar crops","Gross Production Value (constant 2014-2016 thousand I$)","1000 Int$",2001,67227130,NA,"yes"
NA,"World",NA,NA,"Sugar crops","Gross Production Value (constant 2014-2016 thousand I$)","1000 Int$",2002,71709083,NA,"yes"
NA,"World",NA,NA,"Sugar crops","Gross Production Value (constant 2014-2016 thousand I$)","1000 Int$",2003,72460875,NA,"yes"
NA,"World",NA,NA,"Sugar crops","Gross Production Value (constant 2014-2016 thousand I$)","1000 Int$",2004,71616207,NA,"yes"
NA,"World",NA,NA,"Sugar crops","Gross Production Value (constant 2014-2016 thousand I$)","1000 Int$",2005,70621042,NA,"yes"
NA,"World",NA,NA,"Sugar crops","Gross Production Value (constant 2014-2016 thousand I$)","1000 Int$",2006,75620962,NA,"yes"
NA,"World",NA,NA,"Sugar crops","Gross Production Value (constant 2014-2016 thousand I$)","1000 Int$",2007,83584911,NA,"yes"
NA,"World",NA,NA,"Sugar crops","Gross Production Value (constant 2014-2016 thousand I$)","1000 Int$",2008,87380802,NA,"yes"
NA,"World",NA,NA,"Sugar crops","Gross Production Value (constant 2014-2016 thousand I$)","1000 Int$",2009,85744213,NA,"yes"
NA,"World",NA,NA,"Sugar crops","Gross Production Value (constant 2014-2016 thousand I$)","1000 Int$",2010,86017835,NA,"yes"
NA,"World",NA,NA,"Sugar crops","Gross Production Value (constant 2014-2016 thousand I$)","1000 Int$",2011,93514616,NA,"yes"
NA,"World",NA,NA,"Sugar crops","Gross Production Value (constant 2014-2016 thousand I$)","1000 Int$",2012,94763583,NA,"yes"
NA,"World",NA,NA,"Sugar crops","Gross Production Value (constant 2014-2016 thousand I$)","1000 Int$",2013,97050970,NA,"yes"
NA,"World",NA,NA,"Sugar crops","Gross Production Value (constant 2014-2016 thousand I$)","1000 Int$",2014,97404022,NA,"yes"
NA,"World",NA,NA,"Sugar crops","Gross Production Value (constant 2014-2016 thousand I$)","1000 Int$",2015,95222827,NA,"yes"
NA,"World",NA,NA,"Sugar crops","Gross Production Value (constant 2014-2016 thousand I$)","1000 Int$",2016,97383214,NA,"yes"
NA,"World",NA,NA,"Sugar crops","Gross Production Value (constant 2014-2016 thousand I$)","1000 Int$",2017,97067680,NA,"yes"
NA,"World",NA,NA,"Sugar crops","Gross Production Value (constant 2014-2016 thousand I$)","1000 Int$",2018,99519071,NA,"yes"
NA,"World",NA,NA,"Sugar crops","Gross Production Value (constant 2014-2016 thousand I$)","1000 Int$",2019,101062676,NA,"yes"
NA,"World",NA,NA,"Sugar crops","Gross Production Value (constant 2014-2016 thousand I$)","1000 Int$",2020,96081484,NA,"yes"
NA,"World",NA,NA,"Sugar crops","Gross Production Value (constant 2014-2016 thousand I$)","1000 Int$",2021,96226594,NA,"yes"
NA,"World",NA,NA,"Sugar crops","Gross Production Value (constant 2014-2016 thousand I$)","1000 Int$",2022,98614549,NA,"yes"
NA,"World",NA,NA,"Sugar crops","Gross Production Value (constant 2014-2016 thousand I$)","1000 Int$",2023,104139348,NA,"yes"
NA,"World",NA,NA,"Sugar crops","Gross Production Value (constant 2014-2016 thousand US$)","1000 USD",1992,63385550,NA,"yes"
NA,"World",NA,NA,"Sugar crops","Gross Production Value (constant 2014-2016 thousand US$)","1000 USD",1993,59323056,NA,"yes"
NA,"World",NA,NA,"Sugar crops","Gross Production Value (constant 2014-2016 thousand US$)","1000 USD",1994,62149748,NA,"yes"
NA,"World",NA,NA,"Sugar crops","Gross Production Value (constant 2014-2016 thousand US$)","1000 USD",1995,65976974,NA,"yes"
NA,"World",NA,NA,"Sugar crops","Gross Production Value (constant 2014-2016 thousand US$)","1000 USD",1996,68053322,NA,"yes"
NA,"World",NA,NA,"Sugar crops","Gross Production Value (constant 2014-2016 thousand US$)","1000 USD",1997,72809003,NA,"yes"
NA,"World",NA,NA,"Sugar crops","Gross Production Value (constant 2014-2016 thousand US$)","1000 USD",1998,74714795,NA,"yes"
NA,"World",NA,NA,"Sugar crops","Gross Production Value (constant 2014-2016 thousand US$)","1000 USD",1999,72308604,NA,"yes"
NA,"World",NA,NA,"Sugar crops","Gross Production Value (constant 2014-2016 thousand US$)","1000 USD",2000,69067901,NA,"yes"
NA,"World",NA,NA,"Sugar crops","Gross Production Value (constant 2014-2016 thousand US$)","1000 USD",2001,70491145,NA,"yes"
NA,"World",NA,NA,"Sugar crops","Gross Production Value (constant 2014-2016 thousand US$)","1000 USD",2002,77886441,NA,"yes"
NA,"World",NA,NA,"Sugar crops","Gross Production Value (constant 2014-2016 thousand US$)","1000 USD",2003,78338897,NA,"yes"
NA,"World",NA,NA,"Sugar crops","Gross Production Value (constant 2014-2016 thousand US$)","1000 USD",2004,77765438,NA,"yes"
NA,"World",NA,NA,"Sugar crops","Gross Production Value (constant 2014-2016 thousand US$)","1000 USD",2005,76142599,NA,"yes"
NA,"World",NA,NA,"Sugar crops","Gross Production Value (constant 2014-2016 thousand US$)","1000 USD",2006,82341459,NA,"yes"
NA,"World",NA,NA,"Sugar crops","Gross Production Value (constant 2014-2016 thousand US$)","1000 USD",2007,91004579,NA,"yes"
NA,"World",NA,NA,"Sugar crops","Gross Production Value (constant 2014-2016 thousand US$)","1000 USD",2008,94719047,NA,"yes"
NA,"World",NA,NA,"Sugar crops","Gross Production Value (constant 2014-2016 thousand US$)","1000 USD",2009,90971786,NA,"yes"
NA,"World",NA,NA,"Sugar crops","Gross Production Value (constant 2014-2016 thousand US$)","1000 USD",2010,90632075,NA,"yes"
NA,"World",NA,NA,"Sugar crops","Gross Production Value (constant 2014-2016 thousand US$)","1000 USD",2011,97697775,NA,"yes"
NA,"World",NA,NA,"Sugar crops","Gross Production Value (constant 2014-2016 thousand US$)","1000 USD",2012,101868254,NA,"yes"
NA,"World",NA,NA,"Sugar crops","Gross Production Value (constant 2014-2016 thousand US$)","1000 USD",2013,105691705,NA,"yes"
NA,"World",NA,NA,"Sugar crops","Gross Production Value (constant 2014-2016 thousand US$)","1000 USD",2014,107496991,NA,"yes"
NA,"World",NA,NA,"Sugar crops","Gross Production Value (constant 2014-2016 thousand US$)","1000 USD",2015,96793752,NA,"yes"
NA,"World",NA,NA,"Sugar crops","Gross Production Value (constant 2014-2016 thousand US$)","1000 USD",2016,97570488,NA,"yes"
NA,"World",NA,NA,"Sugar crops","Gross Production Value (constant 2014-2016 thousand US$)","1000 USD",2017,100413191,NA,"yes"
NA,"World",NA,NA,"Sugar crops","Gross Production Value (constant 2014-2016 thousand US$)","1000 USD",2018,102031967,NA,"yes"
NA,"World",NA,NA,"Sugar crops","Gross Production Value (constant 2014-2016 thousand US$)","1000 USD",2019,102731723,NA,"yes"
NA,"World",NA,NA,"Sugar crops","Gross Production Value (constant 2014-2016 thousand US$)","1000 USD",2020,100255398,NA,"yes"
NA,"World",NA,NA,"Sugar crops","Gross Production Value (constant 2014-2016 thousand US$)","1000 USD",2021,100587924,NA,"yes"
NA,"World",NA,NA,"Sugar crops","Gross Production Value (constant 2014-2016 thousand US$)","1000 USD",2022,100220750,NA,"yes"
NA,"World",NA,NA,"Sugar crops","Gross Production Value (constant 2014-2016 thousand US$)","1000 USD",2023,104144305,NA,"yes"
NA,"World",NA,NA,"Vegetables","Gross Production Value (constant 2014-2016 thousand I$)","1000 Int$",1992,176847927,NA,"yes"
NA,"World",NA,NA,"Vegetables","Gross Production Value (constant 2014-2016 thousand I$)","1000 Int$",1993,189007181,NA,"yes"
NA,"World",NA,NA,"Vegetables","Gross Production Value (constant 2014-2016 thousand I$)","1000 Int$",1994,203194070,NA,"yes"
NA,"World",NA,NA,"Vegetables","Gross Production Value (constant 2014-2016 thousand I$)","1000 Int$",1995,214434996,NA,"yes"
NA,"World",NA,NA,"Vegetables","Gross Production Value (constant 2014-2016 thousand I$)","1000 Int$",1996,228645965,NA,"yes"
NA,"World",NA,NA,"Vegetables","Gross Production Value (constant 2014-2016 thousand I$)","1000 Int$",1997,234411029,NA,"yes"
NA,"World",NA,NA,"Vegetables","Gross Production Value (constant 2014-2016 thousand I$)","1000 Int$",1998,244673750,NA,"yes"
NA,"World",NA,NA,"Vegetables","Gross Production Value (constant 2014-2016 thousand I$)","1000 Int$",1999,265317374,NA,"yes"
NA,"World",NA,NA,"Vegetables","Gross Production Value (constant 2014-2016 thousand I$)","1000 Int$",2000,293064975,NA,"yes"
NA,"World",NA,NA,"Vegetables","Gross Production Value (constant 2014-2016 thousand I$)","1000 Int$",2001,302228522,NA,"yes"
NA,"World",NA,NA,"Vegetables","Gross Production Value (constant 2014-2016 thousand I$)","1000 Int$",2002,315803209,NA,"yes"
NA,"World",NA,NA,"Vegetables","Gross Production Value (constant 2014-2016 thousand I$)","1000 Int$",2003,329232364,NA,"yes"
NA,"World",NA,NA,"Vegetables","Gross Production Value (constant 2014-2016 thousand I$)","1000 Int$",2004,337087011,NA,"yes"
NA,"World",NA,NA,"Vegetables","Gross Production Value (constant 2014-2016 thousand I$)","1000 Int$",2005,347805693,NA,"yes"
NA,"World",NA,NA,"Vegetables","Gross Production Value (constant 2014-2016 thousand I$)","1000 Int$",2006,361988870,NA,"yes"
NA,"World",NA,NA,"Vegetables","Gross Production Value (constant 2014-2016 thousand I$)","1000 Int$",2007,378050886,NA,"yes"
NA,"World",NA,NA,"Vegetables","Gross Production Value (constant 2014-2016 thousand I$)","1000 Int$",2008,393444971,NA,"yes"
NA,"World",NA,NA,"Vegetables","Gross Production Value (constant 2014-2016 thousand I$)","1000 Int$",2009,407214828,NA,"yes"
NA,"World",NA,NA,"Vegetables","Gross Production Value (constant 2014-2016 thousand I$)","1000 Int$",2010,417606410,NA,"yes"
NA,"World",NA,NA,"Vegetables","Gross Production Value (constant 2014-2016 thousand I$)","1000 Int$",2011,435230190,NA,"yes"
NA,"World",NA,NA,"Vegetables","Gross Production Value (constant 2014-2016 thousand I$)","1000 Int$",2012,448208179,NA,"yes"
NA,"World",NA,NA,"Vegetables","Gross Production Value (constant 2014-2016 thousand I$)","1000 Int$",2013,458482931,NA,"yes"
NA,"World",NA,NA,"Vegetables","Gross Production Value (constant 2014-2016 thousand I$)","1000 Int$",2014,473527337,NA,"yes"
NA,"World",NA,NA,"Vegetables","Gross Production Value (constant 2014-2016 thousand I$)","1000 Int$",2015,486346313,NA,"yes"
NA,"World",NA,NA,"Vegetables","Gross Production Value (constant 2014-2016 thousand I$)","1000 Int$",2016,488511499,NA,"yes"
NA,"World",NA,NA,"Vegetables","Gross Production Value (constant 2014-2016 thousand I$)","1000 Int$",2017,496220589,NA,"yes"
NA,"World",NA,NA,"Vegetables","Gross Production Value (constant 2014-2016 thousand I$)","1000 Int$",2018,498791014,NA,"yes"
NA,"World",NA,NA,"Vegetables","Gross Production Value (constant 2014-2016 thousand I$)","1000 Int$",2019,506807068,NA,"yes"
NA,"World",NA,NA,"Vegetables","Gross Production Value (constant 2014-2016 thousand I$)","1000 Int$",2020,515724097,NA,"yes"
NA,"World",NA,NA,"Vegetables","Gross Production Value (constant 2014-2016 thousand I$)","1000 Int$",2021,523847061,NA,"yes"
NA,"World",NA,NA,"Vegetables","Gross Production Value (constant 2014-2016 thousand I$)","1000 Int$",2022,531090986,NA,"yes"
NA,"World",NA,NA,"Vegetables","Gross Production Value (constant 2014-2016 thousand I$)","1000 Int$",2023,539262519,NA,"yes"
NA,"World",NA,NA,"Vegetables","Gross Production Value (constant 2014-2016 thousand US$)","1000 USD",1992,229853755,NA,"yes"
NA,"World",NA,NA,"Vegetables","Gross Production Value (constant 2014-2016 thousand US$)","1000 USD",1993,245531458,NA,"yes"
NA,"World",NA,NA,"Vegetables","Gross Production Value (constant 2014-2016 thousand US$)","1000 USD",1994,261990820,NA,"yes"
NA,"World",NA,NA,"Vegetables","Gross Production Value (constant 2014-2016 thousand US$)","1000 USD",1995,274997007,NA,"yes"
NA,"World",NA,NA,"Vegetables","Gross Production Value (constant 2014-2016 thousand US$)","1000 USD",1996,293114510,NA,"yes"
NA,"World",NA,NA,"Vegetables","Gross Production Value (constant 2014-2016 thousand US$)","1000 USD",1997,299108497,NA,"yes"
NA,"World",NA,NA,"Vegetables","Gross Production Value (constant 2014-2016 thousand US$)","1000 USD",1998,306424700,NA,"yes"
NA,"World",NA,NA,"Vegetables","Gross Production Value (constant 2014-2016 thousand US$)","1000 USD",1999,336133192,NA,"yes"
NA,"World",NA,NA,"Vegetables","Gross Production Value (constant 2014-2016 thousand US$)","1000 USD",2000,367408764,NA,"yes"
NA,"World",NA,NA,"Vegetables","Gross Production Value (constant 2014-2016 thousand US$)","1000 USD",2001,376696480,NA,"yes"
NA,"World",NA,NA,"Vegetables","Gross Production Value (constant 2014-2016 thousand US$)","1000 USD",2002,391228237,NA,"yes"
NA,"World",NA,NA,"Vegetables","Gross Production Value (constant 2014-2016 thousand US$)","1000 USD",2003,403665057,NA,"yes"
NA,"World",NA,NA,"Vegetables","Gross Production Value (constant 2014-2016 thousand US$)","1000 USD",2004,413749159,NA,"yes"
NA,"World",NA,NA,"Vegetables","Gross Production Value (constant 2014-2016 thousand US$)","1000 USD",2005,422700688,NA,"yes"
NA,"World",NA,NA,"Vegetables","Gross Production Value (constant 2014-2016 thousand US$)","1000 USD",2006,436288405,NA,"yes"
NA,"World",NA,NA,"Vegetables","Gross Production Value (constant 2014-2016 thousand US$)","1000 USD",2007,454787526,NA,"yes"
NA,"World",NA,NA,"Vegetables","Gross Production Value (constant 2014-2016 thousand US$)","1000 USD",2008,472815198,NA,"yes"
NA,"World",NA,NA,"Vegetables","Gross Production Value (constant 2014-2016 thousand US$)","1000 USD",2009,487031662,NA,"yes"
NA,"World",NA,NA,"Vegetables","Gross Production Value (constant 2014-2016 thousand US$)","1000 USD",2010,494987575,NA,"yes"
NA,"World",NA,NA,"Vegetables","Gross Production Value (constant 2014-2016 thousand US$)","1000 USD",2011,512123478,NA,"yes"
NA,"World",NA,NA,"Vegetables","Gross Production Value (constant 2014-2016 thousand US$)","1000 USD",2012,525475317,NA,"yes"
NA,"World",NA,NA,"Vegetables","Gross Production Value (constant 2014-2016 thousand US$)","1000 USD",2013,534877265,NA,"yes"
NA,"World",NA,NA,"Vegetables","Gross Production Value (constant 2014-2016 thousand US$)","1000 USD",2014,551273521,NA,"yes"
NA,"World",NA,NA,"Vegetables","Gross Production Value (constant 2014-2016 thousand US$)","1000 USD",2015,565143899,NA,"yes"
NA,"World",NA,NA,"Vegetables","Gross Production Value (constant 2014-2016 thousand US$)","1000 USD",2016,564342473,NA,"yes"
NA,"World",NA,NA,"Vegetables","Gross Production Value (constant 2014-2016 thousand US$)","1000 USD",2017,572962703,NA,"yes"
NA,"World",NA,NA,"Vegetables","Gross Production Value (constant 2014-2016 thousand US$)","1000 USD",2018,578000287,NA,"yes"
NA,"World",NA,NA,"Vegetables","Gross Production Value (constant 2014-2016 thousand US$)","1000 USD",2019,587829784,NA,"yes"
NA,"World",NA,NA,"Vegetables","Gross Production Value (constant 2014-2016 thousand US$)","1000 USD",2020,597396786,NA,"yes"
NA,"World",NA,NA,"Vegetables","Gross Production Value (constant 2014-2016 thousand US$)","1000 USD",2021,606837194,NA,"yes"
NA,"World",NA,NA,"Vegetables","Gross Production Value (constant 2014-2016 thousand US$)","1000 USD",2022,610687925,NA,"yes"
NA,"World",NA,NA,"Vegetables","Gross Production Value (constant 2014-2016 thousand US$)","1000 USD",2023,619503280,NA,"yes"
NA,"World",NA,NA,"Forage products; fibre crops; plants used in perfumery, pharmacy, or for insecticidal, fungicidal or similar purposes; beet, forage plant and flower seeds; natural rubber; living plants, cut flowers and flower buds; unmanufactured tobacco; other raw vegetable materials","Gross Production Value (constant 2014-2016 thousand I$)","1000 Int$",1992,96604,"Abaca, manila hemp","no"
NA,"World",NA,NA,"Forage products; fibre crops; plants used in perfumery, pharmacy, or for insecticidal, fungicidal or similar purposes; beet, forage plant and flower seeds; natural rubber; living plants, cut flowers and flower buds; unmanufactured tobacco; other raw vegetable materials","Gross Production Value (constant 2014-2016 thousand I$)","1000 Int$",1993,92568,"Abaca, manila hemp","no"
NA,"World",NA,NA,"Forage products; fibre crops; plants used in perfumery, pharmacy, or for insecticidal, fungicidal or similar purposes; beet, forage plant and flower seeds; natural rubber; living plants, cut flowers and flower buds; unmanufactured tobacco; other raw vegetable materials","Gross Production Value (constant 2014-2016 thousand I$)","1000 Int$",1994,95331,"Abaca, manila hemp","no"
NA,"World",NA,NA,"Forage products; fibre crops; plants used in perfumery, pharmacy, or for insecticidal, fungicidal or similar purposes; beet, forage plant and flower seeds; natural rubber; living plants, cut flowers and flower buds; unmanufactured tobacco; other raw vegetable materials","Gross Production Value (constant 2014-2016 thousand I$)","1000 Int$",1995,96270,"Abaca, manila hemp","no"
NA,"World",NA,NA,"Forage products; fibre crops; plants used in perfumery, pharmacy, or for insecticidal, fungicidal or similar purposes; beet, forage plant and flower seeds; natural rubber; living plants, cut flowers and flower buds; unmanufactured tobacco; other raw vegetable materials","Gross Production Value (constant 2014-2016 thousand I$)","1000 Int$",1996,106914,"Abaca, manila hemp","no"
NA,"World",NA,NA,"Forage products; fibre crops; plants used in perfumery, pharmacy, or for insecticidal, fungicidal or similar purposes; beet, forage plant and flower seeds; natural rubber; living plants, cut flowers and flower buds; unmanufactured tobacco; other raw vegetable materials","Gross Production Value (constant 2014-2016 thousand I$)","1000 Int$",1997,104892,"Abaca, manila hemp","no"
NA,"World",NA,NA,"Forage products; fibre crops; plants used in perfumery, pharmacy, or for insecticidal, fungicidal or similar purposes; beet, forage plant and flower seeds; natural rubber; living plants, cut flowers and flower buds; unmanufactured tobacco; other raw vegetable materials","Gross Production Value (constant 2014-2016 thousand I$)","1000 Int$",1998,110264,"Abaca, manila hemp","no"
NA,"World",NA,NA,"Forage products; fibre crops; plants used in perfumery, pharmacy, or for insecticidal, fungicidal or similar purposes; beet, forage plant and flower seeds; natural rubber; living plants, cut flowers and flower buds; unmanufactured tobacco; other raw vegetable materials","Gross Production Value (constant 2014-2016 thousand I$)","1000 Int$",1999,112961,"Abaca, manila hemp","no"
NA,"World",NA,NA,"Forage products; fibre crops; plants used in perfumery, pharmacy, or for insecticidal, fungicidal or similar purposes; beet, forage plant and flower seeds; natural rubber; living plants, cut flowers and flower buds; unmanufactured tobacco; other raw vegetable materials","Gross Production Value (constant 2014-2016 thousand I$)","1000 Int$",2000,108210,"Abaca, manila hemp","no"
NA,"World",NA,NA,"Forage products; fibre crops; plants used in perfumery, pharmacy, or for insecticidal, fungicidal or similar purposes; beet, forage plant and flower seeds; natural rubber; living plants, cut flowers and flower buds; unmanufactured tobacco; other raw vegetable materials","Gross Production Value (constant 2014-2016 thousand I$)","1000 Int$",2001,113180,"Abaca, manila hemp","no"
NA,"World",NA,NA,"Forage products; fibre crops; plants used in perfumery, pharmacy, or for insecticidal, fungicidal or similar purposes; beet, forage plant and flower seeds; natural rubber; living plants, cut flowers and flower buds; unmanufactured tobacco; other raw vegetable materials","Gross Production Value (constant 2014-2016 thousand I$)","1000 Int$",2002,103167,"Abaca, manila hemp","no"
NA,"World",NA,NA,"Forage products; fibre crops; plants used in perfumery, pharmacy, or for insecticidal, fungicidal or similar purposes; beet, forage plant and flower seeds; natural rubber; living plants, cut flowers and flower buds; unmanufactured tobacco; other raw vegetable materials","Gross Production Value (constant 2014-2016 thousand I$)","1000 Int$",2003,113037,"Abaca, manila hemp","no"
NA,"World",NA,NA,"Forage products; fibre crops; plants used in perfumery, pharmacy, or for insecticidal, fungicidal or similar purposes; beet, forage plant and flower seeds; natural rubber; living plants, cut flowers and flower buds; unmanufactured tobacco; other raw vegetable materials","Gross Production Value (constant 2014-2016 thousand I$)","1000 Int$",2004,121360,"Abaca, manila hemp","no"
NA,"World",NA,NA,"Forage products; fibre crops; plants used in perfumery, pharmacy, or for insecticidal, fungicidal or similar purposes; beet, forage plant and flower seeds; natural rubber; living plants, cut flowers and flower buds; unmanufactured tobacco; other raw vegetable materials","Gross Production Value (constant 2014-2016 thousand I$)","1000 Int$",2005,119133,"Abaca, manila hemp","no"
NA,"World",NA,NA,"Forage products; fibre crops; plants used in perfumery, pharmacy, or for insecticidal, fungicidal or similar purposes; beet, forage plant and flower seeds; natural rubber; living plants, cut flowers and flower buds; unmanufactured tobacco; other raw vegetable materials","Gross Production Value (constant 2014-2016 thousand I$)","1000 Int$",2006,113043,"Abaca, manila hemp","no"
NA,"World",NA,NA,"Forage products; fibre crops; plants used in perfumery, pharmacy, or for insecticidal, fungicidal or similar purposes; beet, forage plant and flower seeds; natural rubber; living plants, cut flowers and flower buds; unmanufactured tobacco; other raw vegetable materials","Gross Production Value (constant 2014-2016 thousand I$)","1000 Int$",2007,113694,"Abaca, manila hemp","no"
NA,"World",NA,NA,"Forage products; fibre crops; plants used in perfumery, pharmacy, or for insecticidal, fungicidal or similar purposes; beet, forage plant and flower seeds; natural rubber; living plants, cut flowers and flower buds; unmanufactured tobacco; other raw vegetable materials","Gross Production Value (constant 2014-2016 thousand I$)","1000 Int$",2008,115836,"Abaca, manila hemp","no"
NA,"World",NA,NA,"Forage products; fibre crops; plants used in perfumery, pharmacy, or for insecticidal, fungicidal or similar purposes; beet, forage plant and flower seeds; natural rubber; living plants, cut flowers and flower buds; unmanufactured tobacco; other raw vegetable materials","Gross Production Value (constant 2014-2016 thousand I$)","1000 Int$",2009,113258,"Abaca, manila hemp","no"
NA,"World",NA,NA,"Forage products; fibre crops; plants used in perfumery, pharmacy, or for insecticidal, fungicidal or similar purposes; beet, forage plant and flower seeds; natural rubber; living plants, cut flowers and flower buds; unmanufactured tobacco; other raw vegetable materials","Gross Production Value (constant 2014-2016 thousand I$)","1000 Int$",2010,114984,"Abaca, manila hemp","no"
NA,"World",NA,NA,"Forage products; fibre crops; plants used in perfumery, pharmacy, or for insecticidal, fungicidal or similar purposes; beet, forage plant and flower seeds; natural rubber; living plants, cut flowers and flower buds; unmanufactured tobacco; other raw vegetable materials","Gross Production Value (constant 2014-2016 thousand I$)","1000 Int$",2011,118404,"Abaca, manila hemp","no"
NA,"World",NA,NA,"Forage products; fibre crops; plants used in perfumery, pharmacy, or for insecticidal, fungicidal or similar purposes; beet, forage plant and flower seeds; natural rubber; living plants, cut flowers and flower buds; unmanufactured tobacco; other raw vegetable materials","Gross Production Value (constant 2014-2016 thousand I$)","1000 Int$",2012,118537,"Abaca, manila hemp","no"
NA,"World",NA,NA,"Forage products; fibre crops; plants used in perfumery, pharmacy, or for insecticidal, fungicidal or similar purposes; beet, forage plant and flower seeds; natural rubber; living plants, cut flowers and flower buds; unmanufactured tobacco; other raw vegetable materials","Gross Production Value (constant 2014-2016 thousand I$)","1000 Int$",2013,115458,"Abaca, manila hemp","no"
NA,"World",NA,NA,"Forage products; fibre crops; plants used in perfumery, pharmacy, or for insecticidal, fungicidal or similar purposes; beet, forage plant and flower seeds; natural rubber; living plants, cut flowers and flower buds; unmanufactured tobacco; other raw vegetable materials","Gross Production Value (constant 2014-2016 thousand I$)","1000 Int$",2014,120402,"Abaca, manila hemp","no"
NA,"World",NA,NA,"Forage products; fibre crops; plants used in perfumery, pharmacy, or for insecticidal, fungicidal or similar purposes; beet, forage plant and flower seeds; natural rubber; living plants, cut flowers and flower buds; unmanufactured tobacco; other raw vegetable materials","Gross Production Value (constant 2014-2016 thousand I$)","1000 Int$",2015,122580,"Abaca, manila hemp","no"
NA,"World",NA,NA,"Forage products; fibre crops; plants used in perfumery, pharmacy, or for insecticidal, fungicidal or similar purposes; beet, forage plant and flower seeds; natural rubber; living plants, cut flowers and flower buds; unmanufactured tobacco; other raw vegetable materials","Gross Production Value (constant 2014-2016 thousand I$)","1000 Int$",2016,121364,"Abaca, manila hemp","no"
NA,"World",NA,NA,"Forage products; fibre crops; plants used in perfumery, pharmacy, or for insecticidal, fungicidal or similar purposes; beet, forage plant and flower seeds; natural rubber; living plants, cut flowers and flower buds; unmanufactured tobacco; other raw vegetable materials","Gross Production Value (constant 2014-2016 thousand I$)","1000 Int$",2017,122873,"Abaca, manila hemp","no"
NA,"World",NA,NA,"Forage products; fibre crops; plants used in perfumery, pharmacy, or for insecticidal, fungicidal or similar purposes; beet, forage plant and flower seeds; natural rubber; living plants, cut flowers and flower buds; unmanufactured tobacco; other raw vegetable materials","Gross Production Value (constant 2014-2016 thousand I$)","1000 Int$",2018,122168,"Abaca, manila hemp","no"
NA,"World",NA,NA,"Forage products; fibre crops; plants used in perfumery, pharmacy, or for insecticidal, fungicidal or similar purposes; beet, forage plant and flower seeds; natural rubber; living plants, cut flowers and flower buds; unmanufactured tobacco; other raw vegetable materials","Gross Production Value (constant 2014-2016 thousand I$)","1000 Int$",2019,123879,"Abaca, manila hemp","no"
NA,"World",NA,NA,"Forage products; fibre crops; plants used in perfumery, pharmacy, or for insecticidal, fungicidal or similar purposes; beet, forage plant and flower seeds; natural rubber; living plants, cut flowers and flower buds; unmanufactured tobacco; other raw vegetable materials","Gross Production Value (constant 2014-2016 thousand I$)","1000 Int$",2020,122807,"Abaca, manila hemp","no"
NA,"World",NA,NA,"Forage products; fibre crops; plants used in perfumery, pharmacy, or for insecticidal, fungicidal or similar purposes; beet, forage plant and flower seeds; natural rubber; living plants, cut flowers and flower buds; unmanufactured tobacco; other raw vegetable materials","Gross Production Value (constant 2014-2016 thousand I$)","1000 Int$",2021,122638,"Abaca, manila hemp","no"
NA,"World",NA,NA,"Forage products; fibre crops; plants used in perfumery, pharmacy, or for insecticidal, fungicidal or similar purposes; beet, forage plant and flower seeds; natural rubber; living plants, cut flowers and flower buds; unmanufactured tobacco; other raw vegetable materials","Gross Production Value (constant 2014-2016 thousand I$)","1000 Int$",2022,122897,"Abaca, manila hemp","no"
NA,"World",NA,NA,"Forage products; fibre crops; plants used in perfumery, pharmacy, or for insecticidal, fungicidal or similar purposes; beet, forage plant and flower seeds; natural rubber; living plants, cut flowers and flower buds; unmanufactured tobacco; other raw vegetable materials","Gross Production Value (constant 2014-2016 thousand I$)","1000 Int$",2023,122667,"Abaca, manila hemp","no"
NA,"World",NA,NA,"Forage products; fibre crops; plants used in perfumery, pharmacy, or for insecticidal, fungicidal or similar purposes; beet, forage plant and flower seeds; natural rubber; living plants, cut flowers and flower buds; unmanufactured tobacco; other raw vegetable materials","Gross Production Value (constant 2014-2016 thousand US$)","1000 USD",1992,102644,"Abaca, manila hemp","no"
NA,"World",NA,NA,"Forage products; fibre crops; plants used in perfumery, pharmacy, or for insecticidal, fungicidal or similar purposes; beet, forage plant and flower seeds; natural rubber; living plants, cut flowers and flower buds; unmanufactured tobacco; other raw vegetable materials","Gross Production Value (constant 2014-2016 thousand US$)","1000 USD",1993,98652,"Abaca, manila hemp","no"
NA,"World",NA,NA,"Forage products; fibre crops; plants used in perfumery, pharmacy, or for insecticidal, fungicidal or similar purposes; beet, forage plant and flower seeds; natural rubber; living plants, cut flowers and flower buds; unmanufactured tobacco; other raw vegetable materials","Gross Production Value (constant 2014-2016 thousand US$)","1000 USD",1994,98470,"Abaca, manila hemp","no"
NA,"World",NA,NA,"Forage products; fibre crops; plants used in perfumery, pharmacy, or for insecticidal, fungicidal or similar purposes; beet, forage plant and flower seeds; natural rubber; living plants, cut flowers and flower buds; unmanufactured tobacco; other raw vegetable materials","Gross Production Value (constant 2014-2016 thousand US$)","1000 USD",1995,100773,"Abaca, manila hemp","no"
NA,"World",NA,NA,"Forage products; fibre crops; plants used in perfumery, pharmacy, or for insecticidal, fungicidal or similar purposes; beet, forage plant and flower seeds; natural rubber; living plants, cut flowers and flower buds; unmanufactured tobacco; other raw vegetable materials","Gross Production Value (constant 2014-2016 thousand US$)","1000 USD",1996,113207,"Abaca, manila hemp","no"
NA,"World",NA,NA,"Forage products; fibre crops; plants used in perfumery, pharmacy, or for insecticidal, fungicidal or similar purposes; beet, forage plant and flower seeds; natural rubber; living plants, cut flowers and flower buds; unmanufactured tobacco; other raw vegetable materials","Gross Production Value (constant 2014-2016 thousand US$)","1000 USD",1997,112118,"Abaca, manila hemp","no"
NA,"World",NA,NA,"Forage products; fibre crops; plants used in perfumery, pharmacy, or for insecticidal, fungicidal or similar purposes; beet, forage plant and flower seeds; natural rubber; living plants, cut flowers and flower buds; unmanufactured tobacco; other raw vegetable materials","Gross Production Value (constant 2014-2016 thousand US$)","1000 USD",1998,117751,"Abaca, manila hemp","no"
NA,"World",NA,NA,"Forage products; fibre crops; plants used in perfumery, pharmacy, or for insecticidal, fungicidal or similar purposes; beet, forage plant and flower seeds; natural rubber; living plants, cut flowers and flower buds; unmanufactured tobacco; other raw vegetable materials","Gross Production Value (constant 2014-2016 thousand US$)","1000 USD",1999,120649,"Abaca, manila hemp","no"
NA,"World",NA,NA,"Forage products; fibre crops; plants used in perfumery, pharmacy, or for insecticidal, fungicidal or similar purposes; beet, forage plant and flower seeds; natural rubber; living plants, cut flowers and flower buds; unmanufactured tobacco; other raw vegetable materials","Gross Production Value (constant 2014-2016 thousand US$)","1000 USD",2000,111304,"Abaca, manila hemp","no"
NA,"World",NA,NA,"Forage products; fibre crops; plants used in perfumery, pharmacy, or for insecticidal, fungicidal or similar purposes; beet, forage plant and flower seeds; natural rubber; living plants, cut flowers and flower buds; unmanufactured tobacco; other raw vegetable materials","Gross Production Value (constant 2014-2016 thousand US$)","1000 USD",2001,121192,"Abaca, manila hemp","no"
NA,"World",NA,NA,"Forage products; fibre crops; plants used in perfumery, pharmacy, or for insecticidal, fungicidal or similar purposes; beet, forage plant and flower seeds; natural rubber; living plants, cut flowers and flower buds; unmanufactured tobacco; other raw vegetable materials","Gross Production Value (constant 2014-2016 thousand US$)","1000 USD",2002,112210,"Abaca, manila hemp","no"
NA,"World",NA,NA,"Forage products; fibre crops; plants used in perfumery, pharmacy, or for insecticidal, fungicidal or similar purposes; beet, forage plant and flower seeds; natural rubber; living plants, cut flowers and flower buds; unmanufactured tobacco; other raw vegetable materials","Gross Production Value (constant 2014-2016 thousand US$)","1000 USD",2003,122844,"Abaca, manila hemp","no"
NA,"World",NA,NA,"Forage products; fibre crops; plants used in perfumery, pharmacy, or for insecticidal, fungicidal or similar purposes; beet, forage plant and flower seeds; natural rubber; living plants, cut flowers and flower buds; unmanufactured tobacco; other raw vegetable materials","Gross Production Value (constant 2014-2016 thousand US$)","1000 USD",2004,132238,"Abaca, manila hemp","no"
NA,"World",NA,NA,"Forage products; fibre crops; plants used in perfumery, pharmacy, or for insecticidal, fungicidal or similar purposes; beet, forage plant and flower seeds; natural rubber; living plants, cut flowers and flower buds; unmanufactured tobacco; other raw vegetable materials","Gross Production Value (constant 2014-2016 thousand US$)","1000 USD",2005,129311,"Abaca, manila hemp","no"
NA,"World",NA,NA,"Forage products; fibre crops; plants used in perfumery, pharmacy, or for insecticidal, fungicidal or similar purposes; beet, forage plant and flower seeds; natural rubber; living plants, cut flowers and flower buds; unmanufactured tobacco; other raw vegetable materials","Gross Production Value (constant 2014-2016 thousand US$)","1000 USD",2006,122886,"Abaca, manila hemp","no"
NA,"World",NA,NA,"Forage products; fibre crops; plants used in perfumery, pharmacy, or for insecticidal, fungicidal or similar purposes; beet, forage plant and flower seeds; natural rubber; living plants, cut flowers and flower buds; unmanufactured tobacco; other raw vegetable materials","Gross Production Value (constant 2014-2016 thousand US$)","1000 USD",2007,125901,"Abaca, manila hemp","no"
NA,"World",NA,NA,"Forage products; fibre crops; plants used in perfumery, pharmacy, or for insecticidal, fungicidal or similar purposes; beet, forage plant and flower seeds; natural rubber; living plants, cut flowers and flower buds; unmanufactured tobacco; other raw vegetable materials","Gross Production Value (constant 2014-2016 thousand US$)","1000 USD",2008,127998,"Abaca, manila hemp","no"
NA,"World",NA,NA,"Forage products; fibre crops; plants used in perfumery, pharmacy, or for insecticidal, fungicidal or similar purposes; beet, forage plant and flower seeds; natural rubber; living plants, cut flowers and flower buds; unmanufactured tobacco; other raw vegetable materials","Gross Production Value (constant 2014-2016 thousand US$)","1000 USD",2009,125640,"Abaca, manila hemp","no"
NA,"World",NA,NA,"Forage products; fibre crops; plants used in perfumery, pharmacy, or for insecticidal, fungicidal or similar purposes; beet, forage plant and flower seeds; natural rubber; living plants, cut flowers and flower buds; unmanufactured tobacco; other raw vegetable materials","Gross Production Value (constant 2014-2016 thousand US$)","1000 USD",2010,127781,"Abaca, manila hemp","no"
NA,"World",NA,NA,"Forage products; fibre crops; plants used in perfumery, pharmacy, or for insecticidal, fungicidal or similar purposes; beet, forage plant and flower seeds; natural rubber; living plants, cut flowers and flower buds; unmanufactured tobacco; other raw vegetable materials","Gross Production Value (constant 2014-2016 thousand US$)","1000 USD",2011,131643,"Abaca, manila hemp","no"
NA,"World",NA,NA,"Forage products; fibre crops; plants used in perfumery, pharmacy, or for insecticidal, fungicidal or similar purposes; beet, forage plant and flower seeds; natural rubber; living plants, cut flowers and flower buds; unmanufactured tobacco; other raw vegetable materials","Gross Production Value (constant 2014-2016 thousand US$)","1000 USD",2012,131929,"Abaca, manila hemp","no"
NA,"World",NA,NA,"Forage products; fibre crops; plants used in perfumery, pharmacy, or for insecticidal, fungicidal or similar purposes; beet, forage plant and flower seeds; natural rubber; living plants, cut flowers and flower buds; unmanufactured tobacco; other raw vegetable materials","Gross Production Value (constant 2014-2016 thousand US$)","1000 USD",2013,129312,"Abaca, manila hemp","no"
NA,"World",NA,NA,"Forage products; fibre crops; plants used in perfumery, pharmacy, or for insecticidal, fungicidal or similar purposes; beet, forage plant and flower seeds; natural rubber; living plants, cut flowers and flower buds; unmanufactured tobacco; other raw vegetable materials","Gross Production Value (constant 2014-2016 thousand US$)","1000 USD",2014,134735,"Abaca, manila hemp","no"
NA,"World",NA,NA,"Forage products; fibre crops; plants used in perfumery, pharmacy, or for insecticidal, fungicidal or similar purposes; beet, forage plant and flower seeds; natural rubber; living plants, cut flowers and flower buds; unmanufactured tobacco; other raw vegetable materials","Gross Production Value (constant 2014-2016 thousand US$)","1000 USD",2015,137666,"Abaca, manila hemp","no"
NA,"World",NA,NA,"Forage products; fibre crops; plants used in perfumery, pharmacy, or for insecticidal, fungicidal or similar purposes; beet, forage plant and flower seeds; natural rubber; living plants, cut flowers and flower buds; unmanufactured tobacco; other raw vegetable materials","Gross Production Value (constant 2014-2016 thousand US$)","1000 USD",2016,135700,"Abaca, manila hemp","no"
NA,"World",NA,NA,"Forage products; fibre crops; plants used in perfumery, pharmacy, or for insecticidal, fungicidal or similar purposes; beet, forage plant and flower seeds; natural rubber; living plants, cut flowers and flower buds; unmanufactured tobacco; other raw vegetable materials","Gross Production Value (constant 2014-2016 thousand US$)","1000 USD",2017,137953,"Abaca, manila hemp","no"
NA,"World",NA,NA,"Forage products; fibre crops; plants used in perfumery, pharmacy, or for insecticidal, fungicidal or similar purposes; beet, forage plant and flower seeds; natural rubber; living plants, cut flowers and flower buds; unmanufactured tobacco; other raw vegetable materials","Gross Production Value (constant 2014-2016 thousand US$)","1000 USD",2018,136990,"Abaca, manila hemp","no"
NA,"World",NA,NA,"Forage products; fibre crops; plants used in perfumery, pharmacy, or for insecticidal, fungicidal or similar purposes; beet, forage plant and flower seeds; natural rubber; living plants, cut flowers and flower buds; unmanufactured tobacco; other raw vegetable materials","Gross Production Value (constant 2014-2016 thousand US$)","1000 USD",2019,139528,"Abaca, manila hemp","no"
NA,"World",NA,NA,"Forage products; fibre crops; plants used in perfumery, pharmacy, or for insecticidal, fungicidal or similar purposes; beet, forage plant and flower seeds; natural rubber; living plants, cut flowers and flower buds; unmanufactured tobacco; other raw vegetable materials","Gross Production Value (constant 2014-2016 thousand US$)","1000 USD",2020,138004,"Abaca, manila hemp","no"
NA,"World",NA,NA,"Forage products; fibre crops; plants used in perfumery, pharmacy, or for insecticidal, fungicidal or similar purposes; beet, forage plant and flower seeds; natural rubber; living plants, cut flowers and flower buds; unmanufactured tobacco; other raw vegetable materials","Gross Production Value (constant 2014-2016 thousand US$)","1000 USD",2021,137875,"Abaca, manila hemp","no"
NA,"World",NA,NA,"Forage products; fibre crops; plants used in perfumery, pharmacy, or for insecticidal, fungicidal or similar purposes; beet, forage plant and flower seeds; natural rubber; living plants, cut flowers and flower buds; unmanufactured tobacco; other raw vegetable materials","Gross Production Value (constant 2014-2016 thousand US$)","1000 USD",2022,138264,"Abaca, manila hemp","no"
NA,"World",NA,NA,"Forage products; fibre crops; plants used in perfumery, pharmacy, or for insecticidal, fungicidal or similar purposes; beet, forage plant and flower seeds; natural rubber; living plants, cut flowers and flower buds; unmanufactured tobacco; other raw vegetable materials","Gross Production Value (constant 2014-2016 thousand US$)","1000 USD",2023,137932,"Abaca, manila hemp","no"
NA,"World",NA,NA,"Forage products; fibre crops; plants used in perfumery, pharmacy, or for insecticidal, fungicidal or similar purposes; beet, forage plant and flower seeds; natural rubber; living plants, cut flowers and flower buds; unmanufactured tobacco; other raw vegetable materials","Gross Production Value (constant 2014-2016 thousand I$)","1000 Int$",1992,36859,"Agave fibres, n.e.c.","no"
NA,"World",NA,NA,"Forage products; fibre crops; plants used in perfumery, pharmacy, or for insecticidal, fungicidal or similar purposes; beet, forage plant and flower seeds; natural rubber; living plants, cut flowers and flower buds; unmanufactured tobacco; other raw vegetable materials","Gross Production Value (constant 2014-2016 thousand I$)","1000 Int$",1993,40468,"Agave fibres, n.e.c.","no"
NA,"World",NA,NA,"Forage products; fibre crops; plants used in perfumery, pharmacy, or for insecticidal, fungicidal or similar purposes; beet, forage plant and flower seeds; natural rubber; living plants, cut flowers and flower buds; unmanufactured tobacco; other raw vegetable materials","Gross Production Value (constant 2014-2016 thousand I$)","1000 Int$",1994,40417,"Agave fibres, n.e.c.","no"
NA,"World",NA,NA,"Forage products; fibre crops; plants used in perfumery, pharmacy, or for insecticidal, fungicidal or similar purposes; beet, forage plant and flower seeds; natural rubber; living plants, cut flowers and flower buds; unmanufactured tobacco; other raw vegetable materials","Gross Production Value (constant 2014-2016 thousand I$)","1000 Int$",1995,35538,"Agave fibres, n.e.c.","no"
NA,"World",NA,NA,"Forage products; fibre crops; plants used in perfumery, pharmacy, or for insecticidal, fungicidal or similar purposes; beet, forage plant and flower seeds; natural rubber; living plants, cut flowers and flower buds; unmanufactured tobacco; other raw vegetable materials","Gross Production Value (constant 2014-2016 thousand I$)","1000 Int$",1996,41374,"Agave fibres, n.e.c.","no"
NA,"World",NA,NA,"Forage products; fibre crops; plants used in perfumery, pharmacy, or for insecticidal, fungicidal or similar purposes; beet, forage plant and flower seeds; natural rubber; living plants, cut flowers and flower buds; unmanufactured tobacco; other raw vegetable materials","Gross Production Value (constant 2014-2016 thousand I$)","1000 Int$",1997,42705,"Agave fibres, n.e.c.","no"
NA,"World",NA,NA,"Forage products; fibre crops; plants used in perfumery, pharmacy, or for insecticidal, fungicidal or similar purposes; beet, forage plant and flower seeds; natural rubber; living plants, cut flowers and flower buds; unmanufactured tobacco; other raw vegetable materials","Gross Production Value (constant 2014-2016 thousand I$)","1000 Int$",1998,34293,"Agave fibres, n.e.c.","no"
NA,"World",NA,NA,"Forage products; fibre crops; plants used in perfumery, pharmacy, or for insecticidal, fungicidal or similar purposes; beet, forage plant and flower seeds; natural rubber; living plants, cut flowers and flower buds; unmanufactured tobacco; other raw vegetable materials","Gross Production Value (constant 2014-2016 thousand I$)","1000 Int$",1999,32187,"Agave fibres, n.e.c.","no"
NA,"World",NA,NA,"Forage products; fibre crops; plants used in perfumery, pharmacy, or for insecticidal, fungicidal or similar purposes; beet, forage plant and flower seeds; natural rubber; living plants, cut flowers and flower buds; unmanufactured tobacco; other raw vegetable materials","Gross Production Value (constant 2014-2016 thousand I$)","1000 Int$",2000,31294,"Agave fibres, n.e.c.","no"
NA,"World",NA,NA,"Forage products; fibre crops; plants used in perfumery, pharmacy, or for insecticidal, fungicidal or similar purposes; beet, forage plant and flower seeds; natural rubber; living plants, cut flowers and flower buds; unmanufactured tobacco; other raw vegetable materials","Gross Production Value (constant 2014-2016 thousand I$)","1000 Int$",2001,30362,"Agave fibres, n.e.c.","no"
NA,"World",NA,NA,"Forage products; fibre crops; plants used in perfumery, pharmacy, or for insecticidal, fungicidal or similar purposes; beet, forage plant and flower seeds; natural rubber; living plants, cut flowers and flower buds; unmanufactured tobacco; other raw vegetable materials","Gross Production Value (constant 2014-2016 thousand I$)","1000 Int$",2002,31102,"Agave fibres, n.e.c.","no"
NA,"World",NA,NA,"Forage products; fibre crops; plants used in perfumery, pharmacy, or for insecticidal, fungicidal or similar purposes; beet, forage plant and flower seeds; natural rubber; living plants, cut flowers and flower buds; unmanufactured tobacco; other raw vegetable materials","Gross Production Value (constant 2014-2016 thousand I$)","1000 Int$",2003,31232,"Agave fibres, n.e.c.","no"
NA,"World",NA,NA,"Forage products; fibre crops; plants used in perfumery, pharmacy, or for insecticidal, fungicidal or similar purposes; beet, forage plant and flower seeds; natural rubber; living plants, cut flowers and flower buds; unmanufactured tobacco; other raw vegetable materials","Gross Production Value (constant 2014-2016 thousand I$)","1000 Int$",2004,33252,"Agave fibres, n.e.c.","no"
NA,"World",NA,NA,"Forage products; fibre crops; plants used in perfumery, pharmacy, or for insecticidal, fungicidal or similar purposes; beet, forage plant and flower seeds; natural rubber; living plants, cut flowers and flower buds; unmanufactured tobacco; other raw vegetable materials","Gross Production Value (constant 2014-2016 thousand I$)","1000 Int$",2005,32428,"Agave fibres, n.e.c.","no"
NA,"World",NA,NA,"Forage products; fibre crops; plants used in perfumery, pharmacy, or for insecticidal, fungicidal or similar purposes; beet, forage plant and flower seeds; natural rubber; living plants, cut flowers and flower buds; unmanufactured tobacco; other raw vegetable materials","Gross Production Value (constant 2014-2016 thousand I$)","1000 Int$",2006,30515,"Agave fibres, n.e.c.","no"
NA,"World",NA,NA,"Forage products; fibre crops; plants used in perfumery, pharmacy, or for insecticidal, fungicidal or similar purposes; beet, forage plant and flower seeds; natural rubber; living plants, cut flowers and flower buds; unmanufactured tobacco; other raw vegetable materials","Gross Production Value (constant 2014-2016 thousand I$)","1000 Int$",2007,30085,"Agave fibres, n.e.c.","no"
NA,"World",NA,NA,"Forage products; fibre crops; plants used in perfumery, pharmacy, or for insecticidal, fungicidal or similar purposes; beet, forage plant and flower seeds; natural rubber; living plants, cut flowers and flower buds; unmanufactured tobacco; other raw vegetable materials","Gross Production Value (constant 2014-2016 thousand I$)","1000 Int$",2008,29238,"Agave fibres, n.e.c.","no"
NA,"World",NA,NA,"Forage products; fibre crops; plants used in perfumery, pharmacy, or for insecticidal, fungicidal or similar purposes; beet, forage plant and flower seeds; natural rubber; living plants, cut flowers and flower buds; unmanufactured tobacco; other raw vegetable materials","Gross Production Value (constant 2014-2016 thousand I$)","1000 Int$",2009,28602,"Agave fibres, n.e.c.","no"
NA,"World",NA,NA,"Forage products; fibre crops; plants used in perfumery, pharmacy, or for insecticidal, fungicidal or similar purposes; beet, forage plant and flower seeds; natural rubber; living plants, cut flowers and flower buds; unmanufactured tobacco; other raw vegetable materials","Gross Production Value (constant 2014-2016 thousand I$)","1000 Int$",2010,27888,"Agave fibres, n.e.c.","no"
NA,"World",NA,NA,"Forage products; fibre crops; plants used in perfumery, pharmacy, or for insecticidal, fungicidal or similar purposes; beet, forage plant and flower seeds; natural rubber; living plants, cut flowers and flower buds; unmanufactured tobacco; other raw vegetable materials","Gross Production Value (constant 2014-2016 thousand I$)","1000 Int$",2011,27295,"Agave fibres, n.e.c.","no"
NA,"World",NA,NA,"Forage products; fibre crops; plants used in perfumery, pharmacy, or for insecticidal, fungicidal or similar purposes; beet, forage plant and flower seeds; natural rubber; living plants, cut flowers and flower buds; unmanufactured tobacco; other raw vegetable materials","Gross Production Value (constant 2014-2016 thousand I$)","1000 Int$",2012,25556,"Agave fibres, n.e.c.","no"
NA,"World",NA,NA,"Forage products; fibre crops; plants used in perfumery, pharmacy, or for insecticidal, fungicidal or similar purposes; beet, forage plant and flower seeds; natural rubber; living plants, cut flowers and flower buds; unmanufactured tobacco; other raw vegetable materials","Gross Production Value (constant 2014-2016 thousand I$)","1000 Int$",2013,25868,"Agave fibres, n.e.c.","no"
NA,"World",NA,NA,"Forage products; fibre crops; plants used in perfumery, pharmacy, or for insecticidal, fungicidal or similar purposes; beet, forage plant and flower seeds; natural rubber; living plants, cut flowers and flower buds; unmanufactured tobacco; other raw vegetable materials","Gross Production Value (constant 2014-2016 thousand I$)","1000 Int$",2014,25944,"Agave fibres, n.e.c.","no"
NA,"World",NA,NA,"Forage products; fibre crops; plants used in perfumery, pharmacy, or for insecticidal, fungicidal or similar purposes; beet, forage plant and flower seeds; natural rubber; living plants, cut flowers and flower buds; unmanufactured tobacco; other raw vegetable materials","Gross Production Value (constant 2014-2016 thousand I$)","1000 Int$",2015,25451,"Agave fibres, n.e.c.","no"
NA,"World",NA,NA,"Forage products; fibre crops; plants used in perfumery, pharmacy, or for insecticidal, fungicidal or similar purposes; beet, forage plant and flower seeds; natural rubber; living plants, cut flowers and flower buds; unmanufactured tobacco; other raw vegetable materials","Gross Production Value (constant 2014-2016 thousand I$)","1000 Int$",2016,25278,"Agave fibres, n.e.c.","no"
NA,"World",NA,NA,"Forage products; fibre crops; plants used in perfumery, pharmacy, or for insecticidal, fungicidal or similar purposes; beet, forage plant and flower seeds; natural rubber; living plants, cut flowers and flower buds; unmanufactured tobacco; other raw vegetable materials","Gross Production Value (constant 2014-2016 thousand I$)","1000 Int$",2017,24945,"Agave fibres, n.e.c.","no"
NA,"World",NA,NA,"Forage products; fibre crops; plants used in perfumery, pharmacy, or for insecticidal, fungicidal or similar purposes; beet, forage plant and flower seeds; natural rubber; living plants, cut flowers and flower buds; unmanufactured tobacco; other raw vegetable materials","Gross Production Value (constant 2014-2016 thousand I$)","1000 Int$",2018,25251,"Agave fibres, n.e.c.","no"
NA,"World",NA,NA,"Forage products; fibre crops; plants used in perfumery, pharmacy, or for insecticidal, fungicidal or similar purposes; beet, forage plant and flower seeds; natural rubber; living plants, cut flowers and flower buds; unmanufactured tobacco; other raw vegetable materials","Gross Production Value (constant 2014-2016 thousand I$)","1000 Int$",2019,24698,"Agave fibres, n.e.c.","no"
NA,"World",NA,NA,"Forage products; fibre crops; plants used in perfumery, pharmacy, or for insecticidal, fungicidal or similar purposes; beet, forage plant and flower seeds; natural rubber; living plants, cut flowers and flower buds; unmanufactured tobacco; other raw vegetable materials","Gross Production Value (constant 2014-2016 thousand I$)","1000 Int$",2020,25084,"Agave fibres, n.e.c.","no"
NA,"World",NA,NA,"Forage products; fibre crops; plants used in perfumery, pharmacy, or for insecticidal, fungicidal or similar purposes; beet, forage plant and flower seeds; natural rubber; living plants, cut flowers and flower buds; unmanufactured tobacco; other raw vegetable materials","Gross Production Value (constant 2014-2016 thousand I$)","1000 Int$",2021,25111,"Agave fibres, n.e.c.","no"
NA,"World",NA,NA,"Forage products; fibre crops; plants used in perfumery, pharmacy, or for insecticidal, fungicidal or similar purposes; beet, forage plant and flower seeds; natural rubber; living plants, cut flowers and flower buds; unmanufactured tobacco; other raw vegetable materials","Gross Production Value (constant 2014-2016 thousand I$)","1000 Int$",2022,25013,"Agave fibres, n.e.c.","no"
NA,"World",NA,NA,"Forage products; fibre crops; plants used in perfumery, pharmacy, or for insecticidal, fungicidal or similar purposes; beet, forage plant and flower seeds; natural rubber; living plants, cut flowers and flower buds; unmanufactured tobacco; other raw vegetable materials","Gross Production Value (constant 2014-2016 thousand I$)","1000 Int$",2023,25092,"Agave fibres, n.e.c.","no"
NA,"World",NA,NA,"Forage products; fibre crops; plants used in perfumery, pharmacy, or for insecticidal, fungicidal or similar purposes; beet, forage plant and flower seeds; natural rubber; living plants, cut flowers and flower buds; unmanufactured tobacco; other raw vegetable materials","Gross Production Value (constant 2014-2016 thousand US$)","1000 USD",1992,32740,"Agave fibres, n.e.c.","no"
NA,"World",NA,NA,"Forage products; fibre crops; plants used in perfumery, pharmacy, or for insecticidal, fungicidal or similar purposes; beet, forage plant and flower seeds; natural rubber; living plants, cut flowers and flower buds; unmanufactured tobacco; other raw vegetable materials","Gross Production Value (constant 2014-2016 thousand US$)","1000 USD",1993,34692,"Agave fibres, n.e.c.","no"
NA,"World",NA,NA,"Forage products; fibre crops; plants used in perfumery, pharmacy, or for insecticidal, fungicidal or similar purposes; beet, forage plant and flower seeds; natural rubber; living plants, cut flowers and flower buds; unmanufactured tobacco; other raw vegetable materials","Gross Production Value (constant 2014-2016 thousand US$)","1000 USD",1994,32612,"Agave fibres, n.e.c.","no"
NA,"World",NA,NA,"Forage products; fibre crops; plants used in perfumery, pharmacy, or for insecticidal, fungicidal or similar purposes; beet, forage plant and flower seeds; natural rubber; living plants, cut flowers and flower buds; unmanufactured tobacco; other raw vegetable materials","Gross Production Value (constant 2014-2016 thousand US$)","1000 USD",1995,28736,"Agave fibres, n.e.c.","no"
NA,"World",NA,NA,"Forage products; fibre crops; plants used in perfumery, pharmacy, or for insecticidal, fungicidal or similar purposes; beet, forage plant and flower seeds; natural rubber; living plants, cut flowers and flower buds; unmanufactured tobacco; other raw vegetable materials","Gross Production Value (constant 2014-2016 thousand US$)","1000 USD",1996,38058,"Agave fibres, n.e.c.","no"
NA,"World",NA,NA,"Forage products; fibre crops; plants used in perfumery, pharmacy, or for insecticidal, fungicidal or similar purposes; beet, forage plant and flower seeds; natural rubber; living plants, cut flowers and flower buds; unmanufactured tobacco; other raw vegetable materials","Gross Production Value (constant 2014-2016 thousand US$)","1000 USD",1997,39420,"Agave fibres, n.e.c.","no"
NA,"World",NA,NA,"Forage products; fibre crops; plants used in perfumery, pharmacy, or for insecticidal, fungicidal or similar purposes; beet, forage plant and flower seeds; natural rubber; living plants, cut flowers and flower buds; unmanufactured tobacco; other raw vegetable materials","Gross Production Value (constant 2014-2016 thousand US$)","1000 USD",1998,27737,"Agave fibres, n.e.c.","no"
NA,"World",NA,NA,"Forage products; fibre crops; plants used in perfumery, pharmacy, or for insecticidal, fungicidal or similar purposes; beet, forage plant and flower seeds; natural rubber; living plants, cut flowers and flower buds; unmanufactured tobacco; other raw vegetable materials","Gross Production Value (constant 2014-2016 thousand US$)","1000 USD",1999,24634,"Agave fibres, n.e.c.","no"
NA,"World",NA,NA,"Forage products; fibre crops; plants used in perfumery, pharmacy, or for insecticidal, fungicidal or similar purposes; beet, forage plant and flower seeds; natural rubber; living plants, cut flowers and flower buds; unmanufactured tobacco; other raw vegetable materials","Gross Production Value (constant 2014-2016 thousand US$)","1000 USD",2000,22872,"Agave fibres, n.e.c.","no"
NA,"World",NA,NA,"Forage products; fibre crops; plants used in perfumery, pharmacy, or for insecticidal, fungicidal or similar purposes; beet, forage plant and flower seeds; natural rubber; living plants, cut flowers and flower buds; unmanufactured tobacco; other raw vegetable materials","Gross Production Value (constant 2014-2016 thousand US$)","1000 USD",2001,22095,"Agave fibres, n.e.c.","no"
NA,"World",NA,NA,"Forage products; fibre crops; plants used in perfumery, pharmacy, or for insecticidal, fungicidal or similar purposes; beet, forage plant and flower seeds; natural rubber; living plants, cut flowers and flower buds; unmanufactured tobacco; other raw vegetable materials","Gross Production Value (constant 2014-2016 thousand US$)","1000 USD",2002,23840,"Agave fibres, n.e.c.","no"
NA,"World",NA,NA,"Forage products; fibre crops; plants used in perfumery, pharmacy, or for insecticidal, fungicidal or similar purposes; beet, forage plant and flower seeds; natural rubber; living plants, cut flowers and flower buds; unmanufactured tobacco; other raw vegetable materials","Gross Production Value (constant 2014-2016 thousand US$)","1000 USD",2003,24244,"Agave fibres, n.e.c.","no"
NA,"World",NA,NA,"Forage products; fibre crops; plants used in perfumery, pharmacy, or for insecticidal, fungicidal or similar purposes; beet, forage plant and flower seeds; natural rubber; living plants, cut flowers and flower buds; unmanufactured tobacco; other raw vegetable materials","Gross Production Value (constant 2014-2016 thousand US$)","1000 USD",2004,24907,"Agave fibres, n.e.c.","no"
NA,"World",NA,NA,"Forage products; fibre crops; plants used in perfumery, pharmacy, or for insecticidal, fungicidal or similar purposes; beet, forage plant and flower seeds; natural rubber; living plants, cut flowers and flower buds; unmanufactured tobacco; other raw vegetable materials","Gross Production Value (constant 2014-2016 thousand US$)","1000 USD",2005,25194,"Agave fibres, n.e.c.","no"
NA,"World",NA,NA,"Forage products; fibre crops; plants used in perfumery, pharmacy, or for insecticidal, fungicidal or similar purposes; beet, forage plant and flower seeds; natural rubber; living plants, cut flowers and flower buds; unmanufactured tobacco; other raw vegetable materials","Gross Production Value (constant 2014-2016 thousand US$)","1000 USD",2006,23529,"Agave fibres, n.e.c.","no"
NA,"World",NA,NA,"Forage products; fibre crops; plants used in perfumery, pharmacy, or for insecticidal, fungicidal or similar purposes; beet, forage plant and flower seeds; natural rubber; living plants, cut flowers and flower buds; unmanufactured tobacco; other raw vegetable materials","Gross Production Value (constant 2014-2016 thousand US$)","1000 USD",2007,22952,"Agave fibres, n.e.c.","no"
NA,"World",NA,NA,"Forage products; fibre crops; plants used in perfumery, pharmacy, or for insecticidal, fungicidal or similar purposes; beet, forage plant and flower seeds; natural rubber; living plants, cut flowers and flower buds; unmanufactured tobacco; other raw vegetable materials","Gross Production Value (constant 2014-2016 thousand US$)","1000 USD",2008,22181,"Agave fibres, n.e.c.","no"
NA,"World",NA,NA,"Forage products; fibre crops; plants used in perfumery, pharmacy, or for insecticidal, fungicidal or similar purposes; beet, forage plant and flower seeds; natural rubber; living plants, cut flowers and flower buds; unmanufactured tobacco; other raw vegetable materials","Gross Production Value (constant 2014-2016 thousand US$)","1000 USD",2009,21555,"Agave fibres, n.e.c.","no"
NA,"World",NA,NA,"Forage products; fibre crops; plants used in perfumery, pharmacy, or for insecticidal, fungicidal or similar purposes; beet, forage plant and flower seeds; natural rubber; living plants, cut flowers and flower buds; unmanufactured tobacco; other raw vegetable materials","Gross Production Value (constant 2014-2016 thousand US$)","1000 USD",2010,20939,"Agave fibres, n.e.c.","no"
NA,"World",NA,NA,"Forage products; fibre crops; plants used in perfumery, pharmacy, or for insecticidal, fungicidal or similar purposes; beet, forage plant and flower seeds; natural rubber; living plants, cut flowers and flower buds; unmanufactured tobacco; other raw vegetable materials","Gross Production Value (constant 2014-2016 thousand US$)","1000 USD",2011,20342,"Agave fibres, n.e.c.","no"
NA,"World",NA,NA,"Forage products; fibre crops; plants used in perfumery, pharmacy, or for insecticidal, fungicidal or similar purposes; beet, forage plant and flower seeds; natural rubber; living plants, cut flowers and flower buds; unmanufactured tobacco; other raw vegetable materials","Gross Production Value (constant 2014-2016 thousand US$)","1000 USD",2012,18828,"Agave fibres, n.e.c.","no"
NA,"World",NA,NA,"Forage products; fibre crops; plants used in perfumery, pharmacy, or for insecticidal, fungicidal or similar purposes; beet, forage plant and flower seeds; natural rubber; living plants, cut flowers and flower buds; unmanufactured tobacco; other raw vegetable materials","Gross Production Value (constant 2014-2016 thousand US$)","1000 USD",2013,18916,"Agave fibres, n.e.c.","no"
NA,"World",NA,NA,"Forage products; fibre crops; plants used in perfumery, pharmacy, or for insecticidal, fungicidal or similar purposes; beet, forage plant and flower seeds; natural rubber; living plants, cut flowers and flower buds; unmanufactured tobacco; other raw vegetable materials","Gross Production Value (constant 2014-2016 thousand US$)","1000 USD",2014,18610,"Agave fibres, n.e.c.","no"
NA,"World",NA,NA,"Forage products; fibre crops; plants used in perfumery, pharmacy, or for insecticidal, fungicidal or similar purposes; beet, forage plant and flower seeds; natural rubber; living plants, cut flowers and flower buds; unmanufactured tobacco; other raw vegetable materials","Gross Production Value (constant 2014-2016 thousand US$)","1000 USD",2015,18272,"Agave fibres, n.e.c.","no"
NA,"World",NA,NA,"Forage products; fibre crops; plants used in perfumery, pharmacy, or for insecticidal, fungicidal or similar purposes; beet, forage plant and flower seeds; natural rubber; living plants, cut flowers and flower buds; unmanufactured tobacco; other raw vegetable materials","Gross Production Value (constant 2014-2016 thousand US$)","1000 USD",2016,18108,"Agave fibres, n.e.c.","no"
NA,"World",NA,NA,"Forage products; fibre crops; plants used in perfumery, pharmacy, or for insecticidal, fungicidal or similar purposes; beet, forage plant and flower seeds; natural rubber; living plants, cut flowers and flower buds; unmanufactured tobacco; other raw vegetable materials","Gross Production Value (constant 2014-2016 thousand US$)","1000 USD",2017,17621,"Agave fibres, n.e.c.","no"
NA,"World",NA,NA,"Forage products; fibre crops; plants used in perfumery, pharmacy, or for insecticidal, fungicidal or similar purposes; beet, forage plant and flower seeds; natural rubber; living plants, cut flowers and flower buds; unmanufactured tobacco; other raw vegetable materials","Gross Production Value (constant 2014-2016 thousand US$)","1000 USD",2018,17989,"Agave fibres, n.e.c.","no"
NA,"World",NA,NA,"Forage products; fibre crops; plants used in perfumery, pharmacy, or for insecticidal, fungicidal or similar purposes; beet, forage plant and flower seeds; natural rubber; living plants, cut flowers and flower buds; unmanufactured tobacco; other raw vegetable materials","Gross Production Value (constant 2014-2016 thousand US$)","1000 USD",2019,17393,"Agave fibres, n.e.c.","no"
NA,"World",NA,NA,"Forage products; fibre crops; plants used in perfumery, pharmacy, or for insecticidal, fungicidal or similar purposes; beet, forage plant and flower seeds; natural rubber; living plants, cut flowers and flower buds; unmanufactured tobacco; other raw vegetable materials","Gross Production Value (constant 2014-2016 thousand US$)","1000 USD",2020,17693,"Agave fibres, n.e.c.","no"
NA,"World",NA,NA,"Forage products; fibre crops; plants used in perfumery, pharmacy, or for insecticidal, fungicidal or similar purposes; beet, forage plant and flower seeds; natural rubber; living plants, cut flowers and flower buds; unmanufactured tobacco; other raw vegetable materials","Gross Production Value (constant 2014-2016 thousand US$)","1000 USD",2021,17699,"Agave fibres, n.e.c.","no"
NA,"World",NA,NA,"Forage products; fibre crops; plants used in perfumery, pharmacy, or for insecticidal, fungicidal or similar purposes; beet, forage plant and flower seeds; natural rubber; living plants, cut flowers and flower buds; unmanufactured tobacco; other raw vegetable materials","Gross Production Value (constant 2014-2016 thousand US$)","1000 USD",2022,17601,"Agave fibres, n.e.c.","no"
NA,"World",NA,NA,"Forage products; fibre crops; plants used in perfumery, pharmacy, or for insecticidal, fungicidal or similar purposes; beet, forage plant and flower seeds; natural rubber; living plants, cut flowers and flower buds; unmanufactured tobacco; other raw vegetable materials","Gross Production Value (constant 2014-2016 thousand US$)","1000 USD",2023,17668,"Agave fibres, n.e.c.","no"
NA,"World",NA,NA,"Fruits and nuts","Gross Production Value (constant 2014-2016 thousand I$)","1000 Int$",1992,6622953,"Almonds","no"
NA,"World",NA,NA,"Fruits and nuts","Gross Production Value (constant 2014-2016 thousand I$)","1000 Int$",1993,6430799,"Almonds","no"
NA,"World",NA,NA,"Fruits and nuts","Gross Production Value (constant 2014-2016 thousand I$)","1000 Int$",1994,6990539,"Almonds","no"
NA,"World",NA,NA,"Fruits and nuts","Gross Production Value (constant 2014-2016 thousand I$)","1000 Int$",1995,5288120,"Almonds","no"
NA,"World",NA,NA,"Fruits and nuts","Gross Production Value (constant 2014-2016 thousand I$)","1000 Int$",1996,6525771,"Almonds","no"
NA,"World",NA,NA,"Fruits and nuts","Gross Production Value (constant 2014-2016 thousand I$)","1000 Int$",1997,8046455,"Almonds","no"
NA,"World",NA,NA,"Fruits and nuts","Gross Production Value (constant 2014-2016 thousand I$)","1000 Int$",1998,6627991,"Almonds","no"
NA,"World",NA,NA,"Fruits and nuts","Gross Production Value (constant 2014-2016 thousand I$)","1000 Int$",1999,8378690,"Almonds","no"
NA,"World",NA,NA,"Fruits and nuts","Gross Production Value (constant 2014-2016 thousand I$)","1000 Int$",2000,7342477,"Almonds","no"
NA,"World",NA,NA,"Fruits and nuts","Gross Production Value (constant 2014-2016 thousand I$)","1000 Int$",2001,7849764,"Almonds","no"
NA,"World",NA,NA,"Fruits and nuts","Gross Production Value (constant 2014-2016 thousand I$)","1000 Int$",2002,9352151,"Almonds","no"
NA,"World",NA,NA,"Fruits and nuts","Gross Production Value (constant 2014-2016 thousand I$)","1000 Int$",2003,8962581,"Almonds","no"
NA,"World",NA,NA,"Fruits and nuts","Gross Production Value (constant 2014-2016 thousand I$)","1000 Int$",2004,8141230,"Almonds","no"
NA,"World",NA,NA,"Fruits and nuts","Gross Production Value (constant 2014-2016 thousand I$)","1000 Int$",2005,9346085,"Almonds","no"
NA,"World",NA,NA,"Fruits and nuts","Gross Production Value (constant 2014-2016 thousand I$)","1000 Int$",2006,10540206,"Almonds","no"
NA,"World",NA,NA,"Fruits and nuts","Gross Production Value (constant 2014-2016 thousand I$)","1000 Int$",2007,11578572,"Almonds","no"
NA,"World",NA,NA,"Fruits and nuts","Gross Production Value (constant 2014-2016 thousand I$)","1000 Int$",2008,12515130,"Almonds","no"
NA,"World",NA,NA,"Fruits and nuts","Gross Production Value (constant 2014-2016 thousand I$)","1000 Int$",2009,12217653,"Almonds","no"
NA,"World",NA,NA,"Fruits and nuts","Gross Production Value (constant 2014-2016 thousand I$)","1000 Int$",2010,13023569,"Almonds","no"
NA,"World",NA,NA,"Fruits and nuts","Gross Production Value (constant 2014-2016 thousand I$)","1000 Int$",2011,15565487,"Almonds","no"
NA,"World",NA,NA,"Fruits and nuts","Gross Production Value (constant 2014-2016 thousand I$)","1000 Int$",2012,14728901,"Almonds","no"
NA,"World",NA,NA,"Fruits and nuts","Gross Production Value (constant 2014-2016 thousand I$)","1000 Int$",2013,14936050,"Almonds","no"
NA,"World",NA,NA,"Fruits and nuts","Gross Production Value (constant 2014-2016 thousand I$)","1000 Int$",2014,13862315,"Almonds","no"
NA,"World",NA,NA,"Fruits and nuts","Gross Production Value (constant 2014-2016 thousand I$)","1000 Int$",2015,13632072,"Almonds","no"
NA,"World",NA,NA,"Fruits and nuts","Gross Production Value (constant 2014-2016 thousand I$)","1000 Int$",2016,14462151,"Almonds","no"
NA,"World",NA,NA,"Fruits and nuts","Gross Production Value (constant 2014-2016 thousand I$)","1000 Int$",2017,15712933,"Almonds","no"
NA,"World",NA,NA,"Fruits and nuts","Gross Production Value (constant 2014-2016 thousand I$)","1000 Int$",2018,16774026,"Almonds","no"
NA,"World",NA,NA,"Fruits and nuts","Gross Production Value (constant 2014-2016 thousand I$)","1000 Int$",2019,18121402,"Almonds","no"
NA,"World",NA,NA,"Fruits and nuts","Gross Production Value (constant 2014-2016 thousand I$)","1000 Int$",2020,21112604,"Almonds","no"
NA,"World",NA,NA,"Fruits and nuts","Gross Production Value (constant 2014-2016 thousand I$)","1000 Int$",2021,20391684,"Almonds","no"
NA,"World",NA,NA,"Fruits and nuts","Gross Production Value (constant 2014-2016 thousand I$)","1000 Int$",2022,18408142,"Almonds","no"
NA,"World",NA,NA,"Fruits and nuts","Gross Production Value (constant 2014-2016 thousand I$)","1000 Int$",2023,17766929,"Almonds","no"
NA,"World",NA,NA,"Fruits and nuts","Gross Production Value (constant 2014-2016 thousand US$)","1000 USD",1992,4830235,"Almonds","no"
NA,"World",NA,NA,"Fruits and nuts","Gross Production Value (constant 2014-2016 thousand US$)","1000 USD",1993,4558709,"Almonds","no"
NA,"World",NA,NA,"Fruits and nuts","Gross Production Value (constant 2014-2016 thousand US$)","1000 USD",1994,5744730,"Almonds","no"
NA,"World",NA,NA,"Fruits and nuts","Gross Production Value (constant 2014-2016 thousand US$)","1000 USD",1995,3778624,"Almonds","no"
NA,"World",NA,NA,"Fruits and nuts","Gross Production Value (constant 2014-2016 thousand US$)","1000 USD",1996,4777437,"Almonds","no"
NA,"World",NA,NA,"Fruits and nuts","Gross Production Value (constant 2014-2016 thousand US$)","1000 USD",1997,6174301,"Almonds","no"
NA,"World",NA,NA,"Fruits and nuts","Gross Production Value (constant 2014-2016 thousand US$)","1000 USD",1998,4818053,"Almonds","no"
NA,"World",NA,NA,"Fruits and nuts","Gross Production Value (constant 2014-2016 thousand US$)","1000 USD",1999,6668924,"Almonds","no"
NA,"World",NA,NA,"Fruits and nuts","Gross Production Value (constant 2014-2016 thousand US$)","1000 USD",2000,5727572,"Almonds","no"
NA,"World",NA,NA,"Fruits and nuts","Gross Production Value (constant 2014-2016 thousand US$)","1000 USD",2001,6333660,"Almonds","no"
NA,"World",NA,NA,"Fruits and nuts","Gross Production Value (constant 2014-2016 thousand US$)","1000 USD",2002,7709431,"Almonds","no"
NA,"World",NA,NA,"Fruits and nuts","Gross Production Value (constant 2014-2016 thousand US$)","1000 USD",2003,7516857,"Almonds","no"
NA,"World",NA,NA,"Fruits and nuts","Gross Production Value (constant 2014-2016 thousand US$)","1000 USD",2004,7167477,"Almonds","no"
NA,"World",NA,NA,"Fruits and nuts","Gross Production Value (constant 2014-2016 thousand US$)","1000 USD",2005,7119929,"Almonds","no"
NA,"World",NA,NA,"Fruits and nuts","Gross Production Value (constant 2014-2016 thousand US$)","1000 USD",2006,8686037,"Almonds","no"
NA,"World",NA,NA,"Fruits and nuts","Gross Production Value (constant 2014-2016 thousand US$)","1000 USD",2007,11036305,"Almonds","no"
NA,"World",NA,NA,"Fruits and nuts","Gross Production Value (constant 2014-2016 thousand US$)","1000 USD",2008,12272200,"Almonds","no"
NA,"World",NA,NA,"Fruits and nuts","Gross Production Value (constant 2014-2016 thousand US$)","1000 USD",2009,10930560,"Almonds","no"
NA,"World",NA,NA,"Fruits and nuts","Gross Production Value (constant 2014-2016 thousand US$)","1000 USD",2010,12545415,"Almonds","no"
NA,"World",NA,NA,"Fruits and nuts","Gross Production Value (constant 2014-2016 thousand US$)","1000 USD",2011,15571379,"Almonds","no"
NA,"World",NA,NA,"Fruits and nuts","Gross Production Value (constant 2014-2016 thousand US$)","1000 USD",2012,14533876,"Almonds","no"
NA,"World",NA,NA,"Fruits and nuts","Gross Production Value (constant 2014-2016 thousand US$)","1000 USD",2013,15351525,"Almonds","no"
NA,"World",NA,NA,"Fruits and nuts","Gross Production Value (constant 2014-2016 thousand US$)","1000 USD",2014,13982708,"Almonds","no"
NA,"World",NA,NA,"Fruits and nuts","Gross Production Value (constant 2014-2016 thousand US$)","1000 USD",2015,13356609,"Almonds","no"
NA,"World",NA,NA,"Fruits and nuts","Gross Production Value (constant 2014-2016 thousand US$)","1000 USD",2016,14587802,"Almonds","no"
NA,"World",NA,NA,"Fruits and nuts","Gross Production Value (constant 2014-2016 thousand US$)","1000 USD",2017,15763750,"Almonds","no"
NA,"World",NA,NA,"Fruits and nuts","Gross Production Value (constant 2014-2016 thousand US$)","1000 USD",2018,16135780,"Almonds","no"
NA,"World",NA,NA,"Fruits and nuts","Gross Production Value (constant 2014-2016 thousand US$)","1000 USD",2019,17832444,"Almonds","no"
NA,"World",NA,NA,"Fruits and nuts","Gross Production Value (constant 2014-2016 thousand US$)","1000 USD",2020,21152350,"Almonds","no"
NA,"World",NA,NA,"Fruits and nuts","Gross Production Value (constant 2014-2016 thousand US$)","1000 USD",2021,20299141,"Almonds","no"
NA,"World",NA,NA,"Fruits and nuts","Gross Production Value (constant 2014-2016 thousand US$)","1000 USD",2022,18191257,"Almonds","no"
NA,"World",NA,NA,"Fruits and nuts","Gross Production Value (constant 2014-2016 thousand US$)","1000 USD",2023,16760646,"Almonds","no"
NA,"World",NA,NA,"Stimulant, spice and aromatic crops","Gross Production Value (constant 2014-2016 thousand I$)","1000 Int$",1992,887405,"Anise, badian, coriander, cumin, caraway, fennel and juniper berries","no"
NA,"World",NA,NA,"Stimulant, spice and aromatic crops","Gross Production Value (constant 2014-2016 thousand I$)","1000 Int$",1993,873242,"Anise, badian, coriander, cumin, caraway, fennel and juniper berries","no"
NA,"World",NA,NA,"Stimulant, spice and aromatic crops","Gross Production Value (constant 2014-2016 thousand I$)","1000 Int$",1994,635017,"Anise, badian, coriander, cumin, caraway, fennel and juniper berries","no"
NA,"World",NA,NA,"Stimulant, spice and aromatic crops","Gross Production Value (constant 2014-2016 thousand I$)","1000 Int$",1995,655774,"Anise, badian, coriander, cumin, caraway, fennel and juniper berries","no"
NA,"World",NA,NA,"Stimulant, spice and aromatic crops","Gross Production Value (constant 2014-2016 thousand I$)","1000 Int$",1996,707957,"Anise, badian, coriander, cumin, caraway, fennel and juniper berries","no"
NA,"World",NA,NA,"Stimulant, spice and aromatic crops","Gross Production Value (constant 2014-2016 thousand I$)","1000 Int$",1997,783323,"Anise, badian, coriander, cumin, caraway, fennel and juniper berries","no"
NA,"World",NA,NA,"Stimulant, spice and aromatic crops","Gross Production Value (constant 2014-2016 thousand I$)","1000 Int$",1998,958068,"Anise, badian, coriander, cumin, caraway, fennel and juniper berries","no"
NA,"World",NA,NA,"Stimulant, spice and aromatic crops","Gross Production Value (constant 2014-2016 thousand I$)","1000 Int$",1999,891174,"Anise, badian, coriander, cumin, caraway, fennel and juniper berries","no"
NA,"World",NA,NA,"Stimulant, spice and aromatic crops","Gross Production Value (constant 2014-2016 thousand I$)","1000 Int$",2000,840997,"Anise, badian, coriander, cumin, caraway, fennel and juniper berries","no"
NA,"World",NA,NA,"Stimulant, spice and aromatic crops","Gross Production Value (constant 2014-2016 thousand I$)","1000 Int$",2001,1051259,"Anise, badian, coriander, cumin, caraway, fennel and juniper berries","no"
NA,"World",NA,NA,"Stimulant, spice and aromatic crops","Gross Production Value (constant 2014-2016 thousand I$)","1000 Int$",2002,1086006,"Anise, badian, coriander, cumin, caraway, fennel and juniper berries","no"
NA,"World",NA,NA,"Stimulant, spice and aromatic crops","Gross Production Value (constant 2014-2016 thousand I$)","1000 Int$",2003,1248865,"Anise, badian, coriander, cumin, caraway, fennel and juniper berries","no"
NA,"World",NA,NA,"Stimulant, spice and aromatic crops","Gross Production Value (constant 2014-2016 thousand I$)","1000 Int$",2004,1245131,"Anise, badian, coriander, cumin, caraway, fennel and juniper berries","no"
NA,"World",NA,NA,"Stimulant, spice and aromatic crops","Gross Production Value (constant 2014-2016 thousand I$)","1000 Int$",2005,1221217,"Anise, badian, coriander, cumin, caraway, fennel and juniper berries","no"
NA,"World",NA,NA,"Stimulant, spice and aromatic crops","Gross Production Value (constant 2014-2016 thousand I$)","1000 Int$",2006,1287362,"Anise, badian, coriander, cumin, caraway, fennel and juniper berries","no"
NA,"World",NA,NA,"Stimulant, spice and aromatic crops","Gross Production Value (constant 2014-2016 thousand I$)","1000 Int$",2007,1529774,"Anise, badian, coriander, cumin, caraway, fennel and juniper berries","no"
NA,"World",NA,NA,"Stimulant, spice and aromatic crops","Gross Production Value (constant 2014-2016 thousand I$)","1000 Int$",2008,1565373,"Anise, badian, coriander, cumin, caraway, fennel and juniper berries","no"
NA,"World",NA,NA,"Stimulant, spice and aromatic crops","Gross Production Value (constant 2014-2016 thousand I$)","1000 Int$",2009,1595028,"Anise, badian, coriander, cumin, caraway, fennel and juniper berries","no"
NA,"World",NA,NA,"Stimulant, spice and aromatic crops","Gross Production Value (constant 2014-2016 thousand I$)","1000 Int$",2010,1810853,"Anise, badian, coriander, cumin, caraway, fennel and juniper berries","no"
NA,"World",NA,NA,"Stimulant, spice and aromatic crops","Gross Production Value (constant 2014-2016 thousand I$)","1000 Int$",2011,2085596,"Anise, badian, coriander, cumin, caraway, fennel and juniper berries","no"
NA,"World",NA,NA,"Stimulant, spice and aromatic crops","Gross Production Value (constant 2014-2016 thousand I$)","1000 Int$",2012,2021211,"Anise, badian, coriander, cumin, caraway, fennel and juniper berries","no"
NA,"World",NA,NA,"Stimulant, spice and aromatic crops","Gross Production Value (constant 2014-2016 thousand I$)","1000 Int$",2013,1986189,"Anise, badian, coriander, cumin, caraway, fennel and juniper berries","no"
NA,"World",NA,NA,"Stimulant, spice and aromatic crops","Gross Production Value (constant 2014-2016 thousand I$)","1000 Int$",2014,2196585,"Anise, badian, coriander, cumin, caraway, fennel and juniper berries","no"
NA,"World",NA,NA,"Stimulant, spice and aromatic crops","Gross Production Value (constant 2014-2016 thousand I$)","1000 Int$",2015,2400613,"Anise, badian, coriander, cumin, caraway, fennel and juniper berries","no"
NA,"World",NA,NA,"Stimulant, spice and aromatic crops","Gross Production Value (constant 2014-2016 thousand I$)","1000 Int$",2016,2643251,"Anise, badian, coriander, cumin, caraway, fennel and juniper berries","no"
NA,"World",NA,NA,"Stimulant, spice and aromatic crops","Gross Production Value (constant 2014-2016 thousand I$)","1000 Int$",2017,4681589,"Anise, badian, coriander, cumin, caraway, fennel and juniper berries","no"
NA,"World",NA,NA,"Stimulant, spice and aromatic crops","Gross Production Value (constant 2014-2016 thousand I$)","1000 Int$",2018,4369741,"Anise, badian, coriander, cumin, caraway, fennel and juniper berries","no"
NA,"World",NA,NA,"Stimulant, spice and aromatic crops","Gross Production Value (constant 2014-2016 thousand I$)","1000 Int$",2019,4792859,"Anise, badian, coriander, cumin, caraway, fennel and juniper berries","no"
NA,"World",NA,NA,"Stimulant, spice and aromatic crops","Gross Production Value (constant 2014-2016 thousand I$)","1000 Int$",2020,5612618,"Anise, badian, coriander, cumin, caraway, fennel and juniper berries","no"
NA,"World",NA,NA,"Stimulant, spice and aromatic crops","Gross Production Value (constant 2014-2016 thousand I$)","1000 Int$",2021,5919339,"Anise, badian, coriander, cumin, caraway, fennel and juniper berries","no"
NA,"World",NA,NA,"Stimulant, spice and aromatic crops","Gross Production Value (constant 2014-2016 thousand I$)","1000 Int$",2022,5945262,"Anise, badian, coriander, cumin, caraway, fennel and juniper berries","no"
NA,"World",NA,NA,"Stimulant, spice and aromatic crops","Gross Production Value (constant 2014-2016 thousand I$)","1000 Int$",2023,6151241,"Anise, badian, coriander, cumin, caraway, fennel and juniper berries","no"
NA,"World",NA,NA,"Stimulant, spice and aromatic crops","Gross Production Value (constant 2014-2016 thousand US$)","1000 USD",1992,610709,"Anise, badian, coriander, cumin, caraway, fennel and juniper berries","no"
NA,"World",NA,NA,"Stimulant, spice and aromatic crops","Gross Production Value (constant 2014-2016 thousand US$)","1000 USD",1993,528323,"Anise, badian, coriander, cumin, caraway, fennel and juniper berries","no"
NA,"World",NA,NA,"Stimulant, spice and aromatic crops","Gross Production Value (constant 2014-2016 thousand US$)","1000 USD",1994,360729,"Anise, badian, coriander, cumin, caraway, fennel and juniper berries","no"
NA,"World",NA,NA,"Stimulant, spice and aromatic crops","Gross Production Value (constant 2014-2016 thousand US$)","1000 USD",1995,359472,"Anise, badian, coriander, cumin, caraway, fennel and juniper berries","no"
NA,"World",NA,NA,"Stimulant, spice and aromatic crops","Gross Production Value (constant 2014-2016 thousand US$)","1000 USD",1996,398469,"Anise, badian, coriander, cumin, caraway, fennel and juniper berries","no"
NA,"World",NA,NA,"Stimulant, spice and aromatic crops","Gross Production Value (constant 2014-2016 thousand US$)","1000 USD",1997,476681,"Anise, badian, coriander, cumin, caraway, fennel and juniper berries","no"
NA,"World",NA,NA,"Stimulant, spice and aromatic crops","Gross Production Value (constant 2014-2016 thousand US$)","1000 USD",1998,603673,"Anise, badian, coriander, cumin, caraway, fennel and juniper berries","no"
NA,"World",NA,NA,"Stimulant, spice and aromatic crops","Gross Production Value (constant 2014-2016 thousand US$)","1000 USD",1999,518754,"Anise, badian, coriander, cumin, caraway, fennel and juniper berries","no"
NA,"World",NA,NA,"Stimulant, spice and aromatic crops","Gross Production Value (constant 2014-2016 thousand US$)","1000 USD",2000,491408,"Anise, badian, coriander, cumin, caraway, fennel and juniper berries","no"
NA,"World",NA,NA,"Stimulant, spice and aromatic crops","Gross Production Value (constant 2014-2016 thousand US$)","1000 USD",2001,573818,"Anise, badian, coriander, cumin, caraway, fennel and juniper berries","no"
NA,"World",NA,NA,"Stimulant, spice and aromatic crops","Gross Production Value (constant 2014-2016 thousand US$)","1000 USD",2002,509960,"Anise, badian, coriander, cumin, caraway, fennel and juniper berries","no"
NA,"World",NA,NA,"Stimulant, spice and aromatic crops","Gross Production Value (constant 2014-2016 thousand US$)","1000 USD",2003,666680,"Anise, badian, coriander, cumin, caraway, fennel and juniper berries","no"
NA,"World",NA,NA,"Stimulant, spice and aromatic crops","Gross Production Value (constant 2014-2016 thousand US$)","1000 USD",2004,677601,"Anise, badian, coriander, cumin, caraway, fennel and juniper berries","no"
NA,"World",NA,NA,"Stimulant, spice and aromatic crops","Gross Production Value (constant 2014-2016 thousand US$)","1000 USD",2005,671584,"Anise, badian, coriander, cumin, caraway, fennel and juniper berries","no"
NA,"World",NA,NA,"Stimulant, spice and aromatic crops","Gross Production Value (constant 2014-2016 thousand US$)","1000 USD",2006,710529,"Anise, badian, coriander, cumin, caraway, fennel and juniper berries","no"
NA,"World",NA,NA,"Stimulant, spice and aromatic crops","Gross Production Value (constant 2014-2016 thousand US$)","1000 USD",2007,864790,"Anise, badian, coriander, cumin, caraway, fennel and juniper berries","no"
NA,"World",NA,NA,"Stimulant, spice and aromatic crops","Gross Production Value (constant 2014-2016 thousand US$)","1000 USD",2008,873861,"Anise, badian, coriander, cumin, caraway, fennel and juniper berries","no"
NA,"World",NA,NA,"Stimulant, spice and aromatic crops","Gross Production Value (constant 2014-2016 thousand US$)","1000 USD",2009,919121,"Anise, badian, coriander, cumin, caraway, fennel and juniper berries","no"
NA,"World",NA,NA,"Stimulant, spice and aromatic crops","Gross Production Value (constant 2014-2016 thousand US$)","1000 USD",2010,1050103,"Anise, badian, coriander, cumin, caraway, fennel and juniper berries","no"
NA,"World",NA,NA,"Stimulant, spice and aromatic crops","Gross Production Value (constant 2014-2016 thousand US$)","1000 USD",2011,1178397,"Anise, badian, coriander, cumin, caraway, fennel and juniper berries","no"
NA,"World",NA,NA,"Stimulant, spice and aromatic crops","Gross Production Value (constant 2014-2016 thousand US$)","1000 USD",2012,1112535,"Anise, badian, coriander, cumin, caraway, fennel and juniper berries","no"
NA,"World",NA,NA,"Stimulant, spice and aromatic crops","Gross Production Value (constant 2014-2016 thousand US$)","1000 USD",2013,1078422,"Anise, badian, coriander, cumin, caraway, fennel and juniper berries","no"
NA,"World",NA,NA,"Stimulant, spice and aromatic crops","Gross Production Value (constant 2014-2016 thousand US$)","1000 USD",2014,1279072,"Anise, badian, coriander, cumin, caraway, fennel and juniper berries","no"
NA,"World",NA,NA,"Stimulant, spice and aromatic crops","Gross Production Value (constant 2014-2016 thousand US$)","1000 USD",2015,1401509,"Anise, badian, coriander, cumin, caraway, fennel and juniper berries","no"
NA,"World",NA,NA,"Stimulant, spice and aromatic crops","Gross Production Value (constant 2014-2016 thousand US$)","1000 USD",2016,1470135,"Anise, badian, coriander, cumin, caraway, fennel and juniper berries","no"
NA,"World",NA,NA,"Stimulant, spice and aromatic crops","Gross Production Value (constant 2014-2016 thousand US$)","1000 USD",2017,2552354,"Anise, badian, coriander, cumin, caraway, fennel and juniper berries","no"
NA,"World",NA,NA,"Stimulant, spice and aromatic crops","Gross Production Value (constant 2014-2016 thousand US$)","1000 USD",2018,2423425,"Anise, badian, coriander, cumin, caraway, fennel and juniper berries","no"
NA,"World",NA,NA,"Stimulant, spice and aromatic crops","Gross Production Value (constant 2014-2016 thousand US$)","1000 USD",2019,2917017,"Anise, badian, coriander, cumin, caraway, fennel and juniper berries","no"
NA,"World",NA,NA,"Stimulant, spice and aromatic crops","Gross Production Value (constant 2014-2016 thousand US$)","1000 USD",2020,3348288,"Anise, badian, coriander, cumin, caraway, fennel and juniper berries","no"
NA,"World",NA,NA,"Stimulant, spice and aromatic crops","Gross Production Value (constant 2014-2016 thousand US$)","1000 USD",2021,3565821,"Anise, badian, coriander, cumin, caraway, fennel and juniper berries","no"
NA,"World",NA,NA,"Stimulant, spice and aromatic crops","Gross Production Value (constant 2014-2016 thousand US$)","1000 USD",2022,3633171,"Anise, badian, coriander, cumin, caraway, fennel and juniper berries","no"
NA,"World",NA,NA,"Stimulant, spice and aromatic crops","Gross Production Value (constant 2014-2016 thousand US$)","1000 USD",2023,3718025,"Anise, badian, coriander, cumin, caraway, fennel and juniper berries","no"
NA,"World",NA,NA,"Fruits and nuts","Gross Production Value (constant 2014-2016 thousand I$)","1000 Int$",1992,19317593,"Apples","no"
NA,"World",NA,NA,"Fruits and nuts","Gross Production Value (constant 2014-2016 thousand I$)","1000 Int$",1993,20731719,"Apples","no"
NA,"World",NA,NA,"Fruits and nuts","Gross Production Value (constant 2014-2016 thousand I$)","1000 Int$",1994,21836664,"Apples","no"
NA,"World",NA,NA,"Fruits and nuts","Gross Production Value (constant 2014-2016 thousand I$)","1000 Int$",1995,22922028,"Apples","no"
NA,"World",NA,NA,"Fruits and nuts","Gross Production Value (constant 2014-2016 thousand I$)","1000 Int$",1996,25484311,"Apples","no"
NA,"World",NA,NA,"Fruits and nuts","Gross Production Value (constant 2014-2016 thousand I$)","1000 Int$",1997,26322827,"Apples","no"
NA,"World",NA,NA,"Fruits and nuts","Gross Production Value (constant 2014-2016 thousand I$)","1000 Int$",1998,25925830,"Apples","no"
NA,"World",NA,NA,"Fruits and nuts","Gross Production Value (constant 2014-2016 thousand I$)","1000 Int$",1999,26899301,"Apples","no"
NA,"World",NA,NA,"Fruits and nuts","Gross Production Value (constant 2014-2016 thousand I$)","1000 Int$",2000,27909384,"Apples","no"
NA,"World",NA,NA,"Fruits and nuts","Gross Production Value (constant 2014-2016 thousand I$)","1000 Int$",2001,26950462,"Apples","no"
NA,"World",NA,NA,"Fruits and nuts","Gross Production Value (constant 2014-2016 thousand I$)","1000 Int$",2002,26101982,"Apples","no"
NA,"World",NA,NA,"Fruits and nuts","Gross Production Value (constant 2014-2016 thousand I$)","1000 Int$",2003,27423202,"Apples","no"
NA,"World",NA,NA,"Fruits and nuts","Gross Production Value (constant 2014-2016 thousand I$)","1000 Int$",2004,29376677,"Apples","no"
NA,"World",NA,NA,"Fruits and nuts","Gross Production Value (constant 2014-2016 thousand I$)","1000 Int$",2005,29218434,"Apples","no"
NA,"World",NA,NA,"Fruits and nuts","Gross Production Value (constant 2014-2016 thousand I$)","1000 Int$",2006,29852607,"Apples","no"
NA,"World",NA,NA,"Fruits and nuts","Gross Production Value (constant 2014-2016 thousand I$)","1000 Int$",2007,30992047,"Apples","no"
NA,"World",NA,NA,"Fruits and nuts","Gross Production Value (constant 2014-2016 thousand I$)","1000 Int$",2008,32583016,"Apples","no"
NA,"World",NA,NA,"Fruits and nuts","Gross Production Value (constant 2014-2016 thousand I$)","1000 Int$",2009,33810127,"Apples","no"
NA,"World",NA,NA,"Fruits and nuts","Gross Production Value (constant 2014-2016 thousand I$)","1000 Int$",2010,33599929,"Apples","no"
NA,"World",NA,NA,"Fruits and nuts","Gross Production Value (constant 2014-2016 thousand I$)","1000 Int$",2011,36377823,"Apples","no"
NA,"World",NA,NA,"Fruits and nuts","Gross Production Value (constant 2014-2016 thousand I$)","1000 Int$",2012,37097624,"Apples","no"
NA,"World",NA,NA,"Fruits and nuts","Gross Production Value (constant 2014-2016 thousand I$)","1000 Int$",2013,39095162,"Apples","no"
NA,"World",NA,NA,"Fruits and nuts","Gross Production Value (constant 2014-2016 thousand I$)","1000 Int$",2014,40282648,"Apples","no"
NA,"World",NA,NA,"Fruits and nuts","Gross Production Value (constant 2014-2016 thousand I$)","1000 Int$",2015,38876979,"Apples","no"
NA,"World",NA,NA,"Fruits and nuts","Gross Production Value (constant 2014-2016 thousand I$)","1000 Int$",2016,40164094,"Apples","no"
NA,"World",NA,NA,"Fruits and nuts","Gross Production Value (constant 2014-2016 thousand I$)","1000 Int$",2017,39215469,"Apples","no"
NA,"World",NA,NA,"Fruits and nuts","Gross Production Value (constant 2014-2016 thousand I$)","1000 Int$",2018,40515331,"Apples","no"
NA,"World",NA,NA,"Fruits and nuts","Gross Production Value (constant 2014-2016 thousand I$)","1000 Int$",2019,41274887,"Apples","no"
NA,"World",NA,NA,"Fruits and nuts","Gross Production Value (constant 2014-2016 thousand I$)","1000 Int$",2020,42768420,"Apples","no"
NA,"World",NA,NA,"Fruits and nuts","Gross Production Value (constant 2014-2016 thousand I$)","1000 Int$",2021,44224813,"Apples","no"
NA,"World",NA,NA,"Fruits and nuts","Gross Production Value (constant 2014-2016 thousand I$)","1000 Int$",2022,45128473,"Apples","no"
NA,"World",NA,NA,"Fruits and nuts","Gross Production Value (constant 2014-2016 thousand I$)","1000 Int$",2023,45944312,"Apples","no"
NA,"World",NA,NA,"Fruits and nuts","Gross Production Value (constant 2014-2016 thousand US$)","1000 USD",1992,23789526,"Apples","no"
NA,"World",NA,NA,"Fruits and nuts","Gross Production Value (constant 2014-2016 thousand US$)","1000 USD",1993,25548212,"Apples","no"
NA,"World",NA,NA,"Fruits and nuts","Gross Production Value (constant 2014-2016 thousand US$)","1000 USD",1994,26510829,"Apples","no"
NA,"World",NA,NA,"Fruits and nuts","Gross Production Value (constant 2014-2016 thousand US$)","1000 USD",1995,27727317,"Apples","no"
NA,"World",NA,NA,"Fruits and nuts","Gross Production Value (constant 2014-2016 thousand US$)","1000 USD",1996,30140204,"Apples","no"
NA,"World",NA,NA,"Fruits and nuts","Gross Production Value (constant 2014-2016 thousand US$)","1000 USD",1997,30769931,"Apples","no"
NA,"World",NA,NA,"Fruits and nuts","Gross Production Value (constant 2014-2016 thousand US$)","1000 USD",1998,30980610,"Apples","no"
NA,"World",NA,NA,"Fruits and nuts","Gross Production Value (constant 2014-2016 thousand US$)","1000 USD",1999,32166377,"Apples","no"
NA,"World",NA,NA,"Fruits and nuts","Gross Production Value (constant 2014-2016 thousand US$)","1000 USD",2000,32936067,"Apples","no"
NA,"World",NA,NA,"Fruits and nuts","Gross Production Value (constant 2014-2016 thousand US$)","1000 USD",2001,31640170,"Apples","no"
NA,"World",NA,NA,"Fruits and nuts","Gross Production Value (constant 2014-2016 thousand US$)","1000 USD",2002,30857383,"Apples","no"
NA,"World",NA,NA,"Fruits and nuts","Gross Production Value (constant 2014-2016 thousand US$)","1000 USD",2003,31913186,"Apples","no"
NA,"World",NA,NA,"Fruits and nuts","Gross Production Value (constant 2014-2016 thousand US$)","1000 USD",2004,34300582,"Apples","no"
NA,"World",NA,NA,"Fruits and nuts","Gross Production Value (constant 2014-2016 thousand US$)","1000 USD",2005,34649253,"Apples","no"
NA,"World",NA,NA,"Fruits and nuts","Gross Production Value (constant 2014-2016 thousand US$)","1000 USD",2006,35568659,"Apples","no"
NA,"World",NA,NA,"Fruits and nuts","Gross Production Value (constant 2014-2016 thousand US$)","1000 USD",2007,37009913,"Apples","no"
NA,"World",NA,NA,"Fruits and nuts","Gross Production Value (constant 2014-2016 thousand US$)","1000 USD",2008,38660824,"Apples","no"
NA,"World",NA,NA,"Fruits and nuts","Gross Production Value (constant 2014-2016 thousand US$)","1000 USD",2009,39908630,"Apples","no"
NA,"World",NA,NA,"Fruits and nuts","Gross Production Value (constant 2014-2016 thousand US$)","1000 USD",2010,40028492,"Apples","no"
NA,"World",NA,NA,"Fruits and nuts","Gross Production Value (constant 2014-2016 thousand US$)","1000 USD",2011,43279868,"Apples","no"
NA,"World",NA,NA,"Fruits and nuts","Gross Production Value (constant 2014-2016 thousand US$)","1000 USD",2012,43395772,"Apples","no"
NA,"World",NA,NA,"Fruits and nuts","Gross Production Value (constant 2014-2016 thousand US$)","1000 USD",2013,45748191,"Apples","no"
NA,"World",NA,NA,"Fruits and nuts","Gross Production Value (constant 2014-2016 thousand US$)","1000 USD",2014,47509962,"Apples","no"
NA,"World",NA,NA,"Fruits and nuts","Gross Production Value (constant 2014-2016 thousand US$)","1000 USD",2015,45950842,"Apples","no"
NA,"World",NA,NA,"Fruits and nuts","Gross Production Value (constant 2014-2016 thousand US$)","1000 USD",2016,47341956,"Apples","no"
NA,"World",NA,NA,"Fruits and nuts","Gross Production Value (constant 2014-2016 thousand US$)","1000 USD",2017,46804951,"Apples","no"
NA,"World",NA,NA,"Fruits and nuts","Gross Production Value (constant 2014-2016 thousand US$)","1000 USD",2018,46878623,"Apples","no"
NA,"World",NA,NA,"Fruits and nuts","Gross Production Value (constant 2014-2016 thousand US$)","1000 USD",2019,48617400,"Apples","no"
NA,"World",NA,NA,"Fruits and nuts","Gross Production Value (constant 2014-2016 thousand US$)","1000 USD",2020,50472137,"Apples","no"
NA,"World",NA,NA,"Fruits and nuts","Gross Production Value (constant 2014-2016 thousand US$)","1000 USD",2021,51149214,"Apples","no"
NA,"World",NA,NA,"Fruits and nuts","Gross Production Value (constant 2014-2016 thousand US$)","1000 USD",2022,52765982,"Apples","no"
NA,"World",NA,NA,"Fruits and nuts","Gross Production Value (constant 2014-2016 thousand US$)","1000 USD",2023,53611755,"Apples","no"
NA,"World",NA,NA,"Fruits and nuts","Gross Production Value (constant 2014-2016 thousand I$)","1000 Int$",1992,1812172,"Apricots","no"
NA,"World",NA,NA,"Fruits and nuts","Gross Production Value (constant 2014-2016 thousand I$)","1000 Int$",1993,1734562,"Apricots","no"
NA,"World",NA,NA,"Fruits and nuts","Gross Production Value (constant 2014-2016 thousand I$)","1000 Int$",1994,2017653,"Apricots","no"
NA,"World",NA,NA,"Fruits and nuts","Gross Production Value (constant 2014-2016 thousand I$)","1000 Int$",1995,1684096,"Apricots","no"
NA,"World",NA,NA,"Fruits and nuts","Gross Production Value (constant 2014-2016 thousand I$)","1000 Int$",1996,2054842,"Apricots","no"
NA,"World",NA,NA,"Fruits and nuts","Gross Production Value (constant 2014-2016 thousand I$)","1000 Int$",1997,1945008,"Apricots","no"
NA,"World",NA,NA,"Fruits and nuts","Gross Production Value (constant 2014-2016 thousand I$)","1000 Int$",1998,2047979,"Apricots","no"
NA,"World",NA,NA,"Fruits and nuts","Gross Production Value (constant 2014-2016 thousand I$)","1000 Int$",1999,2163457,"Apricots","no"
NA,"World",NA,NA,"Fruits and nuts","Gross Production Value (constant 2014-2016 thousand I$)","1000 Int$",2000,2344962,"Apricots","no"
NA,"World",NA,NA,"Fruits and nuts","Gross Production Value (constant 2014-2016 thousand I$)","1000 Int$",2001,2163130,"Apricots","no"
NA,"World",NA,NA,"Fruits and nuts","Gross Production Value (constant 2014-2016 thousand I$)","1000 Int$",2002,2142899,"Apricots","no"
NA,"World",NA,NA,"Fruits and nuts","Gross Production Value (constant 2014-2016 thousand I$)","1000 Int$",2003,2368257,"Apricots","no"
NA,"World",NA,NA,"Fruits and nuts","Gross Production Value (constant 2014-2016 thousand I$)","1000 Int$",2004,2280424,"Apricots","no"
NA,"World",NA,NA,"Fruits and nuts","Gross Production Value (constant 2014-2016 thousand I$)","1000 Int$",2005,2969866,"Apricots","no"
NA,"World",NA,NA,"Fruits and nuts","Gross Production Value (constant 2014-2016 thousand I$)","1000 Int$",2006,2835810,"Apricots","no"
NA,"World",NA,NA,"Fruits and nuts","Gross Production Value (constant 2014-2016 thousand I$)","1000 Int$",2007,2698090,"Apricots","no"
NA,"World",NA,NA,"Fruits and nuts","Gross Production Value (constant 2014-2016 thousand I$)","1000 Int$",2008,3018286,"Apricots","no"
NA,"World",NA,NA,"Fruits and nuts","Gross Production Value (constant 2014-2016 thousand I$)","1000 Int$",2009,3076671,"Apricots","no"
NA,"World",NA,NA,"Fruits and nuts","Gross Production Value (constant 2014-2016 thousand I$)","1000 Int$",2010,2705700,"Apricots","no"
NA,"World",NA,NA,"Fruits and nuts","Gross Production Value (constant 2014-2016 thousand I$)","1000 Int$",2011,3122234,"Apricots","no"
NA,"World",NA,NA,"Fruits and nuts","Gross Production Value (constant 2014-2016 thousand I$)","1000 Int$",2012,3162998,"Apricots","no"
NA,"World",NA,NA,"Fruits and nuts","Gross Production Value (constant 2014-2016 thousand I$)","1000 Int$",2013,3349731,"Apricots","no"
NA,"World",NA,NA,"Fruits and nuts","Gross Production Value (constant 2014-2016 thousand I$)","1000 Int$",2014,2729744,"Apricots","no"
NA,"World",NA,NA,"Fruits and nuts","Gross Production Value (constant 2014-2016 thousand I$)","1000 Int$",2015,3224115,"Apricots","no"
NA,"World",NA,NA,"Fruits and nuts","Gross Production Value (constant 2014-2016 thousand I$)","1000 Int$",2016,3441148,"Apricots","no"
NA,"World",NA,NA,"Fruits and nuts","Gross Production Value (constant 2014-2016 thousand I$)","1000 Int$",2017,3922748,"Apricots","no"
NA,"World",NA,NA,"Fruits and nuts","Gross Production Value (constant 2014-2016 thousand I$)","1000 Int$",2018,3189927,"Apricots","no"
NA,"World",NA,NA,"Fruits and nuts","Gross Production Value (constant 2014-2016 thousand I$)","1000 Int$",2019,3318775,"Apricots","no"
NA,"World",NA,NA,"Fruits and nuts","Gross Production Value (constant 2014-2016 thousand I$)","1000 Int$",2020,3030034,"Apricots","no"
NA,"World",NA,NA,"Fruits and nuts","Gross Production Value (constant 2014-2016 thousand I$)","1000 Int$",2021,2966358,"Apricots","no"
NA,"World",NA,NA,"Fruits and nuts","Gross Production Value (constant 2014-2016 thousand I$)","1000 Int$",2022,3187974,"Apricots","no"
NA,"World",NA,NA,"Fruits and nuts","Gross Production Value (constant 2014-2016 thousand I$)","1000 Int$",2023,3053563,"Apricots","no"
NA,"World",NA,NA,"Fruits and nuts","Gross Production Value (constant 2014-2016 thousand US$)","1000 USD",1992,1839646,"Apricots","no"
NA,"World",NA,NA,"Fruits and nuts","Gross Production Value (constant 2014-2016 thousand US$)","1000 USD",1993,1738617,"Apricots","no"
NA,"World",NA,NA,"Fruits and nuts","Gross Production Value (constant 2014-2016 thousand US$)","1000 USD",1994,2086174,"Apricots","no"
NA,"World",NA,NA,"Fruits and nuts","Gross Production Value (constant 2014-2016 thousand US$)","1000 USD",1995,1779868,"Apricots","no"
NA,"World",NA,NA,"Fruits and nuts","Gross Production Value (constant 2014-2016 thousand US$)","1000 USD",1996,2077571,"Apricots","no"
NA,"World",NA,NA,"Fruits and nuts","Gross Production Value (constant 2014-2016 thousand US$)","1000 USD",1997,2042335,"Apricots","no"
NA,"World",NA,NA,"Fruits and nuts","Gross Production Value (constant 2014-2016 thousand US$)","1000 USD",1998,2118270,"Apricots","no"
NA,"World",NA,NA,"Fruits and nuts","Gross Production Value (constant 2014-2016 thousand US$)","1000 USD",1999,2475848,"Apricots","no"
NA,"World",NA,NA,"Fruits and nuts","Gross Production Value (constant 2014-2016 thousand US$)","1000 USD",2000,2561950,"Apricots","no"
NA,"World",NA,NA,"Fruits and nuts","Gross Production Value (constant 2014-2016 thousand US$)","1000 USD",2001,2388310,"Apricots","no"
NA,"World",NA,NA,"Fruits and nuts","Gross Production Value (constant 2014-2016 thousand US$)","1000 USD",2002,2329820,"Apricots","no"
NA,"World",NA,NA,"Fruits and nuts","Gross Production Value (constant 2014-2016 thousand US$)","1000 USD",2003,2484656,"Apricots","no"
NA,"World",NA,NA,"Fruits and nuts","Gross Production Value (constant 2014-2016 thousand US$)","1000 USD",2004,2326973,"Apricots","no"
NA,"World",NA,NA,"Fruits and nuts","Gross Production Value (constant 2014-2016 thousand US$)","1000 USD",2005,3168941,"Apricots","no"
NA,"World",NA,NA,"Fruits and nuts","Gross Production Value (constant 2014-2016 thousand US$)","1000 USD",2006,3081264,"Apricots","no"
NA,"World",NA,NA,"Fruits and nuts","Gross Production Value (constant 2014-2016 thousand US$)","1000 USD",2007,2782826,"Apricots","no"
NA,"World",NA,NA,"Fruits and nuts","Gross Production Value (constant 2014-2016 thousand US$)","1000 USD",2008,3066896,"Apricots","no"
NA,"World",NA,NA,"Fruits and nuts","Gross Production Value (constant 2014-2016 thousand US$)","1000 USD",2009,3194238,"Apricots","no"
NA,"World",NA,NA,"Fruits and nuts","Gross Production Value (constant 2014-2016 thousand US$)","1000 USD",2010,2657140,"Apricots","no"
NA,"World",NA,NA,"Fruits and nuts","Gross Production Value (constant 2014-2016 thousand US$)","1000 USD",2011,3002491,"Apricots","no"
NA,"World",NA,NA,"Fruits and nuts","Gross Production Value (constant 2014-2016 thousand US$)","1000 USD",2012,3010712,"Apricots","no"
NA,"World",NA,NA,"Fruits and nuts","Gross Production Value (constant 2014-2016 thousand US$)","1000 USD",2013,3192698,"Apricots","no"
NA,"World",NA,NA,"Fruits and nuts","Gross Production Value (constant 2014-2016 thousand US$)","1000 USD",2014,2492731,"Apricots","no"
NA,"World",NA,NA,"Fruits and nuts","Gross Production Value (constant 2014-2016 thousand US$)","1000 USD",2015,2904434,"Apricots","no"
NA,"World",NA,NA,"Fruits and nuts","Gross Production Value (constant 2014-2016 thousand US$)","1000 USD",2016,3503068,"Apricots","no"
NA,"World",NA,NA,"Fruits and nuts","Gross Production Value (constant 2014-2016 thousand US$)","1000 USD",2017,4032326,"Apricots","no"
NA,"World",NA,NA,"Fruits and nuts","Gross Production Value (constant 2014-2016 thousand US$)","1000 USD",2018,3021013,"Apricots","no"
NA,"World",NA,NA,"Fruits and nuts","Gross Production Value (constant 2014-2016 thousand US$)","1000 USD",2019,3139461,"Apricots","no"
NA,"World",NA,NA,"Fruits and nuts","Gross Production Value (constant 2014-2016 thousand US$)","1000 USD",2020,2770849,"Apricots","no"
NA,"World",NA,NA,"Fruits and nuts","Gross Production Value (constant 2014-2016 thousand US$)","1000 USD",2021,2688945,"Apricots","no"
NA,"World",NA,NA,"Fruits and nuts","Gross Production Value (constant 2014-2016 thousand US$)","1000 USD",2022,2935217,"Apricots","no"
NA,"World",NA,NA,"Fruits and nuts","Gross Production Value (constant 2014-2016 thousand US$)","1000 USD",2023,2804235,"Apricots","no"
NA,"World",NA,NA,"Fruits and nuts","Gross Production Value (constant 2014-2016 thousand I$)","1000 Int$",1992,1393062,"Areca nuts","no"
NA,"World",NA,NA,"Fruits and nuts","Gross Production Value (constant 2014-2016 thousand I$)","1000 Int$",1993,1488323,"Areca nuts","no"
NA,"World",NA,NA,"Fruits and nuts","Gross Production Value (constant 2014-2016 thousand I$)","1000 Int$",1994,1580262,"Areca nuts","no"
NA,"World",NA,NA,"Fruits and nuts","Gross Production Value (constant 2014-2016 thousand I$)","1000 Int$",1995,1712628,"Areca nuts","no"
NA,"World",NA,NA,"Fruits and nuts","Gross Production Value (constant 2014-2016 thousand I$)","1000 Int$",1996,1748744,"Areca nuts","no"
NA,"World",NA,NA,"Fruits and nuts","Gross Production Value (constant 2014-2016 thousand I$)","1000 Int$",1997,1782259,"Areca nuts","no"
NA,"World",NA,NA,"Fruits and nuts","Gross Production Value (constant 2014-2016 thousand I$)","1000 Int$",1998,1954172,"Areca nuts","no"
NA,"World",NA,NA,"Fruits and nuts","Gross Production Value (constant 2014-2016 thousand I$)","1000 Int$",1999,1921198,"Areca nuts","no"
NA,"World",NA,NA,"Fruits and nuts","Gross Production Value (constant 2014-2016 thousand I$)","1000 Int$",2000,2000789,"Areca nuts","no"
NA,"World",NA,NA,"Fruits and nuts","Gross Production Value (constant 2014-2016 thousand I$)","1000 Int$",2001,2109666,"Areca nuts","no"
NA,"World",NA,NA,"Fruits and nuts","Gross Production Value (constant 2014-2016 thousand I$)","1000 Int$",2002,2290151,"Areca nuts","no"
NA,"World",NA,NA,"Fruits and nuts","Gross Production Value (constant 2014-2016 thousand I$)","1000 Int$",2003,2403128,"Areca nuts","no"
NA,"World",NA,NA,"Fruits and nuts","Gross Production Value (constant 2014-2016 thousand I$)","1000 Int$",2004,2520056,"Areca nuts","no"
NA,"World",NA,NA,"Fruits and nuts","Gross Production Value (constant 2014-2016 thousand I$)","1000 Int$",2005,2631489,"Areca nuts","no"
NA,"World",NA,NA,"Fruits and nuts","Gross Production Value (constant 2014-2016 thousand I$)","1000 Int$",2006,2819485,"Areca nuts","no"
NA,"World",NA,NA,"Fruits and nuts","Gross Production Value (constant 2014-2016 thousand I$)","1000 Int$",2007,2905817,"Areca nuts","no"
NA,"World",NA,NA,"Fruits and nuts","Gross Production Value (constant 2014-2016 thousand I$)","1000 Int$",2008,2955209,"Areca nuts","no"
NA,"World",NA,NA,"Fruits and nuts","Gross Production Value (constant 2014-2016 thousand I$)","1000 Int$",2009,3031383,"Areca nuts","no"
NA,"World",NA,NA,"Fruits and nuts","Gross Production Value (constant 2014-2016 thousand I$)","1000 Int$",2010,2988543,"Areca nuts","no"
NA,"World",NA,NA,"Fruits and nuts","Gross Production Value (constant 2014-2016 thousand I$)","1000 Int$",2011,3338302,"Areca nuts","no"
NA,"World",NA,NA,"Fruits and nuts","Gross Production Value (constant 2014-2016 thousand I$)","1000 Int$",2012,4103361,"Areca nuts","no"
NA,"World",NA,NA,"Fruits and nuts","Gross Production Value (constant 2014-2016 thousand I$)","1000 Int$",2013,3739913,"Areca nuts","no"
NA,"World",NA,NA,"Fruits and nuts","Gross Production Value (constant 2014-2016 thousand I$)","1000 Int$",2014,3494824,"Areca nuts","no"
NA,"World",NA,NA,"Fruits and nuts","Gross Production Value (constant 2014-2016 thousand I$)","1000 Int$",2015,3872602,"Areca nuts","no"
NA,"World",NA,NA,"Fruits and nuts","Gross Production Value (constant 2014-2016 thousand I$)","1000 Int$",2016,3995574,"Areca nuts","no"
NA,"World",NA,NA,"Fruits and nuts","Gross Production Value (constant 2014-2016 thousand I$)","1000 Int$",2017,3977954,"Areca nuts","no"
NA,"World",NA,NA,"Fruits and nuts","Gross Production Value (constant 2014-2016 thousand I$)","1000 Int$",2018,4287828,"Areca nuts","no"
NA,"World",NA,NA,"Fruits and nuts","Gross Production Value (constant 2014-2016 thousand I$)","1000 Int$",2019,4746406,"Areca nuts","no"
NA,"World",NA,NA,"Fruits and nuts","Gross Production Value (constant 2014-2016 thousand I$)","1000 Int$",2020,6134656,"Areca nuts","no"
NA,"World",NA,NA,"Fruits and nuts","Gross Production Value (constant 2014-2016 thousand I$)","1000 Int$",2021,6807296,"Areca nuts","no"
NA,"World",NA,NA,"Fruits and nuts","Gross Production Value (constant 2014-2016 thousand I$)","1000 Int$",2022,7057640,"Areca nuts","no"
NA,"World",NA,NA,"Fruits and nuts","Gross Production Value (constant 2014-2016 thousand I$)","1000 Int$",2023,6277054,"Areca nuts","no"
NA,"World",NA,NA,"Fruits and nuts","Gross Production Value (constant 2014-2016 thousand US$)","1000 USD",1992,717986,"Areca nuts","no"
NA,"World",NA,NA,"Fruits and nuts","Gross Production Value (constant 2014-2016 thousand US$)","1000 USD",1993,744792,"Areca nuts","no"
NA,"World",NA,NA,"Fruits and nuts","Gross Production Value (constant 2014-2016 thousand US$)","1000 USD",1994,794614,"Areca nuts","no"
NA,"World",NA,NA,"Fruits and nuts","Gross Production Value (constant 2014-2016 thousand US$)","1000 USD",1995,835337,"Areca nuts","no"
NA,"World",NA,NA,"Fruits and nuts","Gross Production Value (constant 2014-2016 thousand US$)","1000 USD",1996,853907,"Areca nuts","no"
NA,"World",NA,NA,"Fruits and nuts","Gross Production Value (constant 2014-2016 thousand US$)","1000 USD",1997,891535,"Areca nuts","no"
NA,"World",NA,NA,"Fruits and nuts","Gross Production Value (constant 2014-2016 thousand US$)","1000 USD",1998,964455,"Areca nuts","no"
NA,"World",NA,NA,"Fruits and nuts","Gross Production Value (constant 2014-2016 thousand US$)","1000 USD",1999,952867,"Areca nuts","no"
NA,"World",NA,NA,"Fruits and nuts","Gross Production Value (constant 2014-2016 thousand US$)","1000 USD",2000,1010842,"Areca nuts","no"
NA,"World",NA,NA,"Fruits and nuts","Gross Production Value (constant 2014-2016 thousand US$)","1000 USD",2001,1029651,"Areca nuts","no"
NA,"World",NA,NA,"Fruits and nuts","Gross Production Value (constant 2014-2016 thousand US$)","1000 USD",2002,1202914,"Areca nuts","no"
NA,"World",NA,NA,"Fruits and nuts","Gross Production Value (constant 2014-2016 thousand US$)","1000 USD",2003,1263203,"Areca nuts","no"
NA,"World",NA,NA,"Fruits and nuts","Gross Production Value (constant 2014-2016 thousand US$)","1000 USD",2004,1369491,"Areca nuts","no"
NA,"World",NA,NA,"Fruits and nuts","Gross Production Value (constant 2014-2016 thousand US$)","1000 USD",2005,1476788,"Areca nuts","no"
NA,"World",NA,NA,"Fruits and nuts","Gross Production Value (constant 2014-2016 thousand US$)","1000 USD",2006,1571536,"Areca nuts","no"
NA,"World",NA,NA,"Fruits and nuts","Gross Production Value (constant 2014-2016 thousand US$)","1000 USD",2007,1602580,"Areca nuts","no"
NA,"World",NA,NA,"Fruits and nuts","Gross Production Value (constant 2014-2016 thousand US$)","1000 USD",2008,1570565,"Areca nuts","no"
NA,"World",NA,NA,"Fruits and nuts","Gross Production Value (constant 2014-2016 thousand US$)","1000 USD",2009,1615657,"Areca nuts","no"
NA,"World",NA,NA,"Fruits and nuts","Gross Production Value (constant 2014-2016 thousand US$)","1000 USD",2010,1573501,"Areca nuts","no"
NA,"World",NA,NA,"Fruits and nuts","Gross Production Value (constant 2014-2016 thousand US$)","1000 USD",2011,1936016,"Areca nuts","no"
NA,"World",NA,NA,"Fruits and nuts","Gross Production Value (constant 2014-2016 thousand US$)","1000 USD",2012,2504384,"Areca nuts","no"
NA,"World",NA,NA,"Fruits and nuts","Gross Production Value (constant 2014-2016 thousand US$)","1000 USD",2013,2290442,"Areca nuts","no"
NA,"World",NA,NA,"Fruits and nuts","Gross Production Value (constant 2014-2016 thousand US$)","1000 USD",2014,2214801,"Areca nuts","no"
NA,"World",NA,NA,"Fruits and nuts","Gross Production Value (constant 2014-2016 thousand US$)","1000 USD",2015,2446205,"Areca nuts","no"
NA,"World",NA,NA,"Fruits and nuts","Gross Production Value (constant 2014-2016 thousand US$)","1000 USD",2016,2630586,"Areca nuts","no"
NA,"World",NA,NA,"Fruits and nuts","Gross Production Value (constant 2014-2016 thousand US$)","1000 USD",2017,2569570,"Areca nuts","no"
NA,"World",NA,NA,"Fruits and nuts","Gross Production Value (constant 2014-2016 thousand US$)","1000 USD",2018,2750259,"Areca nuts","no"
NA,"World",NA,NA,"Fruits and nuts","Gross Production Value (constant 2014-2016 thousand US$)","1000 USD",2019,3203070,"Areca nuts","no"
NA,"World",NA,NA,"Fruits and nuts","Gross Production Value (constant 2014-2016 thousand US$)","1000 USD",2020,4388844,"Areca nuts","no"
NA,"World",NA,NA,"Fruits and nuts","Gross Production Value (constant 2014-2016 thousand US$)","1000 USD",2021,4898338,"Areca nuts","no"
NA,"World",NA,NA,"Fruits and nuts","Gross Production Value (constant 2014-2016 thousand US$)","1000 USD",2022,5085486,"Areca nuts","no"
NA,"World",NA,NA,"Fruits and nuts","Gross Production Value (constant 2014-2016 thousand US$)","1000 USD",2023,4407684,"Areca nuts","no"
NA,"World",NA,NA,"Vegetables","Gross Production Value (constant 2014-2016 thousand I$)","1000 Int$",1992,866080,"Artichokes","no"
NA,"World",NA,NA,"Vegetables","Gross Production Value (constant 2014-2016 thousand I$)","1000 Int$",1993,811371,"Artichokes","no"
NA,"World",NA,NA,"Vegetables","Gross Production Value (constant 2014-2016 thousand I$)","1000 Int$",1994,837390,"Artichokes","no"
NA,"World",NA,NA,"Vegetables","Gross Production Value (constant 2014-2016 thousand I$)","1000 Int$",1995,805354,"Artichokes","no"
NA,"World",NA,NA,"Vegetables","Gross Production Value (constant 2014-2016 thousand I$)","1000 Int$",1996,787495,"Artichokes","no"
NA,"World",NA,NA,"Vegetables","Gross Production Value (constant 2014-2016 thousand I$)","1000 Int$",1997,869633,"Artichokes","no"
NA,"World",NA,NA,"Vegetables","Gross Production Value (constant 2014-2016 thousand I$)","1000 Int$",1998,864747,"Artichokes","no"
NA,"World",NA,NA,"Vegetables","Gross Production Value (constant 2014-2016 thousand I$)","1000 Int$",1999,858079,"Artichokes","no"
NA,"World",NA,NA,"Vegetables","Gross Production Value (constant 2014-2016 thousand I$)","1000 Int$",2000,916506,"Artichokes","no"
NA,"World",NA,NA,"Vegetables","Gross Production Value (constant 2014-2016 thousand I$)","1000 Int$",2001,865047,"Artichokes","no"
NA,"World",NA,NA,"Vegetables","Gross Production Value (constant 2014-2016 thousand I$)","1000 Int$",2002,876401,"Artichokes","no"
NA,"World",NA,NA,"Vegetables","Gross Production Value (constant 2014-2016 thousand I$)","1000 Int$",2003,874518,"Artichokes","no"
NA,"World",NA,NA,"Vegetables","Gross Production Value (constant 2014-2016 thousand I$)","1000 Int$",2004,934485,"Artichokes","no"
NA,"World",NA,NA,"Vegetables","Gross Production Value (constant 2014-2016 thousand I$)","1000 Int$",2005,872643,"Artichokes","no"
NA,"World",NA,NA,"Vegetables","Gross Production Value (constant 2014-2016 thousand I$)","1000 Int$",2006,966923,"Artichokes","no"
NA,"World",NA,NA,"Vegetables","Gross Production Value (constant 2014-2016 thousand I$)","1000 Int$",2007,1016578,"Artichokes","no"
NA,"World",NA,NA,"Vegetables","Gross Production Value (constant 2014-2016 thousand I$)","1000 Int$",2008,1013490,"Artichokes","no"
NA,"World",NA,NA,"Vegetables","Gross Production Value (constant 2014-2016 thousand I$)","1000 Int$",2009,1026716,"Artichokes","no"
NA,"World",NA,NA,"Vegetables","Gross Production Value (constant 2014-2016 thousand I$)","1000 Int$",2010,993629,"Artichokes","no"
NA,"World",NA,NA,"Vegetables","Gross Production Value (constant 2014-2016 thousand I$)","1000 Int$",2011,1023825,"Artichokes","no"
NA,"World",NA,NA,"Vegetables","Gross Production Value (constant 2014-2016 thousand I$)","1000 Int$",2012,1079013,"Artichokes","no"
NA,"World",NA,NA,"Vegetables","Gross Production Value (constant 2014-2016 thousand I$)","1000 Int$",2013,1074352,"Artichokes","no"
NA,"World",NA,NA,"Vegetables","Gross Production Value (constant 2014-2016 thousand I$)","1000 Int$",2014,1048518,"Artichokes","no"
NA,"World",NA,NA,"Vegetables","Gross Production Value (constant 2014-2016 thousand I$)","1000 Int$",2015,962577,"Artichokes","no"
NA,"World",NA,NA,"Vegetables","Gross Production Value (constant 2014-2016 thousand I$)","1000 Int$",2016,931053,"Artichokes","no"
NA,"World",NA,NA,"Vegetables","Gross Production Value (constant 2014-2016 thousand I$)","1000 Int$",2017,1100766,"Artichokes","no"
NA,"World",NA,NA,"Vegetables","Gross Production Value (constant 2014-2016 thousand I$)","1000 Int$",2018,1080171,"Artichokes","no"
NA,"World",NA,NA,"Vegetables","Gross Production Value (constant 2014-2016 thousand I$)","1000 Int$",2019,1044877,"Artichokes","no"
NA,"World",NA,NA,"Vegetables","Gross Production Value (constant 2014-2016 thousand I$)","1000 Int$",2020,999102,"Artichokes","no"
NA,"World",NA,NA,"Vegetables","Gross Production Value (constant 2014-2016 thousand I$)","1000 Int$",2021,1152103,"Artichokes","no"
NA,"World",NA,NA,"Vegetables","Gross Production Value (constant 2014-2016 thousand I$)","1000 Int$",2022,1104048,"Artichokes","no"
NA,"World",NA,NA,"Vegetables","Gross Production Value (constant 2014-2016 thousand I$)","1000 Int$",2023,1116019,"Artichokes","no"
NA,"World",NA,NA,"Vegetables","Gross Production Value (constant 2014-2016 thousand US$)","1000 USD",1992,1101130,"Artichokes","no"
NA,"World",NA,NA,"Vegetables","Gross Production Value (constant 2014-2016 thousand US$)","1000 USD",1993,1044853,"Artichokes","no"
NA,"World",NA,NA,"Vegetables","Gross Production Value (constant 2014-2016 thousand US$)","1000 USD",1994,1092397,"Artichokes","no"
NA,"World",NA,NA,"Vegetables","Gross Production Value (constant 2014-2016 thousand US$)","1000 USD",1995,1033283,"Artichokes","no"
NA,"World",NA,NA,"Vegetables","Gross Production Value (constant 2014-2016 thousand US$)","1000 USD",1996,1006190,"Artichokes","no"
NA,"World",NA,NA,"Vegetables","Gross Production Value (constant 2014-2016 thousand US$)","1000 USD",1997,1098187,"Artichokes","no"
NA,"World",NA,NA,"Vegetables","Gross Production Value (constant 2014-2016 thousand US$)","1000 USD",1998,1094038,"Artichokes","no"
NA,"World",NA,NA,"Vegetables","Gross Production Value (constant 2014-2016 thousand US$)","1000 USD",1999,1092708,"Artichokes","no"
NA,"World",NA,NA,"Vegetables","Gross Production Value (constant 2014-2016 thousand US$)","1000 USD",2000,1125748,"Artichokes","no"
NA,"World",NA,NA,"Vegetables","Gross Production Value (constant 2014-2016 thousand US$)","1000 USD",2001,1072728,"Artichokes","no"
NA,"World",NA,NA,"Vegetables","Gross Production Value (constant 2014-2016 thousand US$)","1000 USD",2002,1090768,"Artichokes","no"
NA,"World",NA,NA,"Vegetables","Gross Production Value (constant 2014-2016 thousand US$)","1000 USD",2003,1043155,"Artichokes","no"
NA,"World",NA,NA,"Vegetables","Gross Production Value (constant 2014-2016 thousand US$)","1000 USD",2004,1147942,"Artichokes","no"
NA,"World",NA,NA,"Vegetables","Gross Production Value (constant 2014-2016 thousand US$)","1000 USD",2005,1081782,"Artichokes","no"
NA,"World",NA,NA,"Vegetables","Gross Production Value (constant 2014-2016 thousand US$)","1000 USD",2006,1143875,"Artichokes","no"
NA,"World",NA,NA,"Vegetables","Gross Production Value (constant 2014-2016 thousand US$)","1000 USD",2007,1198520,"Artichokes","no"
NA,"World",NA,NA,"Vegetables","Gross Production Value (constant 2014-2016 thousand US$)","1000 USD",2008,1193659,"Artichokes","no"
NA,"World",NA,NA,"Vegetables","Gross Production Value (constant 2014-2016 thousand US$)","1000 USD",2009,1193166,"Artichokes","no"
NA,"World",NA,NA,"Vegetables","Gross Production Value (constant 2014-2016 thousand US$)","1000 USD",2010,1127001,"Artichokes","no"
NA,"World",NA,NA,"Vegetables","Gross Production Value (constant 2014-2016 thousand US$)","1000 USD",2011,1165470,"Artichokes","no"
NA,"World",NA,NA,"Vegetables","Gross Production Value (constant 2014-2016 thousand US$)","1000 USD",2012,1086222,"Artichokes","no"
NA,"World",NA,NA,"Vegetables","Gross Production Value (constant 2014-2016 thousand US$)","1000 USD",2013,1117620,"Artichokes","no"
NA,"World",NA,NA,"Vegetables","Gross Production Value (constant 2014-2016 thousand US$)","1000 USD",2014,1105774,"Artichokes","no"
NA,"World",NA,NA,"Vegetables","Gross Production Value (constant 2014-2016 thousand US$)","1000 USD",2015,1016462,"Artichokes","no"
NA,"World",NA,NA,"Vegetables","Gross Production Value (constant 2014-2016 thousand US$)","1000 USD",2016,996567,"Artichokes","no"
NA,"World",NA,NA,"Vegetables","Gross Production Value (constant 2014-2016 thousand US$)","1000 USD",2017,1096961,"Artichokes","no"
NA,"World",NA,NA,"Vegetables","Gross Production Value (constant 2014-2016 thousand US$)","1000 USD",2018,1097720,"Artichokes","no"
NA,"World",NA,NA,"Vegetables","Gross Production Value (constant 2014-2016 thousand US$)","1000 USD",2019,1049018,"Artichokes","no"
NA,"World",NA,NA,"Vegetables","Gross Production Value (constant 2014-2016 thousand US$)","1000 USD",2020,983589,"Artichokes","no"
NA,"World",NA,NA,"Vegetables","Gross Production Value (constant 2014-2016 thousand US$)","1000 USD",2021,1058844,"Artichokes","no"
NA,"World",NA,NA,"Vegetables","Gross Production Value (constant 2014-2016 thousand US$)","1000 USD",2022,1022524,"Artichokes","no"
NA,"World",NA,NA,"Vegetables","Gross Production Value (constant 2014-2016 thousand US$)","1000 USD",2023,1019902,"Artichokes","no"
NA,"World",NA,NA,"Vegetables","Gross Production Value (constant 2014-2016 thousand I$)","1000 Int$",1992,2268561,"Asparagus","no"
NA,"World",NA,NA,"Vegetables","Gross Production Value (constant 2014-2016 thousand I$)","1000 Int$",1993,2747851,"Asparagus","no"
NA,"World",NA,NA,"Vegetables","Gross Production Value (constant 2014-2016 thousand I$)","1000 Int$",1994,2970521,"Asparagus","no"
NA,"World",NA,NA,"Vegetables","Gross Production Value (constant 2014-2016 thousand I$)","1000 Int$",1995,3053966,"Asparagus","no"
NA,"World",NA,NA,"Vegetables","Gross Production Value (constant 2014-2016 thousand I$)","1000 Int$",1996,3375174,"Asparagus","no"
NA,"World",NA,NA,"Vegetables","Gross Production Value (constant 2014-2016 thousand I$)","1000 Int$",1997,3556054,"Asparagus","no"
NA,"World",NA,NA,"Vegetables","Gross Production Value (constant 2014-2016 thousand I$)","1000 Int$",1998,3720239,"Asparagus","no"
NA,"World",NA,NA,"Vegetables","Gross Production Value (constant 2014-2016 thousand I$)","1000 Int$",1999,4031875,"Asparagus","no"
NA,"World",NA,NA,"Vegetables","Gross Production Value (constant 2014-2016 thousand I$)","1000 Int$",2000,4723924,"Asparagus","no"
NA,"World",NA,NA,"Vegetables","Gross Production Value (constant 2014-2016 thousand I$)","1000 Int$",2001,5055887,"Asparagus","no"
NA,"World",NA,NA,"Vegetables","Gross Production Value (constant 2014-2016 thousand I$)","1000 Int$",2002,5854718,"Asparagus","no"
NA,"World",NA,NA,"Vegetables","Gross Production Value (constant 2014-2016 thousand I$)","1000 Int$",2003,6384268,"Asparagus","no"
NA,"World",NA,NA,"Vegetables","Gross Production Value (constant 2014-2016 thousand I$)","1000 Int$",2004,6739761,"Asparagus","no"
NA,"World",NA,NA,"Vegetables","Gross Production Value (constant 2014-2016 thousand I$)","1000 Int$",2005,6826328,"Asparagus","no"
NA,"World",NA,NA,"Vegetables","Gross Production Value (constant 2014-2016 thousand I$)","1000 Int$",2006,7056709,"Asparagus","no"
NA,"World",NA,NA,"Vegetables","Gross Production Value (constant 2014-2016 thousand I$)","1000 Int$",2007,7221072,"Asparagus","no"
NA,"World",NA,NA,"Vegetables","Gross Production Value (constant 2014-2016 thousand I$)","1000 Int$",2008,7345642,"Asparagus","no"
NA,"World",NA,NA,"Vegetables","Gross Production Value (constant 2014-2016 thousand I$)","1000 Int$",2009,7496355,"Asparagus","no"
NA,"World",NA,NA,"Vegetables","Gross Production Value (constant 2014-2016 thousand I$)","1000 Int$",2010,7621715,"Asparagus","no"
NA,"World",NA,NA,"Vegetables","Gross Production Value (constant 2014-2016 thousand I$)","1000 Int$",2011,8337846,"Asparagus","no"
NA,"World",NA,NA,"Vegetables","Gross Production Value (constant 2014-2016 thousand I$)","1000 Int$",2012,8431424,"Asparagus","no"
NA,"World",NA,NA,"Vegetables","Gross Production Value (constant 2014-2016 thousand I$)","1000 Int$",2013,8077906,"Asparagus","no"
NA,"World",NA,NA,"Vegetables","Gross Production Value (constant 2014-2016 thousand I$)","1000 Int$",2014,8071442,"Asparagus","no"
NA,"World",NA,NA,"Vegetables","Gross Production Value (constant 2014-2016 thousand I$)","1000 Int$",2015,8839416,"Asparagus","no"
NA,"World",NA,NA,"Vegetables","Gross Production Value (constant 2014-2016 thousand I$)","1000 Int$",2016,8414600,"Asparagus","no"
NA,"World",NA,NA,"Vegetables","Gross Production Value (constant 2014-2016 thousand I$)","1000 Int$",2017,8574005,"Asparagus","no"
NA,"World",NA,NA,"Vegetables","Gross Production Value (constant 2014-2016 thousand I$)","1000 Int$",2018,8673884,"Asparagus","no"
NA,"World",NA,NA,"Vegetables","Gross Production Value (constant 2014-2016 thousand I$)","1000 Int$",2019,8810285,"Asparagus","no"
NA,"World",NA,NA,"Vegetables","Gross Production Value (constant 2014-2016 thousand I$)","1000 Int$",2020,8699090,"Asparagus","no"
NA,"World",NA,NA,"Vegetables","Gross Production Value (constant 2014-2016 thousand I$)","1000 Int$",2021,8774133,"Asparagus","no"
NA,"World",NA,NA,"Vegetables","Gross Production Value (constant 2014-2016 thousand I$)","1000 Int$",2022,8812070,"Asparagus","no"
NA,"World",NA,NA,"Vegetables","Gross Production Value (constant 2014-2016 thousand I$)","1000 Int$",2023,8747692,"Asparagus","no"
NA,"World",NA,NA,"Vegetables","Gross Production Value (constant 2014-2016 thousand US$)","1000 USD",1992,3982506,"Asparagus","no"
NA,"World",NA,NA,"Vegetables","Gross Production Value (constant 2014-2016 thousand US$)","1000 USD",1993,4574550,"Asparagus","no"
NA,"World",NA,NA,"Vegetables","Gross Production Value (constant 2014-2016 thousand US$)","1000 USD",1994,4833480,"Asparagus","no"
NA,"World",NA,NA,"Vegetables","Gross Production Value (constant 2014-2016 thousand US$)","1000 USD",1995,4933518,"Asparagus","no"
NA,"World",NA,NA,"Vegetables","Gross Production Value (constant 2014-2016 thousand US$)","1000 USD",1996,5350916,"Asparagus","no"
NA,"World",NA,NA,"Vegetables","Gross Production Value (constant 2014-2016 thousand US$)","1000 USD",1997,5585880,"Asparagus","no"
NA,"World",NA,NA,"Vegetables","Gross Production Value (constant 2014-2016 thousand US$)","1000 USD",1998,5846094,"Asparagus","no"
NA,"World",NA,NA,"Vegetables","Gross Production Value (constant 2014-2016 thousand US$)","1000 USD",1999,6236844,"Asparagus","no"
NA,"World",NA,NA,"Vegetables","Gross Production Value (constant 2014-2016 thousand US$)","1000 USD",2000,7249938,"Asparagus","no"
NA,"World",NA,NA,"Vegetables","Gross Production Value (constant 2014-2016 thousand US$)","1000 USD",2001,7655571,"Asparagus","no"
NA,"World",NA,NA,"Vegetables","Gross Production Value (constant 2014-2016 thousand US$)","1000 USD",2002,8709745,"Asparagus","no"
NA,"World",NA,NA,"Vegetables","Gross Production Value (constant 2014-2016 thousand US$)","1000 USD",2003,9400738,"Asparagus","no"
NA,"World",NA,NA,"Vegetables","Gross Production Value (constant 2014-2016 thousand US$)","1000 USD",2004,9924672,"Asparagus","no"
NA,"World",NA,NA,"Vegetables","Gross Production Value (constant 2014-2016 thousand US$)","1000 USD",2005,10040940,"Asparagus","no"
NA,"World",NA,NA,"Vegetables","Gross Production Value (constant 2014-2016 thousand US$)","1000 USD",2006,10275576,"Asparagus","no"
NA,"World",NA,NA,"Vegetables","Gross Production Value (constant 2014-2016 thousand US$)","1000 USD",2007,10529407,"Asparagus","no"
NA,"World",NA,NA,"Vegetables","Gross Production Value (constant 2014-2016 thousand US$)","1000 USD",2008,10672853,"Asparagus","no"
NA,"World",NA,NA,"Vegetables","Gross Production Value (constant 2014-2016 thousand US$)","1000 USD",2009,10898970,"Asparagus","no"
NA,"World",NA,NA,"Vegetables","Gross Production Value (constant 2014-2016 thousand US$)","1000 USD",2010,11040675,"Asparagus","no"
NA,"World",NA,NA,"Vegetables","Gross Production Value (constant 2014-2016 thousand US$)","1000 USD",2011,12012282,"Asparagus","no"
NA,"World",NA,NA,"Vegetables","Gross Production Value (constant 2014-2016 thousand US$)","1000 USD",2012,12129091,"Asparagus","no"
NA,"World",NA,NA,"Vegetables","Gross Production Value (constant 2014-2016 thousand US$)","1000 USD",2013,11658830,"Asparagus","no"
NA,"World",NA,NA,"Vegetables","Gross Production Value (constant 2014-2016 thousand US$)","1000 USD",2014,11743527,"Asparagus","no"
NA,"World",NA,NA,"Vegetables","Gross Production Value (constant 2014-2016 thousand US$)","1000 USD",2015,12775283,"Asparagus","no"
NA,"World",NA,NA,"Vegetables","Gross Production Value (constant 2014-2016 thousand US$)","1000 USD",2016,12287502,"Asparagus","no"
NA,"World",NA,NA,"Vegetables","Gross Production Value (constant 2014-2016 thousand US$)","1000 USD",2017,12559991,"Asparagus","no"
NA,"World",NA,NA,"Vegetables","Gross Production Value (constant 2014-2016 thousand US$)","1000 USD",2018,12724745,"Asparagus","no"
NA,"World",NA,NA,"Vegetables","Gross Production Value (constant 2014-2016 thousand US$)","1000 USD",2019,12898495,"Asparagus","no"
NA,"World",NA,NA,"Vegetables","Gross Production Value (constant 2014-2016 thousand US$)","1000 USD",2020,12711997,"Asparagus","no"
NA,"World",NA,NA,"Vegetables","Gross Production Value (constant 2014-2016 thousand US$)","1000 USD",2021,12823861,"Asparagus","no"
NA,"World",NA,NA,"Vegetables","Gross Production Value (constant 2014-2016 thousand US$)","1000 USD",2022,12847365,"Asparagus","no"
NA,"World",NA,NA,"Vegetables","Gross Production Value (constant 2014-2016 thousand US$)","1000 USD",2023,12779820,"Asparagus","no"
NA,"World",NA,NA,"Fruits and nuts","Gross Production Value (constant 2014-2016 thousand I$)","1000 Int$",1992,1959035,"Avocados","no"
NA,"World",NA,NA,"Fruits and nuts","Gross Production Value (constant 2014-2016 thousand I$)","1000 Int$",1993,1806598,"Avocados","no"
NA,"World",NA,NA,"Fruits and nuts","Gross Production Value (constant 2014-2016 thousand I$)","1000 Int$",1994,1908234,"Avocados","no"
NA,"World",NA,NA,"Fruits and nuts","Gross Production Value (constant 2014-2016 thousand I$)","1000 Int$",1995,1953336,"Avocados","no"
NA,"World",NA,NA,"Fruits and nuts","Gross Production Value (constant 2014-2016 thousand I$)","1000 Int$",1996,2042926,"Avocados","no"
NA,"World",NA,NA,"Fruits and nuts","Gross Production Value (constant 2014-2016 thousand I$)","1000 Int$",1997,2010535,"Avocados","no"
NA,"World",NA,NA,"Fruits and nuts","Gross Production Value (constant 2014-2016 thousand I$)","1000 Int$",1998,2167213,"Avocados","no"
NA,"World",NA,NA,"Fruits and nuts","Gross Production Value (constant 2014-2016 thousand I$)","1000 Int$",1999,2256207,"Avocados","no"
NA,"World",NA,NA,"Fruits and nuts","Gross Production Value (constant 2014-2016 thousand I$)","1000 Int$",2000,2471359,"Avocados","no"
NA,"World",NA,NA,"Fruits and nuts","Gross Production Value (constant 2014-2016 thousand I$)","1000 Int$",2001,2523357,"Avocados","no"
NA,"World",NA,NA,"Fruits and nuts","Gross Production Value (constant 2014-2016 thousand I$)","1000 Int$",2002,2688458,"Avocados","no"
NA,"World",NA,NA,"Fruits and nuts","Gross Production Value (constant 2014-2016 thousand I$)","1000 Int$",2003,2851222,"Avocados","no"
NA,"World",NA,NA,"Fruits and nuts","Gross Production Value (constant 2014-2016 thousand I$)","1000 Int$",2004,2890350,"Avocados","no"
NA,"World",NA,NA,"Fruits and nuts","Gross Production Value (constant 2014-2016 thousand I$)","1000 Int$",2005,3062505,"Avocados","no"
NA,"World",NA,NA,"Fruits and nuts","Gross Production Value (constant 2014-2016 thousand I$)","1000 Int$",2006,3263259,"Avocados","no"
NA,"World",NA,NA,"Fruits and nuts","Gross Production Value (constant 2014-2016 thousand I$)","1000 Int$",2007,3212449,"Avocados","no"
NA,"World",NA,NA,"Fruits and nuts","Gross Production Value (constant 2014-2016 thousand I$)","1000 Int$",2008,3056243,"Avocados","no"
NA,"World",NA,NA,"Fruits and nuts","Gross Production Value (constant 2014-2016 thousand I$)","1000 Int$",2009,3479337,"Avocados","no"
NA,"World",NA,NA,"Fruits and nuts","Gross Production Value (constant 2014-2016 thousand I$)","1000 Int$",2010,3472600,"Avocados","no"
NA,"World",NA,NA,"Fruits and nuts","Gross Production Value (constant 2014-2016 thousand I$)","1000 Int$",2011,3738375,"Avocados","no"
NA,"World",NA,NA,"Fruits and nuts","Gross Production Value (constant 2014-2016 thousand I$)","1000 Int$",2012,3962582,"Avocados","no"
NA,"World",NA,NA,"Fruits and nuts","Gross Production Value (constant 2014-2016 thousand I$)","1000 Int$",2013,4171421,"Avocados","no"
NA,"World",NA,NA,"Fruits and nuts","Gross Production Value (constant 2014-2016 thousand I$)","1000 Int$",2014,4650909,"Avocados","no"
NA,"World",NA,NA,"Fruits and nuts","Gross Production Value (constant 2014-2016 thousand I$)","1000 Int$",2015,4912024,"Avocados","no"
NA,"World",NA,NA,"Fruits and nuts","Gross Production Value (constant 2014-2016 thousand I$)","1000 Int$",2016,5388524,"Avocados","no"
NA,"World",NA,NA,"Fruits and nuts","Gross Production Value (constant 2014-2016 thousand I$)","1000 Int$",2017,5695494,"Avocados","no"
NA,"World",NA,NA,"Fruits and nuts","Gross Production Value (constant 2014-2016 thousand I$)","1000 Int$",2018,6179311,"Avocados","no"
NA,"World",NA,NA,"Fruits and nuts","Gross Production Value (constant 2014-2016 thousand I$)","1000 Int$",2019,6523761,"Avocados","no"
NA,"World",NA,NA,"Fruits and nuts","Gross Production Value (constant 2014-2016 thousand I$)","1000 Int$",2020,7401486,"Avocados","no"
NA,"World",NA,NA,"Fruits and nuts","Gross Production Value (constant 2014-2016 thousand I$)","1000 Int$",2021,7927031,"Avocados","no"
NA,"World",NA,NA,"Fruits and nuts","Gross Production Value (constant 2014-2016 thousand I$)","1000 Int$",2022,8591748,"Avocados","no"
NA,"World",NA,NA,"Fruits and nuts","Gross Production Value (constant 2014-2016 thousand I$)","1000 Int$",2023,9439932,"Avocados","no"
NA,"World",NA,NA,"Fruits and nuts","Gross Production Value (constant 2014-2016 thousand US$)","1000 USD",1992,2216265,"Avocados","no"
NA,"World",NA,NA,"Fruits and nuts","Gross Production Value (constant 2014-2016 thousand US$)","1000 USD",1993,1807335,"Avocados","no"
NA,"World",NA,NA,"Fruits and nuts","Gross Production Value (constant 2014-2016 thousand US$)","1000 USD",1994,1976579,"Avocados","no"
NA,"World",NA,NA,"Fruits and nuts","Gross Production Value (constant 2014-2016 thousand US$)","1000 USD",1995,2015757,"Avocados","no"
NA,"World",NA,NA,"Fruits and nuts","Gross Production Value (constant 2014-2016 thousand US$)","1000 USD",1996,2207823,"Avocados","no"
NA,"World",NA,NA,"Fruits and nuts","Gross Production Value (constant 2014-2016 thousand US$)","1000 USD",1997,2147790,"Avocados","no"
NA,"World",NA,NA,"Fruits and nuts","Gross Production Value (constant 2014-2016 thousand US$)","1000 USD",1998,2343223,"Avocados","no"
NA,"World",NA,NA,"Fruits and nuts","Gross Production Value (constant 2014-2016 thousand US$)","1000 USD",1999,2418530,"Avocados","no"
NA,"World",NA,NA,"Fruits and nuts","Gross Production Value (constant 2014-2016 thousand US$)","1000 USD",2000,2687128,"Avocados","no"
NA,"World",NA,NA,"Fruits and nuts","Gross Production Value (constant 2014-2016 thousand US$)","1000 USD",2001,2755700,"Avocados","no"
NA,"World",NA,NA,"Fruits and nuts","Gross Production Value (constant 2014-2016 thousand US$)","1000 USD",2002,2864885,"Avocados","no"
NA,"World",NA,NA,"Fruits and nuts","Gross Production Value (constant 2014-2016 thousand US$)","1000 USD",2003,2975437,"Avocados","no"
NA,"World",NA,NA,"Fruits and nuts","Gross Production Value (constant 2014-2016 thousand US$)","1000 USD",2004,3037967,"Avocados","no"
NA,"World",NA,NA,"Fruits and nuts","Gross Production Value (constant 2014-2016 thousand US$)","1000 USD",2005,3397048,"Avocados","no"
NA,"World",NA,NA,"Fruits and nuts","Gross Production Value (constant 2014-2016 thousand US$)","1000 USD",2006,3491928,"Avocados","no"
NA,"World",NA,NA,"Fruits and nuts","Gross Production Value (constant 2014-2016 thousand US$)","1000 USD",2007,3425759,"Avocados","no"
NA,"World",NA,NA,"Fruits and nuts","Gross Production Value (constant 2014-2016 thousand US$)","1000 USD",2008,2966571,"Avocados","no"
NA,"World",NA,NA,"Fruits and nuts","Gross Production Value (constant 2014-2016 thousand US$)","1000 USD",2009,3774043,"Avocados","no"
NA,"World",NA,NA,"Fruits and nuts","Gross Production Value (constant 2014-2016 thousand US$)","1000 USD",2010,3412747,"Avocados","no"
NA,"World",NA,NA,"Fruits and nuts","Gross Production Value (constant 2014-2016 thousand US$)","1000 USD",2011,3653241,"Avocados","no"
NA,"World",NA,NA,"Fruits and nuts","Gross Production Value (constant 2014-2016 thousand US$)","1000 USD",2012,3962070,"Avocados","no"
NA,"World",NA,NA,"Fruits and nuts","Gross Production Value (constant 2014-2016 thousand US$)","1000 USD",2013,3958805,"Avocados","no"
NA,"World",NA,NA,"Fruits and nuts","Gross Production Value (constant 2014-2016 thousand US$)","1000 USD",2014,4262902,"Avocados","no"
NA,"World",NA,NA,"Fruits and nuts","Gross Production Value (constant 2014-2016 thousand US$)","1000 USD",2015,4600645,"Avocados","no"
NA,"World",NA,NA,"Fruits and nuts","Gross Production Value (constant 2014-2016 thousand US$)","1000 USD",2016,4843883,"Avocados","no"
NA,"World",NA,NA,"Fruits and nuts","Gross Production Value (constant 2014-2016 thousand US$)","1000 USD",2017,5164175,"Avocados","no"
NA,"World",NA,NA,"Fruits and nuts","Gross Production Value (constant 2014-2016 thousand US$)","1000 USD",2018,5465199,"Avocados","no"
NA,"World",NA,NA,"Fruits and nuts","Gross Production Value (constant 2014-2016 thousand US$)","1000 USD",2019,5770972,"Avocados","no"
NA,"World",NA,NA,"Fruits and nuts","Gross Production Value (constant 2014-2016 thousand US$)","1000 USD",2020,6492612,"Avocados","no"
NA,"World",NA,NA,"Fruits and nuts","Gross Production Value (constant 2014-2016 thousand US$)","1000 USD",2021,6855992,"Avocados","no"
NA,"World",NA,NA,"Fruits and nuts","Gross Production Value (constant 2014-2016 thousand US$)","1000 USD",2022,7420076,"Avocados","no"
NA,"World",NA,NA,"Fruits and nuts","Gross Production Value (constant 2014-2016 thousand US$)","1000 USD",2023,8082754,"Avocados","no"
NA,"World",NA,NA,"Non-wood forest products","Gross Production Value (constant 2014-2016 thousand US$)","1000 USD",1992,0,"Balata, gutta-percha, guayule, chicle and similar natural gums in primary forms or in plates, sheets or strip","no"
NA,"World",NA,NA,"Non-wood forest products","Gross Production Value (constant 2014-2016 thousand US$)","1000 USD",1993,0,"Balata, gutta-percha, guayule, chicle and similar natural gums in primary forms or in plates, sheets or strip","no"
NA,"World",NA,NA,"Non-wood forest products","Gross Production Value (constant 2014-2016 thousand US$)","1000 USD",1994,0,"Balata, gutta-percha, guayule, chicle and similar natural gums in primary forms or in plates, sheets or strip","no"
NA,"World",NA,NA,"Non-wood forest products","Gross Production Value (constant 2014-2016 thousand US$)","1000 USD",1995,0,"Balata, gutta-percha, guayule, chicle and similar natural gums in primary forms or in plates, sheets or strip","no"
NA,"World",NA,NA,"Non-wood forest products","Gross Production Value (constant 2014-2016 thousand US$)","1000 USD",1996,0,"Balata, gutta-percha, guayule, chicle and similar natural gums in primary forms or in plates, sheets or strip","no"
NA,"World",NA,NA,"Non-wood forest products","Gross Production Value (constant 2014-2016 thousand US$)","1000 USD",1997,0,"Balata, gutta-percha, guayule, chicle and similar natural gums in primary forms or in plates, sheets or strip","no"
NA,"World",NA,NA,"Non-wood forest products","Gross Production Value (constant 2014-2016 thousand US$)","1000 USD",1998,0,"Balata, gutta-percha, guayule, chicle and similar natural gums in primary forms or in plates, sheets or strip","no"
NA,"World",NA,NA,"Non-wood forest products","Gross Production Value (constant 2014-2016 thousand US$)","1000 USD",1999,0,"Balata, gutta-percha, guayule, chicle and similar natural gums in primary forms or in plates, sheets or strip","no"
NA,"World",NA,NA,"Non-wood forest products","Gross Production Value (constant 2014-2016 thousand US$)","1000 USD",2000,0,"Balata, gutta-percha, guayule, chicle and similar natural gums in primary forms or in plates, sheets or strip","no"
NA,"World",NA,NA,"Non-wood forest products","Gross Production Value (constant 2014-2016 thousand US$)","1000 USD",2001,0,"Balata, gutta-percha, guayule, chicle and similar natural gums in primary forms or in plates, sheets or strip","no"
NA,"World",NA,NA,"Non-wood forest products","Gross Production Value (constant 2014-2016 thousand US$)","1000 USD",2002,0,"Balata, gutta-percha, guayule, chicle and similar natural gums in primary forms or in plates, sheets or strip","no"
NA,"World",NA,NA,"Non-wood forest products","Gross Production Value (constant 2014-2016 thousand US$)","1000 USD",2003,0,"Balata, gutta-percha, guayule, chicle and similar natural gums in primary forms or in plates, sheets or strip","no"
NA,"World",NA,NA,"Non-wood forest products","Gross Production Value (constant 2014-2016 thousand US$)","1000 USD",2004,0,"Balata, gutta-percha, guayule, chicle and similar natural gums in primary forms or in plates, sheets or strip","no"
NA,"World",NA,NA,"Non-wood forest products","Gross Production Value (constant 2014-2016 thousand US$)","1000 USD",2005,0,"Balata, gutta-percha, guayule, chicle and similar natural gums in primary forms or in plates, sheets or strip","no"
NA,"World",NA,NA,"Non-wood forest products","Gross Production Value (constant 2014-2016 thousand US$)","1000 USD",2006,0,"Balata, gutta-percha, guayule, chicle and similar natural gums in primary forms or in plates, sheets or strip","no"
NA,"World",NA,NA,"Non-wood forest products","Gross Production Value (constant 2014-2016 thousand US$)","1000 USD",2007,0,"Balata, gutta-percha, guayule, chicle and similar natural gums in primary forms or in plates, sheets or strip","no"
NA,"World",NA,NA,"Non-wood forest products","Gross Production Value (constant 2014-2016 thousand US$)","1000 USD",2008,0,"Balata, gutta-percha, guayule, chicle and similar natural gums in primary forms or in plates, sheets or strip","no"
NA,"World",NA,NA,"Non-wood forest products","Gross Production Value (constant 2014-2016 thousand US$)","1000 USD",2009,0,"Balata, gutta-percha, guayule, chicle and similar natural gums in primary forms or in plates, sheets or strip","no"
NA,"World",NA,NA,"Non-wood forest products","Gross Production Value (constant 2014-2016 thousand US$)","1000 USD",2010,0,"Balata, gutta-percha, guayule, chicle and similar natural gums in primary forms or in plates, sheets or strip","no"
NA,"World",NA,NA,"Non-wood forest products","Gross Production Value (constant 2014-2016 thousand US$)","1000 USD",2011,0,"Balata, gutta-percha, guayule, chicle and similar natural gums in primary forms or in plates, sheets or strip","no"
NA,"World",NA,NA,"Non-wood forest products","Gross Production Value (constant 2014-2016 thousand US$)","1000 USD",2012,0,"Balata, gutta-percha, guayule, chicle and similar natural gums in primary forms or in plates, sheets or strip","no"
NA,"World",NA,NA,"Non-wood forest products","Gross Production Value (constant 2014-2016 thousand US$)","1000 USD",2013,0,"Balata, gutta-percha, guayule, chicle and similar natural gums in primary forms or in plates, sheets or strip","no"
NA,"World",NA,NA,"Non-wood forest products","Gross Production Value (constant 2014-2016 thousand US$)","1000 USD",2014,0,"Balata, gutta-percha, guayule, chicle and similar natural gums in primary forms or in plates, sheets or strip","no"
NA,"World",NA,NA,"Non-wood forest products","Gross Production Value (constant 2014-2016 thousand US$)","1000 USD",2015,0,"Balata, gutta-percha, guayule, chicle and similar natural gums in primary forms or in plates, sheets or strip","no"
NA,"World",NA,NA,"Non-wood forest products","Gross Production Value (constant 2014-2016 thousand US$)","1000 USD",2016,0,"Balata, gutta-percha, guayule, chicle and similar natural gums in primary forms or in plates, sheets or strip","no"
NA,"World",NA,NA,"Non-wood forest products","Gross Production Value (constant 2014-2016 thousand US$)","1000 USD",2017,0,"Balata, gutta-percha, guayule, chicle and similar natural gums in primary forms or in plates, sheets or strip","no"
NA,"World",NA,NA,"Non-wood forest products","Gross Production Value (constant 2014-2016 thousand US$)","1000 USD",2018,0,"Balata, gutta-percha, guayule, chicle and similar natural gums in primary forms or in plates, sheets or strip","no"
NA,"World",NA,NA,"Non-wood forest products","Gross Production Value (constant 2014-2016 thousand US$)","1000 USD",2019,0,"Balata, gutta-percha, guayule, chicle and similar natural gums in primary forms or in plates, sheets or strip","no"
NA,"World",NA,NA,"Non-wood forest products","Gross Production Value (constant 2014-2016 thousand US$)","1000 USD",2020,0,"Balata, gutta-percha, guayule, chicle and similar natural gums in primary forms or in plates, sheets or strip","no"
NA,"World",NA,NA,"Non-wood forest products","Gross Production Value (constant 2014-2016 thousand US$)","1000 USD",2021,0,"Balata, gutta-percha, guayule, chicle and similar natural gums in primary forms or in plates, sheets or strip","no"
NA,"World",NA,NA,"Non-wood forest products","Gross Production Value (constant 2014-2016 thousand US$)","1000 USD",2022,0,"Balata, gutta-percha, guayule, chicle and similar natural gums in primary forms or in plates, sheets or strip","no"
NA,"World",NA,NA,"Non-wood forest products","Gross Production Value (constant 2014-2016 thousand US$)","1000 USD",2023,0,"Balata, gutta-percha, guayule, chicle and similar natural gums in primary forms or in plates, sheets or strip","no"
NA,"World",NA,NA,"Pulses (dried leguminous vegetables)","Gross Production Value (constant 2014-2016 thousand I$)","1000 Int$",1992,33204,"Bambara beans","no"
NA,"World",NA,NA,"Pulses (dried leguminous vegetables)","Gross Production Value (constant 2014-2016 thousand I$)","1000 Int$",1993,37048,"Bambara beans","no"
NA,"World",NA,NA,"Pulses (dried leguminous vegetables)","Gross Production Value (constant 2014-2016 thousand I$)","1000 Int$",1994,39771,"Bambara beans","no"
NA,"World",NA,NA,"Pulses (dried leguminous vegetables)","Gross Production Value (constant 2014-2016 thousand I$)","1000 Int$",1995,52849,"Bambara beans","no"
NA,"World",NA,NA,"Pulses (dried leguminous vegetables)","Gross Production Value (constant 2014-2016 thousand I$)","1000 Int$",1996,42158,"Bambara beans","no"
NA,"World",NA,NA,"Pulses (dried leguminous vegetables)","Gross Production Value (constant 2014-2016 thousand I$)","1000 Int$",1997,26927,"Bambara beans","no"
NA,"World",NA,NA,"Pulses (dried leguminous vegetables)","Gross Production Value (constant 2014-2016 thousand I$)","1000 Int$",1998,30621,"Bambara beans","no"
NA,"World",NA,NA,"Pulses (dried leguminous vegetables)","Gross Production Value (constant 2014-2016 thousand I$)","1000 Int$",1999,35486,"Bambara beans","no"
NA,"World",NA,NA,"Pulses (dried leguminous vegetables)","Gross Production Value (constant 2014-2016 thousand I$)","1000 Int$",2000,27265,"Bambara beans","no"
NA,"World",NA,NA,"Pulses (dried leguminous vegetables)","Gross Production Value (constant 2014-2016 thousand I$)","1000 Int$",2001,32119,"Bambara beans","no"
NA,"World",NA,NA,"Pulses (dried leguminous vegetables)","Gross Production Value (constant 2014-2016 thousand I$)","1000 Int$",2002,35965,"Bambara beans","no"
NA,"World",NA,NA,"Pulses (dried leguminous vegetables)","Gross Production Value (constant 2014-2016 thousand I$)","1000 Int$",2003,39106,"Bambara beans","no"
NA,"World",NA,NA,"Pulses (dried leguminous vegetables)","Gross Production Value (constant 2014-2016 thousand I$)","1000 Int$",2004,31798,"Bambara beans","no"
NA,"World",NA,NA,"Pulses (dried leguminous vegetables)","Gross Production Value (constant 2014-2016 thousand I$)","1000 Int$",2005,41497,"Bambara beans","no"
NA,"World",NA,NA,"Pulses (dried leguminous vegetables)","Gross Production Value (constant 2014-2016 thousand I$)","1000 Int$",2006,43496,"Bambara beans","no"
NA,"World",NA,NA,"Pulses (dried leguminous vegetables)","Gross Production Value (constant 2014-2016 thousand I$)","1000 Int$",2007,43747,"Bambara beans","no"
NA,"World",NA,NA,"Pulses (dried leguminous vegetables)","Gross Production Value (constant 2014-2016 thousand I$)","1000 Int$",2008,58302,"Bambara beans","no"
NA,"World",NA,NA,"Pulses (dried leguminous vegetables)","Gross Production Value (constant 2014-2016 thousand I$)","1000 Int$",2009,60077,"Bambara beans","no"
NA,"World",NA,NA,"Pulses (dried leguminous vegetables)","Gross Production Value (constant 2014-2016 thousand I$)","1000 Int$",2010,66568,"Bambara beans","no"
NA,"World",NA,NA,"Pulses (dried leguminous vegetables)","Gross Production Value (constant 2014-2016 thousand I$)","1000 Int$",2011,60702,"Bambara beans","no"
NA,"World",NA,NA,"Pulses (dried leguminous vegetables)","Gross Production Value (constant 2014-2016 thousand I$)","1000 Int$",2012,75986,"Bambara beans","no"
NA,"World",NA,NA,"Pulses (dried leguminous vegetables)","Gross Production Value (constant 2014-2016 thousand I$)","1000 Int$",2013,76533,"Bambara beans","no"
NA,"World",NA,NA,"Pulses (dried leguminous vegetables)","Gross Production Value (constant 2014-2016 thousand I$)","1000 Int$",2014,81622,"Bambara beans","no"
NA,"World",NA,NA,"Pulses (dried leguminous vegetables)","Gross Production Value (constant 2014-2016 thousand I$)","1000 Int$",2015,84001,"Bambara beans","no"
NA,"World",NA,NA,"Pulses (dried leguminous vegetables)","Gross Production Value (constant 2014-2016 thousand I$)","1000 Int$",2016,84220,"Bambara beans","no"
NA,"World",NA,NA,"Pulses (dried leguminous vegetables)","Gross Production Value (constant 2014-2016 thousand I$)","1000 Int$",2017,88221,"Bambara beans","no"
NA,"World",NA,NA,"Pulses (dried leguminous vegetables)","Gross Production Value (constant 2014-2016 thousand I$)","1000 Int$",2018,96719,"Bambara beans","no"
NA,"World",NA,NA,"Pulses (dried leguminous vegetables)","Gross Production Value (constant 2014-2016 thousand I$)","1000 Int$",2019,97504,"Bambara beans","no"
NA,"World",NA,NA,"Pulses (dried leguminous vegetables)","Gross Production Value (constant 2014-2016 thousand I$)","1000 Int$",2020,108150,"Bambara beans","no"
NA,"World",NA,NA,"Pulses (dried leguminous vegetables)","Gross Production Value (constant 2014-2016 thousand I$)","1000 Int$",2021,95007,"Bambara beans","no"
NA,"World",NA,NA,"Pulses (dried leguminous vegetables)","Gross Production Value (constant 2014-2016 thousand I$)","1000 Int$",2022,111492,"Bambara beans","no"
NA,"World",NA,NA,"Pulses (dried leguminous vegetables)","Gross Production Value (constant 2014-2016 thousand I$)","1000 Int$",2023,111603,"Bambara beans","no"
NA,"World",NA,NA,"Pulses (dried leguminous vegetables)","Gross Production Value (constant 2014-2016 thousand US$)","1000 USD",1992,21165,"Bambara beans","no"
NA,"World",NA,NA,"Pulses (dried leguminous vegetables)","Gross Production Value (constant 2014-2016 thousand US$)","1000 USD",1993,23166,"Bambara beans","no"
NA,"World",NA,NA,"Pulses (dried leguminous vegetables)","Gross Production Value (constant 2014-2016 thousand US$)","1000 USD",1994,30998,"Bambara beans","no"
NA,"World",NA,NA,"Pulses (dried leguminous vegetables)","Gross Production Value (constant 2014-2016 thousand US$)","1000 USD",1995,48771,"Bambara beans","no"
NA,"World",NA,NA,"Pulses (dried leguminous vegetables)","Gross Production Value (constant 2014-2016 thousand US$)","1000 USD",1996,36441,"Bambara beans","no"
NA,"World",NA,NA,"Pulses (dried leguminous vegetables)","Gross Production Value (constant 2014-2016 thousand US$)","1000 USD",1997,17567,"Bambara beans","no"
NA,"World",NA,NA,"Pulses (dried leguminous vegetables)","Gross Production Value (constant 2014-2016 thousand US$)","1000 USD",1998,16652,"Bambara beans","no"
NA,"World",NA,NA,"Pulses (dried leguminous vegetables)","Gross Production Value (constant 2014-2016 thousand US$)","1000 USD",1999,18394,"Bambara beans","no"
NA,"World",NA,NA,"Pulses (dried leguminous vegetables)","Gross Production Value (constant 2014-2016 thousand US$)","1000 USD",2000,14859,"Bambara beans","no"
NA,"World",NA,NA,"Pulses (dried leguminous vegetables)","Gross Production Value (constant 2014-2016 thousand US$)","1000 USD",2001,17366,"Bambara beans","no"
NA,"World",NA,NA,"Pulses (dried leguminous vegetables)","Gross Production Value (constant 2014-2016 thousand US$)","1000 USD",2002,23421,"Bambara beans","no"
NA,"World",NA,NA,"Pulses (dried leguminous vegetables)","Gross Production Value (constant 2014-2016 thousand US$)","1000 USD",2003,19403,"Bambara beans","no"
NA,"World",NA,NA,"Pulses (dried leguminous vegetables)","Gross Production Value (constant 2014-2016 thousand US$)","1000 USD",2004,16659,"Bambara beans","no"
NA,"World",NA,NA,"Pulses (dried leguminous vegetables)","Gross Production Value (constant 2014-2016 thousand US$)","1000 USD",2005,19735,"Bambara beans","no"
NA,"World",NA,NA,"Pulses (dried leguminous vegetables)","Gross Production Value (constant 2014-2016 thousand US$)","1000 USD",2006,22737,"Bambara beans","no"
NA,"World",NA,NA,"Pulses (dried leguminous vegetables)","Gross Production Value (constant 2014-2016 thousand US$)","1000 USD",2007,21513,"Bambara beans","no"
NA,"World",NA,NA,"Pulses (dried leguminous vegetables)","Gross Production Value (constant 2014-2016 thousand US$)","1000 USD",2008,31204,"Bambara beans","no"
NA,"World",NA,NA,"Pulses (dried leguminous vegetables)","Gross Production Value (constant 2014-2016 thousand US$)","1000 USD",2009,35291,"Bambara beans","no"
NA,"World",NA,NA,"Pulses (dried leguminous vegetables)","Gross Production Value (constant 2014-2016 thousand US$)","1000 USD",2010,36721,"Bambara beans","no"
NA,"World",NA,NA,"Pulses (dried leguminous vegetables)","Gross Production Value (constant 2014-2016 thousand US$)","1000 USD",2011,31607,"Bambara beans","no"
NA,"World",NA,NA,"Pulses (dried leguminous vegetables)","Gross Production Value (constant 2014-2016 thousand US$)","1000 USD",2012,34530,"Bambara beans","no"
NA,"World",NA,NA,"Pulses (dried leguminous vegetables)","Gross Production Value (constant 2014-2016 thousand US$)","1000 USD",2013,37733,"Bambara beans","no"
NA,"World",NA,NA,"Pulses (dried leguminous vegetables)","Gross Production Value (constant 2014-2016 thousand US$)","1000 USD",2014,44956,"Bambara beans","no"
NA,"World",NA,NA,"Pulses (dried leguminous vegetables)","Gross Production Value (constant 2014-2016 thousand US$)","1000 USD",2015,47447,"Bambara beans","no"
NA,"World",NA,NA,"Pulses (dried leguminous vegetables)","Gross Production Value (constant 2014-2016 thousand US$)","1000 USD",2016,47246,"Bambara beans","no"
NA,"World",NA,NA,"Pulses (dried leguminous vegetables)","Gross Production Value (constant 2014-2016 thousand US$)","1000 USD",2017,49791,"Bambara beans","no"
NA,"World",NA,NA,"Pulses (dried leguminous vegetables)","Gross Production Value (constant 2014-2016 thousand US$)","1000 USD",2018,57167,"Bambara beans","no"
NA,"World",NA,NA,"Pulses (dried leguminous vegetables)","Gross Production Value (constant 2014-2016 thousand US$)","1000 USD",2019,54727,"Bambara beans","no"
NA,"World",NA,NA,"Pulses (dried leguminous vegetables)","Gross Production Value (constant 2014-2016 thousand US$)","1000 USD",2020,64982,"Bambara beans","no"
NA,"World",NA,NA,"Pulses (dried leguminous vegetables)","Gross Production Value (constant 2014-2016 thousand US$)","1000 USD",2021,51215,"Bambara beans","no"
NA,"World",NA,NA,"Pulses (dried leguminous vegetables)","Gross Production Value (constant 2014-2016 thousand US$)","1000 USD",2022,65271,"Bambara beans","no"
NA,"World",NA,NA,"Pulses (dried leguminous vegetables)","Gross Production Value (constant 2014-2016 thousand US$)","1000 USD",2023,66248,"Bambara beans","no"
NA,"World",NA,NA,"Fruits and nuts","Gross Production Value (constant 2014-2016 thousand I$)","1000 Int$",1992,19542282,"Bananas","no"
NA,"World",NA,NA,"Fruits and nuts","Gross Production Value (constant 2014-2016 thousand I$)","1000 Int$",1993,19770723,"Bananas","no"
NA,"World",NA,NA,"Fruits and nuts","Gross Production Value (constant 2014-2016 thousand I$)","1000 Int$",1994,20381493,"Bananas","no"
NA,"World",NA,NA,"Fruits and nuts","Gross Production Value (constant 2014-2016 thousand I$)","1000 Int$",1995,20610556,"Bananas","no"
NA,"World",NA,NA,"Fruits and nuts","Gross Production Value (constant 2014-2016 thousand I$)","1000 Int$",1996,20271861,"Bananas","no"
NA,"World",NA,NA,"Fruits and nuts","Gross Production Value (constant 2014-2016 thousand I$)","1000 Int$",1997,21954360,"Bananas","no"
NA,"World",NA,NA,"Fruits and nuts","Gross Production Value (constant 2014-2016 thousand I$)","1000 Int$",1998,22740751,"Bananas","no"
NA,"World",NA,NA,"Fruits and nuts","Gross Production Value (constant 2014-2016 thousand I$)","1000 Int$",1999,24565209,"Bananas","no"
NA,"World",NA,NA,"Fruits and nuts","Gross Production Value (constant 2014-2016 thousand I$)","1000 Int$",2000,23565017,"Bananas","no"
NA,"World",NA,NA,"Fruits and nuts","Gross Production Value (constant 2014-2016 thousand I$)","1000 Int$",2001,24566357,"Bananas","no"
NA,"World",NA,NA,"Fruits and nuts","Gross Production Value (constant 2014-2016 thousand I$)","1000 Int$",2002,25569312,"Bananas","no"
NA,"World",NA,NA,"Fruits and nuts","Gross Production Value (constant 2014-2016 thousand I$)","1000 Int$",2003,26331221,"Bananas","no"
NA,"World",NA,NA,"Fruits and nuts","Gross Production Value (constant 2014-2016 thousand I$)","1000 Int$",2004,27897807,"Bananas","no"
NA,"World",NA,NA,"Fruits and nuts","Gross Production Value (constant 2014-2016 thousand I$)","1000 Int$",2005,29427178,"Bananas","no"
NA,"World",NA,NA,"Fruits and nuts","Gross Production Value (constant 2014-2016 thousand I$)","1000 Int$",2006,31191471,"Bananas","no"
NA,"World",NA,NA,"Fruits and nuts","Gross Production Value (constant 2014-2016 thousand I$)","1000 Int$",2007,33167895,"Bananas","no"
NA,"World",NA,NA,"Fruits and nuts","Gross Production Value (constant 2014-2016 thousand I$)","1000 Int$",2008,34668237,"Bananas","no"
NA,"World",NA,NA,"Fruits and nuts","Gross Production Value (constant 2014-2016 thousand I$)","1000 Int$",2009,36167941,"Bananas","no"
NA,"World",NA,NA,"Fruits and nuts","Gross Production Value (constant 2014-2016 thousand I$)","1000 Int$",2010,38915323,"Bananas","no"
NA,"World",NA,NA,"Fruits and nuts","Gross Production Value (constant 2014-2016 thousand I$)","1000 Int$",2011,39117068,"Bananas","no"
NA,"World",NA,NA,"Fruits and nuts","Gross Production Value (constant 2014-2016 thousand I$)","1000 Int$",2012,38635855,"Bananas","no"
NA,"World",NA,NA,"Fruits and nuts","Gross Production Value (constant 2014-2016 thousand I$)","1000 Int$",2013,39734621,"Bananas","no"
NA,"World",NA,NA,"Fruits and nuts","Gross Production Value (constant 2014-2016 thousand I$)","1000 Int$",2014,39822715,"Bananas","no"
NA,"World",NA,NA,"Fruits and nuts","Gross Production Value (constant 2014-2016 thousand I$)","1000 Int$",2015,40295890,"Bananas","no"
NA,"World",NA,NA,"Fruits and nuts","Gross Production Value (constant 2014-2016 thousand I$)","1000 Int$",2016,39286202,"Bananas","no"
NA,"World",NA,NA,"Fruits and nuts","Gross Production Value (constant 2014-2016 thousand I$)","1000 Int$",2017,40043841,"Bananas","no"
NA,"World",NA,NA,"Fruits and nuts","Gross Production Value (constant 2014-2016 thousand I$)","1000 Int$",2018,41437903,"Bananas","no"
NA,"World",NA,NA,"Fruits and nuts","Gross Production Value (constant 2014-2016 thousand I$)","1000 Int$",2019,41545504,"Bananas","no"
NA,"World",NA,NA,"Fruits and nuts","Gross Production Value (constant 2014-2016 thousand I$)","1000 Int$",2020,44777738,"Bananas","no"
NA,"World",NA,NA,"Fruits and nuts","Gross Production Value (constant 2014-2016 thousand I$)","1000 Int$",2021,46866290,"Bananas","no"
NA,"World",NA,NA,"Fruits and nuts","Gross Production Value (constant 2014-2016 thousand I$)","1000 Int$",2022,47997003,"Bananas","no"
NA,"World",NA,NA,"Fruits and nuts","Gross Production Value (constant 2014-2016 thousand I$)","1000 Int$",2023,49333770,"Bananas","no"
NA,"World",NA,NA,"Fruits and nuts","Gross Production Value (constant 2014-2016 thousand US$)","1000 USD",1992,19732535,"Bananas","no"
NA,"World",NA,NA,"Fruits and nuts","Gross Production Value (constant 2014-2016 thousand US$)","1000 USD",1993,19488885,"Bananas","no"
NA,"World",NA,NA,"Fruits and nuts","Gross Production Value (constant 2014-2016 thousand US$)","1000 USD",1994,19863107,"Bananas","no"
NA,"World",NA,NA,"Fruits and nuts","Gross Production Value (constant 2014-2016 thousand US$)","1000 USD",1995,20457861,"Bananas","no"
NA,"World",NA,NA,"Fruits and nuts","Gross Production Value (constant 2014-2016 thousand US$)","1000 USD",1996,19587533,"Bananas","no"
NA,"World",NA,NA,"Fruits and nuts","Gross Production Value (constant 2014-2016 thousand US$)","1000 USD",1997,21297659,"Bananas","no"
NA,"World",NA,NA,"Fruits and nuts","Gross Production Value (constant 2014-2016 thousand US$)","1000 USD",1998,22439753,"Bananas","no"
NA,"World",NA,NA,"Fruits and nuts","Gross Production Value (constant 2014-2016 thousand US$)","1000 USD",1999,24341167,"Bananas","no"
NA,"World",NA,NA,"Fruits and nuts","Gross Production Value (constant 2014-2016 thousand US$)","1000 USD",2000,23564760,"Bananas","no"
NA,"World",NA,NA,"Fruits and nuts","Gross Production Value (constant 2014-2016 thousand US$)","1000 USD",2001,24438143,"Bananas","no"
NA,"World",NA,NA,"Fruits and nuts","Gross Production Value (constant 2014-2016 thousand US$)","1000 USD",2002,25984967,"Bananas","no"
NA,"World",NA,NA,"Fruits and nuts","Gross Production Value (constant 2014-2016 thousand US$)","1000 USD",2003,26441710,"Bananas","no"
NA,"World",NA,NA,"Fruits and nuts","Gross Production Value (constant 2014-2016 thousand US$)","1000 USD",2004,27862077,"Bananas","no"
NA,"World",NA,NA,"Fruits and nuts","Gross Production Value (constant 2014-2016 thousand US$)","1000 USD",2005,29277663,"Bananas","no"
NA,"World",NA,NA,"Fruits and nuts","Gross Production Value (constant 2014-2016 thousand US$)","1000 USD",2006,30997949,"Bananas","no"
NA,"World",NA,NA,"Fruits and nuts","Gross Production Value (constant 2014-2016 thousand US$)","1000 USD",2007,32977330,"Bananas","no"
NA,"World",NA,NA,"Fruits and nuts","Gross Production Value (constant 2014-2016 thousand US$)","1000 USD",2008,34174394,"Bananas","no"
NA,"World",NA,NA,"Fruits and nuts","Gross Production Value (constant 2014-2016 thousand US$)","1000 USD",2009,35660715,"Bananas","no"
NA,"World",NA,NA,"Fruits and nuts","Gross Production Value (constant 2014-2016 thousand US$)","1000 USD",2010,37079586,"Bananas","no"
NA,"World",NA,NA,"Fruits and nuts","Gross Production Value (constant 2014-2016 thousand US$)","1000 USD",2011,37464279,"Bananas","no"
NA,"World",NA,NA,"Fruits and nuts","Gross Production Value (constant 2014-2016 thousand US$)","1000 USD",2012,37442591,"Bananas","no"
NA,"World",NA,NA,"Fruits and nuts","Gross Production Value (constant 2014-2016 thousand US$)","1000 USD",2013,38634494,"Bananas","no"
NA,"World",NA,NA,"Fruits and nuts","Gross Production Value (constant 2014-2016 thousand US$)","1000 USD",2014,38308817,"Bananas","no"
NA,"World",NA,NA,"Fruits and nuts","Gross Production Value (constant 2014-2016 thousand US$)","1000 USD",2015,38985447,"Bananas","no"
NA,"World",NA,NA,"Fruits and nuts","Gross Production Value (constant 2014-2016 thousand US$)","1000 USD",2016,37839047,"Bananas","no"
NA,"World",NA,NA,"Fruits and nuts","Gross Production Value (constant 2014-2016 thousand US$)","1000 USD",2017,38547152,"Bananas","no"
NA,"World",NA,NA,"Fruits and nuts","Gross Production Value (constant 2014-2016 thousand US$)","1000 USD",2018,39724327,"Bananas","no"
NA,"World",NA,NA,"Fruits and nuts","Gross Production Value (constant 2014-2016 thousand US$)","1000 USD",2019,40163062,"Bananas","no"
NA,"World",NA,NA,"Fruits and nuts","Gross Production Value (constant 2014-2016 thousand US$)","1000 USD",2020,41426808,"Bananas","no"
NA,"World",NA,NA,"Fruits and nuts","Gross Production Value (constant 2014-2016 thousand US$)","1000 USD",2021,42824519,"Bananas","no"
NA,"World",NA,NA,"Fruits and nuts","Gross Production Value (constant 2014-2016 thousand US$)","1000 USD",2022,43837421,"Bananas","no"
NA,"World",NA,NA,"Fruits and nuts","Gross Production Value (constant 2014-2016 thousand US$)","1000 USD",2023,45242389,"Bananas","no"
NA,"World",NA,NA,"Cereals","Gross Production Value (constant 2014-2016 thousand I$)","1000 Int$",1992,26981092,"Barley","no"
NA,"World",NA,NA,"Cereals","Gross Production Value (constant 2014-2016 thousand I$)","1000 Int$",1993,27669975,"Barley","no"
NA,"World",NA,NA,"Cereals","Gross Production Value (constant 2014-2016 thousand I$)","1000 Int$",1994,31795270,"Barley","no"
NA,"World",NA,NA,"Cereals","Gross Production Value (constant 2014-2016 thousand I$)","1000 Int$",1995,26563149,"Barley","no"
NA,"World",NA,NA,"Cereals","Gross Production Value (constant 2014-2016 thousand I$)","1000 Int$",1996,29887458,"Barley","no"
NA,"World",NA,NA,"Cereals","Gross Production Value (constant 2014-2016 thousand I$)","1000 Int$",1997,29925667,"Barley","no"
NA,"World",NA,NA,"Cereals","Gross Production Value (constant 2014-2016 thousand I$)","1000 Int$",1998,26865971,"Barley","no"
NA,"World",NA,NA,"Cereals","Gross Production Value (constant 2014-2016 thousand I$)","1000 Int$",1999,25136375,"Barley","no"
NA,"World",NA,NA,"Cereals","Gross Production Value (constant 2014-2016 thousand I$)","1000 Int$",2000,25600868,"Barley","no"
NA,"World",NA,NA,"Cereals","Gross Production Value (constant 2014-2016 thousand I$)","1000 Int$",2001,27390482,"Barley","no"
NA,"World",NA,NA,"Cereals","Gross Production Value (constant 2014-2016 thousand I$)","1000 Int$",2002,27474538,"Barley","no"
NA,"World",NA,NA,"Cereals","Gross Production Value (constant 2014-2016 thousand I$)","1000 Int$",2003,26600725,"Barley","no"
NA,"World",NA,NA,"Cereals","Gross Production Value (constant 2014-2016 thousand I$)","1000 Int$",2004,30443486,"Barley","no"
NA,"World",NA,NA,"Cereals","Gross Production Value (constant 2014-2016 thousand I$)","1000 Int$",2005,26639728,"Barley","no"
NA,"World",NA,NA,"Cereals","Gross Production Value (constant 2014-2016 thousand I$)","1000 Int$",2006,28153004,"Barley","no"
NA,"World",NA,NA,"Cereals","Gross Production Value (constant 2014-2016 thousand I$)","1000 Int$",2007,25591701,"Barley","no"
NA,"World",NA,NA,"Cereals","Gross Production Value (constant 2014-2016 thousand I$)","1000 Int$",2008,30007395,"Barley","no"
NA,"World",NA,NA,"Cereals","Gross Production Value (constant 2014-2016 thousand I$)","1000 Int$",2009,29401704,"Barley","no"
NA,"World",NA,NA,"Cereals","Gross Production Value (constant 2014-2016 thousand I$)","1000 Int$",2010,24053384,"Barley","no"
NA,"World",NA,NA,"Cereals","Gross Production Value (constant 2014-2016 thousand I$)","1000 Int$",2011,25888468,"Barley","no"
NA,"World",NA,NA,"Cereals","Gross Production Value (constant 2014-2016 thousand I$)","1000 Int$",2012,25797388,"Barley","no"
NA,"World",NA,NA,"Cereals","Gross Production Value (constant 2014-2016 thousand I$)","1000 Int$",2013,27993350,"Barley","no"
NA,"World",NA,NA,"Cereals","Gross Production Value (constant 2014-2016 thousand I$)","1000 Int$",2014,28307078,"Barley","no"
NA,"World",NA,NA,"Cereals","Gross Production Value (constant 2014-2016 thousand I$)","1000 Int$",2015,28906400,"Barley","no"
NA,"World",NA,NA,"Cereals","Gross Production Value (constant 2014-2016 thousand I$)","1000 Int$",2016,28464463,"Barley","no"
NA,"World",NA,NA,"Cereals","Gross Production Value (constant 2014-2016 thousand I$)","1000 Int$",2017,28973322,"Barley","no"
NA,"World",NA,NA,"Cereals","Gross Production Value (constant 2014-2016 thousand I$)","1000 Int$",2018,27510575,"Barley","no"
NA,"World",NA,NA,"Cereals","Gross Production Value (constant 2014-2016 thousand I$)","1000 Int$",2019,30921949,"Barley","no"
NA,"World",NA,NA,"Cereals","Gross Production Value (constant 2014-2016 thousand I$)","1000 Int$",2020,30737377,"Barley","no"
NA,"World",NA,NA,"Cereals","Gross Production Value (constant 2014-2016 thousand I$)","1000 Int$",2021,28296922,"Barley","no"
NA,"World",NA,NA,"Cereals","Gross Production Value (constant 2014-2016 thousand I$)","1000 Int$",2022,30126550,"Barley","no"
NA,"World",NA,NA,"Cereals","Gross Production Value (constant 2014-2016 thousand I$)","1000 Int$",2023,28397753,"Barley","no"
NA,"World",NA,NA,"Cereals","Gross Production Value (constant 2014-2016 thousand US$)","1000 USD",1992,25728016,"Barley","no"
NA,"World",NA,NA,"Cereals","Gross Production Value (constant 2014-2016 thousand US$)","1000 USD",1993,27357057,"Barley","no"
NA,"World",NA,NA,"Cereals","Gross Production Value (constant 2014-2016 thousand US$)","1000 USD",1994,29965405,"Barley","no"
NA,"World",NA,NA,"Cereals","Gross Production Value (constant 2014-2016 thousand US$)","1000 USD",1995,25832540,"Barley","no"
NA,"World",NA,NA,"Cereals","Gross Production Value (constant 2014-2016 thousand US$)","1000 USD",1996,29579113,"Barley","no"
NA,"World",NA,NA,"Cereals","Gross Production Value (constant 2014-2016 thousand US$)","1000 USD",1997,28716865,"Barley","no"
NA,"World",NA,NA,"Cereals","Gross Production Value (constant 2014-2016 thousand US$)","1000 USD",1998,26854947,"Barley","no"
NA,"World",NA,NA,"Cereals","Gross Production Value (constant 2014-2016 thousand US$)","1000 USD",1999,24685453,"Barley","no"
NA,"World",NA,NA,"Cereals","Gross Production Value (constant 2014-2016 thousand US$)","1000 USD",2000,24804171,"Barley","no"
NA,"World",NA,NA,"Cereals","Gross Production Value (constant 2014-2016 thousand US$)","1000 USD",2001,26204072,"Barley","no"
NA,"World",NA,NA,"Cereals","Gross Production Value (constant 2014-2016 thousand US$)","1000 USD",2002,26543103,"Barley","no"
NA,"World",NA,NA,"Cereals","Gross Production Value (constant 2014-2016 thousand US$)","1000 USD",2003,25890882,"Barley","no"
NA,"World",NA,NA,"Cereals","Gross Production Value (constant 2014-2016 thousand US$)","1000 USD",2004,29697220,"Barley","no"
NA,"World",NA,NA,"Cereals","Gross Production Value (constant 2014-2016 thousand US$)","1000 USD",2005,26011540,"Barley","no"
NA,"World",NA,NA,"Cereals","Gross Production Value (constant 2014-2016 thousand US$)","1000 USD",2006,27241874,"Barley","no"
NA,"World",NA,NA,"Cereals","Gross Production Value (constant 2014-2016 thousand US$)","1000 USD",2007,24861160,"Barley","no"
NA,"World",NA,NA,"Cereals","Gross Production Value (constant 2014-2016 thousand US$)","1000 USD",2008,28016849,"Barley","no"
NA,"World",NA,NA,"Cereals","Gross Production Value (constant 2014-2016 thousand US$)","1000 USD",2009,28121620,"Barley","no"
NA,"World",NA,NA,"Cereals","Gross Production Value (constant 2014-2016 thousand US$)","1000 USD",2010,23895227,"Barley","no"
NA,"World",NA,NA,"Cereals","Gross Production Value (constant 2014-2016 thousand US$)","1000 USD",2011,24772008,"Barley","no"
NA,"World",NA,NA,"Cereals","Gross Production Value (constant 2014-2016 thousand US$)","1000 USD",2012,24959175,"Barley","no"
NA,"World",NA,NA,"Cereals","Gross Production Value (constant 2014-2016 thousand US$)","1000 USD",2013,27058517,"Barley","no"
NA,"World",NA,NA,"Cereals","Gross Production Value (constant 2014-2016 thousand US$)","1000 USD",2014,27032724,"Barley","no"
NA,"World",NA,NA,"Cereals","Gross Production Value (constant 2014-2016 thousand US$)","1000 USD",2015,27770883,"Barley","no"
NA,"World",NA,NA,"Cereals","Gross Production Value (constant 2014-2016 thousand US$)","1000 USD",2016,27000109,"Barley","no"
NA,"World",NA,NA,"Cereals","Gross Production Value (constant 2014-2016 thousand US$)","1000 USD",2017,27466353,"Barley","no"
NA,"World",NA,NA,"Cereals","Gross Production Value (constant 2014-2016 thousand US$)","1000 USD",2018,26593971,"Barley","no"
NA,"World",NA,NA,"Cereals","Gross Production Value (constant 2014-2016 thousand US$)","1000 USD",2019,29295333,"Barley","no"
NA,"World",NA,NA,"Cereals","Gross Production Value (constant 2014-2016 thousand US$)","1000 USD",2020,29444239,"Barley","no"
NA,"World",NA,NA,"Cereals","Gross Production Value (constant 2014-2016 thousand US$)","1000 USD",2021,27424054,"Barley","no"
NA,"World",NA,NA,"Cereals","Gross Production Value (constant 2014-2016 thousand US$)","1000 USD",2022,28843886,"Barley","no"
NA,"World",NA,NA,"Cereals","Gross Production Value (constant 2014-2016 thousand US$)","1000 USD",2023,27401960,"Barley","no"
NA,"World",NA,NA,"Pulses (dried leguminous vegetables)","Gross Production Value (constant 2014-2016 thousand I$)","1000 Int$",1992,12629628,"Beans","no"
NA,"World",NA,NA,"Pulses (dried leguminous vegetables)","Gross Production Value (constant 2014-2016 thousand I$)","1000 Int$",1993,12131799,"Beans","no"
NA,"World",NA,NA,"Pulses (dried leguminous vegetables)","Gross Production Value (constant 2014-2016 thousand I$)","1000 Int$",1994,13109769,"Beans","no"
NA,"World",NA,NA,"Pulses (dried leguminous vegetables)","Gross Production Value (constant 2014-2016 thousand I$)","1000 Int$",1995,13231029,"Beans","no"
NA,"World",NA,NA,"Pulses (dried leguminous vegetables)","Gross Production Value (constant 2014-2016 thousand I$)","1000 Int$",1996,12810706,"Beans","no"
NA,"World",NA,NA,"Pulses (dried leguminous vegetables)","Gross Production Value (constant 2014-2016 thousand I$)","1000 Int$",1997,12364953,"Beans","no"
NA,"World",NA,NA,"Pulses (dried leguminous vegetables)","Gross Production Value (constant 2014-2016 thousand I$)","1000 Int$",1998,12411946,"Beans","no"
NA,"World",NA,NA,"Pulses (dried leguminous vegetables)","Gross Production Value (constant 2014-2016 thousand I$)","1000 Int$",1999,13501378,"Beans","no"
NA,"World",NA,NA,"Pulses (dried leguminous vegetables)","Gross Production Value (constant 2014-2016 thousand I$)","1000 Int$",2000,13423991,"Beans","no"
NA,"World",NA,NA,"Pulses (dried leguminous vegetables)","Gross Production Value (constant 2014-2016 thousand I$)","1000 Int$",2001,13909020,"Beans","no"
NA,"World",NA,NA,"Pulses (dried leguminous vegetables)","Gross Production Value (constant 2014-2016 thousand I$)","1000 Int$",2002,15173660,"Beans","no"
NA,"World",NA,NA,"Pulses (dried leguminous vegetables)","Gross Production Value (constant 2014-2016 thousand I$)","1000 Int$",2003,16117968,"Beans","no"
NA,"World",NA,NA,"Pulses (dried leguminous vegetables)","Gross Production Value (constant 2014-2016 thousand I$)","1000 Int$",2004,14053410,"Beans","no"
NA,"World",NA,NA,"Pulses (dried leguminous vegetables)","Gross Production Value (constant 2014-2016 thousand I$)","1000 Int$",2005,14535423,"Beans","no"
NA,"World",NA,NA,"Pulses (dried leguminous vegetables)","Gross Production Value (constant 2014-2016 thousand I$)","1000 Int$",2006,15991132,"Beans","no"
NA,"World",NA,NA,"Pulses (dried leguminous vegetables)","Gross Production Value (constant 2014-2016 thousand I$)","1000 Int$",2007,16502301,"Beans","no"
NA,"World",NA,NA,"Pulses (dried leguminous vegetables)","Gross Production Value (constant 2014-2016 thousand I$)","1000 Int$",2008,16661881,"Beans","no"
NA,"World",NA,NA,"Pulses (dried leguminous vegetables)","Gross Production Value (constant 2014-2016 thousand I$)","1000 Int$",2009,16718682,"Beans","no"
NA,"World",NA,NA,"Pulses (dried leguminous vegetables)","Gross Production Value (constant 2014-2016 thousand I$)","1000 Int$",2010,18892227,"Beans","no"
NA,"World",NA,NA,"Pulses (dried leguminous vegetables)","Gross Production Value (constant 2014-2016 thousand I$)","1000 Int$",2011,18414740,"Beans","no"
NA,"World",NA,NA,"Pulses (dried leguminous vegetables)","Gross Production Value (constant 2014-2016 thousand I$)","1000 Int$",2012,18769415,"Beans","no"
NA,"World",NA,NA,"Pulses (dried leguminous vegetables)","Gross Production Value (constant 2014-2016 thousand I$)","1000 Int$",2013,19137537,"Beans","no"
NA,"World",NA,NA,"Pulses (dried leguminous vegetables)","Gross Production Value (constant 2014-2016 thousand I$)","1000 Int$",2014,19367933,"Beans","no"
NA,"World",NA,NA,"Pulses (dried leguminous vegetables)","Gross Production Value (constant 2014-2016 thousand I$)","1000 Int$",2015,20023957,"Beans","no"
NA,"World",NA,NA,"Pulses (dried leguminous vegetables)","Gross Production Value (constant 2014-2016 thousand I$)","1000 Int$",2016,20738560,"Beans","no"
NA,"World",NA,NA,"Pulses (dried leguminous vegetables)","Gross Production Value (constant 2014-2016 thousand I$)","1000 Int$",2017,22289159,"Beans","no"
NA,"World",NA,NA,"Pulses (dried leguminous vegetables)","Gross Production Value (constant 2014-2016 thousand I$)","1000 Int$",2018,20947765,"Beans","no"
NA,"World",NA,NA,"Pulses (dried leguminous vegetables)","Gross Production Value (constant 2014-2016 thousand I$)","1000 Int$",2019,19391408,"Beans","no"
NA,"World",NA,NA,"Pulses (dried leguminous vegetables)","Gross Production Value (constant 2014-2016 thousand I$)","1000 Int$",2020,20793290,"Beans","no"
NA,"World",NA,NA,"Pulses (dried leguminous vegetables)","Gross Production Value (constant 2014-2016 thousand I$)","1000 Int$",2021,21520017,"Beans","no"
NA,"World",NA,NA,"Pulses (dried leguminous vegetables)","Gross Production Value (constant 2014-2016 thousand I$)","1000 Int$",2022,21508396,"Beans","no"
NA,"World",NA,NA,"Pulses (dried leguminous vegetables)","Gross Production Value (constant 2014-2016 thousand I$)","1000 Int$",2023,21657036,"Beans","no"
NA,"World",NA,NA,"Pulses (dried leguminous vegetables)","Gross Production Value (constant 2014-2016 thousand US$)","1000 USD",1992,12263216,"Beans","no"
NA,"World",NA,NA,"Pulses (dried leguminous vegetables)","Gross Production Value (constant 2014-2016 thousand US$)","1000 USD",1993,11583648,"Beans","no"
NA,"World",NA,NA,"Pulses (dried leguminous vegetables)","Gross Production Value (constant 2014-2016 thousand US$)","1000 USD",1994,12975994,"Beans","no"
NA,"World",NA,NA,"Pulses (dried leguminous vegetables)","Gross Production Value (constant 2014-2016 thousand US$)","1000 USD",1995,13100611,"Beans","no"
NA,"World",NA,NA,"Pulses (dried leguminous vegetables)","Gross Production Value (constant 2014-2016 thousand US$)","1000 USD",1996,12530345,"Beans","no"
NA,"World",NA,NA,"Pulses (dried leguminous vegetables)","Gross Production Value (constant 2014-2016 thousand US$)","1000 USD",1997,12163003,"Beans","no"
NA,"World",NA,NA,"Pulses (dried leguminous vegetables)","Gross Production Value (constant 2014-2016 thousand US$)","1000 USD",1998,11927599,"Beans","no"
NA,"World",NA,NA,"Pulses (dried leguminous vegetables)","Gross Production Value (constant 2014-2016 thousand US$)","1000 USD",1999,13012556,"Beans","no"
NA,"World",NA,NA,"Pulses (dried leguminous vegetables)","Gross Production Value (constant 2014-2016 thousand US$)","1000 USD",2000,12814372,"Beans","no"
NA,"World",NA,NA,"Pulses (dried leguminous vegetables)","Gross Production Value (constant 2014-2016 thousand US$)","1000 USD",2001,12874466,"Beans","no"
NA,"World",NA,NA,"Pulses (dried leguminous vegetables)","Gross Production Value (constant 2014-2016 thousand US$)","1000 USD",2002,14362174,"Beans","no"
NA,"World",NA,NA,"Pulses (dried leguminous vegetables)","Gross Production Value (constant 2014-2016 thousand US$)","1000 USD",2003,14960339,"Beans","no"
NA,"World",NA,NA,"Pulses (dried leguminous vegetables)","Gross Production Value (constant 2014-2016 thousand US$)","1000 USD",2004,13183536,"Beans","no"
NA,"World",NA,NA,"Pulses (dried leguminous vegetables)","Gross Production Value (constant 2014-2016 thousand US$)","1000 USD",2005,13355455,"Beans","no"
NA,"World",NA,NA,"Pulses (dried leguminous vegetables)","Gross Production Value (constant 2014-2016 thousand US$)","1000 USD",2006,14481847,"Beans","no"
NA,"World",NA,NA,"Pulses (dried leguminous vegetables)","Gross Production Value (constant 2014-2016 thousand US$)","1000 USD",2007,14373306,"Beans","no"
NA,"World",NA,NA,"Pulses (dried leguminous vegetables)","Gross Production Value (constant 2014-2016 thousand US$)","1000 USD",2008,14135100,"Beans","no"
NA,"World",NA,NA,"Pulses (dried leguminous vegetables)","Gross Production Value (constant 2014-2016 thousand US$)","1000 USD",2009,14009564,"Beans","no"
NA,"World",NA,NA,"Pulses (dried leguminous vegetables)","Gross Production Value (constant 2014-2016 thousand US$)","1000 USD",2010,15467620,"Beans","no"
NA,"World",NA,NA,"Pulses (dried leguminous vegetables)","Gross Production Value (constant 2014-2016 thousand US$)","1000 USD",2011,14713972,"Beans","no"
NA,"World",NA,NA,"Pulses (dried leguminous vegetables)","Gross Production Value (constant 2014-2016 thousand US$)","1000 USD",2012,14812392,"Beans","no"
NA,"World",NA,NA,"Pulses (dried leguminous vegetables)","Gross Production Value (constant 2014-2016 thousand US$)","1000 USD",2013,14998526,"Beans","no"
NA,"World",NA,NA,"Pulses (dried leguminous vegetables)","Gross Production Value (constant 2014-2016 thousand US$)","1000 USD",2014,16026590,"Beans","no"
NA,"World",NA,NA,"Pulses (dried leguminous vegetables)","Gross Production Value (constant 2014-2016 thousand US$)","1000 USD",2015,16190046,"Beans","no"
NA,"World",NA,NA,"Pulses (dried leguminous vegetables)","Gross Production Value (constant 2014-2016 thousand US$)","1000 USD",2016,16512625,"Beans","no"
NA,"World",NA,NA,"Pulses (dried leguminous vegetables)","Gross Production Value (constant 2014-2016 thousand US$)","1000 USD",2017,18137236,"Beans","no"
NA,"World",NA,NA,"Pulses (dried leguminous vegetables)","Gross Production Value (constant 2014-2016 thousand US$)","1000 USD",2018,17005475,"Beans","no"
NA,"World",NA,NA,"Pulses (dried leguminous vegetables)","Gross Production Value (constant 2014-2016 thousand US$)","1000 USD",2019,16325862,"Beans","no"
NA,"World",NA,NA,"Pulses (dried leguminous vegetables)","Gross Production Value (constant 2014-2016 thousand US$)","1000 USD",2020,17279175,"Beans","no"
NA,"World",NA,NA,"Pulses (dried leguminous vegetables)","Gross Production Value (constant 2014-2016 thousand US$)","1000 USD",2021,17730826,"Beans","no"
NA,"World",NA,NA,"Pulses (dried leguminous vegetables)","Gross Production Value (constant 2014-2016 thousand US$)","1000 USD",2022,17688789,"Beans","no"
NA,"World",NA,NA,"Pulses (dried leguminous vegetables)","Gross Production Value (constant 2014-2016 thousand US$)","1000 USD",2023,17799221,"Beans","no"
NA,"World",NA,NA,"Other animal products","Gross Production Value (constant 2014-2016 thousand I$)","1000 Int$",1992,261518,"Beeswax","no"
NA,"World",NA,NA,"Other animal products","Gross Production Value (constant 2014-2016 thousand I$)","1000 Int$",1993,284177,"Beeswax","no"
NA,"World",NA,NA,"Other animal products","Gross Production Value (constant 2014-2016 thousand I$)","1000 Int$",1994,284120,"Beeswax","no"
NA,"World",NA,NA,"Other animal products","Gross Production Value (constant 2014-2016 thousand I$)","1000 Int$",1995,285555,"Beeswax","no"
NA,"World",NA,NA,"Other animal products","Gross Production Value (constant 2014-2016 thousand I$)","1000 Int$",1996,286555,"Beeswax","no"
NA,"World",NA,NA,"Other animal products","Gross Production Value (constant 2014-2016 thousand I$)","1000 Int$",1997,297848,"Beeswax","no"
NA,"World",NA,NA,"Other animal products","Gross Production Value (constant 2014-2016 thousand I$)","1000 Int$",1998,299196,"Beeswax","no"
NA,"World",NA,NA,"Other animal products","Gross Production Value (constant 2014-2016 thousand I$)","1000 Int$",1999,314676,"Beeswax","no"
NA,"World",NA,NA,"Other animal products","Gross Production Value (constant 2014-2016 thousand I$)","1000 Int$",2000,320466,"Beeswax","no"
NA,"World",NA,NA,"Other animal products","Gross Production Value (constant 2014-2016 thousand I$)","1000 Int$",2001,314791,"Beeswax","no"
NA,"World",NA,NA,"Other animal products","Gross Production Value (constant 2014-2016 thousand I$)","1000 Int$",2002,329567,"Beeswax","no"
NA,"World",NA,NA,"Other animal products","Gross Production Value (constant 2014-2016 thousand I$)","1000 Int$",2003,320672,"Beeswax","no"
NA,"World",NA,NA,"Other animal products","Gross Production Value (constant 2014-2016 thousand I$)","1000 Int$",2004,329680,"Beeswax","no"
NA,"World",NA,NA,"Other animal products","Gross Production Value (constant 2014-2016 thousand I$)","1000 Int$",2005,331287,"Beeswax","no"
NA,"World",NA,NA,"Other animal products","Gross Production Value (constant 2014-2016 thousand I$)","1000 Int$",2006,332110,"Beeswax","no"
NA,"World",NA,NA,"Other animal products","Gross Production Value (constant 2014-2016 thousand I$)","1000 Int$",2007,332146,"Beeswax","no"
NA,"World",NA,NA,"Other animal products","Gross Production Value (constant 2014-2016 thousand I$)","1000 Int$",2008,347894,"Beeswax","no"
NA,"World",NA,NA,"Other animal products","Gross Production Value (constant 2014-2016 thousand I$)","1000 Int$",2009,347071,"Beeswax","no"
NA,"World",NA,NA,"Other animal products","Gross Production Value (constant 2014-2016 thousand I$)","1000 Int$",2010,354851,"Beeswax","no"
NA,"World",NA,NA,"Other animal products","Gross Production Value (constant 2014-2016 thousand I$)","1000 Int$",2011,354282,"Beeswax","no"
NA,"World",NA,NA,"Other animal products","Gross Production Value (constant 2014-2016 thousand I$)","1000 Int$",2012,351382,"Beeswax","no"
NA,"World",NA,NA,"Other animal products","Gross Production Value (constant 2014-2016 thousand I$)","1000 Int$",2013,354283,"Beeswax","no"
NA,"World",NA,NA,"Other animal products","Gross Production Value (constant 2014-2016 thousand I$)","1000 Int$",2014,362095,"Beeswax","no"
NA,"World",NA,NA,"Other animal products","Gross Production Value (constant 2014-2016 thousand I$)","1000 Int$",2015,367808,"Beeswax","no"
NA,"World",NA,NA,"Other animal products","Gross Production Value (constant 2014-2016 thousand I$)","1000 Int$",2016,367399,"Beeswax","no"
NA,"World",NA,NA,"Other animal products","Gross Production Value (constant 2014-2016 thousand I$)","1000 Int$",2017,364715,"Beeswax","no"
NA,"World",NA,NA,"Other animal products","Gross Production Value (constant 2014-2016 thousand I$)","1000 Int$",2018,345379,"Beeswax","no"
NA,"World",NA,NA,"Other animal products","Gross Production Value (constant 2014-2016 thousand I$)","1000 Int$",2019,345349,"Beeswax","no"
NA,"World",NA,NA,"Other animal products","Gross Production Value (constant 2014-2016 thousand I$)","1000 Int$",2020,346512,"Beeswax","no"
NA,"World",NA,NA,"Other animal products","Gross Production Value (constant 2014-2016 thousand I$)","1000 Int$",2021,349278,"Beeswax","no"
NA,"World",NA,NA,"Other animal products","Gross Production Value (constant 2014-2016 thousand I$)","1000 Int$",2022,353064,"Beeswax","no"
NA,"World",NA,NA,"Other animal products","Gross Production Value (constant 2014-2016 thousand I$)","1000 Int$",2023,354705,"Beeswax","no"
NA,"World",NA,NA,"Other animal products","Gross Production Value (constant 2014-2016 thousand US$)","1000 USD",1992,76805,"Beeswax","no"
NA,"World",NA,NA,"Other animal products","Gross Production Value (constant 2014-2016 thousand US$)","1000 USD",1993,88472,"Beeswax","no"
NA,"World",NA,NA,"Other animal products","Gross Production Value (constant 2014-2016 thousand US$)","1000 USD",1994,80845,"Beeswax","no"
NA,"World",NA,NA,"Other animal products","Gross Production Value (constant 2014-2016 thousand US$)","1000 USD",1995,80660,"Beeswax","no"
NA,"World",NA,NA,"Other animal products","Gross Production Value (constant 2014-2016 thousand US$)","1000 USD",1996,80630,"Beeswax","no"
NA,"World",NA,NA,"Other animal products","Gross Production Value (constant 2014-2016 thousand US$)","1000 USD",1997,88775,"Beeswax","no"
NA,"World",NA,NA,"Other animal products","Gross Production Value (constant 2014-2016 thousand US$)","1000 USD",1998,87520,"Beeswax","no"
NA,"World",NA,NA,"Other animal products","Gross Production Value (constant 2014-2016 thousand US$)","1000 USD",1999,100236,"Beeswax","no"
NA,"World",NA,NA,"Other animal products","Gross Production Value (constant 2014-2016 thousand US$)","1000 USD",2000,100444,"Beeswax","no"
NA,"World",NA,NA,"Other animal products","Gross Production Value (constant 2014-2016 thousand US$)","1000 USD",2001,91567,"Beeswax","no"
NA,"World",NA,NA,"Other animal products","Gross Production Value (constant 2014-2016 thousand US$)","1000 USD",2002,97731,"Beeswax","no"
NA,"World",NA,NA,"Other animal products","Gross Production Value (constant 2014-2016 thousand US$)","1000 USD",2003,89344,"Beeswax","no"
NA,"World",NA,NA,"Other animal products","Gross Production Value (constant 2014-2016 thousand US$)","1000 USD",2004,92338,"Beeswax","no"
NA,"World",NA,NA,"Other animal products","Gross Production Value (constant 2014-2016 thousand US$)","1000 USD",2005,92093,"Beeswax","no"
NA,"World",NA,NA,"Other animal products","Gross Production Value (constant 2014-2016 thousand US$)","1000 USD",2006,89458,"Beeswax","no"
NA,"World",NA,NA,"Other animal products","Gross Production Value (constant 2014-2016 thousand US$)","1000 USD",2007,91161,"Beeswax","no"
NA,"World",NA,NA,"Other animal products","Gross Production Value (constant 2014-2016 thousand US$)","1000 USD",2008,95281,"Beeswax","no"
NA,"World",NA,NA,"Other animal products","Gross Production Value (constant 2014-2016 thousand US$)","1000 USD",2009,95143,"Beeswax","no"
NA,"World",NA,NA,"Other animal products","Gross Production Value (constant 2014-2016 thousand US$)","1000 USD",2010,93485,"Beeswax","no"
NA,"World",NA,NA,"Other animal products","Gross Production Value (constant 2014-2016 thousand US$)","1000 USD",2011,93694,"Beeswax","no"
NA,"World",NA,NA,"Other animal products","Gross Production Value (constant 2014-2016 thousand US$)","1000 USD",2012,92668,"Beeswax","no"
NA,"World",NA,NA,"Other animal products","Gross Production Value (constant 2014-2016 thousand US$)","1000 USD",2013,94587,"Beeswax","no"
NA,"World",NA,NA,"Other animal products","Gross Production Value (constant 2014-2016 thousand US$)","1000 USD",2014,94752,"Beeswax","no"
NA,"World",NA,NA,"Other animal products","Gross Production Value (constant 2014-2016 thousand US$)","1000 USD",2015,96385,"Beeswax","no"
NA,"World",NA,NA,"Other animal products","Gross Production Value (constant 2014-2016 thousand US$)","1000 USD",2016,96243,"Beeswax","no"
NA,"World",NA,NA,"Other animal products","Gross Production Value (constant 2014-2016 thousand US$)","1000 USD",2017,95343,"Beeswax","no"
NA,"World",NA,NA,"Other animal products","Gross Production Value (constant 2014-2016 thousand US$)","1000 USD",2018,77920,"Beeswax","no"
NA,"World",NA,NA,"Other animal products","Gross Production Value (constant 2014-2016 thousand US$)","1000 USD",2019,77920,"Beeswax","no"
NA,"World",NA,NA,"Other animal products","Gross Production Value (constant 2014-2016 thousand US$)","1000 USD",2020,75135,"Beeswax","no"
NA,"World",NA,NA,"Other animal products","Gross Production Value (constant 2014-2016 thousand US$)","1000 USD",2021,75902,"Beeswax","no"
NA,"World",NA,NA,"Other animal products","Gross Production Value (constant 2014-2016 thousand US$)","1000 USD",2022,78159,"Beeswax","no"
NA,"World",NA,NA,"Other animal products","Gross Production Value (constant 2014-2016 thousand US$)","1000 USD",2023,78453,"Beeswax","no"
NA,"World",NA,NA,"Fruits and nuts","Gross Production Value (constant 2014-2016 thousand I$)","1000 Int$",1992,282582,"Blueberries","no"
NA,"World",NA,NA,"Fruits and nuts","Gross Production Value (constant 2014-2016 thousand I$)","1000 Int$",1993,354923,"Blueberries","no"
NA,"World",NA,NA,"Fruits and nuts","Gross Production Value (constant 2014-2016 thousand I$)","1000 Int$",1994,331852,"Blueberries","no"
NA,"World",NA,NA,"Fruits and nuts","Gross Production Value (constant 2014-2016 thousand I$)","1000 Int$",1995,388507,"Blueberries","no"
NA,"World",NA,NA,"Fruits and nuts","Gross Production Value (constant 2014-2016 thousand I$)","1000 Int$",1996,392269,"Blueberries","no"
NA,"World",NA,NA,"Fruits and nuts","Gross Production Value (constant 2014-2016 thousand I$)","1000 Int$",1997,431377,"Blueberries","no"
NA,"World",NA,NA,"Fruits and nuts","Gross Production Value (constant 2014-2016 thousand I$)","1000 Int$",1998,391986,"Blueberries","no"
NA,"World",NA,NA,"Fruits and nuts","Gross Production Value (constant 2014-2016 thousand I$)","1000 Int$",1999,508750,"Blueberries","no"
NA,"World",NA,NA,"Fruits and nuts","Gross Production Value (constant 2014-2016 thousand I$)","1000 Int$",2000,522938,"Blueberries","no"
NA,"World",NA,NA,"Fruits and nuts","Gross Production Value (constant 2014-2016 thousand I$)","1000 Int$",2001,573721,"Blueberries","no"
NA,"World",NA,NA,"Fruits and nuts","Gross Production Value (constant 2014-2016 thousand I$)","1000 Int$",2002,500909,"Blueberries","no"
NA,"World",NA,NA,"Fruits and nuts","Gross Production Value (constant 2014-2016 thousand I$)","1000 Int$",2003,540631,"Blueberries","no"
NA,"World",NA,NA,"Fruits and nuts","Gross Production Value (constant 2014-2016 thousand I$)","1000 Int$",2004,590072,"Blueberries","no"
NA,"World",NA,NA,"Fruits and nuts","Gross Production Value (constant 2014-2016 thousand I$)","1000 Int$",2005,635730,"Blueberries","no"
NA,"World",NA,NA,"Fruits and nuts","Gross Production Value (constant 2014-2016 thousand I$)","1000 Int$",2006,709342,"Blueberries","no"
NA,"World",NA,NA,"Fruits and nuts","Gross Production Value (constant 2014-2016 thousand I$)","1000 Int$",2007,721744,"Blueberries","no"
NA,"World",NA,NA,"Fruits and nuts","Gross Production Value (constant 2014-2016 thousand I$)","1000 Int$",2008,875137,"Blueberries","no"
NA,"World",NA,NA,"Fruits and nuts","Gross Production Value (constant 2014-2016 thousand I$)","1000 Int$",2009,949039,"Blueberries","no"
NA,"World",NA,NA,"Fruits and nuts","Gross Production Value (constant 2014-2016 thousand I$)","1000 Int$",2010,961091,"Blueberries","no"
NA,"World",NA,NA,"Fruits and nuts","Gross Production Value (constant 2014-2016 thousand I$)","1000 Int$",2011,1099560,"Blueberries","no"
NA,"World",NA,NA,"Fruits and nuts","Gross Production Value (constant 2014-2016 thousand I$)","1000 Int$",2012,1213451,"Blueberries","no"
NA,"World",NA,NA,"Fruits and nuts","Gross Production Value (constant 2014-2016 thousand I$)","1000 Int$",2013,1302421,"Blueberries","no"
NA,"World",NA,NA,"Fruits and nuts","Gross Production Value (constant 2014-2016 thousand I$)","1000 Int$",2014,1556118,"Blueberries","no"
NA,"World",NA,NA,"Fruits and nuts","Gross Production Value (constant 2014-2016 thousand I$)","1000 Int$",2015,1596686,"Blueberries","no"
NA,"World",NA,NA,"Fruits and nuts","Gross Production Value (constant 2014-2016 thousand I$)","1000 Int$",2016,1862510,"Blueberries","no"
NA,"World",NA,NA,"Fruits and nuts","Gross Production Value (constant 2014-2016 thousand I$)","1000 Int$",2017,1783873,"Blueberries","no"
NA,"World",NA,NA,"Fruits and nuts","Gross Production Value (constant 2014-2016 thousand I$)","1000 Int$",2018,2038378,"Blueberries","no"
NA,"World",NA,NA,"Fruits and nuts","Gross Production Value (constant 2014-2016 thousand I$)","1000 Int$",2019,2566414,"Blueberries","no"
NA,"World",NA,NA,"Fruits and nuts","Gross Production Value (constant 2014-2016 thousand I$)","1000 Int$",2020,2573971,"Blueberries","no"
NA,"World",NA,NA,"Fruits and nuts","Gross Production Value (constant 2014-2016 thousand I$)","1000 Int$",2021,2960467,"Blueberries","no"
NA,"World",NA,NA,"Fruits and nuts","Gross Production Value (constant 2014-2016 thousand I$)","1000 Int$",2022,3227456,"Blueberries","no"
NA,"World",NA,NA,"Fruits and nuts","Gross Production Value (constant 2014-2016 thousand I$)","1000 Int$",2023,3020612,"Blueberries","no"
NA,"World",NA,NA,"Fruits and nuts","Gross Production Value (constant 2014-2016 thousand US$)","1000 USD",1992,223104,"Blueberries","no"
NA,"World",NA,NA,"Fruits and nuts","Gross Production Value (constant 2014-2016 thousand US$)","1000 USD",1993,306860,"Blueberries","no"
NA,"World",NA,NA,"Fruits and nuts","Gross Production Value (constant 2014-2016 thousand US$)","1000 USD",1994,271357,"Blueberries","no"
NA,"World",NA,NA,"Fruits and nuts","Gross Production Value (constant 2014-2016 thousand US$)","1000 USD",1995,330450,"Blueberries","no"
NA,"World",NA,NA,"Fruits and nuts","Gross Production Value (constant 2014-2016 thousand US$)","1000 USD",1996,292815,"Blueberries","no"
NA,"World",NA,NA,"Fruits and nuts","Gross Production Value (constant 2014-2016 thousand US$)","1000 USD",1997,340190,"Blueberries","no"
NA,"World",NA,NA,"Fruits and nuts","Gross Production Value (constant 2014-2016 thousand US$)","1000 USD",1998,311856,"Blueberries","no"
NA,"World",NA,NA,"Fruits and nuts","Gross Production Value (constant 2014-2016 thousand US$)","1000 USD",1999,389022,"Blueberries","no"
NA,"World",NA,NA,"Fruits and nuts","Gross Production Value (constant 2014-2016 thousand US$)","1000 USD",2000,411895,"Blueberries","no"
NA,"World",NA,NA,"Fruits and nuts","Gross Production Value (constant 2014-2016 thousand US$)","1000 USD",2001,432834,"Blueberries","no"
NA,"World",NA,NA,"Fruits and nuts","Gross Production Value (constant 2014-2016 thousand US$)","1000 USD",2002,408884,"Blueberries","no"
NA,"World",NA,NA,"Fruits and nuts","Gross Production Value (constant 2014-2016 thousand US$)","1000 USD",2003,418629,"Blueberries","no"
NA,"World",NA,NA,"Fruits and nuts","Gross Production Value (constant 2014-2016 thousand US$)","1000 USD",2004,475208,"Blueberries","no"
NA,"World",NA,NA,"Fruits and nuts","Gross Production Value (constant 2014-2016 thousand US$)","1000 USD",2005,529333,"Blueberries","no"
NA,"World",NA,NA,"Fruits and nuts","Gross Production Value (constant 2014-2016 thousand US$)","1000 USD",2006,594052,"Blueberries","no"
NA,"World",NA,NA,"Fruits and nuts","Gross Production Value (constant 2014-2016 thousand US$)","1000 USD",2007,596335,"Blueberries","no"
NA,"World",NA,NA,"Fruits and nuts","Gross Production Value (constant 2014-2016 thousand US$)","1000 USD",2008,696773,"Blueberries","no"
NA,"World",NA,NA,"Fruits and nuts","Gross Production Value (constant 2014-2016 thousand US$)","1000 USD",2009,781661,"Blueberries","no"
NA,"World",NA,NA,"Fruits and nuts","Gross Production Value (constant 2014-2016 thousand US$)","1000 USD",2010,806516,"Blueberries","no"
NA,"World",NA,NA,"Fruits and nuts","Gross Production Value (constant 2014-2016 thousand US$)","1000 USD",2011,880650,"Blueberries","no"
NA,"World",NA,NA,"Fruits and nuts","Gross Production Value (constant 2014-2016 thousand US$)","1000 USD",2012,964386,"Blueberries","no"
NA,"World",NA,NA,"Fruits and nuts","Gross Production Value (constant 2014-2016 thousand US$)","1000 USD",2013,1094491,"Blueberries","no"
NA,"World",NA,NA,"Fruits and nuts","Gross Production Value (constant 2014-2016 thousand US$)","1000 USD",2014,1296266,"Blueberries","no"
NA,"World",NA,NA,"Fruits and nuts","Gross Production Value (constant 2014-2016 thousand US$)","1000 USD",2015,1287578,"Blueberries","no"
NA,"World",NA,NA,"Fruits and nuts","Gross Production Value (constant 2014-2016 thousand US$)","1000 USD",2016,1450735,"Blueberries","no"
NA,"World",NA,NA,"Fruits and nuts","Gross Production Value (constant 2014-2016 thousand US$)","1000 USD",2017,1416560,"Blueberries","no"
NA,"World",NA,NA,"Fruits and nuts","Gross Production Value (constant 2014-2016 thousand US$)","1000 USD",2018,1510078,"Blueberries","no"
NA,"World",NA,NA,"Fruits and nuts","Gross Production Value (constant 2014-2016 thousand US$)","1000 USD",2019,1930040,"Blueberries","no"
NA,"World",NA,NA,"Fruits and nuts","Gross Production Value (constant 2014-2016 thousand US$)","1000 USD",2020,1821760,"Blueberries","no"
NA,"World",NA,NA,"Fruits and nuts","Gross Production Value (constant 2014-2016 thousand US$)","1000 USD",2021,2171235,"Blueberries","no"
NA,"World",NA,NA,"Fruits and nuts","Gross Production Value (constant 2014-2016 thousand US$)","1000 USD",2022,2205059,"Blueberries","no"
NA,"World",NA,NA,"Fruits and nuts","Gross Production Value (constant 2014-2016 thousand US$)","1000 USD",2023,2123830,"Blueberries","no"
NA,"World",NA,NA,"Fruits and nuts","Gross Production Value (constant 2014-2016 thousand I$)","1000 Int$",1992,29477,"Brazil nuts","no"
NA,"World",NA,NA,"Fruits and nuts","Gross Production Value (constant 2014-2016 thousand I$)","1000 Int$",1993,29620,"Brazil nuts","no"
NA,"World",NA,NA,"Fruits and nuts","Gross Production Value (constant 2014-2016 thousand I$)","1000 Int$",1994,36976,"Brazil nuts","no"
NA,"World",NA,NA,"Fruits and nuts","Gross Production Value (constant 2014-2016 thousand I$)","1000 Int$",1995,37217,"Brazil nuts","no"
NA,"World",NA,NA,"Fruits and nuts","Gross Production Value (constant 2014-2016 thousand I$)","1000 Int$",1996,26513,"Brazil nuts","no"
NA,"World",NA,NA,"Fruits and nuts","Gross Production Value (constant 2014-2016 thousand I$)","1000 Int$",1997,30724,"Brazil nuts","no"
NA,"World",NA,NA,"Fruits and nuts","Gross Production Value (constant 2014-2016 thousand I$)","1000 Int$",1998,26452,"Brazil nuts","no"
NA,"World",NA,NA,"Fruits and nuts","Gross Production Value (constant 2014-2016 thousand I$)","1000 Int$",1999,40126,"Brazil nuts","no"
NA,"World",NA,NA,"Fruits and nuts","Gross Production Value (constant 2014-2016 thousand I$)","1000 Int$",2000,37641,"Brazil nuts","no"
NA,"World",NA,NA,"Fruits and nuts","Gross Production Value (constant 2014-2016 thousand I$)","1000 Int$",2001,34956,"Brazil nuts","no"
NA,"World",NA,NA,"Fruits and nuts","Gross Production Value (constant 2014-2016 thousand I$)","1000 Int$",2002,34768,"Brazil nuts","no"
NA,"World",NA,NA,"Fruits and nuts","Gross Production Value (constant 2014-2016 thousand I$)","1000 Int$",2003,34946,"Brazil nuts","no"
NA,"World",NA,NA,"Fruits and nuts","Gross Production Value (constant 2014-2016 thousand I$)","1000 Int$",2004,35716,"Brazil nuts","no"
NA,"World",NA,NA,"Fruits and nuts","Gross Production Value (constant 2014-2016 thousand I$)","1000 Int$",2005,41467,"Brazil nuts","no"
NA,"World",NA,NA,"Fruits and nuts","Gross Production Value (constant 2014-2016 thousand I$)","1000 Int$",2006,41189,"Brazil nuts","no"
NA,"World",NA,NA,"Fruits and nuts","Gross Production Value (constant 2014-2016 thousand I$)","1000 Int$",2007,43183,"Brazil nuts","no"
NA,"World",NA,NA,"Fruits and nuts","Gross Production Value (constant 2014-2016 thousand I$)","1000 Int$",2008,43683,"Brazil nuts","no"
NA,"World",NA,NA,"Fruits and nuts","Gross Production Value (constant 2014-2016 thousand I$)","1000 Int$",2009,48553,"Brazil nuts","no"
NA,"World",NA,NA,"Fruits and nuts","Gross Production Value (constant 2014-2016 thousand I$)","1000 Int$",2010,49243,"Brazil nuts","no"
NA,"World",NA,NA,"Fruits and nuts","Gross Production Value (constant 2014-2016 thousand I$)","1000 Int$",2011,49483,"Brazil nuts","no"
NA,"World",NA,NA,"Fruits and nuts","Gross Production Value (constant 2014-2016 thousand I$)","1000 Int$",2012,47398,"Brazil nuts","no"
NA,"World",NA,NA,"Fruits and nuts","Gross Production Value (constant 2014-2016 thousand I$)","1000 Int$",2013,48235,"Brazil nuts","no"
NA,"World",NA,NA,"Fruits and nuts","Gross Production Value (constant 2014-2016 thousand I$)","1000 Int$",2014,50100,"Brazil nuts","no"
NA,"World",NA,NA,"Fruits and nuts","Gross Production Value (constant 2014-2016 thousand I$)","1000 Int$",2015,51498,"Brazil nuts","no"
NA,"World",NA,NA,"Fruits and nuts","Gross Production Value (constant 2014-2016 thousand I$)","1000 Int$",2016,47953,"Brazil nuts","no"
NA,"World",NA,NA,"Fruits and nuts","Gross Production Value (constant 2014-2016 thousand I$)","1000 Int$",2017,35567,"Brazil nuts","no"
NA,"World",NA,NA,"Fruits and nuts","Gross Production Value (constant 2014-2016 thousand I$)","1000 Int$",2018,48651,"Brazil nuts","no"
NA,"World",NA,NA,"Fruits and nuts","Gross Production Value (constant 2014-2016 thousand I$)","1000 Int$",2019,46231,"Brazil nuts","no"
NA,"World",NA,NA,"Fruits and nuts","Gross Production Value (constant 2014-2016 thousand I$)","1000 Int$",2020,46107,"Brazil nuts","no"
NA,"World",NA,NA,"Fruits and nuts","Gross Production Value (constant 2014-2016 thousand I$)","1000 Int$",2021,46926,"Brazil nuts","no"
NA,"World",NA,NA,"Fruits and nuts","Gross Production Value (constant 2014-2016 thousand I$)","1000 Int$",2022,51426,"Brazil nuts","no"
NA,"World",NA,NA,"Fruits and nuts","Gross Production Value (constant 2014-2016 thousand I$)","1000 Int$",2023,49323,"Brazil nuts","no"
NA,"World",NA,NA,"Fruits and nuts","Gross Production Value (constant 2014-2016 thousand US$)","1000 USD",1992,39201,"Brazil nuts","no"
NA,"World",NA,NA,"Fruits and nuts","Gross Production Value (constant 2014-2016 thousand US$)","1000 USD",1993,40003,"Brazil nuts","no"
NA,"World",NA,NA,"Fruits and nuts","Gross Production Value (constant 2014-2016 thousand US$)","1000 USD",1994,52768,"Brazil nuts","no"
NA,"World",NA,NA,"Fruits and nuts","Gross Production Value (constant 2014-2016 thousand US$)","1000 USD",1995,53828,"Brazil nuts","no"
NA,"World",NA,NA,"Fruits and nuts","Gross Production Value (constant 2014-2016 thousand US$)","1000 USD",1996,34476,"Brazil nuts","no"
NA,"World",NA,NA,"Fruits and nuts","Gross Production Value (constant 2014-2016 thousand US$)","1000 USD",1997,38741,"Brazil nuts","no"
NA,"World",NA,NA,"Fruits and nuts","Gross Production Value (constant 2014-2016 thousand US$)","1000 USD",1998,36117,"Brazil nuts","no"
NA,"World",NA,NA,"Fruits and nuts","Gross Production Value (constant 2014-2016 thousand US$)","1000 USD",1999,51608,"Brazil nuts","no"
NA,"World",NA,NA,"Fruits and nuts","Gross Production Value (constant 2014-2016 thousand US$)","1000 USD",2000,52475,"Brazil nuts","no"
NA,"World",NA,NA,"Fruits and nuts","Gross Production Value (constant 2014-2016 thousand US$)","1000 USD",2001,47548,"Brazil nuts","no"
NA,"World",NA,NA,"Fruits and nuts","Gross Production Value (constant 2014-2016 thousand US$)","1000 USD",2002,46796,"Brazil nuts","no"
NA,"World",NA,NA,"Fruits and nuts","Gross Production Value (constant 2014-2016 thousand US$)","1000 USD",2003,46262,"Brazil nuts","no"
NA,"World",NA,NA,"Fruits and nuts","Gross Production Value (constant 2014-2016 thousand US$)","1000 USD",2004,47821,"Brazil nuts","no"
NA,"World",NA,NA,"Fruits and nuts","Gross Production Value (constant 2014-2016 thousand US$)","1000 USD",2005,56684,"Brazil nuts","no"
NA,"World",NA,NA,"Fruits and nuts","Gross Production Value (constant 2014-2016 thousand US$)","1000 USD",2006,54534,"Brazil nuts","no"
NA,"World",NA,NA,"Fruits and nuts","Gross Production Value (constant 2014-2016 thousand US$)","1000 USD",2007,57029,"Brazil nuts","no"
NA,"World",NA,NA,"Fruits and nuts","Gross Production Value (constant 2014-2016 thousand US$)","1000 USD",2008,57748,"Brazil nuts","no"
NA,"World",NA,NA,"Fruits and nuts","Gross Production Value (constant 2014-2016 thousand US$)","1000 USD",2009,65284,"Brazil nuts","no"
NA,"World",NA,NA,"Fruits and nuts","Gross Production Value (constant 2014-2016 thousand US$)","1000 USD",2010,67272,"Brazil nuts","no"
NA,"World",NA,NA,"Fruits and nuts","Gross Production Value (constant 2014-2016 thousand US$)","1000 USD",2011,68466,"Brazil nuts","no"
NA,"World",NA,NA,"Fruits and nuts","Gross Production Value (constant 2014-2016 thousand US$)","1000 USD",2012,64745,"Brazil nuts","no"
NA,"World",NA,NA,"Fruits and nuts","Gross Production Value (constant 2014-2016 thousand US$)","1000 USD",2013,65135,"Brazil nuts","no"
NA,"World",NA,NA,"Fruits and nuts","Gross Production Value (constant 2014-2016 thousand US$)","1000 USD",2014,66186,"Brazil nuts","no"
NA,"World",NA,NA,"Fruits and nuts","Gross Production Value (constant 2014-2016 thousand US$)","1000 USD",2015,69239,"Brazil nuts","no"
NA,"World",NA,NA,"Fruits and nuts","Gross Production Value (constant 2014-2016 thousand US$)","1000 USD",2016,62193,"Brazil nuts","no"
NA,"World",NA,NA,"Fruits and nuts","Gross Production Value (constant 2014-2016 thousand US$)","1000 USD",2017,47100,"Brazil nuts","no"
NA,"World",NA,NA,"Fruits and nuts","Gross Production Value (constant 2014-2016 thousand US$)","1000 USD",2018,63980,"Brazil nuts","no"
NA,"World",NA,NA,"Fruits and nuts","Gross Production Value (constant 2014-2016 thousand US$)","1000 USD",2019,61856,"Brazil nuts","no"
NA,"World",NA,NA,"Fruits and nuts","Gross Production Value (constant 2014-2016 thousand US$)","1000 USD",2020,61787,"Brazil nuts","no"
NA,"World",NA,NA,"Fruits and nuts","Gross Production Value (constant 2014-2016 thousand US$)","1000 USD",2021,62002,"Brazil nuts","no"
NA,"World",NA,NA,"Fruits and nuts","Gross Production Value (constant 2014-2016 thousand US$)","1000 USD",2022,68835,"Brazil nuts","no"
NA,"World",NA,NA,"Fruits and nuts","Gross Production Value (constant 2014-2016 thousand US$)","1000 USD",2023,65535,"Brazil nuts","no"
NA,"World",NA,NA,"Pulses (dried leguminous vegetables)","Gross Production Value (constant 2014-2016 thousand I$)","1000 Int$",1992,932865,"Broad beans and horse beans","no"
NA,"World",NA,NA,"Pulses (dried leguminous vegetables)","Gross Production Value (constant 2014-2016 thousand I$)","1000 Int$",1993,1189273,"Broad beans and horse beans","no"
NA,"World",NA,NA,"Pulses (dried leguminous vegetables)","Gross Production Value (constant 2014-2016 thousand I$)","1000 Int$",1994,1222943,"Broad beans and horse beans","no"
NA,"World",NA,NA,"Pulses (dried leguminous vegetables)","Gross Production Value (constant 2014-2016 thousand I$)","1000 Int$",1995,1218520,"Broad beans and horse beans","no"
NA,"World",NA,NA,"Pulses (dried leguminous vegetables)","Gross Production Value (constant 2014-2016 thousand I$)","1000 Int$",1996,1241967,"Broad beans and horse beans","no"
NA,"World",NA,NA,"Pulses (dried leguminous vegetables)","Gross Production Value (constant 2014-2016 thousand I$)","1000 Int$",1997,1153629,"Broad beans and horse beans","no"
NA,"World",NA,NA,"Pulses (dried leguminous vegetables)","Gross Production Value (constant 2014-2016 thousand I$)","1000 Int$",1998,1284901,"Broad beans and horse beans","no"
NA,"World",NA,NA,"Pulses (dried leguminous vegetables)","Gross Production Value (constant 2014-2016 thousand I$)","1000 Int$",1999,1201217,"Broad beans and horse beans","no"
NA,"World",NA,NA,"Pulses (dried leguminous vegetables)","Gross Production Value (constant 2014-2016 thousand I$)","1000 Int$",2000,1274145,"Broad beans and horse beans","no"
NA,"World",NA,NA,"Pulses (dried leguminous vegetables)","Gross Production Value (constant 2014-2016 thousand I$)","1000 Int$",2001,1399683,"Broad beans and horse beans","no"
NA,"World",NA,NA,"Pulses (dried leguminous vegetables)","Gross Production Value (constant 2014-2016 thousand I$)","1000 Int$",2002,1459982,"Broad beans and horse beans","no"
NA,"World",NA,NA,"Pulses (dried leguminous vegetables)","Gross Production Value (constant 2014-2016 thousand I$)","1000 Int$",2003,1531971,"Broad beans and horse beans","no"
NA,"World",NA,NA,"Pulses (dried leguminous vegetables)","Gross Production Value (constant 2014-2016 thousand I$)","1000 Int$",2004,1456298,"Broad beans and horse beans","no"
NA,"World",NA,NA,"Pulses (dried leguminous vegetables)","Gross Production Value (constant 2014-2016 thousand I$)","1000 Int$",2005,1501507,"Broad beans and horse beans","no"
NA,"World",NA,NA,"Pulses (dried leguminous vegetables)","Gross Production Value (constant 2014-2016 thousand I$)","1000 Int$",2006,1381764,"Broad beans and horse beans","no"
NA,"World",NA,NA,"Pulses (dried leguminous vegetables)","Gross Production Value (constant 2014-2016 thousand I$)","1000 Int$",2007,1351166,"Broad beans and horse beans","no"
NA,"World",NA,NA,"Pulses (dried leguminous vegetables)","Gross Production Value (constant 2014-2016 thousand I$)","1000 Int$",2008,1420464,"Broad beans and horse beans","no"
NA,"World",NA,NA,"Pulses (dried leguminous vegetables)","Gross Production Value (constant 2014-2016 thousand I$)","1000 Int$",2009,1466136,"Broad beans and horse beans","no"
NA,"World",NA,NA,"Pulses (dried leguminous vegetables)","Gross Production Value (constant 2014-2016 thousand I$)","1000 Int$",2010,1508697,"Broad beans and horse beans","no"
NA,"World",NA,NA,"Pulses (dried leguminous vegetables)","Gross Production Value (constant 2014-2016 thousand I$)","1000 Int$",2011,1546448,"Broad beans and horse beans","no"
NA,"World",NA,NA,"Pulses (dried leguminous vegetables)","Gross Production Value (constant 2014-2016 thousand I$)","1000 Int$",2012,1564731,"Broad beans and horse beans","no"
NA,"World",NA,NA,"Pulses (dried leguminous vegetables)","Gross Production Value (constant 2014-2016 thousand I$)","1000 Int$",2013,1512346,"Broad beans and horse beans","no"
NA,"World",NA,NA,"Pulses (dried leguminous vegetables)","Gross Production Value (constant 2014-2016 thousand I$)","1000 Int$",2014,1500455,"Broad beans and horse beans","no"
NA,"World",NA,NA,"Pulses (dried leguminous vegetables)","Gross Production Value (constant 2014-2016 thousand I$)","1000 Int$",2015,1564338,"Broad beans and horse beans","no"
NA,"World",NA,NA,"Pulses (dried leguminous vegetables)","Gross Production Value (constant 2014-2016 thousand I$)","1000 Int$",2016,1704961,"Broad beans and horse beans","no"
NA,"World",NA,NA,"Pulses (dried leguminous vegetables)","Gross Production Value (constant 2014-2016 thousand I$)","1000 Int$",2017,1909620,"Broad beans and horse beans","no"
NA,"World",NA,NA,"Pulses (dried leguminous vegetables)","Gross Production Value (constant 2014-2016 thousand I$)","1000 Int$",2018,1870077,"Broad beans and horse beans","no"
NA,"World",NA,NA,"Pulses (dried leguminous vegetables)","Gross Production Value (constant 2014-2016 thousand I$)","1000 Int$",2019,1799602,"Broad beans and horse beans","no"
NA,"World",NA,NA,"Pulses (dried leguminous vegetables)","Gross Production Value (constant 2014-2016 thousand I$)","1000 Int$",2020,1914286,"Broad beans and horse beans","no"
NA,"World",NA,NA,"Pulses (dried leguminous vegetables)","Gross Production Value (constant 2014-2016 thousand I$)","1000 Int$",2021,2017907,"Broad beans and horse beans","no"
NA,"World",NA,NA,"Pulses (dried leguminous vegetables)","Gross Production Value (constant 2014-2016 thousand I$)","1000 Int$",2022,2058622,"Broad beans and horse beans","no"
NA,"World",NA,NA,"Pulses (dried leguminous vegetables)","Gross Production Value (constant 2014-2016 thousand I$)","1000 Int$",2023,2042874,"Broad beans and horse beans","no"
NA,"World",NA,NA,"Pulses (dried leguminous vegetables)","Gross Production Value (constant 2014-2016 thousand US$)","1000 USD",1992,1538588,"Broad beans and horse beans","no"
NA,"World",NA,NA,"Pulses (dried leguminous vegetables)","Gross Production Value (constant 2014-2016 thousand US$)","1000 USD",1993,2210739,"Broad beans and horse beans","no"
NA,"World",NA,NA,"Pulses (dried leguminous vegetables)","Gross Production Value (constant 2014-2016 thousand US$)","1000 USD",1994,2331521,"Broad beans and horse beans","no"
NA,"World",NA,NA,"Pulses (dried leguminous vegetables)","Gross Production Value (constant 2014-2016 thousand US$)","1000 USD",1995,2253281,"Broad beans and horse beans","no"
NA,"World",NA,NA,"Pulses (dried leguminous vegetables)","Gross Production Value (constant 2014-2016 thousand US$)","1000 USD",1996,2272177,"Broad beans and horse beans","no"
NA,"World",NA,NA,"Pulses (dried leguminous vegetables)","Gross Production Value (constant 2014-2016 thousand US$)","1000 USD",1997,2076743,"Broad beans and horse beans","no"
NA,"World",NA,NA,"Pulses (dried leguminous vegetables)","Gross Production Value (constant 2014-2016 thousand US$)","1000 USD",1998,2322041,"Broad beans and horse beans","no"
NA,"World",NA,NA,"Pulses (dried leguminous vegetables)","Gross Production Value (constant 2014-2016 thousand US$)","1000 USD",1999,2143272,"Broad beans and horse beans","no"
NA,"World",NA,NA,"Pulses (dried leguminous vegetables)","Gross Production Value (constant 2014-2016 thousand US$)","1000 USD",2000,2250584,"Broad beans and horse beans","no"
NA,"World",NA,NA,"Pulses (dried leguminous vegetables)","Gross Production Value (constant 2014-2016 thousand US$)","1000 USD",2001,2430217,"Broad beans and horse beans","no"
NA,"World",NA,NA,"Pulses (dried leguminous vegetables)","Gross Production Value (constant 2014-2016 thousand US$)","1000 USD",2002,2526770,"Broad beans and horse beans","no"
NA,"World",NA,NA,"Pulses (dried leguminous vegetables)","Gross Production Value (constant 2014-2016 thousand US$)","1000 USD",2003,2603855,"Broad beans and horse beans","no"
NA,"World",NA,NA,"Pulses (dried leguminous vegetables)","Gross Production Value (constant 2014-2016 thousand US$)","1000 USD",2004,2381500,"Broad beans and horse beans","no"
NA,"World",NA,NA,"Pulses (dried leguminous vegetables)","Gross Production Value (constant 2014-2016 thousand US$)","1000 USD",2005,2491874,"Broad beans and horse beans","no"
NA,"World",NA,NA,"Pulses (dried leguminous vegetables)","Gross Production Value (constant 2014-2016 thousand US$)","1000 USD",2006,2287096,"Broad beans and horse beans","no"
NA,"World",NA,NA,"Pulses (dried leguminous vegetables)","Gross Production Value (constant 2014-2016 thousand US$)","1000 USD",2007,2245207,"Broad beans and horse beans","no"
NA,"World",NA,NA,"Pulses (dried leguminous vegetables)","Gross Production Value (constant 2014-2016 thousand US$)","1000 USD",2008,2376250,"Broad beans and horse beans","no"
NA,"World",NA,NA,"Pulses (dried leguminous vegetables)","Gross Production Value (constant 2014-2016 thousand US$)","1000 USD",2009,2378992,"Broad beans and horse beans","no"
NA,"World",NA,NA,"Pulses (dried leguminous vegetables)","Gross Production Value (constant 2014-2016 thousand US$)","1000 USD",2010,2322028,"Broad beans and horse beans","no"
NA,"World",NA,NA,"Pulses (dried leguminous vegetables)","Gross Production Value (constant 2014-2016 thousand US$)","1000 USD",2011,2464052,"Broad beans and horse beans","no"
NA,"World",NA,NA,"Pulses (dried leguminous vegetables)","Gross Production Value (constant 2014-2016 thousand US$)","1000 USD",2012,2422775,"Broad beans and horse beans","no"
NA,"World",NA,NA,"Pulses (dried leguminous vegetables)","Gross Production Value (constant 2014-2016 thousand US$)","1000 USD",2013,2329166,"Broad beans and horse beans","no"
NA,"World",NA,NA,"Pulses (dried leguminous vegetables)","Gross Production Value (constant 2014-2016 thousand US$)","1000 USD",2014,2312718,"Broad beans and horse beans","no"
NA,"World",NA,NA,"Pulses (dried leguminous vegetables)","Gross Production Value (constant 2014-2016 thousand US$)","1000 USD",2015,2374227,"Broad beans and horse beans","no"
NA,"World",NA,NA,"Pulses (dried leguminous vegetables)","Gross Production Value (constant 2014-2016 thousand US$)","1000 USD",2016,2618733,"Broad beans and horse beans","no"
NA,"World",NA,NA,"Pulses (dried leguminous vegetables)","Gross Production Value (constant 2014-2016 thousand US$)","1000 USD",2017,2939525,"Broad beans and horse beans","no"
NA,"World",NA,NA,"Pulses (dried leguminous vegetables)","Gross Production Value (constant 2014-2016 thousand US$)","1000 USD",2018,2794795,"Broad beans and horse beans","no"
NA,"World",NA,NA,"Pulses (dried leguminous vegetables)","Gross Production Value (constant 2014-2016 thousand US$)","1000 USD",2019,2713748,"Broad beans and horse beans","no"
NA,"World",NA,NA,"Pulses (dried leguminous vegetables)","Gross Production Value (constant 2014-2016 thousand US$)","1000 USD",2020,2756330,"Broad beans and horse beans","no"
NA,"World",NA,NA,"Pulses (dried leguminous vegetables)","Gross Production Value (constant 2014-2016 thousand US$)","1000 USD",2021,2967324,"Broad beans and horse beans","no"
NA,"World",NA,NA,"Pulses (dried leguminous vegetables)","Gross Production Value (constant 2014-2016 thousand US$)","1000 USD",2022,2898683,"Broad beans and horse beans","no"
NA,"World",NA,NA,"Pulses (dried leguminous vegetables)","Gross Production Value (constant 2014-2016 thousand US$)","1000 USD",2023,2898230,"Broad beans and horse beans","no"
NA,"World",NA,NA,"Vegetables","Gross Production Value (constant 2014-2016 thousand I$)","1000 Int$",1992,470464,"Broad beans and horse beans","no"
NA,"World",NA,NA,"Vegetables","Gross Production Value (constant 2014-2016 thousand I$)","1000 Int$",1993,438412,"Broad beans and horse beans","no"
NA,"World",NA,NA,"Vegetables","Gross Production Value (constant 2014-2016 thousand I$)","1000 Int$",1994,441260,"Broad beans and horse beans","no"
NA,"World",NA,NA,"Vegetables","Gross Production Value (constant 2014-2016 thousand I$)","1000 Int$",1995,446449,"Broad beans and horse beans","no"
NA,"World",NA,NA,"Vegetables","Gross Production Value (constant 2014-2016 thousand I$)","1000 Int$",1996,474077,"Broad beans and horse beans","no"
NA,"World",NA,NA,"Vegetables","Gross Production Value (constant 2014-2016 thousand I$)","1000 Int$",1997,474148,"Broad beans and horse beans","no"
NA,"World",NA,NA,"Vegetables","Gross Production Value (constant 2014-2016 thousand I$)","1000 Int$",1998,488820,"Broad beans and horse beans","no"
NA,"World",NA,NA,"Vegetables","Gross Production Value (constant 2014-2016 thousand I$)","1000 Int$",1999,521481,"Broad beans and horse beans","no"
NA,"World",NA,NA,"Vegetables","Gross Production Value (constant 2014-2016 thousand I$)","1000 Int$",2000,493830,"Broad beans and horse beans","no"
NA,"World",NA,NA,"Vegetables","Gross Production Value (constant 2014-2016 thousand I$)","1000 Int$",2001,514618,"Broad beans and horse beans","no"
NA,"World",NA,NA,"Vegetables","Gross Production Value (constant 2014-2016 thousand I$)","1000 Int$",2002,533224,"Broad beans and horse beans","no"
NA,"World",NA,NA,"Vegetables","Gross Production Value (constant 2014-2016 thousand I$)","1000 Int$",2003,664547,"Broad beans and horse beans","no"
NA,"World",NA,NA,"Vegetables","Gross Production Value (constant 2014-2016 thousand I$)","1000 Int$",2004,734946,"Broad beans and horse beans","no"
NA,"World",NA,NA,"Vegetables","Gross Production Value (constant 2014-2016 thousand I$)","1000 Int$",2005,682155,"Broad beans and horse beans","no"
NA,"World",NA,NA,"Vegetables","Gross Production Value (constant 2014-2016 thousand I$)","1000 Int$",2006,700961,"Broad beans and horse beans","no"
NA,"World",NA,NA,"Vegetables","Gross Production Value (constant 2014-2016 thousand I$)","1000 Int$",2007,679512,"Broad beans and horse beans","no"
NA,"World",NA,NA,"Vegetables","Gross Production Value (constant 2014-2016 thousand I$)","1000 Int$",2008,731490,"Broad beans and horse beans","no"
NA,"World",NA,NA,"Vegetables","Gross Production Value (constant 2014-2016 thousand I$)","1000 Int$",2009,828632,"Broad beans and horse beans","no"
NA,"World",NA,NA,"Vegetables","Gross Production Value (constant 2014-2016 thousand I$)","1000 Int$",2010,802998,"Broad beans and horse beans","no"
NA,"World",NA,NA,"Vegetables","Gross Production Value (constant 2014-2016 thousand I$)","1000 Int$",2011,746606,"Broad beans and horse beans","no"
NA,"World",NA,NA,"Vegetables","Gross Production Value (constant 2014-2016 thousand I$)","1000 Int$",2012,806749,"Broad beans and horse beans","no"
NA,"World",NA,NA,"Vegetables","Gross Production Value (constant 2014-2016 thousand I$)","1000 Int$",2013,848162,"Broad beans and horse beans","no"
NA,"World",NA,NA,"Vegetables","Gross Production Value (constant 2014-2016 thousand I$)","1000 Int$",2014,837280,"Broad beans and horse beans","no"
NA,"World",NA,NA,"Vegetables","Gross Production Value (constant 2014-2016 thousand I$)","1000 Int$",2015,790888,"Broad beans and horse beans","no"
NA,"World",NA,NA,"Vegetables","Gross Production Value (constant 2014-2016 thousand I$)","1000 Int$",2016,783908,"Broad beans and horse beans","no"
NA,"World",NA,NA,"Vegetables","Gross Production Value (constant 2014-2016 thousand I$)","1000 Int$",2017,763125,"Broad beans and horse beans","no"
NA,"World",NA,NA,"Vegetables","Gross Production Value (constant 2014-2016 thousand I$)","1000 Int$",2018,809237,"Broad beans and horse beans","no"
NA,"World",NA,NA,"Vegetables","Gross Production Value (constant 2014-2016 thousand I$)","1000 Int$",2019,775028,"Broad beans and horse beans","no"
NA,"World",NA,NA,"Vegetables","Gross Production Value (constant 2014-2016 thousand I$)","1000 Int$",2020,837902,"Broad beans and horse beans","no"
NA,"World",NA,NA,"Vegetables","Gross Production Value (constant 2014-2016 thousand I$)","1000 Int$",2021,784796,"Broad beans and horse beans","no"
NA,"World",NA,NA,"Vegetables","Gross Production Value (constant 2014-2016 thousand I$)","1000 Int$",2022,751662,"Broad beans and horse beans","no"
NA,"World",NA,NA,"Vegetables","Gross Production Value (constant 2014-2016 thousand I$)","1000 Int$",2023,760193,"Broad beans and horse beans","no"
NA,"World",NA,NA,"Vegetables","Gross Production Value (constant 2014-2016 thousand US$)","1000 USD",1992,495210,"Broad beans and horse beans","no"
NA,"World",NA,NA,"Vegetables","Gross Production Value (constant 2014-2016 thousand US$)","1000 USD",1993,429780,"Broad beans and horse beans","no"
NA,"World",NA,NA,"Vegetables","Gross Production Value (constant 2014-2016 thousand US$)","1000 USD",1994,445881,"Broad beans and horse beans","no"
NA,"World",NA,NA,"Vegetables","Gross Production Value (constant 2014-2016 thousand US$)","1000 USD",1995,445806,"Broad beans and horse beans","no"
NA,"World",NA,NA,"Vegetables","Gross Production Value (constant 2014-2016 thousand US$)","1000 USD",1996,460691,"Broad beans and horse beans","no"
NA,"World",NA,NA,"Vegetables","Gross Production Value (constant 2014-2016 thousand US$)","1000 USD",1997,455133,"Broad beans and horse beans","no"
NA,"World",NA,NA,"Vegetables","Gross Production Value (constant 2014-2016 thousand US$)","1000 USD",1998,478777,"Broad beans and horse beans","no"
NA,"World",NA,NA,"Vegetables","Gross Production Value (constant 2014-2016 thousand US$)","1000 USD",1999,499541,"Broad beans and horse beans","no"
NA,"World",NA,NA,"Vegetables","Gross Production Value (constant 2014-2016 thousand US$)","1000 USD",2000,463744,"Broad beans and horse beans","no"
NA,"World",NA,NA,"Vegetables","Gross Production Value (constant 2014-2016 thousand US$)","1000 USD",2001,482685,"Broad beans and horse beans","no"
NA,"World",NA,NA,"Vegetables","Gross Production Value (constant 2014-2016 thousand US$)","1000 USD",2002,507273,"Broad beans and horse beans","no"
NA,"World",NA,NA,"Vegetables","Gross Production Value (constant 2014-2016 thousand US$)","1000 USD",2003,738673,"Broad beans and horse beans","no"
NA,"World",NA,NA,"Vegetables","Gross Production Value (constant 2014-2016 thousand US$)","1000 USD",2004,904140,"Broad beans and horse beans","no"
NA,"World",NA,NA,"Vegetables","Gross Production Value (constant 2014-2016 thousand US$)","1000 USD",2005,845383,"Broad beans and horse beans","no"
NA,"World",NA,NA,"Vegetables","Gross Production Value (constant 2014-2016 thousand US$)","1000 USD",2006,849650,"Broad beans and horse beans","no"
NA,"World",NA,NA,"Vegetables","Gross Production Value (constant 2014-2016 thousand US$)","1000 USD",2007,839155,"Broad beans and horse beans","no"
NA,"World",NA,NA,"Vegetables","Gross Production Value (constant 2014-2016 thousand US$)","1000 USD",2008,918824,"Broad beans and horse beans","no"
NA,"World",NA,NA,"Vegetables","Gross Production Value (constant 2014-2016 thousand US$)","1000 USD",2009,975325,"Broad beans and horse beans","no"
NA,"World",NA,NA,"Vegetables","Gross Production Value (constant 2014-2016 thousand US$)","1000 USD",2010,956715,"Broad beans and horse beans","no"
NA,"World",NA,NA,"Vegetables","Gross Production Value (constant 2014-2016 thousand US$)","1000 USD",2011,872529,"Broad beans and horse beans","no"
NA,"World",NA,NA,"Vegetables","Gross Production Value (constant 2014-2016 thousand US$)","1000 USD",2012,857094,"Broad beans and horse beans","no"
NA,"World",NA,NA,"Vegetables","Gross Production Value (constant 2014-2016 thousand US$)","1000 USD",2013,914705,"Broad beans and horse beans","no"
NA,"World",NA,NA,"Vegetables","Gross Production Value (constant 2014-2016 thousand US$)","1000 USD",2014,904618,"Broad beans and horse beans","no"
NA,"World",NA,NA,"Vegetables","Gross Production Value (constant 2014-2016 thousand US$)","1000 USD",2015,854621,"Broad beans and horse beans","no"
NA,"World",NA,NA,"Vegetables","Gross Production Value (constant 2014-2016 thousand US$)","1000 USD",2016,928391,"Broad beans and horse beans","no"
NA,"World",NA,NA,"Vegetables","Gross Production Value (constant 2014-2016 thousand US$)","1000 USD",2017,866181,"Broad beans and horse beans","no"
NA,"World",NA,NA,"Vegetables","Gross Production Value (constant 2014-2016 thousand US$)","1000 USD",2018,898696,"Broad beans and horse beans","no"
NA,"World",NA,NA,"Vegetables","Gross Production Value (constant 2014-2016 thousand US$)","1000 USD",2019,888739,"Broad beans and horse beans","no"
NA,"World",NA,NA,"Vegetables","Gross Production Value (constant 2014-2016 thousand US$)","1000 USD",2020,938107,"Broad beans and horse beans","no"
NA,"World",NA,NA,"Vegetables","Gross Production Value (constant 2014-2016 thousand US$)","1000 USD",2021,898898,"Broad beans and horse beans","no"
NA,"World",NA,NA,"Vegetables","Gross Production Value (constant 2014-2016 thousand US$)","1000 USD",2022,862501,"Broad beans and horse beans","no"
NA,"World",NA,NA,"Vegetables","Gross Production Value (constant 2014-2016 thousand US$)","1000 USD",2023,860998,"Broad beans and horse beans","no"
NA,"World",NA,NA,"Cereals","Gross Production Value (constant 2014-2016 thousand I$)","1000 Int$",1992,1398115,"Buckwheat","no"
NA,"World",NA,NA,"Cereals","Gross Production Value (constant 2014-2016 thousand I$)","1000 Int$",1993,1141775,"Buckwheat","no"
NA,"World",NA,NA,"Cereals","Gross Production Value (constant 2014-2016 thousand I$)","1000 Int$",1994,1204521,"Buckwheat","no"
NA,"World",NA,NA,"Cereals","Gross Production Value (constant 2014-2016 thousand I$)","1000 Int$",1995,1106236,"Buckwheat","no"
NA,"World",NA,NA,"Cereals","Gross Production Value (constant 2014-2016 thousand I$)","1000 Int$",1996,1044597,"Buckwheat","no"
NA,"World",NA,NA,"Cereals","Gross Production Value (constant 2014-2016 thousand I$)","1000 Int$",1997,1179740,"Buckwheat","no"
NA,"World",NA,NA,"Cereals","Gross Production Value (constant 2014-2016 thousand I$)","1000 Int$",1998,988614,"Buckwheat","no"
NA,"World",NA,NA,"Cereals","Gross Production Value (constant 2014-2016 thousand I$)","1000 Int$",1999,890654,"Buckwheat","no"
NA,"World",NA,NA,"Cereals","Gross Production Value (constant 2014-2016 thousand I$)","1000 Int$",2000,1207170,"Buckwheat","no"
NA,"World",NA,NA,"Cereals","Gross Production Value (constant 2014-2016 thousand I$)","1000 Int$",2001,826985,"Buckwheat","no"
NA,"World",NA,NA,"Cereals","Gross Production Value (constant 2014-2016 thousand I$)","1000 Int$",2002,584262,"Buckwheat","no"
NA,"World",NA,NA,"Cereals","Gross Production Value (constant 2014-2016 thousand I$)","1000 Int$",2003,820452,"Buckwheat","no"
NA,"World",NA,NA,"Cereals","Gross Production Value (constant 2014-2016 thousand I$)","1000 Int$",2004,731524,"Buckwheat","no"
NA,"World",NA,NA,"Cereals","Gross Production Value (constant 2014-2016 thousand I$)","1000 Int$",2005,664379,"Buckwheat","no"
NA,"World",NA,NA,"Cereals","Gross Production Value (constant 2014-2016 thousand I$)","1000 Int$",2006,619636,"Buckwheat","no"
NA,"World",NA,NA,"Cereals","Gross Production Value (constant 2014-2016 thousand I$)","1000 Int$",2007,759541,"Buckwheat","no"
NA,"World",NA,NA,"Cereals","Gross Production Value (constant 2014-2016 thousand I$)","1000 Int$",2008,708859,"Buckwheat","no"
NA,"World",NA,NA,"Cereals","Gross Production Value (constant 2014-2016 thousand I$)","1000 Int$",2009,574890,"Buckwheat","no"
NA,"World",NA,NA,"Cereals","Gross Production Value (constant 2014-2016 thousand I$)","1000 Int$",2010,464436,"Buckwheat","no"
NA,"World",NA,NA,"Cereals","Gross Production Value (constant 2014-2016 thousand I$)","1000 Int$",2011,756085,"Buckwheat","no"
NA,"World",NA,NA,"Cereals","Gross Production Value (constant 2014-2016 thousand I$)","1000 Int$",2012,722547,"Buckwheat","no"
NA,"World",NA,NA,"Cereals","Gross Production Value (constant 2014-2016 thousand I$)","1000 Int$",2013,722797,"Buckwheat","no"
NA,"World",NA,NA,"Cereals","Gross Production Value (constant 2014-2016 thousand I$)","1000 Int$",2014,613153,"Buckwheat","no"
NA,"World",NA,NA,"Cereals","Gross Production Value (constant 2014-2016 thousand I$)","1000 Int$",2015,614231,"Buckwheat","no"
NA,"World",NA,NA,"Cereals","Gross Production Value (constant 2014-2016 thousand I$)","1000 Int$",2016,826892,"Buckwheat","no"
NA,"World",NA,NA,"Cereals","Gross Production Value (constant 2014-2016 thousand I$)","1000 Int$",2017,969392,"Buckwheat","no"
NA,"World",NA,NA,"Cereals","Gross Production Value (constant 2014-2016 thousand I$)","1000 Int$",2018,621195,"Buckwheat","no"
NA,"World",NA,NA,"Cereals","Gross Production Value (constant 2014-2016 thousand I$)","1000 Int$",2019,550417,"Buckwheat","no"
NA,"World",NA,NA,"Cereals","Gross Production Value (constant 2014-2016 thousand I$)","1000 Int$",2020,576617,"Buckwheat","no"
NA,"World",NA,NA,"Cereals","Gross Production Value (constant 2014-2016 thousand I$)","1000 Int$",2021,596654,"Buckwheat","no"
NA,"World",NA,NA,"Cereals","Gross Production Value (constant 2014-2016 thousand I$)","1000 Int$",2022,712477,"Buckwheat","no"
NA,"World",NA,NA,"Cereals","Gross Production Value (constant 2014-2016 thousand I$)","1000 Int$",2023,703719,"Buckwheat","no"
NA,"World",NA,NA,"Cereals","Gross Production Value (constant 2014-2016 thousand US$)","1000 USD",1992,1535765,"Buckwheat","no"
NA,"World",NA,NA,"Cereals","Gross Production Value (constant 2014-2016 thousand US$)","1000 USD",1993,1245317,"Buckwheat","no"
NA,"World",NA,NA,"Cereals","Gross Production Value (constant 2014-2016 thousand US$)","1000 USD",1994,1323973,"Buckwheat","no"
NA,"World",NA,NA,"Cereals","Gross Production Value (constant 2014-2016 thousand US$)","1000 USD",1995,1239224,"Buckwheat","no"
NA,"World",NA,NA,"Cereals","Gross Production Value (constant 2014-2016 thousand US$)","1000 USD",1996,1176970,"Buckwheat","no"
NA,"World",NA,NA,"Cereals","Gross Production Value (constant 2014-2016 thousand US$)","1000 USD",1997,1318567,"Buckwheat","no"
NA,"World",NA,NA,"Cereals","Gross Production Value (constant 2014-2016 thousand US$)","1000 USD",1998,1109449,"Buckwheat","no"
NA,"World",NA,NA,"Cereals","Gross Production Value (constant 2014-2016 thousand US$)","1000 USD",1999,1007003,"Buckwheat","no"
NA,"World",NA,NA,"Cereals","Gross Production Value (constant 2014-2016 thousand US$)","1000 USD",2000,1358250,"Buckwheat","no"
NA,"World",NA,NA,"Cereals","Gross Production Value (constant 2014-2016 thousand US$)","1000 USD",2001,943733,"Buckwheat","no"
NA,"World",NA,NA,"Cereals","Gross Production Value (constant 2014-2016 thousand US$)","1000 USD",2002,675159,"Buckwheat","no"
NA,"World",NA,NA,"Cereals","Gross Production Value (constant 2014-2016 thousand US$)","1000 USD",2003,924227,"Buckwheat","no"
NA,"World",NA,NA,"Cereals","Gross Production Value (constant 2014-2016 thousand US$)","1000 USD",2004,801366,"Buckwheat","no"
NA,"World",NA,NA,"Cereals","Gross Production Value (constant 2014-2016 thousand US$)","1000 USD",2005,760589,"Buckwheat","no"
NA,"World",NA,NA,"Cereals","Gross Production Value (constant 2014-2016 thousand US$)","1000 USD",2006,707296,"Buckwheat","no"
NA,"World",NA,NA,"Cereals","Gross Production Value (constant 2014-2016 thousand US$)","1000 USD",2007,829513,"Buckwheat","no"
NA,"World",NA,NA,"Cereals","Gross Production Value (constant 2014-2016 thousand US$)","1000 USD",2008,778463,"Buckwheat","no"
NA,"World",NA,NA,"Cereals","Gross Production Value (constant 2014-2016 thousand US$)","1000 USD",2009,613058,"Buckwheat","no"
NA,"World",NA,NA,"Cereals","Gross Production Value (constant 2014-2016 thousand US$)","1000 USD",2010,535932,"Buckwheat","no"
NA,"World",NA,NA,"Cereals","Gross Production Value (constant 2014-2016 thousand US$)","1000 USD",2011,853778,"Buckwheat","no"
NA,"World",NA,NA,"Cereals","Gross Production Value (constant 2014-2016 thousand US$)","1000 USD",2012,837216,"Buckwheat","no"
NA,"World",NA,NA,"Cereals","Gross Production Value (constant 2014-2016 thousand US$)","1000 USD",2013,792789,"Buckwheat","no"
NA,"World",NA,NA,"Cereals","Gross Production Value (constant 2014-2016 thousand US$)","1000 USD",2014,684434,"Buckwheat","no"
NA,"World",NA,NA,"Cereals","Gross Production Value (constant 2014-2016 thousand US$)","1000 USD",2015,685465,"Buckwheat","no"
NA,"World",NA,NA,"Cereals","Gross Production Value (constant 2014-2016 thousand US$)","1000 USD",2016,884108,"Buckwheat","no"
NA,"World",NA,NA,"Cereals","Gross Production Value (constant 2014-2016 thousand US$)","1000 USD",2017,1022963,"Buckwheat","no"
NA,"World",NA,NA,"Cereals","Gross Production Value (constant 2014-2016 thousand US$)","1000 USD",2018,681717,"Buckwheat","no"
NA,"World",NA,NA,"Cereals","Gross Production Value (constant 2014-2016 thousand US$)","1000 USD",2019,641195,"Buckwheat","no"
NA,"World",NA,NA,"Cereals","Gross Production Value (constant 2014-2016 thousand US$)","1000 USD",2020,667170,"Buckwheat","no"
NA,"World",NA,NA,"Cereals","Gross Production Value (constant 2014-2016 thousand US$)","1000 USD",2021,675646,"Buckwheat","no"
NA,"World",NA,NA,"Cereals","Gross Production Value (constant 2014-2016 thousand US$)","1000 USD",2022,789736,"Buckwheat","no"
NA,"World",NA,NA,"Cereals","Gross Production Value (constant 2014-2016 thousand US$)","1000 USD",2023,776060,"Buckwheat","no"
NA,"World",NA,NA,"Vegetables","Gross Production Value (constant 2014-2016 thousand I$)","1000 Int$",1992,8221583,"Cabbages","no"
NA,"World",NA,NA,"Vegetables","Gross Production Value (constant 2014-2016 thousand I$)","1000 Int$",1993,9073665,"Cabbages","no"
NA,"World",NA,NA,"Vegetables","Gross Production Value (constant 2014-2016 thousand I$)","1000 Int$",1994,9576445,"Cabbages","no"
NA,"World",NA,NA,"Vegetables","Gross Production Value (constant 2014-2016 thousand I$)","1000 Int$",1995,10145327,"Cabbages","no"
NA,"World",NA,NA,"Vegetables","Gross Production Value (constant 2014-2016 thousand I$)","1000 Int$",1996,10912310,"Cabbages","no"
NA,"World",NA,NA,"Vegetables","Gross Production Value (constant 2014-2016 thousand I$)","1000 Int$",1997,11086153,"Cabbages","no"
NA,"World",NA,NA,"Vegetables","Gross Production Value (constant 2014-2016 thousand I$)","1000 Int$",1998,11325421,"Cabbages","no"
NA,"World",NA,NA,"Vegetables","Gross Production Value (constant 2014-2016 thousand I$)","1000 Int$",1999,12085107,"Cabbages","no"
NA,"World",NA,NA,"Vegetables","Gross Production Value (constant 2014-2016 thousand I$)","1000 Int$",2000,17098822,"Cabbages","no"
NA,"World",NA,NA,"Vegetables","Gross Production Value (constant 2014-2016 thousand I$)","1000 Int$",2001,16237895,"Cabbages","no"
NA,"World",NA,NA,"Vegetables","Gross Production Value (constant 2014-2016 thousand I$)","1000 Int$",2002,15571010,"Cabbages","no"
NA,"World",NA,NA,"Vegetables","Gross Production Value (constant 2014-2016 thousand I$)","1000 Int$",2003,15457008,"Cabbages","no"
NA,"World",NA,NA,"Vegetables","Gross Production Value (constant 2014-2016 thousand I$)","1000 Int$",2004,15128285,"Cabbages","no"
NA,"World",NA,NA,"Vegetables","Gross Production Value (constant 2014-2016 thousand I$)","1000 Int$",2005,14840317,"Cabbages","no"
NA,"World",NA,NA,"Vegetables","Gross Production Value (constant 2014-2016 thousand I$)","1000 Int$",2006,14658086,"Cabbages","no"
NA,"World",NA,NA,"Vegetables","Gross Production Value (constant 2014-2016 thousand I$)","1000 Int$",2007,14212110,"Cabbages","no"
NA,"World",NA,NA,"Vegetables","Gross Production Value (constant 2014-2016 thousand I$)","1000 Int$",2008,14787778,"Cabbages","no"
NA,"World",NA,NA,"Vegetables","Gross Production Value (constant 2014-2016 thousand I$)","1000 Int$",2009,14921896,"Cabbages","no"
NA,"World",NA,NA,"Vegetables","Gross Production Value (constant 2014-2016 thousand I$)","1000 Int$",2010,15008216,"Cabbages","no"
NA,"World",NA,NA,"Vegetables","Gross Production Value (constant 2014-2016 thousand I$)","1000 Int$",2011,15925840,"Cabbages","no"
NA,"World",NA,NA,"Vegetables","Gross Production Value (constant 2014-2016 thousand I$)","1000 Int$",2012,15476109,"Cabbages","no"
NA,"World",NA,NA,"Vegetables","Gross Production Value (constant 2014-2016 thousand I$)","1000 Int$",2013,15680862,"Cabbages","no"
NA,"World",NA,NA,"Vegetables","Gross Production Value (constant 2014-2016 thousand I$)","1000 Int$",2014,16186499,"Cabbages","no"
NA,"World",NA,NA,"Vegetables","Gross Production Value (constant 2014-2016 thousand I$)","1000 Int$",2015,16021571,"Cabbages","no"
NA,"World",NA,NA,"Vegetables","Gross Production Value (constant 2014-2016 thousand I$)","1000 Int$",2016,16134683,"Cabbages","no"
NA,"World",NA,NA,"Vegetables","Gross Production Value (constant 2014-2016 thousand I$)","1000 Int$",2017,16402281,"Cabbages","no"
NA,"World",NA,NA,"Vegetables","Gross Production Value (constant 2014-2016 thousand I$)","1000 Int$",2018,16271378,"Cabbages","no"
NA,"World",NA,NA,"Vegetables","Gross Production Value (constant 2014-2016 thousand I$)","1000 Int$",2019,16512762,"Cabbages","no"
NA,"World",NA,NA,"Vegetables","Gross Production Value (constant 2014-2016 thousand I$)","1000 Int$",2020,16730374,"Cabbages","no"
NA,"World",NA,NA,"Vegetables","Gross Production Value (constant 2014-2016 thousand I$)","1000 Int$",2021,16585272,"Cabbages","no"
NA,"World",NA,NA,"Vegetables","Gross Production Value (constant 2014-2016 thousand I$)","1000 Int$",2022,16732428,"Cabbages","no"
NA,"World",NA,NA,"Vegetables","Gross Production Value (constant 2014-2016 thousand I$)","1000 Int$",2023,16776146,"Cabbages","no"
NA,"World",NA,NA,"Vegetables","Gross Production Value (constant 2014-2016 thousand US$)","1000 USD",1992,10914411,"Cabbages","no"
NA,"World",NA,NA,"Vegetables","Gross Production Value (constant 2014-2016 thousand US$)","1000 USD",1993,11835753,"Cabbages","no"
NA,"World",NA,NA,"Vegetables","Gross Production Value (constant 2014-2016 thousand US$)","1000 USD",1994,12497544,"Cabbages","no"
NA,"World",NA,NA,"Vegetables","Gross Production Value (constant 2014-2016 thousand US$)","1000 USD",1995,13169425,"Cabbages","no"
NA,"World",NA,NA,"Vegetables","Gross Production Value (constant 2014-2016 thousand US$)","1000 USD",1996,14033244,"Cabbages","no"
NA,"World",NA,NA,"Vegetables","Gross Production Value (constant 2014-2016 thousand US$)","1000 USD",1997,14206665,"Cabbages","no"
NA,"World",NA,NA,"Vegetables","Gross Production Value (constant 2014-2016 thousand US$)","1000 USD",1998,14406227,"Cabbages","no"
NA,"World",NA,NA,"Vegetables","Gross Production Value (constant 2014-2016 thousand US$)","1000 USD",1999,15349862,"Cabbages","no"
NA,"World",NA,NA,"Vegetables","Gross Production Value (constant 2014-2016 thousand US$)","1000 USD",2000,21672241,"Cabbages","no"
NA,"World",NA,NA,"Vegetables","Gross Production Value (constant 2014-2016 thousand US$)","1000 USD",2001,20541202,"Cabbages","no"
NA,"World",NA,NA,"Vegetables","Gross Production Value (constant 2014-2016 thousand US$)","1000 USD",2002,19768428,"Cabbages","no"
NA,"World",NA,NA,"Vegetables","Gross Production Value (constant 2014-2016 thousand US$)","1000 USD",2003,19501235,"Cabbages","no"
NA,"World",NA,NA,"Vegetables","Gross Production Value (constant 2014-2016 thousand US$)","1000 USD",2004,18796450,"Cabbages","no"
NA,"World",NA,NA,"Vegetables","Gross Production Value (constant 2014-2016 thousand US$)","1000 USD",2005,18573911,"Cabbages","no"
NA,"World",NA,NA,"Vegetables","Gross Production Value (constant 2014-2016 thousand US$)","1000 USD",2006,18357067,"Cabbages","no"
NA,"World",NA,NA,"Vegetables","Gross Production Value (constant 2014-2016 thousand US$)","1000 USD",2007,17864511,"Cabbages","no"
NA,"World",NA,NA,"Vegetables","Gross Production Value (constant 2014-2016 thousand US$)","1000 USD",2008,18443273,"Cabbages","no"
NA,"World",NA,NA,"Vegetables","Gross Production Value (constant 2014-2016 thousand US$)","1000 USD",2009,18490308,"Cabbages","no"
NA,"World",NA,NA,"Vegetables","Gross Production Value (constant 2014-2016 thousand US$)","1000 USD",2010,18803020,"Cabbages","no"
NA,"World",NA,NA,"Vegetables","Gross Production Value (constant 2014-2016 thousand US$)","1000 USD",2011,19637242,"Cabbages","no"
NA,"World",NA,NA,"Vegetables","Gross Production Value (constant 2014-2016 thousand US$)","1000 USD",2012,18857484,"Cabbages","no"
NA,"World",NA,NA,"Vegetables","Gross Production Value (constant 2014-2016 thousand US$)","1000 USD",2013,19119738,"Cabbages","no"
NA,"World",NA,NA,"Vegetables","Gross Production Value (constant 2014-2016 thousand US$)","1000 USD",2014,19638789,"Cabbages","no"
NA,"World",NA,NA,"Vegetables","Gross Production Value (constant 2014-2016 thousand US$)","1000 USD",2015,19598471,"Cabbages","no"
NA,"World",NA,NA,"Vegetables","Gross Production Value (constant 2014-2016 thousand US$)","1000 USD",2016,19771736,"Cabbages","no"
NA,"World",NA,NA,"Vegetables","Gross Production Value (constant 2014-2016 thousand US$)","1000 USD",2017,20077249,"Cabbages","no"
NA,"World",NA,NA,"Vegetables","Gross Production Value (constant 2014-2016 thousand US$)","1000 USD",2018,19986290,"Cabbages","no"
NA,"World",NA,NA,"Vegetables","Gross Production Value (constant 2014-2016 thousand US$)","1000 USD",2019,20488475,"Cabbages","no"
NA,"World",NA,NA,"Vegetables","Gross Production Value (constant 2014-2016 thousand US$)","1000 USD",2020,20914272,"Cabbages","no"
NA,"World",NA,NA,"Vegetables","Gross Production Value (constant 2014-2016 thousand US$)","1000 USD",2021,20709110,"Cabbages","no"
NA,"World",NA,NA,"Vegetables","Gross Production Value (constant 2014-2016 thousand US$)","1000 USD",2022,20797822,"Cabbages","no"
NA,"World",NA,NA,"Vegetables","Gross Production Value (constant 2014-2016 thousand US$)","1000 USD",2023,20754462,"Cabbages","no"
NA,"World",NA,NA,"Cereals","Gross Production Value (constant 2014-2016 thousand I$)","1000 Int$",1992,90071,"Canary seed","no"
NA,"World",NA,NA,"Cereals","Gross Production Value (constant 2014-2016 thousand I$)","1000 Int$",1993,95148,"Canary seed","no"
NA,"World",NA,NA,"Cereals","Gross Production Value (constant 2014-2016 thousand I$)","1000 Int$",1994,140020,"Canary seed","no"
NA,"World",NA,NA,"Cereals","Gross Production Value (constant 2014-2016 thousand I$)","1000 Int$",1995,100740,"Canary seed","no"
NA,"World",NA,NA,"Cereals","Gross Production Value (constant 2014-2016 thousand I$)","1000 Int$",1996,161726,"Canary seed","no"
NA,"World",NA,NA,"Cereals","Gross Production Value (constant 2014-2016 thousand I$)","1000 Int$",1997,78579,"Canary seed","no"
NA,"World",NA,NA,"Cereals","Gross Production Value (constant 2014-2016 thousand I$)","1000 Int$",1998,143063,"Canary seed","no"
NA,"World",NA,NA,"Cereals","Gross Production Value (constant 2014-2016 thousand I$)","1000 Int$",1999,101043,"Canary seed","no"
NA,"World",NA,NA,"Cereals","Gross Production Value (constant 2014-2016 thousand I$)","1000 Int$",2000,100126,"Canary seed","no"
NA,"World",NA,NA,"Cereals","Gross Production Value (constant 2014-2016 thousand I$)","1000 Int$",2001,69868,"Canary seed","no"
NA,"World",NA,NA,"Cereals","Gross Production Value (constant 2014-2016 thousand I$)","1000 Int$",2002,104984,"Canary seed","no"
NA,"World",NA,NA,"Cereals","Gross Production Value (constant 2014-2016 thousand I$)","1000 Int$",2003,139766,"Canary seed","no"
NA,"World",NA,NA,"Cereals","Gross Production Value (constant 2014-2016 thousand I$)","1000 Int$",2004,175949,"Canary seed","no"
NA,"World",NA,NA,"Cereals","Gross Production Value (constant 2014-2016 thousand I$)","1000 Int$",2005,138001,"Canary seed","no"
NA,"World",NA,NA,"Cereals","Gross Production Value (constant 2014-2016 thousand I$)","1000 Int$",2006,90136,"Canary seed","no"
NA,"World",NA,NA,"Cereals","Gross Production Value (constant 2014-2016 thousand I$)","1000 Int$",2007,100855,"Canary seed","no"
NA,"World",NA,NA,"Cereals","Gross Production Value (constant 2014-2016 thousand I$)","1000 Int$",2008,120038,"Canary seed","no"
NA,"World",NA,NA,"Cereals","Gross Production Value (constant 2014-2016 thousand I$)","1000 Int$",2009,118662,"Canary seed","no"
NA,"World",NA,NA,"Cereals","Gross Production Value (constant 2014-2016 thousand I$)","1000 Int$",2010,98294,"Canary seed","no"
NA,"World",NA,NA,"Cereals","Gross Production Value (constant 2014-2016 thousand I$)","1000 Int$",2011,94005,"Canary seed","no"
NA,"World",NA,NA,"Cereals","Gross Production Value (constant 2014-2016 thousand I$)","1000 Int$",2012,103576,"Canary seed","no"
NA,"World",NA,NA,"Cereals","Gross Production Value (constant 2014-2016 thousand I$)","1000 Int$",2013,90977,"Canary seed","no"
NA,"World",NA,NA,"Cereals","Gross Production Value (constant 2014-2016 thousand I$)","1000 Int$",2014,109512,"Canary seed","no"
NA,"World",NA,NA,"Cereals","Gross Production Value (constant 2014-2016 thousand I$)","1000 Int$",2015,106957,"Canary seed","no"
NA,"World",NA,NA,"Cereals","Gross Production Value (constant 2014-2016 thousand I$)","1000 Int$",2016,102340,"Canary seed","no"
NA,"World",NA,NA,"Cereals","Gross Production Value (constant 2014-2016 thousand I$)","1000 Int$",2017,112821,"Canary seed","no"
NA,"World",NA,NA,"Cereals","Gross Production Value (constant 2014-2016 thousand I$)","1000 Int$",2018,105693,"Canary seed","no"
NA,"World",NA,NA,"Cereals","Gross Production Value (constant 2014-2016 thousand I$)","1000 Int$",2019,123839,"Canary seed","no"
NA,"World",NA,NA,"Cereals","Gross Production Value (constant 2014-2016 thousand I$)","1000 Int$",2020,141331,"Canary seed","no"
NA,"World",NA,NA,"Cereals","Gross Production Value (constant 2014-2016 thousand I$)","1000 Int$",2021,104052,"Canary seed","no"
NA,"World",NA,NA,"Cereals","Gross Production Value (constant 2014-2016 thousand I$)","1000 Int$",2022,114593,"Canary seed","no"
NA,"World",NA,NA,"Cereals","Gross Production Value (constant 2014-2016 thousand I$)","1000 Int$",2023,92598,"Canary seed","no"
NA,"World",NA,NA,"Cereals","Gross Production Value (constant 2014-2016 thousand US$)","1000 USD",1992,85073,"Canary seed","no"
NA,"World",NA,NA,"Cereals","Gross Production Value (constant 2014-2016 thousand US$)","1000 USD",1993,87840,"Canary seed","no"
NA,"World",NA,NA,"Cereals","Gross Production Value (constant 2014-2016 thousand US$)","1000 USD",1994,133060,"Canary seed","no"
NA,"World",NA,NA,"Cereals","Gross Production Value (constant 2014-2016 thousand US$)","1000 USD",1995,95948,"Canary seed","no"
NA,"World",NA,NA,"Cereals","Gross Production Value (constant 2014-2016 thousand US$)","1000 USD",1996,155283,"Canary seed","no"
NA,"World",NA,NA,"Cereals","Gross Production Value (constant 2014-2016 thousand US$)","1000 USD",1997,72696,"Canary seed","no"
NA,"World",NA,NA,"Cereals","Gross Production Value (constant 2014-2016 thousand US$)","1000 USD",1998,135479,"Canary seed","no"
NA,"World",NA,NA,"Cereals","Gross Production Value (constant 2014-2016 thousand US$)","1000 USD",1999,94074,"Canary seed","no"
NA,"World",NA,NA,"Cereals","Gross Production Value (constant 2014-2016 thousand US$)","1000 USD",2000,92589,"Canary seed","no"
NA,"World",NA,NA,"Cereals","Gross Production Value (constant 2014-2016 thousand US$)","1000 USD",2001,63207,"Canary seed","no"
NA,"World",NA,NA,"Cereals","Gross Production Value (constant 2014-2016 thousand US$)","1000 USD",2002,96842,"Canary seed","no"
NA,"World",NA,NA,"Cereals","Gross Production Value (constant 2014-2016 thousand US$)","1000 USD",2003,129193,"Canary seed","no"
NA,"World",NA,NA,"Cereals","Gross Production Value (constant 2014-2016 thousand US$)","1000 USD",2004,164562,"Canary seed","no"
NA,"World",NA,NA,"Cereals","Gross Production Value (constant 2014-2016 thousand US$)","1000 USD",2005,127292,"Canary seed","no"
NA,"World",NA,NA,"Cereals","Gross Production Value (constant 2014-2016 thousand US$)","1000 USD",2006,81915,"Canary seed","no"
NA,"World",NA,NA,"Cereals","Gross Production Value (constant 2014-2016 thousand US$)","1000 USD",2007,91950,"Canary seed","no"
NA,"World",NA,NA,"Cereals","Gross Production Value (constant 2014-2016 thousand US$)","1000 USD",2008,110590,"Canary seed","no"
NA,"World",NA,NA,"Cereals","Gross Production Value (constant 2014-2016 thousand US$)","1000 USD",2009,108307,"Canary seed","no"
NA,"World",NA,NA,"Cereals","Gross Production Value (constant 2014-2016 thousand US$)","1000 USD",2010,88513,"Canary seed","no"
NA,"World",NA,NA,"Cereals","Gross Production Value (constant 2014-2016 thousand US$)","1000 USD",2011,82649,"Canary seed","no"
NA,"World",NA,NA,"Cereals","Gross Production Value (constant 2014-2016 thousand US$)","1000 USD",2012,92160,"Canary seed","no"
NA,"World",NA,NA,"Cereals","Gross Production Value (constant 2014-2016 thousand US$)","1000 USD",2013,80571,"Canary seed","no"
NA,"World",NA,NA,"Cereals","Gross Production Value (constant 2014-2016 thousand US$)","1000 USD",2014,95217,"Canary seed","no"
NA,"World",NA,NA,"Cereals","Gross Production Value (constant 2014-2016 thousand US$)","1000 USD",2015,94936,"Canary seed","no"
NA,"World",NA,NA,"Cereals","Gross Production Value (constant 2014-2016 thousand US$)","1000 USD",2016,90861,"Canary seed","no"
NA,"World",NA,NA,"Cereals","Gross Production Value (constant 2014-2016 thousand US$)","1000 USD",2017,99662,"Canary seed","no"
NA,"World",NA,NA,"Cereals","Gross Production Value (constant 2014-2016 thousand US$)","1000 USD",2018,94822,"Canary seed","no"
NA,"World",NA,NA,"Cereals","Gross Production Value (constant 2014-2016 thousand US$)","1000 USD",2019,111781,"Canary seed","no"
NA,"World",NA,NA,"Cereals","Gross Production Value (constant 2014-2016 thousand US$)","1000 USD",2020,135311,"Canary seed","no"
NA,"World",NA,NA,"Cereals","Gross Production Value (constant 2014-2016 thousand US$)","1000 USD",2021,93727,"Canary seed","no"
NA,"World",NA,NA,"Cereals","Gross Production Value (constant 2014-2016 thousand US$)","1000 USD",2022,103970,"Canary seed","no"
NA,"World",NA,NA,"Cereals","Gross Production Value (constant 2014-2016 thousand US$)","1000 USD",2023,82482,"Canary seed","no"
NA,"World",NA,NA,"Vegetables","Gross Production Value (constant 2014-2016 thousand I$)","1000 Int$",1992,5325898,"Cantaloupes and other melons","no"
NA,"World",NA,NA,"Vegetables","Gross Production Value (constant 2014-2016 thousand I$)","1000 Int$",1993,5836081,"Cantaloupes and other melons","no"
NA,"World",NA,NA,"Vegetables","Gross Production Value (constant 2014-2016 thousand I$)","1000 Int$",1994,5984899,"Cantaloupes and other melons","no"
NA,"World",NA,NA,"Vegetables","Gross Production Value (constant 2014-2016 thousand I$)","1000 Int$",1995,6095706,"Cantaloupes and other melons","no"
NA,"World",NA,NA,"Vegetables","Gross Production Value (constant 2014-2016 thousand I$)","1000 Int$",1996,6506367,"Cantaloupes and other melons","no"
NA,"World",NA,NA,"Vegetables","Gross Production Value (constant 2014-2016 thousand I$)","1000 Int$",1997,6112079,"Cantaloupes and other melons","no"
NA,"World",NA,NA,"Vegetables","Gross Production Value (constant 2014-2016 thousand I$)","1000 Int$",1998,6529286,"Cantaloupes and other melons","no"
NA,"World",NA,NA,"Vegetables","Gross Production Value (constant 2014-2016 thousand I$)","1000 Int$",1999,7043729,"Cantaloupes and other melons","no"
NA,"World",NA,NA,"Vegetables","Gross Production Value (constant 2014-2016 thousand I$)","1000 Int$",2000,7445874,"Cantaloupes and other melons","no"
NA,"World",NA,NA,"Vegetables","Gross Production Value (constant 2014-2016 thousand I$)","1000 Int$",2001,7546416,"Cantaloupes and other melons","no"
NA,"World",NA,NA,"Vegetables","Gross Production Value (constant 2014-2016 thousand I$)","1000 Int$",2002,8200336,"Cantaloupes and other melons","no"
NA,"World",NA,NA,"Vegetables","Gross Production Value (constant 2014-2016 thousand I$)","1000 Int$",2003,8156387,"Cantaloupes and other melons","no"
NA,"World",NA,NA,"Vegetables","Gross Production Value (constant 2014-2016 thousand I$)","1000 Int$",2004,8180238,"Cantaloupes and other melons","no"
NA,"World",NA,NA,"Vegetables","Gross Production Value (constant 2014-2016 thousand I$)","1000 Int$",2005,8754522,"Cantaloupes and other melons","no"
NA,"World",NA,NA,"Vegetables","Gross Production Value (constant 2014-2016 thousand I$)","1000 Int$",2006,9063860,"Cantaloupes and other melons","no"
NA,"World",NA,NA,"Vegetables","Gross Production Value (constant 2014-2016 thousand I$)","1000 Int$",2007,9299568,"Cantaloupes and other melons","no"
NA,"World",NA,NA,"Vegetables","Gross Production Value (constant 2014-2016 thousand I$)","1000 Int$",2008,9514621,"Cantaloupes and other melons","no"
NA,"World",NA,NA,"Vegetables","Gross Production Value (constant 2014-2016 thousand I$)","1000 Int$",2009,9735479,"Cantaloupes and other melons","no"
NA,"World",NA,NA,"Vegetables","Gross Production Value (constant 2014-2016 thousand I$)","1000 Int$",2010,9789886,"Cantaloupes and other melons","no"
NA,"World",NA,NA,"Vegetables","Gross Production Value (constant 2014-2016 thousand I$)","1000 Int$",2011,9751694,"Cantaloupes and other melons","no"
NA,"World",NA,NA,"Vegetables","Gross Production Value (constant 2014-2016 thousand I$)","1000 Int$",2012,9718037,"Cantaloupes and other melons","no"
NA,"World",NA,NA,"Vegetables","Gross Production Value (constant 2014-2016 thousand I$)","1000 Int$",2013,10025852,"Cantaloupes and other melons","no"
NA,"World",NA,NA,"Vegetables","Gross Production Value (constant 2014-2016 thousand I$)","1000 Int$",2014,9878298,"Cantaloupes and other melons","no"
NA,"World",NA,NA,"Vegetables","Gross Production Value (constant 2014-2016 thousand I$)","1000 Int$",2015,9642841,"Cantaloupes and other melons","no"
NA,"World",NA,NA,"Vegetables","Gross Production Value (constant 2014-2016 thousand I$)","1000 Int$",2016,10039735,"Cantaloupes and other melons","no"
NA,"World",NA,NA,"Vegetables","Gross Production Value (constant 2014-2016 thousand I$)","1000 Int$",2017,10069316,"Cantaloupes and other melons","no"
NA,"World",NA,NA,"Vegetables","Gross Production Value (constant 2014-2016 thousand I$)","1000 Int$",2018,10237134,"Cantaloupes and other melons","no"
NA,"World",NA,NA,"Vegetables","Gross Production Value (constant 2014-2016 thousand I$)","1000 Int$",2019,10175151,"Cantaloupes and other melons","no"
NA,"World",NA,NA,"Vegetables","Gross Production Value (constant 2014-2016 thousand I$)","1000 Int$",2020,10582918,"Cantaloupes and other melons","no"
NA,"World",NA,NA,"Vegetables","Gross Production Value (constant 2014-2016 thousand I$)","1000 Int$",2021,10907126,"Cantaloupes and other melons","no"
NA,"World",NA,NA,"Vegetables","Gross Production Value (constant 2014-2016 thousand I$)","1000 Int$",2022,11119149,"Cantaloupes and other melons","no"
NA,"World",NA,NA,"Vegetables","Gross Production Value (constant 2014-2016 thousand I$)","1000 Int$",2023,11030069,"Cantaloupes and other melons","no"
NA,"World",NA,NA,"Vegetables","Gross Production Value (constant 2014-2016 thousand US$)","1000 USD",1992,7324694,"Cantaloupes and other melons","no"
NA,"World",NA,NA,"Vegetables","Gross Production Value (constant 2014-2016 thousand US$)","1000 USD",1993,8016071,"Cantaloupes and other melons","no"
NA,"World",NA,NA,"Vegetables","Gross Production Value (constant 2014-2016 thousand US$)","1000 USD",1994,8225567,"Cantaloupes and other melons","no"
NA,"World",NA,NA,"Vegetables","Gross Production Value (constant 2014-2016 thousand US$)","1000 USD",1995,8401467,"Cantaloupes and other melons","no"
NA,"World",NA,NA,"Vegetables","Gross Production Value (constant 2014-2016 thousand US$)","1000 USD",1996,8796164,"Cantaloupes and other melons","no"
NA,"World",NA,NA,"Vegetables","Gross Production Value (constant 2014-2016 thousand US$)","1000 USD",1997,8049913,"Cantaloupes and other melons","no"
NA,"World",NA,NA,"Vegetables","Gross Production Value (constant 2014-2016 thousand US$)","1000 USD",1998,8403829,"Cantaloupes and other melons","no"
NA,"World",NA,NA,"Vegetables","Gross Production Value (constant 2014-2016 thousand US$)","1000 USD",1999,8910316,"Cantaloupes and other melons","no"
NA,"World",NA,NA,"Vegetables","Gross Production Value (constant 2014-2016 thousand US$)","1000 USD",2000,9529343,"Cantaloupes and other melons","no"
NA,"World",NA,NA,"Vegetables","Gross Production Value (constant 2014-2016 thousand US$)","1000 USD",2001,9757635,"Cantaloupes and other melons","no"
NA,"World",NA,NA,"Vegetables","Gross Production Value (constant 2014-2016 thousand US$)","1000 USD",2002,10550302,"Cantaloupes and other melons","no"
NA,"World",NA,NA,"Vegetables","Gross Production Value (constant 2014-2016 thousand US$)","1000 USD",2003,10327577,"Cantaloupes and other melons","no"
NA,"World",NA,NA,"Vegetables","Gross Production Value (constant 2014-2016 thousand US$)","1000 USD",2004,10340387,"Cantaloupes and other melons","no"
NA,"World",NA,NA,"Vegetables","Gross Production Value (constant 2014-2016 thousand US$)","1000 USD",2005,10940523,"Cantaloupes and other melons","no"
NA,"World",NA,NA,"Vegetables","Gross Production Value (constant 2014-2016 thousand US$)","1000 USD",2006,11202623,"Cantaloupes and other melons","no"
NA,"World",NA,NA,"Vegetables","Gross Production Value (constant 2014-2016 thousand US$)","1000 USD",2007,11388131,"Cantaloupes and other melons","no"
NA,"World",NA,NA,"Vegetables","Gross Production Value (constant 2014-2016 thousand US$)","1000 USD",2008,11870837,"Cantaloupes and other melons","no"
NA,"World",NA,NA,"Vegetables","Gross Production Value (constant 2014-2016 thousand US$)","1000 USD",2009,11932081,"Cantaloupes and other melons","no"
NA,"World",NA,NA,"Vegetables","Gross Production Value (constant 2014-2016 thousand US$)","1000 USD",2010,11878599,"Cantaloupes and other melons","no"
NA,"World",NA,NA,"Vegetables","Gross Production Value (constant 2014-2016 thousand US$)","1000 USD",2011,11795715,"Cantaloupes and other melons","no"
NA,"World",NA,NA,"Vegetables","Gross Production Value (constant 2014-2016 thousand US$)","1000 USD",2012,11725529,"Cantaloupes and other melons","no"
NA,"World",NA,NA,"Vegetables","Gross Production Value (constant 2014-2016 thousand US$)","1000 USD",2013,12127269,"Cantaloupes and other melons","no"
NA,"World",NA,NA,"Vegetables","Gross Production Value (constant 2014-2016 thousand US$)","1000 USD",2014,11732547,"Cantaloupes and other melons","no"
NA,"World",NA,NA,"Vegetables","Gross Production Value (constant 2014-2016 thousand US$)","1000 USD",2015,11600630,"Cantaloupes and other melons","no"
NA,"World",NA,NA,"Vegetables","Gross Production Value (constant 2014-2016 thousand US$)","1000 USD",2016,11988595,"Cantaloupes and other melons","no"
NA,"World",NA,NA,"Vegetables","Gross Production Value (constant 2014-2016 thousand US$)","1000 USD",2017,12300781,"Cantaloupes and other melons","no"
NA,"World",NA,NA,"Vegetables","Gross Production Value (constant 2014-2016 thousand US$)","1000 USD",2018,12679451,"Cantaloupes and other melons","no"
NA,"World",NA,NA,"Vegetables","Gross Production Value (constant 2014-2016 thousand US$)","1000 USD",2019,12730349,"Cantaloupes and other melons","no"
NA,"World",NA,NA,"Vegetables","Gross Production Value (constant 2014-2016 thousand US$)","1000 USD",2020,13082365,"Cantaloupes and other melons","no"
NA,"World",NA,NA,"Vegetables","Gross Production Value (constant 2014-2016 thousand US$)","1000 USD",2021,13353860,"Cantaloupes and other melons","no"
NA,"World",NA,NA,"Vegetables","Gross Production Value (constant 2014-2016 thousand US$)","1000 USD",2022,13415705,"Cantaloupes and other melons","no"
NA,"World",NA,NA,"Vegetables","Gross Production Value (constant 2014-2016 thousand US$)","1000 USD",2023,13485728,"Cantaloupes and other melons","no"
NA,"World",NA,NA,"Vegetables","Gross Production Value (constant 2014-2016 thousand I$)","1000 Int$",1992,3986476,"Carrots and turnips","no"
NA,"World",NA,NA,"Vegetables","Gross Production Value (constant 2014-2016 thousand I$)","1000 Int$",1993,4301867,"Carrots and turnips","no"
NA,"World",NA,NA,"Vegetables","Gross Production Value (constant 2014-2016 thousand I$)","1000 Int$",1994,4582000,"Carrots and turnips","no"
NA,"World",NA,NA,"Vegetables","Gross Production Value (constant 2014-2016 thousand I$)","1000 Int$",1995,4805703,"Carrots and turnips","no"
NA,"World",NA,NA,"Vegetables","Gross Production Value (constant 2014-2016 thousand I$)","1000 Int$",1996,5217261,"Carrots and turnips","no"
NA,"World",NA,NA,"Vegetables","Gross Production Value (constant 2014-2016 thousand I$)","1000 Int$",1997,5514116,"Carrots and turnips","no"
NA,"World",NA,NA,"Vegetables","Gross Production Value (constant 2014-2016 thousand I$)","1000 Int$",1998,5540032,"Carrots and turnips","no"
NA,"World",NA,NA,"Vegetables","Gross Production Value (constant 2014-2016 thousand I$)","1000 Int$",1999,5762312,"Carrots and turnips","no"
NA,"World",NA,NA,"Vegetables","Gross Production Value (constant 2014-2016 thousand I$)","1000 Int$",2000,6070390,"Carrots and turnips","no"
NA,"World",NA,NA,"Vegetables","Gross Production Value (constant 2014-2016 thousand I$)","1000 Int$",2001,6147987,"Carrots and turnips","no"
NA,"World",NA,NA,"Vegetables","Gross Production Value (constant 2014-2016 thousand I$)","1000 Int$",2002,6384990,"Carrots and turnips","no"
NA,"World",NA,NA,"Vegetables","Gross Production Value (constant 2014-2016 thousand I$)","1000 Int$",2003,6971928,"Carrots and turnips","no"
NA,"World",NA,NA,"Vegetables","Gross Production Value (constant 2014-2016 thousand I$)","1000 Int$",2004,7252373,"Carrots and turnips","no"
NA,"World",NA,NA,"Vegetables","Gross Production Value (constant 2014-2016 thousand I$)","1000 Int$",2005,7648752,"Carrots and turnips","no"
NA,"World",NA,NA,"Vegetables","Gross Production Value (constant 2014-2016 thousand I$)","1000 Int$",2006,8038398,"Carrots and turnips","no"
NA,"World",NA,NA,"Vegetables","Gross Production Value (constant 2014-2016 thousand I$)","1000 Int$",2007,8442349,"Carrots and turnips","no"
NA,"World",NA,NA,"Vegetables","Gross Production Value (constant 2014-2016 thousand I$)","1000 Int$",2008,9369186,"Carrots and turnips","no"
NA,"World",NA,NA,"Vegetables","Gross Production Value (constant 2014-2016 thousand I$)","1000 Int$",2009,9553220,"Carrots and turnips","no"
NA,"World",NA,NA,"Vegetables","Gross Production Value (constant 2014-2016 thousand I$)","1000 Int$",2010,9667801,"Carrots and turnips","no"
NA,"World",NA,NA,"Vegetables","Gross Production Value (constant 2014-2016 thousand I$)","1000 Int$",2011,10111709,"Carrots and turnips","no"
NA,"World",NA,NA,"Vegetables","Gross Production Value (constant 2014-2016 thousand I$)","1000 Int$",2012,10315417,"Carrots and turnips","no"
NA,"World",NA,NA,"Vegetables","Gross Production Value (constant 2014-2016 thousand I$)","1000 Int$",2013,10528001,"Carrots and turnips","no"
NA,"World",NA,NA,"Vegetables","Gross Production Value (constant 2014-2016 thousand I$)","1000 Int$",2014,10695531,"Carrots and turnips","no"
NA,"World",NA,NA,"Vegetables","Gross Production Value (constant 2014-2016 thousand I$)","1000 Int$",2015,11054129,"Carrots and turnips","no"
NA,"World",NA,NA,"Vegetables","Gross Production Value (constant 2014-2016 thousand I$)","1000 Int$",2016,10930420,"Carrots and turnips","no"
NA,"World",NA,NA,"Vegetables","Gross Production Value (constant 2014-2016 thousand I$)","1000 Int$",2017,11142300,"Carrots and turnips","no"
NA,"World",NA,NA,"Vegetables","Gross Production Value (constant 2014-2016 thousand I$)","1000 Int$",2018,10874799,"Carrots and turnips","no"
NA,"World",NA,NA,"Vegetables","Gross Production Value (constant 2014-2016 thousand I$)","1000 Int$",2019,11416227,"Carrots and turnips","no"
NA,"World",NA,NA,"Vegetables","Gross Production Value (constant 2014-2016 thousand I$)","1000 Int$",2020,11128484,"Carrots and turnips","no"
NA,"World",NA,NA,"Vegetables","Gross Production Value (constant 2014-2016 thousand I$)","1000 Int$",2021,11432898,"Carrots and turnips","no"
NA,"World",NA,NA,"Vegetables","Gross Production Value (constant 2014-2016 thousand I$)","1000 Int$",2022,11554718,"Carrots and turnips","no"
NA,"World",NA,NA,"Vegetables","Gross Production Value (constant 2014-2016 thousand I$)","1000 Int$",2023,11376522,"Carrots and turnips","no"
NA,"World",NA,NA,"Vegetables","Gross Production Value (constant 2014-2016 thousand US$)","1000 USD",1992,5259969,"Carrots and turnips","no"
NA,"World",NA,NA,"Vegetables","Gross Production Value (constant 2014-2016 thousand US$)","1000 USD",1993,5826298,"Carrots and turnips","no"
NA,"World",NA,NA,"Vegetables","Gross Production Value (constant 2014-2016 thousand US$)","1000 USD",1994,6144034,"Carrots and turnips","no"
NA,"World",NA,NA,"Vegetables","Gross Production Value (constant 2014-2016 thousand US$)","1000 USD",1995,6293742,"Carrots and turnips","no"
NA,"World",NA,NA,"Vegetables","Gross Production Value (constant 2014-2016 thousand US$)","1000 USD",1996,6762993,"Carrots and turnips","no"
NA,"World",NA,NA,"Vegetables","Gross Production Value (constant 2014-2016 thousand US$)","1000 USD",1997,7159041,"Carrots and turnips","no"
NA,"World",NA,NA,"Vegetables","Gross Production Value (constant 2014-2016 thousand US$)","1000 USD",1998,7095198,"Carrots and turnips","no"
NA,"World",NA,NA,"Vegetables","Gross Production Value (constant 2014-2016 thousand US$)","1000 USD",1999,7239870,"Carrots and turnips","no"
NA,"World",NA,NA,"Vegetables","Gross Production Value (constant 2014-2016 thousand US$)","1000 USD",2000,7690859,"Carrots and turnips","no"
NA,"World",NA,NA,"Vegetables","Gross Production Value (constant 2014-2016 thousand US$)","1000 USD",2001,7826880,"Carrots and turnips","no"
NA,"World",NA,NA,"Vegetables","Gross Production Value (constant 2014-2016 thousand US$)","1000 USD",2002,7971899,"Carrots and turnips","no"
NA,"World",NA,NA,"Vegetables","Gross Production Value (constant 2014-2016 thousand US$)","1000 USD",2003,8740361,"Carrots and turnips","no"
NA,"World",NA,NA,"Vegetables","Gross Production Value (constant 2014-2016 thousand US$)","1000 USD",2004,8988093,"Carrots and turnips","no"
NA,"World",NA,NA,"Vegetables","Gross Production Value (constant 2014-2016 thousand US$)","1000 USD",2005,9435360,"Carrots and turnips","no"
NA,"World",NA,NA,"Vegetables","Gross Production Value (constant 2014-2016 thousand US$)","1000 USD",2006,9717357,"Carrots and turnips","no"
NA,"World",NA,NA,"Vegetables","Gross Production Value (constant 2014-2016 thousand US$)","1000 USD",2007,9989618,"Carrots and turnips","no"
NA,"World",NA,NA,"Vegetables","Gross Production Value (constant 2014-2016 thousand US$)","1000 USD",2008,11029294,"Carrots and turnips","no"
NA,"World",NA,NA,"Vegetables","Gross Production Value (constant 2014-2016 thousand US$)","1000 USD",2009,11052489,"Carrots and turnips","no"
NA,"World",NA,NA,"Vegetables","Gross Production Value (constant 2014-2016 thousand US$)","1000 USD",2010,11163160,"Carrots and turnips","no"
NA,"World",NA,NA,"Vegetables","Gross Production Value (constant 2014-2016 thousand US$)","1000 USD",2011,11646175,"Carrots and turnips","no"
NA,"World",NA,NA,"Vegetables","Gross Production Value (constant 2014-2016 thousand US$)","1000 USD",2012,11784614,"Carrots and turnips","no"
NA,"World",NA,NA,"Vegetables","Gross Production Value (constant 2014-2016 thousand US$)","1000 USD",2013,11996782,"Carrots and turnips","no"
NA,"World",NA,NA,"Vegetables","Gross Production Value (constant 2014-2016 thousand US$)","1000 USD",2014,12161832,"Carrots and turnips","no"
NA,"World",NA,NA,"Vegetables","Gross Production Value (constant 2014-2016 thousand US$)","1000 USD",2015,12555019,"Carrots and turnips","no"
NA,"World",NA,NA,"Vegetables","Gross Production Value (constant 2014-2016 thousand US$)","1000 USD",2016,12484027,"Carrots and turnips","no"
NA,"World",NA,NA,"Vegetables","Gross Production Value (constant 2014-2016 thousand US$)","1000 USD",2017,12639633,"Carrots and turnips","no"
NA,"World",NA,NA,"Vegetables","Gross Production Value (constant 2014-2016 thousand US$)","1000 USD",2018,12449958,"Carrots and turnips","no"
NA,"World",NA,NA,"Vegetables","Gross Production Value (constant 2014-2016 thousand US$)","1000 USD",2019,12906980,"Carrots and turnips","no"
NA,"World",NA,NA,"Vegetables","Gross Production Value (constant 2014-2016 thousand US$)","1000 USD",2020,12575343,"Carrots and turnips","no"
NA,"World",NA,NA,"Vegetables","Gross Production Value (constant 2014-2016 thousand US$)","1000 USD",2021,12791924,"Carrots and turnips","no"
NA,"World",NA,NA,"Vegetables","Gross Production Value (constant 2014-2016 thousand US$)","1000 USD",2022,12615172,"Carrots and turnips","no"
NA,"World",NA,NA,"Vegetables","Gross Production Value (constant 2014-2016 thousand US$)","1000 USD",2023,12483291,"Carrots and turnips","no"
NA,"World",NA,NA,"Fruits and nuts","Gross Production Value (constant 2014-2016 thousand I$)","1000 Int$",1992,783002,"Cashew nuts","no"
NA,"World",NA,NA,"Fruits and nuts","Gross Production Value (constant 2014-2016 thousand I$)","1000 Int$",1993,823491,"Cashew nuts","no"
NA,"World",NA,NA,"Fruits and nuts","Gross Production Value (constant 2014-2016 thousand I$)","1000 Int$",1994,937766,"Cashew nuts","no"
NA,"World",NA,NA,"Fruits and nuts","Gross Production Value (constant 2014-2016 thousand I$)","1000 Int$",1995,1039056,"Cashew nuts","no"
NA,"World",NA,NA,"Fruits and nuts","Gross Production Value (constant 2014-2016 thousand I$)","1000 Int$",1996,1094492,"Cashew nuts","no"
NA,"World",NA,NA,"Fruits and nuts","Gross Production Value (constant 2014-2016 thousand I$)","1000 Int$",1997,1178743,"Cashew nuts","no"
NA,"World",NA,NA,"Fruits and nuts","Gross Production Value (constant 2014-2016 thousand I$)","1000 Int$",1998,1180461,"Cashew nuts","no"
NA,"World",NA,NA,"Fruits and nuts","Gross Production Value (constant 2014-2016 thousand I$)","1000 Int$",1999,1607063,"Cashew nuts","no"
NA,"World",NA,NA,"Fruits and nuts","Gross Production Value (constant 2014-2016 thousand I$)","1000 Int$",2000,1741020,"Cashew nuts","no"
NA,"World",NA,NA,"Fruits and nuts","Gross Production Value (constant 2014-2016 thousand I$)","1000 Int$",2001,1736129,"Cashew nuts","no"
NA,"World",NA,NA,"Fruits and nuts","Gross Production Value (constant 2014-2016 thousand I$)","1000 Int$",2002,1850217,"Cashew nuts","no"
NA,"World",NA,NA,"Fruits and nuts","Gross Production Value (constant 2014-2016 thousand I$)","1000 Int$",2003,1966333,"Cashew nuts","no"
NA,"World",NA,NA,"Fruits and nuts","Gross Production Value (constant 2014-2016 thousand I$)","1000 Int$",2004,2149895,"Cashew nuts","no"
NA,"World",NA,NA,"Fruits and nuts","Gross Production Value (constant 2014-2016 thousand I$)","1000 Int$",2005,2294564,"Cashew nuts","no"
NA,"World",NA,NA,"Fruits and nuts","Gross Production Value (constant 2014-2016 thousand I$)","1000 Int$",2006,2487600,"Cashew nuts","no"
NA,"World",NA,NA,"Fruits and nuts","Gross Production Value (constant 2014-2016 thousand I$)","1000 Int$",2007,2590934,"Cashew nuts","no"
NA,"World",NA,NA,"Fruits and nuts","Gross Production Value (constant 2014-2016 thousand I$)","1000 Int$",2008,2878215,"Cashew nuts","no"
NA,"World",NA,NA,"Fruits and nuts","Gross Production Value (constant 2014-2016 thousand I$)","1000 Int$",2009,2958381,"Cashew nuts","no"
NA,"World",NA,NA,"Fruits and nuts","Gross Production Value (constant 2014-2016 thousand I$)","1000 Int$",2010,2833989,"Cashew nuts","no"
NA,"World",NA,NA,"Fruits and nuts","Gross Production Value (constant 2014-2016 thousand I$)","1000 Int$",2011,3002239,"Cashew nuts","no"
NA,"World",NA,NA,"Fruits and nuts","Gross Production Value (constant 2014-2016 thousand I$)","1000 Int$",2012,2792333,"Cashew nuts","no"
NA,"World",NA,NA,"Fruits and nuts","Gross Production Value (constant 2014-2016 thousand I$)","1000 Int$",2013,2735043,"Cashew nuts","no"
NA,"World",NA,NA,"Fruits and nuts","Gross Production Value (constant 2014-2016 thousand I$)","1000 Int$",2014,2723869,"Cashew nuts","no"
NA,"World",NA,NA,"Fruits and nuts","Gross Production Value (constant 2014-2016 thousand I$)","1000 Int$",2015,3098131,"Cashew nuts","no"
NA,"World",NA,NA,"Fruits and nuts","Gross Production Value (constant 2014-2016 thousand I$)","1000 Int$",2016,2851847,"Cashew nuts","no"
NA,"World",NA,NA,"Fruits and nuts","Gross Production Value (constant 2014-2016 thousand I$)","1000 Int$",2017,3147796,"Cashew nuts","no"
NA,"World",NA,NA,"Fruits and nuts","Gross Production Value (constant 2014-2016 thousand I$)","1000 Int$",2018,3441981,"Cashew nuts","no"
NA,"World",NA,NA,"Fruits and nuts","Gross Production Value (constant 2014-2016 thousand I$)","1000 Int$",2019,3236486,"Cashew nuts","no"
NA,"World",NA,NA,"Fruits and nuts","Gross Production Value (constant 2014-2016 thousand I$)","1000 Int$",2020,3392150,"Cashew nuts","no"
NA,"World",NA,NA,"Fruits and nuts","Gross Production Value (constant 2014-2016 thousand I$)","1000 Int$",2021,3608582,"Cashew nuts","no"
NA,"World",NA,NA,"Fruits and nuts","Gross Production Value (constant 2014-2016 thousand I$)","1000 Int$",2022,3643657,"Cashew nuts","no"
NA,"World",NA,NA,"Fruits and nuts","Gross Production Value (constant 2014-2016 thousand I$)","1000 Int$",2023,3655325,"Cashew nuts","no"
NA,"World",NA,NA,"Fruits and nuts","Gross Production Value (constant 2014-2016 thousand US$)","1000 USD",1992,765776,"Cashew nuts","no"
NA,"World",NA,NA,"Fruits and nuts","Gross Production Value (constant 2014-2016 thousand US$)","1000 USD",1993,833203,"Cashew nuts","no"
NA,"World",NA,NA,"Fruits and nuts","Gross Production Value (constant 2014-2016 thousand US$)","1000 USD",1994,922311,"Cashew nuts","no"
NA,"World",NA,NA,"Fruits and nuts","Gross Production Value (constant 2014-2016 thousand US$)","1000 USD",1995,945016,"Cashew nuts","no"
NA,"World",NA,NA,"Fruits and nuts","Gross Production Value (constant 2014-2016 thousand US$)","1000 USD",1996,1020346,"Cashew nuts","no"
NA,"World",NA,NA,"Fruits and nuts","Gross Production Value (constant 2014-2016 thousand US$)","1000 USD",1997,1093726,"Cashew nuts","no"
NA,"World",NA,NA,"Fruits and nuts","Gross Production Value (constant 2014-2016 thousand US$)","1000 USD",1998,953118,"Cashew nuts","no"
NA,"World",NA,NA,"Fruits and nuts","Gross Production Value (constant 2014-2016 thousand US$)","1000 USD",1999,1204156,"Cashew nuts","no"
NA,"World",NA,NA,"Fruits and nuts","Gross Production Value (constant 2014-2016 thousand US$)","1000 USD",2000,1328459,"Cashew nuts","no"
NA,"World",NA,NA,"Fruits and nuts","Gross Production Value (constant 2014-2016 thousand US$)","1000 USD",2001,1256896,"Cashew nuts","no"
NA,"World",NA,NA,"Fruits and nuts","Gross Production Value (constant 2014-2016 thousand US$)","1000 USD",2002,1403110,"Cashew nuts","no"
NA,"World",NA,NA,"Fruits and nuts","Gross Production Value (constant 2014-2016 thousand US$)","1000 USD",2003,1509288,"Cashew nuts","no"
NA,"World",NA,NA,"Fruits and nuts","Gross Production Value (constant 2014-2016 thousand US$)","1000 USD",2004,1654582,"Cashew nuts","no"
NA,"World",NA,NA,"Fruits and nuts","Gross Production Value (constant 2014-2016 thousand US$)","1000 USD",2005,1697343,"Cashew nuts","no"
NA,"World",NA,NA,"Fruits and nuts","Gross Production Value (constant 2014-2016 thousand US$)","1000 USD",2006,1857963,"Cashew nuts","no"
NA,"World",NA,NA,"Fruits and nuts","Gross Production Value (constant 2014-2016 thousand US$)","1000 USD",2007,1944247,"Cashew nuts","no"
NA,"World",NA,NA,"Fruits and nuts","Gross Production Value (constant 2014-2016 thousand US$)","1000 USD",2008,2116548,"Cashew nuts","no"
NA,"World",NA,NA,"Fruits and nuts","Gross Production Value (constant 2014-2016 thousand US$)","1000 USD",2009,2149947,"Cashew nuts","no"
NA,"World",NA,NA,"Fruits and nuts","Gross Production Value (constant 2014-2016 thousand US$)","1000 USD",2010,2000281,"Cashew nuts","no"
NA,"World",NA,NA,"Fruits and nuts","Gross Production Value (constant 2014-2016 thousand US$)","1000 USD",2011,2270535,"Cashew nuts","no"
NA,"World",NA,NA,"Fruits and nuts","Gross Production Value (constant 2014-2016 thousand US$)","1000 USD",2012,2101395,"Cashew nuts","no"
NA,"World",NA,NA,"Fruits and nuts","Gross Production Value (constant 2014-2016 thousand US$)","1000 USD",2013,2183553,"Cashew nuts","no"
NA,"World",NA,NA,"Fruits and nuts","Gross Production Value (constant 2014-2016 thousand US$)","1000 USD",2014,2167007,"Cashew nuts","no"
NA,"World",NA,NA,"Fruits and nuts","Gross Production Value (constant 2014-2016 thousand US$)","1000 USD",2015,2368389,"Cashew nuts","no"
NA,"World",NA,NA,"Fruits and nuts","Gross Production Value (constant 2014-2016 thousand US$)","1000 USD",2016,2215510,"Cashew nuts","no"
NA,"World",NA,NA,"Fruits and nuts","Gross Production Value (constant 2014-2016 thousand US$)","1000 USD",2017,2299297,"Cashew nuts","no"
NA,"World",NA,NA,"Fruits and nuts","Gross Production Value (constant 2014-2016 thousand US$)","1000 USD",2018,2577143,"Cashew nuts","no"
NA,"World",NA,NA,"Fruits and nuts","Gross Production Value (constant 2014-2016 thousand US$)","1000 USD",2019,2481977,"Cashew nuts","no"
NA,"World",NA,NA,"Fruits and nuts","Gross Production Value (constant 2014-2016 thousand US$)","1000 USD",2020,2556242,"Cashew nuts","no"
NA,"World",NA,NA,"Fruits and nuts","Gross Production Value (constant 2014-2016 thousand US$)","1000 USD",2021,2629977,"Cashew nuts","no"
NA,"World",NA,NA,"Fruits and nuts","Gross Production Value (constant 2014-2016 thousand US$)","1000 USD",2022,2585534,"Cashew nuts","no"
NA,"World",NA,NA,"Fruits and nuts","Gross Production Value (constant 2014-2016 thousand US$)","1000 USD",2023,2655491,"Cashew nuts","no"
NA,"World",NA,NA,"Fruits and nuts","Gross Production Value (constant 2014-2016 thousand I$)","1000 Int$",1992,492939,"Cashewapple","no"
NA,"World",NA,NA,"Fruits and nuts","Gross Production Value (constant 2014-2016 thousand I$)","1000 Int$",1993,510169,"Cashewapple","no"
NA,"World",NA,NA,"Fruits and nuts","Gross Production Value (constant 2014-2016 thousand I$)","1000 Int$",1994,470056,"Cashewapple","no"
NA,"World",NA,NA,"Fruits and nuts","Gross Production Value (constant 2014-2016 thousand I$)","1000 Int$",1995,485161,"Cashewapple","no"
NA,"World",NA,NA,"Fruits and nuts","Gross Production Value (constant 2014-2016 thousand I$)","1000 Int$",1996,500088,"Cashewapple","no"
NA,"World",NA,NA,"Fruits and nuts","Gross Production Value (constant 2014-2016 thousand I$)","1000 Int$",1997,514994,"Cashewapple","no"
NA,"World",NA,NA,"Fruits and nuts","Gross Production Value (constant 2014-2016 thousand I$)","1000 Int$",1998,447657,"Cashewapple","no"
NA,"World",NA,NA,"Fruits and nuts","Gross Production Value (constant 2014-2016 thousand I$)","1000 Int$",1999,461941,"Cashewapple","no"
NA,"World",NA,NA,"Fruits and nuts","Gross Production Value (constant 2014-2016 thousand I$)","1000 Int$",2000,490791,"Cashewapple","no"
NA,"World",NA,NA,"Fruits and nuts","Gross Production Value (constant 2014-2016 thousand I$)","1000 Int$",2001,477220,"Cashewapple","no"
NA,"World",NA,NA,"Fruits and nuts","Gross Production Value (constant 2014-2016 thousand I$)","1000 Int$",2002,492977,"Cashewapple","no"
NA,"World",NA,NA,"Fruits and nuts","Gross Production Value (constant 2014-2016 thousand I$)","1000 Int$",2003,493398,"Cashewapple","no"
NA,"World",NA,NA,"Fruits and nuts","Gross Production Value (constant 2014-2016 thousand I$)","1000 Int$",2004,495722,"Cashewapple","no"
NA,"World",NA,NA,"Fruits and nuts","Gross Production Value (constant 2014-2016 thousand I$)","1000 Int$",2005,507674,"Cashewapple","no"
NA,"World",NA,NA,"Fruits and nuts","Gross Production Value (constant 2014-2016 thousand I$)","1000 Int$",2006,509923,"Cashewapple","no"
NA,"World",NA,NA,"Fruits and nuts","Gross Production Value (constant 2014-2016 thousand I$)","1000 Int$",2007,534541,"Cashewapple","no"
NA,"World",NA,NA,"Fruits and nuts","Gross Production Value (constant 2014-2016 thousand I$)","1000 Int$",2008,545015,"Cashewapple","no"
NA,"World",NA,NA,"Fruits and nuts","Gross Production Value (constant 2014-2016 thousand I$)","1000 Int$",2009,553920,"Cashewapple","no"
NA,"World",NA,NA,"Fruits and nuts","Gross Production Value (constant 2014-2016 thousand I$)","1000 Int$",2010,551011,"Cashewapple","no"
NA,"World",NA,NA,"Fruits and nuts","Gross Production Value (constant 2014-2016 thousand I$)","1000 Int$",2011,557881,"Cashewapple","no"
NA,"World",NA,NA,"Fruits and nuts","Gross Production Value (constant 2014-2016 thousand I$)","1000 Int$",2012,547577,"Cashewapple","no"
NA,"World",NA,NA,"Fruits and nuts","Gross Production Value (constant 2014-2016 thousand I$)","1000 Int$",2013,541394,"Cashewapple","no"
NA,"World",NA,NA,"Fruits and nuts","Gross Production Value (constant 2014-2016 thousand I$)","1000 Int$",2014,531115,"Cashewapple","no"
NA,"World",NA,NA,"Fruits and nuts","Gross Production Value (constant 2014-2016 thousand I$)","1000 Int$",2015,487119,"Cashewapple","no"
NA,"World",NA,NA,"Fruits and nuts","Gross Production Value (constant 2014-2016 thousand I$)","1000 Int$",2016,447295,"Cashewapple","no"
NA,"World",NA,NA,"Fruits and nuts","Gross Production Value (constant 2014-2016 thousand I$)","1000 Int$",2017,390250,"Cashewapple","no"
NA,"World",NA,NA,"Fruits and nuts","Gross Production Value (constant 2014-2016 thousand I$)","1000 Int$",2018,365096,"Cashewapple","no"
NA,"World",NA,NA,"Fruits and nuts","Gross Production Value (constant 2014-2016 thousand I$)","1000 Int$",2019,356389,"Cashewapple","no"
NA,"World",NA,NA,"Fruits and nuts","Gross Production Value (constant 2014-2016 thousand I$)","1000 Int$",2020,365501,"Cashewapple","no"
NA,"World",NA,NA,"Fruits and nuts","Gross Production Value (constant 2014-2016 thousand I$)","1000 Int$",2021,368277,"Cashewapple","no"
NA,"World",NA,NA,"Fruits and nuts","Gross Production Value (constant 2014-2016 thousand I$)","1000 Int$",2022,366248,"Cashewapple","no"
NA,"World",NA,NA,"Fruits and nuts","Gross Production Value (constant 2014-2016 thousand I$)","1000 Int$",2023,363618,"Cashewapple","no"
NA,"World",NA,NA,"Fruits and nuts","Gross Production Value (constant 2014-2016 thousand US$)","1000 USD",1992,254871,"Cashewapple","no"
NA,"World",NA,NA,"Fruits and nuts","Gross Production Value (constant 2014-2016 thousand US$)","1000 USD",1993,267751,"Cashewapple","no"
NA,"World",NA,NA,"Fruits and nuts","Gross Production Value (constant 2014-2016 thousand US$)","1000 USD",1994,252924,"Cashewapple","no"
NA,"World",NA,NA,"Fruits and nuts","Gross Production Value (constant 2014-2016 thousand US$)","1000 USD",1995,261285,"Cashewapple","no"
NA,"World",NA,NA,"Fruits and nuts","Gross Production Value (constant 2014-2016 thousand US$)","1000 USD",1996,269280,"Cashewapple","no"
NA,"World",NA,NA,"Fruits and nuts","Gross Production Value (constant 2014-2016 thousand US$)","1000 USD",1997,277233,"Cashewapple","no"
NA,"World",NA,NA,"Fruits and nuts","Gross Production Value (constant 2014-2016 thousand US$)","1000 USD",1998,250677,"Cashewapple","no"
NA,"World",NA,NA,"Fruits and nuts","Gross Production Value (constant 2014-2016 thousand US$)","1000 USD",1999,257469,"Cashewapple","no"
NA,"World",NA,NA,"Fruits and nuts","Gross Production Value (constant 2014-2016 thousand US$)","1000 USD",2000,271284,"Cashewapple","no"
NA,"World",NA,NA,"Fruits and nuts","Gross Production Value (constant 2014-2016 thousand US$)","1000 USD",2001,266774,"Cashewapple","no"
NA,"World",NA,NA,"Fruits and nuts","Gross Production Value (constant 2014-2016 thousand US$)","1000 USD",2002,276729,"Cashewapple","no"
NA,"World",NA,NA,"Fruits and nuts","Gross Production Value (constant 2014-2016 thousand US$)","1000 USD",2003,276200,"Cashewapple","no"
NA,"World",NA,NA,"Fruits and nuts","Gross Production Value (constant 2014-2016 thousand US$)","1000 USD",2004,277758,"Cashewapple","no"
NA,"World",NA,NA,"Fruits and nuts","Gross Production Value (constant 2014-2016 thousand US$)","1000 USD",2005,284309,"Cashewapple","no"
NA,"World",NA,NA,"Fruits and nuts","Gross Production Value (constant 2014-2016 thousand US$)","1000 USD",2006,284434,"Cashewapple","no"
NA,"World",NA,NA,"Fruits and nuts","Gross Production Value (constant 2014-2016 thousand US$)","1000 USD",2007,295197,"Cashewapple","no"
NA,"World",NA,NA,"Fruits and nuts","Gross Production Value (constant 2014-2016 thousand US$)","1000 USD",2008,302744,"Cashewapple","no"
NA,"World",NA,NA,"Fruits and nuts","Gross Production Value (constant 2014-2016 thousand US$)","1000 USD",2009,309870,"Cashewapple","no"
NA,"World",NA,NA,"Fruits and nuts","Gross Production Value (constant 2014-2016 thousand US$)","1000 USD",2010,308763,"Cashewapple","no"
NA,"World",NA,NA,"Fruits and nuts","Gross Production Value (constant 2014-2016 thousand US$)","1000 USD",2011,306509,"Cashewapple","no"
NA,"World",NA,NA,"Fruits and nuts","Gross Production Value (constant 2014-2016 thousand US$)","1000 USD",2012,295124,"Cashewapple","no"
NA,"World",NA,NA,"Fruits and nuts","Gross Production Value (constant 2014-2016 thousand US$)","1000 USD",2013,282437,"Cashewapple","no"
NA,"World",NA,NA,"Fruits and nuts","Gross Production Value (constant 2014-2016 thousand US$)","1000 USD",2014,289075,"Cashewapple","no"
NA,"World",NA,NA,"Fruits and nuts","Gross Production Value (constant 2014-2016 thousand US$)","1000 USD",2015,266339,"Cashewapple","no"
NA,"World",NA,NA,"Fruits and nuts","Gross Production Value (constant 2014-2016 thousand US$)","1000 USD",2016,243520,"Cashewapple","no"
NA,"World",NA,NA,"Fruits and nuts","Gross Production Value (constant 2014-2016 thousand US$)","1000 USD",2017,233514,"Cashewapple","no"
NA,"World",NA,NA,"Fruits and nuts","Gross Production Value (constant 2014-2016 thousand US$)","1000 USD",2018,244174,"Cashewapple","no"
NA,"World",NA,NA,"Fruits and nuts","Gross Production Value (constant 2014-2016 thousand US$)","1000 USD",2019,240473,"Cashewapple","no"
NA,"World",NA,NA,"Fruits and nuts","Gross Production Value (constant 2014-2016 thousand US$)","1000 USD",2020,246943,"Cashewapple","no"
NA,"World",NA,NA,"Fruits and nuts","Gross Production Value (constant 2014-2016 thousand US$)","1000 USD",2021,250136,"Cashewapple","no"
NA,"World",NA,NA,"Fruits and nuts","Gross Production Value (constant 2014-2016 thousand US$)","1000 USD",2022,247167,"Cashewapple","no"
NA,"World",NA,NA,"Fruits and nuts","Gross Production Value (constant 2014-2016 thousand US$)","1000 USD",2023,249243,"Cashewapple","no"
NA,"World",NA,NA,"Edible roots and tubers with high starch or inulin content","Gross Production Value (constant 2014-2016 thousand I$)","1000 Int$",1992,23384997,"Cassava","no"
NA,"World",NA,NA,"Edible roots and tubers with high starch or inulin content","Gross Production Value (constant 2014-2016 thousand I$)","1000 Int$",1993,23538827,"Cassava","no"
NA,"World",NA,NA,"Edible roots and tubers with high starch or inulin content","Gross Production Value (constant 2014-2016 thousand I$)","1000 Int$",1994,23726603,"Cassava","no"
NA,"World",NA,NA,"Edible roots and tubers with high starch or inulin content","Gross Production Value (constant 2014-2016 thousand I$)","1000 Int$",1995,23307909,"Cassava","no"
NA,"World",NA,NA,"Edible roots and tubers with high starch or inulin content","Gross Production Value (constant 2014-2016 thousand I$)","1000 Int$",1996,22858306,"Cassava","no"
NA,"World",NA,NA,"Edible roots and tubers with high starch or inulin content","Gross Production Value (constant 2014-2016 thousand I$)","1000 Int$",1997,23351411,"Cassava","no"
NA,"World",NA,NA,"Edible roots and tubers with high starch or inulin content","Gross Production Value (constant 2014-2016 thousand I$)","1000 Int$",1998,23463388,"Cassava","no"
NA,"World",NA,NA,"Edible roots and tubers with high starch or inulin content","Gross Production Value (constant 2014-2016 thousand I$)","1000 Int$",1999,24389113,"Cassava","no"
NA,"World",NA,NA,"Edible roots and tubers with high starch or inulin content","Gross Production Value (constant 2014-2016 thousand I$)","1000 Int$",2000,25428458,"Cassava","no"
NA,"World",NA,NA,"Edible roots and tubers with high starch or inulin content","Gross Production Value (constant 2014-2016 thousand I$)","1000 Int$",2001,26257525,"Cassava","no"
NA,"World",NA,NA,"Edible roots and tubers with high starch or inulin content","Gross Production Value (constant 2014-2016 thousand I$)","1000 Int$",2002,26396292,"Cassava","no"
NA,"World",NA,NA,"Edible roots and tubers with high starch or inulin content","Gross Production Value (constant 2014-2016 thousand I$)","1000 Int$",2003,27785715,"Cassava","no"
NA,"World",NA,NA,"Edible roots and tubers with high starch or inulin content","Gross Production Value (constant 2014-2016 thousand I$)","1000 Int$",2004,29473392,"Cassava","no"
NA,"World",NA,NA,"Edible roots and tubers with high starch or inulin content","Gross Production Value (constant 2014-2016 thousand I$)","1000 Int$",2005,30004774,"Cassava","no"
NA,"World",NA,NA,"Edible roots and tubers with high starch or inulin content","Gross Production Value (constant 2014-2016 thousand I$)","1000 Int$",2006,32489419,"Cassava","no"
NA,"World",NA,NA,"Edible roots and tubers with high starch or inulin content","Gross Production Value (constant 2014-2016 thousand I$)","1000 Int$",2007,32968873,"Cassava","no"
NA,"World",NA,NA,"Edible roots and tubers with high starch or inulin content","Gross Production Value (constant 2014-2016 thousand I$)","1000 Int$",2008,33391940,"Cassava","no"
NA,"World",NA,NA,"Edible roots and tubers with high starch or inulin content","Gross Production Value (constant 2014-2016 thousand I$)","1000 Int$",2009,33931693,"Cassava","no"
NA,"World",NA,NA,"Edible roots and tubers with high starch or inulin content","Gross Production Value (constant 2014-2016 thousand I$)","1000 Int$",2010,36660402,"Cassava","no"
NA,"World",NA,NA,"Edible roots and tubers with high starch or inulin content","Gross Production Value (constant 2014-2016 thousand I$)","1000 Int$",2011,38633873,"Cassava","no"
NA,"World",NA,NA,"Edible roots and tubers with high starch or inulin content","Gross Production Value (constant 2014-2016 thousand I$)","1000 Int$",2012,40019358,"Cassava","no"
NA,"World",NA,NA,"Edible roots and tubers with high starch or inulin content","Gross Production Value (constant 2014-2016 thousand I$)","1000 Int$",2013,40550311,"Cassava","no"
NA,"World",NA,NA,"Edible roots and tubers with high starch or inulin content","Gross Production Value (constant 2014-2016 thousand I$)","1000 Int$",2014,42058316,"Cassava","no"
NA,"World",NA,NA,"Edible roots and tubers with high starch or inulin content","Gross Production Value (constant 2014-2016 thousand I$)","1000 Int$",2015,42571445,"Cassava","no"
NA,"World",NA,NA,"Edible roots and tubers with high starch or inulin content","Gross Production Value (constant 2014-2016 thousand I$)","1000 Int$",2016,43107421,"Cassava","no"
NA,"World",NA,NA,"Edible roots and tubers with high starch or inulin content","Gross Production Value (constant 2014-2016 thousand I$)","1000 Int$",2017,42729127,"Cassava","no"
NA,"World",NA,NA,"Edible roots and tubers with high starch or inulin content","Gross Production Value (constant 2014-2016 thousand I$)","1000 Int$",2018,44766252,"Cassava","no"
NA,"World",NA,NA,"Edible roots and tubers with high starch or inulin content","Gross Production Value (constant 2014-2016 thousand I$)","1000 Int$",2019,44206824,"Cassava","no"
NA,"World",NA,NA,"Edible roots and tubers with high starch or inulin content","Gross Production Value (constant 2014-2016 thousand I$)","1000 Int$",2020,44801889,"Cassava","no"
NA,"World",NA,NA,"Edible roots and tubers with high starch or inulin content","Gross Production Value (constant 2014-2016 thousand I$)","1000 Int$",2021,46671476,"Cassava","no"
NA,"World",NA,NA,"Edible roots and tubers with high starch or inulin content","Gross Production Value (constant 2014-2016 thousand I$)","1000 Int$",2022,47447834,"Cassava","no"
NA,"World",NA,NA,"Edible roots and tubers with high starch or inulin content","Gross Production Value (constant 2014-2016 thousand I$)","1000 Int$",2023,48426064,"Cassava","no"
NA,"World",NA,NA,"Edible roots and tubers with high starch or inulin content","Gross Production Value (constant 2014-2016 thousand US$)","1000 USD",1992,20446639,"Cassava","no"
NA,"World",NA,NA,"Edible roots and tubers with high starch or inulin content","Gross Production Value (constant 2014-2016 thousand US$)","1000 USD",1993,20903488,"Cassava","no"
NA,"World",NA,NA,"Edible roots and tubers with high starch or inulin content","Gross Production Value (constant 2014-2016 thousand US$)","1000 USD",1994,21214418,"Cassava","no"
NA,"World",NA,NA,"Edible roots and tubers with high starch or inulin content","Gross Production Value (constant 2014-2016 thousand US$)","1000 USD",1995,21334479,"Cassava","no"
NA,"World",NA,NA,"Edible roots and tubers with high starch or inulin content","Gross Production Value (constant 2014-2016 thousand US$)","1000 USD",1996,21572275,"Cassava","no"
NA,"World",NA,NA,"Edible roots and tubers with high starch or inulin content","Gross Production Value (constant 2014-2016 thousand US$)","1000 USD",1997,21972534,"Cassava","no"
NA,"World",NA,NA,"Edible roots and tubers with high starch or inulin content","Gross Production Value (constant 2014-2016 thousand US$)","1000 USD",1998,22037128,"Cassava","no"
NA,"World",NA,NA,"Edible roots and tubers with high starch or inulin content","Gross Production Value (constant 2014-2016 thousand US$)","1000 USD",1999,23111989,"Cassava","no"
NA,"World",NA,NA,"Edible roots and tubers with high starch or inulin content","Gross Production Value (constant 2014-2016 thousand US$)","1000 USD",2000,24466579,"Cassava","no"
NA,"World",NA,NA,"Edible roots and tubers with high starch or inulin content","Gross Production Value (constant 2014-2016 thousand US$)","1000 USD",2001,25728563,"Cassava","no"
NA,"World",NA,NA,"Edible roots and tubers with high starch or inulin content","Gross Production Value (constant 2014-2016 thousand US$)","1000 USD",2002,25707224,"Cassava","no"
NA,"World",NA,NA,"Edible roots and tubers with high starch or inulin content","Gross Production Value (constant 2014-2016 thousand US$)","1000 USD",2003,27591896,"Cassava","no"
NA,"World",NA,NA,"Edible roots and tubers with high starch or inulin content","Gross Production Value (constant 2014-2016 thousand US$)","1000 USD",2004,29238543,"Cassava","no"
NA,"World",NA,NA,"Edible roots and tubers with high starch or inulin content","Gross Production Value (constant 2014-2016 thousand US$)","1000 USD",2005,30528626,"Cassava","no"
NA,"World",NA,NA,"Edible roots and tubers with high starch or inulin content","Gross Production Value (constant 2014-2016 thousand US$)","1000 USD",2006,33028721,"Cassava","no"
NA,"World",NA,NA,"Edible roots and tubers with high starch or inulin content","Gross Production Value (constant 2014-2016 thousand US$)","1000 USD",2007,33266828,"Cassava","no"
NA,"World",NA,NA,"Edible roots and tubers with high starch or inulin content","Gross Production Value (constant 2014-2016 thousand US$)","1000 USD",2008,35018541,"Cassava","no"
NA,"World",NA,NA,"Edible roots and tubers with high starch or inulin content","Gross Production Value (constant 2014-2016 thousand US$)","1000 USD",2009,36029638,"Cassava","no"
NA,"World",NA,NA,"Edible roots and tubers with high starch or inulin content","Gross Production Value (constant 2014-2016 thousand US$)","1000 USD",2010,37615618,"Cassava","no"
NA,"World",NA,NA,"Edible roots and tubers with high starch or inulin content","Gross Production Value (constant 2014-2016 thousand US$)","1000 USD",2011,39788659,"Cassava","no"
NA,"World",NA,NA,"Edible roots and tubers with high starch or inulin content","Gross Production Value (constant 2014-2016 thousand US$)","1000 USD",2012,40654982,"Cassava","no"
NA,"World",NA,NA,"Edible roots and tubers with high starch or inulin content","Gross Production Value (constant 2014-2016 thousand US$)","1000 USD",2013,41739627,"Cassava","no"
NA,"World",NA,NA,"Edible roots and tubers with high starch or inulin content","Gross Production Value (constant 2014-2016 thousand US$)","1000 USD",2014,43137381,"Cassava","no"
NA,"World",NA,NA,"Edible roots and tubers with high starch or inulin content","Gross Production Value (constant 2014-2016 thousand US$)","1000 USD",2015,43312841,"Cassava","no"
NA,"World",NA,NA,"Edible roots and tubers with high starch or inulin content","Gross Production Value (constant 2014-2016 thousand US$)","1000 USD",2016,44630428,"Cassava","no"
NA,"World",NA,NA,"Edible roots and tubers with high starch or inulin content","Gross Production Value (constant 2014-2016 thousand US$)","1000 USD",2017,44759864,"Cassava","no"
NA,"World",NA,NA,"Edible roots and tubers with high starch or inulin content","Gross Production Value (constant 2014-2016 thousand US$)","1000 USD",2018,47279338,"Cassava","no"
NA,"World",NA,NA,"Edible roots and tubers with high starch or inulin content","Gross Production Value (constant 2014-2016 thousand US$)","1000 USD",2019,46640837,"Cassava","no"
NA,"World",NA,NA,"Edible roots and tubers with high starch or inulin content","Gross Production Value (constant 2014-2016 thousand US$)","1000 USD",2020,47291736,"Cassava","no"
NA,"World",NA,NA,"Edible roots and tubers with high starch or inulin content","Gross Production Value (constant 2014-2016 thousand US$)","1000 USD",2021,48986868,"Cassava","no"
NA,"World",NA,NA,"Edible roots and tubers with high starch or inulin content","Gross Production Value (constant 2014-2016 thousand US$)","1000 USD",2022,49674754,"Cassava","no"
NA,"World",NA,NA,"Edible roots and tubers with high starch or inulin content","Gross Production Value (constant 2014-2016 thousand US$)","1000 USD",2023,51630211,"Cassava","no"
NA,"World",NA,NA,"Oilseeds and oleaginous fruits","Gross Production Value (constant 2014-2016 thousand I$)","1000 Int$",1992,567041,"Castor oil seeds","no"
NA,"World",NA,NA,"Oilseeds and oleaginous fruits","Gross Production Value (constant 2014-2016 thousand I$)","1000 Int$",1993,540288,"Castor oil seeds","no"
NA,"World",NA,NA,"Oilseeds and oleaginous fruits","Gross Production Value (constant 2014-2016 thousand I$)","1000 Int$",1994,610254,"Castor oil seeds","no"
NA,"World",NA,NA,"Oilseeds and oleaginous fruits","Gross Production Value (constant 2014-2016 thousand I$)","1000 Int$",1995,538356,"Castor oil seeds","no"
NA,"World",NA,NA,"Oilseeds and oleaginous fruits","Gross Production Value (constant 2014-2016 thousand I$)","1000 Int$",1996,623793,"Castor oil seeds","no"
NA,"World",NA,NA,"Oilseeds and oleaginous fruits","Gross Production Value (constant 2014-2016 thousand I$)","1000 Int$",1997,596687,"Castor oil seeds","no"
NA,"World",NA,NA,"Oilseeds and oleaginous fruits","Gross Production Value (constant 2014-2016 thousand I$)","1000 Int$",1998,590520,"Castor oil seeds","no"
NA,"World",NA,NA,"Oilseeds and oleaginous fruits","Gross Production Value (constant 2014-2016 thousand I$)","1000 Int$",1999,563654,"Castor oil seeds","no"
NA,"World",NA,NA,"Oilseeds and oleaginous fruits","Gross Production Value (constant 2014-2016 thousand I$)","1000 Int$",2000,689093,"Castor oil seeds","no"
NA,"World",NA,NA,"Oilseeds and oleaginous fruits","Gross Production Value (constant 2014-2016 thousand I$)","1000 Int$",2001,553434,"Castor oil seeds","no"
NA,"World",NA,NA,"Oilseeds and oleaginous fruits","Gross Production Value (constant 2014-2016 thousand I$)","1000 Int$",2002,431854,"Castor oil seeds","no"
NA,"World",NA,NA,"Oilseeds and oleaginous fruits","Gross Production Value (constant 2014-2016 thousand I$)","1000 Int$",2003,619371,"Castor oil seeds","no"
NA,"World",NA,NA,"Oilseeds and oleaginous fruits","Gross Production Value (constant 2014-2016 thousand I$)","1000 Int$",2004,642266,"Castor oil seeds","no"
NA,"World",NA,NA,"Oilseeds and oleaginous fruits","Gross Production Value (constant 2014-2016 thousand I$)","1000 Int$",2005,743154,"Castor oil seeds","no"
NA,"World",NA,NA,"Oilseeds and oleaginous fruits","Gross Production Value (constant 2014-2016 thousand I$)","1000 Int$",2006,578708,"Castor oil seeds","no"
NA,"World",NA,NA,"Oilseeds and oleaginous fruits","Gross Production Value (constant 2014-2016 thousand I$)","1000 Int$",2007,720207,"Castor oil seeds","no"
NA,"World",NA,NA,"Oilseeds and oleaginous fruits","Gross Production Value (constant 2014-2016 thousand I$)","1000 Int$",2008,804920,"Castor oil seeds","no"
NA,"World",NA,NA,"Oilseeds and oleaginous fruits","Gross Production Value (constant 2014-2016 thousand I$)","1000 Int$",2009,700752,"Castor oil seeds","no"
NA,"World",NA,NA,"Oilseeds and oleaginous fruits","Gross Production Value (constant 2014-2016 thousand I$)","1000 Int$",2010,863826,"Castor oil seeds","no"
NA,"World",NA,NA,"Oilseeds and oleaginous fruits","Gross Production Value (constant 2014-2016 thousand I$)","1000 Int$",2011,1360444,"Castor oil seeds","no"
NA,"World",NA,NA,"Oilseeds and oleaginous fruits","Gross Production Value (constant 2014-2016 thousand I$)","1000 Int$",2012,1114731,"Castor oil seeds","no"
NA,"World",NA,NA,"Oilseeds and oleaginous fruits","Gross Production Value (constant 2014-2016 thousand I$)","1000 Int$",2013,960315,"Castor oil seeds","no"
NA,"World",NA,NA,"Oilseeds and oleaginous fruits","Gross Production Value (constant 2014-2016 thousand I$)","1000 Int$",2014,1036215,"Castor oil seeds","no"
NA,"World",NA,NA,"Oilseeds and oleaginous fruits","Gross Production Value (constant 2014-2016 thousand I$)","1000 Int$",2015,986321,"Castor oil seeds","no"
NA,"World",NA,NA,"Oilseeds and oleaginous fruits","Gross Production Value (constant 2014-2016 thousand I$)","1000 Int$",2016,792148,"Castor oil seeds","no"
NA,"World",NA,NA,"Oilseeds and oleaginous fruits","Gross Production Value (constant 2014-2016 thousand I$)","1000 Int$",2017,782037,"Castor oil seeds","no"
NA,"World",NA,NA,"Oilseeds and oleaginous fruits","Gross Production Value (constant 2014-2016 thousand I$)","1000 Int$",2018,876764,"Castor oil seeds","no"
NA,"World",NA,NA,"Oilseeds and oleaginous fruits","Gross Production Value (constant 2014-2016 thousand I$)","1000 Int$",2019,702235,"Castor oil seeds","no"
NA,"World",NA,NA,"Oilseeds and oleaginous fruits","Gross Production Value (constant 2014-2016 thousand I$)","1000 Int$",2020,1018097,"Castor oil seeds","no"
NA,"World",NA,NA,"Oilseeds and oleaginous fruits","Gross Production Value (constant 2014-2016 thousand I$)","1000 Int$",2021,924755,"Castor oil seeds","no"
NA,"World",NA,NA,"Oilseeds and oleaginous fruits","Gross Production Value (constant 2014-2016 thousand I$)","1000 Int$",2022,914489,"Castor oil seeds","no"
NA,"World",NA,NA,"Oilseeds and oleaginous fruits","Gross Production Value (constant 2014-2016 thousand I$)","1000 Int$",2023,1091701,"Castor oil seeds","no"
NA,"World",NA,NA,"Oilseeds and oleaginous fruits","Gross Production Value (constant 2014-2016 thousand US$)","1000 USD",1992,633057,"Castor oil seeds","no"
NA,"World",NA,NA,"Oilseeds and oleaginous fruits","Gross Production Value (constant 2014-2016 thousand US$)","1000 USD",1993,604052,"Castor oil seeds","no"
NA,"World",NA,NA,"Oilseeds and oleaginous fruits","Gross Production Value (constant 2014-2016 thousand US$)","1000 USD",1994,660858,"Castor oil seeds","no"
NA,"World",NA,NA,"Oilseeds and oleaginous fruits","Gross Production Value (constant 2014-2016 thousand US$)","1000 USD",1995,567372,"Castor oil seeds","no"
NA,"World",NA,NA,"Oilseeds and oleaginous fruits","Gross Production Value (constant 2014-2016 thousand US$)","1000 USD",1996,667540,"Castor oil seeds","no"
NA,"World",NA,NA,"Oilseeds and oleaginous fruits","Gross Production Value (constant 2014-2016 thousand US$)","1000 USD",1997,641995,"Castor oil seeds","no"
NA,"World",NA,NA,"Oilseeds and oleaginous fruits","Gross Production Value (constant 2014-2016 thousand US$)","1000 USD",1998,632970,"Castor oil seeds","no"
NA,"World",NA,NA,"Oilseeds and oleaginous fruits","Gross Production Value (constant 2014-2016 thousand US$)","1000 USD",1999,620323,"Castor oil seeds","no"
NA,"World",NA,NA,"Oilseeds and oleaginous fruits","Gross Production Value (constant 2014-2016 thousand US$)","1000 USD",2000,773380,"Castor oil seeds","no"
NA,"World",NA,NA,"Oilseeds and oleaginous fruits","Gross Production Value (constant 2014-2016 thousand US$)","1000 USD",2001,624833,"Castor oil seeds","no"
NA,"World",NA,NA,"Oilseeds and oleaginous fruits","Gross Production Value (constant 2014-2016 thousand US$)","1000 USD",2002,504079,"Castor oil seeds","no"
NA,"World",NA,NA,"Oilseeds and oleaginous fruits","Gross Production Value (constant 2014-2016 thousand US$)","1000 USD",2003,681912,"Castor oil seeds","no"
NA,"World",NA,NA,"Oilseeds and oleaginous fruits","Gross Production Value (constant 2014-2016 thousand US$)","1000 USD",2004,712141,"Castor oil seeds","no"
NA,"World",NA,NA,"Oilseeds and oleaginous fruits","Gross Production Value (constant 2014-2016 thousand US$)","1000 USD",2005,804341,"Castor oil seeds","no"
NA,"World",NA,NA,"Oilseeds and oleaginous fruits","Gross Production Value (constant 2014-2016 thousand US$)","1000 USD",2006,618931,"Castor oil seeds","no"
NA,"World",NA,NA,"Oilseeds and oleaginous fruits","Gross Production Value (constant 2014-2016 thousand US$)","1000 USD",2007,747232,"Castor oil seeds","no"
NA,"World",NA,NA,"Oilseeds and oleaginous fruits","Gross Production Value (constant 2014-2016 thousand US$)","1000 USD",2008,839577,"Castor oil seeds","no"
NA,"World",NA,NA,"Oilseeds and oleaginous fruits","Gross Production Value (constant 2014-2016 thousand US$)","1000 USD",2009,724537,"Castor oil seeds","no"
NA,"World",NA,NA,"Oilseeds and oleaginous fruits","Gross Production Value (constant 2014-2016 thousand US$)","1000 USD",2010,874778,"Castor oil seeds","no"
NA,"World",NA,NA,"Oilseeds and oleaginous fruits","Gross Production Value (constant 2014-2016 thousand US$)","1000 USD",2011,1369749,"Castor oil seeds","no"
NA,"World",NA,NA,"Oilseeds and oleaginous fruits","Gross Production Value (constant 2014-2016 thousand US$)","1000 USD",2012,1093671,"Castor oil seeds","no"
NA,"World",NA,NA,"Oilseeds and oleaginous fruits","Gross Production Value (constant 2014-2016 thousand US$)","1000 USD",2013,925515,"Castor oil seeds","no"
NA,"World",NA,NA,"Oilseeds and oleaginous fruits","Gross Production Value (constant 2014-2016 thousand US$)","1000 USD",2014,998276,"Castor oil seeds","no"
NA,"World",NA,NA,"Oilseeds and oleaginous fruits","Gross Production Value (constant 2014-2016 thousand US$)","1000 USD",2015,950545,"Castor oil seeds","no"
NA,"World",NA,NA,"Oilseeds and oleaginous fruits","Gross Production Value (constant 2014-2016 thousand US$)","1000 USD",2016,758275,"Castor oil seeds","no"
NA,"World",NA,NA,"Oilseeds and oleaginous fruits","Gross Production Value (constant 2014-2016 thousand US$)","1000 USD",2017,739690,"Castor oil seeds","no"
NA,"World",NA,NA,"Oilseeds and oleaginous fruits","Gross Production Value (constant 2014-2016 thousand US$)","1000 USD",2018,833641,"Castor oil seeds","no"
NA,"World",NA,NA,"Oilseeds and oleaginous fruits","Gross Production Value (constant 2014-2016 thousand US$)","1000 USD",2019,670445,"Castor oil seeds","no"
NA,"World",NA,NA,"Oilseeds and oleaginous fruits","Gross Production Value (constant 2014-2016 thousand US$)","1000 USD",2020,971242,"Castor oil seeds","no"
NA,"World",NA,NA,"Oilseeds and oleaginous fruits","Gross Production Value (constant 2014-2016 thousand US$)","1000 USD",2021,879428,"Castor oil seeds","no"
NA,"World",NA,NA,"Oilseeds and oleaginous fruits","Gross Production Value (constant 2014-2016 thousand US$)","1000 USD",2022,873443,"Castor oil seeds","no"
NA,"World",NA,NA,"Oilseeds and oleaginous fruits","Gross Production Value (constant 2014-2016 thousand US$)","1000 USD",2023,1043080,"Castor oil seeds","no"
NA,"World",NA,NA,"Vegetables","Gross Production Value (constant 2014-2016 thousand I$)","1000 Int$",1992,5147660,"Cauliflowers and broccoli","no"
NA,"World",NA,NA,"Vegetables","Gross Production Value (constant 2014-2016 thousand I$)","1000 Int$",1993,4998706,"Cauliflowers and broccoli","no"
NA,"World",NA,NA,"Vegetables","Gross Production Value (constant 2014-2016 thousand I$)","1000 Int$",1994,5725020,"Cauliflowers and broccoli","no"
NA,"World",NA,NA,"Vegetables","Gross Production Value (constant 2014-2016 thousand I$)","1000 Int$",1995,5940631,"Cauliflowers and broccoli","no"
NA,"World",NA,NA,"Vegetables","Gross Production Value (constant 2014-2016 thousand I$)","1000 Int$",1996,6532850,"Cauliflowers and broccoli","no"
NA,"World",NA,NA,"Vegetables","Gross Production Value (constant 2014-2016 thousand I$)","1000 Int$",1997,6829469,"Cauliflowers and broccoli","no"
NA,"World",NA,NA,"Vegetables","Gross Production Value (constant 2014-2016 thousand I$)","1000 Int$",1998,6760010,"Cauliflowers and broccoli","no"
NA,"World",NA,NA,"Vegetables","Gross Production Value (constant 2014-2016 thousand I$)","1000 Int$",1999,7041348,"Cauliflowers and broccoli","no"
NA,"World",NA,NA,"Vegetables","Gross Production Value (constant 2014-2016 thousand I$)","1000 Int$",2000,7493337,"Cauliflowers and broccoli","no"
NA,"World",NA,NA,"Vegetables","Gross Production Value (constant 2014-2016 thousand I$)","1000 Int$",2001,7501943,"Cauliflowers and broccoli","no"
NA,"World",NA,NA,"Vegetables","Gross Production Value (constant 2014-2016 thousand I$)","1000 Int$",2002,7845373,"Cauliflowers and broccoli","no"
NA,"World",NA,NA,"Vegetables","Gross Production Value (constant 2014-2016 thousand I$)","1000 Int$",2003,8161240,"Cauliflowers and broccoli","no"
NA,"World",NA,NA,"Vegetables","Gross Production Value (constant 2014-2016 thousand I$)","1000 Int$",2004,8419169,"Cauliflowers and broccoli","no"
NA,"World",NA,NA,"Vegetables","Gross Production Value (constant 2014-2016 thousand I$)","1000 Int$",2005,8229467,"Cauliflowers and broccoli","no"
NA,"World",NA,NA,"Vegetables","Gross Production Value (constant 2014-2016 thousand I$)","1000 Int$",2006,8808142,"Cauliflowers and broccoli","no"
NA,"World",NA,NA,"Vegetables","Gross Production Value (constant 2014-2016 thousand I$)","1000 Int$",2007,9073149,"Cauliflowers and broccoli","no"
NA,"World",NA,NA,"Vegetables","Gross Production Value (constant 2014-2016 thousand I$)","1000 Int$",2008,9360214,"Cauliflowers and broccoli","no"
NA,"World",NA,NA,"Vegetables","Gross Production Value (constant 2014-2016 thousand I$)","1000 Int$",2009,9794051,"Cauliflowers and broccoli","no"
NA,"World",NA,NA,"Vegetables","Gross Production Value (constant 2014-2016 thousand I$)","1000 Int$",2010,9978320,"Cauliflowers and broccoli","no"
NA,"World",NA,NA,"Vegetables","Gross Production Value (constant 2014-2016 thousand I$)","1000 Int$",2011,10321045,"Cauliflowers and broccoli","no"
NA,"World",NA,NA,"Vegetables","Gross Production Value (constant 2014-2016 thousand I$)","1000 Int$",2012,10645728,"Cauliflowers and broccoli","no"
NA,"World",NA,NA,"Vegetables","Gross Production Value (constant 2014-2016 thousand I$)","1000 Int$",2013,10989212,"Cauliflowers and broccoli","no"
NA,"World",NA,NA,"Vegetables","Gross Production Value (constant 2014-2016 thousand I$)","1000 Int$",2014,11454159,"Cauliflowers and broccoli","no"
NA,"World",NA,NA,"Vegetables","Gross Production Value (constant 2014-2016 thousand I$)","1000 Int$",2015,11397414,"Cauliflowers and broccoli","no"
NA,"World",NA,NA,"Vegetables","Gross Production Value (constant 2014-2016 thousand I$)","1000 Int$",2016,11440063,"Cauliflowers and broccoli","no"
NA,"World",NA,NA,"Vegetables","Gross Production Value (constant 2014-2016 thousand I$)","1000 Int$",2017,11870461,"Cauliflowers and broccoli","no"
NA,"World",NA,NA,"Vegetables","Gross Production Value (constant 2014-2016 thousand I$)","1000 Int$",2018,11979087,"Cauliflowers and broccoli","no"
NA,"World",NA,NA,"Vegetables","Gross Production Value (constant 2014-2016 thousand I$)","1000 Int$",2019,12210792,"Cauliflowers and broccoli","no"
NA,"World",NA,NA,"Vegetables","Gross Production Value (constant 2014-2016 thousand I$)","1000 Int$",2020,12086069,"Cauliflowers and broccoli","no"
NA,"World",NA,NA,"Vegetables","Gross Production Value (constant 2014-2016 thousand I$)","1000 Int$",2021,12282445,"Cauliflowers and broccoli","no"
NA,"World",NA,NA,"Vegetables","Gross Production Value (constant 2014-2016 thousand I$)","1000 Int$",2022,12403547,"Cauliflowers and broccoli","no"
NA,"World",NA,NA,"Vegetables","Gross Production Value (constant 2014-2016 thousand I$)","1000 Int$",2023,12408153,"Cauliflowers and broccoli","no"
NA,"World",NA,NA,"Vegetables","Gross Production Value (constant 2014-2016 thousand US$)","1000 USD",1992,6248010,"Cauliflowers and broccoli","no"
NA,"World",NA,NA,"Vegetables","Gross Production Value (constant 2014-2016 thousand US$)","1000 USD",1993,5976257,"Cauliflowers and broccoli","no"
NA,"World",NA,NA,"Vegetables","Gross Production Value (constant 2014-2016 thousand US$)","1000 USD",1994,6853764,"Cauliflowers and broccoli","no"
NA,"World",NA,NA,"Vegetables","Gross Production Value (constant 2014-2016 thousand US$)","1000 USD",1995,7002360,"Cauliflowers and broccoli","no"
NA,"World",NA,NA,"Vegetables","Gross Production Value (constant 2014-2016 thousand US$)","1000 USD",1996,7587117,"Cauliflowers and broccoli","no"
NA,"World",NA,NA,"Vegetables","Gross Production Value (constant 2014-2016 thousand US$)","1000 USD",1997,7930270,"Cauliflowers and broccoli","no"
NA,"World",NA,NA,"Vegetables","Gross Production Value (constant 2014-2016 thousand US$)","1000 USD",1998,7784073,"Cauliflowers and broccoli","no"
NA,"World",NA,NA,"Vegetables","Gross Production Value (constant 2014-2016 thousand US$)","1000 USD",1999,8204428,"Cauliflowers and broccoli","no"
NA,"World",NA,NA,"Vegetables","Gross Production Value (constant 2014-2016 thousand US$)","1000 USD",2000,8699589,"Cauliflowers and broccoli","no"
NA,"World",NA,NA,"Vegetables","Gross Production Value (constant 2014-2016 thousand US$)","1000 USD",2001,8585472,"Cauliflowers and broccoli","no"
NA,"World",NA,NA,"Vegetables","Gross Production Value (constant 2014-2016 thousand US$)","1000 USD",2002,8908020,"Cauliflowers and broccoli","no"
NA,"World",NA,NA,"Vegetables","Gross Production Value (constant 2014-2016 thousand US$)","1000 USD",2003,9276301,"Cauliflowers and broccoli","no"
NA,"World",NA,NA,"Vegetables","Gross Production Value (constant 2014-2016 thousand US$)","1000 USD",2004,9429392,"Cauliflowers and broccoli","no"
NA,"World",NA,NA,"Vegetables","Gross Production Value (constant 2014-2016 thousand US$)","1000 USD",2005,9283973,"Cauliflowers and broccoli","no"
NA,"World",NA,NA,"Vegetables","Gross Production Value (constant 2014-2016 thousand US$)","1000 USD",2006,9880316,"Cauliflowers and broccoli","no"
NA,"World",NA,NA,"Vegetables","Gross Production Value (constant 2014-2016 thousand US$)","1000 USD",2007,10142752,"Cauliflowers and broccoli","no"
NA,"World",NA,NA,"Vegetables","Gross Production Value (constant 2014-2016 thousand US$)","1000 USD",2008,10478971,"Cauliflowers and broccoli","no"
NA,"World",NA,NA,"Vegetables","Gross Production Value (constant 2014-2016 thousand US$)","1000 USD",2009,10951934,"Cauliflowers and broccoli","no"
NA,"World",NA,NA,"Vegetables","Gross Production Value (constant 2014-2016 thousand US$)","1000 USD",2010,11093923,"Cauliflowers and broccoli","no"
NA,"World",NA,NA,"Vegetables","Gross Production Value (constant 2014-2016 thousand US$)","1000 USD",2011,11323303,"Cauliflowers and broccoli","no"
NA,"World",NA,NA,"Vegetables","Gross Production Value (constant 2014-2016 thousand US$)","1000 USD",2012,11785257,"Cauliflowers and broccoli","no"
NA,"World",NA,NA,"Vegetables","Gross Production Value (constant 2014-2016 thousand US$)","1000 USD",2013,12163180,"Cauliflowers and broccoli","no"
NA,"World",NA,NA,"Vegetables","Gross Production Value (constant 2014-2016 thousand US$)","1000 USD",2014,12611873,"Cauliflowers and broccoli","no"
NA,"World",NA,NA,"Vegetables","Gross Production Value (constant 2014-2016 thousand US$)","1000 USD",2015,12569673,"Cauliflowers and broccoli","no"
NA,"World",NA,NA,"Vegetables","Gross Production Value (constant 2014-2016 thousand US$)","1000 USD",2016,12645038,"Cauliflowers and broccoli","no"
NA,"World",NA,NA,"Vegetables","Gross Production Value (constant 2014-2016 thousand US$)","1000 USD",2017,13068198,"Cauliflowers and broccoli","no"
NA,"World",NA,NA,"Vegetables","Gross Production Value (constant 2014-2016 thousand US$)","1000 USD",2018,13086648,"Cauliflowers and broccoli","no"
NA,"World",NA,NA,"Vegetables","Gross Production Value (constant 2014-2016 thousand US$)","1000 USD",2019,13341366,"Cauliflowers and broccoli","no"
NA,"World",NA,NA,"Vegetables","Gross Production Value (constant 2014-2016 thousand US$)","1000 USD",2020,13194172,"Cauliflowers and broccoli","no"
NA,"World",NA,NA,"Vegetables","Gross Production Value (constant 2014-2016 thousand US$)","1000 USD",2021,13333402,"Cauliflowers and broccoli","no"
NA,"World",NA,NA,"Vegetables","Gross Production Value (constant 2014-2016 thousand US$)","1000 USD",2022,13547110,"Cauliflowers and broccoli","no"
NA,"World",NA,NA,"Vegetables","Gross Production Value (constant 2014-2016 thousand US$)","1000 USD",2023,13398911,"Cauliflowers and broccoli","no"
NA,"World",NA,NA,"Cereals","Gross Production Value (constant 2014-2016 thousand I$)","1000 Int$",1992,438435,"Cereals n.e.c.","no"
NA,"World",NA,NA,"Cereals","Gross Production Value (constant 2014-2016 thousand I$)","1000 Int$",1993,475161,"Cereals n.e.c.","no"
NA,"World",NA,NA,"Cereals","Gross Production Value (constant 2014-2016 thousand I$)","1000 Int$",1994,485300,"Cereals n.e.c.","no"
NA,"World",NA,NA,"Cereals","Gross Production Value (constant 2014-2016 thousand I$)","1000 Int$",1995,496105,"Cereals n.e.c.","no"
NA,"World",NA,NA,"Cereals","Gross Production Value (constant 2014-2016 thousand I$)","1000 Int$",1996,626679,"Cereals n.e.c.","no"
NA,"World",NA,NA,"Cereals","Gross Production Value (constant 2014-2016 thousand I$)","1000 Int$",1997,708617,"Cereals n.e.c.","no"
NA,"World",NA,NA,"Cereals","Gross Production Value (constant 2014-2016 thousand I$)","1000 Int$",1998,516265,"Cereals n.e.c.","no"
NA,"World",NA,NA,"Cereals","Gross Production Value (constant 2014-2016 thousand I$)","1000 Int$",1999,678858,"Cereals n.e.c.","no"
NA,"World",NA,NA,"Cereals","Gross Production Value (constant 2014-2016 thousand I$)","1000 Int$",2000,670350,"Cereals n.e.c.","no"
NA,"World",NA,NA,"Cereals","Gross Production Value (constant 2014-2016 thousand I$)","1000 Int$",2001,725512,"Cereals n.e.c.","no"
NA,"World",NA,NA,"Cereals","Gross Production Value (constant 2014-2016 thousand I$)","1000 Int$",2002,682882,"Cereals n.e.c.","no"
NA,"World",NA,NA,"Cereals","Gross Production Value (constant 2014-2016 thousand I$)","1000 Int$",2003,831681,"Cereals n.e.c.","no"
NA,"World",NA,NA,"Cereals","Gross Production Value (constant 2014-2016 thousand I$)","1000 Int$",2004,891877,"Cereals n.e.c.","no"
NA,"World",NA,NA,"Cereals","Gross Production Value (constant 2014-2016 thousand I$)","1000 Int$",2005,1181967,"Cereals n.e.c.","no"
NA,"World",NA,NA,"Cereals","Gross Production Value (constant 2014-2016 thousand I$)","1000 Int$",2006,968071,"Cereals n.e.c.","no"
NA,"World",NA,NA,"Cereals","Gross Production Value (constant 2014-2016 thousand I$)","1000 Int$",2007,1104869,"Cereals n.e.c.","no"
NA,"World",NA,NA,"Cereals","Gross Production Value (constant 2014-2016 thousand I$)","1000 Int$",2008,1106898,"Cereals n.e.c.","no"
NA,"World",NA,NA,"Cereals","Gross Production Value (constant 2014-2016 thousand I$)","1000 Int$",2009,1277892,"Cereals n.e.c.","no"
NA,"World",NA,NA,"Cereals","Gross Production Value (constant 2014-2016 thousand I$)","1000 Int$",2010,1637596,"Cereals n.e.c.","no"
NA,"World",NA,NA,"Cereals","Gross Production Value (constant 2014-2016 thousand I$)","1000 Int$",2011,1416960,"Cereals n.e.c.","no"
NA,"World",NA,NA,"Cereals","Gross Production Value (constant 2014-2016 thousand I$)","1000 Int$",2012,1593584,"Cereals n.e.c.","no"
NA,"World",NA,NA,"Cereals","Gross Production Value (constant 2014-2016 thousand I$)","1000 Int$",2013,1789560,"Cereals n.e.c.","no"
NA,"World",NA,NA,"Cereals","Gross Production Value (constant 2014-2016 thousand I$)","1000 Int$",2014,1909314,"Cereals n.e.c.","no"
NA,"World",NA,NA,"Cereals","Gross Production Value (constant 2014-2016 thousand I$)","1000 Int$",2015,2083218,"Cereals n.e.c.","no"
NA,"World",NA,NA,"Cereals","Gross Production Value (constant 2014-2016 thousand I$)","1000 Int$",2016,2031847,"Cereals n.e.c.","no"
NA,"World",NA,NA,"Cereals","Gross Production Value (constant 2014-2016 thousand I$)","1000 Int$",2017,2044220,"Cereals n.e.c.","no"
NA,"World",NA,NA,"Cereals","Gross Production Value (constant 2014-2016 thousand I$)","1000 Int$",2018,2228804,"Cereals n.e.c.","no"
NA,"World",NA,NA,"Cereals","Gross Production Value (constant 2014-2016 thousand I$)","1000 Int$",2019,2299773,"Cereals n.e.c.","no"
NA,"World",NA,NA,"Cereals","Gross Production Value (constant 2014-2016 thousand I$)","1000 Int$",2020,2441440,"Cereals n.e.c.","no"
NA,"World",NA,NA,"Cereals","Gross Production Value (constant 2014-2016 thousand I$)","1000 Int$",2021,2411776,"Cereals n.e.c.","no"
NA,"World",NA,NA,"Cereals","Gross Production Value (constant 2014-2016 thousand I$)","1000 Int$",2022,2542051,"Cereals n.e.c.","no"
NA,"World",NA,NA,"Cereals","Gross Production Value (constant 2014-2016 thousand I$)","1000 Int$",2023,2579964,"Cereals n.e.c.","no"
NA,"World",NA,NA,"Cereals","Gross Production Value (constant 2014-2016 thousand US$)","1000 USD",1992,38752,"Cereals n.e.c.","no"
NA,"World",NA,NA,"Cereals","Gross Production Value (constant 2014-2016 thousand US$)","1000 USD",1993,455630,"Cereals n.e.c.","no"
NA,"World",NA,NA,"Cereals","Gross Production Value (constant 2014-2016 thousand US$)","1000 USD",1994,466827,"Cereals n.e.c.","no"
NA,"World",NA,NA,"Cereals","Gross Production Value (constant 2014-2016 thousand US$)","1000 USD",1995,467435,"Cereals n.e.c.","no"
NA,"World",NA,NA,"Cereals","Gross Production Value (constant 2014-2016 thousand US$)","1000 USD",1996,621769,"Cereals n.e.c.","no"
NA,"World",NA,NA,"Cereals","Gross Production Value (constant 2014-2016 thousand US$)","1000 USD",1997,701682,"Cereals n.e.c.","no"
NA,"World",NA,NA,"Cereals","Gross Production Value (constant 2014-2016 thousand US$)","1000 USD",1998,518244,"Cereals n.e.c.","no"
NA,"World",NA,NA,"Cereals","Gross Production Value (constant 2014-2016 thousand US$)","1000 USD",1999,668358,"Cereals n.e.c.","no"
NA,"World",NA,NA,"Cereals","Gross Production Value (constant 2014-2016 thousand US$)","1000 USD",2000,666370,"Cereals n.e.c.","no"
NA,"World",NA,NA,"Cereals","Gross Production Value (constant 2014-2016 thousand US$)","1000 USD",2001,724702,"Cereals n.e.c.","no"
NA,"World",NA,NA,"Cereals","Gross Production Value (constant 2014-2016 thousand US$)","1000 USD",2002,654803,"Cereals n.e.c.","no"
NA,"World",NA,NA,"Cereals","Gross Production Value (constant 2014-2016 thousand US$)","1000 USD",2003,805056,"Cereals n.e.c.","no"
NA,"World",NA,NA,"Cereals","Gross Production Value (constant 2014-2016 thousand US$)","1000 USD",2004,868115,"Cereals n.e.c.","no"
NA,"World",NA,NA,"Cereals","Gross Production Value (constant 2014-2016 thousand US$)","1000 USD",2005,1187771,"Cereals n.e.c.","no"
NA,"World",NA,NA,"Cereals","Gross Production Value (constant 2014-2016 thousand US$)","1000 USD",2006,946324,"Cereals n.e.c.","no"
NA,"World",NA,NA,"Cereals","Gross Production Value (constant 2014-2016 thousand US$)","1000 USD",2007,1063524,"Cereals n.e.c.","no"
NA,"World",NA,NA,"Cereals","Gross Production Value (constant 2014-2016 thousand US$)","1000 USD",2008,1047898,"Cereals n.e.c.","no"
NA,"World",NA,NA,"Cereals","Gross Production Value (constant 2014-2016 thousand US$)","1000 USD",2009,1267825,"Cereals n.e.c.","no"
NA,"World",NA,NA,"Cereals","Gross Production Value (constant 2014-2016 thousand US$)","1000 USD",2010,1596154,"Cereals n.e.c.","no"
NA,"World",NA,NA,"Cereals","Gross Production Value (constant 2014-2016 thousand US$)","1000 USD",2011,1360186,"Cereals n.e.c.","no"
NA,"World",NA,NA,"Cereals","Gross Production Value (constant 2014-2016 thousand US$)","1000 USD",2012,1536725,"Cereals n.e.c.","no"
NA,"World",NA,NA,"Cereals","Gross Production Value (constant 2014-2016 thousand US$)","1000 USD",2013,1733423,"Cereals n.e.c.","no"
NA,"World",NA,NA,"Cereals","Gross Production Value (constant 2014-2016 thousand US$)","1000 USD",2014,1855619,"Cereals n.e.c.","no"
NA,"World",NA,NA,"Cereals","Gross Production Value (constant 2014-2016 thousand US$)","1000 USD",2015,1975243,"Cereals n.e.c.","no"
NA,"World",NA,NA,"Cereals","Gross Production Value (constant 2014-2016 thousand US$)","1000 USD",2016,1961332,"Cereals n.e.c.","no"
NA,"World",NA,NA,"Cereals","Gross Production Value (constant 2014-2016 thousand US$)","1000 USD",2017,1996829,"Cereals n.e.c.","no"
NA,"World",NA,NA,"Cereals","Gross Production Value (constant 2014-2016 thousand US$)","1000 USD",2018,2144099,"Cereals n.e.c.","no"
NA,"World",NA,NA,"Cereals","Gross Production Value (constant 2014-2016 thousand US$)","1000 USD",2019,2225441,"Cereals n.e.c.","no"
NA,"World",NA,NA,"Cereals","Gross Production Value (constant 2014-2016 thousand US$)","1000 USD",2020,2323985,"Cereals n.e.c.","no"
NA,"World",NA,NA,"Cereals","Gross Production Value (constant 2014-2016 thousand US$)","1000 USD",2021,2304247,"Cereals n.e.c.","no"
NA,"World",NA,NA,"Cereals","Gross Production Value (constant 2014-2016 thousand US$)","1000 USD",2022,2446874,"Cereals n.e.c.","no"
NA,"World",NA,NA,"Cereals","Gross Production Value (constant 2014-2016 thousand US$)","1000 USD",2023,2485783,"Cereals n.e.c.","no"
NA,"World",NA,NA,"Fruits and nuts","Gross Production Value (constant 2014-2016 thousand I$)","1000 Int$",1992,2632810,"Cherries","no"
NA,"World",NA,NA,"Fruits and nuts","Gross Production Value (constant 2014-2016 thousand I$)","1000 Int$",1993,2725180,"Cherries","no"
NA,"World",NA,NA,"Fruits and nuts","Gross Production Value (constant 2014-2016 thousand I$)","1000 Int$",1994,2768111,"Cherries","no"
NA,"World",NA,NA,"Fruits and nuts","Gross Production Value (constant 2014-2016 thousand I$)","1000 Int$",1995,2726715,"Cherries","no"
NA,"World",NA,NA,"Fruits and nuts","Gross Production Value (constant 2014-2016 thousand I$)","1000 Int$",1996,3051930,"Cherries","no"
NA,"World",NA,NA,"Fruits and nuts","Gross Production Value (constant 2014-2016 thousand I$)","1000 Int$",1997,2811376,"Cherries","no"
NA,"World",NA,NA,"Fruits and nuts","Gross Production Value (constant 2014-2016 thousand I$)","1000 Int$",1998,2883558,"Cherries","no"
NA,"World",NA,NA,"Fruits and nuts","Gross Production Value (constant 2014-2016 thousand I$)","1000 Int$",1999,3211408,"Cherries","no"
NA,"World",NA,NA,"Fruits and nuts","Gross Production Value (constant 2014-2016 thousand I$)","1000 Int$",2000,3342675,"Cherries","no"
NA,"World",NA,NA,"Fruits and nuts","Gross Production Value (constant 2014-2016 thousand I$)","1000 Int$",2001,3197800,"Cherries","no"
NA,"World",NA,NA,"Fruits and nuts","Gross Production Value (constant 2014-2016 thousand I$)","1000 Int$",2002,3689305,"Cherries","no"
NA,"World",NA,NA,"Fruits and nuts","Gross Production Value (constant 2014-2016 thousand I$)","1000 Int$",2003,3022761,"Cherries","no"
NA,"World",NA,NA,"Fruits and nuts","Gross Production Value (constant 2014-2016 thousand I$)","1000 Int$",2004,2989428,"Cherries","no"
NA,"World",NA,NA,"Fruits and nuts","Gross Production Value (constant 2014-2016 thousand I$)","1000 Int$",2005,3248284,"Cherries","no"
NA,"World",NA,NA,"Fruits and nuts","Gross Production Value (constant 2014-2016 thousand I$)","1000 Int$",2006,3353286,"Cherries","no"
NA,"World",NA,NA,"Fruits and nuts","Gross Production Value (constant 2014-2016 thousand I$)","1000 Int$",2007,3506808,"Cherries","no"
NA,"World",NA,NA,"Fruits and nuts","Gross Production Value (constant 2014-2016 thousand I$)","1000 Int$",2008,3270839,"Cherries","no"
NA,"World",NA,NA,"Fruits and nuts","Gross Production Value (constant 2014-2016 thousand I$)","1000 Int$",2009,3800926,"Cherries","no"
NA,"World",NA,NA,"Fruits and nuts","Gross Production Value (constant 2014-2016 thousand I$)","1000 Int$",2010,3519880,"Cherries","no"
NA,"World",NA,NA,"Fruits and nuts","Gross Production Value (constant 2014-2016 thousand I$)","1000 Int$",2011,3797534,"Cherries","no"
NA,"World",NA,NA,"Fruits and nuts","Gross Production Value (constant 2014-2016 thousand I$)","1000 Int$",2012,3892440,"Cherries","no"
NA,"World",NA,NA,"Fruits and nuts","Gross Production Value (constant 2014-2016 thousand I$)","1000 Int$",2013,4043916,"Cherries","no"
NA,"World",NA,NA,"Fruits and nuts","Gross Production Value (constant 2014-2016 thousand I$)","1000 Int$",2014,3854943,"Cherries","no"
NA,"World",NA,NA,"Fruits and nuts","Gross Production Value (constant 2014-2016 thousand I$)","1000 Int$",2015,3986828,"Cherries","no"
NA,"World",NA,NA,"Fruits and nuts","Gross Production Value (constant 2014-2016 thousand I$)","1000 Int$",2016,4133769,"Cherries","no"
NA,"World",NA,NA,"Fruits and nuts","Gross Production Value (constant 2014-2016 thousand I$)","1000 Int$",2017,4316599,"Cherries","no"
NA,"World",NA,NA,"Fruits and nuts","Gross Production Value (constant 2014-2016 thousand I$)","1000 Int$",2018,4511110,"Cherries","no"
NA,"World",NA,NA,"Fruits and nuts","Gross Production Value (constant 2014-2016 thousand I$)","1000 Int$",2019,4636927,"Cherries","no"
NA,"World",NA,NA,"Fruits and nuts","Gross Production Value (constant 2014-2016 thousand I$)","1000 Int$",2020,4624087,"Cherries","no"
NA,"World",NA,NA,"Fruits and nuts","Gross Production Value (constant 2014-2016 thousand I$)","1000 Int$",2021,4856661,"Cherries","no"
NA,"World",NA,NA,"Fruits and nuts","Gross Production Value (constant 2014-2016 thousand I$)","1000 Int$",2022,4920873,"Cherries","no"
NA,"World",NA,NA,"Fruits and nuts","Gross Production Value (constant 2014-2016 thousand I$)","1000 Int$",2023,5222303,"Cherries","no"
NA,"World",NA,NA,"Fruits and nuts","Gross Production Value (constant 2014-2016 thousand US$)","1000 USD",1992,3203983,"Cherries","no"
NA,"World",NA,NA,"Fruits and nuts","Gross Production Value (constant 2014-2016 thousand US$)","1000 USD",1993,3317645,"Cherries","no"
NA,"World",NA,NA,"Fruits and nuts","Gross Production Value (constant 2014-2016 thousand US$)","1000 USD",1994,3191877,"Cherries","no"
NA,"World",NA,NA,"Fruits and nuts","Gross Production Value (constant 2014-2016 thousand US$)","1000 USD",1995,3133729,"Cherries","no"
NA,"World",NA,NA,"Fruits and nuts","Gross Production Value (constant 2014-2016 thousand US$)","1000 USD",1996,3332836,"Cherries","no"
NA,"World",NA,NA,"Fruits and nuts","Gross Production Value (constant 2014-2016 thousand US$)","1000 USD",1997,3103321,"Cherries","no"
NA,"World",NA,NA,"Fruits and nuts","Gross Production Value (constant 2014-2016 thousand US$)","1000 USD",1998,3233620,"Cherries","no"
NA,"World",NA,NA,"Fruits and nuts","Gross Production Value (constant 2014-2016 thousand US$)","1000 USD",1999,3612721,"Cherries","no"
NA,"World",NA,NA,"Fruits and nuts","Gross Production Value (constant 2014-2016 thousand US$)","1000 USD",2000,3697321,"Cherries","no"
NA,"World",NA,NA,"Fruits and nuts","Gross Production Value (constant 2014-2016 thousand US$)","1000 USD",2001,3604831,"Cherries","no"
NA,"World",NA,NA,"Fruits and nuts","Gross Production Value (constant 2014-2016 thousand US$)","1000 USD",2002,3927854,"Cherries","no"
NA,"World",NA,NA,"Fruits and nuts","Gross Production Value (constant 2014-2016 thousand US$)","1000 USD",2003,3237514,"Cherries","no"
NA,"World",NA,NA,"Fruits and nuts","Gross Production Value (constant 2014-2016 thousand US$)","1000 USD",2004,3289916,"Cherries","no"
NA,"World",NA,NA,"Fruits and nuts","Gross Production Value (constant 2014-2016 thousand US$)","1000 USD",2005,3510196,"Cherries","no"
NA,"World",NA,NA,"Fruits and nuts","Gross Production Value (constant 2014-2016 thousand US$)","1000 USD",2006,3714644,"Cherries","no"
NA,"World",NA,NA,"Fruits and nuts","Gross Production Value (constant 2014-2016 thousand US$)","1000 USD",2007,3696331,"Cherries","no"
NA,"World",NA,NA,"Fruits and nuts","Gross Production Value (constant 2014-2016 thousand US$)","1000 USD",2008,3475186,"Cherries","no"
NA,"World",NA,NA,"Fruits and nuts","Gross Production Value (constant 2014-2016 thousand US$)","1000 USD",2009,4164900,"Cherries","no"
NA,"World",NA,NA,"Fruits and nuts","Gross Production Value (constant 2014-2016 thousand US$)","1000 USD",2010,3713256,"Cherries","no"
NA,"World",NA,NA,"Fruits and nuts","Gross Production Value (constant 2014-2016 thousand US$)","1000 USD",2011,4066535,"Cherries","no"
NA,"World",NA,NA,"Fruits and nuts","Gross Production Value (constant 2014-2016 thousand US$)","1000 USD",2012,4074286,"Cherries","no"
NA,"World",NA,NA,"Fruits and nuts","Gross Production Value (constant 2014-2016 thousand US$)","1000 USD",2013,4208186,"Cherries","no"
NA,"World",NA,NA,"Fruits and nuts","Gross Production Value (constant 2014-2016 thousand US$)","1000 USD",2014,4189037,"Cherries","no"
NA,"World",NA,NA,"Fruits and nuts","Gross Production Value (constant 2014-2016 thousand US$)","1000 USD",2015,4225634,"Cherries","no"
NA,"World",NA,NA,"Fruits and nuts","Gross Production Value (constant 2014-2016 thousand US$)","1000 USD",2016,4362416,"Cherries","no"
NA,"World",NA,NA,"Fruits and nuts","Gross Production Value (constant 2014-2016 thousand US$)","1000 USD",2017,4504280,"Cherries","no"
NA,"World",NA,NA,"Fruits and nuts","Gross Production Value (constant 2014-2016 thousand US$)","1000 USD",2018,4640459,"Cherries","no"
NA,"World",NA,NA,"Fruits and nuts","Gross Production Value (constant 2014-2016 thousand US$)","1000 USD",2019,4743890,"Cherries","no"
NA,"World",NA,NA,"Fruits and nuts","Gross Production Value (constant 2014-2016 thousand US$)","1000 USD",2020,4700694,"Cherries","no"
NA,"World",NA,NA,"Fruits and nuts","Gross Production Value (constant 2014-2016 thousand US$)","1000 USD",2021,4880014,"Cherries","no"
NA,"World",NA,NA,"Fruits and nuts","Gross Production Value (constant 2014-2016 thousand US$)","1000 USD",2022,4934221,"Cherries","no"
NA,"World",NA,NA,"Fruits and nuts","Gross Production Value (constant 2014-2016 thousand US$)","1000 USD",2023,5277491,"Cherries","no"
NA,"World",NA,NA,"Fruits and nuts","Gross Production Value (constant 2014-2016 thousand I$)","1000 Int$",1992,1124068,"Chestnuts","no"
NA,"World",NA,NA,"Fruits and nuts","Gross Production Value (constant 2014-2016 thousand I$)","1000 Int$",1993,1061880,"Chestnuts","no"
NA,"World",NA,NA,"Fruits and nuts","Gross Production Value (constant 2014-2016 thousand I$)","1000 Int$",1994,1151559,"Chestnuts","no"
NA,"World",NA,NA,"Fruits and nuts","Gross Production Value (constant 2014-2016 thousand I$)","1000 Int$",1995,1126881,"Chestnuts","no"
NA,"World",NA,NA,"Fruits and nuts","Gross Production Value (constant 2014-2016 thousand I$)","1000 Int$",1996,1129641,"Chestnuts","no"
NA,"World",NA,NA,"Fruits and nuts","Gross Production Value (constant 2014-2016 thousand I$)","1000 Int$",1997,1315666,"Chestnuts","no"
NA,"World",NA,NA,"Fruits and nuts","Gross Production Value (constant 2014-2016 thousand I$)","1000 Int$",1998,1389840,"Chestnuts","no"
NA,"World",NA,NA,"Fruits and nuts","Gross Production Value (constant 2014-2016 thousand I$)","1000 Int$",1999,1478674,"Chestnuts","no"
NA,"World",NA,NA,"Fruits and nuts","Gross Production Value (constant 2014-2016 thousand I$)","1000 Int$",2000,1569484,"Chestnuts","no"
NA,"World",NA,NA,"Fruits and nuts","Gross Production Value (constant 2014-2016 thousand I$)","1000 Int$",2001,1578499,"Chestnuts","no"
NA,"World",NA,NA,"Fruits and nuts","Gross Production Value (constant 2014-2016 thousand I$)","1000 Int$",2002,1735753,"Chestnuts","no"
NA,"World",NA,NA,"Fruits and nuts","Gross Production Value (constant 2014-2016 thousand I$)","1000 Int$",2003,1892059,"Chestnuts","no"
NA,"World",NA,NA,"Fruits and nuts","Gross Production Value (constant 2014-2016 thousand I$)","1000 Int$",2004,2114202,"Chestnuts","no"
NA,"World",NA,NA,"Fruits and nuts","Gross Production Value (constant 2014-2016 thousand I$)","1000 Int$",2005,2283265,"Chestnuts","no"
NA,"World",NA,NA,"Fruits and nuts","Gross Production Value (constant 2014-2016 thousand I$)","1000 Int$",2006,2496484,"Chestnuts","no"
NA,"World",NA,NA,"Fruits and nuts","Gross Production Value (constant 2014-2016 thousand I$)","1000 Int$",2007,2677758,"Chestnuts","no"
NA,"World",NA,NA,"Fruits and nuts","Gross Production Value (constant 2014-2016 thousand I$)","1000 Int$",2008,2997467,"Chestnuts","no"
NA,"World",NA,NA,"Fruits and nuts","Gross Production Value (constant 2014-2016 thousand I$)","1000 Int$",2009,3181824,"Chestnuts","no"
NA,"World",NA,NA,"Fruits and nuts","Gross Production Value (constant 2014-2016 thousand I$)","1000 Int$",2010,3336761,"Chestnuts","no"
NA,"World",NA,NA,"Fruits and nuts","Gross Production Value (constant 2014-2016 thousand I$)","1000 Int$",2011,3399415,"Chestnuts","no"
NA,"World",NA,NA,"Fruits and nuts","Gross Production Value (constant 2014-2016 thousand I$)","1000 Int$",2012,3430943,"Chestnuts","no"
NA,"World",NA,NA,"Fruits and nuts","Gross Production Value (constant 2014-2016 thousand I$)","1000 Int$",2013,3487505,"Chestnuts","no"
NA,"World",NA,NA,"Fruits and nuts","Gross Production Value (constant 2014-2016 thousand I$)","1000 Int$",2014,3401918,"Chestnuts","no"
NA,"World",NA,NA,"Fruits and nuts","Gross Production Value (constant 2014-2016 thousand I$)","1000 Int$",2015,3358462,"Chestnuts","no"
NA,"World",NA,NA,"Fruits and nuts","Gross Production Value (constant 2014-2016 thousand I$)","1000 Int$",2016,3295936,"Chestnuts","no"
NA,"World",NA,NA,"Fruits and nuts","Gross Production Value (constant 2014-2016 thousand I$)","1000 Int$",2017,3248790,"Chestnuts","no"
NA,"World",NA,NA,"Fruits and nuts","Gross Production Value (constant 2014-2016 thousand I$)","1000 Int$",2018,3469537,"Chestnuts","no"
NA,"World",NA,NA,"Fruits and nuts","Gross Production Value (constant 2014-2016 thousand I$)","1000 Int$",2019,3453413,"Chestnuts","no"
NA,"World",NA,NA,"Fruits and nuts","Gross Production Value (constant 2014-2016 thousand I$)","1000 Int$",2020,3561713,"Chestnuts","no"
NA,"World",NA,NA,"Fruits and nuts","Gross Production Value (constant 2014-2016 thousand I$)","1000 Int$",2021,3511909,"Chestnuts","no"
NA,"World",NA,NA,"Fruits and nuts","Gross Production Value (constant 2014-2016 thousand I$)","1000 Int$",2022,3511208,"Chestnuts","no"
NA,"World",NA,NA,"Fruits and nuts","Gross Production Value (constant 2014-2016 thousand I$)","1000 Int$",2023,3496995,"Chestnuts","no"
NA,"World",NA,NA,"Fruits and nuts","Gross Production Value (constant 2014-2016 thousand US$)","1000 USD",1992,1977357,"Chestnuts","no"
NA,"World",NA,NA,"Fruits and nuts","Gross Production Value (constant 2014-2016 thousand US$)","1000 USD",1993,1890225,"Chestnuts","no"
NA,"World",NA,NA,"Fruits and nuts","Gross Production Value (constant 2014-2016 thousand US$)","1000 USD",1994,2060096,"Chestnuts","no"
NA,"World",NA,NA,"Fruits and nuts","Gross Production Value (constant 2014-2016 thousand US$)","1000 USD",1995,2004423,"Chestnuts","no"
NA,"World",NA,NA,"Fruits and nuts","Gross Production Value (constant 2014-2016 thousand US$)","1000 USD",1996,1940254,"Chestnuts","no"
NA,"World",NA,NA,"Fruits and nuts","Gross Production Value (constant 2014-2016 thousand US$)","1000 USD",1997,2315243,"Chestnuts","no"
NA,"World",NA,NA,"Fruits and nuts","Gross Production Value (constant 2014-2016 thousand US$)","1000 USD",1998,2523736,"Chestnuts","no"
NA,"World",NA,NA,"Fruits and nuts","Gross Production Value (constant 2014-2016 thousand US$)","1000 USD",1999,2737275,"Chestnuts","no"
NA,"World",NA,NA,"Fruits and nuts","Gross Production Value (constant 2014-2016 thousand US$)","1000 USD",2000,2935128,"Chestnuts","no"
NA,"World",NA,NA,"Fruits and nuts","Gross Production Value (constant 2014-2016 thousand US$)","1000 USD",2001,2954751,"Chestnuts","no"
NA,"World",NA,NA,"Fruits and nuts","Gross Production Value (constant 2014-2016 thousand US$)","1000 USD",2002,3305932,"Chestnuts","no"
NA,"World",NA,NA,"Fruits and nuts","Gross Production Value (constant 2014-2016 thousand US$)","1000 USD",2003,3632199,"Chestnuts","no"
NA,"World",NA,NA,"Fruits and nuts","Gross Production Value (constant 2014-2016 thousand US$)","1000 USD",2004,4092642,"Chestnuts","no"
NA,"World",NA,NA,"Fruits and nuts","Gross Production Value (constant 2014-2016 thousand US$)","1000 USD",2005,4456935,"Chestnuts","no"
NA,"World",NA,NA,"Fruits and nuts","Gross Production Value (constant 2014-2016 thousand US$)","1000 USD",2006,4896379,"Chestnuts","no"
NA,"World",NA,NA,"Fruits and nuts","Gross Production Value (constant 2014-2016 thousand US$)","1000 USD",2007,5309531,"Chestnuts","no"
NA,"World",NA,NA,"Fruits and nuts","Gross Production Value (constant 2014-2016 thousand US$)","1000 USD",2008,5999993,"Chestnuts","no"
NA,"World",NA,NA,"Fruits and nuts","Gross Production Value (constant 2014-2016 thousand US$)","1000 USD",2009,6378339,"Chestnuts","no"
NA,"World",NA,NA,"Fruits and nuts","Gross Production Value (constant 2014-2016 thousand US$)","1000 USD",2010,6711665,"Chestnuts","no"
NA,"World",NA,NA,"Fruits and nuts","Gross Production Value (constant 2014-2016 thousand US$)","1000 USD",2011,6857192,"Chestnuts","no"
NA,"World",NA,NA,"Fruits and nuts","Gross Production Value (constant 2014-2016 thousand US$)","1000 USD",2012,6928284,"Chestnuts","no"
NA,"World",NA,NA,"Fruits and nuts","Gross Production Value (constant 2014-2016 thousand US$)","1000 USD",2013,6986668,"Chestnuts","no"
NA,"World",NA,NA,"Fruits and nuts","Gross Production Value (constant 2014-2016 thousand US$)","1000 USD",2014,6802468,"Chestnuts","no"
NA,"World",NA,NA,"Fruits and nuts","Gross Production Value (constant 2014-2016 thousand US$)","1000 USD",2015,6673120,"Chestnuts","no"
NA,"World",NA,NA,"Fruits and nuts","Gross Production Value (constant 2014-2016 thousand US$)","1000 USD",2016,6554384,"Chestnuts","no"
NA,"World",NA,NA,"Fruits and nuts","Gross Production Value (constant 2014-2016 thousand US$)","1000 USD",2017,6452602,"Chestnuts","no"
NA,"World",NA,NA,"Fruits and nuts","Gross Production Value (constant 2014-2016 thousand US$)","1000 USD",2018,6608290,"Chestnuts","no"
NA,"World",NA,NA,"Fruits and nuts","Gross Production Value (constant 2014-2016 thousand US$)","1000 USD",2019,6560884,"Chestnuts","no"
NA,"World",NA,NA,"Fruits and nuts","Gross Production Value (constant 2014-2016 thousand US$)","1000 USD",2020,6781045,"Chestnuts","no"
NA,"World",NA,NA,"Fruits and nuts","Gross Production Value (constant 2014-2016 thousand US$)","1000 USD",2021,6685517,"Chestnuts","no"
NA,"World",NA,NA,"Fruits and nuts","Gross Production Value (constant 2014-2016 thousand US$)","1000 USD",2022,6664124,"Chestnuts","no"
NA,"World",NA,NA,"Fruits and nuts","Gross Production Value (constant 2014-2016 thousand US$)","1000 USD",2023,6640961,"Chestnuts","no"
NA,"World",NA,NA,"Pulses (dried leguminous vegetables)","Gross Production Value (constant 2014-2016 thousand I$)","1000 Int$",1992,4603804,"Chick peas","no"
NA,"World",NA,NA,"Pulses (dried leguminous vegetables)","Gross Production Value (constant 2014-2016 thousand I$)","1000 Int$",1993,4674870,"Chick peas","no"
NA,"World",NA,NA,"Pulses (dried leguminous vegetables)","Gross Production Value (constant 2014-2016 thousand I$)","1000 Int$",1994,4955434,"Chick peas","no"
NA,"World",NA,NA,"Pulses (dried leguminous vegetables)","Gross Production Value (constant 2014-2016 thousand I$)","1000 Int$",1995,6364483,"Chick peas","no"
NA,"World",NA,NA,"Pulses (dried leguminous vegetables)","Gross Production Value (constant 2014-2016 thousand I$)","1000 Int$",1996,5648932,"Chick peas","no"
NA,"World",NA,NA,"Pulses (dried leguminous vegetables)","Gross Production Value (constant 2014-2016 thousand I$)","1000 Int$",1997,5808785,"Chick peas","no"
NA,"World",NA,NA,"Pulses (dried leguminous vegetables)","Gross Production Value (constant 2014-2016 thousand I$)","1000 Int$",1998,6181335,"Chick peas","no"
NA,"World",NA,NA,"Pulses (dried leguminous vegetables)","Gross Production Value (constant 2014-2016 thousand I$)","1000 Int$",1999,6595213,"Chick peas","no"
NA,"World",NA,NA,"Pulses (dried leguminous vegetables)","Gross Production Value (constant 2014-2016 thousand I$)","1000 Int$",2000,5599669,"Chick peas","no"
NA,"World",NA,NA,"Pulses (dried leguminous vegetables)","Gross Production Value (constant 2014-2016 thousand I$)","1000 Int$",2001,4898663,"Chick peas","no"
NA,"World",NA,NA,"Pulses (dried leguminous vegetables)","Gross Production Value (constant 2014-2016 thousand I$)","1000 Int$",2002,5774136,"Chick peas","no"
NA,"World",NA,NA,"Pulses (dried leguminous vegetables)","Gross Production Value (constant 2014-2016 thousand I$)","1000 Int$",2003,4952903,"Chick peas","no"
NA,"World",NA,NA,"Pulses (dried leguminous vegetables)","Gross Production Value (constant 2014-2016 thousand I$)","1000 Int$",2004,5848967,"Chick peas","no"
NA,"World",NA,NA,"Pulses (dried leguminous vegetables)","Gross Production Value (constant 2014-2016 thousand I$)","1000 Int$",2005,5891160,"Chick peas","no"
NA,"World",NA,NA,"Pulses (dried leguminous vegetables)","Gross Production Value (constant 2014-2016 thousand I$)","1000 Int$",2006,5928425,"Chick peas","no"
NA,"World",NA,NA,"Pulses (dried leguminous vegetables)","Gross Production Value (constant 2014-2016 thousand I$)","1000 Int$",2007,6790680,"Chick peas","no"
NA,"World",NA,NA,"Pulses (dried leguminous vegetables)","Gross Production Value (constant 2014-2016 thousand I$)","1000 Int$",2008,6006915,"Chick peas","no"
NA,"World",NA,NA,"Pulses (dried leguminous vegetables)","Gross Production Value (constant 2014-2016 thousand I$)","1000 Int$",2009,7257678,"Chick peas","no"
NA,"World",NA,NA,"Pulses (dried leguminous vegetables)","Gross Production Value (constant 2014-2016 thousand I$)","1000 Int$",2010,7550563,"Chick peas","no"
NA,"World",NA,NA,"Pulses (dried leguminous vegetables)","Gross Production Value (constant 2014-2016 thousand I$)","1000 Int$",2011,8167107,"Chick peas","no"
NA,"World",NA,NA,"Pulses (dried leguminous vegetables)","Gross Production Value (constant 2014-2016 thousand I$)","1000 Int$",2012,8103834,"Chick peas","no"
NA,"World",NA,NA,"Pulses (dried leguminous vegetables)","Gross Production Value (constant 2014-2016 thousand I$)","1000 Int$",2013,9084531,"Chick peas","no"
NA,"World",NA,NA,"Pulses (dried leguminous vegetables)","Gross Production Value (constant 2014-2016 thousand I$)","1000 Int$",2014,9269688,"Chick peas","no"
NA,"World",NA,NA,"Pulses (dried leguminous vegetables)","Gross Production Value (constant 2014-2016 thousand I$)","1000 Int$",2015,7592720,"Chick peas","no"
NA,"World",NA,NA,"Pulses (dried leguminous vegetables)","Gross Production Value (constant 2014-2016 thousand I$)","1000 Int$",2016,8085455,"Chick peas","no"
NA,"World",NA,NA,"Pulses (dried leguminous vegetables)","Gross Production Value (constant 2014-2016 thousand I$)","1000 Int$",2017,10557518,"Chick peas","no"
NA,"World",NA,NA,"Pulses (dried leguminous vegetables)","Gross Production Value (constant 2014-2016 thousand I$)","1000 Int$",2018,11801665,"Chick peas","no"
NA,"World",NA,NA,"Pulses (dried leguminous vegetables)","Gross Production Value (constant 2014-2016 thousand I$)","1000 Int$",2019,9908495,"Chick peas","no"
NA,"World",NA,NA,"Pulses (dried leguminous vegetables)","Gross Production Value (constant 2014-2016 thousand I$)","1000 Int$",2020,10468341,"Chick peas","no"
NA,"World",NA,NA,"Pulses (dried leguminous vegetables)","Gross Production Value (constant 2014-2016 thousand I$)","1000 Int$",2021,10965243,"Chick peas","no"
NA,"World",NA,NA,"Pulses (dried leguminous vegetables)","Gross Production Value (constant 2014-2016 thousand I$)","1000 Int$",2022,12482085,"Chick peas","no"
NA,"World",NA,NA,"Pulses (dried leguminous vegetables)","Gross Production Value (constant 2014-2016 thousand I$)","1000 Int$",2023,11508825,"Chick peas","no"
NA,"World",NA,NA,"Pulses (dried leguminous vegetables)","Gross Production Value (constant 2014-2016 thousand US$)","1000 USD",1992,4562029,"Chick peas","no"
NA,"World",NA,NA,"Pulses (dried leguminous vegetables)","Gross Production Value (constant 2014-2016 thousand US$)","1000 USD",1993,4762293,"Chick peas","no"
NA,"World",NA,NA,"Pulses (dried leguminous vegetables)","Gross Production Value (constant 2014-2016 thousand US$)","1000 USD",1994,4990837,"Chick peas","no"
NA,"World",NA,NA,"Pulses (dried leguminous vegetables)","Gross Production Value (constant 2014-2016 thousand US$)","1000 USD",1995,6282887,"Chick peas","no"
NA,"World",NA,NA,"Pulses (dried leguminous vegetables)","Gross Production Value (constant 2014-2016 thousand US$)","1000 USD",1996,5544582,"Chick peas","no"
NA,"World",NA,NA,"Pulses (dried leguminous vegetables)","Gross Production Value (constant 2014-2016 thousand US$)","1000 USD",1997,5731328,"Chick peas","no"
NA,"World",NA,NA,"Pulses (dried leguminous vegetables)","Gross Production Value (constant 2014-2016 thousand US$)","1000 USD",1998,5954606,"Chick peas","no"
NA,"World",NA,NA,"Pulses (dried leguminous vegetables)","Gross Production Value (constant 2014-2016 thousand US$)","1000 USD",1999,6304121,"Chick peas","no"
NA,"World",NA,NA,"Pulses (dried leguminous vegetables)","Gross Production Value (constant 2014-2016 thousand US$)","1000 USD",2000,5338009,"Chick peas","no"
NA,"World",NA,NA,"Pulses (dried leguminous vegetables)","Gross Production Value (constant 2014-2016 thousand US$)","1000 USD",2001,4673737,"Chick peas","no"
NA,"World",NA,NA,"Pulses (dried leguminous vegetables)","Gross Production Value (constant 2014-2016 thousand US$)","1000 USD",2002,5667888,"Chick peas","no"
NA,"World",NA,NA,"Pulses (dried leguminous vegetables)","Gross Production Value (constant 2014-2016 thousand US$)","1000 USD",2003,4697287,"Chick peas","no"
NA,"World",NA,NA,"Pulses (dried leguminous vegetables)","Gross Production Value (constant 2014-2016 thousand US$)","1000 USD",2004,5629659,"Chick peas","no"
NA,"World",NA,NA,"Pulses (dried leguminous vegetables)","Gross Production Value (constant 2014-2016 thousand US$)","1000 USD",2005,5447987,"Chick peas","no"
NA,"World",NA,NA,"Pulses (dried leguminous vegetables)","Gross Production Value (constant 2014-2016 thousand US$)","1000 USD",2006,5613497,"Chick peas","no"
NA,"World",NA,NA,"Pulses (dried leguminous vegetables)","Gross Production Value (constant 2014-2016 thousand US$)","1000 USD",2007,6215209,"Chick peas","no"
NA,"World",NA,NA,"Pulses (dried leguminous vegetables)","Gross Production Value (constant 2014-2016 thousand US$)","1000 USD",2008,5517805,"Chick peas","no"
NA,"World",NA,NA,"Pulses (dried leguminous vegetables)","Gross Production Value (constant 2014-2016 thousand US$)","1000 USD",2009,6625906,"Chick peas","no"
NA,"World",NA,NA,"Pulses (dried leguminous vegetables)","Gross Production Value (constant 2014-2016 thousand US$)","1000 USD",2010,6951090,"Chick peas","no"
NA,"World",NA,NA,"Pulses (dried leguminous vegetables)","Gross Production Value (constant 2014-2016 thousand US$)","1000 USD",2011,7477339,"Chick peas","no"
NA,"World",NA,NA,"Pulses (dried leguminous vegetables)","Gross Production Value (constant 2014-2016 thousand US$)","1000 USD",2012,7386293,"Chick peas","no"
NA,"World",NA,NA,"Pulses (dried leguminous vegetables)","Gross Production Value (constant 2014-2016 thousand US$)","1000 USD",2013,8151271,"Chick peas","no"
NA,"World",NA,NA,"Pulses (dried leguminous vegetables)","Gross Production Value (constant 2014-2016 thousand US$)","1000 USD",2014,8550610,"Chick peas","no"
NA,"World",NA,NA,"Pulses (dried leguminous vegetables)","Gross Production Value (constant 2014-2016 thousand US$)","1000 USD",2015,6900602,"Chick peas","no"
NA,"World",NA,NA,"Pulses (dried leguminous vegetables)","Gross Production Value (constant 2014-2016 thousand US$)","1000 USD",2016,7196038,"Chick peas","no"
NA,"World",NA,NA,"Pulses (dried leguminous vegetables)","Gross Production Value (constant 2014-2016 thousand US$)","1000 USD",2017,9314240,"Chick peas","no"
NA,"World",NA,NA,"Pulses (dried leguminous vegetables)","Gross Production Value (constant 2014-2016 thousand US$)","1000 USD",2018,10615755,"Chick peas","no"
NA,"World",NA,NA,"Pulses (dried leguminous vegetables)","Gross Production Value (constant 2014-2016 thousand US$)","1000 USD",2019,8949429,"Chick peas","no"
NA,"World",NA,NA,"Pulses (dried leguminous vegetables)","Gross Production Value (constant 2014-2016 thousand US$)","1000 USD",2020,9569494,"Chick peas","no"
NA,"World",NA,NA,"Pulses (dried leguminous vegetables)","Gross Production Value (constant 2014-2016 thousand US$)","1000 USD",2021,10116503,"Chick peas","no"
NA,"World",NA,NA,"Pulses (dried leguminous vegetables)","Gross Production Value (constant 2014-2016 thousand US$)","1000 USD",2022,11505292,"Chick peas","no"
NA,"World",NA,NA,"Pulses (dried leguminous vegetables)","Gross Production Value (constant 2014-2016 thousand US$)","1000 USD",2023,10593804,"Chick peas","no"
NA,"World",NA,NA,"Stimulant, spice and aromatic crops","Gross Production Value (constant 2014-2016 thousand I$)","1000 Int$",1992,310287,"Chicory roots","no"
NA,"World",NA,NA,"Stimulant, spice and aromatic crops","Gross Production Value (constant 2014-2016 thousand I$)","1000 Int$",1993,283942,"Chicory roots","no"
NA,"World",NA,NA,"Stimulant, spice and aromatic crops","Gross Production Value (constant 2014-2016 thousand I$)","1000 Int$",1994,326263,"Chicory roots","no"
NA,"World",NA,NA,"Stimulant, spice and aromatic crops","Gross Production Value (constant 2014-2016 thousand I$)","1000 Int$",1995,429088,"Chicory roots","no"
NA,"World",NA,NA,"Stimulant, spice and aromatic crops","Gross Production Value (constant 2014-2016 thousand I$)","1000 Int$",1996,560358,"Chicory roots","no"
NA,"World",NA,NA,"Stimulant, spice and aromatic crops","Gross Production Value (constant 2014-2016 thousand I$)","1000 Int$",1997,556987,"Chicory roots","no"
NA,"World",NA,NA,"Stimulant, spice and aromatic crops","Gross Production Value (constant 2014-2016 thousand I$)","1000 Int$",1998,455349,"Chicory roots","no"
NA,"World",NA,NA,"Stimulant, spice and aromatic crops","Gross Production Value (constant 2014-2016 thousand I$)","1000 Int$",1999,646066,"Chicory roots","no"
NA,"World",NA,NA,"Stimulant, spice and aromatic crops","Gross Production Value (constant 2014-2016 thousand I$)","1000 Int$",2000,755780,"Chicory roots","no"
NA,"World",NA,NA,"Stimulant, spice and aromatic crops","Gross Production Value (constant 2014-2016 thousand I$)","1000 Int$",2001,605059,"Chicory roots","no"
NA,"World",NA,NA,"Stimulant, spice and aromatic crops","Gross Production Value (constant 2014-2016 thousand I$)","1000 Int$",2002,609999,"Chicory roots","no"
NA,"World",NA,NA,"Stimulant, spice and aromatic crops","Gross Production Value (constant 2014-2016 thousand I$)","1000 Int$",2003,670385,"Chicory roots","no"
NA,"World",NA,NA,"Stimulant, spice and aromatic crops","Gross Production Value (constant 2014-2016 thousand I$)","1000 Int$",2004,695876,"Chicory roots","no"
NA,"World",NA,NA,"Stimulant, spice and aromatic crops","Gross Production Value (constant 2014-2016 thousand I$)","1000 Int$",2005,636441,"Chicory roots","no"
NA,"World",NA,NA,"Stimulant, spice and aromatic crops","Gross Production Value (constant 2014-2016 thousand I$)","1000 Int$",2006,466223,"Chicory roots","no"
NA,"World",NA,NA,"Stimulant, spice and aromatic crops","Gross Production Value (constant 2014-2016 thousand I$)","1000 Int$",2007,451113,"Chicory roots","no"
NA,"World",NA,NA,"Stimulant, spice and aromatic crops","Gross Production Value (constant 2014-2016 thousand I$)","1000 Int$",2008,477309,"Chicory roots","no"
NA,"World",NA,NA,"Stimulant, spice and aromatic crops","Gross Production Value (constant 2014-2016 thousand I$)","1000 Int$",2009,546976,"Chicory roots","no"
NA,"World",NA,NA,"Stimulant, spice and aromatic crops","Gross Production Value (constant 2014-2016 thousand I$)","1000 Int$",2010,452804,"Chicory roots","no"
NA,"World",NA,NA,"Stimulant, spice and aromatic crops","Gross Production Value (constant 2014-2016 thousand I$)","1000 Int$",2011,419928,"Chicory roots","no"
NA,"World",NA,NA,"Stimulant, spice and aromatic crops","Gross Production Value (constant 2014-2016 thousand I$)","1000 Int$",2012,352839,"Chicory roots","no"
NA,"World",NA,NA,"Stimulant, spice and aromatic crops","Gross Production Value (constant 2014-2016 thousand I$)","1000 Int$",2013,334400,"Chicory roots","no"
NA,"World",NA,NA,"Stimulant, spice and aromatic crops","Gross Production Value (constant 2014-2016 thousand I$)","1000 Int$",2014,349568,"Chicory roots","no"
NA,"World",NA,NA,"Stimulant, spice and aromatic crops","Gross Production Value (constant 2014-2016 thousand I$)","1000 Int$",2015,355079,"Chicory roots","no"
NA,"World",NA,NA,"Stimulant, spice and aromatic crops","Gross Production Value (constant 2014-2016 thousand I$)","1000 Int$",2016,326243,"Chicory roots","no"
NA,"World",NA,NA,"Stimulant, spice and aromatic crops","Gross Production Value (constant 2014-2016 thousand I$)","1000 Int$",2017,348844,"Chicory roots","no"
NA,"World",NA,NA,"Stimulant, spice and aromatic crops","Gross Production Value (constant 2014-2016 thousand I$)","1000 Int$",2018,23453,"Chicory roots","no"
NA,"World",NA,NA,"Stimulant, spice and aromatic crops","Gross Production Value (constant 2014-2016 thousand I$)","1000 Int$",2019,23609,"Chicory roots","no"
NA,"World",NA,NA,"Stimulant, spice and aromatic crops","Gross Production Value (constant 2014-2016 thousand I$)","1000 Int$",2020,21714,"Chicory roots","no"
NA,"World",NA,NA,"Stimulant, spice and aromatic crops","Gross Production Value (constant 2014-2016 thousand I$)","1000 Int$",2021,22719,"Chicory roots","no"
NA,"World",NA,NA,"Stimulant, spice and aromatic crops","Gross Production Value (constant 2014-2016 thousand I$)","1000 Int$",2022,22942,"Chicory roots","no"
NA,"World",NA,NA,"Stimulant, spice and aromatic crops","Gross Production Value (constant 2014-2016 thousand I$)","1000 Int$",2023,17409,"Chicory roots","no"
NA,"World",NA,NA,"Stimulant, spice and aromatic crops","Gross Production Value (constant 2014-2016 thousand US$)","1000 USD",1992,203146,"Chicory roots","no"
NA,"World",NA,NA,"Stimulant, spice and aromatic crops","Gross Production Value (constant 2014-2016 thousand US$)","1000 USD",1993,204741,"Chicory roots","no"
NA,"World",NA,NA,"Stimulant, spice and aromatic crops","Gross Production Value (constant 2014-2016 thousand US$)","1000 USD",1994,200425,"Chicory roots","no"
NA,"World",NA,NA,"Stimulant, spice and aromatic crops","Gross Production Value (constant 2014-2016 thousand US$)","1000 USD",1995,278735,"Chicory roots","no"
NA,"World",NA,NA,"Stimulant, spice and aromatic crops","Gross Production Value (constant 2014-2016 thousand US$)","1000 USD",1996,245191,"Chicory roots","no"
NA,"World",NA,NA,"Stimulant, spice and aromatic crops","Gross Production Value (constant 2014-2016 thousand US$)","1000 USD",1997,174958,"Chicory roots","no"
NA,"World",NA,NA,"Stimulant, spice and aromatic crops","Gross Production Value (constant 2014-2016 thousand US$)","1000 USD",1998,199635,"Chicory roots","no"
NA,"World",NA,NA,"Stimulant, spice and aromatic crops","Gross Production Value (constant 2014-2016 thousand US$)","1000 USD",1999,239389,"Chicory roots","no"
NA,"World",NA,NA,"Stimulant, spice and aromatic crops","Gross Production Value (constant 2014-2016 thousand US$)","1000 USD",2000,712283,"Chicory roots","no"
NA,"World",NA,NA,"Stimulant, spice and aromatic crops","Gross Production Value (constant 2014-2016 thousand US$)","1000 USD",2001,565144,"Chicory roots","no"
NA,"World",NA,NA,"Stimulant, spice and aromatic crops","Gross Production Value (constant 2014-2016 thousand US$)","1000 USD",2002,562174,"Chicory roots","no"
NA,"World",NA,NA,"Stimulant, spice and aromatic crops","Gross Production Value (constant 2014-2016 thousand US$)","1000 USD",2003,624420,"Chicory roots","no"
NA,"World",NA,NA,"Stimulant, spice and aromatic crops","Gross Production Value (constant 2014-2016 thousand US$)","1000 USD",2004,630771,"Chicory roots","no"
NA,"World",NA,NA,"Stimulant, spice and aromatic crops","Gross Production Value (constant 2014-2016 thousand US$)","1000 USD",2005,578554,"Chicory roots","no"
NA,"World",NA,NA,"Stimulant, spice and aromatic crops","Gross Production Value (constant 2014-2016 thousand US$)","1000 USD",2006,458366,"Chicory roots","no"
NA,"World",NA,NA,"Stimulant, spice and aromatic crops","Gross Production Value (constant 2014-2016 thousand US$)","1000 USD",2007,436036,"Chicory roots","no"
NA,"World",NA,NA,"Stimulant, spice and aromatic crops","Gross Production Value (constant 2014-2016 thousand US$)","1000 USD",2008,464935,"Chicory roots","no"
NA,"World",NA,NA,"Stimulant, spice and aromatic crops","Gross Production Value (constant 2014-2016 thousand US$)","1000 USD",2009,540193,"Chicory roots","no"
NA,"World",NA,NA,"Stimulant, spice and aromatic crops","Gross Production Value (constant 2014-2016 thousand US$)","1000 USD",2010,426558,"Chicory roots","no"
NA,"World",NA,NA,"Stimulant, spice and aromatic crops","Gross Production Value (constant 2014-2016 thousand US$)","1000 USD",2011,389757,"Chicory roots","no"
NA,"World",NA,NA,"Stimulant, spice and aromatic crops","Gross Production Value (constant 2014-2016 thousand US$)","1000 USD",2012,335797,"Chicory roots","no"
NA,"World",NA,NA,"Stimulant, spice and aromatic crops","Gross Production Value (constant 2014-2016 thousand US$)","1000 USD",2013,325950,"Chicory roots","no"
NA,"World",NA,NA,"Stimulant, spice and aromatic crops","Gross Production Value (constant 2014-2016 thousand US$)","1000 USD",2014,328977,"Chicory roots","no"
NA,"World",NA,NA,"Stimulant, spice and aromatic crops","Gross Production Value (constant 2014-2016 thousand US$)","1000 USD",2015,317072,"Chicory roots","no"
NA,"World",NA,NA,"Stimulant, spice and aromatic crops","Gross Production Value (constant 2014-2016 thousand US$)","1000 USD",2016,298021,"Chicory roots","no"
NA,"World",NA,NA,"Stimulant, spice and aromatic crops","Gross Production Value (constant 2014-2016 thousand US$)","1000 USD",2017,317797,"Chicory roots","no"
NA,"World",NA,NA,"Stimulant, spice and aromatic crops","Gross Production Value (constant 2014-2016 thousand US$)","1000 USD",2018,7277,"Chicory roots","no"
NA,"World",NA,NA,"Stimulant, spice and aromatic crops","Gross Production Value (constant 2014-2016 thousand US$)","1000 USD",2019,7351,"Chicory roots","no"
NA,"World",NA,NA,"Stimulant, spice and aromatic crops","Gross Production Value (constant 2014-2016 thousand US$)","1000 USD",2020,6993,"Chicory roots","no"
NA,"World",NA,NA,"Stimulant, spice and aromatic crops","Gross Production Value (constant 2014-2016 thousand US$)","1000 USD",2021,7182,"Chicory roots","no"
NA,"World",NA,NA,"Stimulant, spice and aromatic crops","Gross Production Value (constant 2014-2016 thousand US$)","1000 USD",2022,7217,"Chicory roots","no"
NA,"World",NA,NA,"Stimulant, spice and aromatic crops","Gross Production Value (constant 2014-2016 thousand US$)","1000 USD",2023,6340,"Chicory roots","no"
NA,"World",NA,NA,"Stimulant, spice and aromatic crops","Gross Production Value (constant 2014-2016 thousand I$)","1000 Int$",1992,2752535,"Chillies and peppers","no"
NA,"World",NA,NA,"Stimulant, spice and aromatic crops","Gross Production Value (constant 2014-2016 thousand I$)","1000 Int$",1993,2742825,"Chillies and peppers","no"
NA,"World",NA,NA,"Stimulant, spice and aromatic crops","Gross Production Value (constant 2014-2016 thousand I$)","1000 Int$",1994,2589587,"Chillies and peppers","no"
NA,"World",NA,NA,"Stimulant, spice and aromatic crops","Gross Production Value (constant 2014-2016 thousand I$)","1000 Int$",1995,2710346,"Chillies and peppers","no"
NA,"World",NA,NA,"Stimulant, spice and aromatic crops","Gross Production Value (constant 2014-2016 thousand I$)","1000 Int$",1996,3185327,"Chillies and peppers","no"
NA,"World",NA,NA,"Stimulant, spice and aromatic crops","Gross Production Value (constant 2014-2016 thousand I$)","1000 Int$",1997,2988418,"Chillies and peppers","no"
NA,"World",NA,NA,"Stimulant, spice and aromatic crops","Gross Production Value (constant 2014-2016 thousand I$)","1000 Int$",1998,3271426,"Chillies and peppers","no"
NA,"World",NA,NA,"Stimulant, spice and aromatic crops","Gross Production Value (constant 2014-2016 thousand I$)","1000 Int$",1999,3438678,"Chillies and peppers","no"
NA,"World",NA,NA,"Stimulant, spice and aromatic crops","Gross Production Value (constant 2014-2016 thousand I$)","1000 Int$",2000,3575923,"Chillies and peppers","no"
NA,"World",NA,NA,"Stimulant, spice and aromatic crops","Gross Production Value (constant 2014-2016 thousand I$)","1000 Int$",2001,3587440,"Chillies and peppers","no"
NA,"World",NA,NA,"Stimulant, spice and aromatic crops","Gross Production Value (constant 2014-2016 thousand I$)","1000 Int$",2002,3414279,"Chillies and peppers","no"
NA,"World",NA,NA,"Stimulant, spice and aromatic crops","Gross Production Value (constant 2014-2016 thousand I$)","1000 Int$",2003,3944766,"Chillies and peppers","no"
NA,"World",NA,NA,"Stimulant, spice and aromatic crops","Gross Production Value (constant 2014-2016 thousand I$)","1000 Int$",2004,3975161,"Chillies and peppers","no"
NA,"World",NA,NA,"Stimulant, spice and aromatic crops","Gross Production Value (constant 2014-2016 thousand I$)","1000 Int$",2005,3945309,"Chillies and peppers","no"
NA,"World",NA,NA,"Stimulant, spice and aromatic crops","Gross Production Value (constant 2014-2016 thousand I$)","1000 Int$",2006,4122711,"Chillies and peppers","no"
NA,"World",NA,NA,"Stimulant, spice and aromatic crops","Gross Production Value (constant 2014-2016 thousand I$)","1000 Int$",2007,4306060,"Chillies and peppers","no"
NA,"World",NA,NA,"Stimulant, spice and aromatic crops","Gross Production Value (constant 2014-2016 thousand I$)","1000 Int$",2008,4435734,"Chillies and peppers","no"
NA,"World",NA,NA,"Stimulant, spice and aromatic crops","Gross Production Value (constant 2014-2016 thousand I$)","1000 Int$",2009,4408895,"Chillies and peppers","no"
NA,"World",NA,NA,"Stimulant, spice and aromatic crops","Gross Production Value (constant 2014-2016 thousand I$)","1000 Int$",2010,4465777,"Chillies and peppers","no"
NA,"World",NA,NA,"Stimulant, spice and aromatic crops","Gross Production Value (constant 2014-2016 thousand I$)","1000 Int$",2011,4609893,"Chillies and peppers","no"
NA,"World",NA,NA,"Stimulant, spice and aromatic crops","Gross Production Value (constant 2014-2016 thousand I$)","1000 Int$",2012,4885272,"Chillies and peppers","no"
NA,"World",NA,NA,"Stimulant, spice and aromatic crops","Gross Production Value (constant 2014-2016 thousand I$)","1000 Int$",2013,5186450,"Chillies and peppers","no"
NA,"World",NA,NA,"Stimulant, spice and aromatic crops","Gross Production Value (constant 2014-2016 thousand I$)","1000 Int$",2014,5371581,"Chillies and peppers","no"
NA,"World",NA,NA,"Stimulant, spice and aromatic crops","Gross Production Value (constant 2014-2016 thousand I$)","1000 Int$",2015,5822718,"Chillies and peppers","no"
NA,"World",NA,NA,"Stimulant, spice and aromatic crops","Gross Production Value (constant 2014-2016 thousand I$)","1000 Int$",2016,5730282,"Chillies and peppers","no"
NA,"World",NA,NA,"Stimulant, spice and aromatic crops","Gross Production Value (constant 2014-2016 thousand I$)","1000 Int$",2017,6531023,"Chillies and peppers","no"
NA,"World",NA,NA,"Stimulant, spice and aromatic crops","Gross Production Value (constant 2014-2016 thousand I$)","1000 Int$",2018,6678145,"Chillies and peppers","no"
NA,"World",NA,NA,"Stimulant, spice and aromatic crops","Gross Production Value (constant 2014-2016 thousand I$)","1000 Int$",2019,6075866,"Chillies and peppers","no"
NA,"World",NA,NA,"Stimulant, spice and aromatic crops","Gross Production Value (constant 2014-2016 thousand I$)","1000 Int$",2020,6307892,"Chillies and peppers","no"
NA,"World",NA,NA,"Stimulant, spice and aromatic crops","Gross Production Value (constant 2014-2016 thousand I$)","1000 Int$",2021,7046764,"Chillies and peppers","no"
NA,"World",NA,NA,"Stimulant, spice and aromatic crops","Gross Production Value (constant 2014-2016 thousand I$)","1000 Int$",2022,7011061,"Chillies and peppers","no"
NA,"World",NA,NA,"Stimulant, spice and aromatic crops","Gross Production Value (constant 2014-2016 thousand I$)","1000 Int$",2023,8451787,"Chillies and peppers","no"
NA,"World",NA,NA,"Stimulant, spice and aromatic crops","Gross Production Value (constant 2014-2016 thousand US$)","1000 USD",1992,2303820,"Chillies and peppers","no"
NA,"World",NA,NA,"Stimulant, spice and aromatic crops","Gross Production Value (constant 2014-2016 thousand US$)","1000 USD",1993,2498058,"Chillies and peppers","no"
NA,"World",NA,NA,"Stimulant, spice and aromatic crops","Gross Production Value (constant 2014-2016 thousand US$)","1000 USD",1994,2332872,"Chillies and peppers","no"
NA,"World",NA,NA,"Stimulant, spice and aromatic crops","Gross Production Value (constant 2014-2016 thousand US$)","1000 USD",1995,2497623,"Chillies and peppers","no"
NA,"World",NA,NA,"Stimulant, spice and aromatic crops","Gross Production Value (constant 2014-2016 thousand US$)","1000 USD",1996,2988689,"Chillies and peppers","no"
NA,"World",NA,NA,"Stimulant, spice and aromatic crops","Gross Production Value (constant 2014-2016 thousand US$)","1000 USD",1997,2756321,"Chillies and peppers","no"
NA,"World",NA,NA,"Stimulant, spice and aromatic crops","Gross Production Value (constant 2014-2016 thousand US$)","1000 USD",1998,3030313,"Chillies and peppers","no"
NA,"World",NA,NA,"Stimulant, spice and aromatic crops","Gross Production Value (constant 2014-2016 thousand US$)","1000 USD",1999,3270230,"Chillies and peppers","no"
NA,"World",NA,NA,"Stimulant, spice and aromatic crops","Gross Production Value (constant 2014-2016 thousand US$)","1000 USD",2000,3553020,"Chillies and peppers","no"
NA,"World",NA,NA,"Stimulant, spice and aromatic crops","Gross Production Value (constant 2014-2016 thousand US$)","1000 USD",2001,3287242,"Chillies and peppers","no"
NA,"World",NA,NA,"Stimulant, spice and aromatic crops","Gross Production Value (constant 2014-2016 thousand US$)","1000 USD",2002,3129201,"Chillies and peppers","no"
NA,"World",NA,NA,"Stimulant, spice and aromatic crops","Gross Production Value (constant 2014-2016 thousand US$)","1000 USD",2003,3676234,"Chillies and peppers","no"
NA,"World",NA,NA,"Stimulant, spice and aromatic crops","Gross Production Value (constant 2014-2016 thousand US$)","1000 USD",2004,3688047,"Chillies and peppers","no"
NA,"World",NA,NA,"Stimulant, spice and aromatic crops","Gross Production Value (constant 2014-2016 thousand US$)","1000 USD",2005,3763225,"Chillies and peppers","no"
NA,"World",NA,NA,"Stimulant, spice and aromatic crops","Gross Production Value (constant 2014-2016 thousand US$)","1000 USD",2006,3886523,"Chillies and peppers","no"
NA,"World",NA,NA,"Stimulant, spice and aromatic crops","Gross Production Value (constant 2014-2016 thousand US$)","1000 USD",2007,4133290,"Chillies and peppers","no"
NA,"World",NA,NA,"Stimulant, spice and aromatic crops","Gross Production Value (constant 2014-2016 thousand US$)","1000 USD",2008,4366018,"Chillies and peppers","no"
NA,"World",NA,NA,"Stimulant, spice and aromatic crops","Gross Production Value (constant 2014-2016 thousand US$)","1000 USD",2009,4340288,"Chillies and peppers","no"
NA,"World",NA,NA,"Stimulant, spice and aromatic crops","Gross Production Value (constant 2014-2016 thousand US$)","1000 USD",2010,4331666,"Chillies and peppers","no"
NA,"World",NA,NA,"Stimulant, spice and aromatic crops","Gross Production Value (constant 2014-2016 thousand US$)","1000 USD",2011,4346525,"Chillies and peppers","no"
NA,"World",NA,NA,"Stimulant, spice and aromatic crops","Gross Production Value (constant 2014-2016 thousand US$)","1000 USD",2012,4727934,"Chillies and peppers","no"
NA,"World",NA,NA,"Stimulant, spice and aromatic crops","Gross Production Value (constant 2014-2016 thousand US$)","1000 USD",2013,4995560,"Chillies and peppers","no"
NA,"World",NA,NA,"Stimulant, spice and aromatic crops","Gross Production Value (constant 2014-2016 thousand US$)","1000 USD",2014,5184286,"Chillies and peppers","no"
NA,"World",NA,NA,"Stimulant, spice and aromatic crops","Gross Production Value (constant 2014-2016 thousand US$)","1000 USD",2015,5550651,"Chillies and peppers","no"
NA,"World",NA,NA,"Stimulant, spice and aromatic crops","Gross Production Value (constant 2014-2016 thousand US$)","1000 USD",2016,5370115,"Chillies and peppers","no"
NA,"World",NA,NA,"Stimulant, spice and aromatic crops","Gross Production Value (constant 2014-2016 thousand US$)","1000 USD",2017,6267740,"Chillies and peppers","no"
NA,"World",NA,NA,"Stimulant, spice and aromatic crops","Gross Production Value (constant 2014-2016 thousand US$)","1000 USD",2018,6338174,"Chillies and peppers","no"
NA,"World",NA,NA,"Stimulant, spice and aromatic crops","Gross Production Value (constant 2014-2016 thousand US$)","1000 USD",2019,5623911,"Chillies and peppers","no"
NA,"World",NA,NA,"Stimulant, spice and aromatic crops","Gross Production Value (constant 2014-2016 thousand US$)","1000 USD",2020,5937106,"Chillies and peppers","no"
NA,"World",NA,NA,"Stimulant, spice and aromatic crops","Gross Production Value (constant 2014-2016 thousand US$)","1000 USD",2021,6737529,"Chillies and peppers","no"
NA,"World",NA,NA,"Stimulant, spice and aromatic crops","Gross Production Value (constant 2014-2016 thousand US$)","1000 USD",2022,6813631,"Chillies and peppers","no"
NA,"World",NA,NA,"Stimulant, spice and aromatic crops","Gross Production Value (constant 2014-2016 thousand US$)","1000 USD",2023,8175203,"Chillies and peppers","no"
NA,"World",NA,NA,"Vegetables","Gross Production Value (constant 2014-2016 thousand I$)","1000 Int$",1992,7239909,"Chillies and peppers","no"
NA,"World",NA,NA,"Vegetables","Gross Production Value (constant 2014-2016 thousand I$)","1000 Int$",1993,8007465,"Chillies and peppers","no"
NA,"World",NA,NA,"Vegetables","Gross Production Value (constant 2014-2016 thousand I$)","1000 Int$",1994,8549084,"Chillies and peppers","no"
NA,"World",NA,NA,"Vegetables","Gross Production Value (constant 2014-2016 thousand I$)","1000 Int$",1995,9244056,"Chillies and peppers","no"
NA,"World",NA,NA,"Vegetables","Gross Production Value (constant 2014-2016 thousand I$)","1000 Int$",1996,10863075,"Chillies and peppers","no"
NA,"World",NA,NA,"Vegetables","Gross Production Value (constant 2014-2016 thousand I$)","1000 Int$",1997,11487337,"Chillies and peppers","no"
NA,"World",NA,NA,"Vegetables","Gross Production Value (constant 2014-2016 thousand I$)","1000 Int$",1998,12426812,"Chillies and peppers","no"
NA,"World",NA,NA,"Vegetables","Gross Production Value (constant 2014-2016 thousand I$)","1000 Int$",1999,13051970,"Chillies and peppers","no"
NA,"World",NA,NA,"Vegetables","Gross Production Value (constant 2014-2016 thousand I$)","1000 Int$",2000,14009919,"Chillies and peppers","no"
NA,"World",NA,NA,"Vegetables","Gross Production Value (constant 2014-2016 thousand I$)","1000 Int$",2001,14381314,"Chillies and peppers","no"
NA,"World",NA,NA,"Vegetables","Gross Production Value (constant 2014-2016 thousand I$)","1000 Int$",2002,15131879,"Chillies and peppers","no"
NA,"World",NA,NA,"Vegetables","Gross Production Value (constant 2014-2016 thousand I$)","1000 Int$",2003,16334610,"Chillies and peppers","no"
NA,"World",NA,NA,"Vegetables","Gross Production Value (constant 2014-2016 thousand I$)","1000 Int$",2004,16531450,"Chillies and peppers","no"
NA,"World",NA,NA,"Vegetables","Gross Production Value (constant 2014-2016 thousand I$)","1000 Int$",2005,17028561,"Chillies and peppers","no"
NA,"World",NA,NA,"Vegetables","Gross Production Value (constant 2014-2016 thousand I$)","1000 Int$",2006,17929647,"Chillies and peppers","no"
NA,"World",NA,NA,"Vegetables","Gross Production Value (constant 2014-2016 thousand I$)","1000 Int$",2007,18417242,"Chillies and peppers","no"
NA,"World",NA,NA,"Vegetables","Gross Production Value (constant 2014-2016 thousand I$)","1000 Int$",2008,18879302,"Chillies and peppers","no"
NA,"World",NA,NA,"Vegetables","Gross Production Value (constant 2014-2016 thousand I$)","1000 Int$",2009,19311833,"Chillies and peppers","no"
NA,"World",NA,NA,"Vegetables","Gross Production Value (constant 2014-2016 thousand I$)","1000 Int$",2010,19942339,"Chillies and peppers","no"
NA,"World",NA,NA,"Vegetables","Gross Production Value (constant 2014-2016 thousand I$)","1000 Int$",2011,20328433,"Chillies and peppers","no"
NA,"World",NA,NA,"Vegetables","Gross Production Value (constant 2014-2016 thousand I$)","1000 Int$",2012,20810090,"Chillies and peppers","no"
NA,"World",NA,NA,"Vegetables","Gross Production Value (constant 2014-2016 thousand I$)","1000 Int$",2013,21004707,"Chillies and peppers","no"
NA,"World",NA,NA,"Vegetables","Gross Production Value (constant 2014-2016 thousand I$)","1000 Int$",2014,21780461,"Chillies and peppers","no"
NA,"World",NA,NA,"Vegetables","Gross Production Value (constant 2014-2016 thousand I$)","1000 Int$",2015,22411583,"Chillies and peppers","no"
NA,"World",NA,NA,"Vegetables","Gross Production Value (constant 2014-2016 thousand I$)","1000 Int$",2016,22495088,"Chillies and peppers","no"
NA,"World",NA,NA,"Vegetables","Gross Production Value (constant 2014-2016 thousand I$)","1000 Int$",2017,23571317,"Chillies and peppers","no"
NA,"World",NA,NA,"Vegetables","Gross Production Value (constant 2014-2016 thousand I$)","1000 Int$",2018,24101257,"Chillies and peppers","no"
NA,"World",NA,NA,"Vegetables","Gross Production Value (constant 2014-2016 thousand I$)","1000 Int$",2019,24180947,"Chillies and peppers","no"
NA,"World",NA,NA,"Vegetables","Gross Production Value (constant 2014-2016 thousand I$)","1000 Int$",2020,24255046,"Chillies and peppers","no"
NA,"World",NA,NA,"Vegetables","Gross Production Value (constant 2014-2016 thousand I$)","1000 Int$",2021,24551032,"Chillies and peppers","no"
NA,"World",NA,NA,"Vegetables","Gross Production Value (constant 2014-2016 thousand I$)","1000 Int$",2022,24960129,"Chillies and peppers","no"
NA,"World",NA,NA,"Vegetables","Gross Production Value (constant 2014-2016 thousand I$)","1000 Int$",2023,25607846,"Chillies and peppers","no"
NA,"World",NA,NA,"Vegetables","Gross Production Value (constant 2014-2016 thousand US$)","1000 USD",1992,14888830,"Chillies and peppers","no"
NA,"World",NA,NA,"Vegetables","Gross Production Value (constant 2014-2016 thousand US$)","1000 USD",1993,16238934,"Chillies and peppers","no"
NA,"World",NA,NA,"Vegetables","Gross Production Value (constant 2014-2016 thousand US$)","1000 USD",1994,17369226,"Chillies and peppers","no"
NA,"World",NA,NA,"Vegetables","Gross Production Value (constant 2014-2016 thousand US$)","1000 USD",1995,18986794,"Chillies and peppers","no"
NA,"World",NA,NA,"Vegetables","Gross Production Value (constant 2014-2016 thousand US$)","1000 USD",1996,21863885,"Chillies and peppers","no"
NA,"World",NA,NA,"Vegetables","Gross Production Value (constant 2014-2016 thousand US$)","1000 USD",1997,21715497,"Chillies and peppers","no"
NA,"World",NA,NA,"Vegetables","Gross Production Value (constant 2014-2016 thousand US$)","1000 USD",1998,21570271,"Chillies and peppers","no"
NA,"World",NA,NA,"Vegetables","Gross Production Value (constant 2014-2016 thousand US$)","1000 USD",1999,26585899,"Chillies and peppers","no"
NA,"World",NA,NA,"Vegetables","Gross Production Value (constant 2014-2016 thousand US$)","1000 USD",2000,25881023,"Chillies and peppers","no"
NA,"World",NA,NA,"Vegetables","Gross Production Value (constant 2014-2016 thousand US$)","1000 USD",2001,26539763,"Chillies and peppers","no"
NA,"World",NA,NA,"Vegetables","Gross Production Value (constant 2014-2016 thousand US$)","1000 USD",2002,26466244,"Chillies and peppers","no"
NA,"World",NA,NA,"Vegetables","Gross Production Value (constant 2014-2016 thousand US$)","1000 USD",2003,27421999,"Chillies and peppers","no"
NA,"World",NA,NA,"Vegetables","Gross Production Value (constant 2014-2016 thousand US$)","1000 USD",2004,29407482,"Chillies and peppers","no"
NA,"World",NA,NA,"Vegetables","Gross Production Value (constant 2014-2016 thousand US$)","1000 USD",2005,29339601,"Chillies and peppers","no"
NA,"World",NA,NA,"Vegetables","Gross Production Value (constant 2014-2016 thousand US$)","1000 USD",2006,29262085,"Chillies and peppers","no"
NA,"World",NA,NA,"Vegetables","Gross Production Value (constant 2014-2016 thousand US$)","1000 USD",2007,31198342,"Chillies and peppers","no"
NA,"World",NA,NA,"Vegetables","Gross Production Value (constant 2014-2016 thousand US$)","1000 USD",2008,30860293,"Chillies and peppers","no"
NA,"World",NA,NA,"Vegetables","Gross Production Value (constant 2014-2016 thousand US$)","1000 USD",2009,30696958,"Chillies and peppers","no"
NA,"World",NA,NA,"Vegetables","Gross Production Value (constant 2014-2016 thousand US$)","1000 USD",2010,30126923,"Chillies and peppers","no"
NA,"World",NA,NA,"Vegetables","Gross Production Value (constant 2014-2016 thousand US$)","1000 USD",2011,29695450,"Chillies and peppers","no"
NA,"World",NA,NA,"Vegetables","Gross Production Value (constant 2014-2016 thousand US$)","1000 USD",2012,31535292,"Chillies and peppers","no"
NA,"World",NA,NA,"Vegetables","Gross Production Value (constant 2014-2016 thousand US$)","1000 USD",2013,31640987,"Chillies and peppers","no"
NA,"World",NA,NA,"Vegetables","Gross Production Value (constant 2014-2016 thousand US$)","1000 USD",2014,32191167,"Chillies and peppers","no"
NA,"World",NA,NA,"Vegetables","Gross Production Value (constant 2014-2016 thousand US$)","1000 USD",2015,32755870,"Chillies and peppers","no"
NA,"World",NA,NA,"Vegetables","Gross Production Value (constant 2014-2016 thousand US$)","1000 USD",2016,32427594,"Chillies and peppers","no"
NA,"World",NA,NA,"Vegetables","Gross Production Value (constant 2014-2016 thousand US$)","1000 USD",2017,33481539,"Chillies and peppers","no"
NA,"World",NA,NA,"Vegetables","Gross Production Value (constant 2014-2016 thousand US$)","1000 USD",2018,34875016,"Chillies and peppers","no"
NA,"World",NA,NA,"Vegetables","Gross Production Value (constant 2014-2016 thousand US$)","1000 USD",2019,34882446,"Chillies and peppers","no"
NA,"World",NA,NA,"Vegetables","Gross Production Value (constant 2014-2016 thousand US$)","1000 USD",2020,34901416,"Chillies and peppers","no"
NA,"World",NA,NA,"Vegetables","Gross Production Value (constant 2014-2016 thousand US$)","1000 USD",2021,35639258,"Chillies and peppers","no"
NA,"World",NA,NA,"Vegetables","Gross Production Value (constant 2014-2016 thousand US$)","1000 USD",2022,34920019,"Chillies and peppers","no"
NA,"World",NA,NA,"Vegetables","Gross Production Value (constant 2014-2016 thousand US$)","1000 USD",2023,35273435,"Chillies and peppers","no"
NA,"World",NA,NA,"Stimulant, spice and aromatic crops","Gross Production Value (constant 2014-2016 thousand I$)","1000 Int$",1992,184856,"Cinnamon and cinnamon-tree flowers","no"
NA,"World",NA,NA,"Stimulant, spice and aromatic crops","Gross Production Value (constant 2014-2016 thousand I$)","1000 Int$",1993,200526,"Cinnamon and cinnamon-tree flowers","no"
NA,"World",NA,NA,"Stimulant, spice and aromatic crops","Gross Production Value (constant 2014-2016 thousand I$)","1000 Int$",1994,201414,"Cinnamon and cinnamon-tree flowers","no"
NA,"World",NA,NA,"Stimulant, spice and aromatic crops","Gross Production Value (constant 2014-2016 thousand I$)","1000 Int$",1995,221387,"Cinnamon and cinnamon-tree flowers","no"
NA,"World",NA,NA,"Stimulant, spice and aromatic crops","Gross Production Value (constant 2014-2016 thousand I$)","1000 Int$",1996,233695,"Cinnamon and cinnamon-tree flowers","no"
NA,"World",NA,NA,"Stimulant, spice and aromatic crops","Gross Production Value (constant 2014-2016 thousand I$)","1000 Int$",1997,232675,"Cinnamon and cinnamon-tree flowers","no"
NA,"World",NA,NA,"Stimulant, spice and aromatic crops","Gross Production Value (constant 2014-2016 thousand I$)","1000 Int$",1998,246933,"Cinnamon and cinnamon-tree flowers","no"
NA,"World",NA,NA,"Stimulant, spice and aromatic crops","Gross Production Value (constant 2014-2016 thousand I$)","1000 Int$",1999,251066,"Cinnamon and cinnamon-tree flowers","no"
NA,"World",NA,NA,"Stimulant, spice and aromatic crops","Gross Production Value (constant 2014-2016 thousand I$)","1000 Int$",2000,276299,"Cinnamon and cinnamon-tree flowers","no"
NA,"World",NA,NA,"Stimulant, spice and aromatic crops","Gross Production Value (constant 2014-2016 thousand I$)","1000 Int$",2001,272850,"Cinnamon and cinnamon-tree flowers","no"
NA,"World",NA,NA,"Stimulant, spice and aromatic crops","Gross Production Value (constant 2014-2016 thousand I$)","1000 Int$",2002,301892,"Cinnamon and cinnamon-tree flowers","no"
NA,"World",NA,NA,"Stimulant, spice and aromatic crops","Gross Production Value (constant 2014-2016 thousand I$)","1000 Int$",2003,361684,"Cinnamon and cinnamon-tree flowers","no"
NA,"World",NA,NA,"Stimulant, spice and aromatic crops","Gross Production Value (constant 2014-2016 thousand I$)","1000 Int$",2004,468882,"Cinnamon and cinnamon-tree flowers","no"
NA,"World",NA,NA,"Stimulant, spice and aromatic crops","Gross Production Value (constant 2014-2016 thousand I$)","1000 Int$",2005,478135,"Cinnamon and cinnamon-tree flowers","no"
NA,"World",NA,NA,"Stimulant, spice and aromatic crops","Gross Production Value (constant 2014-2016 thousand I$)","1000 Int$",2006,501230,"Cinnamon and cinnamon-tree flowers","no"
NA,"World",NA,NA,"Stimulant, spice and aromatic crops","Gross Production Value (constant 2014-2016 thousand I$)","1000 Int$",2007,517938,"Cinnamon and cinnamon-tree flowers","no"
NA,"World",NA,NA,"Stimulant, spice and aromatic crops","Gross Production Value (constant 2014-2016 thousand I$)","1000 Int$",2008,522902,"Cinnamon and cinnamon-tree flowers","no"
NA,"World",NA,NA,"Stimulant, spice and aromatic crops","Gross Production Value (constant 2014-2016 thousand I$)","1000 Int$",2009,547312,"Cinnamon and cinnamon-tree flowers","no"
NA,"World",NA,NA,"Stimulant, spice and aromatic crops","Gross Production Value (constant 2014-2016 thousand I$)","1000 Int$",2010,519710,"Cinnamon and cinnamon-tree flowers","no"
NA,"World",NA,NA,"Stimulant, spice and aromatic crops","Gross Production Value (constant 2014-2016 thousand I$)","1000 Int$",2011,541401,"Cinnamon and cinnamon-tree flowers","no"
NA,"World",NA,NA,"Stimulant, spice and aromatic crops","Gross Production Value (constant 2014-2016 thousand I$)","1000 Int$",2012,555547,"Cinnamon and cinnamon-tree flowers","no"
NA,"World",NA,NA,"Stimulant, spice and aromatic crops","Gross Production Value (constant 2014-2016 thousand I$)","1000 Int$",2013,568435,"Cinnamon and cinnamon-tree flowers","no"
NA,"World",NA,NA,"Stimulant, spice and aromatic crops","Gross Production Value (constant 2014-2016 thousand I$)","1000 Int$",2014,579871,"Cinnamon and cinnamon-tree flowers","no"
NA,"World",NA,NA,"Stimulant, spice and aromatic crops","Gross Production Value (constant 2014-2016 thousand I$)","1000 Int$",2015,580926,"Cinnamon and cinnamon-tree flowers","no"
NA,"World",NA,NA,"Stimulant, spice and aromatic crops","Gross Production Value (constant 2014-2016 thousand I$)","1000 Int$",2016,572704,"Cinnamon and cinnamon-tree flowers","no"
NA,"World",NA,NA,"Stimulant, spice and aromatic crops","Gross Production Value (constant 2014-2016 thousand I$)","1000 Int$",2017,575922,"Cinnamon and cinnamon-tree flowers","no"
NA,"World",NA,NA,"Stimulant, spice and aromatic crops","Gross Production Value (constant 2014-2016 thousand I$)","1000 Int$",2018,604870,"Cinnamon and cinnamon-tree flowers","no"
NA,"World",NA,NA,"Stimulant, spice and aromatic crops","Gross Production Value (constant 2014-2016 thousand I$)","1000 Int$",2019,607595,"Cinnamon and cinnamon-tree flowers","no"
NA,"World",NA,NA,"Stimulant, spice and aromatic crops","Gross Production Value (constant 2014-2016 thousand I$)","1000 Int$",2020,575408,"Cinnamon and cinnamon-tree flowers","no"
NA,"World",NA,NA,"Stimulant, spice and aromatic crops","Gross Production Value (constant 2014-2016 thousand I$)","1000 Int$",2021,661176,"Cinnamon and cinnamon-tree flowers","no"
NA,"World",NA,NA,"Stimulant, spice and aromatic crops","Gross Production Value (constant 2014-2016 thousand I$)","1000 Int$",2022,646091,"Cinnamon and cinnamon-tree flowers","no"
NA,"World",NA,NA,"Stimulant, spice and aromatic crops","Gross Production Value (constant 2014-2016 thousand I$)","1000 Int$",2023,649191,"Cinnamon and cinnamon-tree flowers","no"
NA,"World",NA,NA,"Stimulant, spice and aromatic crops","Gross Production Value (constant 2014-2016 thousand US$)","1000 USD",1992,281860,"Cinnamon and cinnamon-tree flowers","no"
NA,"World",NA,NA,"Stimulant, spice and aromatic crops","Gross Production Value (constant 2014-2016 thousand US$)","1000 USD",1993,307167,"Cinnamon and cinnamon-tree flowers","no"
NA,"World",NA,NA,"Stimulant, spice and aromatic crops","Gross Production Value (constant 2014-2016 thousand US$)","1000 USD",1994,299891,"Cinnamon and cinnamon-tree flowers","no"
NA,"World",NA,NA,"Stimulant, spice and aromatic crops","Gross Production Value (constant 2014-2016 thousand US$)","1000 USD",1995,319388,"Cinnamon and cinnamon-tree flowers","no"
NA,"World",NA,NA,"Stimulant, spice and aromatic crops","Gross Production Value (constant 2014-2016 thousand US$)","1000 USD",1996,330904,"Cinnamon and cinnamon-tree flowers","no"
NA,"World",NA,NA,"Stimulant, spice and aromatic crops","Gross Production Value (constant 2014-2016 thousand US$)","1000 USD",1997,334778,"Cinnamon and cinnamon-tree flowers","no"
NA,"World",NA,NA,"Stimulant, spice and aromatic crops","Gross Production Value (constant 2014-2016 thousand US$)","1000 USD",1998,348397,"Cinnamon and cinnamon-tree flowers","no"
NA,"World",NA,NA,"Stimulant, spice and aromatic crops","Gross Production Value (constant 2014-2016 thousand US$)","1000 USD",1999,354601,"Cinnamon and cinnamon-tree flowers","no"
NA,"World",NA,NA,"Stimulant, spice and aromatic crops","Gross Production Value (constant 2014-2016 thousand US$)","1000 USD",2000,380262,"Cinnamon and cinnamon-tree flowers","no"
NA,"World",NA,NA,"Stimulant, spice and aromatic crops","Gross Production Value (constant 2014-2016 thousand US$)","1000 USD",2001,380471,"Cinnamon and cinnamon-tree flowers","no"
NA,"World",NA,NA,"Stimulant, spice and aromatic crops","Gross Production Value (constant 2014-2016 thousand US$)","1000 USD",2002,413351,"Cinnamon and cinnamon-tree flowers","no"
NA,"World",NA,NA,"Stimulant, spice and aromatic crops","Gross Production Value (constant 2014-2016 thousand US$)","1000 USD",2003,473040,"Cinnamon and cinnamon-tree flowers","no"
NA,"World",NA,NA,"Stimulant, spice and aromatic crops","Gross Production Value (constant 2014-2016 thousand US$)","1000 USD",2004,570598,"Cinnamon and cinnamon-tree flowers","no"
NA,"World",NA,NA,"Stimulant, spice and aromatic crops","Gross Production Value (constant 2014-2016 thousand US$)","1000 USD",2005,585973,"Cinnamon and cinnamon-tree flowers","no"
NA,"World",NA,NA,"Stimulant, spice and aromatic crops","Gross Production Value (constant 2014-2016 thousand US$)","1000 USD",2006,599991,"Cinnamon and cinnamon-tree flowers","no"
NA,"World",NA,NA,"Stimulant, spice and aromatic crops","Gross Production Value (constant 2014-2016 thousand US$)","1000 USD",2007,616039,"Cinnamon and cinnamon-tree flowers","no"
NA,"World",NA,NA,"Stimulant, spice and aromatic crops","Gross Production Value (constant 2014-2016 thousand US$)","1000 USD",2008,620104,"Cinnamon and cinnamon-tree flowers","no"
NA,"World",NA,NA,"Stimulant, spice and aromatic crops","Gross Production Value (constant 2014-2016 thousand US$)","1000 USD",2009,652916,"Cinnamon and cinnamon-tree flowers","no"
NA,"World",NA,NA,"Stimulant, spice and aromatic crops","Gross Production Value (constant 2014-2016 thousand US$)","1000 USD",2010,645395,"Cinnamon and cinnamon-tree flowers","no"
NA,"World",NA,NA,"Stimulant, spice and aromatic crops","Gross Production Value (constant 2014-2016 thousand US$)","1000 USD",2011,661760,"Cinnamon and cinnamon-tree flowers","no"
NA,"World",NA,NA,"Stimulant, spice and aromatic crops","Gross Production Value (constant 2014-2016 thousand US$)","1000 USD",2012,675865,"Cinnamon and cinnamon-tree flowers","no"
NA,"World",NA,NA,"Stimulant, spice and aromatic crops","Gross Production Value (constant 2014-2016 thousand US$)","1000 USD",2013,684165,"Cinnamon and cinnamon-tree flowers","no"
NA,"World",NA,NA,"Stimulant, spice and aromatic crops","Gross Production Value (constant 2014-2016 thousand US$)","1000 USD",2014,706325,"Cinnamon and cinnamon-tree flowers","no"
NA,"World",NA,NA,"Stimulant, spice and aromatic crops","Gross Production Value (constant 2014-2016 thousand US$)","1000 USD",2015,733079,"Cinnamon and cinnamon-tree flowers","no"
NA,"World",NA,NA,"Stimulant, spice and aromatic crops","Gross Production Value (constant 2014-2016 thousand US$)","1000 USD",2016,741798,"Cinnamon and cinnamon-tree flowers","no"
NA,"World",NA,NA,"Stimulant, spice and aromatic crops","Gross Production Value (constant 2014-2016 thousand US$)","1000 USD",2017,749578,"Cinnamon and cinnamon-tree flowers","no"
NA,"World",NA,NA,"Stimulant, spice and aromatic crops","Gross Production Value (constant 2014-2016 thousand US$)","1000 USD",2018,767297,"Cinnamon and cinnamon-tree flowers","no"
NA,"World",NA,NA,"Stimulant, spice and aromatic crops","Gross Production Value (constant 2014-2016 thousand US$)","1000 USD",2019,772042,"Cinnamon and cinnamon-tree flowers","no"
NA,"World",NA,NA,"Stimulant, spice and aromatic crops","Gross Production Value (constant 2014-2016 thousand US$)","1000 USD",2020,735736,"Cinnamon and cinnamon-tree flowers","no"
NA,"World",NA,NA,"Stimulant, spice and aromatic crops","Gross Production Value (constant 2014-2016 thousand US$)","1000 USD",2021,781517,"Cinnamon and cinnamon-tree flowers","no"
NA,"World",NA,NA,"Stimulant, spice and aromatic crops","Gross Production Value (constant 2014-2016 thousand US$)","1000 USD",2022,773288,"Cinnamon and cinnamon-tree flowers","no"
NA,"World",NA,NA,"Stimulant, spice and aromatic crops","Gross Production Value (constant 2014-2016 thousand US$)","1000 USD",2023,769305,"Cinnamon and cinnamon-tree flowers","no"
NA,"World",NA,NA,"Stimulant, spice and aromatic crops","Gross Production Value (constant 2014-2016 thousand I$)","1000 Int$",1992,97322,"Cloves","no"
NA,"World",NA,NA,"Stimulant, spice and aromatic crops","Gross Production Value (constant 2014-2016 thousand I$)","1000 Int$",1993,97161,"Cloves","no"
NA,"World",NA,NA,"Stimulant, spice and aromatic crops","Gross Production Value (constant 2014-2016 thousand I$)","1000 Int$",1994,110855,"Cloves","no"
NA,"World",NA,NA,"Stimulant, spice and aromatic crops","Gross Production Value (constant 2014-2016 thousand I$)","1000 Int$",1995,117557,"Cloves","no"
NA,"World",NA,NA,"Stimulant, spice and aromatic crops","Gross Production Value (constant 2014-2016 thousand I$)","1000 Int$",1996,95086,"Cloves","no"
NA,"World",NA,NA,"Stimulant, spice and aromatic crops","Gross Production Value (constant 2014-2016 thousand I$)","1000 Int$",1997,88620,"Cloves","no"
NA,"World",NA,NA,"Stimulant, spice and aromatic crops","Gross Production Value (constant 2014-2016 thousand I$)","1000 Int$",1998,100801,"Cloves","no"
NA,"World",NA,NA,"Stimulant, spice and aromatic crops","Gross Production Value (constant 2014-2016 thousand I$)","1000 Int$",1999,87230,"Cloves","no"
NA,"World",NA,NA,"Stimulant, spice and aromatic crops","Gross Production Value (constant 2014-2016 thousand I$)","1000 Int$",2000,93300,"Cloves","no"
NA,"World",NA,NA,"Stimulant, spice and aromatic crops","Gross Production Value (constant 2014-2016 thousand I$)","1000 Int$",2001,108336,"Cloves","no"
NA,"World",NA,NA,"Stimulant, spice and aromatic crops","Gross Production Value (constant 2014-2016 thousand I$)","1000 Int$",2002,116456,"Cloves","no"
NA,"World",NA,NA,"Stimulant, spice and aromatic crops","Gross Production Value (constant 2014-2016 thousand I$)","1000 Int$",2003,166000,"Cloves","no"
NA,"World",NA,NA,"Stimulant, spice and aromatic crops","Gross Production Value (constant 2014-2016 thousand I$)","1000 Int$",2004,119515,"Cloves","no"
NA,"World",NA,NA,"Stimulant, spice and aromatic crops","Gross Production Value (constant 2014-2016 thousand I$)","1000 Int$",2005,113930,"Cloves","no"
NA,"World",NA,NA,"Stimulant, spice and aromatic crops","Gross Production Value (constant 2014-2016 thousand I$)","1000 Int$",2006,96312,"Cloves","no"
NA,"World",NA,NA,"Stimulant, spice and aromatic crops","Gross Production Value (constant 2014-2016 thousand I$)","1000 Int$",2007,118526,"Cloves","no"
NA,"World",NA,NA,"Stimulant, spice and aromatic crops","Gross Production Value (constant 2014-2016 thousand I$)","1000 Int$",2008,108042,"Cloves","no"
NA,"World",NA,NA,"Stimulant, spice and aromatic crops","Gross Production Value (constant 2014-2016 thousand I$)","1000 Int$",2009,120904,"Cloves","no"
NA,"World",NA,NA,"Stimulant, spice and aromatic crops","Gross Production Value (constant 2014-2016 thousand I$)","1000 Int$",2010,138814,"Cloves","no"
NA,"World",NA,NA,"Stimulant, spice and aromatic crops","Gross Production Value (constant 2014-2016 thousand I$)","1000 Int$",2011,113170,"Cloves","no"
NA,"World",NA,NA,"Stimulant, spice and aromatic crops","Gross Production Value (constant 2014-2016 thousand I$)","1000 Int$",2012,143769,"Cloves","no"
NA,"World",NA,NA,"Stimulant, spice and aromatic crops","Gross Production Value (constant 2014-2016 thousand I$)","1000 Int$",2013,157788,"Cloves","no"
NA,"World",NA,NA,"Stimulant, spice and aromatic crops","Gross Production Value (constant 2014-2016 thousand I$)","1000 Int$",2014,179606,"Cloves","no"
NA,"World",NA,NA,"Stimulant, spice and aromatic crops","Gross Production Value (constant 2014-2016 thousand I$)","1000 Int$",2015,199812,"Cloves","no"
NA,"World",NA,NA,"Stimulant, spice and aromatic crops","Gross Production Value (constant 2014-2016 thousand I$)","1000 Int$",2016,205598,"Cloves","no"
NA,"World",NA,NA,"Stimulant, spice and aromatic crops","Gross Production Value (constant 2014-2016 thousand I$)","1000 Int$",2017,177773,"Cloves","no"
NA,"World",NA,NA,"Stimulant, spice and aromatic crops","Gross Production Value (constant 2014-2016 thousand I$)","1000 Int$",2018,195165,"Cloves","no"
NA,"World",NA,NA,"Stimulant, spice and aromatic crops","Gross Production Value (constant 2014-2016 thousand I$)","1000 Int$",2019,203270,"Cloves","no"
NA,"World",NA,NA,"Stimulant, spice and aromatic crops","Gross Production Value (constant 2014-2016 thousand I$)","1000 Int$",2020,212219,"Cloves","no"
NA,"World",NA,NA,"Stimulant, spice and aromatic crops","Gross Production Value (constant 2014-2016 thousand I$)","1000 Int$",2021,200473,"Cloves","no"
NA,"World",NA,NA,"Stimulant, spice and aromatic crops","Gross Production Value (constant 2014-2016 thousand I$)","1000 Int$",2022,202372,"Cloves","no"
NA,"World",NA,NA,"Stimulant, spice and aromatic crops","Gross Production Value (constant 2014-2016 thousand I$)","1000 Int$",2023,201374,"Cloves","no"
NA,"World",NA,NA,"Stimulant, spice and aromatic crops","Gross Production Value (constant 2014-2016 thousand US$)","1000 USD",1992,87550,"Cloves","no"
NA,"World",NA,NA,"Stimulant, spice and aromatic crops","Gross Production Value (constant 2014-2016 thousand US$)","1000 USD",1993,97973,"Cloves","no"
NA,"World",NA,NA,"Stimulant, spice and aromatic crops","Gross Production Value (constant 2014-2016 thousand US$)","1000 USD",1994,94512,"Cloves","no"
NA,"World",NA,NA,"Stimulant, spice and aromatic crops","Gross Production Value (constant 2014-2016 thousand US$)","1000 USD",1995,97842,"Cloves","no"
NA,"World",NA,NA,"Stimulant, spice and aromatic crops","Gross Production Value (constant 2014-2016 thousand US$)","1000 USD",1996,87333,"Cloves","no"
NA,"World",NA,NA,"Stimulant, spice and aromatic crops","Gross Production Value (constant 2014-2016 thousand US$)","1000 USD",1997,96895,"Cloves","no"
NA,"World",NA,NA,"Stimulant, spice and aromatic crops","Gross Production Value (constant 2014-2016 thousand US$)","1000 USD",1998,98320,"Cloves","no"
NA,"World",NA,NA,"Stimulant, spice and aromatic crops","Gross Production Value (constant 2014-2016 thousand US$)","1000 USD",1999,96228,"Cloves","no"
NA,"World",NA,NA,"Stimulant, spice and aromatic crops","Gross Production Value (constant 2014-2016 thousand US$)","1000 USD",2000,80808,"Cloves","no"
NA,"World",NA,NA,"Stimulant, spice and aromatic crops","Gross Production Value (constant 2014-2016 thousand US$)","1000 USD",2001,91606,"Cloves","no"
NA,"World",NA,NA,"Stimulant, spice and aromatic crops","Gross Production Value (constant 2014-2016 thousand US$)","1000 USD",2002,112938,"Cloves","no"
NA,"World",NA,NA,"Stimulant, spice and aromatic crops","Gross Production Value (constant 2014-2016 thousand US$)","1000 USD",2003,146860,"Cloves","no"
NA,"World",NA,NA,"Stimulant, spice and aromatic crops","Gross Production Value (constant 2014-2016 thousand US$)","1000 USD",2004,123490,"Cloves","no"
NA,"World",NA,NA,"Stimulant, spice and aromatic crops","Gross Production Value (constant 2014-2016 thousand US$)","1000 USD",2005,99753,"Cloves","no"
NA,"World",NA,NA,"Stimulant, spice and aromatic crops","Gross Production Value (constant 2014-2016 thousand US$)","1000 USD",2006,91224,"Cloves","no"
NA,"World",NA,NA,"Stimulant, spice and aromatic crops","Gross Production Value (constant 2014-2016 thousand US$)","1000 USD",2007,100737,"Cloves","no"
NA,"World",NA,NA,"Stimulant, spice and aromatic crops","Gross Production Value (constant 2014-2016 thousand US$)","1000 USD",2008,105048,"Cloves","no"
NA,"World",NA,NA,"Stimulant, spice and aromatic crops","Gross Production Value (constant 2014-2016 thousand US$)","1000 USD",2009,109874,"Cloves","no"
NA,"World",NA,NA,"Stimulant, spice and aromatic crops","Gross Production Value (constant 2014-2016 thousand US$)","1000 USD",2010,119060,"Cloves","no"
NA,"World",NA,NA,"Stimulant, spice and aromatic crops","Gross Production Value (constant 2014-2016 thousand US$)","1000 USD",2011,112619,"Cloves","no"
NA,"World",NA,NA,"Stimulant, spice and aromatic crops","Gross Production Value (constant 2014-2016 thousand US$)","1000 USD",2012,136897,"Cloves","no"
NA,"World",NA,NA,"Stimulant, spice and aromatic crops","Gross Production Value (constant 2014-2016 thousand US$)","1000 USD",2013,146277,"Cloves","no"
NA,"World",NA,NA,"Stimulant, spice and aromatic crops","Gross Production Value (constant 2014-2016 thousand US$)","1000 USD",2014,177678,"Cloves","no"
NA,"World",NA,NA,"Stimulant, spice and aromatic crops","Gross Production Value (constant 2014-2016 thousand US$)","1000 USD",2015,193684,"Cloves","no"
NA,"World",NA,NA,"Stimulant, spice and aromatic crops","Gross Production Value (constant 2014-2016 thousand US$)","1000 USD",2016,216916,"Cloves","no"
NA,"World",NA,NA,"Stimulant, spice and aromatic crops","Gross Production Value (constant 2014-2016 thousand US$)","1000 USD",2017,201194,"Cloves","no"
NA,"World",NA,NA,"Stimulant, spice and aromatic crops","Gross Production Value (constant 2014-2016 thousand US$)","1000 USD",2018,190691,"Cloves","no"
NA,"World",NA,NA,"Stimulant, spice and aromatic crops","Gross Production Value (constant 2014-2016 thousand US$)","1000 USD",2019,184157,"Cloves","no"
NA,"World",NA,NA,"Stimulant, spice and aromatic crops","Gross Production Value (constant 2014-2016 thousand US$)","1000 USD",2020,208891,"Cloves","no"
NA,"World",NA,NA,"Stimulant, spice and aromatic crops","Gross Production Value (constant 2014-2016 thousand US$)","1000 USD",2021,195958,"Cloves","no"
NA,"World",NA,NA,"Stimulant, spice and aromatic crops","Gross Production Value (constant 2014-2016 thousand US$)","1000 USD",2022,196952,"Cloves","no"
NA,"World",NA,NA,"Stimulant, spice and aromatic crops","Gross Production Value (constant 2014-2016 thousand US$)","1000 USD",2023,199288,"Cloves","no"
NA,"World",NA,NA,"Stimulant, spice and aromatic crops","Gross Production Value (constant 2014-2016 thousand I$)","1000 Int$",1992,3939297,"Cocoa beans","no"
NA,"World",NA,NA,"Stimulant, spice and aromatic crops","Gross Production Value (constant 2014-2016 thousand I$)","1000 Int$",1993,3932312,"Cocoa beans","no"
NA,"World",NA,NA,"Stimulant, spice and aromatic crops","Gross Production Value (constant 2014-2016 thousand I$)","1000 Int$",1994,3930818,"Cocoa beans","no"
NA,"World",NA,NA,"Stimulant, spice and aromatic crops","Gross Production Value (constant 2014-2016 thousand I$)","1000 Int$",1995,4393605,"Cocoa beans","no"
NA,"World",NA,NA,"Stimulant, spice and aromatic crops","Gross Production Value (constant 2014-2016 thousand I$)","1000 Int$",1996,4764288,"Cocoa beans","no"
NA,"World",NA,NA,"Stimulant, spice and aromatic crops","Gross Production Value (constant 2014-2016 thousand I$)","1000 Int$",1997,4439690,"Cocoa beans","no"
NA,"World",NA,NA,"Stimulant, spice and aromatic crops","Gross Production Value (constant 2014-2016 thousand I$)","1000 Int$",1998,4860187,"Cocoa beans","no"
NA,"World",NA,NA,"Stimulant, spice and aromatic crops","Gross Production Value (constant 2014-2016 thousand I$)","1000 Int$",1999,4378418,"Cocoa beans","no"
NA,"World",NA,NA,"Stimulant, spice and aromatic crops","Gross Production Value (constant 2014-2016 thousand I$)","1000 Int$",2000,4912582,"Cocoa beans","no"
NA,"World",NA,NA,"Stimulant, spice and aromatic crops","Gross Production Value (constant 2014-2016 thousand I$)","1000 Int$",2001,4741750,"Cocoa beans","no"
NA,"World",NA,NA,"Stimulant, spice and aromatic crops","Gross Production Value (constant 2014-2016 thousand I$)","1000 Int$",2002,4853326,"Cocoa beans","no"
NA,"World",NA,NA,"Stimulant, spice and aromatic crops","Gross Production Value (constant 2014-2016 thousand I$)","1000 Int$",2003,5452185,"Cocoa beans","no"
NA,"World",NA,NA,"Stimulant, spice and aromatic crops","Gross Production Value (constant 2014-2016 thousand I$)","1000 Int$",2004,5988712,"Cocoa beans","no"
NA,"World",NA,NA,"Stimulant, spice and aromatic crops","Gross Production Value (constant 2014-2016 thousand I$)","1000 Int$",2005,5950621,"Cocoa beans","no"
NA,"World",NA,NA,"Stimulant, spice and aromatic crops","Gross Production Value (constant 2014-2016 thousand I$)","1000 Int$",2006,6327410,"Cocoa beans","no"
NA,"World",NA,NA,"Stimulant, spice and aromatic crops","Gross Production Value (constant 2014-2016 thousand I$)","1000 Int$",2007,5737313,"Cocoa beans","no"
NA,"World",NA,NA,"Stimulant, spice and aromatic crops","Gross Production Value (constant 2014-2016 thousand I$)","1000 Int$",2008,6277469,"Cocoa beans","no"
NA,"World",NA,NA,"Stimulant, spice and aromatic crops","Gross Production Value (constant 2014-2016 thousand I$)","1000 Int$",2009,6197229,"Cocoa beans","no"
NA,"World",NA,NA,"Stimulant, spice and aromatic crops","Gross Production Value (constant 2014-2016 thousand I$)","1000 Int$",2010,6369859,"Cocoa beans","no"
NA,"World",NA,NA,"Stimulant, spice and aromatic crops","Gross Production Value (constant 2014-2016 thousand I$)","1000 Int$",2011,6700727,"Cocoa beans","no"
NA,"World",NA,NA,"Stimulant, spice and aromatic crops","Gross Production Value (constant 2014-2016 thousand I$)","1000 Int$",2012,6789220,"Cocoa beans","no"
NA,"World",NA,NA,"Stimulant, spice and aromatic crops","Gross Production Value (constant 2014-2016 thousand I$)","1000 Int$",2013,6601808,"Cocoa beans","no"
NA,"World",NA,NA,"Stimulant, spice and aromatic crops","Gross Production Value (constant 2014-2016 thousand I$)","1000 Int$",2014,6978103,"Cocoa beans","no"
NA,"World",NA,NA,"Stimulant, spice and aromatic crops","Gross Production Value (constant 2014-2016 thousand I$)","1000 Int$",2015,7053100,"Cocoa beans","no"
NA,"World",NA,NA,"Stimulant, spice and aromatic crops","Gross Production Value (constant 2014-2016 thousand I$)","1000 Int$",2016,6993767,"Cocoa beans","no"
NA,"World",NA,NA,"Stimulant, spice and aromatic crops","Gross Production Value (constant 2014-2016 thousand I$)","1000 Int$",2017,7663373,"Cocoa beans","no"
NA,"World",NA,NA,"Stimulant, spice and aromatic crops","Gross Production Value (constant 2014-2016 thousand I$)","1000 Int$",2018,8062425,"Cocoa beans","no"
NA,"World",NA,NA,"Stimulant, spice and aromatic crops","Gross Production Value (constant 2014-2016 thousand I$)","1000 Int$",2019,8080581,"Cocoa beans","no"
NA,"World",NA,NA,"Stimulant, spice and aromatic crops","Gross Production Value (constant 2014-2016 thousand I$)","1000 Int$",2020,8209238,"Cocoa beans","no"
NA,"World",NA,NA,"Stimulant, spice and aromatic crops","Gross Production Value (constant 2014-2016 thousand I$)","1000 Int$",2021,8434299,"Cocoa beans","no"
NA,"World",NA,NA,"Stimulant, spice and aromatic crops","Gross Production Value (constant 2014-2016 thousand I$)","1000 Int$",2022,8201110,"Cocoa beans","no"
NA,"World",NA,NA,"Stimulant, spice and aromatic crops","Gross Production Value (constant 2014-2016 thousand I$)","1000 Int$",2023,8197443,"Cocoa beans","no"
NA,"World",NA,NA,"Stimulant, spice and aromatic crops","Gross Production Value (constant 2014-2016 thousand US$)","1000 USD",1992,3964934,"Cocoa beans","no"
NA,"World",NA,NA,"Stimulant, spice and aromatic crops","Gross Production Value (constant 2014-2016 thousand US$)","1000 USD",1993,3984577,"Cocoa beans","no"
NA,"World",NA,NA,"Stimulant, spice and aromatic crops","Gross Production Value (constant 2014-2016 thousand US$)","1000 USD",1994,3910111,"Cocoa beans","no"
NA,"World",NA,NA,"Stimulant, spice and aromatic crops","Gross Production Value (constant 2014-2016 thousand US$)","1000 USD",1995,4479383,"Cocoa beans","no"
NA,"World",NA,NA,"Stimulant, spice and aromatic crops","Gross Production Value (constant 2014-2016 thousand US$)","1000 USD",1996,4703948,"Cocoa beans","no"
NA,"World",NA,NA,"Stimulant, spice and aromatic crops","Gross Production Value (constant 2014-2016 thousand US$)","1000 USD",1997,4383213,"Cocoa beans","no"
NA,"World",NA,NA,"Stimulant, spice and aromatic crops","Gross Production Value (constant 2014-2016 thousand US$)","1000 USD",1998,4706941,"Cocoa beans","no"
NA,"World",NA,NA,"Stimulant, spice and aromatic crops","Gross Production Value (constant 2014-2016 thousand US$)","1000 USD",1999,4344570,"Cocoa beans","no"
NA,"World",NA,NA,"Stimulant, spice and aromatic crops","Gross Production Value (constant 2014-2016 thousand US$)","1000 USD",2000,4696326,"Cocoa beans","no"
NA,"World",NA,NA,"Stimulant, spice and aromatic crops","Gross Production Value (constant 2014-2016 thousand US$)","1000 USD",2001,4624338,"Cocoa beans","no"
NA,"World",NA,NA,"Stimulant, spice and aromatic crops","Gross Production Value (constant 2014-2016 thousand US$)","1000 USD",2002,4724087,"Cocoa beans","no"
NA,"World",NA,NA,"Stimulant, spice and aromatic crops","Gross Production Value (constant 2014-2016 thousand US$)","1000 USD",2003,5288021,"Cocoa beans","no"
NA,"World",NA,NA,"Stimulant, spice and aromatic crops","Gross Production Value (constant 2014-2016 thousand US$)","1000 USD",2004,5708495,"Cocoa beans","no"
NA,"World",NA,NA,"Stimulant, spice and aromatic crops","Gross Production Value (constant 2014-2016 thousand US$)","1000 USD",2005,5614572,"Cocoa beans","no"
NA,"World",NA,NA,"Stimulant, spice and aromatic crops","Gross Production Value (constant 2014-2016 thousand US$)","1000 USD",2006,5987020,"Cocoa beans","no"
NA,"World",NA,NA,"Stimulant, spice and aromatic crops","Gross Production Value (constant 2014-2016 thousand US$)","1000 USD",2007,5615929,"Cocoa beans","no"
NA,"World",NA,NA,"Stimulant, spice and aromatic crops","Gross Production Value (constant 2014-2016 thousand US$)","1000 USD",2008,6186034,"Cocoa beans","no"
NA,"World",NA,NA,"Stimulant, spice and aromatic crops","Gross Production Value (constant 2014-2016 thousand US$)","1000 USD",2009,6127603,"Cocoa beans","no"
NA,"World",NA,NA,"Stimulant, spice and aromatic crops","Gross Production Value (constant 2014-2016 thousand US$)","1000 USD",2010,6344244,"Cocoa beans","no"
NA,"World",NA,NA,"Stimulant, spice and aromatic crops","Gross Production Value (constant 2014-2016 thousand US$)","1000 USD",2011,6543847,"Cocoa beans","no"
NA,"World",NA,NA,"Stimulant, spice and aromatic crops","Gross Production Value (constant 2014-2016 thousand US$)","1000 USD",2012,6590346,"Cocoa beans","no"
NA,"World",NA,NA,"Stimulant, spice and aromatic crops","Gross Production Value (constant 2014-2016 thousand US$)","1000 USD",2013,6433103,"Cocoa beans","no"
NA,"World",NA,NA,"Stimulant, spice and aromatic crops","Gross Production Value (constant 2014-2016 thousand US$)","1000 USD",2014,6855790,"Cocoa beans","no"
NA,"World",NA,NA,"Stimulant, spice and aromatic crops","Gross Production Value (constant 2014-2016 thousand US$)","1000 USD",2015,7014704,"Cocoa beans","no"
NA,"World",NA,NA,"Stimulant, spice and aromatic crops","Gross Production Value (constant 2014-2016 thousand US$)","1000 USD",2016,6918390,"Cocoa beans","no"
NA,"World",NA,NA,"Stimulant, spice and aromatic crops","Gross Production Value (constant 2014-2016 thousand US$)","1000 USD",2017,7656635,"Cocoa beans","no"
NA,"World",NA,NA,"Stimulant, spice and aromatic crops","Gross Production Value (constant 2014-2016 thousand US$)","1000 USD",2018,8165181,"Cocoa beans","no"
NA,"World",NA,NA,"Stimulant, spice and aromatic crops","Gross Production Value (constant 2014-2016 thousand US$)","1000 USD",2019,8295704,"Cocoa beans","no"
NA,"World",NA,NA,"Stimulant, spice and aromatic crops","Gross Production Value (constant 2014-2016 thousand US$)","1000 USD",2020,8277146,"Cocoa beans","no"
NA,"World",NA,NA,"Stimulant, spice and aromatic crops","Gross Production Value (constant 2014-2016 thousand US$)","1000 USD",2021,8438483,"Cocoa beans","no"
NA,"World",NA,NA,"Stimulant, spice and aromatic crops","Gross Production Value (constant 2014-2016 thousand US$)","1000 USD",2022,8388632,"Cocoa beans","no"
NA,"World",NA,NA,"Stimulant, spice and aromatic crops","Gross Production Value (constant 2014-2016 thousand US$)","1000 USD",2023,8429399,"Cocoa beans","no"
NA,"World",NA,NA,"Oilseeds and oleaginous fruits","Gross Production Value (constant 2014-2016 thousand I$)","1000 Int$",1992,7494704,"Coconuts","no"
NA,"World",NA,NA,"Oilseeds and oleaginous fruits","Gross Production Value (constant 2014-2016 thousand I$)","1000 Int$",1993,7725021,"Coconuts","no"
NA,"World",NA,NA,"Oilseeds and oleaginous fruits","Gross Production Value (constant 2014-2016 thousand I$)","1000 Int$",1994,7966988,"Coconuts","no"
NA,"World",NA,NA,"Oilseeds and oleaginous fruits","Gross Production Value (constant 2014-2016 thousand I$)","1000 Int$",1995,8257706,"Coconuts","no"
NA,"World",NA,NA,"Oilseeds and oleaginous fruits","Gross Production Value (constant 2014-2016 thousand I$)","1000 Int$",1996,8114615,"Coconuts","no"
NA,"World",NA,NA,"Oilseeds and oleaginous fruits","Gross Production Value (constant 2014-2016 thousand I$)","1000 Int$",1997,8226516,"Coconuts","no"
NA,"World",NA,NA,"Oilseeds and oleaginous fruits","Gross Production Value (constant 2014-2016 thousand I$)","1000 Int$",1998,8048176,"Coconuts","no"
NA,"World",NA,NA,"Oilseeds and oleaginous fruits","Gross Production Value (constant 2014-2016 thousand I$)","1000 Int$",1999,8094842,"Coconuts","no"
NA,"World",NA,NA,"Oilseeds and oleaginous fruits","Gross Production Value (constant 2014-2016 thousand I$)","1000 Int$",2000,8431864,"Coconuts","no"
NA,"World",NA,NA,"Oilseeds and oleaginous fruits","Gross Production Value (constant 2014-2016 thousand I$)","1000 Int$",2001,8558563,"Coconuts","no"
NA,"World",NA,NA,"Oilseeds and oleaginous fruits","Gross Production Value (constant 2014-2016 thousand I$)","1000 Int$",2002,8815671,"Coconuts","no"
NA,"World",NA,NA,"Oilseeds and oleaginous fruits","Gross Production Value (constant 2014-2016 thousand I$)","1000 Int$",2003,8940143,"Coconuts","no"
NA,"World",NA,NA,"Oilseeds and oleaginous fruits","Gross Production Value (constant 2014-2016 thousand I$)","1000 Int$",2004,9069825,"Coconuts","no"
NA,"World",NA,NA,"Oilseeds and oleaginous fruits","Gross Production Value (constant 2014-2016 thousand I$)","1000 Int$",2005,9523944,"Coconuts","no"
NA,"World",NA,NA,"Oilseeds and oleaginous fruits","Gross Production Value (constant 2014-2016 thousand I$)","1000 Int$",2006,9602726,"Coconuts","no"
NA,"World",NA,NA,"Oilseeds and oleaginous fruits","Gross Production Value (constant 2014-2016 thousand I$)","1000 Int$",2007,10265388,"Coconuts","no"
NA,"World",NA,NA,"Oilseeds and oleaginous fruits","Gross Production Value (constant 2014-2016 thousand I$)","1000 Int$",2008,9978475,"Coconuts","no"
NA,"World",NA,NA,"Oilseeds and oleaginous fruits","Gross Production Value (constant 2014-2016 thousand I$)","1000 Int$",2009,10137796,"Coconuts","no"
NA,"World",NA,NA,"Oilseeds and oleaginous fruits","Gross Production Value (constant 2014-2016 thousand I$)","1000 Int$",2010,9968391,"Coconuts","no"
NA,"World",NA,NA,"Oilseeds and oleaginous fruits","Gross Production Value (constant 2014-2016 thousand I$)","1000 Int$",2011,9763099,"Coconuts","no"
NA,"World",NA,NA,"Oilseeds and oleaginous fruits","Gross Production Value (constant 2014-2016 thousand I$)","1000 Int$",2012,10206448,"Coconuts","no"
NA,"World",NA,NA,"Oilseeds and oleaginous fruits","Gross Production Value (constant 2014-2016 thousand I$)","1000 Int$",2013,10171303,"Coconuts","no"
NA,"World",NA,NA,"Oilseeds and oleaginous fruits","Gross Production Value (constant 2014-2016 thousand I$)","1000 Int$",2014,10119032,"Coconuts","no"
NA,"World",NA,NA,"Oilseeds and oleaginous fruits","Gross Production Value (constant 2014-2016 thousand I$)","1000 Int$",2015,9889308,"Coconuts","no"
NA,"World",NA,NA,"Oilseeds and oleaginous fruits","Gross Production Value (constant 2014-2016 thousand I$)","1000 Int$",2016,9773762,"Coconuts","no"
NA,"World",NA,NA,"Oilseeds and oleaginous fruits","Gross Production Value (constant 2014-2016 thousand I$)","1000 Int$",2017,9595408,"Coconuts","no"
NA,"World",NA,NA,"Oilseeds and oleaginous fruits","Gross Production Value (constant 2014-2016 thousand I$)","1000 Int$",2018,10648630,"Coconuts","no"
NA,"World",NA,NA,"Oilseeds and oleaginous fruits","Gross Production Value (constant 2014-2016 thousand I$)","1000 Int$",2019,10393400,"Coconuts","no"
NA,"World",NA,NA,"Oilseeds and oleaginous fruits","Gross Production Value (constant 2014-2016 thousand I$)","1000 Int$",2020,10036133,"Coconuts","no"
NA,"World",NA,NA,"Oilseeds and oleaginous fruits","Gross Production Value (constant 2014-2016 thousand I$)","1000 Int$",2021,10448213,"Coconuts","no"
NA,"World",NA,NA,"Oilseeds and oleaginous fruits","Gross Production Value (constant 2014-2016 thousand I$)","1000 Int$",2022,10355257,"Coconuts","no"
NA,"World",NA,NA,"Oilseeds and oleaginous fruits","Gross Production Value (constant 2014-2016 thousand I$)","1000 Int$",2023,10527081,"Coconuts","no"
NA,"World",NA,NA,"Oilseeds and oleaginous fruits","Gross Production Value (constant 2014-2016 thousand US$)","1000 USD",1992,8164135,"Coconuts","no"
NA,"World",NA,NA,"Oilseeds and oleaginous fruits","Gross Production Value (constant 2014-2016 thousand US$)","1000 USD",1993,8368871,"Coconuts","no"
NA,"World",NA,NA,"Oilseeds and oleaginous fruits","Gross Production Value (constant 2014-2016 thousand US$)","1000 USD",1994,8611290,"Coconuts","no"
NA,"World",NA,NA,"Oilseeds and oleaginous fruits","Gross Production Value (constant 2014-2016 thousand US$)","1000 USD",1995,8934838,"Coconuts","no"
NA,"World",NA,NA,"Oilseeds and oleaginous fruits","Gross Production Value (constant 2014-2016 thousand US$)","1000 USD",1996,8753979,"Coconuts","no"
NA,"World",NA,NA,"Oilseeds and oleaginous fruits","Gross Production Value (constant 2014-2016 thousand US$)","1000 USD",1997,8872201,"Coconuts","no"
NA,"World",NA,NA,"Oilseeds and oleaginous fruits","Gross Production Value (constant 2014-2016 thousand US$)","1000 USD",1998,8582029,"Coconuts","no"
NA,"World",NA,NA,"Oilseeds and oleaginous fruits","Gross Production Value (constant 2014-2016 thousand US$)","1000 USD",1999,8738884,"Coconuts","no"
NA,"World",NA,NA,"Oilseeds and oleaginous fruits","Gross Production Value (constant 2014-2016 thousand US$)","1000 USD",2000,9087318,"Coconuts","no"
NA,"World",NA,NA,"Oilseeds and oleaginous fruits","Gross Production Value (constant 2014-2016 thousand US$)","1000 USD",2001,9262234,"Coconuts","no"
NA,"World",NA,NA,"Oilseeds and oleaginous fruits","Gross Production Value (constant 2014-2016 thousand US$)","1000 USD",2002,9379068,"Coconuts","no"
NA,"World",NA,NA,"Oilseeds and oleaginous fruits","Gross Production Value (constant 2014-2016 thousand US$)","1000 USD",2003,9531324,"Coconuts","no"
NA,"World",NA,NA,"Oilseeds and oleaginous fruits","Gross Production Value (constant 2014-2016 thousand US$)","1000 USD",2004,9660040,"Coconuts","no"
NA,"World",NA,NA,"Oilseeds and oleaginous fruits","Gross Production Value (constant 2014-2016 thousand US$)","1000 USD",2005,9997876,"Coconuts","no"
NA,"World",NA,NA,"Oilseeds and oleaginous fruits","Gross Production Value (constant 2014-2016 thousand US$)","1000 USD",2006,10025939,"Coconuts","no"
NA,"World",NA,NA,"Oilseeds and oleaginous fruits","Gross Production Value (constant 2014-2016 thousand US$)","1000 USD",2007,10549368,"Coconuts","no"
NA,"World",NA,NA,"Oilseeds and oleaginous fruits","Gross Production Value (constant 2014-2016 thousand US$)","1000 USD",2008,10602780,"Coconuts","no"
NA,"World",NA,NA,"Oilseeds and oleaginous fruits","Gross Production Value (constant 2014-2016 thousand US$)","1000 USD",2009,10508803,"Coconuts","no"
NA,"World",NA,NA,"Oilseeds and oleaginous fruits","Gross Production Value (constant 2014-2016 thousand US$)","1000 USD",2010,10312092,"Coconuts","no"
NA,"World",NA,NA,"Oilseeds and oleaginous fruits","Gross Production Value (constant 2014-2016 thousand US$)","1000 USD",2011,10102877,"Coconuts","no"
NA,"World",NA,NA,"Oilseeds and oleaginous fruits","Gross Production Value (constant 2014-2016 thousand US$)","1000 USD",2012,10599145,"Coconuts","no"
NA,"World",NA,NA,"Oilseeds and oleaginous fruits","Gross Production Value (constant 2014-2016 thousand US$)","1000 USD",2013,10524971,"Coconuts","no"
NA,"World",NA,NA,"Oilseeds and oleaginous fruits","Gross Production Value (constant 2014-2016 thousand US$)","1000 USD",2014,10600944,"Coconuts","no"
NA,"World",NA,NA,"Oilseeds and oleaginous fruits","Gross Production Value (constant 2014-2016 thousand US$)","1000 USD",2015,10422743,"Coconuts","no"
NA,"World",NA,NA,"Oilseeds and oleaginous fruits","Gross Production Value (constant 2014-2016 thousand US$)","1000 USD",2016,10332053,"Coconuts","no"
NA,"World",NA,NA,"Oilseeds and oleaginous fruits","Gross Production Value (constant 2014-2016 thousand US$)","1000 USD",2017,10038605,"Coconuts","no"
NA,"World",NA,NA,"Oilseeds and oleaginous fruits","Gross Production Value (constant 2014-2016 thousand US$)","1000 USD",2018,11003671,"Coconuts","no"
NA,"World",NA,NA,"Oilseeds and oleaginous fruits","Gross Production Value (constant 2014-2016 thousand US$)","1000 USD",2019,10898504,"Coconuts","no"
NA,"World",NA,NA,"Oilseeds and oleaginous fruits","Gross Production Value (constant 2014-2016 thousand US$)","1000 USD",2020,10600024,"Coconuts","no"
NA,"World",NA,NA,"Oilseeds and oleaginous fruits","Gross Production Value (constant 2014-2016 thousand US$)","1000 USD",2021,11142073,"Coconuts","no"
NA,"World",NA,NA,"Oilseeds and oleaginous fruits","Gross Production Value (constant 2014-2016 thousand US$)","1000 USD",2022,11015543,"Coconuts","no"
NA,"World",NA,NA,"Oilseeds and oleaginous fruits","Gross Production Value (constant 2014-2016 thousand US$)","1000 USD",2023,11166327,"Coconuts","no"
NA,"World",NA,NA,"Stimulant, spice and aromatic crops","Gross Production Value (constant 2014-2016 thousand I$)","1000 Int$",1992,12697679,"Coffee","no"
NA,"World",NA,NA,"Stimulant, spice and aromatic crops","Gross Production Value (constant 2014-2016 thousand I$)","1000 Int$",1993,11596928,"Coffee","no"
NA,"World",NA,NA,"Stimulant, spice and aromatic crops","Gross Production Value (constant 2014-2016 thousand I$)","1000 Int$",1994,11944775,"Coffee","no"
NA,"World",NA,NA,"Stimulant, spice and aromatic crops","Gross Production Value (constant 2014-2016 thousand I$)","1000 Int$",1995,11540146,"Coffee","no"
NA,"World",NA,NA,"Stimulant, spice and aromatic crops","Gross Production Value (constant 2014-2016 thousand I$)","1000 Int$",1996,12947852,"Coffee","no"
NA,"World",NA,NA,"Stimulant, spice and aromatic crops","Gross Production Value (constant 2014-2016 thousand I$)","1000 Int$",1997,12684263,"Coffee","no"
NA,"World",NA,NA,"Stimulant, spice and aromatic crops","Gross Production Value (constant 2014-2016 thousand I$)","1000 Int$",1998,13854602,"Coffee","no"
NA,"World",NA,NA,"Stimulant, spice and aromatic crops","Gross Production Value (constant 2014-2016 thousand I$)","1000 Int$",1999,14183289,"Coffee","no"
NA,"World",NA,NA,"Stimulant, spice and aromatic crops","Gross Production Value (constant 2014-2016 thousand I$)","1000 Int$",2000,15665399,"Coffee","no"
NA,"World",NA,NA,"Stimulant, spice and aromatic crops","Gross Production Value (constant 2014-2016 thousand I$)","1000 Int$",2001,15409396,"Coffee","no"
NA,"World",NA,NA,"Stimulant, spice and aromatic crops","Gross Production Value (constant 2014-2016 thousand I$)","1000 Int$",2002,16557542,"Coffee","no"
NA,"World",NA,NA,"Stimulant, spice and aromatic crops","Gross Production Value (constant 2014-2016 thousand I$)","1000 Int$",2003,14695822,"Coffee","no"
NA,"World",NA,NA,"Stimulant, spice and aromatic crops","Gross Production Value (constant 2014-2016 thousand I$)","1000 Int$",2004,16418601,"Coffee","no"
NA,"World",NA,NA,"Stimulant, spice and aromatic crops","Gross Production Value (constant 2014-2016 thousand I$)","1000 Int$",2005,15447062,"Coffee","no"
NA,"World",NA,NA,"Stimulant, spice and aromatic crops","Gross Production Value (constant 2014-2016 thousand I$)","1000 Int$",2006,17026342,"Coffee","no"
NA,"World",NA,NA,"Stimulant, spice and aromatic crops","Gross Production Value (constant 2014-2016 thousand I$)","1000 Int$",2007,16998713,"Coffee","no"
NA,"World",NA,NA,"Stimulant, spice and aromatic crops","Gross Production Value (constant 2014-2016 thousand I$)","1000 Int$",2008,17737879,"Coffee","no"
NA,"World",NA,NA,"Stimulant, spice and aromatic crops","Gross Production Value (constant 2014-2016 thousand I$)","1000 Int$",2009,16250468,"Coffee","no"
NA,"World",NA,NA,"Stimulant, spice and aromatic crops","Gross Production Value (constant 2014-2016 thousand I$)","1000 Int$",2010,17679795,"Coffee","no"
NA,"World",NA,NA,"Stimulant, spice and aromatic crops","Gross Production Value (constant 2014-2016 thousand I$)","1000 Int$",2011,17489966,"Coffee","no"
NA,"World",NA,NA,"Stimulant, spice and aromatic crops","Gross Production Value (constant 2014-2016 thousand I$)","1000 Int$",2012,18386133,"Coffee","no"
NA,"World",NA,NA,"Stimulant, spice and aromatic crops","Gross Production Value (constant 2014-2016 thousand I$)","1000 Int$",2013,18470846,"Coffee","no"
NA,"World",NA,NA,"Stimulant, spice and aromatic crops","Gross Production Value (constant 2014-2016 thousand I$)","1000 Int$",2014,18250139,"Coffee","no"
NA,"World",NA,NA,"Stimulant, spice and aromatic crops","Gross Production Value (constant 2014-2016 thousand I$)","1000 Int$",2015,18354373,"Coffee","no"
NA,"World",NA,NA,"Stimulant, spice and aromatic crops","Gross Production Value (constant 2014-2016 thousand I$)","1000 Int$",2016,19406528,"Coffee","no"
NA,"World",NA,NA,"Stimulant, spice and aromatic crops","Gross Production Value (constant 2014-2016 thousand I$)","1000 Int$",2017,19322047,"Coffee","no"
NA,"World",NA,NA,"Stimulant, spice and aromatic crops","Gross Production Value (constant 2014-2016 thousand I$)","1000 Int$",2018,21943890,"Coffee","no"
NA,"World",NA,NA,"Stimulant, spice and aromatic crops","Gross Production Value (constant 2014-2016 thousand I$)","1000 Int$",2019,21527053,"Coffee","no"
NA,"World",NA,NA,"Stimulant, spice and aromatic crops","Gross Production Value (constant 2014-2016 thousand I$)","1000 Int$",2020,23361488,"Coffee","no"
NA,"World",NA,NA,"Stimulant, spice and aromatic crops","Gross Production Value (constant 2014-2016 thousand I$)","1000 Int$",2021,21800697,"Coffee","no"
NA,"World",NA,NA,"Stimulant, spice and aromatic crops","Gross Production Value (constant 2014-2016 thousand I$)","1000 Int$",2022,22310884,"Coffee","no"
NA,"World",NA,NA,"Stimulant, spice and aromatic crops","Gross Production Value (constant 2014-2016 thousand I$)","1000 Int$",2023,23002760,"Coffee","no"
NA,"World",NA,NA,"Stimulant, spice and aromatic crops","Gross Production Value (constant 2014-2016 thousand US$)","1000 USD",1992,10755444,"Coffee","no"
NA,"World",NA,NA,"Stimulant, spice and aromatic crops","Gross Production Value (constant 2014-2016 thousand US$)","1000 USD",1993,9847476,"Coffee","no"
NA,"World",NA,NA,"Stimulant, spice and aromatic crops","Gross Production Value (constant 2014-2016 thousand US$)","1000 USD",1994,10018907,"Coffee","no"
NA,"World",NA,NA,"Stimulant, spice and aromatic crops","Gross Production Value (constant 2014-2016 thousand US$)","1000 USD",1995,9591814,"Coffee","no"
NA,"World",NA,NA,"Stimulant, spice and aromatic crops","Gross Production Value (constant 2014-2016 thousand US$)","1000 USD",1996,10638513,"Coffee","no"
NA,"World",NA,NA,"Stimulant, spice and aromatic crops","Gross Production Value (constant 2014-2016 thousand US$)","1000 USD",1997,10251817,"Coffee","no"
NA,"World",NA,NA,"Stimulant, spice and aromatic crops","Gross Production Value (constant 2014-2016 thousand US$)","1000 USD",1998,11761762,"Coffee","no"
NA,"World",NA,NA,"Stimulant, spice and aromatic crops","Gross Production Value (constant 2014-2016 thousand US$)","1000 USD",1999,11668112,"Coffee","no"
NA,"World",NA,NA,"Stimulant, spice and aromatic crops","Gross Production Value (constant 2014-2016 thousand US$)","1000 USD",2000,13191238,"Coffee","no"
NA,"World",NA,NA,"Stimulant, spice and aromatic crops","Gross Production Value (constant 2014-2016 thousand US$)","1000 USD",2001,12990978,"Coffee","no"
NA,"World",NA,NA,"Stimulant, spice and aromatic crops","Gross Production Value (constant 2014-2016 thousand US$)","1000 USD",2002,14304903,"Coffee","no"
NA,"World",NA,NA,"Stimulant, spice and aromatic crops","Gross Production Value (constant 2014-2016 thousand US$)","1000 USD",2003,12771694,"Coffee","no"
NA,"World",NA,NA,"Stimulant, spice and aromatic crops","Gross Production Value (constant 2014-2016 thousand US$)","1000 USD",2004,14084462,"Coffee","no"
NA,"World",NA,NA,"Stimulant, spice and aromatic crops","Gross Production Value (constant 2014-2016 thousand US$)","1000 USD",2005,13273308,"Coffee","no"
NA,"World",NA,NA,"Stimulant, spice and aromatic crops","Gross Production Value (constant 2014-2016 thousand US$)","1000 USD",2006,14943221,"Coffee","no"
NA,"World",NA,NA,"Stimulant, spice and aromatic crops","Gross Production Value (constant 2014-2016 thousand US$)","1000 USD",2007,14822103,"Coffee","no"
NA,"World",NA,NA,"Stimulant, spice and aromatic crops","Gross Production Value (constant 2014-2016 thousand US$)","1000 USD",2008,15596847,"Coffee","no"
NA,"World",NA,NA,"Stimulant, spice and aromatic crops","Gross Production Value (constant 2014-2016 thousand US$)","1000 USD",2009,14069935,"Coffee","no"
NA,"World",NA,NA,"Stimulant, spice and aromatic crops","Gross Production Value (constant 2014-2016 thousand US$)","1000 USD",2010,15612678,"Coffee","no"
NA,"World",NA,NA,"Stimulant, spice and aromatic crops","Gross Production Value (constant 2014-2016 thousand US$)","1000 USD",2011,15199265,"Coffee","no"
NA,"World",NA,NA,"Stimulant, spice and aromatic crops","Gross Production Value (constant 2014-2016 thousand US$)","1000 USD",2012,16280241,"Coffee","no"
NA,"World",NA,NA,"Stimulant, spice and aromatic crops","Gross Production Value (constant 2014-2016 thousand US$)","1000 USD",2013,16164020,"Coffee","no"
NA,"World",NA,NA,"Stimulant, spice and aromatic crops","Gross Production Value (constant 2014-2016 thousand US$)","1000 USD",2014,16150820,"Coffee","no"
NA,"World",NA,NA,"Stimulant, spice and aromatic crops","Gross Production Value (constant 2014-2016 thousand US$)","1000 USD",2015,16199026,"Coffee","no"
NA,"World",NA,NA,"Stimulant, spice and aromatic crops","Gross Production Value (constant 2014-2016 thousand US$)","1000 USD",2016,17346120,"Coffee","no"
NA,"World",NA,NA,"Stimulant, spice and aromatic crops","Gross Production Value (constant 2014-2016 thousand US$)","1000 USD",2017,17065393,"Coffee","no"
NA,"World",NA,NA,"Stimulant, spice and aromatic crops","Gross Production Value (constant 2014-2016 thousand US$)","1000 USD",2018,19502268,"Coffee","no"
NA,"World",NA,NA,"Stimulant, spice and aromatic crops","Gross Production Value (constant 2014-2016 thousand US$)","1000 USD",2019,18498548,"Coffee","no"
NA,"World",NA,NA,"Stimulant, spice and aromatic crops","Gross Production Value (constant 2014-2016 thousand US$)","1000 USD",2020,19954349,"Coffee","no"
NA,"World",NA,NA,"Stimulant, spice and aromatic crops","Gross Production Value (constant 2014-2016 thousand US$)","1000 USD",2021,18117495,"Coffee","no"
NA,"World",NA,NA,"Stimulant, spice and aromatic crops","Gross Production Value (constant 2014-2016 thousand US$)","1000 USD",2022,18773313,"Coffee","no"
NA,"World",NA,NA,"Stimulant, spice and aromatic crops","Gross Production Value (constant 2014-2016 thousand US$)","1000 USD",2023,19359554,"Coffee","no"
NA,"World",NA,NA,"Pulses (dried leguminous vegetables)","Gross Production Value (constant 2014-2016 thousand I$)","1000 Int$",1992,865946,"Cow peas","no"
NA,"World",NA,NA,"Pulses (dried leguminous vegetables)","Gross Production Value (constant 2014-2016 thousand I$)","1000 Int$",1993,831943,"Cow peas","no"
NA,"World",NA,NA,"Pulses (dried leguminous vegetables)","Gross Production Value (constant 2014-2016 thousand I$)","1000 Int$",1994,892711,"Cow peas","no"
NA,"World",NA,NA,"Pulses (dried leguminous vegetables)","Gross Production Value (constant 2014-2016 thousand I$)","1000 Int$",1995,898049,"Cow peas","no"
NA,"World",NA,NA,"Pulses (dried leguminous vegetables)","Gross Production Value (constant 2014-2016 thousand I$)","1000 Int$",1996,1006199,"Cow peas","no"
NA,"World",NA,NA,"Pulses (dried leguminous vegetables)","Gross Production Value (constant 2014-2016 thousand I$)","1000 Int$",1997,986593,"Cow peas","no"
NA,"World",NA,NA,"Pulses (dried leguminous vegetables)","Gross Production Value (constant 2014-2016 thousand I$)","1000 Int$",1998,1264351,"Cow peas","no"
NA,"World",NA,NA,"Pulses (dried leguminous vegetables)","Gross Production Value (constant 2014-2016 thousand I$)","1000 Int$",1999,1224973,"Cow peas","no"
NA,"World",NA,NA,"Pulses (dried leguminous vegetables)","Gross Production Value (constant 2014-2016 thousand I$)","1000 Int$",2000,1102025,"Cow peas","no"
NA,"World",NA,NA,"Pulses (dried leguminous vegetables)","Gross Production Value (constant 2014-2016 thousand I$)","1000 Int$",2001,1285382,"Cow peas","no"
NA,"World",NA,NA,"Pulses (dried leguminous vegetables)","Gross Production Value (constant 2014-2016 thousand I$)","1000 Int$",2002,1421776,"Cow peas","no"
NA,"World",NA,NA,"Pulses (dried leguminous vegetables)","Gross Production Value (constant 2014-2016 thousand I$)","1000 Int$",2003,1463975,"Cow peas","no"
NA,"World",NA,NA,"Pulses (dried leguminous vegetables)","Gross Production Value (constant 2014-2016 thousand I$)","1000 Int$",2004,1386660,"Cow peas","no"
NA,"World",NA,NA,"Pulses (dried leguminous vegetables)","Gross Production Value (constant 2014-2016 thousand I$)","1000 Int$",2005,1592760,"Cow peas","no"
NA,"World",NA,NA,"Pulses (dried leguminous vegetables)","Gross Production Value (constant 2014-2016 thousand I$)","1000 Int$",2006,1737895,"Cow peas","no"
NA,"World",NA,NA,"Pulses (dried leguminous vegetables)","Gross Production Value (constant 2014-2016 thousand I$)","1000 Int$",2007,1781747,"Cow peas","no"
NA,"World",NA,NA,"Pulses (dried leguminous vegetables)","Gross Production Value (constant 2014-2016 thousand I$)","1000 Int$",2008,2058855,"Cow peas","no"
NA,"World",NA,NA,"Pulses (dried leguminous vegetables)","Gross Production Value (constant 2014-2016 thousand I$)","1000 Int$",2009,1614837,"Cow peas","no"
NA,"World",NA,NA,"Pulses (dried leguminous vegetables)","Gross Production Value (constant 2014-2016 thousand I$)","1000 Int$",2010,2284250,"Cow peas","no"
NA,"World",NA,NA,"Pulses (dried leguminous vegetables)","Gross Production Value (constant 2014-2016 thousand I$)","1000 Int$",2011,1665009,"Cow peas","no"
NA,"World",NA,NA,"Pulses (dried leguminous vegetables)","Gross Production Value (constant 2014-2016 thousand I$)","1000 Int$",2012,2868813,"Cow peas","no"
NA,"World",NA,NA,"Pulses (dried leguminous vegetables)","Gross Production Value (constant 2014-2016 thousand I$)","1000 Int$",2013,2839774,"Cow peas","no"
NA,"World",NA,NA,"Pulses (dried leguminous vegetables)","Gross Production Value (constant 2014-2016 thousand I$)","1000 Int$",2014,1954012,"Cow peas","no"
NA,"World",NA,NA,"Pulses (dried leguminous vegetables)","Gross Production Value (constant 2014-2016 thousand I$)","1000 Int$",2015,2027181,"Cow peas","no"
NA,"World",NA,NA,"Pulses (dried leguminous vegetables)","Gross Production Value (constant 2014-2016 thousand I$)","1000 Int$",2016,2654415,"Cow peas","no"
NA,"World",NA,NA,"Pulses (dried leguminous vegetables)","Gross Production Value (constant 2014-2016 thousand I$)","1000 Int$",2017,2691687,"Cow peas","no"
NA,"World",NA,NA,"Pulses (dried leguminous vegetables)","Gross Production Value (constant 2014-2016 thousand I$)","1000 Int$",2018,2970085,"Cow peas","no"
NA,"World",NA,NA,"Pulses (dried leguminous vegetables)","Gross Production Value (constant 2014-2016 thousand I$)","1000 Int$",2019,3024490,"Cow peas","no"
NA,"World",NA,NA,"Pulses (dried leguminous vegetables)","Gross Production Value (constant 2014-2016 thousand I$)","1000 Int$",2020,3241445,"Cow peas","no"
NA,"World",NA,NA,"Pulses (dried leguminous vegetables)","Gross Production Value (constant 2014-2016 thousand I$)","1000 Int$",2021,2900815,"Cow peas","no"
NA,"World",NA,NA,"Pulses (dried leguminous vegetables)","Gross Production Value (constant 2014-2016 thousand I$)","1000 Int$",2022,3315972,"Cow peas","no"
NA,"World",NA,NA,"Pulses (dried leguminous vegetables)","Gross Production Value (constant 2014-2016 thousand I$)","1000 Int$",2023,3268608,"Cow peas","no"
NA,"World",NA,NA,"Pulses (dried leguminous vegetables)","Gross Production Value (constant 2014-2016 thousand US$)","1000 USD",1992,787618,"Cow peas","no"
NA,"World",NA,NA,"Pulses (dried leguminous vegetables)","Gross Production Value (constant 2014-2016 thousand US$)","1000 USD",1993,788284,"Cow peas","no"
NA,"World",NA,NA,"Pulses (dried leguminous vegetables)","Gross Production Value (constant 2014-2016 thousand US$)","1000 USD",1994,813007,"Cow peas","no"
NA,"World",NA,NA,"Pulses (dried leguminous vegetables)","Gross Production Value (constant 2014-2016 thousand US$)","1000 USD",1995,836188,"Cow peas","no"
NA,"World",NA,NA,"Pulses (dried leguminous vegetables)","Gross Production Value (constant 2014-2016 thousand US$)","1000 USD",1996,917977,"Cow peas","no"
NA,"World",NA,NA,"Pulses (dried leguminous vegetables)","Gross Production Value (constant 2014-2016 thousand US$)","1000 USD",1997,924083,"Cow peas","no"
NA,"World",NA,NA,"Pulses (dried leguminous vegetables)","Gross Production Value (constant 2014-2016 thousand US$)","1000 USD",1998,1100766,"Cow peas","no"
NA,"World",NA,NA,"Pulses (dried leguminous vegetables)","Gross Production Value (constant 2014-2016 thousand US$)","1000 USD",1999,1156670,"Cow peas","no"
NA,"World",NA,NA,"Pulses (dried leguminous vegetables)","Gross Production Value (constant 2014-2016 thousand US$)","1000 USD",2000,991701,"Cow peas","no"
NA,"World",NA,NA,"Pulses (dried leguminous vegetables)","Gross Production Value (constant 2014-2016 thousand US$)","1000 USD",2001,1139405,"Cow peas","no"
NA,"World",NA,NA,"Pulses (dried leguminous vegetables)","Gross Production Value (constant 2014-2016 thousand US$)","1000 USD",2002,1182074,"Cow peas","no"
NA,"World",NA,NA,"Pulses (dried leguminous vegetables)","Gross Production Value (constant 2014-2016 thousand US$)","1000 USD",2003,1291162,"Cow peas","no"
NA,"World",NA,NA,"Pulses (dried leguminous vegetables)","Gross Production Value (constant 2014-2016 thousand US$)","1000 USD",2004,1186795,"Cow peas","no"
NA,"World",NA,NA,"Pulses (dried leguminous vegetables)","Gross Production Value (constant 2014-2016 thousand US$)","1000 USD",2005,1364674,"Cow peas","no"
NA,"World",NA,NA,"Pulses (dried leguminous vegetables)","Gross Production Value (constant 2014-2016 thousand US$)","1000 USD",2006,1504841,"Cow peas","no"
NA,"World",NA,NA,"Pulses (dried leguminous vegetables)","Gross Production Value (constant 2014-2016 thousand US$)","1000 USD",2007,1484098,"Cow peas","no"
NA,"World",NA,NA,"Pulses (dried leguminous vegetables)","Gross Production Value (constant 2014-2016 thousand US$)","1000 USD",2008,1679871,"Cow peas","no"
NA,"World",NA,NA,"Pulses (dried leguminous vegetables)","Gross Production Value (constant 2014-2016 thousand US$)","1000 USD",2009,1439608,"Cow peas","no"
NA,"World",NA,NA,"Pulses (dried leguminous vegetables)","Gross Production Value (constant 2014-2016 thousand US$)","1000 USD",2010,1871733,"Cow peas","no"
NA,"World",NA,NA,"Pulses (dried leguminous vegetables)","Gross Production Value (constant 2014-2016 thousand US$)","1000 USD",2011,1282113,"Cow peas","no"
NA,"World",NA,NA,"Pulses (dried leguminous vegetables)","Gross Production Value (constant 2014-2016 thousand US$)","1000 USD",2012,2347408,"Cow peas","no"
NA,"World",NA,NA,"Pulses (dried leguminous vegetables)","Gross Production Value (constant 2014-2016 thousand US$)","1000 USD",2013,2311547,"Cow peas","no"
NA,"World",NA,NA,"Pulses (dried leguminous vegetables)","Gross Production Value (constant 2014-2016 thousand US$)","1000 USD",2014,1561087,"Cow peas","no"
NA,"World",NA,NA,"Pulses (dried leguminous vegetables)","Gross Production Value (constant 2014-2016 thousand US$)","1000 USD",2015,1666600,"Cow peas","no"
NA,"World",NA,NA,"Pulses (dried leguminous vegetables)","Gross Production Value (constant 2014-2016 thousand US$)","1000 USD",2016,2108117,"Cow peas","no"
NA,"World",NA,NA,"Pulses (dried leguminous vegetables)","Gross Production Value (constant 2014-2016 thousand US$)","1000 USD",2017,2127608,"Cow peas","no"
NA,"World",NA,NA,"Pulses (dried leguminous vegetables)","Gross Production Value (constant 2014-2016 thousand US$)","1000 USD",2018,2362187,"Cow peas","no"
NA,"World",NA,NA,"Pulses (dried leguminous vegetables)","Gross Production Value (constant 2014-2016 thousand US$)","1000 USD",2019,2403118,"Cow peas","no"
NA,"World",NA,NA,"Pulses (dried leguminous vegetables)","Gross Production Value (constant 2014-2016 thousand US$)","1000 USD",2020,2652469,"Cow peas","no"
NA,"World",NA,NA,"Pulses (dried leguminous vegetables)","Gross Production Value (constant 2014-2016 thousand US$)","1000 USD",2021,2422204,"Cow peas","no"
NA,"World",NA,NA,"Pulses (dried leguminous vegetables)","Gross Production Value (constant 2014-2016 thousand US$)","1000 USD",2022,2541669,"Cow peas","no"
NA,"World",NA,NA,"Pulses (dried leguminous vegetables)","Gross Production Value (constant 2014-2016 thousand US$)","1000 USD",2023,2561755,"Cow peas","no"
NA,"World",NA,NA,"Fruits and nuts","Gross Production Value (constant 2014-2016 thousand I$)","1000 Int$",1992,250409,"Cranberries","no"
NA,"World",NA,NA,"Fruits and nuts","Gross Production Value (constant 2014-2016 thousand I$)","1000 Int$",1993,241209,"Cranberries","no"
NA,"World",NA,NA,"Fruits and nuts","Gross Production Value (constant 2014-2016 thousand I$)","1000 Int$",1994,286260,"Cranberries","no"
NA,"World",NA,NA,"Fruits and nuts","Gross Production Value (constant 2014-2016 thousand I$)","1000 Int$",1995,268381,"Cranberries","no"
NA,"World",NA,NA,"Fruits and nuts","Gross Production Value (constant 2014-2016 thousand I$)","1000 Int$",1996,280961,"Cranberries","no"
NA,"World",NA,NA,"Fruits and nuts","Gross Production Value (constant 2014-2016 thousand I$)","1000 Int$",1997,335698,"Cranberries","no"
NA,"World",NA,NA,"Fruits and nuts","Gross Production Value (constant 2014-2016 thousand I$)","1000 Int$",1998,335431,"Cranberries","no"
NA,"World",NA,NA,"Fruits and nuts","Gross Production Value (constant 2014-2016 thousand I$)","1000 Int$",1999,382724,"Cranberries","no"
NA,"World",NA,NA,"Fruits and nuts","Gross Production Value (constant 2014-2016 thousand I$)","1000 Int$",2000,349961,"Cranberries","no"
NA,"World",NA,NA,"Fruits and nuts","Gross Production Value (constant 2014-2016 thousand I$)","1000 Int$",2001,329810,"Cranberries","no"
NA,"World",NA,NA,"Fruits and nuts","Gross Production Value (constant 2014-2016 thousand I$)","1000 Int$",2002,361609,"Cranberries","no"
NA,"World",NA,NA,"Fruits and nuts","Gross Production Value (constant 2014-2016 thousand I$)","1000 Int$",2003,401200,"Cranberries","no"
NA,"World",NA,NA,"Fruits and nuts","Gross Production Value (constant 2014-2016 thousand I$)","1000 Int$",2004,402643,"Cranberries","no"
NA,"World",NA,NA,"Fruits and nuts","Gross Production Value (constant 2014-2016 thousand I$)","1000 Int$",2005,401175,"Cranberries","no"
NA,"World",NA,NA,"Fruits and nuts","Gross Production Value (constant 2014-2016 thousand I$)","1000 Int$",2006,449561,"Cranberries","no"
NA,"World",NA,NA,"Fruits and nuts","Gross Production Value (constant 2014-2016 thousand I$)","1000 Int$",2007,426960,"Cranberries","no"
NA,"World",NA,NA,"Fruits and nuts","Gross Production Value (constant 2014-2016 thousand I$)","1000 Int$",2008,495936,"Cranberries","no"
NA,"World",NA,NA,"Fruits and nuts","Gross Production Value (constant 2014-2016 thousand I$)","1000 Int$",2009,469012,"Cranberries","no"
NA,"World",NA,NA,"Fruits and nuts","Gross Production Value (constant 2014-2016 thousand I$)","1000 Int$",2010,450476,"Cranberries","no"
NA,"World",NA,NA,"Fruits and nuts","Gross Production Value (constant 2014-2016 thousand I$)","1000 Int$",2011,508520,"Cranberries","no"
NA,"World",NA,NA,"Fruits and nuts","Gross Production Value (constant 2014-2016 thousand I$)","1000 Int$",2012,567302,"Cranberries","no"
NA,"World",NA,NA,"Fruits and nuts","Gross Production Value (constant 2014-2016 thousand I$)","1000 Int$",2013,600359,"Cranberries","no"
NA,"World",NA,NA,"Fruits and nuts","Gross Production Value (constant 2014-2016 thousand I$)","1000 Int$",2014,611851,"Cranberries","no"
NA,"World",NA,NA,"Fruits and nuts","Gross Production Value (constant 2014-2016 thousand I$)","1000 Int$",2015,604423,"Cranberries","no"
NA,"World",NA,NA,"Fruits and nuts","Gross Production Value (constant 2014-2016 thousand I$)","1000 Int$",2016,696327,"Cranberries","no"
NA,"World",NA,NA,"Fruits and nuts","Gross Production Value (constant 2014-2016 thousand I$)","1000 Int$",2017,587024,"Cranberries","no"
NA,"World",NA,NA,"Fruits and nuts","Gross Production Value (constant 2014-2016 thousand I$)","1000 Int$",2018,656779,"Cranberries","no"
NA,"World",NA,NA,"Fruits and nuts","Gross Production Value (constant 2014-2016 thousand I$)","1000 Int$",2019,582671,"Cranberries","no"
NA,"World",NA,NA,"Fruits and nuts","Gross Production Value (constant 2014-2016 thousand I$)","1000 Int$",2020,586317,"Cranberries","no"
NA,"World",NA,NA,"Fruits and nuts","Gross Production Value (constant 2014-2016 thousand I$)","1000 Int$",2021,531605,"Cranberries","no"
NA,"World",NA,NA,"Fruits and nuts","Gross Production Value (constant 2014-2016 thousand I$)","1000 Int$",2022,651063,"Cranberries","no"
NA,"World",NA,NA,"Fruits and nuts","Gross Production Value (constant 2014-2016 thousand I$)","1000 Int$",2023,588193,"Cranberries","no"
NA,"World",NA,NA,"Fruits and nuts","Gross Production Value (constant 2014-2016 thousand US$)","1000 USD",1992,141680,"Cranberries","no"
NA,"World",NA,NA,"Fruits and nuts","Gross Production Value (constant 2014-2016 thousand US$)","1000 USD",1993,131290,"Cranberries","no"
NA,"World",NA,NA,"Fruits and nuts","Gross Production Value (constant 2014-2016 thousand US$)","1000 USD",1994,162526,"Cranberries","no"
NA,"World",NA,NA,"Fruits and nuts","Gross Production Value (constant 2014-2016 thousand US$)","1000 USD",1995,146992,"Cranberries","no"
NA,"World",NA,NA,"Fruits and nuts","Gross Production Value (constant 2014-2016 thousand US$)","1000 USD",1996,160638,"Cranberries","no"
NA,"World",NA,NA,"Fruits and nuts","Gross Production Value (constant 2014-2016 thousand US$)","1000 USD",1997,189628,"Cranberries","no"
NA,"World",NA,NA,"Fruits and nuts","Gross Production Value (constant 2014-2016 thousand US$)","1000 USD",1998,195645,"Cranberries","no"
NA,"World",NA,NA,"Fruits and nuts","Gross Production Value (constant 2014-2016 thousand US$)","1000 USD",1999,225917,"Cranberries","no"
NA,"World",NA,NA,"Fruits and nuts","Gross Production Value (constant 2014-2016 thousand US$)","1000 USD",2000,203943,"Cranberries","no"
NA,"World",NA,NA,"Fruits and nuts","Gross Production Value (constant 2014-2016 thousand US$)","1000 USD",2001,191000,"Cranberries","no"
NA,"World",NA,NA,"Fruits and nuts","Gross Production Value (constant 2014-2016 thousand US$)","1000 USD",2002,211592,"Cranberries","no"
NA,"World",NA,NA,"Fruits and nuts","Gross Production Value (constant 2014-2016 thousand US$)","1000 USD",2003,236558,"Cranberries","no"
NA,"World",NA,NA,"Fruits and nuts","Gross Production Value (constant 2014-2016 thousand US$)","1000 USD",2004,238790,"Cranberries","no"
NA,"World",NA,NA,"Fruits and nuts","Gross Production Value (constant 2014-2016 thousand US$)","1000 USD",2005,238182,"Cranberries","no"
NA,"World",NA,NA,"Fruits and nuts","Gross Production Value (constant 2014-2016 thousand US$)","1000 USD",2006,269002,"Cranberries","no"
NA,"World",NA,NA,"Fruits and nuts","Gross Production Value (constant 2014-2016 thousand US$)","1000 USD",2007,254706,"Cranberries","no"
NA,"World",NA,NA,"Fruits and nuts","Gross Production Value (constant 2014-2016 thousand US$)","1000 USD",2008,299093,"Cranberries","no"
NA,"World",NA,NA,"Fruits and nuts","Gross Production Value (constant 2014-2016 thousand US$)","1000 USD",2009,280711,"Cranberries","no"
NA,"World",NA,NA,"Fruits and nuts","Gross Production Value (constant 2014-2016 thousand US$)","1000 USD",2010,270948,"Cranberries","no"
NA,"World",NA,NA,"Fruits and nuts","Gross Production Value (constant 2014-2016 thousand US$)","1000 USD",2011,306878,"Cranberries","no"
NA,"World",NA,NA,"Fruits and nuts","Gross Production Value (constant 2014-2016 thousand US$)","1000 USD",2012,342108,"Cranberries","no"
NA,"World",NA,NA,"Fruits and nuts","Gross Production Value (constant 2014-2016 thousand US$)","1000 USD",2013,359879,"Cranberries","no"
NA,"World",NA,NA,"Fruits and nuts","Gross Production Value (constant 2014-2016 thousand US$)","1000 USD",2014,366406,"Cranberries","no"
NA,"World",NA,NA,"Fruits and nuts","Gross Production Value (constant 2014-2016 thousand US$)","1000 USD",2015,361984,"Cranberries","no"
NA,"World",NA,NA,"Fruits and nuts","Gross Production Value (constant 2014-2016 thousand US$)","1000 USD",2016,418149,"Cranberries","no"
NA,"World",NA,NA,"Fruits and nuts","Gross Production Value (constant 2014-2016 thousand US$)","1000 USD",2017,351892,"Cranberries","no"
NA,"World",NA,NA,"Fruits and nuts","Gross Production Value (constant 2014-2016 thousand US$)","1000 USD",2018,394963,"Cranberries","no"
NA,"World",NA,NA,"Fruits and nuts","Gross Production Value (constant 2014-2016 thousand US$)","1000 USD",2019,349453,"Cranberries","no"
NA,"World",NA,NA,"Fruits and nuts","Gross Production Value (constant 2014-2016 thousand US$)","1000 USD",2020,348957,"Cranberries","no"
NA,"World",NA,NA,"Fruits and nuts","Gross Production Value (constant 2014-2016 thousand US$)","1000 USD",2021,315507,"Cranberries","no"
NA,"World",NA,NA,"Fruits and nuts","Gross Production Value (constant 2014-2016 thousand US$)","1000 USD",2022,388672,"Cranberries","no"
NA,"World",NA,NA,"Fruits and nuts","Gross Production Value (constant 2014-2016 thousand US$)","1000 USD",2023,351575,"Cranberries","no"
NA,"World",NA,NA,"Vegetables","Gross Production Value (constant 2014-2016 thousand I$)","1000 Int$",1992,6416199,"Cucumbers and gherkins","no"
NA,"World",NA,NA,"Vegetables","Gross Production Value (constant 2014-2016 thousand I$)","1000 Int$",1993,7170705,"Cucumbers and gherkins","no"
NA,"World",NA,NA,"Vegetables","Gross Production Value (constant 2014-2016 thousand I$)","1000 Int$",1994,8054165,"Cucumbers and gherkins","no"
NA,"World",NA,NA,"Vegetables","Gross Production Value (constant 2014-2016 thousand I$)","1000 Int$",1995,8730155,"Cucumbers and gherkins","no"
NA,"World",NA,NA,"Vegetables","Gross Production Value (constant 2014-2016 thousand I$)","1000 Int$",1996,9522959,"Cucumbers and gherkins","no"
NA,"World",NA,NA,"Vegetables","Gross Production Value (constant 2014-2016 thousand I$)","1000 Int$",1997,10215487,"Cucumbers and gherkins","no"
NA,"World",NA,NA,"Vegetables","Gross Production Value (constant 2014-2016 thousand I$)","1000 Int$",1998,10742195,"Cucumbers and gherkins","no"
NA,"World",NA,NA,"Vegetables","Gross Production Value (constant 2014-2016 thousand I$)","1000 Int$",1999,11543590,"Cucumbers and gherkins","no"
NA,"World",NA,NA,"Vegetables","Gross Production Value (constant 2014-2016 thousand I$)","1000 Int$",2000,14194650,"Cucumbers and gherkins","no"
NA,"World",NA,NA,"Vegetables","Gross Production Value (constant 2014-2016 thousand I$)","1000 Int$",2001,14761714,"Cucumbers and gherkins","no"
NA,"World",NA,NA,"Vegetables","Gross Production Value (constant 2014-2016 thousand I$)","1000 Int$",2002,15976383,"Cucumbers and gherkins","no"
NA,"World",NA,NA,"Vegetables","Gross Production Value (constant 2014-2016 thousand I$)","1000 Int$",2003,16243420,"Cucumbers and gherkins","no"
NA,"World",NA,NA,"Vegetables","Gross Production Value (constant 2014-2016 thousand I$)","1000 Int$",2004,16121918,"Cucumbers and gherkins","no"
NA,"World",NA,NA,"Vegetables","Gross Production Value (constant 2014-2016 thousand I$)","1000 Int$",2005,17204097,"Cucumbers and gherkins","no"
NA,"World",NA,NA,"Vegetables","Gross Production Value (constant 2014-2016 thousand I$)","1000 Int$",2006,18592258,"Cucumbers and gherkins","no"
NA,"World",NA,NA,"Vegetables","Gross Production Value (constant 2014-2016 thousand I$)","1000 Int$",2007,20237199,"Cucumbers and gherkins","no"
NA,"World",NA,NA,"Vegetables","Gross Production Value (constant 2014-2016 thousand I$)","1000 Int$",2008,21863575,"Cucumbers and gherkins","no"
NA,"World",NA,NA,"Vegetables","Gross Production Value (constant 2014-2016 thousand I$)","1000 Int$",2009,22700406,"Cucumbers and gherkins","no"
NA,"World",NA,NA,"Vegetables","Gross Production Value (constant 2014-2016 thousand I$)","1000 Int$",2010,23412191,"Cucumbers and gherkins","no"
NA,"World",NA,NA,"Vegetables","Gross Production Value (constant 2014-2016 thousand I$)","1000 Int$",2011,25425466,"Cucumbers and gherkins","no"
NA,"World",NA,NA,"Vegetables","Gross Production Value (constant 2014-2016 thousand I$)","1000 Int$",2012,26506255,"Cucumbers and gherkins","no"
NA,"World",NA,NA,"Vegetables","Gross Production Value (constant 2014-2016 thousand I$)","1000 Int$",2013,27408666,"Cucumbers and gherkins","no"
NA,"World",NA,NA,"Vegetables","Gross Production Value (constant 2014-2016 thousand I$)","1000 Int$",2014,28488945,"Cucumbers and gherkins","no"
NA,"World",NA,NA,"Vegetables","Gross Production Value (constant 2014-2016 thousand I$)","1000 Int$",2015,29332037,"Cucumbers and gherkins","no"
NA,"World",NA,NA,"Vegetables","Gross Production Value (constant 2014-2016 thousand I$)","1000 Int$",2016,30253609,"Cucumbers and gherkins","no"
NA,"World",NA,NA,"Vegetables","Gross Production Value (constant 2014-2016 thousand I$)","1000 Int$",2017,30760059,"Cucumbers and gherkins","no"
NA,"World",NA,NA,"Vegetables","Gross Production Value (constant 2014-2016 thousand I$)","1000 Int$",2018,31775388,"Cucumbers and gherkins","no"
NA,"World",NA,NA,"Vegetables","Gross Production Value (constant 2014-2016 thousand I$)","1000 Int$",2019,33037359,"Cucumbers and gherkins","no"
NA,"World",NA,NA,"Vegetables","Gross Production Value (constant 2014-2016 thousand I$)","1000 Int$",2020,33987695,"Cucumbers and gherkins","no"
NA,"World",NA,NA,"Vegetables","Gross Production Value (constant 2014-2016 thousand I$)","1000 Int$",2021,34793073,"Cucumbers and gherkins","no"
NA,"World",NA,NA,"Vegetables","Gross Production Value (constant 2014-2016 thousand I$)","1000 Int$",2022,35603318,"Cucumbers and gherkins","no"
NA,"World",NA,NA,"Vegetables","Gross Production Value (constant 2014-2016 thousand I$)","1000 Int$",2023,36588358,"Cucumbers and gherkins","no"
NA,"World",NA,NA,"Vegetables","Gross Production Value (constant 2014-2016 thousand US$)","1000 USD",1992,10268034,"Cucumbers and gherkins","no"
NA,"World",NA,NA,"Vegetables","Gross Production Value (constant 2014-2016 thousand US$)","1000 USD",1993,11165948,"Cucumbers and gherkins","no"
NA,"World",NA,NA,"Vegetables","Gross Production Value (constant 2014-2016 thousand US$)","1000 USD",1994,12449325,"Cucumbers and gherkins","no"
NA,"World",NA,NA,"Vegetables","Gross Production Value (constant 2014-2016 thousand US$)","1000 USD",1995,13322188,"Cucumbers and gherkins","no"
NA,"World",NA,NA,"Vegetables","Gross Production Value (constant 2014-2016 thousand US$)","1000 USD",1996,14318165,"Cucumbers and gherkins","no"
NA,"World",NA,NA,"Vegetables","Gross Production Value (constant 2014-2016 thousand US$)","1000 USD",1997,15579913,"Cucumbers and gherkins","no"
NA,"World",NA,NA,"Vegetables","Gross Production Value (constant 2014-2016 thousand US$)","1000 USD",1998,15994032,"Cucumbers and gherkins","no"
NA,"World",NA,NA,"Vegetables","Gross Production Value (constant 2014-2016 thousand US$)","1000 USD",1999,16904234,"Cucumbers and gherkins","no"
NA,"World",NA,NA,"Vegetables","Gross Production Value (constant 2014-2016 thousand US$)","1000 USD",2000,20017305,"Cucumbers and gherkins","no"
NA,"World",NA,NA,"Vegetables","Gross Production Value (constant 2014-2016 thousand US$)","1000 USD",2001,20535863,"Cucumbers and gherkins","no"
NA,"World",NA,NA,"Vegetables","Gross Production Value (constant 2014-2016 thousand US$)","1000 USD",2002,22063538,"Cucumbers and gherkins","no"
NA,"World",NA,NA,"Vegetables","Gross Production Value (constant 2014-2016 thousand US$)","1000 USD",2003,22358892,"Cucumbers and gherkins","no"
NA,"World",NA,NA,"Vegetables","Gross Production Value (constant 2014-2016 thousand US$)","1000 USD",2004,22164136,"Cucumbers and gherkins","no"
NA,"World",NA,NA,"Vegetables","Gross Production Value (constant 2014-2016 thousand US$)","1000 USD",2005,23541897,"Cucumbers and gherkins","no"
NA,"World",NA,NA,"Vegetables","Gross Production Value (constant 2014-2016 thousand US$)","1000 USD",2006,25093829,"Cucumbers and gherkins","no"
NA,"World",NA,NA,"Vegetables","Gross Production Value (constant 2014-2016 thousand US$)","1000 USD",2007,27091770,"Cucumbers and gherkins","no"
NA,"World",NA,NA,"Vegetables","Gross Production Value (constant 2014-2016 thousand US$)","1000 USD",2008,29151015,"Cucumbers and gherkins","no"
NA,"World",NA,NA,"Vegetables","Gross Production Value (constant 2014-2016 thousand US$)","1000 USD",2009,30161207,"Cucumbers and gherkins","no"
NA,"World",NA,NA,"Vegetables","Gross Production Value (constant 2014-2016 thousand US$)","1000 USD",2010,30896817,"Cucumbers and gherkins","no"
NA,"World",NA,NA,"Vegetables","Gross Production Value (constant 2014-2016 thousand US$)","1000 USD",2011,33543472,"Cucumbers and gherkins","no"
NA,"World",NA,NA,"Vegetables","Gross Production Value (constant 2014-2016 thousand US$)","1000 USD",2012,34818480,"Cucumbers and gherkins","no"
NA,"World",NA,NA,"Vegetables","Gross Production Value (constant 2014-2016 thousand US$)","1000 USD",2013,35883773,"Cucumbers and gherkins","no"
NA,"World",NA,NA,"Vegetables","Gross Production Value (constant 2014-2016 thousand US$)","1000 USD",2014,36935770,"Cucumbers and gherkins","no"
NA,"World",NA,NA,"Vegetables","Gross Production Value (constant 2014-2016 thousand US$)","1000 USD",2015,37950055,"Cucumbers and gherkins","no"
NA,"World",NA,NA,"Vegetables","Gross Production Value (constant 2014-2016 thousand US$)","1000 USD",2016,38672445,"Cucumbers and gherkins","no"
NA,"World",NA,NA,"Vegetables","Gross Production Value (constant 2014-2016 thousand US$)","1000 USD",2017,39403208,"Cucumbers and gherkins","no"
NA,"World",NA,NA,"Vegetables","Gross Production Value (constant 2014-2016 thousand US$)","1000 USD",2018,40729435,"Cucumbers and gherkins","no"
NA,"World",NA,NA,"Vegetables","Gross Production Value (constant 2014-2016 thousand US$)","1000 USD",2019,42191906,"Cucumbers and gherkins","no"
NA,"World",NA,NA,"Vegetables","Gross Production Value (constant 2014-2016 thousand US$)","1000 USD",2020,43564331,"Cucumbers and gherkins","no"
NA,"World",NA,NA,"Vegetables","Gross Production Value (constant 2014-2016 thousand US$)","1000 USD",2021,44452566,"Cucumbers and gherkins","no"
NA,"World",NA,NA,"Vegetables","Gross Production Value (constant 2014-2016 thousand US$)","1000 USD",2022,45357793,"Cucumbers and gherkins","no"
NA,"World",NA,NA,"Vegetables","Gross Production Value (constant 2014-2016 thousand US$)","1000 USD",2023,46467781,"Cucumbers and gherkins","no"
NA,"World",NA,NA,"Fruits and nuts","Gross Production Value (constant 2014-2016 thousand I$)","1000 Int$",1992,1038081,"Currants","no"
NA,"World",NA,NA,"Fruits and nuts","Gross Production Value (constant 2014-2016 thousand I$)","1000 Int$",1993,1032440,"Currants","no"
NA,"World",NA,NA,"Fruits and nuts","Gross Production Value (constant 2014-2016 thousand I$)","1000 Int$",1994,993632,"Currants","no"
NA,"World",NA,NA,"Fruits and nuts","Gross Production Value (constant 2014-2016 thousand I$)","1000 Int$",1995,972828,"Currants","no"
NA,"World",NA,NA,"Fruits and nuts","Gross Production Value (constant 2014-2016 thousand I$)","1000 Int$",1996,1034685,"Currants","no"
NA,"World",NA,NA,"Fruits and nuts","Gross Production Value (constant 2014-2016 thousand I$)","1000 Int$",1997,943059,"Currants","no"
NA,"World",NA,NA,"Fruits and nuts","Gross Production Value (constant 2014-2016 thousand I$)","1000 Int$",1998,977557,"Currants","no"
NA,"World",NA,NA,"Fruits and nuts","Gross Production Value (constant 2014-2016 thousand I$)","1000 Int$",1999,978741,"Currants","no"
NA,"World",NA,NA,"Fruits and nuts","Gross Production Value (constant 2014-2016 thousand I$)","1000 Int$",2000,1064738,"Currants","no"
NA,"World",NA,NA,"Fruits and nuts","Gross Production Value (constant 2014-2016 thousand I$)","1000 Int$",2001,1131919,"Currants","no"
NA,"World",NA,NA,"Fruits and nuts","Gross Production Value (constant 2014-2016 thousand I$)","1000 Int$",2002,1124596,"Currants","no"
NA,"World",NA,NA,"Fruits and nuts","Gross Production Value (constant 2014-2016 thousand I$)","1000 Int$",2003,1191798,"Currants","no"
NA,"World",NA,NA,"Fruits and nuts","Gross Production Value (constant 2014-2016 thousand I$)","1000 Int$",2004,1200608,"Currants","no"
NA,"World",NA,NA,"Fruits and nuts","Gross Production Value (constant 2014-2016 thousand I$)","1000 Int$",2005,1176383,"Currants","no"
NA,"World",NA,NA,"Fruits and nuts","Gross Production Value (constant 2014-2016 thousand I$)","1000 Int$",2006,1194494,"Currants","no"
NA,"World",NA,NA,"Fruits and nuts","Gross Production Value (constant 2014-2016 thousand I$)","1000 Int$",2007,1100648,"Currants","no"
NA,"World",NA,NA,"Fruits and nuts","Gross Production Value (constant 2014-2016 thousand I$)","1000 Int$",2008,1039948,"Currants","no"
NA,"World",NA,NA,"Fruits and nuts","Gross Production Value (constant 2014-2016 thousand I$)","1000 Int$",2009,1062626,"Currants","no"
NA,"World",NA,NA,"Fruits and nuts","Gross Production Value (constant 2014-2016 thousand I$)","1000 Int$",2010,983531,"Currants","no"
NA,"World",NA,NA,"Fruits and nuts","Gross Production Value (constant 2014-2016 thousand I$)","1000 Int$",2011,985575,"Currants","no"
NA,"World",NA,NA,"Fruits and nuts","Gross Production Value (constant 2014-2016 thousand I$)","1000 Int$",2012,993539,"Currants","no"
NA,"World",NA,NA,"Fruits and nuts","Gross Production Value (constant 2014-2016 thousand I$)","1000 Int$",2013,1057700,"Currants","no"
NA,"World",NA,NA,"Fruits and nuts","Gross Production Value (constant 2014-2016 thousand I$)","1000 Int$",2014,981716,"Currants","no"
NA,"World",NA,NA,"Fruits and nuts","Gross Production Value (constant 2014-2016 thousand I$)","1000 Int$",2015,971590,"Currants","no"
NA,"World",NA,NA,"Fruits and nuts","Gross Production Value (constant 2014-2016 thousand I$)","1000 Int$",2016,976199,"Currants","no"
NA,"World",NA,NA,"Fruits and nuts","Gross Production Value (constant 2014-2016 thousand I$)","1000 Int$",2017,848328,"Currants","no"
NA,"World",NA,NA,"Fruits and nuts","Gross Production Value (constant 2014-2016 thousand I$)","1000 Int$",2018,1045005,"Currants","no"
NA,"World",NA,NA,"Fruits and nuts","Gross Production Value (constant 2014-2016 thousand I$)","1000 Int$",2019,991134,"Currants","no"
NA,"World",NA,NA,"Fruits and nuts","Gross Production Value (constant 2014-2016 thousand I$)","1000 Int$",2020,1054280,"Currants","no"
NA,"World",NA,NA,"Fruits and nuts","Gross Production Value (constant 2014-2016 thousand I$)","1000 Int$",2021,1121662,"Currants","no"
NA,"World",NA,NA,"Fruits and nuts","Gross Production Value (constant 2014-2016 thousand I$)","1000 Int$",2022,1169752,"Currants","no"
NA,"World",NA,NA,"Fruits and nuts","Gross Production Value (constant 2014-2016 thousand I$)","1000 Int$",2023,1168526,"Currants","no"
NA,"World",NA,NA,"Fruits and nuts","Gross Production Value (constant 2014-2016 thousand US$)","1000 USD",1992,1063447,"Currants","no"
NA,"World",NA,NA,"Fruits and nuts","Gross Production Value (constant 2014-2016 thousand US$)","1000 USD",1993,1067761,"Currants","no"
NA,"World",NA,NA,"Fruits and nuts","Gross Production Value (constant 2014-2016 thousand US$)","1000 USD",1994,1027393,"Currants","no"
NA,"World",NA,NA,"Fruits and nuts","Gross Production Value (constant 2014-2016 thousand US$)","1000 USD",1995,1015494,"Currants","no"
NA,"World",NA,NA,"Fruits and nuts","Gross Production Value (constant 2014-2016 thousand US$)","1000 USD",1996,1021933,"Currants","no"
NA,"World",NA,NA,"Fruits and nuts","Gross Production Value (constant 2014-2016 thousand US$)","1000 USD",1997,871932,"Currants","no"
NA,"World",NA,NA,"Fruits and nuts","Gross Production Value (constant 2014-2016 thousand US$)","1000 USD",1998,887675,"Currants","no"
NA,"World",NA,NA,"Fruits and nuts","Gross Production Value (constant 2014-2016 thousand US$)","1000 USD",1999,940556,"Currants","no"
NA,"World",NA,NA,"Fruits and nuts","Gross Production Value (constant 2014-2016 thousand US$)","1000 USD",2000,1066096,"Currants","no"
NA,"World",NA,NA,"Fruits and nuts","Gross Production Value (constant 2014-2016 thousand US$)","1000 USD",2001,1098143,"Currants","no"
NA,"World",NA,NA,"Fruits and nuts","Gross Production Value (constant 2014-2016 thousand US$)","1000 USD",2002,1078964,"Currants","no"
NA,"World",NA,NA,"Fruits and nuts","Gross Production Value (constant 2014-2016 thousand US$)","1000 USD",2003,1132007,"Currants","no"
NA,"World",NA,NA,"Fruits and nuts","Gross Production Value (constant 2014-2016 thousand US$)","1000 USD",2004,1058710,"Currants","no"
NA,"World",NA,NA,"Fruits and nuts","Gross Production Value (constant 2014-2016 thousand US$)","1000 USD",2005,999576,"Currants","no"
NA,"World",NA,NA,"Fruits and nuts","Gross Production Value (constant 2014-2016 thousand US$)","1000 USD",2006,980983,"Currants","no"
NA,"World",NA,NA,"Fruits and nuts","Gross Production Value (constant 2014-2016 thousand US$)","1000 USD",2007,943148,"Currants","no"
NA,"World",NA,NA,"Fruits and nuts","Gross Production Value (constant 2014-2016 thousand US$)","1000 USD",2008,830388,"Currants","no"
NA,"World",NA,NA,"Fruits and nuts","Gross Production Value (constant 2014-2016 thousand US$)","1000 USD",2009,868003,"Currants","no"
NA,"World",NA,NA,"Fruits and nuts","Gross Production Value (constant 2014-2016 thousand US$)","1000 USD",2010,786925,"Currants","no"
NA,"World",NA,NA,"Fruits and nuts","Gross Production Value (constant 2014-2016 thousand US$)","1000 USD",2011,785071,"Currants","no"
NA,"World",NA,NA,"Fruits and nuts","Gross Production Value (constant 2014-2016 thousand US$)","1000 USD",2012,763416,"Currants","no"
NA,"World",NA,NA,"Fruits and nuts","Gross Production Value (constant 2014-2016 thousand US$)","1000 USD",2013,850774,"Currants","no"
NA,"World",NA,NA,"Fruits and nuts","Gross Production Value (constant 2014-2016 thousand US$)","1000 USD",2014,802120,"Currants","no"
NA,"World",NA,NA,"Fruits and nuts","Gross Production Value (constant 2014-2016 thousand US$)","1000 USD",2015,807209,"Currants","no"
NA,"World",NA,NA,"Fruits and nuts","Gross Production Value (constant 2014-2016 thousand US$)","1000 USD",2016,783248,"Currants","no"
NA,"World",NA,NA,"Fruits and nuts","Gross Production Value (constant 2014-2016 thousand US$)","1000 USD",2017,720849,"Currants","no"
NA,"World",NA,NA,"Fruits and nuts","Gross Production Value (constant 2014-2016 thousand US$)","1000 USD",2018,869666,"Currants","no"
NA,"World",NA,NA,"Fruits and nuts","Gross Production Value (constant 2014-2016 thousand US$)","1000 USD",2019,855767,"Currants","no"
NA,"World",NA,NA,"Fruits and nuts","Gross Production Value (constant 2014-2016 thousand US$)","1000 USD",2020,906008,"Currants","no"
NA,"World",NA,NA,"Fruits and nuts","Gross Production Value (constant 2014-2016 thousand US$)","1000 USD",2021,942703,"Currants","no"
NA,"World",NA,NA,"Fruits and nuts","Gross Production Value (constant 2014-2016 thousand US$)","1000 USD",2022,1009698,"Currants","no"
NA,"World",NA,NA,"Fruits and nuts","Gross Production Value (constant 2014-2016 thousand US$)","1000 USD",2023,1028091,"Currants","no"
NA,"World",NA,NA,"Fruits and nuts","Gross Production Value (constant 2014-2016 thousand I$)","1000 Int$",1992,3536740,"Dates","no"
NA,"World",NA,NA,"Fruits and nuts","Gross Production Value (constant 2014-2016 thousand I$)","1000 Int$",1993,4246342,"Dates","no"
NA,"World",NA,NA,"Fruits and nuts","Gross Production Value (constant 2014-2016 thousand I$)","1000 Int$",1994,4424456,"Dates","no"
NA,"World",NA,NA,"Fruits and nuts","Gross Production Value (constant 2014-2016 thousand I$)","1000 Int$",1995,4697425,"Dates","no"
NA,"World",NA,NA,"Fruits and nuts","Gross Production Value (constant 2014-2016 thousand I$)","1000 Int$",1996,4860768,"Dates","no"
NA,"World",NA,NA,"Fruits and nuts","Gross Production Value (constant 2014-2016 thousand I$)","1000 Int$",1997,4929028,"Dates","no"
NA,"World",NA,NA,"Fruits and nuts","Gross Production Value (constant 2014-2016 thousand I$)","1000 Int$",1998,5555300,"Dates","no"
NA,"World",NA,NA,"Fruits and nuts","Gross Production Value (constant 2014-2016 thousand I$)","1000 Int$",1999,5782237,"Dates","no"
NA,"World",NA,NA,"Fruits and nuts","Gross Production Value (constant 2014-2016 thousand I$)","1000 Int$",2000,6260693,"Dates","no"
NA,"World",NA,NA,"Fruits and nuts","Gross Production Value (constant 2014-2016 thousand I$)","1000 Int$",2001,6474029,"Dates","no"
NA,"World",NA,NA,"Fruits and nuts","Gross Production Value (constant 2014-2016 thousand I$)","1000 Int$",2002,6532874,"Dates","no"
NA,"World",NA,NA,"Fruits and nuts","Gross Production Value (constant 2014-2016 thousand I$)","1000 Int$",2003,6560119,"Dates","no"
NA,"World",NA,NA,"Fruits and nuts","Gross Production Value (constant 2014-2016 thousand I$)","1000 Int$",2004,6441301,"Dates","no"
NA,"World",NA,NA,"Fruits and nuts","Gross Production Value (constant 2014-2016 thousand I$)","1000 Int$",2005,6368504,"Dates","no"
NA,"World",NA,NA,"Fruits and nuts","Gross Production Value (constant 2014-2016 thousand I$)","1000 Int$",2006,6581171,"Dates","no"
NA,"World",NA,NA,"Fruits and nuts","Gross Production Value (constant 2014-2016 thousand I$)","1000 Int$",2007,6768566,"Dates","no"
NA,"World",NA,NA,"Fruits and nuts","Gross Production Value (constant 2014-2016 thousand I$)","1000 Int$",2008,6822535,"Dates","no"
NA,"World",NA,NA,"Fruits and nuts","Gross Production Value (constant 2014-2016 thousand I$)","1000 Int$",2009,6983502,"Dates","no"
NA,"World",NA,NA,"Fruits and nuts","Gross Production Value (constant 2014-2016 thousand I$)","1000 Int$",2010,7317591,"Dates","no"
NA,"World",NA,NA,"Fruits and nuts","Gross Production Value (constant 2014-2016 thousand I$)","1000 Int$",2011,7062196,"Dates","no"
NA,"World",NA,NA,"Fruits and nuts","Gross Production Value (constant 2014-2016 thousand I$)","1000 Int$",2012,7224970,"Dates","no"
NA,"World",NA,NA,"Fruits and nuts","Gross Production Value (constant 2014-2016 thousand I$)","1000 Int$",2013,7312824,"Dates","no"
NA,"World",NA,NA,"Fruits and nuts","Gross Production Value (constant 2014-2016 thousand I$)","1000 Int$",2014,7221526,"Dates","no"
NA,"World",NA,NA,"Fruits and nuts","Gross Production Value (constant 2014-2016 thousand I$)","1000 Int$",2015,7868360,"Dates","no"
NA,"World",NA,NA,"Fruits and nuts","Gross Production Value (constant 2014-2016 thousand I$)","1000 Int$",2016,8083825,"Dates","no"
NA,"World",NA,NA,"Fruits and nuts","Gross Production Value (constant 2014-2016 thousand I$)","1000 Int$",2017,8169799,"Dates","no"
NA,"World",NA,NA,"Fruits and nuts","Gross Production Value (constant 2014-2016 thousand I$)","1000 Int$",2018,8523040,"Dates","no"
NA,"World",NA,NA,"Fruits and nuts","Gross Production Value (constant 2014-2016 thousand I$)","1000 Int$",2019,8958477,"Dates","no"
NA,"World",NA,NA,"Fruits and nuts","Gross Production Value (constant 2014-2016 thousand I$)","1000 Int$",2020,9207261,"Dates","no"
NA,"World",NA,NA,"Fruits and nuts","Gross Production Value (constant 2014-2016 thousand I$)","1000 Int$",2021,9570607,"Dates","no"
NA,"World",NA,NA,"Fruits and nuts","Gross Production Value (constant 2014-2016 thousand I$)","1000 Int$",2022,9044413,"Dates","no"
NA,"World",NA,NA,"Fruits and nuts","Gross Production Value (constant 2014-2016 thousand I$)","1000 Int$",2023,9391437,"Dates","no"
NA,"World",NA,NA,"Fruits and nuts","Gross Production Value (constant 2014-2016 thousand US$)","1000 USD",1992,4028632,"Dates","no"
NA,"World",NA,NA,"Fruits and nuts","Gross Production Value (constant 2014-2016 thousand US$)","1000 USD",1993,4512965,"Dates","no"
NA,"World",NA,NA,"Fruits and nuts","Gross Production Value (constant 2014-2016 thousand US$)","1000 USD",1994,4775086,"Dates","no"
NA,"World",NA,NA,"Fruits and nuts","Gross Production Value (constant 2014-2016 thousand US$)","1000 USD",1995,4818250,"Dates","no"
NA,"World",NA,NA,"Fruits and nuts","Gross Production Value (constant 2014-2016 thousand US$)","1000 USD",1996,5223806,"Dates","no"
NA,"World",NA,NA,"Fruits and nuts","Gross Production Value (constant 2014-2016 thousand US$)","1000 USD",1997,5085924,"Dates","no"
NA,"World",NA,NA,"Fruits and nuts","Gross Production Value (constant 2014-2016 thousand US$)","1000 USD",1998,5781340,"Dates","no"
NA,"World",NA,NA,"Fruits and nuts","Gross Production Value (constant 2014-2016 thousand US$)","1000 USD",1999,6069721,"Dates","no"
NA,"World",NA,NA,"Fruits and nuts","Gross Production Value (constant 2014-2016 thousand US$)","1000 USD",2000,5971236,"Dates","no"
NA,"World",NA,NA,"Fruits and nuts","Gross Production Value (constant 2014-2016 thousand US$)","1000 USD",2001,6459449,"Dates","no"
NA,"World",NA,NA,"Fruits and nuts","Gross Production Value (constant 2014-2016 thousand US$)","1000 USD",2002,6543095,"Dates","no"
NA,"World",NA,NA,"Fruits and nuts","Gross Production Value (constant 2014-2016 thousand US$)","1000 USD",2003,6878239,"Dates","no"
NA,"World",NA,NA,"Fruits and nuts","Gross Production Value (constant 2014-2016 thousand US$)","1000 USD",2004,6930355,"Dates","no"
NA,"World",NA,NA,"Fruits and nuts","Gross Production Value (constant 2014-2016 thousand US$)","1000 USD",2005,7229495,"Dates","no"
NA,"World",NA,NA,"Fruits and nuts","Gross Production Value (constant 2014-2016 thousand US$)","1000 USD",2006,7195864,"Dates","no"
NA,"World",NA,NA,"Fruits and nuts","Gross Production Value (constant 2014-2016 thousand US$)","1000 USD",2007,7480537,"Dates","no"
NA,"World",NA,NA,"Fruits and nuts","Gross Production Value (constant 2014-2016 thousand US$)","1000 USD",2008,7624906,"Dates","no"
NA,"World",NA,NA,"Fruits and nuts","Gross Production Value (constant 2014-2016 thousand US$)","1000 USD",2009,7919214,"Dates","no"
NA,"World",NA,NA,"Fruits and nuts","Gross Production Value (constant 2014-2016 thousand US$)","1000 USD",2010,8217803,"Dates","no"
NA,"World",NA,NA,"Fruits and nuts","Gross Production Value (constant 2014-2016 thousand US$)","1000 USD",2011,8801117,"Dates","no"
NA,"World",NA,NA,"Fruits and nuts","Gross Production Value (constant 2014-2016 thousand US$)","1000 USD",2012,9157993,"Dates","no"
NA,"World",NA,NA,"Fruits and nuts","Gross Production Value (constant 2014-2016 thousand US$)","1000 USD",2013,9553202,"Dates","no"
NA,"World",NA,NA,"Fruits and nuts","Gross Production Value (constant 2014-2016 thousand US$)","1000 USD",2014,8671277,"Dates","no"
NA,"World",NA,NA,"Fruits and nuts","Gross Production Value (constant 2014-2016 thousand US$)","1000 USD",2015,10071886,"Dates","no"
NA,"World",NA,NA,"Fruits and nuts","Gross Production Value (constant 2014-2016 thousand US$)","1000 USD",2016,10653375,"Dates","no"
NA,"World",NA,NA,"Fruits and nuts","Gross Production Value (constant 2014-2016 thousand US$)","1000 USD",2017,11042858,"Dates","no"
NA,"World",NA,NA,"Fruits and nuts","Gross Production Value (constant 2014-2016 thousand US$)","1000 USD",2018,11639929,"Dates","no"
NA,"World",NA,NA,"Fruits and nuts","Gross Production Value (constant 2014-2016 thousand US$)","1000 USD",2019,12568198,"Dates","no"
NA,"World",NA,NA,"Fruits and nuts","Gross Production Value (constant 2014-2016 thousand US$)","1000 USD",2020,12813266,"Dates","no"
NA,"World",NA,NA,"Fruits and nuts","Gross Production Value (constant 2014-2016 thousand US$)","1000 USD",2021,13251513,"Dates","no"
NA,"World",NA,NA,"Fruits and nuts","Gross Production Value (constant 2014-2016 thousand US$)","1000 USD",2022,13196665,"Dates","no"
NA,"World",NA,NA,"Fruits and nuts","Gross Production Value (constant 2014-2016 thousand US$)","1000 USD",2023,13813222,"Dates","no"
NA,"World",NA,NA,"Edible roots and tubers with high starch or inulin content","Gross Production Value (constant 2014-2016 thousand I$)","1000 Int$",1992,1106667,"Edible roots and tubers with high starch or inulin content, n.e.c.","no"
NA,"World",NA,NA,"Edible roots and tubers with high starch or inulin content","Gross Production Value (constant 2014-2016 thousand I$)","1000 Int$",1993,565814,"Edible roots and tubers with high starch or inulin content, n.e.c.","no"
NA,"World",NA,NA,"Edible roots and tubers with high starch or inulin content","Gross Production Value (constant 2014-2016 thousand I$)","1000 Int$",1994,607544,"Edible roots and tubers with high starch or inulin content, n.e.c.","no"
NA,"World",NA,NA,"Edible roots and tubers with high starch or inulin content","Gross Production Value (constant 2014-2016 thousand I$)","1000 Int$",1995,618090,"Edible roots and tubers with high starch or inulin content, n.e.c.","no"
NA,"World",NA,NA,"Edible roots and tubers with high starch or inulin content","Gross Production Value (constant 2014-2016 thousand I$)","1000 Int$",1996,620472,"Edible roots and tubers with high starch or inulin content, n.e.c.","no"
NA,"World",NA,NA,"Edible roots and tubers with high starch or inulin content","Gross Production Value (constant 2014-2016 thousand I$)","1000 Int$",1997,625320,"Edible roots and tubers with high starch or inulin content, n.e.c.","no"
NA,"World",NA,NA,"Edible roots and tubers with high starch or inulin content","Gross Production Value (constant 2014-2016 thousand I$)","1000 Int$",1998,661358,"Edible roots and tubers with high starch or inulin content, n.e.c.","no"
NA,"World",NA,NA,"Edible roots and tubers with high starch or inulin content","Gross Production Value (constant 2014-2016 thousand I$)","1000 Int$",1999,673516,"Edible roots and tubers with high starch or inulin content, n.e.c.","no"
NA,"World",NA,NA,"Edible roots and tubers with high starch or inulin content","Gross Production Value (constant 2014-2016 thousand I$)","1000 Int$",2000,689113,"Edible roots and tubers with high starch or inulin content, n.e.c.","no"
NA,"World",NA,NA,"Edible roots and tubers with high starch or inulin content","Gross Production Value (constant 2014-2016 thousand I$)","1000 Int$",2001,714563,"Edible roots and tubers with high starch or inulin content, n.e.c.","no"
NA,"World",NA,NA,"Edible roots and tubers with high starch or inulin content","Gross Production Value (constant 2014-2016 thousand I$)","1000 Int$",2002,738647,"Edible roots and tubers with high starch or inulin content, n.e.c.","no"
NA,"World",NA,NA,"Edible roots and tubers with high starch or inulin content","Gross Production Value (constant 2014-2016 thousand I$)","1000 Int$",2003,755554,"Edible roots and tubers with high starch or inulin content, n.e.c.","no"
NA,"World",NA,NA,"Edible roots and tubers with high starch or inulin content","Gross Production Value (constant 2014-2016 thousand I$)","1000 Int$",2004,773629,"Edible roots and tubers with high starch or inulin content, n.e.c.","no"
NA,"World",NA,NA,"Edible roots and tubers with high starch or inulin content","Gross Production Value (constant 2014-2016 thousand I$)","1000 Int$",2005,787474,"Edible roots and tubers with high starch or inulin content, n.e.c.","no"
NA,"World",NA,NA,"Edible roots and tubers with high starch or inulin content","Gross Production Value (constant 2014-2016 thousand I$)","1000 Int$",2006,807098,"Edible roots and tubers with high starch or inulin content, n.e.c.","no"
NA,"World",NA,NA,"Edible roots and tubers with high starch or inulin content","Gross Production Value (constant 2014-2016 thousand I$)","1000 Int$",2007,818378,"Edible roots and tubers with high starch or inulin content, n.e.c.","no"
NA,"World",NA,NA,"Edible roots and tubers with high starch or inulin content","Gross Production Value (constant 2014-2016 thousand I$)","1000 Int$",2008,827957,"Edible roots and tubers with high starch or inulin content, n.e.c.","no"
NA,"World",NA,NA,"Edible roots and tubers with high starch or inulin content","Gross Production Value (constant 2014-2016 thousand I$)","1000 Int$",2009,913433,"Edible roots and tubers with high starch or inulin content, n.e.c.","no"
NA,"World",NA,NA,"Edible roots and tubers with high starch or inulin content","Gross Production Value (constant 2014-2016 thousand I$)","1000 Int$",2010,1016909,"Edible roots and tubers with high starch or inulin content, n.e.c.","no"
NA,"World",NA,NA,"Edible roots and tubers with high starch or inulin content","Gross Production Value (constant 2014-2016 thousand I$)","1000 Int$",2011,1135460,"Edible roots and tubers with high starch or inulin content, n.e.c.","no"
NA,"World",NA,NA,"Edible roots and tubers with high starch or inulin content","Gross Production Value (constant 2014-2016 thousand I$)","1000 Int$",2012,1227055,"Edible roots and tubers with high starch or inulin content, n.e.c.","no"
NA,"World",NA,NA,"Edible roots and tubers with high starch or inulin content","Gross Production Value (constant 2014-2016 thousand I$)","1000 Int$",2013,1279009,"Edible roots and tubers with high starch or inulin content, n.e.c.","no"
NA,"World",NA,NA,"Edible roots and tubers with high starch or inulin content","Gross Production Value (constant 2014-2016 thousand I$)","1000 Int$",2014,1378036,"Edible roots and tubers with high starch or inulin content, n.e.c.","no"
NA,"World",NA,NA,"Edible roots and tubers with high starch or inulin content","Gross Production Value (constant 2014-2016 thousand I$)","1000 Int$",2015,1588297,"Edible roots and tubers with high starch or inulin content, n.e.c.","no"
NA,"World",NA,NA,"Edible roots and tubers with high starch or inulin content","Gross Production Value (constant 2014-2016 thousand I$)","1000 Int$",2016,1583701,"Edible roots and tubers with high starch or inulin content, n.e.c.","no"
NA,"World",NA,NA,"Edible roots and tubers with high starch or inulin content","Gross Production Value (constant 2014-2016 thousand I$)","1000 Int$",2017,1540181,"Edible roots and tubers with high starch or inulin content, n.e.c.","no"
NA,"World",NA,NA,"Edible roots and tubers with high starch or inulin content","Gross Production Value (constant 2014-2016 thousand I$)","1000 Int$",2018,1786820,"Edible roots and tubers with high starch or inulin content, n.e.c.","no"
NA,"World",NA,NA,"Edible roots and tubers with high starch or inulin content","Gross Production Value (constant 2014-2016 thousand I$)","1000 Int$",2019,1803046,"Edible roots and tubers with high starch or inulin content, n.e.c.","no"
NA,"World",NA,NA,"Edible roots and tubers with high starch or inulin content","Gross Production Value (constant 2014-2016 thousand I$)","1000 Int$",2020,1882159,"Edible roots and tubers with high starch or inulin content, n.e.c.","no"
NA,"World",NA,NA,"Edible roots and tubers with high starch or inulin content","Gross Production Value (constant 2014-2016 thousand I$)","1000 Int$",2021,1877013,"Edible roots and tubers with high starch or inulin content, n.e.c.","no"
NA,"World",NA,NA,"Edible roots and tubers with high starch or inulin content","Gross Production Value (constant 2014-2016 thousand I$)","1000 Int$",2022,1950587,"Edible roots and tubers with high starch or inulin content, n.e.c.","no"
NA,"World",NA,NA,"Edible roots and tubers with high starch or inulin content","Gross Production Value (constant 2014-2016 thousand I$)","1000 Int$",2023,2084622,"Edible roots and tubers with high starch or inulin content, n.e.c.","no"
NA,"World",NA,NA,"Edible roots and tubers with high starch or inulin content","Gross Production Value (constant 2014-2016 thousand US$)","1000 USD",1992,724757,"Edible roots and tubers with high starch or inulin content, n.e.c.","no"
NA,"World",NA,NA,"Edible roots and tubers with high starch or inulin content","Gross Production Value (constant 2014-2016 thousand US$)","1000 USD",1993,810545,"Edible roots and tubers with high starch or inulin content, n.e.c.","no"
NA,"World",NA,NA,"Edible roots and tubers with high starch or inulin content","Gross Production Value (constant 2014-2016 thousand US$)","1000 USD",1994,936814,"Edible roots and tubers with high starch or inulin content, n.e.c.","no"
NA,"World",NA,NA,"Edible roots and tubers with high starch or inulin content","Gross Production Value (constant 2014-2016 thousand US$)","1000 USD",1995,920474,"Edible roots and tubers with high starch or inulin content, n.e.c.","no"
NA,"World",NA,NA,"Edible roots and tubers with high starch or inulin content","Gross Production Value (constant 2014-2016 thousand US$)","1000 USD",1996,876580,"Edible roots and tubers with high starch or inulin content, n.e.c.","no"
NA,"World",NA,NA,"Edible roots and tubers with high starch or inulin content","Gross Production Value (constant 2014-2016 thousand US$)","1000 USD",1997,871439,"Edible roots and tubers with high starch or inulin content, n.e.c.","no"
NA,"World",NA,NA,"Edible roots and tubers with high starch or inulin content","Gross Production Value (constant 2014-2016 thousand US$)","1000 USD",1998,1433575,"Edible roots and tubers with high starch or inulin content, n.e.c.","no"
NA,"World",NA,NA,"Edible roots and tubers with high starch or inulin content","Gross Production Value (constant 2014-2016 thousand US$)","1000 USD",1999,1463936,"Edible roots and tubers with high starch or inulin content, n.e.c.","no"
NA,"World",NA,NA,"Edible roots and tubers with high starch or inulin content","Gross Production Value (constant 2014-2016 thousand US$)","1000 USD",2000,1462343,"Edible roots and tubers with high starch or inulin content, n.e.c.","no"
NA,"World",NA,NA,"Edible roots and tubers with high starch or inulin content","Gross Production Value (constant 2014-2016 thousand US$)","1000 USD",2001,1488496,"Edible roots and tubers with high starch or inulin content, n.e.c.","no"
NA,"World",NA,NA,"Edible roots and tubers with high starch or inulin content","Gross Production Value (constant 2014-2016 thousand US$)","1000 USD",2002,1492489,"Edible roots and tubers with high starch or inulin content, n.e.c.","no"
NA,"World",NA,NA,"Edible roots and tubers with high starch or inulin content","Gross Production Value (constant 2014-2016 thousand US$)","1000 USD",2003,1508015,"Edible roots and tubers with high starch or inulin content, n.e.c.","no"
NA,"World",NA,NA,"Edible roots and tubers with high starch or inulin content","Gross Production Value (constant 2014-2016 thousand US$)","1000 USD",2004,1522512,"Edible roots and tubers with high starch or inulin content, n.e.c.","no"
NA,"World",NA,NA,"Edible roots and tubers with high starch or inulin content","Gross Production Value (constant 2014-2016 thousand US$)","1000 USD",2005,1578930,"Edible roots and tubers with high starch or inulin content, n.e.c.","no"
NA,"World",NA,NA,"Edible roots and tubers with high starch or inulin content","Gross Production Value (constant 2014-2016 thousand US$)","1000 USD",2006,1558579,"Edible roots and tubers with high starch or inulin content, n.e.c.","no"
NA,"World",NA,NA,"Edible roots and tubers with high starch or inulin content","Gross Production Value (constant 2014-2016 thousand US$)","1000 USD",2007,1554836,"Edible roots and tubers with high starch or inulin content, n.e.c.","no"
NA,"World",NA,NA,"Edible roots and tubers with high starch or inulin content","Gross Production Value (constant 2014-2016 thousand US$)","1000 USD",2008,1545214,"Edible roots and tubers with high starch or inulin content, n.e.c.","no"
NA,"World",NA,NA,"Edible roots and tubers with high starch or inulin content","Gross Production Value (constant 2014-2016 thousand US$)","1000 USD",2009,1519953,"Edible roots and tubers with high starch or inulin content, n.e.c.","no"
NA,"World",NA,NA,"Edible roots and tubers with high starch or inulin content","Gross Production Value (constant 2014-2016 thousand US$)","1000 USD",2010,1409495,"Edible roots and tubers with high starch or inulin content, n.e.c.","no"
NA,"World",NA,NA,"Edible roots and tubers with high starch or inulin content","Gross Production Value (constant 2014-2016 thousand US$)","1000 USD",2011,1440624,"Edible roots and tubers with high starch or inulin content, n.e.c.","no"
NA,"World",NA,NA,"Edible roots and tubers with high starch or inulin content","Gross Production Value (constant 2014-2016 thousand US$)","1000 USD",2012,1590989,"Edible roots and tubers with high starch or inulin content, n.e.c.","no"
NA,"World",NA,NA,"Edible roots and tubers with high starch or inulin content","Gross Production Value (constant 2014-2016 thousand US$)","1000 USD",2013,1635050,"Edible roots and tubers with high starch or inulin content, n.e.c.","no"
NA,"World",NA,NA,"Edible roots and tubers with high starch or inulin content","Gross Production Value (constant 2014-2016 thousand US$)","1000 USD",2014,1835800,"Edible roots and tubers with high starch or inulin content, n.e.c.","no"
NA,"World",NA,NA,"Edible roots and tubers with high starch or inulin content","Gross Production Value (constant 2014-2016 thousand US$)","1000 USD",2015,1764813,"Edible roots and tubers with high starch or inulin content, n.e.c.","no"
NA,"World",NA,NA,"Edible roots and tubers with high starch or inulin content","Gross Production Value (constant 2014-2016 thousand US$)","1000 USD",2016,1745534,"Edible roots and tubers with high starch or inulin content, n.e.c.","no"
NA,"World",NA,NA,"Edible roots and tubers with high starch or inulin content","Gross Production Value (constant 2014-2016 thousand US$)","1000 USD",2017,1781160,"Edible roots and tubers with high starch or inulin content, n.e.c.","no"
NA,"World",NA,NA,"Edible roots and tubers with high starch or inulin content","Gross Production Value (constant 2014-2016 thousand US$)","1000 USD",2018,1801346,"Edible roots and tubers with high starch or inulin content, n.e.c.","no"
NA,"World",NA,NA,"Edible roots and tubers with high starch or inulin content","Gross Production Value (constant 2014-2016 thousand US$)","1000 USD",2019,1802202,"Edible roots and tubers with high starch or inulin content, n.e.c.","no"
NA,"World",NA,NA,"Edible roots and tubers with high starch or inulin content","Gross Production Value (constant 2014-2016 thousand US$)","1000 USD",2020,1835414,"Edible roots and tubers with high starch or inulin content, n.e.c.","no"
NA,"World",NA,NA,"Edible roots and tubers with high starch or inulin content","Gross Production Value (constant 2014-2016 thousand US$)","1000 USD",2021,1831473,"Edible roots and tubers with high starch or inulin content, n.e.c.","no"
NA,"World",NA,NA,"Edible roots and tubers with high starch or inulin content","Gross Production Value (constant 2014-2016 thousand US$)","1000 USD",2022,1820947,"Edible roots and tubers with high starch or inulin content, n.e.c.","no"
NA,"World",NA,NA,"Edible roots and tubers with high starch or inulin content","Gross Production Value (constant 2014-2016 thousand US$)","1000 USD",2023,1859921,"Edible roots and tubers with high starch or inulin content, n.e.c.","no"
NA,"World",NA,NA,"Vegetables","Gross Production Value (constant 2014-2016 thousand I$)","1000 Int$",1992,3357692,"Eggplants","no"
NA,"World",NA,NA,"Vegetables","Gross Production Value (constant 2014-2016 thousand I$)","1000 Int$",1993,4352503,"Eggplants","no"
NA,"World",NA,NA,"Vegetables","Gross Production Value (constant 2014-2016 thousand I$)","1000 Int$",1994,4536334,"Eggplants","no"
NA,"World",NA,NA,"Vegetables","Gross Production Value (constant 2014-2016 thousand I$)","1000 Int$",1995,5247398,"Eggplants","no"
NA,"World",NA,NA,"Vegetables","Gross Production Value (constant 2014-2016 thousand I$)","1000 Int$",1996,5773743,"Eggplants","no"
NA,"World",NA,NA,"Vegetables","Gross Production Value (constant 2014-2016 thousand I$)","1000 Int$",1997,5976417,"Eggplants","no"
NA,"World",NA,NA,"Vegetables","Gross Production Value (constant 2014-2016 thousand I$)","1000 Int$",1998,6705267,"Eggplants","no"
NA,"World",NA,NA,"Vegetables","Gross Production Value (constant 2014-2016 thousand I$)","1000 Int$",1999,7666664,"Eggplants","no"
NA,"World",NA,NA,"Vegetables","Gross Production Value (constant 2014-2016 thousand I$)","1000 Int$",2000,7906534,"Eggplants","no"
NA,"World",NA,NA,"Vegetables","Gross Production Value (constant 2014-2016 thousand I$)","1000 Int$",2001,7801833,"Eggplants","no"
NA,"World",NA,NA,"Vegetables","Gross Production Value (constant 2014-2016 thousand I$)","1000 Int$",2002,8487872,"Eggplants","no"
NA,"World",NA,NA,"Vegetables","Gross Production Value (constant 2014-2016 thousand I$)","1000 Int$",2003,8498025,"Eggplants","no"
NA,"World",NA,NA,"Vegetables","Gross Production Value (constant 2014-2016 thousand I$)","1000 Int$",2004,8867459,"Eggplants","no"
NA,"World",NA,NA,"Vegetables","Gross Production Value (constant 2014-2016 thousand I$)","1000 Int$",2005,9179989,"Eggplants","no"
NA,"World",NA,NA,"Vegetables","Gross Production Value (constant 2014-2016 thousand I$)","1000 Int$",2006,9452745,"Eggplants","no"
NA,"World",NA,NA,"Vegetables","Gross Production Value (constant 2014-2016 thousand I$)","1000 Int$",2007,10764812,"Eggplants","no"
NA,"World",NA,NA,"Vegetables","Gross Production Value (constant 2014-2016 thousand I$)","1000 Int$",2008,11483065,"Eggplants","no"
NA,"World",NA,NA,"Vegetables","Gross Production Value (constant 2014-2016 thousand I$)","1000 Int$",2009,12531070,"Eggplants","no"
NA,"World",NA,NA,"Vegetables","Gross Production Value (constant 2014-2016 thousand I$)","1000 Int$",2010,12701595,"Eggplants","no"
NA,"World",NA,NA,"Vegetables","Gross Production Value (constant 2014-2016 thousand I$)","1000 Int$",2011,12970200,"Eggplants","no"
NA,"World",NA,NA,"Vegetables","Gross Production Value (constant 2014-2016 thousand I$)","1000 Int$",2012,13527077,"Eggplants","no"
NA,"World",NA,NA,"Vegetables","Gross Production Value (constant 2014-2016 thousand I$)","1000 Int$",2013,14085711,"Eggplants","no"
NA,"World",NA,NA,"Vegetables","Gross Production Value (constant 2014-2016 thousand I$)","1000 Int$",2014,14448417,"Eggplants","no"
NA,"World",NA,NA,"Vegetables","Gross Production Value (constant 2014-2016 thousand I$)","1000 Int$",2015,14672843,"Eggplants","no"
NA,"World",NA,NA,"Vegetables","Gross Production Value (constant 2014-2016 thousand I$)","1000 Int$",2016,14955069,"Eggplants","no"
NA,"World",NA,NA,"Vegetables","Gross Production Value (constant 2014-2016 thousand I$)","1000 Int$",2017,15298841,"Eggplants","no"
NA,"World",NA,NA,"Vegetables","Gross Production Value (constant 2014-2016 thousand I$)","1000 Int$",2018,15651448,"Eggplants","no"
NA,"World",NA,NA,"Vegetables","Gross Production Value (constant 2014-2016 thousand I$)","1000 Int$",2019,16039652,"Eggplants","no"
NA,"World",NA,NA,"Vegetables","Gross Production Value (constant 2014-2016 thousand I$)","1000 Int$",2020,16408172,"Eggplants","no"
NA,"World",NA,NA,"Vegetables","Gross Production Value (constant 2014-2016 thousand I$)","1000 Int$",2021,16780134,"Eggplants","no"
NA,"World",NA,NA,"Vegetables","Gross Production Value (constant 2014-2016 thousand I$)","1000 Int$",2022,17110156,"Eggplants","no"
NA,"World",NA,NA,"Vegetables","Gross Production Value (constant 2014-2016 thousand I$)","1000 Int$",2023,17380693,"Eggplants","no"
NA,"World",NA,NA,"Vegetables","Gross Production Value (constant 2014-2016 thousand US$)","1000 USD",1992,5664590,"Eggplants","no"
NA,"World",NA,NA,"Vegetables","Gross Production Value (constant 2014-2016 thousand US$)","1000 USD",1993,6389085,"Eggplants","no"
NA,"World",NA,NA,"Vegetables","Gross Production Value (constant 2014-2016 thousand US$)","1000 USD",1994,7008499,"Eggplants","no"
NA,"World",NA,NA,"Vegetables","Gross Production Value (constant 2014-2016 thousand US$)","1000 USD",1995,7495484,"Eggplants","no"
NA,"World",NA,NA,"Vegetables","Gross Production Value (constant 2014-2016 thousand US$)","1000 USD",1996,8364242,"Eggplants","no"
NA,"World",NA,NA,"Vegetables","Gross Production Value (constant 2014-2016 thousand US$)","1000 USD",1997,8680649,"Eggplants","no"
NA,"World",NA,NA,"Vegetables","Gross Production Value (constant 2014-2016 thousand US$)","1000 USD",1998,9228675,"Eggplants","no"
NA,"World",NA,NA,"Vegetables","Gross Production Value (constant 2014-2016 thousand US$)","1000 USD",1999,10793493,"Eggplants","no"
NA,"World",NA,NA,"Vegetables","Gross Production Value (constant 2014-2016 thousand US$)","1000 USD",2000,11063286,"Eggplants","no"
NA,"World",NA,NA,"Vegetables","Gross Production Value (constant 2014-2016 thousand US$)","1000 USD",2001,10987737,"Eggplants","no"
NA,"World",NA,NA,"Vegetables","Gross Production Value (constant 2014-2016 thousand US$)","1000 USD",2002,11776323,"Eggplants","no"
NA,"World",NA,NA,"Vegetables","Gross Production Value (constant 2014-2016 thousand US$)","1000 USD",2003,11874445,"Eggplants","no"
NA,"World",NA,NA,"Vegetables","Gross Production Value (constant 2014-2016 thousand US$)","1000 USD",2004,12261990,"Eggplants","no"
NA,"World",NA,NA,"Vegetables","Gross Production Value (constant 2014-2016 thousand US$)","1000 USD",2005,12632400,"Eggplants","no"
NA,"World",NA,NA,"Vegetables","Gross Production Value (constant 2014-2016 thousand US$)","1000 USD",2006,12827780,"Eggplants","no"
NA,"World",NA,NA,"Vegetables","Gross Production Value (constant 2014-2016 thousand US$)","1000 USD",2007,14921979,"Eggplants","no"
NA,"World",NA,NA,"Vegetables","Gross Production Value (constant 2014-2016 thousand US$)","1000 USD",2008,15795875,"Eggplants","no"
NA,"World",NA,NA,"Vegetables","Gross Production Value (constant 2014-2016 thousand US$)","1000 USD",2009,17149789,"Eggplants","no"
NA,"World",NA,NA,"Vegetables","Gross Production Value (constant 2014-2016 thousand US$)","1000 USD",2010,17424035,"Eggplants","no"
NA,"World",NA,NA,"Vegetables","Gross Production Value (constant 2014-2016 thousand US$)","1000 USD",2011,17440487,"Eggplants","no"
NA,"World",NA,NA,"Vegetables","Gross Production Value (constant 2014-2016 thousand US$)","1000 USD",2012,18144212,"Eggplants","no"
NA,"World",NA,NA,"Vegetables","Gross Production Value (constant 2014-2016 thousand US$)","1000 USD",2013,18707898,"Eggplants","no"
NA,"World",NA,NA,"Vegetables","Gross Production Value (constant 2014-2016 thousand US$)","1000 USD",2014,19211638,"Eggplants","no"
NA,"World",NA,NA,"Vegetables","Gross Production Value (constant 2014-2016 thousand US$)","1000 USD",2015,19836791,"Eggplants","no"
NA,"World",NA,NA,"Vegetables","Gross Production Value (constant 2014-2016 thousand US$)","1000 USD",2016,20263536,"Eggplants","no"
NA,"World",NA,NA,"Vegetables","Gross Production Value (constant 2014-2016 thousand US$)","1000 USD",2017,20760285,"Eggplants","no"
NA,"World",NA,NA,"Vegetables","Gross Production Value (constant 2014-2016 thousand US$)","1000 USD",2018,21278367,"Eggplants","no"
NA,"World",NA,NA,"Vegetables","Gross Production Value (constant 2014-2016 thousand US$)","1000 USD",2019,21859859,"Eggplants","no"
NA,"World",NA,NA,"Vegetables","Gross Production Value (constant 2014-2016 thousand US$)","1000 USD",2020,22505178,"Eggplants","no"
NA,"World",NA,NA,"Vegetables","Gross Production Value (constant 2014-2016 thousand US$)","1000 USD",2021,22977797,"Eggplants","no"
NA,"World",NA,NA,"Vegetables","Gross Production Value (constant 2014-2016 thousand US$)","1000 USD",2022,23379760,"Eggplants","no"
NA,"World",NA,NA,"Vegetables","Gross Production Value (constant 2014-2016 thousand US$)","1000 USD",2023,23755846,"Eggplants","no"
NA,"World",NA,NA,"Eggs of hens or other birds in shell, fresh","Gross Production Value (constant 2014-2016 thousand I$)","1000 Int$",1992,7875827,"Eggs from other birds in shell, n.e.c.","no"
NA,"World",NA,NA,"Eggs of hens or other birds in shell, fresh","Gross Production Value (constant 2014-2016 thousand I$)","1000 Int$",1993,8780716,"Eggs from other birds in shell, n.e.c.","no"
NA,"World",NA,NA,"Eggs of hens or other birds in shell, fresh","Gross Production Value (constant 2014-2016 thousand I$)","1000 Int$",1994,10548347,"Eggs from other birds in shell, n.e.c.","no"
NA,"World",NA,NA,"Eggs of hens or other birds in shell, fresh","Gross Production Value (constant 2014-2016 thousand I$)","1000 Int$",1995,11709062,"Eggs from other birds in shell, n.e.c.","no"
NA,"World",NA,NA,"Eggs of hens or other birds in shell, fresh","Gross Production Value (constant 2014-2016 thousand I$)","1000 Int$",1996,13717073,"Eggs from other birds in shell, n.e.c.","no"
NA,"World",NA,NA,"Eggs of hens or other birds in shell, fresh","Gross Production Value (constant 2014-2016 thousand I$)","1000 Int$",1997,10309929,"Eggs from other birds in shell, n.e.c.","no"
NA,"World",NA,NA,"Eggs of hens or other birds in shell, fresh","Gross Production Value (constant 2014-2016 thousand I$)","1000 Int$",1998,10812716,"Eggs from other birds in shell, n.e.c.","no"
NA,"World",NA,NA,"Eggs of hens or other birds in shell, fresh","Gross Production Value (constant 2014-2016 thousand I$)","1000 Int$",1999,11329511,"Eggs from other birds in shell, n.e.c.","no"
NA,"World",NA,NA,"Eggs of hens or other birds in shell, fresh","Gross Production Value (constant 2014-2016 thousand I$)","1000 Int$",2000,11643833,"Eggs from other birds in shell, n.e.c.","no"
NA,"World",NA,NA,"Eggs of hens or other birds in shell, fresh","Gross Production Value (constant 2014-2016 thousand I$)","1000 Int$",2001,11873280,"Eggs from other birds in shell, n.e.c.","no"
NA,"World",NA,NA,"Eggs of hens or other birds in shell, fresh","Gross Production Value (constant 2014-2016 thousand I$)","1000 Int$",2002,12085764,"Eggs from other birds in shell, n.e.c.","no"
NA,"World",NA,NA,"Eggs of hens or other birds in shell, fresh","Gross Production Value (constant 2014-2016 thousand I$)","1000 Int$",2003,12602585,"Eggs from other birds in shell, n.e.c.","no"
NA,"World",NA,NA,"Eggs of hens or other birds in shell, fresh","Gross Production Value (constant 2014-2016 thousand I$)","1000 Int$",2004,12738320,"Eggs from other birds in shell, n.e.c.","no"
NA,"World",NA,NA,"Eggs of hens or other birds in shell, fresh","Gross Production Value (constant 2014-2016 thousand I$)","1000 Int$",2005,13107512,"Eggs from other birds in shell, n.e.c.","no"
NA,"World",NA,NA,"Eggs of hens or other birds in shell, fresh","Gross Production Value (constant 2014-2016 thousand I$)","1000 Int$",2006,13112648,"Eggs from other birds in shell, n.e.c.","no"
NA,"World",NA,NA,"Eggs of hens or other birds in shell, fresh","Gross Production Value (constant 2014-2016 thousand I$)","1000 Int$",2007,13670249,"Eggs from other birds in shell, n.e.c.","no"
NA,"World",NA,NA,"Eggs of hens or other birds in shell, fresh","Gross Production Value (constant 2014-2016 thousand I$)","1000 Int$",2008,14475288,"Eggs from other birds in shell, n.e.c.","no"
NA,"World",NA,NA,"Eggs of hens or other birds in shell, fresh","Gross Production Value (constant 2014-2016 thousand I$)","1000 Int$",2009,14915804,"Eggs from other birds in shell, n.e.c.","no"
NA,"World",NA,NA,"Eggs of hens or other birds in shell, fresh","Gross Production Value (constant 2014-2016 thousand I$)","1000 Int$",2010,15106240,"Eggs from other birds in shell, n.e.c.","no"
NA,"World",NA,NA,"Eggs of hens or other birds in shell, fresh","Gross Production Value (constant 2014-2016 thousand I$)","1000 Int$",2011,15375120,"Eggs from other birds in shell, n.e.c.","no"
NA,"World",NA,NA,"Eggs of hens or other birds in shell, fresh","Gross Production Value (constant 2014-2016 thousand I$)","1000 Int$",2012,15690043,"Eggs from other birds in shell, n.e.c.","no"
NA,"World",NA,NA,"Eggs of hens or other birds in shell, fresh","Gross Production Value (constant 2014-2016 thousand I$)","1000 Int$",2013,15866195,"Eggs from other birds in shell, n.e.c.","no"
NA,"World",NA,NA,"Eggs of hens or other birds in shell, fresh","Gross Production Value (constant 2014-2016 thousand I$)","1000 Int$",2014,16173366,"Eggs from other birds in shell, n.e.c.","no"
NA,"World",NA,NA,"Eggs of hens or other birds in shell, fresh","Gross Production Value (constant 2014-2016 thousand I$)","1000 Int$",2015,16925355,"Eggs from other birds in shell, n.e.c.","no"
NA,"World",NA,NA,"Eggs of hens or other birds in shell, fresh","Gross Production Value (constant 2014-2016 thousand I$)","1000 Int$",2016,17460891,"Eggs from other birds in shell, n.e.c.","no"
NA,"World",NA,NA,"Eggs of hens or other birds in shell, fresh","Gross Production Value (constant 2014-2016 thousand I$)","1000 Int$",2017,16600576,"Eggs from other birds in shell, n.e.c.","no"
NA,"World",NA,NA,"Eggs of hens or other birds in shell, fresh","Gross Production Value (constant 2014-2016 thousand I$)","1000 Int$",2018,16598886,"Eggs from other birds in shell, n.e.c.","no"
NA,"World",NA,NA,"Eggs of hens or other birds in shell, fresh","Gross Production Value (constant 2014-2016 thousand I$)","1000 Int$",2019,16951462,"Eggs from other birds in shell, n.e.c.","no"
NA,"World",NA,NA,"Eggs of hens or other birds in shell, fresh","Gross Production Value (constant 2014-2016 thousand I$)","1000 Int$",2020,17884615,"Eggs from other birds in shell, n.e.c.","no"
NA,"World",NA,NA,"Eggs of hens or other birds in shell, fresh","Gross Production Value (constant 2014-2016 thousand I$)","1000 Int$",2021,17667376,"Eggs from other birds in shell, n.e.c.","no"
NA,"World",NA,NA,"Eggs of hens or other birds in shell, fresh","Gross Production Value (constant 2014-2016 thousand I$)","1000 Int$",2022,17897700,"Eggs from other birds in shell, n.e.c.","no"
NA,"World",NA,NA,"Eggs of hens or other birds in shell, fresh","Gross Production Value (constant 2014-2016 thousand I$)","1000 Int$",2023,18342133,"Eggs from other birds in shell, n.e.c.","no"
NA,"World",NA,NA,"Eggs of hens or other birds in shell, fresh","Gross Production Value (constant 2014-2016 thousand US$)","1000 USD",1992,12478540,"Eggs from other birds in shell, n.e.c.","no"
NA,"World",NA,NA,"Eggs of hens or other birds in shell, fresh","Gross Production Value (constant 2014-2016 thousand US$)","1000 USD",1993,14316336,"Eggs from other birds in shell, n.e.c.","no"
NA,"World",NA,NA,"Eggs of hens or other birds in shell, fresh","Gross Production Value (constant 2014-2016 thousand US$)","1000 USD",1994,17670648,"Eggs from other birds in shell, n.e.c.","no"
NA,"World",NA,NA,"Eggs of hens or other birds in shell, fresh","Gross Production Value (constant 2014-2016 thousand US$)","1000 USD",1995,19900644,"Eggs from other birds in shell, n.e.c.","no"
NA,"World",NA,NA,"Eggs of hens or other birds in shell, fresh","Gross Production Value (constant 2014-2016 thousand US$)","1000 USD",1996,23640894,"Eggs from other birds in shell, n.e.c.","no"
NA,"World",NA,NA,"Eggs of hens or other birds in shell, fresh","Gross Production Value (constant 2014-2016 thousand US$)","1000 USD",1997,17115275,"Eggs from other birds in shell, n.e.c.","no"
NA,"World",NA,NA,"Eggs of hens or other birds in shell, fresh","Gross Production Value (constant 2014-2016 thousand US$)","1000 USD",1998,18104578,"Eggs from other birds in shell, n.e.c.","no"
NA,"World",NA,NA,"Eggs of hens or other birds in shell, fresh","Gross Production Value (constant 2014-2016 thousand US$)","1000 USD",1999,19036390,"Eggs from other birds in shell, n.e.c.","no"
NA,"World",NA,NA,"Eggs of hens or other birds in shell, fresh","Gross Production Value (constant 2014-2016 thousand US$)","1000 USD",2000,19530596,"Eggs from other birds in shell, n.e.c.","no"
NA,"World",NA,NA,"Eggs of hens or other birds in shell, fresh","Gross Production Value (constant 2014-2016 thousand US$)","1000 USD",2001,19850518,"Eggs from other birds in shell, n.e.c.","no"
NA,"World",NA,NA,"Eggs of hens or other birds in shell, fresh","Gross Production Value (constant 2014-2016 thousand US$)","1000 USD",2002,20152632,"Eggs from other birds in shell, n.e.c.","no"
NA,"World",NA,NA,"Eggs of hens or other birds in shell, fresh","Gross Production Value (constant 2014-2016 thousand US$)","1000 USD",2003,21034009,"Eggs from other birds in shell, n.e.c.","no"
NA,"World",NA,NA,"Eggs of hens or other birds in shell, fresh","Gross Production Value (constant 2014-2016 thousand US$)","1000 USD",2004,21319880,"Eggs from other birds in shell, n.e.c.","no"
NA,"World",NA,NA,"Eggs of hens or other birds in shell, fresh","Gross Production Value (constant 2014-2016 thousand US$)","1000 USD",2005,21912992,"Eggs from other birds in shell, n.e.c.","no"
NA,"World",NA,NA,"Eggs of hens or other birds in shell, fresh","Gross Production Value (constant 2014-2016 thousand US$)","1000 USD",2006,21820319,"Eggs from other birds in shell, n.e.c.","no"
NA,"World",NA,NA,"Eggs of hens or other birds in shell, fresh","Gross Production Value (constant 2014-2016 thousand US$)","1000 USD",2007,22753722,"Eggs from other birds in shell, n.e.c.","no"
NA,"World",NA,NA,"Eggs of hens or other birds in shell, fresh","Gross Production Value (constant 2014-2016 thousand US$)","1000 USD",2008,24199485,"Eggs from other birds in shell, n.e.c.","no"
NA,"World",NA,NA,"Eggs of hens or other birds in shell, fresh","Gross Production Value (constant 2014-2016 thousand US$)","1000 USD",2009,24682333,"Eggs from other birds in shell, n.e.c.","no"
NA,"World",NA,NA,"Eggs of hens or other birds in shell, fresh","Gross Production Value (constant 2014-2016 thousand US$)","1000 USD",2010,24910603,"Eggs from other birds in shell, n.e.c.","no"
NA,"World",NA,NA,"Eggs of hens or other birds in shell, fresh","Gross Production Value (constant 2014-2016 thousand US$)","1000 USD",2011,25366865,"Eggs from other birds in shell, n.e.c.","no"
NA,"World",NA,NA,"Eggs of hens or other birds in shell, fresh","Gross Production Value (constant 2014-2016 thousand US$)","1000 USD",2012,25872920,"Eggs from other birds in shell, n.e.c.","no"
NA,"World",NA,NA,"Eggs of hens or other birds in shell, fresh","Gross Production Value (constant 2014-2016 thousand US$)","1000 USD",2013,26063395,"Eggs from other birds in shell, n.e.c.","no"
NA,"World",NA,NA,"Eggs of hens or other birds in shell, fresh","Gross Production Value (constant 2014-2016 thousand US$)","1000 USD",2014,26405500,"Eggs from other birds in shell, n.e.c.","no"
NA,"World",NA,NA,"Eggs of hens or other birds in shell, fresh","Gross Production Value (constant 2014-2016 thousand US$)","1000 USD",2015,27748038,"Eggs from other birds in shell, n.e.c.","no"
NA,"World",NA,NA,"Eggs of hens or other birds in shell, fresh","Gross Production Value (constant 2014-2016 thousand US$)","1000 USD",2016,28763257,"Eggs from other birds in shell, n.e.c.","no"
NA,"World",NA,NA,"Eggs of hens or other birds in shell, fresh","Gross Production Value (constant 2014-2016 thousand US$)","1000 USD",2017,26975915,"Eggs from other birds in shell, n.e.c.","no"
NA,"World",NA,NA,"Eggs of hens or other birds in shell, fresh","Gross Production Value (constant 2014-2016 thousand US$)","1000 USD",2018,27193486,"Eggs from other birds in shell, n.e.c.","no"
NA,"World",NA,NA,"Eggs of hens or other birds in shell, fresh","Gross Production Value (constant 2014-2016 thousand US$)","1000 USD",2019,28089186,"Eggs from other birds in shell, n.e.c.","no"
NA,"World",NA,NA,"Eggs of hens or other birds in shell, fresh","Gross Production Value (constant 2014-2016 thousand US$)","1000 USD",2020,29554203,"Eggs from other birds in shell, n.e.c.","no"
NA,"World",NA,NA,"Eggs of hens or other birds in shell, fresh","Gross Production Value (constant 2014-2016 thousand US$)","1000 USD",2021,29144090,"Eggs from other birds in shell, n.e.c.","no"
NA,"World",NA,NA,"Eggs of hens or other birds in shell, fresh","Gross Production Value (constant 2014-2016 thousand US$)","1000 USD",2022,29564015,"Eggs from other birds in shell, n.e.c.","no"
NA,"World",NA,NA,"Eggs of hens or other birds in shell, fresh","Gross Production Value (constant 2014-2016 thousand US$)","1000 USD",2023,30401231,"Eggs from other birds in shell, n.e.c.","no"
NA,"World",NA,NA,"Fruits and nuts","Gross Production Value (constant 2014-2016 thousand I$)","1000 Int$",1992,791285,"Figs","no"
NA,"World",NA,NA,"Fruits and nuts","Gross Production Value (constant 2014-2016 thousand I$)","1000 Int$",1993,774885,"Figs","no"
NA,"World",NA,NA,"Fruits and nuts","Gross Production Value (constant 2014-2016 thousand I$)","1000 Int$",1994,793638,"Figs","no"
NA,"World",NA,NA,"Fruits and nuts","Gross Production Value (constant 2014-2016 thousand I$)","1000 Int$",1995,834172,"Figs","no"
NA,"World",NA,NA,"Fruits and nuts","Gross Production Value (constant 2014-2016 thousand I$)","1000 Int$",1996,789173,"Figs","no"
NA,"World",NA,NA,"Fruits and nuts","Gross Production Value (constant 2014-2016 thousand I$)","1000 Int$",1997,776839,"Figs","no"
NA,"World",NA,NA,"Fruits and nuts","Gross Production Value (constant 2014-2016 thousand I$)","1000 Int$",1998,792643,"Figs","no"
NA,"World",NA,NA,"Fruits and nuts","Gross Production Value (constant 2014-2016 thousand I$)","1000 Int$",1999,823291,"Figs","no"
NA,"World",NA,NA,"Fruits and nuts","Gross Production Value (constant 2014-2016 thousand I$)","1000 Int$",2000,744787,"Figs","no"
NA,"World",NA,NA,"Fruits and nuts","Gross Production Value (constant 2014-2016 thousand I$)","1000 Int$",2001,692841,"Figs","no"
NA,"World",NA,NA,"Fruits and nuts","Gross Production Value (constant 2014-2016 thousand I$)","1000 Int$",2002,767608,"Figs","no"
NA,"World",NA,NA,"Fruits and nuts","Gross Production Value (constant 2014-2016 thousand I$)","1000 Int$",2003,741845,"Figs","no"
NA,"World",NA,NA,"Fruits and nuts","Gross Production Value (constant 2014-2016 thousand I$)","1000 Int$",2004,758497,"Figs","no"
NA,"World",NA,NA,"Fruits and nuts","Gross Production Value (constant 2014-2016 thousand I$)","1000 Int$",2005,814815,"Figs","no"
NA,"World",NA,NA,"Fruits and nuts","Gross Production Value (constant 2014-2016 thousand I$)","1000 Int$",2006,882946,"Figs","no"
NA,"World",NA,NA,"Fruits and nuts","Gross Production Value (constant 2014-2016 thousand I$)","1000 Int$",2007,763553,"Figs","no"
NA,"World",NA,NA,"Fruits and nuts","Gross Production Value (constant 2014-2016 thousand I$)","1000 Int$",2008,788247,"Figs","no"
NA,"World",NA,NA,"Fruits and nuts","Gross Production Value (constant 2014-2016 thousand I$)","1000 Int$",2009,853525,"Figs","no"
NA,"World",NA,NA,"Fruits and nuts","Gross Production Value (constant 2014-2016 thousand I$)","1000 Int$",2010,795871,"Figs","no"
NA,"World",NA,NA,"Fruits and nuts","Gross Production Value (constant 2014-2016 thousand I$)","1000 Int$",2011,796676,"Figs","no"
NA,"World",NA,NA,"Fruits and nuts","Gross Production Value (constant 2014-2016 thousand I$)","1000 Int$",2012,789961,"Figs","no"
NA,"World",NA,NA,"Fruits and nuts","Gross Production Value (constant 2014-2016 thousand I$)","1000 Int$",2013,845845,"Figs","no"
NA,"World",NA,NA,"Fruits and nuts","Gross Production Value (constant 2014-2016 thousand I$)","1000 Int$",2014,859428,"Figs","no"
NA,"World",NA,NA,"Fruits and nuts","Gross Production Value (constant 2014-2016 thousand I$)","1000 Int$",2015,873335,"Figs","no"
NA,"World",NA,NA,"Fruits and nuts","Gross Production Value (constant 2014-2016 thousand I$)","1000 Int$",2016,805163,"Figs","no"
NA,"World",NA,NA,"Fruits and nuts","Gross Production Value (constant 2014-2016 thousand I$)","1000 Int$",2017,877894,"Figs","no"
NA,"World",NA,NA,"Fruits and nuts","Gross Production Value (constant 2014-2016 thousand I$)","1000 Int$",2018,926118,"Figs","no"
NA,"World",NA,NA,"Fruits and nuts","Gross Production Value (constant 2014-2016 thousand I$)","1000 Int$",2019,990049,"Figs","no"
NA,"World",NA,NA,"Fruits and nuts","Gross Production Value (constant 2014-2016 thousand I$)","1000 Int$",2020,1041452,"Figs","no"
NA,"World",NA,NA,"Fruits and nuts","Gross Production Value (constant 2014-2016 thousand I$)","1000 Int$",2021,987510,"Figs","no"
NA,"World",NA,NA,"Fruits and nuts","Gross Production Value (constant 2014-2016 thousand I$)","1000 Int$",2022,965934,"Figs","no"
NA,"World",NA,NA,"Fruits and nuts","Gross Production Value (constant 2014-2016 thousand I$)","1000 Int$",2023,974715,"Figs","no"
NA,"World",NA,NA,"Fruits and nuts","Gross Production Value (constant 2014-2016 thousand US$)","1000 USD",1992,958296,"Figs","no"
NA,"World",NA,NA,"Fruits and nuts","Gross Production Value (constant 2014-2016 thousand US$)","1000 USD",1993,856630,"Figs","no"
NA,"World",NA,NA,"Fruits and nuts","Gross Production Value (constant 2014-2016 thousand US$)","1000 USD",1994,905210,"Figs","no"
NA,"World",NA,NA,"Fruits and nuts","Gross Production Value (constant 2014-2016 thousand US$)","1000 USD",1995,909821,"Figs","no"
NA,"World",NA,NA,"Fruits and nuts","Gross Production Value (constant 2014-2016 thousand US$)","1000 USD",1996,873489,"Figs","no"
NA,"World",NA,NA,"Fruits and nuts","Gross Production Value (constant 2014-2016 thousand US$)","1000 USD",1997,859007,"Figs","no"
NA,"World",NA,NA,"Fruits and nuts","Gross Production Value (constant 2014-2016 thousand US$)","1000 USD",1998,871002,"Figs","no"
NA,"World",NA,NA,"Fruits and nuts","Gross Production Value (constant 2014-2016 thousand US$)","1000 USD",1999,933352,"Figs","no"
NA,"World",NA,NA,"Fruits and nuts","Gross Production Value (constant 2014-2016 thousand US$)","1000 USD",2000,828322,"Figs","no"
NA,"World",NA,NA,"Fruits and nuts","Gross Production Value (constant 2014-2016 thousand US$)","1000 USD",2001,780225,"Figs","no"
NA,"World",NA,NA,"Fruits and nuts","Gross Production Value (constant 2014-2016 thousand US$)","1000 USD",2002,826539,"Figs","no"
NA,"World",NA,NA,"Fruits and nuts","Gross Production Value (constant 2014-2016 thousand US$)","1000 USD",2003,814747,"Figs","no"
NA,"World",NA,NA,"Fruits and nuts","Gross Production Value (constant 2014-2016 thousand US$)","1000 USD",2004,809145,"Figs","no"
NA,"World",NA,NA,"Fruits and nuts","Gross Production Value (constant 2014-2016 thousand US$)","1000 USD",2005,845687,"Figs","no"
NA,"World",NA,NA,"Fruits and nuts","Gross Production Value (constant 2014-2016 thousand US$)","1000 USD",2006,851688,"Figs","no"
NA,"World",NA,NA,"Fruits and nuts","Gross Production Value (constant 2014-2016 thousand US$)","1000 USD",2007,737286,"Figs","no"
NA,"World",NA,NA,"Fruits and nuts","Gross Production Value (constant 2014-2016 thousand US$)","1000 USD",2008,749899,"Figs","no"
NA,"World",NA,NA,"Fruits and nuts","Gross Production Value (constant 2014-2016 thousand US$)","1000 USD",2009,833093,"Figs","no"
NA,"World",NA,NA,"Fruits and nuts","Gross Production Value (constant 2014-2016 thousand US$)","1000 USD",2010,803501,"Figs","no"
NA,"World",NA,NA,"Fruits and nuts","Gross Production Value (constant 2014-2016 thousand US$)","1000 USD",2011,818334,"Figs","no"
NA,"World",NA,NA,"Fruits and nuts","Gross Production Value (constant 2014-2016 thousand US$)","1000 USD",2012,801924,"Figs","no"
NA,"World",NA,NA,"Fruits and nuts","Gross Production Value (constant 2014-2016 thousand US$)","1000 USD",2013,865854,"Figs","no"
NA,"World",NA,NA,"Fruits and nuts","Gross Production Value (constant 2014-2016 thousand US$)","1000 USD",2014,882198,"Figs","no"
NA,"World",NA,NA,"Fruits and nuts","Gross Production Value (constant 2014-2016 thousand US$)","1000 USD",2015,894066,"Figs","no"
NA,"World",NA,NA,"Fruits and nuts","Gross Production Value (constant 2014-2016 thousand US$)","1000 USD",2016,817330,"Figs","no"
NA,"World",NA,NA,"Fruits and nuts","Gross Production Value (constant 2014-2016 thousand US$)","1000 USD",2017,890332,"Figs","no"
NA,"World",NA,NA,"Fruits and nuts","Gross Production Value (constant 2014-2016 thousand US$)","1000 USD",2018,936856,"Figs","no"
NA,"World",NA,NA,"Fruits and nuts","Gross Production Value (constant 2014-2016 thousand US$)","1000 USD",2019,1000691,"Figs","no"
NA,"World",NA,NA,"Fruits and nuts","Gross Production Value (constant 2014-2016 thousand US$)","1000 USD",2020,1011120,"Figs","no"
NA,"World",NA,NA,"Fruits and nuts","Gross Production Value (constant 2014-2016 thousand US$)","1000 USD",2021,943056,"Figs","no"
NA,"World",NA,NA,"Fruits and nuts","Gross Production Value (constant 2014-2016 thousand US$)","1000 USD",2022,917199,"Figs","no"
NA,"World",NA,NA,"Fruits and nuts","Gross Production Value (constant 2014-2016 thousand US$)","1000 USD",2023,928567,"Figs","no"
NA,"World",NA,NA,"Cereals","Gross Production Value (constant 2014-2016 thousand I$)","1000 Int$",1992,122488,"Fonio","no"
NA,"World",NA,NA,"Cereals","Gross Production Value (constant 2014-2016 thousand I$)","1000 Int$",1993,153847,"Fonio","no"
NA,"World",NA,NA,"Cereals","Gross Production Value (constant 2014-2016 thousand I$)","1000 Int$",1994,142505,"Fonio","no"
NA,"World",NA,NA,"Cereals","Gross Production Value (constant 2014-2016 thousand I$)","1000 Int$",1995,159342,"Fonio","no"
NA,"World",NA,NA,"Cereals","Gross Production Value (constant 2014-2016 thousand I$)","1000 Int$",1996,162473,"Fonio","no"
NA,"World",NA,NA,"Cereals","Gross Production Value (constant 2014-2016 thousand I$)","1000 Int$",1997,165724,"Fonio","no"
NA,"World",NA,NA,"Cereals","Gross Production Value (constant 2014-2016 thousand I$)","1000 Int$",1998,177348,"Fonio","no"
NA,"World",NA,NA,"Cereals","Gross Production Value (constant 2014-2016 thousand I$)","1000 Int$",1999,193789,"Fonio","no"
NA,"World",NA,NA,"Cereals","Gross Production Value (constant 2014-2016 thousand I$)","1000 Int$",2000,232691,"Fonio","no"
NA,"World",NA,NA,"Cereals","Gross Production Value (constant 2014-2016 thousand I$)","1000 Int$",2001,234723,"Fonio","no"
NA,"World",NA,NA,"Cereals","Gross Production Value (constant 2014-2016 thousand I$)","1000 Int$",2002,239022,"Fonio","no"
NA,"World",NA,NA,"Cereals","Gross Production Value (constant 2014-2016 thousand I$)","1000 Int$",2003,246438,"Fonio","no"
NA,"World",NA,NA,"Cereals","Gross Production Value (constant 2014-2016 thousand I$)","1000 Int$",2004,254053,"Fonio","no"
NA,"World",NA,NA,"Cereals","Gross Production Value (constant 2014-2016 thousand I$)","1000 Int$",2005,278605,"Fonio","no"
NA,"World",NA,NA,"Cereals","Gross Production Value (constant 2014-2016 thousand I$)","1000 Int$",2006,275407,"Fonio","no"
NA,"World",NA,NA,"Cereals","Gross Production Value (constant 2014-2016 thousand I$)","1000 Int$",2007,279736,"Fonio","no"
NA,"World",NA,NA,"Cereals","Gross Production Value (constant 2014-2016 thousand I$)","1000 Int$",2008,362843,"Fonio","no"
NA,"World",NA,NA,"Cereals","Gross Production Value (constant 2014-2016 thousand I$)","1000 Int$",2009,379391,"Fonio","no"
NA,"World",NA,NA,"Cereals","Gross Production Value (constant 2014-2016 thousand I$)","1000 Int$",2010,420427,"Fonio","no"
NA,"World",NA,NA,"Cereals","Gross Production Value (constant 2014-2016 thousand I$)","1000 Int$",2011,436969,"Fonio","no"
NA,"World",NA,NA,"Cereals","Gross Production Value (constant 2014-2016 thousand I$)","1000 Int$",2012,432480,"Fonio","no"
NA,"World",NA,NA,"Cereals","Gross Production Value (constant 2014-2016 thousand I$)","1000 Int$",2013,458516,"Fonio","no"
NA,"World",NA,NA,"Cereals","Gross Production Value (constant 2014-2016 thousand I$)","1000 Int$",2014,472204,"Fonio","no"
NA,"World",NA,NA,"Cereals","Gross Production Value (constant 2014-2016 thousand I$)","1000 Int$",2015,484507,"Fonio","no"
NA,"World",NA,NA,"Cereals","Gross Production Value (constant 2014-2016 thousand I$)","1000 Int$",2016,481058,"Fonio","no"
NA,"World",NA,NA,"Cereals","Gross Production Value (constant 2014-2016 thousand I$)","1000 Int$",2017,500038,"Fonio","no"
NA,"World",NA,NA,"Cereals","Gross Production Value (constant 2014-2016 thousand I$)","1000 Int$",2018,485146,"Fonio","no"
NA,"World",NA,NA,"Cereals","Gross Production Value (constant 2014-2016 thousand I$)","1000 Int$",2019,476857,"Fonio","no"
NA,"World",NA,NA,"Cereals","Gross Production Value (constant 2014-2016 thousand I$)","1000 Int$",2020,496474,"Fonio","no"
NA,"World",NA,NA,"Cereals","Gross Production Value (constant 2014-2016 thousand I$)","1000 Int$",2021,499909,"Fonio","no"
NA,"World",NA,NA,"Cereals","Gross Production Value (constant 2014-2016 thousand I$)","1000 Int$",2022,495214,"Fonio","no"
NA,"World",NA,NA,"Cereals","Gross Production Value (constant 2014-2016 thousand I$)","1000 Int$",2023,517413,"Fonio","no"
NA,"World",NA,NA,"Cereals","Gross Production Value (constant 2014-2016 thousand US$)","1000 USD",1992,53796,"Fonio","no"
NA,"World",NA,NA,"Cereals","Gross Production Value (constant 2014-2016 thousand US$)","1000 USD",1993,70003,"Fonio","no"
NA,"World",NA,NA,"Cereals","Gross Production Value (constant 2014-2016 thousand US$)","1000 USD",1994,59265,"Fonio","no"
NA,"World",NA,NA,"Cereals","Gross Production Value (constant 2014-2016 thousand US$)","1000 USD",1995,64367,"Fonio","no"
NA,"World",NA,NA,"Cereals","Gross Production Value (constant 2014-2016 thousand US$)","1000 USD",1996,61220,"Fonio","no"
NA,"World",NA,NA,"Cereals","Gross Production Value (constant 2014-2016 thousand US$)","1000 USD",1997,61433,"Fonio","no"
NA,"World",NA,NA,"Cereals","Gross Production Value (constant 2014-2016 thousand US$)","1000 USD",1998,66080,"Fonio","no"
NA,"World",NA,NA,"Cereals","Gross Production Value (constant 2014-2016 thousand US$)","1000 USD",1999,79293,"Fonio","no"
NA,"World",NA,NA,"Cereals","Gross Production Value (constant 2014-2016 thousand US$)","1000 USD",2000,79331,"Fonio","no"
NA,"World",NA,NA,"Cereals","Gross Production Value (constant 2014-2016 thousand US$)","1000 USD",2001,80465,"Fonio","no"
NA,"World",NA,NA,"Cereals","Gross Production Value (constant 2014-2016 thousand US$)","1000 USD",2002,78958,"Fonio","no"
NA,"World",NA,NA,"Cereals","Gross Production Value (constant 2014-2016 thousand US$)","1000 USD",2003,81641,"Fonio","no"
NA,"World",NA,NA,"Cereals","Gross Production Value (constant 2014-2016 thousand US$)","1000 USD",2004,83016,"Fonio","no"
NA,"World",NA,NA,"Cereals","Gross Production Value (constant 2014-2016 thousand US$)","1000 USD",2005,93791,"Fonio","no"
NA,"World",NA,NA,"Cereals","Gross Production Value (constant 2014-2016 thousand US$)","1000 USD",2006,91430,"Fonio","no"
NA,"World",NA,NA,"Cereals","Gross Production Value (constant 2014-2016 thousand US$)","1000 USD",2007,94322,"Fonio","no"
NA,"World",NA,NA,"Cereals","Gross Production Value (constant 2014-2016 thousand US$)","1000 USD",2008,127179,"Fonio","no"
NA,"World",NA,NA,"Cereals","Gross Production Value (constant 2014-2016 thousand US$)","1000 USD",2009,127043,"Fonio","no"
NA,"World",NA,NA,"Cereals","Gross Production Value (constant 2014-2016 thousand US$)","1000 USD",2010,145586,"Fonio","no"
NA,"World",NA,NA,"Cereals","Gross Production Value (constant 2014-2016 thousand US$)","1000 USD",2011,146428,"Fonio","no"
NA,"World",NA,NA,"Cereals","Gross Production Value (constant 2014-2016 thousand US$)","1000 USD",2012,124905,"Fonio","no"
NA,"World",NA,NA,"Cereals","Gross Production Value (constant 2014-2016 thousand US$)","1000 USD",2013,139158,"Fonio","no"
NA,"World",NA,NA,"Cereals","Gross Production Value (constant 2014-2016 thousand US$)","1000 USD",2014,141397,"Fonio","no"
NA,"World",NA,NA,"Cereals","Gross Production Value (constant 2014-2016 thousand US$)","1000 USD",2015,135734,"Fonio","no"
NA,"World",NA,NA,"Cereals","Gross Production Value (constant 2014-2016 thousand US$)","1000 USD",2016,132753,"Fonio","no"
NA,"World",NA,NA,"Cereals","Gross Production Value (constant 2014-2016 thousand US$)","1000 USD",2017,162081,"Fonio","no"
NA,"World",NA,NA,"Cereals","Gross Production Value (constant 2014-2016 thousand US$)","1000 USD",2018,147689,"Fonio","no"
NA,"World",NA,NA,"Cereals","Gross Production Value (constant 2014-2016 thousand US$)","1000 USD",2019,152982,"Fonio","no"
NA,"World",NA,NA,"Cereals","Gross Production Value (constant 2014-2016 thousand US$)","1000 USD",2020,160570,"Fonio","no"
NA,"World",NA,NA,"Cereals","Gross Production Value (constant 2014-2016 thousand US$)","1000 USD",2021,162699,"Fonio","no"
NA,"World",NA,NA,"Cereals","Gross Production Value (constant 2014-2016 thousand US$)","1000 USD",2022,155535,"Fonio","no"
NA,"World",NA,NA,"Cereals","Gross Production Value (constant 2014-2016 thousand US$)","1000 USD",2023,178566,"Fonio","no"
NA,"World",NA,NA,"Meat and meat products","Gross Production Value (constant 2014-2016 thousand I$)","1000 Int$",1992,3503751,"Game meat","no"
NA,"World",NA,NA,"Meat and meat products","Gross Production Value (constant 2014-2016 thousand I$)","1000 Int$",1993,3681838,"Game meat","no"
NA,"World",NA,NA,"Meat and meat products","Gross Production Value (constant 2014-2016 thousand I$)","1000 Int$",1994,3757086,"Game meat","no"
NA,"World",NA,NA,"Meat and meat products","Gross Production Value (constant 2014-2016 thousand I$)","1000 Int$",1995,3980750,"Game meat","no"
NA,"World",NA,NA,"Meat and meat products","Gross Production Value (constant 2014-2016 thousand I$)","1000 Int$",1996,3981027,"Game meat","no"
NA,"World",NA,NA,"Meat and meat products","Gross Production Value (constant 2014-2016 thousand I$)","1000 Int$",1997,4029574,"Game meat","no"
NA,"World",NA,NA,"Meat and meat products","Gross Production Value (constant 2014-2016 thousand I$)","1000 Int$",1998,4141853,"Game meat","no"
NA,"World",NA,NA,"Meat and meat products","Gross Production Value (constant 2014-2016 thousand I$)","1000 Int$",1999,4241627,"Game meat","no"
NA,"World",NA,NA,"Meat and meat products","Gross Production Value (constant 2014-2016 thousand I$)","1000 Int$",2000,4187999,"Game meat","no"
NA,"World",NA,NA,"Meat and meat products","Gross Production Value (constant 2014-2016 thousand I$)","1000 Int$",2001,4197855,"Game meat","no"
NA,"World",NA,NA,"Meat and meat products","Gross Production Value (constant 2014-2016 thousand I$)","1000 Int$",2002,4278573,"Game meat","no"
NA,"World",NA,NA,"Meat and meat products","Gross Production Value (constant 2014-2016 thousand I$)","1000 Int$",2003,4347668,"Game meat","no"
NA,"World",NA,NA,"Meat and meat products","Gross Production Value (constant 2014-2016 thousand I$)","1000 Int$",2004,4426412,"Game meat","no"
NA,"World",NA,NA,"Meat and meat products","Gross Production Value (constant 2014-2016 thousand I$)","1000 Int$",2005,4614550,"Game meat","no"
NA,"World",NA,NA,"Meat and meat products","Gross Production Value (constant 2014-2016 thousand I$)","1000 Int$",2006,4751800,"Game meat","no"
NA,"World",NA,NA,"Meat and meat products","Gross Production Value (constant 2014-2016 thousand I$)","1000 Int$",2007,4846946,"Game meat","no"
NA,"World",NA,NA,"Meat and meat products","Gross Production Value (constant 2014-2016 thousand I$)","1000 Int$",2008,4906643,"Game meat","no"
NA,"World",NA,NA,"Meat and meat products","Gross Production Value (constant 2014-2016 thousand I$)","1000 Int$",2009,4985923,"Game meat","no"
NA,"World",NA,NA,"Meat and meat products","Gross Production Value (constant 2014-2016 thousand I$)","1000 Int$",2010,5091887,"Game meat","no"
NA,"World",NA,NA,"Meat and meat products","Gross Production Value (constant 2014-2016 thousand I$)","1000 Int$",2011,5263038,"Game meat","no"
NA,"World",NA,NA,"Meat and meat products","Gross Production Value (constant 2014-2016 thousand I$)","1000 Int$",2012,5307813,"Game meat","no"
NA,"World",NA,NA,"Meat and meat products","Gross Production Value (constant 2014-2016 thousand I$)","1000 Int$",2013,5337166,"Game meat","no"
NA,"World",NA,NA,"Meat and meat products","Gross Production Value (constant 2014-2016 thousand I$)","1000 Int$",2014,5372109,"Game meat","no"
NA,"World",NA,NA,"Meat and meat products","Gross Production Value (constant 2014-2016 thousand I$)","1000 Int$",2015,5489150,"Game meat","no"
NA,"World",NA,NA,"Meat and meat products","Gross Production Value (constant 2014-2016 thousand I$)","1000 Int$",2016,5486691,"Game meat","no"
NA,"World",NA,NA,"Meat and meat products","Gross Production Value (constant 2014-2016 thousand I$)","1000 Int$",2017,5541982,"Game meat","no"
NA,"World",NA,NA,"Meat and meat products","Gross Production Value (constant 2014-2016 thousand I$)","1000 Int$",2018,5298282,"Game meat","no"
NA,"World",NA,NA,"Meat and meat products","Gross Production Value (constant 2014-2016 thousand I$)","1000 Int$",2019,5346016,"Game meat","no"
NA,"World",NA,NA,"Meat and meat products","Gross Production Value (constant 2014-2016 thousand I$)","1000 Int$",2020,5370723,"Game meat","no"
NA,"World",NA,NA,"Meat and meat products","Gross Production Value (constant 2014-2016 thousand I$)","1000 Int$",2021,5409873,"Game meat","no"
NA,"World",NA,NA,"Meat and meat products","Gross Production Value (constant 2014-2016 thousand I$)","1000 Int$",2022,5442631,"Game meat","no"
NA,"World",NA,NA,"Meat and meat products","Gross Production Value (constant 2014-2016 thousand I$)","1000 Int$",2023,5495397,"Game meat","no"
NA,"World",NA,NA,"Meat and meat products","Gross Production Value (constant 2014-2016 thousand US$)","1000 USD",1992,2235667,"Game meat","no"
NA,"World",NA,NA,"Meat and meat products","Gross Production Value (constant 2014-2016 thousand US$)","1000 USD",1993,2284817,"Game meat","no"
NA,"World",NA,NA,"Meat and meat products","Gross Production Value (constant 2014-2016 thousand US$)","1000 USD",1994,2346897,"Game meat","no"
NA,"World",NA,NA,"Meat and meat products","Gross Production Value (constant 2014-2016 thousand US$)","1000 USD",1995,2727598,"Game meat","no"
NA,"World",NA,NA,"Meat and meat products","Gross Production Value (constant 2014-2016 thousand US$)","1000 USD",1996,2721841,"Game meat","no"
NA,"World",NA,NA,"Meat and meat products","Gross Production Value (constant 2014-2016 thousand US$)","1000 USD",1997,2749824,"Game meat","no"
NA,"World",NA,NA,"Meat and meat products","Gross Production Value (constant 2014-2016 thousand US$)","1000 USD",1998,2855841,"Game meat","no"
NA,"World",NA,NA,"Meat and meat products","Gross Production Value (constant 2014-2016 thousand US$)","1000 USD",1999,2935248,"Game meat","no"
NA,"World",NA,NA,"Meat and meat products","Gross Production Value (constant 2014-2016 thousand US$)","1000 USD",2000,2946448,"Game meat","no"
NA,"World",NA,NA,"Meat and meat products","Gross Production Value (constant 2014-2016 thousand US$)","1000 USD",2001,2901431,"Game meat","no"
NA,"World",NA,NA,"Meat and meat products","Gross Production Value (constant 2014-2016 thousand US$)","1000 USD",2002,2914670,"Game meat","no"
NA,"World",NA,NA,"Meat and meat products","Gross Production Value (constant 2014-2016 thousand US$)","1000 USD",2003,2907851,"Game meat","no"
NA,"World",NA,NA,"Meat and meat products","Gross Production Value (constant 2014-2016 thousand US$)","1000 USD",2004,2954438,"Game meat","no"
NA,"World",NA,NA,"Meat and meat products","Gross Production Value (constant 2014-2016 thousand US$)","1000 USD",2005,3038919,"Game meat","no"
NA,"World",NA,NA,"Meat and meat products","Gross Production Value (constant 2014-2016 thousand US$)","1000 USD",2006,3139118,"Game meat","no"
NA,"World",NA,NA,"Meat and meat products","Gross Production Value (constant 2014-2016 thousand US$)","1000 USD",2007,3199241,"Game meat","no"
NA,"World",NA,NA,"Meat and meat products","Gross Production Value (constant 2014-2016 thousand US$)","1000 USD",2008,3346310,"Game meat","no"
NA,"World",NA,NA,"Meat and meat products","Gross Production Value (constant 2014-2016 thousand US$)","1000 USD",2009,3408998,"Game meat","no"
NA,"World",NA,NA,"Meat and meat products","Gross Production Value (constant 2014-2016 thousand US$)","1000 USD",2010,3489319,"Game meat","no"
NA,"World",NA,NA,"Meat and meat products","Gross Production Value (constant 2014-2016 thousand US$)","1000 USD",2011,3621622,"Game meat","no"
NA,"World",NA,NA,"Meat and meat products","Gross Production Value (constant 2014-2016 thousand US$)","1000 USD",2012,3670689,"Game meat","no"
NA,"World",NA,NA,"Meat and meat products","Gross Production Value (constant 2014-2016 thousand US$)","1000 USD",2013,3637485,"Game meat","no"
NA,"World",NA,NA,"Meat and meat products","Gross Production Value (constant 2014-2016 thousand US$)","1000 USD",2014,3624504,"Game meat","no"
NA,"World",NA,NA,"Meat and meat products","Gross Production Value (constant 2014-2016 thousand US$)","1000 USD",2015,3723496,"Game meat","no"
NA,"World",NA,NA,"Meat and meat products","Gross Production Value (constant 2014-2016 thousand US$)","1000 USD",2016,3693788,"Game meat","no"
NA,"World",NA,NA,"Meat and meat products","Gross Production Value (constant 2014-2016 thousand US$)","1000 USD",2017,3729563,"Game meat","no"
NA,"World",NA,NA,"Meat and meat products","Gross Production Value (constant 2014-2016 thousand US$)","1000 USD",2018,3298212,"Game meat","no"
NA,"World",NA,NA,"Meat and meat products","Gross Production Value (constant 2014-2016 thousand US$)","1000 USD",2019,3318655,"Game meat","no"
NA,"World",NA,NA,"Meat and meat products","Gross Production Value (constant 2014-2016 thousand US$)","1000 USD",2020,3358611,"Game meat","no"
NA,"World",NA,NA,"Meat and meat products","Gross Production Value (constant 2014-2016 thousand US$)","1000 USD",2021,3381829,"Game meat","no"
NA,"World",NA,NA,"Meat and meat products","Gross Production Value (constant 2014-2016 thousand US$)","1000 USD",2022,3393012,"Game meat","no"
NA,"World",NA,NA,"Meat and meat products","Gross Production Value (constant 2014-2016 thousand US$)","1000 USD",2023,3425982,"Game meat","no"
NA,"World",NA,NA,"Stimulant, spice and aromatic crops","Gross Production Value (constant 2014-2016 thousand I$)","1000 Int$",1992,608375,"Ginger","no"
NA,"World",NA,NA,"Stimulant, spice and aromatic crops","Gross Production Value (constant 2014-2016 thousand I$)","1000 Int$",1993,623083,"Ginger","no"
NA,"World",NA,NA,"Stimulant, spice and aromatic crops","Gross Production Value (constant 2014-2016 thousand I$)","1000 Int$",1994,636980,"Ginger","no"
NA,"World",NA,NA,"Stimulant, spice and aromatic crops","Gross Production Value (constant 2014-2016 thousand I$)","1000 Int$",1995,707260,"Ginger","no"
NA,"World",NA,NA,"Stimulant, spice and aromatic crops","Gross Production Value (constant 2014-2016 thousand I$)","1000 Int$",1996,795316,"Ginger","no"
NA,"World",NA,NA,"Stimulant, spice and aromatic crops","Gross Production Value (constant 2014-2016 thousand I$)","1000 Int$",1997,840885,"Ginger","no"
NA,"World",NA,NA,"Stimulant, spice and aromatic crops","Gross Production Value (constant 2014-2016 thousand I$)","1000 Int$",1998,919550,"Ginger","no"
NA,"World",NA,NA,"Stimulant, spice and aromatic crops","Gross Production Value (constant 2014-2016 thousand I$)","1000 Int$",1999,960534,"Ginger","no"
NA,"World",NA,NA,"Stimulant, spice and aromatic crops","Gross Production Value (constant 2014-2016 thousand I$)","1000 Int$",2000,970207,"Ginger","no"
NA,"World",NA,NA,"Stimulant, spice and aromatic crops","Gross Production Value (constant 2014-2016 thousand I$)","1000 Int$",2001,1057792,"Ginger","no"
NA,"World",NA,NA,"Stimulant, spice and aromatic crops","Gross Production Value (constant 2014-2016 thousand I$)","1000 Int$",2002,1127952,"Ginger","no"
NA,"World",NA,NA,"Stimulant, spice and aromatic crops","Gross Production Value (constant 2014-2016 thousand I$)","1000 Int$",2003,1181921,"Ginger","no"
NA,"World",NA,NA,"Stimulant, spice and aromatic crops","Gross Production Value (constant 2014-2016 thousand I$)","1000 Int$",2004,1165330,"Ginger","no"
NA,"World",NA,NA,"Stimulant, spice and aromatic crops","Gross Production Value (constant 2014-2016 thousand I$)","1000 Int$",2005,1292241,"Ginger","no"
NA,"World",NA,NA,"Stimulant, spice and aromatic crops","Gross Production Value (constant 2014-2016 thousand I$)","1000 Int$",2006,1390127,"Ginger","no"
NA,"World",NA,NA,"Stimulant, spice and aromatic crops","Gross Production Value (constant 2014-2016 thousand I$)","1000 Int$",2007,1491883,"Ginger","no"
NA,"World",NA,NA,"Stimulant, spice and aromatic crops","Gross Production Value (constant 2014-2016 thousand I$)","1000 Int$",2008,1506109,"Ginger","no"
NA,"World",NA,NA,"Stimulant, spice and aromatic crops","Gross Production Value (constant 2014-2016 thousand I$)","1000 Int$",2009,1548703,"Ginger","no"
NA,"World",NA,NA,"Stimulant, spice and aromatic crops","Gross Production Value (constant 2014-2016 thousand I$)","1000 Int$",2010,1593557,"Ginger","no"
NA,"World",NA,NA,"Stimulant, spice and aromatic crops","Gross Production Value (constant 2014-2016 thousand I$)","1000 Int$",2011,2239513,"Ginger","no"
NA,"World",NA,NA,"Stimulant, spice and aromatic crops","Gross Production Value (constant 2014-2016 thousand I$)","1000 Int$",2012,2310566,"Ginger","no"
NA,"World",NA,NA,"Stimulant, spice and aromatic crops","Gross Production Value (constant 2014-2016 thousand I$)","1000 Int$",2013,2283241,"Ginger","no"
NA,"World",NA,NA,"Stimulant, spice and aromatic crops","Gross Production Value (constant 2014-2016 thousand I$)","1000 Int$",2014,2136678,"Ginger","no"
NA,"World",NA,NA,"Stimulant, spice and aromatic crops","Gross Production Value (constant 2014-2016 thousand I$)","1000 Int$",2015,2565058,"Ginger","no"
NA,"World",NA,NA,"Stimulant, spice and aromatic crops","Gross Production Value (constant 2014-2016 thousand I$)","1000 Int$",2016,3342562,"Ginger","no"
NA,"World",NA,NA,"Stimulant, spice and aromatic crops","Gross Production Value (constant 2014-2016 thousand I$)","1000 Int$",2017,3250901,"Ginger","no"
NA,"World",NA,NA,"Stimulant, spice and aromatic crops","Gross Production Value (constant 2014-2016 thousand I$)","1000 Int$",2018,3773473,"Ginger","no"
NA,"World",NA,NA,"Stimulant, spice and aromatic crops","Gross Production Value (constant 2014-2016 thousand I$)","1000 Int$",2019,3823843,"Ginger","no"
NA,"World",NA,NA,"Stimulant, spice and aromatic crops","Gross Production Value (constant 2014-2016 thousand I$)","1000 Int$",2020,4005873,"Ginger","no"
NA,"World",NA,NA,"Stimulant, spice and aromatic crops","Gross Production Value (constant 2014-2016 thousand I$)","1000 Int$",2021,4501405,"Ginger","no"
NA,"World",NA,NA,"Stimulant, spice and aromatic crops","Gross Production Value (constant 2014-2016 thousand I$)","1000 Int$",2022,4510711,"Ginger","no"
NA,"World",NA,NA,"Stimulant, spice and aromatic crops","Gross Production Value (constant 2014-2016 thousand I$)","1000 Int$",2023,4522396,"Ginger","no"
NA,"World",NA,NA,"Stimulant, spice and aromatic crops","Gross Production Value (constant 2014-2016 thousand US$)","1000 USD",1992,692116,"Ginger","no"
NA,"World",NA,NA,"Stimulant, spice and aromatic crops","Gross Production Value (constant 2014-2016 thousand US$)","1000 USD",1993,737225,"Ginger","no"
NA,"World",NA,NA,"Stimulant, spice and aromatic crops","Gross Production Value (constant 2014-2016 thousand US$)","1000 USD",1994,781265,"Ginger","no"
NA,"World",NA,NA,"Stimulant, spice and aromatic crops","Gross Production Value (constant 2014-2016 thousand US$)","1000 USD",1995,892369,"Ginger","no"
NA,"World",NA,NA,"Stimulant, spice and aromatic crops","Gross Production Value (constant 2014-2016 thousand US$)","1000 USD",1996,965940,"Ginger","no"
NA,"World",NA,NA,"Stimulant, spice and aromatic crops","Gross Production Value (constant 2014-2016 thousand US$)","1000 USD",1997,1016855,"Ginger","no"
NA,"World",NA,NA,"Stimulant, spice and aromatic crops","Gross Production Value (constant 2014-2016 thousand US$)","1000 USD",1998,1100349,"Ginger","no"
NA,"World",NA,NA,"Stimulant, spice and aromatic crops","Gross Production Value (constant 2014-2016 thousand US$)","1000 USD",1999,1172091,"Ginger","no"
NA,"World",NA,NA,"Stimulant, spice and aromatic crops","Gross Production Value (constant 2014-2016 thousand US$)","1000 USD",2000,1208484,"Ginger","no"
NA,"World",NA,NA,"Stimulant, spice and aromatic crops","Gross Production Value (constant 2014-2016 thousand US$)","1000 USD",2001,1329524,"Ginger","no"
NA,"World",NA,NA,"Stimulant, spice and aromatic crops","Gross Production Value (constant 2014-2016 thousand US$)","1000 USD",2002,1418055,"Ginger","no"
NA,"World",NA,NA,"Stimulant, spice and aromatic crops","Gross Production Value (constant 2014-2016 thousand US$)","1000 USD",2003,1426967,"Ginger","no"
NA,"World",NA,NA,"Stimulant, spice and aromatic crops","Gross Production Value (constant 2014-2016 thousand US$)","1000 USD",2004,1420201,"Ginger","no"
NA,"World",NA,NA,"Stimulant, spice and aromatic crops","Gross Production Value (constant 2014-2016 thousand US$)","1000 USD",2005,1562154,"Ginger","no"
NA,"World",NA,NA,"Stimulant, spice and aromatic crops","Gross Production Value (constant 2014-2016 thousand US$)","1000 USD",2006,1676781,"Ginger","no"
NA,"World",NA,NA,"Stimulant, spice and aromatic crops","Gross Production Value (constant 2014-2016 thousand US$)","1000 USD",2007,1794248,"Ginger","no"
NA,"World",NA,NA,"Stimulant, spice and aromatic crops","Gross Production Value (constant 2014-2016 thousand US$)","1000 USD",2008,1840686,"Ginger","no"
NA,"World",NA,NA,"Stimulant, spice and aromatic crops","Gross Production Value (constant 2014-2016 thousand US$)","1000 USD",2009,1970482,"Ginger","no"
NA,"World",NA,NA,"Stimulant, spice and aromatic crops","Gross Production Value (constant 2014-2016 thousand US$)","1000 USD",2010,2028822,"Ginger","no"
NA,"World",NA,NA,"Stimulant, spice and aromatic crops","Gross Production Value (constant 2014-2016 thousand US$)","1000 USD",2011,2666829,"Ginger","no"
NA,"World",NA,NA,"Stimulant, spice and aromatic crops","Gross Production Value (constant 2014-2016 thousand US$)","1000 USD",2012,2751603,"Ginger","no"
NA,"World",NA,NA,"Stimulant, spice and aromatic crops","Gross Production Value (constant 2014-2016 thousand US$)","1000 USD",2013,2596144,"Ginger","no"
NA,"World",NA,NA,"Stimulant, spice and aromatic crops","Gross Production Value (constant 2014-2016 thousand US$)","1000 USD",2014,2595805,"Ginger","no"
NA,"World",NA,NA,"Stimulant, spice and aromatic crops","Gross Production Value (constant 2014-2016 thousand US$)","1000 USD",2015,2942034,"Ginger","no"
NA,"World",NA,NA,"Stimulant, spice and aromatic crops","Gross Production Value (constant 2014-2016 thousand US$)","1000 USD",2016,3621970,"Ginger","no"
NA,"World",NA,NA,"Stimulant, spice and aromatic crops","Gross Production Value (constant 2014-2016 thousand US$)","1000 USD",2017,3549388,"Ginger","no"
NA,"World",NA,NA,"Stimulant, spice and aromatic crops","Gross Production Value (constant 2014-2016 thousand US$)","1000 USD",2018,4115597,"Ginger","no"
NA,"World",NA,NA,"Stimulant, spice and aromatic crops","Gross Production Value (constant 2014-2016 thousand US$)","1000 USD",2019,4200693,"Ginger","no"
NA,"World",NA,NA,"Stimulant, spice and aromatic crops","Gross Production Value (constant 2014-2016 thousand US$)","1000 USD",2020,4394021,"Ginger","no"
NA,"World",NA,NA,"Stimulant, spice and aromatic crops","Gross Production Value (constant 2014-2016 thousand US$)","1000 USD",2021,4850727,"Ginger","no"
NA,"World",NA,NA,"Stimulant, spice and aromatic crops","Gross Production Value (constant 2014-2016 thousand US$)","1000 USD",2022,4866834,"Ginger","no"
NA,"World",NA,NA,"Stimulant, spice and aromatic crops","Gross Production Value (constant 2014-2016 thousand US$)","1000 USD",2023,4894723,"Ginger","no"
NA,"World",NA,NA,"Fruits and nuts","Gross Production Value (constant 2014-2016 thousand I$)","1000 Int$",1992,516945,"Gooseberries","no"
NA,"World",NA,NA,"Fruits and nuts","Gross Production Value (constant 2014-2016 thousand I$)","1000 Int$",1993,524986,"Gooseberries","no"
NA,"World",NA,NA,"Fruits and nuts","Gross Production Value (constant 2014-2016 thousand I$)","1000 Int$",1994,501809,"Gooseberries","no"
NA,"World",NA,NA,"Fruits and nuts","Gross Production Value (constant 2014-2016 thousand I$)","1000 Int$",1995,513618,"Gooseberries","no"
NA,"World",NA,NA,"Fruits and nuts","Gross Production Value (constant 2014-2016 thousand I$)","1000 Int$",1996,510679,"Gooseberries","no"
NA,"World",NA,NA,"Fruits and nuts","Gross Production Value (constant 2014-2016 thousand I$)","1000 Int$",1997,468879,"Gooseberries","no"
NA,"World",NA,NA,"Fruits and nuts","Gross Production Value (constant 2014-2016 thousand I$)","1000 Int$",1998,488966,"Gooseberries","no"
NA,"World",NA,NA,"Fruits and nuts","Gross Production Value (constant 2014-2016 thousand I$)","1000 Int$",1999,513067,"Gooseberries","no"
NA,"World",NA,NA,"Fruits and nuts","Gross Production Value (constant 2014-2016 thousand I$)","1000 Int$",2000,538550,"Gooseberries","no"
NA,"World",NA,NA,"Fruits and nuts","Gross Production Value (constant 2014-2016 thousand I$)","1000 Int$",2001,539037,"Gooseberries","no"
NA,"World",NA,NA,"Fruits and nuts","Gross Production Value (constant 2014-2016 thousand I$)","1000 Int$",2002,462599,"Gooseberries","no"
NA,"World",NA,NA,"Fruits and nuts","Gross Production Value (constant 2014-2016 thousand I$)","1000 Int$",2003,482103,"Gooseberries","no"
NA,"World",NA,NA,"Fruits and nuts","Gross Production Value (constant 2014-2016 thousand I$)","1000 Int$",2004,512273,"Gooseberries","no"
NA,"World",NA,NA,"Fruits and nuts","Gross Production Value (constant 2014-2016 thousand I$)","1000 Int$",2005,508901,"Gooseberries","no"
NA,"World",NA,NA,"Fruits and nuts","Gross Production Value (constant 2014-2016 thousand I$)","1000 Int$",2006,504865,"Gooseberries","no"
NA,"World",NA,NA,"Fruits and nuts","Gross Production Value (constant 2014-2016 thousand I$)","1000 Int$",2007,503305,"Gooseberries","no"
NA,"World",NA,NA,"Fruits and nuts","Gross Production Value (constant 2014-2016 thousand I$)","1000 Int$",2008,467717,"Gooseberries","no"
NA,"World",NA,NA,"Fruits and nuts","Gross Production Value (constant 2014-2016 thousand I$)","1000 Int$",2009,471467,"Gooseberries","no"
NA,"World",NA,NA,"Fruits and nuts","Gross Production Value (constant 2014-2016 thousand I$)","1000 Int$",2010,447871,"Gooseberries","no"
NA,"World",NA,NA,"Fruits and nuts","Gross Production Value (constant 2014-2016 thousand I$)","1000 Int$",2011,469012,"Gooseberries","no"
NA,"World",NA,NA,"Fruits and nuts","Gross Production Value (constant 2014-2016 thousand I$)","1000 Int$",2012,469589,"Gooseberries","no"
NA,"World",NA,NA,"Fruits and nuts","Gross Production Value (constant 2014-2016 thousand I$)","1000 Int$",2013,477749,"Gooseberries","no"
NA,"World",NA,NA,"Fruits and nuts","Gross Production Value (constant 2014-2016 thousand I$)","1000 Int$",2014,486939,"Gooseberries","no"
NA,"World",NA,NA,"Fruits and nuts","Gross Production Value (constant 2014-2016 thousand I$)","1000 Int$",2015,470593,"Gooseberries","no"
NA,"World",NA,NA,"Fruits and nuts","Gross Production Value (constant 2014-2016 thousand I$)","1000 Int$",2016,476613,"Gooseberries","no"
NA,"World",NA,NA,"Fruits and nuts","Gross Production Value (constant 2014-2016 thousand I$)","1000 Int$",2017,451003,"Gooseberries","no"
NA,"World",NA,NA,"Fruits and nuts","Gross Production Value (constant 2014-2016 thousand I$)","1000 Int$",2018,216791,"Gooseberries","no"
NA,"World",NA,NA,"Fruits and nuts","Gross Production Value (constant 2014-2016 thousand I$)","1000 Int$",2019,225756,"Gooseberries","no"
NA,"World",NA,NA,"Fruits and nuts","Gross Production Value (constant 2014-2016 thousand I$)","1000 Int$",2020,235035,"Gooseberries","no"
NA,"World",NA,NA,"Fruits and nuts","Gross Production Value (constant 2014-2016 thousand I$)","1000 Int$",2021,254322,"Gooseberries","no"
NA,"World",NA,NA,"Fruits and nuts","Gross Production Value (constant 2014-2016 thousand I$)","1000 Int$",2022,267128,"Gooseberries","no"
NA,"World",NA,NA,"Fruits and nuts","Gross Production Value (constant 2014-2016 thousand I$)","1000 Int$",2023,273006,"Gooseberries","no"
NA,"World",NA,NA,"Fruits and nuts","Gross Production Value (constant 2014-2016 thousand US$)","1000 USD",1992,375044,"Gooseberries","no"
NA,"World",NA,NA,"Fruits and nuts","Gross Production Value (constant 2014-2016 thousand US$)","1000 USD",1993,389249,"Gooseberries","no"
NA,"World",NA,NA,"Fruits and nuts","Gross Production Value (constant 2014-2016 thousand US$)","1000 USD",1994,378417,"Gooseberries","no"
NA,"World",NA,NA,"Fruits and nuts","Gross Production Value (constant 2014-2016 thousand US$)","1000 USD",1995,382415,"Gooseberries","no"
NA,"World",NA,NA,"Fruits and nuts","Gross Production Value (constant 2014-2016 thousand US$)","1000 USD",1996,372182,"Gooseberries","no"
NA,"World",NA,NA,"Fruits and nuts","Gross Production Value (constant 2014-2016 thousand US$)","1000 USD",1997,328198,"Gooseberries","no"
NA,"World",NA,NA,"Fruits and nuts","Gross Production Value (constant 2014-2016 thousand US$)","1000 USD",1998,358591,"Gooseberries","no"
NA,"World",NA,NA,"Fruits and nuts","Gross Production Value (constant 2014-2016 thousand US$)","1000 USD",1999,395666,"Gooseberries","no"
NA,"World",NA,NA,"Fruits and nuts","Gross Production Value (constant 2014-2016 thousand US$)","1000 USD",2000,416904,"Gooseberries","no"
NA,"World",NA,NA,"Fruits and nuts","Gross Production Value (constant 2014-2016 thousand US$)","1000 USD",2001,423616,"Gooseberries","no"
NA,"World",NA,NA,"Fruits and nuts","Gross Production Value (constant 2014-2016 thousand US$)","1000 USD",2002,340619,"Gooseberries","no"
NA,"World",NA,NA,"Fruits and nuts","Gross Production Value (constant 2014-2016 thousand US$)","1000 USD",2003,369966,"Gooseberries","no"
NA,"World",NA,NA,"Fruits and nuts","Gross Production Value (constant 2014-2016 thousand US$)","1000 USD",2004,406381,"Gooseberries","no"
NA,"World",NA,NA,"Fruits and nuts","Gross Production Value (constant 2014-2016 thousand US$)","1000 USD",2005,405950,"Gooseberries","no"
NA,"World",NA,NA,"Fruits and nuts","Gross Production Value (constant 2014-2016 thousand US$)","1000 USD",2006,406525,"Gooseberries","no"
NA,"World",NA,NA,"Fruits and nuts","Gross Production Value (constant 2014-2016 thousand US$)","1000 USD",2007,406676,"Gooseberries","no"
NA,"World",NA,NA,"Fruits and nuts","Gross Production Value (constant 2014-2016 thousand US$)","1000 USD",2008,386645,"Gooseberries","no"
NA,"World",NA,NA,"Fruits and nuts","Gross Production Value (constant 2014-2016 thousand US$)","1000 USD",2009,387930,"Gooseberries","no"
NA,"World",NA,NA,"Fruits and nuts","Gross Production Value (constant 2014-2016 thousand US$)","1000 USD",2010,378802,"Gooseberries","no"
NA,"World",NA,NA,"Fruits and nuts","Gross Production Value (constant 2014-2016 thousand US$)","1000 USD",2011,389939,"Gooseberries","no"
NA,"World",NA,NA,"Fruits and nuts","Gross Production Value (constant 2014-2016 thousand US$)","1000 USD",2012,392597,"Gooseberries","no"
NA,"World",NA,NA,"Fruits and nuts","Gross Production Value (constant 2014-2016 thousand US$)","1000 USD",2013,399058,"Gooseberries","no"
NA,"World",NA,NA,"Fruits and nuts","Gross Production Value (constant 2014-2016 thousand US$)","1000 USD",2014,418006,"Gooseberries","no"
NA,"World",NA,NA,"Fruits and nuts","Gross Production Value (constant 2014-2016 thousand US$)","1000 USD",2015,402208,"Gooseberries","no"
NA,"World",NA,NA,"Fruits and nuts","Gross Production Value (constant 2014-2016 thousand US$)","1000 USD",2016,402878,"Gooseberries","no"
NA,"World",NA,NA,"Fruits and nuts","Gross Production Value (constant 2014-2016 thousand US$)","1000 USD",2017,392532,"Gooseberries","no"
NA,"World",NA,NA,"Fruits and nuts","Gross Production Value (constant 2014-2016 thousand US$)","1000 USD",2018,106588,"Gooseberries","no"
NA,"World",NA,NA,"Fruits and nuts","Gross Production Value (constant 2014-2016 thousand US$)","1000 USD",2019,110699,"Gooseberries","no"
NA,"World",NA,NA,"Fruits and nuts","Gross Production Value (constant 2014-2016 thousand US$)","1000 USD",2020,115794,"Gooseberries","no"
NA,"World",NA,NA,"Fruits and nuts","Gross Production Value (constant 2014-2016 thousand US$)","1000 USD",2021,124562,"Gooseberries","no"
NA,"World",NA,NA,"Fruits and nuts","Gross Production Value (constant 2014-2016 thousand US$)","1000 USD",2022,131353,"Gooseberries","no"
NA,"World",NA,NA,"Fruits and nuts","Gross Production Value (constant 2014-2016 thousand US$)","1000 USD",2023,134339,"Gooseberries","no"
NA,"World",NA,NA,"Fruits and nuts","Gross Production Value (constant 2014-2016 thousand I$)","1000 Int$",1992,47774285,"Grapes","no"
NA,"World",NA,NA,"Fruits and nuts","Gross Production Value (constant 2014-2016 thousand I$)","1000 Int$",1993,44766200,"Grapes","no"
NA,"World",NA,NA,"Fruits and nuts","Gross Production Value (constant 2014-2016 thousand I$)","1000 Int$",1994,45688474,"Grapes","no"
NA,"World",NA,NA,"Fruits and nuts","Gross Production Value (constant 2014-2016 thousand I$)","1000 Int$",1995,46693848,"Grapes","no"
NA,"World",NA,NA,"Fruits and nuts","Gross Production Value (constant 2014-2016 thousand I$)","1000 Int$",1996,49522954,"Grapes","no"
NA,"World",NA,NA,"Fruits and nuts","Gross Production Value (constant 2014-2016 thousand I$)","1000 Int$",1997,49095238,"Grapes","no"
NA,"World",NA,NA,"Fruits and nuts","Gross Production Value (constant 2014-2016 thousand I$)","1000 Int$",1998,48350687,"Grapes","no"
NA,"World",NA,NA,"Fruits and nuts","Gross Production Value (constant 2014-2016 thousand I$)","1000 Int$",1999,51814785,"Grapes","no"
NA,"World",NA,NA,"Fruits and nuts","Gross Production Value (constant 2014-2016 thousand I$)","1000 Int$",2000,54450453,"Grapes","no"
NA,"World",NA,NA,"Fruits and nuts","Gross Production Value (constant 2014-2016 thousand I$)","1000 Int$",2001,52145087,"Grapes","no"
NA,"World",NA,NA,"Fruits and nuts","Gross Production Value (constant 2014-2016 thousand I$)","1000 Int$",2002,52404533,"Grapes","no"
NA,"World",NA,NA,"Fruits and nuts","Gross Production Value (constant 2014-2016 thousand I$)","1000 Int$",2003,54021016,"Grapes","no"
NA,"World",NA,NA,"Fruits and nuts","Gross Production Value (constant 2014-2016 thousand I$)","1000 Int$",2004,57582209,"Grapes","no"
NA,"World",NA,NA,"Fruits and nuts","Gross Production Value (constant 2014-2016 thousand I$)","1000 Int$",2005,57383431,"Grapes","no"
NA,"World",NA,NA,"Fruits and nuts","Gross Production Value (constant 2014-2016 thousand I$)","1000 Int$",2006,57389246,"Grapes","no"
NA,"World",NA,NA,"Fruits and nuts","Gross Production Value (constant 2014-2016 thousand I$)","1000 Int$",2007,56703625,"Grapes","no"
NA,"World",NA,NA,"Fruits and nuts","Gross Production Value (constant 2014-2016 thousand I$)","1000 Int$",2008,57047241,"Grapes","no"
NA,"World",NA,NA,"Fruits and nuts","Gross Production Value (constant 2014-2016 thousand I$)","1000 Int$",2009,57960639,"Grapes","no"
NA,"World",NA,NA,"Fruits and nuts","Gross Production Value (constant 2014-2016 thousand I$)","1000 Int$",2010,57146779,"Grapes","no"
NA,"World",NA,NA,"Fruits and nuts","Gross Production Value (constant 2014-2016 thousand I$)","1000 Int$",2011,59263758,"Grapes","no"
NA,"World",NA,NA,"Fruits and nuts","Gross Production Value (constant 2014-2016 thousand I$)","1000 Int$",2012,59090731,"Grapes","no"
NA,"World",NA,NA,"Fruits and nuts","Gross Production Value (constant 2014-2016 thousand I$)","1000 Int$",2013,65550307,"Grapes","no"
NA,"World",NA,NA,"Fruits and nuts","Gross Production Value (constant 2014-2016 thousand I$)","1000 Int$",2014,63322014,"Grapes","no"
NA,"World",NA,NA,"Fruits and nuts","Gross Production Value (constant 2014-2016 thousand I$)","1000 Int$",2015,65610339,"Grapes","no"
NA,"World",NA,NA,"Fruits and nuts","Gross Production Value (constant 2014-2016 thousand I$)","1000 Int$",2016,63830684,"Grapes","no"
NA,"World",NA,NA,"Fruits and nuts","Gross Production Value (constant 2014-2016 thousand I$)","1000 Int$",2017,63046101,"Grapes","no"
NA,"World",NA,NA,"Fruits and nuts","Gross Production Value (constant 2014-2016 thousand I$)","1000 Int$",2018,68612991,"Grapes","no"
NA,"World",NA,NA,"Fruits and nuts","Gross Production Value (constant 2014-2016 thousand I$)","1000 Int$",2019,66035041,"Grapes","no"
NA,"World",NA,NA,"Fruits and nuts","Gross Production Value (constant 2014-2016 thousand I$)","1000 Int$",2020,65795815,"Grapes","no"
NA,"World",NA,NA,"Fruits and nuts","Gross Production Value (constant 2014-2016 thousand I$)","1000 Int$",2021,65754326,"Grapes","no"
NA,"World",NA,NA,"Fruits and nuts","Gross Production Value (constant 2014-2016 thousand I$)","1000 Int$",2022,66988550,"Grapes","no"
NA,"World",NA,NA,"Fruits and nuts","Gross Production Value (constant 2014-2016 thousand I$)","1000 Int$",2023,62087020,"Grapes","no"
NA,"World",NA,NA,"Fruits and nuts","Gross Production Value (constant 2014-2016 thousand US$)","1000 USD",1992,52209934,"Grapes","no"
NA,"World",NA,NA,"Fruits and nuts","Gross Production Value (constant 2014-2016 thousand US$)","1000 USD",1993,47869156,"Grapes","no"
NA,"World",NA,NA,"Fruits and nuts","Gross Production Value (constant 2014-2016 thousand US$)","1000 USD",1994,48445886,"Grapes","no"
NA,"World",NA,NA,"Fruits and nuts","Gross Production Value (constant 2014-2016 thousand US$)","1000 USD",1995,50044455,"Grapes","no"
NA,"World",NA,NA,"Fruits and nuts","Gross Production Value (constant 2014-2016 thousand US$)","1000 USD",1996,53333020,"Grapes","no"
NA,"World",NA,NA,"Fruits and nuts","Gross Production Value (constant 2014-2016 thousand US$)","1000 USD",1997,52966562,"Grapes","no"
NA,"World",NA,NA,"Fruits and nuts","Gross Production Value (constant 2014-2016 thousand US$)","1000 USD",1998,51443205,"Grapes","no"
NA,"World",NA,NA,"Fruits and nuts","Gross Production Value (constant 2014-2016 thousand US$)","1000 USD",1999,56643960,"Grapes","no"
NA,"World",NA,NA,"Fruits and nuts","Gross Production Value (constant 2014-2016 thousand US$)","1000 USD",2000,58658866,"Grapes","no"
NA,"World",NA,NA,"Fruits and nuts","Gross Production Value (constant 2014-2016 thousand US$)","1000 USD",2001,55576031,"Grapes","no"
NA,"World",NA,NA,"Fruits and nuts","Gross Production Value (constant 2014-2016 thousand US$)","1000 USD",2002,56123157,"Grapes","no"
NA,"World",NA,NA,"Fruits and nuts","Gross Production Value (constant 2014-2016 thousand US$)","1000 USD",2003,56741069,"Grapes","no"
NA,"World",NA,NA,"Fruits and nuts","Gross Production Value (constant 2014-2016 thousand US$)","1000 USD",2004,61175417,"Grapes","no"
NA,"World",NA,NA,"Fruits and nuts","Gross Production Value (constant 2014-2016 thousand US$)","1000 USD",2005,60176877,"Grapes","no"
NA,"World",NA,NA,"Fruits and nuts","Gross Production Value (constant 2014-2016 thousand US$)","1000 USD",2006,60378428,"Grapes","no"
NA,"World",NA,NA,"Fruits and nuts","Gross Production Value (constant 2014-2016 thousand US$)","1000 USD",2007,58724744,"Grapes","no"
NA,"World",NA,NA,"Fruits and nuts","Gross Production Value (constant 2014-2016 thousand US$)","1000 USD",2008,59777973,"Grapes","no"
NA,"World",NA,NA,"Fruits and nuts","Gross Production Value (constant 2014-2016 thousand US$)","1000 USD",2009,60572653,"Grapes","no"
NA,"World",NA,NA,"Fruits and nuts","Gross Production Value (constant 2014-2016 thousand US$)","1000 USD",2010,59744042,"Grapes","no"
NA,"World",NA,NA,"Fruits and nuts","Gross Production Value (constant 2014-2016 thousand US$)","1000 USD",2011,62198688,"Grapes","no"
NA,"World",NA,NA,"Fruits and nuts","Gross Production Value (constant 2014-2016 thousand US$)","1000 USD",2012,61456709,"Grapes","no"
NA,"World",NA,NA,"Fruits and nuts","Gross Production Value (constant 2014-2016 thousand US$)","1000 USD",2013,66753899,"Grapes","no"
NA,"World",NA,NA,"Fruits and nuts","Gross Production Value (constant 2014-2016 thousand US$)","1000 USD",2014,66147673,"Grapes","no"
NA,"World",NA,NA,"Fruits and nuts","Gross Production Value (constant 2014-2016 thousand US$)","1000 USD",2015,68147319,"Grapes","no"
NA,"World",NA,NA,"Fruits and nuts","Gross Production Value (constant 2014-2016 thousand US$)","1000 USD",2016,66137289,"Grapes","no"
NA,"World",NA,NA,"Fruits and nuts","Gross Production Value (constant 2014-2016 thousand US$)","1000 USD",2017,63864499,"Grapes","no"
NA,"World",NA,NA,"Fruits and nuts","Gross Production Value (constant 2014-2016 thousand US$)","1000 USD",2018,70576979,"Grapes","no"
NA,"World",NA,NA,"Fruits and nuts","Gross Production Value (constant 2014-2016 thousand US$)","1000 USD",2019,67120386,"Grapes","no"
NA,"World",NA,NA,"Fruits and nuts","Gross Production Value (constant 2014-2016 thousand US$)","1000 USD",2020,67683309,"Grapes","no"
NA,"World",NA,NA,"Fruits and nuts","Gross Production Value (constant 2014-2016 thousand US$)","1000 USD",2021,66434520,"Grapes","no"
NA,"World",NA,NA,"Fruits and nuts","Gross Production Value (constant 2014-2016 thousand US$)","1000 USD",2022,69537870,"Grapes","no"
NA,"World",NA,NA,"Fruits and nuts","Gross Production Value (constant 2014-2016 thousand US$)","1000 USD",2023,65307775,"Grapes","no"
NA,"World",NA,NA,"Vegetables","Gross Production Value (constant 2014-2016 thousand I$)","1000 Int$",1992,3416120,"Green corn","no"
NA,"World",NA,NA,"Vegetables","Gross Production Value (constant 2014-2016 thousand I$)","1000 Int$",1993,3279637,"Green corn","no"
NA,"World",NA,NA,"Vegetables","Gross Production Value (constant 2014-2016 thousand I$)","1000 Int$",1994,3897798,"Green corn","no"
NA,"World",NA,NA,"Vegetables","Gross Production Value (constant 2014-2016 thousand I$)","1000 Int$",1995,3755680,"Green corn","no"
NA,"World",NA,NA,"Vegetables","Gross Production Value (constant 2014-2016 thousand I$)","1000 Int$",1996,3804809,"Green corn","no"
NA,"World",NA,NA,"Vegetables","Gross Production Value (constant 2014-2016 thousand I$)","1000 Int$",1997,3881789,"Green corn","no"
NA,"World",NA,NA,"Vegetables","Gross Production Value (constant 2014-2016 thousand I$)","1000 Int$",1998,4021269,"Green corn","no"
NA,"World",NA,NA,"Vegetables","Gross Production Value (constant 2014-2016 thousand I$)","1000 Int$",1999,4042266,"Green corn","no"
NA,"World",NA,NA,"Vegetables","Gross Production Value (constant 2014-2016 thousand I$)","1000 Int$",2000,4353491,"Green corn","no"
NA,"World",NA,NA,"Vegetables","Gross Production Value (constant 2014-2016 thousand I$)","1000 Int$",2001,4553188,"Green corn","no"
NA,"World",NA,NA,"Vegetables","Gross Production Value (constant 2014-2016 thousand I$)","1000 Int$",2002,4583875,"Green corn","no"
NA,"World",NA,NA,"Vegetables","Gross Production Value (constant 2014-2016 thousand I$)","1000 Int$",2003,4737539,"Green corn","no"
NA,"World",NA,NA,"Vegetables","Gross Production Value (constant 2014-2016 thousand I$)","1000 Int$",2004,4727788,"Green corn","no"
NA,"World",NA,NA,"Vegetables","Gross Production Value (constant 2014-2016 thousand I$)","1000 Int$",2005,4742463,"Green corn","no"
NA,"World",NA,NA,"Vegetables","Gross Production Value (constant 2014-2016 thousand I$)","1000 Int$",2006,4748844,"Green corn","no"
NA,"World",NA,NA,"Vegetables","Gross Production Value (constant 2014-2016 thousand I$)","1000 Int$",2007,4799385,"Green corn","no"
NA,"World",NA,NA,"Vegetables","Gross Production Value (constant 2014-2016 thousand I$)","1000 Int$",2008,4949794,"Green corn","no"
NA,"World",NA,NA,"Vegetables","Gross Production Value (constant 2014-2016 thousand I$)","1000 Int$",2009,5010107,"Green corn","no"
NA,"World",NA,NA,"Vegetables","Gross Production Value (constant 2014-2016 thousand I$)","1000 Int$",2010,4740753,"Green corn","no"
NA,"World",NA,NA,"Vegetables","Gross Production Value (constant 2014-2016 thousand I$)","1000 Int$",2011,4829387,"Green corn","no"
NA,"World",NA,NA,"Vegetables","Gross Production Value (constant 2014-2016 thousand I$)","1000 Int$",2012,4906182,"Green corn","no"
NA,"World",NA,NA,"Vegetables","Gross Production Value (constant 2014-2016 thousand I$)","1000 Int$",2013,4961201,"Green corn","no"
NA,"World",NA,NA,"Vegetables","Gross Production Value (constant 2014-2016 thousand I$)","1000 Int$",2014,4924133,"Green corn","no"
NA,"World",NA,NA,"Vegetables","Gross Production Value (constant 2014-2016 thousand I$)","1000 Int$",2015,5263836,"Green corn","no"
NA,"World",NA,NA,"Vegetables","Gross Production Value (constant 2014-2016 thousand I$)","1000 Int$",2016,5189896,"Green corn","no"
NA,"World",NA,NA,"Vegetables","Gross Production Value (constant 2014-2016 thousand I$)","1000 Int$",2017,5174660,"Green corn","no"
NA,"World",NA,NA,"Vegetables","Gross Production Value (constant 2014-2016 thousand I$)","1000 Int$",2018,4696128,"Green corn","no"
NA,"World",NA,NA,"Vegetables","Gross Production Value (constant 2014-2016 thousand I$)","1000 Int$",2019,4482553,"Green corn","no"
NA,"World",NA,NA,"Vegetables","Gross Production Value (constant 2014-2016 thousand I$)","1000 Int$",2020,4628656,"Green corn","no"
NA,"World",NA,NA,"Vegetables","Gross Production Value (constant 2014-2016 thousand I$)","1000 Int$",2021,4408622,"Green corn","no"
NA,"World",NA,NA,"Vegetables","Gross Production Value (constant 2014-2016 thousand I$)","1000 Int$",2022,4323521,"Green corn","no"
NA,"World",NA,NA,"Vegetables","Gross Production Value (constant 2014-2016 thousand I$)","1000 Int$",2023,4383477,"Green corn","no"
NA,"World",NA,NA,"Vegetables","Gross Production Value (constant 2014-2016 thousand US$)","1000 USD",1992,3897904,"Green corn","no"
NA,"World",NA,NA,"Vegetables","Gross Production Value (constant 2014-2016 thousand US$)","1000 USD",1993,3741060,"Green corn","no"
NA,"World",NA,NA,"Vegetables","Gross Production Value (constant 2014-2016 thousand US$)","1000 USD",1994,4423816,"Green corn","no"
NA,"World",NA,NA,"Vegetables","Gross Production Value (constant 2014-2016 thousand US$)","1000 USD",1995,4209956,"Green corn","no"
NA,"World",NA,NA,"Vegetables","Gross Production Value (constant 2014-2016 thousand US$)","1000 USD",1996,4200066,"Green corn","no"
NA,"World",NA,NA,"Vegetables","Gross Production Value (constant 2014-2016 thousand US$)","1000 USD",1997,4245483,"Green corn","no"
NA,"World",NA,NA,"Vegetables","Gross Production Value (constant 2014-2016 thousand US$)","1000 USD",1998,4376919,"Green corn","no"
NA,"World",NA,NA,"Vegetables","Gross Production Value (constant 2014-2016 thousand US$)","1000 USD",1999,4371472,"Green corn","no"
NA,"World",NA,NA,"Vegetables","Gross Production Value (constant 2014-2016 thousand US$)","1000 USD",2000,4449834,"Green corn","no"
NA,"World",NA,NA,"Vegetables","Gross Production Value (constant 2014-2016 thousand US$)","1000 USD",2001,4544902,"Green corn","no"
NA,"World",NA,NA,"Vegetables","Gross Production Value (constant 2014-2016 thousand US$)","1000 USD",2002,4555449,"Green corn","no"
NA,"World",NA,NA,"Vegetables","Gross Production Value (constant 2014-2016 thousand US$)","1000 USD",2003,4713710,"Green corn","no"
NA,"World",NA,NA,"Vegetables","Gross Production Value (constant 2014-2016 thousand US$)","1000 USD",2004,4578927,"Green corn","no"
NA,"World",NA,NA,"Vegetables","Gross Production Value (constant 2014-2016 thousand US$)","1000 USD",2005,4554062,"Green corn","no"
NA,"World",NA,NA,"Vegetables","Gross Production Value (constant 2014-2016 thousand US$)","1000 USD",2006,4442306,"Green corn","no"
NA,"World",NA,NA,"Vegetables","Gross Production Value (constant 2014-2016 thousand US$)","1000 USD",2007,4548745,"Green corn","no"
NA,"World",NA,NA,"Vegetables","Gross Production Value (constant 2014-2016 thousand US$)","1000 USD",2008,4462426,"Green corn","no"
NA,"World",NA,NA,"Vegetables","Gross Production Value (constant 2014-2016 thousand US$)","1000 USD",2009,4497134,"Green corn","no"
NA,"World",NA,NA,"Vegetables","Gross Production Value (constant 2014-2016 thousand US$)","1000 USD",2010,4235670,"Green corn","no"
NA,"World",NA,NA,"Vegetables","Gross Production Value (constant 2014-2016 thousand US$)","1000 USD",2011,4365044,"Green corn","no"
NA,"World",NA,NA,"Vegetables","Gross Production Value (constant 2014-2016 thousand US$)","1000 USD",2012,4536790,"Green corn","no"
NA,"World",NA,NA,"Vegetables","Gross Production Value (constant 2014-2016 thousand US$)","1000 USD",2013,4361267,"Green corn","no"
NA,"World",NA,NA,"Vegetables","Gross Production Value (constant 2014-2016 thousand US$)","1000 USD",2014,4360838,"Green corn","no"
NA,"World",NA,NA,"Vegetables","Gross Production Value (constant 2014-2016 thousand US$)","1000 USD",2015,4390882,"Green corn","no"
NA,"World",NA,NA,"Vegetables","Gross Production Value (constant 2014-2016 thousand US$)","1000 USD",2016,4241700,"Green corn","no"
NA,"World",NA,NA,"Vegetables","Gross Production Value (constant 2014-2016 thousand US$)","1000 USD",2017,4502848,"Green corn","no"
NA,"World",NA,NA,"Vegetables","Gross Production Value (constant 2014-2016 thousand US$)","1000 USD",2018,4347219,"Green corn","no"
NA,"World",NA,NA,"Vegetables","Gross Production Value (constant 2014-2016 thousand US$)","1000 USD",2019,4181180,"Green corn","no"
NA,"World",NA,NA,"Vegetables","Gross Production Value (constant 2014-2016 thousand US$)","1000 USD",2020,4135548,"Green corn","no"
NA,"World",NA,NA,"Vegetables","Gross Production Value (constant 2014-2016 thousand US$)","1000 USD",2021,4124240,"Green corn","no"
NA,"World",NA,NA,"Vegetables","Gross Production Value (constant 2014-2016 thousand US$)","1000 USD",2022,4046218,"Green corn","no"
NA,"World",NA,NA,"Vegetables","Gross Production Value (constant 2014-2016 thousand US$)","1000 USD",2023,4074481,"Green corn","no"
NA,"World",NA,NA,"Vegetables","Gross Production Value (constant 2014-2016 thousand I$)","1000 Int$",1992,5246626,"Green garlic","no"
NA,"World",NA,NA,"Vegetables","Gross Production Value (constant 2014-2016 thousand I$)","1000 Int$",1993,5285189,"Green garlic","no"
NA,"World",NA,NA,"Vegetables","Gross Production Value (constant 2014-2016 thousand I$)","1000 Int$",1994,5472350,"Green garlic","no"
NA,"World",NA,NA,"Vegetables","Gross Production Value (constant 2014-2016 thousand I$)","1000 Int$",1995,6002224,"Green garlic","no"
NA,"World",NA,NA,"Vegetables","Gross Production Value (constant 2014-2016 thousand I$)","1000 Int$",1996,6382507,"Green garlic","no"
NA,"World",NA,NA,"Vegetables","Gross Production Value (constant 2014-2016 thousand I$)","1000 Int$",1997,6357057,"Green garlic","no"
NA,"World",NA,NA,"Vegetables","Gross Production Value (constant 2014-2016 thousand I$)","1000 Int$",1998,6533171,"Green garlic","no"
NA,"World",NA,NA,"Vegetables","Gross Production Value (constant 2014-2016 thousand I$)","1000 Int$",1999,6940575,"Green garlic","no"
NA,"World",NA,NA,"Vegetables","Gross Production Value (constant 2014-2016 thousand I$)","1000 Int$",2000,7945399,"Green garlic","no"
NA,"World",NA,NA,"Vegetables","Gross Production Value (constant 2014-2016 thousand I$)","1000 Int$",2001,8222027,"Green garlic","no"
NA,"World",NA,NA,"Vegetables","Gross Production Value (constant 2014-2016 thousand I$)","1000 Int$",2002,9024049,"Green garlic","no"
NA,"World",NA,NA,"Vegetables","Gross Production Value (constant 2014-2016 thousand I$)","1000 Int$",2003,9809548,"Green garlic","no"
NA,"World",NA,NA,"Vegetables","Gross Production Value (constant 2014-2016 thousand I$)","1000 Int$",2004,10383020,"Green garlic","no"
NA,"World",NA,NA,"Vegetables","Gross Production Value (constant 2014-2016 thousand I$)","1000 Int$",2005,10818693,"Green garlic","no"
NA,"World",NA,NA,"Vegetables","Gross Production Value (constant 2014-2016 thousand I$)","1000 Int$",2006,11026189,"Green garlic","no"
NA,"World",NA,NA,"Vegetables","Gross Production Value (constant 2014-2016 thousand I$)","1000 Int$",2007,14480367,"Green garlic","no"
NA,"World",NA,NA,"Vegetables","Gross Production Value (constant 2014-2016 thousand I$)","1000 Int$",2008,16406224,"Green garlic","no"
NA,"World",NA,NA,"Vegetables","Gross Production Value (constant 2014-2016 thousand I$)","1000 Int$",2009,15890334,"Green garlic","no"
NA,"World",NA,NA,"Vegetables","Gross Production Value (constant 2014-2016 thousand I$)","1000 Int$",2010,16256277,"Green garlic","no"
NA,"World",NA,NA,"Vegetables","Gross Production Value (constant 2014-2016 thousand I$)","1000 Int$",2011,16624212,"Green garlic","no"
NA,"World",NA,NA,"Vegetables","Gross Production Value (constant 2014-2016 thousand I$)","1000 Int$",2012,16855260,"Green garlic","no"
NA,"World",NA,NA,"Vegetables","Gross Production Value (constant 2014-2016 thousand I$)","1000 Int$",2013,17457278,"Green garlic","no"
NA,"World",NA,NA,"Vegetables","Gross Production Value (constant 2014-2016 thousand I$)","1000 Int$",2014,18008180,"Green garlic","no"
NA,"World",NA,NA,"Vegetables","Gross Production Value (constant 2014-2016 thousand I$)","1000 Int$",2015,19407820,"Green garlic","no"
NA,"World",NA,NA,"Vegetables","Gross Production Value (constant 2014-2016 thousand I$)","1000 Int$",2016,18595617,"Green garlic","no"
NA,"World",NA,NA,"Vegetables","Gross Production Value (constant 2014-2016 thousand I$)","1000 Int$",2017,18704162,"Green garlic","no"
NA,"World",NA,NA,"Vegetables","Gross Production Value (constant 2014-2016 thousand I$)","1000 Int$",2018,19350558,"Green garlic","no"
NA,"World",NA,NA,"Vegetables","Gross Production Value (constant 2014-2016 thousand I$)","1000 Int$",2019,20544761,"Green garlic","no"
NA,"World",NA,NA,"Vegetables","Gross Production Value (constant 2014-2016 thousand I$)","1000 Int$",2020,20199565,"Green garlic","no"
NA,"World",NA,NA,"Vegetables","Gross Production Value (constant 2014-2016 thousand I$)","1000 Int$",2021,20636867,"Green garlic","no"
NA,"World",NA,NA,"Vegetables","Gross Production Value (constant 2014-2016 thousand I$)","1000 Int$",2022,20746610,"Green garlic","no"
NA,"World",NA,NA,"Vegetables","Gross Production Value (constant 2014-2016 thousand I$)","1000 Int$",2023,20702118,"Green garlic","no"
NA,"World",NA,NA,"Vegetables","Gross Production Value (constant 2014-2016 thousand US$)","1000 USD",1992,9093555,"Green garlic","no"
NA,"World",NA,NA,"Vegetables","Gross Production Value (constant 2014-2016 thousand US$)","1000 USD",1993,9036136,"Green garlic","no"
NA,"World",NA,NA,"Vegetables","Gross Production Value (constant 2014-2016 thousand US$)","1000 USD",1994,9522451,"Green garlic","no"
NA,"World",NA,NA,"Vegetables","Gross Production Value (constant 2014-2016 thousand US$)","1000 USD",1995,10493014,"Green garlic","no"
NA,"World",NA,NA,"Vegetables","Gross Production Value (constant 2014-2016 thousand US$)","1000 USD",1996,10936389,"Green garlic","no"
NA,"World",NA,NA,"Vegetables","Gross Production Value (constant 2014-2016 thousand US$)","1000 USD",1997,10881405,"Green garlic","no"
NA,"World",NA,NA,"Vegetables","Gross Production Value (constant 2014-2016 thousand US$)","1000 USD",1998,11249786,"Green garlic","no"
NA,"World",NA,NA,"Vegetables","Gross Production Value (constant 2014-2016 thousand US$)","1000 USD",1999,11896572,"Green garlic","no"
NA,"World",NA,NA,"Vegetables","Gross Production Value (constant 2014-2016 thousand US$)","1000 USD",2000,13180667,"Green garlic","no"
NA,"World",NA,NA,"Vegetables","Gross Production Value (constant 2014-2016 thousand US$)","1000 USD",2001,13520200,"Green garlic","no"
NA,"World",NA,NA,"Vegetables","Gross Production Value (constant 2014-2016 thousand US$)","1000 USD",2002,14648783,"Green garlic","no"
NA,"World",NA,NA,"Vegetables","Gross Production Value (constant 2014-2016 thousand US$)","1000 USD",2003,15938361,"Green garlic","no"
NA,"World",NA,NA,"Vegetables","Gross Production Value (constant 2014-2016 thousand US$)","1000 USD",2004,16763005,"Green garlic","no"
NA,"World",NA,NA,"Vegetables","Gross Production Value (constant 2014-2016 thousand US$)","1000 USD",2005,17320833,"Green garlic","no"
NA,"World",NA,NA,"Vegetables","Gross Production Value (constant 2014-2016 thousand US$)","1000 USD",2006,17627132,"Green garlic","no"
NA,"World",NA,NA,"Vegetables","Gross Production Value (constant 2014-2016 thousand US$)","1000 USD",2007,22674775,"Green garlic","no"
NA,"World",NA,NA,"Vegetables","Gross Production Value (constant 2014-2016 thousand US$)","1000 USD",2008,25660007,"Green garlic","no"
NA,"World",NA,NA,"Vegetables","Gross Production Value (constant 2014-2016 thousand US$)","1000 USD",2009,24891097,"Green garlic","no"
NA,"World",NA,NA,"Vegetables","Gross Production Value (constant 2014-2016 thousand US$)","1000 USD",2010,25229197,"Green garlic","no"
NA,"World",NA,NA,"Vegetables","Gross Production Value (constant 2014-2016 thousand US$)","1000 USD",2011,25751177,"Green garlic","no"
NA,"World",NA,NA,"Vegetables","Gross Production Value (constant 2014-2016 thousand US$)","1000 USD",2012,26265552,"Green garlic","no"
NA,"World",NA,NA,"Vegetables","Gross Production Value (constant 2014-2016 thousand US$)","1000 USD",2013,27267595,"Green garlic","no"
NA,"World",NA,NA,"Vegetables","Gross Production Value (constant 2014-2016 thousand US$)","1000 USD",2014,27959107,"Green garlic","no"
NA,"World",NA,NA,"Vegetables","Gross Production Value (constant 2014-2016 thousand US$)","1000 USD",2015,30030300,"Green garlic","no"
NA,"World",NA,NA,"Vegetables","Gross Production Value (constant 2014-2016 thousand US$)","1000 USD",2016,28926516,"Green garlic","no"
NA,"World",NA,NA,"Vegetables","Gross Production Value (constant 2014-2016 thousand US$)","1000 USD",2017,29226075,"Green garlic","no"
NA,"World",NA,NA,"Vegetables","Gross Production Value (constant 2014-2016 thousand US$)","1000 USD",2018,30113330,"Green garlic","no"
NA,"World",NA,NA,"Vegetables","Gross Production Value (constant 2014-2016 thousand US$)","1000 USD",2019,32508430,"Green garlic","no"
NA,"World",NA,NA,"Vegetables","Gross Production Value (constant 2014-2016 thousand US$)","1000 USD",2020,31935251,"Green garlic","no"
NA,"World",NA,NA,"Vegetables","Gross Production Value (constant 2014-2016 thousand US$)","1000 USD",2021,32638686,"Green garlic","no"
NA,"World",NA,NA,"Vegetables","Gross Production Value (constant 2014-2016 thousand US$)","1000 USD",2022,32553066,"Green garlic","no"
NA,"World",NA,NA,"Vegetables","Gross Production Value (constant 2014-2016 thousand US$)","1000 USD",2023,32603417,"Green garlic","no"
NA,"World",NA,NA,"Oilseeds and oleaginous fruits","Gross Production Value (constant 2014-2016 thousand I$)","1000 Int$",1992,17514605,"Groundnuts, excluding shelled","no"
NA,"World",NA,NA,"Oilseeds and oleaginous fruits","Gross Production Value (constant 2014-2016 thousand I$)","1000 Int$",1993,18637877,"Groundnuts, excluding shelled","no"
NA,"World",NA,NA,"Oilseeds and oleaginous fruits","Gross Production Value (constant 2014-2016 thousand I$)","1000 Int$",1994,20585034,"Groundnuts, excluding shelled","no"
NA,"World",NA,NA,"Oilseeds and oleaginous fruits","Gross Production Value (constant 2014-2016 thousand I$)","1000 Int$",1995,20479059,"Groundnuts, excluding shelled","no"
NA,"World",NA,NA,"Oilseeds and oleaginous fruits","Gross Production Value (constant 2014-2016 thousand I$)","1000 Int$",1996,22237791,"Groundnuts, excluding shelled","no"
NA,"World",NA,NA,"Oilseeds and oleaginous fruits","Gross Production Value (constant 2014-2016 thousand I$)","1000 Int$",1997,20919931,"Groundnuts, excluding shelled","no"
NA,"World",NA,NA,"Oilseeds and oleaginous fruits","Gross Production Value (constant 2014-2016 thousand I$)","1000 Int$",1998,24099085,"Groundnuts, excluding shelled","no"
NA,"World",NA,NA,"Oilseeds and oleaginous fruits","Gross Production Value (constant 2014-2016 thousand I$)","1000 Int$",1999,23071776,"Groundnuts, excluding shelled","no"
NA,"World",NA,NA,"Oilseeds and oleaginous fruits","Gross Production Value (constant 2014-2016 thousand I$)","1000 Int$",2000,25141876,"Groundnuts, excluding shelled","no"
NA,"World",NA,NA,"Oilseeds and oleaginous fruits","Gross Production Value (constant 2014-2016 thousand I$)","1000 Int$",2001,25894542,"Groundnuts, excluding shelled","no"
NA,"World",NA,NA,"Oilseeds and oleaginous fruits","Gross Production Value (constant 2014-2016 thousand I$)","1000 Int$",2002,23781187,"Groundnuts, excluding shelled","no"
NA,"World",NA,NA,"Oilseeds and oleaginous fruits","Gross Production Value (constant 2014-2016 thousand I$)","1000 Int$",2003,26182201,"Groundnuts, excluding shelled","no"
NA,"World",NA,NA,"Oilseeds and oleaginous fruits","Gross Production Value (constant 2014-2016 thousand I$)","1000 Int$",2004,26309479,"Groundnuts, excluding shelled","no"
NA,"World",NA,NA,"Oilseeds and oleaginous fruits","Gross Production Value (constant 2014-2016 thousand I$)","1000 Int$",2005,27905110,"Groundnuts, excluding shelled","no"
NA,"World",NA,NA,"Oilseeds and oleaginous fruits","Gross Production Value (constant 2014-2016 thousand I$)","1000 Int$",2006,24176181,"Groundnuts, excluding shelled","no"
NA,"World",NA,NA,"Oilseeds and oleaginous fruits","Gross Production Value (constant 2014-2016 thousand I$)","1000 Int$",2007,27138948,"Groundnuts, excluding shelled","no"
NA,"World",NA,NA,"Oilseeds and oleaginous fruits","Gross Production Value (constant 2014-2016 thousand I$)","1000 Int$",2008,27981669,"Groundnuts, excluding shelled","no"
NA,"World",NA,NA,"Oilseeds and oleaginous fruits","Gross Production Value (constant 2014-2016 thousand I$)","1000 Int$",2009,26968984,"Groundnuts, excluding shelled","no"
NA,"World",NA,NA,"Oilseeds and oleaginous fruits","Gross Production Value (constant 2014-2016 thousand I$)","1000 Int$",2010,31685436,"Groundnuts, excluding shelled","no"
NA,"World",NA,NA,"Oilseeds and oleaginous fruits","Gross Production Value (constant 2014-2016 thousand I$)","1000 Int$",2011,29912431,"Groundnuts, excluding shelled","no"
NA,"World",NA,NA,"Oilseeds and oleaginous fruits","Gross Production Value (constant 2014-2016 thousand I$)","1000 Int$",2012,30860799,"Groundnuts, excluding shelled","no"
NA,"World",NA,NA,"Oilseeds and oleaginous fruits","Gross Production Value (constant 2014-2016 thousand I$)","1000 Int$",2013,34066077,"Groundnuts, excluding shelled","no"
NA,"World",NA,NA,"Oilseeds and oleaginous fruits","Gross Production Value (constant 2014-2016 thousand I$)","1000 Int$",2014,33494691,"Groundnuts, excluding shelled","no"
NA,"World",NA,NA,"Oilseeds and oleaginous fruits","Gross Production Value (constant 2014-2016 thousand I$)","1000 Int$",2015,32697814,"Groundnuts, excluding shelled","no"
NA,"World",NA,NA,"Oilseeds and oleaginous fruits","Gross Production Value (constant 2014-2016 thousand I$)","1000 Int$",2016,33572557,"Groundnuts, excluding shelled","no"
NA,"World",NA,NA,"Oilseeds and oleaginous fruits","Gross Production Value (constant 2014-2016 thousand I$)","1000 Int$",2017,35273227,"Groundnuts, excluding shelled","no"
NA,"World",NA,NA,"Oilseeds and oleaginous fruits","Gross Production Value (constant 2014-2016 thousand I$)","1000 Int$",2018,37515125,"Groundnuts, excluding shelled","no"
NA,"World",NA,NA,"Oilseeds and oleaginous fruits","Gross Production Value (constant 2014-2016 thousand I$)","1000 Int$",2019,35647019,"Groundnuts, excluding shelled","no"
NA,"World",NA,NA,"Oilseeds and oleaginous fruits","Gross Production Value (constant 2014-2016 thousand I$)","1000 Int$",2020,39374171,"Groundnuts, excluding shelled","no"
NA,"World",NA,NA,"Oilseeds and oleaginous fruits","Gross Production Value (constant 2014-2016 thousand I$)","1000 Int$",2021,39491063,"Groundnuts, excluding shelled","no"
NA,"World",NA,NA,"Oilseeds and oleaginous fruits","Gross Production Value (constant 2014-2016 thousand I$)","1000 Int$",2022,39844866,"Groundnuts, excluding shelled","no"
NA,"World",NA,NA,"Oilseeds and oleaginous fruits","Gross Production Value (constant 2014-2016 thousand I$)","1000 Int$",2023,39278809,"Groundnuts, excluding shelled","no"
NA,"World",NA,NA,"Oilseeds and oleaginous fruits","Gross Production Value (constant 2014-2016 thousand US$)","1000 USD",1992,17160450,"Groundnuts, excluding shelled","no"
NA,"World",NA,NA,"Oilseeds and oleaginous fruits","Gross Production Value (constant 2014-2016 thousand US$)","1000 USD",1993,19708385,"Groundnuts, excluding shelled","no"
NA,"World",NA,NA,"Oilseeds and oleaginous fruits","Gross Production Value (constant 2014-2016 thousand US$)","1000 USD",1994,21909042,"Groundnuts, excluding shelled","no"
NA,"World",NA,NA,"Oilseeds and oleaginous fruits","Gross Production Value (constant 2014-2016 thousand US$)","1000 USD",1995,22189739,"Groundnuts, excluding shelled","no"
NA,"World",NA,NA,"Oilseeds and oleaginous fruits","Gross Production Value (constant 2014-2016 thousand US$)","1000 USD",1996,23400724,"Groundnuts, excluding shelled","no"
NA,"World",NA,NA,"Oilseeds and oleaginous fruits","Gross Production Value (constant 2014-2016 thousand US$)","1000 USD",1997,21755838,"Groundnuts, excluding shelled","no"
NA,"World",NA,NA,"Oilseeds and oleaginous fruits","Gross Production Value (constant 2014-2016 thousand US$)","1000 USD",1998,25940897,"Groundnuts, excluding shelled","no"
NA,"World",NA,NA,"Oilseeds and oleaginous fruits","Gross Production Value (constant 2014-2016 thousand US$)","1000 USD",1999,25354375,"Groundnuts, excluding shelled","no"
NA,"World",NA,NA,"Oilseeds and oleaginous fruits","Gross Production Value (constant 2014-2016 thousand US$)","1000 USD",2000,28319942,"Groundnuts, excluding shelled","no"
NA,"World",NA,NA,"Oilseeds and oleaginous fruits","Gross Production Value (constant 2014-2016 thousand US$)","1000 USD",2001,28851900,"Groundnuts, excluding shelled","no"
NA,"World",NA,NA,"Oilseeds and oleaginous fruits","Gross Production Value (constant 2014-2016 thousand US$)","1000 USD",2002,27620576,"Groundnuts, excluding shelled","no"
NA,"World",NA,NA,"Oilseeds and oleaginous fruits","Gross Production Value (constant 2014-2016 thousand US$)","1000 USD",2003,28440249,"Groundnuts, excluding shelled","no"
NA,"World",NA,NA,"Oilseeds and oleaginous fruits","Gross Production Value (constant 2014-2016 thousand US$)","1000 USD",2004,29093602,"Groundnuts, excluding shelled","no"
NA,"World",NA,NA,"Oilseeds and oleaginous fruits","Gross Production Value (constant 2014-2016 thousand US$)","1000 USD",2005,30318823,"Groundnuts, excluding shelled","no"
NA,"World",NA,NA,"Oilseeds and oleaginous fruits","Gross Production Value (constant 2014-2016 thousand US$)","1000 USD",2006,26321729,"Groundnuts, excluding shelled","no"
NA,"World",NA,NA,"Oilseeds and oleaginous fruits","Gross Production Value (constant 2014-2016 thousand US$)","1000 USD",2007,28908155,"Groundnuts, excluding shelled","no"
NA,"World",NA,NA,"Oilseeds and oleaginous fruits","Gross Production Value (constant 2014-2016 thousand US$)","1000 USD",2008,30253142,"Groundnuts, excluding shelled","no"
NA,"World",NA,NA,"Oilseeds and oleaginous fruits","Gross Production Value (constant 2014-2016 thousand US$)","1000 USD",2009,29666176,"Groundnuts, excluding shelled","no"
NA,"World",NA,NA,"Oilseeds and oleaginous fruits","Gross Production Value (constant 2014-2016 thousand US$)","1000 USD",2010,33639389,"Groundnuts, excluding shelled","no"
NA,"World",NA,NA,"Oilseeds and oleaginous fruits","Gross Production Value (constant 2014-2016 thousand US$)","1000 USD",2011,32529874,"Groundnuts, excluding shelled","no"
NA,"World",NA,NA,"Oilseeds and oleaginous fruits","Gross Production Value (constant 2014-2016 thousand US$)","1000 USD",2012,33620488,"Groundnuts, excluding shelled","no"
NA,"World",NA,NA,"Oilseeds and oleaginous fruits","Gross Production Value (constant 2014-2016 thousand US$)","1000 USD",2013,36001286,"Groundnuts, excluding shelled","no"
NA,"World",NA,NA,"Oilseeds and oleaginous fruits","Gross Production Value (constant 2014-2016 thousand US$)","1000 USD",2014,34542430,"Groundnuts, excluding shelled","no"
NA,"World",NA,NA,"Oilseeds and oleaginous fruits","Gross Production Value (constant 2014-2016 thousand US$)","1000 USD",2015,33761795,"Groundnuts, excluding shelled","no"
NA,"World",NA,NA,"Oilseeds and oleaginous fruits","Gross Production Value (constant 2014-2016 thousand US$)","1000 USD",2016,34194564,"Groundnuts, excluding shelled","no"
NA,"World",NA,NA,"Oilseeds and oleaginous fruits","Gross Production Value (constant 2014-2016 thousand US$)","1000 USD",2017,35803696,"Groundnuts, excluding shelled","no"
NA,"World",NA,NA,"Oilseeds and oleaginous fruits","Gross Production Value (constant 2014-2016 thousand US$)","1000 USD",2018,37054601,"Groundnuts, excluding shelled","no"
NA,"World",NA,NA,"Oilseeds and oleaginous fruits","Gross Production Value (constant 2014-2016 thousand US$)","1000 USD",2019,35768240,"Groundnuts, excluding shelled","no"
NA,"World",NA,NA,"Oilseeds and oleaginous fruits","Gross Production Value (constant 2014-2016 thousand US$)","1000 USD",2020,38745779,"Groundnuts, excluding shelled","no"
NA,"World",NA,NA,"Oilseeds and oleaginous fruits","Gross Production Value (constant 2014-2016 thousand US$)","1000 USD",2021,39083868,"Groundnuts, excluding shelled","no"
NA,"World",NA,NA,"Oilseeds and oleaginous fruits","Gross Production Value (constant 2014-2016 thousand US$)","1000 USD",2022,39069345,"Groundnuts, excluding shelled","no"
NA,"World",NA,NA,"Oilseeds and oleaginous fruits","Gross Production Value (constant 2014-2016 thousand US$)","1000 USD",2023,39952255,"Groundnuts, excluding shelled","no"
NA,"World",NA,NA,"Fruits and nuts","Gross Production Value (constant 2014-2016 thousand I$)","1000 Int$",1992,2450783,"Hazelnuts","no"
NA,"World",NA,NA,"Fruits and nuts","Gross Production Value (constant 2014-2016 thousand I$)","1000 Int$",1993,1635068,"Hazelnuts","no"
NA,"World",NA,NA,"Fruits and nuts","Gross Production Value (constant 2014-2016 thousand I$)","1000 Int$",1994,2459385,"Hazelnuts","no"
NA,"World",NA,NA,"Fruits and nuts","Gross Production Value (constant 2014-2016 thousand I$)","1000 Int$",1995,2325345,"Hazelnuts","no"
NA,"World",NA,NA,"Fruits and nuts","Gross Production Value (constant 2014-2016 thousand I$)","1000 Int$",1996,2223958,"Hazelnuts","no"
NA,"World",NA,NA,"Fruits and nuts","Gross Production Value (constant 2014-2016 thousand I$)","1000 Int$",1997,2167103,"Hazelnuts","no"
NA,"World",NA,NA,"Fruits and nuts","Gross Production Value (constant 2014-2016 thousand I$)","1000 Int$",1998,2754724,"Hazelnuts","no"
NA,"World",NA,NA,"Fruits and nuts","Gross Production Value (constant 2014-2016 thousand I$)","1000 Int$",1999,2681502,"Hazelnuts","no"
NA,"World",NA,NA,"Fruits and nuts","Gross Production Value (constant 2014-2016 thousand I$)","1000 Int$",2000,2321298,"Hazelnuts","no"
NA,"World",NA,NA,"Fruits and nuts","Gross Production Value (constant 2014-2016 thousand I$)","1000 Int$",2001,3016851,"Hazelnuts","no"
NA,"World",NA,NA,"Fruits and nuts","Gross Production Value (constant 2014-2016 thousand I$)","1000 Int$",2002,2870052,"Hazelnuts","no"
NA,"World",NA,NA,"Fruits and nuts","Gross Production Value (constant 2014-2016 thousand I$)","1000 Int$",2003,2363551,"Hazelnuts","no"
NA,"World",NA,NA,"Fruits and nuts","Gross Production Value (constant 2014-2016 thousand I$)","1000 Int$",2004,2116198,"Hazelnuts","no"
NA,"World",NA,NA,"Fruits and nuts","Gross Production Value (constant 2014-2016 thousand I$)","1000 Int$",2005,2606812,"Hazelnuts","no"
NA,"World",NA,NA,"Fruits and nuts","Gross Production Value (constant 2014-2016 thousand I$)","1000 Int$",2006,3302880,"Hazelnuts","no"
NA,"World",NA,NA,"Fruits and nuts","Gross Production Value (constant 2014-2016 thousand I$)","1000 Int$",2007,2787981,"Hazelnuts","no"
NA,"World",NA,NA,"Fruits and nuts","Gross Production Value (constant 2014-2016 thousand I$)","1000 Int$",2008,3669018,"Hazelnuts","no"
NA,"World",NA,NA,"Fruits and nuts","Gross Production Value (constant 2014-2016 thousand I$)","1000 Int$",2009,2654989,"Hazelnuts","no"
NA,"World",NA,NA,"Fruits and nuts","Gross Production Value (constant 2014-2016 thousand I$)","1000 Int$",2010,2935879,"Hazelnuts","no"
NA,"World",NA,NA,"Fruits and nuts","Gross Production Value (constant 2014-2016 thousand I$)","1000 Int$",2011,2558853,"Hazelnuts","no"
NA,"World",NA,NA,"Fruits and nuts","Gross Production Value (constant 2014-2016 thousand I$)","1000 Int$",2012,3174927,"Hazelnuts","no"
NA,"World",NA,NA,"Fruits and nuts","Gross Production Value (constant 2014-2016 thousand I$)","1000 Int$",2013,2986587,"Hazelnuts","no"
NA,"World",NA,NA,"Fruits and nuts","Gross Production Value (constant 2014-2016 thousand I$)","1000 Int$",2014,2440596,"Hazelnuts","no"
NA,"World",NA,NA,"Fruits and nuts","Gross Production Value (constant 2014-2016 thousand I$)","1000 Int$",2015,3215363,"Hazelnuts","no"
NA,"World",NA,NA,"Fruits and nuts","Gross Production Value (constant 2014-2016 thousand I$)","1000 Int$",2016,2553438,"Hazelnuts","no"
NA,"World",NA,NA,"Fruits and nuts","Gross Production Value (constant 2014-2016 thousand I$)","1000 Int$",2017,3440400,"Hazelnuts","no"
NA,"World",NA,NA,"Fruits and nuts","Gross Production Value (constant 2014-2016 thousand I$)","1000 Int$",2018,3003480,"Hazelnuts","no"
NA,"World",NA,NA,"Fruits and nuts","Gross Production Value (constant 2014-2016 thousand I$)","1000 Int$",2019,3853712,"Hazelnuts","no"
NA,"World",NA,NA,"Fruits and nuts","Gross Production Value (constant 2014-2016 thousand I$)","1000 Int$",2020,3677766,"Hazelnuts","no"
NA,"World",NA,NA,"Fruits and nuts","Gross Production Value (constant 2014-2016 thousand I$)","1000 Int$",2021,3707780,"Hazelnuts","no"
NA,"World",NA,NA,"Fruits and nuts","Gross Production Value (constant 2014-2016 thousand I$)","1000 Int$",2022,4107111,"Hazelnuts","no"
NA,"World",NA,NA,"Fruits and nuts","Gross Production Value (constant 2014-2016 thousand I$)","1000 Int$",2023,3864922,"Hazelnuts","no"
NA,"World",NA,NA,"Fruits and nuts","Gross Production Value (constant 2014-2016 thousand US$)","1000 USD",1992,3086948,"Hazelnuts","no"
NA,"World",NA,NA,"Fruits and nuts","Gross Production Value (constant 2014-2016 thousand US$)","1000 USD",1993,2043546,"Hazelnuts","no"
NA,"World",NA,NA,"Fruits and nuts","Gross Production Value (constant 2014-2016 thousand US$)","1000 USD",1994,3066557,"Hazelnuts","no"
NA,"World",NA,NA,"Fruits and nuts","Gross Production Value (constant 2014-2016 thousand US$)","1000 USD",1995,2889061,"Hazelnuts","no"
NA,"World",NA,NA,"Fruits and nuts","Gross Production Value (constant 2014-2016 thousand US$)","1000 USD",1996,2780285,"Hazelnuts","no"
NA,"World",NA,NA,"Fruits and nuts","Gross Production Value (constant 2014-2016 thousand US$)","1000 USD",1997,2653730,"Hazelnuts","no"
NA,"World",NA,NA,"Fruits and nuts","Gross Production Value (constant 2014-2016 thousand US$)","1000 USD",1998,3444857,"Hazelnuts","no"
NA,"World",NA,NA,"Fruits and nuts","Gross Production Value (constant 2014-2016 thousand US$)","1000 USD",1999,3292057,"Hazelnuts","no"
NA,"World",NA,NA,"Fruits and nuts","Gross Production Value (constant 2014-2016 thousand US$)","1000 USD",2000,2853084,"Hazelnuts","no"
NA,"World",NA,NA,"Fruits and nuts","Gross Production Value (constant 2014-2016 thousand US$)","1000 USD",2001,3721857,"Hazelnuts","no"
NA,"World",NA,NA,"Fruits and nuts","Gross Production Value (constant 2014-2016 thousand US$)","1000 USD",2002,3552341,"Hazelnuts","no"
NA,"World",NA,NA,"Fruits and nuts","Gross Production Value (constant 2014-2016 thousand US$)","1000 USD",2003,2886131,"Hazelnuts","no"
NA,"World",NA,NA,"Fruits and nuts","Gross Production Value (constant 2014-2016 thousand US$)","1000 USD",2004,2593499,"Hazelnuts","no"
NA,"World",NA,NA,"Fruits and nuts","Gross Production Value (constant 2014-2016 thousand US$)","1000 USD",2005,3171329,"Hazelnuts","no"
NA,"World",NA,NA,"Fruits and nuts","Gross Production Value (constant 2014-2016 thousand US$)","1000 USD",2006,4046860,"Hazelnuts","no"
NA,"World",NA,NA,"Fruits and nuts","Gross Production Value (constant 2014-2016 thousand US$)","1000 USD",2007,3391417,"Hazelnuts","no"
NA,"World",NA,NA,"Fruits and nuts","Gross Production Value (constant 2014-2016 thousand US$)","1000 USD",2008,4519086,"Hazelnuts","no"
NA,"World",NA,NA,"Fruits and nuts","Gross Production Value (constant 2014-2016 thousand US$)","1000 USD",2009,3185441,"Hazelnuts","no"
NA,"World",NA,NA,"Fruits and nuts","Gross Production Value (constant 2014-2016 thousand US$)","1000 USD",2010,3546474,"Hazelnuts","no"
NA,"World",NA,NA,"Fruits and nuts","Gross Production Value (constant 2014-2016 thousand US$)","1000 USD",2011,3019513,"Hazelnuts","no"
NA,"World",NA,NA,"Fruits and nuts","Gross Production Value (constant 2014-2016 thousand US$)","1000 USD",2012,3819496,"Hazelnuts","no"
NA,"World",NA,NA,"Fruits and nuts","Gross Production Value (constant 2014-2016 thousand US$)","1000 USD",2013,3526478,"Hazelnuts","no"
NA,"World",NA,NA,"Fruits and nuts","Gross Production Value (constant 2014-2016 thousand US$)","1000 USD",2014,2812534,"Hazelnuts","no"
NA,"World",NA,NA,"Fruits and nuts","Gross Production Value (constant 2014-2016 thousand US$)","1000 USD",2015,3808229,"Hazelnuts","no"
NA,"World",NA,NA,"Fruits and nuts","Gross Production Value (constant 2014-2016 thousand US$)","1000 USD",2016,2926395,"Hazelnuts","no"
NA,"World",NA,NA,"Fruits and nuts","Gross Production Value (constant 2014-2016 thousand US$)","1000 USD",2017,4059521,"Hazelnuts","no"
NA,"World",NA,NA,"Fruits and nuts","Gross Production Value (constant 2014-2016 thousand US$)","1000 USD",2018,3434153,"Hazelnuts","no"
NA,"World",NA,NA,"Fruits and nuts","Gross Production Value (constant 2014-2016 thousand US$)","1000 USD",2019,4439268,"Hazelnuts","no"
NA,"World",NA,NA,"Fruits and nuts","Gross Production Value (constant 2014-2016 thousand US$)","1000 USD",2020,4196472,"Hazelnuts","no"
NA,"World",NA,NA,"Fruits and nuts","Gross Production Value (constant 2014-2016 thousand US$)","1000 USD",2021,4150877,"Hazelnuts","no"
NA,"World",NA,NA,"Fruits and nuts","Gross Production Value (constant 2014-2016 thousand US$)","1000 USD",2022,4550783,"Hazelnuts","no"
NA,"World",NA,NA,"Fruits and nuts","Gross Production Value (constant 2014-2016 thousand US$)","1000 USD",2023,4163685,"Hazelnuts","no"
NA,"World",NA,NA,"Oilseeds and oleaginous fruits","Gross Production Value (constant 2014-2016 thousand I$)","1000 Int$",1992,12874,"Hempseed","no"
NA,"World",NA,NA,"Oilseeds and oleaginous fruits","Gross Production Value (constant 2014-2016 thousand I$)","1000 Int$",1993,9968,"Hempseed","no"
NA,"World",NA,NA,"Oilseeds and oleaginous fruits","Gross Production Value (constant 2014-2016 thousand I$)","1000 Int$",1994,7693,"Hempseed","no"
NA,"World",NA,NA,"Oilseeds and oleaginous fruits","Gross Production Value (constant 2014-2016 thousand I$)","1000 Int$",1995,10576,"Hempseed","no"
NA,"World",NA,NA,"Oilseeds and oleaginous fruits","Gross Production Value (constant 2014-2016 thousand I$)","1000 Int$",1996,7759,"Hempseed","no"
NA,"World",NA,NA,"Oilseeds and oleaginous fruits","Gross Production Value (constant 2014-2016 thousand I$)","1000 Int$",1997,7109,"Hempseed","no"
NA,"World",NA,NA,"Oilseeds and oleaginous fruits","Gross Production Value (constant 2014-2016 thousand I$)","1000 Int$",1998,6736,"Hempseed","no"
NA,"World",NA,NA,"Oilseeds and oleaginous fruits","Gross Production Value (constant 2014-2016 thousand I$)","1000 Int$",1999,7952,"Hempseed","no"
NA,"World",NA,NA,"Oilseeds and oleaginous fruits","Gross Production Value (constant 2014-2016 thousand I$)","1000 Int$",2000,10519,"Hempseed","no"
NA,"World",NA,NA,"Oilseeds and oleaginous fruits","Gross Production Value (constant 2014-2016 thousand I$)","1000 Int$",2001,8350,"Hempseed","no"
NA,"World",NA,NA,"Oilseeds and oleaginous fruits","Gross Production Value (constant 2014-2016 thousand I$)","1000 Int$",2002,6535,"Hempseed","no"
NA,"World",NA,NA,"Oilseeds and oleaginous fruits","Gross Production Value (constant 2014-2016 thousand I$)","1000 Int$",2003,6089,"Hempseed","no"
NA,"World",NA,NA,"Oilseeds and oleaginous fruits","Gross Production Value (constant 2014-2016 thousand I$)","1000 Int$",2004,5717,"Hempseed","no"
NA,"World",NA,NA,"Oilseeds and oleaginous fruits","Gross Production Value (constant 2014-2016 thousand I$)","1000 Int$",2005,6090,"Hempseed","no"
NA,"World",NA,NA,"Oilseeds and oleaginous fruits","Gross Production Value (constant 2014-2016 thousand I$)","1000 Int$",2006,5635,"Hempseed","no"
NA,"World",NA,NA,"Oilseeds and oleaginous fruits","Gross Production Value (constant 2014-2016 thousand I$)","1000 Int$",2007,5640,"Hempseed","no"
NA,"World",NA,NA,"Oilseeds and oleaginous fruits","Gross Production Value (constant 2014-2016 thousand I$)","1000 Int$",2008,5943,"Hempseed","no"
NA,"World",NA,NA,"Oilseeds and oleaginous fruits","Gross Production Value (constant 2014-2016 thousand I$)","1000 Int$",2009,4988,"Hempseed","no"
NA,"World",NA,NA,"Oilseeds and oleaginous fruits","Gross Production Value (constant 2014-2016 thousand I$)","1000 Int$",2010,4687,"Hempseed","no"
NA,"World",NA,NA,"Oilseeds and oleaginous fruits","Gross Production Value (constant 2014-2016 thousand I$)","1000 Int$",2011,4682,"Hempseed","no"
NA,"World",NA,NA,"Oilseeds and oleaginous fruits","Gross Production Value (constant 2014-2016 thousand I$)","1000 Int$",2012,4771,"Hempseed","no"
NA,"World",NA,NA,"Oilseeds and oleaginous fruits","Gross Production Value (constant 2014-2016 thousand I$)","1000 Int$",2013,4951,"Hempseed","no"
NA,"World",NA,NA,"Oilseeds and oleaginous fruits","Gross Production Value (constant 2014-2016 thousand I$)","1000 Int$",2014,4860,"Hempseed","no"
NA,"World",NA,NA,"Oilseeds and oleaginous fruits","Gross Production Value (constant 2014-2016 thousand I$)","1000 Int$",2015,4482,"Hempseed","no"
NA,"World",NA,NA,"Oilseeds and oleaginous fruits","Gross Production Value (constant 2014-2016 thousand I$)","1000 Int$",2016,4970,"Hempseed","no"
NA,"World",NA,NA,"Oilseeds and oleaginous fruits","Gross Production Value (constant 2014-2016 thousand I$)","1000 Int$",2017,5800,"Hempseed","no"
NA,"World",NA,NA,"Oilseeds and oleaginous fruits","Gross Production Value (constant 2014-2016 thousand I$)","1000 Int$",2018,7350,"Hempseed","no"
NA,"World",NA,NA,"Oilseeds and oleaginous fruits","Gross Production Value (constant 2014-2016 thousand I$)","1000 Int$",2019,77085,"Hempseed","no"
NA,"World",NA,NA,"Oilseeds and oleaginous fruits","Gross Production Value (constant 2014-2016 thousand I$)","1000 Int$",2020,52736,"Hempseed","no"
NA,"World",NA,NA,"Oilseeds and oleaginous fruits","Gross Production Value (constant 2014-2016 thousand I$)","1000 Int$",2021,55082,"Hempseed","no"
NA,"World",NA,NA,"Oilseeds and oleaginous fruits","Gross Production Value (constant 2014-2016 thousand I$)","1000 Int$",2022,69732,"Hempseed","no"
NA,"World",NA,NA,"Oilseeds and oleaginous fruits","Gross Production Value (constant 2014-2016 thousand I$)","1000 Int$",2023,56193,"Hempseed","no"
NA,"World",NA,NA,"Oilseeds and oleaginous fruits","Gross Production Value (constant 2014-2016 thousand US$)","1000 USD",1992,7180,"Hempseed","no"
NA,"World",NA,NA,"Oilseeds and oleaginous fruits","Gross Production Value (constant 2014-2016 thousand US$)","1000 USD",1993,4335,"Hempseed","no"
NA,"World",NA,NA,"Oilseeds and oleaginous fruits","Gross Production Value (constant 2014-2016 thousand US$)","1000 USD",1994,856,"Hempseed","no"
NA,"World",NA,NA,"Oilseeds and oleaginous fruits","Gross Production Value (constant 2014-2016 thousand US$)","1000 USD",1995,3820,"Hempseed","no"
NA,"World",NA,NA,"Oilseeds and oleaginous fruits","Gross Production Value (constant 2014-2016 thousand US$)","1000 USD",1996,1122,"Hempseed","no"
NA,"World",NA,NA,"Oilseeds and oleaginous fruits","Gross Production Value (constant 2014-2016 thousand US$)","1000 USD",1997,994,"Hempseed","no"
NA,"World",NA,NA,"Oilseeds and oleaginous fruits","Gross Production Value (constant 2014-2016 thousand US$)","1000 USD",1998,1324,"Hempseed","no"
NA,"World",NA,NA,"Oilseeds and oleaginous fruits","Gross Production Value (constant 2014-2016 thousand US$)","1000 USD",1999,2443,"Hempseed","no"
NA,"World",NA,NA,"Oilseeds and oleaginous fruits","Gross Production Value (constant 2014-2016 thousand US$)","1000 USD",2000,4504,"Hempseed","no"
NA,"World",NA,NA,"Oilseeds and oleaginous fruits","Gross Production Value (constant 2014-2016 thousand US$)","1000 USD",2001,1754,"Hempseed","no"
NA,"World",NA,NA,"Oilseeds and oleaginous fruits","Gross Production Value (constant 2014-2016 thousand US$)","1000 USD",2002,853,"Hempseed","no"
NA,"World",NA,NA,"Oilseeds and oleaginous fruits","Gross Production Value (constant 2014-2016 thousand US$)","1000 USD",2003,738,"Hempseed","no"
NA,"World",NA,NA,"Oilseeds and oleaginous fruits","Gross Production Value (constant 2014-2016 thousand US$)","1000 USD",2004,880,"Hempseed","no"
NA,"World",NA,NA,"Oilseeds and oleaginous fruits","Gross Production Value (constant 2014-2016 thousand US$)","1000 USD",2005,1074,"Hempseed","no"
NA,"World",NA,NA,"Oilseeds and oleaginous fruits","Gross Production Value (constant 2014-2016 thousand US$)","1000 USD",2006,651,"Hempseed","no"
NA,"World",NA,NA,"Oilseeds and oleaginous fruits","Gross Production Value (constant 2014-2016 thousand US$)","1000 USD",2007,802,"Hempseed","no"
NA,"World",NA,NA,"Oilseeds and oleaginous fruits","Gross Production Value (constant 2014-2016 thousand US$)","1000 USD",2008,1292,"Hempseed","no"
NA,"World",NA,NA,"Oilseeds and oleaginous fruits","Gross Production Value (constant 2014-2016 thousand US$)","1000 USD",2009,502,"Hempseed","no"
NA,"World",NA,NA,"Oilseeds and oleaginous fruits","Gross Production Value (constant 2014-2016 thousand US$)","1000 USD",2010,585,"Hempseed","no"
NA,"World",NA,NA,"Oilseeds and oleaginous fruits","Gross Production Value (constant 2014-2016 thousand US$)","1000 USD",2011,751,"Hempseed","no"
NA,"World",NA,NA,"Oilseeds and oleaginous fruits","Gross Production Value (constant 2014-2016 thousand US$)","1000 USD",2012,1054,"Hempseed","no"
NA,"World",NA,NA,"Oilseeds and oleaginous fruits","Gross Production Value (constant 2014-2016 thousand US$)","1000 USD",2013,1787,"Hempseed","no"
NA,"World",NA,NA,"Oilseeds and oleaginous fruits","Gross Production Value (constant 2014-2016 thousand US$)","1000 USD",2014,1814,"Hempseed","no"
NA,"World",NA,NA,"Oilseeds and oleaginous fruits","Gross Production Value (constant 2014-2016 thousand US$)","1000 USD",2015,1159,"Hempseed","no"
NA,"World",NA,NA,"Oilseeds and oleaginous fruits","Gross Production Value (constant 2014-2016 thousand US$)","1000 USD",2016,1993,"Hempseed","no"
NA,"World",NA,NA,"Oilseeds and oleaginous fruits","Gross Production Value (constant 2014-2016 thousand US$)","1000 USD",2017,3314,"Hempseed","no"
NA,"World",NA,NA,"Oilseeds and oleaginous fruits","Gross Production Value (constant 2014-2016 thousand US$)","1000 USD",2018,6123,"Hempseed","no"
NA,"World",NA,NA,"Oilseeds and oleaginous fruits","Gross Production Value (constant 2014-2016 thousand US$)","1000 USD",2019,8224,"Hempseed","no"
NA,"World",NA,NA,"Oilseeds and oleaginous fruits","Gross Production Value (constant 2014-2016 thousand US$)","1000 USD",2020,8862,"Hempseed","no"
NA,"World",NA,NA,"Oilseeds and oleaginous fruits","Gross Production Value (constant 2014-2016 thousand US$)","1000 USD",2021,9159,"Hempseed","no"
NA,"World",NA,NA,"Oilseeds and oleaginous fruits","Gross Production Value (constant 2014-2016 thousand US$)","1000 USD",2022,6055,"Hempseed","no"
NA,"World",NA,NA,"Oilseeds and oleaginous fruits","Gross Production Value (constant 2014-2016 thousand US$)","1000 USD",2023,4550,"Hempseed","no"
NA,"World",NA,NA,"Eggs of hens or other birds in shell, fresh","Gross Production Value (constant 2014-2016 thousand I$)","1000 Int$",1992,44088175,"Hen eggs in shell","no"
NA,"World",NA,NA,"Eggs of hens or other birds in shell, fresh","Gross Production Value (constant 2014-2016 thousand I$)","1000 Int$",1993,46169273,"Hen eggs in shell","no"
NA,"World",NA,NA,"Eggs of hens or other birds in shell, fresh","Gross Production Value (constant 2014-2016 thousand I$)","1000 Int$",1994,51187005,"Hen eggs in shell","no"
NA,"World",NA,NA,"Eggs of hens or other birds in shell, fresh","Gross Production Value (constant 2014-2016 thousand I$)","1000 Int$",1995,53302515,"Hen eggs in shell","no"
NA,"World",NA,NA,"Eggs of hens or other birds in shell, fresh","Gross Production Value (constant 2014-2016 thousand I$)","1000 Int$",1996,56086356,"Hen eggs in shell","no"
NA,"World",NA,NA,"Eggs of hens or other birds in shell, fresh","Gross Production Value (constant 2014-2016 thousand I$)","1000 Int$",1997,57770460,"Hen eggs in shell","no"
NA,"World",NA,NA,"Eggs of hens or other birds in shell, fresh","Gross Production Value (constant 2014-2016 thousand I$)","1000 Int$",1998,59760650,"Hen eggs in shell","no"
NA,"World",NA,NA,"Eggs of hens or other birds in shell, fresh","Gross Production Value (constant 2014-2016 thousand I$)","1000 Int$",1999,61960662,"Hen eggs in shell","no"
NA,"World",NA,NA,"Eggs of hens or other birds in shell, fresh","Gross Production Value (constant 2014-2016 thousand I$)","1000 Int$",2000,63832056,"Hen eggs in shell","no"
NA,"World",NA,NA,"Eggs of hens or other birds in shell, fresh","Gross Production Value (constant 2014-2016 thousand I$)","1000 Int$",2001,65139887,"Hen eggs in shell","no"
NA,"World",NA,NA,"Eggs of hens or other birds in shell, fresh","Gross Production Value (constant 2014-2016 thousand I$)","1000 Int$",2002,66769341,"Hen eggs in shell","no"
NA,"World",NA,NA,"Eggs of hens or other birds in shell, fresh","Gross Production Value (constant 2014-2016 thousand I$)","1000 Int$",2003,67791709,"Hen eggs in shell","no"
NA,"World",NA,NA,"Eggs of hens or other birds in shell, fresh","Gross Production Value (constant 2014-2016 thousand I$)","1000 Int$",2004,69346130,"Hen eggs in shell","no"
NA,"World",NA,NA,"Eggs of hens or other birds in shell, fresh","Gross Production Value (constant 2014-2016 thousand I$)","1000 Int$",2005,70809390,"Hen eggs in shell","no"
NA,"World",NA,NA,"Eggs of hens or other birds in shell, fresh","Gross Production Value (constant 2014-2016 thousand I$)","1000 Int$",2006,72397469,"Hen eggs in shell","no"
NA,"World",NA,NA,"Eggs of hens or other birds in shell, fresh","Gross Production Value (constant 2014-2016 thousand I$)","1000 Int$",2007,74425542,"Hen eggs in shell","no"
NA,"World",NA,NA,"Eggs of hens or other birds in shell, fresh","Gross Production Value (constant 2014-2016 thousand I$)","1000 Int$",2008,77030103,"Hen eggs in shell","no"
NA,"World",NA,NA,"Eggs of hens or other birds in shell, fresh","Gross Production Value (constant 2014-2016 thousand I$)","1000 Int$",2009,78460196,"Hen eggs in shell","no"
NA,"World",NA,NA,"Eggs of hens or other birds in shell, fresh","Gross Production Value (constant 2014-2016 thousand I$)","1000 Int$",2010,80205772,"Hen eggs in shell","no"
NA,"World",NA,NA,"Eggs of hens or other birds in shell, fresh","Gross Production Value (constant 2014-2016 thousand I$)","1000 Int$",2011,81749907,"Hen eggs in shell","no"
NA,"World",NA,NA,"Eggs of hens or other birds in shell, fresh","Gross Production Value (constant 2014-2016 thousand I$)","1000 Int$",2012,83716785,"Hen eggs in shell","no"
NA,"World",NA,NA,"Eggs of hens or other birds in shell, fresh","Gross Production Value (constant 2014-2016 thousand I$)","1000 Int$",2013,85798463,"Hen eggs in shell","no"
NA,"World",NA,NA,"Eggs of hens or other birds in shell, fresh","Gross Production Value (constant 2014-2016 thousand I$)","1000 Int$",2014,87622531,"Hen eggs in shell","no"
NA,"World",NA,NA,"Eggs of hens or other birds in shell, fresh","Gross Production Value (constant 2014-2016 thousand I$)","1000 Int$",2015,89898927,"Hen eggs in shell","no"
NA,"World",NA,NA,"Eggs of hens or other birds in shell, fresh","Gross Production Value (constant 2014-2016 thousand I$)","1000 Int$",2016,92629308,"Hen eggs in shell","no"
NA,"World",NA,NA,"Eggs of hens or other birds in shell, fresh","Gross Production Value (constant 2014-2016 thousand I$)","1000 Int$",2017,98085508,"Hen eggs in shell","no"
NA,"World",NA,NA,"Eggs of hens or other birds in shell, fresh","Gross Production Value (constant 2014-2016 thousand I$)","1000 Int$",2018,99808160,"Hen eggs in shell","no"
NA,"World",NA,NA,"Eggs of hens or other birds in shell, fresh","Gross Production Value (constant 2014-2016 thousand I$)","1000 Int$",2019,104311264,"Hen eggs in shell","no"
NA,"World",NA,NA,"Eggs of hens or other birds in shell, fresh","Gross Production Value (constant 2014-2016 thousand I$)","1000 Int$",2020,108150378,"Hen eggs in shell","no"
NA,"World",NA,NA,"Eggs of hens or other birds in shell, fresh","Gross Production Value (constant 2014-2016 thousand I$)","1000 Int$",2021,108646678,"Hen eggs in shell","no"
NA,"World",NA,NA,"Eggs of hens or other birds in shell, fresh","Gross Production Value (constant 2014-2016 thousand I$)","1000 Int$",2022,110589827,"Hen eggs in shell","no"
NA,"World",NA,NA,"Eggs of hens or other birds in shell, fresh","Gross Production Value (constant 2014-2016 thousand I$)","1000 Int$",2023,113072036,"Hen eggs in shell","no"
NA,"World",NA,NA,"Eggs of hens or other birds in shell, fresh","Gross Production Value (constant 2014-2016 thousand US$)","1000 USD",1992,48951236,"Hen eggs in shell","no"
NA,"World",NA,NA,"Eggs of hens or other birds in shell, fresh","Gross Production Value (constant 2014-2016 thousand US$)","1000 USD",1993,51792306,"Hen eggs in shell","no"
NA,"World",NA,NA,"Eggs of hens or other birds in shell, fresh","Gross Production Value (constant 2014-2016 thousand US$)","1000 USD",1994,56291918,"Hen eggs in shell","no"
NA,"World",NA,NA,"Eggs of hens or other birds in shell, fresh","Gross Production Value (constant 2014-2016 thousand US$)","1000 USD",1995,58027409,"Hen eggs in shell","no"
NA,"World",NA,NA,"Eggs of hens or other birds in shell, fresh","Gross Production Value (constant 2014-2016 thousand US$)","1000 USD",1996,60370007,"Hen eggs in shell","no"
NA,"World",NA,NA,"Eggs of hens or other birds in shell, fresh","Gross Production Value (constant 2014-2016 thousand US$)","1000 USD",1997,62154095,"Hen eggs in shell","no"
NA,"World",NA,NA,"Eggs of hens or other birds in shell, fresh","Gross Production Value (constant 2014-2016 thousand US$)","1000 USD",1998,63866402,"Hen eggs in shell","no"
NA,"World",NA,NA,"Eggs of hens or other birds in shell, fresh","Gross Production Value (constant 2014-2016 thousand US$)","1000 USD",1999,66056099,"Hen eggs in shell","no"
NA,"World",NA,NA,"Eggs of hens or other birds in shell, fresh","Gross Production Value (constant 2014-2016 thousand US$)","1000 USD",2000,68081063,"Hen eggs in shell","no"
NA,"World",NA,NA,"Eggs of hens or other birds in shell, fresh","Gross Production Value (constant 2014-2016 thousand US$)","1000 USD",2001,69444974,"Hen eggs in shell","no"
NA,"World",NA,NA,"Eggs of hens or other birds in shell, fresh","Gross Production Value (constant 2014-2016 thousand US$)","1000 USD",2002,71166541,"Hen eggs in shell","no"
NA,"World",NA,NA,"Eggs of hens or other birds in shell, fresh","Gross Production Value (constant 2014-2016 thousand US$)","1000 USD",2003,72202127,"Hen eggs in shell","no"
NA,"World",NA,NA,"Eggs of hens or other birds in shell, fresh","Gross Production Value (constant 2014-2016 thousand US$)","1000 USD",2004,73675593,"Hen eggs in shell","no"
NA,"World",NA,NA,"Eggs of hens or other birds in shell, fresh","Gross Production Value (constant 2014-2016 thousand US$)","1000 USD",2005,75265656,"Hen eggs in shell","no"
NA,"World",NA,NA,"Eggs of hens or other birds in shell, fresh","Gross Production Value (constant 2014-2016 thousand US$)","1000 USD",2006,77095524,"Hen eggs in shell","no"
NA,"World",NA,NA,"Eggs of hens or other birds in shell, fresh","Gross Production Value (constant 2014-2016 thousand US$)","1000 USD",2007,79157473,"Hen eggs in shell","no"
NA,"World",NA,NA,"Eggs of hens or other birds in shell, fresh","Gross Production Value (constant 2014-2016 thousand US$)","1000 USD",2008,81629072,"Hen eggs in shell","no"
NA,"World",NA,NA,"Eggs of hens or other birds in shell, fresh","Gross Production Value (constant 2014-2016 thousand US$)","1000 USD",2009,82760332,"Hen eggs in shell","no"
NA,"World",NA,NA,"Eggs of hens or other birds in shell, fresh","Gross Production Value (constant 2014-2016 thousand US$)","1000 USD",2010,84571106,"Hen eggs in shell","no"
NA,"World",NA,NA,"Eggs of hens or other birds in shell, fresh","Gross Production Value (constant 2014-2016 thousand US$)","1000 USD",2011,86032634,"Hen eggs in shell","no"
NA,"World",NA,NA,"Eggs of hens or other birds in shell, fresh","Gross Production Value (constant 2014-2016 thousand US$)","1000 USD",2012,88605075,"Hen eggs in shell","no"
NA,"World",NA,NA,"Eggs of hens or other birds in shell, fresh","Gross Production Value (constant 2014-2016 thousand US$)","1000 USD",2013,91048018,"Hen eggs in shell","no"
NA,"World",NA,NA,"Eggs of hens or other birds in shell, fresh","Gross Production Value (constant 2014-2016 thousand US$)","1000 USD",2014,92897543,"Hen eggs in shell","no"
NA,"World",NA,NA,"Eggs of hens or other birds in shell, fresh","Gross Production Value (constant 2014-2016 thousand US$)","1000 USD",2015,94988141,"Hen eggs in shell","no"
NA,"World",NA,NA,"Eggs of hens or other birds in shell, fresh","Gross Production Value (constant 2014-2016 thousand US$)","1000 USD",2016,97824572,"Hen eggs in shell","no"
NA,"World",NA,NA,"Eggs of hens or other birds in shell, fresh","Gross Production Value (constant 2014-2016 thousand US$)","1000 USD",2017,105246366,"Hen eggs in shell","no"
NA,"World",NA,NA,"Eggs of hens or other birds in shell, fresh","Gross Production Value (constant 2014-2016 thousand US$)","1000 USD",2018,107829172,"Hen eggs in shell","no"
NA,"World",NA,NA,"Eggs of hens or other birds in shell, fresh","Gross Production Value (constant 2014-2016 thousand US$)","1000 USD",2019,112182647,"Hen eggs in shell","no"
NA,"World",NA,NA,"Eggs of hens or other birds in shell, fresh","Gross Production Value (constant 2014-2016 thousand US$)","1000 USD",2020,115878524,"Hen eggs in shell","no"
NA,"World",NA,NA,"Eggs of hens or other birds in shell, fresh","Gross Production Value (constant 2014-2016 thousand US$)","1000 USD",2021,116748432,"Hen eggs in shell","no"
NA,"World",NA,NA,"Eggs of hens or other birds in shell, fresh","Gross Production Value (constant 2014-2016 thousand US$)","1000 USD",2022,118627159,"Hen eggs in shell","no"
NA,"World",NA,NA,"Eggs of hens or other birds in shell, fresh","Gross Production Value (constant 2014-2016 thousand US$)","1000 USD",2023,121206899,"Hen eggs in shell","no"
NA,"World",NA,NA,"Stimulant, spice and aromatic crops","Gross Production Value (constant 2014-2016 thousand I$)","1000 Int$",1992,587168,"Hop cones","no"
NA,"World",NA,NA,"Stimulant, spice and aromatic crops","Gross Production Value (constant 2014-2016 thousand I$)","1000 Int$",1993,764927,"Hop cones","no"
NA,"World",NA,NA,"Stimulant, spice and aromatic crops","Gross Production Value (constant 2014-2016 thousand I$)","1000 Int$",1994,672508,"Hop cones","no"
NA,"World",NA,NA,"Stimulant, spice and aromatic crops","Gross Production Value (constant 2014-2016 thousand I$)","1000 Int$",1995,729152,"Hop cones","no"
NA,"World",NA,NA,"Stimulant, spice and aromatic crops","Gross Production Value (constant 2014-2016 thousand I$)","1000 Int$",1996,748513,"Hop cones","no"
NA,"World",NA,NA,"Stimulant, spice and aromatic crops","Gross Production Value (constant 2014-2016 thousand I$)","1000 Int$",1997,696992,"Hop cones","no"
NA,"World",NA,NA,"Stimulant, spice and aromatic crops","Gross Production Value (constant 2014-2016 thousand I$)","1000 Int$",1998,624713,"Hop cones","no"
NA,"World",NA,NA,"Stimulant, spice and aromatic crops","Gross Production Value (constant 2014-2016 thousand I$)","1000 Int$",1999,631833,"Hop cones","no"
NA,"World",NA,NA,"Stimulant, spice and aromatic crops","Gross Production Value (constant 2014-2016 thousand I$)","1000 Int$",2000,641332,"Hop cones","no"
NA,"World",NA,NA,"Stimulant, spice and aromatic crops","Gross Production Value (constant 2014-2016 thousand I$)","1000 Int$",2001,665466,"Hop cones","no"
NA,"World",NA,NA,"Stimulant, spice and aromatic crops","Gross Production Value (constant 2014-2016 thousand I$)","1000 Int$",2002,663944,"Hop cones","no"
NA,"World",NA,NA,"Stimulant, spice and aromatic crops","Gross Production Value (constant 2014-2016 thousand I$)","1000 Int$",2003,602257,"Hop cones","no"
NA,"World",NA,NA,"Stimulant, spice and aromatic crops","Gross Production Value (constant 2014-2016 thousand I$)","1000 Int$",2004,629546,"Hop cones","no"
NA,"World",NA,NA,"Stimulant, spice and aromatic crops","Gross Production Value (constant 2014-2016 thousand I$)","1000 Int$",2005,628467,"Hop cones","no"
NA,"World",NA,NA,"Stimulant, spice and aromatic crops","Gross Production Value (constant 2014-2016 thousand I$)","1000 Int$",2006,589934,"Hop cones","no"
NA,"World",NA,NA,"Stimulant, spice and aromatic crops","Gross Production Value (constant 2014-2016 thousand I$)","1000 Int$",2007,667718,"Hop cones","no"
NA,"World",NA,NA,"Stimulant, spice and aromatic crops","Gross Production Value (constant 2014-2016 thousand I$)","1000 Int$",2008,750731,"Hop cones","no"
NA,"World",NA,NA,"Stimulant, spice and aromatic crops","Gross Production Value (constant 2014-2016 thousand I$)","1000 Int$",2009,748720,"Hop cones","no"
NA,"World",NA,NA,"Stimulant, spice and aromatic crops","Gross Production Value (constant 2014-2016 thousand I$)","1000 Int$",2010,666502,"Hop cones","no"
NA,"World",NA,NA,"Stimulant, spice and aromatic crops","Gross Production Value (constant 2014-2016 thousand I$)","1000 Int$",2011,676822,"Hop cones","no"
NA,"World",NA,NA,"Stimulant, spice and aromatic crops","Gross Production Value (constant 2014-2016 thousand I$)","1000 Int$",2012,593075,"Hop cones","no"
NA,"World",NA,NA,"Stimulant, spice and aromatic crops","Gross Production Value (constant 2014-2016 thousand I$)","1000 Int$",2013,622785,"Hop cones","no"
NA,"World",NA,NA,"Stimulant, spice and aromatic crops","Gross Production Value (constant 2014-2016 thousand I$)","1000 Int$",2014,728263,"Hop cones","no"
NA,"World",NA,NA,"Stimulant, spice and aromatic crops","Gross Production Value (constant 2014-2016 thousand I$)","1000 Int$",2015,703221,"Hop cones","no"
NA,"World",NA,NA,"Stimulant, spice and aromatic crops","Gross Production Value (constant 2014-2016 thousand I$)","1000 Int$",2016,756922,"Hop cones","no"
NA,"World",NA,NA,"Stimulant, spice and aromatic crops","Gross Production Value (constant 2014-2016 thousand I$)","1000 Int$",2017,800323,"Hop cones","no"
NA,"World",NA,NA,"Stimulant, spice and aromatic crops","Gross Production Value (constant 2014-2016 thousand I$)","1000 Int$",2018,897997,"Hop cones","no"
NA,"World",NA,NA,"Stimulant, spice and aromatic crops","Gross Production Value (constant 2014-2016 thousand I$)","1000 Int$",2019,921054,"Hop cones","no"
NA,"World",NA,NA,"Stimulant, spice and aromatic crops","Gross Production Value (constant 2014-2016 thousand I$)","1000 Int$",2020,916494,"Hop cones","no"
NA,"World",NA,NA,"Stimulant, spice and aromatic crops","Gross Production Value (constant 2014-2016 thousand I$)","1000 Int$",2021,903176,"Hop cones","no"
NA,"World",NA,NA,"Stimulant, spice and aromatic crops","Gross Production Value (constant 2014-2016 thousand I$)","1000 Int$",2022,806325,"Hop cones","no"
NA,"World",NA,NA,"Stimulant, spice and aromatic crops","Gross Production Value (constant 2014-2016 thousand I$)","1000 Int$",2023,881091,"Hop cones","no"
NA,"World",NA,NA,"Stimulant, spice and aromatic crops","Gross Production Value (constant 2014-2016 thousand US$)","1000 USD",1992,720870,"Hop cones","no"
NA,"World",NA,NA,"Stimulant, spice and aromatic crops","Gross Production Value (constant 2014-2016 thousand US$)","1000 USD",1993,938711,"Hop cones","no"
NA,"World",NA,NA,"Stimulant, spice and aromatic crops","Gross Production Value (constant 2014-2016 thousand US$)","1000 USD",1994,791062,"Hop cones","no"
NA,"World",NA,NA,"Stimulant, spice and aromatic crops","Gross Production Value (constant 2014-2016 thousand US$)","1000 USD",1995,863060,"Hop cones","no"
NA,"World",NA,NA,"Stimulant, spice and aromatic crops","Gross Production Value (constant 2014-2016 thousand US$)","1000 USD",1996,846183,"Hop cones","no"
NA,"World",NA,NA,"Stimulant, spice and aromatic crops","Gross Production Value (constant 2014-2016 thousand US$)","1000 USD",1997,763295,"Hop cones","no"
NA,"World",NA,NA,"Stimulant, spice and aromatic crops","Gross Production Value (constant 2014-2016 thousand US$)","1000 USD",1998,629150,"Hop cones","no"
NA,"World",NA,NA,"Stimulant, spice and aromatic crops","Gross Production Value (constant 2014-2016 thousand US$)","1000 USD",1999,664188,"Hop cones","no"
NA,"World",NA,NA,"Stimulant, spice and aromatic crops","Gross Production Value (constant 2014-2016 thousand US$)","1000 USD",2000,667566,"Hop cones","no"
NA,"World",NA,NA,"Stimulant, spice and aromatic crops","Gross Production Value (constant 2014-2016 thousand US$)","1000 USD",2001,675828,"Hop cones","no"
NA,"World",NA,NA,"Stimulant, spice and aromatic crops","Gross Production Value (constant 2014-2016 thousand US$)","1000 USD",2002,649582,"Hop cones","no"
NA,"World",NA,NA,"Stimulant, spice and aromatic crops","Gross Production Value (constant 2014-2016 thousand US$)","1000 USD",2003,583637,"Hop cones","no"
NA,"World",NA,NA,"Stimulant, spice and aromatic crops","Gross Production Value (constant 2014-2016 thousand US$)","1000 USD",2004,610550,"Hop cones","no"
NA,"World",NA,NA,"Stimulant, spice and aromatic crops","Gross Production Value (constant 2014-2016 thousand US$)","1000 USD",2005,618122,"Hop cones","no"
NA,"World",NA,NA,"Stimulant, spice and aromatic crops","Gross Production Value (constant 2014-2016 thousand US$)","1000 USD",2006,589356,"Hop cones","no"
NA,"World",NA,NA,"Stimulant, spice and aromatic crops","Gross Production Value (constant 2014-2016 thousand US$)","1000 USD",2007,630744,"Hop cones","no"
NA,"World",NA,NA,"Stimulant, spice and aromatic crops","Gross Production Value (constant 2014-2016 thousand US$)","1000 USD",2008,757988,"Hop cones","no"
NA,"World",NA,NA,"Stimulant, spice and aromatic crops","Gross Production Value (constant 2014-2016 thousand US$)","1000 USD",2009,799087,"Hop cones","no"
NA,"World",NA,NA,"Stimulant, spice and aromatic crops","Gross Production Value (constant 2014-2016 thousand US$)","1000 USD",2010,662715,"Hop cones","no"
NA,"World",NA,NA,"Stimulant, spice and aromatic crops","Gross Production Value (constant 2014-2016 thousand US$)","1000 USD",2011,662238,"Hop cones","no"
NA,"World",NA,NA,"Stimulant, spice and aromatic crops","Gross Production Value (constant 2014-2016 thousand US$)","1000 USD",2012,601773,"Hop cones","no"
NA,"World",NA,NA,"Stimulant, spice and aromatic crops","Gross Production Value (constant 2014-2016 thousand US$)","1000 USD",2013,624467,"Hop cones","no"
NA,"World",NA,NA,"Stimulant, spice and aromatic crops","Gross Production Value (constant 2014-2016 thousand US$)","1000 USD",2014,692542,"Hop cones","no"
NA,"World",NA,NA,"Stimulant, spice and aromatic crops","Gross Production Value (constant 2014-2016 thousand US$)","1000 USD",2015,684356,"Hop cones","no"
NA,"World",NA,NA,"Stimulant, spice and aromatic crops","Gross Production Value (constant 2014-2016 thousand US$)","1000 USD",2016,754930,"Hop cones","no"
NA,"World",NA,NA,"Stimulant, spice and aromatic crops","Gross Production Value (constant 2014-2016 thousand US$)","1000 USD",2017,835883,"Hop cones","no"
NA,"World",NA,NA,"Stimulant, spice and aromatic crops","Gross Production Value (constant 2014-2016 thousand US$)","1000 USD",2018,879016,"Hop cones","no"
NA,"World",NA,NA,"Stimulant, spice and aromatic crops","Gross Production Value (constant 2014-2016 thousand US$)","1000 USD",2019,939998,"Hop cones","no"
NA,"World",NA,NA,"Stimulant, spice and aromatic crops","Gross Production Value (constant 2014-2016 thousand US$)","1000 USD",2020,893901,"Hop cones","no"
NA,"World",NA,NA,"Stimulant, spice and aromatic crops","Gross Production Value (constant 2014-2016 thousand US$)","1000 USD",2021,952234,"Hop cones","no"
NA,"World",NA,NA,"Stimulant, spice and aromatic crops","Gross Production Value (constant 2014-2016 thousand US$)","1000 USD",2022,814093,"Hop cones","no"
NA,"World",NA,NA,"Stimulant, spice and aromatic crops","Gross Production Value (constant 2014-2016 thousand US$)","1000 USD",2023,873449,"Hop cones","no"
NA,"World",NA,NA,"Meat and meat products","Gross Production Value (constant 2014-2016 thousand I$)","1000 Int$",1992,1643803,"Horse meat","no"
NA,"World",NA,NA,"Meat and meat products","Gross Production Value (constant 2014-2016 thousand I$)","1000 Int$",1993,1657820,"Horse meat","no"
NA,"World",NA,NA,"Meat and meat products","Gross Production Value (constant 2014-2016 thousand I$)","1000 Int$",1994,2015641,"Horse meat","no"
NA,"World",NA,NA,"Meat and meat products","Gross Production Value (constant 2014-2016 thousand I$)","1000 Int$",1995,2086387,"Horse meat","no"
NA,"World",NA,NA,"Meat and meat products","Gross Production Value (constant 2014-2016 thousand I$)","1000 Int$",1996,2244427,"Horse meat","no"
NA,"World",NA,NA,"Meat and meat products","Gross Production Value (constant 2014-2016 thousand I$)","1000 Int$",1997,2239095,"Horse meat","no"
NA,"World",NA,NA,"Meat and meat products","Gross Production Value (constant 2014-2016 thousand I$)","1000 Int$",1998,2285216,"Horse meat","no"
NA,"World",NA,NA,"Meat and meat products","Gross Production Value (constant 2014-2016 thousand I$)","1000 Int$",1999,2299696,"Horse meat","no"
NA,"World",NA,NA,"Meat and meat products","Gross Production Value (constant 2014-2016 thousand I$)","1000 Int$",2000,2305162,"Horse meat","no"
NA,"World",NA,NA,"Meat and meat products","Gross Production Value (constant 2014-2016 thousand I$)","1000 Int$",2001,2400750,"Horse meat","no"
NA,"World",NA,NA,"Meat and meat products","Gross Production Value (constant 2014-2016 thousand I$)","1000 Int$",2002,2321715,"Horse meat","no"
NA,"World",NA,NA,"Meat and meat products","Gross Production Value (constant 2014-2016 thousand I$)","1000 Int$",2003,2335948,"Horse meat","no"
NA,"World",NA,NA,"Meat and meat products","Gross Production Value (constant 2014-2016 thousand I$)","1000 Int$",2004,2385328,"Horse meat","no"
NA,"World",NA,NA,"Meat and meat products","Gross Production Value (constant 2014-2016 thousand I$)","1000 Int$",2005,2374525,"Horse meat","no"
NA,"World",NA,NA,"Meat and meat products","Gross Production Value (constant 2014-2016 thousand I$)","1000 Int$",2006,2350349,"Horse meat","no"
NA,"World",NA,NA,"Meat and meat products","Gross Production Value (constant 2014-2016 thousand I$)","1000 Int$",2007,2176100,"Horse meat","no"
NA,"World",NA,NA,"Meat and meat products","Gross Production Value (constant 2014-2016 thousand I$)","1000 Int$",2008,2144282,"Horse meat","no"
NA,"World",NA,NA,"Meat and meat products","Gross Production Value (constant 2014-2016 thousand I$)","1000 Int$",2009,2161583,"Horse meat","no"
NA,"World",NA,NA,"Meat and meat products","Gross Production Value (constant 2014-2016 thousand I$)","1000 Int$",2010,2113211,"Horse meat","no"
NA,"World",NA,NA,"Meat and meat products","Gross Production Value (constant 2014-2016 thousand I$)","1000 Int$",2011,2174724,"Horse meat","no"
NA,"World",NA,NA,"Meat and meat products","Gross Production Value (constant 2014-2016 thousand I$)","1000 Int$",2012,2239090,"Horse meat","no"
NA,"World",NA,NA,"Meat and meat products","Gross Production Value (constant 2014-2016 thousand I$)","1000 Int$",2013,2175721,"Horse meat","no"
NA,"World",NA,NA,"Meat and meat products","Gross Production Value (constant 2014-2016 thousand I$)","1000 Int$",2014,2179937,"Horse meat","no"
NA,"World",NA,NA,"Meat and meat products","Gross Production Value (constant 2014-2016 thousand I$)","1000 Int$",2015,2308656,"Horse meat","no"
NA,"World",NA,NA,"Meat and meat products","Gross Production Value (constant 2014-2016 thousand I$)","1000 Int$",2016,2250738,"Horse meat","no"
NA,"World",NA,NA,"Meat and meat products","Gross Production Value (constant 2014-2016 thousand I$)","1000 Int$",2017,2167824,"Horse meat","no"
NA,"World",NA,NA,"Meat and meat products","Gross Production Value (constant 2014-2016 thousand I$)","1000 Int$",2018,2287765,"Horse meat","no"
NA,"World",NA,NA,"Meat and meat products","Gross Production Value (constant 2014-2016 thousand I$)","1000 Int$",2019,2433734,"Horse meat","no"
NA,"World",NA,NA,"Meat and meat products","Gross Production Value (constant 2014-2016 thousand I$)","1000 Int$",2020,2638378,"Horse meat","no"
NA,"World",NA,NA,"Meat and meat products","Gross Production Value (constant 2014-2016 thousand I$)","1000 Int$",2021,2500489,"Horse meat","no"
NA,"World",NA,NA,"Meat and meat products","Gross Production Value (constant 2014-2016 thousand I$)","1000 Int$",2022,2682389,"Horse meat","no"
NA,"World",NA,NA,"Meat and meat products","Gross Production Value (constant 2014-2016 thousand I$)","1000 Int$",2023,2668051,"Horse meat","no"
NA,"World",NA,NA,"Meat and meat products","Gross Production Value (constant 2014-2016 thousand US$)","1000 USD",1992,4586878,"Horse meat","no"
NA,"World",NA,NA,"Meat and meat products","Gross Production Value (constant 2014-2016 thousand US$)","1000 USD",1993,4520835,"Horse meat","no"
NA,"World",NA,NA,"Meat and meat products","Gross Production Value (constant 2014-2016 thousand US$)","1000 USD",1994,5401849,"Horse meat","no"
NA,"World",NA,NA,"Meat and meat products","Gross Production Value (constant 2014-2016 thousand US$)","1000 USD",1995,5454981,"Horse meat","no"
NA,"World",NA,NA,"Meat and meat products","Gross Production Value (constant 2014-2016 thousand US$)","1000 USD",1996,5720151,"Horse meat","no"
NA,"World",NA,NA,"Meat and meat products","Gross Production Value (constant 2014-2016 thousand US$)","1000 USD",1997,5613435,"Horse meat","no"
NA,"World",NA,NA,"Meat and meat products","Gross Production Value (constant 2014-2016 thousand US$)","1000 USD",1998,5612906,"Horse meat","no"
NA,"World",NA,NA,"Meat and meat products","Gross Production Value (constant 2014-2016 thousand US$)","1000 USD",1999,6071657,"Horse meat","no"
NA,"World",NA,NA,"Meat and meat products","Gross Production Value (constant 2014-2016 thousand US$)","1000 USD",2000,6145906,"Horse meat","no"
NA,"World",NA,NA,"Meat and meat products","Gross Production Value (constant 2014-2016 thousand US$)","1000 USD",2001,6208907,"Horse meat","no"
NA,"World",NA,NA,"Meat and meat products","Gross Production Value (constant 2014-2016 thousand US$)","1000 USD",2002,6167951,"Horse meat","no"
NA,"World",NA,NA,"Meat and meat products","Gross Production Value (constant 2014-2016 thousand US$)","1000 USD",2003,6272204,"Horse meat","no"
NA,"World",NA,NA,"Meat and meat products","Gross Production Value (constant 2014-2016 thousand US$)","1000 USD",2004,5902180,"Horse meat","no"
NA,"World",NA,NA,"Meat and meat products","Gross Production Value (constant 2014-2016 thousand US$)","1000 USD",2005,5938622,"Horse meat","no"
NA,"World",NA,NA,"Meat and meat products","Gross Production Value (constant 2014-2016 thousand US$)","1000 USD",2006,6095842,"Horse meat","no"
NA,"World",NA,NA,"Meat and meat products","Gross Production Value (constant 2014-2016 thousand US$)","1000 USD",2007,5625650,"Horse meat","no"
NA,"World",NA,NA,"Meat and meat products","Gross Production Value (constant 2014-2016 thousand US$)","1000 USD",2008,5177091,"Horse meat","no"
NA,"World",NA,NA,"Meat and meat products","Gross Production Value (constant 2014-2016 thousand US$)","1000 USD",2009,5161498,"Horse meat","no"
NA,"World",NA,NA,"Meat and meat products","Gross Production Value (constant 2014-2016 thousand US$)","1000 USD",2010,4945710,"Horse meat","no"
NA,"World",NA,NA,"Meat and meat products","Gross Production Value (constant 2014-2016 thousand US$)","1000 USD",2011,4965857,"Horse meat","no"
NA,"World",NA,NA,"Meat and meat products","Gross Production Value (constant 2014-2016 thousand US$)","1000 USD",2012,4887892,"Horse meat","no"
NA,"World",NA,NA,"Meat and meat products","Gross Production Value (constant 2014-2016 thousand US$)","1000 USD",2013,4720444,"Horse meat","no"
NA,"World",NA,NA,"Meat and meat products","Gross Production Value (constant 2014-2016 thousand US$)","1000 USD",2014,4743479,"Horse meat","no"
NA,"World",NA,NA,"Meat and meat products","Gross Production Value (constant 2014-2016 thousand US$)","1000 USD",2015,4908464,"Horse meat","no"
NA,"World",NA,NA,"Meat and meat products","Gross Production Value (constant 2014-2016 thousand US$)","1000 USD",2016,4883856,"Horse meat","no"
NA,"World",NA,NA,"Meat and meat products","Gross Production Value (constant 2014-2016 thousand US$)","1000 USD",2017,4789511,"Horse meat","no"
NA,"World",NA,NA,"Meat and meat products","Gross Production Value (constant 2014-2016 thousand US$)","1000 USD",2018,5088372,"Horse meat","no"
NA,"World",NA,NA,"Meat and meat products","Gross Production Value (constant 2014-2016 thousand US$)","1000 USD",2019,5358510,"Horse meat","no"
NA,"World",NA,NA,"Meat and meat products","Gross Production Value (constant 2014-2016 thousand US$)","1000 USD",2020,5452476,"Horse meat","no"
NA,"World",NA,NA,"Meat and meat products","Gross Production Value (constant 2014-2016 thousand US$)","1000 USD",2021,5441792,"Horse meat","no"
NA,"World",NA,NA,"Meat and meat products","Gross Production Value (constant 2014-2016 thousand US$)","1000 USD",2022,5751299,"Horse meat","no"
NA,"World",NA,NA,"Meat and meat products","Gross Production Value (constant 2014-2016 thousand US$)","1000 USD",2023,5703525,"Horse meat","no"
NA,"World",NA,NA,"Forage products; fibre crops; plants used in perfumery, pharmacy, or for insecticidal, fungicidal or similar purposes; beet, forage plant and flower seeds; natural rubber; living plants, cut flowers and flower buds; unmanufactured tobacco; other raw vegetable materials","Gross Production Value (constant 2014-2016 thousand I$)","1000 Int$",1992,1313789,"Jute or retted","no"
NA,"World",NA,NA,"Forage products; fibre crops; plants used in perfumery, pharmacy, or for insecticidal, fungicidal or similar purposes; beet, forage plant and flower seeds; natural rubber; living plants, cut flowers and flower buds; unmanufactured tobacco; other raw vegetable materials","Gross Production Value (constant 2014-2016 thousand I$)","1000 Int$",1993,1252801,"Jute or retted","no"
NA,"World",NA,NA,"Forage products; fibre crops; plants used in perfumery, pharmacy, or for insecticidal, fungicidal or similar purposes; beet, forage plant and flower seeds; natural rubber; living plants, cut flowers and flower buds; unmanufactured tobacco; other raw vegetable materials","Gross Production Value (constant 2014-2016 thousand I$)","1000 Int$",1994,1259222,"Jute or retted","no"
NA,"World",NA,NA,"Forage products; fibre crops; plants used in perfumery, pharmacy, or for insecticidal, fungicidal or similar purposes; beet, forage plant and flower seeds; natural rubber; living plants, cut flowers and flower buds; unmanufactured tobacco; other raw vegetable materials","Gross Production Value (constant 2014-2016 thousand I$)","1000 Int$",1995,1127489,"Jute or retted","no"
NA,"World",NA,NA,"Forage products; fibre crops; plants used in perfumery, pharmacy, or for insecticidal, fungicidal or similar purposes; beet, forage plant and flower seeds; natural rubber; living plants, cut flowers and flower buds; unmanufactured tobacco; other raw vegetable materials","Gross Production Value (constant 2014-2016 thousand I$)","1000 Int$",1996,1394047,"Jute or retted","no"
NA,"World",NA,NA,"Forage products; fibre crops; plants used in perfumery, pharmacy, or for insecticidal, fungicidal or similar purposes; beet, forage plant and flower seeds; natural rubber; living plants, cut flowers and flower buds; unmanufactured tobacco; other raw vegetable materials","Gross Production Value (constant 2014-2016 thousand I$)","1000 Int$",1997,1494803,"Jute or retted","no"
NA,"World",NA,NA,"Forage products; fibre crops; plants used in perfumery, pharmacy, or for insecticidal, fungicidal or similar purposes; beet, forage plant and flower seeds; natural rubber; living plants, cut flowers and flower buds; unmanufactured tobacco; other raw vegetable materials","Gross Production Value (constant 2014-2016 thousand I$)","1000 Int$",1998,1230136,"Jute or retted","no"
NA,"World",NA,NA,"Forage products; fibre crops; plants used in perfumery, pharmacy, or for insecticidal, fungicidal or similar purposes; beet, forage plant and flower seeds; natural rubber; living plants, cut flowers and flower buds; unmanufactured tobacco; other raw vegetable materials","Gross Production Value (constant 2014-2016 thousand I$)","1000 Int$",1999,1210764,"Jute or retted","no"
NA,"World",NA,NA,"Forage products; fibre crops; plants used in perfumery, pharmacy, or for insecticidal, fungicidal or similar purposes; beet, forage plant and flower seeds; natural rubber; living plants, cut flowers and flower buds; unmanufactured tobacco; other raw vegetable materials","Gross Production Value (constant 2014-2016 thousand I$)","1000 Int$",2000,1243383,"Jute or retted","no"
NA,"World",NA,NA,"Forage products; fibre crops; plants used in perfumery, pharmacy, or for insecticidal, fungicidal or similar purposes; beet, forage plant and flower seeds; natural rubber; living plants, cut flowers and flower buds; unmanufactured tobacco; other raw vegetable materials","Gross Production Value (constant 2014-2016 thousand I$)","1000 Int$",2001,1368428,"Jute or retted","no"
NA,"World",NA,NA,"Forage products; fibre crops; plants used in perfumery, pharmacy, or for insecticidal, fungicidal or similar purposes; beet, forage plant and flower seeds; natural rubber; living plants, cut flowers and flower buds; unmanufactured tobacco; other raw vegetable materials","Gross Production Value (constant 2014-2016 thousand I$)","1000 Int$",2002,1336068,"Jute or retted","no"
NA,"World",NA,NA,"Forage products; fibre crops; plants used in perfumery, pharmacy, or for insecticidal, fungicidal or similar purposes; beet, forage plant and flower seeds; natural rubber; living plants, cut flowers and flower buds; unmanufactured tobacco; other raw vegetable materials","Gross Production Value (constant 2014-2016 thousand I$)","1000 Int$",2003,1306240,"Jute or retted","no"
NA,"World",NA,NA,"Forage products; fibre crops; plants used in perfumery, pharmacy, or for insecticidal, fungicidal or similar purposes; beet, forage plant and flower seeds; natural rubber; living plants, cut flowers and flower buds; unmanufactured tobacco; other raw vegetable materials","Gross Production Value (constant 2014-2016 thousand I$)","1000 Int$",2004,1214154,"Jute or retted","no"
NA,"World",NA,NA,"Forage products; fibre crops; plants used in perfumery, pharmacy, or for insecticidal, fungicidal or similar purposes; beet, forage plant and flower seeds; natural rubber; living plants, cut flowers and flower buds; unmanufactured tobacco; other raw vegetable materials","Gross Production Value (constant 2014-2016 thousand I$)","1000 Int$",2005,1306928,"Jute or retted","no"
NA,"World",NA,NA,"Forage products; fibre crops; plants used in perfumery, pharmacy, or for insecticidal, fungicidal or similar purposes; beet, forage plant and flower seeds; natural rubber; living plants, cut flowers and flower buds; unmanufactured tobacco; other raw vegetable materials","Gross Production Value (constant 2014-2016 thousand I$)","1000 Int$",2006,1357236,"Jute or retted","no"
NA,"World",NA,NA,"Forage products; fibre crops; plants used in perfumery, pharmacy, or for insecticidal, fungicidal or similar purposes; beet, forage plant and flower seeds; natural rubber; living plants, cut flowers and flower buds; unmanufactured tobacco; other raw vegetable materials","Gross Production Value (constant 2014-2016 thousand I$)","1000 Int$",2007,1336447,"Jute or retted","no"
NA,"World",NA,NA,"Forage products; fibre crops; plants used in perfumery, pharmacy, or for insecticidal, fungicidal or similar purposes; beet, forage plant and flower seeds; natural rubber; living plants, cut flowers and flower buds; unmanufactured tobacco; other raw vegetable materials","Gross Production Value (constant 2014-2016 thousand I$)","1000 Int$",2008,1269465,"Jute or retted","no"
NA,"World",NA,NA,"Forage products; fibre crops; plants used in perfumery, pharmacy, or for insecticidal, fungicidal or similar purposes; beet, forage plant and flower seeds; natural rubber; living plants, cut flowers and flower buds; unmanufactured tobacco; other raw vegetable materials","Gross Production Value (constant 2014-2016 thousand I$)","1000 Int$",2009,1432492,"Jute or retted","no"
NA,"World",NA,NA,"Forage products; fibre crops; plants used in perfumery, pharmacy, or for insecticidal, fungicidal or similar purposes; beet, forage plant and flower seeds; natural rubber; living plants, cut flowers and flower buds; unmanufactured tobacco; other raw vegetable materials","Gross Production Value (constant 2014-2016 thousand I$)","1000 Int$",2010,1331442,"Jute or retted","no"
NA,"World",NA,NA,"Forage products; fibre crops; plants used in perfumery, pharmacy, or for insecticidal, fungicidal or similar purposes; beet, forage plant and flower seeds; natural rubber; living plants, cut flowers and flower buds; unmanufactured tobacco; other raw vegetable materials","Gross Production Value (constant 2014-2016 thousand I$)","1000 Int$",2011,1684188,"Jute or retted","no"
NA,"World",NA,NA,"Forage products; fibre crops; plants used in perfumery, pharmacy, or for insecticidal, fungicidal or similar purposes; beet, forage plant and flower seeds; natural rubber; living plants, cut flowers and flower buds; unmanufactured tobacco; other raw vegetable materials","Gross Production Value (constant 2014-2016 thousand I$)","1000 Int$",2012,1622017,"Jute or retted","no"
NA,"World",NA,NA,"Forage products; fibre crops; plants used in perfumery, pharmacy, or for insecticidal, fungicidal or similar purposes; beet, forage plant and flower seeds; natural rubber; living plants, cut flowers and flower buds; unmanufactured tobacco; other raw vegetable materials","Gross Production Value (constant 2014-2016 thousand I$)","1000 Int$",2013,1605046,"Jute or retted","no"
NA,"World",NA,NA,"Forage products; fibre crops; plants used in perfumery, pharmacy, or for insecticidal, fungicidal or similar purposes; beet, forage plant and flower seeds; natural rubber; living plants, cut flowers and flower buds; unmanufactured tobacco; other raw vegetable materials","Gross Production Value (constant 2014-2016 thousand I$)","1000 Int$",2014,1593036,"Jute or retted","no"
NA,"World",NA,NA,"Forage products; fibre crops; plants used in perfumery, pharmacy, or for insecticidal, fungicidal or similar purposes; beet, forage plant and flower seeds; natural rubber; living plants, cut flowers and flower buds; unmanufactured tobacco; other raw vegetable materials","Gross Production Value (constant 2014-2016 thousand I$)","1000 Int$",2015,1529405,"Jute or retted","no"
NA,"World",NA,NA,"Forage products; fibre crops; plants used in perfumery, pharmacy, or for insecticidal, fungicidal or similar purposes; beet, forage plant and flower seeds; natural rubber; living plants, cut flowers and flower buds; unmanufactured tobacco; other raw vegetable materials","Gross Production Value (constant 2014-2016 thousand I$)","1000 Int$",2016,1563866,"Jute or retted","no"
NA,"World",NA,NA,"Forage products; fibre crops; plants used in perfumery, pharmacy, or for insecticidal, fungicidal or similar purposes; beet, forage plant and flower seeds; natural rubber; living plants, cut flowers and flower buds; unmanufactured tobacco; other raw vegetable materials","Gross Production Value (constant 2014-2016 thousand I$)","1000 Int$",2017,1651936,"Jute or retted","no"
NA,"World",NA,NA,"Forage products; fibre crops; plants used in perfumery, pharmacy, or for insecticidal, fungicidal or similar purposes; beet, forage plant and flower seeds; natural rubber; living plants, cut flowers and flower buds; unmanufactured tobacco; other raw vegetable materials","Gross Production Value (constant 2014-2016 thousand I$)","1000 Int$",2018,1667594,"Jute or retted","no"
NA,"World",NA,NA,"Forage products; fibre crops; plants used in perfumery, pharmacy, or for insecticidal, fungicidal or similar purposes; beet, forage plant and flower seeds; natural rubber; living plants, cut flowers and flower buds; unmanufactured tobacco; other raw vegetable materials","Gross Production Value (constant 2014-2016 thousand I$)","1000 Int$",2019,1641530,"Jute or retted","no"
NA,"World",NA,NA,"Forage products; fibre crops; plants used in perfumery, pharmacy, or for insecticidal, fungicidal or similar purposes; beet, forage plant and flower seeds; natural rubber; living plants, cut flowers and flower buds; unmanufactured tobacco; other raw vegetable materials","Gross Production Value (constant 2014-2016 thousand I$)","1000 Int$",2020,1703409,"Jute or retted","no"
NA,"World",NA,NA,"Forage products; fibre crops; plants used in perfumery, pharmacy, or for insecticidal, fungicidal or similar purposes; beet, forage plant and flower seeds; natural rubber; living plants, cut flowers and flower buds; unmanufactured tobacco; other raw vegetable materials","Gross Production Value (constant 2014-2016 thousand I$)","1000 Int$",2021,1631403,"Jute or retted","no"
NA,"World",NA,NA,"Forage products; fibre crops; plants used in perfumery, pharmacy, or for insecticidal, fungicidal or similar purposes; beet, forage plant and flower seeds; natural rubber; living plants, cut flowers and flower buds; unmanufactured tobacco; other raw vegetable materials","Gross Production Value (constant 2014-2016 thousand I$)","1000 Int$",2022,1767911,"Jute or retted","no"
NA,"World",NA,NA,"Forage products; fibre crops; plants used in perfumery, pharmacy, or for insecticidal, fungicidal or similar purposes; beet, forage plant and flower seeds; natural rubber; living plants, cut flowers and flower buds; unmanufactured tobacco; other raw vegetable materials","Gross Production Value (constant 2014-2016 thousand I$)","1000 Int$",2023,1723464,"Jute or retted","no"
NA,"World",NA,NA,"Forage products; fibre crops; plants used in perfumery, pharmacy, or for insecticidal, fungicidal or similar purposes; beet, forage plant and flower seeds; natural rubber; living plants, cut flowers and flower buds; unmanufactured tobacco; other raw vegetable materials","Gross Production Value (constant 2014-2016 thousand US$)","1000 USD",1992,872470,"Jute or retted","no"
NA,"World",NA,NA,"Forage products; fibre crops; plants used in perfumery, pharmacy, or for insecticidal, fungicidal or similar purposes; beet, forage plant and flower seeds; natural rubber; living plants, cut flowers and flower buds; unmanufactured tobacco; other raw vegetable materials","Gross Production Value (constant 2014-2016 thousand US$)","1000 USD",1993,808346,"Jute or retted","no"
NA,"World",NA,NA,"Forage products; fibre crops; plants used in perfumery, pharmacy, or for insecticidal, fungicidal or similar purposes; beet, forage plant and flower seeds; natural rubber; living plants, cut flowers and flower buds; unmanufactured tobacco; other raw vegetable materials","Gross Production Value (constant 2014-2016 thousand US$)","1000 USD",1994,869875,"Jute or retted","no"
NA,"World",NA,NA,"Forage products; fibre crops; plants used in perfumery, pharmacy, or for insecticidal, fungicidal or similar purposes; beet, forage plant and flower seeds; natural rubber; living plants, cut flowers and flower buds; unmanufactured tobacco; other raw vegetable materials","Gross Production Value (constant 2014-2016 thousand US$)","1000 USD",1995,771603,"Jute or retted","no"
NA,"World",NA,NA,"Forage products; fibre crops; plants used in perfumery, pharmacy, or for insecticidal, fungicidal or similar purposes; beet, forage plant and flower seeds; natural rubber; living plants, cut flowers and flower buds; unmanufactured tobacco; other raw vegetable materials","Gross Production Value (constant 2014-2016 thousand US$)","1000 USD",1996,960329,"Jute or retted","no"
NA,"World",NA,NA,"Forage products; fibre crops; plants used in perfumery, pharmacy, or for insecticidal, fungicidal or similar purposes; beet, forage plant and flower seeds; natural rubber; living plants, cut flowers and flower buds; unmanufactured tobacco; other raw vegetable materials","Gross Production Value (constant 2014-2016 thousand US$)","1000 USD",1997,1035822,"Jute or retted","no"
NA,"World",NA,NA,"Forage products; fibre crops; plants used in perfumery, pharmacy, or for insecticidal, fungicidal or similar purposes; beet, forage plant and flower seeds; natural rubber; living plants, cut flowers and flower buds; unmanufactured tobacco; other raw vegetable materials","Gross Production Value (constant 2014-2016 thousand US$)","1000 USD",1998,859181,"Jute or retted","no"
NA,"World",NA,NA,"Forage products; fibre crops; plants used in perfumery, pharmacy, or for insecticidal, fungicidal or similar purposes; beet, forage plant and flower seeds; natural rubber; living plants, cut flowers and flower buds; unmanufactured tobacco; other raw vegetable materials","Gross Production Value (constant 2014-2016 thousand US$)","1000 USD",1999,846201,"Jute or retted","no"
NA,"World",NA,NA,"Forage products; fibre crops; plants used in perfumery, pharmacy, or for insecticidal, fungicidal or similar purposes; beet, forage plant and flower seeds; natural rubber; living plants, cut flowers and flower buds; unmanufactured tobacco; other raw vegetable materials","Gross Production Value (constant 2014-2016 thousand US$)","1000 USD",2000,879749,"Jute or retted","no"
NA,"World",NA,NA,"Forage products; fibre crops; plants used in perfumery, pharmacy, or for insecticidal, fungicidal or similar purposes; beet, forage plant and flower seeds; natural rubber; living plants, cut flowers and flower buds; unmanufactured tobacco; other raw vegetable materials","Gross Production Value (constant 2014-2016 thousand US$)","1000 USD",2001,971133,"Jute or retted","no"
NA,"World",NA,NA,"Forage products; fibre crops; plants used in perfumery, pharmacy, or for insecticidal, fungicidal or similar purposes; beet, forage plant and flower seeds; natural rubber; living plants, cut flowers and flower buds; unmanufactured tobacco; other raw vegetable materials","Gross Production Value (constant 2014-2016 thousand US$)","1000 USD",2002,943081,"Jute or retted","no"
NA,"World",NA,NA,"Forage products; fibre crops; plants used in perfumery, pharmacy, or for insecticidal, fungicidal or similar purposes; beet, forage plant and flower seeds; natural rubber; living plants, cut flowers and flower buds; unmanufactured tobacco; other raw vegetable materials","Gross Production Value (constant 2014-2016 thousand US$)","1000 USD",2003,925302,"Jute or retted","no"
NA,"World",NA,NA,"Forage products; fibre crops; plants used in perfumery, pharmacy, or for insecticidal, fungicidal or similar purposes; beet, forage plant and flower seeds; natural rubber; living plants, cut flowers and flower buds; unmanufactured tobacco; other raw vegetable materials","Gross Production Value (constant 2014-2016 thousand US$)","1000 USD",2004,857373,"Jute or retted","no"
NA,"World",NA,NA,"Forage products; fibre crops; plants used in perfumery, pharmacy, or for insecticidal, fungicidal or similar purposes; beet, forage plant and flower seeds; natural rubber; living plants, cut flowers and flower buds; unmanufactured tobacco; other raw vegetable materials","Gross Production Value (constant 2014-2016 thousand US$)","1000 USD",2005,928932,"Jute or retted","no"
NA,"World",NA,NA,"Forage products; fibre crops; plants used in perfumery, pharmacy, or for insecticidal, fungicidal or similar purposes; beet, forage plant and flower seeds; natural rubber; living plants, cut flowers and flower buds; unmanufactured tobacco; other raw vegetable materials","Gross Production Value (constant 2014-2016 thousand US$)","1000 USD",2006,965112,"Jute or retted","no"
NA,"World",NA,NA,"Forage products; fibre crops; plants used in perfumery, pharmacy, or for insecticidal, fungicidal or similar purposes; beet, forage plant and flower seeds; natural rubber; living plants, cut flowers and flower buds; unmanufactured tobacco; other raw vegetable materials","Gross Production Value (constant 2014-2016 thousand US$)","1000 USD",2007,960103,"Jute or retted","no"
NA,"World",NA,NA,"Forage products; fibre crops; plants used in perfumery, pharmacy, or for insecticidal, fungicidal or similar purposes; beet, forage plant and flower seeds; natural rubber; living plants, cut flowers and flower buds; unmanufactured tobacco; other raw vegetable materials","Gross Production Value (constant 2014-2016 thousand US$)","1000 USD",2008,905736,"Jute or retted","no"
NA,"World",NA,NA,"Forage products; fibre crops; plants used in perfumery, pharmacy, or for insecticidal, fungicidal or similar purposes; beet, forage plant and flower seeds; natural rubber; living plants, cut flowers and flower buds; unmanufactured tobacco; other raw vegetable materials","Gross Production Value (constant 2014-2016 thousand US$)","1000 USD",2009,1024735,"Jute or retted","no"
NA,"World",NA,NA,"Forage products; fibre crops; plants used in perfumery, pharmacy, or for insecticidal, fungicidal or similar purposes; beet, forage plant and flower seeds; natural rubber; living plants, cut flowers and flower buds; unmanufactured tobacco; other raw vegetable materials","Gross Production Value (constant 2014-2016 thousand US$)","1000 USD",2010,959355,"Jute or retted","no"
NA,"World",NA,NA,"Forage products; fibre crops; plants used in perfumery, pharmacy, or for insecticidal, fungicidal or similar purposes; beet, forage plant and flower seeds; natural rubber; living plants, cut flowers and flower buds; unmanufactured tobacco; other raw vegetable materials","Gross Production Value (constant 2014-2016 thousand US$)","1000 USD",2011,1224391,"Jute or retted","no"
NA,"World",NA,NA,"Forage products; fibre crops; plants used in perfumery, pharmacy, or for insecticidal, fungicidal or similar purposes; beet, forage plant and flower seeds; natural rubber; living plants, cut flowers and flower buds; unmanufactured tobacco; other raw vegetable materials","Gross Production Value (constant 2014-2016 thousand US$)","1000 USD",2012,1175885,"Jute or retted","no"
NA,"World",NA,NA,"Forage products; fibre crops; plants used in perfumery, pharmacy, or for insecticidal, fungicidal or similar purposes; beet, forage plant and flower seeds; natural rubber; living plants, cut flowers and flower buds; unmanufactured tobacco; other raw vegetable materials","Gross Production Value (constant 2014-2016 thousand US$)","1000 USD",2013,1161352,"Jute or retted","no"
NA,"World",NA,NA,"Forage products; fibre crops; plants used in perfumery, pharmacy, or for insecticidal, fungicidal or similar purposes; beet, forage plant and flower seeds; natural rubber; living plants, cut flowers and flower buds; unmanufactured tobacco; other raw vegetable materials","Gross Production Value (constant 2014-2016 thousand US$)","1000 USD",2014,1152895,"Jute or retted","no"
NA,"World",NA,NA,"Forage products; fibre crops; plants used in perfumery, pharmacy, or for insecticidal, fungicidal or similar purposes; beet, forage plant and flower seeds; natural rubber; living plants, cut flowers and flower buds; unmanufactured tobacco; other raw vegetable materials","Gross Production Value (constant 2014-2016 thousand US$)","1000 USD",2015,1111075,"Jute or retted","no"
NA,"World",NA,NA,"Forage products; fibre crops; plants used in perfumery, pharmacy, or for insecticidal, fungicidal or similar purposes; beet, forage plant and flower seeds; natural rubber; living plants, cut flowers and flower buds; unmanufactured tobacco; other raw vegetable materials","Gross Production Value (constant 2014-2016 thousand US$)","1000 USD",2016,1124023,"Jute or retted","no"
NA,"World",NA,NA,"Forage products; fibre crops; plants used in perfumery, pharmacy, or for insecticidal, fungicidal or similar purposes; beet, forage plant and flower seeds; natural rubber; living plants, cut flowers and flower buds; unmanufactured tobacco; other raw vegetable materials","Gross Production Value (constant 2014-2016 thousand US$)","1000 USD",2017,1189943,"Jute or retted","no"
NA,"World",NA,NA,"Forage products; fibre crops; plants used in perfumery, pharmacy, or for insecticidal, fungicidal or similar purposes; beet, forage plant and flower seeds; natural rubber; living plants, cut flowers and flower buds; unmanufactured tobacco; other raw vegetable materials","Gross Production Value (constant 2014-2016 thousand US$)","1000 USD",2018,1194888,"Jute or retted","no"
NA,"World",NA,NA,"Forage products; fibre crops; plants used in perfumery, pharmacy, or for insecticidal, fungicidal or similar purposes; beet, forage plant and flower seeds; natural rubber; living plants, cut flowers and flower buds; unmanufactured tobacco; other raw vegetable materials","Gross Production Value (constant 2014-2016 thousand US$)","1000 USD",2019,1179635,"Jute or retted","no"
NA,"World",NA,NA,"Forage products; fibre crops; plants used in perfumery, pharmacy, or for insecticidal, fungicidal or similar purposes; beet, forage plant and flower seeds; natural rubber; living plants, cut flowers and flower buds; unmanufactured tobacco; other raw vegetable materials","Gross Production Value (constant 2014-2016 thousand US$)","1000 USD",2020,1230640,"Jute or retted","no"
NA,"World",NA,NA,"Forage products; fibre crops; plants used in perfumery, pharmacy, or for insecticidal, fungicidal or similar purposes; beet, forage plant and flower seeds; natural rubber; living plants, cut flowers and flower buds; unmanufactured tobacco; other raw vegetable materials","Gross Production Value (constant 2014-2016 thousand US$)","1000 USD",2021,1176826,"Jute or retted","no"
NA,"World",NA,NA,"Forage products; fibre crops; plants used in perfumery, pharmacy, or for insecticidal, fungicidal or similar purposes; beet, forage plant and flower seeds; natural rubber; living plants, cut flowers and flower buds; unmanufactured tobacco; other raw vegetable materials","Gross Production Value (constant 2014-2016 thousand US$)","1000 USD",2022,1279528,"Jute or retted","no"
NA,"World",NA,NA,"Forage products; fibre crops; plants used in perfumery, pharmacy, or for insecticidal, fungicidal or similar purposes; beet, forage plant and flower seeds; natural rubber; living plants, cut flowers and flower buds; unmanufactured tobacco; other raw vegetable materials","Gross Production Value (constant 2014-2016 thousand US$)","1000 USD",2023,1250256,"Jute or retted","no"
NA,"World",NA,NA,"Oilseeds and oleaginous fruits","Gross Production Value (constant 2014-2016 thousand I$)","1000 Int$",1992,15157,"Kapok fruit","no"
NA,"World",NA,NA,"Oilseeds and oleaginous fruits","Gross Production Value (constant 2014-2016 thousand I$)","1000 Int$",1993,15363,"Kapok fruit","no"
NA,"World",NA,NA,"Oilseeds and oleaginous fruits","Gross Production Value (constant 2014-2016 thousand I$)","1000 Int$",1994,15388,"Kapok fruit","no"
NA,"World",NA,NA,"Oilseeds and oleaginous fruits","Gross Production Value (constant 2014-2016 thousand I$)","1000 Int$",1995,16647,"Kapok fruit","no"
NA,"World",NA,NA,"Oilseeds and oleaginous fruits","Gross Production Value (constant 2014-2016 thousand I$)","1000 Int$",1996,17627,"Kapok fruit","no"
NA,"World",NA,NA,"Oilseeds and oleaginous fruits","Gross Production Value (constant 2014-2016 thousand I$)","1000 Int$",1997,17771,"Kapok fruit","no"
NA,"World",NA,NA,"Oilseeds and oleaginous fruits","Gross Production Value (constant 2014-2016 thousand I$)","1000 Int$",1998,17545,"Kapok fruit","no"
NA,"World",NA,NA,"Oilseeds and oleaginous fruits","Gross Production Value (constant 2014-2016 thousand I$)","1000 Int$",1999,17759,"Kapok fruit","no"
NA,"World",NA,NA,"Oilseeds and oleaginous fruits","Gross Production Value (constant 2014-2016 thousand I$)","1000 Int$",2000,19786,"Kapok fruit","no"
NA,"World",NA,NA,"Oilseeds and oleaginous fruits","Gross Production Value (constant 2014-2016 thousand I$)","1000 Int$",2001,19768,"Kapok fruit","no"
NA,"World",NA,NA,"Oilseeds and oleaginous fruits","Gross Production Value (constant 2014-2016 thousand I$)","1000 Int$",2002,19160,"Kapok fruit","no"
NA,"World",NA,NA,"Oilseeds and oleaginous fruits","Gross Production Value (constant 2014-2016 thousand I$)","1000 Int$",2003,20580,"Kapok fruit","no"
NA,"World",NA,NA,"Oilseeds and oleaginous fruits","Gross Production Value (constant 2014-2016 thousand I$)","1000 Int$",2004,16219,"Kapok fruit","no"
NA,"World",NA,NA,"Oilseeds and oleaginous fruits","Gross Production Value (constant 2014-2016 thousand I$)","1000 Int$",2005,15134,"Kapok fruit","no"
NA,"World",NA,NA,"Oilseeds and oleaginous fruits","Gross Production Value (constant 2014-2016 thousand I$)","1000 Int$",2006,15222,"Kapok fruit","no"
NA,"World",NA,NA,"Oilseeds and oleaginous fruits","Gross Production Value (constant 2014-2016 thousand I$)","1000 Int$",2007,13342,"Kapok fruit","no"
NA,"World",NA,NA,"Oilseeds and oleaginous fruits","Gross Production Value (constant 2014-2016 thousand I$)","1000 Int$",2008,13310,"Kapok fruit","no"
NA,"World",NA,NA,"Oilseeds and oleaginous fruits","Gross Production Value (constant 2014-2016 thousand I$)","1000 Int$",2009,13508,"Kapok fruit","no"
NA,"World",NA,NA,"Oilseeds and oleaginous fruits","Gross Production Value (constant 2014-2016 thousand I$)","1000 Int$",2010,12658,"Kapok fruit","no"
NA,"World",NA,NA,"Oilseeds and oleaginous fruits","Gross Production Value (constant 2014-2016 thousand I$)","1000 Int$",2011,15279,"Kapok fruit","no"
NA,"World",NA,NA,"Oilseeds and oleaginous fruits","Gross Production Value (constant 2014-2016 thousand I$)","1000 Int$",2012,15019,"Kapok fruit","no"
NA,"World",NA,NA,"Oilseeds and oleaginous fruits","Gross Production Value (constant 2014-2016 thousand I$)","1000 Int$",2013,14559,"Kapok fruit","no"
NA,"World",NA,NA,"Oilseeds and oleaginous fruits","Gross Production Value (constant 2014-2016 thousand I$)","1000 Int$",2014,13791,"Kapok fruit","no"
NA,"World",NA,NA,"Oilseeds and oleaginous fruits","Gross Production Value (constant 2014-2016 thousand I$)","1000 Int$",2015,12702,"Kapok fruit","no"
NA,"World",NA,NA,"Oilseeds and oleaginous fruits","Gross Production Value (constant 2014-2016 thousand I$)","1000 Int$",2016,13684,"Kapok fruit","no"
NA,"World",NA,NA,"Oilseeds and oleaginous fruits","Gross Production Value (constant 2014-2016 thousand I$)","1000 Int$",2017,13877,"Kapok fruit","no"
NA,"World",NA,NA,"Oilseeds and oleaginous fruits","Gross Production Value (constant 2014-2016 thousand I$)","1000 Int$",2018,13923,"Kapok fruit","no"
NA,"World",NA,NA,"Oilseeds and oleaginous fruits","Gross Production Value (constant 2014-2016 thousand I$)","1000 Int$",2019,13797,"Kapok fruit","no"
NA,"World",NA,NA,"Oilseeds and oleaginous fruits","Gross Production Value (constant 2014-2016 thousand I$)","1000 Int$",2020,13679,"Kapok fruit","no"
NA,"World",NA,NA,"Oilseeds and oleaginous fruits","Gross Production Value (constant 2014-2016 thousand I$)","1000 Int$",2021,13614,"Kapok fruit","no"
NA,"World",NA,NA,"Oilseeds and oleaginous fruits","Gross Production Value (constant 2014-2016 thousand I$)","1000 Int$",2022,13696,"Kapok fruit","no"
NA,"World",NA,NA,"Oilseeds and oleaginous fruits","Gross Production Value (constant 2014-2016 thousand I$)","1000 Int$",2023,13663,"Kapok fruit","no"
NA,"World",NA,NA,"Oilseeds and oleaginous fruits","Gross Production Value (constant 2014-2016 thousand US$)","1000 USD",1992,6164,"Kapok fruit","no"
NA,"World",NA,NA,"Oilseeds and oleaginous fruits","Gross Production Value (constant 2014-2016 thousand US$)","1000 USD",1993,6578,"Kapok fruit","no"
NA,"World",NA,NA,"Oilseeds and oleaginous fruits","Gross Production Value (constant 2014-2016 thousand US$)","1000 USD",1994,6777,"Kapok fruit","no"
NA,"World",NA,NA,"Oilseeds and oleaginous fruits","Gross Production Value (constant 2014-2016 thousand US$)","1000 USD",1995,7125,"Kapok fruit","no"
NA,"World",NA,NA,"Oilseeds and oleaginous fruits","Gross Production Value (constant 2014-2016 thousand US$)","1000 USD",1996,7688,"Kapok fruit","no"
NA,"World",NA,NA,"Oilseeds and oleaginous fruits","Gross Production Value (constant 2014-2016 thousand US$)","1000 USD",1997,7489,"Kapok fruit","no"
NA,"World",NA,NA,"Oilseeds and oleaginous fruits","Gross Production Value (constant 2014-2016 thousand US$)","1000 USD",1998,6959,"Kapok fruit","no"
NA,"World",NA,NA,"Oilseeds and oleaginous fruits","Gross Production Value (constant 2014-2016 thousand US$)","1000 USD",1999,7208,"Kapok fruit","no"
NA,"World",NA,NA,"Oilseeds and oleaginous fruits","Gross Production Value (constant 2014-2016 thousand US$)","1000 USD",2000,7555,"Kapok fruit","no"
NA,"World",NA,NA,"Oilseeds and oleaginous fruits","Gross Production Value (constant 2014-2016 thousand US$)","1000 USD",2001,7456,"Kapok fruit","no"
NA,"World",NA,NA,"Oilseeds and oleaginous fruits","Gross Production Value (constant 2014-2016 thousand US$)","1000 USD",2002,7622,"Kapok fruit","no"
NA,"World",NA,NA,"Oilseeds and oleaginous fruits","Gross Production Value (constant 2014-2016 thousand US$)","1000 USD",2003,7453,"Kapok fruit","no"
NA,"World",NA,NA,"Oilseeds and oleaginous fruits","Gross Production Value (constant 2014-2016 thousand US$)","1000 USD",2004,7453,"Kapok fruit","no"
NA,"World",NA,NA,"Oilseeds and oleaginous fruits","Gross Production Value (constant 2014-2016 thousand US$)","1000 USD",2005,7032,"Kapok fruit","no"
NA,"World",NA,NA,"Oilseeds and oleaginous fruits","Gross Production Value (constant 2014-2016 thousand US$)","1000 USD",2006,6283,"Kapok fruit","no"
NA,"World",NA,NA,"Oilseeds and oleaginous fruits","Gross Production Value (constant 2014-2016 thousand US$)","1000 USD",2007,5796,"Kapok fruit","no"
NA,"World",NA,NA,"Oilseeds and oleaginous fruits","Gross Production Value (constant 2014-2016 thousand US$)","1000 USD",2008,5796,"Kapok fruit","no"
NA,"World",NA,NA,"Oilseeds and oleaginous fruits","Gross Production Value (constant 2014-2016 thousand US$)","1000 USD",2009,5796,"Kapok fruit","no"
NA,"World",NA,NA,"Oilseeds and oleaginous fruits","Gross Production Value (constant 2014-2016 thousand US$)","1000 USD",2010,5759,"Kapok fruit","no"
NA,"World",NA,NA,"Oilseeds and oleaginous fruits","Gross Production Value (constant 2014-2016 thousand US$)","1000 USD",2011,5338,"Kapok fruit","no"
NA,"World",NA,NA,"Oilseeds and oleaginous fruits","Gross Production Value (constant 2014-2016 thousand US$)","1000 USD",2012,5035,"Kapok fruit","no"
NA,"World",NA,NA,"Oilseeds and oleaginous fruits","Gross Production Value (constant 2014-2016 thousand US$)","1000 USD",2013,4830,"Kapok fruit","no"
NA,"World",NA,NA,"Oilseeds and oleaginous fruits","Gross Production Value (constant 2014-2016 thousand US$)","1000 USD",2014,4630,"Kapok fruit","no"
NA,"World",NA,NA,"Oilseeds and oleaginous fruits","Gross Production Value (constant 2014-2016 thousand US$)","1000 USD",2015,4524,"Kapok fruit","no"
NA,"World",NA,NA,"Oilseeds and oleaginous fruits","Gross Production Value (constant 2014-2016 thousand US$)","1000 USD",2016,4661,"Kapok fruit","no"
NA,"World",NA,NA,"Oilseeds and oleaginous fruits","Gross Production Value (constant 2014-2016 thousand US$)","1000 USD",2017,4752,"Kapok fruit","no"
NA,"World",NA,NA,"Oilseeds and oleaginous fruits","Gross Production Value (constant 2014-2016 thousand US$)","1000 USD",2018,4818,"Kapok fruit","no"
NA,"World",NA,NA,"Oilseeds and oleaginous fruits","Gross Production Value (constant 2014-2016 thousand US$)","1000 USD",2019,4867,"Kapok fruit","no"
NA,"World",NA,NA,"Oilseeds and oleaginous fruits","Gross Production Value (constant 2014-2016 thousand US$)","1000 USD",2020,4595,"Kapok fruit","no"
NA,"World",NA,NA,"Oilseeds and oleaginous fruits","Gross Production Value (constant 2014-2016 thousand US$)","1000 USD",2021,4544,"Kapok fruit","no"
NA,"World",NA,NA,"Oilseeds and oleaginous fruits","Gross Production Value (constant 2014-2016 thousand US$)","1000 USD",2022,4668,"Kapok fruit","no"
NA,"World",NA,NA,"Oilseeds and oleaginous fruits","Gross Production Value (constant 2014-2016 thousand US$)","1000 USD",2023,4602,"Kapok fruit","no"
NA,"World",NA,NA,"Oilseeds and oleaginous fruits","Gross Production Value (constant 2014-2016 thousand I$)","1000 Int$",1992,225799,"Karite nuts","no"
NA,"World",NA,NA,"Oilseeds and oleaginous fruits","Gross Production Value (constant 2014-2016 thousand I$)","1000 Int$",1993,224173,"Karite nuts","no"
NA,"World",NA,NA,"Oilseeds and oleaginous fruits","Gross Production Value (constant 2014-2016 thousand I$)","1000 Int$",1994,234585,"Karite nuts","no"
NA,"World",NA,NA,"Oilseeds and oleaginous fruits","Gross Production Value (constant 2014-2016 thousand I$)","1000 Int$",1995,252249,"Karite nuts","no"
NA,"World",NA,NA,"Oilseeds and oleaginous fruits","Gross Production Value (constant 2014-2016 thousand I$)","1000 Int$",1996,236134,"Karite nuts","no"
NA,"World",NA,NA,"Oilseeds and oleaginous fruits","Gross Production Value (constant 2014-2016 thousand I$)","1000 Int$",1997,242770,"Karite nuts","no"
NA,"World",NA,NA,"Oilseeds and oleaginous fruits","Gross Production Value (constant 2014-2016 thousand I$)","1000 Int$",1998,240627,"Karite nuts","no"
NA,"World",NA,NA,"Oilseeds and oleaginous fruits","Gross Production Value (constant 2014-2016 thousand I$)","1000 Int$",1999,240169,"Karite nuts","no"
NA,"World",NA,NA,"Oilseeds and oleaginous fruits","Gross Production Value (constant 2014-2016 thousand I$)","1000 Int$",2000,244951,"Karite nuts","no"
NA,"World",NA,NA,"Oilseeds and oleaginous fruits","Gross Production Value (constant 2014-2016 thousand I$)","1000 Int$",2001,243343,"Karite nuts","no"
NA,"World",NA,NA,"Oilseeds and oleaginous fruits","Gross Production Value (constant 2014-2016 thousand I$)","1000 Int$",2002,241457,"Karite nuts","no"
NA,"World",NA,NA,"Oilseeds and oleaginous fruits","Gross Production Value (constant 2014-2016 thousand I$)","1000 Int$",2003,256568,"Karite nuts","no"
NA,"World",NA,NA,"Oilseeds and oleaginous fruits","Gross Production Value (constant 2014-2016 thousand I$)","1000 Int$",2004,256977,"Karite nuts","no"
NA,"World",NA,NA,"Oilseeds and oleaginous fruits","Gross Production Value (constant 2014-2016 thousand I$)","1000 Int$",2005,251620,"Karite nuts","no"
NA,"World",NA,NA,"Oilseeds and oleaginous fruits","Gross Production Value (constant 2014-2016 thousand I$)","1000 Int$",2006,224546,"Karite nuts","no"
NA,"World",NA,NA,"Oilseeds and oleaginous fruits","Gross Production Value (constant 2014-2016 thousand I$)","1000 Int$",2007,272590,"Karite nuts","no"
NA,"World",NA,NA,"Oilseeds and oleaginous fruits","Gross Production Value (constant 2014-2016 thousand I$)","1000 Int$",2008,239776,"Karite nuts","no"
NA,"World",NA,NA,"Oilseeds and oleaginous fruits","Gross Production Value (constant 2014-2016 thousand I$)","1000 Int$",2009,221816,"Karite nuts","no"
NA,"World",NA,NA,"Oilseeds and oleaginous fruits","Gross Production Value (constant 2014-2016 thousand I$)","1000 Int$",2010,220475,"Karite nuts","no"
NA,"World",NA,NA,"Oilseeds and oleaginous fruits","Gross Production Value (constant 2014-2016 thousand I$)","1000 Int$",2011,213629,"Karite nuts","no"
NA,"World",NA,NA,"Oilseeds and oleaginous fruits","Gross Production Value (constant 2014-2016 thousand I$)","1000 Int$",2012,216896,"Karite nuts","no"
NA,"World",NA,NA,"Oilseeds and oleaginous fruits","Gross Production Value (constant 2014-2016 thousand I$)","1000 Int$",2013,214278,"Karite nuts","no"
NA,"World",NA,NA,"Oilseeds and oleaginous fruits","Gross Production Value (constant 2014-2016 thousand I$)","1000 Int$",2014,197073,"Karite nuts","no"
NA,"World",NA,NA,"Oilseeds and oleaginous fruits","Gross Production Value (constant 2014-2016 thousand I$)","1000 Int$",2015,192650,"Karite nuts","no"
NA,"World",NA,NA,"Oilseeds and oleaginous fruits","Gross Production Value (constant 2014-2016 thousand I$)","1000 Int$",2016,253773,"Karite nuts","no"
NA,"World",NA,NA,"Oilseeds and oleaginous fruits","Gross Production Value (constant 2014-2016 thousand I$)","1000 Int$",2017,227579,"Karite nuts","no"
NA,"World",NA,NA,"Oilseeds and oleaginous fruits","Gross Production Value (constant 2014-2016 thousand I$)","1000 Int$",2018,273753,"Karite nuts","no"
NA,"World",NA,NA,"Oilseeds and oleaginous fruits","Gross Production Value (constant 2014-2016 thousand I$)","1000 Int$",2019,311592,"Karite nuts","no"
NA,"World",NA,NA,"Oilseeds and oleaginous fruits","Gross Production Value (constant 2014-2016 thousand I$)","1000 Int$",2020,282736,"Karite nuts","no"
NA,"World",NA,NA,"Oilseeds and oleaginous fruits","Gross Production Value (constant 2014-2016 thousand I$)","1000 Int$",2021,283256,"Karite nuts","no"
NA,"World",NA,NA,"Oilseeds and oleaginous fruits","Gross Production Value (constant 2014-2016 thousand I$)","1000 Int$",2022,299747,"Karite nuts","no"
NA,"World",NA,NA,"Oilseeds and oleaginous fruits","Gross Production Value (constant 2014-2016 thousand I$)","1000 Int$",2023,305321,"Karite nuts","no"
NA,"World",NA,NA,"Oilseeds and oleaginous fruits","Gross Production Value (constant 2014-2016 thousand US$)","1000 USD",1992,194564,"Karite nuts","no"
NA,"World",NA,NA,"Oilseeds and oleaginous fruits","Gross Production Value (constant 2014-2016 thousand US$)","1000 USD",1993,193260,"Karite nuts","no"
NA,"World",NA,NA,"Oilseeds and oleaginous fruits","Gross Production Value (constant 2014-2016 thousand US$)","1000 USD",1994,199559,"Karite nuts","no"
NA,"World",NA,NA,"Oilseeds and oleaginous fruits","Gross Production Value (constant 2014-2016 thousand US$)","1000 USD",1995,214225,"Karite nuts","no"
NA,"World",NA,NA,"Oilseeds and oleaginous fruits","Gross Production Value (constant 2014-2016 thousand US$)","1000 USD",1996,202590,"Karite nuts","no"
NA,"World",NA,NA,"Oilseeds and oleaginous fruits","Gross Production Value (constant 2014-2016 thousand US$)","1000 USD",1997,205729,"Karite nuts","no"
NA,"World",NA,NA,"Oilseeds and oleaginous fruits","Gross Production Value (constant 2014-2016 thousand US$)","1000 USD",1998,204953,"Karite nuts","no"
NA,"World",NA,NA,"Oilseeds and oleaginous fruits","Gross Production Value (constant 2014-2016 thousand US$)","1000 USD",1999,204722,"Karite nuts","no"
NA,"World",NA,NA,"Oilseeds and oleaginous fruits","Gross Production Value (constant 2014-2016 thousand US$)","1000 USD",2000,205738,"Karite nuts","no"
NA,"World",NA,NA,"Oilseeds and oleaginous fruits","Gross Production Value (constant 2014-2016 thousand US$)","1000 USD",2001,205268,"Karite nuts","no"
NA,"World",NA,NA,"Oilseeds and oleaginous fruits","Gross Production Value (constant 2014-2016 thousand US$)","1000 USD",2002,204640,"Karite nuts","no"
NA,"World",NA,NA,"Oilseeds and oleaginous fruits","Gross Production Value (constant 2014-2016 thousand US$)","1000 USD",2003,219809,"Karite nuts","no"
NA,"World",NA,NA,"Oilseeds and oleaginous fruits","Gross Production Value (constant 2014-2016 thousand US$)","1000 USD",2004,221471,"Karite nuts","no"
NA,"World",NA,NA,"Oilseeds and oleaginous fruits","Gross Production Value (constant 2014-2016 thousand US$)","1000 USD",2005,216291,"Karite nuts","no"
NA,"World",NA,NA,"Oilseeds and oleaginous fruits","Gross Production Value (constant 2014-2016 thousand US$)","1000 USD",2006,195274,"Karite nuts","no"
NA,"World",NA,NA,"Oilseeds and oleaginous fruits","Gross Production Value (constant 2014-2016 thousand US$)","1000 USD",2007,238018,"Karite nuts","no"
NA,"World",NA,NA,"Oilseeds and oleaginous fruits","Gross Production Value (constant 2014-2016 thousand US$)","1000 USD",2008,209129,"Karite nuts","no"
NA,"World",NA,NA,"Oilseeds and oleaginous fruits","Gross Production Value (constant 2014-2016 thousand US$)","1000 USD",2009,190538,"Karite nuts","no"
NA,"World",NA,NA,"Oilseeds and oleaginous fruits","Gross Production Value (constant 2014-2016 thousand US$)","1000 USD",2010,189547,"Karite nuts","no"
NA,"World",NA,NA,"Oilseeds and oleaginous fruits","Gross Production Value (constant 2014-2016 thousand US$)","1000 USD",2011,185329,"Karite nuts","no"
NA,"World",NA,NA,"Oilseeds and oleaginous fruits","Gross Production Value (constant 2014-2016 thousand US$)","1000 USD",2012,190195,"Karite nuts","no"
NA,"World",NA,NA,"Oilseeds and oleaginous fruits","Gross Production Value (constant 2014-2016 thousand US$)","1000 USD",2013,187650,"Karite nuts","no"
NA,"World",NA,NA,"Oilseeds and oleaginous fruits","Gross Production Value (constant 2014-2016 thousand US$)","1000 USD",2014,169532,"Karite nuts","no"
NA,"World",NA,NA,"Oilseeds and oleaginous fruits","Gross Production Value (constant 2014-2016 thousand US$)","1000 USD",2015,160685,"Karite nuts","no"
NA,"World",NA,NA,"Oilseeds and oleaginous fruits","Gross Production Value (constant 2014-2016 thousand US$)","1000 USD",2016,208189,"Karite nuts","no"
NA,"World",NA,NA,"Oilseeds and oleaginous fruits","Gross Production Value (constant 2014-2016 thousand US$)","1000 USD",2017,180675,"Karite nuts","no"
NA,"World",NA,NA,"Oilseeds and oleaginous fruits","Gross Production Value (constant 2014-2016 thousand US$)","1000 USD",2018,215890,"Karite nuts","no"
NA,"World",NA,NA,"Oilseeds and oleaginous fruits","Gross Production Value (constant 2014-2016 thousand US$)","1000 USD",2019,244077,"Karite nuts","no"
NA,"World",NA,NA,"Oilseeds and oleaginous fruits","Gross Production Value (constant 2014-2016 thousand US$)","1000 USD",2020,221688,"Karite nuts","no"
NA,"World",NA,NA,"Oilseeds and oleaginous fruits","Gross Production Value (constant 2014-2016 thousand US$)","1000 USD",2021,221764,"Karite nuts","no"
NA,"World",NA,NA,"Oilseeds and oleaginous fruits","Gross Production Value (constant 2014-2016 thousand US$)","1000 USD",2022,237496,"Karite nuts","no"
NA,"World",NA,NA,"Oilseeds and oleaginous fruits","Gross Production Value (constant 2014-2016 thousand US$)","1000 USD",2023,236261,"Karite nuts","no"
NA,"World",NA,NA,"Forage products; fibre crops; plants used in perfumery, pharmacy, or for insecticidal, fungicidal or similar purposes; beet, forage plant and flower seeds; natural rubber; living plants, cut flowers and flower buds; unmanufactured tobacco; other raw vegetable materials","Gross Production Value (constant 2014-2016 thousand I$)","1000 Int$",1992,471836,"Kenaf, and other textile bast fibres or retted","no"
NA,"World",NA,NA,"Forage products; fibre crops; plants used in perfumery, pharmacy, or for insecticidal, fungicidal or similar purposes; beet, forage plant and flower seeds; natural rubber; living plants, cut flowers and flower buds; unmanufactured tobacco; other raw vegetable materials","Gross Production Value (constant 2014-2016 thousand I$)","1000 Int$",1993,481657,"Kenaf, and other textile bast fibres or retted","no"
NA,"World",NA,NA,"Forage products; fibre crops; plants used in perfumery, pharmacy, or for insecticidal, fungicidal or similar purposes; beet, forage plant and flower seeds; natural rubber; living plants, cut flowers and flower buds; unmanufactured tobacco; other raw vegetable materials","Gross Production Value (constant 2014-2016 thousand I$)","1000 Int$",1994,394800,"Kenaf, and other textile bast fibres or retted","no"
NA,"World",NA,NA,"Forage products; fibre crops; plants used in perfumery, pharmacy, or for insecticidal, fungicidal or similar purposes; beet, forage plant and flower seeds; natural rubber; living plants, cut flowers and flower buds; unmanufactured tobacco; other raw vegetable materials","Gross Production Value (constant 2014-2016 thousand I$)","1000 Int$",1995,382792,"Kenaf, and other textile bast fibres or retted","no"
NA,"World",NA,NA,"Forage products; fibre crops; plants used in perfumery, pharmacy, or for insecticidal, fungicidal or similar purposes; beet, forage plant and flower seeds; natural rubber; living plants, cut flowers and flower buds; unmanufactured tobacco; other raw vegetable materials","Gross Production Value (constant 2014-2016 thousand I$)","1000 Int$",1996,401488,"Kenaf, and other textile bast fibres or retted","no"
NA,"World",NA,NA,"Forage products; fibre crops; plants used in perfumery, pharmacy, or for insecticidal, fungicidal or similar purposes; beet, forage plant and flower seeds; natural rubber; living plants, cut flowers and flower buds; unmanufactured tobacco; other raw vegetable materials","Gross Production Value (constant 2014-2016 thousand I$)","1000 Int$",1997,358103,"Kenaf, and other textile bast fibres or retted","no"
NA,"World",NA,NA,"Forage products; fibre crops; plants used in perfumery, pharmacy, or for insecticidal, fungicidal or similar purposes; beet, forage plant and flower seeds; natural rubber; living plants, cut flowers and flower buds; unmanufactured tobacco; other raw vegetable materials","Gross Production Value (constant 2014-2016 thousand I$)","1000 Int$",1998,278349,"Kenaf, and other textile bast fibres or retted","no"
NA,"World",NA,NA,"Forage products; fibre crops; plants used in perfumery, pharmacy, or for insecticidal, fungicidal or similar purposes; beet, forage plant and flower seeds; natural rubber; living plants, cut flowers and flower buds; unmanufactured tobacco; other raw vegetable materials","Gross Production Value (constant 2014-2016 thousand I$)","1000 Int$",1999,253974,"Kenaf, and other textile bast fibres or retted","no"
NA,"World",NA,NA,"Forage products; fibre crops; plants used in perfumery, pharmacy, or for insecticidal, fungicidal or similar purposes; beet, forage plant and flower seeds; natural rubber; living plants, cut flowers and flower buds; unmanufactured tobacco; other raw vegetable materials","Gross Production Value (constant 2014-2016 thousand I$)","1000 Int$",2000,249660,"Kenaf, and other textile bast fibres or retted","no"
NA,"World",NA,NA,"Forage products; fibre crops; plants used in perfumery, pharmacy, or for insecticidal, fungicidal or similar purposes; beet, forage plant and flower seeds; natural rubber; living plants, cut flowers and flower buds; unmanufactured tobacco; other raw vegetable materials","Gross Production Value (constant 2014-2016 thousand I$)","1000 Int$",2001,272713,"Kenaf, and other textile bast fibres or retted","no"
NA,"World",NA,NA,"Forage products; fibre crops; plants used in perfumery, pharmacy, or for insecticidal, fungicidal or similar purposes; beet, forage plant and flower seeds; natural rubber; living plants, cut flowers and flower buds; unmanufactured tobacco; other raw vegetable materials","Gross Production Value (constant 2014-2016 thousand I$)","1000 Int$",2002,244403,"Kenaf, and other textile bast fibres or retted","no"
NA,"World",NA,NA,"Forage products; fibre crops; plants used in perfumery, pharmacy, or for insecticidal, fungicidal or similar purposes; beet, forage plant and flower seeds; natural rubber; living plants, cut flowers and flower buds; unmanufactured tobacco; other raw vegetable materials","Gross Production Value (constant 2014-2016 thousand I$)","1000 Int$",2003,218543,"Kenaf, and other textile bast fibres or retted","no"
NA,"World",NA,NA,"Forage products; fibre crops; plants used in perfumery, pharmacy, or for insecticidal, fungicidal or similar purposes; beet, forage plant and flower seeds; natural rubber; living plants, cut flowers and flower buds; unmanufactured tobacco; other raw vegetable materials","Gross Production Value (constant 2014-2016 thousand I$)","1000 Int$",2004,211553,"Kenaf, and other textile bast fibres or retted","no"
NA,"World",NA,NA,"Forage products; fibre crops; plants used in perfumery, pharmacy, or for insecticidal, fungicidal or similar purposes; beet, forage plant and flower seeds; natural rubber; living plants, cut flowers and flower buds; unmanufactured tobacco; other raw vegetable materials","Gross Production Value (constant 2014-2016 thousand I$)","1000 Int$",2005,208526,"Kenaf, and other textile bast fibres or retted","no"
NA,"World",NA,NA,"Forage products; fibre crops; plants used in perfumery, pharmacy, or for insecticidal, fungicidal or similar purposes; beet, forage plant and flower seeds; natural rubber; living plants, cut flowers and flower buds; unmanufactured tobacco; other raw vegetable materials","Gross Production Value (constant 2014-2016 thousand I$)","1000 Int$",2006,209149,"Kenaf, and other textile bast fibres or retted","no"
NA,"World",NA,NA,"Forage products; fibre crops; plants used in perfumery, pharmacy, or for insecticidal, fungicidal or similar purposes; beet, forage plant and flower seeds; natural rubber; living plants, cut flowers and flower buds; unmanufactured tobacco; other raw vegetable materials","Gross Production Value (constant 2014-2016 thousand I$)","1000 Int$",2007,223472,"Kenaf, and other textile bast fibres or retted","no"
NA,"World",NA,NA,"Forage products; fibre crops; plants used in perfumery, pharmacy, or for insecticidal, fungicidal or similar purposes; beet, forage plant and flower seeds; natural rubber; living plants, cut flowers and flower buds; unmanufactured tobacco; other raw vegetable materials","Gross Production Value (constant 2014-2016 thousand I$)","1000 Int$",2008,213291,"Kenaf, and other textile bast fibres or retted","no"
NA,"World",NA,NA,"Forage products; fibre crops; plants used in perfumery, pharmacy, or for insecticidal, fungicidal or similar purposes; beet, forage plant and flower seeds; natural rubber; living plants, cut flowers and flower buds; unmanufactured tobacco; other raw vegetable materials","Gross Production Value (constant 2014-2016 thousand I$)","1000 Int$",2009,181493,"Kenaf, and other textile bast fibres or retted","no"
NA,"World",NA,NA,"Forage products; fibre crops; plants used in perfumery, pharmacy, or for insecticidal, fungicidal or similar purposes; beet, forage plant and flower seeds; natural rubber; living plants, cut flowers and flower buds; unmanufactured tobacco; other raw vegetable materials","Gross Production Value (constant 2014-2016 thousand I$)","1000 Int$",2010,155567,"Kenaf, and other textile bast fibres or retted","no"
NA,"World",NA,NA,"Forage products; fibre crops; plants used in perfumery, pharmacy, or for insecticidal, fungicidal or similar purposes; beet, forage plant and flower seeds; natural rubber; living plants, cut flowers and flower buds; unmanufactured tobacco; other raw vegetable materials","Gross Production Value (constant 2014-2016 thousand I$)","1000 Int$",2011,169191,"Kenaf, and other textile bast fibres or retted","no"
NA,"World",NA,NA,"Forage products; fibre crops; plants used in perfumery, pharmacy, or for insecticidal, fungicidal or similar purposes; beet, forage plant and flower seeds; natural rubber; living plants, cut flowers and flower buds; unmanufactured tobacco; other raw vegetable materials","Gross Production Value (constant 2014-2016 thousand I$)","1000 Int$",2012,160396,"Kenaf, and other textile bast fibres or retted","no"
NA,"World",NA,NA,"Forage products; fibre crops; plants used in perfumery, pharmacy, or for insecticidal, fungicidal or similar purposes; beet, forage plant and flower seeds; natural rubber; living plants, cut flowers and flower buds; unmanufactured tobacco; other raw vegetable materials","Gross Production Value (constant 2014-2016 thousand I$)","1000 Int$",2013,155001,"Kenaf, and other textile bast fibres or retted","no"
NA,"World",NA,NA,"Forage products; fibre crops; plants used in perfumery, pharmacy, or for insecticidal, fungicidal or similar purposes; beet, forage plant and flower seeds; natural rubber; living plants, cut flowers and flower buds; unmanufactured tobacco; other raw vegetable materials","Gross Production Value (constant 2014-2016 thousand I$)","1000 Int$",2014,147422,"Kenaf, and other textile bast fibres or retted","no"
NA,"World",NA,NA,"Forage products; fibre crops; plants used in perfumery, pharmacy, or for insecticidal, fungicidal or similar purposes; beet, forage plant and flower seeds; natural rubber; living plants, cut flowers and flower buds; unmanufactured tobacco; other raw vegetable materials","Gross Production Value (constant 2014-2016 thousand I$)","1000 Int$",2015,143275,"Kenaf, and other textile bast fibres or retted","no"
NA,"World",NA,NA,"Forage products; fibre crops; plants used in perfumery, pharmacy, or for insecticidal, fungicidal or similar purposes; beet, forage plant and flower seeds; natural rubber; living plants, cut flowers and flower buds; unmanufactured tobacco; other raw vegetable materials","Gross Production Value (constant 2014-2016 thousand I$)","1000 Int$",2016,144078,"Kenaf, and other textile bast fibres or retted","no"
NA,"World",NA,NA,"Forage products; fibre crops; plants used in perfumery, pharmacy, or for insecticidal, fungicidal or similar purposes; beet, forage plant and flower seeds; natural rubber; living plants, cut flowers and flower buds; unmanufactured tobacco; other raw vegetable materials","Gross Production Value (constant 2014-2016 thousand I$)","1000 Int$",2017,137300,"Kenaf, and other textile bast fibres or retted","no"
NA,"World",NA,NA,"Forage products; fibre crops; plants used in perfumery, pharmacy, or for insecticidal, fungicidal or similar purposes; beet, forage plant and flower seeds; natural rubber; living plants, cut flowers and flower buds; unmanufactured tobacco; other raw vegetable materials","Gross Production Value (constant 2014-2016 thousand I$)","1000 Int$",2018,142658,"Kenaf, and other textile bast fibres or retted","no"
NA,"World",NA,NA,"Forage products; fibre crops; plants used in perfumery, pharmacy, or for insecticidal, fungicidal or similar purposes; beet, forage plant and flower seeds; natural rubber; living plants, cut flowers and flower buds; unmanufactured tobacco; other raw vegetable materials","Gross Production Value (constant 2014-2016 thousand I$)","1000 Int$",2019,141246,"Kenaf, and other textile bast fibres or retted","no"
NA,"World",NA,NA,"Forage products; fibre crops; plants used in perfumery, pharmacy, or for insecticidal, fungicidal or similar purposes; beet, forage plant and flower seeds; natural rubber; living plants, cut flowers and flower buds; unmanufactured tobacco; other raw vegetable materials","Gross Production Value (constant 2014-2016 thousand I$)","1000 Int$",2020,141265,"Kenaf, and other textile bast fibres or retted","no"
NA,"World",NA,NA,"Forage products; fibre crops; plants used in perfumery, pharmacy, or for insecticidal, fungicidal or similar purposes; beet, forage plant and flower seeds; natural rubber; living plants, cut flowers and flower buds; unmanufactured tobacco; other raw vegetable materials","Gross Production Value (constant 2014-2016 thousand I$)","1000 Int$",2021,139204,"Kenaf, and other textile bast fibres or retted","no"
NA,"World",NA,NA,"Forage products; fibre crops; plants used in perfumery, pharmacy, or for insecticidal, fungicidal or similar purposes; beet, forage plant and flower seeds; natural rubber; living plants, cut flowers and flower buds; unmanufactured tobacco; other raw vegetable materials","Gross Production Value (constant 2014-2016 thousand I$)","1000 Int$",2022,138520,"Kenaf, and other textile bast fibres or retted","no"
NA,"World",NA,NA,"Forage products; fibre crops; plants used in perfumery, pharmacy, or for insecticidal, fungicidal or similar purposes; beet, forage plant and flower seeds; natural rubber; living plants, cut flowers and flower buds; unmanufactured tobacco; other raw vegetable materials","Gross Production Value (constant 2014-2016 thousand I$)","1000 Int$",2023,139860,"Kenaf, and other textile bast fibres or retted","no"
NA,"World",NA,NA,"Forage products; fibre crops; plants used in perfumery, pharmacy, or for insecticidal, fungicidal or similar purposes; beet, forage plant and flower seeds; natural rubber; living plants, cut flowers and flower buds; unmanufactured tobacco; other raw vegetable materials","Gross Production Value (constant 2014-2016 thousand US$)","1000 USD",1992,409876,"Kenaf, and other textile bast fibres or retted","no"
NA,"World",NA,NA,"Forage products; fibre crops; plants used in perfumery, pharmacy, or for insecticidal, fungicidal or similar purposes; beet, forage plant and flower seeds; natural rubber; living plants, cut flowers and flower buds; unmanufactured tobacco; other raw vegetable materials","Gross Production Value (constant 2014-2016 thousand US$)","1000 USD",1993,424405,"Kenaf, and other textile bast fibres or retted","no"
NA,"World",NA,NA,"Forage products; fibre crops; plants used in perfumery, pharmacy, or for insecticidal, fungicidal or similar purposes; beet, forage plant and flower seeds; natural rubber; living plants, cut flowers and flower buds; unmanufactured tobacco; other raw vegetable materials","Gross Production Value (constant 2014-2016 thousand US$)","1000 USD",1994,327799,"Kenaf, and other textile bast fibres or retted","no"
NA,"World",NA,NA,"Forage products; fibre crops; plants used in perfumery, pharmacy, or for insecticidal, fungicidal or similar purposes; beet, forage plant and flower seeds; natural rubber; living plants, cut flowers and flower buds; unmanufactured tobacco; other raw vegetable materials","Gross Production Value (constant 2014-2016 thousand US$)","1000 USD",1995,322995,"Kenaf, and other textile bast fibres or retted","no"
NA,"World",NA,NA,"Forage products; fibre crops; plants used in perfumery, pharmacy, or for insecticidal, fungicidal or similar purposes; beet, forage plant and flower seeds; natural rubber; living plants, cut flowers and flower buds; unmanufactured tobacco; other raw vegetable materials","Gross Production Value (constant 2014-2016 thousand US$)","1000 USD",1996,346618,"Kenaf, and other textile bast fibres or retted","no"
NA,"World",NA,NA,"Forage products; fibre crops; plants used in perfumery, pharmacy, or for insecticidal, fungicidal or similar purposes; beet, forage plant and flower seeds; natural rubber; living plants, cut flowers and flower buds; unmanufactured tobacco; other raw vegetable materials","Gross Production Value (constant 2014-2016 thousand US$)","1000 USD",1997,303654,"Kenaf, and other textile bast fibres or retted","no"
NA,"World",NA,NA,"Forage products; fibre crops; plants used in perfumery, pharmacy, or for insecticidal, fungicidal or similar purposes; beet, forage plant and flower seeds; natural rubber; living plants, cut flowers and flower buds; unmanufactured tobacco; other raw vegetable materials","Gross Production Value (constant 2014-2016 thousand US$)","1000 USD",1998,228229,"Kenaf, and other textile bast fibres or retted","no"
NA,"World",NA,NA,"Forage products; fibre crops; plants used in perfumery, pharmacy, or for insecticidal, fungicidal or similar purposes; beet, forage plant and flower seeds; natural rubber; living plants, cut flowers and flower buds; unmanufactured tobacco; other raw vegetable materials","Gross Production Value (constant 2014-2016 thousand US$)","1000 USD",1999,204654,"Kenaf, and other textile bast fibres or retted","no"
NA,"World",NA,NA,"Forage products; fibre crops; plants used in perfumery, pharmacy, or for insecticidal, fungicidal or similar purposes; beet, forage plant and flower seeds; natural rubber; living plants, cut flowers and flower buds; unmanufactured tobacco; other raw vegetable materials","Gross Production Value (constant 2014-2016 thousand US$)","1000 USD",2000,197095,"Kenaf, and other textile bast fibres or retted","no"
NA,"World",NA,NA,"Forage products; fibre crops; plants used in perfumery, pharmacy, or for insecticidal, fungicidal or similar purposes; beet, forage plant and flower seeds; natural rubber; living plants, cut flowers and flower buds; unmanufactured tobacco; other raw vegetable materials","Gross Production Value (constant 2014-2016 thousand US$)","1000 USD",2001,212764,"Kenaf, and other textile bast fibres or retted","no"
NA,"World",NA,NA,"Forage products; fibre crops; plants used in perfumery, pharmacy, or for insecticidal, fungicidal or similar purposes; beet, forage plant and flower seeds; natural rubber; living plants, cut flowers and flower buds; unmanufactured tobacco; other raw vegetable materials","Gross Production Value (constant 2014-2016 thousand US$)","1000 USD",2002,195697,"Kenaf, and other textile bast fibres or retted","no"
NA,"World",NA,NA,"Forage products; fibre crops; plants used in perfumery, pharmacy, or for insecticidal, fungicidal or similar purposes; beet, forage plant and flower seeds; natural rubber; living plants, cut flowers and flower buds; unmanufactured tobacco; other raw vegetable materials","Gross Production Value (constant 2014-2016 thousand US$)","1000 USD",2003,164631,"Kenaf, and other textile bast fibres or retted","no"
NA,"World",NA,NA,"Forage products; fibre crops; plants used in perfumery, pharmacy, or for insecticidal, fungicidal or similar purposes; beet, forage plant and flower seeds; natural rubber; living plants, cut flowers and flower buds; unmanufactured tobacco; other raw vegetable materials","Gross Production Value (constant 2014-2016 thousand US$)","1000 USD",2004,152758,"Kenaf, and other textile bast fibres or retted","no"
NA,"World",NA,NA,"Forage products; fibre crops; plants used in perfumery, pharmacy, or for insecticidal, fungicidal or similar purposes; beet, forage plant and flower seeds; natural rubber; living plants, cut flowers and flower buds; unmanufactured tobacco; other raw vegetable materials","Gross Production Value (constant 2014-2016 thousand US$)","1000 USD",2005,148078,"Kenaf, and other textile bast fibres or retted","no"
NA,"World",NA,NA,"Forage products; fibre crops; plants used in perfumery, pharmacy, or for insecticidal, fungicidal or similar purposes; beet, forage plant and flower seeds; natural rubber; living plants, cut flowers and flower buds; unmanufactured tobacco; other raw vegetable materials","Gross Production Value (constant 2014-2016 thousand US$)","1000 USD",2006,145561,"Kenaf, and other textile bast fibres or retted","no"
NA,"World",NA,NA,"Forage products; fibre crops; plants used in perfumery, pharmacy, or for insecticidal, fungicidal or similar purposes; beet, forage plant and flower seeds; natural rubber; living plants, cut flowers and flower buds; unmanufactured tobacco; other raw vegetable materials","Gross Production Value (constant 2014-2016 thousand US$)","1000 USD",2007,157347,"Kenaf, and other textile bast fibres or retted","no"
NA,"World",NA,NA,"Forage products; fibre crops; plants used in perfumery, pharmacy, or for insecticidal, fungicidal or similar purposes; beet, forage plant and flower seeds; natural rubber; living plants, cut flowers and flower buds; unmanufactured tobacco; other raw vegetable materials","Gross Production Value (constant 2014-2016 thousand US$)","1000 USD",2008,153785,"Kenaf, and other textile bast fibres or retted","no"
NA,"World",NA,NA,"Forage products; fibre crops; plants used in perfumery, pharmacy, or for insecticidal, fungicidal or similar purposes; beet, forage plant and flower seeds; natural rubber; living plants, cut flowers and flower buds; unmanufactured tobacco; other raw vegetable materials","Gross Production Value (constant 2014-2016 thousand US$)","1000 USD",2009,121166,"Kenaf, and other textile bast fibres or retted","no"
NA,"World",NA,NA,"Forage products; fibre crops; plants used in perfumery, pharmacy, or for insecticidal, fungicidal or similar purposes; beet, forage plant and flower seeds; natural rubber; living plants, cut flowers and flower buds; unmanufactured tobacco; other raw vegetable materials","Gross Production Value (constant 2014-2016 thousand US$)","1000 USD",2010,101801,"Kenaf, and other textile bast fibres or retted","no"
NA,"World",NA,NA,"Forage products; fibre crops; plants used in perfumery, pharmacy, or for insecticidal, fungicidal or similar purposes; beet, forage plant and flower seeds; natural rubber; living plants, cut flowers and flower buds; unmanufactured tobacco; other raw vegetable materials","Gross Production Value (constant 2014-2016 thousand US$)","1000 USD",2011,109926,"Kenaf, and other textile bast fibres or retted","no"
NA,"World",NA,NA,"Forage products; fibre crops; plants used in perfumery, pharmacy, or for insecticidal, fungicidal or similar purposes; beet, forage plant and flower seeds; natural rubber; living plants, cut flowers and flower buds; unmanufactured tobacco; other raw vegetable materials","Gross Production Value (constant 2014-2016 thousand US$)","1000 USD",2012,104770,"Kenaf, and other textile bast fibres or retted","no"
NA,"World",NA,NA,"Forage products; fibre crops; plants used in perfumery, pharmacy, or for insecticidal, fungicidal or similar purposes; beet, forage plant and flower seeds; natural rubber; living plants, cut flowers and flower buds; unmanufactured tobacco; other raw vegetable materials","Gross Production Value (constant 2014-2016 thousand US$)","1000 USD",2013,100003,"Kenaf, and other textile bast fibres or retted","no"
NA,"World",NA,NA,"Forage products; fibre crops; plants used in perfumery, pharmacy, or for insecticidal, fungicidal or similar purposes; beet, forage plant and flower seeds; natural rubber; living plants, cut flowers and flower buds; unmanufactured tobacco; other raw vegetable materials","Gross Production Value (constant 2014-2016 thousand US$)","1000 USD",2014,94896,"Kenaf, and other textile bast fibres or retted","no"
NA,"World",NA,NA,"Forage products; fibre crops; plants used in perfumery, pharmacy, or for insecticidal, fungicidal or similar purposes; beet, forage plant and flower seeds; natural rubber; living plants, cut flowers and flower buds; unmanufactured tobacco; other raw vegetable materials","Gross Production Value (constant 2014-2016 thousand US$)","1000 USD",2015,90177,"Kenaf, and other textile bast fibres or retted","no"
NA,"World",NA,NA,"Forage products; fibre crops; plants used in perfumery, pharmacy, or for insecticidal, fungicidal or similar purposes; beet, forage plant and flower seeds; natural rubber; living plants, cut flowers and flower buds; unmanufactured tobacco; other raw vegetable materials","Gross Production Value (constant 2014-2016 thousand US$)","1000 USD",2016,92288,"Kenaf, and other textile bast fibres or retted","no"
NA,"World",NA,NA,"Forage products; fibre crops; plants used in perfumery, pharmacy, or for insecticidal, fungicidal or similar purposes; beet, forage plant and flower seeds; natural rubber; living plants, cut flowers and flower buds; unmanufactured tobacco; other raw vegetable materials","Gross Production Value (constant 2014-2016 thousand US$)","1000 USD",2017,89429,"Kenaf, and other textile bast fibres or retted","no"
NA,"World",NA,NA,"Forage products; fibre crops; plants used in perfumery, pharmacy, or for insecticidal, fungicidal or similar purposes; beet, forage plant and flower seeds; natural rubber; living plants, cut flowers and flower buds; unmanufactured tobacco; other raw vegetable materials","Gross Production Value (constant 2014-2016 thousand US$)","1000 USD",2018,90786,"Kenaf, and other textile bast fibres or retted","no"
NA,"World",NA,NA,"Forage products; fibre crops; plants used in perfumery, pharmacy, or for insecticidal, fungicidal or similar purposes; beet, forage plant and flower seeds; natural rubber; living plants, cut flowers and flower buds; unmanufactured tobacco; other raw vegetable materials","Gross Production Value (constant 2014-2016 thousand US$)","1000 USD",2019,91058,"Kenaf, and other textile bast fibres or retted","no"
NA,"World",NA,NA,"Forage products; fibre crops; plants used in perfumery, pharmacy, or for insecticidal, fungicidal or similar purposes; beet, forage plant and flower seeds; natural rubber; living plants, cut flowers and flower buds; unmanufactured tobacco; other raw vegetable materials","Gross Production Value (constant 2014-2016 thousand US$)","1000 USD",2020,90550,"Kenaf, and other textile bast fibres or retted","no"
NA,"World",NA,NA,"Forage products; fibre crops; plants used in perfumery, pharmacy, or for insecticidal, fungicidal or similar purposes; beet, forage plant and flower seeds; natural rubber; living plants, cut flowers and flower buds; unmanufactured tobacco; other raw vegetable materials","Gross Production Value (constant 2014-2016 thousand US$)","1000 USD",2021,90680,"Kenaf, and other textile bast fibres or retted","no"
NA,"World",NA,NA,"Forage products; fibre crops; plants used in perfumery, pharmacy, or for insecticidal, fungicidal or similar purposes; beet, forage plant and flower seeds; natural rubber; living plants, cut flowers and flower buds; unmanufactured tobacco; other raw vegetable materials","Gross Production Value (constant 2014-2016 thousand US$)","1000 USD",2022,90686,"Kenaf, and other textile bast fibres or retted","no"
NA,"World",NA,NA,"Forage products; fibre crops; plants used in perfumery, pharmacy, or for insecticidal, fungicidal or similar purposes; beet, forage plant and flower seeds; natural rubber; living plants, cut flowers and flower buds; unmanufactured tobacco; other raw vegetable materials","Gross Production Value (constant 2014-2016 thousand US$)","1000 USD",2023,90570,"Kenaf, and other textile bast fibres or retted","no"
NA,"World",NA,NA,"Fruits and nuts","Gross Production Value (constant 2014-2016 thousand I$)","1000 Int$",1992,915967,"Kiwi fruit","no"
NA,"World",NA,NA,"Fruits and nuts","Gross Production Value (constant 2014-2016 thousand I$)","1000 Int$",1993,837793,"Kiwi fruit","no"
NA,"World",NA,NA,"Fruits and nuts","Gross Production Value (constant 2014-2016 thousand I$)","1000 Int$",1994,878122,"Kiwi fruit","no"
NA,"World",NA,NA,"Fruits and nuts","Gross Production Value (constant 2014-2016 thousand I$)","1000 Int$",1995,848804,"Kiwi fruit","no"
NA,"World",NA,NA,"Fruits and nuts","Gross Production Value (constant 2014-2016 thousand I$)","1000 Int$",1996,904816,"Kiwi fruit","no"
NA,"World",NA,NA,"Fruits and nuts","Gross Production Value (constant 2014-2016 thousand I$)","1000 Int$",1997,836183,"Kiwi fruit","no"
NA,"World",NA,NA,"Fruits and nuts","Gross Production Value (constant 2014-2016 thousand I$)","1000 Int$",1998,846835,"Kiwi fruit","no"
NA,"World",NA,NA,"Fruits and nuts","Gross Production Value (constant 2014-2016 thousand I$)","1000 Int$",1999,875664,"Kiwi fruit","no"
NA,"World",NA,NA,"Fruits and nuts","Gross Production Value (constant 2014-2016 thousand I$)","1000 Int$",2000,1750374,"Kiwi fruit","no"
NA,"World",NA,NA,"Fruits and nuts","Gross Production Value (constant 2014-2016 thousand I$)","1000 Int$",2001,1837271,"Kiwi fruit","no"
NA,"World",NA,NA,"Fruits and nuts","Gross Production Value (constant 2014-2016 thousand I$)","1000 Int$",2002,1888788,"Kiwi fruit","no"
NA,"World",NA,NA,"Fruits and nuts","Gross Production Value (constant 2014-2016 thousand I$)","1000 Int$",2003,1871868,"Kiwi fruit","no"
NA,"World",NA,NA,"Fruits and nuts","Gross Production Value (constant 2014-2016 thousand I$)","1000 Int$",2004,2133881,"Kiwi fruit","no"
NA,"World",NA,NA,"Fruits and nuts","Gross Production Value (constant 2014-2016 thousand I$)","1000 Int$",2005,2168939,"Kiwi fruit","no"
NA,"World",NA,NA,"Fruits and nuts","Gross Production Value (constant 2014-2016 thousand I$)","1000 Int$",2006,2328015,"Kiwi fruit","no"
NA,"World",NA,NA,"Fruits and nuts","Gross Production Value (constant 2014-2016 thousand I$)","1000 Int$",2007,2363160,"Kiwi fruit","no"
NA,"World",NA,NA,"Fruits and nuts","Gross Production Value (constant 2014-2016 thousand I$)","1000 Int$",2008,2544565,"Kiwi fruit","no"
NA,"World",NA,NA,"Fruits and nuts","Gross Production Value (constant 2014-2016 thousand I$)","1000 Int$",2009,2588627,"Kiwi fruit","no"
NA,"World",NA,NA,"Fruits and nuts","Gross Production Value (constant 2014-2016 thousand I$)","1000 Int$",2010,2630129,"Kiwi fruit","no"
NA,"World",NA,NA,"Fruits and nuts","Gross Production Value (constant 2014-2016 thousand I$)","1000 Int$",2011,2695842,"Kiwi fruit","no"
NA,"World",NA,NA,"Fruits and nuts","Gross Production Value (constant 2014-2016 thousand I$)","1000 Int$",2012,2829465,"Kiwi fruit","no"
NA,"World",NA,NA,"Fruits and nuts","Gross Production Value (constant 2014-2016 thousand I$)","1000 Int$",2013,3207553,"Kiwi fruit","no"
NA,"World",NA,NA,"Fruits and nuts","Gross Production Value (constant 2014-2016 thousand I$)","1000 Int$",2014,3357835,"Kiwi fruit","no"
NA,"World",NA,NA,"Fruits and nuts","Gross Production Value (constant 2014-2016 thousand I$)","1000 Int$",2015,3764536,"Kiwi fruit","no"
NA,"World",NA,NA,"Fruits and nuts","Gross Production Value (constant 2014-2016 thousand I$)","1000 Int$",2016,3637789,"Kiwi fruit","no"
NA,"World",NA,NA,"Fruits and nuts","Gross Production Value (constant 2014-2016 thousand I$)","1000 Int$",2017,3698550,"Kiwi fruit","no"
NA,"World",NA,NA,"Fruits and nuts","Gross Production Value (constant 2014-2016 thousand I$)","1000 Int$",2018,3930073,"Kiwi fruit","no"
NA,"World",NA,NA,"Fruits and nuts","Gross Production Value (constant 2014-2016 thousand I$)","1000 Int$",2019,4002943,"Kiwi fruit","no"
NA,"World",NA,NA,"Fruits and nuts","Gross Production Value (constant 2014-2016 thousand I$)","1000 Int$",2020,4147821,"Kiwi fruit","no"
NA,"World",NA,NA,"Fruits and nuts","Gross Production Value (constant 2014-2016 thousand I$)","1000 Int$",2021,4148185,"Kiwi fruit","no"
NA,"World",NA,NA,"Fruits and nuts","Gross Production Value (constant 2014-2016 thousand I$)","1000 Int$",2022,4208749,"Kiwi fruit","no"
NA,"World",NA,NA,"Fruits and nuts","Gross Production Value (constant 2014-2016 thousand I$)","1000 Int$",2023,4109358,"Kiwi fruit","no"
NA,"World",NA,NA,"Fruits and nuts","Gross Production Value (constant 2014-2016 thousand US$)","1000 USD",1992,1291118,"Kiwi fruit","no"
NA,"World",NA,NA,"Fruits and nuts","Gross Production Value (constant 2014-2016 thousand US$)","1000 USD",1993,1175393,"Kiwi fruit","no"
NA,"World",NA,NA,"Fruits and nuts","Gross Production Value (constant 2014-2016 thousand US$)","1000 USD",1994,1208869,"Kiwi fruit","no"
NA,"World",NA,NA,"Fruits and nuts","Gross Production Value (constant 2014-2016 thousand US$)","1000 USD",1995,1158535,"Kiwi fruit","no"
NA,"World",NA,NA,"Fruits and nuts","Gross Production Value (constant 2014-2016 thousand US$)","1000 USD",1996,1203320,"Kiwi fruit","no"
NA,"World",NA,NA,"Fruits and nuts","Gross Production Value (constant 2014-2016 thousand US$)","1000 USD",1997,1099374,"Kiwi fruit","no"
NA,"World",NA,NA,"Fruits and nuts","Gross Production Value (constant 2014-2016 thousand US$)","1000 USD",1998,1097195,"Kiwi fruit","no"
NA,"World",NA,NA,"Fruits and nuts","Gross Production Value (constant 2014-2016 thousand US$)","1000 USD",1999,1146023,"Kiwi fruit","no"
NA,"World",NA,NA,"Fruits and nuts","Gross Production Value (constant 2014-2016 thousand US$)","1000 USD",2000,1261702,"Kiwi fruit","no"
NA,"World",NA,NA,"Fruits and nuts","Gross Production Value (constant 2014-2016 thousand US$)","1000 USD",2001,1239192,"Kiwi fruit","no"
NA,"World",NA,NA,"Fruits and nuts","Gross Production Value (constant 2014-2016 thousand US$)","1000 USD",2002,1265105,"Kiwi fruit","no"
NA,"World",NA,NA,"Fruits and nuts","Gross Production Value (constant 2014-2016 thousand US$)","1000 USD",2003,1166365,"Kiwi fruit","no"
NA,"World",NA,NA,"Fruits and nuts","Gross Production Value (constant 2014-2016 thousand US$)","1000 USD",2004,1406317,"Kiwi fruit","no"
NA,"World",NA,NA,"Fruits and nuts","Gross Production Value (constant 2014-2016 thousand US$)","1000 USD",2005,1457412,"Kiwi fruit","no"
NA,"World",NA,NA,"Fruits and nuts","Gross Production Value (constant 2014-2016 thousand US$)","1000 USD",2006,1533408,"Kiwi fruit","no"
NA,"World",NA,NA,"Fruits and nuts","Gross Production Value (constant 2014-2016 thousand US$)","1000 USD",2007,1541590,"Kiwi fruit","no"
NA,"World",NA,NA,"Fruits and nuts","Gross Production Value (constant 2014-2016 thousand US$)","1000 USD",2008,1711521,"Kiwi fruit","no"
NA,"World",NA,NA,"Fruits and nuts","Gross Production Value (constant 2014-2016 thousand US$)","1000 USD",2009,1715483,"Kiwi fruit","no"
NA,"World",NA,NA,"Fruits and nuts","Gross Production Value (constant 2014-2016 thousand US$)","1000 USD",2010,1730788,"Kiwi fruit","no"
NA,"World",NA,NA,"Fruits and nuts","Gross Production Value (constant 2014-2016 thousand US$)","1000 USD",2011,1770228,"Kiwi fruit","no"
NA,"World",NA,NA,"Fruits and nuts","Gross Production Value (constant 2014-2016 thousand US$)","1000 USD",2012,1677925,"Kiwi fruit","no"
NA,"World",NA,NA,"Fruits and nuts","Gross Production Value (constant 2014-2016 thousand US$)","1000 USD",2013,1792897,"Kiwi fruit","no"
NA,"World",NA,NA,"Fruits and nuts","Gross Production Value (constant 2014-2016 thousand US$)","1000 USD",2014,1880926,"Kiwi fruit","no"
NA,"World",NA,NA,"Fruits and nuts","Gross Production Value (constant 2014-2016 thousand US$)","1000 USD",2015,1984850,"Kiwi fruit","no"
NA,"World",NA,NA,"Fruits and nuts","Gross Production Value (constant 2014-2016 thousand US$)","1000 USD",2016,1902722,"Kiwi fruit","no"
NA,"World",NA,NA,"Fruits and nuts","Gross Production Value (constant 2014-2016 thousand US$)","1000 USD",2017,1963255,"Kiwi fruit","no"
NA,"World",NA,NA,"Fruits and nuts","Gross Production Value (constant 2014-2016 thousand US$)","1000 USD",2018,2205698,"Kiwi fruit","no"
NA,"World",NA,NA,"Fruits and nuts","Gross Production Value (constant 2014-2016 thousand US$)","1000 USD",2019,2186553,"Kiwi fruit","no"
NA,"World",NA,NA,"Fruits and nuts","Gross Production Value (constant 2014-2016 thousand US$)","1000 USD",2020,2258495,"Kiwi fruit","no"
NA,"World",NA,NA,"Fruits and nuts","Gross Production Value (constant 2014-2016 thousand US$)","1000 USD",2021,2181426,"Kiwi fruit","no"
NA,"World",NA,NA,"Fruits and nuts","Gross Production Value (constant 2014-2016 thousand US$)","1000 USD",2022,2272635,"Kiwi fruit","no"
NA,"World",NA,NA,"Fruits and nuts","Gross Production Value (constant 2014-2016 thousand US$)","1000 USD",2023,2089534,"Kiwi fruit","no"
NA,"World",NA,NA,"Fruits and nuts","Gross Production Value (constant 2014-2016 thousand I$)","1000 Int$",1992,176728,"Kola nuts","no"
NA,"World",NA,NA,"Fruits and nuts","Gross Production Value (constant 2014-2016 thousand I$)","1000 Int$",1993,186427,"Kola nuts","no"
NA,"World",NA,NA,"Fruits and nuts","Gross Production Value (constant 2014-2016 thousand I$)","1000 Int$",1994,156493,"Kola nuts","no"
NA,"World",NA,NA,"Fruits and nuts","Gross Production Value (constant 2014-2016 thousand I$)","1000 Int$",1995,144621,"Kola nuts","no"
NA,"World",NA,NA,"Fruits and nuts","Gross Production Value (constant 2014-2016 thousand I$)","1000 Int$",1996,142751,"Kola nuts","no"
NA,"World",NA,NA,"Fruits and nuts","Gross Production Value (constant 2014-2016 thousand I$)","1000 Int$",1997,156137,"Kola nuts","no"
NA,"World",NA,NA,"Fruits and nuts","Gross Production Value (constant 2014-2016 thousand I$)","1000 Int$",1998,166793,"Kola nuts","no"
NA,"World",NA,NA,"Fruits and nuts","Gross Production Value (constant 2014-2016 thousand I$)","1000 Int$",1999,158912,"Kola nuts","no"
NA,"World",NA,NA,"Fruits and nuts","Gross Production Value (constant 2014-2016 thousand I$)","1000 Int$",2000,159201,"Kola nuts","no"
NA,"World",NA,NA,"Fruits and nuts","Gross Production Value (constant 2014-2016 thousand I$)","1000 Int$",2001,159930,"Kola nuts","no"
NA,"World",NA,NA,"Fruits and nuts","Gross Production Value (constant 2014-2016 thousand I$)","1000 Int$",2002,160975,"Kola nuts","no"
NA,"World",NA,NA,"Fruits and nuts","Gross Production Value (constant 2014-2016 thousand I$)","1000 Int$",2003,150534,"Kola nuts","no"
NA,"World",NA,NA,"Fruits and nuts","Gross Production Value (constant 2014-2016 thousand I$)","1000 Int$",2004,158490,"Kola nuts","no"
NA,"World",NA,NA,"Fruits and nuts","Gross Production Value (constant 2014-2016 thousand I$)","1000 Int$",2005,162958,"Kola nuts","no"
NA,"World",NA,NA,"Fruits and nuts","Gross Production Value (constant 2014-2016 thousand I$)","1000 Int$",2006,155760,"Kola nuts","no"
NA,"World",NA,NA,"Fruits and nuts","Gross Production Value (constant 2014-2016 thousand I$)","1000 Int$",2007,168946,"Kola nuts","no"
NA,"World",NA,NA,"Fruits and nuts","Gross Production Value (constant 2014-2016 thousand I$)","1000 Int$",2008,184877,"Kola nuts","no"
NA,"World",NA,NA,"Fruits and nuts","Gross Production Value (constant 2014-2016 thousand I$)","1000 Int$",2009,216187,"Kola nuts","no"
NA,"World",NA,NA,"Fruits and nuts","Gross Production Value (constant 2014-2016 thousand I$)","1000 Int$",2010,204701,"Kola nuts","no"
NA,"World",NA,NA,"Fruits and nuts","Gross Production Value (constant 2014-2016 thousand I$)","1000 Int$",2011,203185,"Kola nuts","no"
NA,"World",NA,NA,"Fruits and nuts","Gross Production Value (constant 2014-2016 thousand I$)","1000 Int$",2012,201455,"Kola nuts","no"
NA,"World",NA,NA,"Fruits and nuts","Gross Production Value (constant 2014-2016 thousand I$)","1000 Int$",2013,196574,"Kola nuts","no"
NA,"World",NA,NA,"Fruits and nuts","Gross Production Value (constant 2014-2016 thousand I$)","1000 Int$",2014,222671,"Kola nuts","no"
NA,"World",NA,NA,"Fruits and nuts","Gross Production Value (constant 2014-2016 thousand I$)","1000 Int$",2015,233464,"Kola nuts","no"
NA,"World",NA,NA,"Fruits and nuts","Gross Production Value (constant 2014-2016 thousand I$)","1000 Int$",2016,216802,"Kola nuts","no"
NA,"World",NA,NA,"Fruits and nuts","Gross Production Value (constant 2014-2016 thousand I$)","1000 Int$",2017,223574,"Kola nuts","no"
NA,"World",NA,NA,"Fruits and nuts","Gross Production Value (constant 2014-2016 thousand I$)","1000 Int$",2018,224271,"Kola nuts","no"
NA,"World",NA,NA,"Fruits and nuts","Gross Production Value (constant 2014-2016 thousand I$)","1000 Int$",2019,225935,"Kola nuts","no"
NA,"World",NA,NA,"Fruits and nuts","Gross Production Value (constant 2014-2016 thousand I$)","1000 Int$",2020,226491,"Kola nuts","no"
NA,"World",NA,NA,"Fruits and nuts","Gross Production Value (constant 2014-2016 thousand I$)","1000 Int$",2021,228141,"Kola nuts","no"
NA,"World",NA,NA,"Fruits and nuts","Gross Production Value (constant 2014-2016 thousand I$)","1000 Int$",2022,234826,"Kola nuts","no"
NA,"World",NA,NA,"Fruits and nuts","Gross Production Value (constant 2014-2016 thousand I$)","1000 Int$",2023,239584,"Kola nuts","no"
NA,"World",NA,NA,"Fruits and nuts","Gross Production Value (constant 2014-2016 thousand US$)","1000 USD",1992,151007,"Kola nuts","no"
NA,"World",NA,NA,"Fruits and nuts","Gross Production Value (constant 2014-2016 thousand US$)","1000 USD",1993,165582,"Kola nuts","no"
NA,"World",NA,NA,"Fruits and nuts","Gross Production Value (constant 2014-2016 thousand US$)","1000 USD",1994,137770,"Kola nuts","no"
NA,"World",NA,NA,"Fruits and nuts","Gross Production Value (constant 2014-2016 thousand US$)","1000 USD",1995,126051,"Kola nuts","no"
NA,"World",NA,NA,"Fruits and nuts","Gross Production Value (constant 2014-2016 thousand US$)","1000 USD",1996,124586,"Kola nuts","no"
NA,"World",NA,NA,"Fruits and nuts","Gross Production Value (constant 2014-2016 thousand US$)","1000 USD",1997,139841,"Kola nuts","no"
NA,"World",NA,NA,"Fruits and nuts","Gross Production Value (constant 2014-2016 thousand US$)","1000 USD",1998,150174,"Kola nuts","no"
NA,"World",NA,NA,"Fruits and nuts","Gross Production Value (constant 2014-2016 thousand US$)","1000 USD",1999,142604,"Kola nuts","no"
NA,"World",NA,NA,"Fruits and nuts","Gross Production Value (constant 2014-2016 thousand US$)","1000 USD",2000,143333,"Kola nuts","no"
NA,"World",NA,NA,"Fruits and nuts","Gross Production Value (constant 2014-2016 thousand US$)","1000 USD",2001,145011,"Kola nuts","no"
NA,"World",NA,NA,"Fruits and nuts","Gross Production Value (constant 2014-2016 thousand US$)","1000 USD",2002,146236,"Kola nuts","no"
NA,"World",NA,NA,"Fruits and nuts","Gross Production Value (constant 2014-2016 thousand US$)","1000 USD",2003,135013,"Kola nuts","no"
NA,"World",NA,NA,"Fruits and nuts","Gross Production Value (constant 2014-2016 thousand US$)","1000 USD",2004,143932,"Kola nuts","no"
NA,"World",NA,NA,"Fruits and nuts","Gross Production Value (constant 2014-2016 thousand US$)","1000 USD",2005,149572,"Kola nuts","no"
NA,"World",NA,NA,"Fruits and nuts","Gross Production Value (constant 2014-2016 thousand US$)","1000 USD",2006,142690,"Kola nuts","no"
NA,"World",NA,NA,"Fruits and nuts","Gross Production Value (constant 2014-2016 thousand US$)","1000 USD",2007,154497,"Kola nuts","no"
NA,"World",NA,NA,"Fruits and nuts","Gross Production Value (constant 2014-2016 thousand US$)","1000 USD",2008,169310,"Kola nuts","no"
NA,"World",NA,NA,"Fruits and nuts","Gross Production Value (constant 2014-2016 thousand US$)","1000 USD",2009,199380,"Kola nuts","no"
NA,"World",NA,NA,"Fruits and nuts","Gross Production Value (constant 2014-2016 thousand US$)","1000 USD",2010,188466,"Kola nuts","no"
NA,"World",NA,NA,"Fruits and nuts","Gross Production Value (constant 2014-2016 thousand US$)","1000 USD",2011,186400,"Kola nuts","no"
NA,"World",NA,NA,"Fruits and nuts","Gross Production Value (constant 2014-2016 thousand US$)","1000 USD",2012,180478,"Kola nuts","no"
NA,"World",NA,NA,"Fruits and nuts","Gross Production Value (constant 2014-2016 thousand US$)","1000 USD",2013,175245,"Kola nuts","no"
NA,"World",NA,NA,"Fruits and nuts","Gross Production Value (constant 2014-2016 thousand US$)","1000 USD",2014,200029,"Kola nuts","no"
NA,"World",NA,NA,"Fruits and nuts","Gross Production Value (constant 2014-2016 thousand US$)","1000 USD",2015,213362,"Kola nuts","no"
NA,"World",NA,NA,"Fruits and nuts","Gross Production Value (constant 2014-2016 thousand US$)","1000 USD",2016,196212,"Kola nuts","no"
NA,"World",NA,NA,"Fruits and nuts","Gross Production Value (constant 2014-2016 thousand US$)","1000 USD",2017,203686,"Kola nuts","no"
NA,"World",NA,NA,"Fruits and nuts","Gross Production Value (constant 2014-2016 thousand US$)","1000 USD",2018,204578,"Kola nuts","no"
NA,"World",NA,NA,"Fruits and nuts","Gross Production Value (constant 2014-2016 thousand US$)","1000 USD",2019,205108,"Kola nuts","no"
NA,"World",NA,NA,"Fruits and nuts","Gross Production Value (constant 2014-2016 thousand US$)","1000 USD",2020,205560,"Kola nuts","no"
NA,"World",NA,NA,"Fruits and nuts","Gross Production Value (constant 2014-2016 thousand US$)","1000 USD",2021,206790,"Kola nuts","no"
NA,"World",NA,NA,"Fruits and nuts","Gross Production Value (constant 2014-2016 thousand US$)","1000 USD",2022,212773,"Kola nuts","no"
NA,"World",NA,NA,"Fruits and nuts","Gross Production Value (constant 2014-2016 thousand US$)","1000 USD",2023,217316,"Kola nuts","no"
NA,"World",NA,NA,"Vegetables","Gross Production Value (constant 2014-2016 thousand I$)","1000 Int$",1992,1428710,"Leeks and other alliaceous vegetables","no"
NA,"World",NA,NA,"Vegetables","Gross Production Value (constant 2014-2016 thousand I$)","1000 Int$",1993,1558657,"Leeks and other alliaceous vegetables","no"
NA,"World",NA,NA,"Vegetables","Gross Production Value (constant 2014-2016 thousand I$)","1000 Int$",1994,1581791,"Leeks and other alliaceous vegetables","no"
NA,"World",NA,NA,"Vegetables","Gross Production Value (constant 2014-2016 thousand I$)","1000 Int$",1995,1607724,"Leeks and other alliaceous vegetables","no"
NA,"World",NA,NA,"Vegetables","Gross Production Value (constant 2014-2016 thousand I$)","1000 Int$",1996,1563906,"Leeks and other alliaceous vegetables","no"
NA,"World",NA,NA,"Vegetables","Gross Production Value (constant 2014-2016 thousand I$)","1000 Int$",1997,1515853,"Leeks and other alliaceous vegetables","no"
NA,"World",NA,NA,"Vegetables","Gross Production Value (constant 2014-2016 thousand I$)","1000 Int$",1998,1496878,"Leeks and other alliaceous vegetables","no"
NA,"World",NA,NA,"Vegetables","Gross Production Value (constant 2014-2016 thousand I$)","1000 Int$",1999,1607979,"Leeks and other alliaceous vegetables","no"
NA,"World",NA,NA,"Vegetables","Gross Production Value (constant 2014-2016 thousand I$)","1000 Int$",2000,1540931,"Leeks and other alliaceous vegetables","no"
NA,"World",NA,NA,"Vegetables","Gross Production Value (constant 2014-2016 thousand I$)","1000 Int$",2001,1475897,"Leeks and other alliaceous vegetables","no"
NA,"World",NA,NA,"Vegetables","Gross Production Value (constant 2014-2016 thousand I$)","1000 Int$",2002,1497917,"Leeks and other alliaceous vegetables","no"
NA,"World",NA,NA,"Vegetables","Gross Production Value (constant 2014-2016 thousand I$)","1000 Int$",2003,1604342,"Leeks and other alliaceous vegetables","no"
NA,"World",NA,NA,"Vegetables","Gross Production Value (constant 2014-2016 thousand I$)","1000 Int$",2004,1756790,"Leeks and other alliaceous vegetables","no"
NA,"World",NA,NA,"Vegetables","Gross Production Value (constant 2014-2016 thousand I$)","1000 Int$",2005,1890528,"Leeks and other alliaceous vegetables","no"
NA,"World",NA,NA,"Vegetables","Gross Production Value (constant 2014-2016 thousand I$)","1000 Int$",2006,1979555,"Leeks and other alliaceous vegetables","no"
NA,"World",NA,NA,"Vegetables","Gross Production Value (constant 2014-2016 thousand I$)","1000 Int$",2007,1913115,"Leeks and other alliaceous vegetables","no"
NA,"World",NA,NA,"Vegetables","Gross Production Value (constant 2014-2016 thousand I$)","1000 Int$",2008,1963537,"Leeks and other alliaceous vegetables","no"
NA,"World",NA,NA,"Vegetables","Gross Production Value (constant 2014-2016 thousand I$)","1000 Int$",2009,1973910,"Leeks and other alliaceous vegetables","no"
NA,"World",NA,NA,"Vegetables","Gross Production Value (constant 2014-2016 thousand I$)","1000 Int$",2010,1979435,"Leeks and other alliaceous vegetables","no"
NA,"World",NA,NA,"Vegetables","Gross Production Value (constant 2014-2016 thousand I$)","1000 Int$",2011,2012720,"Leeks and other alliaceous vegetables","no"
NA,"World",NA,NA,"Vegetables","Gross Production Value (constant 2014-2016 thousand I$)","1000 Int$",2012,2064606,"Leeks and other alliaceous vegetables","no"
NA,"World",NA,NA,"Vegetables","Gross Production Value (constant 2014-2016 thousand I$)","1000 Int$",2013,2068816,"Leeks and other alliaceous vegetables","no"
NA,"World",NA,NA,"Vegetables","Gross Production Value (constant 2014-2016 thousand I$)","1000 Int$",2014,2089787,"Leeks and other alliaceous vegetables","no"
NA,"World",NA,NA,"Vegetables","Gross Production Value (constant 2014-2016 thousand I$)","1000 Int$",2015,1996335,"Leeks and other alliaceous vegetables","no"
NA,"World",NA,NA,"Vegetables","Gross Production Value (constant 2014-2016 thousand I$)","1000 Int$",2016,1997701,"Leeks and other alliaceous vegetables","no"
NA,"World",NA,NA,"Vegetables","Gross Production Value (constant 2014-2016 thousand I$)","1000 Int$",2017,2043989,"Leeks and other alliaceous vegetables","no"
NA,"World",NA,NA,"Vegetables","Gross Production Value (constant 2014-2016 thousand I$)","1000 Int$",2018,2003309,"Leeks and other alliaceous vegetables","no"
NA,"World",NA,NA,"Vegetables","Gross Production Value (constant 2014-2016 thousand I$)","1000 Int$",2019,2035993,"Leeks and other alliaceous vegetables","no"
NA,"World",NA,NA,"Vegetables","Gross Production Value (constant 2014-2016 thousand I$)","1000 Int$",2020,2023649,"Leeks and other alliaceous vegetables","no"
NA,"World",NA,NA,"Vegetables","Gross Production Value (constant 2014-2016 thousand I$)","1000 Int$",2021,2118641,"Leeks and other alliaceous vegetables","no"
NA,"World",NA,NA,"Vegetables","Gross Production Value (constant 2014-2016 thousand I$)","1000 Int$",2022,1994399,"Leeks and other alliaceous vegetables","no"
NA,"World",NA,NA,"Vegetables","Gross Production Value (constant 2014-2016 thousand I$)","1000 Int$",2023,2030906,"Leeks and other alliaceous vegetables","no"
NA,"World",NA,NA,"Vegetables","Gross Production Value (constant 2014-2016 thousand US$)","1000 USD",1992,1771558,"Leeks and other alliaceous vegetables","no"
NA,"World",NA,NA,"Vegetables","Gross Production Value (constant 2014-2016 thousand US$)","1000 USD",1993,1819680,"Leeks and other alliaceous vegetables","no"
NA,"World",NA,NA,"Vegetables","Gross Production Value (constant 2014-2016 thousand US$)","1000 USD",1994,1830075,"Leeks and other alliaceous vegetables","no"
NA,"World",NA,NA,"Vegetables","Gross Production Value (constant 2014-2016 thousand US$)","1000 USD",1995,1855871,"Leeks and other alliaceous vegetables","no"
NA,"World",NA,NA,"Vegetables","Gross Production Value (constant 2014-2016 thousand US$)","1000 USD",1996,1860669,"Leeks and other alliaceous vegetables","no"
NA,"World",NA,NA,"Vegetables","Gross Production Value (constant 2014-2016 thousand US$)","1000 USD",1997,1779510,"Leeks and other alliaceous vegetables","no"
NA,"World",NA,NA,"Vegetables","Gross Production Value (constant 2014-2016 thousand US$)","1000 USD",1998,1772644,"Leeks and other alliaceous vegetables","no"
NA,"World",NA,NA,"Vegetables","Gross Production Value (constant 2014-2016 thousand US$)","1000 USD",1999,1803149,"Leeks and other alliaceous vegetables","no"
NA,"World",NA,NA,"Vegetables","Gross Production Value (constant 2014-2016 thousand US$)","1000 USD",2000,1867400,"Leeks and other alliaceous vegetables","no"
NA,"World",NA,NA,"Vegetables","Gross Production Value (constant 2014-2016 thousand US$)","1000 USD",2001,1711194,"Leeks and other alliaceous vegetables","no"
NA,"World",NA,NA,"Vegetables","Gross Production Value (constant 2014-2016 thousand US$)","1000 USD",2002,1740785,"Leeks and other alliaceous vegetables","no"
NA,"World",NA,NA,"Vegetables","Gross Production Value (constant 2014-2016 thousand US$)","1000 USD",2003,1791862,"Leeks and other alliaceous vegetables","no"
NA,"World",NA,NA,"Vegetables","Gross Production Value (constant 2014-2016 thousand US$)","1000 USD",2004,1923236,"Leeks and other alliaceous vegetables","no"
NA,"World",NA,NA,"Vegetables","Gross Production Value (constant 2014-2016 thousand US$)","1000 USD",2005,2034371,"Leeks and other alliaceous vegetables","no"
NA,"World",NA,NA,"Vegetables","Gross Production Value (constant 2014-2016 thousand US$)","1000 USD",2006,2062434,"Leeks and other alliaceous vegetables","no"
NA,"World",NA,NA,"Vegetables","Gross Production Value (constant 2014-2016 thousand US$)","1000 USD",2007,2037311,"Leeks and other alliaceous vegetables","no"
NA,"World",NA,NA,"Vegetables","Gross Production Value (constant 2014-2016 thousand US$)","1000 USD",2008,2058597,"Leeks and other alliaceous vegetables","no"
NA,"World",NA,NA,"Vegetables","Gross Production Value (constant 2014-2016 thousand US$)","1000 USD",2009,2024095,"Leeks and other alliaceous vegetables","no"
NA,"World",NA,NA,"Vegetables","Gross Production Value (constant 2014-2016 thousand US$)","1000 USD",2010,2059409,"Leeks and other alliaceous vegetables","no"
NA,"World",NA,NA,"Vegetables","Gross Production Value (constant 2014-2016 thousand US$)","1000 USD",2011,2057966,"Leeks and other alliaceous vegetables","no"
NA,"World",NA,NA,"Vegetables","Gross Production Value (constant 2014-2016 thousand US$)","1000 USD",2012,2052707,"Leeks and other alliaceous vegetables","no"
NA,"World",NA,NA,"Vegetables","Gross Production Value (constant 2014-2016 thousand US$)","1000 USD",2013,2058900,"Leeks and other alliaceous vegetables","no"
NA,"World",NA,NA,"Vegetables","Gross Production Value (constant 2014-2016 thousand US$)","1000 USD",2014,2180049,"Leeks and other alliaceous vegetables","no"
NA,"World",NA,NA,"Vegetables","Gross Production Value (constant 2014-2016 thousand US$)","1000 USD",2015,2083627,"Leeks and other alliaceous vegetables","no"
NA,"World",NA,NA,"Vegetables","Gross Production Value (constant 2014-2016 thousand US$)","1000 USD",2016,2062885,"Leeks and other alliaceous vegetables","no"
NA,"World",NA,NA,"Vegetables","Gross Production Value (constant 2014-2016 thousand US$)","1000 USD",2017,2122197,"Leeks and other alliaceous vegetables","no"
NA,"World",NA,NA,"Vegetables","Gross Production Value (constant 2014-2016 thousand US$)","1000 USD",2018,2003217,"Leeks and other alliaceous vegetables","no"
NA,"World",NA,NA,"Vegetables","Gross Production Value (constant 2014-2016 thousand US$)","1000 USD",2019,2051786,"Leeks and other alliaceous vegetables","no"
NA,"World",NA,NA,"Vegetables","Gross Production Value (constant 2014-2016 thousand US$)","1000 USD",2020,2114949,"Leeks and other alliaceous vegetables","no"
NA,"World",NA,NA,"Vegetables","Gross Production Value (constant 2014-2016 thousand US$)","1000 USD",2021,2252673,"Leeks and other alliaceous vegetables","no"
NA,"World",NA,NA,"Vegetables","Gross Production Value (constant 2014-2016 thousand US$)","1000 USD",2022,2061751,"Leeks and other alliaceous vegetables","no"
NA,"World",NA,NA,"Vegetables","Gross Production Value (constant 2014-2016 thousand US$)","1000 USD",2023,2149900,"Leeks and other alliaceous vegetables","no"
NA,"World",NA,NA,"Fruits and nuts","Gross Production Value (constant 2014-2016 thousand I$)","1000 Int$",1992,4454706,"Lemons and limes","no"
NA,"World",NA,NA,"Fruits and nuts","Gross Production Value (constant 2014-2016 thousand I$)","1000 Int$",1993,4682273,"Lemons and limes","no"
NA,"World",NA,NA,"Fruits and nuts","Gross Production Value (constant 2014-2016 thousand I$)","1000 Int$",1994,4672091,"Lemons and limes","no"
NA,"World",NA,NA,"Fruits and nuts","Gross Production Value (constant 2014-2016 thousand I$)","1000 Int$",1995,4738820,"Lemons and limes","no"
NA,"World",NA,NA,"Fruits and nuts","Gross Production Value (constant 2014-2016 thousand I$)","1000 Int$",1996,5038708,"Lemons and limes","no"
NA,"World",NA,NA,"Fruits and nuts","Gross Production Value (constant 2014-2016 thousand I$)","1000 Int$",1997,5312242,"Lemons and limes","no"
NA,"World",NA,NA,"Fruits and nuts","Gross Production Value (constant 2014-2016 thousand I$)","1000 Int$",1998,5348305,"Lemons and limes","no"
NA,"World",NA,NA,"Fruits and nuts","Gross Production Value (constant 2014-2016 thousand I$)","1000 Int$",1999,5779101,"Lemons and limes","no"
NA,"World",NA,NA,"Fruits and nuts","Gross Production Value (constant 2014-2016 thousand I$)","1000 Int$",2000,6268233,"Lemons and limes","no"
NA,"World",NA,NA,"Fruits and nuts","Gross Production Value (constant 2014-2016 thousand I$)","1000 Int$",2001,6675856,"Lemons and limes","no"
NA,"World",NA,NA,"Fruits and nuts","Gross Production Value (constant 2014-2016 thousand I$)","1000 Int$",2002,6911976,"Lemons and limes","no"
NA,"World",NA,NA,"Fruits and nuts","Gross Production Value (constant 2014-2016 thousand I$)","1000 Int$",2003,7168255,"Lemons and limes","no"
NA,"World",NA,NA,"Fruits and nuts","Gross Production Value (constant 2014-2016 thousand I$)","1000 Int$",2004,7110115,"Lemons and limes","no"
NA,"World",NA,NA,"Fruits and nuts","Gross Production Value (constant 2014-2016 thousand I$)","1000 Int$",2005,7141999,"Lemons and limes","no"
NA,"World",NA,NA,"Fruits and nuts","Gross Production Value (constant 2014-2016 thousand I$)","1000 Int$",2006,7810474,"Lemons and limes","no"
NA,"World",NA,NA,"Fruits and nuts","Gross Production Value (constant 2014-2016 thousand I$)","1000 Int$",2007,9303936,"Lemons and limes","no"
NA,"World",NA,NA,"Fruits and nuts","Gross Production Value (constant 2014-2016 thousand I$)","1000 Int$",2008,9738974,"Lemons and limes","no"
NA,"World",NA,NA,"Fruits and nuts","Gross Production Value (constant 2014-2016 thousand I$)","1000 Int$",2009,9497725,"Lemons and limes","no"
NA,"World",NA,NA,"Fruits and nuts","Gross Production Value (constant 2014-2016 thousand I$)","1000 Int$",2010,8521780,"Lemons and limes","no"
NA,"World",NA,NA,"Fruits and nuts","Gross Production Value (constant 2014-2016 thousand I$)","1000 Int$",2011,8720858,"Lemons and limes","no"
NA,"World",NA,NA,"Fruits and nuts","Gross Production Value (constant 2014-2016 thousand I$)","1000 Int$",2012,8704816,"Lemons and limes","no"
NA,"World",NA,NA,"Fruits and nuts","Gross Production Value (constant 2014-2016 thousand I$)","1000 Int$",2013,8943037,"Lemons and limes","no"
NA,"World",NA,NA,"Fruits and nuts","Gross Production Value (constant 2014-2016 thousand I$)","1000 Int$",2014,9233518,"Lemons and limes","no"
NA,"World",NA,NA,"Fruits and nuts","Gross Production Value (constant 2014-2016 thousand I$)","1000 Int$",2015,9807663,"Lemons and limes","no"
NA,"World",NA,NA,"Fruits and nuts","Gross Production Value (constant 2014-2016 thousand I$)","1000 Int$",2016,9851720,"Lemons and limes","no"
NA,"World",NA,NA,"Fruits and nuts","Gross Production Value (constant 2014-2016 thousand I$)","1000 Int$",2017,10068580,"Lemons and limes","no"
NA,"World",NA,NA,"Fruits and nuts","Gross Production Value (constant 2014-2016 thousand I$)","1000 Int$",2018,11246560,"Lemons and limes","no"
NA,"World",NA,NA,"Fruits and nuts","Gross Production Value (constant 2014-2016 thousand I$)","1000 Int$",2019,11228019,"Lemons and limes","no"
NA,"World",NA,NA,"Fruits and nuts","Gross Production Value (constant 2014-2016 thousand I$)","1000 Int$",2020,11688338,"Lemons and limes","no"
NA,"World",NA,NA,"Fruits and nuts","Gross Production Value (constant 2014-2016 thousand I$)","1000 Int$",2021,12370645,"Lemons and limes","no"
NA,"World",NA,NA,"Fruits and nuts","Gross Production Value (constant 2014-2016 thousand I$)","1000 Int$",2022,12711358,"Lemons and limes","no"
NA,"World",NA,NA,"Fruits and nuts","Gross Production Value (constant 2014-2016 thousand I$)","1000 Int$",2023,13637817,"Lemons and limes","no"
NA,"World",NA,NA,"Fruits and nuts","Gross Production Value (constant 2014-2016 thousand US$)","1000 USD",1992,4109067,"Lemons and limes","no"
NA,"World",NA,NA,"Fruits and nuts","Gross Production Value (constant 2014-2016 thousand US$)","1000 USD",1993,4418196,"Lemons and limes","no"
NA,"World",NA,NA,"Fruits and nuts","Gross Production Value (constant 2014-2016 thousand US$)","1000 USD",1994,4359810,"Lemons and limes","no"
NA,"World",NA,NA,"Fruits and nuts","Gross Production Value (constant 2014-2016 thousand US$)","1000 USD",1995,4417330,"Lemons and limes","no"
NA,"World",NA,NA,"Fruits and nuts","Gross Production Value (constant 2014-2016 thousand US$)","1000 USD",1996,4673905,"Lemons and limes","no"
NA,"World",NA,NA,"Fruits and nuts","Gross Production Value (constant 2014-2016 thousand US$)","1000 USD",1997,4982217,"Lemons and limes","no"
NA,"World",NA,NA,"Fruits and nuts","Gross Production Value (constant 2014-2016 thousand US$)","1000 USD",1998,5012974,"Lemons and limes","no"
NA,"World",NA,NA,"Fruits and nuts","Gross Production Value (constant 2014-2016 thousand US$)","1000 USD",1999,5435663,"Lemons and limes","no"
NA,"World",NA,NA,"Fruits and nuts","Gross Production Value (constant 2014-2016 thousand US$)","1000 USD",2000,5775229,"Lemons and limes","no"
NA,"World",NA,NA,"Fruits and nuts","Gross Production Value (constant 2014-2016 thousand US$)","1000 USD",2001,6208392,"Lemons and limes","no"
NA,"World",NA,NA,"Fruits and nuts","Gross Production Value (constant 2014-2016 thousand US$)","1000 USD",2002,6567321,"Lemons and limes","no"
NA,"World",NA,NA,"Fruits and nuts","Gross Production Value (constant 2014-2016 thousand US$)","1000 USD",2003,6942500,"Lemons and limes","no"
NA,"World",NA,NA,"Fruits and nuts","Gross Production Value (constant 2014-2016 thousand US$)","1000 USD",2004,6710330,"Lemons and limes","no"
NA,"World",NA,NA,"Fruits and nuts","Gross Production Value (constant 2014-2016 thousand US$)","1000 USD",2005,6774740,"Lemons and limes","no"
NA,"World",NA,NA,"Fruits and nuts","Gross Production Value (constant 2014-2016 thousand US$)","1000 USD",2006,7272480,"Lemons and limes","no"
NA,"World",NA,NA,"Fruits and nuts","Gross Production Value (constant 2014-2016 thousand US$)","1000 USD",2007,11853373,"Lemons and limes","no"
NA,"World",NA,NA,"Fruits and nuts","Gross Production Value (constant 2014-2016 thousand US$)","1000 USD",2008,12543444,"Lemons and limes","no"
NA,"World",NA,NA,"Fruits and nuts","Gross Production Value (constant 2014-2016 thousand US$)","1000 USD",2009,11927636,"Lemons and limes","no"
NA,"World",NA,NA,"Fruits and nuts","Gross Production Value (constant 2014-2016 thousand US$)","1000 USD",2010,9361460,"Lemons and limes","no"
NA,"World",NA,NA,"Fruits and nuts","Gross Production Value (constant 2014-2016 thousand US$)","1000 USD",2011,8900224,"Lemons and limes","no"
NA,"World",NA,NA,"Fruits and nuts","Gross Production Value (constant 2014-2016 thousand US$)","1000 USD",2012,9220218,"Lemons and limes","no"
NA,"World",NA,NA,"Fruits and nuts","Gross Production Value (constant 2014-2016 thousand US$)","1000 USD",2013,9482416,"Lemons and limes","no"
NA,"World",NA,NA,"Fruits and nuts","Gross Production Value (constant 2014-2016 thousand US$)","1000 USD",2014,10113051,"Lemons and limes","no"
NA,"World",NA,NA,"Fruits and nuts","Gross Production Value (constant 2014-2016 thousand US$)","1000 USD",2015,10483858,"Lemons and limes","no"
NA,"World",NA,NA,"Fruits and nuts","Gross Production Value (constant 2014-2016 thousand US$)","1000 USD",2016,10474838,"Lemons and limes","no"
NA,"World",NA,NA,"Fruits and nuts","Gross Production Value (constant 2014-2016 thousand US$)","1000 USD",2017,10717893,"Lemons and limes","no"
NA,"World",NA,NA,"Fruits and nuts","Gross Production Value (constant 2014-2016 thousand US$)","1000 USD",2018,11827680,"Lemons and limes","no"
NA,"World",NA,NA,"Fruits and nuts","Gross Production Value (constant 2014-2016 thousand US$)","1000 USD",2019,11741748,"Lemons and limes","no"
NA,"World",NA,NA,"Fruits and nuts","Gross Production Value (constant 2014-2016 thousand US$)","1000 USD",2020,12348633,"Lemons and limes","no"
NA,"World",NA,NA,"Fruits and nuts","Gross Production Value (constant 2014-2016 thousand US$)","1000 USD",2021,12573466,"Lemons and limes","no"
NA,"World",NA,NA,"Fruits and nuts","Gross Production Value (constant 2014-2016 thousand US$)","1000 USD",2022,12816611,"Lemons and limes","no"
NA,"World",NA,NA,"Fruits and nuts","Gross Production Value (constant 2014-2016 thousand US$)","1000 USD",2023,13537410,"Lemons and limes","no"
NA,"World",NA,NA,"Pulses (dried leguminous vegetables)","Gross Production Value (constant 2014-2016 thousand I$)","1000 Int$",1992,1755435,"Lentils","no"
NA,"World",NA,NA,"Pulses (dried leguminous vegetables)","Gross Production Value (constant 2014-2016 thousand I$)","1000 Int$",1993,1890456,"Lentils","no"
NA,"World",NA,NA,"Pulses (dried leguminous vegetables)","Gross Production Value (constant 2014-2016 thousand I$)","1000 Int$",1994,1924519,"Lentils","no"
NA,"World",NA,NA,"Pulses (dried leguminous vegetables)","Gross Production Value (constant 2014-2016 thousand I$)","1000 Int$",1995,1961592,"Lentils","no"
NA,"World",NA,NA,"Pulses (dried leguminous vegetables)","Gross Production Value (constant 2014-2016 thousand I$)","1000 Int$",1996,1895508,"Lentils","no"
NA,"World",NA,NA,"Pulses (dried leguminous vegetables)","Gross Production Value (constant 2014-2016 thousand I$)","1000 Int$",1997,1893835,"Lentils","no"
NA,"World",NA,NA,"Pulses (dried leguminous vegetables)","Gross Production Value (constant 2014-2016 thousand I$)","1000 Int$",1998,1919521,"Lentils","no"
NA,"World",NA,NA,"Pulses (dried leguminous vegetables)","Gross Production Value (constant 2014-2016 thousand I$)","1000 Int$",1999,2014552,"Lentils","no"
NA,"World",NA,NA,"Pulses (dried leguminous vegetables)","Gross Production Value (constant 2014-2016 thousand I$)","1000 Int$",2000,2318945,"Lentils","no"
NA,"World",NA,NA,"Pulses (dried leguminous vegetables)","Gross Production Value (constant 2014-2016 thousand I$)","1000 Int$",2001,2238283,"Lentils","no"
NA,"World",NA,NA,"Pulses (dried leguminous vegetables)","Gross Production Value (constant 2014-2016 thousand I$)","1000 Int$",2002,1987409,"Lentils","no"
NA,"World",NA,NA,"Pulses (dried leguminous vegetables)","Gross Production Value (constant 2014-2016 thousand I$)","1000 Int$",2003,2053242,"Lentils","no"
NA,"World",NA,NA,"Pulses (dried leguminous vegetables)","Gross Production Value (constant 2014-2016 thousand I$)","1000 Int$",2004,2469642,"Lentils","no"
NA,"World",NA,NA,"Pulses (dried leguminous vegetables)","Gross Production Value (constant 2014-2016 thousand I$)","1000 Int$",2005,2845031,"Lentils","no"
NA,"World",NA,NA,"Pulses (dried leguminous vegetables)","Gross Production Value (constant 2014-2016 thousand I$)","1000 Int$",2006,2295942,"Lentils","no"
NA,"World",NA,NA,"Pulses (dried leguminous vegetables)","Gross Production Value (constant 2014-2016 thousand I$)","1000 Int$",2007,2270124,"Lentils","no"
NA,"World",NA,NA,"Pulses (dried leguminous vegetables)","Gross Production Value (constant 2014-2016 thousand I$)","1000 Int$",2008,1936923,"Lentils","no"
NA,"World",NA,NA,"Pulses (dried leguminous vegetables)","Gross Production Value (constant 2014-2016 thousand I$)","1000 Int$",2009,2689804,"Lentils","no"
NA,"World",NA,NA,"Pulses (dried leguminous vegetables)","Gross Production Value (constant 2014-2016 thousand I$)","1000 Int$",2010,3402591,"Lentils","no"
NA,"World",NA,NA,"Pulses (dried leguminous vegetables)","Gross Production Value (constant 2014-2016 thousand I$)","1000 Int$",2011,2993764,"Lentils","no"
NA,"World",NA,NA,"Pulses (dried leguminous vegetables)","Gross Production Value (constant 2014-2016 thousand I$)","1000 Int$",2012,3027336,"Lentils","no"
NA,"World",NA,NA,"Pulses (dried leguminous vegetables)","Gross Production Value (constant 2014-2016 thousand I$)","1000 Int$",2013,3619701,"Lentils","no"
NA,"World",NA,NA,"Pulses (dried leguminous vegetables)","Gross Production Value (constant 2014-2016 thousand I$)","1000 Int$",2014,3266348,"Lentils","no"
NA,"World",NA,NA,"Pulses (dried leguminous vegetables)","Gross Production Value (constant 2014-2016 thousand I$)","1000 Int$",2015,3789693,"Lentils","no"
NA,"World",NA,NA,"Pulses (dried leguminous vegetables)","Gross Production Value (constant 2014-2016 thousand I$)","1000 Int$",2016,4572437,"Lentils","no"
NA,"World",NA,NA,"Pulses (dried leguminous vegetables)","Gross Production Value (constant 2014-2016 thousand I$)","1000 Int$",2017,4870691,"Lentils","no"
NA,"World",NA,NA,"Pulses (dried leguminous vegetables)","Gross Production Value (constant 2014-2016 thousand I$)","1000 Int$",2018,4493930,"Lentils","no"
NA,"World",NA,NA,"Pulses (dried leguminous vegetables)","Gross Production Value (constant 2014-2016 thousand I$)","1000 Int$",2019,3954069,"Lentils","no"
NA,"World",NA,NA,"Pulses (dried leguminous vegetables)","Gross Production Value (constant 2014-2016 thousand I$)","1000 Int$",2020,4422360,"Lentils","no"
NA,"World",NA,NA,"Pulses (dried leguminous vegetables)","Gross Production Value (constant 2014-2016 thousand I$)","1000 Int$",2021,3808404,"Lentils","no"
NA,"World",NA,NA,"Pulses (dried leguminous vegetables)","Gross Production Value (constant 2014-2016 thousand I$)","1000 Int$",2022,4521104,"Lentils","no"
NA,"World",NA,NA,"Pulses (dried leguminous vegetables)","Gross Production Value (constant 2014-2016 thousand I$)","1000 Int$",2023,4828761,"Lentils","no"
NA,"World",NA,NA,"Pulses (dried leguminous vegetables)","Gross Production Value (constant 2014-2016 thousand US$)","1000 USD",1992,1867988,"Lentils","no"
NA,"World",NA,NA,"Pulses (dried leguminous vegetables)","Gross Production Value (constant 2014-2016 thousand US$)","1000 USD",1993,2012123,"Lentils","no"
NA,"World",NA,NA,"Pulses (dried leguminous vegetables)","Gross Production Value (constant 2014-2016 thousand US$)","1000 USD",1994,2034322,"Lentils","no"
NA,"World",NA,NA,"Pulses (dried leguminous vegetables)","Gross Production Value (constant 2014-2016 thousand US$)","1000 USD",1995,2062353,"Lentils","no"
NA,"World",NA,NA,"Pulses (dried leguminous vegetables)","Gross Production Value (constant 2014-2016 thousand US$)","1000 USD",1996,2000472,"Lentils","no"
NA,"World",NA,NA,"Pulses (dried leguminous vegetables)","Gross Production Value (constant 2014-2016 thousand US$)","1000 USD",1997,1925552,"Lentils","no"
NA,"World",NA,NA,"Pulses (dried leguminous vegetables)","Gross Production Value (constant 2014-2016 thousand US$)","1000 USD",1998,1969781,"Lentils","no"
NA,"World",NA,NA,"Pulses (dried leguminous vegetables)","Gross Production Value (constant 2014-2016 thousand US$)","1000 USD",1999,1994408,"Lentils","no"
NA,"World",NA,NA,"Pulses (dried leguminous vegetables)","Gross Production Value (constant 2014-2016 thousand US$)","1000 USD",2000,2252714,"Lentils","no"
NA,"World",NA,NA,"Pulses (dried leguminous vegetables)","Gross Production Value (constant 2014-2016 thousand US$)","1000 USD",2001,2235840,"Lentils","no"
NA,"World",NA,NA,"Pulses (dried leguminous vegetables)","Gross Production Value (constant 2014-2016 thousand US$)","1000 USD",2002,2036381,"Lentils","no"
NA,"World",NA,NA,"Pulses (dried leguminous vegetables)","Gross Production Value (constant 2014-2016 thousand US$)","1000 USD",2003,2079955,"Lentils","no"
NA,"World",NA,NA,"Pulses (dried leguminous vegetables)","Gross Production Value (constant 2014-2016 thousand US$)","1000 USD",2004,2456483,"Lentils","no"
NA,"World",NA,NA,"Pulses (dried leguminous vegetables)","Gross Production Value (constant 2014-2016 thousand US$)","1000 USD",2005,2787802,"Lentils","no"
NA,"World",NA,NA,"Pulses (dried leguminous vegetables)","Gross Production Value (constant 2014-2016 thousand US$)","1000 USD",2006,2285989,"Lentils","no"
NA,"World",NA,NA,"Pulses (dried leguminous vegetables)","Gross Production Value (constant 2014-2016 thousand US$)","1000 USD",2007,2315985,"Lentils","no"
NA,"World",NA,NA,"Pulses (dried leguminous vegetables)","Gross Production Value (constant 2014-2016 thousand US$)","1000 USD",2008,1953864,"Lentils","no"
NA,"World",NA,NA,"Pulses (dried leguminous vegetables)","Gross Production Value (constant 2014-2016 thousand US$)","1000 USD",2009,2574925,"Lentils","no"
NA,"World",NA,NA,"Pulses (dried leguminous vegetables)","Gross Production Value (constant 2014-2016 thousand US$)","1000 USD",2010,3231547,"Lentils","no"
NA,"World",NA,NA,"Pulses (dried leguminous vegetables)","Gross Production Value (constant 2014-2016 thousand US$)","1000 USD",2011,2907793,"Lentils","no"
NA,"World",NA,NA,"Pulses (dried leguminous vegetables)","Gross Production Value (constant 2014-2016 thousand US$)","1000 USD",2012,2930252,"Lentils","no"
NA,"World",NA,NA,"Pulses (dried leguminous vegetables)","Gross Production Value (constant 2014-2016 thousand US$)","1000 USD",2013,3433956,"Lentils","no"
NA,"World",NA,NA,"Pulses (dried leguminous vegetables)","Gross Production Value (constant 2014-2016 thousand US$)","1000 USD",2014,3154076,"Lentils","no"
NA,"World",NA,NA,"Pulses (dried leguminous vegetables)","Gross Production Value (constant 2014-2016 thousand US$)","1000 USD",2015,3599966,"Lentils","no"
NA,"World",NA,NA,"Pulses (dried leguminous vegetables)","Gross Production Value (constant 2014-2016 thousand US$)","1000 USD",2016,4223576,"Lentils","no"
NA,"World",NA,NA,"Pulses (dried leguminous vegetables)","Gross Production Value (constant 2014-2016 thousand US$)","1000 USD",2017,4410273,"Lentils","no"
NA,"World",NA,NA,"Pulses (dried leguminous vegetables)","Gross Production Value (constant 2014-2016 thousand US$)","1000 USD",2018,4044695,"Lentils","no"
NA,"World",NA,NA,"Pulses (dried leguminous vegetables)","Gross Production Value (constant 2014-2016 thousand US$)","1000 USD",2019,3694778,"Lentils","no"
NA,"World",NA,NA,"Pulses (dried leguminous vegetables)","Gross Production Value (constant 2014-2016 thousand US$)","1000 USD",2020,4069812,"Lentils","no"
NA,"World",NA,NA,"Pulses (dried leguminous vegetables)","Gross Production Value (constant 2014-2016 thousand US$)","1000 USD",2021,3581696,"Lentils","no"
NA,"World",NA,NA,"Pulses (dried leguminous vegetables)","Gross Production Value (constant 2014-2016 thousand US$)","1000 USD",2022,4193789,"Lentils","no"
NA,"World",NA,NA,"Pulses (dried leguminous vegetables)","Gross Production Value (constant 2014-2016 thousand US$)","1000 USD",2023,4545395,"Lentils","no"
NA,"World",NA,NA,"Vegetables","Gross Production Value (constant 2014-2016 thousand I$)","1000 Int$",1992,5023430,"Lettuce and chicory","no"
NA,"World",NA,NA,"Vegetables","Gross Production Value (constant 2014-2016 thousand I$)","1000 Int$",1993,5248313,"Lettuce and chicory","no"
NA,"World",NA,NA,"Vegetables","Gross Production Value (constant 2014-2016 thousand I$)","1000 Int$",1994,5647317,"Lettuce and chicory","no"
NA,"World",NA,NA,"Vegetables","Gross Production Value (constant 2014-2016 thousand I$)","1000 Int$",1995,5674001,"Lettuce and chicory","no"
NA,"World",NA,NA,"Vegetables","Gross Production Value (constant 2014-2016 thousand I$)","1000 Int$",1996,6072431,"Lettuce and chicory","no"
NA,"World",NA,NA,"Vegetables","Gross Production Value (constant 2014-2016 thousand I$)","1000 Int$",1997,6494964,"Lettuce and chicory","no"
NA,"World",NA,NA,"Vegetables","Gross Production Value (constant 2014-2016 thousand I$)","1000 Int$",1998,6396965,"Lettuce and chicory","no"
NA,"World",NA,NA,"Vegetables","Gross Production Value (constant 2014-2016 thousand I$)","1000 Int$",1999,6809926,"Lettuce and chicory","no"
NA,"World",NA,NA,"Vegetables","Gross Production Value (constant 2014-2016 thousand I$)","1000 Int$",2000,7287849,"Lettuce and chicory","no"
NA,"World",NA,NA,"Vegetables","Gross Production Value (constant 2014-2016 thousand I$)","1000 Int$",2001,7461868,"Lettuce and chicory","no"
NA,"World",NA,NA,"Vegetables","Gross Production Value (constant 2014-2016 thousand I$)","1000 Int$",2002,8033821,"Lettuce and chicory","no"
NA,"World",NA,NA,"Vegetables","Gross Production Value (constant 2014-2016 thousand I$)","1000 Int$",2003,8503615,"Lettuce and chicory","no"
NA,"World",NA,NA,"Vegetables","Gross Production Value (constant 2014-2016 thousand I$)","1000 Int$",2004,8925817,"Lettuce and chicory","no"
NA,"World",NA,NA,"Vegetables","Gross Production Value (constant 2014-2016 thousand I$)","1000 Int$",2005,8946721,"Lettuce and chicory","no"
NA,"World",NA,NA,"Vegetables","Gross Production Value (constant 2014-2016 thousand I$)","1000 Int$",2006,9355003,"Lettuce and chicory","no"
NA,"World",NA,NA,"Vegetables","Gross Production Value (constant 2014-2016 thousand I$)","1000 Int$",2007,9405927,"Lettuce and chicory","no"
NA,"World",NA,NA,"Vegetables","Gross Production Value (constant 2014-2016 thousand I$)","1000 Int$",2008,9437462,"Lettuce and chicory","no"
NA,"World",NA,NA,"Vegetables","Gross Production Value (constant 2014-2016 thousand I$)","1000 Int$",2009,9576002,"Lettuce and chicory","no"
NA,"World",NA,NA,"Vegetables","Gross Production Value (constant 2014-2016 thousand I$)","1000 Int$",2010,9768208,"Lettuce and chicory","no"
NA,"World",NA,NA,"Vegetables","Gross Production Value (constant 2014-2016 thousand I$)","1000 Int$",2011,9945361,"Lettuce and chicory","no"
NA,"World",NA,NA,"Vegetables","Gross Production Value (constant 2014-2016 thousand I$)","1000 Int$",2012,10195167,"Lettuce and chicory","no"
NA,"World",NA,NA,"Vegetables","Gross Production Value (constant 2014-2016 thousand I$)","1000 Int$",2013,9755252,"Lettuce and chicory","no"
NA,"World",NA,NA,"Vegetables","Gross Production Value (constant 2014-2016 thousand I$)","1000 Int$",2014,9977162,"Lettuce and chicory","no"
NA,"World",NA,NA,"Vegetables","Gross Production Value (constant 2014-2016 thousand I$)","1000 Int$",2015,10415420,"Lettuce and chicory","no"
NA,"World",NA,NA,"Vegetables","Gross Production Value (constant 2014-2016 thousand I$)","1000 Int$",2016,10411455,"Lettuce and chicory","no"
NA,"World",NA,NA,"Vegetables","Gross Production Value (constant 2014-2016 thousand I$)","1000 Int$",2017,10572139,"Lettuce and chicory","no"
NA,"World",NA,NA,"Vegetables","Gross Production Value (constant 2014-2016 thousand I$)","1000 Int$",2018,10724030,"Lettuce and chicory","no"
NA,"World",NA,NA,"Vegetables","Gross Production Value (constant 2014-2016 thousand I$)","1000 Int$",2019,10769953,"Lettuce and chicory","no"
NA,"World",NA,NA,"Vegetables","Gross Production Value (constant 2014-2016 thousand I$)","1000 Int$",2020,10898413,"Lettuce and chicory","no"
NA,"World",NA,NA,"Vegetables","Gross Production Value (constant 2014-2016 thousand I$)","1000 Int$",2021,11236179,"Lettuce and chicory","no"
NA,"World",NA,NA,"Vegetables","Gross Production Value (constant 2014-2016 thousand I$)","1000 Int$",2022,11112271,"Lettuce and chicory","no"
NA,"World",NA,NA,"Vegetables","Gross Production Value (constant 2014-2016 thousand I$)","1000 Int$",2023,11094950,"Lettuce and chicory","no"
NA,"World",NA,NA,"Vegetables","Gross Production Value (constant 2014-2016 thousand US$)","1000 USD",1992,7747272,"Lettuce and chicory","no"
NA,"World",NA,NA,"Vegetables","Gross Production Value (constant 2014-2016 thousand US$)","1000 USD",1993,8027606,"Lettuce and chicory","no"
NA,"World",NA,NA,"Vegetables","Gross Production Value (constant 2014-2016 thousand US$)","1000 USD",1994,8565392,"Lettuce and chicory","no"
NA,"World",NA,NA,"Vegetables","Gross Production Value (constant 2014-2016 thousand US$)","1000 USD",1995,8669399,"Lettuce and chicory","no"
NA,"World",NA,NA,"Vegetables","Gross Production Value (constant 2014-2016 thousand US$)","1000 USD",1996,8890634,"Lettuce and chicory","no"
NA,"World",NA,NA,"Vegetables","Gross Production Value (constant 2014-2016 thousand US$)","1000 USD",1997,9418338,"Lettuce and chicory","no"
NA,"World",NA,NA,"Vegetables","Gross Production Value (constant 2014-2016 thousand US$)","1000 USD",1998,9169565,"Lettuce and chicory","no"
NA,"World",NA,NA,"Vegetables","Gross Production Value (constant 2014-2016 thousand US$)","1000 USD",1999,9807300,"Lettuce and chicory","no"
NA,"World",NA,NA,"Vegetables","Gross Production Value (constant 2014-2016 thousand US$)","1000 USD",2000,10485440,"Lettuce and chicory","no"
NA,"World",NA,NA,"Vegetables","Gross Production Value (constant 2014-2016 thousand US$)","1000 USD",2001,10552091,"Lettuce and chicory","no"
NA,"World",NA,NA,"Vegetables","Gross Production Value (constant 2014-2016 thousand US$)","1000 USD",2002,11136819,"Lettuce and chicory","no"
NA,"World",NA,NA,"Vegetables","Gross Production Value (constant 2014-2016 thousand US$)","1000 USD",2003,11731147,"Lettuce and chicory","no"
NA,"World",NA,NA,"Vegetables","Gross Production Value (constant 2014-2016 thousand US$)","1000 USD",2004,12259743,"Lettuce and chicory","no"
NA,"World",NA,NA,"Vegetables","Gross Production Value (constant 2014-2016 thousand US$)","1000 USD",2005,12150125,"Lettuce and chicory","no"
NA,"World",NA,NA,"Vegetables","Gross Production Value (constant 2014-2016 thousand US$)","1000 USD",2006,12558964,"Lettuce and chicory","no"
NA,"World",NA,NA,"Vegetables","Gross Production Value (constant 2014-2016 thousand US$)","1000 USD",2007,12630583,"Lettuce and chicory","no"
NA,"World",NA,NA,"Vegetables","Gross Production Value (constant 2014-2016 thousand US$)","1000 USD",2008,12480987,"Lettuce and chicory","no"
NA,"World",NA,NA,"Vegetables","Gross Production Value (constant 2014-2016 thousand US$)","1000 USD",2009,12656594,"Lettuce and chicory","no"
NA,"World",NA,NA,"Vegetables","Gross Production Value (constant 2014-2016 thousand US$)","1000 USD",2010,12656871,"Lettuce and chicory","no"
NA,"World",NA,NA,"Vegetables","Gross Production Value (constant 2014-2016 thousand US$)","1000 USD",2011,12753123,"Lettuce and chicory","no"
NA,"World",NA,NA,"Vegetables","Gross Production Value (constant 2014-2016 thousand US$)","1000 USD",2012,13148392,"Lettuce and chicory","no"
NA,"World",NA,NA,"Vegetables","Gross Production Value (constant 2014-2016 thousand US$)","1000 USD",2013,12609762,"Lettuce and chicory","no"
NA,"World",NA,NA,"Vegetables","Gross Production Value (constant 2014-2016 thousand US$)","1000 USD",2014,12751852,"Lettuce and chicory","no"
NA,"World",NA,NA,"Vegetables","Gross Production Value (constant 2014-2016 thousand US$)","1000 USD",2015,13201606,"Lettuce and chicory","no"
NA,"World",NA,NA,"Vegetables","Gross Production Value (constant 2014-2016 thousand US$)","1000 USD",2016,13302892,"Lettuce and chicory","no"
NA,"World",NA,NA,"Vegetables","Gross Production Value (constant 2014-2016 thousand US$)","1000 USD",2017,13473815,"Lettuce and chicory","no"
NA,"World",NA,NA,"Vegetables","Gross Production Value (constant 2014-2016 thousand US$)","1000 USD",2018,13859069,"Lettuce and chicory","no"
NA,"World",NA,NA,"Vegetables","Gross Production Value (constant 2014-2016 thousand US$)","1000 USD",2019,13774164,"Lettuce and chicory","no"
NA,"World",NA,NA,"Vegetables","Gross Production Value (constant 2014-2016 thousand US$)","1000 USD",2020,13859744,"Lettuce and chicory","no"
NA,"World",NA,NA,"Vegetables","Gross Production Value (constant 2014-2016 thousand US$)","1000 USD",2021,14303760,"Lettuce and chicory","no"
NA,"World",NA,NA,"Vegetables","Gross Production Value (constant 2014-2016 thousand US$)","1000 USD",2022,14115856,"Lettuce and chicory","no"
NA,"World",NA,NA,"Vegetables","Gross Production Value (constant 2014-2016 thousand US$)","1000 USD",2023,13877342,"Lettuce and chicory","no"
NA,"World",NA,NA,"Oilseeds and oleaginous fruits","Gross Production Value (constant 2014-2016 thousand I$)","1000 Int$",1992,881236,"Linseed","no"
NA,"World",NA,NA,"Oilseeds and oleaginous fruits","Gross Production Value (constant 2014-2016 thousand I$)","1000 Int$",1993,871453,"Linseed","no"
NA,"World",NA,NA,"Oilseeds and oleaginous fruits","Gross Production Value (constant 2014-2016 thousand I$)","1000 Int$",1994,1013495,"Linseed","no"
NA,"World",NA,NA,"Oilseeds and oleaginous fruits","Gross Production Value (constant 2014-2016 thousand I$)","1000 Int$",1995,1027875,"Linseed","no"
NA,"World",NA,NA,"Oilseeds and oleaginous fruits","Gross Production Value (constant 2014-2016 thousand I$)","1000 Int$",1996,1007548,"Linseed","no"
NA,"World",NA,NA,"Oilseeds and oleaginous fruits","Gross Production Value (constant 2014-2016 thousand I$)","1000 Int$",1997,933193,"Linseed","no"
NA,"World",NA,NA,"Oilseeds and oleaginous fruits","Gross Production Value (constant 2014-2016 thousand I$)","1000 Int$",1998,1124052,"Linseed","no"
NA,"World",NA,NA,"Oilseeds and oleaginous fruits","Gross Production Value (constant 2014-2016 thousand I$)","1000 Int$",1999,1116596,"Linseed","no"
NA,"World",NA,NA,"Oilseeds and oleaginous fruits","Gross Production Value (constant 2014-2016 thousand I$)","1000 Int$",2000,826030,"Linseed","no"
NA,"World",NA,NA,"Oilseeds and oleaginous fruits","Gross Production Value (constant 2014-2016 thousand I$)","1000 Int$",2001,760921,"Linseed","no"
NA,"World",NA,NA,"Oilseeds and oleaginous fruits","Gross Production Value (constant 2014-2016 thousand I$)","1000 Int$",2002,777743,"Linseed","no"
NA,"World",NA,NA,"Oilseeds and oleaginous fruits","Gross Production Value (constant 2014-2016 thousand I$)","1000 Int$",2003,835325,"Linseed","no"
NA,"World",NA,NA,"Oilseeds and oleaginous fruits","Gross Production Value (constant 2014-2016 thousand I$)","1000 Int$",2004,767856,"Linseed","no"
NA,"World",NA,NA,"Oilseeds and oleaginous fruits","Gross Production Value (constant 2014-2016 thousand I$)","1000 Int$",2005,1122189,"Linseed","no"
NA,"World",NA,NA,"Oilseeds and oleaginous fruits","Gross Production Value (constant 2014-2016 thousand I$)","1000 Int$",2006,1044957,"Linseed","no"
NA,"World",NA,NA,"Oilseeds and oleaginous fruits","Gross Production Value (constant 2014-2016 thousand I$)","1000 Int$",2007,689392,"Linseed","no"
NA,"World",NA,NA,"Oilseeds and oleaginous fruits","Gross Production Value (constant 2014-2016 thousand I$)","1000 Int$",2008,826727,"Linseed","no"
NA,"World",NA,NA,"Oilseeds and oleaginous fruits","Gross Production Value (constant 2014-2016 thousand I$)","1000 Int$",2009,897205,"Linseed","no"
NA,"World",NA,NA,"Oilseeds and oleaginous fruits","Gross Production Value (constant 2014-2016 thousand I$)","1000 Int$",2010,751687,"Linseed","no"
NA,"World",NA,NA,"Oilseeds and oleaginous fruits","Gross Production Value (constant 2014-2016 thousand I$)","1000 Int$",2011,900329,"Linseed","no"
NA,"World",NA,NA,"Oilseeds and oleaginous fruits","Gross Production Value (constant 2014-2016 thousand I$)","1000 Int$",2012,842841,"Linseed","no"
NA,"World",NA,NA,"Oilseeds and oleaginous fruits","Gross Production Value (constant 2014-2016 thousand I$)","1000 Int$",2013,945178,"Linseed","no"
NA,"World",NA,NA,"Oilseeds and oleaginous fruits","Gross Production Value (constant 2014-2016 thousand I$)","1000 Int$",2014,1107385,"Linseed","no"
NA,"World",NA,NA,"Oilseeds and oleaginous fruits","Gross Production Value (constant 2014-2016 thousand I$)","1000 Int$",2015,1309483,"Linseed","no"
NA,"World",NA,NA,"Oilseeds and oleaginous fruits","Gross Production Value (constant 2014-2016 thousand I$)","1000 Int$",2016,1210859,"Linseed","no"
NA,"World",NA,NA,"Oilseeds and oleaginous fruits","Gross Production Value (constant 2014-2016 thousand I$)","1000 Int$",2017,1195400,"Linseed","no"
NA,"World",NA,NA,"Oilseeds and oleaginous fruits","Gross Production Value (constant 2014-2016 thousand I$)","1000 Int$",2018,1251046,"Linseed","no"
NA,"World",NA,NA,"Oilseeds and oleaginous fruits","Gross Production Value (constant 2014-2016 thousand I$)","1000 Int$",2019,1274926,"Linseed","no"
NA,"World",NA,NA,"Oilseeds and oleaginous fruits","Gross Production Value (constant 2014-2016 thousand I$)","1000 Int$",2020,1405478,"Linseed","no"
NA,"World",NA,NA,"Oilseeds and oleaginous fruits","Gross Production Value (constant 2014-2016 thousand I$)","1000 Int$",2021,1371960,"Linseed","no"
NA,"World",NA,NA,"Oilseeds and oleaginous fruits","Gross Production Value (constant 2014-2016 thousand I$)","1000 Int$",2022,1653811,"Linseed","no"
NA,"World",NA,NA,"Oilseeds and oleaginous fruits","Gross Production Value (constant 2014-2016 thousand I$)","1000 Int$",2023,1082631,"Linseed","no"
NA,"World",NA,NA,"Oilseeds and oleaginous fruits","Gross Production Value (constant 2014-2016 thousand US$)","1000 USD",1992,976895,"Linseed","no"
NA,"World",NA,NA,"Oilseeds and oleaginous fruits","Gross Production Value (constant 2014-2016 thousand US$)","1000 USD",1993,1008186,"Linseed","no"
NA,"World",NA,NA,"Oilseeds and oleaginous fruits","Gross Production Value (constant 2014-2016 thousand US$)","1000 USD",1994,1189677,"Linseed","no"
NA,"World",NA,NA,"Oilseeds and oleaginous fruits","Gross Production Value (constant 2014-2016 thousand US$)","1000 USD",1995,1171646,"Linseed","no"
NA,"World",NA,NA,"Oilseeds and oleaginous fruits","Gross Production Value (constant 2014-2016 thousand US$)","1000 USD",1996,1205610,"Linseed","no"
NA,"World",NA,NA,"Oilseeds and oleaginous fruits","Gross Production Value (constant 2014-2016 thousand US$)","1000 USD",1997,1099392,"Linseed","no"
NA,"World",NA,NA,"Oilseeds and oleaginous fruits","Gross Production Value (constant 2014-2016 thousand US$)","1000 USD",1998,1283113,"Linseed","no"
NA,"World",NA,NA,"Oilseeds and oleaginous fruits","Gross Production Value (constant 2014-2016 thousand US$)","1000 USD",1999,1260616,"Linseed","no"
NA,"World",NA,NA,"Oilseeds and oleaginous fruits","Gross Production Value (constant 2014-2016 thousand US$)","1000 USD",2000,942554,"Linseed","no"
NA,"World",NA,NA,"Oilseeds and oleaginous fruits","Gross Production Value (constant 2014-2016 thousand US$)","1000 USD",2001,868921,"Linseed","no"
NA,"World",NA,NA,"Oilseeds and oleaginous fruits","Gross Production Value (constant 2014-2016 thousand US$)","1000 USD",2002,905867,"Linseed","no"
NA,"World",NA,NA,"Oilseeds and oleaginous fruits","Gross Production Value (constant 2014-2016 thousand US$)","1000 USD",2003,979830,"Linseed","no"
NA,"World",NA,NA,"Oilseeds and oleaginous fruits","Gross Production Value (constant 2014-2016 thousand US$)","1000 USD",2004,918676,"Linseed","no"
NA,"World",NA,NA,"Oilseeds and oleaginous fruits","Gross Production Value (constant 2014-2016 thousand US$)","1000 USD",2005,1283212,"Linseed","no"
NA,"World",NA,NA,"Oilseeds and oleaginous fruits","Gross Production Value (constant 2014-2016 thousand US$)","1000 USD",2006,1194907,"Linseed","no"
NA,"World",NA,NA,"Oilseeds and oleaginous fruits","Gross Production Value (constant 2014-2016 thousand US$)","1000 USD",2007,808672,"Linseed","no"
NA,"World",NA,NA,"Oilseeds and oleaginous fruits","Gross Production Value (constant 2014-2016 thousand US$)","1000 USD",2008,978126,"Linseed","no"
NA,"World",NA,NA,"Oilseeds and oleaginous fruits","Gross Production Value (constant 2014-2016 thousand US$)","1000 USD",2009,1022319,"Linseed","no"
NA,"World",NA,NA,"Oilseeds and oleaginous fruits","Gross Production Value (constant 2014-2016 thousand US$)","1000 USD",2010,821785,"Linseed","no"
NA,"World",NA,NA,"Oilseeds and oleaginous fruits","Gross Production Value (constant 2014-2016 thousand US$)","1000 USD",2011,928304,"Linseed","no"
NA,"World",NA,NA,"Oilseeds and oleaginous fruits","Gross Production Value (constant 2014-2016 thousand US$)","1000 USD",2012,913893,"Linseed","no"
NA,"World",NA,NA,"Oilseeds and oleaginous fruits","Gross Production Value (constant 2014-2016 thousand US$)","1000 USD",2013,989910,"Linseed","no"
NA,"World",NA,NA,"Oilseeds and oleaginous fruits","Gross Production Value (constant 2014-2016 thousand US$)","1000 USD",2014,1113943,"Linseed","no"
NA,"World",NA,NA,"Oilseeds and oleaginous fruits","Gross Production Value (constant 2014-2016 thousand US$)","1000 USD",2015,1281150,"Linseed","no"
NA,"World",NA,NA,"Oilseeds and oleaginous fruits","Gross Production Value (constant 2014-2016 thousand US$)","1000 USD",2016,1137245,"Linseed","no"
NA,"World",NA,NA,"Oilseeds and oleaginous fruits","Gross Production Value (constant 2014-2016 thousand US$)","1000 USD",2017,1134507,"Linseed","no"
NA,"World",NA,NA,"Oilseeds and oleaginous fruits","Gross Production Value (constant 2014-2016 thousand US$)","1000 USD",2018,1165335,"Linseed","no"
NA,"World",NA,NA,"Oilseeds and oleaginous fruits","Gross Production Value (constant 2014-2016 thousand US$)","1000 USD",2019,1121383,"Linseed","no"
NA,"World",NA,NA,"Oilseeds and oleaginous fruits","Gross Production Value (constant 2014-2016 thousand US$)","1000 USD",2020,1235716,"Linseed","no"
NA,"World",NA,NA,"Oilseeds and oleaginous fruits","Gross Production Value (constant 2014-2016 thousand US$)","1000 USD",2021,1147579,"Linseed","no"
NA,"World",NA,NA,"Oilseeds and oleaginous fruits","Gross Production Value (constant 2014-2016 thousand US$)","1000 USD",2022,1354104,"Linseed","no"
NA,"World",NA,NA,"Oilseeds and oleaginous fruits","Gross Production Value (constant 2014-2016 thousand US$)","1000 USD",2023,963462,"Linseed","no"
NA,"World",NA,NA,"Fruits and nuts","Gross Production Value (constant 2014-2016 thousand I$)","1000 Int$",1992,45266,"Locust beans","no"
NA,"World",NA,NA,"Fruits and nuts","Gross Production Value (constant 2014-2016 thousand I$)","1000 Int$",1993,47305,"Locust beans","no"
NA,"World",NA,NA,"Fruits and nuts","Gross Production Value (constant 2014-2016 thousand I$)","1000 Int$",1994,37673,"Locust beans","no"
NA,"World",NA,NA,"Fruits and nuts","Gross Production Value (constant 2014-2016 thousand I$)","1000 Int$",1995,42882,"Locust beans","no"
NA,"World",NA,NA,"Fruits and nuts","Gross Production Value (constant 2014-2016 thousand I$)","1000 Int$",1996,44359,"Locust beans","no"
NA,"World",NA,NA,"Fruits and nuts","Gross Production Value (constant 2014-2016 thousand I$)","1000 Int$",1997,42510,"Locust beans","no"
NA,"World",NA,NA,"Fruits and nuts","Gross Production Value (constant 2014-2016 thousand I$)","1000 Int$",1998,45262,"Locust beans","no"
NA,"World",NA,NA,"Fruits and nuts","Gross Production Value (constant 2014-2016 thousand I$)","1000 Int$",1999,45772,"Locust beans","no"
NA,"World",NA,NA,"Fruits and nuts","Gross Production Value (constant 2014-2016 thousand I$)","1000 Int$",2000,45617,"Locust beans","no"
NA,"World",NA,NA,"Fruits and nuts","Gross Production Value (constant 2014-2016 thousand I$)","1000 Int$",2001,37195,"Locust beans","no"
NA,"World",NA,NA,"Fruits and nuts","Gross Production Value (constant 2014-2016 thousand I$)","1000 Int$",2002,39187,"Locust beans","no"
NA,"World",NA,NA,"Fruits and nuts","Gross Production Value (constant 2014-2016 thousand I$)","1000 Int$",2003,35410,"Locust beans","no"
NA,"World",NA,NA,"Fruits and nuts","Gross Production Value (constant 2014-2016 thousand I$)","1000 Int$",2004,33650,"Locust beans","no"
NA,"World",NA,NA,"Fruits and nuts","Gross Production Value (constant 2014-2016 thousand I$)","1000 Int$",2005,42461,"Locust beans","no"
NA,"World",NA,NA,"Fruits and nuts","Gross Production Value (constant 2014-2016 thousand I$)","1000 Int$",2006,31478,"Locust beans","no"
NA,"World",NA,NA,"Fruits and nuts","Gross Production Value (constant 2014-2016 thousand I$)","1000 Int$",2007,35839,"Locust beans","no"
NA,"World",NA,NA,"Fruits and nuts","Gross Production Value (constant 2014-2016 thousand I$)","1000 Int$",2008,44453,"Locust beans","no"
NA,"World",NA,NA,"Fruits and nuts","Gross Production Value (constant 2014-2016 thousand I$)","1000 Int$",2009,37838,"Locust beans","no"
NA,"World",NA,NA,"Fruits and nuts","Gross Production Value (constant 2014-2016 thousand I$)","1000 Int$",2010,37561,"Locust beans","no"
NA,"World",NA,NA,"Fruits and nuts","Gross Production Value (constant 2014-2016 thousand I$)","1000 Int$",2011,46198,"Locust beans","no"
NA,"World",NA,NA,"Fruits and nuts","Gross Production Value (constant 2014-2016 thousand I$)","1000 Int$",2012,37096,"Locust beans","no"
NA,"World",NA,NA,"Fruits and nuts","Gross Production Value (constant 2014-2016 thousand I$)","1000 Int$",2013,33697,"Locust beans","no"
NA,"World",NA,NA,"Fruits and nuts","Gross Production Value (constant 2014-2016 thousand I$)","1000 Int$",2014,48848,"Locust beans","no"
NA,"World",NA,NA,"Fruits and nuts","Gross Production Value (constant 2014-2016 thousand I$)","1000 Int$",2015,39134,"Locust beans","no"
NA,"World",NA,NA,"Fruits and nuts","Gross Production Value (constant 2014-2016 thousand I$)","1000 Int$",2016,39879,"Locust beans","no"
NA,"World",NA,NA,"Fruits and nuts","Gross Production Value (constant 2014-2016 thousand I$)","1000 Int$",2017,40746,"Locust beans","no"
NA,"World",NA,NA,"Fruits and nuts","Gross Production Value (constant 2014-2016 thousand I$)","1000 Int$",2018,13623,"Locust beans","no"
NA,"World",NA,NA,"Fruits and nuts","Gross Production Value (constant 2014-2016 thousand I$)","1000 Int$",2019,14080,"Locust beans","no"
NA,"World",NA,NA,"Fruits and nuts","Gross Production Value (constant 2014-2016 thousand I$)","1000 Int$",2020,14759,"Locust beans","no"
NA,"World",NA,NA,"Fruits and nuts","Gross Production Value (constant 2014-2016 thousand I$)","1000 Int$",2021,15218,"Locust beans","no"
NA,"World",NA,NA,"Fruits and nuts","Gross Production Value (constant 2014-2016 thousand I$)","1000 Int$",2022,16622,"Locust beans","no"
NA,"World",NA,NA,"Fruits and nuts","Gross Production Value (constant 2014-2016 thousand I$)","1000 Int$",2023,16413,"Locust beans","no"
NA,"World",NA,NA,"Fruits and nuts","Gross Production Value (constant 2014-2016 thousand US$)","1000 USD",1992,46873,"Locust beans","no"
NA,"World",NA,NA,"Fruits and nuts","Gross Production Value (constant 2014-2016 thousand US$)","1000 USD",1993,50063,"Locust beans","no"
NA,"World",NA,NA,"Fruits and nuts","Gross Production Value (constant 2014-2016 thousand US$)","1000 USD",1994,42300,"Locust beans","no"
NA,"World",NA,NA,"Fruits and nuts","Gross Production Value (constant 2014-2016 thousand US$)","1000 USD",1995,44774,"Locust beans","no"
NA,"World",NA,NA,"Fruits and nuts","Gross Production Value (constant 2014-2016 thousand US$)","1000 USD",1996,46953,"Locust beans","no"
NA,"World",NA,NA,"Fruits and nuts","Gross Production Value (constant 2014-2016 thousand US$)","1000 USD",1997,45311,"Locust beans","no"
NA,"World",NA,NA,"Fruits and nuts","Gross Production Value (constant 2014-2016 thousand US$)","1000 USD",1998,51965,"Locust beans","no"
NA,"World",NA,NA,"Fruits and nuts","Gross Production Value (constant 2014-2016 thousand US$)","1000 USD",1999,53708,"Locust beans","no"
NA,"World",NA,NA,"Fruits and nuts","Gross Production Value (constant 2014-2016 thousand US$)","1000 USD",2000,51942,"Locust beans","no"
NA,"World",NA,NA,"Fruits and nuts","Gross Production Value (constant 2014-2016 thousand US$)","1000 USD",2001,46319,"Locust beans","no"
NA,"World",NA,NA,"Fruits and nuts","Gross Production Value (constant 2014-2016 thousand US$)","1000 USD",2002,46366,"Locust beans","no"
NA,"World",NA,NA,"Fruits and nuts","Gross Production Value (constant 2014-2016 thousand US$)","1000 USD",2003,42243,"Locust beans","no"
NA,"World",NA,NA,"Fruits and nuts","Gross Production Value (constant 2014-2016 thousand US$)","1000 USD",2004,40033,"Locust beans","no"
NA,"World",NA,NA,"Fruits and nuts","Gross Production Value (constant 2014-2016 thousand US$)","1000 USD",2005,48460,"Locust beans","no"
NA,"World",NA,NA,"Fruits and nuts","Gross Production Value (constant 2014-2016 thousand US$)","1000 USD",2006,35313,"Locust beans","no"
NA,"World",NA,NA,"Fruits and nuts","Gross Production Value (constant 2014-2016 thousand US$)","1000 USD",2007,39546,"Locust beans","no"
NA,"World",NA,NA,"Fruits and nuts","Gross Production Value (constant 2014-2016 thousand US$)","1000 USD",2008,52518,"Locust beans","no"
NA,"World",NA,NA,"Fruits and nuts","Gross Production Value (constant 2014-2016 thousand US$)","1000 USD",2009,43515,"Locust beans","no"
NA,"World",NA,NA,"Fruits and nuts","Gross Production Value (constant 2014-2016 thousand US$)","1000 USD",2010,44613,"Locust beans","no"
NA,"World",NA,NA,"Fruits and nuts","Gross Production Value (constant 2014-2016 thousand US$)","1000 USD",2011,51383,"Locust beans","no"
NA,"World",NA,NA,"Fruits and nuts","Gross Production Value (constant 2014-2016 thousand US$)","1000 USD",2012,42358,"Locust beans","no"
NA,"World",NA,NA,"Fruits and nuts","Gross Production Value (constant 2014-2016 thousand US$)","1000 USD",2013,43139,"Locust beans","no"
NA,"World",NA,NA,"Fruits and nuts","Gross Production Value (constant 2014-2016 thousand US$)","1000 USD",2014,57945,"Locust beans","no"
NA,"World",NA,NA,"Fruits and nuts","Gross Production Value (constant 2014-2016 thousand US$)","1000 USD",2015,44469,"Locust beans","no"
NA,"World",NA,NA,"Fruits and nuts","Gross Production Value (constant 2014-2016 thousand US$)","1000 USD",2016,47125,"Locust beans","no"
NA,"World",NA,NA,"Fruits and nuts","Gross Production Value (constant 2014-2016 thousand US$)","1000 USD",2017,48836,"Locust beans","no"
NA,"World",NA,NA,"Fruits and nuts","Gross Production Value (constant 2014-2016 thousand US$)","1000 USD",2018,21455,"Locust beans","no"
NA,"World",NA,NA,"Fruits and nuts","Gross Production Value (constant 2014-2016 thousand US$)","1000 USD",2019,22181,"Locust beans","no"
NA,"World",NA,NA,"Fruits and nuts","Gross Production Value (constant 2014-2016 thousand US$)","1000 USD",2020,23877,"Locust beans","no"
NA,"World",NA,NA,"Fruits and nuts","Gross Production Value (constant 2014-2016 thousand US$)","1000 USD",2021,24980,"Locust beans","no"
NA,"World",NA,NA,"Fruits and nuts","Gross Production Value (constant 2014-2016 thousand US$)","1000 USD",2022,28056,"Locust beans","no"
NA,"World",NA,NA,"Fruits and nuts","Gross Production Value (constant 2014-2016 thousand US$)","1000 USD",2023,27618,"Locust beans","no"
NA,"World",NA,NA,"Pulses (dried leguminous vegetables)","Gross Production Value (constant 2014-2016 thousand I$)","1000 Int$",1992,402103,"Lupins","no"
NA,"World",NA,NA,"Pulses (dried leguminous vegetables)","Gross Production Value (constant 2014-2016 thousand I$)","1000 Int$",1993,479927,"Lupins","no"
NA,"World",NA,NA,"Pulses (dried leguminous vegetables)","Gross Production Value (constant 2014-2016 thousand I$)","1000 Int$",1994,361537,"Lupins","no"
NA,"World",NA,NA,"Pulses (dried leguminous vegetables)","Gross Production Value (constant 2014-2016 thousand I$)","1000 Int$",1995,508002,"Lupins","no"
NA,"World",NA,NA,"Pulses (dried leguminous vegetables)","Gross Production Value (constant 2014-2016 thousand I$)","1000 Int$",1996,493905,"Lupins","no"
NA,"World",NA,NA,"Pulses (dried leguminous vegetables)","Gross Production Value (constant 2014-2016 thousand I$)","1000 Int$",1997,504983,"Lupins","no"
NA,"World",NA,NA,"Pulses (dried leguminous vegetables)","Gross Production Value (constant 2014-2016 thousand I$)","1000 Int$",1998,551164,"Lupins","no"
NA,"World",NA,NA,"Pulses (dried leguminous vegetables)","Gross Production Value (constant 2014-2016 thousand I$)","1000 Int$",1999,626952,"Lupins","no"
NA,"World",NA,NA,"Pulses (dried leguminous vegetables)","Gross Production Value (constant 2014-2016 thousand I$)","1000 Int$",2000,367807,"Lupins","no"
NA,"World",NA,NA,"Pulses (dried leguminous vegetables)","Gross Production Value (constant 2014-2016 thousand I$)","1000 Int$",2001,418869,"Lupins","no"
NA,"World",NA,NA,"Pulses (dried leguminous vegetables)","Gross Production Value (constant 2014-2016 thousand I$)","1000 Int$",2002,269506,"Lupins","no"
NA,"World",NA,NA,"Pulses (dried leguminous vegetables)","Gross Production Value (constant 2014-2016 thousand I$)","1000 Int$",2003,433035,"Lupins","no"
NA,"World",NA,NA,"Pulses (dried leguminous vegetables)","Gross Production Value (constant 2014-2016 thousand I$)","1000 Int$",2004,377203,"Lupins","no"
NA,"World",NA,NA,"Pulses (dried leguminous vegetables)","Gross Production Value (constant 2014-2016 thousand I$)","1000 Int$",2005,492563,"Lupins","no"
NA,"World",NA,NA,"Pulses (dried leguminous vegetables)","Gross Production Value (constant 2014-2016 thousand I$)","1000 Int$",2006,234014,"Lupins","no"
NA,"World",NA,NA,"Pulses (dried leguminous vegetables)","Gross Production Value (constant 2014-2016 thousand I$)","1000 Int$",2007,289022,"Lupins","no"
NA,"World",NA,NA,"Pulses (dried leguminous vegetables)","Gross Production Value (constant 2014-2016 thousand I$)","1000 Int$",2008,301146,"Lupins","no"
NA,"World",NA,NA,"Pulses (dried leguminous vegetables)","Gross Production Value (constant 2014-2016 thousand I$)","1000 Int$",2009,335409,"Lupins","no"
NA,"World",NA,NA,"Pulses (dried leguminous vegetables)","Gross Production Value (constant 2014-2016 thousand I$)","1000 Int$",2010,372950,"Lupins","no"
NA,"World",NA,NA,"Pulses (dried leguminous vegetables)","Gross Production Value (constant 2014-2016 thousand I$)","1000 Int$",2011,394240,"Lupins","no"
NA,"World",NA,NA,"Pulses (dried leguminous vegetables)","Gross Production Value (constant 2014-2016 thousand I$)","1000 Int$",2012,239378,"Lupins","no"
NA,"World",NA,NA,"Pulses (dried leguminous vegetables)","Gross Production Value (constant 2014-2016 thousand I$)","1000 Int$",2013,293692,"Lupins","no"
NA,"World",NA,NA,"Pulses (dried leguminous vegetables)","Gross Production Value (constant 2014-2016 thousand I$)","1000 Int$",2014,319468,"Lupins","no"
NA,"World",NA,NA,"Pulses (dried leguminous vegetables)","Gross Production Value (constant 2014-2016 thousand I$)","1000 Int$",2015,371203,"Lupins","no"
NA,"World",NA,NA,"Pulses (dried leguminous vegetables)","Gross Production Value (constant 2014-2016 thousand I$)","1000 Int$",2016,383267,"Lupins","no"
NA,"World",NA,NA,"Pulses (dried leguminous vegetables)","Gross Production Value (constant 2014-2016 thousand I$)","1000 Int$",2017,482302,"Lupins","no"
NA,"World",NA,NA,"Pulses (dried leguminous vegetables)","Gross Production Value (constant 2014-2016 thousand I$)","1000 Int$",2018,356997,"Lupins","no"
NA,"World",NA,NA,"Pulses (dried leguminous vegetables)","Gross Production Value (constant 2014-2016 thousand I$)","1000 Int$",2019,400161,"Lupins","no"
NA,"World",NA,NA,"Pulses (dried leguminous vegetables)","Gross Production Value (constant 2014-2016 thousand I$)","1000 Int$",2020,319158,"Lupins","no"
NA,"World",NA,NA,"Pulses (dried leguminous vegetables)","Gross Production Value (constant 2014-2016 thousand I$)","1000 Int$",2021,422322,"Lupins","no"
NA,"World",NA,NA,"Pulses (dried leguminous vegetables)","Gross Production Value (constant 2014-2016 thousand I$)","1000 Int$",2022,490357,"Lupins","no"
NA,"World",NA,NA,"Pulses (dried leguminous vegetables)","Gross Production Value (constant 2014-2016 thousand I$)","1000 Int$",2023,571932,"Lupins","no"
NA,"World",NA,NA,"Pulses (dried leguminous vegetables)","Gross Production Value (constant 2014-2016 thousand US$)","1000 USD",1992,323450,"Lupins","no"
NA,"World",NA,NA,"Pulses (dried leguminous vegetables)","Gross Production Value (constant 2014-2016 thousand US$)","1000 USD",1993,386913,"Lupins","no"
NA,"World",NA,NA,"Pulses (dried leguminous vegetables)","Gross Production Value (constant 2014-2016 thousand US$)","1000 USD",1994,294082,"Lupins","no"
NA,"World",NA,NA,"Pulses (dried leguminous vegetables)","Gross Production Value (constant 2014-2016 thousand US$)","1000 USD",1995,411933,"Lupins","no"
NA,"World",NA,NA,"Pulses (dried leguminous vegetables)","Gross Production Value (constant 2014-2016 thousand US$)","1000 USD",1996,403943,"Lupins","no"
NA,"World",NA,NA,"Pulses (dried leguminous vegetables)","Gross Production Value (constant 2014-2016 thousand US$)","1000 USD",1997,411292,"Lupins","no"
NA,"World",NA,NA,"Pulses (dried leguminous vegetables)","Gross Production Value (constant 2014-2016 thousand US$)","1000 USD",1998,448537,"Lupins","no"
NA,"World",NA,NA,"Pulses (dried leguminous vegetables)","Gross Production Value (constant 2014-2016 thousand US$)","1000 USD",1999,509091,"Lupins","no"
NA,"World",NA,NA,"Pulses (dried leguminous vegetables)","Gross Production Value (constant 2014-2016 thousand US$)","1000 USD",2000,301937,"Lupins","no"
NA,"World",NA,NA,"Pulses (dried leguminous vegetables)","Gross Production Value (constant 2014-2016 thousand US$)","1000 USD",2001,342888,"Lupins","no"
NA,"World",NA,NA,"Pulses (dried leguminous vegetables)","Gross Production Value (constant 2014-2016 thousand US$)","1000 USD",2002,225112,"Lupins","no"
NA,"World",NA,NA,"Pulses (dried leguminous vegetables)","Gross Production Value (constant 2014-2016 thousand US$)","1000 USD",2003,348510,"Lupins","no"
NA,"World",NA,NA,"Pulses (dried leguminous vegetables)","Gross Production Value (constant 2014-2016 thousand US$)","1000 USD",2004,303882,"Lupins","no"
NA,"World",NA,NA,"Pulses (dried leguminous vegetables)","Gross Production Value (constant 2014-2016 thousand US$)","1000 USD",2005,395551,"Lupins","no"
NA,"World",NA,NA,"Pulses (dried leguminous vegetables)","Gross Production Value (constant 2014-2016 thousand US$)","1000 USD",2006,191734,"Lupins","no"
NA,"World",NA,NA,"Pulses (dried leguminous vegetables)","Gross Production Value (constant 2014-2016 thousand US$)","1000 USD",2007,238596,"Lupins","no"
NA,"World",NA,NA,"Pulses (dried leguminous vegetables)","Gross Production Value (constant 2014-2016 thousand US$)","1000 USD",2008,247990,"Lupins","no"
NA,"World",NA,NA,"Pulses (dried leguminous vegetables)","Gross Production Value (constant 2014-2016 thousand US$)","1000 USD",2009,279099,"Lupins","no"
NA,"World",NA,NA,"Pulses (dried leguminous vegetables)","Gross Production Value (constant 2014-2016 thousand US$)","1000 USD",2010,305694,"Lupins","no"
NA,"World",NA,NA,"Pulses (dried leguminous vegetables)","Gross Production Value (constant 2014-2016 thousand US$)","1000 USD",2011,325768,"Lupins","no"
NA,"World",NA,NA,"Pulses (dried leguminous vegetables)","Gross Production Value (constant 2014-2016 thousand US$)","1000 USD",2012,201297,"Lupins","no"
NA,"World",NA,NA,"Pulses (dried leguminous vegetables)","Gross Production Value (constant 2014-2016 thousand US$)","1000 USD",2013,244764,"Lupins","no"
NA,"World",NA,NA,"Pulses (dried leguminous vegetables)","Gross Production Value (constant 2014-2016 thousand US$)","1000 USD",2014,265911,"Lupins","no"
NA,"World",NA,NA,"Pulses (dried leguminous vegetables)","Gross Production Value (constant 2014-2016 thousand US$)","1000 USD",2015,312135,"Lupins","no"
NA,"World",NA,NA,"Pulses (dried leguminous vegetables)","Gross Production Value (constant 2014-2016 thousand US$)","1000 USD",2016,323130,"Lupins","no"
NA,"World",NA,NA,"Pulses (dried leguminous vegetables)","Gross Production Value (constant 2014-2016 thousand US$)","1000 USD",2017,421005,"Lupins","no"
NA,"World",NA,NA,"Pulses (dried leguminous vegetables)","Gross Production Value (constant 2014-2016 thousand US$)","1000 USD",2018,327464,"Lupins","no"
NA,"World",NA,NA,"Pulses (dried leguminous vegetables)","Gross Production Value (constant 2014-2016 thousand US$)","1000 USD",2019,368537,"Lupins","no"
NA,"World",NA,NA,"Pulses (dried leguminous vegetables)","Gross Production Value (constant 2014-2016 thousand US$)","1000 USD",2020,301822,"Lupins","no"
NA,"World",NA,NA,"Pulses (dried leguminous vegetables)","Gross Production Value (constant 2014-2016 thousand US$)","1000 USD",2021,372095,"Lupins","no"
NA,"World",NA,NA,"Pulses (dried leguminous vegetables)","Gross Production Value (constant 2014-2016 thousand US$)","1000 USD",2022,428738,"Lupins","no"
NA,"World",NA,NA,"Pulses (dried leguminous vegetables)","Gross Production Value (constant 2014-2016 thousand US$)","1000 USD",2023,496063,"Lupins","no"
NA,"World",NA,NA,"Cereals","Gross Production Value (constant 2014-2016 thousand I$)","1000 Int$",1992,104125748,"Maize","no"
NA,"World",NA,NA,"Cereals","Gross Production Value (constant 2014-2016 thousand I$)","1000 Int$",1993,93547658,"Maize","no"
NA,"World",NA,NA,"Cereals","Gross Production Value (constant 2014-2016 thousand I$)","1000 Int$",1994,113293782,"Maize","no"
NA,"World",NA,NA,"Cereals","Gross Production Value (constant 2014-2016 thousand I$)","1000 Int$",1995,102867252,"Maize","no"
NA,"World",NA,NA,"Cereals","Gross Production Value (constant 2014-2016 thousand I$)","1000 Int$",1996,117101080,"Maize","no"
NA,"World",NA,NA,"Cereals","Gross Production Value (constant 2014-2016 thousand I$)","1000 Int$",1997,116715320,"Maize","no"
NA,"World",NA,NA,"Cereals","Gross Production Value (constant 2014-2016 thousand I$)","1000 Int$",1998,123290164,"Maize","no"
NA,"World",NA,NA,"Cereals","Gross Production Value (constant 2014-2016 thousand I$)","1000 Int$",1999,121752583,"Maize","no"
NA,"World",NA,NA,"Cereals","Gross Production Value (constant 2014-2016 thousand I$)","1000 Int$",2000,118615491,"Maize","no"
NA,"World",NA,NA,"Cereals","Gross Production Value (constant 2014-2016 thousand I$)","1000 Int$",2001,123304224,"Maize","no"
NA,"World",NA,NA,"Cereals","Gross Production Value (constant 2014-2016 thousand I$)","1000 Int$",2002,121013696,"Maize","no"
NA,"World",NA,NA,"Cereals","Gross Production Value (constant 2014-2016 thousand I$)","1000 Int$",2003,129234144,"Maize","no"
NA,"World",NA,NA,"Cereals","Gross Production Value (constant 2014-2016 thousand I$)","1000 Int$",2004,146176428,"Maize","no"
NA,"World",NA,NA,"Cereals","Gross Production Value (constant 2014-2016 thousand I$)","1000 Int$",2005,143339780,"Maize","no"
NA,"World",NA,NA,"Cereals","Gross Production Value (constant 2014-2016 thousand I$)","1000 Int$",2006,142080331,"Maize","no"
NA,"World",NA,NA,"Cereals","Gross Production Value (constant 2014-2016 thousand I$)","1000 Int$",2007,159277454,"Maize","no"
NA,"World",NA,NA,"Cereals","Gross Production Value (constant 2014-2016 thousand I$)","1000 Int$",2008,166456459,"Maize","no"
NA,"World",NA,NA,"Cereals","Gross Production Value (constant 2014-2016 thousand I$)","1000 Int$",2009,164613827,"Maize","no"
NA,"World",NA,NA,"Cereals","Gross Production Value (constant 2014-2016 thousand I$)","1000 Int$",2010,171153285,"Maize","no"
NA,"World",NA,NA,"Cereals","Gross Production Value (constant 2014-2016 thousand I$)","1000 Int$",2011,178174935,"Maize","no"
NA,"World",NA,NA,"Cereals","Gross Production Value (constant 2014-2016 thousand I$)","1000 Int$",2012,175546130,"Maize","no"
NA,"World",NA,NA,"Cereals","Gross Production Value (constant 2014-2016 thousand I$)","1000 Int$",2013,204061172,"Maize","no"
NA,"World",NA,NA,"Cereals","Gross Production Value (constant 2014-2016 thousand I$)","1000 Int$",2014,208834540,"Maize","no"
NA,"World",NA,NA,"Cereals","Gross Production Value (constant 2014-2016 thousand I$)","1000 Int$",2015,211236882,"Maize","no"
NA,"World",NA,NA,"Cereals","Gross Production Value (constant 2014-2016 thousand I$)","1000 Int$",2016,225222326,"Maize","no"
NA,"World",NA,NA,"Cereals","Gross Production Value (constant 2014-2016 thousand I$)","1000 Int$",2017,227869908,"Maize","no"
NA,"World",NA,NA,"Cereals","Gross Production Value (constant 2014-2016 thousand I$)","1000 Int$",2018,223163705,"Maize","no"
NA,"World",NA,NA,"Cereals","Gross Production Value (constant 2014-2016 thousand I$)","1000 Int$",2019,228010843,"Maize","no"
NA,"World",NA,NA,"Cereals","Gross Production Value (constant 2014-2016 thousand I$)","1000 Int$",2020,231501154,"Maize","no"
NA,"World",NA,NA,"Cereals","Gross Production Value (constant 2014-2016 thousand I$)","1000 Int$",2021,241544228,"Maize","no"
NA,"World",NA,NA,"Cereals","Gross Production Value (constant 2014-2016 thousand I$)","1000 Int$",2022,233073427,"Maize","no"
NA,"World",NA,NA,"Cereals","Gross Production Value (constant 2014-2016 thousand I$)","1000 Int$",2023,248949273,"Maize","no"
NA,"World",NA,NA,"Cereals","Gross Production Value (constant 2014-2016 thousand US$)","1000 USD",1992,106265686,"Maize","no"
NA,"World",NA,NA,"Cereals","Gross Production Value (constant 2014-2016 thousand US$)","1000 USD",1993,102523567,"Maize","no"
NA,"World",NA,NA,"Cereals","Gross Production Value (constant 2014-2016 thousand US$)","1000 USD",1994,115821113,"Maize","no"
NA,"World",NA,NA,"Cereals","Gross Production Value (constant 2014-2016 thousand US$)","1000 USD",1995,111599225,"Maize","no"
NA,"World",NA,NA,"Cereals","Gross Production Value (constant 2014-2016 thousand US$)","1000 USD",1996,126695168,"Maize","no"
NA,"World",NA,NA,"Cereals","Gross Production Value (constant 2014-2016 thousand US$)","1000 USD",1997,120796234,"Maize","no"
NA,"World",NA,NA,"Cereals","Gross Production Value (constant 2014-2016 thousand US$)","1000 USD",1998,132171508,"Maize","no"
NA,"World",NA,NA,"Cereals","Gross Production Value (constant 2014-2016 thousand US$)","1000 USD",1999,130598266,"Maize","no"
NA,"World",NA,NA,"Cereals","Gross Production Value (constant 2014-2016 thousand US$)","1000 USD",2000,123287452,"Maize","no"
NA,"World",NA,NA,"Cereals","Gross Production Value (constant 2014-2016 thousand US$)","1000 USD",2001,128917360,"Maize","no"
NA,"World",NA,NA,"Cereals","Gross Production Value (constant 2014-2016 thousand US$)","1000 USD",2002,128771170,"Maize","no"
NA,"World",NA,NA,"Cereals","Gross Production Value (constant 2014-2016 thousand US$)","1000 USD",2003,135053657,"Maize","no"
NA,"World",NA,NA,"Cereals","Gross Production Value (constant 2014-2016 thousand US$)","1000 USD",2004,151397927,"Maize","no"
NA,"World",NA,NA,"Cereals","Gross Production Value (constant 2014-2016 thousand US$)","1000 USD",2005,151488491,"Maize","no"
NA,"World",NA,NA,"Cereals","Gross Production Value (constant 2014-2016 thousand US$)","1000 USD",2006,155107862,"Maize","no"
NA,"World",NA,NA,"Cereals","Gross Production Value (constant 2014-2016 thousand US$)","1000 USD",2007,168146540,"Maize","no"
NA,"World",NA,NA,"Cereals","Gross Production Value (constant 2014-2016 thousand US$)","1000 USD",2008,178224901,"Maize","no"
NA,"World",NA,NA,"Cereals","Gross Production Value (constant 2014-2016 thousand US$)","1000 USD",2009,175931433,"Maize","no"
NA,"World",NA,NA,"Cereals","Gross Production Value (constant 2014-2016 thousand US$)","1000 USD",2010,185340742,"Maize","no"
NA,"World",NA,NA,"Cereals","Gross Production Value (constant 2014-2016 thousand US$)","1000 USD",2011,194345030,"Maize","no"
NA,"World",NA,NA,"Cereals","Gross Production Value (constant 2014-2016 thousand US$)","1000 USD",2012,197026675,"Maize","no"
NA,"World",NA,NA,"Cereals","Gross Production Value (constant 2014-2016 thousand US$)","1000 USD",2013,220959511,"Maize","no"
NA,"World",NA,NA,"Cereals","Gross Production Value (constant 2014-2016 thousand US$)","1000 USD",2014,224562874,"Maize","no"
NA,"World",NA,NA,"Cereals","Gross Production Value (constant 2014-2016 thousand US$)","1000 USD",2015,237321309,"Maize","no"
NA,"World",NA,NA,"Cereals","Gross Production Value (constant 2014-2016 thousand US$)","1000 USD",2016,247089967,"Maize","no"
NA,"World",NA,NA,"Cereals","Gross Production Value (constant 2014-2016 thousand US$)","1000 USD",2017,250816090,"Maize","no"
NA,"World",NA,NA,"Cereals","Gross Production Value (constant 2014-2016 thousand US$)","1000 USD",2018,245641902,"Maize","no"
NA,"World",NA,NA,"Cereals","Gross Production Value (constant 2014-2016 thousand US$)","1000 USD",2019,251361601,"Maize","no"
NA,"World",NA,NA,"Cereals","Gross Production Value (constant 2014-2016 thousand US$)","1000 USD",2020,253920004,"Maize","no"
NA,"World",NA,NA,"Cereals","Gross Production Value (constant 2014-2016 thousand US$)","1000 USD",2021,264643938,"Maize","no"
NA,"World",NA,NA,"Cereals","Gross Production Value (constant 2014-2016 thousand US$)","1000 USD",2022,260275646,"Maize","no"
NA,"World",NA,NA,"Cereals","Gross Production Value (constant 2014-2016 thousand US$)","1000 USD",2023,275265526,"Maize","no"
NA,"World",NA,NA,"Fruits and nuts","Gross Production Value (constant 2014-2016 thousand I$)","1000 Int$",1992,11587996,"Mangoes, guavas and mangosteens","no"
NA,"World",NA,NA,"Fruits and nuts","Gross Production Value (constant 2014-2016 thousand I$)","1000 Int$",1993,12499913,"Mangoes, guavas and mangosteens","no"
NA,"World",NA,NA,"Fruits and nuts","Gross Production Value (constant 2014-2016 thousand I$)","1000 Int$",1994,13700775,"Mangoes, guavas and mangosteens","no"
NA,"World",NA,NA,"Fruits and nuts","Gross Production Value (constant 2014-2016 thousand I$)","1000 Int$",1995,14421012,"Mangoes, guavas and mangosteens","no"
NA,"World",NA,NA,"Fruits and nuts","Gross Production Value (constant 2014-2016 thousand I$)","1000 Int$",1996,14307196,"Mangoes, guavas and mangosteens","no"
NA,"World",NA,NA,"Fruits and nuts","Gross Production Value (constant 2014-2016 thousand I$)","1000 Int$",1997,15013466,"Mangoes, guavas and mangosteens","no"
NA,"World",NA,NA,"Fruits and nuts","Gross Production Value (constant 2014-2016 thousand I$)","1000 Int$",1998,14365481,"Mangoes, guavas and mangosteens","no"
NA,"World",NA,NA,"Fruits and nuts","Gross Production Value (constant 2014-2016 thousand I$)","1000 Int$",1999,14927878,"Mangoes, guavas and mangosteens","no"
NA,"World",NA,NA,"Fruits and nuts","Gross Production Value (constant 2014-2016 thousand I$)","1000 Int$",2000,15661785,"Mangoes, guavas and mangosteens","no"
NA,"World",NA,NA,"Fruits and nuts","Gross Production Value (constant 2014-2016 thousand I$)","1000 Int$",2001,15771689,"Mangoes, guavas and mangosteens","no"
NA,"World",NA,NA,"Fruits and nuts","Gross Production Value (constant 2014-2016 thousand I$)","1000 Int$",2002,16592378,"Mangoes, guavas and mangosteens","no"
NA,"World",NA,NA,"Fruits and nuts","Gross Production Value (constant 2014-2016 thousand I$)","1000 Int$",2003,18822423,"Mangoes, guavas and mangosteens","no"
NA,"World",NA,NA,"Fruits and nuts","Gross Production Value (constant 2014-2016 thousand I$)","1000 Int$",2004,18757598,"Mangoes, guavas and mangosteens","no"
NA,"World",NA,NA,"Fruits and nuts","Gross Production Value (constant 2014-2016 thousand I$)","1000 Int$",2005,20046055,"Mangoes, guavas and mangosteens","no"
NA,"World",NA,NA,"Fruits and nuts","Gross Production Value (constant 2014-2016 thousand I$)","1000 Int$",2006,21449033,"Mangoes, guavas and mangosteens","no"
NA,"World",NA,NA,"Fruits and nuts","Gross Production Value (constant 2014-2016 thousand I$)","1000 Int$",2007,22186727,"Mangoes, guavas and mangosteens","no"
NA,"World",NA,NA,"Fruits and nuts","Gross Production Value (constant 2014-2016 thousand I$)","1000 Int$",2008,23058940,"Mangoes, guavas and mangosteens","no"
NA,"World",NA,NA,"Fruits and nuts","Gross Production Value (constant 2014-2016 thousand I$)","1000 Int$",2009,22333057,"Mangoes, guavas and mangosteens","no"
NA,"World",NA,NA,"Fruits and nuts","Gross Production Value (constant 2014-2016 thousand I$)","1000 Int$",2010,23527913,"Mangoes, guavas and mangosteens","no"
NA,"World",NA,NA,"Fruits and nuts","Gross Production Value (constant 2014-2016 thousand I$)","1000 Int$",2011,24966985,"Mangoes, guavas and mangosteens","no"
NA,"World",NA,NA,"Fruits and nuts","Gross Production Value (constant 2014-2016 thousand I$)","1000 Int$",2012,26321622,"Mangoes, guavas and mangosteens","no"
NA,"World",NA,NA,"Fruits and nuts","Gross Production Value (constant 2014-2016 thousand I$)","1000 Int$",2013,28224916,"Mangoes, guavas and mangosteens","no"
NA,"World",NA,NA,"Fruits and nuts","Gross Production Value (constant 2014-2016 thousand I$)","1000 Int$",2014,29004082,"Mangoes, guavas and mangosteens","no"
NA,"World",NA,NA,"Fruits and nuts","Gross Production Value (constant 2014-2016 thousand I$)","1000 Int$",2015,29453112,"Mangoes, guavas and mangosteens","no"
NA,"World",NA,NA,"Fruits and nuts","Gross Production Value (constant 2014-2016 thousand I$)","1000 Int$",2016,29818235,"Mangoes, guavas and mangosteens","no"
NA,"World",NA,NA,"Fruits and nuts","Gross Production Value (constant 2014-2016 thousand I$)","1000 Int$",2017,33179811,"Mangoes, guavas and mangosteens","no"
NA,"World",NA,NA,"Fruits and nuts","Gross Production Value (constant 2014-2016 thousand I$)","1000 Int$",2018,34282657,"Mangoes, guavas and mangosteens","no"
NA,"World",NA,NA,"Fruits and nuts","Gross Production Value (constant 2014-2016 thousand I$)","1000 Int$",2019,35488990,"Mangoes, guavas and mangosteens","no"
NA,"World",NA,NA,"Fruits and nuts","Gross Production Value (constant 2014-2016 thousand I$)","1000 Int$",2020,35448846,"Mangoes, guavas and mangosteens","no"
NA,"World",NA,NA,"Fruits and nuts","Gross Production Value (constant 2014-2016 thousand I$)","1000 Int$",2021,36045217,"Mangoes, guavas and mangosteens","no"
NA,"World",NA,NA,"Fruits and nuts","Gross Production Value (constant 2014-2016 thousand I$)","1000 Int$",2022,37922087,"Mangoes, guavas and mangosteens","no"
NA,"World",NA,NA,"Fruits and nuts","Gross Production Value (constant 2014-2016 thousand I$)","1000 Int$",2023,38318494,"Mangoes, guavas and mangosteens","no"
NA,"World",NA,NA,"Fruits and nuts","Gross Production Value (constant 2014-2016 thousand US$)","1000 USD",1992,11426144,"Mangoes, guavas and mangosteens","no"
NA,"World",NA,NA,"Fruits and nuts","Gross Production Value (constant 2014-2016 thousand US$)","1000 USD",1993,12416746,"Mangoes, guavas and mangosteens","no"
NA,"World",NA,NA,"Fruits and nuts","Gross Production Value (constant 2014-2016 thousand US$)","1000 USD",1994,13834264,"Mangoes, guavas and mangosteens","no"
NA,"World",NA,NA,"Fruits and nuts","Gross Production Value (constant 2014-2016 thousand US$)","1000 USD",1995,14719102,"Mangoes, guavas and mangosteens","no"
NA,"World",NA,NA,"Fruits and nuts","Gross Production Value (constant 2014-2016 thousand US$)","1000 USD",1996,14723739,"Mangoes, guavas and mangosteens","no"
NA,"World",NA,NA,"Fruits and nuts","Gross Production Value (constant 2014-2016 thousand US$)","1000 USD",1997,15545405,"Mangoes, guavas and mangosteens","no"
NA,"World",NA,NA,"Fruits and nuts","Gross Production Value (constant 2014-2016 thousand US$)","1000 USD",1998,14884743,"Mangoes, guavas and mangosteens","no"
NA,"World",NA,NA,"Fruits and nuts","Gross Production Value (constant 2014-2016 thousand US$)","1000 USD",1999,15656880,"Mangoes, guavas and mangosteens","no"
NA,"World",NA,NA,"Fruits and nuts","Gross Production Value (constant 2014-2016 thousand US$)","1000 USD",2000,16561756,"Mangoes, guavas and mangosteens","no"
NA,"World",NA,NA,"Fruits and nuts","Gross Production Value (constant 2014-2016 thousand US$)","1000 USD",2001,16552005,"Mangoes, guavas and mangosteens","no"
NA,"World",NA,NA,"Fruits and nuts","Gross Production Value (constant 2014-2016 thousand US$)","1000 USD",2002,17402164,"Mangoes, guavas and mangosteens","no"
NA,"World",NA,NA,"Fruits and nuts","Gross Production Value (constant 2014-2016 thousand US$)","1000 USD",2003,19879803,"Mangoes, guavas and mangosteens","no"
NA,"World",NA,NA,"Fruits and nuts","Gross Production Value (constant 2014-2016 thousand US$)","1000 USD",2004,19622354,"Mangoes, guavas and mangosteens","no"
NA,"World",NA,NA,"Fruits and nuts","Gross Production Value (constant 2014-2016 thousand US$)","1000 USD",2005,21115081,"Mangoes, guavas and mangosteens","no"
NA,"World",NA,NA,"Fruits and nuts","Gross Production Value (constant 2014-2016 thousand US$)","1000 USD",2006,22025978,"Mangoes, guavas and mangosteens","no"
NA,"World",NA,NA,"Fruits and nuts","Gross Production Value (constant 2014-2016 thousand US$)","1000 USD",2007,22738473,"Mangoes, guavas and mangosteens","no"
NA,"World",NA,NA,"Fruits and nuts","Gross Production Value (constant 2014-2016 thousand US$)","1000 USD",2008,23386163,"Mangoes, guavas and mangosteens","no"
NA,"World",NA,NA,"Fruits and nuts","Gross Production Value (constant 2014-2016 thousand US$)","1000 USD",2009,22363727,"Mangoes, guavas and mangosteens","no"
NA,"World",NA,NA,"Fruits and nuts","Gross Production Value (constant 2014-2016 thousand US$)","1000 USD",2010,23614626,"Mangoes, guavas and mangosteens","no"
NA,"World",NA,NA,"Fruits and nuts","Gross Production Value (constant 2014-2016 thousand US$)","1000 USD",2011,24549413,"Mangoes, guavas and mangosteens","no"
NA,"World",NA,NA,"Fruits and nuts","Gross Production Value (constant 2014-2016 thousand US$)","1000 USD",2012,25682503,"Mangoes, guavas and mangosteens","no"
NA,"World",NA,NA,"Fruits and nuts","Gross Production Value (constant 2014-2016 thousand US$)","1000 USD",2013,27562813,"Mangoes, guavas and mangosteens","no"
NA,"World",NA,NA,"Fruits and nuts","Gross Production Value (constant 2014-2016 thousand US$)","1000 USD",2014,27761269,"Mangoes, guavas and mangosteens","no"
NA,"World",NA,NA,"Fruits and nuts","Gross Production Value (constant 2014-2016 thousand US$)","1000 USD",2015,28306291,"Mangoes, guavas and mangosteens","no"
NA,"World",NA,NA,"Fruits and nuts","Gross Production Value (constant 2014-2016 thousand US$)","1000 USD",2016,28717978,"Mangoes, guavas and mangosteens","no"
NA,"World",NA,NA,"Fruits and nuts","Gross Production Value (constant 2014-2016 thousand US$)","1000 USD",2017,32724368,"Mangoes, guavas and mangosteens","no"
NA,"World",NA,NA,"Fruits and nuts","Gross Production Value (constant 2014-2016 thousand US$)","1000 USD",2018,33750405,"Mangoes, guavas and mangosteens","no"
NA,"World",NA,NA,"Fruits and nuts","Gross Production Value (constant 2014-2016 thousand US$)","1000 USD",2019,34891142,"Mangoes, guavas and mangosteens","no"
NA,"World",NA,NA,"Fruits and nuts","Gross Production Value (constant 2014-2016 thousand US$)","1000 USD",2020,35115258,"Mangoes, guavas and mangosteens","no"
NA,"World",NA,NA,"Fruits and nuts","Gross Production Value (constant 2014-2016 thousand US$)","1000 USD",2021,35807474,"Mangoes, guavas and mangosteens","no"
NA,"World",NA,NA,"Fruits and nuts","Gross Production Value (constant 2014-2016 thousand US$)","1000 USD",2022,37590054,"Mangoes, guavas and mangosteens","no"
NA,"World",NA,NA,"Fruits and nuts","Gross Production Value (constant 2014-2016 thousand US$)","1000 USD",2023,37720560,"Mangoes, guavas and mangosteens","no"
NA,"World",NA,NA,"Stimulant, spice and aromatic crops","Gross Production Value (constant 2014-2016 thousand I$)","1000 Int$",1992,123778,"Maté leaves","no"
NA,"World",NA,NA,"Stimulant, spice and aromatic crops","Gross Production Value (constant 2014-2016 thousand I$)","1000 Int$",1993,166396,"Maté leaves","no"
NA,"World",NA,NA,"Stimulant, spice and aromatic crops","Gross Production Value (constant 2014-2016 thousand I$)","1000 Int$",1994,170725,"Maté leaves","no"
NA,"World",NA,NA,"Stimulant, spice and aromatic crops","Gross Production Value (constant 2014-2016 thousand I$)","1000 Int$",1995,185535,"Maté leaves","no"
NA,"World",NA,NA,"Stimulant, spice and aromatic crops","Gross Production Value (constant 2014-2016 thousand I$)","1000 Int$",1996,178164,"Maté leaves","no"
NA,"World",NA,NA,"Stimulant, spice and aromatic crops","Gross Production Value (constant 2014-2016 thousand I$)","1000 Int$",1997,212469,"Maté leaves","no"
NA,"World",NA,NA,"Stimulant, spice and aromatic crops","Gross Production Value (constant 2014-2016 thousand I$)","1000 Int$",1998,252338,"Maté leaves","no"
NA,"World",NA,NA,"Stimulant, spice and aromatic crops","Gross Production Value (constant 2014-2016 thousand I$)","1000 Int$",1999,274716,"Maté leaves","no"
NA,"World",NA,NA,"Stimulant, spice and aromatic crops","Gross Production Value (constant 2014-2016 thousand I$)","1000 Int$",2000,283031,"Maté leaves","no"
NA,"World",NA,NA,"Stimulant, spice and aromatic crops","Gross Production Value (constant 2014-2016 thousand I$)","1000 Int$",2001,332550,"Maté leaves","no"
NA,"World",NA,NA,"Stimulant, spice and aromatic crops","Gross Production Value (constant 2014-2016 thousand I$)","1000 Int$",2002,303424,"Maté leaves","no"
NA,"World",NA,NA,"Stimulant, spice and aromatic crops","Gross Production Value (constant 2014-2016 thousand I$)","1000 Int$",2003,284160,"Maté leaves","no"
NA,"World",NA,NA,"Stimulant, spice and aromatic crops","Gross Production Value (constant 2014-2016 thousand I$)","1000 Int$",2004,237494,"Maté leaves","no"
NA,"World",NA,NA,"Stimulant, spice and aromatic crops","Gross Production Value (constant 2014-2016 thousand I$)","1000 Int$",2005,249495,"Maté leaves","no"
NA,"World",NA,NA,"Stimulant, spice and aromatic crops","Gross Production Value (constant 2014-2016 thousand I$)","1000 Int$",2006,259765,"Maté leaves","no"
NA,"World",NA,NA,"Stimulant, spice and aromatic crops","Gross Production Value (constant 2014-2016 thousand I$)","1000 Int$",2007,264766,"Maté leaves","no"
NA,"World",NA,NA,"Stimulant, spice and aromatic crops","Gross Production Value (constant 2014-2016 thousand I$)","1000 Int$",2008,243115,"Maté leaves","no"
NA,"World",NA,NA,"Stimulant, spice and aromatic crops","Gross Production Value (constant 2014-2016 thousand I$)","1000 Int$",2009,242824,"Maté leaves","no"
NA,"World",NA,NA,"Stimulant, spice and aromatic crops","Gross Production Value (constant 2014-2016 thousand I$)","1000 Int$",2010,248718,"Maté leaves","no"
NA,"World",NA,NA,"Stimulant, spice and aromatic crops","Gross Production Value (constant 2014-2016 thousand I$)","1000 Int$",2011,251316,"Maté leaves","no"
NA,"World",NA,NA,"Stimulant, spice and aromatic crops","Gross Production Value (constant 2014-2016 thousand I$)","1000 Int$",2012,266570,"Maté leaves","no"
NA,"World",NA,NA,"Stimulant, spice and aromatic crops","Gross Production Value (constant 2014-2016 thousand I$)","1000 Int$",2013,273422,"Maté leaves","no"
NA,"World",NA,NA,"Stimulant, spice and aromatic crops","Gross Production Value (constant 2014-2016 thousand I$)","1000 Int$",2014,311255,"Maté leaves","no"
NA,"World",NA,NA,"Stimulant, spice and aromatic crops","Gross Production Value (constant 2014-2016 thousand I$)","1000 Int$",2015,321267,"Maté leaves","no"
NA,"World",NA,NA,"Stimulant, spice and aromatic crops","Gross Production Value (constant 2014-2016 thousand I$)","1000 Int$",2016,500424,"Maté leaves","no"
NA,"World",NA,NA,"Stimulant, spice and aromatic crops","Gross Production Value (constant 2014-2016 thousand I$)","1000 Int$",2017,459096,"Maté leaves","no"
NA,"World",NA,NA,"Stimulant, spice and aromatic crops","Gross Production Value (constant 2014-2016 thousand I$)","1000 Int$",2018,465770,"Maté leaves","no"
NA,"World",NA,NA,"Stimulant, spice and aromatic crops","Gross Production Value (constant 2014-2016 thousand I$)","1000 Int$",2019,481952,"Maté leaves","no"
NA,"World",NA,NA,"Stimulant, spice and aromatic crops","Gross Production Value (constant 2014-2016 thousand I$)","1000 Int$",2020,478196,"Maté leaves","no"
NA,"World",NA,NA,"Stimulant, spice and aromatic crops","Gross Production Value (constant 2014-2016 thousand I$)","1000 Int$",2021,488559,"Maté leaves","no"
NA,"World",NA,NA,"Stimulant, spice and aromatic crops","Gross Production Value (constant 2014-2016 thousand I$)","1000 Int$",2022,566367,"Maté leaves","no"
NA,"World",NA,NA,"Stimulant, spice and aromatic crops","Gross Production Value (constant 2014-2016 thousand I$)","1000 Int$",2023,609614,"Maté leaves","no"
NA,"World",NA,NA,"Stimulant, spice and aromatic crops","Gross Production Value (constant 2014-2016 thousand US$)","1000 USD",1992,132972,"Maté leaves","no"
NA,"World",NA,NA,"Stimulant, spice and aromatic crops","Gross Production Value (constant 2014-2016 thousand US$)","1000 USD",1993,172635,"Maté leaves","no"
NA,"World",NA,NA,"Stimulant, spice and aromatic crops","Gross Production Value (constant 2014-2016 thousand US$)","1000 USD",1994,180091,"Maté leaves","no"
NA,"World",NA,NA,"Stimulant, spice and aromatic crops","Gross Production Value (constant 2014-2016 thousand US$)","1000 USD",1995,194736,"Maté leaves","no"
NA,"World",NA,NA,"Stimulant, spice and aromatic crops","Gross Production Value (constant 2014-2016 thousand US$)","1000 USD",1996,192505,"Maté leaves","no"
NA,"World",NA,NA,"Stimulant, spice and aromatic crops","Gross Production Value (constant 2014-2016 thousand US$)","1000 USD",1997,217486,"Maté leaves","no"
NA,"World",NA,NA,"Stimulant, spice and aromatic crops","Gross Production Value (constant 2014-2016 thousand US$)","1000 USD",1998,244247,"Maté leaves","no"
NA,"World",NA,NA,"Stimulant, spice and aromatic crops","Gross Production Value (constant 2014-2016 thousand US$)","1000 USD",1999,265620,"Maté leaves","no"
NA,"World",NA,NA,"Stimulant, spice and aromatic crops","Gross Production Value (constant 2014-2016 thousand US$)","1000 USD",2000,263108,"Maté leaves","no"
NA,"World",NA,NA,"Stimulant, spice and aromatic crops","Gross Production Value (constant 2014-2016 thousand US$)","1000 USD",2001,301541,"Maté leaves","no"
NA,"World",NA,NA,"Stimulant, spice and aromatic crops","Gross Production Value (constant 2014-2016 thousand US$)","1000 USD",2002,288054,"Maté leaves","no"
NA,"World",NA,NA,"Stimulant, spice and aromatic crops","Gross Production Value (constant 2014-2016 thousand US$)","1000 USD",2003,267821,"Maté leaves","no"
NA,"World",NA,NA,"Stimulant, spice and aromatic crops","Gross Production Value (constant 2014-2016 thousand US$)","1000 USD",2004,227703,"Maté leaves","no"
NA,"World",NA,NA,"Stimulant, spice and aromatic crops","Gross Production Value (constant 2014-2016 thousand US$)","1000 USD",2005,238235,"Maté leaves","no"
NA,"World",NA,NA,"Stimulant, spice and aromatic crops","Gross Production Value (constant 2014-2016 thousand US$)","1000 USD",2006,250547,"Maté leaves","no"
NA,"World",NA,NA,"Stimulant, spice and aromatic crops","Gross Production Value (constant 2014-2016 thousand US$)","1000 USD",2007,256498,"Maté leaves","no"
NA,"World",NA,NA,"Stimulant, spice and aromatic crops","Gross Production Value (constant 2014-2016 thousand US$)","1000 USD",2008,227703,"Maté leaves","no"
NA,"World",NA,NA,"Stimulant, spice and aromatic crops","Gross Production Value (constant 2014-2016 thousand US$)","1000 USD",2009,225158,"Maté leaves","no"
NA,"World",NA,NA,"Stimulant, spice and aromatic crops","Gross Production Value (constant 2014-2016 thousand US$)","1000 USD",2010,236008,"Maté leaves","no"
NA,"World",NA,NA,"Stimulant, spice and aromatic crops","Gross Production Value (constant 2014-2016 thousand US$)","1000 USD",2011,236311,"Maté leaves","no"
NA,"World",NA,NA,"Stimulant, spice and aromatic crops","Gross Production Value (constant 2014-2016 thousand US$)","1000 USD",2012,242685,"Maté leaves","no"
NA,"World",NA,NA,"Stimulant, spice and aromatic crops","Gross Production Value (constant 2014-2016 thousand US$)","1000 USD",2013,249401,"Maté leaves","no"
NA,"World",NA,NA,"Stimulant, spice and aromatic crops","Gross Production Value (constant 2014-2016 thousand US$)","1000 USD",2014,280400,"Maté leaves","no"
NA,"World",NA,NA,"Stimulant, spice and aromatic crops","Gross Production Value (constant 2014-2016 thousand US$)","1000 USD",2015,293664,"Maté leaves","no"
NA,"World",NA,NA,"Stimulant, spice and aromatic crops","Gross Production Value (constant 2014-2016 thousand US$)","1000 USD",2016,540183,"Maté leaves","no"
NA,"World",NA,NA,"Stimulant, spice and aromatic crops","Gross Production Value (constant 2014-2016 thousand US$)","1000 USD",2017,484351,"Maté leaves","no"
NA,"World",NA,NA,"Stimulant, spice and aromatic crops","Gross Production Value (constant 2014-2016 thousand US$)","1000 USD",2018,520670,"Maté leaves","no"
NA,"World",NA,NA,"Stimulant, spice and aromatic crops","Gross Production Value (constant 2014-2016 thousand US$)","1000 USD",2019,539635,"Maté leaves","no"
NA,"World",NA,NA,"Stimulant, spice and aromatic crops","Gross Production Value (constant 2014-2016 thousand US$)","1000 USD",2020,532401,"Maté leaves","no"
NA,"World",NA,NA,"Stimulant, spice and aromatic crops","Gross Production Value (constant 2014-2016 thousand US$)","1000 USD",2021,540794,"Maté leaves","no"
NA,"World",NA,NA,"Stimulant, spice and aromatic crops","Gross Production Value (constant 2014-2016 thousand US$)","1000 USD",2022,627511,"Maté leaves","no"
NA,"World",NA,NA,"Stimulant, spice and aromatic crops","Gross Production Value (constant 2014-2016 thousand US$)","1000 USD",2023,663230,"Maté leaves","no"
NA,"World",NA,NA,"Meat and meat products","Gross Production Value (constant 2014-2016 thousand I$)","1000 Int$",1992,752021,"Meat of asses","no"
NA,"World",NA,NA,"Meat and meat products","Gross Production Value (constant 2014-2016 thousand I$)","1000 Int$",1993,744613,"Meat of asses","no"
NA,"World",NA,NA,"Meat and meat products","Gross Production Value (constant 2014-2016 thousand I$)","1000 Int$",1994,739726,"Meat of asses","no"
NA,"World",NA,NA,"Meat and meat products","Gross Production Value (constant 2014-2016 thousand I$)","1000 Int$",1995,741806,"Meat of asses","no"
NA,"World",NA,NA,"Meat and meat products","Gross Production Value (constant 2014-2016 thousand I$)","1000 Int$",1996,795223,"Meat of asses","no"
NA,"World",NA,NA,"Meat and meat products","Gross Production Value (constant 2014-2016 thousand I$)","1000 Int$",1997,706840,"Meat of asses","no"
NA,"World",NA,NA,"Meat and meat products","Gross Production Value (constant 2014-2016 thousand I$)","1000 Int$",1998,706780,"Meat of asses","no"
NA,"World",NA,NA,"Meat and meat products","Gross Production Value (constant 2014-2016 thousand I$)","1000 Int$",1999,732239,"Meat of asses","no"
NA,"World",NA,NA,"Meat and meat products","Gross Production Value (constant 2014-2016 thousand I$)","1000 Int$",2000,754094,"Meat of asses","no"
NA,"World",NA,NA,"Meat and meat products","Gross Production Value (constant 2014-2016 thousand I$)","1000 Int$",2001,763141,"Meat of asses","no"
NA,"World",NA,NA,"Meat and meat products","Gross Production Value (constant 2014-2016 thousand I$)","1000 Int$",2002,794328,"Meat of asses","no"
NA,"World",NA,NA,"Meat and meat products","Gross Production Value (constant 2014-2016 thousand I$)","1000 Int$",2003,813680,"Meat of asses","no"
NA,"World",NA,NA,"Meat and meat products","Gross Production Value (constant 2014-2016 thousand I$)","1000 Int$",2004,838680,"Meat of asses","no"
NA,"World",NA,NA,"Meat and meat products","Gross Production Value (constant 2014-2016 thousand I$)","1000 Int$",2005,841526,"Meat of asses","no"
NA,"World",NA,NA,"Meat and meat products","Gross Production Value (constant 2014-2016 thousand I$)","1000 Int$",2006,868036,"Meat of asses","no"
NA,"World",NA,NA,"Meat and meat products","Gross Production Value (constant 2014-2016 thousand I$)","1000 Int$",2007,844974,"Meat of asses","no"
NA,"World",NA,NA,"Meat and meat products","Gross Production Value (constant 2014-2016 thousand I$)","1000 Int$",2008,844505,"Meat of asses","no"
NA,"World",NA,NA,"Meat and meat products","Gross Production Value (constant 2014-2016 thousand I$)","1000 Int$",2009,893275,"Meat of asses","no"
NA,"World",NA,NA,"Meat and meat products","Gross Production Value (constant 2014-2016 thousand I$)","1000 Int$",2010,899919,"Meat of asses","no"
NA,"World",NA,NA,"Meat and meat products","Gross Production Value (constant 2014-2016 thousand I$)","1000 Int$",2011,936479,"Meat of asses","no"
NA,"World",NA,NA,"Meat and meat products","Gross Production Value (constant 2014-2016 thousand I$)","1000 Int$",2012,934053,"Meat of asses","no"
NA,"World",NA,NA,"Meat and meat products","Gross Production Value (constant 2014-2016 thousand I$)","1000 Int$",2013,926432,"Meat of asses","no"
NA,"World",NA,NA,"Meat and meat products","Gross Production Value (constant 2014-2016 thousand I$)","1000 Int$",2014,934361,"Meat of asses","no"
NA,"World",NA,NA,"Meat and meat products","Gross Production Value (constant 2014-2016 thousand I$)","1000 Int$",2015,939669,"Meat of asses","no"
NA,"World",NA,NA,"Meat and meat products","Gross Production Value (constant 2014-2016 thousand I$)","1000 Int$",2016,691414,"Meat of asses","no"
NA,"World",NA,NA,"Meat and meat products","Gross Production Value (constant 2014-2016 thousand I$)","1000 Int$",2017,502646,"Meat of asses","no"
NA,"World",NA,NA,"Meat and meat products","Gross Production Value (constant 2014-2016 thousand I$)","1000 Int$",2018,492637,"Meat of asses","no"
NA,"World",NA,NA,"Meat and meat products","Gross Production Value (constant 2014-2016 thousand I$)","1000 Int$",2019,540084,"Meat of asses","no"
NA,"World",NA,NA,"Meat and meat products","Gross Production Value (constant 2014-2016 thousand I$)","1000 Int$",2020,536854,"Meat of asses","no"
NA,"World",NA,NA,"Meat and meat products","Gross Production Value (constant 2014-2016 thousand I$)","1000 Int$",2021,437714,"Meat of asses","no"
NA,"World",NA,NA,"Meat and meat products","Gross Production Value (constant 2014-2016 thousand I$)","1000 Int$",2022,401960,"Meat of asses","no"
NA,"World",NA,NA,"Meat and meat products","Gross Production Value (constant 2014-2016 thousand I$)","1000 Int$",2023,357076,"Meat of asses","no"
NA,"World",NA,NA,"Meat and meat products","Gross Production Value (constant 2014-2016 thousand US$)","1000 USD",1992,2122172,"Meat of asses","no"
NA,"World",NA,NA,"Meat and meat products","Gross Production Value (constant 2014-2016 thousand US$)","1000 USD",1993,2096146,"Meat of asses","no"
NA,"World",NA,NA,"Meat and meat products","Gross Production Value (constant 2014-2016 thousand US$)","1000 USD",1994,2080432,"Meat of asses","no"
NA,"World",NA,NA,"Meat and meat products","Gross Production Value (constant 2014-2016 thousand US$)","1000 USD",1995,2086840,"Meat of asses","no"
NA,"World",NA,NA,"Meat and meat products","Gross Production Value (constant 2014-2016 thousand US$)","1000 USD",1996,2277426,"Meat of asses","no"
NA,"World",NA,NA,"Meat and meat products","Gross Production Value (constant 2014-2016 thousand US$)","1000 USD",1997,2003732,"Meat of asses","no"
NA,"World",NA,NA,"Meat and meat products","Gross Production Value (constant 2014-2016 thousand US$)","1000 USD",1998,1994150,"Meat of asses","no"
NA,"World",NA,NA,"Meat and meat products","Gross Production Value (constant 2014-2016 thousand US$)","1000 USD",1999,2062469,"Meat of asses","no"
NA,"World",NA,NA,"Meat and meat products","Gross Production Value (constant 2014-2016 thousand US$)","1000 USD",2000,2139524,"Meat of asses","no"
NA,"World",NA,NA,"Meat and meat products","Gross Production Value (constant 2014-2016 thousand US$)","1000 USD",2001,2154152,"Meat of asses","no"
NA,"World",NA,NA,"Meat and meat products","Gross Production Value (constant 2014-2016 thousand US$)","1000 USD",2002,2244300,"Meat of asses","no"
NA,"World",NA,NA,"Meat and meat products","Gross Production Value (constant 2014-2016 thousand US$)","1000 USD",2003,2256866,"Meat of asses","no"
NA,"World",NA,NA,"Meat and meat products","Gross Production Value (constant 2014-2016 thousand US$)","1000 USD",2004,2314004,"Meat of asses","no"
NA,"World",NA,NA,"Meat and meat products","Gross Production Value (constant 2014-2016 thousand US$)","1000 USD",2005,2310126,"Meat of asses","no"
NA,"World",NA,NA,"Meat and meat products","Gross Production Value (constant 2014-2016 thousand US$)","1000 USD",2006,2374961,"Meat of asses","no"
NA,"World",NA,NA,"Meat and meat products","Gross Production Value (constant 2014-2016 thousand US$)","1000 USD",2007,2301075,"Meat of asses","no"
NA,"World",NA,NA,"Meat and meat products","Gross Production Value (constant 2014-2016 thousand US$)","1000 USD",2008,2290343,"Meat of asses","no"
NA,"World",NA,NA,"Meat and meat products","Gross Production Value (constant 2014-2016 thousand US$)","1000 USD",2009,2427390,"Meat of asses","no"
NA,"World",NA,NA,"Meat and meat products","Gross Production Value (constant 2014-2016 thousand US$)","1000 USD",2010,2441576,"Meat of asses","no"
NA,"World",NA,NA,"Meat and meat products","Gross Production Value (constant 2014-2016 thousand US$)","1000 USD",2011,2553948,"Meat of asses","no"
NA,"World",NA,NA,"Meat and meat products","Gross Production Value (constant 2014-2016 thousand US$)","1000 USD",2012,2554734,"Meat of asses","no"
NA,"World",NA,NA,"Meat and meat products","Gross Production Value (constant 2014-2016 thousand US$)","1000 USD",2013,2530764,"Meat of asses","no"
NA,"World",NA,NA,"Meat and meat products","Gross Production Value (constant 2014-2016 thousand US$)","1000 USD",2014,2565398,"Meat of asses","no"
NA,"World",NA,NA,"Meat and meat products","Gross Production Value (constant 2014-2016 thousand US$)","1000 USD",2015,2578419,"Meat of asses","no"
NA,"World",NA,NA,"Meat and meat products","Gross Production Value (constant 2014-2016 thousand US$)","1000 USD",2016,1827364,"Meat of asses","no"
NA,"World",NA,NA,"Meat and meat products","Gross Production Value (constant 2014-2016 thousand US$)","1000 USD",2017,1255684,"Meat of asses","no"
NA,"World",NA,NA,"Meat and meat products","Gross Production Value (constant 2014-2016 thousand US$)","1000 USD",2018,1226767,"Meat of asses","no"
NA,"World",NA,NA,"Meat and meat products","Gross Production Value (constant 2014-2016 thousand US$)","1000 USD",2019,1348850,"Meat of asses","no"
NA,"World",NA,NA,"Meat and meat products","Gross Production Value (constant 2014-2016 thousand US$)","1000 USD",2020,1327333,"Meat of asses","no"
NA,"World",NA,NA,"Meat and meat products","Gross Production Value (constant 2014-2016 thousand US$)","1000 USD",2021,1021752,"Meat of asses","no"
NA,"World",NA,NA,"Meat and meat products","Gross Production Value (constant 2014-2016 thousand US$)","1000 USD",2022,904868,"Meat of asses","no"
NA,"World",NA,NA,"Meat and meat products","Gross Production Value (constant 2014-2016 thousand US$)","1000 USD",2023,765374,"Meat of asses","no"
NA,"World",NA,NA,"Meat and meat products","Gross Production Value (constant 2014-2016 thousand I$)","1000 Int$",1992,8283091,"Meat of buffalo","no"
NA,"World",NA,NA,"Meat and meat products","Gross Production Value (constant 2014-2016 thousand I$)","1000 Int$",1993,7810921,"Meat of buffalo","no"
NA,"World",NA,NA,"Meat and meat products","Gross Production Value (constant 2014-2016 thousand I$)","1000 Int$",1994,8198636,"Meat of buffalo","no"
NA,"World",NA,NA,"Meat and meat products","Gross Production Value (constant 2014-2016 thousand I$)","1000 Int$",1995,8491945,"Meat of buffalo","no"
NA,"World",NA,NA,"Meat and meat products","Gross Production Value (constant 2014-2016 thousand I$)","1000 Int$",1996,7980759,"Meat of buffalo","no"
NA,"World",NA,NA,"Meat and meat products","Gross Production Value (constant 2014-2016 thousand I$)","1000 Int$",1997,8464328,"Meat of buffalo","no"
NA,"World",NA,NA,"Meat and meat products","Gross Production Value (constant 2014-2016 thousand I$)","1000 Int$",1998,8606258,"Meat of buffalo","no"
NA,"World",NA,NA,"Meat and meat products","Gross Production Value (constant 2014-2016 thousand I$)","1000 Int$",1999,9253898,"Meat of buffalo","no"
NA,"World",NA,NA,"Meat and meat products","Gross Production Value (constant 2014-2016 thousand I$)","1000 Int$",2000,9393682,"Meat of buffalo","no"
NA,"World",NA,NA,"Meat and meat products","Gross Production Value (constant 2014-2016 thousand I$)","1000 Int$",2001,9350091,"Meat of buffalo","no"
NA,"World",NA,NA,"Meat and meat products","Gross Production Value (constant 2014-2016 thousand I$)","1000 Int$",2002,9670076,"Meat of buffalo","no"
NA,"World",NA,NA,"Meat and meat products","Gross Production Value (constant 2014-2016 thousand I$)","1000 Int$",2003,9836942,"Meat of buffalo","no"
NA,"World",NA,NA,"Meat and meat products","Gross Production Value (constant 2014-2016 thousand I$)","1000 Int$",2004,10080553,"Meat of buffalo","no"
NA,"World",NA,NA,"Meat and meat products","Gross Production Value (constant 2014-2016 thousand I$)","1000 Int$",2005,10354533,"Meat of buffalo","no"
NA,"World",NA,NA,"Meat and meat products","Gross Production Value (constant 2014-2016 thousand I$)","1000 Int$",2006,11034473,"Meat of buffalo","no"
NA,"World",NA,NA,"Meat and meat products","Gross Production Value (constant 2014-2016 thousand I$)","1000 Int$",2007,11484950,"Meat of buffalo","no"
NA,"World",NA,NA,"Meat and meat products","Gross Production Value (constant 2014-2016 thousand I$)","1000 Int$",2008,11598022,"Meat of buffalo","no"
NA,"World",NA,NA,"Meat and meat products","Gross Production Value (constant 2014-2016 thousand I$)","1000 Int$",2009,11822037,"Meat of buffalo","no"
NA,"World",NA,NA,"Meat and meat products","Gross Production Value (constant 2014-2016 thousand I$)","1000 Int$",2010,17634593,"Meat of buffalo","no"
NA,"World",NA,NA,"Meat and meat products","Gross Production Value (constant 2014-2016 thousand I$)","1000 Int$",2011,18280910,"Meat of buffalo","no"
NA,"World",NA,NA,"Meat and meat products","Gross Production Value (constant 2014-2016 thousand I$)","1000 Int$",2012,18973137,"Meat of buffalo","no"
NA,"World",NA,NA,"Meat and meat products","Gross Production Value (constant 2014-2016 thousand I$)","1000 Int$",2013,19929228,"Meat of buffalo","no"
NA,"World",NA,NA,"Meat and meat products","Gross Production Value (constant 2014-2016 thousand I$)","1000 Int$",2014,20584673,"Meat of buffalo","no"
NA,"World",NA,NA,"Meat and meat products","Gross Production Value (constant 2014-2016 thousand I$)","1000 Int$",2015,21050449,"Meat of buffalo","no"
NA,"World",NA,NA,"Meat and meat products","Gross Production Value (constant 2014-2016 thousand I$)","1000 Int$",2016,21261088,"Meat of buffalo","no"
NA,"World",NA,NA,"Meat and meat products","Gross Production Value (constant 2014-2016 thousand I$)","1000 Int$",2017,21625632,"Meat of buffalo","no"
NA,"World",NA,NA,"Meat and meat products","Gross Production Value (constant 2014-2016 thousand I$)","1000 Int$",2018,21699330,"Meat of buffalo","no"
NA,"World",NA,NA,"Meat and meat products","Gross Production Value (constant 2014-2016 thousand I$)","1000 Int$",2019,21471005,"Meat of buffalo","no"
NA,"World",NA,NA,"Meat and meat products","Gross Production Value (constant 2014-2016 thousand I$)","1000 Int$",2020,19805715,"Meat of buffalo","no"
NA,"World",NA,NA,"Meat and meat products","Gross Production Value (constant 2014-2016 thousand I$)","1000 Int$",2021,21507107,"Meat of buffalo","no"
NA,"World",NA,NA,"Meat and meat products","Gross Production Value (constant 2014-2016 thousand I$)","1000 Int$",2022,22311577,"Meat of buffalo","no"
NA,"World",NA,NA,"Meat and meat products","Gross Production Value (constant 2014-2016 thousand I$)","1000 Int$",2023,22650327,"Meat of buffalo","no"
NA,"World",NA,NA,"Meat and meat products","Gross Production Value (constant 2014-2016 thousand US$)","1000 USD",1992,12425105,"Meat of buffalo","no"
NA,"World",NA,NA,"Meat and meat products","Gross Production Value (constant 2014-2016 thousand US$)","1000 USD",1993,12857465,"Meat of buffalo","no"
NA,"World",NA,NA,"Meat and meat products","Gross Production Value (constant 2014-2016 thousand US$)","1000 USD",1994,13885671,"Meat of buffalo","no"
NA,"World",NA,NA,"Meat and meat products","Gross Production Value (constant 2014-2016 thousand US$)","1000 USD",1995,14596186,"Meat of buffalo","no"
NA,"World",NA,NA,"Meat and meat products","Gross Production Value (constant 2014-2016 thousand US$)","1000 USD",1996,13159988,"Meat of buffalo","no"
NA,"World",NA,NA,"Meat and meat products","Gross Production Value (constant 2014-2016 thousand US$)","1000 USD",1997,14375329,"Meat of buffalo","no"
NA,"World",NA,NA,"Meat and meat products","Gross Production Value (constant 2014-2016 thousand US$)","1000 USD",1998,14766041,"Meat of buffalo","no"
NA,"World",NA,NA,"Meat and meat products","Gross Production Value (constant 2014-2016 thousand US$)","1000 USD",1999,16402176,"Meat of buffalo","no"
NA,"World",NA,NA,"Meat and meat products","Gross Production Value (constant 2014-2016 thousand US$)","1000 USD",2000,16682039,"Meat of buffalo","no"
NA,"World",NA,NA,"Meat and meat products","Gross Production Value (constant 2014-2016 thousand US$)","1000 USD",2001,16542074,"Meat of buffalo","no"
NA,"World",NA,NA,"Meat and meat products","Gross Production Value (constant 2014-2016 thousand US$)","1000 USD",2002,17460404,"Meat of buffalo","no"
NA,"World",NA,NA,"Meat and meat products","Gross Production Value (constant 2014-2016 thousand US$)","1000 USD",2003,17835394,"Meat of buffalo","no"
NA,"World",NA,NA,"Meat and meat products","Gross Production Value (constant 2014-2016 thousand US$)","1000 USD",2004,18404689,"Meat of buffalo","no"
NA,"World",NA,NA,"Meat and meat products","Gross Production Value (constant 2014-2016 thousand US$)","1000 USD",2005,19001377,"Meat of buffalo","no"
NA,"World",NA,NA,"Meat and meat products","Gross Production Value (constant 2014-2016 thousand US$)","1000 USD",2006,20737315,"Meat of buffalo","no"
NA,"World",NA,NA,"Meat and meat products","Gross Production Value (constant 2014-2016 thousand US$)","1000 USD",2007,21628951,"Meat of buffalo","no"
NA,"World",NA,NA,"Meat and meat products","Gross Production Value (constant 2014-2016 thousand US$)","1000 USD",2008,21739631,"Meat of buffalo","no"
NA,"World",NA,NA,"Meat and meat products","Gross Production Value (constant 2014-2016 thousand US$)","1000 USD",2009,22249285,"Meat of buffalo","no"
NA,"World",NA,NA,"Meat and meat products","Gross Production Value (constant 2014-2016 thousand US$)","1000 USD",2010,24317933,"Meat of buffalo","no"
NA,"World",NA,NA,"Meat and meat products","Gross Production Value (constant 2014-2016 thousand US$)","1000 USD",2011,24584356,"Meat of buffalo","no"
NA,"World",NA,NA,"Meat and meat products","Gross Production Value (constant 2014-2016 thousand US$)","1000 USD",2012,25004602,"Meat of buffalo","no"
NA,"World",NA,NA,"Meat and meat products","Gross Production Value (constant 2014-2016 thousand US$)","1000 USD",2013,25274295,"Meat of buffalo","no"
NA,"World",NA,NA,"Meat and meat products","Gross Production Value (constant 2014-2016 thousand US$)","1000 USD",2014,25554648,"Meat of buffalo","no"
NA,"World",NA,NA,"Meat and meat products","Gross Production Value (constant 2014-2016 thousand US$)","1000 USD",2015,26318481,"Meat of buffalo","no"
NA,"World",NA,NA,"Meat and meat products","Gross Production Value (constant 2014-2016 thousand US$)","1000 USD",2016,26139389,"Meat of buffalo","no"
NA,"World",NA,NA,"Meat and meat products","Gross Production Value (constant 2014-2016 thousand US$)","1000 USD",2017,26499803,"Meat of buffalo","no"
NA,"World",NA,NA,"Meat and meat products","Gross Production Value (constant 2014-2016 thousand US$)","1000 USD",2018,26747609,"Meat of buffalo","no"
NA,"World",NA,NA,"Meat and meat products","Gross Production Value (constant 2014-2016 thousand US$)","1000 USD",2019,25407902,"Meat of buffalo","no"
NA,"World",NA,NA,"Meat and meat products","Gross Production Value (constant 2014-2016 thousand US$)","1000 USD",2020,24628968,"Meat of buffalo","no"
NA,"World",NA,NA,"Meat and meat products","Gross Production Value (constant 2014-2016 thousand US$)","1000 USD",2021,25962486,"Meat of buffalo","no"
NA,"World",NA,NA,"Meat and meat products","Gross Production Value (constant 2014-2016 thousand US$)","1000 USD",2022,26953551,"Meat of buffalo","no"
NA,"World",NA,NA,"Meat and meat products","Gross Production Value (constant 2014-2016 thousand US$)","1000 USD",2023,27079362,"Meat of buffalo","no"
NA,"World",NA,NA,"Meat and meat products","Gross Production Value (constant 2014-2016 thousand I$)","1000 Int$",1992,890665,"Meat of camels","no"
NA,"World",NA,NA,"Meat and meat products","Gross Production Value (constant 2014-2016 thousand I$)","1000 Int$",1993,917714,"Meat of camels","no"
NA,"World",NA,NA,"Meat and meat products","Gross Production Value (constant 2014-2016 thousand I$)","1000 Int$",1994,965902,"Meat of camels","no"
NA,"World",NA,NA,"Meat and meat products","Gross Production Value (constant 2014-2016 thousand I$)","1000 Int$",1995,1005375,"Meat of camels","no"
NA,"World",NA,NA,"Meat and meat products","Gross Production Value (constant 2014-2016 thousand I$)","1000 Int$",1996,1094385,"Meat of camels","no"
NA,"World",NA,NA,"Meat and meat products","Gross Production Value (constant 2014-2016 thousand I$)","1000 Int$",1997,1071882,"Meat of camels","no"
NA,"World",NA,NA,"Meat and meat products","Gross Production Value (constant 2014-2016 thousand I$)","1000 Int$",1998,1098165,"Meat of camels","no"
NA,"World",NA,NA,"Meat and meat products","Gross Production Value (constant 2014-2016 thousand I$)","1000 Int$",1999,1123374,"Meat of camels","no"
NA,"World",NA,NA,"Meat and meat products","Gross Production Value (constant 2014-2016 thousand I$)","1000 Int$",2000,1145699,"Meat of camels","no"
NA,"World",NA,NA,"Meat and meat products","Gross Production Value (constant 2014-2016 thousand I$)","1000 Int$",2001,1154005,"Meat of camels","no"
NA,"World",NA,NA,"Meat and meat products","Gross Production Value (constant 2014-2016 thousand I$)","1000 Int$",2002,1149776,"Meat of camels","no"
NA,"World",NA,NA,"Meat and meat products","Gross Production Value (constant 2014-2016 thousand I$)","1000 Int$",2003,1239433,"Meat of camels","no"
NA,"World",NA,NA,"Meat and meat products","Gross Production Value (constant 2014-2016 thousand I$)","1000 Int$",2004,1272862,"Meat of camels","no"
NA,"World",NA,NA,"Meat and meat products","Gross Production Value (constant 2014-2016 thousand I$)","1000 Int$",2005,1017931,"Meat of camels","no"
NA,"World",NA,NA,"Meat and meat products","Gross Production Value (constant 2014-2016 thousand I$)","1000 Int$",2006,1259202,"Meat of camels","no"
NA,"World",NA,NA,"Meat and meat products","Gross Production Value (constant 2014-2016 thousand I$)","1000 Int$",2007,1480268,"Meat of camels","no"
NA,"World",NA,NA,"Meat and meat products","Gross Production Value (constant 2014-2016 thousand I$)","1000 Int$",2008,1627713,"Meat of camels","no"
NA,"World",NA,NA,"Meat and meat products","Gross Production Value (constant 2014-2016 thousand I$)","1000 Int$",2009,1572672,"Meat of camels","no"
NA,"World",NA,NA,"Meat and meat products","Gross Production Value (constant 2014-2016 thousand I$)","1000 Int$",2010,1691428,"Meat of camels","no"
NA,"World",NA,NA,"Meat and meat products","Gross Production Value (constant 2014-2016 thousand I$)","1000 Int$",2011,1671967,"Meat of camels","no"
NA,"World",NA,NA,"Meat and meat products","Gross Production Value (constant 2014-2016 thousand I$)","1000 Int$",2012,1698871,"Meat of camels","no"
NA,"World",NA,NA,"Meat and meat products","Gross Production Value (constant 2014-2016 thousand I$)","1000 Int$",2013,1779489,"Meat of camels","no"
NA,"World",NA,NA,"Meat and meat products","Gross Production Value (constant 2014-2016 thousand I$)","1000 Int$",2014,1842092,"Meat of camels","no"
NA,"World",NA,NA,"Meat and meat products","Gross Production Value (constant 2014-2016 thousand I$)","1000 Int$",2015,1857177,"Meat of camels","no"
NA,"World",NA,NA,"Meat and meat products","Gross Production Value (constant 2014-2016 thousand I$)","1000 Int$",2016,1919469,"Meat of camels","no"
NA,"World",NA,NA,"Meat and meat products","Gross Production Value (constant 2014-2016 thousand I$)","1000 Int$",2017,1973161,"Meat of camels","no"
NA,"World",NA,NA,"Meat and meat products","Gross Production Value (constant 2014-2016 thousand I$)","1000 Int$",2018,1908526,"Meat of camels","no"
NA,"World",NA,NA,"Meat and meat products","Gross Production Value (constant 2014-2016 thousand I$)","1000 Int$",2019,2104641,"Meat of camels","no"
NA,"World",NA,NA,"Meat and meat products","Gross Production Value (constant 2014-2016 thousand I$)","1000 Int$",2020,2114219,"Meat of camels","no"
NA,"World",NA,NA,"Meat and meat products","Gross Production Value (constant 2014-2016 thousand I$)","1000 Int$",2021,1948945,"Meat of camels","no"
NA,"World",NA,NA,"Meat and meat products","Gross Production Value (constant 2014-2016 thousand I$)","1000 Int$",2022,2005672,"Meat of camels","no"
NA,"World",NA,NA,"Meat and meat products","Gross Production Value (constant 2014-2016 thousand I$)","1000 Int$",2023,2155035,"Meat of camels","no"
NA,"World",NA,NA,"Meat and meat products","Gross Production Value (constant 2014-2016 thousand US$)","1000 USD",1992,1664281,"Meat of camels","no"
NA,"World",NA,NA,"Meat and meat products","Gross Production Value (constant 2014-2016 thousand US$)","1000 USD",1993,1711357,"Meat of camels","no"
NA,"World",NA,NA,"Meat and meat products","Gross Production Value (constant 2014-2016 thousand US$)","1000 USD",1994,1834281,"Meat of camels","no"
NA,"World",NA,NA,"Meat and meat products","Gross Production Value (constant 2014-2016 thousand US$)","1000 USD",1995,1750626,"Meat of camels","no"
NA,"World",NA,NA,"Meat and meat products","Gross Production Value (constant 2014-2016 thousand US$)","1000 USD",1996,2021870,"Meat of camels","no"
NA,"World",NA,NA,"Meat and meat products","Gross Production Value (constant 2014-2016 thousand US$)","1000 USD",1997,1890813,"Meat of camels","no"
NA,"World",NA,NA,"Meat and meat products","Gross Production Value (constant 2014-2016 thousand US$)","1000 USD",1998,1871238,"Meat of camels","no"
NA,"World",NA,NA,"Meat and meat products","Gross Production Value (constant 2014-2016 thousand US$)","1000 USD",1999,1830732,"Meat of camels","no"
NA,"World",NA,NA,"Meat and meat products","Gross Production Value (constant 2014-2016 thousand US$)","1000 USD",2000,1805815,"Meat of camels","no"
NA,"World",NA,NA,"Meat and meat products","Gross Production Value (constant 2014-2016 thousand US$)","1000 USD",2001,1827629,"Meat of camels","no"
NA,"World",NA,NA,"Meat and meat products","Gross Production Value (constant 2014-2016 thousand US$)","1000 USD",2002,1812882,"Meat of camels","no"
NA,"World",NA,NA,"Meat and meat products","Gross Production Value (constant 2014-2016 thousand US$)","1000 USD",2003,1899384,"Meat of camels","no"
NA,"World",NA,NA,"Meat and meat products","Gross Production Value (constant 2014-2016 thousand US$)","1000 USD",2004,1878070,"Meat of camels","no"
NA,"World",NA,NA,"Meat and meat products","Gross Production Value (constant 2014-2016 thousand US$)","1000 USD",2005,1424916,"Meat of camels","no"
NA,"World",NA,NA,"Meat and meat products","Gross Production Value (constant 2014-2016 thousand US$)","1000 USD",2006,1644681,"Meat of camels","no"
NA,"World",NA,NA,"Meat and meat products","Gross Production Value (constant 2014-2016 thousand US$)","1000 USD",2007,2082300,"Meat of camels","no"
NA,"World",NA,NA,"Meat and meat products","Gross Production Value (constant 2014-2016 thousand US$)","1000 USD",2008,2247486,"Meat of camels","no"
NA,"World",NA,NA,"Meat and meat products","Gross Production Value (constant 2014-2016 thousand US$)","1000 USD",2009,2074107,"Meat of camels","no"
NA,"World",NA,NA,"Meat and meat products","Gross Production Value (constant 2014-2016 thousand US$)","1000 USD",2010,2227528,"Meat of camels","no"
NA,"World",NA,NA,"Meat and meat products","Gross Production Value (constant 2014-2016 thousand US$)","1000 USD",2011,2102633,"Meat of camels","no"
NA,"World",NA,NA,"Meat and meat products","Gross Production Value (constant 2014-2016 thousand US$)","1000 USD",2012,2114702,"Meat of camels","no"
NA,"World",NA,NA,"Meat and meat products","Gross Production Value (constant 2014-2016 thousand US$)","1000 USD",2013,2239380,"Meat of camels","no"
NA,"World",NA,NA,"Meat and meat products","Gross Production Value (constant 2014-2016 thousand US$)","1000 USD",2014,2421361,"Meat of camels","no"
NA,"World",NA,NA,"Meat and meat products","Gross Production Value (constant 2014-2016 thousand US$)","1000 USD",2015,2527319,"Meat of camels","no"
NA,"World",NA,NA,"Meat and meat products","Gross Production Value (constant 2014-2016 thousand US$)","1000 USD",2016,2694820,"Meat of camels","no"
NA,"World",NA,NA,"Meat and meat products","Gross Production Value (constant 2014-2016 thousand US$)","1000 USD",2017,2856046,"Meat of camels","no"
NA,"World",NA,NA,"Meat and meat products","Gross Production Value (constant 2014-2016 thousand US$)","1000 USD",2018,2746998,"Meat of camels","no"
NA,"World",NA,NA,"Meat and meat products","Gross Production Value (constant 2014-2016 thousand US$)","1000 USD",2019,3028442,"Meat of camels","no"
NA,"World",NA,NA,"Meat and meat products","Gross Production Value (constant 2014-2016 thousand US$)","1000 USD",2020,3082970,"Meat of camels","no"
NA,"World",NA,NA,"Meat and meat products","Gross Production Value (constant 2014-2016 thousand US$)","1000 USD",2021,2801823,"Meat of camels","no"
NA,"World",NA,NA,"Meat and meat products","Gross Production Value (constant 2014-2016 thousand US$)","1000 USD",2022,2964616,"Meat of camels","no"
NA,"World",NA,NA,"Meat and meat products","Gross Production Value (constant 2014-2016 thousand US$)","1000 USD",2023,3331254,"Meat of camels","no"
NA,"World",NA,NA,"Meat and meat products","Gross Production Value (constant 2014-2016 thousand I$)","1000 Int$",1992,200252473,"Meat of cattle with the bone","no"
NA,"World",NA,NA,"Meat and meat products","Gross Production Value (constant 2014-2016 thousand I$)","1000 Int$",1993,200119405,"Meat of cattle with the bone","no"
NA,"World",NA,NA,"Meat and meat products","Gross Production Value (constant 2014-2016 thousand I$)","1000 Int$",1994,211035141,"Meat of cattle with the bone","no"
NA,"World",NA,NA,"Meat and meat products","Gross Production Value (constant 2014-2016 thousand I$)","1000 Int$",1995,212920713,"Meat of cattle with the bone","no"
NA,"World",NA,NA,"Meat and meat products","Gross Production Value (constant 2014-2016 thousand I$)","1000 Int$",1996,219456209,"Meat of cattle with the bone","no"
NA,"World",NA,NA,"Meat and meat products","Gross Production Value (constant 2014-2016 thousand I$)","1000 Int$",1997,223641585,"Meat of cattle with the bone","no"
NA,"World",NA,NA,"Meat and meat products","Gross Production Value (constant 2014-2016 thousand I$)","1000 Int$",1998,222447046,"Meat of cattle with the bone","no"
NA,"World",NA,NA,"Meat and meat products","Gross Production Value (constant 2014-2016 thousand I$)","1000 Int$",1999,228438481,"Meat of cattle with the bone","no"
NA,"World",NA,NA,"Meat and meat products","Gross Production Value (constant 2014-2016 thousand I$)","1000 Int$",2000,229908316,"Meat of cattle with the bone","no"
NA,"World",NA,NA,"Meat and meat products","Gross Production Value (constant 2014-2016 thousand I$)","1000 Int$",2001,229016080,"Meat of cattle with the bone","no"
NA,"World",NA,NA,"Meat and meat products","Gross Production Value (constant 2014-2016 thousand I$)","1000 Int$",2002,232332160,"Meat of cattle with the bone","no"
NA,"World",NA,NA,"Meat and meat products","Gross Production Value (constant 2014-2016 thousand I$)","1000 Int$",2003,236480891,"Meat of cattle with the bone","no"
NA,"World",NA,NA,"Meat and meat products","Gross Production Value (constant 2014-2016 thousand I$)","1000 Int$",2004,242736409,"Meat of cattle with the bone","no"
NA,"World",NA,NA,"Meat and meat products","Gross Production Value (constant 2014-2016 thousand I$)","1000 Int$",2005,244083195,"Meat of cattle with the bone","no"
NA,"World",NA,NA,"Meat and meat products","Gross Production Value (constant 2014-2016 thousand I$)","1000 Int$",2006,248125651,"Meat of cattle with the bone","no"
NA,"World",NA,NA,"Meat and meat products","Gross Production Value (constant 2014-2016 thousand I$)","1000 Int$",2007,255317619,"Meat of cattle with the bone","no"
NA,"World",NA,NA,"Meat and meat products","Gross Production Value (constant 2014-2016 thousand I$)","1000 Int$",2008,254250469,"Meat of cattle with the bone","no"
NA,"World",NA,NA,"Meat and meat products","Gross Production Value (constant 2014-2016 thousand I$)","1000 Int$",2009,255067264,"Meat of cattle with the bone","no"
NA,"World",NA,NA,"Meat and meat products","Gross Production Value (constant 2014-2016 thousand I$)","1000 Int$",2010,256615372,"Meat of cattle with the bone","no"
NA,"World",NA,NA,"Meat and meat products","Gross Production Value (constant 2014-2016 thousand I$)","1000 Int$",2011,255644562,"Meat of cattle with the bone","no"
NA,"World",NA,NA,"Meat and meat products","Gross Production Value (constant 2014-2016 thousand I$)","1000 Int$",2012,257259391,"Meat of cattle with the bone","no"
NA,"World",NA,NA,"Meat and meat products","Gross Production Value (constant 2014-2016 thousand I$)","1000 Int$",2013,263700542,"Meat of cattle with the bone","no"
NA,"World",NA,NA,"Meat and meat products","Gross Production Value (constant 2014-2016 thousand I$)","1000 Int$",2014,262827261,"Meat of cattle with the bone","no"
NA,"World",NA,NA,"Meat and meat products","Gross Production Value (constant 2014-2016 thousand I$)","1000 Int$",2015,260448824,"Meat of cattle with the bone","no"
NA,"World",NA,NA,"Meat and meat products","Gross Production Value (constant 2014-2016 thousand I$)","1000 Int$",2016,261306357,"Meat of cattle with the bone","no"
NA,"World",NA,NA,"Meat and meat products","Gross Production Value (constant 2014-2016 thousand I$)","1000 Int$",2017,265575867,"Meat of cattle with the bone","no"
NA,"World",NA,NA,"Meat and meat products","Gross Production Value (constant 2014-2016 thousand I$)","1000 Int$",2018,272373814,"Meat of cattle with the bone","no"
NA,"World",NA,NA,"Meat and meat products","Gross Production Value (constant 2014-2016 thousand I$)","1000 Int$",2019,276962968,"Meat of cattle with the bone","no"
NA,"World",NA,NA,"Meat and meat products","Gross Production Value (constant 2014-2016 thousand I$)","1000 Int$",2020,277531752,"Meat of cattle with the bone","no"
NA,"World",NA,NA,"Meat and meat products","Gross Production Value (constant 2014-2016 thousand I$)","1000 Int$",2021,280488294,"Meat of cattle with the bone","no"
NA,"World",NA,NA,"Meat and meat products","Gross Production Value (constant 2014-2016 thousand I$)","1000 Int$",2022,285093093,"Meat of cattle with the bone","no"
NA,"World",NA,NA,"Meat and meat products","Gross Production Value (constant 2014-2016 thousand I$)","1000 Int$",2023,288286328,"Meat of cattle with the bone","no"
NA,"World",NA,NA,"Meat and meat products","Gross Production Value (constant 2014-2016 thousand US$)","1000 USD",1992,410246425,"Meat of cattle with the bone","no"
NA,"World",NA,NA,"Meat and meat products","Gross Production Value (constant 2014-2016 thousand US$)","1000 USD",1993,417020053,"Meat of cattle with the bone","no"
NA,"World",NA,NA,"Meat and meat products","Gross Production Value (constant 2014-2016 thousand US$)","1000 USD",1994,430253762,"Meat of cattle with the bone","no"
NA,"World",NA,NA,"Meat and meat products","Gross Production Value (constant 2014-2016 thousand US$)","1000 USD",1995,437545699,"Meat of cattle with the bone","no"
NA,"World",NA,NA,"Meat and meat products","Gross Production Value (constant 2014-2016 thousand US$)","1000 USD",1996,448387401,"Meat of cattle with the bone","no"
NA,"World",NA,NA,"Meat and meat products","Gross Production Value (constant 2014-2016 thousand US$)","1000 USD",1997,461723574,"Meat of cattle with the bone","no"
NA,"World",NA,NA,"Meat and meat products","Gross Production Value (constant 2014-2016 thousand US$)","1000 USD",1998,462130516,"Meat of cattle with the bone","no"
NA,"World",NA,NA,"Meat and meat products","Gross Production Value (constant 2014-2016 thousand US$)","1000 USD",1999,474564416,"Meat of cattle with the bone","no"
NA,"World",NA,NA,"Meat and meat products","Gross Production Value (constant 2014-2016 thousand US$)","1000 USD",2000,479924999,"Meat of cattle with the bone","no"
NA,"World",NA,NA,"Meat and meat products","Gross Production Value (constant 2014-2016 thousand US$)","1000 USD",2001,473947007,"Meat of cattle with the bone","no"
NA,"World",NA,NA,"Meat and meat products","Gross Production Value (constant 2014-2016 thousand US$)","1000 USD",2002,483196305,"Meat of cattle with the bone","no"
NA,"World",NA,NA,"Meat and meat products","Gross Production Value (constant 2014-2016 thousand US$)","1000 USD",2003,490218911,"Meat of cattle with the bone","no"
NA,"World",NA,NA,"Meat and meat products","Gross Production Value (constant 2014-2016 thousand US$)","1000 USD",2004,503336929,"Meat of cattle with the bone","no"
NA,"World",NA,NA,"Meat and meat products","Gross Production Value (constant 2014-2016 thousand US$)","1000 USD",2005,498893345,"Meat of cattle with the bone","no"
NA,"World",NA,NA,"Meat and meat products","Gross Production Value (constant 2014-2016 thousand US$)","1000 USD",2006,506641060,"Meat of cattle with the bone","no"
NA,"World",NA,NA,"Meat and meat products","Gross Production Value (constant 2014-2016 thousand US$)","1000 USD",2007,524037672,"Meat of cattle with the bone","no"
NA,"World",NA,NA,"Meat and meat products","Gross Production Value (constant 2014-2016 thousand US$)","1000 USD",2008,526575679,"Meat of cattle with the bone","no"
NA,"World",NA,NA,"Meat and meat products","Gross Production Value (constant 2014-2016 thousand US$)","1000 USD",2009,530448280,"Meat of cattle with the bone","no"
NA,"World",NA,NA,"Meat and meat products","Gross Production Value (constant 2014-2016 thousand US$)","1000 USD",2010,524121843,"Meat of cattle with the bone","no"
NA,"World",NA,NA,"Meat and meat products","Gross Production Value (constant 2014-2016 thousand US$)","1000 USD",2011,520502142,"Meat of cattle with the bone","no"
NA,"World",NA,NA,"Meat and meat products","Gross Production Value (constant 2014-2016 thousand US$)","1000 USD",2012,522214450,"Meat of cattle with the bone","no"
NA,"World",NA,NA,"Meat and meat products","Gross Production Value (constant 2014-2016 thousand US$)","1000 USD",2013,528127780,"Meat of cattle with the bone","no"
NA,"World",NA,NA,"Meat and meat products","Gross Production Value (constant 2014-2016 thousand US$)","1000 USD",2014,527729577,"Meat of cattle with the bone","no"
NA,"World",NA,NA,"Meat and meat products","Gross Production Value (constant 2014-2016 thousand US$)","1000 USD",2015,521147088,"Meat of cattle with the bone","no"
NA,"World",NA,NA,"Meat and meat products","Gross Production Value (constant 2014-2016 thousand US$)","1000 USD",2016,525115240,"Meat of cattle with the bone","no"
NA,"World",NA,NA,"Meat and meat products","Gross Production Value (constant 2014-2016 thousand US$)","1000 USD",2017,535745512,"Meat of cattle with the bone","no"
NA,"World",NA,NA,"Meat and meat products","Gross Production Value (constant 2014-2016 thousand US$)","1000 USD",2018,550262408,"Meat of cattle with the bone","no"
NA,"World",NA,NA,"Meat and meat products","Gross Production Value (constant 2014-2016 thousand US$)","1000 USD",2019,559363459,"Meat of cattle with the bone","no"
NA,"World",NA,NA,"Meat and meat products","Gross Production Value (constant 2014-2016 thousand US$)","1000 USD",2020,561677016,"Meat of cattle with the bone","no"
NA,"World",NA,NA,"Meat and meat products","Gross Production Value (constant 2014-2016 thousand US$)","1000 USD",2021,571324376,"Meat of cattle with the bone","no"
NA,"World",NA,NA,"Meat and meat products","Gross Production Value (constant 2014-2016 thousand US$)","1000 USD",2022,581925012,"Meat of cattle with the bone","no"
NA,"World",NA,NA,"Meat and meat products","Gross Production Value (constant 2014-2016 thousand US$)","1000 USD",2023,584426957,"Meat of cattle with the bone","no"
NA,"World",NA,NA,"Meat and meat products","Gross Production Value (constant 2014-2016 thousand I$)","1000 Int$",1992,73159104,"Meat of chickens","no"
NA,"World",NA,NA,"Meat and meat products","Gross Production Value (constant 2014-2016 thousand I$)","1000 Int$",1993,78932945,"Meat of chickens","no"
NA,"World",NA,NA,"Meat and meat products","Gross Production Value (constant 2014-2016 thousand I$)","1000 Int$",1994,84968831,"Meat of chickens","no"
NA,"World",NA,NA,"Meat and meat products","Gross Production Value (constant 2014-2016 thousand I$)","1000 Int$",1995,90266471,"Meat of chickens","no"
NA,"World",NA,NA,"Meat and meat products","Gross Production Value (constant 2014-2016 thousand I$)","1000 Int$",1996,93333973,"Meat of chickens","no"
NA,"World",NA,NA,"Meat and meat products","Gross Production Value (constant 2014-2016 thousand I$)","1000 Int$",1997,99200762,"Meat of chickens","no"
NA,"World",NA,NA,"Meat and meat products","Gross Production Value (constant 2014-2016 thousand I$)","1000 Int$",1998,103598393,"Meat of chickens","no"
NA,"World",NA,NA,"Meat and meat products","Gross Production Value (constant 2014-2016 thousand I$)","1000 Int$",1999,108191645,"Meat of chickens","no"
NA,"World",NA,NA,"Meat and meat products","Gross Production Value (constant 2014-2016 thousand I$)","1000 Int$",2000,111625279,"Meat of chickens","no"
NA,"World",NA,NA,"Meat and meat products","Gross Production Value (constant 2014-2016 thousand I$)","1000 Int$",2001,116135679,"Meat of chickens","no"
NA,"World",NA,NA,"Meat and meat products","Gross Production Value (constant 2014-2016 thousand I$)","1000 Int$",2002,122189935,"Meat of chickens","no"
NA,"World",NA,NA,"Meat and meat products","Gross Production Value (constant 2014-2016 thousand I$)","1000 Int$",2003,125488433,"Meat of chickens","no"
NA,"World",NA,NA,"Meat and meat products","Gross Production Value (constant 2014-2016 thousand I$)","1000 Int$",2004,130040912,"Meat of chickens","no"
NA,"World",NA,NA,"Meat and meat products","Gross Production Value (constant 2014-2016 thousand I$)","1000 Int$",2005,134622929,"Meat of chickens","no"
NA,"World",NA,NA,"Meat and meat products","Gross Production Value (constant 2014-2016 thousand I$)","1000 Int$",2006,138777732,"Meat of chickens","no"
NA,"World",NA,NA,"Meat and meat products","Gross Production Value (constant 2014-2016 thousand I$)","1000 Int$",2007,146793865,"Meat of chickens","no"
NA,"World",NA,NA,"Meat and meat products","Gross Production Value (constant 2014-2016 thousand I$)","1000 Int$",2008,153960490,"Meat of chickens","no"
NA,"World",NA,NA,"Meat and meat products","Gross Production Value (constant 2014-2016 thousand I$)","1000 Int$",2009,158132122,"Meat of chickens","no"
NA,"World",NA,NA,"Meat and meat products","Gross Production Value (constant 2014-2016 thousand I$)","1000 Int$",2010,166189257,"Meat of chickens","no"
NA,"World",NA,NA,"Meat and meat products","Gross Production Value (constant 2014-2016 thousand I$)","1000 Int$",2011,173320110,"Meat of chickens","no"
NA,"World",NA,NA,"Meat and meat products","Gross Production Value (constant 2014-2016 thousand I$)","1000 Int$",2012,179518160,"Meat of chickens","no"
NA,"World",NA,NA,"Meat and meat products","Gross Production Value (constant 2014-2016 thousand I$)","1000 Int$",2013,185789024,"Meat of chickens","no"
NA,"World",NA,NA,"Meat and meat products","Gross Production Value (constant 2014-2016 thousand I$)","1000 Int$",2014,191745842,"Meat of chickens","no"
NA,"World",NA,NA,"Meat and meat products","Gross Production Value (constant 2014-2016 thousand I$)","1000 Int$",2015,197955887,"Meat of chickens","no"
NA,"World",NA,NA,"Meat and meat products","Gross Production Value (constant 2014-2016 thousand I$)","1000 Int$",2016,203840193,"Meat of chickens","no"
NA,"World",NA,NA,"Meat and meat products","Gross Production Value (constant 2014-2016 thousand I$)","1000 Int$",2017,212769391,"Meat of chickens","no"
NA,"World",NA,NA,"Meat and meat products","Gross Production Value (constant 2014-2016 thousand I$)","1000 Int$",2018,217094064,"Meat of chickens","no"
NA,"World",NA,NA,"Meat and meat products","Gross Production Value (constant 2014-2016 thousand I$)","1000 Int$",2019,223249826,"Meat of chickens","no"
NA,"World",NA,NA,"Meat and meat products","Gross Production Value (constant 2014-2016 thousand I$)","1000 Int$",2020,225432705,"Meat of chickens","no"
NA,"World",NA,NA,"Meat and meat products","Gross Production Value (constant 2014-2016 thousand I$)","1000 Int$",2021,229694352,"Meat of chickens","no"
NA,"World",NA,NA,"Meat and meat products","Gross Production Value (constant 2014-2016 thousand I$)","1000 Int$",2022,234942605,"Meat of chickens","no"
NA,"World",NA,NA,"Meat and meat products","Gross Production Value (constant 2014-2016 thousand I$)","1000 Int$",2023,239715217,"Meat of chickens","no"
NA,"World",NA,NA,"Meat and meat products","Gross Production Value (constant 2014-2016 thousand US$)","1000 USD",1992,140297470,"Meat of chickens","no"
NA,"World",NA,NA,"Meat and meat products","Gross Production Value (constant 2014-2016 thousand US$)","1000 USD",1993,152682728,"Meat of chickens","no"
NA,"World",NA,NA,"Meat and meat products","Gross Production Value (constant 2014-2016 thousand US$)","1000 USD",1994,163809482,"Meat of chickens","no"
NA,"World",NA,NA,"Meat and meat products","Gross Production Value (constant 2014-2016 thousand US$)","1000 USD",1995,173265910,"Meat of chickens","no"
NA,"World",NA,NA,"Meat and meat products","Gross Production Value (constant 2014-2016 thousand US$)","1000 USD",1996,179156715,"Meat of chickens","no"
NA,"World",NA,NA,"Meat and meat products","Gross Production Value (constant 2014-2016 thousand US$)","1000 USD",1997,191193661,"Meat of chickens","no"
NA,"World",NA,NA,"Meat and meat products","Gross Production Value (constant 2014-2016 thousand US$)","1000 USD",1998,197788094,"Meat of chickens","no"
NA,"World",NA,NA,"Meat and meat products","Gross Production Value (constant 2014-2016 thousand US$)","1000 USD",1999,205768653,"Meat of chickens","no"
NA,"World",NA,NA,"Meat and meat products","Gross Production Value (constant 2014-2016 thousand US$)","1000 USD",2000,214447642,"Meat of chickens","no"
NA,"World",NA,NA,"Meat and meat products","Gross Production Value (constant 2014-2016 thousand US$)","1000 USD",2001,223089859,"Meat of chickens","no"
NA,"World",NA,NA,"Meat and meat products","Gross Production Value (constant 2014-2016 thousand US$)","1000 USD",2002,234889721,"Meat of chickens","no"
NA,"World",NA,NA,"Meat and meat products","Gross Production Value (constant 2014-2016 thousand US$)","1000 USD",2003,242669301,"Meat of chickens","no"
NA,"World",NA,NA,"Meat and meat products","Gross Production Value (constant 2014-2016 thousand US$)","1000 USD",2004,250325242,"Meat of chickens","no"
NA,"World",NA,NA,"Meat and meat products","Gross Production Value (constant 2014-2016 thousand US$)","1000 USD",2005,259965058,"Meat of chickens","no"
NA,"World",NA,NA,"Meat and meat products","Gross Production Value (constant 2014-2016 thousand US$)","1000 USD",2006,268880889,"Meat of chickens","no"
NA,"World",NA,NA,"Meat and meat products","Gross Production Value (constant 2014-2016 thousand US$)","1000 USD",2007,284846198,"Meat of chickens","no"
NA,"World",NA,NA,"Meat and meat products","Gross Production Value (constant 2014-2016 thousand US$)","1000 USD",2008,299106044,"Meat of chickens","no"
NA,"World",NA,NA,"Meat and meat products","Gross Production Value (constant 2014-2016 thousand US$)","1000 USD",2009,308276958,"Meat of chickens","no"
NA,"World",NA,NA,"Meat and meat products","Gross Production Value (constant 2014-2016 thousand US$)","1000 USD",2010,322381565,"Meat of chickens","no"
NA,"World",NA,NA,"Meat and meat products","Gross Production Value (constant 2014-2016 thousand US$)","1000 USD",2011,335992681,"Meat of chickens","no"
NA,"World",NA,NA,"Meat and meat products","Gross Production Value (constant 2014-2016 thousand US$)","1000 USD",2012,350286456,"Meat of chickens","no"
NA,"World",NA,NA,"Meat and meat products","Gross Production Value (constant 2014-2016 thousand US$)","1000 USD",2013,365221434,"Meat of chickens","no"
NA,"World",NA,NA,"Meat and meat products","Gross Production Value (constant 2014-2016 thousand US$)","1000 USD",2014,377579086,"Meat of chickens","no"
NA,"World",NA,NA,"Meat and meat products","Gross Production Value (constant 2014-2016 thousand US$)","1000 USD",2015,393651573,"Meat of chickens","no"
NA,"World",NA,NA,"Meat and meat products","Gross Production Value (constant 2014-2016 thousand US$)","1000 USD",2016,406492111,"Meat of chickens","no"
NA,"World",NA,NA,"Meat and meat products","Gross Production Value (constant 2014-2016 thousand US$)","1000 USD",2017,427825966,"Meat of chickens","no"
NA,"World",NA,NA,"Meat and meat products","Gross Production Value (constant 2014-2016 thousand US$)","1000 USD",2018,446658182,"Meat of chickens","no"
NA,"World",NA,NA,"Meat and meat products","Gross Production Value (constant 2014-2016 thousand US$)","1000 USD",2019,458049471,"Meat of chickens","no"
NA,"World",NA,NA,"Meat and meat products","Gross Production Value (constant 2014-2016 thousand US$)","1000 USD",2020,463559128,"Meat of chickens","no"
NA,"World",NA,NA,"Meat and meat products","Gross Production Value (constant 2014-2016 thousand US$)","1000 USD",2021,471507013,"Meat of chickens","no"
NA,"World",NA,NA,"Meat and meat products","Gross Production Value (constant 2014-2016 thousand US$)","1000 USD",2022,484322530,"Meat of chickens","no"
NA,"World",NA,NA,"Meat and meat products","Gross Production Value (constant 2014-2016 thousand US$)","1000 USD",2023,495319300,"Meat of chickens","no"
NA,"World",NA,NA,"Meat and meat products","Gross Production Value (constant 2014-2016 thousand I$)","1000 Int$",1992,3461773,"Meat of ducks","no"
NA,"World",NA,NA,"Meat and meat products","Gross Production Value (constant 2014-2016 thousand I$)","1000 Int$",1993,4012787,"Meat of ducks","no"
NA,"World",NA,NA,"Meat and meat products","Gross Production Value (constant 2014-2016 thousand I$)","1000 Int$",1994,4396899,"Meat of ducks","no"
NA,"World",NA,NA,"Meat and meat products","Gross Production Value (constant 2014-2016 thousand I$)","1000 Int$",1995,4874924,"Meat of ducks","no"
NA,"World",NA,NA,"Meat and meat products","Gross Production Value (constant 2014-2016 thousand I$)","1000 Int$",1996,5028575,"Meat of ducks","no"
NA,"World",NA,NA,"Meat and meat products","Gross Production Value (constant 2014-2016 thousand I$)","1000 Int$",1997,5523087,"Meat of ducks","no"
NA,"World",NA,NA,"Meat and meat products","Gross Production Value (constant 2014-2016 thousand I$)","1000 Int$",1998,5950277,"Meat of ducks","no"
NA,"World",NA,NA,"Meat and meat products","Gross Production Value (constant 2014-2016 thousand I$)","1000 Int$",1999,6628353,"Meat of ducks","no"
NA,"World",NA,NA,"Meat and meat products","Gross Production Value (constant 2014-2016 thousand I$)","1000 Int$",2000,6608322,"Meat of ducks","no"
NA,"World",NA,NA,"Meat and meat products","Gross Production Value (constant 2014-2016 thousand I$)","1000 Int$",2001,6851067,"Meat of ducks","no"
NA,"World",NA,NA,"Meat and meat products","Gross Production Value (constant 2014-2016 thousand I$)","1000 Int$",2002,6745052,"Meat of ducks","no"
NA,"World",NA,NA,"Meat and meat products","Gross Production Value (constant 2014-2016 thousand I$)","1000 Int$",2003,6953023,"Meat of ducks","no"
NA,"World",NA,NA,"Meat and meat products","Gross Production Value (constant 2014-2016 thousand I$)","1000 Int$",2004,7068349,"Meat of ducks","no"
NA,"World",NA,NA,"Meat and meat products","Gross Production Value (constant 2014-2016 thousand I$)","1000 Int$",2005,7641368,"Meat of ducks","no"
NA,"World",NA,NA,"Meat and meat products","Gross Production Value (constant 2014-2016 thousand I$)","1000 Int$",2006,7808139,"Meat of ducks","no"
NA,"World",NA,NA,"Meat and meat products","Gross Production Value (constant 2014-2016 thousand I$)","1000 Int$",2007,8332029,"Meat of ducks","no"
NA,"World",NA,NA,"Meat and meat products","Gross Production Value (constant 2014-2016 thousand I$)","1000 Int$",2008,8775498,"Meat of ducks","no"
NA,"World",NA,NA,"Meat and meat products","Gross Production Value (constant 2014-2016 thousand I$)","1000 Int$",2009,9034493,"Meat of ducks","no"
NA,"World",NA,NA,"Meat and meat products","Gross Production Value (constant 2014-2016 thousand I$)","1000 Int$",2010,9351653,"Meat of ducks","no"
NA,"World",NA,NA,"Meat and meat products","Gross Production Value (constant 2014-2016 thousand I$)","1000 Int$",2011,9687765,"Meat of ducks","no"
NA,"World",NA,NA,"Meat and meat products","Gross Production Value (constant 2014-2016 thousand I$)","1000 Int$",2012,10009278,"Meat of ducks","no"
NA,"World",NA,NA,"Meat and meat products","Gross Production Value (constant 2014-2016 thousand I$)","1000 Int$",2013,9961161,"Meat of ducks","no"
NA,"World",NA,NA,"Meat and meat products","Gross Production Value (constant 2014-2016 thousand I$)","1000 Int$",2014,9903768,"Meat of ducks","no"
NA,"World",NA,NA,"Meat and meat products","Gross Production Value (constant 2014-2016 thousand I$)","1000 Int$",2015,10162417,"Meat of ducks","no"
NA,"World",NA,NA,"Meat and meat products","Gross Production Value (constant 2014-2016 thousand I$)","1000 Int$",2016,10233851,"Meat of ducks","no"
NA,"World",NA,NA,"Meat and meat products","Gross Production Value (constant 2014-2016 thousand I$)","1000 Int$",2017,10134312,"Meat of ducks","no"
NA,"World",NA,NA,"Meat and meat products","Gross Production Value (constant 2014-2016 thousand I$)","1000 Int$",2018,10651006,"Meat of ducks","no"
NA,"World",NA,NA,"Meat and meat products","Gross Production Value (constant 2014-2016 thousand I$)","1000 Int$",2019,13789311,"Meat of ducks","no"
NA,"World",NA,NA,"Meat and meat products","Gross Production Value (constant 2014-2016 thousand I$)","1000 Int$",2020,14154491,"Meat of ducks","no"
NA,"World",NA,NA,"Meat and meat products","Gross Production Value (constant 2014-2016 thousand I$)","1000 Int$",2021,14288728,"Meat of ducks","no"
NA,"World",NA,NA,"Meat and meat products","Gross Production Value (constant 2014-2016 thousand I$)","1000 Int$",2022,15272288,"Meat of ducks","no"
NA,"World",NA,NA,"Meat and meat products","Gross Production Value (constant 2014-2016 thousand I$)","1000 Int$",2023,16209435,"Meat of ducks","no"
NA,"World",NA,NA,"Meat and meat products","Gross Production Value (constant 2014-2016 thousand US$)","1000 USD",1992,7917905,"Meat of ducks","no"
NA,"World",NA,NA,"Meat and meat products","Gross Production Value (constant 2014-2016 thousand US$)","1000 USD",1993,9203565,"Meat of ducks","no"
NA,"World",NA,NA,"Meat and meat products","Gross Production Value (constant 2014-2016 thousand US$)","1000 USD",1994,10086043,"Meat of ducks","no"
NA,"World",NA,NA,"Meat and meat products","Gross Production Value (constant 2014-2016 thousand US$)","1000 USD",1995,11346098,"Meat of ducks","no"
NA,"World",NA,NA,"Meat and meat products","Gross Production Value (constant 2014-2016 thousand US$)","1000 USD",1996,11725970,"Meat of ducks","no"
NA,"World",NA,NA,"Meat and meat products","Gross Production Value (constant 2014-2016 thousand US$)","1000 USD",1997,12940141,"Meat of ducks","no"
NA,"World",NA,NA,"Meat and meat products","Gross Production Value (constant 2014-2016 thousand US$)","1000 USD",1998,13987232,"Meat of ducks","no"
NA,"World",NA,NA,"Meat and meat products","Gross Production Value (constant 2014-2016 thousand US$)","1000 USD",1999,15574891,"Meat of ducks","no"
NA,"World",NA,NA,"Meat and meat products","Gross Production Value (constant 2014-2016 thousand US$)","1000 USD",2000,15412339,"Meat of ducks","no"
NA,"World",NA,NA,"Meat and meat products","Gross Production Value (constant 2014-2016 thousand US$)","1000 USD",2001,16046178,"Meat of ducks","no"
NA,"World",NA,NA,"Meat and meat products","Gross Production Value (constant 2014-2016 thousand US$)","1000 USD",2002,15727506,"Meat of ducks","no"
NA,"World",NA,NA,"Meat and meat products","Gross Production Value (constant 2014-2016 thousand US$)","1000 USD",2003,16208973,"Meat of ducks","no"
NA,"World",NA,NA,"Meat and meat products","Gross Production Value (constant 2014-2016 thousand US$)","1000 USD",2004,16393862,"Meat of ducks","no"
NA,"World",NA,NA,"Meat and meat products","Gross Production Value (constant 2014-2016 thousand US$)","1000 USD",2005,17674498,"Meat of ducks","no"
NA,"World",NA,NA,"Meat and meat products","Gross Production Value (constant 2014-2016 thousand US$)","1000 USD",2006,17978332,"Meat of ducks","no"
NA,"World",NA,NA,"Meat and meat products","Gross Production Value (constant 2014-2016 thousand US$)","1000 USD",2007,19312347,"Meat of ducks","no"
NA,"World",NA,NA,"Meat and meat products","Gross Production Value (constant 2014-2016 thousand US$)","1000 USD",2008,20369815,"Meat of ducks","no"
NA,"World",NA,NA,"Meat and meat products","Gross Production Value (constant 2014-2016 thousand US$)","1000 USD",2009,20900758,"Meat of ducks","no"
NA,"World",NA,NA,"Meat and meat products","Gross Production Value (constant 2014-2016 thousand US$)","1000 USD",2010,21593887,"Meat of ducks","no"
NA,"World",NA,NA,"Meat and meat products","Gross Production Value (constant 2014-2016 thousand US$)","1000 USD",2011,22313760,"Meat of ducks","no"
NA,"World",NA,NA,"Meat and meat products","Gross Production Value (constant 2014-2016 thousand US$)","1000 USD",2012,23163680,"Meat of ducks","no"
NA,"World",NA,NA,"Meat and meat products","Gross Production Value (constant 2014-2016 thousand US$)","1000 USD",2013,22912244,"Meat of ducks","no"
NA,"World",NA,NA,"Meat and meat products","Gross Production Value (constant 2014-2016 thousand US$)","1000 USD",2014,22673245,"Meat of ducks","no"
NA,"World",NA,NA,"Meat and meat products","Gross Production Value (constant 2014-2016 thousand US$)","1000 USD",2015,23276756,"Meat of ducks","no"
NA,"World",NA,NA,"Meat and meat products","Gross Production Value (constant 2014-2016 thousand US$)","1000 USD",2016,23387721,"Meat of ducks","no"
NA,"World",NA,NA,"Meat and meat products","Gross Production Value (constant 2014-2016 thousand US$)","1000 USD",2017,23105695,"Meat of ducks","no"
NA,"World",NA,NA,"Meat and meat products","Gross Production Value (constant 2014-2016 thousand US$)","1000 USD",2018,24631746,"Meat of ducks","no"
NA,"World",NA,NA,"Meat and meat products","Gross Production Value (constant 2014-2016 thousand US$)","1000 USD",2019,32150193,"Meat of ducks","no"
NA,"World",NA,NA,"Meat and meat products","Gross Production Value (constant 2014-2016 thousand US$)","1000 USD",2020,32979263,"Meat of ducks","no"
NA,"World",NA,NA,"Meat and meat products","Gross Production Value (constant 2014-2016 thousand US$)","1000 USD",2021,33187336,"Meat of ducks","no"
NA,"World",NA,NA,"Meat and meat products","Gross Production Value (constant 2014-2016 thousand US$)","1000 USD",2022,35553749,"Meat of ducks","no"
NA,"World",NA,NA,"Meat and meat products","Gross Production Value (constant 2014-2016 thousand US$)","1000 USD",2023,37795109,"Meat of ducks","no"
NA,"World",NA,NA,"Meat and meat products","Gross Production Value (constant 2014-2016 thousand I$)","1000 Int$",1992,2447986,"Meat of geese","no"
NA,"World",NA,NA,"Meat and meat products","Gross Production Value (constant 2014-2016 thousand I$)","1000 Int$",1993,2756429,"Meat of geese","no"
NA,"World",NA,NA,"Meat and meat products","Gross Production Value (constant 2014-2016 thousand I$)","1000 Int$",1994,3046480,"Meat of geese","no"
NA,"World",NA,NA,"Meat and meat products","Gross Production Value (constant 2014-2016 thousand I$)","1000 Int$",1995,4220653,"Meat of geese","no"
NA,"World",NA,NA,"Meat and meat products","Gross Production Value (constant 2014-2016 thousand I$)","1000 Int$",1996,4319564,"Meat of geese","no"
NA,"World",NA,NA,"Meat and meat products","Gross Production Value (constant 2014-2016 thousand I$)","1000 Int$",1997,4703354,"Meat of geese","no"
NA,"World",NA,NA,"Meat and meat products","Gross Production Value (constant 2014-2016 thousand I$)","1000 Int$",1998,5135151,"Meat of geese","no"
NA,"World",NA,NA,"Meat and meat products","Gross Production Value (constant 2014-2016 thousand I$)","1000 Int$",1999,5314264,"Meat of geese","no"
NA,"World",NA,NA,"Meat and meat products","Gross Production Value (constant 2014-2016 thousand I$)","1000 Int$",2000,5407677,"Meat of geese","no"
NA,"World",NA,NA,"Meat and meat products","Gross Production Value (constant 2014-2016 thousand I$)","1000 Int$",2001,5388166,"Meat of geese","no"
NA,"World",NA,NA,"Meat and meat products","Gross Production Value (constant 2014-2016 thousand I$)","1000 Int$",2002,5256698,"Meat of geese","no"
NA,"World",NA,NA,"Meat and meat products","Gross Production Value (constant 2014-2016 thousand I$)","1000 Int$",2003,5456525,"Meat of geese","no"
NA,"World",NA,NA,"Meat and meat products","Gross Production Value (constant 2014-2016 thousand I$)","1000 Int$",2004,5552582,"Meat of geese","no"
NA,"World",NA,NA,"Meat and meat products","Gross Production Value (constant 2014-2016 thousand I$)","1000 Int$",2005,5923803,"Meat of geese","no"
NA,"World",NA,NA,"Meat and meat products","Gross Production Value (constant 2014-2016 thousand I$)","1000 Int$",2006,5889333,"Meat of geese","no"
NA,"World",NA,NA,"Meat and meat products","Gross Production Value (constant 2014-2016 thousand I$)","1000 Int$",2007,6433933,"Meat of geese","no"
NA,"World",NA,NA,"Meat and meat products","Gross Production Value (constant 2014-2016 thousand I$)","1000 Int$",2008,6515962,"Meat of geese","no"
NA,"World",NA,NA,"Meat and meat products","Gross Production Value (constant 2014-2016 thousand I$)","1000 Int$",2009,6751549,"Meat of geese","no"
NA,"World",NA,NA,"Meat and meat products","Gross Production Value (constant 2014-2016 thousand I$)","1000 Int$",2010,6962303,"Meat of geese","no"
NA,"World",NA,NA,"Meat and meat products","Gross Production Value (constant 2014-2016 thousand I$)","1000 Int$",2011,7195763,"Meat of geese","no"
NA,"World",NA,NA,"Meat and meat products","Gross Production Value (constant 2014-2016 thousand I$)","1000 Int$",2012,7689564,"Meat of geese","no"
NA,"World",NA,NA,"Meat and meat products","Gross Production Value (constant 2014-2016 thousand I$)","1000 Int$",2013,7592545,"Meat of geese","no"
NA,"World",NA,NA,"Meat and meat products","Gross Production Value (constant 2014-2016 thousand I$)","1000 Int$",2014,7422868,"Meat of geese","no"
NA,"World",NA,NA,"Meat and meat products","Gross Production Value (constant 2014-2016 thousand I$)","1000 Int$",2015,7666222,"Meat of geese","no"
NA,"World",NA,NA,"Meat and meat products","Gross Production Value (constant 2014-2016 thousand I$)","1000 Int$",2016,7912639,"Meat of geese","no"
NA,"World",NA,NA,"Meat and meat products","Gross Production Value (constant 2014-2016 thousand I$)","1000 Int$",2017,7932508,"Meat of geese","no"
NA,"World",NA,NA,"Meat and meat products","Gross Production Value (constant 2014-2016 thousand I$)","1000 Int$",2018,8364196,"Meat of geese","no"
NA,"World",NA,NA,"Meat and meat products","Gross Production Value (constant 2014-2016 thousand I$)","1000 Int$",2019,11808007,"Meat of geese","no"
NA,"World",NA,NA,"Meat and meat products","Gross Production Value (constant 2014-2016 thousand I$)","1000 Int$",2020,12461133,"Meat of geese","no"
NA,"World",NA,NA,"Meat and meat products","Gross Production Value (constant 2014-2016 thousand I$)","1000 Int$",2021,12545517,"Meat of geese","no"
NA,"World",NA,NA,"Meat and meat products","Gross Production Value (constant 2014-2016 thousand I$)","1000 Int$",2022,13909012,"Meat of geese","no"
NA,"World",NA,NA,"Meat and meat products","Gross Production Value (constant 2014-2016 thousand I$)","1000 Int$",2023,14818135,"Meat of geese","no"
NA,"World",NA,NA,"Meat and meat products","Gross Production Value (constant 2014-2016 thousand US$)","1000 USD",1992,7395187,"Meat of geese","no"
NA,"World",NA,NA,"Meat and meat products","Gross Production Value (constant 2014-2016 thousand US$)","1000 USD",1993,8373914,"Meat of geese","no"
NA,"World",NA,NA,"Meat and meat products","Gross Production Value (constant 2014-2016 thousand US$)","1000 USD",1994,9034060,"Meat of geese","no"
NA,"World",NA,NA,"Meat and meat products","Gross Production Value (constant 2014-2016 thousand US$)","1000 USD",1995,12734385,"Meat of geese","no"
NA,"World",NA,NA,"Meat and meat products","Gross Production Value (constant 2014-2016 thousand US$)","1000 USD",1996,13099765,"Meat of geese","no"
NA,"World",NA,NA,"Meat and meat products","Gross Production Value (constant 2014-2016 thousand US$)","1000 USD",1997,14365044,"Meat of geese","no"
NA,"World",NA,NA,"Meat and meat products","Gross Production Value (constant 2014-2016 thousand US$)","1000 USD",1998,15721097,"Meat of geese","no"
NA,"World",NA,NA,"Meat and meat products","Gross Production Value (constant 2014-2016 thousand US$)","1000 USD",1999,16277849,"Meat of geese","no"
NA,"World",NA,NA,"Meat and meat products","Gross Production Value (constant 2014-2016 thousand US$)","1000 USD",2000,16581878,"Meat of geese","no"
NA,"World",NA,NA,"Meat and meat products","Gross Production Value (constant 2014-2016 thousand US$)","1000 USD",2001,16556876,"Meat of geese","no"
NA,"World",NA,NA,"Meat and meat products","Gross Production Value (constant 2014-2016 thousand US$)","1000 USD",2002,16112729,"Meat of geese","no"
NA,"World",NA,NA,"Meat and meat products","Gross Production Value (constant 2014-2016 thousand US$)","1000 USD",2003,16704318,"Meat of geese","no"
NA,"World",NA,NA,"Meat and meat products","Gross Production Value (constant 2014-2016 thousand US$)","1000 USD",2004,17023913,"Meat of geese","no"
NA,"World",NA,NA,"Meat and meat products","Gross Production Value (constant 2014-2016 thousand US$)","1000 USD",2005,18251441,"Meat of geese","no"
NA,"World",NA,NA,"Meat and meat products","Gross Production Value (constant 2014-2016 thousand US$)","1000 USD",2006,18243073,"Meat of geese","no"
NA,"World",NA,NA,"Meat and meat products","Gross Production Value (constant 2014-2016 thousand US$)","1000 USD",2007,20001980,"Meat of geese","no"
NA,"World",NA,NA,"Meat and meat products","Gross Production Value (constant 2014-2016 thousand US$)","1000 USD",2008,20306330,"Meat of geese","no"
NA,"World",NA,NA,"Meat and meat products","Gross Production Value (constant 2014-2016 thousand US$)","1000 USD",2009,21107297,"Meat of geese","no"
NA,"World",NA,NA,"Meat and meat products","Gross Production Value (constant 2014-2016 thousand US$)","1000 USD",2010,21823069,"Meat of geese","no"
NA,"World",NA,NA,"Meat and meat products","Gross Production Value (constant 2014-2016 thousand US$)","1000 USD",2011,22516705,"Meat of geese","no"
NA,"World",NA,NA,"Meat and meat products","Gross Production Value (constant 2014-2016 thousand US$)","1000 USD",2012,24047405,"Meat of geese","no"
NA,"World",NA,NA,"Meat and meat products","Gross Production Value (constant 2014-2016 thousand US$)","1000 USD",2013,23745099,"Meat of geese","no"
NA,"World",NA,NA,"Meat and meat products","Gross Production Value (constant 2014-2016 thousand US$)","1000 USD",2014,23183749,"Meat of geese","no"
NA,"World",NA,NA,"Meat and meat products","Gross Production Value (constant 2014-2016 thousand US$)","1000 USD",2015,24135830,"Meat of geese","no"
NA,"World",NA,NA,"Meat and meat products","Gross Production Value (constant 2014-2016 thousand US$)","1000 USD",2016,24898139,"Meat of geese","no"
NA,"World",NA,NA,"Meat and meat products","Gross Production Value (constant 2014-2016 thousand US$)","1000 USD",2017,24954740,"Meat of geese","no"
NA,"World",NA,NA,"Meat and meat products","Gross Production Value (constant 2014-2016 thousand US$)","1000 USD",2018,26288187,"Meat of geese","no"
NA,"World",NA,NA,"Meat and meat products","Gross Production Value (constant 2014-2016 thousand US$)","1000 USD",2019,37354256,"Meat of geese","no"
NA,"World",NA,NA,"Meat and meat products","Gross Production Value (constant 2014-2016 thousand US$)","1000 USD",2020,39323243,"Meat of geese","no"
NA,"World",NA,NA,"Meat and meat products","Gross Production Value (constant 2014-2016 thousand US$)","1000 USD",2021,39661862,"Meat of geese","no"
NA,"World",NA,NA,"Meat and meat products","Gross Production Value (constant 2014-2016 thousand US$)","1000 USD",2022,44009901,"Meat of geese","no"
NA,"World",NA,NA,"Meat and meat products","Gross Production Value (constant 2014-2016 thousand US$)","1000 USD",2023,46970242,"Meat of geese","no"
NA,"World",NA,NA,"Meat and meat products","Gross Production Value (constant 2014-2016 thousand I$)","1000 Int$",1992,14695502,"Meat of goat","no"
NA,"World",NA,NA,"Meat and meat products","Gross Production Value (constant 2014-2016 thousand I$)","1000 Int$",1993,15431408,"Meat of goat","no"
NA,"World",NA,NA,"Meat and meat products","Gross Production Value (constant 2014-2016 thousand I$)","1000 Int$",1994,16097030,"Meat of goat","no"
NA,"World",NA,NA,"Meat and meat products","Gross Production Value (constant 2014-2016 thousand I$)","1000 Int$",1995,17393014,"Meat of goat","no"
NA,"World",NA,NA,"Meat and meat products","Gross Production Value (constant 2014-2016 thousand I$)","1000 Int$",1996,16608983,"Meat of goat","no"
NA,"World",NA,NA,"Meat and meat products","Gross Production Value (constant 2014-2016 thousand I$)","1000 Int$",1997,17684900,"Meat of goat","no"
NA,"World",NA,NA,"Meat and meat products","Gross Production Value (constant 2014-2016 thousand I$)","1000 Int$",1998,19042923,"Meat of goat","no"
NA,"World",NA,NA,"Meat and meat products","Gross Production Value (constant 2014-2016 thousand I$)","1000 Int$",1999,20204132,"Meat of goat","no"
NA,"World",NA,NA,"Meat and meat products","Gross Production Value (constant 2014-2016 thousand I$)","1000 Int$",2000,20763567,"Meat of goat","no"
NA,"World",NA,NA,"Meat and meat products","Gross Production Value (constant 2014-2016 thousand I$)","1000 Int$",2001,22138052,"Meat of goat","no"
NA,"World",NA,NA,"Meat and meat products","Gross Production Value (constant 2014-2016 thousand I$)","1000 Int$",2002,22960124,"Meat of goat","no"
NA,"World",NA,NA,"Meat and meat products","Gross Production Value (constant 2014-2016 thousand I$)","1000 Int$",2003,23994993,"Meat of goat","no"
NA,"World",NA,NA,"Meat and meat products","Gross Production Value (constant 2014-2016 thousand I$)","1000 Int$",2004,25053448,"Meat of goat","no"
NA,"World",NA,NA,"Meat and meat products","Gross Production Value (constant 2014-2016 thousand I$)","1000 Int$",2005,26138195,"Meat of goat","no"
NA,"World",NA,NA,"Meat and meat products","Gross Production Value (constant 2014-2016 thousand I$)","1000 Int$",2006,26008868,"Meat of goat","no"
NA,"World",NA,NA,"Meat and meat products","Gross Production Value (constant 2014-2016 thousand I$)","1000 Int$",2007,27106939,"Meat of goat","no"
NA,"World",NA,NA,"Meat and meat products","Gross Production Value (constant 2014-2016 thousand I$)","1000 Int$",2008,27559746,"Meat of goat","no"
NA,"World",NA,NA,"Meat and meat products","Gross Production Value (constant 2014-2016 thousand I$)","1000 Int$",2009,28373643,"Meat of goat","no"
NA,"World",NA,NA,"Meat and meat products","Gross Production Value (constant 2014-2016 thousand I$)","1000 Int$",2010,29309109,"Meat of goat","no"
NA,"World",NA,NA,"Meat and meat products","Gross Production Value (constant 2014-2016 thousand I$)","1000 Int$",2011,29316750,"Meat of goat","no"
NA,"World",NA,NA,"Meat and meat products","Gross Production Value (constant 2014-2016 thousand I$)","1000 Int$",2012,30052468,"Meat of goat","no"
NA,"World",NA,NA,"Meat and meat products","Gross Production Value (constant 2014-2016 thousand I$)","1000 Int$",2013,31125723,"Meat of goat","no"
NA,"World",NA,NA,"Meat and meat products","Gross Production Value (constant 2014-2016 thousand I$)","1000 Int$",2014,32368902,"Meat of goat","no"
NA,"World",NA,NA,"Meat and meat products","Gross Production Value (constant 2014-2016 thousand I$)","1000 Int$",2015,33099901,"Meat of goat","no"
NA,"World",NA,NA,"Meat and meat products","Gross Production Value (constant 2014-2016 thousand I$)","1000 Int$",2016,34068424,"Meat of goat","no"
NA,"World",NA,NA,"Meat and meat products","Gross Production Value (constant 2014-2016 thousand I$)","1000 Int$",2017,34590824,"Meat of goat","no"
NA,"World",NA,NA,"Meat and meat products","Gross Production Value (constant 2014-2016 thousand I$)","1000 Int$",2018,35139145,"Meat of goat","no"
NA,"World",NA,NA,"Meat and meat products","Gross Production Value (constant 2014-2016 thousand I$)","1000 Int$",2019,36575302,"Meat of goat","no"
NA,"World",NA,NA,"Meat and meat products","Gross Production Value (constant 2014-2016 thousand I$)","1000 Int$",2020,37343273,"Meat of goat","no"
NA,"World",NA,NA,"Meat and meat products","Gross Production Value (constant 2014-2016 thousand I$)","1000 Int$",2021,38222035,"Meat of goat","no"
NA,"World",NA,NA,"Meat and meat products","Gross Production Value (constant 2014-2016 thousand I$)","1000 Int$",2022,39344834,"Meat of goat","no"
NA,"World",NA,NA,"Meat and meat products","Gross Production Value (constant 2014-2016 thousand I$)","1000 Int$",2023,39913267,"Meat of goat","no"
NA,"World",NA,NA,"Meat and meat products","Gross Production Value (constant 2014-2016 thousand US$)","1000 USD",1992,25141943,"Meat of goat","no"
NA,"World",NA,NA,"Meat and meat products","Gross Production Value (constant 2014-2016 thousand US$)","1000 USD",1993,27070976,"Meat of goat","no"
NA,"World",NA,NA,"Meat and meat products","Gross Production Value (constant 2014-2016 thousand US$)","1000 USD",1994,28362993,"Meat of goat","no"
NA,"World",NA,NA,"Meat and meat products","Gross Production Value (constant 2014-2016 thousand US$)","1000 USD",1995,31238713,"Meat of goat","no"
NA,"World",NA,NA,"Meat and meat products","Gross Production Value (constant 2014-2016 thousand US$)","1000 USD",1996,29700150,"Meat of goat","no"
NA,"World",NA,NA,"Meat and meat products","Gross Production Value (constant 2014-2016 thousand US$)","1000 USD",1997,32280374,"Meat of goat","no"
NA,"World",NA,NA,"Meat and meat products","Gross Production Value (constant 2014-2016 thousand US$)","1000 USD",1998,35574473,"Meat of goat","no"
NA,"World",NA,NA,"Meat and meat products","Gross Production Value (constant 2014-2016 thousand US$)","1000 USD",1999,38170632,"Meat of goat","no"
NA,"World",NA,NA,"Meat and meat products","Gross Production Value (constant 2014-2016 thousand US$)","1000 USD",2000,39423535,"Meat of goat","no"
NA,"World",NA,NA,"Meat and meat products","Gross Production Value (constant 2014-2016 thousand US$)","1000 USD",2001,42091058,"Meat of goat","no"
NA,"World",NA,NA,"Meat and meat products","Gross Production Value (constant 2014-2016 thousand US$)","1000 USD",2002,43481669,"Meat of goat","no"
NA,"World",NA,NA,"Meat and meat products","Gross Production Value (constant 2014-2016 thousand US$)","1000 USD",2003,46130022,"Meat of goat","no"
NA,"World",NA,NA,"Meat and meat products","Gross Production Value (constant 2014-2016 thousand US$)","1000 USD",2004,48551070,"Meat of goat","no"
NA,"World",NA,NA,"Meat and meat products","Gross Production Value (constant 2014-2016 thousand US$)","1000 USD",2005,50318654,"Meat of goat","no"
NA,"World",NA,NA,"Meat and meat products","Gross Production Value (constant 2014-2016 thousand US$)","1000 USD",2006,51039290,"Meat of goat","no"
NA,"World",NA,NA,"Meat and meat products","Gross Production Value (constant 2014-2016 thousand US$)","1000 USD",2007,53335830,"Meat of goat","no"
NA,"World",NA,NA,"Meat and meat products","Gross Production Value (constant 2014-2016 thousand US$)","1000 USD",2008,54186189,"Meat of goat","no"
NA,"World",NA,NA,"Meat and meat products","Gross Production Value (constant 2014-2016 thousand US$)","1000 USD",2009,55371852,"Meat of goat","no"
NA,"World",NA,NA,"Meat and meat products","Gross Production Value (constant 2014-2016 thousand US$)","1000 USD",2010,56460495,"Meat of goat","no"
NA,"World",NA,NA,"Meat and meat products","Gross Production Value (constant 2014-2016 thousand US$)","1000 USD",2011,56271049,"Meat of goat","no"
NA,"World",NA,NA,"Meat and meat products","Gross Production Value (constant 2014-2016 thousand US$)","1000 USD",2012,57649131,"Meat of goat","no"
NA,"World",NA,NA,"Meat and meat products","Gross Production Value (constant 2014-2016 thousand US$)","1000 USD",2013,59305887,"Meat of goat","no"
NA,"World",NA,NA,"Meat and meat products","Gross Production Value (constant 2014-2016 thousand US$)","1000 USD",2014,61924812,"Meat of goat","no"
NA,"World",NA,NA,"Meat and meat products","Gross Production Value (constant 2014-2016 thousand US$)","1000 USD",2015,63045149,"Meat of goat","no"
NA,"World",NA,NA,"Meat and meat products","Gross Production Value (constant 2014-2016 thousand US$)","1000 USD",2016,65190800,"Meat of goat","no"
NA,"World",NA,NA,"Meat and meat products","Gross Production Value (constant 2014-2016 thousand US$)","1000 USD",2017,66322815,"Meat of goat","no"
NA,"World",NA,NA,"Meat and meat products","Gross Production Value (constant 2014-2016 thousand US$)","1000 USD",2018,67341031,"Meat of goat","no"
NA,"World",NA,NA,"Meat and meat products","Gross Production Value (constant 2014-2016 thousand US$)","1000 USD",2019,69795307,"Meat of goat","no"
NA,"World",NA,NA,"Meat and meat products","Gross Production Value (constant 2014-2016 thousand US$)","1000 USD",2020,71206418,"Meat of goat","no"
NA,"World",NA,NA,"Meat and meat products","Gross Production Value (constant 2014-2016 thousand US$)","1000 USD",2021,73591353,"Meat of goat","no"
NA,"World",NA,NA,"Meat and meat products","Gross Production Value (constant 2014-2016 thousand US$)","1000 USD",2022,74583995,"Meat of goat","no"
NA,"World",NA,NA,"Meat and meat products","Gross Production Value (constant 2014-2016 thousand US$)","1000 USD",2023,76542353,"Meat of goat","no"
NA,"World",NA,NA,"Meat and meat products","Gross Production Value (constant 2014-2016 thousand I$)","1000 Int$",1992,120997,"Meat of mules","no"
NA,"World",NA,NA,"Meat and meat products","Gross Production Value (constant 2014-2016 thousand I$)","1000 Int$",1993,124975,"Meat of mules","no"
NA,"World",NA,NA,"Meat and meat products","Gross Production Value (constant 2014-2016 thousand I$)","1000 Int$",1994,194274,"Meat of mules","no"
NA,"World",NA,NA,"Meat and meat products","Gross Production Value (constant 2014-2016 thousand I$)","1000 Int$",1995,217719,"Meat of mules","no"
NA,"World",NA,NA,"Meat and meat products","Gross Production Value (constant 2014-2016 thousand I$)","1000 Int$",1996,260957,"Meat of mules","no"
NA,"World",NA,NA,"Meat and meat products","Gross Production Value (constant 2014-2016 thousand I$)","1000 Int$",1997,248731,"Meat of mules","no"
NA,"World",NA,NA,"Meat and meat products","Gross Production Value (constant 2014-2016 thousand I$)","1000 Int$",1998,311281,"Meat of mules","no"
NA,"World",NA,NA,"Meat and meat products","Gross Production Value (constant 2014-2016 thousand I$)","1000 Int$",1999,251021,"Meat of mules","no"
NA,"World",NA,NA,"Meat and meat products","Gross Production Value (constant 2014-2016 thousand I$)","1000 Int$",2000,247021,"Meat of mules","no"
NA,"World",NA,NA,"Meat and meat products","Gross Production Value (constant 2014-2016 thousand I$)","1000 Int$",2001,246727,"Meat of mules","no"
NA,"World",NA,NA,"Meat and meat products","Gross Production Value (constant 2014-2016 thousand I$)","1000 Int$",2002,248381,"Meat of mules","no"
NA,"World",NA,NA,"Meat and meat products","Gross Production Value (constant 2014-2016 thousand I$)","1000 Int$",2003,247440,"Meat of mules","no"
NA,"World",NA,NA,"Meat and meat products","Gross Production Value (constant 2014-2016 thousand I$)","1000 Int$",2004,247535,"Meat of mules","no"
NA,"World",NA,NA,"Meat and meat products","Gross Production Value (constant 2014-2016 thousand I$)","1000 Int$",2005,255496,"Meat of mules","no"
NA,"World",NA,NA,"Meat and meat products","Gross Production Value (constant 2014-2016 thousand I$)","1000 Int$",2006,259856,"Meat of mules","no"
NA,"World",NA,NA,"Meat and meat products","Gross Production Value (constant 2014-2016 thousand I$)","1000 Int$",2007,246180,"Meat of mules","no"
NA,"World",NA,NA,"Meat and meat products","Gross Production Value (constant 2014-2016 thousand I$)","1000 Int$",2008,230657,"Meat of mules","no"
NA,"World",NA,NA,"Meat and meat products","Gross Production Value (constant 2014-2016 thousand I$)","1000 Int$",2009,240703,"Meat of mules","no"
NA,"World",NA,NA,"Meat and meat products","Gross Production Value (constant 2014-2016 thousand I$)","1000 Int$",2010,229840,"Meat of mules","no"
NA,"World",NA,NA,"Meat and meat products","Gross Production Value (constant 2014-2016 thousand I$)","1000 Int$",2011,222288,"Meat of mules","no"
NA,"World",NA,NA,"Meat and meat products","Gross Production Value (constant 2014-2016 thousand I$)","1000 Int$",2012,220936,"Meat of mules","no"
NA,"World",NA,NA,"Meat and meat products","Gross Production Value (constant 2014-2016 thousand I$)","1000 Int$",2013,203663,"Meat of mules","no"
NA,"World",NA,NA,"Meat and meat products","Gross Production Value (constant 2014-2016 thousand I$)","1000 Int$",2014,212654,"Meat of mules","no"
NA,"World",NA,NA,"Meat and meat products","Gross Production Value (constant 2014-2016 thousand I$)","1000 Int$",2015,161692,"Meat of mules","no"
NA,"World",NA,NA,"Meat and meat products","Gross Production Value (constant 2014-2016 thousand I$)","1000 Int$",2016,135105,"Meat of mules","no"
NA,"World",NA,NA,"Meat and meat products","Gross Production Value (constant 2014-2016 thousand I$)","1000 Int$",2017,78711,"Meat of mules","no"
NA,"World",NA,NA,"Meat and meat products","Gross Production Value (constant 2014-2016 thousand I$)","1000 Int$",2018,73639,"Meat of mules","no"
NA,"World",NA,NA,"Meat and meat products","Gross Production Value (constant 2014-2016 thousand I$)","1000 Int$",2019,64390,"Meat of mules","no"
NA,"World",NA,NA,"Meat and meat products","Gross Production Value (constant 2014-2016 thousand I$)","1000 Int$",2020,63962,"Meat of mules","no"
NA,"World",NA,NA,"Meat and meat products","Gross Production Value (constant 2014-2016 thousand I$)","1000 Int$",2021,55885,"Meat of mules","no"
NA,"World",NA,NA,"Meat and meat products","Gross Production Value (constant 2014-2016 thousand I$)","1000 Int$",2022,57156,"Meat of mules","no"
NA,"World",NA,NA,"Meat and meat products","Gross Production Value (constant 2014-2016 thousand I$)","1000 Int$",2023,51822,"Meat of mules","no"
NA,"World",NA,NA,"Meat and meat products","Gross Production Value (constant 2014-2016 thousand US$)","1000 USD",1992,367816,"Meat of mules","no"
NA,"World",NA,NA,"Meat and meat products","Gross Production Value (constant 2014-2016 thousand US$)","1000 USD",1993,380808,"Meat of mules","no"
NA,"World",NA,NA,"Meat and meat products","Gross Production Value (constant 2014-2016 thousand US$)","1000 USD",1994,596922,"Meat of mules","no"
NA,"World",NA,NA,"Meat and meat products","Gross Production Value (constant 2014-2016 thousand US$)","1000 USD",1995,669938,"Meat of mules","no"
NA,"World",NA,NA,"Meat and meat products","Gross Production Value (constant 2014-2016 thousand US$)","1000 USD",1996,805826,"Meat of mules","no"
NA,"World",NA,NA,"Meat and meat products","Gross Production Value (constant 2014-2016 thousand US$)","1000 USD",1997,766734,"Meat of mules","no"
NA,"World",NA,NA,"Meat and meat products","Gross Production Value (constant 2014-2016 thousand US$)","1000 USD",1998,962810,"Meat of mules","no"
NA,"World",NA,NA,"Meat and meat products","Gross Production Value (constant 2014-2016 thousand US$)","1000 USD",1999,775614,"Meat of mules","no"
NA,"World",NA,NA,"Meat and meat products","Gross Production Value (constant 2014-2016 thousand US$)","1000 USD",2000,763118,"Meat of mules","no"
NA,"World",NA,NA,"Meat and meat products","Gross Production Value (constant 2014-2016 thousand US$)","1000 USD",2001,762030,"Meat of mules","no"
NA,"World",NA,NA,"Meat and meat products","Gross Production Value (constant 2014-2016 thousand US$)","1000 USD",2002,766974,"Meat of mules","no"
NA,"World",NA,NA,"Meat and meat products","Gross Production Value (constant 2014-2016 thousand US$)","1000 USD",2003,764068,"Meat of mules","no"
NA,"World",NA,NA,"Meat and meat products","Gross Production Value (constant 2014-2016 thousand US$)","1000 USD",2004,764373,"Meat of mules","no"
NA,"World",NA,NA,"Meat and meat products","Gross Production Value (constant 2014-2016 thousand US$)","1000 USD",2005,788930,"Meat of mules","no"
NA,"World",NA,NA,"Meat and meat products","Gross Production Value (constant 2014-2016 thousand US$)","1000 USD",2006,802536,"Meat of mules","no"
NA,"World",NA,NA,"Meat and meat products","Gross Production Value (constant 2014-2016 thousand US$)","1000 USD",2007,759998,"Meat of mules","no"
NA,"World",NA,NA,"Meat and meat products","Gross Production Value (constant 2014-2016 thousand US$)","1000 USD",2008,711594,"Meat of mules","no"
NA,"World",NA,NA,"Meat and meat products","Gross Production Value (constant 2014-2016 thousand US$)","1000 USD",2009,742982,"Meat of mules","no"
NA,"World",NA,NA,"Meat and meat products","Gross Production Value (constant 2014-2016 thousand US$)","1000 USD",2010,708986,"Meat of mules","no"
NA,"World",NA,NA,"Meat and meat products","Gross Production Value (constant 2014-2016 thousand US$)","1000 USD",2011,685438,"Meat of mules","no"
NA,"World",NA,NA,"Meat and meat products","Gross Production Value (constant 2014-2016 thousand US$)","1000 USD",2012,681494,"Meat of mules","no"
NA,"World",NA,NA,"Meat and meat products","Gross Production Value (constant 2014-2016 thousand US$)","1000 USD",2013,627476,"Meat of mules","no"
NA,"World",NA,NA,"Meat and meat products","Gross Production Value (constant 2014-2016 thousand US$)","1000 USD",2014,655354,"Meat of mules","no"
NA,"World",NA,NA,"Meat and meat products","Gross Production Value (constant 2014-2016 thousand US$)","1000 USD",2015,498241,"Meat of mules","no"
NA,"World",NA,NA,"Meat and meat products","Gross Production Value (constant 2014-2016 thousand US$)","1000 USD",2016,413561,"Meat of mules","no"
NA,"World",NA,NA,"Meat and meat products","Gross Production Value (constant 2014-2016 thousand US$)","1000 USD",2017,244302,"Meat of mules","no"
NA,"World",NA,NA,"Meat and meat products","Gross Production Value (constant 2014-2016 thousand US$)","1000 USD",2018,227592,"Meat of mules","no"
NA,"World",NA,NA,"Meat and meat products","Gross Production Value (constant 2014-2016 thousand US$)","1000 USD",2019,199214,"Meat of mules","no"
NA,"World",NA,NA,"Meat and meat products","Gross Production Value (constant 2014-2016 thousand US$)","1000 USD",2020,198036,"Meat of mules","no"
NA,"World",NA,NA,"Meat and meat products","Gross Production Value (constant 2014-2016 thousand US$)","1000 USD",2021,172084,"Meat of mules","no"
NA,"World",NA,NA,"Meat and meat products","Gross Production Value (constant 2014-2016 thousand US$)","1000 USD",2022,176480,"Meat of mules","no"
NA,"World",NA,NA,"Meat and meat products","Gross Production Value (constant 2014-2016 thousand US$)","1000 USD",2023,160590,"Meat of mules","no"
NA,"World",NA,NA,"Meat and meat products","Gross Production Value (constant 2014-2016 thousand I$)","1000 Int$",1992,47236,"Meat of other domestic camelids","no"
NA,"World",NA,NA,"Meat and meat products","Gross Production Value (constant 2014-2016 thousand I$)","1000 Int$",1993,44407,"Meat of other domestic camelids","no"
NA,"World",NA,NA,"Meat and meat products","Gross Production Value (constant 2014-2016 thousand I$)","1000 Int$",1994,44298,"Meat of other domestic camelids","no"
NA,"World",NA,NA,"Meat and meat products","Gross Production Value (constant 2014-2016 thousand I$)","1000 Int$",1995,41369,"Meat of other domestic camelids","no"
NA,"World",NA,NA,"Meat and meat products","Gross Production Value (constant 2014-2016 thousand I$)","1000 Int$",1996,40682,"Meat of other domestic camelids","no"
NA,"World",NA,NA,"Meat and meat products","Gross Production Value (constant 2014-2016 thousand I$)","1000 Int$",1997,41677,"Meat of other domestic camelids","no"
NA,"World",NA,NA,"Meat and meat products","Gross Production Value (constant 2014-2016 thousand I$)","1000 Int$",1998,43756,"Meat of other domestic camelids","no"
NA,"World",NA,NA,"Meat and meat products","Gross Production Value (constant 2014-2016 thousand I$)","1000 Int$",1999,45303,"Meat of other domestic camelids","no"
NA,"World",NA,NA,"Meat and meat products","Gross Production Value (constant 2014-2016 thousand I$)","1000 Int$",2000,47015,"Meat of other domestic camelids","no"
NA,"World",NA,NA,"Meat and meat products","Gross Production Value (constant 2014-2016 thousand I$)","1000 Int$",2001,47200,"Meat of other domestic camelids","no"
NA,"World",NA,NA,"Meat and meat products","Gross Production Value (constant 2014-2016 thousand I$)","1000 Int$",2002,50032,"Meat of other domestic camelids","no"
NA,"World",NA,NA,"Meat and meat products","Gross Production Value (constant 2014-2016 thousand I$)","1000 Int$",2003,50313,"Meat of other domestic camelids","no"
NA,"World",NA,NA,"Meat and meat products","Gross Production Value (constant 2014-2016 thousand I$)","1000 Int$",2004,53496,"Meat of other domestic camelids","no"
NA,"World",NA,NA,"Meat and meat products","Gross Production Value (constant 2014-2016 thousand I$)","1000 Int$",2005,61875,"Meat of other domestic camelids","no"
NA,"World",NA,NA,"Meat and meat products","Gross Production Value (constant 2014-2016 thousand I$)","1000 Int$",2006,65574,"Meat of other domestic camelids","no"
NA,"World",NA,NA,"Meat and meat products","Gross Production Value (constant 2014-2016 thousand I$)","1000 Int$",2007,73685,"Meat of other domestic camelids","no"
NA,"World",NA,NA,"Meat and meat products","Gross Production Value (constant 2014-2016 thousand I$)","1000 Int$",2008,79060,"Meat of other domestic camelids","no"
NA,"World",NA,NA,"Meat and meat products","Gross Production Value (constant 2014-2016 thousand I$)","1000 Int$",2009,81122,"Meat of other domestic camelids","no"
NA,"World",NA,NA,"Meat and meat products","Gross Production Value (constant 2014-2016 thousand I$)","1000 Int$",2010,79384,"Meat of other domestic camelids","no"
NA,"World",NA,NA,"Meat and meat products","Gross Production Value (constant 2014-2016 thousand I$)","1000 Int$",2011,91729,"Meat of other domestic camelids","no"
NA,"World",NA,NA,"Meat and meat products","Gross Production Value (constant 2014-2016 thousand I$)","1000 Int$",2012,94884,"Meat of other domestic camelids","no"
NA,"World",NA,NA,"Meat and meat products","Gross Production Value (constant 2014-2016 thousand I$)","1000 Int$",2013,96197,"Meat of other domestic camelids","no"
NA,"World",NA,NA,"Meat and meat products","Gross Production Value (constant 2014-2016 thousand I$)","1000 Int$",2014,100779,"Meat of other domestic camelids","no"
NA,"World",NA,NA,"Meat and meat products","Gross Production Value (constant 2014-2016 thousand I$)","1000 Int$",2015,96405,"Meat of other domestic camelids","no"
NA,"World",NA,NA,"Meat and meat products","Gross Production Value (constant 2014-2016 thousand I$)","1000 Int$",2016,102393,"Meat of other domestic camelids","no"
NA,"World",NA,NA,"Meat and meat products","Gross Production Value (constant 2014-2016 thousand I$)","1000 Int$",2017,103985,"Meat of other domestic camelids","no"
NA,"World",NA,NA,"Meat and meat products","Gross Production Value (constant 2014-2016 thousand I$)","1000 Int$",2018,103222,"Meat of other domestic camelids","no"
NA,"World",NA,NA,"Meat and meat products","Gross Production Value (constant 2014-2016 thousand I$)","1000 Int$",2019,108484,"Meat of other domestic camelids","no"
NA,"World",NA,NA,"Meat and meat products","Gross Production Value (constant 2014-2016 thousand I$)","1000 Int$",2020,104798,"Meat of other domestic camelids","no"
NA,"World",NA,NA,"Meat and meat products","Gross Production Value (constant 2014-2016 thousand I$)","1000 Int$",2021,107988,"Meat of other domestic camelids","no"
NA,"World",NA,NA,"Meat and meat products","Gross Production Value (constant 2014-2016 thousand I$)","1000 Int$",2022,109521,"Meat of other domestic camelids","no"
NA,"World",NA,NA,"Meat and meat products","Gross Production Value (constant 2014-2016 thousand I$)","1000 Int$",2023,109944,"Meat of other domestic camelids","no"
NA,"World",NA,NA,"Meat and meat products","Gross Production Value (constant 2014-2016 thousand US$)","1000 USD",1992,84634,"Meat of other domestic camelids","no"
NA,"World",NA,NA,"Meat and meat products","Gross Production Value (constant 2014-2016 thousand US$)","1000 USD",1993,78236,"Meat of other domestic camelids","no"
NA,"World",NA,NA,"Meat and meat products","Gross Production Value (constant 2014-2016 thousand US$)","1000 USD",1994,77402,"Meat of other domestic camelids","no"
NA,"World",NA,NA,"Meat and meat products","Gross Production Value (constant 2014-2016 thousand US$)","1000 USD",1995,70714,"Meat of other domestic camelids","no"
NA,"World",NA,NA,"Meat and meat products","Gross Production Value (constant 2014-2016 thousand US$)","1000 USD",1996,68430,"Meat of other domestic camelids","no"
NA,"World",NA,NA,"Meat and meat products","Gross Production Value (constant 2014-2016 thousand US$)","1000 USD",1997,69950,"Meat of other domestic camelids","no"
NA,"World",NA,NA,"Meat and meat products","Gross Production Value (constant 2014-2016 thousand US$)","1000 USD",1998,73570,"Meat of other domestic camelids","no"
NA,"World",NA,NA,"Meat and meat products","Gross Production Value (constant 2014-2016 thousand US$)","1000 USD",1999,75902,"Meat of other domestic camelids","no"
NA,"World",NA,NA,"Meat and meat products","Gross Production Value (constant 2014-2016 thousand US$)","1000 USD",2000,78986,"Meat of other domestic camelids","no"
NA,"World",NA,NA,"Meat and meat products","Gross Production Value (constant 2014-2016 thousand US$)","1000 USD",2001,78992,"Meat of other domestic camelids","no"
NA,"World",NA,NA,"Meat and meat products","Gross Production Value (constant 2014-2016 thousand US$)","1000 USD",2002,84890,"Meat of other domestic camelids","no"
NA,"World",NA,NA,"Meat and meat products","Gross Production Value (constant 2014-2016 thousand US$)","1000 USD",2003,84098,"Meat of other domestic camelids","no"
NA,"World",NA,NA,"Meat and meat products","Gross Production Value (constant 2014-2016 thousand US$)","1000 USD",2004,90724,"Meat of other domestic camelids","no"
NA,"World",NA,NA,"Meat and meat products","Gross Production Value (constant 2014-2016 thousand US$)","1000 USD",2005,86974,"Meat of other domestic camelids","no"
NA,"World",NA,NA,"Meat and meat products","Gross Production Value (constant 2014-2016 thousand US$)","1000 USD",2006,88068,"Meat of other domestic camelids","no"
NA,"World",NA,NA,"Meat and meat products","Gross Production Value (constant 2014-2016 thousand US$)","1000 USD",2007,92334,"Meat of other domestic camelids","no"
NA,"World",NA,NA,"Meat and meat products","Gross Production Value (constant 2014-2016 thousand US$)","1000 USD",2008,99560,"Meat of other domestic camelids","no"
NA,"World",NA,NA,"Meat and meat products","Gross Production Value (constant 2014-2016 thousand US$)","1000 USD",2009,100000,"Meat of other domestic camelids","no"
NA,"World",NA,NA,"Meat and meat products","Gross Production Value (constant 2014-2016 thousand US$)","1000 USD",2010,99992,"Meat of other domestic camelids","no"
NA,"World",NA,NA,"Meat and meat products","Gross Production Value (constant 2014-2016 thousand US$)","1000 USD",2011,108264,"Meat of other domestic camelids","no"
NA,"World",NA,NA,"Meat and meat products","Gross Production Value (constant 2014-2016 thousand US$)","1000 USD",2012,113086,"Meat of other domestic camelids","no"
NA,"World",NA,NA,"Meat and meat products","Gross Production Value (constant 2014-2016 thousand US$)","1000 USD",2013,113369,"Meat of other domestic camelids","no"
NA,"World",NA,NA,"Meat and meat products","Gross Production Value (constant 2014-2016 thousand US$)","1000 USD",2014,120027,"Meat of other domestic camelids","no"
NA,"World",NA,NA,"Meat and meat products","Gross Production Value (constant 2014-2016 thousand US$)","1000 USD",2015,109753,"Meat of other domestic camelids","no"
NA,"World",NA,NA,"Meat and meat products","Gross Production Value (constant 2014-2016 thousand US$)","1000 USD",2016,114995,"Meat of other domestic camelids","no"
NA,"World",NA,NA,"Meat and meat products","Gross Production Value (constant 2014-2016 thousand US$)","1000 USD",2017,115296,"Meat of other domestic camelids","no"
NA,"World",NA,NA,"Meat and meat products","Gross Production Value (constant 2014-2016 thousand US$)","1000 USD",2018,114856,"Meat of other domestic camelids","no"
NA,"World",NA,NA,"Meat and meat products","Gross Production Value (constant 2014-2016 thousand US$)","1000 USD",2019,113038,"Meat of other domestic camelids","no"
NA,"World",NA,NA,"Meat and meat products","Gross Production Value (constant 2014-2016 thousand US$)","1000 USD",2020,111340,"Meat of other domestic camelids","no"
NA,"World",NA,NA,"Meat and meat products","Gross Production Value (constant 2014-2016 thousand US$)","1000 USD",2021,113678,"Meat of other domestic camelids","no"
NA,"World",NA,NA,"Meat and meat products","Gross Production Value (constant 2014-2016 thousand US$)","1000 USD",2022,115082,"Meat of other domestic camelids","no"
NA,"World",NA,NA,"Meat and meat products","Gross Production Value (constant 2014-2016 thousand US$)","1000 USD",2023,114972,"Meat of other domestic camelids","no"
NA,"World",NA,NA,"Meat and meat products","Gross Production Value (constant 2014-2016 thousand US$)","1000 USD",1992,21979,"Meat of other domestic rodents","no"
NA,"World",NA,NA,"Meat and meat products","Gross Production Value (constant 2014-2016 thousand US$)","1000 USD",1993,21979,"Meat of other domestic rodents","no"
NA,"World",NA,NA,"Meat and meat products","Gross Production Value (constant 2014-2016 thousand US$)","1000 USD",1994,21979,"Meat of other domestic rodents","no"
NA,"World",NA,NA,"Meat and meat products","Gross Production Value (constant 2014-2016 thousand US$)","1000 USD",1995,21979,"Meat of other domestic rodents","no"
NA,"World",NA,NA,"Meat and meat products","Gross Production Value (constant 2014-2016 thousand US$)","1000 USD",1996,21979,"Meat of other domestic rodents","no"
NA,"World",NA,NA,"Meat and meat products","Gross Production Value (constant 2014-2016 thousand US$)","1000 USD",1997,21979,"Meat of other domestic rodents","no"
NA,"World",NA,NA,"Meat and meat products","Gross Production Value (constant 2014-2016 thousand US$)","1000 USD",1998,18692,"Meat of other domestic rodents","no"
NA,"World",NA,NA,"Meat and meat products","Gross Production Value (constant 2014-2016 thousand US$)","1000 USD",1999,15498,"Meat of other domestic rodents","no"
NA,"World",NA,NA,"Meat and meat products","Gross Production Value (constant 2014-2016 thousand US$)","1000 USD",2000,16002,"Meat of other domestic rodents","no"
NA,"World",NA,NA,"Meat and meat products","Gross Production Value (constant 2014-2016 thousand US$)","1000 USD",2001,16064,"Meat of other domestic rodents","no"
NA,"World",NA,NA,"Meat and meat products","Gross Production Value (constant 2014-2016 thousand US$)","1000 USD",2002,16199,"Meat of other domestic rodents","no"
NA,"World",NA,NA,"Meat and meat products","Gross Production Value (constant 2014-2016 thousand US$)","1000 USD",2003,16551,"Meat of other domestic rodents","no"
NA,"World",NA,NA,"Meat and meat products","Gross Production Value (constant 2014-2016 thousand US$)","1000 USD",2004,16712,"Meat of other domestic rodents","no"
NA,"World",NA,NA,"Meat and meat products","Gross Production Value (constant 2014-2016 thousand US$)","1000 USD",2005,17121,"Meat of other domestic rodents","no"
NA,"World",NA,NA,"Meat and meat products","Gross Production Value (constant 2014-2016 thousand US$)","1000 USD",2006,17121,"Meat of other domestic rodents","no"
NA,"World",NA,NA,"Meat and meat products","Gross Production Value (constant 2014-2016 thousand US$)","1000 USD",2007,17255,"Meat of other domestic rodents","no"
NA,"World",NA,NA,"Meat and meat products","Gross Production Value (constant 2014-2016 thousand US$)","1000 USD",2008,17662,"Meat of other domestic rodents","no"
NA,"World",NA,NA,"Meat and meat products","Gross Production Value (constant 2014-2016 thousand US$)","1000 USD",2009,17879,"Meat of other domestic rodents","no"
NA,"World",NA,NA,"Meat and meat products","Gross Production Value (constant 2014-2016 thousand US$)","1000 USD",2010,17933,"Meat of other domestic rodents","no"
NA,"World",NA,NA,"Meat and meat products","Gross Production Value (constant 2014-2016 thousand US$)","1000 USD",2011,17933,"Meat of other domestic rodents","no"
NA,"World",NA,NA,"Meat and meat products","Gross Production Value (constant 2014-2016 thousand US$)","1000 USD",2012,18034,"Meat of other domestic rodents","no"
NA,"World",NA,NA,"Meat and meat products","Gross Production Value (constant 2014-2016 thousand US$)","1000 USD",2013,18034,"Meat of other domestic rodents","no"
NA,"World",NA,NA,"Meat and meat products","Gross Production Value (constant 2014-2016 thousand US$)","1000 USD",2014,18121,"Meat of other domestic rodents","no"
NA,"World",NA,NA,"Meat and meat products","Gross Production Value (constant 2014-2016 thousand US$)","1000 USD",2015,18184,"Meat of other domestic rodents","no"
NA,"World",NA,NA,"Meat and meat products","Gross Production Value (constant 2014-2016 thousand US$)","1000 USD",2016,18116,"Meat of other domestic rodents","no"
NA,"World",NA,NA,"Meat and meat products","Gross Production Value (constant 2014-2016 thousand US$)","1000 USD",2017,18087,"Meat of other domestic rodents","no"
NA,"World",NA,NA,"Meat and meat products","Gross Production Value (constant 2014-2016 thousand US$)","1000 USD",2018,18054,"Meat of other domestic rodents","no"
NA,"World",NA,NA,"Meat and meat products","Gross Production Value (constant 2014-2016 thousand US$)","1000 USD",2019,18025,"Meat of other domestic rodents","no"
NA,"World",NA,NA,"Meat and meat products","Gross Production Value (constant 2014-2016 thousand US$)","1000 USD",2020,18169,"Meat of other domestic rodents","no"
NA,"World",NA,NA,"Meat and meat products","Gross Production Value (constant 2014-2016 thousand US$)","1000 USD",2021,18172,"Meat of other domestic rodents","no"
NA,"World",NA,NA,"Meat and meat products","Gross Production Value (constant 2014-2016 thousand US$)","1000 USD",2022,18138,"Meat of other domestic rodents","no"
NA,"World",NA,NA,"Meat and meat products","Gross Production Value (constant 2014-2016 thousand US$)","1000 USD",2023,18104,"Meat of other domestic rodents","no"
NA,"World",NA,NA,"Meat and meat products","Gross Production Value (constant 2014-2016 thousand I$)","1000 Int$",1992,136721663,"Meat of pig with the bone","no"
NA,"World",NA,NA,"Meat and meat products","Gross Production Value (constant 2014-2016 thousand I$)","1000 Int$",1993,144003370,"Meat of pig with the bone","no"
NA,"World",NA,NA,"Meat and meat products","Gross Production Value (constant 2014-2016 thousand I$)","1000 Int$",1994,154188282,"Meat of pig with the bone","no"
NA,"World",NA,NA,"Meat and meat products","Gross Production Value (constant 2014-2016 thousand I$)","1000 Int$",1995,163153771,"Meat of pig with the bone","no"
NA,"World",NA,NA,"Meat and meat products","Gross Production Value (constant 2014-2016 thousand I$)","1000 Int$",1996,153512628,"Meat of pig with the bone","no"
NA,"World",NA,NA,"Meat and meat products","Gross Production Value (constant 2014-2016 thousand I$)","1000 Int$",1997,162022408,"Meat of pig with the bone","no"
NA,"World",NA,NA,"Meat and meat products","Gross Production Value (constant 2014-2016 thousand I$)","1000 Int$",1998,173149694,"Meat of pig with the bone","no"
NA,"World",NA,NA,"Meat and meat products","Gross Production Value (constant 2014-2016 thousand I$)","1000 Int$",1999,177081994,"Meat of pig with the bone","no"
NA,"World",NA,NA,"Meat and meat products","Gross Production Value (constant 2014-2016 thousand I$)","1000 Int$",2000,175036693,"Meat of pig with the bone","no"
NA,"World",NA,NA,"Meat and meat products","Gross Production Value (constant 2014-2016 thousand I$)","1000 Int$",2001,176413206,"Meat of pig with the bone","no"
NA,"World",NA,NA,"Meat and meat products","Gross Production Value (constant 2014-2016 thousand I$)","1000 Int$",2002,180739814,"Meat of pig with the bone","no"
NA,"World",NA,NA,"Meat and meat products","Gross Production Value (constant 2014-2016 thousand I$)","1000 Int$",2003,185216771,"Meat of pig with the bone","no"
NA,"World",NA,NA,"Meat and meat products","Gross Production Value (constant 2014-2016 thousand I$)","1000 Int$",2004,186863492,"Meat of pig with the bone","no"
NA,"World",NA,NA,"Meat and meat products","Gross Production Value (constant 2014-2016 thousand I$)","1000 Int$",2005,191258451,"Meat of pig with the bone","no"
NA,"World",NA,NA,"Meat and meat products","Gross Production Value (constant 2014-2016 thousand I$)","1000 Int$",2006,194489479,"Meat of pig with the bone","no"
NA,"World",NA,NA,"Meat and meat products","Gross Production Value (constant 2014-2016 thousand I$)","1000 Int$",2007,191253319,"Meat of pig with the bone","no"
NA,"World",NA,NA,"Meat and meat products","Gross Production Value (constant 2014-2016 thousand I$)","1000 Int$",2008,199250802,"Meat of pig with the bone","no"
NA,"World",NA,NA,"Meat and meat products","Gross Production Value (constant 2014-2016 thousand I$)","1000 Int$",2009,204149371,"Meat of pig with the bone","no"
NA,"World",NA,NA,"Meat and meat products","Gross Production Value (constant 2014-2016 thousand I$)","1000 Int$",2010,209737347,"Meat of pig with the bone","no"
NA,"World",NA,NA,"Meat and meat products","Gross Production Value (constant 2014-2016 thousand I$)","1000 Int$",2011,210817100,"Meat of pig with the bone","no"
NA,"World",NA,NA,"Meat and meat products","Gross Production Value (constant 2014-2016 thousand I$)","1000 Int$",2012,217419200,"Meat of pig with the bone","no"
NA,"World",NA,NA,"Meat and meat products","Gross Production Value (constant 2014-2016 thousand I$)","1000 Int$",2013,221329090,"Meat of pig with the bone","no"
NA,"World",NA,NA,"Meat and meat products","Gross Production Value (constant 2014-2016 thousand I$)","1000 Int$",2014,225116947,"Meat of pig with the bone","no"
NA,"World",NA,NA,"Meat and meat products","Gross Production Value (constant 2014-2016 thousand I$)","1000 Int$",2015,229576836,"Meat of pig with the bone","no"
NA,"World",NA,NA,"Meat and meat products","Gross Production Value (constant 2014-2016 thousand I$)","1000 Int$",2016,228475478,"Meat of pig with the bone","no"
NA,"World",NA,NA,"Meat and meat products","Gross Production Value (constant 2014-2016 thousand I$)","1000 Int$",2017,230338537,"Meat of pig with the bone","no"
NA,"World",NA,NA,"Meat and meat products","Gross Production Value (constant 2014-2016 thousand I$)","1000 Int$",2018,230958491,"Meat of pig with the bone","no"
NA,"World",NA,NA,"Meat and meat products","Gross Production Value (constant 2014-2016 thousand I$)","1000 Int$",2019,209868514,"Meat of pig with the bone","no"
NA,"World",NA,NA,"Meat and meat products","Gross Production Value (constant 2014-2016 thousand I$)","1000 Int$",2020,209687699,"Meat of pig with the bone","no"
NA,"World",NA,NA,"Meat and meat products","Gross Production Value (constant 2014-2016 thousand I$)","1000 Int$",2021,234422968,"Meat of pig with the bone","no"
NA,"World",NA,NA,"Meat and meat products","Gross Production Value (constant 2014-2016 thousand I$)","1000 Int$",2022,238465886,"Meat of pig with the bone","no"
NA,"World",NA,NA,"Meat and meat products","Gross Production Value (constant 2014-2016 thousand I$)","1000 Int$",2023,241799529,"Meat of pig with the bone","no"
NA,"World",NA,NA,"Meat and meat products","Gross Production Value (constant 2014-2016 thousand US$)","1000 USD",1992,313737165,"Meat of pig with the bone","no"
NA,"World",NA,NA,"Meat and meat products","Gross Production Value (constant 2014-2016 thousand US$)","1000 USD",1993,333527502,"Meat of pig with the bone","no"
NA,"World",NA,NA,"Meat and meat products","Gross Production Value (constant 2014-2016 thousand US$)","1000 USD",1994,357859936,"Meat of pig with the bone","no"
NA,"World",NA,NA,"Meat and meat products","Gross Production Value (constant 2014-2016 thousand US$)","1000 USD",1995,380676208,"Meat of pig with the bone","no"
NA,"World",NA,NA,"Meat and meat products","Gross Production Value (constant 2014-2016 thousand US$)","1000 USD",1996,353790198,"Meat of pig with the bone","no"
NA,"World",NA,NA,"Meat and meat products","Gross Production Value (constant 2014-2016 thousand US$)","1000 USD",1997,378441299,"Meat of pig with the bone","no"
NA,"World",NA,NA,"Meat and meat products","Gross Production Value (constant 2014-2016 thousand US$)","1000 USD",1998,404679627,"Meat of pig with the bone","no"
NA,"World",NA,NA,"Meat and meat products","Gross Production Value (constant 2014-2016 thousand US$)","1000 USD",1999,413699384,"Meat of pig with the bone","no"
NA,"World",NA,NA,"Meat and meat products","Gross Production Value (constant 2014-2016 thousand US$)","1000 USD",2000,411213692,"Meat of pig with the bone","no"
NA,"World",NA,NA,"Meat and meat products","Gross Production Value (constant 2014-2016 thousand US$)","1000 USD",2001,415404332,"Meat of pig with the bone","no"
NA,"World",NA,NA,"Meat and meat products","Gross Production Value (constant 2014-2016 thousand US$)","1000 USD",2002,425222437,"Meat of pig with the bone","no"
NA,"World",NA,NA,"Meat and meat products","Gross Production Value (constant 2014-2016 thousand US$)","1000 USD",2003,437055263,"Meat of pig with the bone","no"
NA,"World",NA,NA,"Meat and meat products","Gross Production Value (constant 2014-2016 thousand US$)","1000 USD",2004,441438503,"Meat of pig with the bone","no"
NA,"World",NA,NA,"Meat and meat products","Gross Production Value (constant 2014-2016 thousand US$)","1000 USD",2005,453271267,"Meat of pig with the bone","no"
NA,"World",NA,NA,"Meat and meat products","Gross Production Value (constant 2014-2016 thousand US$)","1000 USD",2006,464637877,"Meat of pig with the bone","no"
NA,"World",NA,NA,"Meat and meat products","Gross Production Value (constant 2014-2016 thousand US$)","1000 USD",2007,452728555,"Meat of pig with the bone","no"
NA,"World",NA,NA,"Meat and meat products","Gross Production Value (constant 2014-2016 thousand US$)","1000 USD",2008,473490189,"Meat of pig with the bone","no"
NA,"World",NA,NA,"Meat and meat products","Gross Production Value (constant 2014-2016 thousand US$)","1000 USD",2009,488156268,"Meat of pig with the bone","no"
NA,"World",NA,NA,"Meat and meat products","Gross Production Value (constant 2014-2016 thousand US$)","1000 USD",2010,502310609,"Meat of pig with the bone","no"
NA,"World",NA,NA,"Meat and meat products","Gross Production Value (constant 2014-2016 thousand US$)","1000 USD",2011,502726899,"Meat of pig with the bone","no"
NA,"World",NA,NA,"Meat and meat products","Gross Production Value (constant 2014-2016 thousand US$)","1000 USD",2012,522543121,"Meat of pig with the bone","no"
NA,"World",NA,NA,"Meat and meat products","Gross Production Value (constant 2014-2016 thousand US$)","1000 USD",2013,533433284,"Meat of pig with the bone","no"
NA,"World",NA,NA,"Meat and meat products","Gross Production Value (constant 2014-2016 thousand US$)","1000 USD",2014,542644615,"Meat of pig with the bone","no"
NA,"World",NA,NA,"Meat and meat products","Gross Production Value (constant 2014-2016 thousand US$)","1000 USD",2015,551656276,"Meat of pig with the bone","no"
NA,"World",NA,NA,"Meat and meat products","Gross Production Value (constant 2014-2016 thousand US$)","1000 USD",2016,546616977,"Meat of pig with the bone","no"
NA,"World",NA,NA,"Meat and meat products","Gross Production Value (constant 2014-2016 thousand US$)","1000 USD",2017,550488260,"Meat of pig with the bone","no"
NA,"World",NA,NA,"Meat and meat products","Gross Production Value (constant 2014-2016 thousand US$)","1000 USD",2018,553483344,"Meat of pig with the bone","no"
NA,"World",NA,NA,"Meat and meat products","Gross Production Value (constant 2014-2016 thousand US$)","1000 USD",2019,493327037,"Meat of pig with the bone","no"
NA,"World",NA,NA,"Meat and meat products","Gross Production Value (constant 2014-2016 thousand US$)","1000 USD",2020,490757939,"Meat of pig with the bone","no"
NA,"World",NA,NA,"Meat and meat products","Gross Production Value (constant 2014-2016 thousand US$)","1000 USD",2021,556797862,"Meat of pig with the bone","no"
NA,"World",NA,NA,"Meat and meat products","Gross Production Value (constant 2014-2016 thousand US$)","1000 USD",2022,568712198,"Meat of pig with the bone","no"
NA,"World",NA,NA,"Meat and meat products","Gross Production Value (constant 2014-2016 thousand US$)","1000 USD",2023,579511034,"Meat of pig with the bone","no"
NA,"World",NA,NA,"Meat and meat products","Gross Production Value (constant 2014-2016 thousand I$)","1000 Int$",1992,52649,"Meat of pigeons and other birds n.e.c.","no"
NA,"World",NA,NA,"Meat and meat products","Gross Production Value (constant 2014-2016 thousand I$)","1000 Int$",1993,55521,"Meat of pigeons and other birds n.e.c.","no"
NA,"World",NA,NA,"Meat and meat products","Gross Production Value (constant 2014-2016 thousand I$)","1000 Int$",1994,55575,"Meat of pigeons and other birds n.e.c.","no"
NA,"World",NA,NA,"Meat and meat products","Gross Production Value (constant 2014-2016 thousand I$)","1000 Int$",1995,58532,"Meat of pigeons and other birds n.e.c.","no"
NA,"World",NA,NA,"Meat and meat products","Gross Production Value (constant 2014-2016 thousand I$)","1000 Int$",1996,62489,"Meat of pigeons and other birds n.e.c.","no"
NA,"World",NA,NA,"Meat and meat products","Gross Production Value (constant 2014-2016 thousand I$)","1000 Int$",1997,65449,"Meat of pigeons and other birds n.e.c.","no"
NA,"World",NA,NA,"Meat and meat products","Gross Production Value (constant 2014-2016 thousand I$)","1000 Int$",1998,64879,"Meat of pigeons and other birds n.e.c.","no"
NA,"World",NA,NA,"Meat and meat products","Gross Production Value (constant 2014-2016 thousand I$)","1000 Int$",1999,67814,"Meat of pigeons and other birds n.e.c.","no"
NA,"World",NA,NA,"Meat and meat products","Gross Production Value (constant 2014-2016 thousand I$)","1000 Int$",2000,70332,"Meat of pigeons and other birds n.e.c.","no"
NA,"World",NA,NA,"Meat and meat products","Gross Production Value (constant 2014-2016 thousand I$)","1000 Int$",2001,71612,"Meat of pigeons and other birds n.e.c.","no"
NA,"World",NA,NA,"Meat and meat products","Gross Production Value (constant 2014-2016 thousand I$)","1000 Int$",2002,72332,"Meat of pigeons and other birds n.e.c.","no"
NA,"World",NA,NA,"Meat and meat products","Gross Production Value (constant 2014-2016 thousand I$)","1000 Int$",2003,74509,"Meat of pigeons and other birds n.e.c.","no"
NA,"World",NA,NA,"Meat and meat products","Gross Production Value (constant 2014-2016 thousand I$)","1000 Int$",2004,75030,"Meat of pigeons and other birds n.e.c.","no"
NA,"World",NA,NA,"Meat and meat products","Gross Production Value (constant 2014-2016 thousand I$)","1000 Int$",2005,75407,"Meat of pigeons and other birds n.e.c.","no"
NA,"World",NA,NA,"Meat and meat products","Gross Production Value (constant 2014-2016 thousand I$)","1000 Int$",2006,76393,"Meat of pigeons and other birds n.e.c.","no"
NA,"World",NA,NA,"Meat and meat products","Gross Production Value (constant 2014-2016 thousand I$)","1000 Int$",2007,78677,"Meat of pigeons and other birds n.e.c.","no"
NA,"World",NA,NA,"Meat and meat products","Gross Production Value (constant 2014-2016 thousand I$)","1000 Int$",2008,79160,"Meat of pigeons and other birds n.e.c.","no"
NA,"World",NA,NA,"Meat and meat products","Gross Production Value (constant 2014-2016 thousand I$)","1000 Int$",2009,79426,"Meat of pigeons and other birds n.e.c.","no"
NA,"World",NA,NA,"Meat and meat products","Gross Production Value (constant 2014-2016 thousand I$)","1000 Int$",2010,80292,"Meat of pigeons and other birds n.e.c.","no"
NA,"World",NA,NA,"Meat and meat products","Gross Production Value (constant 2014-2016 thousand I$)","1000 Int$",2011,80375,"Meat of pigeons and other birds n.e.c.","no"
NA,"World",NA,NA,"Meat and meat products","Gross Production Value (constant 2014-2016 thousand I$)","1000 Int$",2012,82319,"Meat of pigeons and other birds n.e.c.","no"
NA,"World",NA,NA,"Meat and meat products","Gross Production Value (constant 2014-2016 thousand I$)","1000 Int$",2013,86440,"Meat of pigeons and other birds n.e.c.","no"
NA,"World",NA,NA,"Meat and meat products","Gross Production Value (constant 2014-2016 thousand I$)","1000 Int$",2014,83974,"Meat of pigeons and other birds n.e.c.","no"
NA,"World",NA,NA,"Meat and meat products","Gross Production Value (constant 2014-2016 thousand I$)","1000 Int$",2015,82359,"Meat of pigeons and other birds n.e.c.","no"
NA,"World",NA,NA,"Meat and meat products","Gross Production Value (constant 2014-2016 thousand I$)","1000 Int$",2016,79956,"Meat of pigeons and other birds n.e.c.","no"
NA,"World",NA,NA,"Meat and meat products","Gross Production Value (constant 2014-2016 thousand I$)","1000 Int$",2017,72215,"Meat of pigeons and other birds n.e.c.","no"
NA,"World",NA,NA,"Meat and meat products","Gross Production Value (constant 2014-2016 thousand I$)","1000 Int$",2018,72872,"Meat of pigeons and other birds n.e.c.","no"
NA,"World",NA,NA,"Meat and meat products","Gross Production Value (constant 2014-2016 thousand I$)","1000 Int$",2019,72802,"Meat of pigeons and other birds n.e.c.","no"
NA,"World",NA,NA,"Meat and meat products","Gross Production Value (constant 2014-2016 thousand I$)","1000 Int$",2020,71779,"Meat of pigeons and other birds n.e.c.","no"
NA,"World",NA,NA,"Meat and meat products","Gross Production Value (constant 2014-2016 thousand I$)","1000 Int$",2021,72485,"Meat of pigeons and other birds n.e.c.","no"
NA,"World",NA,NA,"Meat and meat products","Gross Production Value (constant 2014-2016 thousand I$)","1000 Int$",2022,72355,"Meat of pigeons and other birds n.e.c.","no"
NA,"World",NA,NA,"Meat and meat products","Gross Production Value (constant 2014-2016 thousand I$)","1000 Int$",2023,72260,"Meat of pigeons and other birds n.e.c.","no"
NA,"World",NA,NA,"Meat and meat products","Gross Production Value (constant 2014-2016 thousand US$)","1000 USD",1992,131610,"Meat of pigeons and other birds n.e.c.","no"
NA,"World",NA,NA,"Meat and meat products","Gross Production Value (constant 2014-2016 thousand US$)","1000 USD",1993,136622,"Meat of pigeons and other birds n.e.c.","no"
NA,"World",NA,NA,"Meat and meat products","Gross Production Value (constant 2014-2016 thousand US$)","1000 USD",1994,136506,"Meat of pigeons and other birds n.e.c.","no"
NA,"World",NA,NA,"Meat and meat products","Gross Production Value (constant 2014-2016 thousand US$)","1000 USD",1995,142770,"Meat of pigeons and other birds n.e.c.","no"
NA,"World",NA,NA,"Meat and meat products","Gross Production Value (constant 2014-2016 thousand US$)","1000 USD",1996,148950,"Meat of pigeons and other birds n.e.c.","no"
NA,"World",NA,NA,"Meat and meat products","Gross Production Value (constant 2014-2016 thousand US$)","1000 USD",1997,152882,"Meat of pigeons and other birds n.e.c.","no"
NA,"World",NA,NA,"Meat and meat products","Gross Production Value (constant 2014-2016 thousand US$)","1000 USD",1998,155254,"Meat of pigeons and other birds n.e.c.","no"
NA,"World",NA,NA,"Meat and meat products","Gross Production Value (constant 2014-2016 thousand US$)","1000 USD",1999,160122,"Meat of pigeons and other birds n.e.c.","no"
NA,"World",NA,NA,"Meat and meat products","Gross Production Value (constant 2014-2016 thousand US$)","1000 USD",2000,162250,"Meat of pigeons and other birds n.e.c.","no"
NA,"World",NA,NA,"Meat and meat products","Gross Production Value (constant 2014-2016 thousand US$)","1000 USD",2001,163602,"Meat of pigeons and other birds n.e.c.","no"
NA,"World",NA,NA,"Meat and meat products","Gross Production Value (constant 2014-2016 thousand US$)","1000 USD",2002,163810,"Meat of pigeons and other birds n.e.c.","no"
NA,"World",NA,NA,"Meat and meat products","Gross Production Value (constant 2014-2016 thousand US$)","1000 USD",2003,164420,"Meat of pigeons and other birds n.e.c.","no"
NA,"World",NA,NA,"Meat and meat products","Gross Production Value (constant 2014-2016 thousand US$)","1000 USD",2004,164600,"Meat of pigeons and other birds n.e.c.","no"
NA,"World",NA,NA,"Meat and meat products","Gross Production Value (constant 2014-2016 thousand US$)","1000 USD",2005,164742,"Meat of pigeons and other birds n.e.c.","no"
NA,"World",NA,NA,"Meat and meat products","Gross Production Value (constant 2014-2016 thousand US$)","1000 USD",2006,165040,"Meat of pigeons and other birds n.e.c.","no"
NA,"World",NA,NA,"Meat and meat products","Gross Production Value (constant 2014-2016 thousand US$)","1000 USD",2007,165912,"Meat of pigeons and other birds n.e.c.","no"
NA,"World",NA,NA,"Meat and meat products","Gross Production Value (constant 2014-2016 thousand US$)","1000 USD",2008,165566,"Meat of pigeons and other birds n.e.c.","no"
NA,"World",NA,NA,"Meat and meat products","Gross Production Value (constant 2014-2016 thousand US$)","1000 USD",2009,165280,"Meat of pigeons and other birds n.e.c.","no"
NA,"World",NA,NA,"Meat and meat products","Gross Production Value (constant 2014-2016 thousand US$)","1000 USD",2010,165466,"Meat of pigeons and other birds n.e.c.","no"
NA,"World",NA,NA,"Meat and meat products","Gross Production Value (constant 2014-2016 thousand US$)","1000 USD",2011,165474,"Meat of pigeons and other birds n.e.c.","no"
NA,"World",NA,NA,"Meat and meat products","Gross Production Value (constant 2014-2016 thousand US$)","1000 USD",2012,171446,"Meat of pigeons and other birds n.e.c.","no"
NA,"World",NA,NA,"Meat and meat products","Gross Production Value (constant 2014-2016 thousand US$)","1000 USD",2013,181936,"Meat of pigeons and other birds n.e.c.","no"
NA,"World",NA,NA,"Meat and meat products","Gross Production Value (constant 2014-2016 thousand US$)","1000 USD",2014,173890,"Meat of pigeons and other birds n.e.c.","no"
NA,"World",NA,NA,"Meat and meat products","Gross Production Value (constant 2014-2016 thousand US$)","1000 USD",2015,169779,"Meat of pigeons and other birds n.e.c.","no"
NA,"World",NA,NA,"Meat and meat products","Gross Production Value (constant 2014-2016 thousand US$)","1000 USD",2016,164051,"Meat of pigeons and other birds n.e.c.","no"
NA,"World",NA,NA,"Meat and meat products","Gross Production Value (constant 2014-2016 thousand US$)","1000 USD",2017,141224,"Meat of pigeons and other birds n.e.c.","no"
NA,"World",NA,NA,"Meat and meat products","Gross Production Value (constant 2014-2016 thousand US$)","1000 USD",2018,151712,"Meat of pigeons and other birds n.e.c.","no"
NA,"World",NA,NA,"Meat and meat products","Gross Production Value (constant 2014-2016 thousand US$)","1000 USD",2019,151528,"Meat of pigeons and other birds n.e.c.","no"
NA,"World",NA,NA,"Meat and meat products","Gross Production Value (constant 2014-2016 thousand US$)","1000 USD",2020,147862,"Meat of pigeons and other birds n.e.c.","no"
NA,"World",NA,NA,"Meat and meat products","Gross Production Value (constant 2014-2016 thousand US$)","1000 USD",2021,148504,"Meat of pigeons and other birds n.e.c.","no"
NA,"World",NA,NA,"Meat and meat products","Gross Production Value (constant 2014-2016 thousand US$)","1000 USD",2022,147121,"Meat of pigeons and other birds n.e.c.","no"
NA,"World",NA,NA,"Meat and meat products","Gross Production Value (constant 2014-2016 thousand US$)","1000 USD",2023,145744,"Meat of pigeons and other birds n.e.c.","no"
NA,"World",NA,NA,"Meat and meat products","Gross Production Value (constant 2014-2016 thousand I$)","1000 Int$",1992,1354840,"Meat of rabbits and hares","no"
NA,"World",NA,NA,"Meat and meat products","Gross Production Value (constant 2014-2016 thousand I$)","1000 Int$",1993,1431606,"Meat of rabbits and hares","no"
NA,"World",NA,NA,"Meat and meat products","Gross Production Value (constant 2014-2016 thousand I$)","1000 Int$",1994,1553640,"Meat of rabbits and hares","no"
NA,"World",NA,NA,"Meat and meat products","Gross Production Value (constant 2014-2016 thousand I$)","1000 Int$",1995,1623927,"Meat of rabbits and hares","no"
NA,"World",NA,NA,"Meat and meat products","Gross Production Value (constant 2014-2016 thousand I$)","1000 Int$",1996,1770075,"Meat of rabbits and hares","no"
NA,"World",NA,NA,"Meat and meat products","Gross Production Value (constant 2014-2016 thousand I$)","1000 Int$",1997,1675970,"Meat of rabbits and hares","no"
NA,"World",NA,NA,"Meat and meat products","Gross Production Value (constant 2014-2016 thousand I$)","1000 Int$",1998,1765326,"Meat of rabbits and hares","no"
NA,"World",NA,NA,"Meat and meat products","Gross Production Value (constant 2014-2016 thousand I$)","1000 Int$",1999,1747771,"Meat of rabbits and hares","no"
NA,"World",NA,NA,"Meat and meat products","Gross Production Value (constant 2014-2016 thousand I$)","1000 Int$",2000,1964625,"Meat of rabbits and hares","no"
NA,"World",NA,NA,"Meat and meat products","Gross Production Value (constant 2014-2016 thousand I$)","1000 Int$",2001,2146803,"Meat of rabbits and hares","no"
NA,"World",NA,NA,"Meat and meat products","Gross Production Value (constant 2014-2016 thousand I$)","1000 Int$",2002,2198982,"Meat of rabbits and hares","no"
NA,"World",NA,NA,"Meat and meat products","Gross Production Value (constant 2014-2016 thousand I$)","1000 Int$",2003,2200761,"Meat of rabbits and hares","no"
NA,"World",NA,NA,"Meat and meat products","Gross Production Value (constant 2014-2016 thousand I$)","1000 Int$",2004,2189471,"Meat of rabbits and hares","no"
NA,"World",NA,NA,"Meat and meat products","Gross Production Value (constant 2014-2016 thousand I$)","1000 Int$",2005,2289503,"Meat of rabbits and hares","no"
NA,"World",NA,NA,"Meat and meat products","Gross Production Value (constant 2014-2016 thousand I$)","1000 Int$",2006,2368792,"Meat of rabbits and hares","no"
NA,"World",NA,NA,"Meat and meat products","Gross Production Value (constant 2014-2016 thousand I$)","1000 Int$",2007,2538199,"Meat of rabbits and hares","no"
NA,"World",NA,NA,"Meat and meat products","Gross Production Value (constant 2014-2016 thousand I$)","1000 Int$",2008,2482557,"Meat of rabbits and hares","no"
NA,"World",NA,NA,"Meat and meat products","Gross Production Value (constant 2014-2016 thousand I$)","1000 Int$",2009,2602464,"Meat of rabbits and hares","no"
NA,"World",NA,NA,"Meat and meat products","Gross Production Value (constant 2014-2016 thousand I$)","1000 Int$",2010,2753191,"Meat of rabbits and hares","no"
NA,"World",NA,NA,"Meat and meat products","Gross Production Value (constant 2014-2016 thousand I$)","1000 Int$",2011,2910940,"Meat of rabbits and hares","no"
NA,"World",NA,NA,"Meat and meat products","Gross Production Value (constant 2014-2016 thousand I$)","1000 Int$",2012,2901248,"Meat of rabbits and hares","no"
NA,"World",NA,NA,"Meat and meat products","Gross Production Value (constant 2014-2016 thousand I$)","1000 Int$",2013,3004611,"Meat of rabbits and hares","no"
NA,"World",NA,NA,"Meat and meat products","Gross Production Value (constant 2014-2016 thousand I$)","1000 Int$",2014,3039874,"Meat of rabbits and hares","no"
NA,"World",NA,NA,"Meat and meat products","Gross Production Value (constant 2014-2016 thousand I$)","1000 Int$",2015,3033995,"Meat of rabbits and hares","no"
NA,"World",NA,NA,"Meat and meat products","Gross Production Value (constant 2014-2016 thousand I$)","1000 Int$",2016,2660841,"Meat of rabbits and hares","no"
NA,"World",NA,NA,"Meat and meat products","Gross Production Value (constant 2014-2016 thousand I$)","1000 Int$",2017,2215197,"Meat of rabbits and hares","no"
NA,"World",NA,NA,"Meat and meat products","Gross Production Value (constant 2014-2016 thousand I$)","1000 Int$",2018,2124010,"Meat of rabbits and hares","no"
NA,"World",NA,NA,"Meat and meat products","Gross Production Value (constant 2014-2016 thousand I$)","1000 Int$",2019,2153595,"Meat of rabbits and hares","no"
NA,"World",NA,NA,"Meat and meat products","Gross Production Value (constant 2014-2016 thousand I$)","1000 Int$",2020,2125639,"Meat of rabbits and hares","no"
NA,"World",NA,NA,"Meat and meat products","Gross Production Value (constant 2014-2016 thousand I$)","1000 Int$",2021,2027064,"Meat of rabbits and hares","no"
NA,"World",NA,NA,"Meat and meat products","Gross Production Value (constant 2014-2016 thousand I$)","1000 Int$",2022,1753963,"Meat of rabbits and hares","no"
NA,"World",NA,NA,"Meat and meat products","Gross Production Value (constant 2014-2016 thousand I$)","1000 Int$",2023,1581905,"Meat of rabbits and hares","no"
NA,"World",NA,NA,"Meat and meat products","Gross Production Value (constant 2014-2016 thousand US$)","1000 USD",1992,3723407,"Meat of rabbits and hares","no"
NA,"World",NA,NA,"Meat and meat products","Gross Production Value (constant 2014-2016 thousand US$)","1000 USD",1993,4217204,"Meat of rabbits and hares","no"
NA,"World",NA,NA,"Meat and meat products","Gross Production Value (constant 2014-2016 thousand US$)","1000 USD",1994,4485951,"Meat of rabbits and hares","no"
NA,"World",NA,NA,"Meat and meat products","Gross Production Value (constant 2014-2016 thousand US$)","1000 USD",1995,4655575,"Meat of rabbits and hares","no"
NA,"World",NA,NA,"Meat and meat products","Gross Production Value (constant 2014-2016 thousand US$)","1000 USD",1996,4960176,"Meat of rabbits and hares","no"
NA,"World",NA,NA,"Meat and meat products","Gross Production Value (constant 2014-2016 thousand US$)","1000 USD",1997,4712169,"Meat of rabbits and hares","no"
NA,"World",NA,NA,"Meat and meat products","Gross Production Value (constant 2014-2016 thousand US$)","1000 USD",1998,5007524,"Meat of rabbits and hares","no"
NA,"World",NA,NA,"Meat and meat products","Gross Production Value (constant 2014-2016 thousand US$)","1000 USD",1999,4973268,"Meat of rabbits and hares","no"
NA,"World",NA,NA,"Meat and meat products","Gross Production Value (constant 2014-2016 thousand US$)","1000 USD",2000,5408158,"Meat of rabbits and hares","no"
NA,"World",NA,NA,"Meat and meat products","Gross Production Value (constant 2014-2016 thousand US$)","1000 USD",2001,5653563,"Meat of rabbits and hares","no"
NA,"World",NA,NA,"Meat and meat products","Gross Production Value (constant 2014-2016 thousand US$)","1000 USD",2002,5662489,"Meat of rabbits and hares","no"
NA,"World",NA,NA,"Meat and meat products","Gross Production Value (constant 2014-2016 thousand US$)","1000 USD",2003,5654128,"Meat of rabbits and hares","no"
NA,"World",NA,NA,"Meat and meat products","Gross Production Value (constant 2014-2016 thousand US$)","1000 USD",2004,5783297,"Meat of rabbits and hares","no"
NA,"World",NA,NA,"Meat and meat products","Gross Production Value (constant 2014-2016 thousand US$)","1000 USD",2005,6111368,"Meat of rabbits and hares","no"
NA,"World",NA,NA,"Meat and meat products","Gross Production Value (constant 2014-2016 thousand US$)","1000 USD",2006,6243729,"Meat of rabbits and hares","no"
NA,"World",NA,NA,"Meat and meat products","Gross Production Value (constant 2014-2016 thousand US$)","1000 USD",2007,6641094,"Meat of rabbits and hares","no"
NA,"World",NA,NA,"Meat and meat products","Gross Production Value (constant 2014-2016 thousand US$)","1000 USD",2008,6404495,"Meat of rabbits and hares","no"
NA,"World",NA,NA,"Meat and meat products","Gross Production Value (constant 2014-2016 thousand US$)","1000 USD",2009,6639157,"Meat of rabbits and hares","no"
NA,"World",NA,NA,"Meat and meat products","Gross Production Value (constant 2014-2016 thousand US$)","1000 USD",2010,7083610,"Meat of rabbits and hares","no"
NA,"World",NA,NA,"Meat and meat products","Gross Production Value (constant 2014-2016 thousand US$)","1000 USD",2011,7412761,"Meat of rabbits and hares","no"
NA,"World",NA,NA,"Meat and meat products","Gross Production Value (constant 2014-2016 thousand US$)","1000 USD",2012,7364335,"Meat of rabbits and hares","no"
NA,"World",NA,NA,"Meat and meat products","Gross Production Value (constant 2014-2016 thousand US$)","1000 USD",2013,7645211,"Meat of rabbits and hares","no"
NA,"World",NA,NA,"Meat and meat products","Gross Production Value (constant 2014-2016 thousand US$)","1000 USD",2014,7723385,"Meat of rabbits and hares","no"
NA,"World",NA,NA,"Meat and meat products","Gross Production Value (constant 2014-2016 thousand US$)","1000 USD",2015,7686740,"Meat of rabbits and hares","no"
NA,"World",NA,NA,"Meat and meat products","Gross Production Value (constant 2014-2016 thousand US$)","1000 USD",2016,6576618,"Meat of rabbits and hares","no"
NA,"World",NA,NA,"Meat and meat products","Gross Production Value (constant 2014-2016 thousand US$)","1000 USD",2017,5246604,"Meat of rabbits and hares","no"
NA,"World",NA,NA,"Meat and meat products","Gross Production Value (constant 2014-2016 thousand US$)","1000 USD",2018,4981178,"Meat of rabbits and hares","no"
NA,"World",NA,NA,"Meat and meat products","Gross Production Value (constant 2014-2016 thousand US$)","1000 USD",2019,4968940,"Meat of rabbits and hares","no"
NA,"World",NA,NA,"Meat and meat products","Gross Production Value (constant 2014-2016 thousand US$)","1000 USD",2020,5001559,"Meat of rabbits and hares","no"
NA,"World",NA,NA,"Meat and meat products","Gross Production Value (constant 2014-2016 thousand US$)","1000 USD",2021,4824494,"Meat of rabbits and hares","no"
NA,"World",NA,NA,"Meat and meat products","Gross Production Value (constant 2014-2016 thousand US$)","1000 USD",2022,3839715,"Meat of rabbits and hares","no"
NA,"World",NA,NA,"Meat and meat products","Gross Production Value (constant 2014-2016 thousand US$)","1000 USD",2023,3313912,"Meat of rabbits and hares","no"
NA,"World",NA,NA,"Meat and meat products","Gross Production Value (constant 2014-2016 thousand I$)","1000 Int$",1992,28023328,"Meat of sheep","no"
NA,"World",NA,NA,"Meat and meat products","Gross Production Value (constant 2014-2016 thousand I$)","1000 Int$",1993,28830479,"Meat of sheep","no"
NA,"World",NA,NA,"Meat and meat products","Gross Production Value (constant 2014-2016 thousand I$)","1000 Int$",1994,30836878,"Meat of sheep","no"
NA,"World",NA,NA,"Meat and meat products","Gross Production Value (constant 2014-2016 thousand I$)","1000 Int$",1995,30924859,"Meat of sheep","no"
NA,"World",NA,NA,"Meat and meat products","Gross Production Value (constant 2014-2016 thousand I$)","1000 Int$",1996,30120753,"Meat of sheep","no"
NA,"World",NA,NA,"Meat and meat products","Gross Production Value (constant 2014-2016 thousand I$)","1000 Int$",1997,31028919,"Meat of sheep","no"
NA,"World",NA,NA,"Meat and meat products","Gross Production Value (constant 2014-2016 thousand I$)","1000 Int$",1998,32653512,"Meat of sheep","no"
NA,"World",NA,NA,"Meat and meat products","Gross Production Value (constant 2014-2016 thousand I$)","1000 Int$",1999,33087137,"Meat of sheep","no"
NA,"World",NA,NA,"Meat and meat products","Gross Production Value (constant 2014-2016 thousand I$)","1000 Int$",2000,33845311,"Meat of sheep","no"
NA,"World",NA,NA,"Meat and meat products","Gross Production Value (constant 2014-2016 thousand I$)","1000 Int$",2001,34827323,"Meat of sheep","no"
NA,"World",NA,NA,"Meat and meat products","Gross Production Value (constant 2014-2016 thousand I$)","1000 Int$",2002,34135469,"Meat of sheep","no"
NA,"World",NA,NA,"Meat and meat products","Gross Production Value (constant 2014-2016 thousand I$)","1000 Int$",2003,34826870,"Meat of sheep","no"
NA,"World",NA,NA,"Meat and meat products","Gross Production Value (constant 2014-2016 thousand I$)","1000 Int$",2004,35546619,"Meat of sheep","no"
NA,"World",NA,NA,"Meat and meat products","Gross Production Value (constant 2014-2016 thousand I$)","1000 Int$",2005,36612133,"Meat of sheep","no"
NA,"World",NA,NA,"Meat and meat products","Gross Production Value (constant 2014-2016 thousand I$)","1000 Int$",2006,37576040,"Meat of sheep","no"
NA,"World",NA,NA,"Meat and meat products","Gross Production Value (constant 2014-2016 thousand I$)","1000 Int$",2007,39054071,"Meat of sheep","no"
NA,"World",NA,NA,"Meat and meat products","Gross Production Value (constant 2014-2016 thousand I$)","1000 Int$",2008,38825625,"Meat of sheep","no"
NA,"World",NA,NA,"Meat and meat products","Gross Production Value (constant 2014-2016 thousand I$)","1000 Int$",2009,38984350,"Meat of sheep","no"
NA,"World",NA,NA,"Meat and meat products","Gross Production Value (constant 2014-2016 thousand I$)","1000 Int$",2010,39228712,"Meat of sheep","no"
NA,"World",NA,NA,"Meat and meat products","Gross Production Value (constant 2014-2016 thousand I$)","1000 Int$",2011,39700084,"Meat of sheep","no"
NA,"World",NA,NA,"Meat and meat products","Gross Production Value (constant 2014-2016 thousand I$)","1000 Int$",2012,39912310,"Meat of sheep","no"
NA,"World",NA,NA,"Meat and meat products","Gross Production Value (constant 2014-2016 thousand I$)","1000 Int$",2013,41443525,"Meat of sheep","no"
NA,"World",NA,NA,"Meat and meat products","Gross Production Value (constant 2014-2016 thousand I$)","1000 Int$",2014,42691419,"Meat of sheep","no"
NA,"World",NA,NA,"Meat and meat products","Gross Production Value (constant 2014-2016 thousand I$)","1000 Int$",2015,44020948,"Meat of sheep","no"
NA,"World",NA,NA,"Meat and meat products","Gross Production Value (constant 2014-2016 thousand I$)","1000 Int$",2016,44854225,"Meat of sheep","no"
NA,"World",NA,NA,"Meat and meat products","Gross Production Value (constant 2014-2016 thousand I$)","1000 Int$",2017,44912188,"Meat of sheep","no"
NA,"World",NA,NA,"Meat and meat products","Gross Production Value (constant 2014-2016 thousand I$)","1000 Int$",2018,45482856,"Meat of sheep","no"
NA,"World",NA,NA,"Meat and meat products","Gross Production Value (constant 2014-2016 thousand I$)","1000 Int$",2019,46549254,"Meat of sheep","no"
NA,"World",NA,NA,"Meat and meat products","Gross Production Value (constant 2014-2016 thousand I$)","1000 Int$",2020,48257732,"Meat of sheep","no"
NA,"World",NA,NA,"Meat and meat products","Gross Production Value (constant 2014-2016 thousand I$)","1000 Int$",2021,49244269,"Meat of sheep","no"
NA,"World",NA,NA,"Meat and meat products","Gross Production Value (constant 2014-2016 thousand I$)","1000 Int$",2022,51021959,"Meat of sheep","no"
NA,"World",NA,NA,"Meat and meat products","Gross Production Value (constant 2014-2016 thousand I$)","1000 Int$",2023,51987377,"Meat of sheep","no"
NA,"World",NA,NA,"Meat and meat products","Gross Production Value (constant 2014-2016 thousand US$)","1000 USD",1992,52845658,"Meat of sheep","no"
NA,"World",NA,NA,"Meat and meat products","Gross Production Value (constant 2014-2016 thousand US$)","1000 USD",1993,55606460,"Meat of sheep","no"
NA,"World",NA,NA,"Meat and meat products","Gross Production Value (constant 2014-2016 thousand US$)","1000 USD",1994,59376049,"Meat of sheep","no"
NA,"World",NA,NA,"Meat and meat products","Gross Production Value (constant 2014-2016 thousand US$)","1000 USD",1995,59621291,"Meat of sheep","no"
NA,"World",NA,NA,"Meat and meat products","Gross Production Value (constant 2014-2016 thousand US$)","1000 USD",1996,59512828,"Meat of sheep","no"
NA,"World",NA,NA,"Meat and meat products","Gross Production Value (constant 2014-2016 thousand US$)","1000 USD",1997,61893142,"Meat of sheep","no"
NA,"World",NA,NA,"Meat and meat products","Gross Production Value (constant 2014-2016 thousand US$)","1000 USD",1998,64347667,"Meat of sheep","no"
NA,"World",NA,NA,"Meat and meat products","Gross Production Value (constant 2014-2016 thousand US$)","1000 USD",1999,64559097,"Meat of sheep","no"
NA,"World",NA,NA,"Meat and meat products","Gross Production Value (constant 2014-2016 thousand US$)","1000 USD",2000,66137407,"Meat of sheep","no"
NA,"World",NA,NA,"Meat and meat products","Gross Production Value (constant 2014-2016 thousand US$)","1000 USD",2001,68894621,"Meat of sheep","no"
NA,"World",NA,NA,"Meat and meat products","Gross Production Value (constant 2014-2016 thousand US$)","1000 USD",2002,68932998,"Meat of sheep","no"
NA,"World",NA,NA,"Meat and meat products","Gross Production Value (constant 2014-2016 thousand US$)","1000 USD",2003,70197001,"Meat of sheep","no"
NA,"World",NA,NA,"Meat and meat products","Gross Production Value (constant 2014-2016 thousand US$)","1000 USD",2004,72139763,"Meat of sheep","no"
NA,"World",NA,NA,"Meat and meat products","Gross Production Value (constant 2014-2016 thousand US$)","1000 USD",2005,74186493,"Meat of sheep","no"
NA,"World",NA,NA,"Meat and meat products","Gross Production Value (constant 2014-2016 thousand US$)","1000 USD",2006,76471077,"Meat of sheep","no"
NA,"World",NA,NA,"Meat and meat products","Gross Production Value (constant 2014-2016 thousand US$)","1000 USD",2007,79037453,"Meat of sheep","no"
NA,"World",NA,NA,"Meat and meat products","Gross Production Value (constant 2014-2016 thousand US$)","1000 USD",2008,77663337,"Meat of sheep","no"
NA,"World",NA,NA,"Meat and meat products","Gross Production Value (constant 2014-2016 thousand US$)","1000 USD",2009,78223983,"Meat of sheep","no"
NA,"World",NA,NA,"Meat and meat products","Gross Production Value (constant 2014-2016 thousand US$)","1000 USD",2010,79020634,"Meat of sheep","no"
NA,"World",NA,NA,"Meat and meat products","Gross Production Value (constant 2014-2016 thousand US$)","1000 USD",2011,80356234,"Meat of sheep","no"
NA,"World",NA,NA,"Meat and meat products","Gross Production Value (constant 2014-2016 thousand US$)","1000 USD",2012,81556665,"Meat of sheep","no"
NA,"World",NA,NA,"Meat and meat products","Gross Production Value (constant 2014-2016 thousand US$)","1000 USD",2013,84092034,"Meat of sheep","no"
NA,"World",NA,NA,"Meat and meat products","Gross Production Value (constant 2014-2016 thousand US$)","1000 USD",2014,86866319,"Meat of sheep","no"
NA,"World",NA,NA,"Meat and meat products","Gross Production Value (constant 2014-2016 thousand US$)","1000 USD",2015,89749004,"Meat of sheep","no"
NA,"World",NA,NA,"Meat and meat products","Gross Production Value (constant 2014-2016 thousand US$)","1000 USD",2016,91759834,"Meat of sheep","no"
NA,"World",NA,NA,"Meat and meat products","Gross Production Value (constant 2014-2016 thousand US$)","1000 USD",2017,92407382,"Meat of sheep","no"
NA,"World",NA,NA,"Meat and meat products","Gross Production Value (constant 2014-2016 thousand US$)","1000 USD",2018,92774778,"Meat of sheep","no"
NA,"World",NA,NA,"Meat and meat products","Gross Production Value (constant 2014-2016 thousand US$)","1000 USD",2019,95647203,"Meat of sheep","no"
NA,"World",NA,NA,"Meat and meat products","Gross Production Value (constant 2014-2016 thousand US$)","1000 USD",2020,100050229,"Meat of sheep","no"
NA,"World",NA,NA,"Meat and meat products","Gross Production Value (constant 2014-2016 thousand US$)","1000 USD",2021,103414584,"Meat of sheep","no"
NA,"World",NA,NA,"Meat and meat products","Gross Production Value (constant 2014-2016 thousand US$)","1000 USD",2022,106935415,"Meat of sheep","no"
NA,"World",NA,NA,"Meat and meat products","Gross Production Value (constant 2014-2016 thousand US$)","1000 USD",2023,109048678,"Meat of sheep","no"
NA,"World",NA,NA,"Meat and meat products","Gross Production Value (constant 2014-2016 thousand I$)","1000 Int$",1992,8095384,"Meat of turkeys","no"
NA,"World",NA,NA,"Meat and meat products","Gross Production Value (constant 2014-2016 thousand I$)","1000 Int$",1993,8205956,"Meat of turkeys","no"
NA,"World",NA,NA,"Meat and meat products","Gross Production Value (constant 2014-2016 thousand I$)","1000 Int$",1994,8590153,"Meat of turkeys","no"
NA,"World",NA,NA,"Meat and meat products","Gross Production Value (constant 2014-2016 thousand I$)","1000 Int$",1995,9075976,"Meat of turkeys","no"
NA,"World",NA,NA,"Meat and meat products","Gross Production Value (constant 2014-2016 thousand I$)","1000 Int$",1996,9456704,"Meat of turkeys","no"
NA,"World",NA,NA,"Meat and meat products","Gross Production Value (constant 2014-2016 thousand I$)","1000 Int$",1997,9766130,"Meat of turkeys","no"
NA,"World",NA,NA,"Meat and meat products","Gross Production Value (constant 2014-2016 thousand I$)","1000 Int$",1998,9722910,"Meat of turkeys","no"
NA,"World",NA,NA,"Meat and meat products","Gross Production Value (constant 2014-2016 thousand I$)","1000 Int$",1999,9723449,"Meat of turkeys","no"
NA,"World",NA,NA,"Meat and meat products","Gross Production Value (constant 2014-2016 thousand I$)","1000 Int$",2000,11311224,"Meat of turkeys","no"
NA,"World",NA,NA,"Meat and meat products","Gross Production Value (constant 2014-2016 thousand I$)","1000 Int$",2001,11565593,"Meat of turkeys","no"
NA,"World",NA,NA,"Meat and meat products","Gross Production Value (constant 2014-2016 thousand I$)","1000 Int$",2002,12007098,"Meat of turkeys","no"
NA,"World",NA,NA,"Meat and meat products","Gross Production Value (constant 2014-2016 thousand I$)","1000 Int$",2003,11366888,"Meat of turkeys","no"
NA,"World",NA,NA,"Meat and meat products","Gross Production Value (constant 2014-2016 thousand I$)","1000 Int$",2004,11364383,"Meat of turkeys","no"
NA,"World",NA,NA,"Meat and meat products","Gross Production Value (constant 2014-2016 thousand I$)","1000 Int$",2005,11443157,"Meat of turkeys","no"
NA,"World",NA,NA,"Meat and meat products","Gross Production Value (constant 2014-2016 thousand I$)","1000 Int$",2006,11311133,"Meat of turkeys","no"
NA,"World",NA,NA,"Meat and meat products","Gross Production Value (constant 2014-2016 thousand I$)","1000 Int$",2007,11873002,"Meat of turkeys","no"
NA,"World",NA,NA,"Meat and meat products","Gross Production Value (constant 2014-2016 thousand I$)","1000 Int$",2008,12420190,"Meat of turkeys","no"
NA,"World",NA,NA,"Meat and meat products","Gross Production Value (constant 2014-2016 thousand I$)","1000 Int$",2009,11744206,"Meat of turkeys","no"
NA,"World",NA,NA,"Meat and meat products","Gross Production Value (constant 2014-2016 thousand I$)","1000 Int$",2010,11711283,"Meat of turkeys","no"
NA,"World",NA,NA,"Meat and meat products","Gross Production Value (constant 2014-2016 thousand I$)","1000 Int$",2011,11796183,"Meat of turkeys","no"
NA,"World",NA,NA,"Meat and meat products","Gross Production Value (constant 2014-2016 thousand I$)","1000 Int$",2012,12406074,"Meat of turkeys","no"
NA,"World",NA,NA,"Meat and meat products","Gross Production Value (constant 2014-2016 thousand I$)","1000 Int$",2013,11889657,"Meat of turkeys","no"
NA,"World",NA,NA,"Meat and meat products","Gross Production Value (constant 2014-2016 thousand I$)","1000 Int$",2014,11936959,"Meat of turkeys","no"
NA,"World",NA,NA,"Meat and meat products","Gross Production Value (constant 2014-2016 thousand I$)","1000 Int$",2015,11885289,"Meat of turkeys","no"
NA,"World",NA,NA,"Meat and meat products","Gross Production Value (constant 2014-2016 thousand I$)","1000 Int$",2016,12610619,"Meat of turkeys","no"
NA,"World",NA,NA,"Meat and meat products","Gross Production Value (constant 2014-2016 thousand I$)","1000 Int$",2017,12259899,"Meat of turkeys","no"
NA,"World",NA,NA,"Meat and meat products","Gross Production Value (constant 2014-2016 thousand I$)","1000 Int$",2018,11888899,"Meat of turkeys","no"
NA,"World",NA,NA,"Meat and meat products","Gross Production Value (constant 2014-2016 thousand I$)","1000 Int$",2019,11945770,"Meat of turkeys","no"
NA,"World",NA,NA,"Meat and meat products","Gross Production Value (constant 2014-2016 thousand I$)","1000 Int$",2020,11653079,"Meat of turkeys","no"
NA,"World",NA,NA,"Meat and meat products","Gross Production Value (constant 2014-2016 thousand I$)","1000 Int$",2021,11186543,"Meat of turkeys","no"
NA,"World",NA,NA,"Meat and meat products","Gross Production Value (constant 2014-2016 thousand I$)","1000 Int$",2022,10728686,"Meat of turkeys","no"
NA,"World",NA,NA,"Meat and meat products","Gross Production Value (constant 2014-2016 thousand I$)","1000 Int$",2023,10961777,"Meat of turkeys","no"
NA,"World",NA,NA,"Meat and meat products","Gross Production Value (constant 2014-2016 thousand US$)","1000 USD",1992,15511876,"Meat of turkeys","no"
NA,"World",NA,NA,"Meat and meat products","Gross Production Value (constant 2014-2016 thousand US$)","1000 USD",1993,15864156,"Meat of turkeys","no"
NA,"World",NA,NA,"Meat and meat products","Gross Production Value (constant 2014-2016 thousand US$)","1000 USD",1994,16487355,"Meat of turkeys","no"
NA,"World",NA,NA,"Meat and meat products","Gross Production Value (constant 2014-2016 thousand US$)","1000 USD",1995,17370622,"Meat of turkeys","no"
NA,"World",NA,NA,"Meat and meat products","Gross Production Value (constant 2014-2016 thousand US$)","1000 USD",1996,18153663,"Meat of turkeys","no"
NA,"World",NA,NA,"Meat and meat products","Gross Production Value (constant 2014-2016 thousand US$)","1000 USD",1997,18628147,"Meat of turkeys","no"
NA,"World",NA,NA,"Meat and meat products","Gross Production Value (constant 2014-2016 thousand US$)","1000 USD",1998,18543440,"Meat of turkeys","no"
NA,"World",NA,NA,"Meat and meat products","Gross Production Value (constant 2014-2016 thousand US$)","1000 USD",1999,18555874,"Meat of turkeys","no"
NA,"World",NA,NA,"Meat and meat products","Gross Production Value (constant 2014-2016 thousand US$)","1000 USD",2000,21431731,"Meat of turkeys","no"
NA,"World",NA,NA,"Meat and meat products","Gross Production Value (constant 2014-2016 thousand US$)","1000 USD",2001,21968851,"Meat of turkeys","no"
NA,"World",NA,NA,"Meat and meat products","Gross Production Value (constant 2014-2016 thousand US$)","1000 USD",2002,22838707,"Meat of turkeys","no"
NA,"World",NA,NA,"Meat and meat products","Gross Production Value (constant 2014-2016 thousand US$)","1000 USD",2003,21739603,"Meat of turkeys","no"
NA,"World",NA,NA,"Meat and meat products","Gross Production Value (constant 2014-2016 thousand US$)","1000 USD",2004,21690984,"Meat of turkeys","no"
NA,"World",NA,NA,"Meat and meat products","Gross Production Value (constant 2014-2016 thousand US$)","1000 USD",2005,21837082,"Meat of turkeys","no"
NA,"World",NA,NA,"Meat and meat products","Gross Production Value (constant 2014-2016 thousand US$)","1000 USD",2006,21606575,"Meat of turkeys","no"
NA,"World",NA,NA,"Meat and meat products","Gross Production Value (constant 2014-2016 thousand US$)","1000 USD",2007,22697088,"Meat of turkeys","no"
NA,"World",NA,NA,"Meat and meat products","Gross Production Value (constant 2014-2016 thousand US$)","1000 USD",2008,23753622,"Meat of turkeys","no"
NA,"World",NA,NA,"Meat and meat products","Gross Production Value (constant 2014-2016 thousand US$)","1000 USD",2009,22413996,"Meat of turkeys","no"
NA,"World",NA,NA,"Meat and meat products","Gross Production Value (constant 2014-2016 thousand US$)","1000 USD",2010,22463958,"Meat of turkeys","no"
NA,"World",NA,NA,"Meat and meat products","Gross Production Value (constant 2014-2016 thousand US$)","1000 USD",2011,22775703,"Meat of turkeys","no"
NA,"World",NA,NA,"Meat and meat products","Gross Production Value (constant 2014-2016 thousand US$)","1000 USD",2012,23943592,"Meat of turkeys","no"
NA,"World",NA,NA,"Meat and meat products","Gross Production Value (constant 2014-2016 thousand US$)","1000 USD",2013,22998669,"Meat of turkeys","no"
NA,"World",NA,NA,"Meat and meat products","Gross Production Value (constant 2014-2016 thousand US$)","1000 USD",2014,23138148,"Meat of turkeys","no"
NA,"World",NA,NA,"Meat and meat products","Gross Production Value (constant 2014-2016 thousand US$)","1000 USD",2015,23175287,"Meat of turkeys","no"
NA,"World",NA,NA,"Meat and meat products","Gross Production Value (constant 2014-2016 thousand US$)","1000 USD",2016,24488577,"Meat of turkeys","no"
NA,"World",NA,NA,"Meat and meat products","Gross Production Value (constant 2014-2016 thousand US$)","1000 USD",2017,24008590,"Meat of turkeys","no"
NA,"World",NA,NA,"Meat and meat products","Gross Production Value (constant 2014-2016 thousand US$)","1000 USD",2018,23820137,"Meat of turkeys","no"
NA,"World",NA,NA,"Meat and meat products","Gross Production Value (constant 2014-2016 thousand US$)","1000 USD",2019,23707570,"Meat of turkeys","no"
NA,"World",NA,NA,"Meat and meat products","Gross Production Value (constant 2014-2016 thousand US$)","1000 USD",2020,23439053,"Meat of turkeys","no"
NA,"World",NA,NA,"Meat and meat products","Gross Production Value (constant 2014-2016 thousand US$)","1000 USD",2021,22380857,"Meat of turkeys","no"
NA,"World",NA,NA,"Meat and meat products","Gross Production Value (constant 2014-2016 thousand US$)","1000 USD",2022,21458969,"Meat of turkeys","no"
NA,"World",NA,NA,"Meat and meat products","Gross Production Value (constant 2014-2016 thousand US$)","1000 USD",2023,21875070,"Meat of turkeys","no"
NA,"World",NA,NA,"Oilseeds and oleaginous fruits","Gross Production Value (constant 2014-2016 thousand I$)","1000 Int$",1992,170167,"Melonseed","no"
NA,"World",NA,NA,"Oilseeds and oleaginous fruits","Gross Production Value (constant 2014-2016 thousand I$)","1000 Int$",1993,146747,"Melonseed","no"
NA,"World",NA,NA,"Oilseeds and oleaginous fruits","Gross Production Value (constant 2014-2016 thousand I$)","1000 Int$",1994,140216,"Melonseed","no"
NA,"World",NA,NA,"Oilseeds and oleaginous fruits","Gross Production Value (constant 2014-2016 thousand I$)","1000 Int$",1995,163610,"Melonseed","no"
NA,"World",NA,NA,"Oilseeds and oleaginous fruits","Gross Production Value (constant 2014-2016 thousand I$)","1000 Int$",1996,170917,"Melonseed","no"
NA,"World",NA,NA,"Oilseeds and oleaginous fruits","Gross Production Value (constant 2014-2016 thousand I$)","1000 Int$",1997,156416,"Melonseed","no"
NA,"World",NA,NA,"Oilseeds and oleaginous fruits","Gross Production Value (constant 2014-2016 thousand I$)","1000 Int$",1998,180785,"Melonseed","no"
NA,"World",NA,NA,"Oilseeds and oleaginous fruits","Gross Production Value (constant 2014-2016 thousand I$)","1000 Int$",1999,162977,"Melonseed","no"
NA,"World",NA,NA,"Oilseeds and oleaginous fruits","Gross Production Value (constant 2014-2016 thousand I$)","1000 Int$",2000,183029,"Melonseed","no"
NA,"World",NA,NA,"Oilseeds and oleaginous fruits","Gross Production Value (constant 2014-2016 thousand I$)","1000 Int$",2001,186737,"Melonseed","no"
NA,"World",NA,NA,"Oilseeds and oleaginous fruits","Gross Production Value (constant 2014-2016 thousand I$)","1000 Int$",2002,196208,"Melonseed","no"
NA,"World",NA,NA,"Oilseeds and oleaginous fruits","Gross Production Value (constant 2014-2016 thousand I$)","1000 Int$",2003,207527,"Melonseed","no"
NA,"World",NA,NA,"Oilseeds and oleaginous fruits","Gross Production Value (constant 2014-2016 thousand I$)","1000 Int$",2004,214525,"Melonseed","no"
NA,"World",NA,NA,"Oilseeds and oleaginous fruits","Gross Production Value (constant 2014-2016 thousand I$)","1000 Int$",2005,223584,"Melonseed","no"
NA,"World",NA,NA,"Oilseeds and oleaginous fruits","Gross Production Value (constant 2014-2016 thousand I$)","1000 Int$",2006,223229,"Melonseed","no"
NA,"World",NA,NA,"Oilseeds and oleaginous fruits","Gross Production Value (constant 2014-2016 thousand I$)","1000 Int$",2007,237879,"Melonseed","no"
NA,"World",NA,NA,"Oilseeds and oleaginous fruits","Gross Production Value (constant 2014-2016 thousand I$)","1000 Int$",2008,226098,"Melonseed","no"
NA,"World",NA,NA,"Oilseeds and oleaginous fruits","Gross Production Value (constant 2014-2016 thousand I$)","1000 Int$",2009,204607,"Melonseed","no"
NA,"World",NA,NA,"Oilseeds and oleaginous fruits","Gross Production Value (constant 2014-2016 thousand I$)","1000 Int$",2010,237620,"Melonseed","no"
NA,"World",NA,NA,"Oilseeds and oleaginous fruits","Gross Production Value (constant 2014-2016 thousand I$)","1000 Int$",2011,256410,"Melonseed","no"
NA,"World",NA,NA,"Oilseeds and oleaginous fruits","Gross Production Value (constant 2014-2016 thousand I$)","1000 Int$",2012,270981,"Melonseed","no"
NA,"World",NA,NA,"Oilseeds and oleaginous fruits","Gross Production Value (constant 2014-2016 thousand I$)","1000 Int$",2013,267784,"Melonseed","no"
NA,"World",NA,NA,"Oilseeds and oleaginous fruits","Gross Production Value (constant 2014-2016 thousand I$)","1000 Int$",2014,281138,"Melonseed","no"
NA,"World",NA,NA,"Oilseeds and oleaginous fruits","Gross Production Value (constant 2014-2016 thousand I$)","1000 Int$",2015,283012,"Melonseed","no"
NA,"World",NA,NA,"Oilseeds and oleaginous fruits","Gross Production Value (constant 2014-2016 thousand I$)","1000 Int$",2016,274615,"Melonseed","no"
NA,"World",NA,NA,"Oilseeds and oleaginous fruits","Gross Production Value (constant 2014-2016 thousand I$)","1000 Int$",2017,283729,"Melonseed","no"
NA,"World",NA,NA,"Oilseeds and oleaginous fruits","Gross Production Value (constant 2014-2016 thousand I$)","1000 Int$",2018,312143,"Melonseed","no"
NA,"World",NA,NA,"Oilseeds and oleaginous fruits","Gross Production Value (constant 2014-2016 thousand I$)","1000 Int$",2019,296656,"Melonseed","no"
NA,"World",NA,NA,"Oilseeds and oleaginous fruits","Gross Production Value (constant 2014-2016 thousand I$)","1000 Int$",2020,291815,"Melonseed","no"
NA,"World",NA,NA,"Oilseeds and oleaginous fruits","Gross Production Value (constant 2014-2016 thousand I$)","1000 Int$",2021,297884,"Melonseed","no"
NA,"World",NA,NA,"Oilseeds and oleaginous fruits","Gross Production Value (constant 2014-2016 thousand I$)","1000 Int$",2022,297582,"Melonseed","no"
NA,"World",NA,NA,"Oilseeds and oleaginous fruits","Gross Production Value (constant 2014-2016 thousand I$)","1000 Int$",2023,298039,"Melonseed","no"
NA,"World",NA,NA,"Oilseeds and oleaginous fruits","Gross Production Value (constant 2014-2016 thousand US$)","1000 USD",1992,152823,"Melonseed","no"
NA,"World",NA,NA,"Oilseeds and oleaginous fruits","Gross Production Value (constant 2014-2016 thousand US$)","1000 USD",1993,166961,"Melonseed","no"
NA,"World",NA,NA,"Oilseeds and oleaginous fruits","Gross Production Value (constant 2014-2016 thousand US$)","1000 USD",1994,115049,"Melonseed","no"
NA,"World",NA,NA,"Oilseeds and oleaginous fruits","Gross Production Value (constant 2014-2016 thousand US$)","1000 USD",1995,164746,"Melonseed","no"
NA,"World",NA,NA,"Oilseeds and oleaginous fruits","Gross Production Value (constant 2014-2016 thousand US$)","1000 USD",1996,150525,"Melonseed","no"
NA,"World",NA,NA,"Oilseeds and oleaginous fruits","Gross Production Value (constant 2014-2016 thousand US$)","1000 USD",1997,126055,"Melonseed","no"
NA,"World",NA,NA,"Oilseeds and oleaginous fruits","Gross Production Value (constant 2014-2016 thousand US$)","1000 USD",1998,136164,"Melonseed","no"
NA,"World",NA,NA,"Oilseeds and oleaginous fruits","Gross Production Value (constant 2014-2016 thousand US$)","1000 USD",1999,140148,"Melonseed","no"
NA,"World",NA,NA,"Oilseeds and oleaginous fruits","Gross Production Value (constant 2014-2016 thousand US$)","1000 USD",2000,175850,"Melonseed","no"
NA,"World",NA,NA,"Oilseeds and oleaginous fruits","Gross Production Value (constant 2014-2016 thousand US$)","1000 USD",2001,145431,"Melonseed","no"
NA,"World",NA,NA,"Oilseeds and oleaginous fruits","Gross Production Value (constant 2014-2016 thousand US$)","1000 USD",2002,151713,"Melonseed","no"
NA,"World",NA,NA,"Oilseeds and oleaginous fruits","Gross Production Value (constant 2014-2016 thousand US$)","1000 USD",2003,162964,"Melonseed","no"
NA,"World",NA,NA,"Oilseeds and oleaginous fruits","Gross Production Value (constant 2014-2016 thousand US$)","1000 USD",2004,174511,"Melonseed","no"
NA,"World",NA,NA,"Oilseeds and oleaginous fruits","Gross Production Value (constant 2014-2016 thousand US$)","1000 USD",2005,186139,"Melonseed","no"
NA,"World",NA,NA,"Oilseeds and oleaginous fruits","Gross Production Value (constant 2014-2016 thousand US$)","1000 USD",2006,189008,"Melonseed","no"
NA,"World",NA,NA,"Oilseeds and oleaginous fruits","Gross Production Value (constant 2014-2016 thousand US$)","1000 USD",2007,199583,"Melonseed","no"
NA,"World",NA,NA,"Oilseeds and oleaginous fruits","Gross Production Value (constant 2014-2016 thousand US$)","1000 USD",2008,203215,"Melonseed","no"
NA,"World",NA,NA,"Oilseeds and oleaginous fruits","Gross Production Value (constant 2014-2016 thousand US$)","1000 USD",2009,188799,"Melonseed","no"
NA,"World",NA,NA,"Oilseeds and oleaginous fruits","Gross Production Value (constant 2014-2016 thousand US$)","1000 USD",2010,203538,"Melonseed","no"
NA,"World",NA,NA,"Oilseeds and oleaginous fruits","Gross Production Value (constant 2014-2016 thousand US$)","1000 USD",2011,206656,"Melonseed","no"
NA,"World",NA,NA,"Oilseeds and oleaginous fruits","Gross Production Value (constant 2014-2016 thousand US$)","1000 USD",2012,209694,"Melonseed","no"
NA,"World",NA,NA,"Oilseeds and oleaginous fruits","Gross Production Value (constant 2014-2016 thousand US$)","1000 USD",2013,214279,"Melonseed","no"
NA,"World",NA,NA,"Oilseeds and oleaginous fruits","Gross Production Value (constant 2014-2016 thousand US$)","1000 USD",2014,226582,"Melonseed","no"
NA,"World",NA,NA,"Oilseeds and oleaginous fruits","Gross Production Value (constant 2014-2016 thousand US$)","1000 USD",2015,215765,"Melonseed","no"
NA,"World",NA,NA,"Oilseeds and oleaginous fruits","Gross Production Value (constant 2014-2016 thousand US$)","1000 USD",2016,222755,"Melonseed","no"
NA,"World",NA,NA,"Oilseeds and oleaginous fruits","Gross Production Value (constant 2014-2016 thousand US$)","1000 USD",2017,243396,"Melonseed","no"
NA,"World",NA,NA,"Oilseeds and oleaginous fruits","Gross Production Value (constant 2014-2016 thousand US$)","1000 USD",2018,239345,"Melonseed","no"
NA,"World",NA,NA,"Oilseeds and oleaginous fruits","Gross Production Value (constant 2014-2016 thousand US$)","1000 USD",2019,234381,"Melonseed","no"
NA,"World",NA,NA,"Oilseeds and oleaginous fruits","Gross Production Value (constant 2014-2016 thousand US$)","1000 USD",2020,240332,"Melonseed","no"
NA,"World",NA,NA,"Oilseeds and oleaginous fruits","Gross Production Value (constant 2014-2016 thousand US$)","1000 USD",2021,246961,"Melonseed","no"
NA,"World",NA,NA,"Oilseeds and oleaginous fruits","Gross Production Value (constant 2014-2016 thousand US$)","1000 USD",2022,241196,"Melonseed","no"
NA,"World",NA,NA,"Oilseeds and oleaginous fruits","Gross Production Value (constant 2014-2016 thousand US$)","1000 USD",2023,243137,"Melonseed","no"
NA,"World",NA,NA,"Cereals","Gross Production Value (constant 2014-2016 thousand I$)","1000 Int$",1992,8669589,"Millet","no"
NA,"World",NA,NA,"Cereals","Gross Production Value (constant 2014-2016 thousand I$)","1000 Int$",1993,7705863,"Millet","no"
NA,"World",NA,NA,"Cereals","Gross Production Value (constant 2014-2016 thousand I$)","1000 Int$",1994,8289429,"Millet","no"
NA,"World",NA,NA,"Cereals","Gross Production Value (constant 2014-2016 thousand I$)","1000 Int$",1995,7647716,"Millet","no"
NA,"World",NA,NA,"Cereals","Gross Production Value (constant 2014-2016 thousand I$)","1000 Int$",1996,8478995,"Millet","no"
NA,"World",NA,NA,"Cereals","Gross Production Value (constant 2014-2016 thousand I$)","1000 Int$",1997,8142349,"Millet","no"
NA,"World",NA,NA,"Cereals","Gross Production Value (constant 2014-2016 thousand I$)","1000 Int$",1998,8600375,"Millet","no"
NA,"World",NA,NA,"Cereals","Gross Production Value (constant 2014-2016 thousand I$)","1000 Int$",1999,8177606,"Millet","no"
NA,"World",NA,NA,"Cereals","Gross Production Value (constant 2014-2016 thousand I$)","1000 Int$",2000,8290257,"Millet","no"
NA,"World",NA,NA,"Cereals","Gross Production Value (constant 2014-2016 thousand I$)","1000 Int$",2001,8662750,"Millet","no"
NA,"World",NA,NA,"Cereals","Gross Production Value (constant 2014-2016 thousand I$)","1000 Int$",2002,7176722,"Millet","no"
NA,"World",NA,NA,"Cereals","Gross Production Value (constant 2014-2016 thousand I$)","1000 Int$",2003,10438977,"Millet","no"
NA,"World",NA,NA,"Cereals","Gross Production Value (constant 2014-2016 thousand I$)","1000 Int$",2004,8882357,"Millet","no"
NA,"World",NA,NA,"Cereals","Gross Production Value (constant 2014-2016 thousand I$)","1000 Int$",2005,9302596,"Millet","no"
NA,"World",NA,NA,"Cereals","Gross Production Value (constant 2014-2016 thousand I$)","1000 Int$",2006,9602286,"Millet","no"
NA,"World",NA,NA,"Cereals","Gross Production Value (constant 2014-2016 thousand I$)","1000 Int$",2007,10102891,"Millet","no"
NA,"World",NA,NA,"Cereals","Gross Production Value (constant 2014-2016 thousand I$)","1000 Int$",2008,10311771,"Millet","no"
NA,"World",NA,NA,"Cereals","Gross Production Value (constant 2014-2016 thousand I$)","1000 Int$",2009,7764932,"Millet","no"
NA,"World",NA,NA,"Cereals","Gross Production Value (constant 2014-2016 thousand I$)","1000 Int$",2010,9844197,"Millet","no"
NA,"World",NA,NA,"Cereals","Gross Production Value (constant 2014-2016 thousand I$)","1000 Int$",2011,8118855,"Millet","no"
NA,"World",NA,NA,"Cereals","Gross Production Value (constant 2014-2016 thousand I$)","1000 Int$",2012,8008534,"Millet","no"
NA,"World",NA,NA,"Cereals","Gross Production Value (constant 2014-2016 thousand I$)","1000 Int$",2013,7929737,"Millet","no"
NA,"World",NA,NA,"Cereals","Gross Production Value (constant 2014-2016 thousand I$)","1000 Int$",2014,8670843,"Millet","no"
NA,"World",NA,NA,"Cereals","Gross Production Value (constant 2014-2016 thousand I$)","1000 Int$",2015,8582635,"Millet","no"
NA,"World",NA,NA,"Cereals","Gross Production Value (constant 2014-2016 thousand I$)","1000 Int$",2016,8324700,"Millet","no"
NA,"World",NA,NA,"Cereals","Gross Production Value (constant 2014-2016 thousand I$)","1000 Int$",2017,8672655,"Millet","no"
NA,"World",NA,NA,"Cereals","Gross Production Value (constant 2014-2016 thousand I$)","1000 Int$",2018,9447582,"Millet","no"
NA,"World",NA,NA,"Cereals","Gross Production Value (constant 2014-2016 thousand I$)","1000 Int$",2019,8495226,"Millet","no"
NA,"World",NA,NA,"Cereals","Gross Production Value (constant 2014-2016 thousand I$)","1000 Int$",2020,9707682,"Millet","no"
NA,"World",NA,NA,"Cereals","Gross Production Value (constant 2014-2016 thousand I$)","1000 Int$",2021,8855610,"Millet","no"
NA,"World",NA,NA,"Cereals","Gross Production Value (constant 2014-2016 thousand I$)","1000 Int$",2022,9251364,"Millet","no"
NA,"World",NA,NA,"Cereals","Gross Production Value (constant 2014-2016 thousand I$)","1000 Int$",2023,9481942,"Millet","no"
NA,"World",NA,NA,"Cereals","Gross Production Value (constant 2014-2016 thousand US$)","1000 USD",1992,8251857,"Millet","no"
NA,"World",NA,NA,"Cereals","Gross Production Value (constant 2014-2016 thousand US$)","1000 USD",1993,8010665,"Millet","no"
NA,"World",NA,NA,"Cereals","Gross Production Value (constant 2014-2016 thousand US$)","1000 USD",1994,8214392,"Millet","no"
NA,"World",NA,NA,"Cereals","Gross Production Value (constant 2014-2016 thousand US$)","1000 USD",1995,7630107,"Millet","no"
NA,"World",NA,NA,"Cereals","Gross Production Value (constant 2014-2016 thousand US$)","1000 USD",1996,8481605,"Millet","no"
NA,"World",NA,NA,"Cereals","Gross Production Value (constant 2014-2016 thousand US$)","1000 USD",1997,7542164,"Millet","no"
NA,"World",NA,NA,"Cereals","Gross Production Value (constant 2014-2016 thousand US$)","1000 USD",1998,8549361,"Millet","no"
NA,"World",NA,NA,"Cereals","Gross Production Value (constant 2014-2016 thousand US$)","1000 USD",1999,7948179,"Millet","no"
NA,"World",NA,NA,"Cereals","Gross Production Value (constant 2014-2016 thousand US$)","1000 USD",2000,7770007,"Millet","no"
NA,"World",NA,NA,"Cereals","Gross Production Value (constant 2014-2016 thousand US$)","1000 USD",2001,8164522,"Millet","no"
NA,"World",NA,NA,"Cereals","Gross Production Value (constant 2014-2016 thousand US$)","1000 USD",2002,7242102,"Millet","no"
NA,"World",NA,NA,"Cereals","Gross Production Value (constant 2014-2016 thousand US$)","1000 USD",2003,9512956,"Millet","no"
NA,"World",NA,NA,"Cereals","Gross Production Value (constant 2014-2016 thousand US$)","1000 USD",2004,8202895,"Millet","no"
NA,"World",NA,NA,"Cereals","Gross Production Value (constant 2014-2016 thousand US$)","1000 USD",2005,8818737,"Millet","no"
NA,"World",NA,NA,"Cereals","Gross Production Value (constant 2014-2016 thousand US$)","1000 USD",2006,9235324,"Millet","no"
NA,"World",NA,NA,"Cereals","Gross Production Value (constant 2014-2016 thousand US$)","1000 USD",2007,9470702,"Millet","no"
NA,"World",NA,NA,"Cereals","Gross Production Value (constant 2014-2016 thousand US$)","1000 USD",2008,9742961,"Millet","no"
NA,"World",NA,NA,"Cereals","Gross Production Value (constant 2014-2016 thousand US$)","1000 USD",2009,7461468,"Millet","no"
NA,"World",NA,NA,"Cereals","Gross Production Value (constant 2014-2016 thousand US$)","1000 USD",2010,9616817,"Millet","no"
NA,"World",NA,NA,"Cereals","Gross Production Value (constant 2014-2016 thousand US$)","1000 USD",2011,7524147,"Millet","no"
NA,"World",NA,NA,"Cereals","Gross Production Value (constant 2014-2016 thousand US$)","1000 USD",2012,8061023,"Millet","no"
NA,"World",NA,NA,"Cereals","Gross Production Value (constant 2014-2016 thousand US$)","1000 USD",2013,7484275,"Millet","no"
NA,"World",NA,NA,"Cereals","Gross Production Value (constant 2014-2016 thousand US$)","1000 USD",2014,8414096,"Millet","no"
NA,"World",NA,NA,"Cereals","Gross Production Value (constant 2014-2016 thousand US$)","1000 USD",2015,8363529,"Millet","no"
NA,"World",NA,NA,"Cereals","Gross Production Value (constant 2014-2016 thousand US$)","1000 USD",2016,7802052,"Millet","no"
NA,"World",NA,NA,"Cereals","Gross Production Value (constant 2014-2016 thousand US$)","1000 USD",2017,8666462,"Millet","no"
NA,"World",NA,NA,"Cereals","Gross Production Value (constant 2014-2016 thousand US$)","1000 USD",2018,8886413,"Millet","no"
NA,"World",NA,NA,"Cereals","Gross Production Value (constant 2014-2016 thousand US$)","1000 USD",2019,8412924,"Millet","no"
NA,"World",NA,NA,"Cereals","Gross Production Value (constant 2014-2016 thousand US$)","1000 USD",2020,9439682,"Millet","no"
NA,"World",NA,NA,"Cereals","Gross Production Value (constant 2014-2016 thousand US$)","1000 USD",2021,8601724,"Millet","no"
NA,"World",NA,NA,"Cereals","Gross Production Value (constant 2014-2016 thousand US$)","1000 USD",2022,8960419,"Millet","no"
NA,"World",NA,NA,"Cereals","Gross Production Value (constant 2014-2016 thousand US$)","1000 USD",2023,9341590,"Millet","no"
NA,"World",NA,NA,"Cereals","Gross Production Value (constant 2014-2016 thousand I$)","1000 Int$",1992,944194,"Mixed grain","no"
NA,"World",NA,NA,"Cereals","Gross Production Value (constant 2014-2016 thousand I$)","1000 Int$",1993,1081436,"Mixed grain","no"
NA,"World",NA,NA,"Cereals","Gross Production Value (constant 2014-2016 thousand I$)","1000 Int$",1994,1018590,"Mixed grain","no"
NA,"World",NA,NA,"Cereals","Gross Production Value (constant 2014-2016 thousand I$)","1000 Int$",1995,1203766,"Mixed grain","no"
NA,"World",NA,NA,"Cereals","Gross Production Value (constant 2014-2016 thousand I$)","1000 Int$",1996,1164222,"Mixed grain","no"
NA,"World",NA,NA,"Cereals","Gross Production Value (constant 2014-2016 thousand I$)","1000 Int$",1997,1301730,"Mixed grain","no"
NA,"World",NA,NA,"Cereals","Gross Production Value (constant 2014-2016 thousand I$)","1000 Int$",1998,1297337,"Mixed grain","no"
NA,"World",NA,NA,"Cereals","Gross Production Value (constant 2014-2016 thousand I$)","1000 Int$",1999,1187657,"Mixed grain","no"
NA,"World",NA,NA,"Cereals","Gross Production Value (constant 2014-2016 thousand I$)","1000 Int$",2000,991650,"Mixed grain","no"
NA,"World",NA,NA,"Cereals","Gross Production Value (constant 2014-2016 thousand I$)","1000 Int$",2001,1192712,"Mixed grain","no"
NA,"World",NA,NA,"Cereals","Gross Production Value (constant 2014-2016 thousand I$)","1000 Int$",2002,1136796,"Mixed grain","no"
NA,"World",NA,NA,"Cereals","Gross Production Value (constant 2014-2016 thousand I$)","1000 Int$",2003,1093066,"Mixed grain","no"
NA,"World",NA,NA,"Cereals","Gross Production Value (constant 2014-2016 thousand I$)","1000 Int$",2004,1262197,"Mixed grain","no"
NA,"World",NA,NA,"Cereals","Gross Production Value (constant 2014-2016 thousand I$)","1000 Int$",2005,1136805,"Mixed grain","no"
NA,"World",NA,NA,"Cereals","Gross Production Value (constant 2014-2016 thousand I$)","1000 Int$",2006,1020052,"Mixed grain","no"
NA,"World",NA,NA,"Cereals","Gross Production Value (constant 2014-2016 thousand I$)","1000 Int$",2007,1188786,"Mixed grain","no"
NA,"World",NA,NA,"Cereals","Gross Production Value (constant 2014-2016 thousand I$)","1000 Int$",2008,1041919,"Mixed grain","no"
NA,"World",NA,NA,"Cereals","Gross Production Value (constant 2014-2016 thousand I$)","1000 Int$",2009,1104655,"Mixed grain","no"
NA,"World",NA,NA,"Cereals","Gross Production Value (constant 2014-2016 thousand I$)","1000 Int$",2010,962537,"Mixed grain","no"
NA,"World",NA,NA,"Cereals","Gross Production Value (constant 2014-2016 thousand I$)","1000 Int$",2011,972136,"Mixed grain","no"
NA,"World",NA,NA,"Cereals","Gross Production Value (constant 2014-2016 thousand I$)","1000 Int$",2012,1102284,"Mixed grain","no"
NA,"World",NA,NA,"Cereals","Gross Production Value (constant 2014-2016 thousand I$)","1000 Int$",2013,885434,"Mixed grain","no"
NA,"World",NA,NA,"Cereals","Gross Production Value (constant 2014-2016 thousand I$)","1000 Int$",2014,865161,"Mixed grain","no"
NA,"World",NA,NA,"Cereals","Gross Production Value (constant 2014-2016 thousand I$)","1000 Int$",2015,680131,"Mixed grain","no"
NA,"World",NA,NA,"Cereals","Gross Production Value (constant 2014-2016 thousand I$)","1000 Int$",2016,722071,"Mixed grain","no"
NA,"World",NA,NA,"Cereals","Gross Production Value (constant 2014-2016 thousand I$)","1000 Int$",2017,826474,"Mixed grain","no"
NA,"World",NA,NA,"Cereals","Gross Production Value (constant 2014-2016 thousand I$)","1000 Int$",2018,785641,"Mixed grain","no"
NA,"World",NA,NA,"Cereals","Gross Production Value (constant 2014-2016 thousand I$)","1000 Int$",2019,787274,"Mixed grain","no"
NA,"World",NA,NA,"Cereals","Gross Production Value (constant 2014-2016 thousand I$)","1000 Int$",2020,702836,"Mixed grain","no"
NA,"World",NA,NA,"Cereals","Gross Production Value (constant 2014-2016 thousand I$)","1000 Int$",2021,762735,"Mixed grain","no"
NA,"World",NA,NA,"Cereals","Gross Production Value (constant 2014-2016 thousand I$)","1000 Int$",2022,511227,"Mixed grain","no"
NA,"World",NA,NA,"Cereals","Gross Production Value (constant 2014-2016 thousand I$)","1000 Int$",2023,407973,"Mixed grain","no"
NA,"World",NA,NA,"Cereals","Gross Production Value (constant 2014-2016 thousand US$)","1000 USD",1992,762272,"Mixed grain","no"
NA,"World",NA,NA,"Cereals","Gross Production Value (constant 2014-2016 thousand US$)","1000 USD",1993,878002,"Mixed grain","no"
NA,"World",NA,NA,"Cereals","Gross Production Value (constant 2014-2016 thousand US$)","1000 USD",1994,824232,"Mixed grain","no"
NA,"World",NA,NA,"Cereals","Gross Production Value (constant 2014-2016 thousand US$)","1000 USD",1995,972865,"Mixed grain","no"
NA,"World",NA,NA,"Cereals","Gross Production Value (constant 2014-2016 thousand US$)","1000 USD",1996,934497,"Mixed grain","no"
NA,"World",NA,NA,"Cereals","Gross Production Value (constant 2014-2016 thousand US$)","1000 USD",1997,1044028,"Mixed grain","no"
NA,"World",NA,NA,"Cereals","Gross Production Value (constant 2014-2016 thousand US$)","1000 USD",1998,1035892,"Mixed grain","no"
NA,"World",NA,NA,"Cereals","Gross Production Value (constant 2014-2016 thousand US$)","1000 USD",1999,945215,"Mixed grain","no"
NA,"World",NA,NA,"Cereals","Gross Production Value (constant 2014-2016 thousand US$)","1000 USD",2000,792313,"Mixed grain","no"
NA,"World",NA,NA,"Cereals","Gross Production Value (constant 2014-2016 thousand US$)","1000 USD",2001,953402,"Mixed grain","no"
NA,"World",NA,NA,"Cereals","Gross Production Value (constant 2014-2016 thousand US$)","1000 USD",2002,905849,"Mixed grain","no"
NA,"World",NA,NA,"Cereals","Gross Production Value (constant 2014-2016 thousand US$)","1000 USD",2003,872641,"Mixed grain","no"
NA,"World",NA,NA,"Cereals","Gross Production Value (constant 2014-2016 thousand US$)","1000 USD",2004,1003254,"Mixed grain","no"
NA,"World",NA,NA,"Cereals","Gross Production Value (constant 2014-2016 thousand US$)","1000 USD",2005,905701,"Mixed grain","no"
NA,"World",NA,NA,"Cereals","Gross Production Value (constant 2014-2016 thousand US$)","1000 USD",2006,810128,"Mixed grain","no"
NA,"World",NA,NA,"Cereals","Gross Production Value (constant 2014-2016 thousand US$)","1000 USD",2007,940396,"Mixed grain","no"
NA,"World",NA,NA,"Cereals","Gross Production Value (constant 2014-2016 thousand US$)","1000 USD",2008,823546,"Mixed grain","no"
NA,"World",NA,NA,"Cereals","Gross Production Value (constant 2014-2016 thousand US$)","1000 USD",2009,871392,"Mixed grain","no"
NA,"World",NA,NA,"Cereals","Gross Production Value (constant 2014-2016 thousand US$)","1000 USD",2010,760725,"Mixed grain","no"
NA,"World",NA,NA,"Cereals","Gross Production Value (constant 2014-2016 thousand US$)","1000 USD",2011,768442,"Mixed grain","no"
NA,"World",NA,NA,"Cereals","Gross Production Value (constant 2014-2016 thousand US$)","1000 USD",2012,868971,"Mixed grain","no"
NA,"World",NA,NA,"Cereals","Gross Production Value (constant 2014-2016 thousand US$)","1000 USD",2013,695444,"Mixed grain","no"
NA,"World",NA,NA,"Cereals","Gross Production Value (constant 2014-2016 thousand US$)","1000 USD",2014,678124,"Mixed grain","no"
NA,"World",NA,NA,"Cereals","Gross Production Value (constant 2014-2016 thousand US$)","1000 USD",2015,536593,"Mixed grain","no"
NA,"World",NA,NA,"Cereals","Gross Production Value (constant 2014-2016 thousand US$)","1000 USD",2016,570074,"Mixed grain","no"
NA,"World",NA,NA,"Cereals","Gross Production Value (constant 2014-2016 thousand US$)","1000 USD",2017,654156,"Mixed grain","no"
NA,"World",NA,NA,"Cereals","Gross Production Value (constant 2014-2016 thousand US$)","1000 USD",2018,619738,"Mixed grain","no"
NA,"World",NA,NA,"Cereals","Gross Production Value (constant 2014-2016 thousand US$)","1000 USD",2019,624167,"Mixed grain","no"
NA,"World",NA,NA,"Cereals","Gross Production Value (constant 2014-2016 thousand US$)","1000 USD",2020,555312,"Mixed grain","no"
NA,"World",NA,NA,"Cereals","Gross Production Value (constant 2014-2016 thousand US$)","1000 USD",2021,607299,"Mixed grain","no"
NA,"World",NA,NA,"Cereals","Gross Production Value (constant 2014-2016 thousand US$)","1000 USD",2022,406323,"Mixed grain","no"
NA,"World",NA,NA,"Cereals","Gross Production Value (constant 2014-2016 thousand US$)","1000 USD",2023,327612,"Mixed grain","no"
NA,"World",NA,NA,"Vegetables","Gross Production Value (constant 2014-2016 thousand I$)","1000 Int$",1992,2956616,"Mushrooms and truffles","no"
NA,"World",NA,NA,"Vegetables","Gross Production Value (constant 2014-2016 thousand I$)","1000 Int$",1993,3015865,"Mushrooms and truffles","no"
NA,"World",NA,NA,"Vegetables","Gross Production Value (constant 2014-2016 thousand I$)","1000 Int$",1994,3246526,"Mushrooms and truffles","no"
NA,"World",NA,NA,"Vegetables","Gross Production Value (constant 2014-2016 thousand I$)","1000 Int$",1995,3356593,"Mushrooms and truffles","no"
NA,"World",NA,NA,"Vegetables","Gross Production Value (constant 2014-2016 thousand I$)","1000 Int$",1996,3549650,"Mushrooms and truffles","no"
NA,"World",NA,NA,"Vegetables","Gross Production Value (constant 2014-2016 thousand I$)","1000 Int$",1997,3743134,"Mushrooms and truffles","no"
NA,"World",NA,NA,"Vegetables","Gross Production Value (constant 2014-2016 thousand I$)","1000 Int$",1998,4269013,"Mushrooms and truffles","no"
NA,"World",NA,NA,"Vegetables","Gross Production Value (constant 2014-2016 thousand I$)","1000 Int$",1999,4640802,"Mushrooms and truffles","no"
NA,"World",NA,NA,"Vegetables","Gross Production Value (constant 2014-2016 thousand I$)","1000 Int$",2000,9501643,"Mushrooms and truffles","no"
NA,"World",NA,NA,"Vegetables","Gross Production Value (constant 2014-2016 thousand I$)","1000 Int$",2001,10844184,"Mushrooms and truffles","no"
NA,"World",NA,NA,"Vegetables","Gross Production Value (constant 2014-2016 thousand I$)","1000 Int$",2002,11880761,"Mushrooms and truffles","no"
NA,"World",NA,NA,"Vegetables","Gross Production Value (constant 2014-2016 thousand I$)","1000 Int$",2003,13687838,"Mushrooms and truffles","no"
NA,"World",NA,NA,"Vegetables","Gross Production Value (constant 2014-2016 thousand I$)","1000 Int$",2004,14985263,"Mushrooms and truffles","no"
NA,"World",NA,NA,"Vegetables","Gross Production Value (constant 2014-2016 thousand I$)","1000 Int$",2005,16850894,"Mushrooms and truffles","no"
NA,"World",NA,NA,"Vegetables","Gross Production Value (constant 2014-2016 thousand I$)","1000 Int$",2006,18333383,"Mushrooms and truffles","no"
NA,"World",NA,NA,"Vegetables","Gross Production Value (constant 2014-2016 thousand I$)","1000 Int$",2007,20619719,"Mushrooms and truffles","no"
NA,"World",NA,NA,"Vegetables","Gross Production Value (constant 2014-2016 thousand I$)","1000 Int$",2008,22600240,"Mushrooms and truffles","no"
NA,"World",NA,NA,"Vegetables","Gross Production Value (constant 2014-2016 thousand I$)","1000 Int$",2009,25077499,"Mushrooms and truffles","no"
NA,"World",NA,NA,"Vegetables","Gross Production Value (constant 2014-2016 thousand I$)","1000 Int$",2010,27026846,"Mushrooms and truffles","no"
NA,"World",NA,NA,"Vegetables","Gross Production Value (constant 2014-2016 thousand I$)","1000 Int$",2011,31308361,"Mushrooms and truffles","no"
NA,"World",NA,NA,"Vegetables","Gross Production Value (constant 2014-2016 thousand I$)","1000 Int$",2012,34388527,"Mushrooms and truffles","no"
NA,"World",NA,NA,"Vegetables","Gross Production Value (constant 2014-2016 thousand I$)","1000 Int$",2013,37097595,"Mushrooms and truffles","no"
NA,"World",NA,NA,"Vegetables","Gross Production Value (constant 2014-2016 thousand I$)","1000 Int$",2014,38270920,"Mushrooms and truffles","no"
NA,"World",NA,NA,"Vegetables","Gross Production Value (constant 2014-2016 thousand I$)","1000 Int$",2015,40555602,"Mushrooms and truffles","no"
NA,"World",NA,NA,"Vegetables","Gross Production Value (constant 2014-2016 thousand I$)","1000 Int$",2016,41833490,"Mushrooms and truffles","no"
NA,"World",NA,NA,"Vegetables","Gross Production Value (constant 2014-2016 thousand I$)","1000 Int$",2017,43104622,"Mushrooms and truffles","no"
NA,"World",NA,NA,"Vegetables","Gross Production Value (constant 2014-2016 thousand I$)","1000 Int$",2018,43897462,"Mushrooms and truffles","no"
NA,"World",NA,NA,"Vegetables","Gross Production Value (constant 2014-2016 thousand I$)","1000 Int$",2019,45142751,"Mushrooms and truffles","no"
NA,"World",NA,NA,"Vegetables","Gross Production Value (constant 2014-2016 thousand I$)","1000 Int$",2020,46485451,"Mushrooms and truffles","no"
NA,"World",NA,NA,"Vegetables","Gross Production Value (constant 2014-2016 thousand I$)","1000 Int$",2021,47853232,"Mushrooms and truffles","no"
NA,"World",NA,NA,"Vegetables","Gross Production Value (constant 2014-2016 thousand I$)","1000 Int$",2022,52243839,"Mushrooms and truffles","no"
NA,"World",NA,NA,"Vegetables","Gross Production Value (constant 2014-2016 thousand I$)","1000 Int$",2023,54114346,"Mushrooms and truffles","no"
NA,"World",NA,NA,"Vegetables","Gross Production Value (constant 2014-2016 thousand US$)","1000 USD",1992,5721986,"Mushrooms and truffles","no"
NA,"World",NA,NA,"Vegetables","Gross Production Value (constant 2014-2016 thousand US$)","1000 USD",1993,5775644,"Mushrooms and truffles","no"
NA,"World",NA,NA,"Vegetables","Gross Production Value (constant 2014-2016 thousand US$)","1000 USD",1994,6127467,"Mushrooms and truffles","no"
NA,"World",NA,NA,"Vegetables","Gross Production Value (constant 2014-2016 thousand US$)","1000 USD",1995,6177998,"Mushrooms and truffles","no"
NA,"World",NA,NA,"Vegetables","Gross Production Value (constant 2014-2016 thousand US$)","1000 USD",1996,6387419,"Mushrooms and truffles","no"
NA,"World",NA,NA,"Vegetables","Gross Production Value (constant 2014-2016 thousand US$)","1000 USD",1997,6627400,"Mushrooms and truffles","no"
NA,"World",NA,NA,"Vegetables","Gross Production Value (constant 2014-2016 thousand US$)","1000 USD",1998,7215292,"Mushrooms and truffles","no"
NA,"World",NA,NA,"Vegetables","Gross Production Value (constant 2014-2016 thousand US$)","1000 USD",1999,7579447,"Mushrooms and truffles","no"
NA,"World",NA,NA,"Vegetables","Gross Production Value (constant 2014-2016 thousand US$)","1000 USD",2000,12378437,"Mushrooms and truffles","no"
NA,"World",NA,NA,"Vegetables","Gross Production Value (constant 2014-2016 thousand US$)","1000 USD",2001,13712057,"Mushrooms and truffles","no"
NA,"World",NA,NA,"Vegetables","Gross Production Value (constant 2014-2016 thousand US$)","1000 USD",2002,14724714,"Mushrooms and truffles","no"
NA,"World",NA,NA,"Vegetables","Gross Production Value (constant 2014-2016 thousand US$)","1000 USD",2003,16506879,"Mushrooms and truffles","no"
NA,"World",NA,NA,"Vegetables","Gross Production Value (constant 2014-2016 thousand US$)","1000 USD",2004,17676476,"Mushrooms and truffles","no"
NA,"World",NA,NA,"Vegetables","Gross Production Value (constant 2014-2016 thousand US$)","1000 USD",2005,19490411,"Mushrooms and truffles","no"
NA,"World",NA,NA,"Vegetables","Gross Production Value (constant 2014-2016 thousand US$)","1000 USD",2006,20951610,"Mushrooms and truffles","no"
NA,"World",NA,NA,"Vegetables","Gross Production Value (constant 2014-2016 thousand US$)","1000 USD",2007,23137963,"Mushrooms and truffles","no"
NA,"World",NA,NA,"Vegetables","Gross Production Value (constant 2014-2016 thousand US$)","1000 USD",2008,25545633,"Mushrooms and truffles","no"
NA,"World",NA,NA,"Vegetables","Gross Production Value (constant 2014-2016 thousand US$)","1000 USD",2009,28455819,"Mushrooms and truffles","no"
NA,"World",NA,NA,"Vegetables","Gross Production Value (constant 2014-2016 thousand US$)","1000 USD",2010,30199933,"Mushrooms and truffles","no"
NA,"World",NA,NA,"Vegetables","Gross Production Value (constant 2014-2016 thousand US$)","1000 USD",2011,34683853,"Mushrooms and truffles","no"
NA,"World",NA,NA,"Vegetables","Gross Production Value (constant 2014-2016 thousand US$)","1000 USD",2012,37994176,"Mushrooms and truffles","no"
NA,"World",NA,NA,"Vegetables","Gross Production Value (constant 2014-2016 thousand US$)","1000 USD",2013,39303328,"Mushrooms and truffles","no"
NA,"World",NA,NA,"Vegetables","Gross Production Value (constant 2014-2016 thousand US$)","1000 USD",2014,40565824,"Mushrooms and truffles","no"
NA,"World",NA,NA,"Vegetables","Gross Production Value (constant 2014-2016 thousand US$)","1000 USD",2015,42675459,"Mushrooms and truffles","no"
NA,"World",NA,NA,"Vegetables","Gross Production Value (constant 2014-2016 thousand US$)","1000 USD",2016,43943428,"Mushrooms and truffles","no"
NA,"World",NA,NA,"Vegetables","Gross Production Value (constant 2014-2016 thousand US$)","1000 USD",2017,45155720,"Mushrooms and truffles","no"
NA,"World",NA,NA,"Vegetables","Gross Production Value (constant 2014-2016 thousand US$)","1000 USD",2018,45930158,"Mushrooms and truffles","no"
NA,"World",NA,NA,"Vegetables","Gross Production Value (constant 2014-2016 thousand US$)","1000 USD",2019,47067762,"Mushrooms and truffles","no"
NA,"World",NA,NA,"Vegetables","Gross Production Value (constant 2014-2016 thousand US$)","1000 USD",2020,48421018,"Mushrooms and truffles","no"
NA,"World",NA,NA,"Vegetables","Gross Production Value (constant 2014-2016 thousand US$)","1000 USD",2021,49672666,"Mushrooms and truffles","no"
NA,"World",NA,NA,"Vegetables","Gross Production Value (constant 2014-2016 thousand US$)","1000 USD",2022,53889912,"Mushrooms and truffles","no"
NA,"World",NA,NA,"Vegetables","Gross Production Value (constant 2014-2016 thousand US$)","1000 USD",2023,55665559,"Mushrooms and truffles","no"
NA,"World",NA,NA,"Oilseeds and oleaginous fruits","Gross Production Value (constant 2014-2016 thousand I$)","1000 Int$",1992,253718,"Mustard seed","no"
NA,"World",NA,NA,"Oilseeds and oleaginous fruits","Gross Production Value (constant 2014-2016 thousand I$)","1000 Int$",1993,330475,"Mustard seed","no"
NA,"World",NA,NA,"Oilseeds and oleaginous fruits","Gross Production Value (constant 2014-2016 thousand I$)","1000 Int$",1994,391818,"Mustard seed","no"
NA,"World",NA,NA,"Oilseeds and oleaginous fruits","Gross Production Value (constant 2014-2016 thousand I$)","1000 Int$",1995,345946,"Mustard seed","no"
NA,"World",NA,NA,"Oilseeds and oleaginous fruits","Gross Production Value (constant 2014-2016 thousand I$)","1000 Int$",1996,338046,"Mustard seed","no"
NA,"World",NA,NA,"Oilseeds and oleaginous fruits","Gross Production Value (constant 2014-2016 thousand I$)","1000 Int$",1997,380088,"Mustard seed","no"
NA,"World",NA,NA,"Oilseeds and oleaginous fruits","Gross Production Value (constant 2014-2016 thousand I$)","1000 Int$",1998,392225,"Mustard seed","no"
NA,"World",NA,NA,"Oilseeds and oleaginous fruits","Gross Production Value (constant 2014-2016 thousand I$)","1000 Int$",1999,450129,"Mustard seed","no"
NA,"World",NA,NA,"Oilseeds and oleaginous fruits","Gross Production Value (constant 2014-2016 thousand I$)","1000 Int$",2000,356376,"Mustard seed","no"
NA,"World",NA,NA,"Oilseeds and oleaginous fruits","Gross Production Value (constant 2014-2016 thousand I$)","1000 Int$",2001,282173,"Mustard seed","no"
NA,"World",NA,NA,"Oilseeds and oleaginous fruits","Gross Production Value (constant 2014-2016 thousand I$)","1000 Int$",2002,369669,"Mustard seed","no"
NA,"World",NA,NA,"Oilseeds and oleaginous fruits","Gross Production Value (constant 2014-2016 thousand I$)","1000 Int$",2003,498532,"Mustard seed","no"
NA,"World",NA,NA,"Oilseeds and oleaginous fruits","Gross Production Value (constant 2014-2016 thousand I$)","1000 Int$",2004,563689,"Mustard seed","no"
NA,"World",NA,NA,"Oilseeds and oleaginous fruits","Gross Production Value (constant 2014-2016 thousand I$)","1000 Int$",2005,405113,"Mustard seed","no"
NA,"World",NA,NA,"Oilseeds and oleaginous fruits","Gross Production Value (constant 2014-2016 thousand I$)","1000 Int$",2006,328677,"Mustard seed","no"
NA,"World",NA,NA,"Oilseeds and oleaginous fruits","Gross Production Value (constant 2014-2016 thousand I$)","1000 Int$",2007,295179,"Mustard seed","no"
NA,"World",NA,NA,"Oilseeds and oleaginous fruits","Gross Production Value (constant 2014-2016 thousand I$)","1000 Int$",2008,384999,"Mustard seed","no"
NA,"World",NA,NA,"Oilseeds and oleaginous fruits","Gross Production Value (constant 2014-2016 thousand I$)","1000 Int$",2009,498152,"Mustard seed","no"
NA,"World",NA,NA,"Oilseeds and oleaginous fruits","Gross Production Value (constant 2014-2016 thousand I$)","1000 Int$",2010,441155,"Mustard seed","no"
NA,"World",NA,NA,"Oilseeds and oleaginous fruits","Gross Production Value (constant 2014-2016 thousand I$)","1000 Int$",2011,416716,"Mustard seed","no"
NA,"World",NA,NA,"Oilseeds and oleaginous fruits","Gross Production Value (constant 2014-2016 thousand I$)","1000 Int$",2012,335427,"Mustard seed","no"
NA,"World",NA,NA,"Oilseeds and oleaginous fruits","Gross Production Value (constant 2014-2016 thousand I$)","1000 Int$",2013,371643,"Mustard seed","no"
NA,"World",NA,NA,"Oilseeds and oleaginous fruits","Gross Production Value (constant 2014-2016 thousand I$)","1000 Int$",2014,483070,"Mustard seed","no"
NA,"World",NA,NA,"Oilseeds and oleaginous fruits","Gross Production Value (constant 2014-2016 thousand I$)","1000 Int$",2015,379327,"Mustard seed","no"
NA,"World",NA,NA,"Oilseeds and oleaginous fruits","Gross Production Value (constant 2014-2016 thousand I$)","1000 Int$",2016,485718,"Mustard seed","no"
NA,"World",NA,NA,"Oilseeds and oleaginous fruits","Gross Production Value (constant 2014-2016 thousand I$)","1000 Int$",2017,399172,"Mustard seed","no"
NA,"World",NA,NA,"Oilseeds and oleaginous fruits","Gross Production Value (constant 2014-2016 thousand I$)","1000 Int$",2018,465976,"Mustard seed","no"
NA,"World",NA,NA,"Oilseeds and oleaginous fruits","Gross Production Value (constant 2014-2016 thousand I$)","1000 Int$",2019,464380,"Mustard seed","no"
NA,"World",NA,NA,"Oilseeds and oleaginous fruits","Gross Production Value (constant 2014-2016 thousand I$)","1000 Int$",2020,484802,"Mustard seed","no"
NA,"World",NA,NA,"Oilseeds and oleaginous fruits","Gross Production Value (constant 2014-2016 thousand I$)","1000 Int$",2021,485712,"Mustard seed","no"
NA,"World",NA,NA,"Oilseeds and oleaginous fruits","Gross Production Value (constant 2014-2016 thousand I$)","1000 Int$",2022,602532,"Mustard seed","no"
NA,"World",NA,NA,"Oilseeds and oleaginous fruits","Gross Production Value (constant 2014-2016 thousand I$)","1000 Int$",2023,649193,"Mustard seed","no"
NA,"World",NA,NA,"Oilseeds and oleaginous fruits","Gross Production Value (constant 2014-2016 thousand US$)","1000 USD",1992,216297,"Mustard seed","no"
NA,"World",NA,NA,"Oilseeds and oleaginous fruits","Gross Production Value (constant 2014-2016 thousand US$)","1000 USD",1993,287067,"Mustard seed","no"
NA,"World",NA,NA,"Oilseeds and oleaginous fruits","Gross Production Value (constant 2014-2016 thousand US$)","1000 USD",1994,356026,"Mustard seed","no"
NA,"World",NA,NA,"Oilseeds and oleaginous fruits","Gross Production Value (constant 2014-2016 thousand US$)","1000 USD",1995,322143,"Mustard seed","no"
NA,"World",NA,NA,"Oilseeds and oleaginous fruits","Gross Production Value (constant 2014-2016 thousand US$)","1000 USD",1996,316257,"Mustard seed","no"
NA,"World",NA,NA,"Oilseeds and oleaginous fruits","Gross Production Value (constant 2014-2016 thousand US$)","1000 USD",1997,347866,"Mustard seed","no"
NA,"World",NA,NA,"Oilseeds and oleaginous fruits","Gross Production Value (constant 2014-2016 thousand US$)","1000 USD",1998,346935,"Mustard seed","no"
NA,"World",NA,NA,"Oilseeds and oleaginous fruits","Gross Production Value (constant 2014-2016 thousand US$)","1000 USD",1999,411359,"Mustard seed","no"
NA,"World",NA,NA,"Oilseeds and oleaginous fruits","Gross Production Value (constant 2014-2016 thousand US$)","1000 USD",2000,320997,"Mustard seed","no"
NA,"World",NA,NA,"Oilseeds and oleaginous fruits","Gross Production Value (constant 2014-2016 thousand US$)","1000 USD",2001,261394,"Mustard seed","no"
NA,"World",NA,NA,"Oilseeds and oleaginous fruits","Gross Production Value (constant 2014-2016 thousand US$)","1000 USD",2002,336689,"Mustard seed","no"
NA,"World",NA,NA,"Oilseeds and oleaginous fruits","Gross Production Value (constant 2014-2016 thousand US$)","1000 USD",2003,413384,"Mustard seed","no"
NA,"World",NA,NA,"Oilseeds and oleaginous fruits","Gross Production Value (constant 2014-2016 thousand US$)","1000 USD",2004,466127,"Mustard seed","no"
NA,"World",NA,NA,"Oilseeds and oleaginous fruits","Gross Production Value (constant 2014-2016 thousand US$)","1000 USD",2005,344645,"Mustard seed","no"
NA,"World",NA,NA,"Oilseeds and oleaginous fruits","Gross Production Value (constant 2014-2016 thousand US$)","1000 USD",2006,272707,"Mustard seed","no"
NA,"World",NA,NA,"Oilseeds and oleaginous fruits","Gross Production Value (constant 2014-2016 thousand US$)","1000 USD",2007,264050,"Mustard seed","no"
NA,"World",NA,NA,"Oilseeds and oleaginous fruits","Gross Production Value (constant 2014-2016 thousand US$)","1000 USD",2008,315926,"Mustard seed","no"
NA,"World",NA,NA,"Oilseeds and oleaginous fruits","Gross Production Value (constant 2014-2016 thousand US$)","1000 USD",2009,397860,"Mustard seed","no"
NA,"World",NA,NA,"Oilseeds and oleaginous fruits","Gross Production Value (constant 2014-2016 thousand US$)","1000 USD",2010,359454,"Mustard seed","no"
NA,"World",NA,NA,"Oilseeds and oleaginous fruits","Gross Production Value (constant 2014-2016 thousand US$)","1000 USD",2011,342637,"Mustard seed","no"
NA,"World",NA,NA,"Oilseeds and oleaginous fruits","Gross Production Value (constant 2014-2016 thousand US$)","1000 USD",2012,290303,"Mustard seed","no"
NA,"World",NA,NA,"Oilseeds and oleaginous fruits","Gross Production Value (constant 2014-2016 thousand US$)","1000 USD",2013,315733,"Mustard seed","no"
NA,"World",NA,NA,"Oilseeds and oleaginous fruits","Gross Production Value (constant 2014-2016 thousand US$)","1000 USD",2014,387470,"Mustard seed","no"
NA,"World",NA,NA,"Oilseeds and oleaginous fruits","Gross Production Value (constant 2014-2016 thousand US$)","1000 USD",2015,316714,"Mustard seed","no"
NA,"World",NA,NA,"Oilseeds and oleaginous fruits","Gross Production Value (constant 2014-2016 thousand US$)","1000 USD",2016,421374,"Mustard seed","no"
NA,"World",NA,NA,"Oilseeds and oleaginous fruits","Gross Production Value (constant 2014-2016 thousand US$)","1000 USD",2017,328963,"Mustard seed","no"
NA,"World",NA,NA,"Oilseeds and oleaginous fruits","Gross Production Value (constant 2014-2016 thousand US$)","1000 USD",2018,385685,"Mustard seed","no"
NA,"World",NA,NA,"Oilseeds and oleaginous fruits","Gross Production Value (constant 2014-2016 thousand US$)","1000 USD",2019,382717,"Mustard seed","no"
NA,"World",NA,NA,"Oilseeds and oleaginous fruits","Gross Production Value (constant 2014-2016 thousand US$)","1000 USD",2020,347811,"Mustard seed","no"
NA,"World",NA,NA,"Oilseeds and oleaginous fruits","Gross Production Value (constant 2014-2016 thousand US$)","1000 USD",2021,325177,"Mustard seed","no"
NA,"World",NA,NA,"Oilseeds and oleaginous fruits","Gross Production Value (constant 2014-2016 thousand US$)","1000 USD",2022,423745,"Mustard seed","no"
NA,"World",NA,NA,"Oilseeds and oleaginous fruits","Gross Production Value (constant 2014-2016 thousand US$)","1000 USD",2023,449919,"Mustard seed","no"
NA,"World",NA,NA,"Other animal products","Gross Production Value (constant 2014-2016 thousand I$)","1000 Int$",1992,3738659,"Natural honey","no"
NA,"World",NA,NA,"Other animal products","Gross Production Value (constant 2014-2016 thousand I$)","1000 Int$",1993,3836528,"Natural honey","no"
NA,"World",NA,NA,"Other animal products","Gross Production Value (constant 2014-2016 thousand I$)","1000 Int$",1994,4052764,"Natural honey","no"
NA,"World",NA,NA,"Other animal products","Gross Production Value (constant 2014-2016 thousand I$)","1000 Int$",1995,4163345,"Natural honey","no"
NA,"World",NA,NA,"Other animal products","Gross Production Value (constant 2014-2016 thousand I$)","1000 Int$",1996,3956421,"Natural honey","no"
NA,"World",NA,NA,"Other animal products","Gross Production Value (constant 2014-2016 thousand I$)","1000 Int$",1997,4151765,"Natural honey","no"
NA,"World",NA,NA,"Other animal products","Gross Production Value (constant 2014-2016 thousand I$)","1000 Int$",1998,4294985,"Natural honey","no"
NA,"World",NA,NA,"Other animal products","Gross Production Value (constant 2014-2016 thousand I$)","1000 Int$",1999,4481872,"Natural honey","no"
NA,"World",NA,NA,"Other animal products","Gross Production Value (constant 2014-2016 thousand I$)","1000 Int$",2000,4536371,"Natural honey","no"
NA,"World",NA,NA,"Other animal products","Gross Production Value (constant 2014-2016 thousand I$)","1000 Int$",2001,4469459,"Natural honey","no"
NA,"World",NA,NA,"Other animal products","Gross Production Value (constant 2014-2016 thousand I$)","1000 Int$",2002,4637665,"Natural honey","no"
NA,"World",NA,NA,"Other animal products","Gross Production Value (constant 2014-2016 thousand I$)","1000 Int$",2003,4812875,"Natural honey","no"
NA,"World",NA,NA,"Other animal products","Gross Production Value (constant 2014-2016 thousand I$)","1000 Int$",2004,4911225,"Natural honey","no"
NA,"World",NA,NA,"Other animal products","Gross Production Value (constant 2014-2016 thousand I$)","1000 Int$",2005,5100915,"Natural honey","no"
NA,"World",NA,NA,"Other animal products","Gross Production Value (constant 2014-2016 thousand I$)","1000 Int$",2006,5424479,"Natural honey","no"
NA,"World",NA,NA,"Other animal products","Gross Production Value (constant 2014-2016 thousand I$)","1000 Int$",2007,5234035,"Natural honey","no"
NA,"World",NA,NA,"Other animal products","Gross Production Value (constant 2014-2016 thousand I$)","1000 Int$",2008,5465510,"Natural honey","no"
NA,"World",NA,NA,"Other animal products","Gross Production Value (constant 2014-2016 thousand I$)","1000 Int$",2009,5420666,"Natural honey","no"
NA,"World",NA,NA,"Other animal products","Gross Production Value (constant 2014-2016 thousand I$)","1000 Int$",2010,5536747,"Natural honey","no"
NA,"World",NA,NA,"Other animal products","Gross Production Value (constant 2014-2016 thousand I$)","1000 Int$",2011,5799564,"Natural honey","no"
NA,"World",NA,NA,"Other animal products","Gross Production Value (constant 2014-2016 thousand I$)","1000 Int$",2012,5905948,"Natural honey","no"
NA,"World",NA,NA,"Other animal products","Gross Production Value (constant 2014-2016 thousand I$)","1000 Int$",2013,6079053,"Natural honey","no"
NA,"World",NA,NA,"Other animal products","Gross Production Value (constant 2014-2016 thousand I$)","1000 Int$",2014,6335541,"Natural honey","no"
NA,"World",NA,NA,"Other animal products","Gross Production Value (constant 2014-2016 thousand I$)","1000 Int$",2015,6555636,"Natural honey","no"
NA,"World",NA,NA,"Other animal products","Gross Production Value (constant 2014-2016 thousand I$)","1000 Int$",2016,6705168,"Natural honey","no"
NA,"World",NA,NA,"Other animal products","Gross Production Value (constant 2014-2016 thousand I$)","1000 Int$",2017,6759643,"Natural honey","no"
NA,"World",NA,NA,"Other animal products","Gross Production Value (constant 2014-2016 thousand I$)","1000 Int$",2018,6632177,"Natural honey","no"
NA,"World",NA,NA,"Other animal products","Gross Production Value (constant 2014-2016 thousand I$)","1000 Int$",2019,6794170,"Natural honey","no"
NA,"World",NA,NA,"Other animal products","Gross Production Value (constant 2014-2016 thousand I$)","1000 Int$",2020,6851333,"Natural honey","no"
NA,"World",NA,NA,"Other animal products","Gross Production Value (constant 2014-2016 thousand I$)","1000 Int$",2021,6588992,"Natural honey","no"
NA,"World",NA,NA,"Other animal products","Gross Production Value (constant 2014-2016 thousand I$)","1000 Int$",2022,6866827,"Natural honey","no"
NA,"World",NA,NA,"Other animal products","Gross Production Value (constant 2014-2016 thousand I$)","1000 Int$",2023,6815157,"Natural honey","no"
NA,"World",NA,NA,"Other animal products","Gross Production Value (constant 2014-2016 thousand US$)","1000 USD",1992,3987177,"Natural honey","no"
NA,"World",NA,NA,"Other animal products","Gross Production Value (constant 2014-2016 thousand US$)","1000 USD",1993,4262614,"Natural honey","no"
NA,"World",NA,NA,"Other animal products","Gross Production Value (constant 2014-2016 thousand US$)","1000 USD",1994,4265810,"Natural honey","no"
NA,"World",NA,NA,"Other animal products","Gross Production Value (constant 2014-2016 thousand US$)","1000 USD",1995,4705211,"Natural honey","no"
NA,"World",NA,NA,"Other animal products","Gross Production Value (constant 2014-2016 thousand US$)","1000 USD",1996,4162145,"Natural honey","no"
NA,"World",NA,NA,"Other animal products","Gross Production Value (constant 2014-2016 thousand US$)","1000 USD",1997,4269615,"Natural honey","no"
NA,"World",NA,NA,"Other animal products","Gross Production Value (constant 2014-2016 thousand US$)","1000 USD",1998,4516141,"Natural honey","no"
NA,"World",NA,NA,"Other animal products","Gross Production Value (constant 2014-2016 thousand US$)","1000 USD",1999,4686112,"Natural honey","no"
NA,"World",NA,NA,"Other animal products","Gross Production Value (constant 2014-2016 thousand US$)","1000 USD",2000,4805495,"Natural honey","no"
NA,"World",NA,NA,"Other animal products","Gross Production Value (constant 2014-2016 thousand US$)","1000 USD",2001,4857563,"Natural honey","no"
NA,"World",NA,NA,"Other animal products","Gross Production Value (constant 2014-2016 thousand US$)","1000 USD",2002,4952726,"Natural honey","no"
NA,"World",NA,NA,"Other animal products","Gross Production Value (constant 2014-2016 thousand US$)","1000 USD",2003,5156910,"Natural honey","no"
NA,"World",NA,NA,"Other animal products","Gross Production Value (constant 2014-2016 thousand US$)","1000 USD",2004,5222826,"Natural honey","no"
NA,"World",NA,NA,"Other animal products","Gross Production Value (constant 2014-2016 thousand US$)","1000 USD",2005,5494609,"Natural honey","no"
NA,"World",NA,NA,"Other animal products","Gross Production Value (constant 2014-2016 thousand US$)","1000 USD",2006,5774933,"Natural honey","no"
NA,"World",NA,NA,"Other animal products","Gross Production Value (constant 2014-2016 thousand US$)","1000 USD",2007,5606211,"Natural honey","no"
NA,"World",NA,NA,"Other animal products","Gross Production Value (constant 2014-2016 thousand US$)","1000 USD",2008,5673332,"Natural honey","no"
NA,"World",NA,NA,"Other animal products","Gross Production Value (constant 2014-2016 thousand US$)","1000 USD",2009,5710726,"Natural honey","no"
NA,"World",NA,NA,"Other animal products","Gross Production Value (constant 2014-2016 thousand US$)","1000 USD",2010,5854937,"Natural honey","no"
NA,"World",NA,NA,"Other animal products","Gross Production Value (constant 2014-2016 thousand US$)","1000 USD",2011,6109036,"Natural honey","no"
NA,"World",NA,NA,"Other animal products","Gross Production Value (constant 2014-2016 thousand US$)","1000 USD",2012,6187567,"Natural honey","no"
NA,"World",NA,NA,"Other animal products","Gross Production Value (constant 2014-2016 thousand US$)","1000 USD",2013,6450377,"Natural honey","no"
NA,"World",NA,NA,"Other animal products","Gross Production Value (constant 2014-2016 thousand US$)","1000 USD",2014,6786179,"Natural honey","no"
NA,"World",NA,NA,"Other animal products","Gross Production Value (constant 2014-2016 thousand US$)","1000 USD",2015,7137478,"Natural honey","no"
NA,"World",NA,NA,"Other animal products","Gross Production Value (constant 2014-2016 thousand US$)","1000 USD",2016,7093574,"Natural honey","no"
NA,"World",NA,NA,"Other animal products","Gross Production Value (constant 2014-2016 thousand US$)","1000 USD",2017,7171410,"Natural honey","no"
NA,"World",NA,NA,"Other animal products","Gross Production Value (constant 2014-2016 thousand US$)","1000 USD",2018,7225134,"Natural honey","no"
NA,"World",NA,NA,"Other animal products","Gross Production Value (constant 2014-2016 thousand US$)","1000 USD",2019,7344561,"Natural honey","no"
NA,"World",NA,NA,"Other animal products","Gross Production Value (constant 2014-2016 thousand US$)","1000 USD",2020,7524747,"Natural honey","no"
NA,"World",NA,NA,"Other animal products","Gross Production Value (constant 2014-2016 thousand US$)","1000 USD",2021,7092123,"Natural honey","no"
NA,"World",NA,NA,"Other animal products","Gross Production Value (constant 2014-2016 thousand US$)","1000 USD",2022,7723910,"Natural honey","no"
NA,"World",NA,NA,"Other animal products","Gross Production Value (constant 2014-2016 thousand US$)","1000 USD",2023,7502540,"Natural honey","no"
NA,"World",NA,NA,"Forage products; fibre crops; plants used in perfumery, pharmacy, or for insecticidal, fungicidal or similar purposes; beet, forage plant and flower seeds; natural rubber; living plants, cut flowers and flower buds; unmanufactured tobacco; other raw vegetable materials","Gross Production Value (constant 2014-2016 thousand I$)","1000 Int$",1992,6809522,"Natural rubber in primary forms","no"
NA,"World",NA,NA,"Forage products; fibre crops; plants used in perfumery, pharmacy, or for insecticidal, fungicidal or similar purposes; beet, forage plant and flower seeds; natural rubber; living plants, cut flowers and flower buds; unmanufactured tobacco; other raw vegetable materials","Gross Production Value (constant 2014-2016 thousand I$)","1000 Int$",1993,7045139,"Natural rubber in primary forms","no"
NA,"World",NA,NA,"Forage products; fibre crops; plants used in perfumery, pharmacy, or for insecticidal, fungicidal or similar purposes; beet, forage plant and flower seeds; natural rubber; living plants, cut flowers and flower buds; unmanufactured tobacco; other raw vegetable materials","Gross Production Value (constant 2014-2016 thousand I$)","1000 Int$",1994,7315793,"Natural rubber in primary forms","no"
NA,"World",NA,NA,"Forage products; fibre crops; plants used in perfumery, pharmacy, or for insecticidal, fungicidal or similar purposes; beet, forage plant and flower seeds; natural rubber; living plants, cut flowers and flower buds; unmanufactured tobacco; other raw vegetable materials","Gross Production Value (constant 2014-2016 thousand I$)","1000 Int$",1995,7639006,"Natural rubber in primary forms","no"
NA,"World",NA,NA,"Forage products; fibre crops; plants used in perfumery, pharmacy, or for insecticidal, fungicidal or similar purposes; beet, forage plant and flower seeds; natural rubber; living plants, cut flowers and flower buds; unmanufactured tobacco; other raw vegetable materials","Gross Production Value (constant 2014-2016 thousand I$)","1000 Int$",1996,7975858,"Natural rubber in primary forms","no"
NA,"World",NA,NA,"Forage products; fibre crops; plants used in perfumery, pharmacy, or for insecticidal, fungicidal or similar purposes; beet, forage plant and flower seeds; natural rubber; living plants, cut flowers and flower buds; unmanufactured tobacco; other raw vegetable materials","Gross Production Value (constant 2014-2016 thousand I$)","1000 Int$",1997,8185875,"Natural rubber in primary forms","no"
NA,"World",NA,NA,"Forage products; fibre crops; plants used in perfumery, pharmacy, or for insecticidal, fungicidal or similar purposes; beet, forage plant and flower seeds; natural rubber; living plants, cut flowers and flower buds; unmanufactured tobacco; other raw vegetable materials","Gross Production Value (constant 2014-2016 thousand I$)","1000 Int$",1998,8255712,"Natural rubber in primary forms","no"
NA,"World",NA,NA,"Forage products; fibre crops; plants used in perfumery, pharmacy, or for insecticidal, fungicidal or similar purposes; beet, forage plant and flower seeds; natural rubber; living plants, cut flowers and flower buds; unmanufactured tobacco; other raw vegetable materials","Gross Production Value (constant 2014-2016 thousand I$)","1000 Int$",1999,8461920,"Natural rubber in primary forms","no"
NA,"World",NA,NA,"Forage products; fibre crops; plants used in perfumery, pharmacy, or for insecticidal, fungicidal or similar purposes; beet, forage plant and flower seeds; natural rubber; living plants, cut flowers and flower buds; unmanufactured tobacco; other raw vegetable materials","Gross Production Value (constant 2014-2016 thousand I$)","1000 Int$",2000,8916925,"Natural rubber in primary forms","no"
NA,"World",NA,NA,"Forage products; fibre crops; plants used in perfumery, pharmacy, or for insecticidal, fungicidal or similar purposes; beet, forage plant and flower seeds; natural rubber; living plants, cut flowers and flower buds; unmanufactured tobacco; other raw vegetable materials","Gross Production Value (constant 2014-2016 thousand I$)","1000 Int$",2001,9405494,"Natural rubber in primary forms","no"
NA,"World",NA,NA,"Forage products; fibre crops; plants used in perfumery, pharmacy, or for insecticidal, fungicidal or similar purposes; beet, forage plant and flower seeds; natural rubber; living plants, cut flowers and flower buds; unmanufactured tobacco; other raw vegetable materials","Gross Production Value (constant 2014-2016 thousand I$)","1000 Int$",2002,9701169,"Natural rubber in primary forms","no"
NA,"World",NA,NA,"Forage products; fibre crops; plants used in perfumery, pharmacy, or for insecticidal, fungicidal or similar purposes; beet, forage plant and flower seeds; natural rubber; living plants, cut flowers and flower buds; unmanufactured tobacco; other raw vegetable materials","Gross Production Value (constant 2014-2016 thousand I$)","1000 Int$",2003,10570741,"Natural rubber in primary forms","no"
NA,"World",NA,NA,"Forage products; fibre crops; plants used in perfumery, pharmacy, or for insecticidal, fungicidal or similar purposes; beet, forage plant and flower seeds; natural rubber; living plants, cut flowers and flower buds; unmanufactured tobacco; other raw vegetable materials","Gross Production Value (constant 2014-2016 thousand I$)","1000 Int$",2004,11639236,"Natural rubber in primary forms","no"
NA,"World",NA,NA,"Forage products; fibre crops; plants used in perfumery, pharmacy, or for insecticidal, fungicidal or similar purposes; beet, forage plant and flower seeds; natural rubber; living plants, cut flowers and flower buds; unmanufactured tobacco; other raw vegetable materials","Gross Production Value (constant 2014-2016 thousand I$)","1000 Int$",2005,11969710,"Natural rubber in primary forms","no"
NA,"World",NA,NA,"Forage products; fibre crops; plants used in perfumery, pharmacy, or for insecticidal, fungicidal or similar purposes; beet, forage plant and flower seeds; natural rubber; living plants, cut flowers and flower buds; unmanufactured tobacco; other raw vegetable materials","Gross Production Value (constant 2014-2016 thousand I$)","1000 Int$",2006,13025088,"Natural rubber in primary forms","no"
NA,"World",NA,NA,"Forage products; fibre crops; plants used in perfumery, pharmacy, or for insecticidal, fungicidal or similar purposes; beet, forage plant and flower seeds; natural rubber; living plants, cut flowers and flower buds; unmanufactured tobacco; other raw vegetable materials","Gross Production Value (constant 2014-2016 thousand I$)","1000 Int$",2007,13310935,"Natural rubber in primary forms","no"
NA,"World",NA,NA,"Forage products; fibre crops; plants used in perfumery, pharmacy, or for insecticidal, fungicidal or similar purposes; beet, forage plant and flower seeds; natural rubber; living plants, cut flowers and flower buds; unmanufactured tobacco; other raw vegetable materials","Gross Production Value (constant 2014-2016 thousand I$)","1000 Int$",2008,13467299,"Natural rubber in primary forms","no"
NA,"World",NA,NA,"Forage products; fibre crops; plants used in perfumery, pharmacy, or for insecticidal, fungicidal or similar purposes; beet, forage plant and flower seeds; natural rubber; living plants, cut flowers and flower buds; unmanufactured tobacco; other raw vegetable materials","Gross Production Value (constant 2014-2016 thousand I$)","1000 Int$",2009,12843387,"Natural rubber in primary forms","no"
NA,"World",NA,NA,"Forage products; fibre crops; plants used in perfumery, pharmacy, or for insecticidal, fungicidal or similar purposes; beet, forage plant and flower seeds; natural rubber; living plants, cut flowers and flower buds; unmanufactured tobacco; other raw vegetable materials","Gross Production Value (constant 2014-2016 thousand I$)","1000 Int$",2010,13541661,"Natural rubber in primary forms","no"
NA,"World",NA,NA,"Forage products; fibre crops; plants used in perfumery, pharmacy, or for insecticidal, fungicidal or similar purposes; beet, forage plant and flower seeds; natural rubber; living plants, cut flowers and flower buds; unmanufactured tobacco; other raw vegetable materials","Gross Production Value (constant 2014-2016 thousand I$)","1000 Int$",2011,14515433,"Natural rubber in primary forms","no"
NA,"World",NA,NA,"Forage products; fibre crops; plants used in perfumery, pharmacy, or for insecticidal, fungicidal or similar purposes; beet, forage plant and flower seeds; natural rubber; living plants, cut flowers and flower buds; unmanufactured tobacco; other raw vegetable materials","Gross Production Value (constant 2014-2016 thousand I$)","1000 Int$",2012,15866440,"Natural rubber in primary forms","no"
NA,"World",NA,NA,"Forage products; fibre crops; plants used in perfumery, pharmacy, or for insecticidal, fungicidal or similar purposes; beet, forage plant and flower seeds; natural rubber; living plants, cut flowers and flower buds; unmanufactured tobacco; other raw vegetable materials","Gross Production Value (constant 2014-2016 thousand I$)","1000 Int$",2013,16381293,"Natural rubber in primary forms","no"
NA,"World",NA,NA,"Forage products; fibre crops; plants used in perfumery, pharmacy, or for insecticidal, fungicidal or similar purposes; beet, forage plant and flower seeds; natural rubber; living plants, cut flowers and flower buds; unmanufactured tobacco; other raw vegetable materials","Gross Production Value (constant 2014-2016 thousand I$)","1000 Int$",2014,16701711,"Natural rubber in primary forms","no"
NA,"World",NA,NA,"Forage products; fibre crops; plants used in perfumery, pharmacy, or for insecticidal, fungicidal or similar purposes; beet, forage plant and flower seeds; natural rubber; living plants, cut flowers and flower buds; unmanufactured tobacco; other raw vegetable materials","Gross Production Value (constant 2014-2016 thousand I$)","1000 Int$",2015,16672912,"Natural rubber in primary forms","no"
NA,"World",NA,NA,"Forage products; fibre crops; plants used in perfumery, pharmacy, or for insecticidal, fungicidal or similar purposes; beet, forage plant and flower seeds; natural rubber; living plants, cut flowers and flower buds; unmanufactured tobacco; other raw vegetable materials","Gross Production Value (constant 2014-2016 thousand I$)","1000 Int$",2016,16991840,"Natural rubber in primary forms","no"
NA,"World",NA,NA,"Forage products; fibre crops; plants used in perfumery, pharmacy, or for insecticidal, fungicidal or similar purposes; beet, forage plant and flower seeds; natural rubber; living plants, cut flowers and flower buds; unmanufactured tobacco; other raw vegetable materials","Gross Production Value (constant 2014-2016 thousand I$)","1000 Int$",2017,17361169,"Natural rubber in primary forms","no"
NA,"World",NA,NA,"Forage products; fibre crops; plants used in perfumery, pharmacy, or for insecticidal, fungicidal or similar purposes; beet, forage plant and flower seeds; natural rubber; living plants, cut flowers and flower buds; unmanufactured tobacco; other raw vegetable materials","Gross Production Value (constant 2014-2016 thousand I$)","1000 Int$",2018,17796155,"Natural rubber in primary forms","no"
NA,"World",NA,NA,"Forage products; fibre crops; plants used in perfumery, pharmacy, or for insecticidal, fungicidal or similar purposes; beet, forage plant and flower seeds; natural rubber; living plants, cut flowers and flower buds; unmanufactured tobacco; other raw vegetable materials","Gross Production Value (constant 2014-2016 thousand I$)","1000 Int$",2019,18159996,"Natural rubber in primary forms","no"
NA,"World",NA,NA,"Forage products; fibre crops; plants used in perfumery, pharmacy, or for insecticidal, fungicidal or similar purposes; beet, forage plant and flower seeds; natural rubber; living plants, cut flowers and flower buds; unmanufactured tobacco; other raw vegetable materials","Gross Production Value (constant 2014-2016 thousand I$)","1000 Int$",2020,17903968,"Natural rubber in primary forms","no"
NA,"World",NA,NA,"Forage products; fibre crops; plants used in perfumery, pharmacy, or for insecticidal, fungicidal or similar purposes; beet, forage plant and flower seeds; natural rubber; living plants, cut flowers and flower buds; unmanufactured tobacco; other raw vegetable materials","Gross Production Value (constant 2014-2016 thousand I$)","1000 Int$",2021,18458741,"Natural rubber in primary forms","no"
NA,"World",NA,NA,"Forage products; fibre crops; plants used in perfumery, pharmacy, or for insecticidal, fungicidal or similar purposes; beet, forage plant and flower seeds; natural rubber; living plants, cut flowers and flower buds; unmanufactured tobacco; other raw vegetable materials","Gross Production Value (constant 2014-2016 thousand I$)","1000 Int$",2022,18357380,"Natural rubber in primary forms","no"
NA,"World",NA,NA,"Forage products; fibre crops; plants used in perfumery, pharmacy, or for insecticidal, fungicidal or similar purposes; beet, forage plant and flower seeds; natural rubber; living plants, cut flowers and flower buds; unmanufactured tobacco; other raw vegetable materials","Gross Production Value (constant 2014-2016 thousand I$)","1000 Int$",2023,18547948,"Natural rubber in primary forms","no"
NA,"World",NA,NA,"Forage products; fibre crops; plants used in perfumery, pharmacy, or for insecticidal, fungicidal or similar purposes; beet, forage plant and flower seeds; natural rubber; living plants, cut flowers and flower buds; unmanufactured tobacco; other raw vegetable materials","Gross Production Value (constant 2014-2016 thousand US$)","1000 USD",1992,6722303,"Natural rubber in primary forms","no"
NA,"World",NA,NA,"Forage products; fibre crops; plants used in perfumery, pharmacy, or for insecticidal, fungicidal or similar purposes; beet, forage plant and flower seeds; natural rubber; living plants, cut flowers and flower buds; unmanufactured tobacco; other raw vegetable materials","Gross Production Value (constant 2014-2016 thousand US$)","1000 USD",1993,6917771,"Natural rubber in primary forms","no"
NA,"World",NA,NA,"Forage products; fibre crops; plants used in perfumery, pharmacy, or for insecticidal, fungicidal or similar purposes; beet, forage plant and flower seeds; natural rubber; living plants, cut flowers and flower buds; unmanufactured tobacco; other raw vegetable materials","Gross Production Value (constant 2014-2016 thousand US$)","1000 USD",1994,7374526,"Natural rubber in primary forms","no"
NA,"World",NA,NA,"Forage products; fibre crops; plants used in perfumery, pharmacy, or for insecticidal, fungicidal or similar purposes; beet, forage plant and flower seeds; natural rubber; living plants, cut flowers and flower buds; unmanufactured tobacco; other raw vegetable materials","Gross Production Value (constant 2014-2016 thousand US$)","1000 USD",1995,7758569,"Natural rubber in primary forms","no"
NA,"World",NA,NA,"Forage products; fibre crops; plants used in perfumery, pharmacy, or for insecticidal, fungicidal or similar purposes; beet, forage plant and flower seeds; natural rubber; living plants, cut flowers and flower buds; unmanufactured tobacco; other raw vegetable materials","Gross Production Value (constant 2014-2016 thousand US$)","1000 USD",1996,7993419,"Natural rubber in primary forms","no"
NA,"World",NA,NA,"Forage products; fibre crops; plants used in perfumery, pharmacy, or for insecticidal, fungicidal or similar purposes; beet, forage plant and flower seeds; natural rubber; living plants, cut flowers and flower buds; unmanufactured tobacco; other raw vegetable materials","Gross Production Value (constant 2014-2016 thousand US$)","1000 USD",1997,8268439,"Natural rubber in primary forms","no"
NA,"World",NA,NA,"Forage products; fibre crops; plants used in perfumery, pharmacy, or for insecticidal, fungicidal or similar purposes; beet, forage plant and flower seeds; natural rubber; living plants, cut flowers and flower buds; unmanufactured tobacco; other raw vegetable materials","Gross Production Value (constant 2014-2016 thousand US$)","1000 USD",1998,8317002,"Natural rubber in primary forms","no"
NA,"World",NA,NA,"Forage products; fibre crops; plants used in perfumery, pharmacy, or for insecticidal, fungicidal or similar purposes; beet, forage plant and flower seeds; natural rubber; living plants, cut flowers and flower buds; unmanufactured tobacco; other raw vegetable materials","Gross Production Value (constant 2014-2016 thousand US$)","1000 USD",1999,8540115,"Natural rubber in primary forms","no"
NA,"World",NA,NA,"Forage products; fibre crops; plants used in perfumery, pharmacy, or for insecticidal, fungicidal or similar purposes; beet, forage plant and flower seeds; natural rubber; living plants, cut flowers and flower buds; unmanufactured tobacco; other raw vegetable materials","Gross Production Value (constant 2014-2016 thousand US$)","1000 USD",2000,9087776,"Natural rubber in primary forms","no"
NA,"World",NA,NA,"Forage products; fibre crops; plants used in perfumery, pharmacy, or for insecticidal, fungicidal or similar purposes; beet, forage plant and flower seeds; natural rubber; living plants, cut flowers and flower buds; unmanufactured tobacco; other raw vegetable materials","Gross Production Value (constant 2014-2016 thousand US$)","1000 USD",2001,9463926,"Natural rubber in primary forms","no"
NA,"World",NA,NA,"Forage products; fibre crops; plants used in perfumery, pharmacy, or for insecticidal, fungicidal or similar purposes; beet, forage plant and flower seeds; natural rubber; living plants, cut flowers and flower buds; unmanufactured tobacco; other raw vegetable materials","Gross Production Value (constant 2014-2016 thousand US$)","1000 USD",2002,9858510,"Natural rubber in primary forms","no"
NA,"World",NA,NA,"Forage products; fibre crops; plants used in perfumery, pharmacy, or for insecticidal, fungicidal or similar purposes; beet, forage plant and flower seeds; natural rubber; living plants, cut flowers and flower buds; unmanufactured tobacco; other raw vegetable materials","Gross Production Value (constant 2014-2016 thousand US$)","1000 USD",2003,10702375,"Natural rubber in primary forms","no"
NA,"World",NA,NA,"Forage products; fibre crops; plants used in perfumery, pharmacy, or for insecticidal, fungicidal or similar purposes; beet, forage plant and flower seeds; natural rubber; living plants, cut flowers and flower buds; unmanufactured tobacco; other raw vegetable materials","Gross Production Value (constant 2014-2016 thousand US$)","1000 USD",2004,11548268,"Natural rubber in primary forms","no"
NA,"World",NA,NA,"Forage products; fibre crops; plants used in perfumery, pharmacy, or for insecticidal, fungicidal or similar purposes; beet, forage plant and flower seeds; natural rubber; living plants, cut flowers and flower buds; unmanufactured tobacco; other raw vegetable materials","Gross Production Value (constant 2014-2016 thousand US$)","1000 USD",2005,11569570,"Natural rubber in primary forms","no"
NA,"World",NA,NA,"Forage products; fibre crops; plants used in perfumery, pharmacy, or for insecticidal, fungicidal or similar purposes; beet, forage plant and flower seeds; natural rubber; living plants, cut flowers and flower buds; unmanufactured tobacco; other raw vegetable materials","Gross Production Value (constant 2014-2016 thousand US$)","1000 USD",2006,12421283,"Natural rubber in primary forms","no"
NA,"World",NA,NA,"Forage products; fibre crops; plants used in perfumery, pharmacy, or for insecticidal, fungicidal or similar purposes; beet, forage plant and flower seeds; natural rubber; living plants, cut flowers and flower buds; unmanufactured tobacco; other raw vegetable materials","Gross Production Value (constant 2014-2016 thousand US$)","1000 USD",2007,12537090,"Natural rubber in primary forms","no"
NA,"World",NA,NA,"Forage products; fibre crops; plants used in perfumery, pharmacy, or for insecticidal, fungicidal or similar purposes; beet, forage plant and flower seeds; natural rubber; living plants, cut flowers and flower buds; unmanufactured tobacco; other raw vegetable materials","Gross Production Value (constant 2014-2016 thousand US$)","1000 USD",2008,12601279,"Natural rubber in primary forms","no"
NA,"World",NA,NA,"Forage products; fibre crops; plants used in perfumery, pharmacy, or for insecticidal, fungicidal or similar purposes; beet, forage plant and flower seeds; natural rubber; living plants, cut flowers and flower buds; unmanufactured tobacco; other raw vegetable materials","Gross Production Value (constant 2014-2016 thousand US$)","1000 USD",2009,12304084,"Natural rubber in primary forms","no"
NA,"World",NA,NA,"Forage products; fibre crops; plants used in perfumery, pharmacy, or for insecticidal, fungicidal or similar purposes; beet, forage plant and flower seeds; natural rubber; living plants, cut flowers and flower buds; unmanufactured tobacco; other raw vegetable materials","Gross Production Value (constant 2014-2016 thousand US$)","1000 USD",2010,12954060,"Natural rubber in primary forms","no"
NA,"World",NA,NA,"Forage products; fibre crops; plants used in perfumery, pharmacy, or for insecticidal, fungicidal or similar purposes; beet, forage plant and flower seeds; natural rubber; living plants, cut flowers and flower buds; unmanufactured tobacco; other raw vegetable materials","Gross Production Value (constant 2014-2016 thousand US$)","1000 USD",2011,13846996,"Natural rubber in primary forms","no"
NA,"World",NA,NA,"Forage products; fibre crops; plants used in perfumery, pharmacy, or for insecticidal, fungicidal or similar purposes; beet, forage plant and flower seeds; natural rubber; living plants, cut flowers and flower buds; unmanufactured tobacco; other raw vegetable materials","Gross Production Value (constant 2014-2016 thousand US$)","1000 USD",2012,15358393,"Natural rubber in primary forms","no"
NA,"World",NA,NA,"Forage products; fibre crops; plants used in perfumery, pharmacy, or for insecticidal, fungicidal or similar purposes; beet, forage plant and flower seeds; natural rubber; living plants, cut flowers and flower buds; unmanufactured tobacco; other raw vegetable materials","Gross Production Value (constant 2014-2016 thousand US$)","1000 USD",2013,15848842,"Natural rubber in primary forms","no"
NA,"World",NA,NA,"Forage products; fibre crops; plants used in perfumery, pharmacy, or for insecticidal, fungicidal or similar purposes; beet, forage plant and flower seeds; natural rubber; living plants, cut flowers and flower buds; unmanufactured tobacco; other raw vegetable materials","Gross Production Value (constant 2014-2016 thousand US$)","1000 USD",2014,16036825,"Natural rubber in primary forms","no"
NA,"World",NA,NA,"Forage products; fibre crops; plants used in perfumery, pharmacy, or for insecticidal, fungicidal or similar purposes; beet, forage plant and flower seeds; natural rubber; living plants, cut flowers and flower buds; unmanufactured tobacco; other raw vegetable materials","Gross Production Value (constant 2014-2016 thousand US$)","1000 USD",2015,15946217,"Natural rubber in primary forms","no"
NA,"World",NA,NA,"Forage products; fibre crops; plants used in perfumery, pharmacy, or for insecticidal, fungicidal or similar purposes; beet, forage plant and flower seeds; natural rubber; living plants, cut flowers and flower buds; unmanufactured tobacco; other raw vegetable materials","Gross Production Value (constant 2014-2016 thousand US$)","1000 USD",2016,16201960,"Natural rubber in primary forms","no"
NA,"World",NA,NA,"Forage products; fibre crops; plants used in perfumery, pharmacy, or for insecticidal, fungicidal or similar purposes; beet, forage plant and flower seeds; natural rubber; living plants, cut flowers and flower buds; unmanufactured tobacco; other raw vegetable materials","Gross Production Value (constant 2014-2016 thousand US$)","1000 USD",2017,16539083,"Natural rubber in primary forms","no"
NA,"World",NA,NA,"Forage products; fibre crops; plants used in perfumery, pharmacy, or for insecticidal, fungicidal or similar purposes; beet, forage plant and flower seeds; natural rubber; living plants, cut flowers and flower buds; unmanufactured tobacco; other raw vegetable materials","Gross Production Value (constant 2014-2016 thousand US$)","1000 USD",2018,16870998,"Natural rubber in primary forms","no"
NA,"World",NA,NA,"Forage products; fibre crops; plants used in perfumery, pharmacy, or for insecticidal, fungicidal or similar purposes; beet, forage plant and flower seeds; natural rubber; living plants, cut flowers and flower buds; unmanufactured tobacco; other raw vegetable materials","Gross Production Value (constant 2014-2016 thousand US$)","1000 USD",2019,17317342,"Natural rubber in primary forms","no"
NA,"World",NA,NA,"Forage products; fibre crops; plants used in perfumery, pharmacy, or for insecticidal, fungicidal or similar purposes; beet, forage plant and flower seeds; natural rubber; living plants, cut flowers and flower buds; unmanufactured tobacco; other raw vegetable materials","Gross Production Value (constant 2014-2016 thousand US$)","1000 USD",2020,17252506,"Natural rubber in primary forms","no"
NA,"World",NA,NA,"Forage products; fibre crops; plants used in perfumery, pharmacy, or for insecticidal, fungicidal or similar purposes; beet, forage plant and flower seeds; natural rubber; living plants, cut flowers and flower buds; unmanufactured tobacco; other raw vegetable materials","Gross Production Value (constant 2014-2016 thousand US$)","1000 USD",2021,17846948,"Natural rubber in primary forms","no"
NA,"World",NA,NA,"Forage products; fibre crops; plants used in perfumery, pharmacy, or for insecticidal, fungicidal or similar purposes; beet, forage plant and flower seeds; natural rubber; living plants, cut flowers and flower buds; unmanufactured tobacco; other raw vegetable materials","Gross Production Value (constant 2014-2016 thousand US$)","1000 USD",2022,17883129,"Natural rubber in primary forms","no"
NA,"World",NA,NA,"Forage products; fibre crops; plants used in perfumery, pharmacy, or for insecticidal, fungicidal or similar purposes; beet, forage plant and flower seeds; natural rubber; living plants, cut flowers and flower buds; unmanufactured tobacco; other raw vegetable materials","Gross Production Value (constant 2014-2016 thousand US$)","1000 USD",2023,18055732,"Natural rubber in primary forms","no"
NA,"World",NA,NA,"Stimulant, spice and aromatic crops","Gross Production Value (constant 2014-2016 thousand I$)","1000 Int$",1992,220548,"Nutmeg, mace, cardamoms","no"
NA,"World",NA,NA,"Stimulant, spice and aromatic crops","Gross Production Value (constant 2014-2016 thousand I$)","1000 Int$",1993,244651,"Nutmeg, mace, cardamoms","no"
NA,"World",NA,NA,"Stimulant, spice and aromatic crops","Gross Production Value (constant 2014-2016 thousand I$)","1000 Int$",1994,246959,"Nutmeg, mace, cardamoms","no"
NA,"World",NA,NA,"Stimulant, spice and aromatic crops","Gross Production Value (constant 2014-2016 thousand I$)","1000 Int$",1995,248633,"Nutmeg, mace, cardamoms","no"
NA,"World",NA,NA,"Stimulant, spice and aromatic crops","Gross Production Value (constant 2014-2016 thousand I$)","1000 Int$",1996,274038,"Nutmeg, mace, cardamoms","no"
NA,"World",NA,NA,"Stimulant, spice and aromatic crops","Gross Production Value (constant 2014-2016 thousand I$)","1000 Int$",1997,274900,"Nutmeg, mace, cardamoms","no"
NA,"World",NA,NA,"Stimulant, spice and aromatic crops","Gross Production Value (constant 2014-2016 thousand I$)","1000 Int$",1998,249169,"Nutmeg, mace, cardamoms","no"
NA,"World",NA,NA,"Stimulant, spice and aromatic crops","Gross Production Value (constant 2014-2016 thousand I$)","1000 Int$",1999,219842,"Nutmeg, mace, cardamoms","no"
NA,"World",NA,NA,"Stimulant, spice and aromatic crops","Gross Production Value (constant 2014-2016 thousand I$)","1000 Int$",2000,264394,"Nutmeg, mace, cardamoms","no"
NA,"World",NA,NA,"Stimulant, spice and aromatic crops","Gross Production Value (constant 2014-2016 thousand I$)","1000 Int$",2001,281073,"Nutmeg, mace, cardamoms","no"
NA,"World",NA,NA,"Stimulant, spice and aromatic crops","Gross Production Value (constant 2014-2016 thousand I$)","1000 Int$",2002,308491,"Nutmeg, mace, cardamoms","no"
NA,"World",NA,NA,"Stimulant, spice and aromatic crops","Gross Production Value (constant 2014-2016 thousand I$)","1000 Int$",2003,329959,"Nutmeg, mace, cardamoms","no"
NA,"World",NA,NA,"Stimulant, spice and aromatic crops","Gross Production Value (constant 2014-2016 thousand I$)","1000 Int$",2004,301668,"Nutmeg, mace, cardamoms","no"
NA,"World",NA,NA,"Stimulant, spice and aromatic crops","Gross Production Value (constant 2014-2016 thousand I$)","1000 Int$",2005,313403,"Nutmeg, mace, cardamoms","no"
NA,"World",NA,NA,"Stimulant, spice and aromatic crops","Gross Production Value (constant 2014-2016 thousand I$)","1000 Int$",2006,337933,"Nutmeg, mace, cardamoms","no"
NA,"World",NA,NA,"Stimulant, spice and aromatic crops","Gross Production Value (constant 2014-2016 thousand I$)","1000 Int$",2007,316657,"Nutmeg, mace, cardamoms","no"
NA,"World",NA,NA,"Stimulant, spice and aromatic crops","Gross Production Value (constant 2014-2016 thousand I$)","1000 Int$",2008,351605,"Nutmeg, mace, cardamoms","no"
NA,"World",NA,NA,"Stimulant, spice and aromatic crops","Gross Production Value (constant 2014-2016 thousand I$)","1000 Int$",2009,280938,"Nutmeg, mace, cardamoms","no"
NA,"World",NA,NA,"Stimulant, spice and aromatic crops","Gross Production Value (constant 2014-2016 thousand I$)","1000 Int$",2010,265444,"Nutmeg, mace, cardamoms","no"
NA,"World",NA,NA,"Stimulant, spice and aromatic crops","Gross Production Value (constant 2014-2016 thousand I$)","1000 Int$",2011,294462,"Nutmeg, mace, cardamoms","no"
NA,"World",NA,NA,"Stimulant, spice and aromatic crops","Gross Production Value (constant 2014-2016 thousand I$)","1000 Int$",2012,365555,"Nutmeg, mace, cardamoms","no"
NA,"World",NA,NA,"Stimulant, spice and aromatic crops","Gross Production Value (constant 2014-2016 thousand I$)","1000 Int$",2013,389242,"Nutmeg, mace, cardamoms","no"
NA,"World",NA,NA,"Stimulant, spice and aromatic crops","Gross Production Value (constant 2014-2016 thousand I$)","1000 Int$",2014,424004,"Nutmeg, mace, cardamoms","no"
NA,"World",NA,NA,"Stimulant, spice and aromatic crops","Gross Production Value (constant 2014-2016 thousand I$)","1000 Int$",2015,422882,"Nutmeg, mace, cardamoms","no"
NA,"World",NA,NA,"Stimulant, spice and aromatic crops","Gross Production Value (constant 2014-2016 thousand I$)","1000 Int$",2016,493528,"Nutmeg, mace, cardamoms","no"
NA,"World",NA,NA,"Stimulant, spice and aromatic crops","Gross Production Value (constant 2014-2016 thousand I$)","1000 Int$",2017,521606,"Nutmeg, mace, cardamoms","no"
NA,"World",NA,NA,"Stimulant, spice and aromatic crops","Gross Production Value (constant 2014-2016 thousand I$)","1000 Int$",2018,572235,"Nutmeg, mace, cardamoms","no"
NA,"World",NA,NA,"Stimulant, spice and aromatic crops","Gross Production Value (constant 2014-2016 thousand I$)","1000 Int$",2019,565004,"Nutmeg, mace, cardamoms","no"
NA,"World",NA,NA,"Stimulant, spice and aromatic crops","Gross Production Value (constant 2014-2016 thousand I$)","1000 Int$",2020,590121,"Nutmeg, mace, cardamoms","no"
NA,"World",NA,NA,"Stimulant, spice and aromatic crops","Gross Production Value (constant 2014-2016 thousand I$)","1000 Int$",2021,690013,"Nutmeg, mace, cardamoms","no"
NA,"World",NA,NA,"Stimulant, spice and aromatic crops","Gross Production Value (constant 2014-2016 thousand I$)","1000 Int$",2022,791056,"Nutmeg, mace, cardamoms","no"
NA,"World",NA,NA,"Stimulant, spice and aromatic crops","Gross Production Value (constant 2014-2016 thousand I$)","1000 Int$",2023,857112,"Nutmeg, mace, cardamoms","no"
NA,"World",NA,NA,"Stimulant, spice and aromatic crops","Gross Production Value (constant 2014-2016 thousand US$)","1000 USD",1992,275121,"Nutmeg, mace, cardamoms","no"
NA,"World",NA,NA,"Stimulant, spice and aromatic crops","Gross Production Value (constant 2014-2016 thousand US$)","1000 USD",1993,296549,"Nutmeg, mace, cardamoms","no"
NA,"World",NA,NA,"Stimulant, spice and aromatic crops","Gross Production Value (constant 2014-2016 thousand US$)","1000 USD",1994,287413,"Nutmeg, mace, cardamoms","no"
NA,"World",NA,NA,"Stimulant, spice and aromatic crops","Gross Production Value (constant 2014-2016 thousand US$)","1000 USD",1995,283385,"Nutmeg, mace, cardamoms","no"
NA,"World",NA,NA,"Stimulant, spice and aromatic crops","Gross Production Value (constant 2014-2016 thousand US$)","1000 USD",1996,278249,"Nutmeg, mace, cardamoms","no"
NA,"World",NA,NA,"Stimulant, spice and aromatic crops","Gross Production Value (constant 2014-2016 thousand US$)","1000 USD",1997,273328,"Nutmeg, mace, cardamoms","no"
NA,"World",NA,NA,"Stimulant, spice and aromatic crops","Gross Production Value (constant 2014-2016 thousand US$)","1000 USD",1998,253102,"Nutmeg, mace, cardamoms","no"
NA,"World",NA,NA,"Stimulant, spice and aromatic crops","Gross Production Value (constant 2014-2016 thousand US$)","1000 USD",1999,225654,"Nutmeg, mace, cardamoms","no"
NA,"World",NA,NA,"Stimulant, spice and aromatic crops","Gross Production Value (constant 2014-2016 thousand US$)","1000 USD",2000,262878,"Nutmeg, mace, cardamoms","no"
NA,"World",NA,NA,"Stimulant, spice and aromatic crops","Gross Production Value (constant 2014-2016 thousand US$)","1000 USD",2001,273834,"Nutmeg, mace, cardamoms","no"
NA,"World",NA,NA,"Stimulant, spice and aromatic crops","Gross Production Value (constant 2014-2016 thousand US$)","1000 USD",2002,280561,"Nutmeg, mace, cardamoms","no"
NA,"World",NA,NA,"Stimulant, spice and aromatic crops","Gross Production Value (constant 2014-2016 thousand US$)","1000 USD",2003,261858,"Nutmeg, mace, cardamoms","no"
NA,"World",NA,NA,"Stimulant, spice and aromatic crops","Gross Production Value (constant 2014-2016 thousand US$)","1000 USD",2004,230607,"Nutmeg, mace, cardamoms","no"
NA,"World",NA,NA,"Stimulant, spice and aromatic crops","Gross Production Value (constant 2014-2016 thousand US$)","1000 USD",2005,239241,"Nutmeg, mace, cardamoms","no"
NA,"World",NA,NA,"Stimulant, spice and aromatic crops","Gross Production Value (constant 2014-2016 thousand US$)","1000 USD",2006,296222,"Nutmeg, mace, cardamoms","no"
NA,"World",NA,NA,"Stimulant, spice and aromatic crops","Gross Production Value (constant 2014-2016 thousand US$)","1000 USD",2007,263505,"Nutmeg, mace, cardamoms","no"
NA,"World",NA,NA,"Stimulant, spice and aromatic crops","Gross Production Value (constant 2014-2016 thousand US$)","1000 USD",2008,297263,"Nutmeg, mace, cardamoms","no"
NA,"World",NA,NA,"Stimulant, spice and aromatic crops","Gross Production Value (constant 2014-2016 thousand US$)","1000 USD",2009,221297,"Nutmeg, mace, cardamoms","no"
NA,"World",NA,NA,"Stimulant, spice and aromatic crops","Gross Production Value (constant 2014-2016 thousand US$)","1000 USD",2010,213671,"Nutmeg, mace, cardamoms","no"
NA,"World",NA,NA,"Stimulant, spice and aromatic crops","Gross Production Value (constant 2014-2016 thousand US$)","1000 USD",2011,222822,"Nutmeg, mace, cardamoms","no"
NA,"World",NA,NA,"Stimulant, spice and aromatic crops","Gross Production Value (constant 2014-2016 thousand US$)","1000 USD",2012,260950,"Nutmeg, mace, cardamoms","no"
NA,"World",NA,NA,"Stimulant, spice and aromatic crops","Gross Production Value (constant 2014-2016 thousand US$)","1000 USD",2013,285235,"Nutmeg, mace, cardamoms","no"
NA,"World",NA,NA,"Stimulant, spice and aromatic crops","Gross Production Value (constant 2014-2016 thousand US$)","1000 USD",2014,325639,"Nutmeg, mace, cardamoms","no"
NA,"World",NA,NA,"Stimulant, spice and aromatic crops","Gross Production Value (constant 2014-2016 thousand US$)","1000 USD",2015,347344,"Nutmeg, mace, cardamoms","no"
NA,"World",NA,NA,"Stimulant, spice and aromatic crops","Gross Production Value (constant 2014-2016 thousand US$)","1000 USD",2016,431777,"Nutmeg, mace, cardamoms","no"
NA,"World",NA,NA,"Stimulant, spice and aromatic crops","Gross Production Value (constant 2014-2016 thousand US$)","1000 USD",2017,452552,"Nutmeg, mace, cardamoms","no"
NA,"World",NA,NA,"Stimulant, spice and aromatic crops","Gross Production Value (constant 2014-2016 thousand US$)","1000 USD",2018,509329,"Nutmeg, mace, cardamoms","no"
NA,"World",NA,NA,"Stimulant, spice and aromatic crops","Gross Production Value (constant 2014-2016 thousand US$)","1000 USD",2019,481949,"Nutmeg, mace, cardamoms","no"
NA,"World",NA,NA,"Stimulant, spice and aromatic crops","Gross Production Value (constant 2014-2016 thousand US$)","1000 USD",2020,495776,"Nutmeg, mace, cardamoms","no"
NA,"World",NA,NA,"Stimulant, spice and aromatic crops","Gross Production Value (constant 2014-2016 thousand US$)","1000 USD",2021,547866,"Nutmeg, mace, cardamoms","no"
NA,"World",NA,NA,"Stimulant, spice and aromatic crops","Gross Production Value (constant 2014-2016 thousand US$)","1000 USD",2022,573634,"Nutmeg, mace, cardamoms","no"
NA,"World",NA,NA,"Stimulant, spice and aromatic crops","Gross Production Value (constant 2014-2016 thousand US$)","1000 USD",2023,568957,"Nutmeg, mace, cardamoms","no"
NA,"World",NA,NA,"Cereals","Gross Production Value (constant 2014-2016 thousand I$)","1000 Int$",1992,5189191,"Oats","no"
NA,"World",NA,NA,"Cereals","Gross Production Value (constant 2014-2016 thousand I$)","1000 Int$",1993,5535957,"Oats","no"
NA,"World",NA,NA,"Cereals","Gross Production Value (constant 2014-2016 thousand I$)","1000 Int$",1994,5789804,"Oats","no"
NA,"World",NA,NA,"Cereals","Gross Production Value (constant 2014-2016 thousand I$)","1000 Int$",1995,4678157,"Oats","no"
NA,"World",NA,NA,"Cereals","Gross Production Value (constant 2014-2016 thousand I$)","1000 Int$",1996,5242503,"Oats","no"
NA,"World",NA,NA,"Cereals","Gross Production Value (constant 2014-2016 thousand I$)","1000 Int$",1997,5355188,"Oats","no"
NA,"World",NA,NA,"Cereals","Gross Production Value (constant 2014-2016 thousand I$)","1000 Int$",1998,4396548,"Oats","no"
NA,"World",NA,NA,"Cereals","Gross Production Value (constant 2014-2016 thousand I$)","1000 Int$",1999,4164473,"Oats","no"
NA,"World",NA,NA,"Cereals","Gross Production Value (constant 2014-2016 thousand I$)","1000 Int$",2000,4376647,"Oats","no"
NA,"World",NA,NA,"Cereals","Gross Production Value (constant 2014-2016 thousand I$)","1000 Int$",2001,4514245,"Oats","no"
NA,"World",NA,NA,"Cereals","Gross Production Value (constant 2014-2016 thousand I$)","1000 Int$",2002,4371140,"Oats","no"
NA,"World",NA,NA,"Cereals","Gross Production Value (constant 2014-2016 thousand I$)","1000 Int$",2003,4296298,"Oats","no"
NA,"World",NA,NA,"Cereals","Gross Production Value (constant 2014-2016 thousand I$)","1000 Int$",2004,4453652,"Oats","no"
NA,"World",NA,NA,"Cereals","Gross Production Value (constant 2014-2016 thousand I$)","1000 Int$",2005,3949537,"Oats","no"
NA,"World",NA,NA,"Cereals","Gross Production Value (constant 2014-2016 thousand I$)","1000 Int$",2006,3943643,"Oats","no"
NA,"World",NA,NA,"Cereals","Gross Production Value (constant 2014-2016 thousand I$)","1000 Int$",2007,4148091,"Oats","no"
NA,"World",NA,NA,"Cereals","Gross Production Value (constant 2014-2016 thousand I$)","1000 Int$",2008,4412192,"Oats","no"
NA,"World",NA,NA,"Cereals","Gross Production Value (constant 2014-2016 thousand I$)","1000 Int$",2009,3920383,"Oats","no"
NA,"World",NA,NA,"Cereals","Gross Production Value (constant 2014-2016 thousand I$)","1000 Int$",2010,3223381,"Oats","no"
NA,"World",NA,NA,"Cereals","Gross Production Value (constant 2014-2016 thousand I$)","1000 Int$",2011,3829812,"Oats","no"
NA,"World",NA,NA,"Cereals","Gross Production Value (constant 2014-2016 thousand I$)","1000 Int$",2012,3542601,"Oats","no"
NA,"World",NA,NA,"Cereals","Gross Production Value (constant 2014-2016 thousand I$)","1000 Int$",2013,4001294,"Oats","no"
NA,"World",NA,NA,"Cereals","Gross Production Value (constant 2014-2016 thousand I$)","1000 Int$",2014,3849589,"Oats","no"
NA,"World",NA,NA,"Cereals","Gross Production Value (constant 2014-2016 thousand I$)","1000 Int$",2015,3813700,"Oats","no"
NA,"World",NA,NA,"Cereals","Gross Production Value (constant 2014-2016 thousand I$)","1000 Int$",2016,3941259,"Oats","no"
NA,"World",NA,NA,"Cereals","Gross Production Value (constant 2014-2016 thousand I$)","1000 Int$",2017,4249677,"Oats","no"
NA,"World",NA,NA,"Cereals","Gross Production Value (constant 2014-2016 thousand I$)","1000 Int$",2018,3789772,"Oats","no"
NA,"World",NA,NA,"Cereals","Gross Production Value (constant 2014-2016 thousand I$)","1000 Int$",2019,3880667,"Oats","no"
NA,"World",NA,NA,"Cereals","Gross Production Value (constant 2014-2016 thousand I$)","1000 Int$",2020,4243692,"Oats","no"
NA,"World",NA,NA,"Cereals","Gross Production Value (constant 2014-2016 thousand I$)","1000 Int$",2021,3797529,"Oats","no"
NA,"World",NA,NA,"Cereals","Gross Production Value (constant 2014-2016 thousand I$)","1000 Int$",2022,4413061,"Oats","no"
NA,"World",NA,NA,"Cereals","Gross Production Value (constant 2014-2016 thousand I$)","1000 Int$",2023,3146882,"Oats","no"
NA,"World",NA,NA,"Cereals","Gross Production Value (constant 2014-2016 thousand US$)","1000 USD",1992,4588255,"Oats","no"
NA,"World",NA,NA,"Cereals","Gross Production Value (constant 2014-2016 thousand US$)","1000 USD",1993,4997669,"Oats","no"
NA,"World",NA,NA,"Cereals","Gross Production Value (constant 2014-2016 thousand US$)","1000 USD",1994,5112837,"Oats","no"
NA,"World",NA,NA,"Cereals","Gross Production Value (constant 2014-2016 thousand US$)","1000 USD",1995,4155939,"Oats","no"
NA,"World",NA,NA,"Cereals","Gross Production Value (constant 2014-2016 thousand US$)","1000 USD",1996,4777045,"Oats","no"
NA,"World",NA,NA,"Cereals","Gross Production Value (constant 2014-2016 thousand US$)","1000 USD",1997,4806561,"Oats","no"
NA,"World",NA,NA,"Cereals","Gross Production Value (constant 2014-2016 thousand US$)","1000 USD",1998,4213741,"Oats","no"
NA,"World",NA,NA,"Cereals","Gross Production Value (constant 2014-2016 thousand US$)","1000 USD",1999,3979589,"Oats","no"
NA,"World",NA,NA,"Cereals","Gross Production Value (constant 2014-2016 thousand US$)","1000 USD",2000,4076978,"Oats","no"
NA,"World",NA,NA,"Cereals","Gross Production Value (constant 2014-2016 thousand US$)","1000 USD",2001,4065523,"Oats","no"
NA,"World",NA,NA,"Cereals","Gross Production Value (constant 2014-2016 thousand US$)","1000 USD",2002,4035513,"Oats","no"
NA,"World",NA,NA,"Cereals","Gross Production Value (constant 2014-2016 thousand US$)","1000 USD",2003,3988679,"Oats","no"
NA,"World",NA,NA,"Cereals","Gross Production Value (constant 2014-2016 thousand US$)","1000 USD",2004,4209803,"Oats","no"
NA,"World",NA,NA,"Cereals","Gross Production Value (constant 2014-2016 thousand US$)","1000 USD",2005,3706412,"Oats","no"
NA,"World",NA,NA,"Cereals","Gross Production Value (constant 2014-2016 thousand US$)","1000 USD",2006,3693916,"Oats","no"
NA,"World",NA,NA,"Cereals","Gross Production Value (constant 2014-2016 thousand US$)","1000 USD",2007,3823987,"Oats","no"
NA,"World",NA,NA,"Cereals","Gross Production Value (constant 2014-2016 thousand US$)","1000 USD",2008,4100860,"Oats","no"
NA,"World",NA,NA,"Cereals","Gross Production Value (constant 2014-2016 thousand US$)","1000 USD",2009,3636916,"Oats","no"
NA,"World",NA,NA,"Cereals","Gross Production Value (constant 2014-2016 thousand US$)","1000 USD",2010,3118020,"Oats","no"
NA,"World",NA,NA,"Cereals","Gross Production Value (constant 2014-2016 thousand US$)","1000 USD",2011,3589055,"Oats","no"
NA,"World",NA,NA,"Cereals","Gross Production Value (constant 2014-2016 thousand US$)","1000 USD",2012,3354662,"Oats","no"
NA,"World",NA,NA,"Cereals","Gross Production Value (constant 2014-2016 thousand US$)","1000 USD",2013,3744060,"Oats","no"
NA,"World",NA,NA,"Cereals","Gross Production Value (constant 2014-2016 thousand US$)","1000 USD",2014,3572468,"Oats","no"
NA,"World",NA,NA,"Cereals","Gross Production Value (constant 2014-2016 thousand US$)","1000 USD",2015,3586223,"Oats","no"
NA,"World",NA,NA,"Cereals","Gross Production Value (constant 2014-2016 thousand US$)","1000 USD",2016,3702528,"Oats","no"
NA,"World",NA,NA,"Cereals","Gross Production Value (constant 2014-2016 thousand US$)","1000 USD",2017,3987735,"Oats","no"
NA,"World",NA,NA,"Cereals","Gross Production Value (constant 2014-2016 thousand US$)","1000 USD",2018,3547115,"Oats","no"
NA,"World",NA,NA,"Cereals","Gross Production Value (constant 2014-2016 thousand US$)","1000 USD",2019,3605958,"Oats","no"
NA,"World",NA,NA,"Cereals","Gross Production Value (constant 2014-2016 thousand US$)","1000 USD",2020,3987119,"Oats","no"
NA,"World",NA,NA,"Cereals","Gross Production Value (constant 2014-2016 thousand US$)","1000 USD",2021,3633942,"Oats","no"
NA,"World",NA,NA,"Cereals","Gross Production Value (constant 2014-2016 thousand US$)","1000 USD",2022,4134298,"Oats","no"
NA,"World",NA,NA,"Cereals","Gross Production Value (constant 2014-2016 thousand US$)","1000 USD",2023,2973375,"Oats","no"
NA,"World",NA,NA,"Oilseeds and oleaginous fruits","Gross Production Value (constant 2014-2016 thousand I$)","1000 Int$",1992,6591277,"Oil palm fruit","no"
NA,"World",NA,NA,"Oilseeds and oleaginous fruits","Gross Production Value (constant 2014-2016 thousand I$)","1000 Int$",1993,7746889,"Oil palm fruit","no"
NA,"World",NA,NA,"Oilseeds and oleaginous fruits","Gross Production Value (constant 2014-2016 thousand I$)","1000 Int$",1994,7997699,"Oil palm fruit","no"
NA,"World",NA,NA,"Oilseeds and oleaginous fruits","Gross Production Value (constant 2014-2016 thousand I$)","1000 Int$",1995,8670511,"Oil palm fruit","no"
NA,"World",NA,NA,"Oilseeds and oleaginous fruits","Gross Production Value (constant 2014-2016 thousand I$)","1000 Int$",1996,9157444,"Oil palm fruit","no"
NA,"World",NA,NA,"Oilseeds and oleaginous fruits","Gross Production Value (constant 2014-2016 thousand I$)","1000 Int$",1997,9730335,"Oil palm fruit","no"
NA,"World",NA,NA,"Oilseeds and oleaginous fruits","Gross Production Value (constant 2014-2016 thousand I$)","1000 Int$",1998,9714350,"Oil palm fruit","no"
NA,"World",NA,NA,"Oilseeds and oleaginous fruits","Gross Production Value (constant 2014-2016 thousand I$)","1000 Int$",1999,11235480,"Oil palm fruit","no"
NA,"World",NA,NA,"Oilseeds and oleaginous fruits","Gross Production Value (constant 2014-2016 thousand I$)","1000 Int$",2000,11832823,"Oil palm fruit","no"
NA,"World",NA,NA,"Oilseeds and oleaginous fruits","Gross Production Value (constant 2014-2016 thousand I$)","1000 Int$",2001,12663060,"Oil palm fruit","no"
NA,"World",NA,NA,"Oilseeds and oleaginous fruits","Gross Production Value (constant 2014-2016 thousand I$)","1000 Int$",2002,13246708,"Oil palm fruit","no"
NA,"World",NA,NA,"Oilseeds and oleaginous fruits","Gross Production Value (constant 2014-2016 thousand I$)","1000 Int$",2003,14717275,"Oil palm fruit","no"
NA,"World",NA,NA,"Oilseeds and oleaginous fruits","Gross Production Value (constant 2014-2016 thousand I$)","1000 Int$",2004,16002556,"Oil palm fruit","no"
NA,"World",NA,NA,"Oilseeds and oleaginous fruits","Gross Production Value (constant 2014-2016 thousand I$)","1000 Int$",2005,17479794,"Oil palm fruit","no"
NA,"World",NA,NA,"Oilseeds and oleaginous fruits","Gross Production Value (constant 2014-2016 thousand I$)","1000 Int$",2006,19243604,"Oil palm fruit","no"
NA,"World",NA,NA,"Oilseeds and oleaginous fruits","Gross Production Value (constant 2014-2016 thousand I$)","1000 Int$",2007,18966945,"Oil palm fruit","no"
NA,"World",NA,NA,"Oilseeds and oleaginous fruits","Gross Production Value (constant 2014-2016 thousand I$)","1000 Int$",2008,20907590,"Oil palm fruit","no"
NA,"World",NA,NA,"Oilseeds and oleaginous fruits","Gross Production Value (constant 2014-2016 thousand I$)","1000 Int$",2009,21203827,"Oil palm fruit","no"
NA,"World",NA,NA,"Oilseeds and oleaginous fruits","Gross Production Value (constant 2014-2016 thousand I$)","1000 Int$",2010,23207795,"Oil palm fruit","no"
NA,"World",NA,NA,"Oilseeds and oleaginous fruits","Gross Production Value (constant 2014-2016 thousand I$)","1000 Int$",2011,25073060,"Oil palm fruit","no"
NA,"World",NA,NA,"Oilseeds and oleaginous fruits","Gross Production Value (constant 2014-2016 thousand I$)","1000 Int$",2012,26970506,"Oil palm fruit","no"
NA,"World",NA,NA,"Oilseeds and oleaginous fruits","Gross Production Value (constant 2014-2016 thousand I$)","1000 Int$",2013,28041784,"Oil palm fruit","no"
NA,"World",NA,NA,"Oilseeds and oleaginous fruits","Gross Production Value (constant 2014-2016 thousand I$)","1000 Int$",2014,28991509,"Oil palm fruit","no"
NA,"World",NA,NA,"Oilseeds and oleaginous fruits","Gross Production Value (constant 2014-2016 thousand I$)","1000 Int$",2015,30373387,"Oil palm fruit","no"
NA,"World",NA,NA,"Oilseeds and oleaginous fruits","Gross Production Value (constant 2014-2016 thousand I$)","1000 Int$",2016,29518051,"Oil palm fruit","no"
NA,"World",NA,NA,"Oilseeds and oleaginous fruits","Gross Production Value (constant 2014-2016 thousand I$)","1000 Int$",2017,34902626,"Oil palm fruit","no"
NA,"World",NA,NA,"Oilseeds and oleaginous fruits","Gross Production Value (constant 2014-2016 thousand I$)","1000 Int$",2018,36110117,"Oil palm fruit","no"
NA,"World",NA,NA,"Oilseeds and oleaginous fruits","Gross Production Value (constant 2014-2016 thousand I$)","1000 Int$",2019,37463887,"Oil palm fruit","no"
NA,"World",NA,NA,"Oilseeds and oleaginous fruits","Gross Production Value (constant 2014-2016 thousand I$)","1000 Int$",2020,38320155,"Oil palm fruit","no"
NA,"World",NA,NA,"Oilseeds and oleaginous fruits","Gross Production Value (constant 2014-2016 thousand I$)","1000 Int$",2021,40526417,"Oil palm fruit","no"
NA,"World",NA,NA,"Oilseeds and oleaginous fruits","Gross Production Value (constant 2014-2016 thousand I$)","1000 Int$",2022,39820796,"Oil palm fruit","no"
NA,"World",NA,NA,"Oilseeds and oleaginous fruits","Gross Production Value (constant 2014-2016 thousand I$)","1000 Int$",2023,40015727,"Oil palm fruit","no"
NA,"World",NA,NA,"Oilseeds and oleaginous fruits","Gross Production Value (constant 2014-2016 thousand US$)","1000 USD",1992,9096777,"Oil palm fruit","no"
NA,"World",NA,NA,"Oilseeds and oleaginous fruits","Gross Production Value (constant 2014-2016 thousand US$)","1000 USD",1993,10659075,"Oil palm fruit","no"
NA,"World",NA,NA,"Oilseeds and oleaginous fruits","Gross Production Value (constant 2014-2016 thousand US$)","1000 USD",1994,10900503,"Oil palm fruit","no"
NA,"World",NA,NA,"Oilseeds and oleaginous fruits","Gross Production Value (constant 2014-2016 thousand US$)","1000 USD",1995,11840088,"Oil palm fruit","no"
NA,"World",NA,NA,"Oilseeds and oleaginous fruits","Gross Production Value (constant 2014-2016 thousand US$)","1000 USD",1996,12492858,"Oil palm fruit","no"
NA,"World",NA,NA,"Oilseeds and oleaginous fruits","Gross Production Value (constant 2014-2016 thousand US$)","1000 USD",1997,13295402,"Oil palm fruit","no"
NA,"World",NA,NA,"Oilseeds and oleaginous fruits","Gross Production Value (constant 2014-2016 thousand US$)","1000 USD",1998,13162630,"Oil palm fruit","no"
NA,"World",NA,NA,"Oilseeds and oleaginous fruits","Gross Production Value (constant 2014-2016 thousand US$)","1000 USD",1999,15405014,"Oil palm fruit","no"
NA,"World",NA,NA,"Oilseeds and oleaginous fruits","Gross Production Value (constant 2014-2016 thousand US$)","1000 USD",2000,16132525,"Oil palm fruit","no"
NA,"World",NA,NA,"Oilseeds and oleaginous fruits","Gross Production Value (constant 2014-2016 thousand US$)","1000 USD",2001,17249984,"Oil palm fruit","no"
NA,"World",NA,NA,"Oilseeds and oleaginous fruits","Gross Production Value (constant 2014-2016 thousand US$)","1000 USD",2002,17934145,"Oil palm fruit","no"
NA,"World",NA,NA,"Oilseeds and oleaginous fruits","Gross Production Value (constant 2014-2016 thousand US$)","1000 USD",2003,19909584,"Oil palm fruit","no"
NA,"World",NA,NA,"Oilseeds and oleaginous fruits","Gross Production Value (constant 2014-2016 thousand US$)","1000 USD",2004,21724081,"Oil palm fruit","no"
NA,"World",NA,NA,"Oilseeds and oleaginous fruits","Gross Production Value (constant 2014-2016 thousand US$)","1000 USD",2005,23624726,"Oil palm fruit","no"
NA,"World",NA,NA,"Oilseeds and oleaginous fruits","Gross Production Value (constant 2014-2016 thousand US$)","1000 USD",2006,25868437,"Oil palm fruit","no"
NA,"World",NA,NA,"Oilseeds and oleaginous fruits","Gross Production Value (constant 2014-2016 thousand US$)","1000 USD",2007,25498264,"Oil palm fruit","no"
NA,"World",NA,NA,"Oilseeds and oleaginous fruits","Gross Production Value (constant 2014-2016 thousand US$)","1000 USD",2008,28164300,"Oil palm fruit","no"
NA,"World",NA,NA,"Oilseeds and oleaginous fruits","Gross Production Value (constant 2014-2016 thousand US$)","1000 USD",2009,28359944,"Oil palm fruit","no"
NA,"World",NA,NA,"Oilseeds and oleaginous fruits","Gross Production Value (constant 2014-2016 thousand US$)","1000 USD",2010,30899962,"Oil palm fruit","no"
NA,"World",NA,NA,"Oilseeds and oleaginous fruits","Gross Production Value (constant 2014-2016 thousand US$)","1000 USD",2011,33658920,"Oil palm fruit","no"
NA,"World",NA,NA,"Oilseeds and oleaginous fruits","Gross Production Value (constant 2014-2016 thousand US$)","1000 USD",2012,35910409,"Oil palm fruit","no"
NA,"World",NA,NA,"Oilseeds and oleaginous fruits","Gross Production Value (constant 2014-2016 thousand US$)","1000 USD",2013,37339531,"Oil palm fruit","no"
NA,"World",NA,NA,"Oilseeds and oleaginous fruits","Gross Production Value (constant 2014-2016 thousand US$)","1000 USD",2014,38612287,"Oil palm fruit","no"
NA,"World",NA,NA,"Oilseeds and oleaginous fruits","Gross Production Value (constant 2014-2016 thousand US$)","1000 USD",2015,40392233,"Oil palm fruit","no"
NA,"World",NA,NA,"Oilseeds and oleaginous fruits","Gross Production Value (constant 2014-2016 thousand US$)","1000 USD",2016,38794180,"Oil palm fruit","no"
NA,"World",NA,NA,"Oilseeds and oleaginous fruits","Gross Production Value (constant 2014-2016 thousand US$)","1000 USD",2017,46501796,"Oil palm fruit","no"
NA,"World",NA,NA,"Oilseeds and oleaginous fruits","Gross Production Value (constant 2014-2016 thousand US$)","1000 USD",2018,47993821,"Oil palm fruit","no"
NA,"World",NA,NA,"Oilseeds and oleaginous fruits","Gross Production Value (constant 2014-2016 thousand US$)","1000 USD",2019,49600891,"Oil palm fruit","no"
NA,"World",NA,NA,"Oilseeds and oleaginous fruits","Gross Production Value (constant 2014-2016 thousand US$)","1000 USD",2020,49958420,"Oil palm fruit","no"
NA,"World",NA,NA,"Oilseeds and oleaginous fruits","Gross Production Value (constant 2014-2016 thousand US$)","1000 USD",2021,52572041,"Oil palm fruit","no"
NA,"World",NA,NA,"Oilseeds and oleaginous fruits","Gross Production Value (constant 2014-2016 thousand US$)","1000 USD",2022,51952287,"Oil palm fruit","no"
NA,"World",NA,NA,"Oilseeds and oleaginous fruits","Gross Production Value (constant 2014-2016 thousand US$)","1000 USD",2023,52246043,"Oil palm fruit","no"
NA,"World",NA,NA,"Vegetables","Gross Production Value (constant 2014-2016 thousand I$)","1000 Int$",1992,3777908,"Okra","no"
NA,"World",NA,NA,"Vegetables","Gross Production Value (constant 2014-2016 thousand I$)","1000 Int$",1993,3823774,"Okra","no"
NA,"World",NA,NA,"Vegetables","Gross Production Value (constant 2014-2016 thousand I$)","1000 Int$",1994,4491225,"Okra","no"
NA,"World",NA,NA,"Vegetables","Gross Production Value (constant 2014-2016 thousand I$)","1000 Int$",1995,5388322,"Okra","no"
NA,"World",NA,NA,"Vegetables","Gross Production Value (constant 2014-2016 thousand I$)","1000 Int$",1996,5343868,"Okra","no"
NA,"World",NA,NA,"Vegetables","Gross Production Value (constant 2014-2016 thousand I$)","1000 Int$",1997,5239969,"Okra","no"
NA,"World",NA,NA,"Vegetables","Gross Production Value (constant 2014-2016 thousand I$)","1000 Int$",1998,4807011,"Okra","no"
NA,"World",NA,NA,"Vegetables","Gross Production Value (constant 2014-2016 thousand I$)","1000 Int$",1999,5060775,"Okra","no"
NA,"World",NA,NA,"Vegetables","Gross Production Value (constant 2014-2016 thousand I$)","1000 Int$",2000,5123668,"Okra","no"
NA,"World",NA,NA,"Vegetables","Gross Production Value (constant 2014-2016 thousand I$)","1000 Int$",2001,5146222,"Okra","no"
NA,"World",NA,NA,"Vegetables","Gross Production Value (constant 2014-2016 thousand I$)","1000 Int$",2002,5181339,"Okra","no"
NA,"World",NA,NA,"Vegetables","Gross Production Value (constant 2014-2016 thousand I$)","1000 Int$",2003,5440281,"Okra","no"
NA,"World",NA,NA,"Vegetables","Gross Production Value (constant 2014-2016 thousand I$)","1000 Int$",2004,5630390,"Okra","no"
NA,"World",NA,NA,"Vegetables","Gross Production Value (constant 2014-2016 thousand I$)","1000 Int$",2005,5507048,"Okra","no"
NA,"World",NA,NA,"Vegetables","Gross Production Value (constant 2014-2016 thousand I$)","1000 Int$",2006,6027806,"Okra","no"
NA,"World",NA,NA,"Vegetables","Gross Production Value (constant 2014-2016 thousand I$)","1000 Int$",2007,6373990,"Okra","no"
NA,"World",NA,NA,"Vegetables","Gross Production Value (constant 2014-2016 thousand I$)","1000 Int$",2008,6345938,"Okra","no"
NA,"World",NA,NA,"Vegetables","Gross Production Value (constant 2014-2016 thousand I$)","1000 Int$",2009,6733588,"Okra","no"
NA,"World",NA,NA,"Vegetables","Gross Production Value (constant 2014-2016 thousand I$)","1000 Int$",2010,7123790,"Okra","no"
NA,"World",NA,NA,"Vegetables","Gross Production Value (constant 2014-2016 thousand I$)","1000 Int$",2011,7637446,"Okra","no"
NA,"World",NA,NA,"Vegetables","Gross Production Value (constant 2014-2016 thousand I$)","1000 Int$",2012,9260596,"Okra","no"
NA,"World",NA,NA,"Vegetables","Gross Production Value (constant 2014-2016 thousand I$)","1000 Int$",2013,9213943,"Okra","no"
NA,"World",NA,NA,"Vegetables","Gross Production Value (constant 2014-2016 thousand I$)","1000 Int$",2014,9354850,"Okra","no"
NA,"World",NA,NA,"Vegetables","Gross Production Value (constant 2014-2016 thousand I$)","1000 Int$",2015,8825934,"Okra","no"
NA,"World",NA,NA,"Vegetables","Gross Production Value (constant 2014-2016 thousand I$)","1000 Int$",2016,8452614,"Okra","no"
NA,"World",NA,NA,"Vegetables","Gross Production Value (constant 2014-2016 thousand I$)","1000 Int$",2017,8765708,"Okra","no"
NA,"World",NA,NA,"Vegetables","Gross Production Value (constant 2014-2016 thousand I$)","1000 Int$",2018,9118507,"Okra","no"
NA,"World",NA,NA,"Vegetables","Gross Production Value (constant 2014-2016 thousand I$)","1000 Int$",2019,9468682,"Okra","no"
NA,"World",NA,NA,"Vegetables","Gross Production Value (constant 2014-2016 thousand I$)","1000 Int$",2020,10018051,"Okra","no"
NA,"World",NA,NA,"Vegetables","Gross Production Value (constant 2014-2016 thousand I$)","1000 Int$",2021,10133596,"Okra","no"
NA,"World",NA,NA,"Vegetables","Gross Production Value (constant 2014-2016 thousand I$)","1000 Int$",2022,10628339,"Okra","no"
NA,"World",NA,NA,"Vegetables","Gross Production Value (constant 2014-2016 thousand I$)","1000 Int$",2023,10899533,"Okra","no"
NA,"World",NA,NA,"Vegetables","Gross Production Value (constant 2014-2016 thousand US$)","1000 USD",1992,3666688,"Okra","no"
NA,"World",NA,NA,"Vegetables","Gross Production Value (constant 2014-2016 thousand US$)","1000 USD",1993,3727230,"Okra","no"
NA,"World",NA,NA,"Vegetables","Gross Production Value (constant 2014-2016 thousand US$)","1000 USD",1994,4393616,"Okra","no"
NA,"World",NA,NA,"Vegetables","Gross Production Value (constant 2014-2016 thousand US$)","1000 USD",1995,5285646,"Okra","no"
NA,"World",NA,NA,"Vegetables","Gross Production Value (constant 2014-2016 thousand US$)","1000 USD",1996,5229522,"Okra","no"
NA,"World",NA,NA,"Vegetables","Gross Production Value (constant 2014-2016 thousand US$)","1000 USD",1997,5071391,"Okra","no"
NA,"World",NA,NA,"Vegetables","Gross Production Value (constant 2014-2016 thousand US$)","1000 USD",1998,4569792,"Okra","no"
NA,"World",NA,NA,"Vegetables","Gross Production Value (constant 2014-2016 thousand US$)","1000 USD",1999,4758235,"Okra","no"
NA,"World",NA,NA,"Vegetables","Gross Production Value (constant 2014-2016 thousand US$)","1000 USD",2000,4764735,"Okra","no"
NA,"World",NA,NA,"Vegetables","Gross Production Value (constant 2014-2016 thousand US$)","1000 USD",2001,4691300,"Okra","no"
NA,"World",NA,NA,"Vegetables","Gross Production Value (constant 2014-2016 thousand US$)","1000 USD",2002,4733499,"Okra","no"
NA,"World",NA,NA,"Vegetables","Gross Production Value (constant 2014-2016 thousand US$)","1000 USD",2003,4984436,"Okra","no"
NA,"World",NA,NA,"Vegetables","Gross Production Value (constant 2014-2016 thousand US$)","1000 USD",2004,5217988,"Okra","no"
NA,"World",NA,NA,"Vegetables","Gross Production Value (constant 2014-2016 thousand US$)","1000 USD",2005,5120501,"Okra","no"
NA,"World",NA,NA,"Vegetables","Gross Production Value (constant 2014-2016 thousand US$)","1000 USD",2006,5692214,"Okra","no"
NA,"World",NA,NA,"Vegetables","Gross Production Value (constant 2014-2016 thousand US$)","1000 USD",2007,5941957,"Okra","no"
NA,"World",NA,NA,"Vegetables","Gross Production Value (constant 2014-2016 thousand US$)","1000 USD",2008,5830938,"Okra","no"
NA,"World",NA,NA,"Vegetables","Gross Production Value (constant 2014-2016 thousand US$)","1000 USD",2009,6289138,"Okra","no"
NA,"World",NA,NA,"Vegetables","Gross Production Value (constant 2014-2016 thousand US$)","1000 USD",2010,6602104,"Okra","no"
NA,"World",NA,NA,"Vegetables","Gross Production Value (constant 2014-2016 thousand US$)","1000 USD",2011,7200240,"Okra","no"
NA,"World",NA,NA,"Vegetables","Gross Production Value (constant 2014-2016 thousand US$)","1000 USD",2012,8583625,"Okra","no"
NA,"World",NA,NA,"Vegetables","Gross Production Value (constant 2014-2016 thousand US$)","1000 USD",2013,8560977,"Okra","no"
NA,"World",NA,NA,"Vegetables","Gross Production Value (constant 2014-2016 thousand US$)","1000 USD",2014,8595871,"Okra","no"
NA,"World",NA,NA,"Vegetables","Gross Production Value (constant 2014-2016 thousand US$)","1000 USD",2015,7835237,"Okra","no"
NA,"World",NA,NA,"Vegetables","Gross Production Value (constant 2014-2016 thousand US$)","1000 USD",2016,7553571,"Okra","no"
NA,"World",NA,NA,"Vegetables","Gross Production Value (constant 2014-2016 thousand US$)","1000 USD",2017,7823629,"Okra","no"
NA,"World",NA,NA,"Vegetables","Gross Production Value (constant 2014-2016 thousand US$)","1000 USD",2018,8054708,"Okra","no"
NA,"World",NA,NA,"Vegetables","Gross Production Value (constant 2014-2016 thousand US$)","1000 USD",2019,8371697,"Okra","no"
NA,"World",NA,NA,"Vegetables","Gross Production Value (constant 2014-2016 thousand US$)","1000 USD",2020,8849849,"Okra","no"
NA,"World",NA,NA,"Vegetables","Gross Production Value (constant 2014-2016 thousand US$)","1000 USD",2021,9030764,"Okra","no"
NA,"World",NA,NA,"Vegetables","Gross Production Value (constant 2014-2016 thousand US$)","1000 USD",2022,9509638,"Okra","no"
NA,"World",NA,NA,"Vegetables","Gross Production Value (constant 2014-2016 thousand US$)","1000 USD",2023,9684854,"Okra","no"
NA,"World",NA,NA,"Oilseeds and oleaginous fruits","Gross Production Value (constant 2014-2016 thousand I$)","1000 Int$",1992,11636345,"Olives","no"
NA,"World",NA,NA,"Oilseeds and oleaginous fruits","Gross Production Value (constant 2014-2016 thousand I$)","1000 Int$",1993,11660659,"Olives","no"
NA,"World",NA,NA,"Oilseeds and oleaginous fruits","Gross Production Value (constant 2014-2016 thousand I$)","1000 Int$",1994,12241093,"Olives","no"
NA,"World",NA,NA,"Oilseeds and oleaginous fruits","Gross Production Value (constant 2014-2016 thousand I$)","1000 Int$",1995,10894377,"Olives","no"
NA,"World",NA,NA,"Oilseeds and oleaginous fruits","Gross Production Value (constant 2014-2016 thousand I$)","1000 Int$",1996,16491864,"Olives","no"
NA,"World",NA,NA,"Oilseeds and oleaginous fruits","Gross Production Value (constant 2014-2016 thousand I$)","1000 Int$",1997,16112015,"Olives","no"
NA,"World",NA,NA,"Oilseeds and oleaginous fruits","Gross Production Value (constant 2014-2016 thousand I$)","1000 Int$",1998,15838415,"Olives","no"
NA,"World",NA,NA,"Oilseeds and oleaginous fruits","Gross Production Value (constant 2014-2016 thousand I$)","1000 Int$",1999,15026550,"Olives","no"
NA,"World",NA,NA,"Oilseeds and oleaginous fruits","Gross Production Value (constant 2014-2016 thousand I$)","1000 Int$",2000,16702111,"Olives","no"
NA,"World",NA,NA,"Oilseeds and oleaginous fruits","Gross Production Value (constant 2014-2016 thousand I$)","1000 Int$",2001,16360827,"Olives","no"
NA,"World",NA,NA,"Oilseeds and oleaginous fruits","Gross Production Value (constant 2014-2016 thousand I$)","1000 Int$",2002,17033972,"Olives","no"
NA,"World",NA,NA,"Oilseeds and oleaginous fruits","Gross Production Value (constant 2014-2016 thousand I$)","1000 Int$",2003,19699905,"Olives","no"
NA,"World",NA,NA,"Oilseeds and oleaginous fruits","Gross Production Value (constant 2014-2016 thousand I$)","1000 Int$",2004,19259639,"Olives","no"
NA,"World",NA,NA,"Oilseeds and oleaginous fruits","Gross Production Value (constant 2014-2016 thousand I$)","1000 Int$",2005,17033819,"Olives","no"
NA,"World",NA,NA,"Oilseeds and oleaginous fruits","Gross Production Value (constant 2014-2016 thousand I$)","1000 Int$",2006,19965730,"Olives","no"
NA,"World",NA,NA,"Oilseeds and oleaginous fruits","Gross Production Value (constant 2014-2016 thousand I$)","1000 Int$",2007,18116039,"Olives","no"
NA,"World",NA,NA,"Oilseeds and oleaginous fruits","Gross Production Value (constant 2014-2016 thousand I$)","1000 Int$",2008,18972170,"Olives","no"
NA,"World",NA,NA,"Oilseeds and oleaginous fruits","Gross Production Value (constant 2014-2016 thousand I$)","1000 Int$",2009,20295509,"Olives","no"
NA,"World",NA,NA,"Oilseeds and oleaginous fruits","Gross Production Value (constant 2014-2016 thousand I$)","1000 Int$",2010,22007082,"Olives","no"
NA,"World",NA,NA,"Oilseeds and oleaginous fruits","Gross Production Value (constant 2014-2016 thousand I$)","1000 Int$",2011,22730567,"Olives","no"
NA,"World",NA,NA,"Oilseeds and oleaginous fruits","Gross Production Value (constant 2014-2016 thousand I$)","1000 Int$",2012,19074490,"Olives","no"
NA,"World",NA,NA,"Oilseeds and oleaginous fruits","Gross Production Value (constant 2014-2016 thousand I$)","1000 Int$",2013,23544594,"Olives","no"
NA,"World",NA,NA,"Oilseeds and oleaginous fruits","Gross Production Value (constant 2014-2016 thousand I$)","1000 Int$",2014,17429311,"Olives","no"
NA,"World",NA,NA,"Oilseeds and oleaginous fruits","Gross Production Value (constant 2014-2016 thousand I$)","1000 Int$",2015,22270985,"Olives","no"
NA,"World",NA,NA,"Oilseeds and oleaginous fruits","Gross Production Value (constant 2014-2016 thousand I$)","1000 Int$",2016,21390830,"Olives","no"
NA,"World",NA,NA,"Oilseeds and oleaginous fruits","Gross Production Value (constant 2014-2016 thousand I$)","1000 Int$",2017,22792300,"Olives","no"
NA,"World",NA,NA,"Oilseeds and oleaginous fruits","Gross Production Value (constant 2014-2016 thousand I$)","1000 Int$",2018,26198518,"Olives","no"
NA,"World",NA,NA,"Oilseeds and oleaginous fruits","Gross Production Value (constant 2014-2016 thousand I$)","1000 Int$",2019,23027757,"Olives","no"
NA,"World",NA,NA,"Oilseeds and oleaginous fruits","Gross Production Value (constant 2014-2016 thousand I$)","1000 Int$",2020,25450449,"Olives","no"
NA,"World",NA,NA,"Oilseeds and oleaginous fruits","Gross Production Value (constant 2014-2016 thousand I$)","1000 Int$",2021,25213330,"Olives","no"
NA,"World",NA,NA,"Oilseeds and oleaginous fruits","Gross Production Value (constant 2014-2016 thousand I$)","1000 Int$",2022,22809641,"Olives","no"
NA,"World",NA,NA,"Oilseeds and oleaginous fruits","Gross Production Value (constant 2014-2016 thousand I$)","1000 Int$",2023,21655138,"Olives","no"
NA,"World",NA,NA,"Oilseeds and oleaginous fruits","Gross Production Value (constant 2014-2016 thousand US$)","1000 USD",1992,14409809,"Olives","no"
NA,"World",NA,NA,"Oilseeds and oleaginous fruits","Gross Production Value (constant 2014-2016 thousand US$)","1000 USD",1993,14972174,"Olives","no"
NA,"World",NA,NA,"Oilseeds and oleaginous fruits","Gross Production Value (constant 2014-2016 thousand US$)","1000 USD",1994,15932164,"Olives","no"
NA,"World",NA,NA,"Oilseeds and oleaginous fruits","Gross Production Value (constant 2014-2016 thousand US$)","1000 USD",1995,15781278,"Olives","no"
NA,"World",NA,NA,"Oilseeds and oleaginous fruits","Gross Production Value (constant 2014-2016 thousand US$)","1000 USD",1996,18046748,"Olives","no"
NA,"World",NA,NA,"Oilseeds and oleaginous fruits","Gross Production Value (constant 2014-2016 thousand US$)","1000 USD",1997,19562603,"Olives","no"
NA,"World",NA,NA,"Oilseeds and oleaginous fruits","Gross Production Value (constant 2014-2016 thousand US$)","1000 USD",1998,18745919,"Olives","no"
NA,"World",NA,NA,"Oilseeds and oleaginous fruits","Gross Production Value (constant 2014-2016 thousand US$)","1000 USD",1999,19468703,"Olives","no"
NA,"World",NA,NA,"Oilseeds and oleaginous fruits","Gross Production Value (constant 2014-2016 thousand US$)","1000 USD",2000,20112470,"Olives","no"
NA,"World",NA,NA,"Oilseeds and oleaginous fruits","Gross Production Value (constant 2014-2016 thousand US$)","1000 USD",2001,19427772,"Olives","no"
NA,"World",NA,NA,"Oilseeds and oleaginous fruits","Gross Production Value (constant 2014-2016 thousand US$)","1000 USD",2002,21562783,"Olives","no"
NA,"World",NA,NA,"Oilseeds and oleaginous fruits","Gross Production Value (constant 2014-2016 thousand US$)","1000 USD",2003,22131620,"Olives","no"
NA,"World",NA,NA,"Oilseeds and oleaginous fruits","Gross Production Value (constant 2014-2016 thousand US$)","1000 USD",2004,23582692,"Olives","no"
NA,"World",NA,NA,"Oilseeds and oleaginous fruits","Gross Production Value (constant 2014-2016 thousand US$)","1000 USD",2005,21560424,"Olives","no"
NA,"World",NA,NA,"Oilseeds and oleaginous fruits","Gross Production Value (constant 2014-2016 thousand US$)","1000 USD",2006,22522130,"Olives","no"
NA,"World",NA,NA,"Oilseeds and oleaginous fruits","Gross Production Value (constant 2014-2016 thousand US$)","1000 USD",2007,20920822,"Olives","no"
NA,"World",NA,NA,"Oilseeds and oleaginous fruits","Gross Production Value (constant 2014-2016 thousand US$)","1000 USD",2008,21703764,"Olives","no"
NA,"World",NA,NA,"Oilseeds and oleaginous fruits","Gross Production Value (constant 2014-2016 thousand US$)","1000 USD",2009,22422244,"Olives","no"
NA,"World",NA,NA,"Oilseeds and oleaginous fruits","Gross Production Value (constant 2014-2016 thousand US$)","1000 USD",2010,23694671,"Olives","no"
NA,"World",NA,NA,"Oilseeds and oleaginous fruits","Gross Production Value (constant 2014-2016 thousand US$)","1000 USD",2011,24005815,"Olives","no"
NA,"World",NA,NA,"Oilseeds and oleaginous fruits","Gross Production Value (constant 2014-2016 thousand US$)","1000 USD",2012,21854693,"Olives","no"
NA,"World",NA,NA,"Oilseeds and oleaginous fruits","Gross Production Value (constant 2014-2016 thousand US$)","1000 USD",2013,22978121,"Olives","no"
NA,"World",NA,NA,"Oilseeds and oleaginous fruits","Gross Production Value (constant 2014-2016 thousand US$)","1000 USD",2014,19204753,"Olives","no"
NA,"World",NA,NA,"Oilseeds and oleaginous fruits","Gross Production Value (constant 2014-2016 thousand US$)","1000 USD",2015,23558594,"Olives","no"
NA,"World",NA,NA,"Oilseeds and oleaginous fruits","Gross Production Value (constant 2014-2016 thousand US$)","1000 USD",2016,21936394,"Olives","no"
NA,"World",NA,NA,"Oilseeds and oleaginous fruits","Gross Production Value (constant 2014-2016 thousand US$)","1000 USD",2017,23678446,"Olives","no"
NA,"World",NA,NA,"Oilseeds and oleaginous fruits","Gross Production Value (constant 2014-2016 thousand US$)","1000 USD",2018,24271405,"Olives","no"
NA,"World",NA,NA,"Oilseeds and oleaginous fruits","Gross Production Value (constant 2014-2016 thousand US$)","1000 USD",2019,23453819,"Olives","no"
NA,"World",NA,NA,"Oilseeds and oleaginous fruits","Gross Production Value (constant 2014-2016 thousand US$)","1000 USD",2020,24406931,"Olives","no"
NA,"World",NA,NA,"Oilseeds and oleaginous fruits","Gross Production Value (constant 2014-2016 thousand US$)","1000 USD",2021,24864228,"Olives","no"
NA,"World",NA,NA,"Oilseeds and oleaginous fruits","Gross Production Value (constant 2014-2016 thousand US$)","1000 USD",2022,23407739,"Olives","no"
NA,"World",NA,NA,"Oilseeds and oleaginous fruits","Gross Production Value (constant 2014-2016 thousand US$)","1000 USD",2023,22390423,"Olives","no"
NA,"World",NA,NA,"Vegetables","Gross Production Value (constant 2014-2016 thousand I$)","1000 Int$",1992,14670100,"Onions and shallots","no"
NA,"World",NA,NA,"Vegetables","Gross Production Value (constant 2014-2016 thousand I$)","1000 Int$",1993,15373428,"Onions and shallots","no"
NA,"World",NA,NA,"Vegetables","Gross Production Value (constant 2014-2016 thousand I$)","1000 Int$",1994,16477547,"Onions and shallots","no"
NA,"World",NA,NA,"Vegetables","Gross Production Value (constant 2014-2016 thousand I$)","1000 Int$",1995,17885983,"Onions and shallots","no"
NA,"World",NA,NA,"Vegetables","Gross Production Value (constant 2014-2016 thousand I$)","1000 Int$",1996,18482915,"Onions and shallots","no"
NA,"World",NA,NA,"Vegetables","Gross Production Value (constant 2014-2016 thousand I$)","1000 Int$",1997,18463232,"Onions and shallots","no"
NA,"World",NA,NA,"Vegetables","Gross Production Value (constant 2014-2016 thousand I$)","1000 Int$",1998,20465306,"Onions and shallots","no"
NA,"World",NA,NA,"Vegetables","Gross Production Value (constant 2014-2016 thousand I$)","1000 Int$",1999,21964851,"Onions and shallots","no"
NA,"World",NA,NA,"Vegetables","Gross Production Value (constant 2014-2016 thousand I$)","1000 Int$",2000,22467752,"Onions and shallots","no"
NA,"World",NA,NA,"Vegetables","Gross Production Value (constant 2014-2016 thousand I$)","1000 Int$",2001,23461311,"Onions and shallots","no"
NA,"World",NA,NA,"Vegetables","Gross Production Value (constant 2014-2016 thousand I$)","1000 Int$",2002,23804265,"Onions and shallots","no"
NA,"World",NA,NA,"Vegetables","Gross Production Value (constant 2014-2016 thousand I$)","1000 Int$",2003,25318200,"Onions and shallots","no"
NA,"World",NA,NA,"Vegetables","Gross Production Value (constant 2014-2016 thousand I$)","1000 Int$",2004,28023558,"Onions and shallots","no"
NA,"World",NA,NA,"Vegetables","Gross Production Value (constant 2014-2016 thousand I$)","1000 Int$",2005,29314742,"Onions and shallots","no"
NA,"World",NA,NA,"Vegetables","Gross Production Value (constant 2014-2016 thousand I$)","1000 Int$",2006,30491630,"Onions and shallots","no"
NA,"World",NA,NA,"Vegetables","Gross Production Value (constant 2014-2016 thousand I$)","1000 Int$",2007,32818951,"Onions and shallots","no"
NA,"World",NA,NA,"Vegetables","Gross Production Value (constant 2014-2016 thousand I$)","1000 Int$",2008,33378597,"Onions and shallots","no"
NA,"World",NA,NA,"Vegetables","Gross Production Value (constant 2014-2016 thousand I$)","1000 Int$",2009,33125365,"Onions and shallots","no"
NA,"World",NA,NA,"Vegetables","Gross Production Value (constant 2014-2016 thousand I$)","1000 Int$",2010,35145472,"Onions and shallots","no"
NA,"World",NA,NA,"Vegetables","Gross Production Value (constant 2014-2016 thousand I$)","1000 Int$",2011,37554191,"Onions and shallots","no"
NA,"World",NA,NA,"Vegetables","Gross Production Value (constant 2014-2016 thousand I$)","1000 Int$",2012,36661913,"Onions and shallots","no"
NA,"World",NA,NA,"Vegetables","Gross Production Value (constant 2014-2016 thousand I$)","1000 Int$",2013,37617254,"Onions and shallots","no"
NA,"World",NA,NA,"Vegetables","Gross Production Value (constant 2014-2016 thousand I$)","1000 Int$",2014,39463019,"Onions and shallots","no"
NA,"World",NA,NA,"Vegetables","Gross Production Value (constant 2014-2016 thousand I$)","1000 Int$",2015,40297895,"Onions and shallots","no"
NA,"World",NA,NA,"Vegetables","Gross Production Value (constant 2014-2016 thousand I$)","1000 Int$",2016,41737913,"Onions and shallots","no"
NA,"World",NA,NA,"Vegetables","Gross Production Value (constant 2014-2016 thousand I$)","1000 Int$",2017,42732271,"Onions and shallots","no"
NA,"World",NA,NA,"Vegetables","Gross Production Value (constant 2014-2016 thousand I$)","1000 Int$",2018,42837998,"Onions and shallots","no"
NA,"World",NA,NA,"Vegetables","Gross Production Value (constant 2014-2016 thousand I$)","1000 Int$",2019,43679044,"Onions and shallots","no"
NA,"World",NA,NA,"Vegetables","Gross Production Value (constant 2014-2016 thousand I$)","1000 Int$",2020,45806575,"Onions and shallots","no"
NA,"World",NA,NA,"Vegetables","Gross Production Value (constant 2014-2016 thousand I$)","1000 Int$",2021,47168209,"Onions and shallots","no"
NA,"World",NA,NA,"Vegetables","Gross Production Value (constant 2014-2016 thousand I$)","1000 Int$",2022,48553895,"Onions and shallots","no"
NA,"World",NA,NA,"Vegetables","Gross Production Value (constant 2014-2016 thousand I$)","1000 Int$",2023,48542031,"Onions and shallots","no"
NA,"World",NA,NA,"Vegetables","Gross Production Value (constant 2014-2016 thousand US$)","1000 USD",1992,13406865,"Onions and shallots","no"
NA,"World",NA,NA,"Vegetables","Gross Production Value (constant 2014-2016 thousand US$)","1000 USD",1993,14509449,"Onions and shallots","no"
NA,"World",NA,NA,"Vegetables","Gross Production Value (constant 2014-2016 thousand US$)","1000 USD",1994,15450901,"Onions and shallots","no"
NA,"World",NA,NA,"Vegetables","Gross Production Value (constant 2014-2016 thousand US$)","1000 USD",1995,16914932,"Onions and shallots","no"
NA,"World",NA,NA,"Vegetables","Gross Production Value (constant 2014-2016 thousand US$)","1000 USD",1996,18077708,"Onions and shallots","no"
NA,"World",NA,NA,"Vegetables","Gross Production Value (constant 2014-2016 thousand US$)","1000 USD",1997,18097207,"Onions and shallots","no"
NA,"World",NA,NA,"Vegetables","Gross Production Value (constant 2014-2016 thousand US$)","1000 USD",1998,19361211,"Onions and shallots","no"
NA,"World",NA,NA,"Vegetables","Gross Production Value (constant 2014-2016 thousand US$)","1000 USD",1999,20821931,"Onions and shallots","no"
NA,"World",NA,NA,"Vegetables","Gross Production Value (constant 2014-2016 thousand US$)","1000 USD",2000,21900969,"Onions and shallots","no"
NA,"World",NA,NA,"Vegetables","Gross Production Value (constant 2014-2016 thousand US$)","1000 USD",2001,22842537,"Onions and shallots","no"
NA,"World",NA,NA,"Vegetables","Gross Production Value (constant 2014-2016 thousand US$)","1000 USD",2002,23467849,"Onions and shallots","no"
NA,"World",NA,NA,"Vegetables","Gross Production Value (constant 2014-2016 thousand US$)","1000 USD",2003,24400594,"Onions and shallots","no"
NA,"World",NA,NA,"Vegetables","Gross Production Value (constant 2014-2016 thousand US$)","1000 USD",2004,26349006,"Onions and shallots","no"
NA,"World",NA,NA,"Vegetables","Gross Production Value (constant 2014-2016 thousand US$)","1000 USD",2005,27192676,"Onions and shallots","no"
NA,"World",NA,NA,"Vegetables","Gross Production Value (constant 2014-2016 thousand US$)","1000 USD",2006,28308456,"Onions and shallots","no"
NA,"World",NA,NA,"Vegetables","Gross Production Value (constant 2014-2016 thousand US$)","1000 USD",2007,29980125,"Onions and shallots","no"
NA,"World",NA,NA,"Vegetables","Gross Production Value (constant 2014-2016 thousand US$)","1000 USD",2008,30432998,"Onions and shallots","no"
NA,"World",NA,NA,"Vegetables","Gross Production Value (constant 2014-2016 thousand US$)","1000 USD",2009,30404052,"Onions and shallots","no"
NA,"World",NA,NA,"Vegetables","Gross Production Value (constant 2014-2016 thousand US$)","1000 USD",2010,31765358,"Onions and shallots","no"
NA,"World",NA,NA,"Vegetables","Gross Production Value (constant 2014-2016 thousand US$)","1000 USD",2011,33227681,"Onions and shallots","no"
NA,"World",NA,NA,"Vegetables","Gross Production Value (constant 2014-2016 thousand US$)","1000 USD",2012,32874161,"Onions and shallots","no"
NA,"World",NA,NA,"Vegetables","Gross Production Value (constant 2014-2016 thousand US$)","1000 USD",2013,33621558,"Onions and shallots","no"
NA,"World",NA,NA,"Vegetables","Gross Production Value (constant 2014-2016 thousand US$)","1000 USD",2014,34913087,"Onions and shallots","no"
NA,"World",NA,NA,"Vegetables","Gross Production Value (constant 2014-2016 thousand US$)","1000 USD",2015,35931850,"Onions and shallots","no"
NA,"World",NA,NA,"Vegetables","Gross Production Value (constant 2014-2016 thousand US$)","1000 USD",2016,37255187,"Onions and shallots","no"
NA,"World",NA,NA,"Vegetables","Gross Production Value (constant 2014-2016 thousand US$)","1000 USD",2017,37969286,"Onions and shallots","no"
NA,"World",NA,NA,"Vegetables","Gross Production Value (constant 2014-2016 thousand US$)","1000 USD",2018,37934708,"Onions and shallots","no"
NA,"World",NA,NA,"Vegetables","Gross Production Value (constant 2014-2016 thousand US$)","1000 USD",2019,38878788,"Onions and shallots","no"
NA,"World",NA,NA,"Vegetables","Gross Production Value (constant 2014-2016 thousand US$)","1000 USD",2020,40727069,"Onions and shallots","no"
NA,"World",NA,NA,"Vegetables","Gross Production Value (constant 2014-2016 thousand US$)","1000 USD",2021,41995660,"Onions and shallots","no"
NA,"World",NA,NA,"Vegetables","Gross Production Value (constant 2014-2016 thousand US$)","1000 USD",2022,42493380,"Onions and shallots","no"
NA,"World",NA,NA,"Vegetables","Gross Production Value (constant 2014-2016 thousand US$)","1000 USD",2023,42386648,"Onions and shallots","no"
NA,"World",NA,NA,"Fruits and nuts","Gross Production Value (constant 2014-2016 thousand I$)","1000 Int$",1992,17249892,"Oranges","no"
NA,"World",NA,NA,"Fruits and nuts","Gross Production Value (constant 2014-2016 thousand I$)","1000 Int$",1993,17666808,"Oranges","no"
NA,"World",NA,NA,"Fruits and nuts","Gross Production Value (constant 2014-2016 thousand I$)","1000 Int$",1994,17437936,"Oranges","no"
NA,"World",NA,NA,"Fruits and nuts","Gross Production Value (constant 2014-2016 thousand I$)","1000 Int$",1995,18623137,"Oranges","no"
NA,"World",NA,NA,"Fruits and nuts","Gross Production Value (constant 2014-2016 thousand I$)","1000 Int$",1996,19365588,"Oranges","no"
NA,"World",NA,NA,"Fruits and nuts","Gross Production Value (constant 2014-2016 thousand I$)","1000 Int$",1997,20946831,"Oranges","no"
NA,"World",NA,NA,"Fruits and nuts","Gross Production Value (constant 2014-2016 thousand I$)","1000 Int$",1998,19693074,"Oranges","no"
NA,"World",NA,NA,"Fruits and nuts","Gross Production Value (constant 2014-2016 thousand I$)","1000 Int$",1999,19696050,"Oranges","no"
NA,"World",NA,NA,"Fruits and nuts","Gross Production Value (constant 2014-2016 thousand I$)","1000 Int$",2000,20389252,"Oranges","no"
NA,"World",NA,NA,"Fruits and nuts","Gross Production Value (constant 2014-2016 thousand I$)","1000 Int$",2001,19199079,"Oranges","no"
NA,"World",NA,NA,"Fruits and nuts","Gross Production Value (constant 2014-2016 thousand I$)","1000 Int$",2002,19855280,"Oranges","no"
NA,"World",NA,NA,"Fruits and nuts","Gross Production Value (constant 2014-2016 thousand I$)","1000 Int$",2003,19120209,"Oranges","no"
NA,"World",NA,NA,"Fruits and nuts","Gross Production Value (constant 2014-2016 thousand I$)","1000 Int$",2004,20736216,"Oranges","no"
NA,"World",NA,NA,"Fruits and nuts","Gross Production Value (constant 2014-2016 thousand I$)","1000 Int$",2005,20036454,"Oranges","no"
NA,"World",NA,NA,"Fruits and nuts","Gross Production Value (constant 2014-2016 thousand I$)","1000 Int$",2006,20774899,"Oranges","no"
NA,"World",NA,NA,"Fruits and nuts","Gross Production Value (constant 2014-2016 thousand I$)","1000 Int$",2007,20954527,"Oranges","no"
NA,"World",NA,NA,"Fruits and nuts","Gross Production Value (constant 2014-2016 thousand I$)","1000 Int$",2008,22063665,"Oranges","no"
NA,"World",NA,NA,"Fruits and nuts","Gross Production Value (constant 2014-2016 thousand I$)","1000 Int$",2009,21798659,"Oranges","no"
NA,"World",NA,NA,"Fruits and nuts","Gross Production Value (constant 2014-2016 thousand I$)","1000 Int$",2010,22572012,"Oranges","no"
NA,"World",NA,NA,"Fruits and nuts","Gross Production Value (constant 2014-2016 thousand I$)","1000 Int$",2011,22169903,"Oranges","no"
NA,"World",NA,NA,"Fruits and nuts","Gross Production Value (constant 2014-2016 thousand I$)","1000 Int$",2012,21473270,"Oranges","no"
NA,"World",NA,NA,"Fruits and nuts","Gross Production Value (constant 2014-2016 thousand I$)","1000 Int$",2013,22487264,"Oranges","no"
NA,"World",NA,NA,"Fruits and nuts","Gross Production Value (constant 2014-2016 thousand I$)","1000 Int$",2014,22022891,"Oranges","no"
NA,"World",NA,NA,"Fruits and nuts","Gross Production Value (constant 2014-2016 thousand I$)","1000 Int$",2015,21935060,"Oranges","no"
NA,"World",NA,NA,"Fruits and nuts","Gross Production Value (constant 2014-2016 thousand I$)","1000 Int$",2016,21893841,"Oranges","no"
NA,"World",NA,NA,"Fruits and nuts","Gross Production Value (constant 2014-2016 thousand I$)","1000 Int$",2017,21940406,"Oranges","no"
NA,"World",NA,NA,"Fruits and nuts","Gross Production Value (constant 2014-2016 thousand I$)","1000 Int$",2018,21712131,"Oranges","no"
NA,"World",NA,NA,"Fruits and nuts","Gross Production Value (constant 2014-2016 thousand I$)","1000 Int$",2019,22254059,"Oranges","no"
NA,"World",NA,NA,"Fruits and nuts","Gross Production Value (constant 2014-2016 thousand I$)","1000 Int$",2020,22171374,"Oranges","no"
NA,"World",NA,NA,"Fruits and nuts","Gross Production Value (constant 2014-2016 thousand I$)","1000 Int$",2021,21995999,"Oranges","no"
NA,"World",NA,NA,"Fruits and nuts","Gross Production Value (constant 2014-2016 thousand I$)","1000 Int$",2022,22222532,"Oranges","no"
NA,"World",NA,NA,"Fruits and nuts","Gross Production Value (constant 2014-2016 thousand I$)","1000 Int$",2023,22672480,"Oranges","no"
NA,"World",NA,NA,"Fruits and nuts","Gross Production Value (constant 2014-2016 thousand US$)","1000 USD",1992,15172994,"Oranges","no"
NA,"World",NA,NA,"Fruits and nuts","Gross Production Value (constant 2014-2016 thousand US$)","1000 USD",1993,15952891,"Oranges","no"
NA,"World",NA,NA,"Fruits and nuts","Gross Production Value (constant 2014-2016 thousand US$)","1000 USD",1994,15961539,"Oranges","no"
NA,"World",NA,NA,"Fruits and nuts","Gross Production Value (constant 2014-2016 thousand US$)","1000 USD",1995,16729757,"Oranges","no"
NA,"World",NA,NA,"Fruits and nuts","Gross Production Value (constant 2014-2016 thousand US$)","1000 USD",1996,17521081,"Oranges","no"
NA,"World",NA,NA,"Fruits and nuts","Gross Production Value (constant 2014-2016 thousand US$)","1000 USD",1997,18828298,"Oranges","no"
NA,"World",NA,NA,"Fruits and nuts","Gross Production Value (constant 2014-2016 thousand US$)","1000 USD",1998,17578504,"Oranges","no"
NA,"World",NA,NA,"Fruits and nuts","Gross Production Value (constant 2014-2016 thousand US$)","1000 USD",1999,17488876,"Oranges","no"
NA,"World",NA,NA,"Fruits and nuts","Gross Production Value (constant 2014-2016 thousand US$)","1000 USD",2000,18297640,"Oranges","no"
NA,"World",NA,NA,"Fruits and nuts","Gross Production Value (constant 2014-2016 thousand US$)","1000 USD",2001,17665818,"Oranges","no"
NA,"World",NA,NA,"Fruits and nuts","Gross Production Value (constant 2014-2016 thousand US$)","1000 USD",2002,18442035,"Oranges","no"
NA,"World",NA,NA,"Fruits and nuts","Gross Production Value (constant 2014-2016 thousand US$)","1000 USD",2003,17859843,"Oranges","no"
NA,"World",NA,NA,"Fruits and nuts","Gross Production Value (constant 2014-2016 thousand US$)","1000 USD",2004,19774150,"Oranges","no"
NA,"World",NA,NA,"Fruits and nuts","Gross Production Value (constant 2014-2016 thousand US$)","1000 USD",2005,19613756,"Oranges","no"
NA,"World",NA,NA,"Fruits and nuts","Gross Production Value (constant 2014-2016 thousand US$)","1000 USD",2006,20385316,"Oranges","no"
NA,"World",NA,NA,"Fruits and nuts","Gross Production Value (constant 2014-2016 thousand US$)","1000 USD",2007,21324041,"Oranges","no"
NA,"World",NA,NA,"Fruits and nuts","Gross Production Value (constant 2014-2016 thousand US$)","1000 USD",2008,22461510,"Oranges","no"
NA,"World",NA,NA,"Fruits and nuts","Gross Production Value (constant 2014-2016 thousand US$)","1000 USD",2009,22707973,"Oranges","no"
NA,"World",NA,NA,"Fruits and nuts","Gross Production Value (constant 2014-2016 thousand US$)","1000 USD",2010,24142364,"Oranges","no"
NA,"World",NA,NA,"Fruits and nuts","Gross Production Value (constant 2014-2016 thousand US$)","1000 USD",2011,21655898,"Oranges","no"
NA,"World",NA,NA,"Fruits and nuts","Gross Production Value (constant 2014-2016 thousand US$)","1000 USD",2012,21311947,"Oranges","no"
NA,"World",NA,NA,"Fruits and nuts","Gross Production Value (constant 2014-2016 thousand US$)","1000 USD",2013,23245040,"Oranges","no"
NA,"World",NA,NA,"Fruits and nuts","Gross Production Value (constant 2014-2016 thousand US$)","1000 USD",2014,22901236,"Oranges","no"
NA,"World",NA,NA,"Fruits and nuts","Gross Production Value (constant 2014-2016 thousand US$)","1000 USD",2015,23156544,"Oranges","no"
NA,"World",NA,NA,"Fruits and nuts","Gross Production Value (constant 2014-2016 thousand US$)","1000 USD",2016,23054950,"Oranges","no"
NA,"World",NA,NA,"Fruits and nuts","Gross Production Value (constant 2014-2016 thousand US$)","1000 USD",2017,23140846,"Oranges","no"
NA,"World",NA,NA,"Fruits and nuts","Gross Production Value (constant 2014-2016 thousand US$)","1000 USD",2018,23071412,"Oranges","no"
NA,"World",NA,NA,"Fruits and nuts","Gross Production Value (constant 2014-2016 thousand US$)","1000 USD",2019,23709199,"Oranges","no"
NA,"World",NA,NA,"Fruits and nuts","Gross Production Value (constant 2014-2016 thousand US$)","1000 USD",2020,23871507,"Oranges","no"
NA,"World",NA,NA,"Fruits and nuts","Gross Production Value (constant 2014-2016 thousand US$)","1000 USD",2021,24144823,"Oranges","no"
NA,"World",NA,NA,"Fruits and nuts","Gross Production Value (constant 2014-2016 thousand US$)","1000 USD",2022,24921539,"Oranges","no"
NA,"World",NA,NA,"Fruits and nuts","Gross Production Value (constant 2014-2016 thousand US$)","1000 USD",2023,25314518,"Oranges","no"
NA,"World",NA,NA,"Vegetables","Gross Production Value (constant 2014-2016 thousand I$)","1000 Int$",1992,2082944,"Other beans","no"
NA,"World",NA,NA,"Vegetables","Gross Production Value (constant 2014-2016 thousand I$)","1000 Int$",1993,2137798,"Other beans","no"
NA,"World",NA,NA,"Vegetables","Gross Production Value (constant 2014-2016 thousand I$)","1000 Int$",1994,2171455,"Other beans","no"
NA,"World",NA,NA,"Vegetables","Gross Production Value (constant 2014-2016 thousand I$)","1000 Int$",1995,2673075,"Other beans","no"
NA,"World",NA,NA,"Vegetables","Gross Production Value (constant 2014-2016 thousand I$)","1000 Int$",1996,2759094,"Other beans","no"
NA,"World",NA,NA,"Vegetables","Gross Production Value (constant 2014-2016 thousand I$)","1000 Int$",1997,2790752,"Other beans","no"
NA,"World",NA,NA,"Vegetables","Gross Production Value (constant 2014-2016 thousand I$)","1000 Int$",1998,2869297,"Other beans","no"
NA,"World",NA,NA,"Vegetables","Gross Production Value (constant 2014-2016 thousand I$)","1000 Int$",1999,2997881,"Other beans","no"
NA,"World",NA,NA,"Vegetables","Gross Production Value (constant 2014-2016 thousand I$)","1000 Int$",2000,3089053,"Other beans","no"
NA,"World",NA,NA,"Vegetables","Gross Production Value (constant 2014-2016 thousand I$)","1000 Int$",2001,3427317,"Other beans","no"
NA,"World",NA,NA,"Vegetables","Gross Production Value (constant 2014-2016 thousand I$)","1000 Int$",2002,3659248,"Other beans","no"
NA,"World",NA,NA,"Vegetables","Gross Production Value (constant 2014-2016 thousand I$)","1000 Int$",2003,4036318,"Other beans","no"
NA,"World",NA,NA,"Vegetables","Gross Production Value (constant 2014-2016 thousand I$)","1000 Int$",2004,4318676,"Other beans","no"
NA,"World",NA,NA,"Vegetables","Gross Production Value (constant 2014-2016 thousand I$)","1000 Int$",2005,4857604,"Other beans","no"
NA,"World",NA,NA,"Vegetables","Gross Production Value (constant 2014-2016 thousand I$)","1000 Int$",2006,5419348,"Other beans","no"
NA,"World",NA,NA,"Vegetables","Gross Production Value (constant 2014-2016 thousand I$)","1000 Int$",2007,5672198,"Other beans","no"
NA,"World",NA,NA,"Vegetables","Gross Production Value (constant 2014-2016 thousand I$)","1000 Int$",2008,5966787,"Other beans","no"
NA,"World",NA,NA,"Vegetables","Gross Production Value (constant 2014-2016 thousand I$)","1000 Int$",2009,6033316,"Other beans","no"
NA,"World",NA,NA,"Vegetables","Gross Production Value (constant 2014-2016 thousand I$)","1000 Int$",2010,6236000,"Other beans","no"
NA,"World",NA,NA,"Vegetables","Gross Production Value (constant 2014-2016 thousand I$)","1000 Int$",2011,6357714,"Other beans","no"
NA,"World",NA,NA,"Vegetables","Gross Production Value (constant 2014-2016 thousand I$)","1000 Int$",2012,6580441,"Other beans","no"
NA,"World",NA,NA,"Vegetables","Gross Production Value (constant 2014-2016 thousand I$)","1000 Int$",2013,6754056,"Other beans","no"
NA,"World",NA,NA,"Vegetables","Gross Production Value (constant 2014-2016 thousand I$)","1000 Int$",2014,6867170,"Other beans","no"
NA,"World",NA,NA,"Vegetables","Gross Production Value (constant 2014-2016 thousand I$)","1000 Int$",2015,7556699,"Other beans","no"
NA,"World",NA,NA,"Vegetables","Gross Production Value (constant 2014-2016 thousand I$)","1000 Int$",2016,7077447,"Other beans","no"
NA,"World",NA,NA,"Vegetables","Gross Production Value (constant 2014-2016 thousand I$)","1000 Int$",2017,7254647,"Other beans","no"
NA,"World",NA,NA,"Vegetables","Gross Production Value (constant 2014-2016 thousand I$)","1000 Int$",2018,7413650,"Other beans","no"
NA,"World",NA,NA,"Vegetables","Gross Production Value (constant 2014-2016 thousand I$)","1000 Int$",2019,7499822,"Other beans","no"
NA,"World",NA,NA,"Vegetables","Gross Production Value (constant 2014-2016 thousand I$)","1000 Int$",2020,7426316,"Other beans","no"
NA,"World",NA,NA,"Vegetables","Gross Production Value (constant 2014-2016 thousand I$)","1000 Int$",2021,7493387,"Other beans","no"
NA,"World",NA,NA,"Vegetables","Gross Production Value (constant 2014-2016 thousand I$)","1000 Int$",2022,7463203,"Other beans","no"
NA,"World",NA,NA,"Vegetables","Gross Production Value (constant 2014-2016 thousand I$)","1000 Int$",2023,7430774,"Other beans","no"
NA,"World",NA,NA,"Vegetables","Gross Production Value (constant 2014-2016 thousand US$)","1000 USD",1992,4010316,"Other beans","no"
NA,"World",NA,NA,"Vegetables","Gross Production Value (constant 2014-2016 thousand US$)","1000 USD",1993,4151416,"Other beans","no"
NA,"World",NA,NA,"Vegetables","Gross Production Value (constant 2014-2016 thousand US$)","1000 USD",1994,4057358,"Other beans","no"
NA,"World",NA,NA,"Vegetables","Gross Production Value (constant 2014-2016 thousand US$)","1000 USD",1995,5229363,"Other beans","no"
NA,"World",NA,NA,"Vegetables","Gross Production Value (constant 2014-2016 thousand US$)","1000 USD",1996,5284768,"Other beans","no"
NA,"World",NA,NA,"Vegetables","Gross Production Value (constant 2014-2016 thousand US$)","1000 USD",1997,5211608,"Other beans","no"
NA,"World",NA,NA,"Vegetables","Gross Production Value (constant 2014-2016 thousand US$)","1000 USD",1998,5381426,"Other beans","no"
NA,"World",NA,NA,"Vegetables","Gross Production Value (constant 2014-2016 thousand US$)","1000 USD",1999,5486987,"Other beans","no"
NA,"World",NA,NA,"Vegetables","Gross Production Value (constant 2014-2016 thousand US$)","1000 USD",2000,5856570,"Other beans","no"
NA,"World",NA,NA,"Vegetables","Gross Production Value (constant 2014-2016 thousand US$)","1000 USD",2001,6160295,"Other beans","no"
NA,"World",NA,NA,"Vegetables","Gross Production Value (constant 2014-2016 thousand US$)","1000 USD",2002,6418797,"Other beans","no"
NA,"World",NA,NA,"Vegetables","Gross Production Value (constant 2014-2016 thousand US$)","1000 USD",2003,6912154,"Other beans","no"
NA,"World",NA,NA,"Vegetables","Gross Production Value (constant 2014-2016 thousand US$)","1000 USD",2004,7254875,"Other beans","no"
NA,"World",NA,NA,"Vegetables","Gross Production Value (constant 2014-2016 thousand US$)","1000 USD",2005,7876359,"Other beans","no"
NA,"World",NA,NA,"Vegetables","Gross Production Value (constant 2014-2016 thousand US$)","1000 USD",2006,8684819,"Other beans","no"
NA,"World",NA,NA,"Vegetables","Gross Production Value (constant 2014-2016 thousand US$)","1000 USD",2007,8866276,"Other beans","no"
NA,"World",NA,NA,"Vegetables","Gross Production Value (constant 2014-2016 thousand US$)","1000 USD",2008,9155449,"Other beans","no"
NA,"World",NA,NA,"Vegetables","Gross Production Value (constant 2014-2016 thousand US$)","1000 USD",2009,9320743,"Other beans","no"
NA,"World",NA,NA,"Vegetables","Gross Production Value (constant 2014-2016 thousand US$)","1000 USD",2010,9472399,"Other beans","no"
NA,"World",NA,NA,"Vegetables","Gross Production Value (constant 2014-2016 thousand US$)","1000 USD",2011,9578025,"Other beans","no"
NA,"World",NA,NA,"Vegetables","Gross Production Value (constant 2014-2016 thousand US$)","1000 USD",2012,9801349,"Other beans","no"
NA,"World",NA,NA,"Vegetables","Gross Production Value (constant 2014-2016 thousand US$)","1000 USD",2013,10152415,"Other beans","no"
NA,"World",NA,NA,"Vegetables","Gross Production Value (constant 2014-2016 thousand US$)","1000 USD",2014,10259122,"Other beans","no"
NA,"World",NA,NA,"Vegetables","Gross Production Value (constant 2014-2016 thousand US$)","1000 USD",2015,11071999,"Other beans","no"
NA,"World",NA,NA,"Vegetables","Gross Production Value (constant 2014-2016 thousand US$)","1000 USD",2016,10541885,"Other beans","no"
NA,"World",NA,NA,"Vegetables","Gross Production Value (constant 2014-2016 thousand US$)","1000 USD",2017,10791058,"Other beans","no"
NA,"World",NA,NA,"Vegetables","Gross Production Value (constant 2014-2016 thousand US$)","1000 USD",2018,10811718,"Other beans","no"
NA,"World",NA,NA,"Vegetables","Gross Production Value (constant 2014-2016 thousand US$)","1000 USD",2019,10892038,"Other beans","no"
NA,"World",NA,NA,"Vegetables","Gross Production Value (constant 2014-2016 thousand US$)","1000 USD",2020,10738223,"Other beans","no"
NA,"World",NA,NA,"Vegetables","Gross Production Value (constant 2014-2016 thousand US$)","1000 USD",2021,10895245,"Other beans","no"
NA,"World",NA,NA,"Vegetables","Gross Production Value (constant 2014-2016 thousand US$)","1000 USD",2022,10679937,"Other beans","no"
NA,"World",NA,NA,"Vegetables","Gross Production Value (constant 2014-2016 thousand US$)","1000 USD",2023,10675784,"Other beans","no"
NA,"World",NA,NA,"Fruits and nuts","Gross Production Value (constant 2014-2016 thousand I$)","1000 Int$",1992,812309,"Other berries and fruits of the genus vaccinium n.e.c.","no"
NA,"World",NA,NA,"Fruits and nuts","Gross Production Value (constant 2014-2016 thousand I$)","1000 Int$",1993,808709,"Other berries and fruits of the genus vaccinium n.e.c.","no"
NA,"World",NA,NA,"Fruits and nuts","Gross Production Value (constant 2014-2016 thousand I$)","1000 Int$",1994,827424,"Other berries and fruits of the genus vaccinium n.e.c.","no"
NA,"World",NA,NA,"Fruits and nuts","Gross Production Value (constant 2014-2016 thousand I$)","1000 Int$",1995,828507,"Other berries and fruits of the genus vaccinium n.e.c.","no"
NA,"World",NA,NA,"Fruits and nuts","Gross Production Value (constant 2014-2016 thousand I$)","1000 Int$",1996,799226,"Other berries and fruits of the genus vaccinium n.e.c.","no"
NA,"World",NA,NA,"Fruits and nuts","Gross Production Value (constant 2014-2016 thousand I$)","1000 Int$",1997,787660,"Other berries and fruits of the genus vaccinium n.e.c.","no"
NA,"World",NA,NA,"Fruits and nuts","Gross Production Value (constant 2014-2016 thousand I$)","1000 Int$",1998,778640,"Other berries and fruits of the genus vaccinium n.e.c.","no"
NA,"World",NA,NA,"Fruits and nuts","Gross Production Value (constant 2014-2016 thousand I$)","1000 Int$",1999,789043,"Other berries and fruits of the genus vaccinium n.e.c.","no"
NA,"World",NA,NA,"Fruits and nuts","Gross Production Value (constant 2014-2016 thousand I$)","1000 Int$",2000,843084,"Other berries and fruits of the genus vaccinium n.e.c.","no"
NA,"World",NA,NA,"Fruits and nuts","Gross Production Value (constant 2014-2016 thousand I$)","1000 Int$",2001,881122,"Other berries and fruits of the genus vaccinium n.e.c.","no"
NA,"World",NA,NA,"Fruits and nuts","Gross Production Value (constant 2014-2016 thousand I$)","1000 Int$",2002,886302,"Other berries and fruits of the genus vaccinium n.e.c.","no"
NA,"World",NA,NA,"Fruits and nuts","Gross Production Value (constant 2014-2016 thousand I$)","1000 Int$",2003,1040096,"Other berries and fruits of the genus vaccinium n.e.c.","no"
NA,"World",NA,NA,"Fruits and nuts","Gross Production Value (constant 2014-2016 thousand I$)","1000 Int$",2004,1023155,"Other berries and fruits of the genus vaccinium n.e.c.","no"
NA,"World",NA,NA,"Fruits and nuts","Gross Production Value (constant 2014-2016 thousand I$)","1000 Int$",2005,1102780,"Other berries and fruits of the genus vaccinium n.e.c.","no"
NA,"World",NA,NA,"Fruits and nuts","Gross Production Value (constant 2014-2016 thousand I$)","1000 Int$",2006,1103780,"Other berries and fruits of the genus vaccinium n.e.c.","no"
NA,"World",NA,NA,"Fruits and nuts","Gross Production Value (constant 2014-2016 thousand I$)","1000 Int$",2007,1165865,"Other berries and fruits of the genus vaccinium n.e.c.","no"
NA,"World",NA,NA,"Fruits and nuts","Gross Production Value (constant 2014-2016 thousand I$)","1000 Int$",2008,1297730,"Other berries and fruits of the genus vaccinium n.e.c.","no"
NA,"World",NA,NA,"Fruits and nuts","Gross Production Value (constant 2014-2016 thousand I$)","1000 Int$",2009,1274074,"Other berries and fruits of the genus vaccinium n.e.c.","no"
NA,"World",NA,NA,"Fruits and nuts","Gross Production Value (constant 2014-2016 thousand I$)","1000 Int$",2010,1201495,"Other berries and fruits of the genus vaccinium n.e.c.","no"
NA,"World",NA,NA,"Fruits and nuts","Gross Production Value (constant 2014-2016 thousand I$)","1000 Int$",2011,1317537,"Other berries and fruits of the genus vaccinium n.e.c.","no"
NA,"World",NA,NA,"Fruits and nuts","Gross Production Value (constant 2014-2016 thousand I$)","1000 Int$",2012,1338214,"Other berries and fruits of the genus vaccinium n.e.c.","no"
NA,"World",NA,NA,"Fruits and nuts","Gross Production Value (constant 2014-2016 thousand I$)","1000 Int$",2013,1324156,"Other berries and fruits of the genus vaccinium n.e.c.","no"
NA,"World",NA,NA,"Fruits and nuts","Gross Production Value (constant 2014-2016 thousand I$)","1000 Int$",2014,1330328,"Other berries and fruits of the genus vaccinium n.e.c.","no"
NA,"World",NA,NA,"Fruits and nuts","Gross Production Value (constant 2014-2016 thousand I$)","1000 Int$",2015,1239264,"Other berries and fruits of the genus vaccinium n.e.c.","no"
NA,"World",NA,NA,"Fruits and nuts","Gross Production Value (constant 2014-2016 thousand I$)","1000 Int$",2016,1501634,"Other berries and fruits of the genus vaccinium n.e.c.","no"
NA,"World",NA,NA,"Fruits and nuts","Gross Production Value (constant 2014-2016 thousand I$)","1000 Int$",2017,1597872,"Other berries and fruits of the genus vaccinium n.e.c.","no"
NA,"World",NA,NA,"Fruits and nuts","Gross Production Value (constant 2014-2016 thousand I$)","1000 Int$",2018,1635892,"Other berries and fruits of the genus vaccinium n.e.c.","no"
NA,"World",NA,NA,"Fruits and nuts","Gross Production Value (constant 2014-2016 thousand I$)","1000 Int$",2019,1677447,"Other berries and fruits of the genus vaccinium n.e.c.","no"
NA,"World",NA,NA,"Fruits and nuts","Gross Production Value (constant 2014-2016 thousand I$)","1000 Int$",2020,1623188,"Other berries and fruits of the genus vaccinium n.e.c.","no"
NA,"World",NA,NA,"Fruits and nuts","Gross Production Value (constant 2014-2016 thousand I$)","1000 Int$",2021,1647652,"Other berries and fruits of the genus vaccinium n.e.c.","no"
NA,"World",NA,NA,"Fruits and nuts","Gross Production Value (constant 2014-2016 thousand I$)","1000 Int$",2022,1670200,"Other berries and fruits of the genus vaccinium n.e.c.","no"
NA,"World",NA,NA,"Fruits and nuts","Gross Production Value (constant 2014-2016 thousand I$)","1000 Int$",2023,1667232,"Other berries and fruits of the genus vaccinium n.e.c.","no"
NA,"World",NA,NA,"Fruits and nuts","Gross Production Value (constant 2014-2016 thousand US$)","1000 USD",1992,492158,"Other berries and fruits of the genus vaccinium n.e.c.","no"
NA,"World",NA,NA,"Fruits and nuts","Gross Production Value (constant 2014-2016 thousand US$)","1000 USD",1993,476181,"Other berries and fruits of the genus vaccinium n.e.c.","no"
NA,"World",NA,NA,"Fruits and nuts","Gross Production Value (constant 2014-2016 thousand US$)","1000 USD",1994,477085,"Other berries and fruits of the genus vaccinium n.e.c.","no"
NA,"World",NA,NA,"Fruits and nuts","Gross Production Value (constant 2014-2016 thousand US$)","1000 USD",1995,474960,"Other berries and fruits of the genus vaccinium n.e.c.","no"
NA,"World",NA,NA,"Fruits and nuts","Gross Production Value (constant 2014-2016 thousand US$)","1000 USD",1996,459145,"Other berries and fruits of the genus vaccinium n.e.c.","no"
NA,"World",NA,NA,"Fruits and nuts","Gross Production Value (constant 2014-2016 thousand US$)","1000 USD",1997,431057,"Other berries and fruits of the genus vaccinium n.e.c.","no"
NA,"World",NA,NA,"Fruits and nuts","Gross Production Value (constant 2014-2016 thousand US$)","1000 USD",1998,427698,"Other berries and fruits of the genus vaccinium n.e.c.","no"
NA,"World",NA,NA,"Fruits and nuts","Gross Production Value (constant 2014-2016 thousand US$)","1000 USD",1999,415027,"Other berries and fruits of the genus vaccinium n.e.c.","no"
NA,"World",NA,NA,"Fruits and nuts","Gross Production Value (constant 2014-2016 thousand US$)","1000 USD",2000,461988,"Other berries and fruits of the genus vaccinium n.e.c.","no"
NA,"World",NA,NA,"Fruits and nuts","Gross Production Value (constant 2014-2016 thousand US$)","1000 USD",2001,490389,"Other berries and fruits of the genus vaccinium n.e.c.","no"
NA,"World",NA,NA,"Fruits and nuts","Gross Production Value (constant 2014-2016 thousand US$)","1000 USD",2002,504615,"Other berries and fruits of the genus vaccinium n.e.c.","no"
NA,"World",NA,NA,"Fruits and nuts","Gross Production Value (constant 2014-2016 thousand US$)","1000 USD",2003,615823,"Other berries and fruits of the genus vaccinium n.e.c.","no"
NA,"World",NA,NA,"Fruits and nuts","Gross Production Value (constant 2014-2016 thousand US$)","1000 USD",2004,623511,"Other berries and fruits of the genus vaccinium n.e.c.","no"
NA,"World",NA,NA,"Fruits and nuts","Gross Production Value (constant 2014-2016 thousand US$)","1000 USD",2005,657605,"Other berries and fruits of the genus vaccinium n.e.c.","no"
NA,"World",NA,NA,"Fruits and nuts","Gross Production Value (constant 2014-2016 thousand US$)","1000 USD",2006,655513,"Other berries and fruits of the genus vaccinium n.e.c.","no"
NA,"World",NA,NA,"Fruits and nuts","Gross Production Value (constant 2014-2016 thousand US$)","1000 USD",2007,720593,"Other berries and fruits of the genus vaccinium n.e.c.","no"
NA,"World",NA,NA,"Fruits and nuts","Gross Production Value (constant 2014-2016 thousand US$)","1000 USD",2008,807252,"Other berries and fruits of the genus vaccinium n.e.c.","no"
NA,"World",NA,NA,"Fruits and nuts","Gross Production Value (constant 2014-2016 thousand US$)","1000 USD",2009,829270,"Other berries and fruits of the genus vaccinium n.e.c.","no"
NA,"World",NA,NA,"Fruits and nuts","Gross Production Value (constant 2014-2016 thousand US$)","1000 USD",2010,757915,"Other berries and fruits of the genus vaccinium n.e.c.","no"
NA,"World",NA,NA,"Fruits and nuts","Gross Production Value (constant 2014-2016 thousand US$)","1000 USD",2011,890204,"Other berries and fruits of the genus vaccinium n.e.c.","no"
NA,"World",NA,NA,"Fruits and nuts","Gross Production Value (constant 2014-2016 thousand US$)","1000 USD",2012,916996,"Other berries and fruits of the genus vaccinium n.e.c.","no"
NA,"World",NA,NA,"Fruits and nuts","Gross Production Value (constant 2014-2016 thousand US$)","1000 USD",2013,897644,"Other berries and fruits of the genus vaccinium n.e.c.","no"
NA,"World",NA,NA,"Fruits and nuts","Gross Production Value (constant 2014-2016 thousand US$)","1000 USD",2014,917851,"Other berries and fruits of the genus vaccinium n.e.c.","no"
NA,"World",NA,NA,"Fruits and nuts","Gross Production Value (constant 2014-2016 thousand US$)","1000 USD",2015,847489,"Other berries and fruits of the genus vaccinium n.e.c.","no"
NA,"World",NA,NA,"Fruits and nuts","Gross Production Value (constant 2014-2016 thousand US$)","1000 USD",2016,1059209,"Other berries and fruits of the genus vaccinium n.e.c.","no"
NA,"World",NA,NA,"Fruits and nuts","Gross Production Value (constant 2014-2016 thousand US$)","1000 USD",2017,1125058,"Other berries and fruits of the genus vaccinium n.e.c.","no"
NA,"World",NA,NA,"Fruits and nuts","Gross Production Value (constant 2014-2016 thousand US$)","1000 USD",2018,1133253,"Other berries and fruits of the genus vaccinium n.e.c.","no"
NA,"World",NA,NA,"Fruits and nuts","Gross Production Value (constant 2014-2016 thousand US$)","1000 USD",2019,1182345,"Other berries and fruits of the genus vaccinium n.e.c.","no"
NA,"World",NA,NA,"Fruits and nuts","Gross Production Value (constant 2014-2016 thousand US$)","1000 USD",2020,1104531,"Other berries and fruits of the genus vaccinium n.e.c.","no"
NA,"World",NA,NA,"Fruits and nuts","Gross Production Value (constant 2014-2016 thousand US$)","1000 USD",2021,1142648,"Other berries and fruits of the genus vaccinium n.e.c.","no"
NA,"World",NA,NA,"Fruits and nuts","Gross Production Value (constant 2014-2016 thousand US$)","1000 USD",2022,1142431,"Other berries and fruits of the genus vaccinium n.e.c.","no"
NA,"World",NA,NA,"Fruits and nuts","Gross Production Value (constant 2014-2016 thousand US$)","1000 USD",2023,1150418,"Other berries and fruits of the genus vaccinium n.e.c.","no"
NA,"World",NA,NA,"Fruits and nuts","Gross Production Value (constant 2014-2016 thousand I$)","1000 Int$",1992,2004743,"Other citrus fruit, n.e.c.","no"
NA,"World",NA,NA,"Fruits and nuts","Gross Production Value (constant 2014-2016 thousand I$)","1000 Int$",1993,2157290,"Other citrus fruit, n.e.c.","no"
NA,"World",NA,NA,"Fruits and nuts","Gross Production Value (constant 2014-2016 thousand I$)","1000 Int$",1994,2066690,"Other citrus fruit, n.e.c.","no"
NA,"World",NA,NA,"Fruits and nuts","Gross Production Value (constant 2014-2016 thousand I$)","1000 Int$",1995,2119285,"Other citrus fruit, n.e.c.","no"
NA,"World",NA,NA,"Fruits and nuts","Gross Production Value (constant 2014-2016 thousand I$)","1000 Int$",1996,2203137,"Other citrus fruit, n.e.c.","no"
NA,"World",NA,NA,"Fruits and nuts","Gross Production Value (constant 2014-2016 thousand I$)","1000 Int$",1997,2404439,"Other citrus fruit, n.e.c.","no"
NA,"World",NA,NA,"Fruits and nuts","Gross Production Value (constant 2014-2016 thousand I$)","1000 Int$",1998,2493505,"Other citrus fruit, n.e.c.","no"
NA,"World",NA,NA,"Fruits and nuts","Gross Production Value (constant 2014-2016 thousand I$)","1000 Int$",1999,2914587,"Other citrus fruit, n.e.c.","no"
NA,"World",NA,NA,"Fruits and nuts","Gross Production Value (constant 2014-2016 thousand I$)","1000 Int$",2000,2867319,"Other citrus fruit, n.e.c.","no"
NA,"World",NA,NA,"Fruits and nuts","Gross Production Value (constant 2014-2016 thousand I$)","1000 Int$",2001,2981591,"Other citrus fruit, n.e.c.","no"
NA,"World",NA,NA,"Fruits and nuts","Gross Production Value (constant 2014-2016 thousand I$)","1000 Int$",2002,2964846,"Other citrus fruit, n.e.c.","no"
NA,"World",NA,NA,"Fruits and nuts","Gross Production Value (constant 2014-2016 thousand I$)","1000 Int$",2003,3003245,"Other citrus fruit, n.e.c.","no"
NA,"World",NA,NA,"Fruits and nuts","Gross Production Value (constant 2014-2016 thousand I$)","1000 Int$",2004,3102198,"Other citrus fruit, n.e.c.","no"
NA,"World",NA,NA,"Fruits and nuts","Gross Production Value (constant 2014-2016 thousand I$)","1000 Int$",2005,3136318,"Other citrus fruit, n.e.c.","no"
NA,"World",NA,NA,"Fruits and nuts","Gross Production Value (constant 2014-2016 thousand I$)","1000 Int$",2006,3124251,"Other citrus fruit, n.e.c.","no"
NA,"World",NA,NA,"Fruits and nuts","Gross Production Value (constant 2014-2016 thousand I$)","1000 Int$",2007,4476703,"Other citrus fruit, n.e.c.","no"
NA,"World",NA,NA,"Fruits and nuts","Gross Production Value (constant 2014-2016 thousand I$)","1000 Int$",2008,4440893,"Other citrus fruit, n.e.c.","no"
NA,"World",NA,NA,"Fruits and nuts","Gross Production Value (constant 2014-2016 thousand I$)","1000 Int$",2009,4999956,"Other citrus fruit, n.e.c.","no"
NA,"World",NA,NA,"Fruits and nuts","Gross Production Value (constant 2014-2016 thousand I$)","1000 Int$",2010,5079899,"Other citrus fruit, n.e.c.","no"
NA,"World",NA,NA,"Fruits and nuts","Gross Production Value (constant 2014-2016 thousand I$)","1000 Int$",2011,4629727,"Other citrus fruit, n.e.c.","no"
NA,"World",NA,NA,"Fruits and nuts","Gross Production Value (constant 2014-2016 thousand I$)","1000 Int$",2012,5235630,"Other citrus fruit, n.e.c.","no"
NA,"World",NA,NA,"Fruits and nuts","Gross Production Value (constant 2014-2016 thousand I$)","1000 Int$",2013,5189137,"Other citrus fruit, n.e.c.","no"
NA,"World",NA,NA,"Fruits and nuts","Gross Production Value (constant 2014-2016 thousand I$)","1000 Int$",2014,5321396,"Other citrus fruit, n.e.c.","no"
NA,"World",NA,NA,"Fruits and nuts","Gross Production Value (constant 2014-2016 thousand I$)","1000 Int$",2015,5446071,"Other citrus fruit, n.e.c.","no"
NA,"World",NA,NA,"Fruits and nuts","Gross Production Value (constant 2014-2016 thousand I$)","1000 Int$",2016,5735329,"Other citrus fruit, n.e.c.","no"
NA,"World",NA,NA,"Fruits and nuts","Gross Production Value (constant 2014-2016 thousand I$)","1000 Int$",2017,5834320,"Other citrus fruit, n.e.c.","no"
NA,"World",NA,NA,"Fruits and nuts","Gross Production Value (constant 2014-2016 thousand I$)","1000 Int$",2018,5922549,"Other citrus fruit, n.e.c.","no"
NA,"World",NA,NA,"Fruits and nuts","Gross Production Value (constant 2014-2016 thousand I$)","1000 Int$",2019,5847128,"Other citrus fruit, n.e.c.","no"
NA,"World",NA,NA,"Fruits and nuts","Gross Production Value (constant 2014-2016 thousand I$)","1000 Int$",2020,5640964,"Other citrus fruit, n.e.c.","no"
NA,"World",NA,NA,"Fruits and nuts","Gross Production Value (constant 2014-2016 thousand I$)","1000 Int$",2021,5499507,"Other citrus fruit, n.e.c.","no"
NA,"World",NA,NA,"Fruits and nuts","Gross Production Value (constant 2014-2016 thousand I$)","1000 Int$",2022,5587521,"Other citrus fruit, n.e.c.","no"
NA,"World",NA,NA,"Fruits and nuts","Gross Production Value (constant 2014-2016 thousand I$)","1000 Int$",2023,5580545,"Other citrus fruit, n.e.c.","no"
NA,"World",NA,NA,"Fruits and nuts","Gross Production Value (constant 2014-2016 thousand US$)","1000 USD",1992,2089635,"Other citrus fruit, n.e.c.","no"
NA,"World",NA,NA,"Fruits and nuts","Gross Production Value (constant 2014-2016 thousand US$)","1000 USD",1993,2216192,"Other citrus fruit, n.e.c.","no"
NA,"World",NA,NA,"Fruits and nuts","Gross Production Value (constant 2014-2016 thousand US$)","1000 USD",1994,2175249,"Other citrus fruit, n.e.c.","no"
NA,"World",NA,NA,"Fruits and nuts","Gross Production Value (constant 2014-2016 thousand US$)","1000 USD",1995,2208319,"Other citrus fruit, n.e.c.","no"
NA,"World",NA,NA,"Fruits and nuts","Gross Production Value (constant 2014-2016 thousand US$)","1000 USD",1996,2306067,"Other citrus fruit, n.e.c.","no"
NA,"World",NA,NA,"Fruits and nuts","Gross Production Value (constant 2014-2016 thousand US$)","1000 USD",1997,2566704,"Other citrus fruit, n.e.c.","no"
NA,"World",NA,NA,"Fruits and nuts","Gross Production Value (constant 2014-2016 thousand US$)","1000 USD",1998,2625603,"Other citrus fruit, n.e.c.","no"
NA,"World",NA,NA,"Fruits and nuts","Gross Production Value (constant 2014-2016 thousand US$)","1000 USD",1999,2791955,"Other citrus fruit, n.e.c.","no"
NA,"World",NA,NA,"Fruits and nuts","Gross Production Value (constant 2014-2016 thousand US$)","1000 USD",2000,2715039,"Other citrus fruit, n.e.c.","no"
NA,"World",NA,NA,"Fruits and nuts","Gross Production Value (constant 2014-2016 thousand US$)","1000 USD",2001,2821974,"Other citrus fruit, n.e.c.","no"
NA,"World",NA,NA,"Fruits and nuts","Gross Production Value (constant 2014-2016 thousand US$)","1000 USD",2002,2749708,"Other citrus fruit, n.e.c.","no"
NA,"World",NA,NA,"Fruits and nuts","Gross Production Value (constant 2014-2016 thousand US$)","1000 USD",2003,2764205,"Other citrus fruit, n.e.c.","no"
NA,"World",NA,NA,"Fruits and nuts","Gross Production Value (constant 2014-2016 thousand US$)","1000 USD",2004,2884004,"Other citrus fruit, n.e.c.","no"
NA,"World",NA,NA,"Fruits and nuts","Gross Production Value (constant 2014-2016 thousand US$)","1000 USD",2005,2907113,"Other citrus fruit, n.e.c.","no"
NA,"World",NA,NA,"Fruits and nuts","Gross Production Value (constant 2014-2016 thousand US$)","1000 USD",2006,2836217,"Other citrus fruit, n.e.c.","no"
NA,"World",NA,NA,"Fruits and nuts","Gross Production Value (constant 2014-2016 thousand US$)","1000 USD",2007,4485330,"Other citrus fruit, n.e.c.","no"
NA,"World",NA,NA,"Fruits and nuts","Gross Production Value (constant 2014-2016 thousand US$)","1000 USD",2008,4337908,"Other citrus fruit, n.e.c.","no"
NA,"World",NA,NA,"Fruits and nuts","Gross Production Value (constant 2014-2016 thousand US$)","1000 USD",2009,4912616,"Other citrus fruit, n.e.c.","no"
NA,"World",NA,NA,"Fruits and nuts","Gross Production Value (constant 2014-2016 thousand US$)","1000 USD",2010,5031905,"Other citrus fruit, n.e.c.","no"
NA,"World",NA,NA,"Fruits and nuts","Gross Production Value (constant 2014-2016 thousand US$)","1000 USD",2011,4487988,"Other citrus fruit, n.e.c.","no"
NA,"World",NA,NA,"Fruits and nuts","Gross Production Value (constant 2014-2016 thousand US$)","1000 USD",2012,5149217,"Other citrus fruit, n.e.c.","no"
NA,"World",NA,NA,"Fruits and nuts","Gross Production Value (constant 2014-2016 thousand US$)","1000 USD",2013,5025225,"Other citrus fruit, n.e.c.","no"
NA,"World",NA,NA,"Fruits and nuts","Gross Production Value (constant 2014-2016 thousand US$)","1000 USD",2014,5152669,"Other citrus fruit, n.e.c.","no"
NA,"World",NA,NA,"Fruits and nuts","Gross Production Value (constant 2014-2016 thousand US$)","1000 USD",2015,5251085,"Other citrus fruit, n.e.c.","no"
NA,"World",NA,NA,"Fruits and nuts","Gross Production Value (constant 2014-2016 thousand US$)","1000 USD",2016,5541216,"Other citrus fruit, n.e.c.","no"
NA,"World",NA,NA,"Fruits and nuts","Gross Production Value (constant 2014-2016 thousand US$)","1000 USD",2017,5684343,"Other citrus fruit, n.e.c.","no"
NA,"World",NA,NA,"Fruits and nuts","Gross Production Value (constant 2014-2016 thousand US$)","1000 USD",2018,5771046,"Other citrus fruit, n.e.c.","no"
NA,"World",NA,NA,"Fruits and nuts","Gross Production Value (constant 2014-2016 thousand US$)","1000 USD",2019,5691467,"Other citrus fruit, n.e.c.","no"
NA,"World",NA,NA,"Fruits and nuts","Gross Production Value (constant 2014-2016 thousand US$)","1000 USD",2020,5449099,"Other citrus fruit, n.e.c.","no"
NA,"World",NA,NA,"Fruits and nuts","Gross Production Value (constant 2014-2016 thousand US$)","1000 USD",2021,5539598,"Other citrus fruit, n.e.c.","no"
NA,"World",NA,NA,"Fruits and nuts","Gross Production Value (constant 2014-2016 thousand US$)","1000 USD",2022,5647586,"Other citrus fruit, n.e.c.","no"
NA,"World",NA,NA,"Fruits and nuts","Gross Production Value (constant 2014-2016 thousand US$)","1000 USD",2023,5627181,"Other citrus fruit, n.e.c.","no"
NA,"World",NA,NA,"Forage products; fibre crops; plants used in perfumery, pharmacy, or for insecticidal, fungicidal or similar purposes; beet, forage plant and flower seeds; natural rubber; living plants, cut flowers and flower buds; unmanufactured tobacco; other raw vegetable materials","Gross Production Value (constant 2014-2016 thousand I$)","1000 Int$",1992,104549,"Other fibre crops, n.e.c.","no"
NA,"World",NA,NA,"Forage products; fibre crops; plants used in perfumery, pharmacy, or for insecticidal, fungicidal or similar purposes; beet, forage plant and flower seeds; natural rubber; living plants, cut flowers and flower buds; unmanufactured tobacco; other raw vegetable materials","Gross Production Value (constant 2014-2016 thousand I$)","1000 Int$",1993,97351,"Other fibre crops, n.e.c.","no"
NA,"World",NA,NA,"Forage products; fibre crops; plants used in perfumery, pharmacy, or for insecticidal, fungicidal or similar purposes; beet, forage plant and flower seeds; natural rubber; living plants, cut flowers and flower buds; unmanufactured tobacco; other raw vegetable materials","Gross Production Value (constant 2014-2016 thousand I$)","1000 Int$",1994,103296,"Other fibre crops, n.e.c.","no"
NA,"World",NA,NA,"Forage products; fibre crops; plants used in perfumery, pharmacy, or for insecticidal, fungicidal or similar purposes; beet, forage plant and flower seeds; natural rubber; living plants, cut flowers and flower buds; unmanufactured tobacco; other raw vegetable materials","Gross Production Value (constant 2014-2016 thousand I$)","1000 Int$",1995,113416,"Other fibre crops, n.e.c.","no"
NA,"World",NA,NA,"Forage products; fibre crops; plants used in perfumery, pharmacy, or for insecticidal, fungicidal or similar purposes; beet, forage plant and flower seeds; natural rubber; living plants, cut flowers and flower buds; unmanufactured tobacco; other raw vegetable materials","Gross Production Value (constant 2014-2016 thousand I$)","1000 Int$",1996,117515,"Other fibre crops, n.e.c.","no"
NA,"World",NA,NA,"Forage products; fibre crops; plants used in perfumery, pharmacy, or for insecticidal, fungicidal or similar purposes; beet, forage plant and flower seeds; natural rubber; living plants, cut flowers and flower buds; unmanufactured tobacco; other raw vegetable materials","Gross Production Value (constant 2014-2016 thousand I$)","1000 Int$",1997,128019,"Other fibre crops, n.e.c.","no"
NA,"World",NA,NA,"Forage products; fibre crops; plants used in perfumery, pharmacy, or for insecticidal, fungicidal or similar purposes; beet, forage plant and flower seeds; natural rubber; living plants, cut flowers and flower buds; unmanufactured tobacco; other raw vegetable materials","Gross Production Value (constant 2014-2016 thousand I$)","1000 Int$",1998,124728,"Other fibre crops, n.e.c.","no"
NA,"World",NA,NA,"Forage products; fibre crops; plants used in perfumery, pharmacy, or for insecticidal, fungicidal or similar purposes; beet, forage plant and flower seeds; natural rubber; living plants, cut flowers and flower buds; unmanufactured tobacco; other raw vegetable materials","Gross Production Value (constant 2014-2016 thousand I$)","1000 Int$",1999,123889,"Other fibre crops, n.e.c.","no"
NA,"World",NA,NA,"Forage products; fibre crops; plants used in perfumery, pharmacy, or for insecticidal, fungicidal or similar purposes; beet, forage plant and flower seeds; natural rubber; living plants, cut flowers and flower buds; unmanufactured tobacco; other raw vegetable materials","Gross Production Value (constant 2014-2016 thousand I$)","1000 Int$",2000,113465,"Other fibre crops, n.e.c.","no"
NA,"World",NA,NA,"Forage products; fibre crops; plants used in perfumery, pharmacy, or for insecticidal, fungicidal or similar purposes; beet, forage plant and flower seeds; natural rubber; living plants, cut flowers and flower buds; unmanufactured tobacco; other raw vegetable materials","Gross Production Value (constant 2014-2016 thousand I$)","1000 Int$",2001,116983,"Other fibre crops, n.e.c.","no"
NA,"World",NA,NA,"Forage products; fibre crops; plants used in perfumery, pharmacy, or for insecticidal, fungicidal or similar purposes; beet, forage plant and flower seeds; natural rubber; living plants, cut flowers and flower buds; unmanufactured tobacco; other raw vegetable materials","Gross Production Value (constant 2014-2016 thousand I$)","1000 Int$",2002,117410,"Other fibre crops, n.e.c.","no"
NA,"World",NA,NA,"Forage products; fibre crops; plants used in perfumery, pharmacy, or for insecticidal, fungicidal or similar purposes; beet, forage plant and flower seeds; natural rubber; living plants, cut flowers and flower buds; unmanufactured tobacco; other raw vegetable materials","Gross Production Value (constant 2014-2016 thousand I$)","1000 Int$",2003,120697,"Other fibre crops, n.e.c.","no"
NA,"World",NA,NA,"Forage products; fibre crops; plants used in perfumery, pharmacy, or for insecticidal, fungicidal or similar purposes; beet, forage plant and flower seeds; natural rubber; living plants, cut flowers and flower buds; unmanufactured tobacco; other raw vegetable materials","Gross Production Value (constant 2014-2016 thousand I$)","1000 Int$",2004,117869,"Other fibre crops, n.e.c.","no"
NA,"World",NA,NA,"Forage products; fibre crops; plants used in perfumery, pharmacy, or for insecticidal, fungicidal or similar purposes; beet, forage plant and flower seeds; natural rubber; living plants, cut flowers and flower buds; unmanufactured tobacco; other raw vegetable materials","Gross Production Value (constant 2014-2016 thousand I$)","1000 Int$",2005,119437,"Other fibre crops, n.e.c.","no"
NA,"World",NA,NA,"Forage products; fibre crops; plants used in perfumery, pharmacy, or for insecticidal, fungicidal or similar purposes; beet, forage plant and flower seeds; natural rubber; living plants, cut flowers and flower buds; unmanufactured tobacco; other raw vegetable materials","Gross Production Value (constant 2014-2016 thousand I$)","1000 Int$",2006,132539,"Other fibre crops, n.e.c.","no"
NA,"World",NA,NA,"Forage products; fibre crops; plants used in perfumery, pharmacy, or for insecticidal, fungicidal or similar purposes; beet, forage plant and flower seeds; natural rubber; living plants, cut flowers and flower buds; unmanufactured tobacco; other raw vegetable materials","Gross Production Value (constant 2014-2016 thousand I$)","1000 Int$",2007,124514,"Other fibre crops, n.e.c.","no"
NA,"World",NA,NA,"Forage products; fibre crops; plants used in perfumery, pharmacy, or for insecticidal, fungicidal or similar purposes; beet, forage plant and flower seeds; natural rubber; living plants, cut flowers and flower buds; unmanufactured tobacco; other raw vegetable materials","Gross Production Value (constant 2014-2016 thousand I$)","1000 Int$",2008,113851,"Other fibre crops, n.e.c.","no"
NA,"World",NA,NA,"Forage products; fibre crops; plants used in perfumery, pharmacy, or for insecticidal, fungicidal or similar purposes; beet, forage plant and flower seeds; natural rubber; living plants, cut flowers and flower buds; unmanufactured tobacco; other raw vegetable materials","Gross Production Value (constant 2014-2016 thousand I$)","1000 Int$",2009,110075,"Other fibre crops, n.e.c.","no"
NA,"World",NA,NA,"Forage products; fibre crops; plants used in perfumery, pharmacy, or for insecticidal, fungicidal or similar purposes; beet, forage plant and flower seeds; natural rubber; living plants, cut flowers and flower buds; unmanufactured tobacco; other raw vegetable materials","Gross Production Value (constant 2014-2016 thousand I$)","1000 Int$",2010,239542,"Other fibre crops, n.e.c.","no"
NA,"World",NA,NA,"Forage products; fibre crops; plants used in perfumery, pharmacy, or for insecticidal, fungicidal or similar purposes; beet, forage plant and flower seeds; natural rubber; living plants, cut flowers and flower buds; unmanufactured tobacco; other raw vegetable materials","Gross Production Value (constant 2014-2016 thousand I$)","1000 Int$",2011,245772,"Other fibre crops, n.e.c.","no"
NA,"World",NA,NA,"Forage products; fibre crops; plants used in perfumery, pharmacy, or for insecticidal, fungicidal or similar purposes; beet, forage plant and flower seeds; natural rubber; living plants, cut flowers and flower buds; unmanufactured tobacco; other raw vegetable materials","Gross Production Value (constant 2014-2016 thousand I$)","1000 Int$",2012,245831,"Other fibre crops, n.e.c.","no"
NA,"World",NA,NA,"Forage products; fibre crops; plants used in perfumery, pharmacy, or for insecticidal, fungicidal or similar purposes; beet, forage plant and flower seeds; natural rubber; living plants, cut flowers and flower buds; unmanufactured tobacco; other raw vegetable materials","Gross Production Value (constant 2014-2016 thousand I$)","1000 Int$",2013,244628,"Other fibre crops, n.e.c.","no"
NA,"World",NA,NA,"Forage products; fibre crops; plants used in perfumery, pharmacy, or for insecticidal, fungicidal or similar purposes; beet, forage plant and flower seeds; natural rubber; living plants, cut flowers and flower buds; unmanufactured tobacco; other raw vegetable materials","Gross Production Value (constant 2014-2016 thousand I$)","1000 Int$",2014,261311,"Other fibre crops, n.e.c.","no"
NA,"World",NA,NA,"Forage products; fibre crops; plants used in perfumery, pharmacy, or for insecticidal, fungicidal or similar purposes; beet, forage plant and flower seeds; natural rubber; living plants, cut flowers and flower buds; unmanufactured tobacco; other raw vegetable materials","Gross Production Value (constant 2014-2016 thousand I$)","1000 Int$",2015,249055,"Other fibre crops, n.e.c.","no"
NA,"World",NA,NA,"Forage products; fibre crops; plants used in perfumery, pharmacy, or for insecticidal, fungicidal or similar purposes; beet, forage plant and flower seeds; natural rubber; living plants, cut flowers and flower buds; unmanufactured tobacco; other raw vegetable materials","Gross Production Value (constant 2014-2016 thousand I$)","1000 Int$",2016,266452,"Other fibre crops, n.e.c.","no"
NA,"World",NA,NA,"Forage products; fibre crops; plants used in perfumery, pharmacy, or for insecticidal, fungicidal or similar purposes; beet, forage plant and flower seeds; natural rubber; living plants, cut flowers and flower buds; unmanufactured tobacco; other raw vegetable materials","Gross Production Value (constant 2014-2016 thousand I$)","1000 Int$",2017,275164,"Other fibre crops, n.e.c.","no"
NA,"World",NA,NA,"Forage products; fibre crops; plants used in perfumery, pharmacy, or for insecticidal, fungicidal or similar purposes; beet, forage plant and flower seeds; natural rubber; living plants, cut flowers and flower buds; unmanufactured tobacco; other raw vegetable materials","Gross Production Value (constant 2014-2016 thousand I$)","1000 Int$",2018,187359,"Other fibre crops, n.e.c.","no"
NA,"World",NA,NA,"Forage products; fibre crops; plants used in perfumery, pharmacy, or for insecticidal, fungicidal or similar purposes; beet, forage plant and flower seeds; natural rubber; living plants, cut flowers and flower buds; unmanufactured tobacco; other raw vegetable materials","Gross Production Value (constant 2014-2016 thousand I$)","1000 Int$",2019,196196,"Other fibre crops, n.e.c.","no"
NA,"World",NA,NA,"Forage products; fibre crops; plants used in perfumery, pharmacy, or for insecticidal, fungicidal or similar purposes; beet, forage plant and flower seeds; natural rubber; living plants, cut flowers and flower buds; unmanufactured tobacco; other raw vegetable materials","Gross Production Value (constant 2014-2016 thousand I$)","1000 Int$",2020,309648,"Other fibre crops, n.e.c.","no"
NA,"World",NA,NA,"Forage products; fibre crops; plants used in perfumery, pharmacy, or for insecticidal, fungicidal or similar purposes; beet, forage plant and flower seeds; natural rubber; living plants, cut flowers and flower buds; unmanufactured tobacco; other raw vegetable materials","Gross Production Value (constant 2014-2016 thousand I$)","1000 Int$",2021,260956,"Other fibre crops, n.e.c.","no"
NA,"World",NA,NA,"Forage products; fibre crops; plants used in perfumery, pharmacy, or for insecticidal, fungicidal or similar purposes; beet, forage plant and flower seeds; natural rubber; living plants, cut flowers and flower buds; unmanufactured tobacco; other raw vegetable materials","Gross Production Value (constant 2014-2016 thousand I$)","1000 Int$",2022,253669,"Other fibre crops, n.e.c.","no"
NA,"World",NA,NA,"Forage products; fibre crops; plants used in perfumery, pharmacy, or for insecticidal, fungicidal or similar purposes; beet, forage plant and flower seeds; natural rubber; living plants, cut flowers and flower buds; unmanufactured tobacco; other raw vegetable materials","Gross Production Value (constant 2014-2016 thousand I$)","1000 Int$",2023,271994,"Other fibre crops, n.e.c.","no"
NA,"World",NA,NA,"Forage products; fibre crops; plants used in perfumery, pharmacy, or for insecticidal, fungicidal or similar purposes; beet, forage plant and flower seeds; natural rubber; living plants, cut flowers and flower buds; unmanufactured tobacco; other raw vegetable materials","Gross Production Value (constant 2014-2016 thousand US$)","1000 USD",1992,68802,"Other fibre crops, n.e.c.","no"
NA,"World",NA,NA,"Forage products; fibre crops; plants used in perfumery, pharmacy, or for insecticidal, fungicidal or similar purposes; beet, forage plant and flower seeds; natural rubber; living plants, cut flowers and flower buds; unmanufactured tobacco; other raw vegetable materials","Gross Production Value (constant 2014-2016 thousand US$)","1000 USD",1993,68804,"Other fibre crops, n.e.c.","no"
NA,"World",NA,NA,"Forage products; fibre crops; plants used in perfumery, pharmacy, or for insecticidal, fungicidal or similar purposes; beet, forage plant and flower seeds; natural rubber; living plants, cut flowers and flower buds; unmanufactured tobacco; other raw vegetable materials","Gross Production Value (constant 2014-2016 thousand US$)","1000 USD",1994,77198,"Other fibre crops, n.e.c.","no"
NA,"World",NA,NA,"Forage products; fibre crops; plants used in perfumery, pharmacy, or for insecticidal, fungicidal or similar purposes; beet, forage plant and flower seeds; natural rubber; living plants, cut flowers and flower buds; unmanufactured tobacco; other raw vegetable materials","Gross Production Value (constant 2014-2016 thousand US$)","1000 USD",1995,88374,"Other fibre crops, n.e.c.","no"
NA,"World",NA,NA,"Forage products; fibre crops; plants used in perfumery, pharmacy, or for insecticidal, fungicidal or similar purposes; beet, forage plant and flower seeds; natural rubber; living plants, cut flowers and flower buds; unmanufactured tobacco; other raw vegetable materials","Gross Production Value (constant 2014-2016 thousand US$)","1000 USD",1996,106917,"Other fibre crops, n.e.c.","no"
NA,"World",NA,NA,"Forage products; fibre crops; plants used in perfumery, pharmacy, or for insecticidal, fungicidal or similar purposes; beet, forage plant and flower seeds; natural rubber; living plants, cut flowers and flower buds; unmanufactured tobacco; other raw vegetable materials","Gross Production Value (constant 2014-2016 thousand US$)","1000 USD",1997,106494,"Other fibre crops, n.e.c.","no"
NA,"World",NA,NA,"Forage products; fibre crops; plants used in perfumery, pharmacy, or for insecticidal, fungicidal or similar purposes; beet, forage plant and flower seeds; natural rubber; living plants, cut flowers and flower buds; unmanufactured tobacco; other raw vegetable materials","Gross Production Value (constant 2014-2016 thousand US$)","1000 USD",1998,108622,"Other fibre crops, n.e.c.","no"
NA,"World",NA,NA,"Forage products; fibre crops; plants used in perfumery, pharmacy, or for insecticidal, fungicidal or similar purposes; beet, forage plant and flower seeds; natural rubber; living plants, cut flowers and flower buds; unmanufactured tobacco; other raw vegetable materials","Gross Production Value (constant 2014-2016 thousand US$)","1000 USD",1999,105291,"Other fibre crops, n.e.c.","no"
NA,"World",NA,NA,"Forage products; fibre crops; plants used in perfumery, pharmacy, or for insecticidal, fungicidal or similar purposes; beet, forage plant and flower seeds; natural rubber; living plants, cut flowers and flower buds; unmanufactured tobacco; other raw vegetable materials","Gross Production Value (constant 2014-2016 thousand US$)","1000 USD",2000,96138,"Other fibre crops, n.e.c.","no"
NA,"World",NA,NA,"Forage products; fibre crops; plants used in perfumery, pharmacy, or for insecticidal, fungicidal or similar purposes; beet, forage plant and flower seeds; natural rubber; living plants, cut flowers and flower buds; unmanufactured tobacco; other raw vegetable materials","Gross Production Value (constant 2014-2016 thousand US$)","1000 USD",2001,98899,"Other fibre crops, n.e.c.","no"
NA,"World",NA,NA,"Forage products; fibre crops; plants used in perfumery, pharmacy, or for insecticidal, fungicidal or similar purposes; beet, forage plant and flower seeds; natural rubber; living plants, cut flowers and flower buds; unmanufactured tobacco; other raw vegetable materials","Gross Production Value (constant 2014-2016 thousand US$)","1000 USD",2002,82704,"Other fibre crops, n.e.c.","no"
NA,"World",NA,NA,"Forage products; fibre crops; plants used in perfumery, pharmacy, or for insecticidal, fungicidal or similar purposes; beet, forage plant and flower seeds; natural rubber; living plants, cut flowers and flower buds; unmanufactured tobacco; other raw vegetable materials","Gross Production Value (constant 2014-2016 thousand US$)","1000 USD",2003,82370,"Other fibre crops, n.e.c.","no"
NA,"World",NA,NA,"Forage products; fibre crops; plants used in perfumery, pharmacy, or for insecticidal, fungicidal or similar purposes; beet, forage plant and flower seeds; natural rubber; living plants, cut flowers and flower buds; unmanufactured tobacco; other raw vegetable materials","Gross Production Value (constant 2014-2016 thousand US$)","1000 USD",2004,81205,"Other fibre crops, n.e.c.","no"
NA,"World",NA,NA,"Forage products; fibre crops; plants used in perfumery, pharmacy, or for insecticidal, fungicidal or similar purposes; beet, forage plant and flower seeds; natural rubber; living plants, cut flowers and flower buds; unmanufactured tobacco; other raw vegetable materials","Gross Production Value (constant 2014-2016 thousand US$)","1000 USD",2005,89378,"Other fibre crops, n.e.c.","no"
NA,"World",NA,NA,"Forage products; fibre crops; plants used in perfumery, pharmacy, or for insecticidal, fungicidal or similar purposes; beet, forage plant and flower seeds; natural rubber; living plants, cut flowers and flower buds; unmanufactured tobacco; other raw vegetable materials","Gross Production Value (constant 2014-2016 thousand US$)","1000 USD",2006,104653,"Other fibre crops, n.e.c.","no"
NA,"World",NA,NA,"Forage products; fibre crops; plants used in perfumery, pharmacy, or for insecticidal, fungicidal or similar purposes; beet, forage plant and flower seeds; natural rubber; living plants, cut flowers and flower buds; unmanufactured tobacco; other raw vegetable materials","Gross Production Value (constant 2014-2016 thousand US$)","1000 USD",2007,86162,"Other fibre crops, n.e.c.","no"
NA,"World",NA,NA,"Forage products; fibre crops; plants used in perfumery, pharmacy, or for insecticidal, fungicidal or similar purposes; beet, forage plant and flower seeds; natural rubber; living plants, cut flowers and flower buds; unmanufactured tobacco; other raw vegetable materials","Gross Production Value (constant 2014-2016 thousand US$)","1000 USD",2008,78490,"Other fibre crops, n.e.c.","no"
NA,"World",NA,NA,"Forage products; fibre crops; plants used in perfumery, pharmacy, or for insecticidal, fungicidal or similar purposes; beet, forage plant and flower seeds; natural rubber; living plants, cut flowers and flower buds; unmanufactured tobacco; other raw vegetable materials","Gross Production Value (constant 2014-2016 thousand US$)","1000 USD",2009,79650,"Other fibre crops, n.e.c.","no"
NA,"World",NA,NA,"Forage products; fibre crops; plants used in perfumery, pharmacy, or for insecticidal, fungicidal or similar purposes; beet, forage plant and flower seeds; natural rubber; living plants, cut flowers and flower buds; unmanufactured tobacco; other raw vegetable materials","Gross Production Value (constant 2014-2016 thousand US$)","1000 USD",2010,79394,"Other fibre crops, n.e.c.","no"
NA,"World",NA,NA,"Forage products; fibre crops; plants used in perfumery, pharmacy, or for insecticidal, fungicidal or similar purposes; beet, forage plant and flower seeds; natural rubber; living plants, cut flowers and flower buds; unmanufactured tobacco; other raw vegetable materials","Gross Production Value (constant 2014-2016 thousand US$)","1000 USD",2011,79730,"Other fibre crops, n.e.c.","no"
NA,"World",NA,NA,"Forage products; fibre crops; plants used in perfumery, pharmacy, or for insecticidal, fungicidal or similar purposes; beet, forage plant and flower seeds; natural rubber; living plants, cut flowers and flower buds; unmanufactured tobacco; other raw vegetable materials","Gross Production Value (constant 2014-2016 thousand US$)","1000 USD",2012,80367,"Other fibre crops, n.e.c.","no"
NA,"World",NA,NA,"Forage products; fibre crops; plants used in perfumery, pharmacy, or for insecticidal, fungicidal or similar purposes; beet, forage plant and flower seeds; natural rubber; living plants, cut flowers and flower buds; unmanufactured tobacco; other raw vegetable materials","Gross Production Value (constant 2014-2016 thousand US$)","1000 USD",2013,80519,"Other fibre crops, n.e.c.","no"
NA,"World",NA,NA,"Forage products; fibre crops; plants used in perfumery, pharmacy, or for insecticidal, fungicidal or similar purposes; beet, forage plant and flower seeds; natural rubber; living plants, cut flowers and flower buds; unmanufactured tobacco; other raw vegetable materials","Gross Production Value (constant 2014-2016 thousand US$)","1000 USD",2014,82233,"Other fibre crops, n.e.c.","no"
NA,"World",NA,NA,"Forage products; fibre crops; plants used in perfumery, pharmacy, or for insecticidal, fungicidal or similar purposes; beet, forage plant and flower seeds; natural rubber; living plants, cut flowers and flower buds; unmanufactured tobacco; other raw vegetable materials","Gross Production Value (constant 2014-2016 thousand US$)","1000 USD",2015,81829,"Other fibre crops, n.e.c.","no"
NA,"World",NA,NA,"Forage products; fibre crops; plants used in perfumery, pharmacy, or for insecticidal, fungicidal or similar purposes; beet, forage plant and flower seeds; natural rubber; living plants, cut flowers and flower buds; unmanufactured tobacco; other raw vegetable materials","Gross Production Value (constant 2014-2016 thousand US$)","1000 USD",2016,81650,"Other fibre crops, n.e.c.","no"
NA,"World",NA,NA,"Forage products; fibre crops; plants used in perfumery, pharmacy, or for insecticidal, fungicidal or similar purposes; beet, forage plant and flower seeds; natural rubber; living plants, cut flowers and flower buds; unmanufactured tobacco; other raw vegetable materials","Gross Production Value (constant 2014-2016 thousand US$)","1000 USD",2017,81213,"Other fibre crops, n.e.c.","no"
NA,"World",NA,NA,"Forage products; fibre crops; plants used in perfumery, pharmacy, or for insecticidal, fungicidal or similar purposes; beet, forage plant and flower seeds; natural rubber; living plants, cut flowers and flower buds; unmanufactured tobacco; other raw vegetable materials","Gross Production Value (constant 2014-2016 thousand US$)","1000 USD",2018,81269,"Other fibre crops, n.e.c.","no"
NA,"World",NA,NA,"Forage products; fibre crops; plants used in perfumery, pharmacy, or for insecticidal, fungicidal or similar purposes; beet, forage plant and flower seeds; natural rubber; living plants, cut flowers and flower buds; unmanufactured tobacco; other raw vegetable materials","Gross Production Value (constant 2014-2016 thousand US$)","1000 USD",2019,80712,"Other fibre crops, n.e.c.","no"
NA,"World",NA,NA,"Forage products; fibre crops; plants used in perfumery, pharmacy, or for insecticidal, fungicidal or similar purposes; beet, forage plant and flower seeds; natural rubber; living plants, cut flowers and flower buds; unmanufactured tobacco; other raw vegetable materials","Gross Production Value (constant 2014-2016 thousand US$)","1000 USD",2020,81510,"Other fibre crops, n.e.c.","no"
NA,"World",NA,NA,"Forage products; fibre crops; plants used in perfumery, pharmacy, or for insecticidal, fungicidal or similar purposes; beet, forage plant and flower seeds; natural rubber; living plants, cut flowers and flower buds; unmanufactured tobacco; other raw vegetable materials","Gross Production Value (constant 2014-2016 thousand US$)","1000 USD",2021,81717,"Other fibre crops, n.e.c.","no"
NA,"World",NA,NA,"Forage products; fibre crops; plants used in perfumery, pharmacy, or for insecticidal, fungicidal or similar purposes; beet, forage plant and flower seeds; natural rubber; living plants, cut flowers and flower buds; unmanufactured tobacco; other raw vegetable materials","Gross Production Value (constant 2014-2016 thousand US$)","1000 USD",2022,81598,"Other fibre crops, n.e.c.","no"
NA,"World",NA,NA,"Forage products; fibre crops; plants used in perfumery, pharmacy, or for insecticidal, fungicidal or similar purposes; beet, forage plant and flower seeds; natural rubber; living plants, cut flowers and flower buds; unmanufactured tobacco; other raw vegetable materials","Gross Production Value (constant 2014-2016 thousand US$)","1000 USD",2023,81875,"Other fibre crops, n.e.c.","no"
NA,"World",NA,NA,"Fruits and nuts","Gross Production Value (constant 2014-2016 thousand I$)","1000 Int$",1992,6784705,"Other fruits, n.e.c.","no"
NA,"World",NA,NA,"Fruits and nuts","Gross Production Value (constant 2014-2016 thousand I$)","1000 Int$",1993,6877907,"Other fruits, n.e.c.","no"
NA,"World",NA,NA,"Fruits and nuts","Gross Production Value (constant 2014-2016 thousand I$)","1000 Int$",1994,7244855,"Other fruits, n.e.c.","no"
NA,"World",NA,NA,"Fruits and nuts","Gross Production Value (constant 2014-2016 thousand I$)","1000 Int$",1995,7684875,"Other fruits, n.e.c.","no"
NA,"World",NA,NA,"Fruits and nuts","Gross Production Value (constant 2014-2016 thousand I$)","1000 Int$",1996,8218169,"Other fruits, n.e.c.","no"
NA,"World",NA,NA,"Fruits and nuts","Gross Production Value (constant 2014-2016 thousand I$)","1000 Int$",1997,8623593,"Other fruits, n.e.c.","no"
NA,"World",NA,NA,"Fruits and nuts","Gross Production Value (constant 2014-2016 thousand I$)","1000 Int$",1998,9939755,"Other fruits, n.e.c.","no"
NA,"World",NA,NA,"Fruits and nuts","Gross Production Value (constant 2014-2016 thousand I$)","1000 Int$",1999,9726222,"Other fruits, n.e.c.","no"
NA,"World",NA,NA,"Fruits and nuts","Gross Production Value (constant 2014-2016 thousand I$)","1000 Int$",2000,9535891,"Other fruits, n.e.c.","no"
NA,"World",NA,NA,"Fruits and nuts","Gross Production Value (constant 2014-2016 thousand I$)","1000 Int$",2001,9988010,"Other fruits, n.e.c.","no"
NA,"World",NA,NA,"Fruits and nuts","Gross Production Value (constant 2014-2016 thousand I$)","1000 Int$",2002,10219857,"Other fruits, n.e.c.","no"
NA,"World",NA,NA,"Fruits and nuts","Gross Production Value (constant 2014-2016 thousand I$)","1000 Int$",2003,10444355,"Other fruits, n.e.c.","no"
NA,"World",NA,NA,"Fruits and nuts","Gross Production Value (constant 2014-2016 thousand I$)","1000 Int$",2004,10105904,"Other fruits, n.e.c.","no"
NA,"World",NA,NA,"Fruits and nuts","Gross Production Value (constant 2014-2016 thousand I$)","1000 Int$",2005,10776980,"Other fruits, n.e.c.","no"
NA,"World",NA,NA,"Fruits and nuts","Gross Production Value (constant 2014-2016 thousand I$)","1000 Int$",2006,11268806,"Other fruits, n.e.c.","no"
NA,"World",NA,NA,"Fruits and nuts","Gross Production Value (constant 2014-2016 thousand I$)","1000 Int$",2007,11201510,"Other fruits, n.e.c.","no"
NA,"World",NA,NA,"Fruits and nuts","Gross Production Value (constant 2014-2016 thousand I$)","1000 Int$",2008,11831234,"Other fruits, n.e.c.","no"
NA,"World",NA,NA,"Fruits and nuts","Gross Production Value (constant 2014-2016 thousand I$)","1000 Int$",2009,12100372,"Other fruits, n.e.c.","no"
NA,"World",NA,NA,"Fruits and nuts","Gross Production Value (constant 2014-2016 thousand I$)","1000 Int$",2010,12317383,"Other fruits, n.e.c.","no"
NA,"World",NA,NA,"Fruits and nuts","Gross Production Value (constant 2014-2016 thousand I$)","1000 Int$",2011,12758877,"Other fruits, n.e.c.","no"
NA,"World",NA,NA,"Fruits and nuts","Gross Production Value (constant 2014-2016 thousand I$)","1000 Int$",2012,13347688,"Other fruits, n.e.c.","no"
NA,"World",NA,NA,"Fruits and nuts","Gross Production Value (constant 2014-2016 thousand I$)","1000 Int$",2013,13787822,"Other fruits, n.e.c.","no"
NA,"World",NA,NA,"Fruits and nuts","Gross Production Value (constant 2014-2016 thousand I$)","1000 Int$",2014,14390189,"Other fruits, n.e.c.","no"
NA,"World",NA,NA,"Fruits and nuts","Gross Production Value (constant 2014-2016 thousand I$)","1000 Int$",2015,14845202,"Other fruits, n.e.c.","no"
NA,"World",NA,NA,"Fruits and nuts","Gross Production Value (constant 2014-2016 thousand I$)","1000 Int$",2016,15200465,"Other fruits, n.e.c.","no"
NA,"World",NA,NA,"Fruits and nuts","Gross Production Value (constant 2014-2016 thousand I$)","1000 Int$",2017,15592920,"Other fruits, n.e.c.","no"
NA,"World",NA,NA,"Fruits and nuts","Gross Production Value (constant 2014-2016 thousand I$)","1000 Int$",2018,15379721,"Other fruits, n.e.c.","no"
NA,"World",NA,NA,"Fruits and nuts","Gross Production Value (constant 2014-2016 thousand I$)","1000 Int$",2019,15721846,"Other fruits, n.e.c.","no"
NA,"World",NA,NA,"Fruits and nuts","Gross Production Value (constant 2014-2016 thousand I$)","1000 Int$",2020,16089719,"Other fruits, n.e.c.","no"
NA,"World",NA,NA,"Fruits and nuts","Gross Production Value (constant 2014-2016 thousand I$)","1000 Int$",2021,16248083,"Other fruits, n.e.c.","no"
NA,"World",NA,NA,"Fruits and nuts","Gross Production Value (constant 2014-2016 thousand I$)","1000 Int$",2022,16335775,"Other fruits, n.e.c.","no"
NA,"World",NA,NA,"Fruits and nuts","Gross Production Value (constant 2014-2016 thousand I$)","1000 Int$",2023,16486351,"Other fruits, n.e.c.","no"
NA,"World",NA,NA,"Fruits and nuts","Gross Production Value (constant 2014-2016 thousand US$)","1000 USD",1992,4061552,"Other fruits, n.e.c.","no"
NA,"World",NA,NA,"Fruits and nuts","Gross Production Value (constant 2014-2016 thousand US$)","1000 USD",1993,4327782,"Other fruits, n.e.c.","no"
NA,"World",NA,NA,"Fruits and nuts","Gross Production Value (constant 2014-2016 thousand US$)","1000 USD",1994,4680030,"Other fruits, n.e.c.","no"
NA,"World",NA,NA,"Fruits and nuts","Gross Production Value (constant 2014-2016 thousand US$)","1000 USD",1995,5071638,"Other fruits, n.e.c.","no"
NA,"World",NA,NA,"Fruits and nuts","Gross Production Value (constant 2014-2016 thousand US$)","1000 USD",1996,5518671,"Other fruits, n.e.c.","no"
NA,"World",NA,NA,"Fruits and nuts","Gross Production Value (constant 2014-2016 thousand US$)","1000 USD",1997,6060224,"Other fruits, n.e.c.","no"
NA,"World",NA,NA,"Fruits and nuts","Gross Production Value (constant 2014-2016 thousand US$)","1000 USD",1998,7011915,"Other fruits, n.e.c.","no"
NA,"World",NA,NA,"Fruits and nuts","Gross Production Value (constant 2014-2016 thousand US$)","1000 USD",1999,7026568,"Other fruits, n.e.c.","no"
NA,"World",NA,NA,"Fruits and nuts","Gross Production Value (constant 2014-2016 thousand US$)","1000 USD",2000,6757491,"Other fruits, n.e.c.","no"
NA,"World",NA,NA,"Fruits and nuts","Gross Production Value (constant 2014-2016 thousand US$)","1000 USD",2001,6927738,"Other fruits, n.e.c.","no"
NA,"World",NA,NA,"Fruits and nuts","Gross Production Value (constant 2014-2016 thousand US$)","1000 USD",2002,7103722,"Other fruits, n.e.c.","no"
NA,"World",NA,NA,"Fruits and nuts","Gross Production Value (constant 2014-2016 thousand US$)","1000 USD",2003,7261281,"Other fruits, n.e.c.","no"
NA,"World",NA,NA,"Fruits and nuts","Gross Production Value (constant 2014-2016 thousand US$)","1000 USD",2004,7265248,"Other fruits, n.e.c.","no"
NA,"World",NA,NA,"Fruits and nuts","Gross Production Value (constant 2014-2016 thousand US$)","1000 USD",2005,7871991,"Other fruits, n.e.c.","no"
NA,"World",NA,NA,"Fruits and nuts","Gross Production Value (constant 2014-2016 thousand US$)","1000 USD",2006,8226387,"Other fruits, n.e.c.","no"
NA,"World",NA,NA,"Fruits and nuts","Gross Production Value (constant 2014-2016 thousand US$)","1000 USD",2007,8138166,"Other fruits, n.e.c.","no"
NA,"World",NA,NA,"Fruits and nuts","Gross Production Value (constant 2014-2016 thousand US$)","1000 USD",2008,8535978,"Other fruits, n.e.c.","no"
NA,"World",NA,NA,"Fruits and nuts","Gross Production Value (constant 2014-2016 thousand US$)","1000 USD",2009,8742571,"Other fruits, n.e.c.","no"
NA,"World",NA,NA,"Fruits and nuts","Gross Production Value (constant 2014-2016 thousand US$)","1000 USD",2010,8972923,"Other fruits, n.e.c.","no"
NA,"World",NA,NA,"Fruits and nuts","Gross Production Value (constant 2014-2016 thousand US$)","1000 USD",2011,9463089,"Other fruits, n.e.c.","no"
NA,"World",NA,NA,"Fruits and nuts","Gross Production Value (constant 2014-2016 thousand US$)","1000 USD",2012,9978861,"Other fruits, n.e.c.","no"
NA,"World",NA,NA,"Fruits and nuts","Gross Production Value (constant 2014-2016 thousand US$)","1000 USD",2013,10283838,"Other fruits, n.e.c.","no"
NA,"World",NA,NA,"Fruits and nuts","Gross Production Value (constant 2014-2016 thousand US$)","1000 USD",2014,10889363,"Other fruits, n.e.c.","no"
NA,"World",NA,NA,"Fruits and nuts","Gross Production Value (constant 2014-2016 thousand US$)","1000 USD",2015,11627707,"Other fruits, n.e.c.","no"
NA,"World",NA,NA,"Fruits and nuts","Gross Production Value (constant 2014-2016 thousand US$)","1000 USD",2016,12225741,"Other fruits, n.e.c.","no"
NA,"World",NA,NA,"Fruits and nuts","Gross Production Value (constant 2014-2016 thousand US$)","1000 USD",2017,12406436,"Other fruits, n.e.c.","no"
NA,"World",NA,NA,"Fruits and nuts","Gross Production Value (constant 2014-2016 thousand US$)","1000 USD",2018,12476551,"Other fruits, n.e.c.","no"
NA,"World",NA,NA,"Fruits and nuts","Gross Production Value (constant 2014-2016 thousand US$)","1000 USD",2019,12755741,"Other fruits, n.e.c.","no"
NA,"World",NA,NA,"Fruits and nuts","Gross Production Value (constant 2014-2016 thousand US$)","1000 USD",2020,12790972,"Other fruits, n.e.c.","no"
NA,"World",NA,NA,"Fruits and nuts","Gross Production Value (constant 2014-2016 thousand US$)","1000 USD",2021,13187041,"Other fruits, n.e.c.","no"
NA,"World",NA,NA,"Fruits and nuts","Gross Production Value (constant 2014-2016 thousand US$)","1000 USD",2022,13252560,"Other fruits, n.e.c.","no"
NA,"World",NA,NA,"Fruits and nuts","Gross Production Value (constant 2014-2016 thousand US$)","1000 USD",2023,13400832,"Other fruits, n.e.c.","no"
NA,"World",NA,NA,"Meat and meat products","Gross Production Value (constant 2014-2016 thousand I$)","1000 Int$",1992,1003312,"Other meat of mammals","no"
NA,"World",NA,NA,"Meat and meat products","Gross Production Value (constant 2014-2016 thousand I$)","1000 Int$",1993,964525,"Other meat of mammals","no"
NA,"World",NA,NA,"Meat and meat products","Gross Production Value (constant 2014-2016 thousand I$)","1000 Int$",1994,947349,"Other meat of mammals","no"
NA,"World",NA,NA,"Meat and meat products","Gross Production Value (constant 2014-2016 thousand I$)","1000 Int$",1995,1126490,"Other meat of mammals","no"
NA,"World",NA,NA,"Meat and meat products","Gross Production Value (constant 2014-2016 thousand I$)","1000 Int$",1996,1021521,"Other meat of mammals","no"
NA,"World",NA,NA,"Meat and meat products","Gross Production Value (constant 2014-2016 thousand I$)","1000 Int$",1997,1039331,"Other meat of mammals","no"
NA,"World",NA,NA,"Meat and meat products","Gross Production Value (constant 2014-2016 thousand I$)","1000 Int$",1998,1055546,"Other meat of mammals","no"
NA,"World",NA,NA,"Meat and meat products","Gross Production Value (constant 2014-2016 thousand I$)","1000 Int$",1999,1064064,"Other meat of mammals","no"
NA,"World",NA,NA,"Meat and meat products","Gross Production Value (constant 2014-2016 thousand I$)","1000 Int$",2000,931469,"Other meat of mammals","no"
NA,"World",NA,NA,"Meat and meat products","Gross Production Value (constant 2014-2016 thousand I$)","1000 Int$",2001,1116056,"Other meat of mammals","no"
NA,"World",NA,NA,"Meat and meat products","Gross Production Value (constant 2014-2016 thousand I$)","1000 Int$",2002,1268689,"Other meat of mammals","no"
NA,"World",NA,NA,"Meat and meat products","Gross Production Value (constant 2014-2016 thousand I$)","1000 Int$",2003,1325045,"Other meat of mammals","no"
NA,"World",NA,NA,"Meat and meat products","Gross Production Value (constant 2014-2016 thousand I$)","1000 Int$",2004,1428414,"Other meat of mammals","no"
NA,"World",NA,NA,"Meat and meat products","Gross Production Value (constant 2014-2016 thousand I$)","1000 Int$",2005,1484622,"Other meat of mammals","no"
NA,"World",NA,NA,"Meat and meat products","Gross Production Value (constant 2014-2016 thousand I$)","1000 Int$",2006,1626154,"Other meat of mammals","no"
NA,"World",NA,NA,"Meat and meat products","Gross Production Value (constant 2014-2016 thousand I$)","1000 Int$",2007,1672561,"Other meat of mammals","no"
NA,"World",NA,NA,"Meat and meat products","Gross Production Value (constant 2014-2016 thousand I$)","1000 Int$",2008,1985688,"Other meat of mammals","no"
NA,"World",NA,NA,"Meat and meat products","Gross Production Value (constant 2014-2016 thousand I$)","1000 Int$",2009,2076613,"Other meat of mammals","no"
NA,"World",NA,NA,"Meat and meat products","Gross Production Value (constant 2014-2016 thousand I$)","1000 Int$",2010,2191856,"Other meat of mammals","no"
NA,"World",NA,NA,"Meat and meat products","Gross Production Value (constant 2014-2016 thousand I$)","1000 Int$",2011,2267843,"Other meat of mammals","no"
NA,"World",NA,NA,"Meat and meat products","Gross Production Value (constant 2014-2016 thousand I$)","1000 Int$",2012,2221231,"Other meat of mammals","no"
NA,"World",NA,NA,"Meat and meat products","Gross Production Value (constant 2014-2016 thousand I$)","1000 Int$",2013,2296058,"Other meat of mammals","no"
NA,"World",NA,NA,"Meat and meat products","Gross Production Value (constant 2014-2016 thousand I$)","1000 Int$",2014,2304754,"Other meat of mammals","no"
NA,"World",NA,NA,"Meat and meat products","Gross Production Value (constant 2014-2016 thousand I$)","1000 Int$",2015,2422484,"Other meat of mammals","no"
NA,"World",NA,NA,"Meat and meat products","Gross Production Value (constant 2014-2016 thousand I$)","1000 Int$",2016,2330864,"Other meat of mammals","no"
NA,"World",NA,NA,"Meat and meat products","Gross Production Value (constant 2014-2016 thousand I$)","1000 Int$",2017,2351617,"Other meat of mammals","no"
NA,"World",NA,NA,"Meat and meat products","Gross Production Value (constant 2014-2016 thousand I$)","1000 Int$",2018,2240847,"Other meat of mammals","no"
NA,"World",NA,NA,"Meat and meat products","Gross Production Value (constant 2014-2016 thousand I$)","1000 Int$",2019,2199837,"Other meat of mammals","no"
NA,"World",NA,NA,"Meat and meat products","Gross Production Value (constant 2014-2016 thousand I$)","1000 Int$",2020,2281832,"Other meat of mammals","no"
NA,"World",NA,NA,"Meat and meat products","Gross Production Value (constant 2014-2016 thousand I$)","1000 Int$",2021,2315837,"Other meat of mammals","no"
NA,"World",NA,NA,"Meat and meat products","Gross Production Value (constant 2014-2016 thousand I$)","1000 Int$",2022,2381951,"Other meat of mammals","no"
NA,"World",NA,NA,"Meat and meat products","Gross Production Value (constant 2014-2016 thousand I$)","1000 Int$",2023,2389151,"Other meat of mammals","no"
NA,"World",NA,NA,"Meat and meat products","Gross Production Value (constant 2014-2016 thousand US$)","1000 USD",1992,518395,"Other meat of mammals","no"
NA,"World",NA,NA,"Meat and meat products","Gross Production Value (constant 2014-2016 thousand US$)","1000 USD",1993,534196,"Other meat of mammals","no"
NA,"World",NA,NA,"Meat and meat products","Gross Production Value (constant 2014-2016 thousand US$)","1000 USD",1994,520520,"Other meat of mammals","no"
NA,"World",NA,NA,"Meat and meat products","Gross Production Value (constant 2014-2016 thousand US$)","1000 USD",1995,621216,"Other meat of mammals","no"
NA,"World",NA,NA,"Meat and meat products","Gross Production Value (constant 2014-2016 thousand US$)","1000 USD",1996,575740,"Other meat of mammals","no"
NA,"World",NA,NA,"Meat and meat products","Gross Production Value (constant 2014-2016 thousand US$)","1000 USD",1997,578647,"Other meat of mammals","no"
NA,"World",NA,NA,"Meat and meat products","Gross Production Value (constant 2014-2016 thousand US$)","1000 USD",1998,565893,"Other meat of mammals","no"
NA,"World",NA,NA,"Meat and meat products","Gross Production Value (constant 2014-2016 thousand US$)","1000 USD",1999,577151,"Other meat of mammals","no"
NA,"World",NA,NA,"Meat and meat products","Gross Production Value (constant 2014-2016 thousand US$)","1000 USD",2000,491717,"Other meat of mammals","no"
NA,"World",NA,NA,"Meat and meat products","Gross Production Value (constant 2014-2016 thousand US$)","1000 USD",2001,582950,"Other meat of mammals","no"
NA,"World",NA,NA,"Meat and meat products","Gross Production Value (constant 2014-2016 thousand US$)","1000 USD",2002,674078,"Other meat of mammals","no"
NA,"World",NA,NA,"Meat and meat products","Gross Production Value (constant 2014-2016 thousand US$)","1000 USD",2003,716610,"Other meat of mammals","no"
NA,"World",NA,NA,"Meat and meat products","Gross Production Value (constant 2014-2016 thousand US$)","1000 USD",2004,784164,"Other meat of mammals","no"
NA,"World",NA,NA,"Meat and meat products","Gross Production Value (constant 2014-2016 thousand US$)","1000 USD",2005,819728,"Other meat of mammals","no"
NA,"World",NA,NA,"Meat and meat products","Gross Production Value (constant 2014-2016 thousand US$)","1000 USD",2006,958116,"Other meat of mammals","no"
NA,"World",NA,NA,"Meat and meat products","Gross Production Value (constant 2014-2016 thousand US$)","1000 USD",2007,974126,"Other meat of mammals","no"
NA,"World",NA,NA,"Meat and meat products","Gross Production Value (constant 2014-2016 thousand US$)","1000 USD",2008,1388942,"Other meat of mammals","no"
NA,"World",NA,NA,"Meat and meat products","Gross Production Value (constant 2014-2016 thousand US$)","1000 USD",2009,1467802,"Other meat of mammals","no"
NA,"World",NA,NA,"Meat and meat products","Gross Production Value (constant 2014-2016 thousand US$)","1000 USD",2010,1586492,"Other meat of mammals","no"
NA,"World",NA,NA,"Meat and meat products","Gross Production Value (constant 2014-2016 thousand US$)","1000 USD",2011,1658842,"Other meat of mammals","no"
NA,"World",NA,NA,"Meat and meat products","Gross Production Value (constant 2014-2016 thousand US$)","1000 USD",2012,1699009,"Other meat of mammals","no"
NA,"World",NA,NA,"Meat and meat products","Gross Production Value (constant 2014-2016 thousand US$)","1000 USD",2013,1809866,"Other meat of mammals","no"
NA,"World",NA,NA,"Meat and meat products","Gross Production Value (constant 2014-2016 thousand US$)","1000 USD",2014,1837410,"Other meat of mammals","no"
NA,"World",NA,NA,"Meat and meat products","Gross Production Value (constant 2014-2016 thousand US$)","1000 USD",2015,1981377,"Other meat of mammals","no"
NA,"World",NA,NA,"Meat and meat products","Gross Production Value (constant 2014-2016 thousand US$)","1000 USD",2016,1851683,"Other meat of mammals","no"
NA,"World",NA,NA,"Meat and meat products","Gross Production Value (constant 2014-2016 thousand US$)","1000 USD",2017,1877530,"Other meat of mammals","no"
NA,"World",NA,NA,"Meat and meat products","Gross Production Value (constant 2014-2016 thousand US$)","1000 USD",2018,1883970,"Other meat of mammals","no"
NA,"World",NA,NA,"Meat and meat products","Gross Production Value (constant 2014-2016 thousand US$)","1000 USD",2019,1822964,"Other meat of mammals","no"
NA,"World",NA,NA,"Meat and meat products","Gross Production Value (constant 2014-2016 thousand US$)","1000 USD",2020,1905233,"Other meat of mammals","no"
NA,"World",NA,NA,"Meat and meat products","Gross Production Value (constant 2014-2016 thousand US$)","1000 USD",2021,1959244,"Other meat of mammals","no"
NA,"World",NA,NA,"Meat and meat products","Gross Production Value (constant 2014-2016 thousand US$)","1000 USD",2022,2053285,"Other meat of mammals","no"
NA,"World",NA,NA,"Meat and meat products","Gross Production Value (constant 2014-2016 thousand US$)","1000 USD",2023,2054256,"Other meat of mammals","no"
NA,"World",NA,NA,"Fruits and nuts","Gross Production Value (constant 2014-2016 thousand I$)","1000 Int$",1992,1080420,"Other nuts, n.e.c.","no"
NA,"World",NA,NA,"Fruits and nuts","Gross Production Value (constant 2014-2016 thousand I$)","1000 Int$",1993,1381987,"Other nuts, n.e.c.","no"
NA,"World",NA,NA,"Fruits and nuts","Gross Production Value (constant 2014-2016 thousand I$)","1000 Int$",1994,1263019,"Other nuts, n.e.c.","no"
NA,"World",NA,NA,"Fruits and nuts","Gross Production Value (constant 2014-2016 thousand I$)","1000 Int$",1995,1396589,"Other nuts, n.e.c.","no"
NA,"World",NA,NA,"Fruits and nuts","Gross Production Value (constant 2014-2016 thousand I$)","1000 Int$",1996,1412749,"Other nuts, n.e.c.","no"
NA,"World",NA,NA,"Fruits and nuts","Gross Production Value (constant 2014-2016 thousand I$)","1000 Int$",1997,1499334,"Other nuts, n.e.c.","no"
NA,"World",NA,NA,"Fruits and nuts","Gross Production Value (constant 2014-2016 thousand I$)","1000 Int$",1998,1418065,"Other nuts, n.e.c.","no"
NA,"World",NA,NA,"Fruits and nuts","Gross Production Value (constant 2014-2016 thousand I$)","1000 Int$",1999,1718538,"Other nuts, n.e.c.","no"
NA,"World",NA,NA,"Fruits and nuts","Gross Production Value (constant 2014-2016 thousand I$)","1000 Int$",2000,1620396,"Other nuts, n.e.c.","no"
NA,"World",NA,NA,"Fruits and nuts","Gross Production Value (constant 2014-2016 thousand I$)","1000 Int$",2001,1871052,"Other nuts, n.e.c.","no"
NA,"World",NA,NA,"Fruits and nuts","Gross Production Value (constant 2014-2016 thousand I$)","1000 Int$",2002,1688036,"Other nuts, n.e.c.","no"
NA,"World",NA,NA,"Fruits and nuts","Gross Production Value (constant 2014-2016 thousand I$)","1000 Int$",2003,1924247,"Other nuts, n.e.c.","no"
NA,"World",NA,NA,"Fruits and nuts","Gross Production Value (constant 2014-2016 thousand I$)","1000 Int$",2004,1897839,"Other nuts, n.e.c.","no"
NA,"World",NA,NA,"Fruits and nuts","Gross Production Value (constant 2014-2016 thousand I$)","1000 Int$",2005,1940548,"Other nuts, n.e.c.","no"
NA,"World",NA,NA,"Fruits and nuts","Gross Production Value (constant 2014-2016 thousand I$)","1000 Int$",2006,1942928,"Other nuts, n.e.c.","no"
NA,"World",NA,NA,"Fruits and nuts","Gross Production Value (constant 2014-2016 thousand I$)","1000 Int$",2007,2211302,"Other nuts, n.e.c.","no"
NA,"World",NA,NA,"Fruits and nuts","Gross Production Value (constant 2014-2016 thousand I$)","1000 Int$",2008,2068499,"Other nuts, n.e.c.","no"
NA,"World",NA,NA,"Fruits and nuts","Gross Production Value (constant 2014-2016 thousand I$)","1000 Int$",2009,2142944,"Other nuts, n.e.c.","no"
NA,"World",NA,NA,"Fruits and nuts","Gross Production Value (constant 2014-2016 thousand I$)","1000 Int$",2010,2239620,"Other nuts, n.e.c.","no"
NA,"World",NA,NA,"Fruits and nuts","Gross Production Value (constant 2014-2016 thousand I$)","1000 Int$",2011,2286511,"Other nuts, n.e.c.","no"
NA,"World",NA,NA,"Fruits and nuts","Gross Production Value (constant 2014-2016 thousand I$)","1000 Int$",2012,2349062,"Other nuts, n.e.c.","no"
NA,"World",NA,NA,"Fruits and nuts","Gross Production Value (constant 2014-2016 thousand I$)","1000 Int$",2013,2399690,"Other nuts, n.e.c.","no"
NA,"World",NA,NA,"Fruits and nuts","Gross Production Value (constant 2014-2016 thousand I$)","1000 Int$",2014,2468431,"Other nuts, n.e.c.","no"
NA,"World",NA,NA,"Fruits and nuts","Gross Production Value (constant 2014-2016 thousand I$)","1000 Int$",2015,2560305,"Other nuts, n.e.c.","no"
NA,"World",NA,NA,"Fruits and nuts","Gross Production Value (constant 2014-2016 thousand I$)","1000 Int$",2016,2527735,"Other nuts, n.e.c.","no"
NA,"World",NA,NA,"Fruits and nuts","Gross Production Value (constant 2014-2016 thousand I$)","1000 Int$",2017,2659705,"Other nuts, n.e.c.","no"
NA,"World",NA,NA,"Fruits and nuts","Gross Production Value (constant 2014-2016 thousand I$)","1000 Int$",2018,2645548,"Other nuts, n.e.c.","no"
NA,"World",NA,NA,"Fruits and nuts","Gross Production Value (constant 2014-2016 thousand I$)","1000 Int$",2019,2704301,"Other nuts, n.e.c.","no"
NA,"World",NA,NA,"Fruits and nuts","Gross Production Value (constant 2014-2016 thousand I$)","1000 Int$",2020,2797234,"Other nuts, n.e.c.","no"
NA,"World",NA,NA,"Fruits and nuts","Gross Production Value (constant 2014-2016 thousand I$)","1000 Int$",2021,2834388,"Other nuts, n.e.c.","no"
NA,"World",NA,NA,"Fruits and nuts","Gross Production Value (constant 2014-2016 thousand I$)","1000 Int$",2022,2857111,"Other nuts, n.e.c.","no"
NA,"World",NA,NA,"Fruits and nuts","Gross Production Value (constant 2014-2016 thousand I$)","1000 Int$",2023,2894254,"Other nuts, n.e.c.","no"
NA,"World",NA,NA,"Fruits and nuts","Gross Production Value (constant 2014-2016 thousand US$)","1000 USD",1992,943463,"Other nuts, n.e.c.","no"
NA,"World",NA,NA,"Fruits and nuts","Gross Production Value (constant 2014-2016 thousand US$)","1000 USD",1993,1445125,"Other nuts, n.e.c.","no"
NA,"World",NA,NA,"Fruits and nuts","Gross Production Value (constant 2014-2016 thousand US$)","1000 USD",1994,1167855,"Other nuts, n.e.c.","no"
NA,"World",NA,NA,"Fruits and nuts","Gross Production Value (constant 2014-2016 thousand US$)","1000 USD",1995,1368675,"Other nuts, n.e.c.","no"
NA,"World",NA,NA,"Fruits and nuts","Gross Production Value (constant 2014-2016 thousand US$)","1000 USD",1996,1272697,"Other nuts, n.e.c.","no"
NA,"World",NA,NA,"Fruits and nuts","Gross Production Value (constant 2014-2016 thousand US$)","1000 USD",1997,1566588,"Other nuts, n.e.c.","no"
NA,"World",NA,NA,"Fruits and nuts","Gross Production Value (constant 2014-2016 thousand US$)","1000 USD",1998,1212391,"Other nuts, n.e.c.","no"
NA,"World",NA,NA,"Fruits and nuts","Gross Production Value (constant 2014-2016 thousand US$)","1000 USD",1999,1848949,"Other nuts, n.e.c.","no"
NA,"World",NA,NA,"Fruits and nuts","Gross Production Value (constant 2014-2016 thousand US$)","1000 USD",2000,1481195,"Other nuts, n.e.c.","no"
NA,"World",NA,NA,"Fruits and nuts","Gross Production Value (constant 2014-2016 thousand US$)","1000 USD",2001,1849382,"Other nuts, n.e.c.","no"
NA,"World",NA,NA,"Fruits and nuts","Gross Production Value (constant 2014-2016 thousand US$)","1000 USD",2002,1458398,"Other nuts, n.e.c.","no"
NA,"World",NA,NA,"Fruits and nuts","Gross Production Value (constant 2014-2016 thousand US$)","1000 USD",2003,1767766,"Other nuts, n.e.c.","no"
NA,"World",NA,NA,"Fruits and nuts","Gross Production Value (constant 2014-2016 thousand US$)","1000 USD",2004,1678960,"Other nuts, n.e.c.","no"
NA,"World",NA,NA,"Fruits and nuts","Gross Production Value (constant 2014-2016 thousand US$)","1000 USD",2005,1695749,"Other nuts, n.e.c.","no"
NA,"World",NA,NA,"Fruits and nuts","Gross Production Value (constant 2014-2016 thousand US$)","1000 USD",2006,1597421,"Other nuts, n.e.c.","no"
NA,"World",NA,NA,"Fruits and nuts","Gross Production Value (constant 2014-2016 thousand US$)","1000 USD",2007,2015927,"Other nuts, n.e.c.","no"
NA,"World",NA,NA,"Fruits and nuts","Gross Production Value (constant 2014-2016 thousand US$)","1000 USD",2008,1811693,"Other nuts, n.e.c.","no"
NA,"World",NA,NA,"Fruits and nuts","Gross Production Value (constant 2014-2016 thousand US$)","1000 USD",2009,1972549,"Other nuts, n.e.c.","no"
NA,"World",NA,NA,"Fruits and nuts","Gross Production Value (constant 2014-2016 thousand US$)","1000 USD",2010,2054452,"Other nuts, n.e.c.","no"
NA,"World",NA,NA,"Fruits and nuts","Gross Production Value (constant 2014-2016 thousand US$)","1000 USD",2011,2059296,"Other nuts, n.e.c.","no"
NA,"World",NA,NA,"Fruits and nuts","Gross Production Value (constant 2014-2016 thousand US$)","1000 USD",2012,2168222,"Other nuts, n.e.c.","no"
NA,"World",NA,NA,"Fruits and nuts","Gross Production Value (constant 2014-2016 thousand US$)","1000 USD",2013,2240350,"Other nuts, n.e.c.","no"
NA,"World",NA,NA,"Fruits and nuts","Gross Production Value (constant 2014-2016 thousand US$)","1000 USD",2014,2362798,"Other nuts, n.e.c.","no"
NA,"World",NA,NA,"Fruits and nuts","Gross Production Value (constant 2014-2016 thousand US$)","1000 USD",2015,2523149,"Other nuts, n.e.c.","no"
NA,"World",NA,NA,"Fruits and nuts","Gross Production Value (constant 2014-2016 thousand US$)","1000 USD",2016,2509991,"Other nuts, n.e.c.","no"
NA,"World",NA,NA,"Fruits and nuts","Gross Production Value (constant 2014-2016 thousand US$)","1000 USD",2017,2762221,"Other nuts, n.e.c.","no"
NA,"World",NA,NA,"Fruits and nuts","Gross Production Value (constant 2014-2016 thousand US$)","1000 USD",2018,2711451,"Other nuts, n.e.c.","no"
NA,"World",NA,NA,"Fruits and nuts","Gross Production Value (constant 2014-2016 thousand US$)","1000 USD",2019,2835169,"Other nuts, n.e.c.","no"
NA,"World",NA,NA,"Fruits and nuts","Gross Production Value (constant 2014-2016 thousand US$)","1000 USD",2020,3013668,"Other nuts, n.e.c.","no"
NA,"World",NA,NA,"Fruits and nuts","Gross Production Value (constant 2014-2016 thousand US$)","1000 USD",2021,3136152,"Other nuts, n.e.c.","no"
NA,"World",NA,NA,"Fruits and nuts","Gross Production Value (constant 2014-2016 thousand US$)","1000 USD",2022,3191513,"Other nuts, n.e.c.","no"
NA,"World",NA,NA,"Fruits and nuts","Gross Production Value (constant 2014-2016 thousand US$)","1000 USD",2023,3313558,"Other nuts, n.e.c.","no"
NA,"World",NA,NA,"Oilseeds and oleaginous fruits","Gross Production Value (constant 2014-2016 thousand I$)","1000 Int$",1992,620290,"Other oil seeds, n.e.c.","no"
NA,"World",NA,NA,"Oilseeds and oleaginous fruits","Gross Production Value (constant 2014-2016 thousand I$)","1000 Int$",1993,610204,"Other oil seeds, n.e.c.","no"
NA,"World",NA,NA,"Oilseeds and oleaginous fruits","Gross Production Value (constant 2014-2016 thousand I$)","1000 Int$",1994,703172,"Other oil seeds, n.e.c.","no"
NA,"World",NA,NA,"Oilseeds and oleaginous fruits","Gross Production Value (constant 2014-2016 thousand I$)","1000 Int$",1995,711826,"Other oil seeds, n.e.c.","no"
NA,"World",NA,NA,"Oilseeds and oleaginous fruits","Gross Production Value (constant 2014-2016 thousand I$)","1000 Int$",1996,697159,"Other oil seeds, n.e.c.","no"
NA,"World",NA,NA,"Oilseeds and oleaginous fruits","Gross Production Value (constant 2014-2016 thousand I$)","1000 Int$",1997,761919,"Other oil seeds, n.e.c.","no"
NA,"World",NA,NA,"Oilseeds and oleaginous fruits","Gross Production Value (constant 2014-2016 thousand I$)","1000 Int$",1998,728077,"Other oil seeds, n.e.c.","no"
NA,"World",NA,NA,"Oilseeds and oleaginous fruits","Gross Production Value (constant 2014-2016 thousand I$)","1000 Int$",1999,779987,"Other oil seeds, n.e.c.","no"
NA,"World",NA,NA,"Oilseeds and oleaginous fruits","Gross Production Value (constant 2014-2016 thousand I$)","1000 Int$",2000,799308,"Other oil seeds, n.e.c.","no"
NA,"World",NA,NA,"Oilseeds and oleaginous fruits","Gross Production Value (constant 2014-2016 thousand I$)","1000 Int$",2001,881531,"Other oil seeds, n.e.c.","no"
NA,"World",NA,NA,"Oilseeds and oleaginous fruits","Gross Production Value (constant 2014-2016 thousand I$)","1000 Int$",2002,887136,"Other oil seeds, n.e.c.","no"
NA,"World",NA,NA,"Oilseeds and oleaginous fruits","Gross Production Value (constant 2014-2016 thousand I$)","1000 Int$",2003,883329,"Other oil seeds, n.e.c.","no"
NA,"World",NA,NA,"Oilseeds and oleaginous fruits","Gross Production Value (constant 2014-2016 thousand I$)","1000 Int$",2004,945312,"Other oil seeds, n.e.c.","no"
NA,"World",NA,NA,"Oilseeds and oleaginous fruits","Gross Production Value (constant 2014-2016 thousand I$)","1000 Int$",2005,986191,"Other oil seeds, n.e.c.","no"
NA,"World",NA,NA,"Oilseeds and oleaginous fruits","Gross Production Value (constant 2014-2016 thousand I$)","1000 Int$",2006,1061063,"Other oil seeds, n.e.c.","no"
NA,"World",NA,NA,"Oilseeds and oleaginous fruits","Gross Production Value (constant 2014-2016 thousand I$)","1000 Int$",2007,1041089,"Other oil seeds, n.e.c.","no"
NA,"World",NA,NA,"Oilseeds and oleaginous fruits","Gross Production Value (constant 2014-2016 thousand I$)","1000 Int$",2008,1118913,"Other oil seeds, n.e.c.","no"
NA,"World",NA,NA,"Oilseeds and oleaginous fruits","Gross Production Value (constant 2014-2016 thousand I$)","1000 Int$",2009,1203014,"Other oil seeds, n.e.c.","no"
NA,"World",NA,NA,"Oilseeds and oleaginous fruits","Gross Production Value (constant 2014-2016 thousand I$)","1000 Int$",2010,858203,"Other oil seeds, n.e.c.","no"
NA,"World",NA,NA,"Oilseeds and oleaginous fruits","Gross Production Value (constant 2014-2016 thousand I$)","1000 Int$",2011,887437,"Other oil seeds, n.e.c.","no"
NA,"World",NA,NA,"Oilseeds and oleaginous fruits","Gross Production Value (constant 2014-2016 thousand I$)","1000 Int$",2012,937045,"Other oil seeds, n.e.c.","no"
NA,"World",NA,NA,"Oilseeds and oleaginous fruits","Gross Production Value (constant 2014-2016 thousand I$)","1000 Int$",2013,962067,"Other oil seeds, n.e.c.","no"
NA,"World",NA,NA,"Oilseeds and oleaginous fruits","Gross Production Value (constant 2014-2016 thousand I$)","1000 Int$",2014,993596,"Other oil seeds, n.e.c.","no"
NA,"World",NA,NA,"Oilseeds and oleaginous fruits","Gross Production Value (constant 2014-2016 thousand I$)","1000 Int$",2015,1055292,"Other oil seeds, n.e.c.","no"
NA,"World",NA,NA,"Oilseeds and oleaginous fruits","Gross Production Value (constant 2014-2016 thousand I$)","1000 Int$",2016,1097608,"Other oil seeds, n.e.c.","no"
NA,"World",NA,NA,"Oilseeds and oleaginous fruits","Gross Production Value (constant 2014-2016 thousand I$)","1000 Int$",2017,1122054,"Other oil seeds, n.e.c.","no"
NA,"World",NA,NA,"Oilseeds and oleaginous fruits","Gross Production Value (constant 2014-2016 thousand I$)","1000 Int$",2018,1060396,"Other oil seeds, n.e.c.","no"
NA,"World",NA,NA,"Oilseeds and oleaginous fruits","Gross Production Value (constant 2014-2016 thousand I$)","1000 Int$",2019,1077854,"Other oil seeds, n.e.c.","no"
NA,"World",NA,NA,"Oilseeds and oleaginous fruits","Gross Production Value (constant 2014-2016 thousand I$)","1000 Int$",2020,1025959,"Other oil seeds, n.e.c.","no"
NA,"World",NA,NA,"Oilseeds and oleaginous fruits","Gross Production Value (constant 2014-2016 thousand I$)","1000 Int$",2021,1027511,"Other oil seeds, n.e.c.","no"
NA,"World",NA,NA,"Oilseeds and oleaginous fruits","Gross Production Value (constant 2014-2016 thousand I$)","1000 Int$",2022,1081733,"Other oil seeds, n.e.c.","no"
NA,"World",NA,NA,"Oilseeds and oleaginous fruits","Gross Production Value (constant 2014-2016 thousand I$)","1000 Int$",2023,1086613,"Other oil seeds, n.e.c.","no"
NA,"World",NA,NA,"Oilseeds and oleaginous fruits","Gross Production Value (constant 2014-2016 thousand US$)","1000 USD",1992,594534,"Other oil seeds, n.e.c.","no"
NA,"World",NA,NA,"Oilseeds and oleaginous fruits","Gross Production Value (constant 2014-2016 thousand US$)","1000 USD",1993,540613,"Other oil seeds, n.e.c.","no"
NA,"World",NA,NA,"Oilseeds and oleaginous fruits","Gross Production Value (constant 2014-2016 thousand US$)","1000 USD",1994,636090,"Other oil seeds, n.e.c.","no"
NA,"World",NA,NA,"Oilseeds and oleaginous fruits","Gross Production Value (constant 2014-2016 thousand US$)","1000 USD",1995,646639,"Other oil seeds, n.e.c.","no"
NA,"World",NA,NA,"Oilseeds and oleaginous fruits","Gross Production Value (constant 2014-2016 thousand US$)","1000 USD",1996,655414,"Other oil seeds, n.e.c.","no"
NA,"World",NA,NA,"Oilseeds and oleaginous fruits","Gross Production Value (constant 2014-2016 thousand US$)","1000 USD",1997,753780,"Other oil seeds, n.e.c.","no"
NA,"World",NA,NA,"Oilseeds and oleaginous fruits","Gross Production Value (constant 2014-2016 thousand US$)","1000 USD",1998,701322,"Other oil seeds, n.e.c.","no"
NA,"World",NA,NA,"Oilseeds and oleaginous fruits","Gross Production Value (constant 2014-2016 thousand US$)","1000 USD",1999,738719,"Other oil seeds, n.e.c.","no"
NA,"World",NA,NA,"Oilseeds and oleaginous fruits","Gross Production Value (constant 2014-2016 thousand US$)","1000 USD",2000,757897,"Other oil seeds, n.e.c.","no"
NA,"World",NA,NA,"Oilseeds and oleaginous fruits","Gross Production Value (constant 2014-2016 thousand US$)","1000 USD",2001,849963,"Other oil seeds, n.e.c.","no"
NA,"World",NA,NA,"Oilseeds and oleaginous fruits","Gross Production Value (constant 2014-2016 thousand US$)","1000 USD",2002,849242,"Other oil seeds, n.e.c.","no"
NA,"World",NA,NA,"Oilseeds and oleaginous fruits","Gross Production Value (constant 2014-2016 thousand US$)","1000 USD",2003,806474,"Other oil seeds, n.e.c.","no"
NA,"World",NA,NA,"Oilseeds and oleaginous fruits","Gross Production Value (constant 2014-2016 thousand US$)","1000 USD",2004,859987,"Other oil seeds, n.e.c.","no"
NA,"World",NA,NA,"Oilseeds and oleaginous fruits","Gross Production Value (constant 2014-2016 thousand US$)","1000 USD",2005,899372,"Other oil seeds, n.e.c.","no"
NA,"World",NA,NA,"Oilseeds and oleaginous fruits","Gross Production Value (constant 2014-2016 thousand US$)","1000 USD",2006,957454,"Other oil seeds, n.e.c.","no"
NA,"World",NA,NA,"Oilseeds and oleaginous fruits","Gross Production Value (constant 2014-2016 thousand US$)","1000 USD",2007,966517,"Other oil seeds, n.e.c.","no"
NA,"World",NA,NA,"Oilseeds and oleaginous fruits","Gross Production Value (constant 2014-2016 thousand US$)","1000 USD",2008,1000644,"Other oil seeds, n.e.c.","no"
NA,"World",NA,NA,"Oilseeds and oleaginous fruits","Gross Production Value (constant 2014-2016 thousand US$)","1000 USD",2009,1117296,"Other oil seeds, n.e.c.","no"
NA,"World",NA,NA,"Oilseeds and oleaginous fruits","Gross Production Value (constant 2014-2016 thousand US$)","1000 USD",2010,676686,"Other oil seeds, n.e.c.","no"
NA,"World",NA,NA,"Oilseeds and oleaginous fruits","Gross Production Value (constant 2014-2016 thousand US$)","1000 USD",2011,669170,"Other oil seeds, n.e.c.","no"
NA,"World",NA,NA,"Oilseeds and oleaginous fruits","Gross Production Value (constant 2014-2016 thousand US$)","1000 USD",2012,693909,"Other oil seeds, n.e.c.","no"
NA,"World",NA,NA,"Oilseeds and oleaginous fruits","Gross Production Value (constant 2014-2016 thousand US$)","1000 USD",2013,686548,"Other oil seeds, n.e.c.","no"
NA,"World",NA,NA,"Oilseeds and oleaginous fruits","Gross Production Value (constant 2014-2016 thousand US$)","1000 USD",2014,711001,"Other oil seeds, n.e.c.","no"
NA,"World",NA,NA,"Oilseeds and oleaginous fruits","Gross Production Value (constant 2014-2016 thousand US$)","1000 USD",2015,827869,"Other oil seeds, n.e.c.","no"
NA,"World",NA,NA,"Oilseeds and oleaginous fruits","Gross Production Value (constant 2014-2016 thousand US$)","1000 USD",2016,896166,"Other oil seeds, n.e.c.","no"
NA,"World",NA,NA,"Oilseeds and oleaginous fruits","Gross Production Value (constant 2014-2016 thousand US$)","1000 USD",2017,836479,"Other oil seeds, n.e.c.","no"
NA,"World",NA,NA,"Oilseeds and oleaginous fruits","Gross Production Value (constant 2014-2016 thousand US$)","1000 USD",2018,802386,"Other oil seeds, n.e.c.","no"
NA,"World",NA,NA,"Oilseeds and oleaginous fruits","Gross Production Value (constant 2014-2016 thousand US$)","1000 USD",2019,820323,"Other oil seeds, n.e.c.","no"
NA,"World",NA,NA,"Oilseeds and oleaginous fruits","Gross Production Value (constant 2014-2016 thousand US$)","1000 USD",2020,835933,"Other oil seeds, n.e.c.","no"
NA,"World",NA,NA,"Oilseeds and oleaginous fruits","Gross Production Value (constant 2014-2016 thousand US$)","1000 USD",2021,856979,"Other oil seeds, n.e.c.","no"
NA,"World",NA,NA,"Oilseeds and oleaginous fruits","Gross Production Value (constant 2014-2016 thousand US$)","1000 USD",2022,899359,"Other oil seeds, n.e.c.","no"
NA,"World",NA,NA,"Oilseeds and oleaginous fruits","Gross Production Value (constant 2014-2016 thousand US$)","1000 USD",2023,850280,"Other oil seeds, n.e.c.","no"
NA,"World",NA,NA,"Fruits and nuts","Gross Production Value (constant 2014-2016 thousand I$)","1000 Int$",1992,0,"Other pome fruits","no"
NA,"World",NA,NA,"Fruits and nuts","Gross Production Value (constant 2014-2016 thousand I$)","1000 Int$",1993,0,"Other pome fruits","no"
NA,"World",NA,NA,"Fruits and nuts","Gross Production Value (constant 2014-2016 thousand I$)","1000 Int$",1994,0,"Other pome fruits","no"
NA,"World",NA,NA,"Fruits and nuts","Gross Production Value (constant 2014-2016 thousand I$)","1000 Int$",1995,0,"Other pome fruits","no"
NA,"World",NA,NA,"Fruits and nuts","Gross Production Value (constant 2014-2016 thousand I$)","1000 Int$",1996,0,"Other pome fruits","no"
NA,"World",NA,NA,"Fruits and nuts","Gross Production Value (constant 2014-2016 thousand I$)","1000 Int$",1997,0,"Other pome fruits","no"
NA,"World",NA,NA,"Fruits and nuts","Gross Production Value (constant 2014-2016 thousand I$)","1000 Int$",1998,0,"Other pome fruits","no"
NA,"World",NA,NA,"Fruits and nuts","Gross Production Value (constant 2014-2016 thousand I$)","1000 Int$",1999,0,"Other pome fruits","no"
NA,"World",NA,NA,"Fruits and nuts","Gross Production Value (constant 2014-2016 thousand I$)","1000 Int$",2000,12757,"Other pome fruits","no"
NA,"World",NA,NA,"Fruits and nuts","Gross Production Value (constant 2014-2016 thousand I$)","1000 Int$",2001,12918,"Other pome fruits","no"
NA,"World",NA,NA,"Fruits and nuts","Gross Production Value (constant 2014-2016 thousand I$)","1000 Int$",2002,13564,"Other pome fruits","no"
NA,"World",NA,NA,"Fruits and nuts","Gross Production Value (constant 2014-2016 thousand I$)","1000 Int$",2003,13920,"Other pome fruits","no"
NA,"World",NA,NA,"Fruits and nuts","Gross Production Value (constant 2014-2016 thousand I$)","1000 Int$",2004,13887,"Other pome fruits","no"
NA,"World",NA,NA,"Fruits and nuts","Gross Production Value (constant 2014-2016 thousand I$)","1000 Int$",2005,15470,"Other pome fruits","no"
NA,"World",NA,NA,"Fruits and nuts","Gross Production Value (constant 2014-2016 thousand I$)","1000 Int$",2006,22456,"Other pome fruits","no"
NA,"World",NA,NA,"Fruits and nuts","Gross Production Value (constant 2014-2016 thousand I$)","1000 Int$",2007,22704,"Other pome fruits","no"
NA,"World",NA,NA,"Fruits and nuts","Gross Production Value (constant 2014-2016 thousand I$)","1000 Int$",2008,24293,"Other pome fruits","no"
NA,"World",NA,NA,"Fruits and nuts","Gross Production Value (constant 2014-2016 thousand I$)","1000 Int$",2009,26289,"Other pome fruits","no"
NA,"World",NA,NA,"Fruits and nuts","Gross Production Value (constant 2014-2016 thousand I$)","1000 Int$",2010,29454,"Other pome fruits","no"
NA,"World",NA,NA,"Fruits and nuts","Gross Production Value (constant 2014-2016 thousand I$)","1000 Int$",2011,12889,"Other pome fruits","no"
NA,"World",NA,NA,"Fruits and nuts","Gross Production Value (constant 2014-2016 thousand I$)","1000 Int$",2012,14404,"Other pome fruits","no"
NA,"World",NA,NA,"Fruits and nuts","Gross Production Value (constant 2014-2016 thousand I$)","1000 Int$",2013,14779,"Other pome fruits","no"
NA,"World",NA,NA,"Fruits and nuts","Gross Production Value (constant 2014-2016 thousand I$)","1000 Int$",2014,16390,"Other pome fruits","no"
NA,"World",NA,NA,"Fruits and nuts","Gross Production Value (constant 2014-2016 thousand I$)","1000 Int$",2015,18392,"Other pome fruits","no"
NA,"World",NA,NA,"Fruits and nuts","Gross Production Value (constant 2014-2016 thousand I$)","1000 Int$",2016,16421,"Other pome fruits","no"
NA,"World",NA,NA,"Fruits and nuts","Gross Production Value (constant 2014-2016 thousand I$)","1000 Int$",2017,16631,"Other pome fruits","no"
NA,"World",NA,NA,"Fruits and nuts","Gross Production Value (constant 2014-2016 thousand I$)","1000 Int$",2018,54543,"Other pome fruits","no"
NA,"World",NA,NA,"Fruits and nuts","Gross Production Value (constant 2014-2016 thousand I$)","1000 Int$",2019,51943,"Other pome fruits","no"
NA,"World",NA,NA,"Fruits and nuts","Gross Production Value (constant 2014-2016 thousand I$)","1000 Int$",2020,50902,"Other pome fruits","no"
NA,"World",NA,NA,"Fruits and nuts","Gross Production Value (constant 2014-2016 thousand I$)","1000 Int$",2021,50173,"Other pome fruits","no"
NA,"World",NA,NA,"Fruits and nuts","Gross Production Value (constant 2014-2016 thousand I$)","1000 Int$",2022,51312,"Other pome fruits","no"
NA,"World",NA,NA,"Fruits and nuts","Gross Production Value (constant 2014-2016 thousand I$)","1000 Int$",2023,51995,"Other pome fruits","no"
NA,"World",NA,NA,"Fruits and nuts","Gross Production Value (constant 2014-2016 thousand US$)","1000 USD",1992,0,"Other pome fruits","no"
NA,"World",NA,NA,"Fruits and nuts","Gross Production Value (constant 2014-2016 thousand US$)","1000 USD",1993,0,"Other pome fruits","no"
NA,"World",NA,NA,"Fruits and nuts","Gross Production Value (constant 2014-2016 thousand US$)","1000 USD",1994,0,"Other pome fruits","no"
NA,"World",NA,NA,"Fruits and nuts","Gross Production Value (constant 2014-2016 thousand US$)","1000 USD",1995,0,"Other pome fruits","no"
NA,"World",NA,NA,"Fruits and nuts","Gross Production Value (constant 2014-2016 thousand US$)","1000 USD",1996,0,"Other pome fruits","no"
NA,"World",NA,NA,"Fruits and nuts","Gross Production Value (constant 2014-2016 thousand US$)","1000 USD",1997,0,"Other pome fruits","no"
NA,"World",NA,NA,"Fruits and nuts","Gross Production Value (constant 2014-2016 thousand US$)","1000 USD",1998,0,"Other pome fruits","no"
NA,"World",NA,NA,"Fruits and nuts","Gross Production Value (constant 2014-2016 thousand US$)","1000 USD",1999,0,"Other pome fruits","no"
NA,"World",NA,NA,"Fruits and nuts","Gross Production Value (constant 2014-2016 thousand US$)","1000 USD",2000,0,"Other pome fruits","no"
NA,"World",NA,NA,"Fruits and nuts","Gross Production Value (constant 2014-2016 thousand US$)","1000 USD",2001,0,"Other pome fruits","no"
NA,"World",NA,NA,"Fruits and nuts","Gross Production Value (constant 2014-2016 thousand US$)","1000 USD",2002,0,"Other pome fruits","no"
NA,"World",NA,NA,"Fruits and nuts","Gross Production Value (constant 2014-2016 thousand US$)","1000 USD",2003,21,"Other pome fruits","no"
NA,"World",NA,NA,"Fruits and nuts","Gross Production Value (constant 2014-2016 thousand US$)","1000 USD",2004,82,"Other pome fruits","no"
NA,"World",NA,NA,"Fruits and nuts","Gross Production Value (constant 2014-2016 thousand US$)","1000 USD",2005,82,"Other pome fruits","no"
NA,"World",NA,NA,"Fruits and nuts","Gross Production Value (constant 2014-2016 thousand US$)","1000 USD",2006,47,"Other pome fruits","no"
NA,"World",NA,NA,"Fruits and nuts","Gross Production Value (constant 2014-2016 thousand US$)","1000 USD",2007,62,"Other pome fruits","no"
NA,"World",NA,NA,"Fruits and nuts","Gross Production Value (constant 2014-2016 thousand US$)","1000 USD",2008,45,"Other pome fruits","no"
NA,"World",NA,NA,"Fruits and nuts","Gross Production Value (constant 2014-2016 thousand US$)","1000 USD",2009,82,"Other pome fruits","no"
NA,"World",NA,NA,"Fruits and nuts","Gross Production Value (constant 2014-2016 thousand US$)","1000 USD",2010,41,"Other pome fruits","no"
NA,"World",NA,NA,"Fruits and nuts","Gross Production Value (constant 2014-2016 thousand US$)","1000 USD",2011,249,"Other pome fruits","no"
NA,"World",NA,NA,"Fruits and nuts","Gross Production Value (constant 2014-2016 thousand US$)","1000 USD",2012,596,"Other pome fruits","no"
NA,"World",NA,NA,"Fruits and nuts","Gross Production Value (constant 2014-2016 thousand US$)","1000 USD",2013,156,"Other pome fruits","no"
NA,"World",NA,NA,"Fruits and nuts","Gross Production Value (constant 2014-2016 thousand US$)","1000 USD",2014,154,"Other pome fruits","no"
NA,"World",NA,NA,"Fruits and nuts","Gross Production Value (constant 2014-2016 thousand US$)","1000 USD",2015,504,"Other pome fruits","no"
NA,"World",NA,NA,"Fruits and nuts","Gross Production Value (constant 2014-2016 thousand US$)","1000 USD",2016,208,"Other pome fruits","no"
NA,"World",NA,NA,"Fruits and nuts","Gross Production Value (constant 2014-2016 thousand US$)","1000 USD",2017,10,"Other pome fruits","no"
NA,"World",NA,NA,"Fruits and nuts","Gross Production Value (constant 2014-2016 thousand US$)","1000 USD",2018,8,"Other pome fruits","no"
NA,"World",NA,NA,"Fruits and nuts","Gross Production Value (constant 2014-2016 thousand US$)","1000 USD",2019,73,"Other pome fruits","no"
NA,"World",NA,NA,"Fruits and nuts","Gross Production Value (constant 2014-2016 thousand US$)","1000 USD",2020,27,"Other pome fruits","no"
NA,"World",NA,NA,"Fruits and nuts","Gross Production Value (constant 2014-2016 thousand US$)","1000 USD",2021,23,"Other pome fruits","no"
NA,"World",NA,NA,"Fruits and nuts","Gross Production Value (constant 2014-2016 thousand US$)","1000 USD",2022,144,"Other pome fruits","no"
NA,"World",NA,NA,"Fruits and nuts","Gross Production Value (constant 2014-2016 thousand US$)","1000 USD",2023,164,"Other pome fruits","no"
NA,"World",NA,NA,"Pulses (dried leguminous vegetables)","Gross Production Value (constant 2014-2016 thousand I$)","1000 Int$",1992,2259341,"Other pulses n.e.c.","no"
NA,"World",NA,NA,"Pulses (dried leguminous vegetables)","Gross Production Value (constant 2014-2016 thousand I$)","1000 Int$",1993,2761070,"Other pulses n.e.c.","no"
NA,"World",NA,NA,"Pulses (dried leguminous vegetables)","Gross Production Value (constant 2014-2016 thousand I$)","1000 Int$",1994,2821365,"Other pulses n.e.c.","no"
NA,"World",NA,NA,"Pulses (dried leguminous vegetables)","Gross Production Value (constant 2014-2016 thousand I$)","1000 Int$",1995,2964109,"Other pulses n.e.c.","no"
NA,"World",NA,NA,"Pulses (dried leguminous vegetables)","Gross Production Value (constant 2014-2016 thousand I$)","1000 Int$",1996,2561746,"Other pulses n.e.c.","no"
NA,"World",NA,NA,"Pulses (dried leguminous vegetables)","Gross Production Value (constant 2014-2016 thousand I$)","1000 Int$",1997,2756988,"Other pulses n.e.c.","no"
NA,"World",NA,NA,"Pulses (dried leguminous vegetables)","Gross Production Value (constant 2014-2016 thousand I$)","1000 Int$",1998,2605377,"Other pulses n.e.c.","no"
NA,"World",NA,NA,"Pulses (dried leguminous vegetables)","Gross Production Value (constant 2014-2016 thousand I$)","1000 Int$",1999,2618451,"Other pulses n.e.c.","no"
NA,"World",NA,NA,"Pulses (dried leguminous vegetables)","Gross Production Value (constant 2014-2016 thousand I$)","1000 Int$",2000,2690596,"Other pulses n.e.c.","no"
NA,"World",NA,NA,"Pulses (dried leguminous vegetables)","Gross Production Value (constant 2014-2016 thousand I$)","1000 Int$",2001,3079516,"Other pulses n.e.c.","no"
NA,"World",NA,NA,"Pulses (dried leguminous vegetables)","Gross Production Value (constant 2014-2016 thousand I$)","1000 Int$",2002,3099372,"Other pulses n.e.c.","no"
NA,"World",NA,NA,"Pulses (dried leguminous vegetables)","Gross Production Value (constant 2014-2016 thousand I$)","1000 Int$",2003,2850413,"Other pulses n.e.c.","no"
NA,"World",NA,NA,"Pulses (dried leguminous vegetables)","Gross Production Value (constant 2014-2016 thousand I$)","1000 Int$",2004,2779455,"Other pulses n.e.c.","no"
NA,"World",NA,NA,"Pulses (dried leguminous vegetables)","Gross Production Value (constant 2014-2016 thousand I$)","1000 Int$",2005,2604004,"Other pulses n.e.c.","no"
NA,"World",NA,NA,"Pulses (dried leguminous vegetables)","Gross Production Value (constant 2014-2016 thousand I$)","1000 Int$",2006,2705423,"Other pulses n.e.c.","no"
NA,"World",NA,NA,"Pulses (dried leguminous vegetables)","Gross Production Value (constant 2014-2016 thousand I$)","1000 Int$",2007,2655756,"Other pulses n.e.c.","no"
NA,"World",NA,NA,"Pulses (dried leguminous vegetables)","Gross Production Value (constant 2014-2016 thousand I$)","1000 Int$",2008,2678946,"Other pulses n.e.c.","no"
NA,"World",NA,NA,"Pulses (dried leguminous vegetables)","Gross Production Value (constant 2014-2016 thousand I$)","1000 Int$",2009,2745774,"Other pulses n.e.c.","no"
NA,"World",NA,NA,"Pulses (dried leguminous vegetables)","Gross Production Value (constant 2014-2016 thousand I$)","1000 Int$",2010,2785476,"Other pulses n.e.c.","no"
NA,"World",NA,NA,"Pulses (dried leguminous vegetables)","Gross Production Value (constant 2014-2016 thousand I$)","1000 Int$",2011,2884639,"Other pulses n.e.c.","no"
NA,"World",NA,NA,"Pulses (dried leguminous vegetables)","Gross Production Value (constant 2014-2016 thousand I$)","1000 Int$",2012,3367798,"Other pulses n.e.c.","no"
NA,"World",NA,NA,"Pulses (dried leguminous vegetables)","Gross Production Value (constant 2014-2016 thousand I$)","1000 Int$",2013,3661910,"Other pulses n.e.c.","no"
NA,"World",NA,NA,"Pulses (dried leguminous vegetables)","Gross Production Value (constant 2014-2016 thousand I$)","1000 Int$",2014,3805296,"Other pulses n.e.c.","no"
NA,"World",NA,NA,"Pulses (dried leguminous vegetables)","Gross Production Value (constant 2014-2016 thousand I$)","1000 Int$",2015,3784249,"Other pulses n.e.c.","no"
NA,"World",NA,NA,"Pulses (dried leguminous vegetables)","Gross Production Value (constant 2014-2016 thousand I$)","1000 Int$",2016,3375015,"Other pulses n.e.c.","no"
NA,"World",NA,NA,"Pulses (dried leguminous vegetables)","Gross Production Value (constant 2014-2016 thousand I$)","1000 Int$",2017,3466056,"Other pulses n.e.c.","no"
NA,"World",NA,NA,"Pulses (dried leguminous vegetables)","Gross Production Value (constant 2014-2016 thousand I$)","1000 Int$",2018,3958592,"Other pulses n.e.c.","no"
NA,"World",NA,NA,"Pulses (dried leguminous vegetables)","Gross Production Value (constant 2014-2016 thousand I$)","1000 Int$",2019,3674201,"Other pulses n.e.c.","no"
NA,"World",NA,NA,"Pulses (dried leguminous vegetables)","Gross Production Value (constant 2014-2016 thousand I$)","1000 Int$",2020,4116875,"Other pulses n.e.c.","no"
NA,"World",NA,NA,"Pulses (dried leguminous vegetables)","Gross Production Value (constant 2014-2016 thousand I$)","1000 Int$",2021,4265992,"Other pulses n.e.c.","no"
NA,"World",NA,NA,"Pulses (dried leguminous vegetables)","Gross Production Value (constant 2014-2016 thousand I$)","1000 Int$",2022,4246768,"Other pulses n.e.c.","no"
NA,"World",NA,NA,"Pulses (dried leguminous vegetables)","Gross Production Value (constant 2014-2016 thousand I$)","1000 Int$",2023,4320937,"Other pulses n.e.c.","no"
NA,"World",NA,NA,"Pulses (dried leguminous vegetables)","Gross Production Value (constant 2014-2016 thousand US$)","1000 USD",1992,1787591,"Other pulses n.e.c.","no"
NA,"World",NA,NA,"Pulses (dried leguminous vegetables)","Gross Production Value (constant 2014-2016 thousand US$)","1000 USD",1993,2532278,"Other pulses n.e.c.","no"
NA,"World",NA,NA,"Pulses (dried leguminous vegetables)","Gross Production Value (constant 2014-2016 thousand US$)","1000 USD",1994,2770294,"Other pulses n.e.c.","no"
NA,"World",NA,NA,"Pulses (dried leguminous vegetables)","Gross Production Value (constant 2014-2016 thousand US$)","1000 USD",1995,3060803,"Other pulses n.e.c.","no"
NA,"World",NA,NA,"Pulses (dried leguminous vegetables)","Gross Production Value (constant 2014-2016 thousand US$)","1000 USD",1996,2407843,"Other pulses n.e.c.","no"
NA,"World",NA,NA,"Pulses (dried leguminous vegetables)","Gross Production Value (constant 2014-2016 thousand US$)","1000 USD",1997,2674165,"Other pulses n.e.c.","no"
NA,"World",NA,NA,"Pulses (dried leguminous vegetables)","Gross Production Value (constant 2014-2016 thousand US$)","1000 USD",1998,2378387,"Other pulses n.e.c.","no"
NA,"World",NA,NA,"Pulses (dried leguminous vegetables)","Gross Production Value (constant 2014-2016 thousand US$)","1000 USD",1999,2520794,"Other pulses n.e.c.","no"
NA,"World",NA,NA,"Pulses (dried leguminous vegetables)","Gross Production Value (constant 2014-2016 thousand US$)","1000 USD",2000,2597255,"Other pulses n.e.c.","no"
NA,"World",NA,NA,"Pulses (dried leguminous vegetables)","Gross Production Value (constant 2014-2016 thousand US$)","1000 USD",2001,2948785,"Other pulses n.e.c.","no"
NA,"World",NA,NA,"Pulses (dried leguminous vegetables)","Gross Production Value (constant 2014-2016 thousand US$)","1000 USD",2002,2618226,"Other pulses n.e.c.","no"
NA,"World",NA,NA,"Pulses (dried leguminous vegetables)","Gross Production Value (constant 2014-2016 thousand US$)","1000 USD",2003,2108869,"Other pulses n.e.c.","no"
NA,"World",NA,NA,"Pulses (dried leguminous vegetables)","Gross Production Value (constant 2014-2016 thousand US$)","1000 USD",2004,2356619,"Other pulses n.e.c.","no"
NA,"World",NA,NA,"Pulses (dried leguminous vegetables)","Gross Production Value (constant 2014-2016 thousand US$)","1000 USD",2005,2093950,"Other pulses n.e.c.","no"
NA,"World",NA,NA,"Pulses (dried leguminous vegetables)","Gross Production Value (constant 2014-2016 thousand US$)","1000 USD",2006,2184483,"Other pulses n.e.c.","no"
NA,"World",NA,NA,"Pulses (dried leguminous vegetables)","Gross Production Value (constant 2014-2016 thousand US$)","1000 USD",2007,2088553,"Other pulses n.e.c.","no"
NA,"World",NA,NA,"Pulses (dried leguminous vegetables)","Gross Production Value (constant 2014-2016 thousand US$)","1000 USD",2008,2060316,"Other pulses n.e.c.","no"
NA,"World",NA,NA,"Pulses (dried leguminous vegetables)","Gross Production Value (constant 2014-2016 thousand US$)","1000 USD",2009,2150090,"Other pulses n.e.c.","no"
NA,"World",NA,NA,"Pulses (dried leguminous vegetables)","Gross Production Value (constant 2014-2016 thousand US$)","1000 USD",2010,2233483,"Other pulses n.e.c.","no"
NA,"World",NA,NA,"Pulses (dried leguminous vegetables)","Gross Production Value (constant 2014-2016 thousand US$)","1000 USD",2011,2202139,"Other pulses n.e.c.","no"
NA,"World",NA,NA,"Pulses (dried leguminous vegetables)","Gross Production Value (constant 2014-2016 thousand US$)","1000 USD",2012,2664513,"Other pulses n.e.c.","no"
NA,"World",NA,NA,"Pulses (dried leguminous vegetables)","Gross Production Value (constant 2014-2016 thousand US$)","1000 USD",2013,2944254,"Other pulses n.e.c.","no"
NA,"World",NA,NA,"Pulses (dried leguminous vegetables)","Gross Production Value (constant 2014-2016 thousand US$)","1000 USD",2014,3079314,"Other pulses n.e.c.","no"
NA,"World",NA,NA,"Pulses (dried leguminous vegetables)","Gross Production Value (constant 2014-2016 thousand US$)","1000 USD",2015,2992874,"Other pulses n.e.c.","no"
NA,"World",NA,NA,"Pulses (dried leguminous vegetables)","Gross Production Value (constant 2014-2016 thousand US$)","1000 USD",2016,2810916,"Other pulses n.e.c.","no"
NA,"World",NA,NA,"Pulses (dried leguminous vegetables)","Gross Production Value (constant 2014-2016 thousand US$)","1000 USD",2017,2872442,"Other pulses n.e.c.","no"
NA,"World",NA,NA,"Pulses (dried leguminous vegetables)","Gross Production Value (constant 2014-2016 thousand US$)","1000 USD",2018,3390430,"Other pulses n.e.c.","no"
NA,"World",NA,NA,"Pulses (dried leguminous vegetables)","Gross Production Value (constant 2014-2016 thousand US$)","1000 USD",2019,3222321,"Other pulses n.e.c.","no"
NA,"World",NA,NA,"Pulses (dried leguminous vegetables)","Gross Production Value (constant 2014-2016 thousand US$)","1000 USD",2020,3497085,"Other pulses n.e.c.","no"
NA,"World",NA,NA,"Pulses (dried leguminous vegetables)","Gross Production Value (constant 2014-2016 thousand US$)","1000 USD",2021,3546389,"Other pulses n.e.c.","no"
NA,"World",NA,NA,"Pulses (dried leguminous vegetables)","Gross Production Value (constant 2014-2016 thousand US$)","1000 USD",2022,3487182,"Other pulses n.e.c.","no"
NA,"World",NA,NA,"Pulses (dried leguminous vegetables)","Gross Production Value (constant 2014-2016 thousand US$)","1000 USD",2023,3452074,"Other pulses n.e.c.","no"
NA,"World",NA,NA,"Stimulant, spice and aromatic crops","Gross Production Value (constant 2014-2016 thousand I$)","1000 Int$",1992,775568,"Other stimulant, spice and aromatic crops, n.e.c.","no"
NA,"World",NA,NA,"Stimulant, spice and aromatic crops","Gross Production Value (constant 2014-2016 thousand I$)","1000 Int$",1993,1086430,"Other stimulant, spice and aromatic crops, n.e.c.","no"
NA,"World",NA,NA,"Stimulant, spice and aromatic crops","Gross Production Value (constant 2014-2016 thousand I$)","1000 Int$",1994,1006290,"Other stimulant, spice and aromatic crops, n.e.c.","no"
NA,"World",NA,NA,"Stimulant, spice and aromatic crops","Gross Production Value (constant 2014-2016 thousand I$)","1000 Int$",1995,865871,"Other stimulant, spice and aromatic crops, n.e.c.","no"
NA,"World",NA,NA,"Stimulant, spice and aromatic crops","Gross Production Value (constant 2014-2016 thousand I$)","1000 Int$",1996,994944,"Other stimulant, spice and aromatic crops, n.e.c.","no"
NA,"World",NA,NA,"Stimulant, spice and aromatic crops","Gross Production Value (constant 2014-2016 thousand I$)","1000 Int$",1997,1000877,"Other stimulant, spice and aromatic crops, n.e.c.","no"
NA,"World",NA,NA,"Stimulant, spice and aromatic crops","Gross Production Value (constant 2014-2016 thousand I$)","1000 Int$",1998,1097783,"Other stimulant, spice and aromatic crops, n.e.c.","no"
NA,"World",NA,NA,"Stimulant, spice and aromatic crops","Gross Production Value (constant 2014-2016 thousand I$)","1000 Int$",1999,1120513,"Other stimulant, spice and aromatic crops, n.e.c.","no"
NA,"World",NA,NA,"Stimulant, spice and aromatic crops","Gross Production Value (constant 2014-2016 thousand I$)","1000 Int$",2000,1179111,"Other stimulant, spice and aromatic crops, n.e.c.","no"
NA,"World",NA,NA,"Stimulant, spice and aromatic crops","Gross Production Value (constant 2014-2016 thousand I$)","1000 Int$",2001,1128167,"Other stimulant, spice and aromatic crops, n.e.c.","no"
NA,"World",NA,NA,"Stimulant, spice and aromatic crops","Gross Production Value (constant 2014-2016 thousand I$)","1000 Int$",2002,1039691,"Other stimulant, spice and aromatic crops, n.e.c.","no"
NA,"World",NA,NA,"Stimulant, spice and aromatic crops","Gross Production Value (constant 2014-2016 thousand I$)","1000 Int$",2003,1235332,"Other stimulant, spice and aromatic crops, n.e.c.","no"
NA,"World",NA,NA,"Stimulant, spice and aromatic crops","Gross Production Value (constant 2014-2016 thousand I$)","1000 Int$",2004,1283128,"Other stimulant, spice and aromatic crops, n.e.c.","no"
NA,"World",NA,NA,"Stimulant, spice and aromatic crops","Gross Production Value (constant 2014-2016 thousand I$)","1000 Int$",2005,1453803,"Other stimulant, spice and aromatic crops, n.e.c.","no"
NA,"World",NA,NA,"Stimulant, spice and aromatic crops","Gross Production Value (constant 2014-2016 thousand I$)","1000 Int$",2006,1437397,"Other stimulant, spice and aromatic crops, n.e.c.","no"
NA,"World",NA,NA,"Stimulant, spice and aromatic crops","Gross Production Value (constant 2014-2016 thousand I$)","1000 Int$",2007,1710397,"Other stimulant, spice and aromatic crops, n.e.c.","no"
NA,"World",NA,NA,"Stimulant, spice and aromatic crops","Gross Production Value (constant 2014-2016 thousand I$)","1000 Int$",2008,1679222,"Other stimulant, spice and aromatic crops, n.e.c.","no"
NA,"World",NA,NA,"Stimulant, spice and aromatic crops","Gross Production Value (constant 2014-2016 thousand I$)","1000 Int$",2009,1858513,"Other stimulant, spice and aromatic crops, n.e.c.","no"
NA,"World",NA,NA,"Stimulant, spice and aromatic crops","Gross Production Value (constant 2014-2016 thousand I$)","1000 Int$",2010,2340748,"Other stimulant, spice and aromatic crops, n.e.c.","no"
NA,"World",NA,NA,"Stimulant, spice and aromatic crops","Gross Production Value (constant 2014-2016 thousand I$)","1000 Int$",2011,2616314,"Other stimulant, spice and aromatic crops, n.e.c.","no"
NA,"World",NA,NA,"Stimulant, spice and aromatic crops","Gross Production Value (constant 2014-2016 thousand I$)","1000 Int$",2012,2470957,"Other stimulant, spice and aromatic crops, n.e.c.","no"
NA,"World",NA,NA,"Stimulant, spice and aromatic crops","Gross Production Value (constant 2014-2016 thousand I$)","1000 Int$",2013,2632104,"Other stimulant, spice and aromatic crops, n.e.c.","no"
NA,"World",NA,NA,"Stimulant, spice and aromatic crops","Gross Production Value (constant 2014-2016 thousand I$)","1000 Int$",2014,2633888,"Other stimulant, spice and aromatic crops, n.e.c.","no"
NA,"World",NA,NA,"Stimulant, spice and aromatic crops","Gross Production Value (constant 2014-2016 thousand I$)","1000 Int$",2015,2383116,"Other stimulant, spice and aromatic crops, n.e.c.","no"
NA,"World",NA,NA,"Stimulant, spice and aromatic crops","Gross Production Value (constant 2014-2016 thousand I$)","1000 Int$",2016,2621136,"Other stimulant, spice and aromatic crops, n.e.c.","no"
NA,"World",NA,NA,"Stimulant, spice and aromatic crops","Gross Production Value (constant 2014-2016 thousand I$)","1000 Int$",2017,2689620,"Other stimulant, spice and aromatic crops, n.e.c.","no"
NA,"World",NA,NA,"Stimulant, spice and aromatic crops","Gross Production Value (constant 2014-2016 thousand I$)","1000 Int$",2018,2614392,"Other stimulant, spice and aromatic crops, n.e.c.","no"
NA,"World",NA,NA,"Stimulant, spice and aromatic crops","Gross Production Value (constant 2014-2016 thousand I$)","1000 Int$",2019,2693682,"Other stimulant, spice and aromatic crops, n.e.c.","no"
NA,"World",NA,NA,"Stimulant, spice and aromatic crops","Gross Production Value (constant 2014-2016 thousand I$)","1000 Int$",2020,2956682,"Other stimulant, spice and aromatic crops, n.e.c.","no"
NA,"World",NA,NA,"Stimulant, spice and aromatic crops","Gross Production Value (constant 2014-2016 thousand I$)","1000 Int$",2021,2988249,"Other stimulant, spice and aromatic crops, n.e.c.","no"
NA,"World",NA,NA,"Stimulant, spice and aromatic crops","Gross Production Value (constant 2014-2016 thousand I$)","1000 Int$",2022,2947700,"Other stimulant, spice and aromatic crops, n.e.c.","no"
NA,"World",NA,NA,"Stimulant, spice and aromatic crops","Gross Production Value (constant 2014-2016 thousand I$)","1000 Int$",2023,3007081,"Other stimulant, spice and aromatic crops, n.e.c.","no"
NA,"World",NA,NA,"Stimulant, spice and aromatic crops","Gross Production Value (constant 2014-2016 thousand US$)","1000 USD",1992,1488936,"Other stimulant, spice and aromatic crops, n.e.c.","no"
NA,"World",NA,NA,"Stimulant, spice and aromatic crops","Gross Production Value (constant 2014-2016 thousand US$)","1000 USD",1993,1851030,"Other stimulant, spice and aromatic crops, n.e.c.","no"
NA,"World",NA,NA,"Stimulant, spice and aromatic crops","Gross Production Value (constant 2014-2016 thousand US$)","1000 USD",1994,1939804,"Other stimulant, spice and aromatic crops, n.e.c.","no"
NA,"World",NA,NA,"Stimulant, spice and aromatic crops","Gross Production Value (constant 2014-2016 thousand US$)","1000 USD",1995,1842470,"Other stimulant, spice and aromatic crops, n.e.c.","no"
NA,"World",NA,NA,"Stimulant, spice and aromatic crops","Gross Production Value (constant 2014-2016 thousand US$)","1000 USD",1996,1815940,"Other stimulant, spice and aromatic crops, n.e.c.","no"
NA,"World",NA,NA,"Stimulant, spice and aromatic crops","Gross Production Value (constant 2014-2016 thousand US$)","1000 USD",1997,1720042,"Other stimulant, spice and aromatic crops, n.e.c.","no"
NA,"World",NA,NA,"Stimulant, spice and aromatic crops","Gross Production Value (constant 2014-2016 thousand US$)","1000 USD",1998,1918804,"Other stimulant, spice and aromatic crops, n.e.c.","no"
NA,"World",NA,NA,"Stimulant, spice and aromatic crops","Gross Production Value (constant 2014-2016 thousand US$)","1000 USD",1999,1976332,"Other stimulant, spice and aromatic crops, n.e.c.","no"
NA,"World",NA,NA,"Stimulant, spice and aromatic crops","Gross Production Value (constant 2014-2016 thousand US$)","1000 USD",2000,2088707,"Other stimulant, spice and aromatic crops, n.e.c.","no"
NA,"World",NA,NA,"Stimulant, spice and aromatic crops","Gross Production Value (constant 2014-2016 thousand US$)","1000 USD",2001,2008973,"Other stimulant, spice and aromatic crops, n.e.c.","no"
NA,"World",NA,NA,"Stimulant, spice and aromatic crops","Gross Production Value (constant 2014-2016 thousand US$)","1000 USD",2002,1961329,"Other stimulant, spice and aromatic crops, n.e.c.","no"
NA,"World",NA,NA,"Stimulant, spice and aromatic crops","Gross Production Value (constant 2014-2016 thousand US$)","1000 USD",2003,2106479,"Other stimulant, spice and aromatic crops, n.e.c.","no"
NA,"World",NA,NA,"Stimulant, spice and aromatic crops","Gross Production Value (constant 2014-2016 thousand US$)","1000 USD",2004,2178982,"Other stimulant, spice and aromatic crops, n.e.c.","no"
NA,"World",NA,NA,"Stimulant, spice and aromatic crops","Gross Production Value (constant 2014-2016 thousand US$)","1000 USD",2005,2424840,"Other stimulant, spice and aromatic crops, n.e.c.","no"
NA,"World",NA,NA,"Stimulant, spice and aromatic crops","Gross Production Value (constant 2014-2016 thousand US$)","1000 USD",2006,2340802,"Other stimulant, spice and aromatic crops, n.e.c.","no"
NA,"World",NA,NA,"Stimulant, spice and aromatic crops","Gross Production Value (constant 2014-2016 thousand US$)","1000 USD",2007,2602210,"Other stimulant, spice and aromatic crops, n.e.c.","no"
NA,"World",NA,NA,"Stimulant, spice and aromatic crops","Gross Production Value (constant 2014-2016 thousand US$)","1000 USD",2008,2541560,"Other stimulant, spice and aromatic crops, n.e.c.","no"
NA,"World",NA,NA,"Stimulant, spice and aromatic crops","Gross Production Value (constant 2014-2016 thousand US$)","1000 USD",2009,2724998,"Other stimulant, spice and aromatic crops, n.e.c.","no"
NA,"World",NA,NA,"Stimulant, spice and aromatic crops","Gross Production Value (constant 2014-2016 thousand US$)","1000 USD",2010,3124285,"Other stimulant, spice and aromatic crops, n.e.c.","no"
NA,"World",NA,NA,"Stimulant, spice and aromatic crops","Gross Production Value (constant 2014-2016 thousand US$)","1000 USD",2011,3442338,"Other stimulant, spice and aromatic crops, n.e.c.","no"
NA,"World",NA,NA,"Stimulant, spice and aromatic crops","Gross Production Value (constant 2014-2016 thousand US$)","1000 USD",2012,3614893,"Other stimulant, spice and aromatic crops, n.e.c.","no"
NA,"World",NA,NA,"Stimulant, spice and aromatic crops","Gross Production Value (constant 2014-2016 thousand US$)","1000 USD",2013,3941969,"Other stimulant, spice and aromatic crops, n.e.c.","no"
NA,"World",NA,NA,"Stimulant, spice and aromatic crops","Gross Production Value (constant 2014-2016 thousand US$)","1000 USD",2014,3976143,"Other stimulant, spice and aromatic crops, n.e.c.","no"
NA,"World",NA,NA,"Stimulant, spice and aromatic crops","Gross Production Value (constant 2014-2016 thousand US$)","1000 USD",2015,3787627,"Other stimulant, spice and aromatic crops, n.e.c.","no"
NA,"World",NA,NA,"Stimulant, spice and aromatic crops","Gross Production Value (constant 2014-2016 thousand US$)","1000 USD",2016,4128544,"Other stimulant, spice and aromatic crops, n.e.c.","no"
NA,"World",NA,NA,"Stimulant, spice and aromatic crops","Gross Production Value (constant 2014-2016 thousand US$)","1000 USD",2017,4090809,"Other stimulant, spice and aromatic crops, n.e.c.","no"
NA,"World",NA,NA,"Stimulant, spice and aromatic crops","Gross Production Value (constant 2014-2016 thousand US$)","1000 USD",2018,4126389,"Other stimulant, spice and aromatic crops, n.e.c.","no"
NA,"World",NA,NA,"Stimulant, spice and aromatic crops","Gross Production Value (constant 2014-2016 thousand US$)","1000 USD",2019,4123596,"Other stimulant, spice and aromatic crops, n.e.c.","no"
NA,"World",NA,NA,"Stimulant, spice and aromatic crops","Gross Production Value (constant 2014-2016 thousand US$)","1000 USD",2020,4421274,"Other stimulant, spice and aromatic crops, n.e.c.","no"
NA,"World",NA,NA,"Stimulant, spice and aromatic crops","Gross Production Value (constant 2014-2016 thousand US$)","1000 USD",2021,5248908,"Other stimulant, spice and aromatic crops, n.e.c.","no"
NA,"World",NA,NA,"Stimulant, spice and aromatic crops","Gross Production Value (constant 2014-2016 thousand US$)","1000 USD",2022,5134204,"Other stimulant, spice and aromatic crops, n.e.c.","no"
NA,"World",NA,NA,"Stimulant, spice and aromatic crops","Gross Production Value (constant 2014-2016 thousand US$)","1000 USD",2023,5312064,"Other stimulant, spice and aromatic crops, n.e.c.","no"
NA,"World",NA,NA,"Fruits and nuts","Gross Production Value (constant 2014-2016 thousand I$)","1000 Int$",1992,765750,"Other stone fruits","no"
NA,"World",NA,NA,"Fruits and nuts","Gross Production Value (constant 2014-2016 thousand I$)","1000 Int$",1993,781140,"Other stone fruits","no"
NA,"World",NA,NA,"Fruits and nuts","Gross Production Value (constant 2014-2016 thousand I$)","1000 Int$",1994,868733,"Other stone fruits","no"
NA,"World",NA,NA,"Fruits and nuts","Gross Production Value (constant 2014-2016 thousand I$)","1000 Int$",1995,990986,"Other stone fruits","no"
NA,"World",NA,NA,"Fruits and nuts","Gross Production Value (constant 2014-2016 thousand I$)","1000 Int$",1996,1041563,"Other stone fruits","no"
NA,"World",NA,NA,"Fruits and nuts","Gross Production Value (constant 2014-2016 thousand I$)","1000 Int$",1997,1070034,"Other stone fruits","no"
NA,"World",NA,NA,"Fruits and nuts","Gross Production Value (constant 2014-2016 thousand I$)","1000 Int$",1998,1132424,"Other stone fruits","no"
NA,"World",NA,NA,"Fruits and nuts","Gross Production Value (constant 2014-2016 thousand I$)","1000 Int$",1999,1276027,"Other stone fruits","no"
NA,"World",NA,NA,"Fruits and nuts","Gross Production Value (constant 2014-2016 thousand I$)","1000 Int$",2000,1313208,"Other stone fruits","no"
NA,"World",NA,NA,"Fruits and nuts","Gross Production Value (constant 2014-2016 thousand I$)","1000 Int$",2001,1422332,"Other stone fruits","no"
NA,"World",NA,NA,"Fruits and nuts","Gross Production Value (constant 2014-2016 thousand I$)","1000 Int$",2002,1303207,"Other stone fruits","no"
NA,"World",NA,NA,"Fruits and nuts","Gross Production Value (constant 2014-2016 thousand I$)","1000 Int$",2003,1587865,"Other stone fruits","no"
NA,"World",NA,NA,"Fruits and nuts","Gross Production Value (constant 2014-2016 thousand I$)","1000 Int$",2004,1402246,"Other stone fruits","no"
NA,"World",NA,NA,"Fruits and nuts","Gross Production Value (constant 2014-2016 thousand I$)","1000 Int$",2005,1754494,"Other stone fruits","no"
NA,"World",NA,NA,"Fruits and nuts","Gross Production Value (constant 2014-2016 thousand I$)","1000 Int$",2006,1706554,"Other stone fruits","no"
NA,"World",NA,NA,"Fruits and nuts","Gross Production Value (constant 2014-2016 thousand I$)","1000 Int$",2007,1742513,"Other stone fruits","no"
NA,"World",NA,NA,"Fruits and nuts","Gross Production Value (constant 2014-2016 thousand I$)","1000 Int$",2008,1487571,"Other stone fruits","no"
NA,"World",NA,NA,"Fruits and nuts","Gross Production Value (constant 2014-2016 thousand I$)","1000 Int$",2009,1483108,"Other stone fruits","no"
NA,"World",NA,NA,"Fruits and nuts","Gross Production Value (constant 2014-2016 thousand I$)","1000 Int$",2010,1520287,"Other stone fruits","no"
NA,"World",NA,NA,"Fruits and nuts","Gross Production Value (constant 2014-2016 thousand I$)","1000 Int$",2011,1683410,"Other stone fruits","no"
NA,"World",NA,NA,"Fruits and nuts","Gross Production Value (constant 2014-2016 thousand I$)","1000 Int$",2012,1770044,"Other stone fruits","no"
NA,"World",NA,NA,"Fruits and nuts","Gross Production Value (constant 2014-2016 thousand I$)","1000 Int$",2013,1868271,"Other stone fruits","no"
NA,"World",NA,NA,"Fruits and nuts","Gross Production Value (constant 2014-2016 thousand I$)","1000 Int$",2014,2048035,"Other stone fruits","no"
NA,"World",NA,NA,"Fruits and nuts","Gross Production Value (constant 2014-2016 thousand I$)","1000 Int$",2015,2067768,"Other stone fruits","no"
NA,"World",NA,NA,"Fruits and nuts","Gross Production Value (constant 2014-2016 thousand I$)","1000 Int$",2016,1981420,"Other stone fruits","no"
NA,"World",NA,NA,"Fruits and nuts","Gross Production Value (constant 2014-2016 thousand I$)","1000 Int$",2017,2031778,"Other stone fruits","no"
NA,"World",NA,NA,"Fruits and nuts","Gross Production Value (constant 2014-2016 thousand I$)","1000 Int$",2018,1961853,"Other stone fruits","no"
NA,"World",NA,NA,"Fruits and nuts","Gross Production Value (constant 2014-2016 thousand I$)","1000 Int$",2019,1906267,"Other stone fruits","no"
NA,"World",NA,NA,"Fruits and nuts","Gross Production Value (constant 2014-2016 thousand I$)","1000 Int$",2020,2029551,"Other stone fruits","no"
NA,"World",NA,NA,"Fruits and nuts","Gross Production Value (constant 2014-2016 thousand I$)","1000 Int$",2021,2016154,"Other stone fruits","no"
NA,"World",NA,NA,"Fruits and nuts","Gross Production Value (constant 2014-2016 thousand I$)","1000 Int$",2022,2083887,"Other stone fruits","no"
NA,"World",NA,NA,"Fruits and nuts","Gross Production Value (constant 2014-2016 thousand I$)","1000 Int$",2023,2092949,"Other stone fruits","no"
NA,"World",NA,NA,"Fruits and nuts","Gross Production Value (constant 2014-2016 thousand US$)","1000 USD",1992,594356,"Other stone fruits","no"
NA,"World",NA,NA,"Fruits and nuts","Gross Production Value (constant 2014-2016 thousand US$)","1000 USD",1993,711039,"Other stone fruits","no"
NA,"World",NA,NA,"Fruits and nuts","Gross Production Value (constant 2014-2016 thousand US$)","1000 USD",1994,1007885,"Other stone fruits","no"
NA,"World",NA,NA,"Fruits and nuts","Gross Production Value (constant 2014-2016 thousand US$)","1000 USD",1995,1232499,"Other stone fruits","no"
NA,"World",NA,NA,"Fruits and nuts","Gross Production Value (constant 2014-2016 thousand US$)","1000 USD",1996,1545328,"Other stone fruits","no"
NA,"World",NA,NA,"Fruits and nuts","Gross Production Value (constant 2014-2016 thousand US$)","1000 USD",1997,1863969,"Other stone fruits","no"
NA,"World",NA,NA,"Fruits and nuts","Gross Production Value (constant 2014-2016 thousand US$)","1000 USD",1998,2175160,"Other stone fruits","no"
NA,"World",NA,NA,"Fruits and nuts","Gross Production Value (constant 2014-2016 thousand US$)","1000 USD",1999,2837729,"Other stone fruits","no"
NA,"World",NA,NA,"Fruits and nuts","Gross Production Value (constant 2014-2016 thousand US$)","1000 USD",2000,2653173,"Other stone fruits","no"
NA,"World",NA,NA,"Fruits and nuts","Gross Production Value (constant 2014-2016 thousand US$)","1000 USD",2001,3163322,"Other stone fruits","no"
NA,"World",NA,NA,"Fruits and nuts","Gross Production Value (constant 2014-2016 thousand US$)","1000 USD",2002,3432975,"Other stone fruits","no"
NA,"World",NA,NA,"Fruits and nuts","Gross Production Value (constant 2014-2016 thousand US$)","1000 USD",2003,3337090,"Other stone fruits","no"
NA,"World",NA,NA,"Fruits and nuts","Gross Production Value (constant 2014-2016 thousand US$)","1000 USD",2004,3426784,"Other stone fruits","no"
NA,"World",NA,NA,"Fruits and nuts","Gross Production Value (constant 2014-2016 thousand US$)","1000 USD",2005,4139435,"Other stone fruits","no"
NA,"World",NA,NA,"Fruits and nuts","Gross Production Value (constant 2014-2016 thousand US$)","1000 USD",2006,4584535,"Other stone fruits","no"
NA,"World",NA,NA,"Fruits and nuts","Gross Production Value (constant 2014-2016 thousand US$)","1000 USD",2007,3652539,"Other stone fruits","no"
NA,"World",NA,NA,"Fruits and nuts","Gross Production Value (constant 2014-2016 thousand US$)","1000 USD",2008,4050321,"Other stone fruits","no"
NA,"World",NA,NA,"Fruits and nuts","Gross Production Value (constant 2014-2016 thousand US$)","1000 USD",2009,4205209,"Other stone fruits","no"
NA,"World",NA,NA,"Fruits and nuts","Gross Production Value (constant 2014-2016 thousand US$)","1000 USD",2010,4348637,"Other stone fruits","no"
NA,"World",NA,NA,"Fruits and nuts","Gross Production Value (constant 2014-2016 thousand US$)","1000 USD",2011,4618722,"Other stone fruits","no"
NA,"World",NA,NA,"Fruits and nuts","Gross Production Value (constant 2014-2016 thousand US$)","1000 USD",2012,4752976,"Other stone fruits","no"
NA,"World",NA,NA,"Fruits and nuts","Gross Production Value (constant 2014-2016 thousand US$)","1000 USD",2013,4920570,"Other stone fruits","no"
NA,"World",NA,NA,"Fruits and nuts","Gross Production Value (constant 2014-2016 thousand US$)","1000 USD",2014,5069332,"Other stone fruits","no"
NA,"World",NA,NA,"Fruits and nuts","Gross Production Value (constant 2014-2016 thousand US$)","1000 USD",2015,5311117,"Other stone fruits","no"
NA,"World",NA,NA,"Fruits and nuts","Gross Production Value (constant 2014-2016 thousand US$)","1000 USD",2016,5075690,"Other stone fruits","no"
NA,"World",NA,NA,"Fruits and nuts","Gross Production Value (constant 2014-2016 thousand US$)","1000 USD",2017,5296427,"Other stone fruits","no"
NA,"World",NA,NA,"Fruits and nuts","Gross Production Value (constant 2014-2016 thousand US$)","1000 USD",2018,5415053,"Other stone fruits","no"
NA,"World",NA,NA,"Fruits and nuts","Gross Production Value (constant 2014-2016 thousand US$)","1000 USD",2019,5255778,"Other stone fruits","no"
NA,"World",NA,NA,"Fruits and nuts","Gross Production Value (constant 2014-2016 thousand US$)","1000 USD",2020,5317853,"Other stone fruits","no"
NA,"World",NA,NA,"Fruits and nuts","Gross Production Value (constant 2014-2016 thousand US$)","1000 USD",2021,5334311,"Other stone fruits","no"
NA,"World",NA,NA,"Fruits and nuts","Gross Production Value (constant 2014-2016 thousand US$)","1000 USD",2022,5314340,"Other stone fruits","no"
NA,"World",NA,NA,"Fruits and nuts","Gross Production Value (constant 2014-2016 thousand US$)","1000 USD",2023,5328049,"Other stone fruits","no"
NA,"World",NA,NA,"Sugar crops","Gross Production Value (constant 2014-2016 thousand I$)","1000 Int$",1992,31485,"Other sugar crops n.e.c.","no"
NA,"World",NA,NA,"Sugar crops","Gross Production Value (constant 2014-2016 thousand I$)","1000 Int$",1993,31986,"Other sugar crops n.e.c.","no"
NA,"World",NA,NA,"Sugar crops","Gross Production Value (constant 2014-2016 thousand I$)","1000 Int$",1994,32514,"Other sugar crops n.e.c.","no"
NA,"World",NA,NA,"Sugar crops","Gross Production Value (constant 2014-2016 thousand I$)","1000 Int$",1995,32471,"Other sugar crops n.e.c.","no"
NA,"World",NA,NA,"Sugar crops","Gross Production Value (constant 2014-2016 thousand I$)","1000 Int$",1996,30103,"Other sugar crops n.e.c.","no"
NA,"World",NA,NA,"Sugar crops","Gross Production Value (constant 2014-2016 thousand I$)","1000 Int$",1997,30961,"Other sugar crops n.e.c.","no"
NA,"World",NA,NA,"Sugar crops","Gross Production Value (constant 2014-2016 thousand I$)","1000 Int$",1998,32387,"Other sugar crops n.e.c.","no"
NA,"World",NA,NA,"Sugar crops","Gross Production Value (constant 2014-2016 thousand I$)","1000 Int$",1999,33819,"Other sugar crops n.e.c.","no"
NA,"World",NA,NA,"Sugar crops","Gross Production Value (constant 2014-2016 thousand I$)","1000 Int$",2000,31924,"Other sugar crops n.e.c.","no"
NA,"World",NA,NA,"Sugar crops","Gross Production Value (constant 2014-2016 thousand I$)","1000 Int$",2001,32893,"Other sugar crops n.e.c.","no"
NA,"World",NA,NA,"Sugar crops","Gross Production Value (constant 2014-2016 thousand I$)","1000 Int$",2002,33036,"Other sugar crops n.e.c.","no"
NA,"World",NA,NA,"Sugar crops","Gross Production Value (constant 2014-2016 thousand I$)","1000 Int$",2003,37033,"Other sugar crops n.e.c.","no"
NA,"World",NA,NA,"Sugar crops","Gross Production Value (constant 2014-2016 thousand I$)","1000 Int$",2004,36801,"Other sugar crops n.e.c.","no"
NA,"World",NA,NA,"Sugar crops","Gross Production Value (constant 2014-2016 thousand I$)","1000 Int$",2005,38692,"Other sugar crops n.e.c.","no"
NA,"World",NA,NA,"Sugar crops","Gross Production Value (constant 2014-2016 thousand I$)","1000 Int$",2006,40874,"Other sugar crops n.e.c.","no"
NA,"World",NA,NA,"Sugar crops","Gross Production Value (constant 2014-2016 thousand I$)","1000 Int$",2007,38230,"Other sugar crops n.e.c.","no"
NA,"World",NA,NA,"Sugar crops","Gross Production Value (constant 2014-2016 thousand I$)","1000 Int$",2008,36955,"Other sugar crops n.e.c.","no"
NA,"World",NA,NA,"Sugar crops","Gross Production Value (constant 2014-2016 thousand I$)","1000 Int$",2009,37899,"Other sugar crops n.e.c.","no"
NA,"World",NA,NA,"Sugar crops","Gross Production Value (constant 2014-2016 thousand I$)","1000 Int$",2010,37909,"Other sugar crops n.e.c.","no"
NA,"World",NA,NA,"Sugar crops","Gross Production Value (constant 2014-2016 thousand I$)","1000 Int$",2011,39763,"Other sugar crops n.e.c.","no"
NA,"World",NA,NA,"Sugar crops","Gross Production Value (constant 2014-2016 thousand I$)","1000 Int$",2012,39135,"Other sugar crops n.e.c.","no"
NA,"World",NA,NA,"Sugar crops","Gross Production Value (constant 2014-2016 thousand I$)","1000 Int$",2013,39846,"Other sugar crops n.e.c.","no"
NA,"World",NA,NA,"Sugar crops","Gross Production Value (constant 2014-2016 thousand I$)","1000 Int$",2014,41058,"Other sugar crops n.e.c.","no"
NA,"World",NA,NA,"Sugar crops","Gross Production Value (constant 2014-2016 thousand I$)","1000 Int$",2015,40241,"Other sugar crops n.e.c.","no"
NA,"World",NA,NA,"Sugar crops","Gross Production Value (constant 2014-2016 thousand I$)","1000 Int$",2016,39109,"Other sugar crops n.e.c.","no"
NA,"World",NA,NA,"Sugar crops","Gross Production Value (constant 2014-2016 thousand I$)","1000 Int$",2017,38830,"Other sugar crops n.e.c.","no"
NA,"World",NA,NA,"Sugar crops","Gross Production Value (constant 2014-2016 thousand I$)","1000 Int$",2018,39626,"Other sugar crops n.e.c.","no"
NA,"World",NA,NA,"Sugar crops","Gross Production Value (constant 2014-2016 thousand I$)","1000 Int$",2019,37926,"Other sugar crops n.e.c.","no"
NA,"World",NA,NA,"Sugar crops","Gross Production Value (constant 2014-2016 thousand I$)","1000 Int$",2020,36432,"Other sugar crops n.e.c.","no"
NA,"World",NA,NA,"Sugar crops","Gross Production Value (constant 2014-2016 thousand I$)","1000 Int$",2021,36996,"Other sugar crops n.e.c.","no"
NA,"World",NA,NA,"Sugar crops","Gross Production Value (constant 2014-2016 thousand I$)","1000 Int$",2022,37112,"Other sugar crops n.e.c.","no"
NA,"World",NA,NA,"Sugar crops","Gross Production Value (constant 2014-2016 thousand I$)","1000 Int$",2023,37719,"Other sugar crops n.e.c.","no"
NA,"World",NA,NA,"Sugar crops","Gross Production Value (constant 2014-2016 thousand US$)","1000 USD",1992,22741,"Other sugar crops n.e.c.","no"
NA,"World",NA,NA,"Sugar crops","Gross Production Value (constant 2014-2016 thousand US$)","1000 USD",1993,23902,"Other sugar crops n.e.c.","no"
NA,"World",NA,NA,"Sugar crops","Gross Production Value (constant 2014-2016 thousand US$)","1000 USD",1994,24356,"Other sugar crops n.e.c.","no"
NA,"World",NA,NA,"Sugar crops","Gross Production Value (constant 2014-2016 thousand US$)","1000 USD",1995,22733,"Other sugar crops n.e.c.","no"
NA,"World",NA,NA,"Sugar crops","Gross Production Value (constant 2014-2016 thousand US$)","1000 USD",1996,20888,"Other sugar crops n.e.c.","no"
NA,"World",NA,NA,"Sugar crops","Gross Production Value (constant 2014-2016 thousand US$)","1000 USD",1997,20767,"Other sugar crops n.e.c.","no"
NA,"World",NA,NA,"Sugar crops","Gross Production Value (constant 2014-2016 thousand US$)","1000 USD",1998,22013,"Other sugar crops n.e.c.","no"
NA,"World",NA,NA,"Sugar crops","Gross Production Value (constant 2014-2016 thousand US$)","1000 USD",1999,22507,"Other sugar crops n.e.c.","no"
NA,"World",NA,NA,"Sugar crops","Gross Production Value (constant 2014-2016 thousand US$)","1000 USD",2000,20869,"Other sugar crops n.e.c.","no"
NA,"World",NA,NA,"Sugar crops","Gross Production Value (constant 2014-2016 thousand US$)","1000 USD",2001,21197,"Other sugar crops n.e.c.","no"
NA,"World",NA,NA,"Sugar crops","Gross Production Value (constant 2014-2016 thousand US$)","1000 USD",2002,20295,"Other sugar crops n.e.c.","no"
NA,"World",NA,NA,"Sugar crops","Gross Production Value (constant 2014-2016 thousand US$)","1000 USD",2003,21115,"Other sugar crops n.e.c.","no"
NA,"World",NA,NA,"Sugar crops","Gross Production Value (constant 2014-2016 thousand US$)","1000 USD",2004,21893,"Other sugar crops n.e.c.","no"
NA,"World",NA,NA,"Sugar crops","Gross Production Value (constant 2014-2016 thousand US$)","1000 USD",2005,22917,"Other sugar crops n.e.c.","no"
NA,"World",NA,NA,"Sugar crops","Gross Production Value (constant 2014-2016 thousand US$)","1000 USD",2006,24802,"Other sugar crops n.e.c.","no"
NA,"World",NA,NA,"Sugar crops","Gross Production Value (constant 2014-2016 thousand US$)","1000 USD",2007,22746,"Other sugar crops n.e.c.","no"
NA,"World",NA,NA,"Sugar crops","Gross Production Value (constant 2014-2016 thousand US$)","1000 USD",2008,21281,"Other sugar crops n.e.c.","no"
NA,"World",NA,NA,"Sugar crops","Gross Production Value (constant 2014-2016 thousand US$)","1000 USD",2009,21060,"Other sugar crops n.e.c.","no"
NA,"World",NA,NA,"Sugar crops","Gross Production Value (constant 2014-2016 thousand US$)","1000 USD",2010,20724,"Other sugar crops n.e.c.","no"
NA,"World",NA,NA,"Sugar crops","Gross Production Value (constant 2014-2016 thousand US$)","1000 USD",2011,21886,"Other sugar crops n.e.c.","no"
NA,"World",NA,NA,"Sugar crops","Gross Production Value (constant 2014-2016 thousand US$)","1000 USD",2012,21184,"Other sugar crops n.e.c.","no"
NA,"World",NA,NA,"Sugar crops","Gross Production Value (constant 2014-2016 thousand US$)","1000 USD",2013,21561,"Other sugar crops n.e.c.","no"
NA,"World",NA,NA,"Sugar crops","Gross Production Value (constant 2014-2016 thousand US$)","1000 USD",2014,22364,"Other sugar crops n.e.c.","no"
NA,"World",NA,NA,"Sugar crops","Gross Production Value (constant 2014-2016 thousand US$)","1000 USD",2015,20820,"Other sugar crops n.e.c.","no"
NA,"World",NA,NA,"Sugar crops","Gross Production Value (constant 2014-2016 thousand US$)","1000 USD",2016,20344,"Other sugar crops n.e.c.","no"
NA,"World",NA,NA,"Sugar crops","Gross Production Value (constant 2014-2016 thousand US$)","1000 USD",2017,19678,"Other sugar crops n.e.c.","no"
NA,"World",NA,NA,"Sugar crops","Gross Production Value (constant 2014-2016 thousand US$)","1000 USD",2018,19867,"Other sugar crops n.e.c.","no"
NA,"World",NA,NA,"Sugar crops","Gross Production Value (constant 2014-2016 thousand US$)","1000 USD",2019,17804,"Other sugar crops n.e.c.","no"
NA,"World",NA,NA,"Sugar crops","Gross Production Value (constant 2014-2016 thousand US$)","1000 USD",2020,16802,"Other sugar crops n.e.c.","no"
NA,"World",NA,NA,"Sugar crops","Gross Production Value (constant 2014-2016 thousand US$)","1000 USD",2021,17181,"Other sugar crops n.e.c.","no"
NA,"World",NA,NA,"Sugar crops","Gross Production Value (constant 2014-2016 thousand US$)","1000 USD",2022,17250,"Other sugar crops n.e.c.","no"
NA,"World",NA,NA,"Sugar crops","Gross Production Value (constant 2014-2016 thousand US$)","1000 USD",2023,17925,"Other sugar crops n.e.c.","no"
NA,"World",NA,NA,"Fruits and nuts","Gross Production Value (constant 2014-2016 thousand I$)","1000 Int$",1992,6428744,"Other tropical fruits, n.e.c.","no"
NA,"World",NA,NA,"Fruits and nuts","Gross Production Value (constant 2014-2016 thousand I$)","1000 Int$",1993,6493222,"Other tropical fruits, n.e.c.","no"
NA,"World",NA,NA,"Fruits and nuts","Gross Production Value (constant 2014-2016 thousand I$)","1000 Int$",1994,6951137,"Other tropical fruits, n.e.c.","no"
NA,"World",NA,NA,"Fruits and nuts","Gross Production Value (constant 2014-2016 thousand I$)","1000 Int$",1995,7575048,"Other tropical fruits, n.e.c.","no"
NA,"World",NA,NA,"Fruits and nuts","Gross Production Value (constant 2014-2016 thousand I$)","1000 Int$",1996,8318426,"Other tropical fruits, n.e.c.","no"
NA,"World",NA,NA,"Fruits and nuts","Gross Production Value (constant 2014-2016 thousand I$)","1000 Int$",1997,6981584,"Other tropical fruits, n.e.c.","no"
NA,"World",NA,NA,"Fruits and nuts","Gross Production Value (constant 2014-2016 thousand I$)","1000 Int$",1998,6783997,"Other tropical fruits, n.e.c.","no"
NA,"World",NA,NA,"Fruits and nuts","Gross Production Value (constant 2014-2016 thousand I$)","1000 Int$",1999,6984449,"Other tropical fruits, n.e.c.","no"
NA,"World",NA,NA,"Fruits and nuts","Gross Production Value (constant 2014-2016 thousand I$)","1000 Int$",2000,8062015,"Other tropical fruits, n.e.c.","no"
NA,"World",NA,NA,"Fruits and nuts","Gross Production Value (constant 2014-2016 thousand I$)","1000 Int$",2001,8336229,"Other tropical fruits, n.e.c.","no"
NA,"World",NA,NA,"Fruits and nuts","Gross Production Value (constant 2014-2016 thousand I$)","1000 Int$",2002,9151858,"Other tropical fruits, n.e.c.","no"
NA,"World",NA,NA,"Fruits and nuts","Gross Production Value (constant 2014-2016 thousand I$)","1000 Int$",2003,9810409,"Other tropical fruits, n.e.c.","no"
NA,"World",NA,NA,"Fruits and nuts","Gross Production Value (constant 2014-2016 thousand I$)","1000 Int$",2004,10396696,"Other tropical fruits, n.e.c.","no"
NA,"World",NA,NA,"Fruits and nuts","Gross Production Value (constant 2014-2016 thousand I$)","1000 Int$",2005,10272978,"Other tropical fruits, n.e.c.","no"
NA,"World",NA,NA,"Fruits and nuts","Gross Production Value (constant 2014-2016 thousand I$)","1000 Int$",2006,10304172,"Other tropical fruits, n.e.c.","no"
NA,"World",NA,NA,"Fruits and nuts","Gross Production Value (constant 2014-2016 thousand I$)","1000 Int$",2007,10709661,"Other tropical fruits, n.e.c.","no"
NA,"World",NA,NA,"Fruits and nuts","Gross Production Value (constant 2014-2016 thousand I$)","1000 Int$",2008,10768375,"Other tropical fruits, n.e.c.","no"
NA,"World",NA,NA,"Fruits and nuts","Gross Production Value (constant 2014-2016 thousand I$)","1000 Int$",2009,11407132,"Other tropical fruits, n.e.c.","no"
NA,"World",NA,NA,"Fruits and nuts","Gross Production Value (constant 2014-2016 thousand I$)","1000 Int$",2010,11357629,"Other tropical fruits, n.e.c.","no"
NA,"World",NA,NA,"Fruits and nuts","Gross Production Value (constant 2014-2016 thousand I$)","1000 Int$",2011,11766046,"Other tropical fruits, n.e.c.","no"
NA,"World",NA,NA,"Fruits and nuts","Gross Production Value (constant 2014-2016 thousand I$)","1000 Int$",2012,12749243,"Other tropical fruits, n.e.c.","no"
NA,"World",NA,NA,"Fruits and nuts","Gross Production Value (constant 2014-2016 thousand I$)","1000 Int$",2013,13170826,"Other tropical fruits, n.e.c.","no"
NA,"World",NA,NA,"Fruits and nuts","Gross Production Value (constant 2014-2016 thousand I$)","1000 Int$",2014,13619322,"Other tropical fruits, n.e.c.","no"
NA,"World",NA,NA,"Fruits and nuts","Gross Production Value (constant 2014-2016 thousand I$)","1000 Int$",2015,14327581,"Other tropical fruits, n.e.c.","no"
NA,"World",NA,NA,"Fruits and nuts","Gross Production Value (constant 2014-2016 thousand I$)","1000 Int$",2016,14203617,"Other tropical fruits, n.e.c.","no"
NA,"World",NA,NA,"Fruits and nuts","Gross Production Value (constant 2014-2016 thousand I$)","1000 Int$",2017,14298237,"Other tropical fruits, n.e.c.","no"
NA,"World",NA,NA,"Fruits and nuts","Gross Production Value (constant 2014-2016 thousand I$)","1000 Int$",2018,15059798,"Other tropical fruits, n.e.c.","no"
NA,"World",NA,NA,"Fruits and nuts","Gross Production Value (constant 2014-2016 thousand I$)","1000 Int$",2019,15190645,"Other tropical fruits, n.e.c.","no"
NA,"World",NA,NA,"Fruits and nuts","Gross Production Value (constant 2014-2016 thousand I$)","1000 Int$",2020,15398152,"Other tropical fruits, n.e.c.","no"
NA,"World",NA,NA,"Fruits and nuts","Gross Production Value (constant 2014-2016 thousand I$)","1000 Int$",2021,15913865,"Other tropical fruits, n.e.c.","no"
NA,"World",NA,NA,"Fruits and nuts","Gross Production Value (constant 2014-2016 thousand I$)","1000 Int$",2022,15858314,"Other tropical fruits, n.e.c.","no"
NA,"World",NA,NA,"Fruits and nuts","Gross Production Value (constant 2014-2016 thousand I$)","1000 Int$",2023,15931950,"Other tropical fruits, n.e.c.","no"
NA,"World",NA,NA,"Fruits and nuts","Gross Production Value (constant 2014-2016 thousand US$)","1000 USD",1992,5253943,"Other tropical fruits, n.e.c.","no"
NA,"World",NA,NA,"Fruits and nuts","Gross Production Value (constant 2014-2016 thousand US$)","1000 USD",1993,5380886,"Other tropical fruits, n.e.c.","no"
NA,"World",NA,NA,"Fruits and nuts","Gross Production Value (constant 2014-2016 thousand US$)","1000 USD",1994,5887944,"Other tropical fruits, n.e.c.","no"
NA,"World",NA,NA,"Fruits and nuts","Gross Production Value (constant 2014-2016 thousand US$)","1000 USD",1995,6422711,"Other tropical fruits, n.e.c.","no"
NA,"World",NA,NA,"Fruits and nuts","Gross Production Value (constant 2014-2016 thousand US$)","1000 USD",1996,7302226,"Other tropical fruits, n.e.c.","no"
NA,"World",NA,NA,"Fruits and nuts","Gross Production Value (constant 2014-2016 thousand US$)","1000 USD",1997,5948759,"Other tropical fruits, n.e.c.","no"
NA,"World",NA,NA,"Fruits and nuts","Gross Production Value (constant 2014-2016 thousand US$)","1000 USD",1998,5745564,"Other tropical fruits, n.e.c.","no"
NA,"World",NA,NA,"Fruits and nuts","Gross Production Value (constant 2014-2016 thousand US$)","1000 USD",1999,5994485,"Other tropical fruits, n.e.c.","no"
NA,"World",NA,NA,"Fruits and nuts","Gross Production Value (constant 2014-2016 thousand US$)","1000 USD",2000,6484662,"Other tropical fruits, n.e.c.","no"
NA,"World",NA,NA,"Fruits and nuts","Gross Production Value (constant 2014-2016 thousand US$)","1000 USD",2001,6712359,"Other tropical fruits, n.e.c.","no"
NA,"World",NA,NA,"Fruits and nuts","Gross Production Value (constant 2014-2016 thousand US$)","1000 USD",2002,7414487,"Other tropical fruits, n.e.c.","no"
NA,"World",NA,NA,"Fruits and nuts","Gross Production Value (constant 2014-2016 thousand US$)","1000 USD",2003,8103002,"Other tropical fruits, n.e.c.","no"
NA,"World",NA,NA,"Fruits and nuts","Gross Production Value (constant 2014-2016 thousand US$)","1000 USD",2004,8974744,"Other tropical fruits, n.e.c.","no"
NA,"World",NA,NA,"Fruits and nuts","Gross Production Value (constant 2014-2016 thousand US$)","1000 USD",2005,8805740,"Other tropical fruits, n.e.c.","no"
NA,"World",NA,NA,"Fruits and nuts","Gross Production Value (constant 2014-2016 thousand US$)","1000 USD",2006,8630707,"Other tropical fruits, n.e.c.","no"
NA,"World",NA,NA,"Fruits and nuts","Gross Production Value (constant 2014-2016 thousand US$)","1000 USD",2007,8791323,"Other tropical fruits, n.e.c.","no"
NA,"World",NA,NA,"Fruits and nuts","Gross Production Value (constant 2014-2016 thousand US$)","1000 USD",2008,9345957,"Other tropical fruits, n.e.c.","no"
NA,"World",NA,NA,"Fruits and nuts","Gross Production Value (constant 2014-2016 thousand US$)","1000 USD",2009,9881794,"Other tropical fruits, n.e.c.","no"
NA,"World",NA,NA,"Fruits and nuts","Gross Production Value (constant 2014-2016 thousand US$)","1000 USD",2010,10083148,"Other tropical fruits, n.e.c.","no"
NA,"World",NA,NA,"Fruits and nuts","Gross Production Value (constant 2014-2016 thousand US$)","1000 USD",2011,10887164,"Other tropical fruits, n.e.c.","no"
NA,"World",NA,NA,"Fruits and nuts","Gross Production Value (constant 2014-2016 thousand US$)","1000 USD",2012,11668622,"Other tropical fruits, n.e.c.","no"
NA,"World",NA,NA,"Fruits and nuts","Gross Production Value (constant 2014-2016 thousand US$)","1000 USD",2013,12057461,"Other tropical fruits, n.e.c.","no"
NA,"World",NA,NA,"Fruits and nuts","Gross Production Value (constant 2014-2016 thousand US$)","1000 USD",2014,12402528,"Other tropical fruits, n.e.c.","no"
NA,"World",NA,NA,"Fruits and nuts","Gross Production Value (constant 2014-2016 thousand US$)","1000 USD",2015,13109728,"Other tropical fruits, n.e.c.","no"
NA,"World",NA,NA,"Fruits and nuts","Gross Production Value (constant 2014-2016 thousand US$)","1000 USD",2016,13061005,"Other tropical fruits, n.e.c.","no"
NA,"World",NA,NA,"Fruits and nuts","Gross Production Value (constant 2014-2016 thousand US$)","1000 USD",2017,12912211,"Other tropical fruits, n.e.c.","no"
NA,"World",NA,NA,"Fruits and nuts","Gross Production Value (constant 2014-2016 thousand US$)","1000 USD",2018,14245670,"Other tropical fruits, n.e.c.","no"
NA,"World",NA,NA,"Fruits and nuts","Gross Production Value (constant 2014-2016 thousand US$)","1000 USD",2019,14256803,"Other tropical fruits, n.e.c.","no"
NA,"World",NA,NA,"Fruits and nuts","Gross Production Value (constant 2014-2016 thousand US$)","1000 USD",2020,14081603,"Other tropical fruits, n.e.c.","no"
NA,"World",NA,NA,"Fruits and nuts","Gross Production Value (constant 2014-2016 thousand US$)","1000 USD",2021,14190161,"Other tropical fruits, n.e.c.","no"
NA,"World",NA,NA,"Fruits and nuts","Gross Production Value (constant 2014-2016 thousand US$)","1000 USD",2022,14047486,"Other tropical fruits, n.e.c.","no"
NA,"World",NA,NA,"Fruits and nuts","Gross Production Value (constant 2014-2016 thousand US$)","1000 USD",2023,14223831,"Other tropical fruits, n.e.c.","no"
NA,"World",NA,NA,"Vegetables","Gross Production Value (constant 2014-2016 thousand I$)","1000 Int$",1992,42301713,"Other vegetables n.e.c.","no"
NA,"World",NA,NA,"Vegetables","Gross Production Value (constant 2014-2016 thousand I$)","1000 Int$",1993,45512297,"Other vegetables n.e.c.","no"
NA,"World",NA,NA,"Vegetables","Gross Production Value (constant 2014-2016 thousand I$)","1000 Int$",1994,47577150,"Other vegetables n.e.c.","no"
NA,"World",NA,NA,"Vegetables","Gross Production Value (constant 2014-2016 thousand I$)","1000 Int$",1995,48991008,"Other vegetables n.e.c.","no"
NA,"World",NA,NA,"Vegetables","Gross Production Value (constant 2014-2016 thousand I$)","1000 Int$",1996,50949936,"Other vegetables n.e.c.","no"
NA,"World",NA,NA,"Vegetables","Gross Production Value (constant 2014-2016 thousand I$)","1000 Int$",1997,52034792,"Other vegetables n.e.c.","no"
NA,"World",NA,NA,"Vegetables","Gross Production Value (constant 2014-2016 thousand I$)","1000 Int$",1998,52982201,"Other vegetables n.e.c.","no"
NA,"World",NA,NA,"Vegetables","Gross Production Value (constant 2014-2016 thousand I$)","1000 Int$",1999,55845972,"Other vegetables n.e.c.","no"
NA,"World",NA,NA,"Vegetables","Gross Production Value (constant 2014-2016 thousand I$)","1000 Int$",2000,62847157,"Other vegetables n.e.c.","no"
NA,"World",NA,NA,"Vegetables","Gross Production Value (constant 2014-2016 thousand I$)","1000 Int$",2001,67477571,"Other vegetables n.e.c.","no"
NA,"World",NA,NA,"Vegetables","Gross Production Value (constant 2014-2016 thousand I$)","1000 Int$",2002,67335881,"Other vegetables n.e.c.","no"
NA,"World",NA,NA,"Vegetables","Gross Production Value (constant 2014-2016 thousand I$)","1000 Int$",2003,70461099,"Other vegetables n.e.c.","no"
NA,"World",NA,NA,"Vegetables","Gross Production Value (constant 2014-2016 thousand I$)","1000 Int$",2004,66644505,"Other vegetables n.e.c.","no"
NA,"World",NA,NA,"Vegetables","Gross Production Value (constant 2014-2016 thousand I$)","1000 Int$",2005,68935322,"Other vegetables n.e.c.","no"
NA,"World",NA,NA,"Vegetables","Gross Production Value (constant 2014-2016 thousand I$)","1000 Int$",2006,71951392,"Other vegetables n.e.c.","no"
NA,"World",NA,NA,"Vegetables","Gross Production Value (constant 2014-2016 thousand I$)","1000 Int$",2007,72759037,"Other vegetables n.e.c.","no"
NA,"World",NA,NA,"Vegetables","Gross Production Value (constant 2014-2016 thousand I$)","1000 Int$",2008,74103802,"Other vegetables n.e.c.","no"
NA,"World",NA,NA,"Vegetables","Gross Production Value (constant 2014-2016 thousand I$)","1000 Int$",2009,73879042,"Other vegetables n.e.c.","no"
NA,"World",NA,NA,"Vegetables","Gross Production Value (constant 2014-2016 thousand I$)","1000 Int$",2010,77277259,"Other vegetables n.e.c.","no"
NA,"World",NA,NA,"Vegetables","Gross Production Value (constant 2014-2016 thousand I$)","1000 Int$",2011,77615383,"Other vegetables n.e.c.","no"
NA,"World",NA,NA,"Vegetables","Gross Production Value (constant 2014-2016 thousand I$)","1000 Int$",2012,80847229,"Other vegetables n.e.c.","no"
NA,"World",NA,NA,"Vegetables","Gross Production Value (constant 2014-2016 thousand I$)","1000 Int$",2013,82618821,"Other vegetables n.e.c.","no"
NA,"World",NA,NA,"Vegetables","Gross Production Value (constant 2014-2016 thousand I$)","1000 Int$",2014,84926241,"Other vegetables n.e.c.","no"
NA,"World",NA,NA,"Vegetables","Gross Production Value (constant 2014-2016 thousand I$)","1000 Int$",2015,87012524,"Other vegetables n.e.c.","no"
NA,"World",NA,NA,"Vegetables","Gross Production Value (constant 2014-2016 thousand I$)","1000 Int$",2016,86082970,"Other vegetables n.e.c.","no"
NA,"World",NA,NA,"Vegetables","Gross Production Value (constant 2014-2016 thousand I$)","1000 Int$",2017,86039243,"Other vegetables n.e.c.","no"
NA,"World",NA,NA,"Vegetables","Gross Production Value (constant 2014-2016 thousand I$)","1000 Int$",2018,85350219,"Other vegetables n.e.c.","no"
NA,"World",NA,NA,"Vegetables","Gross Production Value (constant 2014-2016 thousand I$)","1000 Int$",2019,86101069,"Other vegetables n.e.c.","no"
NA,"World",NA,NA,"Vegetables","Gross Production Value (constant 2014-2016 thousand I$)","1000 Int$",2020,86132580,"Other vegetables n.e.c.","no"
NA,"World",NA,NA,"Vegetables","Gross Production Value (constant 2014-2016 thousand I$)","1000 Int$",2021,86092767,"Other vegetables n.e.c.","no"
NA,"World",NA,NA,"Vegetables","Gross Production Value (constant 2014-2016 thousand I$)","1000 Int$",2022,86395201,"Other vegetables n.e.c.","no"
NA,"World",NA,NA,"Vegetables","Gross Production Value (constant 2014-2016 thousand I$)","1000 Int$",2023,87109223,"Other vegetables n.e.c.","no"
NA,"World",NA,NA,"Vegetables","Gross Production Value (constant 2014-2016 thousand US$)","1000 USD",1992,46448812,"Other vegetables n.e.c.","no"
NA,"World",NA,NA,"Vegetables","Gross Production Value (constant 2014-2016 thousand US$)","1000 USD",1993,50385478,"Other vegetables n.e.c.","no"
NA,"World",NA,NA,"Vegetables","Gross Production Value (constant 2014-2016 thousand US$)","1000 USD",1994,51509155,"Other vegetables n.e.c.","no"
NA,"World",NA,NA,"Vegetables","Gross Production Value (constant 2014-2016 thousand US$)","1000 USD",1995,52660245,"Other vegetables n.e.c.","no"
NA,"World",NA,NA,"Vegetables","Gross Production Value (constant 2014-2016 thousand US$)","1000 USD",1996,55184971,"Other vegetables n.e.c.","no"
NA,"World",NA,NA,"Vegetables","Gross Production Value (constant 2014-2016 thousand US$)","1000 USD",1997,56456997,"Other vegetables n.e.c.","no"
NA,"World",NA,NA,"Vegetables","Gross Production Value (constant 2014-2016 thousand US$)","1000 USD",1998,57163602,"Other vegetables n.e.c.","no"
NA,"World",NA,NA,"Vegetables","Gross Production Value (constant 2014-2016 thousand US$)","1000 USD",1999,60955740,"Other vegetables n.e.c.","no"
NA,"World",NA,NA,"Vegetables","Gross Production Value (constant 2014-2016 thousand US$)","1000 USD",2000,67934716,"Other vegetables n.e.c.","no"
NA,"World",NA,NA,"Vegetables","Gross Production Value (constant 2014-2016 thousand US$)","1000 USD",2001,72545820,"Other vegetables n.e.c.","no"
NA,"World",NA,NA,"Vegetables","Gross Production Value (constant 2014-2016 thousand US$)","1000 USD",2002,71873270,"Other vegetables n.e.c.","no"
NA,"World",NA,NA,"Vegetables","Gross Production Value (constant 2014-2016 thousand US$)","1000 USD",2003,75344843,"Other vegetables n.e.c.","no"
NA,"World",NA,NA,"Vegetables","Gross Production Value (constant 2014-2016 thousand US$)","1000 USD",2004,70806184,"Other vegetables n.e.c.","no"
NA,"World",NA,NA,"Vegetables","Gross Production Value (constant 2014-2016 thousand US$)","1000 USD",2005,72998265,"Other vegetables n.e.c.","no"
NA,"World",NA,NA,"Vegetables","Gross Production Value (constant 2014-2016 thousand US$)","1000 USD",2006,76944949,"Other vegetables n.e.c.","no"
NA,"World",NA,NA,"Vegetables","Gross Production Value (constant 2014-2016 thousand US$)","1000 USD",2007,77482601,"Other vegetables n.e.c.","no"
NA,"World",NA,NA,"Vegetables","Gross Production Value (constant 2014-2016 thousand US$)","1000 USD",2008,79311711,"Other vegetables n.e.c.","no"
NA,"World",NA,NA,"Vegetables","Gross Production Value (constant 2014-2016 thousand US$)","1000 USD",2009,78785364,"Other vegetables n.e.c.","no"
NA,"World",NA,NA,"Vegetables","Gross Production Value (constant 2014-2016 thousand US$)","1000 USD",2010,82629798,"Other vegetables n.e.c.","no"
NA,"World",NA,NA,"Vegetables","Gross Production Value (constant 2014-2016 thousand US$)","1000 USD",2011,83940197,"Other vegetables n.e.c.","no"
NA,"World",NA,NA,"Vegetables","Gross Production Value (constant 2014-2016 thousand US$)","1000 USD",2012,85525893,"Other vegetables n.e.c.","no"
NA,"World",NA,NA,"Vegetables","Gross Production Value (constant 2014-2016 thousand US$)","1000 USD",2013,87474433,"Other vegetables n.e.c.","no"
NA,"World",NA,NA,"Vegetables","Gross Production Value (constant 2014-2016 thousand US$)","1000 USD",2014,90067465,"Other vegetables n.e.c.","no"
NA,"World",NA,NA,"Vegetables","Gross Production Value (constant 2014-2016 thousand US$)","1000 USD",2015,91419831,"Other vegetables n.e.c.","no"
NA,"World",NA,NA,"Vegetables","Gross Production Value (constant 2014-2016 thousand US$)","1000 USD",2016,90354547,"Other vegetables n.e.c.","no"
NA,"World",NA,NA,"Vegetables","Gross Production Value (constant 2014-2016 thousand US$)","1000 USD",2017,90529500,"Other vegetables n.e.c.","no"
NA,"World",NA,NA,"Vegetables","Gross Production Value (constant 2014-2016 thousand US$)","1000 USD",2018,88719751,"Other vegetables n.e.c.","no"
NA,"World",NA,NA,"Vegetables","Gross Production Value (constant 2014-2016 thousand US$)","1000 USD",2019,89535460,"Other vegetables n.e.c.","no"
NA,"World",NA,NA,"Vegetables","Gross Production Value (constant 2014-2016 thousand US$)","1000 USD",2020,89474150,"Other vegetables n.e.c.","no"
NA,"World",NA,NA,"Vegetables","Gross Production Value (constant 2014-2016 thousand US$)","1000 USD",2021,89527178,"Other vegetables n.e.c.","no"
NA,"World",NA,NA,"Vegetables","Gross Production Value (constant 2014-2016 thousand US$)","1000 USD",2022,89339871,"Other vegetables n.e.c.","no"
NA,"World",NA,NA,"Vegetables","Gross Production Value (constant 2014-2016 thousand US$)","1000 USD",2023,90360449,"Other vegetables n.e.c.","no"
NA,"World",NA,NA,"Fruits and nuts","Gross Production Value (constant 2014-2016 thousand I$)","1000 Int$",1992,1529506,"Papayas","no"
NA,"World",NA,NA,"Fruits and nuts","Gross Production Value (constant 2014-2016 thousand I$)","1000 Int$",1993,1779123,"Papayas","no"
NA,"World",NA,NA,"Fruits and nuts","Gross Production Value (constant 2014-2016 thousand I$)","1000 Int$",1994,1941664,"Papayas","no"
NA,"World",NA,NA,"Fruits and nuts","Gross Production Value (constant 2014-2016 thousand I$)","1000 Int$",1995,2017299,"Papayas","no"
NA,"World",NA,NA,"Fruits and nuts","Gross Production Value (constant 2014-2016 thousand I$)","1000 Int$",1996,1929530,"Papayas","no"
NA,"World",NA,NA,"Fruits and nuts","Gross Production Value (constant 2014-2016 thousand I$)","1000 Int$",1997,2279196,"Papayas","no"
NA,"World",NA,NA,"Fruits and nuts","Gross Production Value (constant 2014-2016 thousand I$)","1000 Int$",1998,2372783,"Papayas","no"
NA,"World",NA,NA,"Fruits and nuts","Gross Production Value (constant 2014-2016 thousand I$)","1000 Int$",1999,2456687,"Papayas","no"
NA,"World",NA,NA,"Fruits and nuts","Gross Production Value (constant 2014-2016 thousand I$)","1000 Int$",2000,2574805,"Papayas","no"
NA,"World",NA,NA,"Fruits and nuts","Gross Production Value (constant 2014-2016 thousand I$)","1000 Int$",2001,3066585,"Papayas","no"
NA,"World",NA,NA,"Fruits and nuts","Gross Production Value (constant 2014-2016 thousand I$)","1000 Int$",2002,3024677,"Papayas","no"
NA,"World",NA,NA,"Fruits and nuts","Gross Production Value (constant 2014-2016 thousand I$)","1000 Int$",2003,2944414,"Papayas","no"
NA,"World",NA,NA,"Fruits and nuts","Gross Production Value (constant 2014-2016 thousand I$)","1000 Int$",2004,3128530,"Papayas","no"
NA,"World",NA,NA,"Fruits and nuts","Gross Production Value (constant 2014-2016 thousand I$)","1000 Int$",2005,2969865,"Papayas","no"
NA,"World",NA,NA,"Fruits and nuts","Gross Production Value (constant 2014-2016 thousand I$)","1000 Int$",2006,3277103,"Papayas","no"
NA,"World",NA,NA,"Fruits and nuts","Gross Production Value (constant 2014-2016 thousand I$)","1000 Int$",2007,3457383,"Papayas","no"
NA,"World",NA,NA,"Fruits and nuts","Gross Production Value (constant 2014-2016 thousand I$)","1000 Int$",2008,3634729,"Papayas","no"
NA,"World",NA,NA,"Fruits and nuts","Gross Production Value (constant 2014-2016 thousand I$)","1000 Int$",2009,3823268,"Papayas","no"
NA,"World",NA,NA,"Fruits and nuts","Gross Production Value (constant 2014-2016 thousand I$)","1000 Int$",2010,3898560,"Papayas","no"
NA,"World",NA,NA,"Fruits and nuts","Gross Production Value (constant 2014-2016 thousand I$)","1000 Int$",2011,4085800,"Papayas","no"
NA,"World",NA,NA,"Fruits and nuts","Gross Production Value (constant 2014-2016 thousand I$)","1000 Int$",2012,4353958,"Papayas","no"
NA,"World",NA,NA,"Fruits and nuts","Gross Production Value (constant 2014-2016 thousand I$)","1000 Int$",2013,4476290,"Papayas","no"
NA,"World",NA,NA,"Fruits and nuts","Gross Production Value (constant 2014-2016 thousand I$)","1000 Int$",2014,4621995,"Papayas","no"
NA,"World",NA,NA,"Fruits and nuts","Gross Production Value (constant 2014-2016 thousand I$)","1000 Int$",2015,4375704,"Papayas","no"
NA,"World",NA,NA,"Fruits and nuts","Gross Production Value (constant 2014-2016 thousand I$)","1000 Int$",2016,4661507,"Papayas","no"
NA,"World",NA,NA,"Fruits and nuts","Gross Production Value (constant 2014-2016 thousand I$)","1000 Int$",2017,4661609,"Papayas","no"
NA,"World",NA,NA,"Fruits and nuts","Gross Production Value (constant 2014-2016 thousand I$)","1000 Int$",2018,4786423,"Papayas","no"
NA,"World",NA,NA,"Fruits and nuts","Gross Production Value (constant 2014-2016 thousand I$)","1000 Int$",2019,4943664,"Papayas","no"
NA,"World",NA,NA,"Fruits and nuts","Gross Production Value (constant 2014-2016 thousand I$)","1000 Int$",2020,4928355,"Papayas","no"
NA,"World",NA,NA,"Fruits and nuts","Gross Production Value (constant 2014-2016 thousand I$)","1000 Int$",2021,4879853,"Papayas","no"
NA,"World",NA,NA,"Fruits and nuts","Gross Production Value (constant 2014-2016 thousand I$)","1000 Int$",2022,4837895,"Papayas","no"
NA,"World",NA,NA,"Fruits and nuts","Gross Production Value (constant 2014-2016 thousand I$)","1000 Int$",2023,4940017,"Papayas","no"
NA,"World",NA,NA,"Fruits and nuts","Gross Production Value (constant 2014-2016 thousand US$)","1000 USD",1992,1263852,"Papayas","no"
NA,"World",NA,NA,"Fruits and nuts","Gross Production Value (constant 2014-2016 thousand US$)","1000 USD",1993,1502981,"Papayas","no"
NA,"World",NA,NA,"Fruits and nuts","Gross Production Value (constant 2014-2016 thousand US$)","1000 USD",1994,1649209,"Papayas","no"
NA,"World",NA,NA,"Fruits and nuts","Gross Production Value (constant 2014-2016 thousand US$)","1000 USD",1995,1711529,"Papayas","no"
NA,"World",NA,NA,"Fruits and nuts","Gross Production Value (constant 2014-2016 thousand US$)","1000 USD",1996,1626418,"Papayas","no"
NA,"World",NA,NA,"Fruits and nuts","Gross Production Value (constant 2014-2016 thousand US$)","1000 USD",1997,1918402,"Papayas","no"
NA,"World",NA,NA,"Fruits and nuts","Gross Production Value (constant 2014-2016 thousand US$)","1000 USD",1998,2007593,"Papayas","no"
NA,"World",NA,NA,"Fruits and nuts","Gross Production Value (constant 2014-2016 thousand US$)","1000 USD",1999,2086631,"Papayas","no"
NA,"World",NA,NA,"Fruits and nuts","Gross Production Value (constant 2014-2016 thousand US$)","1000 USD",2000,2191720,"Papayas","no"
NA,"World",NA,NA,"Fruits and nuts","Gross Production Value (constant 2014-2016 thousand US$)","1000 USD",2001,2670311,"Papayas","no"
NA,"World",NA,NA,"Fruits and nuts","Gross Production Value (constant 2014-2016 thousand US$)","1000 USD",2002,2581965,"Papayas","no"
NA,"World",NA,NA,"Fruits and nuts","Gross Production Value (constant 2014-2016 thousand US$)","1000 USD",2003,2507633,"Papayas","no"
NA,"World",NA,NA,"Fruits and nuts","Gross Production Value (constant 2014-2016 thousand US$)","1000 USD",2004,2778751,"Papayas","no"
NA,"World",NA,NA,"Fruits and nuts","Gross Production Value (constant 2014-2016 thousand US$)","1000 USD",2005,2655262,"Papayas","no"
NA,"World",NA,NA,"Fruits and nuts","Gross Production Value (constant 2014-2016 thousand US$)","1000 USD",2006,2893978,"Papayas","no"
NA,"World",NA,NA,"Fruits and nuts","Gross Production Value (constant 2014-2016 thousand US$)","1000 USD",2007,3071394,"Papayas","no"
NA,"World",NA,NA,"Fruits and nuts","Gross Production Value (constant 2014-2016 thousand US$)","1000 USD",2008,3357489,"Papayas","no"
NA,"World",NA,NA,"Fruits and nuts","Gross Production Value (constant 2014-2016 thousand US$)","1000 USD",2009,3542147,"Papayas","no"
NA,"World",NA,NA,"Fruits and nuts","Gross Production Value (constant 2014-2016 thousand US$)","1000 USD",2010,3592453,"Papayas","no"
NA,"World",NA,NA,"Fruits and nuts","Gross Production Value (constant 2014-2016 thousand US$)","1000 USD",2011,3782007,"Papayas","no"
NA,"World",NA,NA,"Fruits and nuts","Gross Production Value (constant 2014-2016 thousand US$)","1000 USD",2012,4097616,"Papayas","no"
NA,"World",NA,NA,"Fruits and nuts","Gross Production Value (constant 2014-2016 thousand US$)","1000 USD",2013,4236583,"Papayas","no"
NA,"World",NA,NA,"Fruits and nuts","Gross Production Value (constant 2014-2016 thousand US$)","1000 USD",2014,4386002,"Papayas","no"
NA,"World",NA,NA,"Fruits and nuts","Gross Production Value (constant 2014-2016 thousand US$)","1000 USD",2015,4190806,"Papayas","no"
NA,"World",NA,NA,"Fruits and nuts","Gross Production Value (constant 2014-2016 thousand US$)","1000 USD",2016,4467628,"Papayas","no"
NA,"World",NA,NA,"Fruits and nuts","Gross Production Value (constant 2014-2016 thousand US$)","1000 USD",2017,4525956,"Papayas","no"
NA,"World",NA,NA,"Fruits and nuts","Gross Production Value (constant 2014-2016 thousand US$)","1000 USD",2018,4658201,"Papayas","no"
NA,"World",NA,NA,"Fruits and nuts","Gross Production Value (constant 2014-2016 thousand US$)","1000 USD",2019,4812745,"Papayas","no"
NA,"World",NA,NA,"Fruits and nuts","Gross Production Value (constant 2014-2016 thousand US$)","1000 USD",2020,4809634,"Papayas","no"
NA,"World",NA,NA,"Fruits and nuts","Gross Production Value (constant 2014-2016 thousand US$)","1000 USD",2021,4795596,"Papayas","no"
NA,"World",NA,NA,"Fruits and nuts","Gross Production Value (constant 2014-2016 thousand US$)","1000 USD",2022,4749020,"Papayas","no"
NA,"World",NA,NA,"Fruits and nuts","Gross Production Value (constant 2014-2016 thousand US$)","1000 USD",2023,4809385,"Papayas","no"
NA,"World",NA,NA,"Fruits and nuts","Gross Production Value (constant 2014-2016 thousand I$)","1000 Int$",1992,6459289,"Peaches and nectarines","no"
NA,"World",NA,NA,"Fruits and nuts","Gross Production Value (constant 2014-2016 thousand I$)","1000 Int$",1993,6507168,"Peaches and nectarines","no"
NA,"World",NA,NA,"Fruits and nuts","Gross Production Value (constant 2014-2016 thousand I$)","1000 Int$",1994,7051161,"Peaches and nectarines","no"
NA,"World",NA,NA,"Fruits and nuts","Gross Production Value (constant 2014-2016 thousand I$)","1000 Int$",1995,6611705,"Peaches and nectarines","no"
NA,"World",NA,NA,"Fruits and nuts","Gross Production Value (constant 2014-2016 thousand I$)","1000 Int$",1996,7109030,"Peaches and nectarines","no"
NA,"World",NA,NA,"Fruits and nuts","Gross Production Value (constant 2014-2016 thousand I$)","1000 Int$",1997,6768316,"Peaches and nectarines","no"
NA,"World",NA,NA,"Fruits and nuts","Gross Production Value (constant 2014-2016 thousand I$)","1000 Int$",1998,7003565,"Peaches and nectarines","no"
NA,"World",NA,NA,"Fruits and nuts","Gross Production Value (constant 2014-2016 thousand I$)","1000 Int$",1999,8121732,"Peaches and nectarines","no"
NA,"World",NA,NA,"Fruits and nuts","Gross Production Value (constant 2014-2016 thousand I$)","1000 Int$",2000,8102635,"Peaches and nectarines","no"
NA,"World",NA,NA,"Fruits and nuts","Gross Production Value (constant 2014-2016 thousand I$)","1000 Int$",2001,8491517,"Peaches and nectarines","no"
NA,"World",NA,NA,"Fruits and nuts","Gross Production Value (constant 2014-2016 thousand I$)","1000 Int$",2002,9041272,"Peaches and nectarines","no"
NA,"World",NA,NA,"Fruits and nuts","Gross Production Value (constant 2014-2016 thousand I$)","1000 Int$",2003,9417652,"Peaches and nectarines","no"
NA,"World",NA,NA,"Fruits and nuts","Gross Production Value (constant 2014-2016 thousand I$)","1000 Int$",2004,10193237,"Peaches and nectarines","no"
NA,"World",NA,NA,"Fruits and nuts","Gross Production Value (constant 2014-2016 thousand I$)","1000 Int$",2005,11006251,"Peaches and nectarines","no"
NA,"World",NA,NA,"Fruits and nuts","Gross Production Value (constant 2014-2016 thousand I$)","1000 Int$",2006,11220728,"Peaches and nectarines","no"
NA,"World",NA,NA,"Fruits and nuts","Gross Production Value (constant 2014-2016 thousand I$)","1000 Int$",2007,11909113,"Peaches and nectarines","no"
NA,"World",NA,NA,"Fruits and nuts","Gross Production Value (constant 2014-2016 thousand I$)","1000 Int$",2008,12029820,"Peaches and nectarines","no"
NA,"World",NA,NA,"Fruits and nuts","Gross Production Value (constant 2014-2016 thousand I$)","1000 Int$",2009,12430405,"Peaches and nectarines","no"
NA,"World",NA,NA,"Fruits and nuts","Gross Production Value (constant 2014-2016 thousand I$)","1000 Int$",2010,12530162,"Peaches and nectarines","no"
NA,"World",NA,NA,"Fruits and nuts","Gross Production Value (constant 2014-2016 thousand I$)","1000 Int$",2011,12951890,"Peaches and nectarines","no"
NA,"World",NA,NA,"Fruits and nuts","Gross Production Value (constant 2014-2016 thousand I$)","1000 Int$",2012,12990846,"Peaches and nectarines","no"
NA,"World",NA,NA,"Fruits and nuts","Gross Production Value (constant 2014-2016 thousand I$)","1000 Int$",2013,13298613,"Peaches and nectarines","no"
NA,"World",NA,NA,"Fruits and nuts","Gross Production Value (constant 2014-2016 thousand I$)","1000 Int$",2014,13747356,"Peaches and nectarines","no"
NA,"World",NA,NA,"Fruits and nuts","Gross Production Value (constant 2014-2016 thousand I$)","1000 Int$",2015,14541484,"Peaches and nectarines","no"
NA,"World",NA,NA,"Fruits and nuts","Gross Production Value (constant 2014-2016 thousand I$)","1000 Int$",2016,14148537,"Peaches and nectarines","no"
NA,"World",NA,NA,"Fruits and nuts","Gross Production Value (constant 2014-2016 thousand I$)","1000 Int$",2017,14455226,"Peaches and nectarines","no"
NA,"World",NA,NA,"Fruits and nuts","Gross Production Value (constant 2014-2016 thousand I$)","1000 Int$",2018,14616504,"Peaches and nectarines","no"
NA,"World",NA,NA,"Fruits and nuts","Gross Production Value (constant 2014-2016 thousand I$)","1000 Int$",2019,15031949,"Peaches and nectarines","no"
NA,"World",NA,NA,"Fruits and nuts","Gross Production Value (constant 2014-2016 thousand I$)","1000 Int$",2020,14807513,"Peaches and nectarines","no"
NA,"World",NA,NA,"Fruits and nuts","Gross Production Value (constant 2014-2016 thousand I$)","1000 Int$",2021,15269822,"Peaches and nectarines","no"
NA,"World",NA,NA,"Fruits and nuts","Gross Production Value (constant 2014-2016 thousand I$)","1000 Int$",2022,16062701,"Peaches and nectarines","no"
NA,"World",NA,NA,"Fruits and nuts","Gross Production Value (constant 2014-2016 thousand I$)","1000 Int$",2023,16495323,"Peaches and nectarines","no"
NA,"World",NA,NA,"Fruits and nuts","Gross Production Value (constant 2014-2016 thousand US$)","1000 USD",1992,7788728,"Peaches and nectarines","no"
NA,"World",NA,NA,"Fruits and nuts","Gross Production Value (constant 2014-2016 thousand US$)","1000 USD",1993,7841851,"Peaches and nectarines","no"
NA,"World",NA,NA,"Fruits and nuts","Gross Production Value (constant 2014-2016 thousand US$)","1000 USD",1994,8461030,"Peaches and nectarines","no"
NA,"World",NA,NA,"Fruits and nuts","Gross Production Value (constant 2014-2016 thousand US$)","1000 USD",1995,8223795,"Peaches and nectarines","no"
NA,"World",NA,NA,"Fruits and nuts","Gross Production Value (constant 2014-2016 thousand US$)","1000 USD",1996,8548132,"Peaches and nectarines","no"
NA,"World",NA,NA,"Fruits and nuts","Gross Production Value (constant 2014-2016 thousand US$)","1000 USD",1997,8647260,"Peaches and nectarines","no"
NA,"World",NA,NA,"Fruits and nuts","Gross Production Value (constant 2014-2016 thousand US$)","1000 USD",1998,8556141,"Peaches and nectarines","no"
NA,"World",NA,NA,"Fruits and nuts","Gross Production Value (constant 2014-2016 thousand US$)","1000 USD",1999,9910009,"Peaches and nectarines","no"
NA,"World",NA,NA,"Fruits and nuts","Gross Production Value (constant 2014-2016 thousand US$)","1000 USD",2000,9985025,"Peaches and nectarines","no"
NA,"World",NA,NA,"Fruits and nuts","Gross Production Value (constant 2014-2016 thousand US$)","1000 USD",2001,10438277,"Peaches and nectarines","no"
NA,"World",NA,NA,"Fruits and nuts","Gross Production Value (constant 2014-2016 thousand US$)","1000 USD",2002,11304195,"Peaches and nectarines","no"
NA,"World",NA,NA,"Fruits and nuts","Gross Production Value (constant 2014-2016 thousand US$)","1000 USD",2003,11742937,"Peaches and nectarines","no"
NA,"World",NA,NA,"Fruits and nuts","Gross Production Value (constant 2014-2016 thousand US$)","1000 USD",2004,12557134,"Peaches and nectarines","no"
NA,"World",NA,NA,"Fruits and nuts","Gross Production Value (constant 2014-2016 thousand US$)","1000 USD",2005,13668459,"Peaches and nectarines","no"
NA,"World",NA,NA,"Fruits and nuts","Gross Production Value (constant 2014-2016 thousand US$)","1000 USD",2006,13885773,"Peaches and nectarines","no"
NA,"World",NA,NA,"Fruits and nuts","Gross Production Value (constant 2014-2016 thousand US$)","1000 USD",2007,14833351,"Peaches and nectarines","no"
NA,"World",NA,NA,"Fruits and nuts","Gross Production Value (constant 2014-2016 thousand US$)","1000 USD",2008,14888554,"Peaches and nectarines","no"
NA,"World",NA,NA,"Fruits and nuts","Gross Production Value (constant 2014-2016 thousand US$)","1000 USD",2009,15349847,"Peaches and nectarines","no"
NA,"World",NA,NA,"Fruits and nuts","Gross Production Value (constant 2014-2016 thousand US$)","1000 USD",2010,15445326,"Peaches and nectarines","no"
NA,"World",NA,NA,"Fruits and nuts","Gross Production Value (constant 2014-2016 thousand US$)","1000 USD",2011,15893415,"Peaches and nectarines","no"
NA,"World",NA,NA,"Fruits and nuts","Gross Production Value (constant 2014-2016 thousand US$)","1000 USD",2012,16125045,"Peaches and nectarines","no"
NA,"World",NA,NA,"Fruits and nuts","Gross Production Value (constant 2014-2016 thousand US$)","1000 USD",2013,16431864,"Peaches and nectarines","no"
NA,"World",NA,NA,"Fruits and nuts","Gross Production Value (constant 2014-2016 thousand US$)","1000 USD",2014,17068571,"Peaches and nectarines","no"
NA,"World",NA,NA,"Fruits and nuts","Gross Production Value (constant 2014-2016 thousand US$)","1000 USD",2015,18013633,"Peaches and nectarines","no"
NA,"World",NA,NA,"Fruits and nuts","Gross Production Value (constant 2014-2016 thousand US$)","1000 USD",2016,17546331,"Peaches and nectarines","no"
NA,"World",NA,NA,"Fruits and nuts","Gross Production Value (constant 2014-2016 thousand US$)","1000 USD",2017,18029023,"Peaches and nectarines","no"
NA,"World",NA,NA,"Fruits and nuts","Gross Production Value (constant 2014-2016 thousand US$)","1000 USD",2018,18174786,"Peaches and nectarines","no"
NA,"World",NA,NA,"Fruits and nuts","Gross Production Value (constant 2014-2016 thousand US$)","1000 USD",2019,18666307,"Peaches and nectarines","no"
NA,"World",NA,NA,"Fruits and nuts","Gross Production Value (constant 2014-2016 thousand US$)","1000 USD",2020,18531282,"Peaches and nectarines","no"
NA,"World",NA,NA,"Fruits and nuts","Gross Production Value (constant 2014-2016 thousand US$)","1000 USD",2021,19177662,"Peaches and nectarines","no"
NA,"World",NA,NA,"Fruits and nuts","Gross Production Value (constant 2014-2016 thousand US$)","1000 USD",2022,20168245,"Peaches and nectarines","no"
NA,"World",NA,NA,"Fruits and nuts","Gross Production Value (constant 2014-2016 thousand US$)","1000 USD",2023,20766240,"Peaches and nectarines","no"
NA,"World",NA,NA,"Fruits and nuts","Gross Production Value (constant 2014-2016 thousand I$)","1000 Int$",1992,4322659,"Pears","no"
NA,"World",NA,NA,"Fruits and nuts","Gross Production Value (constant 2014-2016 thousand I$)","1000 Int$",1993,4388107,"Pears","no"
NA,"World",NA,NA,"Fruits and nuts","Gross Production Value (constant 2014-2016 thousand I$)","1000 Int$",1994,4896611,"Pears","no"
NA,"World",NA,NA,"Fruits and nuts","Gross Production Value (constant 2014-2016 thousand I$)","1000 Int$",1995,5410590,"Pears","no"
NA,"World",NA,NA,"Fruits and nuts","Gross Production Value (constant 2014-2016 thousand I$)","1000 Int$",1996,5839486,"Pears","no"
NA,"World",NA,NA,"Fruits and nuts","Gross Production Value (constant 2014-2016 thousand I$)","1000 Int$",1997,6123661,"Pears","no"
NA,"World",NA,NA,"Fruits and nuts","Gross Production Value (constant 2014-2016 thousand I$)","1000 Int$",1998,6466664,"Pears","no"
NA,"World",NA,NA,"Fruits and nuts","Gross Production Value (constant 2014-2016 thousand I$)","1000 Int$",1999,6700985,"Pears","no"
NA,"World",NA,NA,"Fruits and nuts","Gross Production Value (constant 2014-2016 thousand I$)","1000 Int$",2000,7081328,"Pears","no"
NA,"World",NA,NA,"Fruits and nuts","Gross Production Value (constant 2014-2016 thousand I$)","1000 Int$",2001,7141034,"Pears","no"
NA,"World",NA,NA,"Fruits and nuts","Gross Production Value (constant 2014-2016 thousand I$)","1000 Int$",2002,7359298,"Pears","no"
NA,"World",NA,NA,"Fruits and nuts","Gross Production Value (constant 2014-2016 thousand I$)","1000 Int$",2003,7649971,"Pears","no"
NA,"World",NA,NA,"Fruits and nuts","Gross Production Value (constant 2014-2016 thousand I$)","1000 Int$",2004,8026599,"Pears","no"
NA,"World",NA,NA,"Fruits and nuts","Gross Production Value (constant 2014-2016 thousand I$)","1000 Int$",2005,8436088,"Pears","no"
NA,"World",NA,NA,"Fruits and nuts","Gross Production Value (constant 2014-2016 thousand I$)","1000 Int$",2006,8685060,"Pears","no"
NA,"World",NA,NA,"Fruits and nuts","Gross Production Value (constant 2014-2016 thousand I$)","1000 Int$",2007,9125756,"Pears","no"
NA,"World",NA,NA,"Fruits and nuts","Gross Production Value (constant 2014-2016 thousand I$)","1000 Int$",2008,9205128,"Pears","no"
NA,"World",NA,NA,"Fruits and nuts","Gross Production Value (constant 2014-2016 thousand I$)","1000 Int$",2009,9783294,"Pears","no"
NA,"World",NA,NA,"Fruits and nuts","Gross Production Value (constant 2014-2016 thousand I$)","1000 Int$",2010,9820860,"Pears","no"
NA,"World",NA,NA,"Fruits and nuts","Gross Production Value (constant 2014-2016 thousand I$)","1000 Int$",2011,10476222,"Pears","no"
NA,"World",NA,NA,"Fruits and nuts","Gross Production Value (constant 2014-2016 thousand I$)","1000 Int$",2012,10585540,"Pears","no"
NA,"World",NA,NA,"Fruits and nuts","Gross Production Value (constant 2014-2016 thousand I$)","1000 Int$",2013,11024598,"Pears","no"
NA,"World",NA,NA,"Fruits and nuts","Gross Production Value (constant 2014-2016 thousand I$)","1000 Int$",2014,11267938,"Pears","no"
NA,"World",NA,NA,"Fruits and nuts","Gross Production Value (constant 2014-2016 thousand I$)","1000 Int$",2015,10610819,"Pears","no"
NA,"World",NA,NA,"Fruits and nuts","Gross Production Value (constant 2014-2016 thousand I$)","1000 Int$",2016,10112499,"Pears","no"
NA,"World",NA,NA,"Fruits and nuts","Gross Production Value (constant 2014-2016 thousand I$)","1000 Int$",2017,10377180,"Pears","no"
NA,"World",NA,NA,"Fruits and nuts","Gross Production Value (constant 2014-2016 thousand I$)","1000 Int$",2018,10330079,"Pears","no"
NA,"World",NA,NA,"Fruits and nuts","Gross Production Value (constant 2014-2016 thousand I$)","1000 Int$",2019,10571000,"Pears","no"
NA,"World",NA,NA,"Fruits and nuts","Gross Production Value (constant 2014-2016 thousand I$)","1000 Int$",2020,10878500,"Pears","no"
NA,"World",NA,NA,"Fruits and nuts","Gross Production Value (constant 2014-2016 thousand I$)","1000 Int$",2021,11151089,"Pears","no"
NA,"World",NA,NA,"Fruits and nuts","Gross Production Value (constant 2014-2016 thousand I$)","1000 Int$",2022,11459206,"Pears","no"
NA,"World",NA,NA,"Fruits and nuts","Gross Production Value (constant 2014-2016 thousand I$)","1000 Int$",2023,11543231,"Pears","no"
NA,"World",NA,NA,"Fruits and nuts","Gross Production Value (constant 2014-2016 thousand US$)","1000 USD",1992,7311478,"Pears","no"
NA,"World",NA,NA,"Fruits and nuts","Gross Production Value (constant 2014-2016 thousand US$)","1000 USD",1993,7374776,"Pears","no"
NA,"World",NA,NA,"Fruits and nuts","Gross Production Value (constant 2014-2016 thousand US$)","1000 USD",1994,8052937,"Pears","no"
NA,"World",NA,NA,"Fruits and nuts","Gross Production Value (constant 2014-2016 thousand US$)","1000 USD",1995,8625092,"Pears","no"
NA,"World",NA,NA,"Fruits and nuts","Gross Production Value (constant 2014-2016 thousand US$)","1000 USD",1996,9219066,"Pears","no"
NA,"World",NA,NA,"Fruits and nuts","Gross Production Value (constant 2014-2016 thousand US$)","1000 USD",1997,9591751,"Pears","no"
NA,"World",NA,NA,"Fruits and nuts","Gross Production Value (constant 2014-2016 thousand US$)","1000 USD",1998,10122484,"Pears","no"
NA,"World",NA,NA,"Fruits and nuts","Gross Production Value (constant 2014-2016 thousand US$)","1000 USD",1999,10412306,"Pears","no"
NA,"World",NA,NA,"Fruits and nuts","Gross Production Value (constant 2014-2016 thousand US$)","1000 USD",2000,11040841,"Pears","no"
NA,"World",NA,NA,"Fruits and nuts","Gross Production Value (constant 2014-2016 thousand US$)","1000 USD",2001,11151616,"Pears","no"
NA,"World",NA,NA,"Fruits and nuts","Gross Production Value (constant 2014-2016 thousand US$)","1000 USD",2002,11391242,"Pears","no"
NA,"World",NA,NA,"Fruits and nuts","Gross Production Value (constant 2014-2016 thousand US$)","1000 USD",2003,11682511,"Pears","no"
NA,"World",NA,NA,"Fruits and nuts","Gross Production Value (constant 2014-2016 thousand US$)","1000 USD",2004,12193414,"Pears","no"
NA,"World",NA,NA,"Fruits and nuts","Gross Production Value (constant 2014-2016 thousand US$)","1000 USD",2005,12820341,"Pears","no"
NA,"World",NA,NA,"Fruits and nuts","Gross Production Value (constant 2014-2016 thousand US$)","1000 USD",2006,13034665,"Pears","no"
NA,"World",NA,NA,"Fruits and nuts","Gross Production Value (constant 2014-2016 thousand US$)","1000 USD",2007,13653754,"Pears","no"
NA,"World",NA,NA,"Fruits and nuts","Gross Production Value (constant 2014-2016 thousand US$)","1000 USD",2008,13704853,"Pears","no"
NA,"World",NA,NA,"Fruits and nuts","Gross Production Value (constant 2014-2016 thousand US$)","1000 USD",2009,14516759,"Pears","no"
NA,"World",NA,NA,"Fruits and nuts","Gross Production Value (constant 2014-2016 thousand US$)","1000 USD",2010,14348835,"Pears","no"
NA,"World",NA,NA,"Fruits and nuts","Gross Production Value (constant 2014-2016 thousand US$)","1000 USD",2011,15339660,"Pears","no"
NA,"World",NA,NA,"Fruits and nuts","Gross Production Value (constant 2014-2016 thousand US$)","1000 USD",2012,15286879,"Pears","no"
NA,"World",NA,NA,"Fruits and nuts","Gross Production Value (constant 2014-2016 thousand US$)","1000 USD",2013,15982288,"Pears","no"
NA,"World",NA,NA,"Fruits and nuts","Gross Production Value (constant 2014-2016 thousand US$)","1000 USD",2014,16460917,"Pears","no"
NA,"World",NA,NA,"Fruits and nuts","Gross Production Value (constant 2014-2016 thousand US$)","1000 USD",2015,15575124,"Pears","no"
NA,"World",NA,NA,"Fruits and nuts","Gross Production Value (constant 2014-2016 thousand US$)","1000 USD",2016,14703226,"Pears","no"
NA,"World",NA,NA,"Fruits and nuts","Gross Production Value (constant 2014-2016 thousand US$)","1000 USD",2017,15137722,"Pears","no"
NA,"World",NA,NA,"Fruits and nuts","Gross Production Value (constant 2014-2016 thousand US$)","1000 USD",2018,15001586,"Pears","no"
NA,"World",NA,NA,"Fruits and nuts","Gross Production Value (constant 2014-2016 thousand US$)","1000 USD",2019,15220120,"Pears","no"
NA,"World",NA,NA,"Fruits and nuts","Gross Production Value (constant 2014-2016 thousand US$)","1000 USD",2020,15473197,"Pears","no"
NA,"World",NA,NA,"Fruits and nuts","Gross Production Value (constant 2014-2016 thousand US$)","1000 USD",2021,15831731,"Pears","no"
NA,"World",NA,NA,"Fruits and nuts","Gross Production Value (constant 2014-2016 thousand US$)","1000 USD",2022,16352714,"Pears","no"
NA,"World",NA,NA,"Fruits and nuts","Gross Production Value (constant 2014-2016 thousand US$)","1000 USD",2023,16322525,"Pears","no"
NA,"World",NA,NA,"Pulses (dried leguminous vegetables)","Gross Production Value (constant 2014-2016 thousand I$)","1000 Int$",1992,3486440,"Peas","no"
NA,"World",NA,NA,"Pulses (dried leguminous vegetables)","Gross Production Value (constant 2014-2016 thousand I$)","1000 Int$",1993,3997573,"Peas","no"
NA,"World",NA,NA,"Pulses (dried leguminous vegetables)","Gross Production Value (constant 2014-2016 thousand I$)","1000 Int$",1994,4857011,"Peas","no"
NA,"World",NA,NA,"Pulses (dried leguminous vegetables)","Gross Production Value (constant 2014-2016 thousand I$)","1000 Int$",1995,3888664,"Peas","no"
NA,"World",NA,NA,"Pulses (dried leguminous vegetables)","Gross Production Value (constant 2014-2016 thousand I$)","1000 Int$",1996,3678272,"Peas","no"
NA,"World",NA,NA,"Pulses (dried leguminous vegetables)","Gross Production Value (constant 2014-2016 thousand I$)","1000 Int$",1997,4121838,"Peas","no"
NA,"World",NA,NA,"Pulses (dried leguminous vegetables)","Gross Production Value (constant 2014-2016 thousand I$)","1000 Int$",1998,4205101,"Peas","no"
NA,"World",NA,NA,"Pulses (dried leguminous vegetables)","Gross Production Value (constant 2014-2016 thousand I$)","1000 Int$",1999,3717660,"Peas","no"
NA,"World",NA,NA,"Pulses (dried leguminous vegetables)","Gross Production Value (constant 2014-2016 thousand I$)","1000 Int$",2000,3635954,"Peas","no"
NA,"World",NA,NA,"Pulses (dried leguminous vegetables)","Gross Production Value (constant 2014-2016 thousand I$)","1000 Int$",2001,3513816,"Peas","no"
NA,"World",NA,NA,"Pulses (dried leguminous vegetables)","Gross Production Value (constant 2014-2016 thousand I$)","1000 Int$",2002,3263903,"Peas","no"
NA,"World",NA,NA,"Pulses (dried leguminous vegetables)","Gross Production Value (constant 2014-2016 thousand I$)","1000 Int$",2003,3355698,"Peas","no"
NA,"World",NA,NA,"Pulses (dried leguminous vegetables)","Gross Production Value (constant 2014-2016 thousand I$)","1000 Int$",2004,3985998,"Peas","no"
NA,"World",NA,NA,"Pulses (dried leguminous vegetables)","Gross Production Value (constant 2014-2016 thousand I$)","1000 Int$",2005,3828259,"Peas","no"
NA,"World",NA,NA,"Pulses (dried leguminous vegetables)","Gross Production Value (constant 2014-2016 thousand I$)","1000 Int$",2006,3317805,"Peas","no"
NA,"World",NA,NA,"Pulses (dried leguminous vegetables)","Gross Production Value (constant 2014-2016 thousand I$)","1000 Int$",2007,3100424,"Peas","no"
NA,"World",NA,NA,"Pulses (dried leguminous vegetables)","Gross Production Value (constant 2014-2016 thousand I$)","1000 Int$",2008,3315498,"Peas","no"
NA,"World",NA,NA,"Pulses (dried leguminous vegetables)","Gross Production Value (constant 2014-2016 thousand I$)","1000 Int$",2009,3528738,"Peas","no"
NA,"World",NA,NA,"Pulses (dried leguminous vegetables)","Gross Production Value (constant 2014-2016 thousand I$)","1000 Int$",2010,3564705,"Peas","no"
NA,"World",NA,NA,"Pulses (dried leguminous vegetables)","Gross Production Value (constant 2014-2016 thousand I$)","1000 Int$",2011,3488616,"Peas","no"
NA,"World",NA,NA,"Pulses (dried leguminous vegetables)","Gross Production Value (constant 2014-2016 thousand I$)","1000 Int$",2012,3610599,"Peas","no"
NA,"World",NA,NA,"Pulses (dried leguminous vegetables)","Gross Production Value (constant 2014-2016 thousand I$)","1000 Int$",2013,3827365,"Peas","no"
NA,"World",NA,NA,"Pulses (dried leguminous vegetables)","Gross Production Value (constant 2014-2016 thousand I$)","1000 Int$",2014,3974236,"Peas","no"
NA,"World",NA,NA,"Pulses (dried leguminous vegetables)","Gross Production Value (constant 2014-2016 thousand I$)","1000 Int$",2015,4049034,"Peas","no"
NA,"World",NA,NA,"Pulses (dried leguminous vegetables)","Gross Production Value (constant 2014-2016 thousand I$)","1000 Int$",2016,5063085,"Peas","no"
NA,"World",NA,NA,"Pulses (dried leguminous vegetables)","Gross Production Value (constant 2014-2016 thousand I$)","1000 Int$",2017,5493462,"Peas","no"
NA,"World",NA,NA,"Pulses (dried leguminous vegetables)","Gross Production Value (constant 2014-2016 thousand I$)","1000 Int$",2018,4561030,"Peas","no"
NA,"World",NA,NA,"Pulses (dried leguminous vegetables)","Gross Production Value (constant 2014-2016 thousand I$)","1000 Int$",2019,4763284,"Peas","no"
NA,"World",NA,NA,"Pulses (dried leguminous vegetables)","Gross Production Value (constant 2014-2016 thousand I$)","1000 Int$",2020,4982210,"Peas","no"
NA,"World",NA,NA,"Pulses (dried leguminous vegetables)","Gross Production Value (constant 2014-2016 thousand I$)","1000 Int$",2021,4225683,"Peas","no"
NA,"World",NA,NA,"Pulses (dried leguminous vegetables)","Gross Production Value (constant 2014-2016 thousand I$)","1000 Int$",2022,4815069,"Peas","no"
NA,"World",NA,NA,"Pulses (dried leguminous vegetables)","Gross Production Value (constant 2014-2016 thousand I$)","1000 Int$",2023,4671251,"Peas","no"
NA,"World",NA,NA,"Pulses (dried leguminous vegetables)","Gross Production Value (constant 2014-2016 thousand US$)","1000 USD",1992,2806721,"Peas","no"
NA,"World",NA,NA,"Pulses (dried leguminous vegetables)","Gross Production Value (constant 2014-2016 thousand US$)","1000 USD",1993,3507875,"Peas","no"
NA,"World",NA,NA,"Pulses (dried leguminous vegetables)","Gross Production Value (constant 2014-2016 thousand US$)","1000 USD",1994,4263817,"Peas","no"
NA,"World",NA,NA,"Pulses (dried leguminous vegetables)","Gross Production Value (constant 2014-2016 thousand US$)","1000 USD",1995,3560602,"Peas","no"
NA,"World",NA,NA,"Pulses (dried leguminous vegetables)","Gross Production Value (constant 2014-2016 thousand US$)","1000 USD",1996,3445678,"Peas","no"
NA,"World",NA,NA,"Pulses (dried leguminous vegetables)","Gross Production Value (constant 2014-2016 thousand US$)","1000 USD",1997,3703394,"Peas","no"
NA,"World",NA,NA,"Pulses (dried leguminous vegetables)","Gross Production Value (constant 2014-2016 thousand US$)","1000 USD",1998,3850325,"Peas","no"
NA,"World",NA,NA,"Pulses (dried leguminous vegetables)","Gross Production Value (constant 2014-2016 thousand US$)","1000 USD",1999,3433939,"Peas","no"
NA,"World",NA,NA,"Pulses (dried leguminous vegetables)","Gross Production Value (constant 2014-2016 thousand US$)","1000 USD",2000,3371432,"Peas","no"
NA,"World",NA,NA,"Pulses (dried leguminous vegetables)","Gross Production Value (constant 2014-2016 thousand US$)","1000 USD",2001,3303732,"Peas","no"
NA,"World",NA,NA,"Pulses (dried leguminous vegetables)","Gross Production Value (constant 2014-2016 thousand US$)","1000 USD",2002,3308183,"Peas","no"
NA,"World",NA,NA,"Pulses (dried leguminous vegetables)","Gross Production Value (constant 2014-2016 thousand US$)","1000 USD",2003,3339084,"Peas","no"
NA,"World",NA,NA,"Pulses (dried leguminous vegetables)","Gross Production Value (constant 2014-2016 thousand US$)","1000 USD",2004,3754294,"Peas","no"
NA,"World",NA,NA,"Pulses (dried leguminous vegetables)","Gross Production Value (constant 2014-2016 thousand US$)","1000 USD",2005,3661112,"Peas","no"
NA,"World",NA,NA,"Pulses (dried leguminous vegetables)","Gross Production Value (constant 2014-2016 thousand US$)","1000 USD",2006,3249783,"Peas","no"
NA,"World",NA,NA,"Pulses (dried leguminous vegetables)","Gross Production Value (constant 2014-2016 thousand US$)","1000 USD",2007,3083614,"Peas","no"
NA,"World",NA,NA,"Pulses (dried leguminous vegetables)","Gross Production Value (constant 2014-2016 thousand US$)","1000 USD",2008,3230695,"Peas","no"
NA,"World",NA,NA,"Pulses (dried leguminous vegetables)","Gross Production Value (constant 2014-2016 thousand US$)","1000 USD",2009,3369839,"Peas","no"
NA,"World",NA,NA,"Pulses (dried leguminous vegetables)","Gross Production Value (constant 2014-2016 thousand US$)","1000 USD",2010,3380748,"Peas","no"
NA,"World",NA,NA,"Pulses (dried leguminous vegetables)","Gross Production Value (constant 2014-2016 thousand US$)","1000 USD",2011,3496070,"Peas","no"
NA,"World",NA,NA,"Pulses (dried leguminous vegetables)","Gross Production Value (constant 2014-2016 thousand US$)","1000 USD",2012,3567259,"Peas","no"
NA,"World",NA,NA,"Pulses (dried leguminous vegetables)","Gross Production Value (constant 2014-2016 thousand US$)","1000 USD",2013,3803197,"Peas","no"
NA,"World",NA,NA,"Pulses (dried leguminous vegetables)","Gross Production Value (constant 2014-2016 thousand US$)","1000 USD",2014,3914383,"Peas","no"
NA,"World",NA,NA,"Pulses (dried leguminous vegetables)","Gross Production Value (constant 2014-2016 thousand US$)","1000 USD",2015,3955465,"Peas","no"
NA,"World",NA,NA,"Pulses (dried leguminous vegetables)","Gross Production Value (constant 2014-2016 thousand US$)","1000 USD",2016,4739834,"Peas","no"
NA,"World",NA,NA,"Pulses (dried leguminous vegetables)","Gross Production Value (constant 2014-2016 thousand US$)","1000 USD",2017,5500677,"Peas","no"
NA,"World",NA,NA,"Pulses (dried leguminous vegetables)","Gross Production Value (constant 2014-2016 thousand US$)","1000 USD",2018,4671119,"Peas","no"
NA,"World",NA,NA,"Pulses (dried leguminous vegetables)","Gross Production Value (constant 2014-2016 thousand US$)","1000 USD",2019,4809425,"Peas","no"
NA,"World",NA,NA,"Pulses (dried leguminous vegetables)","Gross Production Value (constant 2014-2016 thousand US$)","1000 USD",2020,4790600,"Peas","no"
NA,"World",NA,NA,"Pulses (dried leguminous vegetables)","Gross Production Value (constant 2014-2016 thousand US$)","1000 USD",2021,4329741,"Peas","no"
NA,"World",NA,NA,"Pulses (dried leguminous vegetables)","Gross Production Value (constant 2014-2016 thousand US$)","1000 USD",2022,4698530,"Peas","no"
NA,"World",NA,NA,"Pulses (dried leguminous vegetables)","Gross Production Value (constant 2014-2016 thousand US$)","1000 USD",2023,4736857,"Peas","no"
NA,"World",NA,NA,"Vegetables","Gross Production Value (constant 2014-2016 thousand I$)","1000 Int$",1992,4729518,"Peas","no"
NA,"World",NA,NA,"Vegetables","Gross Production Value (constant 2014-2016 thousand I$)","1000 Int$",1993,4668347,"Peas","no"
NA,"World",NA,NA,"Vegetables","Gross Production Value (constant 2014-2016 thousand I$)","1000 Int$",1994,5379933,"Peas","no"
NA,"World",NA,NA,"Vegetables","Gross Production Value (constant 2014-2016 thousand I$)","1000 Int$",1995,5695744,"Peas","no"
NA,"World",NA,NA,"Vegetables","Gross Production Value (constant 2014-2016 thousand I$)","1000 Int$",1996,5583580,"Peas","no"
NA,"World",NA,NA,"Vegetables","Gross Production Value (constant 2014-2016 thousand I$)","1000 Int$",1997,6088272,"Peas","no"
NA,"World",NA,NA,"Vegetables","Gross Production Value (constant 2014-2016 thousand I$)","1000 Int$",1998,6538350,"Peas","no"
NA,"World",NA,NA,"Vegetables","Gross Production Value (constant 2014-2016 thousand I$)","1000 Int$",1999,6941888,"Peas","no"
NA,"World",NA,NA,"Vegetables","Gross Production Value (constant 2014-2016 thousand I$)","1000 Int$",2000,7401428,"Peas","no"
NA,"World",NA,NA,"Vegetables","Gross Production Value (constant 2014-2016 thousand I$)","1000 Int$",2001,7537825,"Peas","no"
NA,"World",NA,NA,"Vegetables","Gross Production Value (constant 2014-2016 thousand I$)","1000 Int$",2002,7154187,"Peas","no"
NA,"World",NA,NA,"Vegetables","Gross Production Value (constant 2014-2016 thousand I$)","1000 Int$",2003,7525218,"Peas","no"
NA,"World",NA,NA,"Vegetables","Gross Production Value (constant 2014-2016 thousand I$)","1000 Int$",2004,7683782,"Peas","no"
NA,"World",NA,NA,"Vegetables","Gross Production Value (constant 2014-2016 thousand I$)","1000 Int$",2005,7993997,"Peas","no"
NA,"World",NA,NA,"Vegetables","Gross Production Value (constant 2014-2016 thousand I$)","1000 Int$",2006,8565022,"Peas","no"
NA,"World",NA,NA,"Vegetables","Gross Production Value (constant 2014-2016 thousand I$)","1000 Int$",2007,8914331,"Peas","no"
NA,"World",NA,NA,"Vegetables","Gross Production Value (constant 2014-2016 thousand I$)","1000 Int$",2008,9060526,"Peas","no"
NA,"World",NA,NA,"Vegetables","Gross Production Value (constant 2014-2016 thousand I$)","1000 Int$",2009,9556497,"Peas","no"
NA,"World",NA,NA,"Vegetables","Gross Production Value (constant 2014-2016 thousand I$)","1000 Int$",2010,9708815,"Peas","no"
NA,"World",NA,NA,"Vegetables","Gross Production Value (constant 2014-2016 thousand I$)","1000 Int$",2011,10309875,"Peas","no"
NA,"World",NA,NA,"Vegetables","Gross Production Value (constant 2014-2016 thousand I$)","1000 Int$",2012,10362384,"Peas","no"
NA,"World",NA,NA,"Vegetables","Gross Production Value (constant 2014-2016 thousand I$)","1000 Int$",2013,10582958,"Peas","no"
NA,"World",NA,NA,"Vegetables","Gross Production Value (constant 2014-2016 thousand I$)","1000 Int$",2014,10584367,"Peas","no"
NA,"World",NA,NA,"Vegetables","Gross Production Value (constant 2014-2016 thousand I$)","1000 Int$",2015,11792498,"Peas","no"
NA,"World",NA,NA,"Vegetables","Gross Production Value (constant 2014-2016 thousand I$)","1000 Int$",2016,11350488,"Peas","no"
NA,"World",NA,NA,"Vegetables","Gross Production Value (constant 2014-2016 thousand I$)","1000 Int$",2017,11999280,"Peas","no"
NA,"World",NA,NA,"Vegetables","Gross Production Value (constant 2014-2016 thousand I$)","1000 Int$",2018,12106719,"Peas","no"
NA,"World",NA,NA,"Vegetables","Gross Production Value (constant 2014-2016 thousand I$)","1000 Int$",2019,12380100,"Peas","no"
NA,"World",NA,NA,"Vegetables","Gross Production Value (constant 2014-2016 thousand I$)","1000 Int$",2020,12501376,"Peas","no"
NA,"World",NA,NA,"Vegetables","Gross Production Value (constant 2014-2016 thousand I$)","1000 Int$",2021,12808565,"Peas","no"
NA,"World",NA,NA,"Vegetables","Gross Production Value (constant 2014-2016 thousand I$)","1000 Int$",2022,12896397,"Peas","no"
NA,"World",NA,NA,"Vegetables","Gross Production Value (constant 2014-2016 thousand I$)","1000 Int$",2023,13093872,"Peas","no"
NA,"World",NA,NA,"Vegetables","Gross Production Value (constant 2014-2016 thousand US$)","1000 USD",1992,5914197,"Peas","no"
NA,"World",NA,NA,"Vegetables","Gross Production Value (constant 2014-2016 thousand US$)","1000 USD",1993,6017580,"Peas","no"
NA,"World",NA,NA,"Vegetables","Gross Production Value (constant 2014-2016 thousand US$)","1000 USD",1994,6527110,"Peas","no"
NA,"World",NA,NA,"Vegetables","Gross Production Value (constant 2014-2016 thousand US$)","1000 USD",1995,6867922,"Peas","no"
NA,"World",NA,NA,"Vegetables","Gross Production Value (constant 2014-2016 thousand US$)","1000 USD",1996,6951911,"Peas","no"
NA,"World",NA,NA,"Vegetables","Gross Production Value (constant 2014-2016 thousand US$)","1000 USD",1997,7373283,"Peas","no"
NA,"World",NA,NA,"Vegetables","Gross Production Value (constant 2014-2016 thousand US$)","1000 USD",1998,7729029,"Peas","no"
NA,"World",NA,NA,"Vegetables","Gross Production Value (constant 2014-2016 thousand US$)","1000 USD",1999,8145464,"Peas","no"
NA,"World",NA,NA,"Vegetables","Gross Production Value (constant 2014-2016 thousand US$)","1000 USD",2000,9067154,"Peas","no"
NA,"World",NA,NA,"Vegetables","Gross Production Value (constant 2014-2016 thousand US$)","1000 USD",2001,9204037,"Peas","no"
NA,"World",NA,NA,"Vegetables","Gross Production Value (constant 2014-2016 thousand US$)","1000 USD",2002,9026993,"Peas","no"
NA,"World",NA,NA,"Vegetables","Gross Production Value (constant 2014-2016 thousand US$)","1000 USD",2003,9347911,"Peas","no"
NA,"World",NA,NA,"Vegetables","Gross Production Value (constant 2014-2016 thousand US$)","1000 USD",2004,9429034,"Peas","no"
NA,"World",NA,NA,"Vegetables","Gross Production Value (constant 2014-2016 thousand US$)","1000 USD",2005,9767889,"Peas","no"
NA,"World",NA,NA,"Vegetables","Gross Production Value (constant 2014-2016 thousand US$)","1000 USD",2006,10387528,"Peas","no"
NA,"World",NA,NA,"Vegetables","Gross Production Value (constant 2014-2016 thousand US$)","1000 USD",2007,10635190,"Peas","no"
NA,"World",NA,NA,"Vegetables","Gross Production Value (constant 2014-2016 thousand US$)","1000 USD",2008,11217221,"Peas","no"
NA,"World",NA,NA,"Vegetables","Gross Production Value (constant 2014-2016 thousand US$)","1000 USD",2009,11865508,"Peas","no"
NA,"World",NA,NA,"Vegetables","Gross Production Value (constant 2014-2016 thousand US$)","1000 USD",2010,12030508,"Peas","no"
NA,"World",NA,NA,"Vegetables","Gross Production Value (constant 2014-2016 thousand US$)","1000 USD",2011,12760775,"Peas","no"
NA,"World",NA,NA,"Vegetables","Gross Production Value (constant 2014-2016 thousand US$)","1000 USD",2012,12343762,"Peas","no"
NA,"World",NA,NA,"Vegetables","Gross Production Value (constant 2014-2016 thousand US$)","1000 USD",2013,12639836,"Peas","no"
NA,"World",NA,NA,"Vegetables","Gross Production Value (constant 2014-2016 thousand US$)","1000 USD",2014,12660725,"Peas","no"
NA,"World",NA,NA,"Vegetables","Gross Production Value (constant 2014-2016 thousand US$)","1000 USD",2015,13950699,"Peas","no"
NA,"World",NA,NA,"Vegetables","Gross Production Value (constant 2014-2016 thousand US$)","1000 USD",2016,13369854,"Peas","no"
NA,"World",NA,NA,"Vegetables","Gross Production Value (constant 2014-2016 thousand US$)","1000 USD",2017,14066329,"Peas","no"
NA,"World",NA,NA,"Vegetables","Gross Production Value (constant 2014-2016 thousand US$)","1000 USD",2018,14199209,"Peas","no"
NA,"World",NA,NA,"Vegetables","Gross Production Value (constant 2014-2016 thousand US$)","1000 USD",2019,14672667,"Peas","no"
NA,"World",NA,NA,"Vegetables","Gross Production Value (constant 2014-2016 thousand US$)","1000 USD",2020,14712953,"Peas","no"
NA,"World",NA,NA,"Vegetables","Gross Production Value (constant 2014-2016 thousand US$)","1000 USD",2021,15009734,"Peas","no"
NA,"World",NA,NA,"Vegetables","Gross Production Value (constant 2014-2016 thousand US$)","1000 USD",2022,14997598,"Peas","no"
NA,"World",NA,NA,"Vegetables","Gross Production Value (constant 2014-2016 thousand US$)","1000 USD",2023,15175126,"Peas","no"
NA,"World",NA,NA,"Stimulant, spice and aromatic crops","Gross Production Value (constant 2014-2016 thousand I$)","1000 Int$",1992,1356301,"Pepper","no"
NA,"World",NA,NA,"Stimulant, spice and aromatic crops","Gross Production Value (constant 2014-2016 thousand I$)","1000 Int$",1993,1365143,"Pepper","no"
NA,"World",NA,NA,"Stimulant, spice and aromatic crops","Gross Production Value (constant 2014-2016 thousand I$)","1000 Int$",1994,1259053,"Pepper","no"
NA,"World",NA,NA,"Stimulant, spice and aromatic crops","Gross Production Value (constant 2014-2016 thousand I$)","1000 Int$",1995,1342121,"Pepper","no"
NA,"World",NA,NA,"Stimulant, spice and aromatic crops","Gross Production Value (constant 2014-2016 thousand I$)","1000 Int$",1996,1355104,"Pepper","no"
NA,"World",NA,NA,"Stimulant, spice and aromatic crops","Gross Production Value (constant 2014-2016 thousand I$)","1000 Int$",1997,1338792,"Pepper","no"
NA,"World",NA,NA,"Stimulant, spice and aromatic crops","Gross Production Value (constant 2014-2016 thousand I$)","1000 Int$",1998,1465391,"Pepper","no"
NA,"World",NA,NA,"Stimulant, spice and aromatic crops","Gross Production Value (constant 2014-2016 thousand I$)","1000 Int$",1999,1727066,"Pepper","no"
NA,"World",NA,NA,"Stimulant, spice and aromatic crops","Gross Production Value (constant 2014-2016 thousand I$)","1000 Int$",2000,1786943,"Pepper","no"
NA,"World",NA,NA,"Stimulant, spice and aromatic crops","Gross Production Value (constant 2014-2016 thousand I$)","1000 Int$",2001,2036673,"Pepper","no"
NA,"World",NA,NA,"Stimulant, spice and aromatic crops","Gross Production Value (constant 2014-2016 thousand I$)","1000 Int$",2002,2260601,"Pepper","no"
NA,"World",NA,NA,"Stimulant, spice and aromatic crops","Gross Production Value (constant 2014-2016 thousand I$)","1000 Int$",2003,2390517,"Pepper","no"
NA,"World",NA,NA,"Stimulant, spice and aromatic crops","Gross Production Value (constant 2014-2016 thousand I$)","1000 Int$",2004,2421991,"Pepper","no"
NA,"World",NA,NA,"Stimulant, spice and aromatic crops","Gross Production Value (constant 2014-2016 thousand I$)","1000 Int$",2005,2540815,"Pepper","no"
NA,"World",NA,NA,"Stimulant, spice and aromatic crops","Gross Production Value (constant 2014-2016 thousand I$)","1000 Int$",2006,2657372,"Pepper","no"
NA,"World",NA,NA,"Stimulant, spice and aromatic crops","Gross Production Value (constant 2014-2016 thousand I$)","1000 Int$",2007,2627577,"Pepper","no"
NA,"World",NA,NA,"Stimulant, spice and aromatic crops","Gross Production Value (constant 2014-2016 thousand I$)","1000 Int$",2008,2489608,"Pepper","no"
NA,"World",NA,NA,"Stimulant, spice and aromatic crops","Gross Production Value (constant 2014-2016 thousand I$)","1000 Int$",2009,2557529,"Pepper","no"
NA,"World",NA,NA,"Stimulant, spice and aromatic crops","Gross Production Value (constant 2014-2016 thousand I$)","1000 Int$",2010,2396500,"Pepper","no"
NA,"World",NA,NA,"Stimulant, spice and aromatic crops","Gross Production Value (constant 2014-2016 thousand I$)","1000 Int$",2011,2411858,"Pepper","no"
NA,"World",NA,NA,"Stimulant, spice and aromatic crops","Gross Production Value (constant 2014-2016 thousand I$)","1000 Int$",2012,2388923,"Pepper","no"
NA,"World",NA,NA,"Stimulant, spice and aromatic crops","Gross Production Value (constant 2014-2016 thousand I$)","1000 Int$",2013,2615254,"Pepper","no"
NA,"World",NA,NA,"Stimulant, spice and aromatic crops","Gross Production Value (constant 2014-2016 thousand I$)","1000 Int$",2014,2829722,"Pepper","no"
NA,"World",NA,NA,"Stimulant, spice and aromatic crops","Gross Production Value (constant 2014-2016 thousand I$)","1000 Int$",2015,3145912,"Pepper","no"
NA,"World",NA,NA,"Stimulant, spice and aromatic crops","Gross Production Value (constant 2014-2016 thousand I$)","1000 Int$",2016,3495306,"Pepper","no"
NA,"World",NA,NA,"Stimulant, spice and aromatic crops","Gross Production Value (constant 2014-2016 thousand I$)","1000 Int$",2017,3911829,"Pepper","no"
NA,"World",NA,NA,"Stimulant, spice and aromatic crops","Gross Production Value (constant 2014-2016 thousand I$)","1000 Int$",2018,4645896,"Pepper","no"
NA,"World",NA,NA,"Stimulant, spice and aromatic crops","Gross Production Value (constant 2014-2016 thousand I$)","1000 Int$",2019,4660889,"Pepper","no"
NA,"World",NA,NA,"Stimulant, spice and aromatic crops","Gross Production Value (constant 2014-2016 thousand I$)","1000 Int$",2020,4783039,"Pepper","no"
NA,"World",NA,NA,"Stimulant, spice and aromatic crops","Gross Production Value (constant 2014-2016 thousand I$)","1000 Int$",2021,4870599,"Pepper","no"
NA,"World",NA,NA,"Stimulant, spice and aromatic crops","Gross Production Value (constant 2014-2016 thousand I$)","1000 Int$",2022,4857407,"Pepper","no"
NA,"World",NA,NA,"Stimulant, spice and aromatic crops","Gross Production Value (constant 2014-2016 thousand I$)","1000 Int$",2023,4796151,"Pepper","no"
NA,"World",NA,NA,"Stimulant, spice and aromatic crops","Gross Production Value (constant 2014-2016 thousand US$)","1000 USD",1992,1326832,"Pepper","no"
NA,"World",NA,NA,"Stimulant, spice and aromatic crops","Gross Production Value (constant 2014-2016 thousand US$)","1000 USD",1993,1304597,"Pepper","no"
NA,"World",NA,NA,"Stimulant, spice and aromatic crops","Gross Production Value (constant 2014-2016 thousand US$)","1000 USD",1994,1201605,"Pepper","no"
NA,"World",NA,NA,"Stimulant, spice and aromatic crops","Gross Production Value (constant 2014-2016 thousand US$)","1000 USD",1995,1245620,"Pepper","no"
NA,"World",NA,NA,"Stimulant, spice and aromatic crops","Gross Production Value (constant 2014-2016 thousand US$)","1000 USD",1996,1256811,"Pepper","no"
NA,"World",NA,NA,"Stimulant, spice and aromatic crops","Gross Production Value (constant 2014-2016 thousand US$)","1000 USD",1997,1333243,"Pepper","no"
NA,"World",NA,NA,"Stimulant, spice and aromatic crops","Gross Production Value (constant 2014-2016 thousand US$)","1000 USD",1998,1454225,"Pepper","no"
NA,"World",NA,NA,"Stimulant, spice and aromatic crops","Gross Production Value (constant 2014-2016 thousand US$)","1000 USD",1999,1646509,"Pepper","no"
NA,"World",NA,NA,"Stimulant, spice and aromatic crops","Gross Production Value (constant 2014-2016 thousand US$)","1000 USD",2000,1759966,"Pepper","no"
NA,"World",NA,NA,"Stimulant, spice and aromatic crops","Gross Production Value (constant 2014-2016 thousand US$)","1000 USD",2001,1993567,"Pepper","no"
NA,"World",NA,NA,"Stimulant, spice and aromatic crops","Gross Production Value (constant 2014-2016 thousand US$)","1000 USD",2002,2261273,"Pepper","no"
NA,"World",NA,NA,"Stimulant, spice and aromatic crops","Gross Production Value (constant 2014-2016 thousand US$)","1000 USD",2003,2376312,"Pepper","no"
NA,"World",NA,NA,"Stimulant, spice and aromatic crops","Gross Production Value (constant 2014-2016 thousand US$)","1000 USD",2004,2376428,"Pepper","no"
NA,"World",NA,NA,"Stimulant, spice and aromatic crops","Gross Production Value (constant 2014-2016 thousand US$)","1000 USD",2005,2483032,"Pepper","no"
NA,"World",NA,NA,"Stimulant, spice and aromatic crops","Gross Production Value (constant 2014-2016 thousand US$)","1000 USD",2006,2520099,"Pepper","no"
NA,"World",NA,NA,"Stimulant, spice and aromatic crops","Gross Production Value (constant 2014-2016 thousand US$)","1000 USD",2007,2587708,"Pepper","no"
NA,"World",NA,NA,"Stimulant, spice and aromatic crops","Gross Production Value (constant 2014-2016 thousand US$)","1000 USD",2008,2619098,"Pepper","no"
NA,"World",NA,NA,"Stimulant, spice and aromatic crops","Gross Production Value (constant 2014-2016 thousand US$)","1000 USD",2009,2749834,"Pepper","no"
NA,"World",NA,NA,"Stimulant, spice and aromatic crops","Gross Production Value (constant 2014-2016 thousand US$)","1000 USD",2010,2496353,"Pepper","no"
NA,"World",NA,NA,"Stimulant, spice and aromatic crops","Gross Production Value (constant 2014-2016 thousand US$)","1000 USD",2011,2525535,"Pepper","no"
NA,"World",NA,NA,"Stimulant, spice and aromatic crops","Gross Production Value (constant 2014-2016 thousand US$)","1000 USD",2012,2553325,"Pepper","no"
NA,"World",NA,NA,"Stimulant, spice and aromatic crops","Gross Production Value (constant 2014-2016 thousand US$)","1000 USD",2013,2651265,"Pepper","no"
NA,"World",NA,NA,"Stimulant, spice and aromatic crops","Gross Production Value (constant 2014-2016 thousand US$)","1000 USD",2014,2867848,"Pepper","no"
NA,"World",NA,NA,"Stimulant, spice and aromatic crops","Gross Production Value (constant 2014-2016 thousand US$)","1000 USD",2015,3140431,"Pepper","no"
NA,"World",NA,NA,"Stimulant, spice and aromatic crops","Gross Production Value (constant 2014-2016 thousand US$)","1000 USD",2016,3461688,"Pepper","no"
NA,"World",NA,NA,"Stimulant, spice and aromatic crops","Gross Production Value (constant 2014-2016 thousand US$)","1000 USD",2017,3926538,"Pepper","no"
NA,"World",NA,NA,"Stimulant, spice and aromatic crops","Gross Production Value (constant 2014-2016 thousand US$)","1000 USD",2018,4294656,"Pepper","no"
NA,"World",NA,NA,"Stimulant, spice and aromatic crops","Gross Production Value (constant 2014-2016 thousand US$)","1000 USD",2019,4311740,"Pepper","no"
NA,"World",NA,NA,"Stimulant, spice and aromatic crops","Gross Production Value (constant 2014-2016 thousand US$)","1000 USD",2020,4223529,"Pepper","no"
NA,"World",NA,NA,"Stimulant, spice and aromatic crops","Gross Production Value (constant 2014-2016 thousand US$)","1000 USD",2021,4295983,"Pepper","no"
NA,"World",NA,NA,"Stimulant, spice and aromatic crops","Gross Production Value (constant 2014-2016 thousand US$)","1000 USD",2022,4298454,"Pepper","no"
NA,"World",NA,NA,"Stimulant, spice and aromatic crops","Gross Production Value (constant 2014-2016 thousand US$)","1000 USD",2023,4167789,"Pepper","no"
NA,"World",NA,NA,"Forage products; fibre crops; plants used in perfumery, pharmacy, or for insecticidal, fungicidal or similar purposes; beet, forage plant and flower seeds; natural rubber; living plants, cut flowers and flower buds; unmanufactured tobacco; other raw vegetable materials","Gross Production Value (constant 2014-2016 thousand I$)","1000 Int$",1992,89629,"Peppermint, spearmint","no"
NA,"World",NA,NA,"Forage products; fibre crops; plants used in perfumery, pharmacy, or for insecticidal, fungicidal or similar purposes; beet, forage plant and flower seeds; natural rubber; living plants, cut flowers and flower buds; unmanufactured tobacco; other raw vegetable materials","Gross Production Value (constant 2014-2016 thousand I$)","1000 Int$",1993,114385,"Peppermint, spearmint","no"
NA,"World",NA,NA,"Forage products; fibre crops; plants used in perfumery, pharmacy, or for insecticidal, fungicidal or similar purposes; beet, forage plant and flower seeds; natural rubber; living plants, cut flowers and flower buds; unmanufactured tobacco; other raw vegetable materials","Gross Production Value (constant 2014-2016 thousand I$)","1000 Int$",1994,165321,"Peppermint, spearmint","no"
NA,"World",NA,NA,"Forage products; fibre crops; plants used in perfumery, pharmacy, or for insecticidal, fungicidal or similar purposes; beet, forage plant and flower seeds; natural rubber; living plants, cut flowers and flower buds; unmanufactured tobacco; other raw vegetable materials","Gross Production Value (constant 2014-2016 thousand I$)","1000 Int$",1995,165387,"Peppermint, spearmint","no"
NA,"World",NA,NA,"Forage products; fibre crops; plants used in perfumery, pharmacy, or for insecticidal, fungicidal or similar purposes; beet, forage plant and flower seeds; natural rubber; living plants, cut flowers and flower buds; unmanufactured tobacco; other raw vegetable materials","Gross Production Value (constant 2014-2016 thousand I$)","1000 Int$",1996,174418,"Peppermint, spearmint","no"
NA,"World",NA,NA,"Forage products; fibre crops; plants used in perfumery, pharmacy, or for insecticidal, fungicidal or similar purposes; beet, forage plant and flower seeds; natural rubber; living plants, cut flowers and flower buds; unmanufactured tobacco; other raw vegetable materials","Gross Production Value (constant 2014-2016 thousand I$)","1000 Int$",1997,162743,"Peppermint, spearmint","no"
NA,"World",NA,NA,"Forage products; fibre crops; plants used in perfumery, pharmacy, or for insecticidal, fungicidal or similar purposes; beet, forage plant and flower seeds; natural rubber; living plants, cut flowers and flower buds; unmanufactured tobacco; other raw vegetable materials","Gross Production Value (constant 2014-2016 thousand I$)","1000 Int$",1998,187550,"Peppermint, spearmint","no"
NA,"World",NA,NA,"Forage products; fibre crops; plants used in perfumery, pharmacy, or for insecticidal, fungicidal or similar purposes; beet, forage plant and flower seeds; natural rubber; living plants, cut flowers and flower buds; unmanufactured tobacco; other raw vegetable materials","Gross Production Value (constant 2014-2016 thousand I$)","1000 Int$",1999,253195,"Peppermint, spearmint","no"
NA,"World",NA,NA,"Forage products; fibre crops; plants used in perfumery, pharmacy, or for insecticidal, fungicidal or similar purposes; beet, forage plant and flower seeds; natural rubber; living plants, cut flowers and flower buds; unmanufactured tobacco; other raw vegetable materials","Gross Production Value (constant 2014-2016 thousand I$)","1000 Int$",2000,123677,"Peppermint, spearmint","no"
NA,"World",NA,NA,"Forage products; fibre crops; plants used in perfumery, pharmacy, or for insecticidal, fungicidal or similar purposes; beet, forage plant and flower seeds; natural rubber; living plants, cut flowers and flower buds; unmanufactured tobacco; other raw vegetable materials","Gross Production Value (constant 2014-2016 thousand I$)","1000 Int$",2001,174300,"Peppermint, spearmint","no"
NA,"World",NA,NA,"Forage products; fibre crops; plants used in perfumery, pharmacy, or for insecticidal, fungicidal or similar purposes; beet, forage plant and flower seeds; natural rubber; living plants, cut flowers and flower buds; unmanufactured tobacco; other raw vegetable materials","Gross Production Value (constant 2014-2016 thousand I$)","1000 Int$",2002,174544,"Peppermint, spearmint","no"
NA,"World",NA,NA,"Forage products; fibre crops; plants used in perfumery, pharmacy, or for insecticidal, fungicidal or similar purposes; beet, forage plant and flower seeds; natural rubber; living plants, cut flowers and flower buds; unmanufactured tobacco; other raw vegetable materials","Gross Production Value (constant 2014-2016 thousand I$)","1000 Int$",2003,339067,"Peppermint, spearmint","no"
NA,"World",NA,NA,"Forage products; fibre crops; plants used in perfumery, pharmacy, or for insecticidal, fungicidal or similar purposes; beet, forage plant and flower seeds; natural rubber; living plants, cut flowers and flower buds; unmanufactured tobacco; other raw vegetable materials","Gross Production Value (constant 2014-2016 thousand I$)","1000 Int$",2004,220413,"Peppermint, spearmint","no"
NA,"World",NA,NA,"Forage products; fibre crops; plants used in perfumery, pharmacy, or for insecticidal, fungicidal or similar purposes; beet, forage plant and flower seeds; natural rubber; living plants, cut flowers and flower buds; unmanufactured tobacco; other raw vegetable materials","Gross Production Value (constant 2014-2016 thousand I$)","1000 Int$",2005,200073,"Peppermint, spearmint","no"
NA,"World",NA,NA,"Forage products; fibre crops; plants used in perfumery, pharmacy, or for insecticidal, fungicidal or similar purposes; beet, forage plant and flower seeds; natural rubber; living plants, cut flowers and flower buds; unmanufactured tobacco; other raw vegetable materials","Gross Production Value (constant 2014-2016 thousand I$)","1000 Int$",2006,265254,"Peppermint, spearmint","no"
NA,"World",NA,NA,"Forage products; fibre crops; plants used in perfumery, pharmacy, or for insecticidal, fungicidal or similar purposes; beet, forage plant and flower seeds; natural rubber; living plants, cut flowers and flower buds; unmanufactured tobacco; other raw vegetable materials","Gross Production Value (constant 2014-2016 thousand I$)","1000 Int$",2007,211198,"Peppermint, spearmint","no"
NA,"World",NA,NA,"Forage products; fibre crops; plants used in perfumery, pharmacy, or for insecticidal, fungicidal or similar purposes; beet, forage plant and flower seeds; natural rubber; living plants, cut flowers and flower buds; unmanufactured tobacco; other raw vegetable materials","Gross Production Value (constant 2014-2016 thousand I$)","1000 Int$",2008,206499,"Peppermint, spearmint","no"
NA,"World",NA,NA,"Forage products; fibre crops; plants used in perfumery, pharmacy, or for insecticidal, fungicidal or similar purposes; beet, forage plant and flower seeds; natural rubber; living plants, cut flowers and flower buds; unmanufactured tobacco; other raw vegetable materials","Gross Production Value (constant 2014-2016 thousand I$)","1000 Int$",2009,170441,"Peppermint, spearmint","no"
NA,"World",NA,NA,"Forage products; fibre crops; plants used in perfumery, pharmacy, or for insecticidal, fungicidal or similar purposes; beet, forage plant and flower seeds; natural rubber; living plants, cut flowers and flower buds; unmanufactured tobacco; other raw vegetable materials","Gross Production Value (constant 2014-2016 thousand I$)","1000 Int$",2010,231576,"Peppermint, spearmint","no"
NA,"World",NA,NA,"Forage products; fibre crops; plants used in perfumery, pharmacy, or for insecticidal, fungicidal or similar purposes; beet, forage plant and flower seeds; natural rubber; living plants, cut flowers and flower buds; unmanufactured tobacco; other raw vegetable materials","Gross Production Value (constant 2014-2016 thousand I$)","1000 Int$",2011,180436,"Peppermint, spearmint","no"
NA,"World",NA,NA,"Forage products; fibre crops; plants used in perfumery, pharmacy, or for insecticidal, fungicidal or similar purposes; beet, forage plant and flower seeds; natural rubber; living plants, cut flowers and flower buds; unmanufactured tobacco; other raw vegetable materials","Gross Production Value (constant 2014-2016 thousand I$)","1000 Int$",2012,304976,"Peppermint, spearmint","no"
NA,"World",NA,NA,"Forage products; fibre crops; plants used in perfumery, pharmacy, or for insecticidal, fungicidal or similar purposes; beet, forage plant and flower seeds; natural rubber; living plants, cut flowers and flower buds; unmanufactured tobacco; other raw vegetable materials","Gross Production Value (constant 2014-2016 thousand I$)","1000 Int$",2013,272744,"Peppermint, spearmint","no"
NA,"World",NA,NA,"Forage products; fibre crops; plants used in perfumery, pharmacy, or for insecticidal, fungicidal or similar purposes; beet, forage plant and flower seeds; natural rubber; living plants, cut flowers and flower buds; unmanufactured tobacco; other raw vegetable materials","Gross Production Value (constant 2014-2016 thousand I$)","1000 Int$",2014,265802,"Peppermint, spearmint","no"
NA,"World",NA,NA,"Forage products; fibre crops; plants used in perfumery, pharmacy, or for insecticidal, fungicidal or similar purposes; beet, forage plant and flower seeds; natural rubber; living plants, cut flowers and flower buds; unmanufactured tobacco; other raw vegetable materials","Gross Production Value (constant 2014-2016 thousand I$)","1000 Int$",2015,308542,"Peppermint, spearmint","no"
NA,"World",NA,NA,"Forage products; fibre crops; plants used in perfumery, pharmacy, or for insecticidal, fungicidal or similar purposes; beet, forage plant and flower seeds; natural rubber; living plants, cut flowers and flower buds; unmanufactured tobacco; other raw vegetable materials","Gross Production Value (constant 2014-2016 thousand I$)","1000 Int$",2016,305797,"Peppermint, spearmint","no"
NA,"World",NA,NA,"Forage products; fibre crops; plants used in perfumery, pharmacy, or for insecticidal, fungicidal or similar purposes; beet, forage plant and flower seeds; natural rubber; living plants, cut flowers and flower buds; unmanufactured tobacco; other raw vegetable materials","Gross Production Value (constant 2014-2016 thousand I$)","1000 Int$",2017,284490,"Peppermint, spearmint","no"
NA,"World",NA,NA,"Forage products; fibre crops; plants used in perfumery, pharmacy, or for insecticidal, fungicidal or similar purposes; beet, forage plant and flower seeds; natural rubber; living plants, cut flowers and flower buds; unmanufactured tobacco; other raw vegetable materials","Gross Production Value (constant 2014-2016 thousand I$)","1000 Int$",2018,304968,"Peppermint, spearmint","no"
NA,"World",NA,NA,"Forage products; fibre crops; plants used in perfumery, pharmacy, or for insecticidal, fungicidal or similar purposes; beet, forage plant and flower seeds; natural rubber; living plants, cut flowers and flower buds; unmanufactured tobacco; other raw vegetable materials","Gross Production Value (constant 2014-2016 thousand I$)","1000 Int$",2019,212720,"Peppermint, spearmint","no"
NA,"World",NA,NA,"Forage products; fibre crops; plants used in perfumery, pharmacy, or for insecticidal, fungicidal or similar purposes; beet, forage plant and flower seeds; natural rubber; living plants, cut flowers and flower buds; unmanufactured tobacco; other raw vegetable materials","Gross Production Value (constant 2014-2016 thousand I$)","1000 Int$",2020,138841,"Peppermint, spearmint","no"
NA,"World",NA,NA,"Forage products; fibre crops; plants used in perfumery, pharmacy, or for insecticidal, fungicidal or similar purposes; beet, forage plant and flower seeds; natural rubber; living plants, cut flowers and flower buds; unmanufactured tobacco; other raw vegetable materials","Gross Production Value (constant 2014-2016 thousand I$)","1000 Int$",2021,108929,"Peppermint, spearmint","no"
NA,"World",NA,NA,"Forage products; fibre crops; plants used in perfumery, pharmacy, or for insecticidal, fungicidal or similar purposes; beet, forage plant and flower seeds; natural rubber; living plants, cut flowers and flower buds; unmanufactured tobacco; other raw vegetable materials","Gross Production Value (constant 2014-2016 thousand I$)","1000 Int$",2022,145182,"Peppermint, spearmint","no"
NA,"World",NA,NA,"Forage products; fibre crops; plants used in perfumery, pharmacy, or for insecticidal, fungicidal or similar purposes; beet, forage plant and flower seeds; natural rubber; living plants, cut flowers and flower buds; unmanufactured tobacco; other raw vegetable materials","Gross Production Value (constant 2014-2016 thousand I$)","1000 Int$",2023,101922,"Peppermint, spearmint","no"
NA,"World",NA,NA,"Forage products; fibre crops; plants used in perfumery, pharmacy, or for insecticidal, fungicidal or similar purposes; beet, forage plant and flower seeds; natural rubber; living plants, cut flowers and flower buds; unmanufactured tobacco; other raw vegetable materials","Gross Production Value (constant 2014-2016 thousand US$)","1000 USD",1992,1601,"Peppermint, spearmint","no"
NA,"World",NA,NA,"Forage products; fibre crops; plants used in perfumery, pharmacy, or for insecticidal, fungicidal or similar purposes; beet, forage plant and flower seeds; natural rubber; living plants, cut flowers and flower buds; unmanufactured tobacco; other raw vegetable materials","Gross Production Value (constant 2014-2016 thousand US$)","1000 USD",1993,1588,"Peppermint, spearmint","no"
NA,"World",NA,NA,"Forage products; fibre crops; plants used in perfumery, pharmacy, or for insecticidal, fungicidal or similar purposes; beet, forage plant and flower seeds; natural rubber; living plants, cut flowers and flower buds; unmanufactured tobacco; other raw vegetable materials","Gross Production Value (constant 2014-2016 thousand US$)","1000 USD",1994,1117,"Peppermint, spearmint","no"
NA,"World",NA,NA,"Forage products; fibre crops; plants used in perfumery, pharmacy, or for insecticidal, fungicidal or similar purposes; beet, forage plant and flower seeds; natural rubber; living plants, cut flowers and flower buds; unmanufactured tobacco; other raw vegetable materials","Gross Production Value (constant 2014-2016 thousand US$)","1000 USD",1995,1342,"Peppermint, spearmint","no"
NA,"World",NA,NA,"Forage products; fibre crops; plants used in perfumery, pharmacy, or for insecticidal, fungicidal or similar purposes; beet, forage plant and flower seeds; natural rubber; living plants, cut flowers and flower buds; unmanufactured tobacco; other raw vegetable materials","Gross Production Value (constant 2014-2016 thousand US$)","1000 USD",1996,1674,"Peppermint, spearmint","no"
NA,"World",NA,NA,"Forage products; fibre crops; plants used in perfumery, pharmacy, or for insecticidal, fungicidal or similar purposes; beet, forage plant and flower seeds; natural rubber; living plants, cut flowers and flower buds; unmanufactured tobacco; other raw vegetable materials","Gross Production Value (constant 2014-2016 thousand US$)","1000 USD",1997,1396,"Peppermint, spearmint","no"
NA,"World",NA,NA,"Forage products; fibre crops; plants used in perfumery, pharmacy, or for insecticidal, fungicidal or similar purposes; beet, forage plant and flower seeds; natural rubber; living plants, cut flowers and flower buds; unmanufactured tobacco; other raw vegetable materials","Gross Production Value (constant 2014-2016 thousand US$)","1000 USD",1998,1226,"Peppermint, spearmint","no"
NA,"World",NA,NA,"Forage products; fibre crops; plants used in perfumery, pharmacy, or for insecticidal, fungicidal or similar purposes; beet, forage plant and flower seeds; natural rubber; living plants, cut flowers and flower buds; unmanufactured tobacco; other raw vegetable materials","Gross Production Value (constant 2014-2016 thousand US$)","1000 USD",1999,1135,"Peppermint, spearmint","no"
NA,"World",NA,NA,"Forage products; fibre crops; plants used in perfumery, pharmacy, or for insecticidal, fungicidal or similar purposes; beet, forage plant and flower seeds; natural rubber; living plants, cut flowers and flower buds; unmanufactured tobacco; other raw vegetable materials","Gross Production Value (constant 2014-2016 thousand US$)","1000 USD",2000,1027,"Peppermint, spearmint","no"
NA,"World",NA,NA,"Forage products; fibre crops; plants used in perfumery, pharmacy, or for insecticidal, fungicidal or similar purposes; beet, forage plant and flower seeds; natural rubber; living plants, cut flowers and flower buds; unmanufactured tobacco; other raw vegetable materials","Gross Production Value (constant 2014-2016 thousand US$)","1000 USD",2001,945,"Peppermint, spearmint","no"
NA,"World",NA,NA,"Forage products; fibre crops; plants used in perfumery, pharmacy, or for insecticidal, fungicidal or similar purposes; beet, forage plant and flower seeds; natural rubber; living plants, cut flowers and flower buds; unmanufactured tobacco; other raw vegetable materials","Gross Production Value (constant 2014-2016 thousand US$)","1000 USD",2002,837,"Peppermint, spearmint","no"
NA,"World",NA,NA,"Forage products; fibre crops; plants used in perfumery, pharmacy, or for insecticidal, fungicidal or similar purposes; beet, forage plant and flower seeds; natural rubber; living plants, cut flowers and flower buds; unmanufactured tobacco; other raw vegetable materials","Gross Production Value (constant 2014-2016 thousand US$)","1000 USD",2003,10102,"Peppermint, spearmint","no"
NA,"World",NA,NA,"Forage products; fibre crops; plants used in perfumery, pharmacy, or for insecticidal, fungicidal or similar purposes; beet, forage plant and flower seeds; natural rubber; living plants, cut flowers and flower buds; unmanufactured tobacco; other raw vegetable materials","Gross Production Value (constant 2014-2016 thousand US$)","1000 USD",2004,5586,"Peppermint, spearmint","no"
NA,"World",NA,NA,"Forage products; fibre crops; plants used in perfumery, pharmacy, or for insecticidal, fungicidal or similar purposes; beet, forage plant and flower seeds; natural rubber; living plants, cut flowers and flower buds; unmanufactured tobacco; other raw vegetable materials","Gross Production Value (constant 2014-2016 thousand US$)","1000 USD",2005,2570,"Peppermint, spearmint","no"
NA,"World",NA,NA,"Forage products; fibre crops; plants used in perfumery, pharmacy, or for insecticidal, fungicidal or similar purposes; beet, forage plant and flower seeds; natural rubber; living plants, cut flowers and flower buds; unmanufactured tobacco; other raw vegetable materials","Gross Production Value (constant 2014-2016 thousand US$)","1000 USD",2006,3904,"Peppermint, spearmint","no"
NA,"World",NA,NA,"Forage products; fibre crops; plants used in perfumery, pharmacy, or for insecticidal, fungicidal or similar purposes; beet, forage plant and flower seeds; natural rubber; living plants, cut flowers and flower buds; unmanufactured tobacco; other raw vegetable materials","Gross Production Value (constant 2014-2016 thousand US$)","1000 USD",2007,920,"Peppermint, spearmint","no"
NA,"World",NA,NA,"Forage products; fibre crops; plants used in perfumery, pharmacy, or for insecticidal, fungicidal or similar purposes; beet, forage plant and flower seeds; natural rubber; living plants, cut flowers and flower buds; unmanufactured tobacco; other raw vegetable materials","Gross Production Value (constant 2014-2016 thousand US$)","1000 USD",2008,644,"Peppermint, spearmint","no"
NA,"World",NA,NA,"Forage products; fibre crops; plants used in perfumery, pharmacy, or for insecticidal, fungicidal or similar purposes; beet, forage plant and flower seeds; natural rubber; living plants, cut flowers and flower buds; unmanufactured tobacco; other raw vegetable materials","Gross Production Value (constant 2014-2016 thousand US$)","1000 USD",2009,773,"Peppermint, spearmint","no"
NA,"World",NA,NA,"Forage products; fibre crops; plants used in perfumery, pharmacy, or for insecticidal, fungicidal or similar purposes; beet, forage plant and flower seeds; natural rubber; living plants, cut flowers and flower buds; unmanufactured tobacco; other raw vegetable materials","Gross Production Value (constant 2014-2016 thousand US$)","1000 USD",2010,4921,"Peppermint, spearmint","no"
NA,"World",NA,NA,"Forage products; fibre crops; plants used in perfumery, pharmacy, or for insecticidal, fungicidal or similar purposes; beet, forage plant and flower seeds; natural rubber; living plants, cut flowers and flower buds; unmanufactured tobacco; other raw vegetable materials","Gross Production Value (constant 2014-2016 thousand US$)","1000 USD",2011,1235,"Peppermint, spearmint","no"
NA,"World",NA,NA,"Forage products; fibre crops; plants used in perfumery, pharmacy, or for insecticidal, fungicidal or similar purposes; beet, forage plant and flower seeds; natural rubber; living plants, cut flowers and flower buds; unmanufactured tobacco; other raw vegetable materials","Gross Production Value (constant 2014-2016 thousand US$)","1000 USD",2012,575,"Peppermint, spearmint","no"
NA,"World",NA,NA,"Forage products; fibre crops; plants used in perfumery, pharmacy, or for insecticidal, fungicidal or similar purposes; beet, forage plant and flower seeds; natural rubber; living plants, cut flowers and flower buds; unmanufactured tobacco; other raw vegetable materials","Gross Production Value (constant 2014-2016 thousand US$)","1000 USD",2013,1165,"Peppermint, spearmint","no"
NA,"World",NA,NA,"Forage products; fibre crops; plants used in perfumery, pharmacy, or for insecticidal, fungicidal or similar purposes; beet, forage plant and flower seeds; natural rubber; living plants, cut flowers and flower buds; unmanufactured tobacco; other raw vegetable materials","Gross Production Value (constant 2014-2016 thousand US$)","1000 USD",2014,347,"Peppermint, spearmint","no"
NA,"World",NA,NA,"Forage products; fibre crops; plants used in perfumery, pharmacy, or for insecticidal, fungicidal or similar purposes; beet, forage plant and flower seeds; natural rubber; living plants, cut flowers and flower buds; unmanufactured tobacco; other raw vegetable materials","Gross Production Value (constant 2014-2016 thousand US$)","1000 USD",2015,800,"Peppermint, spearmint","no"
NA,"World",NA,NA,"Forage products; fibre crops; plants used in perfumery, pharmacy, or for insecticidal, fungicidal or similar purposes; beet, forage plant and flower seeds; natural rubber; living plants, cut flowers and flower buds; unmanufactured tobacco; other raw vegetable materials","Gross Production Value (constant 2014-2016 thousand US$)","1000 USD",2016,1393,"Peppermint, spearmint","no"
NA,"World",NA,NA,"Forage products; fibre crops; plants used in perfumery, pharmacy, or for insecticidal, fungicidal or similar purposes; beet, forage plant and flower seeds; natural rubber; living plants, cut flowers and flower buds; unmanufactured tobacco; other raw vegetable materials","Gross Production Value (constant 2014-2016 thousand US$)","1000 USD",2017,526,"Peppermint, spearmint","no"
NA,"World",NA,NA,"Forage products; fibre crops; plants used in perfumery, pharmacy, or for insecticidal, fungicidal or similar purposes; beet, forage plant and flower seeds; natural rubber; living plants, cut flowers and flower buds; unmanufactured tobacco; other raw vegetable materials","Gross Production Value (constant 2014-2016 thousand US$)","1000 USD",2018,0,"Peppermint, spearmint","no"
NA,"World",NA,NA,"Forage products; fibre crops; plants used in perfumery, pharmacy, or for insecticidal, fungicidal or similar purposes; beet, forage plant and flower seeds; natural rubber; living plants, cut flowers and flower buds; unmanufactured tobacco; other raw vegetable materials","Gross Production Value (constant 2014-2016 thousand US$)","1000 USD",2019,0,"Peppermint, spearmint","no"
NA,"World",NA,NA,"Forage products; fibre crops; plants used in perfumery, pharmacy, or for insecticidal, fungicidal or similar purposes; beet, forage plant and flower seeds; natural rubber; living plants, cut flowers and flower buds; unmanufactured tobacco; other raw vegetable materials","Gross Production Value (constant 2014-2016 thousand US$)","1000 USD",2020,0,"Peppermint, spearmint","no"
NA,"World",NA,NA,"Forage products; fibre crops; plants used in perfumery, pharmacy, or for insecticidal, fungicidal or similar purposes; beet, forage plant and flower seeds; natural rubber; living plants, cut flowers and flower buds; unmanufactured tobacco; other raw vegetable materials","Gross Production Value (constant 2014-2016 thousand US$)","1000 USD",2021,0,"Peppermint, spearmint","no"
NA,"World",NA,NA,"Forage products; fibre crops; plants used in perfumery, pharmacy, or for insecticidal, fungicidal or similar purposes; beet, forage plant and flower seeds; natural rubber; living plants, cut flowers and flower buds; unmanufactured tobacco; other raw vegetable materials","Gross Production Value (constant 2014-2016 thousand US$)","1000 USD",2022,0,"Peppermint, spearmint","no"
NA,"World",NA,NA,"Forage products; fibre crops; plants used in perfumery, pharmacy, or for insecticidal, fungicidal or similar purposes; beet, forage plant and flower seeds; natural rubber; living plants, cut flowers and flower buds; unmanufactured tobacco; other raw vegetable materials","Gross Production Value (constant 2014-2016 thousand US$)","1000 USD",2023,0,"Peppermint, spearmint","no"
NA,"World",NA,NA,"Fruits and nuts","Gross Production Value (constant 2014-2016 thousand I$)","1000 Int$",1992,490248,"Persimmons","no"
NA,"World",NA,NA,"Fruits and nuts","Gross Production Value (constant 2014-2016 thousand I$)","1000 Int$",1993,472976,"Persimmons","no"
NA,"World",NA,NA,"Fruits and nuts","Gross Production Value (constant 2014-2016 thousand I$)","1000 Int$",1994,541166,"Persimmons","no"
NA,"World",NA,NA,"Fruits and nuts","Gross Production Value (constant 2014-2016 thousand I$)","1000 Int$",1995,589904,"Persimmons","no"
NA,"World",NA,NA,"Fruits and nuts","Gross Production Value (constant 2014-2016 thousand I$)","1000 Int$",1996,618601,"Persimmons","no"
NA,"World",NA,NA,"Fruits and nuts","Gross Production Value (constant 2014-2016 thousand I$)","1000 Int$",1997,669408,"Persimmons","no"
NA,"World",NA,NA,"Fruits and nuts","Gross Production Value (constant 2014-2016 thousand I$)","1000 Int$",1998,759273,"Persimmons","no"
NA,"World",NA,NA,"Fruits and nuts","Gross Production Value (constant 2014-2016 thousand I$)","1000 Int$",1999,837546,"Persimmons","no"
NA,"World",NA,NA,"Fruits and nuts","Gross Production Value (constant 2014-2016 thousand I$)","1000 Int$",2000,891064,"Persimmons","no"
NA,"World",NA,NA,"Fruits and nuts","Gross Production Value (constant 2014-2016 thousand I$)","1000 Int$",2001,918421,"Persimmons","no"
NA,"World",NA,NA,"Fruits and nuts","Gross Production Value (constant 2014-2016 thousand I$)","1000 Int$",2002,999527,"Persimmons","no"
NA,"World",NA,NA,"Fruits and nuts","Gross Production Value (constant 2014-2016 thousand I$)","1000 Int$",2003,1020636,"Persimmons","no"
NA,"World",NA,NA,"Fruits and nuts","Gross Production Value (constant 2014-2016 thousand I$)","1000 Int$",2004,1081622,"Persimmons","no"
NA,"World",NA,NA,"Fruits and nuts","Gross Production Value (constant 2014-2016 thousand I$)","1000 Int$",2005,1218984,"Persimmons","no"
NA,"World",NA,NA,"Fruits and nuts","Gross Production Value (constant 2014-2016 thousand I$)","1000 Int$",2006,1249060,"Persimmons","no"
NA,"World",NA,NA,"Fruits and nuts","Gross Production Value (constant 2014-2016 thousand I$)","1000 Int$",2007,1320037,"Persimmons","no"
NA,"World",NA,NA,"Fruits and nuts","Gross Production Value (constant 2014-2016 thousand I$)","1000 Int$",2008,1401910,"Persimmons","no"
NA,"World",NA,NA,"Fruits and nuts","Gross Production Value (constant 2014-2016 thousand I$)","1000 Int$",2009,1365014,"Persimmons","no"
NA,"World",NA,NA,"Fruits and nuts","Gross Production Value (constant 2014-2016 thousand I$)","1000 Int$",2010,1390476,"Persimmons","no"
NA,"World",NA,NA,"Fruits and nuts","Gross Production Value (constant 2014-2016 thousand I$)","1000 Int$",2011,1448642,"Persimmons","no"
NA,"World",NA,NA,"Fruits and nuts","Gross Production Value (constant 2014-2016 thousand I$)","1000 Int$",2012,1582331,"Persimmons","no"
NA,"World",NA,NA,"Fruits and nuts","Gross Production Value (constant 2014-2016 thousand I$)","1000 Int$",2013,1525398,"Persimmons","no"
NA,"World",NA,NA,"Fruits and nuts","Gross Production Value (constant 2014-2016 thousand I$)","1000 Int$",2014,1628906,"Persimmons","no"
NA,"World",NA,NA,"Fruits and nuts","Gross Production Value (constant 2014-2016 thousand I$)","1000 Int$",2015,1594565,"Persimmons","no"
NA,"World",NA,NA,"Fruits and nuts","Gross Production Value (constant 2014-2016 thousand I$)","1000 Int$",2016,1602803,"Persimmons","no"
NA,"World",NA,NA,"Fruits and nuts","Gross Production Value (constant 2014-2016 thousand I$)","1000 Int$",2017,1667650,"Persimmons","no"
NA,"World",NA,NA,"Fruits and nuts","Gross Production Value (constant 2014-2016 thousand I$)","1000 Int$",2018,1557548,"Persimmons","no"
NA,"World",NA,NA,"Fruits and nuts","Gross Production Value (constant 2014-2016 thousand I$)","1000 Int$",2019,1557266,"Persimmons","no"
NA,"World",NA,NA,"Fruits and nuts","Gross Production Value (constant 2014-2016 thousand I$)","1000 Int$",2020,1621348,"Persimmons","no"
NA,"World",NA,NA,"Fruits and nuts","Gross Production Value (constant 2014-2016 thousand I$)","1000 Int$",2021,1692277,"Persimmons","no"
NA,"World",NA,NA,"Fruits and nuts","Gross Production Value (constant 2014-2016 thousand I$)","1000 Int$",2022,1788148,"Persimmons","no"
NA,"World",NA,NA,"Fruits and nuts","Gross Production Value (constant 2014-2016 thousand I$)","1000 Int$",2023,1857041,"Persimmons","no"
NA,"World",NA,NA,"Fruits and nuts","Gross Production Value (constant 2014-2016 thousand US$)","1000 USD",1992,1103841,"Persimmons","no"
NA,"World",NA,NA,"Fruits and nuts","Gross Production Value (constant 2014-2016 thousand US$)","1000 USD",1993,975922,"Persimmons","no"
NA,"World",NA,NA,"Fruits and nuts","Gross Production Value (constant 2014-2016 thousand US$)","1000 USD",1994,1155803,"Persimmons","no"
NA,"World",NA,NA,"Fruits and nuts","Gross Production Value (constant 2014-2016 thousand US$)","1000 USD",1995,1149647,"Persimmons","no"
NA,"World",NA,NA,"Fruits and nuts","Gross Production Value (constant 2014-2016 thousand US$)","1000 USD",1996,1179951,"Persimmons","no"
NA,"World",NA,NA,"Fruits and nuts","Gross Production Value (constant 2014-2016 thousand US$)","1000 USD",1997,1333608,"Persimmons","no"
NA,"World",NA,NA,"Fruits and nuts","Gross Production Value (constant 2014-2016 thousand US$)","1000 USD",1998,1391093,"Persimmons","no"
NA,"World",NA,NA,"Fruits and nuts","Gross Production Value (constant 2014-2016 thousand US$)","1000 USD",1999,1518245,"Persimmons","no"
NA,"World",NA,NA,"Fruits and nuts","Gross Production Value (constant 2014-2016 thousand US$)","1000 USD",2000,1571045,"Persimmons","no"
NA,"World",NA,NA,"Fruits and nuts","Gross Production Value (constant 2014-2016 thousand US$)","1000 USD",2001,1618090,"Persimmons","no"
NA,"World",NA,NA,"Fruits and nuts","Gross Production Value (constant 2014-2016 thousand US$)","1000 USD",2002,1725987,"Persimmons","no"
NA,"World",NA,NA,"Fruits and nuts","Gross Production Value (constant 2014-2016 thousand US$)","1000 USD",2003,1746235,"Persimmons","no"
NA,"World",NA,NA,"Fruits and nuts","Gross Production Value (constant 2014-2016 thousand US$)","1000 USD",2004,1784884,"Persimmons","no"
NA,"World",NA,NA,"Fruits and nuts","Gross Production Value (constant 2014-2016 thousand US$)","1000 USD",2005,2059057,"Persimmons","no"
NA,"World",NA,NA,"Fruits and nuts","Gross Production Value (constant 2014-2016 thousand US$)","1000 USD",2006,1986390,"Persimmons","no"
NA,"World",NA,NA,"Fruits and nuts","Gross Production Value (constant 2014-2016 thousand US$)","1000 USD",2007,2111340,"Persimmons","no"
NA,"World",NA,NA,"Fruits and nuts","Gross Production Value (constant 2014-2016 thousand US$)","1000 USD",2008,2266906,"Persimmons","no"
NA,"World",NA,NA,"Fruits and nuts","Gross Production Value (constant 2014-2016 thousand US$)","1000 USD",2009,2151327,"Persimmons","no"
NA,"World",NA,NA,"Fruits and nuts","Gross Production Value (constant 2014-2016 thousand US$)","1000 USD",2010,2102153,"Persimmons","no"
NA,"World",NA,NA,"Fruits and nuts","Gross Production Value (constant 2014-2016 thousand US$)","1000 USD",2011,2152544,"Persimmons","no"
NA,"World",NA,NA,"Fruits and nuts","Gross Production Value (constant 2014-2016 thousand US$)","1000 USD",2012,2428741,"Persimmons","no"
NA,"World",NA,NA,"Fruits and nuts","Gross Production Value (constant 2014-2016 thousand US$)","1000 USD",2013,2286703,"Persimmons","no"
NA,"World",NA,NA,"Fruits and nuts","Gross Production Value (constant 2014-2016 thousand US$)","1000 USD",2014,2493929,"Persimmons","no"
NA,"World",NA,NA,"Fruits and nuts","Gross Production Value (constant 2014-2016 thousand US$)","1000 USD",2015,2422500,"Persimmons","no"
NA,"World",NA,NA,"Fruits and nuts","Gross Production Value (constant 2014-2016 thousand US$)","1000 USD",2016,2415225,"Persimmons","no"
NA,"World",NA,NA,"Fruits and nuts","Gross Production Value (constant 2014-2016 thousand US$)","1000 USD",2017,2509944,"Persimmons","no"
NA,"World",NA,NA,"Fruits and nuts","Gross Production Value (constant 2014-2016 thousand US$)","1000 USD",2018,2234730,"Persimmons","no"
NA,"World",NA,NA,"Fruits and nuts","Gross Production Value (constant 2014-2016 thousand US$)","1000 USD",2019,2252852,"Persimmons","no"
NA,"World",NA,NA,"Fruits and nuts","Gross Production Value (constant 2014-2016 thousand US$)","1000 USD",2020,2271725,"Persimmons","no"
NA,"World",NA,NA,"Fruits and nuts","Gross Production Value (constant 2014-2016 thousand US$)","1000 USD",2021,2352301,"Persimmons","no"
NA,"World",NA,NA,"Fruits and nuts","Gross Production Value (constant 2014-2016 thousand US$)","1000 USD",2022,2516228,"Persimmons","no"
NA,"World",NA,NA,"Fruits and nuts","Gross Production Value (constant 2014-2016 thousand US$)","1000 USD",2023,2554018,"Persimmons","no"
NA,"World",NA,NA,"Pulses (dried leguminous vegetables)","Gross Production Value (constant 2014-2016 thousand I$)","1000 Int$",1992,1859503,"Pigeon peas","no"
NA,"World",NA,NA,"Pulses (dried leguminous vegetables)","Gross Production Value (constant 2014-2016 thousand I$)","1000 Int$",1993,2020402,"Pigeon peas","no"
NA,"World",NA,NA,"Pulses (dried leguminous vegetables)","Gross Production Value (constant 2014-2016 thousand I$)","1000 Int$",1994,2292193,"Pigeon peas","no"
NA,"World",NA,NA,"Pulses (dried leguminous vegetables)","Gross Production Value (constant 2014-2016 thousand I$)","1000 Int$",1995,1889691,"Pigeon peas","no"
NA,"World",NA,NA,"Pulses (dried leguminous vegetables)","Gross Production Value (constant 2014-2016 thousand I$)","1000 Int$",1996,2080480,"Pigeon peas","no"
NA,"World",NA,NA,"Pulses (dried leguminous vegetables)","Gross Production Value (constant 2014-2016 thousand I$)","1000 Int$",1997,2333739,"Pigeon peas","no"
NA,"World",NA,NA,"Pulses (dried leguminous vegetables)","Gross Production Value (constant 2014-2016 thousand I$)","1000 Int$",1998,1734774,"Pigeon peas","no"
NA,"World",NA,NA,"Pulses (dried leguminous vegetables)","Gross Production Value (constant 2014-2016 thousand I$)","1000 Int$",1999,2423262,"Pigeon peas","no"
NA,"World",NA,NA,"Pulses (dried leguminous vegetables)","Gross Production Value (constant 2014-2016 thousand I$)","1000 Int$",2000,2520502,"Pigeon peas","no"
NA,"World",NA,NA,"Pulses (dried leguminous vegetables)","Gross Production Value (constant 2014-2016 thousand I$)","1000 Int$",2001,2306468,"Pigeon peas","no"
NA,"World",NA,NA,"Pulses (dried leguminous vegetables)","Gross Production Value (constant 2014-2016 thousand I$)","1000 Int$",2002,2331264,"Pigeon peas","no"
NA,"World",NA,NA,"Pulses (dried leguminous vegetables)","Gross Production Value (constant 2014-2016 thousand I$)","1000 Int$",2003,2328279,"Pigeon peas","no"
NA,"World",NA,NA,"Pulses (dried leguminous vegetables)","Gross Production Value (constant 2014-2016 thousand I$)","1000 Int$",2004,2487880,"Pigeon peas","no"
NA,"World",NA,NA,"Pulses (dried leguminous vegetables)","Gross Production Value (constant 2014-2016 thousand I$)","1000 Int$",2005,2514715,"Pigeon peas","no"
NA,"World",NA,NA,"Pulses (dried leguminous vegetables)","Gross Production Value (constant 2014-2016 thousand I$)","1000 Int$",2006,2911824,"Pigeon peas","no"
NA,"World",NA,NA,"Pulses (dried leguminous vegetables)","Gross Production Value (constant 2014-2016 thousand I$)","1000 Int$",2007,2667037,"Pigeon peas","no"
NA,"World",NA,NA,"Pulses (dried leguminous vegetables)","Gross Production Value (constant 2014-2016 thousand I$)","1000 Int$",2008,3185712,"Pigeon peas","no"
NA,"World",NA,NA,"Pulses (dried leguminous vegetables)","Gross Production Value (constant 2014-2016 thousand I$)","1000 Int$",2009,2605447,"Pigeon peas","no"
NA,"World",NA,NA,"Pulses (dried leguminous vegetables)","Gross Production Value (constant 2014-2016 thousand I$)","1000 Int$",2010,2880698,"Pigeon peas","no"
NA,"World",NA,NA,"Pulses (dried leguminous vegetables)","Gross Production Value (constant 2014-2016 thousand I$)","1000 Int$",2011,3085599,"Pigeon peas","no"
NA,"World",NA,NA,"Pulses (dried leguminous vegetables)","Gross Production Value (constant 2014-2016 thousand I$)","1000 Int$",2012,2941791,"Pigeon peas","no"
NA,"World",NA,NA,"Pulses (dried leguminous vegetables)","Gross Production Value (constant 2014-2016 thousand I$)","1000 Int$",2013,3307884,"Pigeon peas","no"
NA,"World",NA,NA,"Pulses (dried leguminous vegetables)","Gross Production Value (constant 2014-2016 thousand I$)","1000 Int$",2014,3493639,"Pigeon peas","no"
NA,"World",NA,NA,"Pulses (dried leguminous vegetables)","Gross Production Value (constant 2014-2016 thousand I$)","1000 Int$",2015,3211227,"Pigeon peas","no"
NA,"World",NA,NA,"Pulses (dried leguminous vegetables)","Gross Production Value (constant 2014-2016 thousand I$)","1000 Int$",2016,3012420,"Pigeon peas","no"
NA,"World",NA,NA,"Pulses (dried leguminous vegetables)","Gross Production Value (constant 2014-2016 thousand I$)","1000 Int$",2017,4713841,"Pigeon peas","no"
NA,"World",NA,NA,"Pulses (dried leguminous vegetables)","Gross Production Value (constant 2014-2016 thousand I$)","1000 Int$",2018,3981210,"Pigeon peas","no"
NA,"World",NA,NA,"Pulses (dried leguminous vegetables)","Gross Production Value (constant 2014-2016 thousand I$)","1000 Int$",2019,3228199,"Pigeon peas","no"
NA,"World",NA,NA,"Pulses (dried leguminous vegetables)","Gross Production Value (constant 2014-2016 thousand I$)","1000 Int$",2020,3754325,"Pigeon peas","no"
NA,"World",NA,NA,"Pulses (dried leguminous vegetables)","Gross Production Value (constant 2014-2016 thousand I$)","1000 Int$",2021,4006636,"Pigeon peas","no"
NA,"World",NA,NA,"Pulses (dried leguminous vegetables)","Gross Production Value (constant 2014-2016 thousand I$)","1000 Int$",2022,3905601,"Pigeon peas","no"
NA,"World",NA,NA,"Pulses (dried leguminous vegetables)","Gross Production Value (constant 2014-2016 thousand I$)","1000 Int$",2023,3393288,"Pigeon peas","no"
NA,"World",NA,NA,"Pulses (dried leguminous vegetables)","Gross Production Value (constant 2014-2016 thousand US$)","1000 USD",1992,1599589,"Pigeon peas","no"
NA,"World",NA,NA,"Pulses (dried leguminous vegetables)","Gross Production Value (constant 2014-2016 thousand US$)","1000 USD",1993,1748515,"Pigeon peas","no"
NA,"World",NA,NA,"Pulses (dried leguminous vegetables)","Gross Production Value (constant 2014-2016 thousand US$)","1000 USD",1994,2000670,"Pigeon peas","no"
NA,"World",NA,NA,"Pulses (dried leguminous vegetables)","Gross Production Value (constant 2014-2016 thousand US$)","1000 USD",1995,1620605,"Pigeon peas","no"
NA,"World",NA,NA,"Pulses (dried leguminous vegetables)","Gross Production Value (constant 2014-2016 thousand US$)","1000 USD",1996,1781229,"Pigeon peas","no"
NA,"World",NA,NA,"Pulses (dried leguminous vegetables)","Gross Production Value (constant 2014-2016 thousand US$)","1000 USD",1997,2023480,"Pigeon peas","no"
NA,"World",NA,NA,"Pulses (dried leguminous vegetables)","Gross Production Value (constant 2014-2016 thousand US$)","1000 USD",1998,1465656,"Pigeon peas","no"
NA,"World",NA,NA,"Pulses (dried leguminous vegetables)","Gross Production Value (constant 2014-2016 thousand US$)","1000 USD",1999,2086860,"Pigeon peas","no"
NA,"World",NA,NA,"Pulses (dried leguminous vegetables)","Gross Production Value (constant 2014-2016 thousand US$)","1000 USD",2000,2080419,"Pigeon peas","no"
NA,"World",NA,NA,"Pulses (dried leguminous vegetables)","Gross Production Value (constant 2014-2016 thousand US$)","1000 USD",2001,1777410,"Pigeon peas","no"
NA,"World",NA,NA,"Pulses (dried leguminous vegetables)","Gross Production Value (constant 2014-2016 thousand US$)","1000 USD",2002,1808921,"Pigeon peas","no"
NA,"World",NA,NA,"Pulses (dried leguminous vegetables)","Gross Production Value (constant 2014-2016 thousand US$)","1000 USD",2003,1766261,"Pigeon peas","no"
NA,"World",NA,NA,"Pulses (dried leguminous vegetables)","Gross Production Value (constant 2014-2016 thousand US$)","1000 USD",2004,1860322,"Pigeon peas","no"
NA,"World",NA,NA,"Pulses (dried leguminous vegetables)","Gross Production Value (constant 2014-2016 thousand US$)","1000 USD",2005,1838145,"Pigeon peas","no"
NA,"World",NA,NA,"Pulses (dried leguminous vegetables)","Gross Production Value (constant 2014-2016 thousand US$)","1000 USD",2006,2176588,"Pigeon peas","no"
NA,"World",NA,NA,"Pulses (dried leguminous vegetables)","Gross Production Value (constant 2014-2016 thousand US$)","1000 USD",2007,1892615,"Pigeon peas","no"
NA,"World",NA,NA,"Pulses (dried leguminous vegetables)","Gross Production Value (constant 2014-2016 thousand US$)","1000 USD",2008,2401823,"Pigeon peas","no"
NA,"World",NA,NA,"Pulses (dried leguminous vegetables)","Gross Production Value (constant 2014-2016 thousand US$)","1000 USD",2009,1852329,"Pigeon peas","no"
NA,"World",NA,NA,"Pulses (dried leguminous vegetables)","Gross Production Value (constant 2014-2016 thousand US$)","1000 USD",2010,2049264,"Pigeon peas","no"
NA,"World",NA,NA,"Pulses (dried leguminous vegetables)","Gross Production Value (constant 2014-2016 thousand US$)","1000 USD",2011,2389124,"Pigeon peas","no"
NA,"World",NA,NA,"Pulses (dried leguminous vegetables)","Gross Production Value (constant 2014-2016 thousand US$)","1000 USD",2012,2276830,"Pigeon peas","no"
NA,"World",NA,NA,"Pulses (dried leguminous vegetables)","Gross Production Value (constant 2014-2016 thousand US$)","1000 USD",2013,2593870,"Pigeon peas","no"
NA,"World",NA,NA,"Pulses (dried leguminous vegetables)","Gross Production Value (constant 2014-2016 thousand US$)","1000 USD",2014,2786657,"Pigeon peas","no"
NA,"World",NA,NA,"Pulses (dried leguminous vegetables)","Gross Production Value (constant 2014-2016 thousand US$)","1000 USD",2015,2512058,"Pigeon peas","no"
NA,"World",NA,NA,"Pulses (dried leguminous vegetables)","Gross Production Value (constant 2014-2016 thousand US$)","1000 USD",2016,2320502,"Pigeon peas","no"
NA,"World",NA,NA,"Pulses (dried leguminous vegetables)","Gross Production Value (constant 2014-2016 thousand US$)","1000 USD",2017,3985776,"Pigeon peas","no"
NA,"World",NA,NA,"Pulses (dried leguminous vegetables)","Gross Production Value (constant 2014-2016 thousand US$)","1000 USD",2018,3469043,"Pigeon peas","no"
NA,"World",NA,NA,"Pulses (dried leguminous vegetables)","Gross Production Value (constant 2014-2016 thousand US$)","1000 USD",2019,2769566,"Pigeon peas","no"
NA,"World",NA,NA,"Pulses (dried leguminous vegetables)","Gross Production Value (constant 2014-2016 thousand US$)","1000 USD",2020,3258043,"Pigeon peas","no"
NA,"World",NA,NA,"Pulses (dried leguminous vegetables)","Gross Production Value (constant 2014-2016 thousand US$)","1000 USD",2021,3513115,"Pigeon peas","no"
NA,"World",NA,NA,"Pulses (dried leguminous vegetables)","Gross Production Value (constant 2014-2016 thousand US$)","1000 USD",2022,3442575,"Pigeon peas","no"
NA,"World",NA,NA,"Pulses (dried leguminous vegetables)","Gross Production Value (constant 2014-2016 thousand US$)","1000 USD",2023,2927997,"Pigeon peas","no"
NA,"World",NA,NA,"Fruits and nuts","Gross Production Value (constant 2014-2016 thousand I$)","1000 Int$",1992,4975756,"Pineapples","no"
NA,"World",NA,NA,"Fruits and nuts","Gross Production Value (constant 2014-2016 thousand I$)","1000 Int$",1993,5302930,"Pineapples","no"
NA,"World",NA,NA,"Fruits and nuts","Gross Production Value (constant 2014-2016 thousand I$)","1000 Int$",1994,5236558,"Pineapples","no"
NA,"World",NA,NA,"Fruits and nuts","Gross Production Value (constant 2014-2016 thousand I$)","1000 Int$",1995,5283255,"Pineapples","no"
NA,"World",NA,NA,"Fruits and nuts","Gross Production Value (constant 2014-2016 thousand I$)","1000 Int$",1996,5202391,"Pineapples","no"
NA,"World",NA,NA,"Fruits and nuts","Gross Production Value (constant 2014-2016 thousand I$)","1000 Int$",1997,5376963,"Pineapples","no"
NA,"World",NA,NA,"Fruits and nuts","Gross Production Value (constant 2014-2016 thousand I$)","1000 Int$",1998,5339990,"Pineapples","no"
NA,"World",NA,NA,"Fruits and nuts","Gross Production Value (constant 2014-2016 thousand I$)","1000 Int$",1999,6023741,"Pineapples","no"
NA,"World",NA,NA,"Fruits and nuts","Gross Production Value (constant 2014-2016 thousand I$)","1000 Int$",2000,6107375,"Pineapples","no"
NA,"World",NA,NA,"Fruits and nuts","Gross Production Value (constant 2014-2016 thousand I$)","1000 Int$",2001,6326234,"Pineapples","no"
NA,"World",NA,NA,"Fruits and nuts","Gross Production Value (constant 2014-2016 thousand I$)","1000 Int$",2002,6382230,"Pineapples","no"
NA,"World",NA,NA,"Fruits and nuts","Gross Production Value (constant 2014-2016 thousand I$)","1000 Int$",2003,6518686,"Pineapples","no"
NA,"World",NA,NA,"Fruits and nuts","Gross Production Value (constant 2014-2016 thousand I$)","1000 Int$",2004,6766620,"Pineapples","no"
NA,"World",NA,NA,"Fruits and nuts","Gross Production Value (constant 2014-2016 thousand I$)","1000 Int$",2005,7188733,"Pineapples","no"
NA,"World",NA,NA,"Fruits and nuts","Gross Production Value (constant 2014-2016 thousand I$)","1000 Int$",2006,8016613,"Pineapples","no"
NA,"World",NA,NA,"Fruits and nuts","Gross Production Value (constant 2014-2016 thousand I$)","1000 Int$",2007,8103221,"Pineapples","no"
NA,"World",NA,NA,"Fruits and nuts","Gross Production Value (constant 2014-2016 thousand I$)","1000 Int$",2008,7951833,"Pineapples","no"
NA,"World",NA,NA,"Fruits and nuts","Gross Production Value (constant 2014-2016 thousand I$)","1000 Int$",2009,8190810,"Pineapples","no"
NA,"World",NA,NA,"Fruits and nuts","Gross Production Value (constant 2014-2016 thousand I$)","1000 Int$",2010,8614339,"Pineapples","no"
NA,"World",NA,NA,"Fruits and nuts","Gross Production Value (constant 2014-2016 thousand I$)","1000 Int$",2011,9206950,"Pineapples","no"
NA,"World",NA,NA,"Fruits and nuts","Gross Production Value (constant 2014-2016 thousand I$)","1000 Int$",2012,9684544,"Pineapples","no"
NA,"World",NA,NA,"Fruits and nuts","Gross Production Value (constant 2014-2016 thousand I$)","1000 Int$",2013,9900434,"Pineapples","no"
NA,"World",NA,NA,"Fruits and nuts","Gross Production Value (constant 2014-2016 thousand I$)","1000 Int$",2014,10280665,"Pineapples","no"
NA,"World",NA,NA,"Fruits and nuts","Gross Production Value (constant 2014-2016 thousand I$)","1000 Int$",2015,10251016,"Pineapples","no"
NA,"World",NA,NA,"Fruits and nuts","Gross Production Value (constant 2014-2016 thousand I$)","1000 Int$",2016,10290758,"Pineapples","no"
NA,"World",NA,NA,"Fruits and nuts","Gross Production Value (constant 2014-2016 thousand I$)","1000 Int$",2017,10864718,"Pineapples","no"
NA,"World",NA,NA,"Fruits and nuts","Gross Production Value (constant 2014-2016 thousand I$)","1000 Int$",2018,11248829,"Pineapples","no"
NA,"World",NA,NA,"Fruits and nuts","Gross Production Value (constant 2014-2016 thousand I$)","1000 Int$",2019,11013422,"Pineapples","no"
NA,"World",NA,NA,"Fruits and nuts","Gross Production Value (constant 2014-2016 thousand I$)","1000 Int$",2020,10949376,"Pineapples","no"
NA,"World",NA,NA,"Fruits and nuts","Gross Production Value (constant 2014-2016 thousand I$)","1000 Int$",2021,11486119,"Pineapples","no"
NA,"World",NA,NA,"Fruits and nuts","Gross Production Value (constant 2014-2016 thousand I$)","1000 Int$",2022,11766223,"Pineapples","no"
NA,"World",NA,NA,"Fruits and nuts","Gross Production Value (constant 2014-2016 thousand I$)","1000 Int$",2023,11789597,"Pineapples","no"
NA,"World",NA,NA,"Fruits and nuts","Gross Production Value (constant 2014-2016 thousand US$)","1000 USD",1992,4351782,"Pineapples","no"
NA,"World",NA,NA,"Fruits and nuts","Gross Production Value (constant 2014-2016 thousand US$)","1000 USD",1993,4502708,"Pineapples","no"
NA,"World",NA,NA,"Fruits and nuts","Gross Production Value (constant 2014-2016 thousand US$)","1000 USD",1994,4432987,"Pineapples","no"
NA,"World",NA,NA,"Fruits and nuts","Gross Production Value (constant 2014-2016 thousand US$)","1000 USD",1995,4480000,"Pineapples","no"
NA,"World",NA,NA,"Fruits and nuts","Gross Production Value (constant 2014-2016 thousand US$)","1000 USD",1996,4468535,"Pineapples","no"
NA,"World",NA,NA,"Fruits and nuts","Gross Production Value (constant 2014-2016 thousand US$)","1000 USD",1997,4615217,"Pineapples","no"
NA,"World",NA,NA,"Fruits and nuts","Gross Production Value (constant 2014-2016 thousand US$)","1000 USD",1998,4520014,"Pineapples","no"
NA,"World",NA,NA,"Fruits and nuts","Gross Production Value (constant 2014-2016 thousand US$)","1000 USD",1999,5179729,"Pineapples","no"
NA,"World",NA,NA,"Fruits and nuts","Gross Production Value (constant 2014-2016 thousand US$)","1000 USD",2000,5215396,"Pineapples","no"
NA,"World",NA,NA,"Fruits and nuts","Gross Production Value (constant 2014-2016 thousand US$)","1000 USD",2001,5424502,"Pineapples","no"
NA,"World",NA,NA,"Fruits and nuts","Gross Production Value (constant 2014-2016 thousand US$)","1000 USD",2002,5448753,"Pineapples","no"
NA,"World",NA,NA,"Fruits and nuts","Gross Production Value (constant 2014-2016 thousand US$)","1000 USD",2003,5565841,"Pineapples","no"
NA,"World",NA,NA,"Fruits and nuts","Gross Production Value (constant 2014-2016 thousand US$)","1000 USD",2004,5686242,"Pineapples","no"
NA,"World",NA,NA,"Fruits and nuts","Gross Production Value (constant 2014-2016 thousand US$)","1000 USD",2005,6235669,"Pineapples","no"
NA,"World",NA,NA,"Fruits and nuts","Gross Production Value (constant 2014-2016 thousand US$)","1000 USD",2006,7007885,"Pineapples","no"
NA,"World",NA,NA,"Fruits and nuts","Gross Production Value (constant 2014-2016 thousand US$)","1000 USD",2007,6878172,"Pineapples","no"
NA,"World",NA,NA,"Fruits and nuts","Gross Production Value (constant 2014-2016 thousand US$)","1000 USD",2008,6811817,"Pineapples","no"
NA,"World",NA,NA,"Fruits and nuts","Gross Production Value (constant 2014-2016 thousand US$)","1000 USD",2009,7241569,"Pineapples","no"
NA,"World",NA,NA,"Fruits and nuts","Gross Production Value (constant 2014-2016 thousand US$)","1000 USD",2010,7950984,"Pineapples","no"
NA,"World",NA,NA,"Fruits and nuts","Gross Production Value (constant 2014-2016 thousand US$)","1000 USD",2011,8492038,"Pineapples","no"
NA,"World",NA,NA,"Fruits and nuts","Gross Production Value (constant 2014-2016 thousand US$)","1000 USD",2012,8816879,"Pineapples","no"
NA,"World",NA,NA,"Fruits and nuts","Gross Production Value (constant 2014-2016 thousand US$)","1000 USD",2013,9099411,"Pineapples","no"
NA,"World",NA,NA,"Fruits and nuts","Gross Production Value (constant 2014-2016 thousand US$)","1000 USD",2014,9569532,"Pineapples","no"
NA,"World",NA,NA,"Fruits and nuts","Gross Production Value (constant 2014-2016 thousand US$)","1000 USD",2015,9734214,"Pineapples","no"
NA,"World",NA,NA,"Fruits and nuts","Gross Production Value (constant 2014-2016 thousand US$)","1000 USD",2016,9831821,"Pineapples","no"
NA,"World",NA,NA,"Fruits and nuts","Gross Production Value (constant 2014-2016 thousand US$)","1000 USD",2017,10406503,"Pineapples","no"
NA,"World",NA,NA,"Fruits and nuts","Gross Production Value (constant 2014-2016 thousand US$)","1000 USD",2018,10867803,"Pineapples","no"
NA,"World",NA,NA,"Fruits and nuts","Gross Production Value (constant 2014-2016 thousand US$)","1000 USD",2019,10554235,"Pineapples","no"
NA,"World",NA,NA,"Fruits and nuts","Gross Production Value (constant 2014-2016 thousand US$)","1000 USD",2020,10376502,"Pineapples","no"
NA,"World",NA,NA,"Fruits and nuts","Gross Production Value (constant 2014-2016 thousand US$)","1000 USD",2021,10962040,"Pineapples","no"
NA,"World",NA,NA,"Fruits and nuts","Gross Production Value (constant 2014-2016 thousand US$)","1000 USD",2022,11059931,"Pineapples","no"
NA,"World",NA,NA,"Fruits and nuts","Gross Production Value (constant 2014-2016 thousand US$)","1000 USD",2023,11294412,"Pineapples","no"
NA,"World",NA,NA,"Fruits and nuts","Gross Production Value (constant 2014-2016 thousand I$)","1000 Int$",1992,2172387,"Pistachios","no"
NA,"World",NA,NA,"Fruits and nuts","Gross Production Value (constant 2014-2016 thousand I$)","1000 Int$",1993,2481399,"Pistachios","no"
NA,"World",NA,NA,"Fruits and nuts","Gross Production Value (constant 2014-2016 thousand I$)","1000 Int$",1994,2154532,"Pistachios","no"
NA,"World",NA,NA,"Fruits and nuts","Gross Production Value (constant 2014-2016 thousand I$)","1000 Int$",1995,2463753,"Pistachios","no"
NA,"World",NA,NA,"Fruits and nuts","Gross Production Value (constant 2014-2016 thousand I$)","1000 Int$",1996,2721096,"Pistachios","no"
NA,"World",NA,NA,"Fruits and nuts","Gross Production Value (constant 2014-2016 thousand I$)","1000 Int$",1997,2136943,"Pistachios","no"
NA,"World",NA,NA,"Fruits and nuts","Gross Production Value (constant 2014-2016 thousand I$)","1000 Int$",1998,3208709,"Pistachios","no"
NA,"World",NA,NA,"Fruits and nuts","Gross Production Value (constant 2014-2016 thousand I$)","1000 Int$",1999,1891505,"Pistachios","no"
NA,"World",NA,NA,"Fruits and nuts","Gross Production Value (constant 2014-2016 thousand I$)","1000 Int$",2000,3429455,"Pistachios","no"
NA,"World",NA,NA,"Fruits and nuts","Gross Production Value (constant 2014-2016 thousand I$)","1000 Int$",2001,1843864,"Pistachios","no"
NA,"World",NA,NA,"Fruits and nuts","Gross Production Value (constant 2014-2016 thousand I$)","1000 Int$",2002,3232845,"Pistachios","no"
NA,"World",NA,NA,"Fruits and nuts","Gross Production Value (constant 2014-2016 thousand I$)","1000 Int$",2003,2947872,"Pistachios","no"
NA,"World",NA,NA,"Fruits and nuts","Gross Production Value (constant 2014-2016 thousand I$)","1000 Int$",2004,2759617,"Pistachios","no"
NA,"World",NA,NA,"Fruits and nuts","Gross Production Value (constant 2014-2016 thousand I$)","1000 Int$",2005,3214557,"Pistachios","no"
NA,"World",NA,NA,"Fruits and nuts","Gross Production Value (constant 2014-2016 thousand I$)","1000 Int$",2006,4146010,"Pistachios","no"
NA,"World",NA,NA,"Fruits and nuts","Gross Production Value (constant 2014-2016 thousand I$)","1000 Int$",2007,4674926,"Pistachios","no"
NA,"World",NA,NA,"Fruits and nuts","Gross Production Value (constant 2014-2016 thousand I$)","1000 Int$",2008,3275969,"Pistachios","no"
NA,"World",NA,NA,"Fruits and nuts","Gross Production Value (constant 2014-2016 thousand I$)","1000 Int$",2009,3454554,"Pistachios","no"
NA,"World",NA,NA,"Fruits and nuts","Gross Production Value (constant 2014-2016 thousand I$)","1000 Int$",2010,4479572,"Pistachios","no"
NA,"World",NA,NA,"Fruits and nuts","Gross Production Value (constant 2014-2016 thousand I$)","1000 Int$",2011,3893221,"Pistachios","no"
NA,"World",NA,NA,"Fruits and nuts","Gross Production Value (constant 2014-2016 thousand I$)","1000 Int$",2012,4737182,"Pistachios","no"
NA,"World",NA,NA,"Fruits and nuts","Gross Production Value (constant 2014-2016 thousand I$)","1000 Int$",2013,4236799,"Pistachios","no"
NA,"World",NA,NA,"Fruits and nuts","Gross Production Value (constant 2014-2016 thousand I$)","1000 Int$",2014,5535862,"Pistachios","no"
NA,"World",NA,NA,"Fruits and nuts","Gross Production Value (constant 2014-2016 thousand I$)","1000 Int$",2015,5375458,"Pistachios","no"
NA,"World",NA,NA,"Fruits and nuts","Gross Production Value (constant 2014-2016 thousand I$)","1000 Int$",2016,8204401,"Pistachios","no"
NA,"World",NA,NA,"Fruits and nuts","Gross Production Value (constant 2014-2016 thousand I$)","1000 Int$",2017,7260515,"Pistachios","no"
NA,"World",NA,NA,"Fruits and nuts","Gross Production Value (constant 2014-2016 thousand I$)","1000 Int$",2018,6145927,"Pistachios","no"
NA,"World",NA,NA,"Fruits and nuts","Gross Production Value (constant 2014-2016 thousand I$)","1000 Int$",2019,5521478,"Pistachios","no"
NA,"World",NA,NA,"Fruits and nuts","Gross Production Value (constant 2014-2016 thousand I$)","1000 Int$",2020,7040587,"Pistachios","no"
NA,"World",NA,NA,"Fruits and nuts","Gross Production Value (constant 2014-2016 thousand I$)","1000 Int$",2021,7577930,"Pistachios","no"
NA,"World",NA,NA,"Fruits and nuts","Gross Production Value (constant 2014-2016 thousand I$)","1000 Int$",2022,6401836,"Pistachios","no"
NA,"World",NA,NA,"Fruits and nuts","Gross Production Value (constant 2014-2016 thousand I$)","1000 Int$",2023,8130550,"Pistachios","no"
NA,"World",NA,NA,"Fruits and nuts","Gross Production Value (constant 2014-2016 thousand US$)","1000 USD",1992,2800351,"Pistachios","no"
NA,"World",NA,NA,"Fruits and nuts","Gross Production Value (constant 2014-2016 thousand US$)","1000 USD",1993,3259432,"Pistachios","no"
NA,"World",NA,NA,"Fruits and nuts","Gross Production Value (constant 2014-2016 thousand US$)","1000 USD",1994,2794035,"Pistachios","no"
NA,"World",NA,NA,"Fruits and nuts","Gross Production Value (constant 2014-2016 thousand US$)","1000 USD",1995,3260221,"Pistachios","no"
NA,"World",NA,NA,"Fruits and nuts","Gross Production Value (constant 2014-2016 thousand US$)","1000 USD",1996,3563047,"Pistachios","no"
NA,"World",NA,NA,"Fruits and nuts","Gross Production Value (constant 2014-2016 thousand US$)","1000 USD",1997,2414385,"Pistachios","no"
NA,"World",NA,NA,"Fruits and nuts","Gross Production Value (constant 2014-2016 thousand US$)","1000 USD",1998,4147845,"Pistachios","no"
NA,"World",NA,NA,"Fruits and nuts","Gross Production Value (constant 2014-2016 thousand US$)","1000 USD",1999,2220380,"Pistachios","no"
NA,"World",NA,NA,"Fruits and nuts","Gross Production Value (constant 2014-2016 thousand US$)","1000 USD",2000,4272453,"Pistachios","no"
NA,"World",NA,NA,"Fruits and nuts","Gross Production Value (constant 2014-2016 thousand US$)","1000 USD",2001,2060148,"Pistachios","no"
NA,"World",NA,NA,"Fruits and nuts","Gross Production Value (constant 2014-2016 thousand US$)","1000 USD",2002,3843040,"Pistachios","no"
NA,"World",NA,NA,"Fruits and nuts","Gross Production Value (constant 2014-2016 thousand US$)","1000 USD",2003,3566402,"Pistachios","no"
NA,"World",NA,NA,"Fruits and nuts","Gross Production Value (constant 2014-2016 thousand US$)","1000 USD",2004,3330550,"Pistachios","no"
NA,"World",NA,NA,"Fruits and nuts","Gross Production Value (constant 2014-2016 thousand US$)","1000 USD",2005,3820682,"Pistachios","no"
NA,"World",NA,NA,"Fruits and nuts","Gross Production Value (constant 2014-2016 thousand US$)","1000 USD",2006,4920804,"Pistachios","no"
NA,"World",NA,NA,"Fruits and nuts","Gross Production Value (constant 2014-2016 thousand US$)","1000 USD",2007,5768441,"Pistachios","no"
NA,"World",NA,NA,"Fruits and nuts","Gross Production Value (constant 2014-2016 thousand US$)","1000 USD",2008,3613279,"Pistachios","no"
NA,"World",NA,NA,"Fruits and nuts","Gross Production Value (constant 2014-2016 thousand US$)","1000 USD",2009,3790384,"Pistachios","no"
NA,"World",NA,NA,"Fruits and nuts","Gross Production Value (constant 2014-2016 thousand US$)","1000 USD",2010,4968706,"Pistachios","no"
NA,"World",NA,NA,"Fruits and nuts","Gross Production Value (constant 2014-2016 thousand US$)","1000 USD",2011,4167375,"Pistachios","no"
NA,"World",NA,NA,"Fruits and nuts","Gross Production Value (constant 2014-2016 thousand US$)","1000 USD",2012,5135222,"Pistachios","no"
NA,"World",NA,NA,"Fruits and nuts","Gross Production Value (constant 2014-2016 thousand US$)","1000 USD",2013,4753557,"Pistachios","no"
NA,"World",NA,NA,"Fruits and nuts","Gross Production Value (constant 2014-2016 thousand US$)","1000 USD",2014,6990174,"Pistachios","no"
NA,"World",NA,NA,"Fruits and nuts","Gross Production Value (constant 2014-2016 thousand US$)","1000 USD",2015,6679852,"Pistachios","no"
NA,"World",NA,NA,"Fruits and nuts","Gross Production Value (constant 2014-2016 thousand US$)","1000 USD",2016,10071585,"Pistachios","no"
NA,"World",NA,NA,"Fruits and nuts","Gross Production Value (constant 2014-2016 thousand US$)","1000 USD",2017,9323872,"Pistachios","no"
NA,"World",NA,NA,"Fruits and nuts","Gross Production Value (constant 2014-2016 thousand US$)","1000 USD",2018,6411573,"Pistachios","no"
NA,"World",NA,NA,"Fruits and nuts","Gross Production Value (constant 2014-2016 thousand US$)","1000 USD",2019,6582227,"Pistachios","no"
NA,"World",NA,NA,"Fruits and nuts","Gross Production Value (constant 2014-2016 thousand US$)","1000 USD",2020,7467868,"Pistachios","no"
NA,"World",NA,NA,"Fruits and nuts","Gross Production Value (constant 2014-2016 thousand US$)","1000 USD",2021,8927886,"Pistachios","no"
NA,"World",NA,NA,"Fruits and nuts","Gross Production Value (constant 2014-2016 thousand US$)","1000 USD",2022,7126352,"Pistachios","no"
NA,"World",NA,NA,"Fruits and nuts","Gross Production Value (constant 2014-2016 thousand US$)","1000 USD",2023,9082507,"Pistachios","no"
NA,"World",NA,NA,"Fruits and nuts","Gross Production Value (constant 2014-2016 thousand I$)","1000 Int$",1992,9070004,"Plantains and cooking bananas","no"
NA,"World",NA,NA,"Fruits and nuts","Gross Production Value (constant 2014-2016 thousand I$)","1000 Int$",1993,9414241,"Plantains and cooking bananas","no"
NA,"World",NA,NA,"Fruits and nuts","Gross Production Value (constant 2014-2016 thousand I$)","1000 Int$",1994,9739361,"Plantains and cooking bananas","no"
NA,"World",NA,NA,"Fruits and nuts","Gross Production Value (constant 2014-2016 thousand I$)","1000 Int$",1995,9786531,"Plantains and cooking bananas","no"
NA,"World",NA,NA,"Fruits and nuts","Gross Production Value (constant 2014-2016 thousand I$)","1000 Int$",1996,10169996,"Plantains and cooking bananas","no"
NA,"World",NA,NA,"Fruits and nuts","Gross Production Value (constant 2014-2016 thousand I$)","1000 Int$",1997,10236361,"Plantains and cooking bananas","no"
NA,"World",NA,NA,"Fruits and nuts","Gross Production Value (constant 2014-2016 thousand I$)","1000 Int$",1998,10239141,"Plantains and cooking bananas","no"
NA,"World",NA,NA,"Fruits and nuts","Gross Production Value (constant 2014-2016 thousand I$)","1000 Int$",1999,10044807,"Plantains and cooking bananas","no"
NA,"World",NA,NA,"Fruits and nuts","Gross Production Value (constant 2014-2016 thousand I$)","1000 Int$",2000,10526809,"Plantains and cooking bananas","no"
NA,"World",NA,NA,"Fruits and nuts","Gross Production Value (constant 2014-2016 thousand I$)","1000 Int$",2001,11070153,"Plantains and cooking bananas","no"
NA,"World",NA,NA,"Fruits and nuts","Gross Production Value (constant 2014-2016 thousand I$)","1000 Int$",2002,11098442,"Plantains and cooking bananas","no"
NA,"World",NA,NA,"Fruits and nuts","Gross Production Value (constant 2014-2016 thousand I$)","1000 Int$",2003,11211418,"Plantains and cooking bananas","no"
NA,"World",NA,NA,"Fruits and nuts","Gross Production Value (constant 2014-2016 thousand I$)","1000 Int$",2004,11317077,"Plantains and cooking bananas","no"
NA,"World",NA,NA,"Fruits and nuts","Gross Production Value (constant 2014-2016 thousand I$)","1000 Int$",2005,11537065,"Plantains and cooking bananas","no"
NA,"World",NA,NA,"Fruits and nuts","Gross Production Value (constant 2014-2016 thousand I$)","1000 Int$",2006,11782200,"Plantains and cooking bananas","no"
NA,"World",NA,NA,"Fruits and nuts","Gross Production Value (constant 2014-2016 thousand I$)","1000 Int$",2007,12177582,"Plantains and cooking bananas","no"
NA,"World",NA,NA,"Fruits and nuts","Gross Production Value (constant 2014-2016 thousand I$)","1000 Int$",2008,10283198,"Plantains and cooking bananas","no"
NA,"World",NA,NA,"Fruits and nuts","Gross Production Value (constant 2014-2016 thousand I$)","1000 Int$",2009,10699784,"Plantains and cooking bananas","no"
NA,"World",NA,NA,"Fruits and nuts","Gross Production Value (constant 2014-2016 thousand I$)","1000 Int$",2010,10617373,"Plantains and cooking bananas","no"
NA,"World",NA,NA,"Fruits and nuts","Gross Production Value (constant 2014-2016 thousand I$)","1000 Int$",2011,10851407,"Plantains and cooking bananas","no"
NA,"World",NA,NA,"Fruits and nuts","Gross Production Value (constant 2014-2016 thousand I$)","1000 Int$",2012,11283161,"Plantains and cooking bananas","no"
NA,"World",NA,NA,"Fruits and nuts","Gross Production Value (constant 2014-2016 thousand I$)","1000 Int$",2013,11770590,"Plantains and cooking bananas","no"
NA,"World",NA,NA,"Fruits and nuts","Gross Production Value (constant 2014-2016 thousand I$)","1000 Int$",2014,14452342,"Plantains and cooking bananas","no"
NA,"World",NA,NA,"Fruits and nuts","Gross Production Value (constant 2014-2016 thousand I$)","1000 Int$",2015,14541822,"Plantains and cooking bananas","no"
NA,"World",NA,NA,"Fruits and nuts","Gross Production Value (constant 2014-2016 thousand I$)","1000 Int$",2016,13923867,"Plantains and cooking bananas","no"
NA,"World",NA,NA,"Fruits and nuts","Gross Production Value (constant 2014-2016 thousand I$)","1000 Int$",2017,13841708,"Plantains and cooking bananas","no"
NA,"World",NA,NA,"Fruits and nuts","Gross Production Value (constant 2014-2016 thousand I$)","1000 Int$",2018,15160657,"Plantains and cooking bananas","no"
NA,"World",NA,NA,"Fruits and nuts","Gross Production Value (constant 2014-2016 thousand I$)","1000 Int$",2019,16206834,"Plantains and cooking bananas","no"
NA,"World",NA,NA,"Fruits and nuts","Gross Production Value (constant 2014-2016 thousand I$)","1000 Int$",2020,16250350,"Plantains and cooking bananas","no"
NA,"World",NA,NA,"Fruits and nuts","Gross Production Value (constant 2014-2016 thousand I$)","1000 Int$",2021,16086257,"Plantains and cooking bananas","no"
NA,"World",NA,NA,"Fruits and nuts","Gross Production Value (constant 2014-2016 thousand I$)","1000 Int$",2022,16590983,"Plantains and cooking bananas","no"
NA,"World",NA,NA,"Fruits and nuts","Gross Production Value (constant 2014-2016 thousand I$)","1000 Int$",2023,16466606,"Plantains and cooking bananas","no"
NA,"World",NA,NA,"Fruits and nuts","Gross Production Value (constant 2014-2016 thousand US$)","1000 USD",1992,4621702,"Plantains and cooking bananas","no"
NA,"World",NA,NA,"Fruits and nuts","Gross Production Value (constant 2014-2016 thousand US$)","1000 USD",1993,4909025,"Plantains and cooking bananas","no"
NA,"World",NA,NA,"Fruits and nuts","Gross Production Value (constant 2014-2016 thousand US$)","1000 USD",1994,5021452,"Plantains and cooking bananas","no"
NA,"World",NA,NA,"Fruits and nuts","Gross Production Value (constant 2014-2016 thousand US$)","1000 USD",1995,5225358,"Plantains and cooking bananas","no"
NA,"World",NA,NA,"Fruits and nuts","Gross Production Value (constant 2014-2016 thousand US$)","1000 USD",1996,5364715,"Plantains and cooking bananas","no"
NA,"World",NA,NA,"Fruits and nuts","Gross Production Value (constant 2014-2016 thousand US$)","1000 USD",1997,5462806,"Plantains and cooking bananas","no"
NA,"World",NA,NA,"Fruits and nuts","Gross Production Value (constant 2014-2016 thousand US$)","1000 USD",1998,5444180,"Plantains and cooking bananas","no"
NA,"World",NA,NA,"Fruits and nuts","Gross Production Value (constant 2014-2016 thousand US$)","1000 USD",1999,5388535,"Plantains and cooking bananas","no"
NA,"World",NA,NA,"Fruits and nuts","Gross Production Value (constant 2014-2016 thousand US$)","1000 USD",2000,5680685,"Plantains and cooking bananas","no"
NA,"World",NA,NA,"Fruits and nuts","Gross Production Value (constant 2014-2016 thousand US$)","1000 USD",2001,5941257,"Plantains and cooking bananas","no"
NA,"World",NA,NA,"Fruits and nuts","Gross Production Value (constant 2014-2016 thousand US$)","1000 USD",2002,6111513,"Plantains and cooking bananas","no"
NA,"World",NA,NA,"Fruits and nuts","Gross Production Value (constant 2014-2016 thousand US$)","1000 USD",2003,6209233,"Plantains and cooking bananas","no"
NA,"World",NA,NA,"Fruits and nuts","Gross Production Value (constant 2014-2016 thousand US$)","1000 USD",2004,6446744,"Plantains and cooking bananas","no"
NA,"World",NA,NA,"Fruits and nuts","Gross Production Value (constant 2014-2016 thousand US$)","1000 USD",2005,6914334,"Plantains and cooking bananas","no"
NA,"World",NA,NA,"Fruits and nuts","Gross Production Value (constant 2014-2016 thousand US$)","1000 USD",2006,7280238,"Plantains and cooking bananas","no"
NA,"World",NA,NA,"Fruits and nuts","Gross Production Value (constant 2014-2016 thousand US$)","1000 USD",2007,7646129,"Plantains and cooking bananas","no"
NA,"World",NA,NA,"Fruits and nuts","Gross Production Value (constant 2014-2016 thousand US$)","1000 USD",2008,7559982,"Plantains and cooking bananas","no"
NA,"World",NA,NA,"Fruits and nuts","Gross Production Value (constant 2014-2016 thousand US$)","1000 USD",2009,7395957,"Plantains and cooking bananas","no"
NA,"World",NA,NA,"Fruits and nuts","Gross Production Value (constant 2014-2016 thousand US$)","1000 USD",2010,7275692,"Plantains and cooking bananas","no"
NA,"World",NA,NA,"Fruits and nuts","Gross Production Value (constant 2014-2016 thousand US$)","1000 USD",2011,7407689,"Plantains and cooking bananas","no"
NA,"World",NA,NA,"Fruits and nuts","Gross Production Value (constant 2014-2016 thousand US$)","1000 USD",2012,8013813,"Plantains and cooking bananas","no"
NA,"World",NA,NA,"Fruits and nuts","Gross Production Value (constant 2014-2016 thousand US$)","1000 USD",2013,8125833,"Plantains and cooking bananas","no"
NA,"World",NA,NA,"Fruits and nuts","Gross Production Value (constant 2014-2016 thousand US$)","1000 USD",2014,8766724,"Plantains and cooking bananas","no"
NA,"World",NA,NA,"Fruits and nuts","Gross Production Value (constant 2014-2016 thousand US$)","1000 USD",2015,8986003,"Plantains and cooking bananas","no"
NA,"World",NA,NA,"Fruits and nuts","Gross Production Value (constant 2014-2016 thousand US$)","1000 USD",2016,8950604,"Plantains and cooking bananas","no"
NA,"World",NA,NA,"Fruits and nuts","Gross Production Value (constant 2014-2016 thousand US$)","1000 USD",2017,8119057,"Plantains and cooking bananas","no"
NA,"World",NA,NA,"Fruits and nuts","Gross Production Value (constant 2014-2016 thousand US$)","1000 USD",2018,8652008,"Plantains and cooking bananas","no"
NA,"World",NA,NA,"Fruits and nuts","Gross Production Value (constant 2014-2016 thousand US$)","1000 USD",2019,8767712,"Plantains and cooking bananas","no"
NA,"World",NA,NA,"Fruits and nuts","Gross Production Value (constant 2014-2016 thousand US$)","1000 USD",2020,6171278,"Plantains and cooking bananas","no"
NA,"World",NA,NA,"Fruits and nuts","Gross Production Value (constant 2014-2016 thousand US$)","1000 USD",2021,6223259,"Plantains and cooking bananas","no"
NA,"World",NA,NA,"Fruits and nuts","Gross Production Value (constant 2014-2016 thousand US$)","1000 USD",2022,6560263,"Plantains and cooking bananas","no"
NA,"World",NA,NA,"Fruits and nuts","Gross Production Value (constant 2014-2016 thousand US$)","1000 USD",2023,6473510,"Plantains and cooking bananas","no"
NA,"World",NA,NA,"Fruits and nuts","Gross Production Value (constant 2014-2016 thousand I$)","1000 Int$",1992,3153988,"Plums and sloes","no"
NA,"World",NA,NA,"Fruits and nuts","Gross Production Value (constant 2014-2016 thousand I$)","1000 Int$",1993,3548607,"Plums and sloes","no"
NA,"World",NA,NA,"Fruits and nuts","Gross Production Value (constant 2014-2016 thousand I$)","1000 Int$",1994,3841882,"Plums and sloes","no"
NA,"World",NA,NA,"Fruits and nuts","Gross Production Value (constant 2014-2016 thousand I$)","1000 Int$",1995,3745447,"Plums and sloes","no"
NA,"World",NA,NA,"Fruits and nuts","Gross Production Value (constant 2014-2016 thousand I$)","1000 Int$",1996,4806520,"Plums and sloes","no"
NA,"World",NA,NA,"Fruits and nuts","Gross Production Value (constant 2014-2016 thousand I$)","1000 Int$",1997,4753989,"Plums and sloes","no"
NA,"World",NA,NA,"Fruits and nuts","Gross Production Value (constant 2014-2016 thousand I$)","1000 Int$",1998,4591191,"Plums and sloes","no"
NA,"World",NA,NA,"Fruits and nuts","Gross Production Value (constant 2014-2016 thousand I$)","1000 Int$",1999,4996929,"Plums and sloes","no"
NA,"World",NA,NA,"Fruits and nuts","Gross Production Value (constant 2014-2016 thousand I$)","1000 Int$",2000,5212826,"Plums and sloes","no"
NA,"World",NA,NA,"Fruits and nuts","Gross Production Value (constant 2014-2016 thousand I$)","1000 Int$",2001,5272989,"Plums and sloes","no"
NA,"World",NA,NA,"Fruits and nuts","Gross Production Value (constant 2014-2016 thousand I$)","1000 Int$",2002,5209653,"Plums and sloes","no"
NA,"World",NA,NA,"Fruits and nuts","Gross Production Value (constant 2014-2016 thousand I$)","1000 Int$",2003,6078643,"Plums and sloes","no"
NA,"World",NA,NA,"Fruits and nuts","Gross Production Value (constant 2014-2016 thousand I$)","1000 Int$",2004,5893869,"Plums and sloes","no"
NA,"World",NA,NA,"Fruits and nuts","Gross Production Value (constant 2014-2016 thousand I$)","1000 Int$",2005,6096948,"Plums and sloes","no"
NA,"World",NA,NA,"Fruits and nuts","Gross Production Value (constant 2014-2016 thousand I$)","1000 Int$",2006,6527691,"Plums and sloes","no"
NA,"World",NA,NA,"Fruits and nuts","Gross Production Value (constant 2014-2016 thousand I$)","1000 Int$",2007,5928904,"Plums and sloes","no"
NA,"World",NA,NA,"Fruits and nuts","Gross Production Value (constant 2014-2016 thousand I$)","1000 Int$",2008,6306028,"Plums and sloes","no"
NA,"World",NA,NA,"Fruits and nuts","Gross Production Value (constant 2014-2016 thousand I$)","1000 Int$",2009,6677353,"Plums and sloes","no"
NA,"World",NA,NA,"Fruits and nuts","Gross Production Value (constant 2014-2016 thousand I$)","1000 Int$",2010,6636217,"Plums and sloes","no"
NA,"World",NA,NA,"Fruits and nuts","Gross Production Value (constant 2014-2016 thousand I$)","1000 Int$",2011,6826812,"Plums and sloes","no"
NA,"World",NA,NA,"Fruits and nuts","Gross Production Value (constant 2014-2016 thousand I$)","1000 Int$",2012,6723061,"Plums and sloes","no"
NA,"World",NA,NA,"Fruits and nuts","Gross Production Value (constant 2014-2016 thousand I$)","1000 Int$",2013,6980889,"Plums and sloes","no"
NA,"World",NA,NA,"Fruits and nuts","Gross Production Value (constant 2014-2016 thousand I$)","1000 Int$",2014,7032720,"Plums and sloes","no"
NA,"World",NA,NA,"Fruits and nuts","Gross Production Value (constant 2014-2016 thousand I$)","1000 Int$",2015,7202239,"Plums and sloes","no"
NA,"World",NA,NA,"Fruits and nuts","Gross Production Value (constant 2014-2016 thousand I$)","1000 Int$",2016,7347490,"Plums and sloes","no"
NA,"World",NA,NA,"Fruits and nuts","Gross Production Value (constant 2014-2016 thousand I$)","1000 Int$",2017,7129267,"Plums and sloes","no"
NA,"World",NA,NA,"Fruits and nuts","Gross Production Value (constant 2014-2016 thousand I$)","1000 Int$",2018,7774085,"Plums and sloes","no"
NA,"World",NA,NA,"Fruits and nuts","Gross Production Value (constant 2014-2016 thousand I$)","1000 Int$",2019,7759021,"Plums and sloes","no"
NA,"World",NA,NA,"Fruits and nuts","Gross Production Value (constant 2014-2016 thousand I$)","1000 Int$",2020,7640227,"Plums and sloes","no"
NA,"World",NA,NA,"Fruits and nuts","Gross Production Value (constant 2014-2016 thousand I$)","1000 Int$",2021,7643214,"Plums and sloes","no"
NA,"World",NA,NA,"Fruits and nuts","Gross Production Value (constant 2014-2016 thousand I$)","1000 Int$",2022,7792525,"Plums and sloes","no"
NA,"World",NA,NA,"Fruits and nuts","Gross Production Value (constant 2014-2016 thousand I$)","1000 Int$",2023,7746374,"Plums and sloes","no"
NA,"World",NA,NA,"Fruits and nuts","Gross Production Value (constant 2014-2016 thousand US$)","1000 USD",1992,4066972,"Plums and sloes","no"
NA,"World",NA,NA,"Fruits and nuts","Gross Production Value (constant 2014-2016 thousand US$)","1000 USD",1993,4349530,"Plums and sloes","no"
NA,"World",NA,NA,"Fruits and nuts","Gross Production Value (constant 2014-2016 thousand US$)","1000 USD",1994,4909004,"Plums and sloes","no"
NA,"World",NA,NA,"Fruits and nuts","Gross Production Value (constant 2014-2016 thousand US$)","1000 USD",1995,5136502,"Plums and sloes","no"
NA,"World",NA,NA,"Fruits and nuts","Gross Production Value (constant 2014-2016 thousand US$)","1000 USD",1996,6025199,"Plums and sloes","no"
NA,"World",NA,NA,"Fruits and nuts","Gross Production Value (constant 2014-2016 thousand US$)","1000 USD",1997,6197884,"Plums and sloes","no"
NA,"World",NA,NA,"Fruits and nuts","Gross Production Value (constant 2014-2016 thousand US$)","1000 USD",1998,5873490,"Plums and sloes","no"
NA,"World",NA,NA,"Fruits and nuts","Gross Production Value (constant 2014-2016 thousand US$)","1000 USD",1999,6338180,"Plums and sloes","no"
NA,"World",NA,NA,"Fruits and nuts","Gross Production Value (constant 2014-2016 thousand US$)","1000 USD",2000,6663815,"Plums and sloes","no"
NA,"World",NA,NA,"Fruits and nuts","Gross Production Value (constant 2014-2016 thousand US$)","1000 USD",2001,6813198,"Plums and sloes","no"
NA,"World",NA,NA,"Fruits and nuts","Gross Production Value (constant 2014-2016 thousand US$)","1000 USD",2002,6956166,"Plums and sloes","no"
NA,"World",NA,NA,"Fruits and nuts","Gross Production Value (constant 2014-2016 thousand US$)","1000 USD",2003,7616546,"Plums and sloes","no"
NA,"World",NA,NA,"Fruits and nuts","Gross Production Value (constant 2014-2016 thousand US$)","1000 USD",2004,7357166,"Plums and sloes","no"
NA,"World",NA,NA,"Fruits and nuts","Gross Production Value (constant 2014-2016 thousand US$)","1000 USD",2005,7936204,"Plums and sloes","no"
NA,"World",NA,NA,"Fruits and nuts","Gross Production Value (constant 2014-2016 thousand US$)","1000 USD",2006,8565378,"Plums and sloes","no"
NA,"World",NA,NA,"Fruits and nuts","Gross Production Value (constant 2014-2016 thousand US$)","1000 USD",2007,7760310,"Plums and sloes","no"
NA,"World",NA,NA,"Fruits and nuts","Gross Production Value (constant 2014-2016 thousand US$)","1000 USD",2008,8158889,"Plums and sloes","no"
NA,"World",NA,NA,"Fruits and nuts","Gross Production Value (constant 2014-2016 thousand US$)","1000 USD",2009,8626271,"Plums and sloes","no"
NA,"World",NA,NA,"Fruits and nuts","Gross Production Value (constant 2014-2016 thousand US$)","1000 USD",2010,8557843,"Plums and sloes","no"
NA,"World",NA,NA,"Fruits and nuts","Gross Production Value (constant 2014-2016 thousand US$)","1000 USD",2011,8827889,"Plums and sloes","no"
NA,"World",NA,NA,"Fruits and nuts","Gross Production Value (constant 2014-2016 thousand US$)","1000 USD",2012,8752212,"Plums and sloes","no"
NA,"World",NA,NA,"Fruits and nuts","Gross Production Value (constant 2014-2016 thousand US$)","1000 USD",2013,8954606,"Plums and sloes","no"
NA,"World",NA,NA,"Fruits and nuts","Gross Production Value (constant 2014-2016 thousand US$)","1000 USD",2014,9113191,"Plums and sloes","no"
NA,"World",NA,NA,"Fruits and nuts","Gross Production Value (constant 2014-2016 thousand US$)","1000 USD",2015,9301131,"Plums and sloes","no"
NA,"World",NA,NA,"Fruits and nuts","Gross Production Value (constant 2014-2016 thousand US$)","1000 USD",2016,9488248,"Plums and sloes","no"
NA,"World",NA,NA,"Fruits and nuts","Gross Production Value (constant 2014-2016 thousand US$)","1000 USD",2017,9495286,"Plums and sloes","no"
NA,"World",NA,NA,"Fruits and nuts","Gross Production Value (constant 2014-2016 thousand US$)","1000 USD",2018,10022675,"Plums and sloes","no"
NA,"World",NA,NA,"Fruits and nuts","Gross Production Value (constant 2014-2016 thousand US$)","1000 USD",2019,10077918,"Plums and sloes","no"
NA,"World",NA,NA,"Fruits and nuts","Gross Production Value (constant 2014-2016 thousand US$)","1000 USD",2020,9906314,"Plums and sloes","no"
NA,"World",NA,NA,"Fruits and nuts","Gross Production Value (constant 2014-2016 thousand US$)","1000 USD",2021,9826026,"Plums and sloes","no"
NA,"World",NA,NA,"Fruits and nuts","Gross Production Value (constant 2014-2016 thousand US$)","1000 USD",2022,9916911,"Plums and sloes","no"
NA,"World",NA,NA,"Fruits and nuts","Gross Production Value (constant 2014-2016 thousand US$)","1000 USD",2023,10010728,"Plums and sloes","no"
NA,"World",NA,NA,"Fruits and nuts","Gross Production Value (constant 2014-2016 thousand I$)","1000 Int$",1992,1757527,"Pomelos and grapefruits","no"
NA,"World",NA,NA,"Fruits and nuts","Gross Production Value (constant 2014-2016 thousand I$)","1000 Int$",1993,2005356,"Pomelos and grapefruits","no"
NA,"World",NA,NA,"Fruits and nuts","Gross Production Value (constant 2014-2016 thousand I$)","1000 Int$",1994,1954097,"Pomelos and grapefruits","no"
NA,"World",NA,NA,"Fruits and nuts","Gross Production Value (constant 2014-2016 thousand I$)","1000 Int$",1995,2137297,"Pomelos and grapefruits","no"
NA,"World",NA,NA,"Fruits and nuts","Gross Production Value (constant 2014-2016 thousand I$)","1000 Int$",1996,2142199,"Pomelos and grapefruits","no"
NA,"World",NA,NA,"Fruits and nuts","Gross Production Value (constant 2014-2016 thousand I$)","1000 Int$",1997,2239511,"Pomelos and grapefruits","no"
NA,"World",NA,NA,"Fruits and nuts","Gross Production Value (constant 2014-2016 thousand I$)","1000 Int$",1998,2104806,"Pomelos and grapefruits","no"
NA,"World",NA,NA,"Fruits and nuts","Gross Production Value (constant 2014-2016 thousand I$)","1000 Int$",1999,2125070,"Pomelos and grapefruits","no"
NA,"World",NA,NA,"Fruits and nuts","Gross Production Value (constant 2014-2016 thousand I$)","1000 Int$",2000,2329501,"Pomelos and grapefruits","no"
NA,"World",NA,NA,"Fruits and nuts","Gross Production Value (constant 2014-2016 thousand I$)","1000 Int$",2001,2204474,"Pomelos and grapefruits","no"
NA,"World",NA,NA,"Fruits and nuts","Gross Production Value (constant 2014-2016 thousand I$)","1000 Int$",2002,2174221,"Pomelos and grapefruits","no"
NA,"World",NA,NA,"Fruits and nuts","Gross Production Value (constant 2014-2016 thousand I$)","1000 Int$",2003,2141297,"Pomelos and grapefruits","no"
NA,"World",NA,NA,"Fruits and nuts","Gross Production Value (constant 2014-2016 thousand I$)","1000 Int$",2004,2188032,"Pomelos and grapefruits","no"
NA,"World",NA,NA,"Fruits and nuts","Gross Production Value (constant 2014-2016 thousand I$)","1000 Int$",2005,1838300,"Pomelos and grapefruits","no"
NA,"World",NA,NA,"Fruits and nuts","Gross Production Value (constant 2014-2016 thousand I$)","1000 Int$",2006,1996521,"Pomelos and grapefruits","no"
NA,"World",NA,NA,"Fruits and nuts","Gross Production Value (constant 2014-2016 thousand I$)","1000 Int$",2007,2879119,"Pomelos and grapefruits","no"
NA,"World",NA,NA,"Fruits and nuts","Gross Production Value (constant 2014-2016 thousand I$)","1000 Int$",2008,3021241,"Pomelos and grapefruits","no"
NA,"World",NA,NA,"Fruits and nuts","Gross Production Value (constant 2014-2016 thousand I$)","1000 Int$",2009,3033810,"Pomelos and grapefruits","no"
NA,"World",NA,NA,"Fruits and nuts","Gross Production Value (constant 2014-2016 thousand I$)","1000 Int$",2010,3057921,"Pomelos and grapefruits","no"
NA,"World",NA,NA,"Fruits and nuts","Gross Production Value (constant 2014-2016 thousand I$)","1000 Int$",2011,3197951,"Pomelos and grapefruits","no"
NA,"World",NA,NA,"Fruits and nuts","Gross Production Value (constant 2014-2016 thousand I$)","1000 Int$",2012,3324478,"Pomelos and grapefruits","no"
NA,"World",NA,NA,"Fruits and nuts","Gross Production Value (constant 2014-2016 thousand I$)","1000 Int$",2013,3425589,"Pomelos and grapefruits","no"
NA,"World",NA,NA,"Fruits and nuts","Gross Production Value (constant 2014-2016 thousand I$)","1000 Int$",2014,3356454,"Pomelos and grapefruits","no"
NA,"World",NA,NA,"Fruits and nuts","Gross Production Value (constant 2014-2016 thousand I$)","1000 Int$",2015,3579896,"Pomelos and grapefruits","no"
NA,"World",NA,NA,"Fruits and nuts","Gross Production Value (constant 2014-2016 thousand I$)","1000 Int$",2016,3626441,"Pomelos and grapefruits","no"
NA,"World",NA,NA,"Fruits and nuts","Gross Production Value (constant 2014-2016 thousand I$)","1000 Int$",2017,3495721,"Pomelos and grapefruits","no"
NA,"World",NA,NA,"Fruits and nuts","Gross Production Value (constant 2014-2016 thousand I$)","1000 Int$",2018,3643288,"Pomelos and grapefruits","no"
NA,"World",NA,NA,"Fruits and nuts","Gross Production Value (constant 2014-2016 thousand I$)","1000 Int$",2019,3826042,"Pomelos and grapefruits","no"
NA,"World",NA,NA,"Fruits and nuts","Gross Production Value (constant 2014-2016 thousand I$)","1000 Int$",2020,3853379,"Pomelos and grapefruits","no"
NA,"World",NA,NA,"Fruits and nuts","Gross Production Value (constant 2014-2016 thousand I$)","1000 Int$",2021,3913066,"Pomelos and grapefruits","no"
NA,"World",NA,NA,"Fruits and nuts","Gross Production Value (constant 2014-2016 thousand I$)","1000 Int$",2022,3921530,"Pomelos and grapefruits","no"
NA,"World",NA,NA,"Fruits and nuts","Gross Production Value (constant 2014-2016 thousand I$)","1000 Int$",2023,4004051,"Pomelos and grapefruits","no"
NA,"World",NA,NA,"Fruits and nuts","Gross Production Value (constant 2014-2016 thousand US$)","1000 USD",1992,1241764,"Pomelos and grapefruits","no"
NA,"World",NA,NA,"Fruits and nuts","Gross Production Value (constant 2014-2016 thousand US$)","1000 USD",1993,1465797,"Pomelos and grapefruits","no"
NA,"World",NA,NA,"Fruits and nuts","Gross Production Value (constant 2014-2016 thousand US$)","1000 USD",1994,1409808,"Pomelos and grapefruits","no"
NA,"World",NA,NA,"Fruits and nuts","Gross Production Value (constant 2014-2016 thousand US$)","1000 USD",1995,1565491,"Pomelos and grapefruits","no"
NA,"World",NA,NA,"Fruits and nuts","Gross Production Value (constant 2014-2016 thousand US$)","1000 USD",1996,1557224,"Pomelos and grapefruits","no"
NA,"World",NA,NA,"Fruits and nuts","Gross Production Value (constant 2014-2016 thousand US$)","1000 USD",1997,1672454,"Pomelos and grapefruits","no"
NA,"World",NA,NA,"Fruits and nuts","Gross Production Value (constant 2014-2016 thousand US$)","1000 USD",1998,1573177,"Pomelos and grapefruits","no"
NA,"World",NA,NA,"Fruits and nuts","Gross Production Value (constant 2014-2016 thousand US$)","1000 USD",1999,1620503,"Pomelos and grapefruits","no"
NA,"World",NA,NA,"Fruits and nuts","Gross Production Value (constant 2014-2016 thousand US$)","1000 USD",2000,1710218,"Pomelos and grapefruits","no"
NA,"World",NA,NA,"Fruits and nuts","Gross Production Value (constant 2014-2016 thousand US$)","1000 USD",2001,1705752,"Pomelos and grapefruits","no"
NA,"World",NA,NA,"Fruits and nuts","Gross Production Value (constant 2014-2016 thousand US$)","1000 USD",2002,1765980,"Pomelos and grapefruits","no"
NA,"World",NA,NA,"Fruits and nuts","Gross Production Value (constant 2014-2016 thousand US$)","1000 USD",2003,1727963,"Pomelos and grapefruits","no"
NA,"World",NA,NA,"Fruits and nuts","Gross Production Value (constant 2014-2016 thousand US$)","1000 USD",2004,1699529,"Pomelos and grapefruits","no"
NA,"World",NA,NA,"Fruits and nuts","Gross Production Value (constant 2014-2016 thousand US$)","1000 USD",2005,1639528,"Pomelos and grapefruits","no"
NA,"World",NA,NA,"Fruits and nuts","Gross Production Value (constant 2014-2016 thousand US$)","1000 USD",2006,1729188,"Pomelos and grapefruits","no"
NA,"World",NA,NA,"Fruits and nuts","Gross Production Value (constant 2014-2016 thousand US$)","1000 USD",2007,3070343,"Pomelos and grapefruits","no"
NA,"World",NA,NA,"Fruits and nuts","Gross Production Value (constant 2014-2016 thousand US$)","1000 USD",2008,3244375,"Pomelos and grapefruits","no"
NA,"World",NA,NA,"Fruits and nuts","Gross Production Value (constant 2014-2016 thousand US$)","1000 USD",2009,3335006,"Pomelos and grapefruits","no"
NA,"World",NA,NA,"Fruits and nuts","Gross Production Value (constant 2014-2016 thousand US$)","1000 USD",2010,3361131,"Pomelos and grapefruits","no"
NA,"World",NA,NA,"Fruits and nuts","Gross Production Value (constant 2014-2016 thousand US$)","1000 USD",2011,3592326,"Pomelos and grapefruits","no"
NA,"World",NA,NA,"Fruits and nuts","Gross Production Value (constant 2014-2016 thousand US$)","1000 USD",2012,3767794,"Pomelos and grapefruits","no"
NA,"World",NA,NA,"Fruits and nuts","Gross Production Value (constant 2014-2016 thousand US$)","1000 USD",2013,3958530,"Pomelos and grapefruits","no"
NA,"World",NA,NA,"Fruits and nuts","Gross Production Value (constant 2014-2016 thousand US$)","1000 USD",2014,3925902,"Pomelos and grapefruits","no"
NA,"World",NA,NA,"Fruits and nuts","Gross Production Value (constant 2014-2016 thousand US$)","1000 USD",2015,4282215,"Pomelos and grapefruits","no"
NA,"World",NA,NA,"Fruits and nuts","Gross Production Value (constant 2014-2016 thousand US$)","1000 USD",2016,4407937,"Pomelos and grapefruits","no"
NA,"World",NA,NA,"Fruits and nuts","Gross Production Value (constant 2014-2016 thousand US$)","1000 USD",2017,4311232,"Pomelos and grapefruits","no"
NA,"World",NA,NA,"Fruits and nuts","Gross Production Value (constant 2014-2016 thousand US$)","1000 USD",2018,4577535,"Pomelos and grapefruits","no"
NA,"World",NA,NA,"Fruits and nuts","Gross Production Value (constant 2014-2016 thousand US$)","1000 USD",2019,4736501,"Pomelos and grapefruits","no"
NA,"World",NA,NA,"Fruits and nuts","Gross Production Value (constant 2014-2016 thousand US$)","1000 USD",2020,4825449,"Pomelos and grapefruits","no"
NA,"World",NA,NA,"Fruits and nuts","Gross Production Value (constant 2014-2016 thousand US$)","1000 USD",2021,4987037,"Pomelos and grapefruits","no"
NA,"World",NA,NA,"Fruits and nuts","Gross Production Value (constant 2014-2016 thousand US$)","1000 USD",2022,5060511,"Pomelos and grapefruits","no"
NA,"World",NA,NA,"Fruits and nuts","Gross Production Value (constant 2014-2016 thousand US$)","1000 USD",2023,5132540,"Pomelos and grapefruits","no"
NA,"World",NA,NA,"Oilseeds and oleaginous fruits","Gross Production Value (constant 2014-2016 thousand I$)","1000 Int$",1992,54958,"Poppy seed","no"
NA,"World",NA,NA,"Oilseeds and oleaginous fruits","Gross Production Value (constant 2014-2016 thousand I$)","1000 Int$",1993,45875,"Poppy seed","no"
NA,"World",NA,NA,"Oilseeds and oleaginous fruits","Gross Production Value (constant 2014-2016 thousand I$)","1000 Int$",1994,98000,"Poppy seed","no"
NA,"World",NA,NA,"Oilseeds and oleaginous fruits","Gross Production Value (constant 2014-2016 thousand I$)","1000 Int$",1995,140459,"Poppy seed","no"
NA,"World",NA,NA,"Oilseeds and oleaginous fruits","Gross Production Value (constant 2014-2016 thousand I$)","1000 Int$",1996,58908,"Poppy seed","no"
NA,"World",NA,NA,"Oilseeds and oleaginous fruits","Gross Production Value (constant 2014-2016 thousand I$)","1000 Int$",1997,83755,"Poppy seed","no"
NA,"World",NA,NA,"Oilseeds and oleaginous fruits","Gross Production Value (constant 2014-2016 thousand I$)","1000 Int$",1998,137239,"Poppy seed","no"
NA,"World",NA,NA,"Oilseeds and oleaginous fruits","Gross Production Value (constant 2014-2016 thousand I$)","1000 Int$",1999,159218,"Poppy seed","no"
NA,"World",NA,NA,"Oilseeds and oleaginous fruits","Gross Production Value (constant 2014-2016 thousand I$)","1000 Int$",2000,86190,"Poppy seed","no"
NA,"World",NA,NA,"Oilseeds and oleaginous fruits","Gross Production Value (constant 2014-2016 thousand I$)","1000 Int$",2001,111661,"Poppy seed","no"
NA,"World",NA,NA,"Oilseeds and oleaginous fruits","Gross Production Value (constant 2014-2016 thousand I$)","1000 Int$",2002,100564,"Poppy seed","no"
NA,"World",NA,NA,"Oilseeds and oleaginous fruits","Gross Production Value (constant 2014-2016 thousand I$)","1000 Int$",2003,169961,"Poppy seed","no"
NA,"World",NA,NA,"Oilseeds and oleaginous fruits","Gross Production Value (constant 2014-2016 thousand I$)","1000 Int$",2004,130700,"Poppy seed","no"
NA,"World",NA,NA,"Oilseeds and oleaginous fruits","Gross Production Value (constant 2014-2016 thousand I$)","1000 Int$",2005,147270,"Poppy seed","no"
NA,"World",NA,NA,"Oilseeds and oleaginous fruits","Gross Production Value (constant 2014-2016 thousand I$)","1000 Int$",2006,162224,"Poppy seed","no"
NA,"World",NA,NA,"Oilseeds and oleaginous fruits","Gross Production Value (constant 2014-2016 thousand I$)","1000 Int$",2007,126559,"Poppy seed","no"
NA,"World",NA,NA,"Oilseeds and oleaginous fruits","Gross Production Value (constant 2014-2016 thousand I$)","1000 Int$",2008,167838,"Poppy seed","no"
NA,"World",NA,NA,"Oilseeds and oleaginous fruits","Gross Production Value (constant 2014-2016 thousand I$)","1000 Int$",2009,187904,"Poppy seed","no"
NA,"World",NA,NA,"Oilseeds and oleaginous fruits","Gross Production Value (constant 2014-2016 thousand I$)","1000 Int$",2010,182710,"Poppy seed","no"
NA,"World",NA,NA,"Oilseeds and oleaginous fruits","Gross Production Value (constant 2014-2016 thousand I$)","1000 Int$",2011,201277,"Poppy seed","no"
NA,"World",NA,NA,"Oilseeds and oleaginous fruits","Gross Production Value (constant 2014-2016 thousand I$)","1000 Int$",2012,93446,"Poppy seed","no"
NA,"World",NA,NA,"Oilseeds and oleaginous fruits","Gross Production Value (constant 2014-2016 thousand I$)","1000 Int$",2013,130643,"Poppy seed","no"
NA,"World",NA,NA,"Oilseeds and oleaginous fruits","Gross Production Value (constant 2014-2016 thousand I$)","1000 Int$",2014,152028,"Poppy seed","no"
NA,"World",NA,NA,"Oilseeds and oleaginous fruits","Gross Production Value (constant 2014-2016 thousand I$)","1000 Int$",2015,189662,"Poppy seed","no"
NA,"World",NA,NA,"Oilseeds and oleaginous fruits","Gross Production Value (constant 2014-2016 thousand I$)","1000 Int$",2016,158323,"Poppy seed","no"
NA,"World",NA,NA,"Oilseeds and oleaginous fruits","Gross Production Value (constant 2014-2016 thousand I$)","1000 Int$",2017,132234,"Poppy seed","no"
NA,"World",NA,NA,"Oilseeds and oleaginous fruits","Gross Production Value (constant 2014-2016 thousand I$)","1000 Int$",2018,55631,"Poppy seed","no"
NA,"World",NA,NA,"Oilseeds and oleaginous fruits","Gross Production Value (constant 2014-2016 thousand I$)","1000 Int$",2019,56249,"Poppy seed","no"
NA,"World",NA,NA,"Oilseeds and oleaginous fruits","Gross Production Value (constant 2014-2016 thousand I$)","1000 Int$",2020,43460,"Poppy seed","no"
NA,"World",NA,NA,"Oilseeds and oleaginous fruits","Gross Production Value (constant 2014-2016 thousand I$)","1000 Int$",2021,44484,"Poppy seed","no"
NA,"World",NA,NA,"Oilseeds and oleaginous fruits","Gross Production Value (constant 2014-2016 thousand I$)","1000 Int$",2022,27988,"Poppy seed","no"
NA,"World",NA,NA,"Oilseeds and oleaginous fruits","Gross Production Value (constant 2014-2016 thousand I$)","1000 Int$",2023,19849,"Poppy seed","no"
NA,"World",NA,NA,"Oilseeds and oleaginous fruits","Gross Production Value (constant 2014-2016 thousand US$)","1000 USD",1992,31301,"Poppy seed","no"
NA,"World",NA,NA,"Oilseeds and oleaginous fruits","Gross Production Value (constant 2014-2016 thousand US$)","1000 USD",1993,38368,"Poppy seed","no"
NA,"World",NA,NA,"Oilseeds and oleaginous fruits","Gross Production Value (constant 2014-2016 thousand US$)","1000 USD",1994,98391,"Poppy seed","no"
NA,"World",NA,NA,"Oilseeds and oleaginous fruits","Gross Production Value (constant 2014-2016 thousand US$)","1000 USD",1995,150965,"Poppy seed","no"
NA,"World",NA,NA,"Oilseeds and oleaginous fruits","Gross Production Value (constant 2014-2016 thousand US$)","1000 USD",1996,50299,"Poppy seed","no"
NA,"World",NA,NA,"Oilseeds and oleaginous fruits","Gross Production Value (constant 2014-2016 thousand US$)","1000 USD",1997,77988,"Poppy seed","no"
NA,"World",NA,NA,"Oilseeds and oleaginous fruits","Gross Production Value (constant 2014-2016 thousand US$)","1000 USD",1998,137201,"Poppy seed","no"
NA,"World",NA,NA,"Oilseeds and oleaginous fruits","Gross Production Value (constant 2014-2016 thousand US$)","1000 USD",1999,163871,"Poppy seed","no"
NA,"World",NA,NA,"Oilseeds and oleaginous fruits","Gross Production Value (constant 2014-2016 thousand US$)","1000 USD",2000,75081,"Poppy seed","no"
NA,"World",NA,NA,"Oilseeds and oleaginous fruits","Gross Production Value (constant 2014-2016 thousand US$)","1000 USD",2001,114517,"Poppy seed","no"
NA,"World",NA,NA,"Oilseeds and oleaginous fruits","Gross Production Value (constant 2014-2016 thousand US$)","1000 USD",2002,100337,"Poppy seed","no"
NA,"World",NA,NA,"Oilseeds and oleaginous fruits","Gross Production Value (constant 2014-2016 thousand US$)","1000 USD",2003,196241,"Poppy seed","no"
NA,"World",NA,NA,"Oilseeds and oleaginous fruits","Gross Production Value (constant 2014-2016 thousand US$)","1000 USD",2004,128181,"Poppy seed","no"
NA,"World",NA,NA,"Oilseeds and oleaginous fruits","Gross Production Value (constant 2014-2016 thousand US$)","1000 USD",2005,140858,"Poppy seed","no"
NA,"World",NA,NA,"Oilseeds and oleaginous fruits","Gross Production Value (constant 2014-2016 thousand US$)","1000 USD",2006,171940,"Poppy seed","no"
NA,"World",NA,NA,"Oilseeds and oleaginous fruits","Gross Production Value (constant 2014-2016 thousand US$)","1000 USD",2007,118256,"Poppy seed","no"
NA,"World",NA,NA,"Oilseeds and oleaginous fruits","Gross Production Value (constant 2014-2016 thousand US$)","1000 USD",2008,161099,"Poppy seed","no"
NA,"World",NA,NA,"Oilseeds and oleaginous fruits","Gross Production Value (constant 2014-2016 thousand US$)","1000 USD",2009,191380,"Poppy seed","no"
NA,"World",NA,NA,"Oilseeds and oleaginous fruits","Gross Production Value (constant 2014-2016 thousand US$)","1000 USD",2010,188233,"Poppy seed","no"
NA,"World",NA,NA,"Oilseeds and oleaginous fruits","Gross Production Value (constant 2014-2016 thousand US$)","1000 USD",2011,215739,"Poppy seed","no"
NA,"World",NA,NA,"Oilseeds and oleaginous fruits","Gross Production Value (constant 2014-2016 thousand US$)","1000 USD",2012,72542,"Poppy seed","no"
NA,"World",NA,NA,"Oilseeds and oleaginous fruits","Gross Production Value (constant 2014-2016 thousand US$)","1000 USD",2013,119153,"Poppy seed","no"
NA,"World",NA,NA,"Oilseeds and oleaginous fruits","Gross Production Value (constant 2014-2016 thousand US$)","1000 USD",2014,142401,"Poppy seed","no"
NA,"World",NA,NA,"Oilseeds and oleaginous fruits","Gross Production Value (constant 2014-2016 thousand US$)","1000 USD",2015,190417,"Poppy seed","no"
NA,"World",NA,NA,"Oilseeds and oleaginous fruits","Gross Production Value (constant 2014-2016 thousand US$)","1000 USD",2016,150577,"Poppy seed","no"
NA,"World",NA,NA,"Oilseeds and oleaginous fruits","Gross Production Value (constant 2014-2016 thousand US$)","1000 USD",2017,121792,"Poppy seed","no"
NA,"World",NA,NA,"Oilseeds and oleaginous fruits","Gross Production Value (constant 2014-2016 thousand US$)","1000 USD",2018,75215,"Poppy seed","no"
NA,"World",NA,NA,"Oilseeds and oleaginous fruits","Gross Production Value (constant 2014-2016 thousand US$)","1000 USD",2019,76052,"Poppy seed","no"
NA,"World",NA,NA,"Oilseeds and oleaginous fruits","Gross Production Value (constant 2014-2016 thousand US$)","1000 USD",2020,58234,"Poppy seed","no"
NA,"World",NA,NA,"Oilseeds and oleaginous fruits","Gross Production Value (constant 2014-2016 thousand US$)","1000 USD",2021,59619,"Poppy seed","no"
NA,"World",NA,NA,"Oilseeds and oleaginous fruits","Gross Production Value (constant 2014-2016 thousand US$)","1000 USD",2022,36555,"Poppy seed","no"
NA,"World",NA,NA,"Oilseeds and oleaginous fruits","Gross Production Value (constant 2014-2016 thousand US$)","1000 USD",2023,25194,"Poppy seed","no"
NA,"World",NA,NA,"Edible roots and tubers with high starch or inulin content","Gross Production Value (constant 2014-2016 thousand I$)","1000 Int$",1992,60464211,"Potatoes","no"
NA,"World",NA,NA,"Edible roots and tubers with high starch or inulin content","Gross Production Value (constant 2014-2016 thousand I$)","1000 Int$",1993,66755274,"Potatoes","no"
NA,"World",NA,NA,"Edible roots and tubers with high starch or inulin content","Gross Production Value (constant 2014-2016 thousand I$)","1000 Int$",1994,67157010,"Potatoes","no"
NA,"World",NA,NA,"Edible roots and tubers with high starch or inulin content","Gross Production Value (constant 2014-2016 thousand I$)","1000 Int$",1995,70831081,"Potatoes","no"
NA,"World",NA,NA,"Edible roots and tubers with high starch or inulin content","Gross Production Value (constant 2014-2016 thousand I$)","1000 Int$",1996,77372728,"Potatoes","no"
NA,"World",NA,NA,"Edible roots and tubers with high starch or inulin content","Gross Production Value (constant 2014-2016 thousand I$)","1000 Int$",1997,75057589,"Potatoes","no"
NA,"World",NA,NA,"Edible roots and tubers with high starch or inulin content","Gross Production Value (constant 2014-2016 thousand I$)","1000 Int$",1998,74531346,"Potatoes","no"
NA,"World",NA,NA,"Edible roots and tubers with high starch or inulin content","Gross Production Value (constant 2014-2016 thousand I$)","1000 Int$",1999,74104611,"Potatoes","no"
NA,"World",NA,NA,"Edible roots and tubers with high starch or inulin content","Gross Production Value (constant 2014-2016 thousand I$)","1000 Int$",2000,80788857,"Potatoes","no"
NA,"World",NA,NA,"Edible roots and tubers with high starch or inulin content","Gross Production Value (constant 2014-2016 thousand I$)","1000 Int$",2001,76465750,"Potatoes","no"
NA,"World",NA,NA,"Edible roots and tubers with high starch or inulin content","Gross Production Value (constant 2014-2016 thousand I$)","1000 Int$",2002,77546383,"Potatoes","no"
NA,"World",NA,NA,"Edible roots and tubers with high starch or inulin content","Gross Production Value (constant 2014-2016 thousand I$)","1000 Int$",2003,76995288,"Potatoes","no"
NA,"World",NA,NA,"Edible roots and tubers with high starch or inulin content","Gross Production Value (constant 2014-2016 thousand I$)","1000 Int$",2004,82139354,"Potatoes","no"
NA,"World",NA,NA,"Edible roots and tubers with high starch or inulin content","Gross Production Value (constant 2014-2016 thousand I$)","1000 Int$",2005,79520463,"Potatoes","no"
NA,"World",NA,NA,"Edible roots and tubers with high starch or inulin content","Gross Production Value (constant 2014-2016 thousand I$)","1000 Int$",2006,76999188,"Potatoes","no"
NA,"World",NA,NA,"Edible roots and tubers with high starch or inulin content","Gross Production Value (constant 2014-2016 thousand I$)","1000 Int$",2007,78410918,"Potatoes","no"
NA,"World",NA,NA,"Edible roots and tubers with high starch or inulin content","Gross Production Value (constant 2014-2016 thousand I$)","1000 Int$",2008,81864027,"Potatoes","no"
NA,"World",NA,NA,"Edible roots and tubers with high starch or inulin content","Gross Production Value (constant 2014-2016 thousand I$)","1000 Int$",2009,82753911,"Potatoes","no"
NA,"World",NA,NA,"Edible roots and tubers with high starch or inulin content","Gross Production Value (constant 2014-2016 thousand I$)","1000 Int$",2010,82282362,"Potatoes","no"
NA,"World",NA,NA,"Edible roots and tubers with high starch or inulin content","Gross Production Value (constant 2014-2016 thousand I$)","1000 Int$",2011,92366244,"Potatoes","no"
NA,"World",NA,NA,"Edible roots and tubers with high starch or inulin content","Gross Production Value (constant 2014-2016 thousand I$)","1000 Int$",2012,90652020,"Potatoes","no"
NA,"World",NA,NA,"Edible roots and tubers with high starch or inulin content","Gross Production Value (constant 2014-2016 thousand I$)","1000 Int$",2013,91680350,"Potatoes","no"
NA,"World",NA,NA,"Edible roots and tubers with high starch or inulin content","Gross Production Value (constant 2014-2016 thousand I$)","1000 Int$",2014,92467120,"Potatoes","no"
NA,"World",NA,NA,"Edible roots and tubers with high starch or inulin content","Gross Production Value (constant 2014-2016 thousand I$)","1000 Int$",2015,91381415,"Potatoes","no"
NA,"World",NA,NA,"Edible roots and tubers with high starch or inulin content","Gross Production Value (constant 2014-2016 thousand I$)","1000 Int$",2016,88541056,"Potatoes","no"
NA,"World",NA,NA,"Edible roots and tubers with high starch or inulin content","Gross Production Value (constant 2014-2016 thousand I$)","1000 Int$",2017,92313749,"Potatoes","no"
NA,"World",NA,NA,"Edible roots and tubers with high starch or inulin content","Gross Production Value (constant 2014-2016 thousand I$)","1000 Int$",2018,91188849,"Potatoes","no"
NA,"World",NA,NA,"Edible roots and tubers with high starch or inulin content","Gross Production Value (constant 2014-2016 thousand I$)","1000 Int$",2019,91442716,"Potatoes","no"
NA,"World",NA,NA,"Edible roots and tubers with high starch or inulin content","Gross Production Value (constant 2014-2016 thousand I$)","1000 Int$",2020,92195673,"Potatoes","no"
NA,"World",NA,NA,"Edible roots and tubers with high starch or inulin content","Gross Production Value (constant 2014-2016 thousand I$)","1000 Int$",2021,93393047,"Potatoes","no"
NA,"World",NA,NA,"Edible roots and tubers with high starch or inulin content","Gross Production Value (constant 2014-2016 thousand I$)","1000 Int$",2022,93329885,"Potatoes","no"
NA,"World",NA,NA,"Edible roots and tubers with high starch or inulin content","Gross Production Value (constant 2014-2016 thousand I$)","1000 Int$",2023,95754623,"Potatoes","no"
NA,"World",NA,NA,"Edible roots and tubers with high starch or inulin content","Gross Production Value (constant 2014-2016 thousand US$)","1000 USD",1992,61377316,"Potatoes","no"
NA,"World",NA,NA,"Edible roots and tubers with high starch or inulin content","Gross Production Value (constant 2014-2016 thousand US$)","1000 USD",1993,67702682,"Potatoes","no"
NA,"World",NA,NA,"Edible roots and tubers with high starch or inulin content","Gross Production Value (constant 2014-2016 thousand US$)","1000 USD",1994,67122834,"Potatoes","no"
NA,"World",NA,NA,"Edible roots and tubers with high starch or inulin content","Gross Production Value (constant 2014-2016 thousand US$)","1000 USD",1995,70932187,"Potatoes","no"
NA,"World",NA,NA,"Edible roots and tubers with high starch or inulin content","Gross Production Value (constant 2014-2016 thousand US$)","1000 USD",1996,76691741,"Potatoes","no"
NA,"World",NA,NA,"Edible roots and tubers with high starch or inulin content","Gross Production Value (constant 2014-2016 thousand US$)","1000 USD",1997,76206757,"Potatoes","no"
NA,"World",NA,NA,"Edible roots and tubers with high starch or inulin content","Gross Production Value (constant 2014-2016 thousand US$)","1000 USD",1998,76537331,"Potatoes","no"
NA,"World",NA,NA,"Edible roots and tubers with high starch or inulin content","Gross Production Value (constant 2014-2016 thousand US$)","1000 USD",1999,76020491,"Potatoes","no"
NA,"World",NA,NA,"Edible roots and tubers with high starch or inulin content","Gross Production Value (constant 2014-2016 thousand US$)","1000 USD",2000,81579859,"Potatoes","no"
NA,"World",NA,NA,"Edible roots and tubers with high starch or inulin content","Gross Production Value (constant 2014-2016 thousand US$)","1000 USD",2001,78890122,"Potatoes","no"
NA,"World",NA,NA,"Edible roots and tubers with high starch or inulin content","Gross Production Value (constant 2014-2016 thousand US$)","1000 USD",2002,81074839,"Potatoes","no"
NA,"World",NA,NA,"Edible roots and tubers with high starch or inulin content","Gross Production Value (constant 2014-2016 thousand US$)","1000 USD",2003,80564759,"Potatoes","no"
NA,"World",NA,NA,"Edible roots and tubers with high starch or inulin content","Gross Production Value (constant 2014-2016 thousand US$)","1000 USD",2004,84936342,"Potatoes","no"
NA,"World",NA,NA,"Edible roots and tubers with high starch or inulin content","Gross Production Value (constant 2014-2016 thousand US$)","1000 USD",2005,82930659,"Potatoes","no"
NA,"World",NA,NA,"Edible roots and tubers with high starch or inulin content","Gross Production Value (constant 2014-2016 thousand US$)","1000 USD",2006,80547085,"Potatoes","no"
NA,"World",NA,NA,"Edible roots and tubers with high starch or inulin content","Gross Production Value (constant 2014-2016 thousand US$)","1000 USD",2007,81691955,"Potatoes","no"
NA,"World",NA,NA,"Edible roots and tubers with high starch or inulin content","Gross Production Value (constant 2014-2016 thousand US$)","1000 USD",2008,85319553,"Potatoes","no"
NA,"World",NA,NA,"Edible roots and tubers with high starch or inulin content","Gross Production Value (constant 2014-2016 thousand US$)","1000 USD",2009,86401770,"Potatoes","no"
NA,"World",NA,NA,"Edible roots and tubers with high starch or inulin content","Gross Production Value (constant 2014-2016 thousand US$)","1000 USD",2010,86597888,"Potatoes","no"
NA,"World",NA,NA,"Edible roots and tubers with high starch or inulin content","Gross Production Value (constant 2014-2016 thousand US$)","1000 USD",2011,95970829,"Potatoes","no"
NA,"World",NA,NA,"Edible roots and tubers with high starch or inulin content","Gross Production Value (constant 2014-2016 thousand US$)","1000 USD",2012,95176831,"Potatoes","no"
NA,"World",NA,NA,"Edible roots and tubers with high starch or inulin content","Gross Production Value (constant 2014-2016 thousand US$)","1000 USD",2013,96539439,"Potatoes","no"
NA,"World",NA,NA,"Edible roots and tubers with high starch or inulin content","Gross Production Value (constant 2014-2016 thousand US$)","1000 USD",2014,95792007,"Potatoes","no"
NA,"World",NA,NA,"Edible roots and tubers with high starch or inulin content","Gross Production Value (constant 2014-2016 thousand US$)","1000 USD",2015,95230413,"Potatoes","no"
NA,"World",NA,NA,"Edible roots and tubers with high starch or inulin content","Gross Production Value (constant 2014-2016 thousand US$)","1000 USD",2016,92928869,"Potatoes","no"
NA,"World",NA,NA,"Edible roots and tubers with high starch or inulin content","Gross Production Value (constant 2014-2016 thousand US$)","1000 USD",2017,96637702,"Potatoes","no"
NA,"World",NA,NA,"Edible roots and tubers with high starch or inulin content","Gross Production Value (constant 2014-2016 thousand US$)","1000 USD",2018,96041750,"Potatoes","no"
NA,"World",NA,NA,"Edible roots and tubers with high starch or inulin content","Gross Production Value (constant 2014-2016 thousand US$)","1000 USD",2019,96706192,"Potatoes","no"
NA,"World",NA,NA,"Edible roots and tubers with high starch or inulin content","Gross Production Value (constant 2014-2016 thousand US$)","1000 USD",2020,97580973,"Potatoes","no"
NA,"World",NA,NA,"Edible roots and tubers with high starch or inulin content","Gross Production Value (constant 2014-2016 thousand US$)","1000 USD",2021,98731782,"Potatoes","no"
NA,"World",NA,NA,"Edible roots and tubers with high starch or inulin content","Gross Production Value (constant 2014-2016 thousand US$)","1000 USD",2022,98745634,"Potatoes","no"
NA,"World",NA,NA,"Edible roots and tubers with high starch or inulin content","Gross Production Value (constant 2014-2016 thousand US$)","1000 USD",2023,100764488,"Potatoes","no"
NA,"World",NA,NA,"Vegetables","Gross Production Value (constant 2014-2016 thousand I$)","1000 Int$",1992,3109922,"Pumpkins, squash and gourds","no"
NA,"World",NA,NA,"Vegetables","Gross Production Value (constant 2014-2016 thousand I$)","1000 Int$",1993,3431955,"Pumpkins, squash and gourds","no"
NA,"World",NA,NA,"Vegetables","Gross Production Value (constant 2014-2016 thousand I$)","1000 Int$",1994,3758812,"Pumpkins, squash and gourds","no"
NA,"World",NA,NA,"Vegetables","Gross Production Value (constant 2014-2016 thousand I$)","1000 Int$",1995,3977095,"Pumpkins, squash and gourds","no"
NA,"World",NA,NA,"Vegetables","Gross Production Value (constant 2014-2016 thousand I$)","1000 Int$",1996,4259507,"Pumpkins, squash and gourds","no"
NA,"World",NA,NA,"Vegetables","Gross Production Value (constant 2014-2016 thousand I$)","1000 Int$",1997,4394795,"Pumpkins, squash and gourds","no"
NA,"World",NA,NA,"Vegetables","Gross Production Value (constant 2014-2016 thousand I$)","1000 Int$",1998,4500872,"Pumpkins, squash and gourds","no"
NA,"World",NA,NA,"Vegetables","Gross Production Value (constant 2014-2016 thousand I$)","1000 Int$",1999,4549133,"Pumpkins, squash and gourds","no"
NA,"World",NA,NA,"Vegetables","Gross Production Value (constant 2014-2016 thousand I$)","1000 Int$",2000,4959893,"Pumpkins, squash and gourds","no"
NA,"World",NA,NA,"Vegetables","Gross Production Value (constant 2014-2016 thousand I$)","1000 Int$",2001,5105161,"Pumpkins, squash and gourds","no"
NA,"World",NA,NA,"Vegetables","Gross Production Value (constant 2014-2016 thousand I$)","1000 Int$",2002,5474341,"Pumpkins, squash and gourds","no"
NA,"World",NA,NA,"Vegetables","Gross Production Value (constant 2014-2016 thousand I$)","1000 Int$",2003,5796013,"Pumpkins, squash and gourds","no"
NA,"World",NA,NA,"Vegetables","Gross Production Value (constant 2014-2016 thousand I$)","1000 Int$",2004,5920333,"Pumpkins, squash and gourds","no"
NA,"World",NA,NA,"Vegetables","Gross Production Value (constant 2014-2016 thousand I$)","1000 Int$",2005,5810773,"Pumpkins, squash and gourds","no"
NA,"World",NA,NA,"Vegetables","Gross Production Value (constant 2014-2016 thousand I$)","1000 Int$",2006,5939537,"Pumpkins, squash and gourds","no"
NA,"World",NA,NA,"Vegetables","Gross Production Value (constant 2014-2016 thousand I$)","1000 Int$",2007,6145496,"Pumpkins, squash and gourds","no"
NA,"World",NA,NA,"Vegetables","Gross Production Value (constant 2014-2016 thousand I$)","1000 Int$",2008,6242323,"Pumpkins, squash and gourds","no"
NA,"World",NA,NA,"Vegetables","Gross Production Value (constant 2014-2016 thousand I$)","1000 Int$",2009,6407117,"Pumpkins, squash and gourds","no"
NA,"World",NA,NA,"Vegetables","Gross Production Value (constant 2014-2016 thousand I$)","1000 Int$",2010,6565657,"Pumpkins, squash and gourds","no"
NA,"World",NA,NA,"Vegetables","Gross Production Value (constant 2014-2016 thousand I$)","1000 Int$",2011,6829180,"Pumpkins, squash and gourds","no"
NA,"World",NA,NA,"Vegetables","Gross Production Value (constant 2014-2016 thousand I$)","1000 Int$",2012,6902465,"Pumpkins, squash and gourds","no"
NA,"World",NA,NA,"Vegetables","Gross Production Value (constant 2014-2016 thousand I$)","1000 Int$",2013,7081750,"Pumpkins, squash and gourds","no"
NA,"World",NA,NA,"Vegetables","Gross Production Value (constant 2014-2016 thousand I$)","1000 Int$",2014,7268122,"Pumpkins, squash and gourds","no"
NA,"World",NA,NA,"Vegetables","Gross Production Value (constant 2014-2016 thousand I$)","1000 Int$",2015,7467322,"Pumpkins, squash and gourds","no"
NA,"World",NA,NA,"Vegetables","Gross Production Value (constant 2014-2016 thousand I$)","1000 Int$",2016,7450611,"Pumpkins, squash and gourds","no"
NA,"World",NA,NA,"Vegetables","Gross Production Value (constant 2014-2016 thousand I$)","1000 Int$",2017,7645974,"Pumpkins, squash and gourds","no"
NA,"World",NA,NA,"Vegetables","Gross Production Value (constant 2014-2016 thousand I$)","1000 Int$",2018,6276944,"Pumpkins, squash and gourds","no"
NA,"World",NA,NA,"Vegetables","Gross Production Value (constant 2014-2016 thousand I$)","1000 Int$",2019,6489812,"Pumpkins, squash and gourds","no"
NA,"World",NA,NA,"Vegetables","Gross Production Value (constant 2014-2016 thousand I$)","1000 Int$",2020,6715437,"Pumpkins, squash and gourds","no"
NA,"World",NA,NA,"Vegetables","Gross Production Value (constant 2014-2016 thousand I$)","1000 Int$",2021,6759279,"Pumpkins, squash and gourds","no"
NA,"World",NA,NA,"Vegetables","Gross Production Value (constant 2014-2016 thousand I$)","1000 Int$",2022,6726062,"Pumpkins, squash and gourds","no"
NA,"World",NA,NA,"Vegetables","Gross Production Value (constant 2014-2016 thousand I$)","1000 Int$",2023,6759665,"Pumpkins, squash and gourds","no"
NA,"World",NA,NA,"Vegetables","Gross Production Value (constant 2014-2016 thousand US$)","1000 USD",1992,3897128,"Pumpkins, squash and gourds","no"
NA,"World",NA,NA,"Vegetables","Gross Production Value (constant 2014-2016 thousand US$)","1000 USD",1993,4273821,"Pumpkins, squash and gourds","no"
NA,"World",NA,NA,"Vegetables","Gross Production Value (constant 2014-2016 thousand US$)","1000 USD",1994,4570067,"Pumpkins, squash and gourds","no"
NA,"World",NA,NA,"Vegetables","Gross Production Value (constant 2014-2016 thousand US$)","1000 USD",1995,4731610,"Pumpkins, squash and gourds","no"
NA,"World",NA,NA,"Vegetables","Gross Production Value (constant 2014-2016 thousand US$)","1000 USD",1996,5149646,"Pumpkins, squash and gourds","no"
NA,"World",NA,NA,"Vegetables","Gross Production Value (constant 2014-2016 thousand US$)","1000 USD",1997,5262976,"Pumpkins, squash and gourds","no"
NA,"World",NA,NA,"Vegetables","Gross Production Value (constant 2014-2016 thousand US$)","1000 USD",1998,5337498,"Pumpkins, squash and gourds","no"
NA,"World",NA,NA,"Vegetables","Gross Production Value (constant 2014-2016 thousand US$)","1000 USD",1999,5364653,"Pumpkins, squash and gourds","no"
NA,"World",NA,NA,"Vegetables","Gross Production Value (constant 2014-2016 thousand US$)","1000 USD",2000,5983904,"Pumpkins, squash and gourds","no"
NA,"World",NA,NA,"Vegetables","Gross Production Value (constant 2014-2016 thousand US$)","1000 USD",2001,6194365,"Pumpkins, squash and gourds","no"
NA,"World",NA,NA,"Vegetables","Gross Production Value (constant 2014-2016 thousand US$)","1000 USD",2002,6571414,"Pumpkins, squash and gourds","no"
NA,"World",NA,NA,"Vegetables","Gross Production Value (constant 2014-2016 thousand US$)","1000 USD",2003,6863264,"Pumpkins, squash and gourds","no"
NA,"World",NA,NA,"Vegetables","Gross Production Value (constant 2014-2016 thousand US$)","1000 USD",2004,7042163,"Pumpkins, squash and gourds","no"
NA,"World",NA,NA,"Vegetables","Gross Production Value (constant 2014-2016 thousand US$)","1000 USD",2005,6997332,"Pumpkins, squash and gourds","no"
NA,"World",NA,NA,"Vegetables","Gross Production Value (constant 2014-2016 thousand US$)","1000 USD",2006,7118909,"Pumpkins, squash and gourds","no"
NA,"World",NA,NA,"Vegetables","Gross Production Value (constant 2014-2016 thousand US$)","1000 USD",2007,7342005,"Pumpkins, squash and gourds","no"
NA,"World",NA,NA,"Vegetables","Gross Production Value (constant 2014-2016 thousand US$)","1000 USD",2008,7442340,"Pumpkins, squash and gourds","no"
NA,"World",NA,NA,"Vegetables","Gross Production Value (constant 2014-2016 thousand US$)","1000 USD",2009,7595745,"Pumpkins, squash and gourds","no"
NA,"World",NA,NA,"Vegetables","Gross Production Value (constant 2014-2016 thousand US$)","1000 USD",2010,7824699,"Pumpkins, squash and gourds","no"
NA,"World",NA,NA,"Vegetables","Gross Production Value (constant 2014-2016 thousand US$)","1000 USD",2011,8110074,"Pumpkins, squash and gourds","no"
NA,"World",NA,NA,"Vegetables","Gross Production Value (constant 2014-2016 thousand US$)","1000 USD",2012,8315757,"Pumpkins, squash and gourds","no"
NA,"World",NA,NA,"Vegetables","Gross Production Value (constant 2014-2016 thousand US$)","1000 USD",2013,8335307,"Pumpkins, squash and gourds","no"
NA,"World",NA,NA,"Vegetables","Gross Production Value (constant 2014-2016 thousand US$)","1000 USD",2014,8458238,"Pumpkins, squash and gourds","no"
NA,"World",NA,NA,"Vegetables","Gross Production Value (constant 2014-2016 thousand US$)","1000 USD",2015,8564933,"Pumpkins, squash and gourds","no"
NA,"World",NA,NA,"Vegetables","Gross Production Value (constant 2014-2016 thousand US$)","1000 USD",2016,8578910,"Pumpkins, squash and gourds","no"
NA,"World",NA,NA,"Vegetables","Gross Production Value (constant 2014-2016 thousand US$)","1000 USD",2017,8703947,"Pumpkins, squash and gourds","no"
NA,"World",NA,NA,"Vegetables","Gross Production Value (constant 2014-2016 thousand US$)","1000 USD",2018,8115396,"Pumpkins, squash and gourds","no"
NA,"World",NA,NA,"Vegetables","Gross Production Value (constant 2014-2016 thousand US$)","1000 USD",2019,8509029,"Pumpkins, squash and gourds","no"
NA,"World",NA,NA,"Vegetables","Gross Production Value (constant 2014-2016 thousand US$)","1000 USD",2020,8867789,"Pumpkins, squash and gourds","no"
NA,"World",NA,NA,"Vegetables","Gross Production Value (constant 2014-2016 thousand US$)","1000 USD",2021,8937064,"Pumpkins, squash and gourds","no"
NA,"World",NA,NA,"Vegetables","Gross Production Value (constant 2014-2016 thousand US$)","1000 USD",2022,8851467,"Pumpkins, squash and gourds","no"
NA,"World",NA,NA,"Vegetables","Gross Production Value (constant 2014-2016 thousand US$)","1000 USD",2023,8877907,"Pumpkins, squash and gourds","no"
NA,"World",NA,NA,"Forage products; fibre crops; plants used in perfumery, pharmacy, or for insecticidal, fungicidal or similar purposes; beet, forage plant and flower seeds; natural rubber; living plants, cut flowers and flower buds; unmanufactured tobacco; other raw vegetable materials","Gross Production Value (constant 2014-2016 thousand I$)","1000 Int$",1992,28207,"Pyrethrum, dried flowers","no"
NA,"World",NA,NA,"Forage products; fibre crops; plants used in perfumery, pharmacy, or for insecticidal, fungicidal or similar purposes; beet, forage plant and flower seeds; natural rubber; living plants, cut flowers and flower buds; unmanufactured tobacco; other raw vegetable materials","Gross Production Value (constant 2014-2016 thousand I$)","1000 Int$",1993,27445,"Pyrethrum, dried flowers","no"
NA,"World",NA,NA,"Forage products; fibre crops; plants used in perfumery, pharmacy, or for insecticidal, fungicidal or similar purposes; beet, forage plant and flower seeds; natural rubber; living plants, cut flowers and flower buds; unmanufactured tobacco; other raw vegetable materials","Gross Production Value (constant 2014-2016 thousand I$)","1000 Int$",1994,24785,"Pyrethrum, dried flowers","no"
NA,"World",NA,NA,"Forage products; fibre crops; plants used in perfumery, pharmacy, or for insecticidal, fungicidal or similar purposes; beet, forage plant and flower seeds; natural rubber; living plants, cut flowers and flower buds; unmanufactured tobacco; other raw vegetable materials","Gross Production Value (constant 2014-2016 thousand I$)","1000 Int$",1995,19987,"Pyrethrum, dried flowers","no"
NA,"World",NA,NA,"Forage products; fibre crops; plants used in perfumery, pharmacy, or for insecticidal, fungicidal or similar purposes; beet, forage plant and flower seeds; natural rubber; living plants, cut flowers and flower buds; unmanufactured tobacco; other raw vegetable materials","Gross Production Value (constant 2014-2016 thousand I$)","1000 Int$",1996,15960,"Pyrethrum, dried flowers","no"
NA,"World",NA,NA,"Forage products; fibre crops; plants used in perfumery, pharmacy, or for insecticidal, fungicidal or similar purposes; beet, forage plant and flower seeds; natural rubber; living plants, cut flowers and flower buds; unmanufactured tobacco; other raw vegetable materials","Gross Production Value (constant 2014-2016 thousand I$)","1000 Int$",1997,13271,"Pyrethrum, dried flowers","no"
NA,"World",NA,NA,"Forage products; fibre crops; plants used in perfumery, pharmacy, or for insecticidal, fungicidal or similar purposes; beet, forage plant and flower seeds; natural rubber; living plants, cut flowers and flower buds; unmanufactured tobacco; other raw vegetable materials","Gross Production Value (constant 2014-2016 thousand I$)","1000 Int$",1998,14686,"Pyrethrum, dried flowers","no"
NA,"World",NA,NA,"Forage products; fibre crops; plants used in perfumery, pharmacy, or for insecticidal, fungicidal or similar purposes; beet, forage plant and flower seeds; natural rubber; living plants, cut flowers and flower buds; unmanufactured tobacco; other raw vegetable materials","Gross Production Value (constant 2014-2016 thousand I$)","1000 Int$",1999,19404,"Pyrethrum, dried flowers","no"
NA,"World",NA,NA,"Forage products; fibre crops; plants used in perfumery, pharmacy, or for insecticidal, fungicidal or similar purposes; beet, forage plant and flower seeds; natural rubber; living plants, cut flowers and flower buds; unmanufactured tobacco; other raw vegetable materials","Gross Production Value (constant 2014-2016 thousand I$)","1000 Int$",2000,16825,"Pyrethrum, dried flowers","no"
NA,"World",NA,NA,"Forage products; fibre crops; plants used in perfumery, pharmacy, or for insecticidal, fungicidal or similar purposes; beet, forage plant and flower seeds; natural rubber; living plants, cut flowers and flower buds; unmanufactured tobacco; other raw vegetable materials","Gross Production Value (constant 2014-2016 thousand I$)","1000 Int$",2001,16909,"Pyrethrum, dried flowers","no"
NA,"World",NA,NA,"Forage products; fibre crops; plants used in perfumery, pharmacy, or for insecticidal, fungicidal or similar purposes; beet, forage plant and flower seeds; natural rubber; living plants, cut flowers and flower buds; unmanufactured tobacco; other raw vegetable materials","Gross Production Value (constant 2014-2016 thousand I$)","1000 Int$",2002,17887,"Pyrethrum, dried flowers","no"
NA,"World",NA,NA,"Forage products; fibre crops; plants used in perfumery, pharmacy, or for insecticidal, fungicidal or similar purposes; beet, forage plant and flower seeds; natural rubber; living plants, cut flowers and flower buds; unmanufactured tobacco; other raw vegetable materials","Gross Production Value (constant 2014-2016 thousand I$)","1000 Int$",2003,16057,"Pyrethrum, dried flowers","no"
NA,"World",NA,NA,"Forage products; fibre crops; plants used in perfumery, pharmacy, or for insecticidal, fungicidal or similar purposes; beet, forage plant and flower seeds; natural rubber; living plants, cut flowers and flower buds; unmanufactured tobacco; other raw vegetable materials","Gross Production Value (constant 2014-2016 thousand I$)","1000 Int$",2004,15640,"Pyrethrum, dried flowers","no"
NA,"World",NA,NA,"Forage products; fibre crops; plants used in perfumery, pharmacy, or for insecticidal, fungicidal or similar purposes; beet, forage plant and flower seeds; natural rubber; living plants, cut flowers and flower buds; unmanufactured tobacco; other raw vegetable materials","Gross Production Value (constant 2014-2016 thousand I$)","1000 Int$",2005,16059,"Pyrethrum, dried flowers","no"
NA,"World",NA,NA,"Forage products; fibre crops; plants used in perfumery, pharmacy, or for insecticidal, fungicidal or similar purposes; beet, forage plant and flower seeds; natural rubber; living plants, cut flowers and flower buds; unmanufactured tobacco; other raw vegetable materials","Gross Production Value (constant 2014-2016 thousand I$)","1000 Int$",2006,18592,"Pyrethrum, dried flowers","no"
NA,"World",NA,NA,"Forage products; fibre crops; plants used in perfumery, pharmacy, or for insecticidal, fungicidal or similar purposes; beet, forage plant and flower seeds; natural rubber; living plants, cut flowers and flower buds; unmanufactured tobacco; other raw vegetable materials","Gross Production Value (constant 2014-2016 thousand I$)","1000 Int$",2007,6792,"Pyrethrum, dried flowers","no"
NA,"World",NA,NA,"Forage products; fibre crops; plants used in perfumery, pharmacy, or for insecticidal, fungicidal or similar purposes; beet, forage plant and flower seeds; natural rubber; living plants, cut flowers and flower buds; unmanufactured tobacco; other raw vegetable materials","Gross Production Value (constant 2014-2016 thousand I$)","1000 Int$",2008,7466,"Pyrethrum, dried flowers","no"
NA,"World",NA,NA,"Forage products; fibre crops; plants used in perfumery, pharmacy, or for insecticidal, fungicidal or similar purposes; beet, forage plant and flower seeds; natural rubber; living plants, cut flowers and flower buds; unmanufactured tobacco; other raw vegetable materials","Gross Production Value (constant 2014-2016 thousand I$)","1000 Int$",2009,6039,"Pyrethrum, dried flowers","no"
NA,"World",NA,NA,"Forage products; fibre crops; plants used in perfumery, pharmacy, or for insecticidal, fungicidal or similar purposes; beet, forage plant and flower seeds; natural rubber; living plants, cut flowers and flower buds; unmanufactured tobacco; other raw vegetable materials","Gross Production Value (constant 2014-2016 thousand I$)","1000 Int$",2010,7694,"Pyrethrum, dried flowers","no"
NA,"World",NA,NA,"Forage products; fibre crops; plants used in perfumery, pharmacy, or for insecticidal, fungicidal or similar purposes; beet, forage plant and flower seeds; natural rubber; living plants, cut flowers and flower buds; unmanufactured tobacco; other raw vegetable materials","Gross Production Value (constant 2014-2016 thousand I$)","1000 Int$",2011,10476,"Pyrethrum, dried flowers","no"
NA,"World",NA,NA,"Forage products; fibre crops; plants used in perfumery, pharmacy, or for insecticidal, fungicidal or similar purposes; beet, forage plant and flower seeds; natural rubber; living plants, cut flowers and flower buds; unmanufactured tobacco; other raw vegetable materials","Gross Production Value (constant 2014-2016 thousand I$)","1000 Int$",2012,11928,"Pyrethrum, dried flowers","no"
NA,"World",NA,NA,"Forage products; fibre crops; plants used in perfumery, pharmacy, or for insecticidal, fungicidal or similar purposes; beet, forage plant and flower seeds; natural rubber; living plants, cut flowers and flower buds; unmanufactured tobacco; other raw vegetable materials","Gross Production Value (constant 2014-2016 thousand I$)","1000 Int$",2013,12609,"Pyrethrum, dried flowers","no"
NA,"World",NA,NA,"Forage products; fibre crops; plants used in perfumery, pharmacy, or for insecticidal, fungicidal or similar purposes; beet, forage plant and flower seeds; natural rubber; living plants, cut flowers and flower buds; unmanufactured tobacco; other raw vegetable materials","Gross Production Value (constant 2014-2016 thousand I$)","1000 Int$",2014,14339,"Pyrethrum, dried flowers","no"
NA,"World",NA,NA,"Forage products; fibre crops; plants used in perfumery, pharmacy, or for insecticidal, fungicidal or similar purposes; beet, forage plant and flower seeds; natural rubber; living plants, cut flowers and flower buds; unmanufactured tobacco; other raw vegetable materials","Gross Production Value (constant 2014-2016 thousand I$)","1000 Int$",2015,13573,"Pyrethrum, dried flowers","no"
NA,"World",NA,NA,"Forage products; fibre crops; plants used in perfumery, pharmacy, or for insecticidal, fungicidal or similar purposes; beet, forage plant and flower seeds; natural rubber; living plants, cut flowers and flower buds; unmanufactured tobacco; other raw vegetable materials","Gross Production Value (constant 2014-2016 thousand I$)","1000 Int$",2016,7472,"Pyrethrum, dried flowers","no"
NA,"World",NA,NA,"Forage products; fibre crops; plants used in perfumery, pharmacy, or for insecticidal, fungicidal or similar purposes; beet, forage plant and flower seeds; natural rubber; living plants, cut flowers and flower buds; unmanufactured tobacco; other raw vegetable materials","Gross Production Value (constant 2014-2016 thousand I$)","1000 Int$",2017,13091,"Pyrethrum, dried flowers","no"
NA,"World",NA,NA,"Forage products; fibre crops; plants used in perfumery, pharmacy, or for insecticidal, fungicidal or similar purposes; beet, forage plant and flower seeds; natural rubber; living plants, cut flowers and flower buds; unmanufactured tobacco; other raw vegetable materials","Gross Production Value (constant 2014-2016 thousand I$)","1000 Int$",2018,8300,"Pyrethrum, dried flowers","no"
NA,"World",NA,NA,"Forage products; fibre crops; plants used in perfumery, pharmacy, or for insecticidal, fungicidal or similar purposes; beet, forage plant and flower seeds; natural rubber; living plants, cut flowers and flower buds; unmanufactured tobacco; other raw vegetable materials","Gross Production Value (constant 2014-2016 thousand I$)","1000 Int$",2019,9738,"Pyrethrum, dried flowers","no"
NA,"World",NA,NA,"Forage products; fibre crops; plants used in perfumery, pharmacy, or for insecticidal, fungicidal or similar purposes; beet, forage plant and flower seeds; natural rubber; living plants, cut flowers and flower buds; unmanufactured tobacco; other raw vegetable materials","Gross Production Value (constant 2014-2016 thousand I$)","1000 Int$",2020,8022,"Pyrethrum, dried flowers","no"
NA,"World",NA,NA,"Forage products; fibre crops; plants used in perfumery, pharmacy, or for insecticidal, fungicidal or similar purposes; beet, forage plant and flower seeds; natural rubber; living plants, cut flowers and flower buds; unmanufactured tobacco; other raw vegetable materials","Gross Production Value (constant 2014-2016 thousand I$)","1000 Int$",2021,8483,"Pyrethrum, dried flowers","no"
NA,"World",NA,NA,"Forage products; fibre crops; plants used in perfumery, pharmacy, or for insecticidal, fungicidal or similar purposes; beet, forage plant and flower seeds; natural rubber; living plants, cut flowers and flower buds; unmanufactured tobacco; other raw vegetable materials","Gross Production Value (constant 2014-2016 thousand I$)","1000 Int$",2022,7957,"Pyrethrum, dried flowers","no"
NA,"World",NA,NA,"Forage products; fibre crops; plants used in perfumery, pharmacy, or for insecticidal, fungicidal or similar purposes; beet, forage plant and flower seeds; natural rubber; living plants, cut flowers and flower buds; unmanufactured tobacco; other raw vegetable materials","Gross Production Value (constant 2014-2016 thousand I$)","1000 Int$",2023,13588,"Pyrethrum, dried flowers","no"
NA,"World",NA,NA,"Forage products; fibre crops; plants used in perfumery, pharmacy, or for insecticidal, fungicidal or similar purposes; beet, forage plant and flower seeds; natural rubber; living plants, cut flowers and flower buds; unmanufactured tobacco; other raw vegetable materials","Gross Production Value (constant 2014-2016 thousand US$)","1000 USD",1992,30135,"Pyrethrum, dried flowers","no"
NA,"World",NA,NA,"Forage products; fibre crops; plants used in perfumery, pharmacy, or for insecticidal, fungicidal or similar purposes; beet, forage plant and flower seeds; natural rubber; living plants, cut flowers and flower buds; unmanufactured tobacco; other raw vegetable materials","Gross Production Value (constant 2014-2016 thousand US$)","1000 USD",1993,28276,"Pyrethrum, dried flowers","no"
NA,"World",NA,NA,"Forage products; fibre crops; plants used in perfumery, pharmacy, or for insecticidal, fungicidal or similar purposes; beet, forage plant and flower seeds; natural rubber; living plants, cut flowers and flower buds; unmanufactured tobacco; other raw vegetable materials","Gross Production Value (constant 2014-2016 thousand US$)","1000 USD",1994,24579,"Pyrethrum, dried flowers","no"
NA,"World",NA,NA,"Forage products; fibre crops; plants used in perfumery, pharmacy, or for insecticidal, fungicidal or similar purposes; beet, forage plant and flower seeds; natural rubber; living plants, cut flowers and flower buds; unmanufactured tobacco; other raw vegetable materials","Gross Production Value (constant 2014-2016 thousand US$)","1000 USD",1995,19030,"Pyrethrum, dried flowers","no"
NA,"World",NA,NA,"Forage products; fibre crops; plants used in perfumery, pharmacy, or for insecticidal, fungicidal or similar purposes; beet, forage plant and flower seeds; natural rubber; living plants, cut flowers and flower buds; unmanufactured tobacco; other raw vegetable materials","Gross Production Value (constant 2014-2016 thousand US$)","1000 USD",1996,14403,"Pyrethrum, dried flowers","no"
NA,"World",NA,NA,"Forage products; fibre crops; plants used in perfumery, pharmacy, or for insecticidal, fungicidal or similar purposes; beet, forage plant and flower seeds; natural rubber; living plants, cut flowers and flower buds; unmanufactured tobacco; other raw vegetable materials","Gross Production Value (constant 2014-2016 thousand US$)","1000 USD",1997,12074,"Pyrethrum, dried flowers","no"
NA,"World",NA,NA,"Forage products; fibre crops; plants used in perfumery, pharmacy, or for insecticidal, fungicidal or similar purposes; beet, forage plant and flower seeds; natural rubber; living plants, cut flowers and flower buds; unmanufactured tobacco; other raw vegetable materials","Gross Production Value (constant 2014-2016 thousand US$)","1000 USD",1998,13766,"Pyrethrum, dried flowers","no"
NA,"World",NA,NA,"Forage products; fibre crops; plants used in perfumery, pharmacy, or for insecticidal, fungicidal or similar purposes; beet, forage plant and flower seeds; natural rubber; living plants, cut flowers and flower buds; unmanufactured tobacco; other raw vegetable materials","Gross Production Value (constant 2014-2016 thousand US$)","1000 USD",1999,19101,"Pyrethrum, dried flowers","no"
NA,"World",NA,NA,"Forage products; fibre crops; plants used in perfumery, pharmacy, or for insecticidal, fungicidal or similar purposes; beet, forage plant and flower seeds; natural rubber; living plants, cut flowers and flower buds; unmanufactured tobacco; other raw vegetable materials","Gross Production Value (constant 2014-2016 thousand US$)","1000 USD",2000,15393,"Pyrethrum, dried flowers","no"
NA,"World",NA,NA,"Forage products; fibre crops; plants used in perfumery, pharmacy, or for insecticidal, fungicidal or similar purposes; beet, forage plant and flower seeds; natural rubber; living plants, cut flowers and flower buds; unmanufactured tobacco; other raw vegetable materials","Gross Production Value (constant 2014-2016 thousand US$)","1000 USD",2001,15395,"Pyrethrum, dried flowers","no"
NA,"World",NA,NA,"Forage products; fibre crops; plants used in perfumery, pharmacy, or for insecticidal, fungicidal or similar purposes; beet, forage plant and flower seeds; natural rubber; living plants, cut flowers and flower buds; unmanufactured tobacco; other raw vegetable materials","Gross Production Value (constant 2014-2016 thousand US$)","1000 USD",2002,15407,"Pyrethrum, dried flowers","no"
NA,"World",NA,NA,"Forage products; fibre crops; plants used in perfumery, pharmacy, or for insecticidal, fungicidal or similar purposes; beet, forage plant and flower seeds; natural rubber; living plants, cut flowers and flower buds; unmanufactured tobacco; other raw vegetable materials","Gross Production Value (constant 2014-2016 thousand US$)","1000 USD",2003,15407,"Pyrethrum, dried flowers","no"
NA,"World",NA,NA,"Forage products; fibre crops; plants used in perfumery, pharmacy, or for insecticidal, fungicidal or similar purposes; beet, forage plant and flower seeds; natural rubber; living plants, cut flowers and flower buds; unmanufactured tobacco; other raw vegetable materials","Gross Production Value (constant 2014-2016 thousand US$)","1000 USD",2004,15420,"Pyrethrum, dried flowers","no"
NA,"World",NA,NA,"Forage products; fibre crops; plants used in perfumery, pharmacy, or for insecticidal, fungicidal or similar purposes; beet, forage plant and flower seeds; natural rubber; living plants, cut flowers and flower buds; unmanufactured tobacco; other raw vegetable materials","Gross Production Value (constant 2014-2016 thousand US$)","1000 USD",2005,15420,"Pyrethrum, dried flowers","no"
NA,"World",NA,NA,"Forage products; fibre crops; plants used in perfumery, pharmacy, or for insecticidal, fungicidal or similar purposes; beet, forage plant and flower seeds; natural rubber; living plants, cut flowers and flower buds; unmanufactured tobacco; other raw vegetable materials","Gross Production Value (constant 2014-2016 thousand US$)","1000 USD",2006,15433,"Pyrethrum, dried flowers","no"
NA,"World",NA,NA,"Forage products; fibre crops; plants used in perfumery, pharmacy, or for insecticidal, fungicidal or similar purposes; beet, forage plant and flower seeds; natural rubber; living plants, cut flowers and flower buds; unmanufactured tobacco; other raw vegetable materials","Gross Production Value (constant 2014-2016 thousand US$)","1000 USD",2007,1164,"Pyrethrum, dried flowers","no"
NA,"World",NA,NA,"Forage products; fibre crops; plants used in perfumery, pharmacy, or for insecticidal, fungicidal or similar purposes; beet, forage plant and flower seeds; natural rubber; living plants, cut flowers and flower buds; unmanufactured tobacco; other raw vegetable materials","Gross Production Value (constant 2014-2016 thousand US$)","1000 USD",2008,2007,"Pyrethrum, dried flowers","no"
NA,"World",NA,NA,"Forage products; fibre crops; plants used in perfumery, pharmacy, or for insecticidal, fungicidal or similar purposes; beet, forage plant and flower seeds; natural rubber; living plants, cut flowers and flower buds; unmanufactured tobacco; other raw vegetable materials","Gross Production Value (constant 2014-2016 thousand US$)","1000 USD",2009,1912,"Pyrethrum, dried flowers","no"
NA,"World",NA,NA,"Forage products; fibre crops; plants used in perfumery, pharmacy, or for insecticidal, fungicidal or similar purposes; beet, forage plant and flower seeds; natural rubber; living plants, cut flowers and flower buds; unmanufactured tobacco; other raw vegetable materials","Gross Production Value (constant 2014-2016 thousand US$)","1000 USD",2010,1369,"Pyrethrum, dried flowers","no"
NA,"World",NA,NA,"Forage products; fibre crops; plants used in perfumery, pharmacy, or for insecticidal, fungicidal or similar purposes; beet, forage plant and flower seeds; natural rubber; living plants, cut flowers and flower buds; unmanufactured tobacco; other raw vegetable materials","Gross Production Value (constant 2014-2016 thousand US$)","1000 USD",2011,1469,"Pyrethrum, dried flowers","no"
NA,"World",NA,NA,"Forage products; fibre crops; plants used in perfumery, pharmacy, or for insecticidal, fungicidal or similar purposes; beet, forage plant and flower seeds; natural rubber; living plants, cut flowers and flower buds; unmanufactured tobacco; other raw vegetable materials","Gross Production Value (constant 2014-2016 thousand US$)","1000 USD",2012,1398,"Pyrethrum, dried flowers","no"
NA,"World",NA,NA,"Forage products; fibre crops; plants used in perfumery, pharmacy, or for insecticidal, fungicidal or similar purposes; beet, forage plant and flower seeds; natural rubber; living plants, cut flowers and flower buds; unmanufactured tobacco; other raw vegetable materials","Gross Production Value (constant 2014-2016 thousand US$)","1000 USD",2013,1400,"Pyrethrum, dried flowers","no"
NA,"World",NA,NA,"Forage products; fibre crops; plants used in perfumery, pharmacy, or for insecticidal, fungicidal or similar purposes; beet, forage plant and flower seeds; natural rubber; living plants, cut flowers and flower buds; unmanufactured tobacco; other raw vegetable materials","Gross Production Value (constant 2014-2016 thousand US$)","1000 USD",2014,1409,"Pyrethrum, dried flowers","no"
NA,"World",NA,NA,"Forage products; fibre crops; plants used in perfumery, pharmacy, or for insecticidal, fungicidal or similar purposes; beet, forage plant and flower seeds; natural rubber; living plants, cut flowers and flower buds; unmanufactured tobacco; other raw vegetable materials","Gross Production Value (constant 2014-2016 thousand US$)","1000 USD",2015,1320,"Pyrethrum, dried flowers","no"
NA,"World",NA,NA,"Forage products; fibre crops; plants used in perfumery, pharmacy, or for insecticidal, fungicidal or similar purposes; beet, forage plant and flower seeds; natural rubber; living plants, cut flowers and flower buds; unmanufactured tobacco; other raw vegetable materials","Gross Production Value (constant 2014-2016 thousand US$)","1000 USD",2016,1209,"Pyrethrum, dried flowers","no"
NA,"World",NA,NA,"Forage products; fibre crops; plants used in perfumery, pharmacy, or for insecticidal, fungicidal or similar purposes; beet, forage plant and flower seeds; natural rubber; living plants, cut flowers and flower buds; unmanufactured tobacco; other raw vegetable materials","Gross Production Value (constant 2014-2016 thousand US$)","1000 USD",2017,1812,"Pyrethrum, dried flowers","no"
NA,"World",NA,NA,"Forage products; fibre crops; plants used in perfumery, pharmacy, or for insecticidal, fungicidal or similar purposes; beet, forage plant and flower seeds; natural rubber; living plants, cut flowers and flower buds; unmanufactured tobacco; other raw vegetable materials","Gross Production Value (constant 2014-2016 thousand US$)","1000 USD",2018,1259,"Pyrethrum, dried flowers","no"
NA,"World",NA,NA,"Forage products; fibre crops; plants used in perfumery, pharmacy, or for insecticidal, fungicidal or similar purposes; beet, forage plant and flower seeds; natural rubber; living plants, cut flowers and flower buds; unmanufactured tobacco; other raw vegetable materials","Gross Production Value (constant 2014-2016 thousand US$)","1000 USD",2019,1696,"Pyrethrum, dried flowers","no"
NA,"World",NA,NA,"Forage products; fibre crops; plants used in perfumery, pharmacy, or for insecticidal, fungicidal or similar purposes; beet, forage plant and flower seeds; natural rubber; living plants, cut flowers and flower buds; unmanufactured tobacco; other raw vegetable materials","Gross Production Value (constant 2014-2016 thousand US$)","1000 USD",2020,1332,"Pyrethrum, dried flowers","no"
NA,"World",NA,NA,"Forage products; fibre crops; plants used in perfumery, pharmacy, or for insecticidal, fungicidal or similar purposes; beet, forage plant and flower seeds; natural rubber; living plants, cut flowers and flower buds; unmanufactured tobacco; other raw vegetable materials","Gross Production Value (constant 2014-2016 thousand US$)","1000 USD",2021,1774,"Pyrethrum, dried flowers","no"
NA,"World",NA,NA,"Forage products; fibre crops; plants used in perfumery, pharmacy, or for insecticidal, fungicidal or similar purposes; beet, forage plant and flower seeds; natural rubber; living plants, cut flowers and flower buds; unmanufactured tobacco; other raw vegetable materials","Gross Production Value (constant 2014-2016 thousand US$)","1000 USD",2022,2390,"Pyrethrum, dried flowers","no"
NA,"World",NA,NA,"Forage products; fibre crops; plants used in perfumery, pharmacy, or for insecticidal, fungicidal or similar purposes; beet, forage plant and flower seeds; natural rubber; living plants, cut flowers and flower buds; unmanufactured tobacco; other raw vegetable materials","Gross Production Value (constant 2014-2016 thousand US$)","1000 USD",2023,4077,"Pyrethrum, dried flowers","no"
NA,"World",NA,NA,"Fruits and nuts","Gross Production Value (constant 2014-2016 thousand I$)","1000 Int$",1992,159764,"Quinces","no"
NA,"World",NA,NA,"Fruits and nuts","Gross Production Value (constant 2014-2016 thousand I$)","1000 Int$",1993,173333,"Quinces","no"
NA,"World",NA,NA,"Fruits and nuts","Gross Production Value (constant 2014-2016 thousand I$)","1000 Int$",1994,186228,"Quinces","no"
NA,"World",NA,NA,"Fruits and nuts","Gross Production Value (constant 2014-2016 thousand I$)","1000 Int$",1995,178462,"Quinces","no"
NA,"World",NA,NA,"Fruits and nuts","Gross Production Value (constant 2014-2016 thousand I$)","1000 Int$",1996,197121,"Quinces","no"
NA,"World",NA,NA,"Fruits and nuts","Gross Production Value (constant 2014-2016 thousand I$)","1000 Int$",1997,196792,"Quinces","no"
NA,"World",NA,NA,"Fruits and nuts","Gross Production Value (constant 2014-2016 thousand I$)","1000 Int$",1998,216180,"Quinces","no"
NA,"World",NA,NA,"Fruits and nuts","Gross Production Value (constant 2014-2016 thousand I$)","1000 Int$",1999,225743,"Quinces","no"
NA,"World",NA,NA,"Fruits and nuts","Gross Production Value (constant 2014-2016 thousand I$)","1000 Int$",2000,233676,"Quinces","no"
NA,"World",NA,NA,"Fruits and nuts","Gross Production Value (constant 2014-2016 thousand I$)","1000 Int$",2001,237759,"Quinces","no"
NA,"World",NA,NA,"Fruits and nuts","Gross Production Value (constant 2014-2016 thousand I$)","1000 Int$",2002,242076,"Quinces","no"
NA,"World",NA,NA,"Fruits and nuts","Gross Production Value (constant 2014-2016 thousand I$)","1000 Int$",2003,251118,"Quinces","no"
NA,"World",NA,NA,"Fruits and nuts","Gross Production Value (constant 2014-2016 thousand I$)","1000 Int$",2004,235475,"Quinces","no"
NA,"World",NA,NA,"Fruits and nuts","Gross Production Value (constant 2014-2016 thousand I$)","1000 Int$",2005,258255,"Quinces","no"
NA,"World",NA,NA,"Fruits and nuts","Gross Production Value (constant 2014-2016 thousand I$)","1000 Int$",2006,255338,"Quinces","no"
NA,"World",NA,NA,"Fruits and nuts","Gross Production Value (constant 2014-2016 thousand I$)","1000 Int$",2007,267854,"Quinces","no"
NA,"World",NA,NA,"Fruits and nuts","Gross Production Value (constant 2014-2016 thousand I$)","1000 Int$",2008,262790,"Quinces","no"
NA,"World",NA,NA,"Fruits and nuts","Gross Production Value (constant 2014-2016 thousand I$)","1000 Int$",2009,280241,"Quinces","no"
NA,"World",NA,NA,"Fruits and nuts","Gross Production Value (constant 2014-2016 thousand I$)","1000 Int$",2010,293859,"Quinces","no"
NA,"World",NA,NA,"Fruits and nuts","Gross Production Value (constant 2014-2016 thousand I$)","1000 Int$",2011,312604,"Quinces","no"
NA,"World",NA,NA,"Fruits and nuts","Gross Production Value (constant 2014-2016 thousand I$)","1000 Int$",2012,329294,"Quinces","no"
NA,"World",NA,NA,"Fruits and nuts","Gross Production Value (constant 2014-2016 thousand I$)","1000 Int$",2013,353814,"Quinces","no"
NA,"World",NA,NA,"Fruits and nuts","Gross Production Value (constant 2014-2016 thousand I$)","1000 Int$",2014,344555,"Quinces","no"
NA,"World",NA,NA,"Fruits and nuts","Gross Production Value (constant 2014-2016 thousand I$)","1000 Int$",2015,367869,"Quinces","no"
NA,"World",NA,NA,"Fruits and nuts","Gross Production Value (constant 2014-2016 thousand I$)","1000 Int$",2016,354928,"Quinces","no"
NA,"World",NA,NA,"Fruits and nuts","Gross Production Value (constant 2014-2016 thousand I$)","1000 Int$",2017,383183,"Quinces","no"
NA,"World",NA,NA,"Fruits and nuts","Gross Production Value (constant 2014-2016 thousand I$)","1000 Int$",2018,363029,"Quinces","no"
NA,"World",NA,NA,"Fruits and nuts","Gross Production Value (constant 2014-2016 thousand I$)","1000 Int$",2019,361671,"Quinces","no"
NA,"World",NA,NA,"Fruits and nuts","Gross Production Value (constant 2014-2016 thousand I$)","1000 Int$",2020,382424,"Quinces","no"
NA,"World",NA,NA,"Fruits and nuts","Gross Production Value (constant 2014-2016 thousand I$)","1000 Int$",2021,383408,"Quinces","no"
NA,"World",NA,NA,"Fruits and nuts","Gross Production Value (constant 2014-2016 thousand I$)","1000 Int$",2022,383011,"Quinces","no"
NA,"World",NA,NA,"Fruits and nuts","Gross Production Value (constant 2014-2016 thousand I$)","1000 Int$",2023,375661,"Quinces","no"
NA,"World",NA,NA,"Fruits and nuts","Gross Production Value (constant 2014-2016 thousand US$)","1000 USD",1992,158983,"Quinces","no"
NA,"World",NA,NA,"Fruits and nuts","Gross Production Value (constant 2014-2016 thousand US$)","1000 USD",1993,176186,"Quinces","no"
NA,"World",NA,NA,"Fruits and nuts","Gross Production Value (constant 2014-2016 thousand US$)","1000 USD",1994,198376,"Quinces","no"
NA,"World",NA,NA,"Fruits and nuts","Gross Production Value (constant 2014-2016 thousand US$)","1000 USD",1995,192878,"Quinces","no"
NA,"World",NA,NA,"Fruits and nuts","Gross Production Value (constant 2014-2016 thousand US$)","1000 USD",1996,208208,"Quinces","no"
NA,"World",NA,NA,"Fruits and nuts","Gross Production Value (constant 2014-2016 thousand US$)","1000 USD",1997,206433,"Quinces","no"
NA,"World",NA,NA,"Fruits and nuts","Gross Production Value (constant 2014-2016 thousand US$)","1000 USD",1998,230738,"Quinces","no"
NA,"World",NA,NA,"Fruits and nuts","Gross Production Value (constant 2014-2016 thousand US$)","1000 USD",1999,247937,"Quinces","no"
NA,"World",NA,NA,"Fruits and nuts","Gross Production Value (constant 2014-2016 thousand US$)","1000 USD",2000,255205,"Quinces","no"
NA,"World",NA,NA,"Fruits and nuts","Gross Production Value (constant 2014-2016 thousand US$)","1000 USD",2001,259948,"Quinces","no"
NA,"World",NA,NA,"Fruits and nuts","Gross Production Value (constant 2014-2016 thousand US$)","1000 USD",2002,265514,"Quinces","no"
NA,"World",NA,NA,"Fruits and nuts","Gross Production Value (constant 2014-2016 thousand US$)","1000 USD",2003,274080,"Quinces","no"
NA,"World",NA,NA,"Fruits and nuts","Gross Production Value (constant 2014-2016 thousand US$)","1000 USD",2004,254998,"Quinces","no"
NA,"World",NA,NA,"Fruits and nuts","Gross Production Value (constant 2014-2016 thousand US$)","1000 USD",2005,277954,"Quinces","no"
NA,"World",NA,NA,"Fruits and nuts","Gross Production Value (constant 2014-2016 thousand US$)","1000 USD",2006,272529,"Quinces","no"
NA,"World",NA,NA,"Fruits and nuts","Gross Production Value (constant 2014-2016 thousand US$)","1000 USD",2007,293903,"Quinces","no"
NA,"World",NA,NA,"Fruits and nuts","Gross Production Value (constant 2014-2016 thousand US$)","1000 USD",2008,281767,"Quinces","no"
NA,"World",NA,NA,"Fruits and nuts","Gross Production Value (constant 2014-2016 thousand US$)","1000 USD",2009,296832,"Quinces","no"
NA,"World",NA,NA,"Fruits and nuts","Gross Production Value (constant 2014-2016 thousand US$)","1000 USD",2010,310515,"Quinces","no"
NA,"World",NA,NA,"Fruits and nuts","Gross Production Value (constant 2014-2016 thousand US$)","1000 USD",2011,319917,"Quinces","no"
NA,"World",NA,NA,"Fruits and nuts","Gross Production Value (constant 2014-2016 thousand US$)","1000 USD",2012,336159,"Quinces","no"
NA,"World",NA,NA,"Fruits and nuts","Gross Production Value (constant 2014-2016 thousand US$)","1000 USD",2013,366395,"Quinces","no"
NA,"World",NA,NA,"Fruits and nuts","Gross Production Value (constant 2014-2016 thousand US$)","1000 USD",2014,358935,"Quinces","no"
NA,"World",NA,NA,"Fruits and nuts","Gross Production Value (constant 2014-2016 thousand US$)","1000 USD",2015,383506,"Quinces","no"
NA,"World",NA,NA,"Fruits and nuts","Gross Production Value (constant 2014-2016 thousand US$)","1000 USD",2016,366571,"Quinces","no"
NA,"World",NA,NA,"Fruits and nuts","Gross Production Value (constant 2014-2016 thousand US$)","1000 USD",2017,403788,"Quinces","no"
NA,"World",NA,NA,"Fruits and nuts","Gross Production Value (constant 2014-2016 thousand US$)","1000 USD",2018,400373,"Quinces","no"
NA,"World",NA,NA,"Fruits and nuts","Gross Production Value (constant 2014-2016 thousand US$)","1000 USD",2019,396538,"Quinces","no"
NA,"World",NA,NA,"Fruits and nuts","Gross Production Value (constant 2014-2016 thousand US$)","1000 USD",2020,410331,"Quinces","no"
NA,"World",NA,NA,"Fruits and nuts","Gross Production Value (constant 2014-2016 thousand US$)","1000 USD",2021,414385,"Quinces","no"
NA,"World",NA,NA,"Fruits and nuts","Gross Production Value (constant 2014-2016 thousand US$)","1000 USD",2022,417777,"Quinces","no"
NA,"World",NA,NA,"Fruits and nuts","Gross Production Value (constant 2014-2016 thousand US$)","1000 USD",2023,407502,"Quinces","no"
NA,"World",NA,NA,"Cereals","Gross Production Value (constant 2014-2016 thousand I$)","1000 Int$",1992,39739,"Quinoa","no"
NA,"World",NA,NA,"Cereals","Gross Production Value (constant 2014-2016 thousand I$)","1000 Int$",1993,64047,"Quinoa","no"
NA,"World",NA,NA,"Cereals","Gross Production Value (constant 2014-2016 thousand I$)","1000 Int$",1994,63484,"Quinoa","no"
NA,"World",NA,NA,"Cereals","Gross Production Value (constant 2014-2016 thousand I$)","1000 Int$",1995,57457,"Quinoa","no"
NA,"World",NA,NA,"Cereals","Gross Production Value (constant 2014-2016 thousand I$)","1000 Int$",1996,69870,"Quinoa","no"
NA,"World",NA,NA,"Cereals","Gross Production Value (constant 2014-2016 thousand I$)","1000 Int$",1997,87693,"Quinoa","no"
NA,"World",NA,NA,"Cereals","Gross Production Value (constant 2014-2016 thousand I$)","1000 Int$",1998,86025,"Quinoa","no"
NA,"World",NA,NA,"Cereals","Gross Production Value (constant 2014-2016 thousand I$)","1000 Int$",1999,90289,"Quinoa","no"
NA,"World",NA,NA,"Cereals","Gross Production Value (constant 2014-2016 thousand I$)","1000 Int$",2000,91642,"Quinoa","no"
NA,"World",NA,NA,"Cereals","Gross Production Value (constant 2014-2016 thousand I$)","1000 Int$",2001,79905,"Quinoa","no"
NA,"World",NA,NA,"Cereals","Gross Production Value (constant 2014-2016 thousand I$)","1000 Int$",2002,95508,"Quinoa","no"
NA,"World",NA,NA,"Cereals","Gross Production Value (constant 2014-2016 thousand I$)","1000 Int$",2003,96717,"Quinoa","no"
NA,"World",NA,NA,"Cereals","Gross Production Value (constant 2014-2016 thousand I$)","1000 Int$",2004,91120,"Quinoa","no"
NA,"World",NA,NA,"Cereals","Gross Production Value (constant 2014-2016 thousand I$)","1000 Int$",2005,101772,"Quinoa","no"
NA,"World",NA,NA,"Cereals","Gross Production Value (constant 2014-2016 thousand I$)","1000 Int$",2006,100934,"Quinoa","no"
NA,"World",NA,NA,"Cereals","Gross Production Value (constant 2014-2016 thousand I$)","1000 Int$",2007,102942,"Quinoa","no"
NA,"World",NA,NA,"Cereals","Gross Production Value (constant 2014-2016 thousand I$)","1000 Int$",2008,100612,"Quinoa","no"
NA,"World",NA,NA,"Cereals","Gross Production Value (constant 2014-2016 thousand I$)","1000 Int$",2009,129478,"Quinoa","no"
NA,"World",NA,NA,"Cereals","Gross Production Value (constant 2014-2016 thousand I$)","1000 Int$",2010,138677,"Quinoa","no"
NA,"World",NA,NA,"Cereals","Gross Production Value (constant 2014-2016 thousand I$)","1000 Int$",2011,146621,"Quinoa","no"
NA,"World",NA,NA,"Cereals","Gross Production Value (constant 2014-2016 thousand I$)","1000 Int$",2012,169628,"Quinoa","no"
NA,"World",NA,NA,"Cereals","Gross Production Value (constant 2014-2016 thousand I$)","1000 Int$",2013,204994,"Quinoa","no"
NA,"World",NA,NA,"Cereals","Gross Production Value (constant 2014-2016 thousand I$)","1000 Int$",2014,324155,"Quinoa","no"
NA,"World",NA,NA,"Cereals","Gross Production Value (constant 2014-2016 thousand I$)","1000 Int$",2015,337520,"Quinoa","no"
NA,"World",NA,NA,"Cereals","Gross Production Value (constant 2014-2016 thousand I$)","1000 Int$",2016,276645,"Quinoa","no"
NA,"World",NA,NA,"Cereals","Gross Production Value (constant 2014-2016 thousand I$)","1000 Int$",2017,255523,"Quinoa","no"
NA,"World",NA,NA,"Cereals","Gross Production Value (constant 2014-2016 thousand I$)","1000 Int$",2018,278164,"Quinoa","no"
NA,"World",NA,NA,"Cereals","Gross Production Value (constant 2014-2016 thousand I$)","1000 Int$",2019,280457,"Quinoa","no"
NA,"World",NA,NA,"Cereals","Gross Production Value (constant 2014-2016 thousand I$)","1000 Int$",2020,305408,"Quinoa","no"
NA,"World",NA,NA,"Cereals","Gross Production Value (constant 2014-2016 thousand I$)","1000 Int$",2021,274903,"Quinoa","no"
NA,"World",NA,NA,"Cereals","Gross Production Value (constant 2014-2016 thousand I$)","1000 Int$",2022,278310,"Quinoa","no"
NA,"World",NA,NA,"Cereals","Gross Production Value (constant 2014-2016 thousand I$)","1000 Int$",2023,195472,"Quinoa","no"
NA,"World",NA,NA,"Cereals","Gross Production Value (constant 2014-2016 thousand US$)","1000 USD",1992,41440,"Quinoa","no"
NA,"World",NA,NA,"Cereals","Gross Production Value (constant 2014-2016 thousand US$)","1000 USD",1993,67284,"Quinoa","no"
NA,"World",NA,NA,"Cereals","Gross Production Value (constant 2014-2016 thousand US$)","1000 USD",1994,66760,"Quinoa","no"
NA,"World",NA,NA,"Cereals","Gross Production Value (constant 2014-2016 thousand US$)","1000 USD",1995,60392,"Quinoa","no"
NA,"World",NA,NA,"Cereals","Gross Production Value (constant 2014-2016 thousand US$)","1000 USD",1996,73414,"Quinoa","no"
NA,"World",NA,NA,"Cereals","Gross Production Value (constant 2014-2016 thousand US$)","1000 USD",1997,92312,"Quinoa","no"
NA,"World",NA,NA,"Cereals","Gross Production Value (constant 2014-2016 thousand US$)","1000 USD",1998,90190,"Quinoa","no"
NA,"World",NA,NA,"Cereals","Gross Production Value (constant 2014-2016 thousand US$)","1000 USD",1999,94694,"Quinoa","no"
NA,"World",NA,NA,"Cereals","Gross Production Value (constant 2014-2016 thousand US$)","1000 USD",2000,96272,"Quinoa","no"
NA,"World",NA,NA,"Cereals","Gross Production Value (constant 2014-2016 thousand US$)","1000 USD",2001,84087,"Quinoa","no"
NA,"World",NA,NA,"Cereals","Gross Production Value (constant 2014-2016 thousand US$)","1000 USD",2002,100521,"Quinoa","no"
NA,"World",NA,NA,"Cereals","Gross Production Value (constant 2014-2016 thousand US$)","1000 USD",2003,101685,"Quinoa","no"
NA,"World",NA,NA,"Cereals","Gross Production Value (constant 2014-2016 thousand US$)","1000 USD",2004,95735,"Quinoa","no"
NA,"World",NA,NA,"Cereals","Gross Production Value (constant 2014-2016 thousand US$)","1000 USD",2005,106939,"Quinoa","no"
NA,"World",NA,NA,"Cereals","Gross Production Value (constant 2014-2016 thousand US$)","1000 USD",2006,106068,"Quinoa","no"
NA,"World",NA,NA,"Cereals","Gross Production Value (constant 2014-2016 thousand US$)","1000 USD",2007,108162,"Quinoa","no"
NA,"World",NA,NA,"Cereals","Gross Production Value (constant 2014-2016 thousand US$)","1000 USD",2008,105691,"Quinoa","no"
NA,"World",NA,NA,"Cereals","Gross Production Value (constant 2014-2016 thousand US$)","1000 USD",2009,136083,"Quinoa","no"
NA,"World",NA,NA,"Cereals","Gross Production Value (constant 2014-2016 thousand US$)","1000 USD",2010,145264,"Quinoa","no"
NA,"World",NA,NA,"Cereals","Gross Production Value (constant 2014-2016 thousand US$)","1000 USD",2011,153536,"Quinoa","no"
NA,"World",NA,NA,"Cereals","Gross Production Value (constant 2014-2016 thousand US$)","1000 USD",2012,177694,"Quinoa","no"
NA,"World",NA,NA,"Cereals","Gross Production Value (constant 2014-2016 thousand US$)","1000 USD",2013,214901,"Quinoa","no"
NA,"World",NA,NA,"Cereals","Gross Production Value (constant 2014-2016 thousand US$)","1000 USD",2014,339689,"Quinoa","no"
NA,"World",NA,NA,"Cereals","Gross Production Value (constant 2014-2016 thousand US$)","1000 USD",2015,349308,"Quinoa","no"
NA,"World",NA,NA,"Cereals","Gross Production Value (constant 2014-2016 thousand US$)","1000 USD",2016,289599,"Quinoa","no"
NA,"World",NA,NA,"Cereals","Gross Production Value (constant 2014-2016 thousand US$)","1000 USD",2017,268700,"Quinoa","no"
NA,"World",NA,NA,"Cereals","Gross Production Value (constant 2014-2016 thousand US$)","1000 USD",2018,292119,"Quinoa","no"
NA,"World",NA,NA,"Cereals","Gross Production Value (constant 2014-2016 thousand US$)","1000 USD",2019,293320,"Quinoa","no"
NA,"World",NA,NA,"Cereals","Gross Production Value (constant 2014-2016 thousand US$)","1000 USD",2020,319206,"Quinoa","no"
NA,"World",NA,NA,"Cereals","Gross Production Value (constant 2014-2016 thousand US$)","1000 USD",2021,288777,"Quinoa","no"
NA,"World",NA,NA,"Cereals","Gross Production Value (constant 2014-2016 thousand US$)","1000 USD",2022,292656,"Quinoa","no"
NA,"World",NA,NA,"Cereals","Gross Production Value (constant 2014-2016 thousand US$)","1000 USD",2023,205752,"Quinoa","no"
NA,"World",NA,NA,"Forage products; fibre crops; plants used in perfumery, pharmacy, or for insecticidal, fungicidal or similar purposes; beet, forage plant and flower seeds; natural rubber; living plants, cut flowers and flower buds; unmanufactured tobacco; other raw vegetable materials","Gross Production Value (constant 2014-2016 thousand I$)","1000 Int$",1992,39681,"Ramie or retted","no"
NA,"World",NA,NA,"Forage products; fibre crops; plants used in perfumery, pharmacy, or for insecticidal, fungicidal or similar purposes; beet, forage plant and flower seeds; natural rubber; living plants, cut flowers and flower buds; unmanufactured tobacco; other raw vegetable materials","Gross Production Value (constant 2014-2016 thousand I$)","1000 Int$",1993,43060,"Ramie or retted","no"
NA,"World",NA,NA,"Forage products; fibre crops; plants used in perfumery, pharmacy, or for insecticidal, fungicidal or similar purposes; beet, forage plant and flower seeds; natural rubber; living plants, cut flowers and flower buds; unmanufactured tobacco; other raw vegetable materials","Gross Production Value (constant 2014-2016 thousand I$)","1000 Int$",1994,68884,"Ramie or retted","no"
NA,"World",NA,NA,"Forage products; fibre crops; plants used in perfumery, pharmacy, or for insecticidal, fungicidal or similar purposes; beet, forage plant and flower seeds; natural rubber; living plants, cut flowers and flower buds; unmanufactured tobacco; other raw vegetable materials","Gross Production Value (constant 2014-2016 thousand I$)","1000 Int$",1995,85897,"Ramie or retted","no"
NA,"World",NA,NA,"Forage products; fibre crops; plants used in perfumery, pharmacy, or for insecticidal, fungicidal or similar purposes; beet, forage plant and flower seeds; natural rubber; living plants, cut flowers and flower buds; unmanufactured tobacco; other raw vegetable materials","Gross Production Value (constant 2014-2016 thousand I$)","1000 Int$",1996,82874,"Ramie or retted","no"
NA,"World",NA,NA,"Forage products; fibre crops; plants used in perfumery, pharmacy, or for insecticidal, fungicidal or similar purposes; beet, forage plant and flower seeds; natural rubber; living plants, cut flowers and flower buds; unmanufactured tobacco; other raw vegetable materials","Gross Production Value (constant 2014-2016 thousand I$)","1000 Int$",1997,80035,"Ramie or retted","no"
NA,"World",NA,NA,"Forage products; fibre crops; plants used in perfumery, pharmacy, or for insecticidal, fungicidal or similar purposes; beet, forage plant and flower seeds; natural rubber; living plants, cut flowers and flower buds; unmanufactured tobacco; other raw vegetable materials","Gross Production Value (constant 2014-2016 thousand I$)","1000 Int$",1998,70850,"Ramie or retted","no"
NA,"World",NA,NA,"Forage products; fibre crops; plants used in perfumery, pharmacy, or for insecticidal, fungicidal or similar purposes; beet, forage plant and flower seeds; natural rubber; living plants, cut flowers and flower buds; unmanufactured tobacco; other raw vegetable materials","Gross Production Value (constant 2014-2016 thousand I$)","1000 Int$",1999,69227,"Ramie or retted","no"
NA,"World",NA,NA,"Forage products; fibre crops; plants used in perfumery, pharmacy, or for insecticidal, fungicidal or similar purposes; beet, forage plant and flower seeds; natural rubber; living plants, cut flowers and flower buds; unmanufactured tobacco; other raw vegetable materials","Gross Production Value (constant 2014-2016 thousand I$)","1000 Int$",2000,92413,"Ramie or retted","no"
NA,"World",NA,NA,"Forage products; fibre crops; plants used in perfumery, pharmacy, or for insecticidal, fungicidal or similar purposes; beet, forage plant and flower seeds; natural rubber; living plants, cut flowers and flower buds; unmanufactured tobacco; other raw vegetable materials","Gross Production Value (constant 2014-2016 thousand I$)","1000 Int$",2001,112763,"Ramie or retted","no"
NA,"World",NA,NA,"Forage products; fibre crops; plants used in perfumery, pharmacy, or for insecticidal, fungicidal or similar purposes; beet, forage plant and flower seeds; natural rubber; living plants, cut flowers and flower buds; unmanufactured tobacco; other raw vegetable materials","Gross Production Value (constant 2014-2016 thousand I$)","1000 Int$",2002,136577,"Ramie or retted","no"
NA,"World",NA,NA,"Forage products; fibre crops; plants used in perfumery, pharmacy, or for insecticidal, fungicidal or similar purposes; beet, forage plant and flower seeds; natural rubber; living plants, cut flowers and flower buds; unmanufactured tobacco; other raw vegetable materials","Gross Production Value (constant 2014-2016 thousand I$)","1000 Int$",2003,140334,"Ramie or retted","no"
NA,"World",NA,NA,"Forage products; fibre crops; plants used in perfumery, pharmacy, or for insecticidal, fungicidal or similar purposes; beet, forage plant and flower seeds; natural rubber; living plants, cut flowers and flower buds; unmanufactured tobacco; other raw vegetable materials","Gross Production Value (constant 2014-2016 thousand I$)","1000 Int$",2004,145849,"Ramie or retted","no"
NA,"World",NA,NA,"Forage products; fibre crops; plants used in perfumery, pharmacy, or for insecticidal, fungicidal or similar purposes; beet, forage plant and flower seeds; natural rubber; living plants, cut flowers and flower buds; unmanufactured tobacco; other raw vegetable materials","Gross Production Value (constant 2014-2016 thousand I$)","1000 Int$",2005,158339,"Ramie or retted","no"
NA,"World",NA,NA,"Forage products; fibre crops; plants used in perfumery, pharmacy, or for insecticidal, fungicidal or similar purposes; beet, forage plant and flower seeds; natural rubber; living plants, cut flowers and flower buds; unmanufactured tobacco; other raw vegetable materials","Gross Production Value (constant 2014-2016 thousand I$)","1000 Int$",2006,164233,"Ramie or retted","no"
NA,"World",NA,NA,"Forage products; fibre crops; plants used in perfumery, pharmacy, or for insecticidal, fungicidal or similar purposes; beet, forage plant and flower seeds; natural rubber; living plants, cut flowers and flower buds; unmanufactured tobacco; other raw vegetable materials","Gross Production Value (constant 2014-2016 thousand I$)","1000 Int$",2007,166414,"Ramie or retted","no"
NA,"World",NA,NA,"Forage products; fibre crops; plants used in perfumery, pharmacy, or for insecticidal, fungicidal or similar purposes; beet, forage plant and flower seeds; natural rubber; living plants, cut flowers and flower buds; unmanufactured tobacco; other raw vegetable materials","Gross Production Value (constant 2014-2016 thousand I$)","1000 Int$",2008,143408,"Ramie or retted","no"
NA,"World",NA,NA,"Forage products; fibre crops; plants used in perfumery, pharmacy, or for insecticidal, fungicidal or similar purposes; beet, forage plant and flower seeds; natural rubber; living plants, cut flowers and flower buds; unmanufactured tobacco; other raw vegetable materials","Gross Production Value (constant 2014-2016 thousand I$)","1000 Int$",2009,121242,"Ramie or retted","no"
NA,"World",NA,NA,"Forage products; fibre crops; plants used in perfumery, pharmacy, or for insecticidal, fungicidal or similar purposes; beet, forage plant and flower seeds; natural rubber; living plants, cut flowers and flower buds; unmanufactured tobacco; other raw vegetable materials","Gross Production Value (constant 2014-2016 thousand I$)","1000 Int$",2010,108796,"Ramie or retted","no"
NA,"World",NA,NA,"Forage products; fibre crops; plants used in perfumery, pharmacy, or for insecticidal, fungicidal or similar purposes; beet, forage plant and flower seeds; natural rubber; living plants, cut flowers and flower buds; unmanufactured tobacco; other raw vegetable materials","Gross Production Value (constant 2014-2016 thousand I$)","1000 Int$",2011,91417,"Ramie or retted","no"
NA,"World",NA,NA,"Forage products; fibre crops; plants used in perfumery, pharmacy, or for insecticidal, fungicidal or similar purposes; beet, forage plant and flower seeds; natural rubber; living plants, cut flowers and flower buds; unmanufactured tobacco; other raw vegetable materials","Gross Production Value (constant 2014-2016 thousand I$)","1000 Int$",2012,75323,"Ramie or retted","no"
NA,"World",NA,NA,"Forage products; fibre crops; plants used in perfumery, pharmacy, or for insecticidal, fungicidal or similar purposes; beet, forage plant and flower seeds; natural rubber; living plants, cut flowers and flower buds; unmanufactured tobacco; other raw vegetable materials","Gross Production Value (constant 2014-2016 thousand I$)","1000 Int$",2013,69372,"Ramie or retted","no"
NA,"World",NA,NA,"Forage products; fibre crops; plants used in perfumery, pharmacy, or for insecticidal, fungicidal or similar purposes; beet, forage plant and flower seeds; natural rubber; living plants, cut flowers and flower buds; unmanufactured tobacco; other raw vegetable materials","Gross Production Value (constant 2014-2016 thousand I$)","1000 Int$",2014,67021,"Ramie or retted","no"
NA,"World",NA,NA,"Forage products; fibre crops; plants used in perfumery, pharmacy, or for insecticidal, fungicidal or similar purposes; beet, forage plant and flower seeds; natural rubber; living plants, cut flowers and flower buds; unmanufactured tobacco; other raw vegetable materials","Gross Production Value (constant 2014-2016 thousand I$)","1000 Int$",2015,62842,"Ramie or retted","no"
NA,"World",NA,NA,"Forage products; fibre crops; plants used in perfumery, pharmacy, or for insecticidal, fungicidal or similar purposes; beet, forage plant and flower seeds; natural rubber; living plants, cut flowers and flower buds; unmanufactured tobacco; other raw vegetable materials","Gross Production Value (constant 2014-2016 thousand I$)","1000 Int$",2016,45958,"Ramie or retted","no"
NA,"World",NA,NA,"Forage products; fibre crops; plants used in perfumery, pharmacy, or for insecticidal, fungicidal or similar purposes; beet, forage plant and flower seeds; natural rubber; living plants, cut flowers and flower buds; unmanufactured tobacco; other raw vegetable materials","Gross Production Value (constant 2014-2016 thousand I$)","1000 Int$",2017,30228,"Ramie or retted","no"
NA,"World",NA,NA,"Forage products; fibre crops; plants used in perfumery, pharmacy, or for insecticidal, fungicidal or similar purposes; beet, forage plant and flower seeds; natural rubber; living plants, cut flowers and flower buds; unmanufactured tobacco; other raw vegetable materials","Gross Production Value (constant 2014-2016 thousand I$)","1000 Int$",2018,31964,"Ramie or retted","no"
NA,"World",NA,NA,"Forage products; fibre crops; plants used in perfumery, pharmacy, or for insecticidal, fungicidal or similar purposes; beet, forage plant and flower seeds; natural rubber; living plants, cut flowers and flower buds; unmanufactured tobacco; other raw vegetable materials","Gross Production Value (constant 2014-2016 thousand I$)","1000 Int$",2019,34253,"Ramie or retted","no"
NA,"World",NA,NA,"Forage products; fibre crops; plants used in perfumery, pharmacy, or for insecticidal, fungicidal or similar purposes; beet, forage plant and flower seeds; natural rubber; living plants, cut flowers and flower buds; unmanufactured tobacco; other raw vegetable materials","Gross Production Value (constant 2014-2016 thousand I$)","1000 Int$",2020,35187,"Ramie or retted","no"
NA,"World",NA,NA,"Forage products; fibre crops; plants used in perfumery, pharmacy, or for insecticidal, fungicidal or similar purposes; beet, forage plant and flower seeds; natural rubber; living plants, cut flowers and flower buds; unmanufactured tobacco; other raw vegetable materials","Gross Production Value (constant 2014-2016 thousand I$)","1000 Int$",2021,5721,"Ramie or retted","no"
NA,"World",NA,NA,"Forage products; fibre crops; plants used in perfumery, pharmacy, or for insecticidal, fungicidal or similar purposes; beet, forage plant and flower seeds; natural rubber; living plants, cut flowers and flower buds; unmanufactured tobacco; other raw vegetable materials","Gross Production Value (constant 2014-2016 thousand I$)","1000 Int$",2022,5342,"Ramie or retted","no"
NA,"World",NA,NA,"Forage products; fibre crops; plants used in perfumery, pharmacy, or for insecticidal, fungicidal or similar purposes; beet, forage plant and flower seeds; natural rubber; living plants, cut flowers and flower buds; unmanufactured tobacco; other raw vegetable materials","Gross Production Value (constant 2014-2016 thousand I$)","1000 Int$",2023,5333,"Ramie or retted","no"
NA,"World",NA,NA,"Forage products; fibre crops; plants used in perfumery, pharmacy, or for insecticidal, fungicidal or similar purposes; beet, forage plant and flower seeds; natural rubber; living plants, cut flowers and flower buds; unmanufactured tobacco; other raw vegetable materials","Gross Production Value (constant 2014-2016 thousand US$)","1000 USD",1992,56813,"Ramie or retted","no"
NA,"World",NA,NA,"Forage products; fibre crops; plants used in perfumery, pharmacy, or for insecticidal, fungicidal or similar purposes; beet, forage plant and flower seeds; natural rubber; living plants, cut flowers and flower buds; unmanufactured tobacco; other raw vegetable materials","Gross Production Value (constant 2014-2016 thousand US$)","1000 USD",1993,60661,"Ramie or retted","no"
NA,"World",NA,NA,"Forage products; fibre crops; plants used in perfumery, pharmacy, or for insecticidal, fungicidal or similar purposes; beet, forage plant and flower seeds; natural rubber; living plants, cut flowers and flower buds; unmanufactured tobacco; other raw vegetable materials","Gross Production Value (constant 2014-2016 thousand US$)","1000 USD",1994,99619,"Ramie or retted","no"
NA,"World",NA,NA,"Forage products; fibre crops; plants used in perfumery, pharmacy, or for insecticidal, fungicidal or similar purposes; beet, forage plant and flower seeds; natural rubber; living plants, cut flowers and flower buds; unmanufactured tobacco; other raw vegetable materials","Gross Production Value (constant 2014-2016 thousand US$)","1000 USD",1995,124278,"Ramie or retted","no"
NA,"World",NA,NA,"Forage products; fibre crops; plants used in perfumery, pharmacy, or for insecticidal, fungicidal or similar purposes; beet, forage plant and flower seeds; natural rubber; living plants, cut flowers and flower buds; unmanufactured tobacco; other raw vegetable materials","Gross Production Value (constant 2014-2016 thousand US$)","1000 USD",1996,119126,"Ramie or retted","no"
NA,"World",NA,NA,"Forage products; fibre crops; plants used in perfumery, pharmacy, or for insecticidal, fungicidal or similar purposes; beet, forage plant and flower seeds; natural rubber; living plants, cut flowers and flower buds; unmanufactured tobacco; other raw vegetable materials","Gross Production Value (constant 2014-2016 thousand US$)","1000 USD",1997,115633,"Ramie or retted","no"
NA,"World",NA,NA,"Forage products; fibre crops; plants used in perfumery, pharmacy, or for insecticidal, fungicidal or similar purposes; beet, forage plant and flower seeds; natural rubber; living plants, cut flowers and flower buds; unmanufactured tobacco; other raw vegetable materials","Gross Production Value (constant 2014-2016 thousand US$)","1000 USD",1998,103304,"Ramie or retted","no"
NA,"World",NA,NA,"Forage products; fibre crops; plants used in perfumery, pharmacy, or for insecticidal, fungicidal or similar purposes; beet, forage plant and flower seeds; natural rubber; living plants, cut flowers and flower buds; unmanufactured tobacco; other raw vegetable materials","Gross Production Value (constant 2014-2016 thousand US$)","1000 USD",1999,101342,"Ramie or retted","no"
NA,"World",NA,NA,"Forage products; fibre crops; plants used in perfumery, pharmacy, or for insecticidal, fungicidal or similar purposes; beet, forage plant and flower seeds; natural rubber; living plants, cut flowers and flower buds; unmanufactured tobacco; other raw vegetable materials","Gross Production Value (constant 2014-2016 thousand US$)","1000 USD",2000,134932,"Ramie or retted","no"
NA,"World",NA,NA,"Forage products; fibre crops; plants used in perfumery, pharmacy, or for insecticidal, fungicidal or similar purposes; beet, forage plant and flower seeds; natural rubber; living plants, cut flowers and flower buds; unmanufactured tobacco; other raw vegetable materials","Gross Production Value (constant 2014-2016 thousand US$)","1000 USD",2001,164465,"Ramie or retted","no"
NA,"World",NA,NA,"Forage products; fibre crops; plants used in perfumery, pharmacy, or for insecticidal, fungicidal or similar purposes; beet, forage plant and flower seeds; natural rubber; living plants, cut flowers and flower buds; unmanufactured tobacco; other raw vegetable materials","Gross Production Value (constant 2014-2016 thousand US$)","1000 USD",2002,199006,"Ramie or retted","no"
NA,"World",NA,NA,"Forage products; fibre crops; plants used in perfumery, pharmacy, or for insecticidal, fungicidal or similar purposes; beet, forage plant and flower seeds; natural rubber; living plants, cut flowers and flower buds; unmanufactured tobacco; other raw vegetable materials","Gross Production Value (constant 2014-2016 thousand US$)","1000 USD",2003,204659,"Ramie or retted","no"
NA,"World",NA,NA,"Forage products; fibre crops; plants used in perfumery, pharmacy, or for insecticidal, fungicidal or similar purposes; beet, forage plant and flower seeds; natural rubber; living plants, cut flowers and flower buds; unmanufactured tobacco; other raw vegetable materials","Gross Production Value (constant 2014-2016 thousand US$)","1000 USD",2004,212948,"Ramie or retted","no"
NA,"World",NA,NA,"Forage products; fibre crops; plants used in perfumery, pharmacy, or for insecticidal, fungicidal or similar purposes; beet, forage plant and flower seeds; natural rubber; living plants, cut flowers and flower buds; unmanufactured tobacco; other raw vegetable materials","Gross Production Value (constant 2014-2016 thousand US$)","1000 USD",2005,230821,"Ramie or retted","no"
NA,"World",NA,NA,"Forage products; fibre crops; plants used in perfumery, pharmacy, or for insecticidal, fungicidal or similar purposes; beet, forage plant and flower seeds; natural rubber; living plants, cut flowers and flower buds; unmanufactured tobacco; other raw vegetable materials","Gross Production Value (constant 2014-2016 thousand US$)","1000 USD",2006,239282,"Ramie or retted","no"
NA,"World",NA,NA,"Forage products; fibre crops; plants used in perfumery, pharmacy, or for insecticidal, fungicidal or similar purposes; beet, forage plant and flower seeds; natural rubber; living plants, cut flowers and flower buds; unmanufactured tobacco; other raw vegetable materials","Gross Production Value (constant 2014-2016 thousand US$)","1000 USD",2007,242705,"Ramie or retted","no"
NA,"World",NA,NA,"Forage products; fibre crops; plants used in perfumery, pharmacy, or for insecticidal, fungicidal or similar purposes; beet, forage plant and flower seeds; natural rubber; living plants, cut flowers and flower buds; unmanufactured tobacco; other raw vegetable materials","Gross Production Value (constant 2014-2016 thousand US$)","1000 USD",2008,209585,"Ramie or retted","no"
NA,"World",NA,NA,"Forage products; fibre crops; plants used in perfumery, pharmacy, or for insecticidal, fungicidal or similar purposes; beet, forage plant and flower seeds; natural rubber; living plants, cut flowers and flower buds; unmanufactured tobacco; other raw vegetable materials","Gross Production Value (constant 2014-2016 thousand US$)","1000 USD",2009,177829,"Ramie or retted","no"
NA,"World",NA,NA,"Forage products; fibre crops; plants used in perfumery, pharmacy, or for insecticidal, fungicidal or similar purposes; beet, forage plant and flower seeds; natural rubber; living plants, cut flowers and flower buds; unmanufactured tobacco; other raw vegetable materials","Gross Production Value (constant 2014-2016 thousand US$)","1000 USD",2010,159610,"Ramie or retted","no"
NA,"World",NA,NA,"Forage products; fibre crops; plants used in perfumery, pharmacy, or for insecticidal, fungicidal or similar purposes; beet, forage plant and flower seeds; natural rubber; living plants, cut flowers and flower buds; unmanufactured tobacco; other raw vegetable materials","Gross Production Value (constant 2014-2016 thousand US$)","1000 USD",2011,134417,"Ramie or retted","no"
NA,"World",NA,NA,"Forage products; fibre crops; plants used in perfumery, pharmacy, or for insecticidal, fungicidal or similar purposes; beet, forage plant and flower seeds; natural rubber; living plants, cut flowers and flower buds; unmanufactured tobacco; other raw vegetable materials","Gross Production Value (constant 2014-2016 thousand US$)","1000 USD",2012,111266,"Ramie or retted","no"
NA,"World",NA,NA,"Forage products; fibre crops; plants used in perfumery, pharmacy, or for insecticidal, fungicidal or similar purposes; beet, forage plant and flower seeds; natural rubber; living plants, cut flowers and flower buds; unmanufactured tobacco; other raw vegetable materials","Gross Production Value (constant 2014-2016 thousand US$)","1000 USD",2013,102739,"Ramie or retted","no"
NA,"World",NA,NA,"Forage products; fibre crops; plants used in perfumery, pharmacy, or for insecticidal, fungicidal or similar purposes; beet, forage plant and flower seeds; natural rubber; living plants, cut flowers and flower buds; unmanufactured tobacco; other raw vegetable materials","Gross Production Value (constant 2014-2016 thousand US$)","1000 USD",2014,99612,"Ramie or retted","no"
NA,"World",NA,NA,"Forage products; fibre crops; plants used in perfumery, pharmacy, or for insecticidal, fungicidal or similar purposes; beet, forage plant and flower seeds; natural rubber; living plants, cut flowers and flower buds; unmanufactured tobacco; other raw vegetable materials","Gross Production Value (constant 2014-2016 thousand US$)","1000 USD",2015,93577,"Ramie or retted","no"
NA,"World",NA,NA,"Forage products; fibre crops; plants used in perfumery, pharmacy, or for insecticidal, fungicidal or similar purposes; beet, forage plant and flower seeds; natural rubber; living plants, cut flowers and flower buds; unmanufactured tobacco; other raw vegetable materials","Gross Production Value (constant 2014-2016 thousand US$)","1000 USD",2016,69194,"Ramie or retted","no"
NA,"World",NA,NA,"Forage products; fibre crops; plants used in perfumery, pharmacy, or for insecticidal, fungicidal or similar purposes; beet, forage plant and flower seeds; natural rubber; living plants, cut flowers and flower buds; unmanufactured tobacco; other raw vegetable materials","Gross Production Value (constant 2014-2016 thousand US$)","1000 USD",2017,46525,"Ramie or retted","no"
NA,"World",NA,NA,"Forage products; fibre crops; plants used in perfumery, pharmacy, or for insecticidal, fungicidal or similar purposes; beet, forage plant and flower seeds; natural rubber; living plants, cut flowers and flower buds; unmanufactured tobacco; other raw vegetable materials","Gross Production Value (constant 2014-2016 thousand US$)","1000 USD",2018,49129,"Ramie or retted","no"
NA,"World",NA,NA,"Forage products; fibre crops; plants used in perfumery, pharmacy, or for insecticidal, fungicidal or similar purposes; beet, forage plant and flower seeds; natural rubber; living plants, cut flowers and flower buds; unmanufactured tobacco; other raw vegetable materials","Gross Production Value (constant 2014-2016 thousand US$)","1000 USD",2019,52497,"Ramie or retted","no"
NA,"World",NA,NA,"Forage products; fibre crops; plants used in perfumery, pharmacy, or for insecticidal, fungicidal or similar purposes; beet, forage plant and flower seeds; natural rubber; living plants, cut flowers and flower buds; unmanufactured tobacco; other raw vegetable materials","Gross Production Value (constant 2014-2016 thousand US$)","1000 USD",2020,53793,"Ramie or retted","no"
NA,"World",NA,NA,"Forage products; fibre crops; plants used in perfumery, pharmacy, or for insecticidal, fungicidal or similar purposes; beet, forage plant and flower seeds; natural rubber; living plants, cut flowers and flower buds; unmanufactured tobacco; other raw vegetable materials","Gross Production Value (constant 2014-2016 thousand US$)","1000 USD",2021,11180,"Ramie or retted","no"
NA,"World",NA,NA,"Forage products; fibre crops; plants used in perfumery, pharmacy, or for insecticidal, fungicidal or similar purposes; beet, forage plant and flower seeds; natural rubber; living plants, cut flowers and flower buds; unmanufactured tobacco; other raw vegetable materials","Gross Production Value (constant 2014-2016 thousand US$)","1000 USD",2022,10638,"Ramie or retted","no"
NA,"World",NA,NA,"Forage products; fibre crops; plants used in perfumery, pharmacy, or for insecticidal, fungicidal or similar purposes; beet, forage plant and flower seeds; natural rubber; living plants, cut flowers and flower buds; unmanufactured tobacco; other raw vegetable materials","Gross Production Value (constant 2014-2016 thousand US$)","1000 USD",2023,10615,"Ramie or retted","no"
NA,"World",NA,NA,"Oilseeds and oleaginous fruits","Gross Production Value (constant 2014-2016 thousand I$)","1000 Int$",1992,12491997,"Rape or colza seed","no"
NA,"World",NA,NA,"Oilseeds and oleaginous fruits","Gross Production Value (constant 2014-2016 thousand I$)","1000 Int$",1993,12229064,"Rape or colza seed","no"
NA,"World",NA,NA,"Oilseeds and oleaginous fruits","Gross Production Value (constant 2014-2016 thousand I$)","1000 Int$",1994,13990053,"Rape or colza seed","no"
NA,"World",NA,NA,"Oilseeds and oleaginous fruits","Gross Production Value (constant 2014-2016 thousand I$)","1000 Int$",1995,15905238,"Rape or colza seed","no"
NA,"World",NA,NA,"Oilseeds and oleaginous fruits","Gross Production Value (constant 2014-2016 thousand I$)","1000 Int$",1996,14269650,"Rape or colza seed","no"
NA,"World",NA,NA,"Oilseeds and oleaginous fruits","Gross Production Value (constant 2014-2016 thousand I$)","1000 Int$",1997,16320270,"Rape or colza seed","no"
NA,"World",NA,NA,"Oilseeds and oleaginous fruits","Gross Production Value (constant 2014-2016 thousand I$)","1000 Int$",1998,16383392,"Rape or colza seed","no"
NA,"World",NA,NA,"Oilseeds and oleaginous fruits","Gross Production Value (constant 2014-2016 thousand I$)","1000 Int$",1999,19939289,"Rape or colza seed","no"
NA,"World",NA,NA,"Oilseeds and oleaginous fruits","Gross Production Value (constant 2014-2016 thousand I$)","1000 Int$",2000,18902780,"Rape or colza seed","no"
NA,"World",NA,NA,"Oilseeds and oleaginous fruits","Gross Production Value (constant 2014-2016 thousand I$)","1000 Int$",2001,16914835,"Rape or colza seed","no"
NA,"World",NA,NA,"Oilseeds and oleaginous fruits","Gross Production Value (constant 2014-2016 thousand I$)","1000 Int$",2002,16603706,"Rape or colza seed","no"
NA,"World",NA,NA,"Oilseeds and oleaginous fruits","Gross Production Value (constant 2014-2016 thousand I$)","1000 Int$",2003,16867523,"Rape or colza seed","no"
NA,"World",NA,NA,"Oilseeds and oleaginous fruits","Gross Production Value (constant 2014-2016 thousand I$)","1000 Int$",2004,21835812,"Rape or colza seed","no"
NA,"World",NA,NA,"Oilseeds and oleaginous fruits","Gross Production Value (constant 2014-2016 thousand I$)","1000 Int$",2005,23457077,"Rape or colza seed","no"
NA,"World",NA,NA,"Oilseeds and oleaginous fruits","Gross Production Value (constant 2014-2016 thousand I$)","1000 Int$",2006,22879554,"Rape or colza seed","no"
NA,"World",NA,NA,"Oilseeds and oleaginous fruits","Gross Production Value (constant 2014-2016 thousand I$)","1000 Int$",2007,23778417,"Rape or colza seed","no"
NA,"World",NA,NA,"Oilseeds and oleaginous fruits","Gross Production Value (constant 2014-2016 thousand I$)","1000 Int$",2008,26740593,"Rape or colza seed","no"
NA,"World",NA,NA,"Oilseeds and oleaginous fruits","Gross Production Value (constant 2014-2016 thousand I$)","1000 Int$",2009,29249227,"Rape or colza seed","no"
NA,"World",NA,NA,"Oilseeds and oleaginous fruits","Gross Production Value (constant 2014-2016 thousand I$)","1000 Int$",2010,28145542,"Rape or colza seed","no"
NA,"World",NA,NA,"Oilseeds and oleaginous fruits","Gross Production Value (constant 2014-2016 thousand I$)","1000 Int$",2011,29512499,"Rape or colza seed","no"
NA,"World",NA,NA,"Oilseeds and oleaginous fruits","Gross Production Value (constant 2014-2016 thousand I$)","1000 Int$",2012,29457000,"Rape or colza seed","no"
NA,"World",NA,NA,"Oilseeds and oleaginous fruits","Gross Production Value (constant 2014-2016 thousand I$)","1000 Int$",2013,34403082,"Rape or colza seed","no"
NA,"World",NA,NA,"Oilseeds and oleaginous fruits","Gross Production Value (constant 2014-2016 thousand I$)","1000 Int$",2014,35032382,"Rape or colza seed","no"
NA,"World",NA,NA,"Oilseeds and oleaginous fruits","Gross Production Value (constant 2014-2016 thousand I$)","1000 Int$",2015,33043316,"Rape or colza seed","no"
NA,"World",NA,NA,"Oilseeds and oleaginous fruits","Gross Production Value (constant 2014-2016 thousand I$)","1000 Int$",2016,32086076,"Rape or colza seed","no"
NA,"World",NA,NA,"Oilseeds and oleaginous fruits","Gross Production Value (constant 2014-2016 thousand I$)","1000 Int$",2017,36003757,"Rape or colza seed","no"
NA,"World",NA,NA,"Oilseeds and oleaginous fruits","Gross Production Value (constant 2014-2016 thousand I$)","1000 Int$",2018,35528681,"Rape or colza seed","no"
NA,"World",NA,NA,"Oilseeds and oleaginous fruits","Gross Production Value (constant 2014-2016 thousand I$)","1000 Int$",2019,33772195,"Rape or colza seed","no"
NA,"World",NA,NA,"Oilseeds and oleaginous fruits","Gross Production Value (constant 2014-2016 thousand I$)","1000 Int$",2020,34030288,"Rape or colza seed","no"
NA,"World",NA,NA,"Oilseeds and oleaginous fruits","Gross Production Value (constant 2014-2016 thousand I$)","1000 Int$",2021,33797801,"Rape or colza seed","no"
NA,"World",NA,NA,"Oilseeds and oleaginous fruits","Gross Production Value (constant 2014-2016 thousand I$)","1000 Int$",2022,40855159,"Rape or colza seed","no"
NA,"World",NA,NA,"Oilseeds and oleaginous fruits","Gross Production Value (constant 2014-2016 thousand I$)","1000 Int$",2023,43198361,"Rape or colza seed","no"
NA,"World",NA,NA,"Oilseeds and oleaginous fruits","Gross Production Value (constant 2014-2016 thousand US$)","1000 USD",1992,13807626,"Rape or colza seed","no"
NA,"World",NA,NA,"Oilseeds and oleaginous fruits","Gross Production Value (constant 2014-2016 thousand US$)","1000 USD",1993,13429391,"Rape or colza seed","no"
NA,"World",NA,NA,"Oilseeds and oleaginous fruits","Gross Production Value (constant 2014-2016 thousand US$)","1000 USD",1994,15159337,"Rape or colza seed","no"
NA,"World",NA,NA,"Oilseeds and oleaginous fruits","Gross Production Value (constant 2014-2016 thousand US$)","1000 USD",1995,17735867,"Rape or colza seed","no"
NA,"World",NA,NA,"Oilseeds and oleaginous fruits","Gross Production Value (constant 2014-2016 thousand US$)","1000 USD",1996,16150603,"Rape or colza seed","no"
NA,"World",NA,NA,"Oilseeds and oleaginous fruits","Gross Production Value (constant 2014-2016 thousand US$)","1000 USD",1997,18122543,"Rape or colza seed","no"
NA,"World",NA,NA,"Oilseeds and oleaginous fruits","Gross Production Value (constant 2014-2016 thousand US$)","1000 USD",1998,17648899,"Rape or colza seed","no"
NA,"World",NA,NA,"Oilseeds and oleaginous fruits","Gross Production Value (constant 2014-2016 thousand US$)","1000 USD",1999,21382405,"Rape or colza seed","no"
NA,"World",NA,NA,"Oilseeds and oleaginous fruits","Gross Production Value (constant 2014-2016 thousand US$)","1000 USD",2000,21114281,"Rape or colza seed","no"
NA,"World",NA,NA,"Oilseeds and oleaginous fruits","Gross Production Value (constant 2014-2016 thousand US$)","1000 USD",2001,19336743,"Rape or colza seed","no"
NA,"World",NA,NA,"Oilseeds and oleaginous fruits","Gross Production Value (constant 2014-2016 thousand US$)","1000 USD",2002,18812188,"Rape or colza seed","no"
NA,"World",NA,NA,"Oilseeds and oleaginous fruits","Gross Production Value (constant 2014-2016 thousand US$)","1000 USD",2003,19194790,"Rape or colza seed","no"
NA,"World",NA,NA,"Oilseeds and oleaginous fruits","Gross Production Value (constant 2014-2016 thousand US$)","1000 USD",2004,24268715,"Rape or colza seed","no"
NA,"World",NA,NA,"Oilseeds and oleaginous fruits","Gross Production Value (constant 2014-2016 thousand US$)","1000 USD",2005,25705713,"Rape or colza seed","no"
NA,"World",NA,NA,"Oilseeds and oleaginous fruits","Gross Production Value (constant 2014-2016 thousand US$)","1000 USD",2006,24447252,"Rape or colza seed","no"
NA,"World",NA,NA,"Oilseeds and oleaginous fruits","Gross Production Value (constant 2014-2016 thousand US$)","1000 USD",2007,24990512,"Rape or colza seed","no"
NA,"World",NA,NA,"Oilseeds and oleaginous fruits","Gross Production Value (constant 2014-2016 thousand US$)","1000 USD",2008,27700602,"Rape or colza seed","no"
NA,"World",NA,NA,"Oilseeds and oleaginous fruits","Gross Production Value (constant 2014-2016 thousand US$)","1000 USD",2009,30570950,"Rape or colza seed","no"
NA,"World",NA,NA,"Oilseeds and oleaginous fruits","Gross Production Value (constant 2014-2016 thousand US$)","1000 USD",2010,29546358,"Rape or colza seed","no"
NA,"World",NA,NA,"Oilseeds and oleaginous fruits","Gross Production Value (constant 2014-2016 thousand US$)","1000 USD",2011,30745619,"Rape or colza seed","no"
NA,"World",NA,NA,"Oilseeds and oleaginous fruits","Gross Production Value (constant 2014-2016 thousand US$)","1000 USD",2012,30915674,"Rape or colza seed","no"
NA,"World",NA,NA,"Oilseeds and oleaginous fruits","Gross Production Value (constant 2014-2016 thousand US$)","1000 USD",2013,35114656,"Rape or colza seed","no"
NA,"World",NA,NA,"Oilseeds and oleaginous fruits","Gross Production Value (constant 2014-2016 thousand US$)","1000 USD",2014,35900134,"Rape or colza seed","no"
NA,"World",NA,NA,"Oilseeds and oleaginous fruits","Gross Production Value (constant 2014-2016 thousand US$)","1000 USD",2015,33851652,"Rape or colza seed","no"
NA,"World",NA,NA,"Oilseeds and oleaginous fruits","Gross Production Value (constant 2014-2016 thousand US$)","1000 USD",2016,32835444,"Rape or colza seed","no"
NA,"World",NA,NA,"Oilseeds and oleaginous fruits","Gross Production Value (constant 2014-2016 thousand US$)","1000 USD",2017,36166459,"Rape or colza seed","no"
NA,"World",NA,NA,"Oilseeds and oleaginous fruits","Gross Production Value (constant 2014-2016 thousand US$)","1000 USD",2018,35846522,"Rape or colza seed","no"
NA,"World",NA,NA,"Oilseeds and oleaginous fruits","Gross Production Value (constant 2014-2016 thousand US$)","1000 USD",2019,34404899,"Rape or colza seed","no"
NA,"World",NA,NA,"Oilseeds and oleaginous fruits","Gross Production Value (constant 2014-2016 thousand US$)","1000 USD",2020,34802088,"Rape or colza seed","no"
NA,"World",NA,NA,"Oilseeds and oleaginous fruits","Gross Production Value (constant 2014-2016 thousand US$)","1000 USD",2021,34833804,"Rape or colza seed","no"
NA,"World",NA,NA,"Oilseeds and oleaginous fruits","Gross Production Value (constant 2014-2016 thousand US$)","1000 USD",2022,41148749,"Rape or colza seed","no"
NA,"World",NA,NA,"Oilseeds and oleaginous fruits","Gross Production Value (constant 2014-2016 thousand US$)","1000 USD",2023,43462076,"Rape or colza seed","no"
NA,"World",NA,NA,"Fruits and nuts","Gross Production Value (constant 2014-2016 thousand I$)","1000 Int$",1992,997470,"Raspberries","no"
NA,"World",NA,NA,"Fruits and nuts","Gross Production Value (constant 2014-2016 thousand I$)","1000 Int$",1993,989508,"Raspberries","no"
NA,"World",NA,NA,"Fruits and nuts","Gross Production Value (constant 2014-2016 thousand I$)","1000 Int$",1994,1049614,"Raspberries","no"
NA,"World",NA,NA,"Fruits and nuts","Gross Production Value (constant 2014-2016 thousand I$)","1000 Int$",1995,1070826,"Raspberries","no"
NA,"World",NA,NA,"Fruits and nuts","Gross Production Value (constant 2014-2016 thousand I$)","1000 Int$",1996,1088472,"Raspberries","no"
NA,"World",NA,NA,"Fruits and nuts","Gross Production Value (constant 2014-2016 thousand I$)","1000 Int$",1997,1087852,"Raspberries","no"
NA,"World",NA,NA,"Fruits and nuts","Gross Production Value (constant 2014-2016 thousand I$)","1000 Int$",1998,1199674,"Raspberries","no"
NA,"World",NA,NA,"Fruits and nuts","Gross Production Value (constant 2014-2016 thousand I$)","1000 Int$",1999,1325199,"Raspberries","no"
NA,"World",NA,NA,"Fruits and nuts","Gross Production Value (constant 2014-2016 thousand I$)","1000 Int$",2000,1344136,"Raspberries","no"
NA,"World",NA,NA,"Fruits and nuts","Gross Production Value (constant 2014-2016 thousand I$)","1000 Int$",2001,1432560,"Raspberries","no"
NA,"World",NA,NA,"Fruits and nuts","Gross Production Value (constant 2014-2016 thousand I$)","1000 Int$",2002,1566415,"Raspberries","no"
NA,"World",NA,NA,"Fruits and nuts","Gross Production Value (constant 2014-2016 thousand I$)","1000 Int$",2003,1480640,"Raspberries","no"
NA,"World",NA,NA,"Fruits and nuts","Gross Production Value (constant 2014-2016 thousand I$)","1000 Int$",2004,1701233,"Raspberries","no"
NA,"World",NA,NA,"Fruits and nuts","Gross Production Value (constant 2014-2016 thousand I$)","1000 Int$",2005,1711668,"Raspberries","no"
NA,"World",NA,NA,"Fruits and nuts","Gross Production Value (constant 2014-2016 thousand I$)","1000 Int$",2006,1709141,"Raspberries","no"
NA,"World",NA,NA,"Fruits and nuts","Gross Production Value (constant 2014-2016 thousand I$)","1000 Int$",2007,1657129,"Raspberries","no"
NA,"World",NA,NA,"Fruits and nuts","Gross Production Value (constant 2014-2016 thousand I$)","1000 Int$",2008,1680480,"Raspberries","no"
NA,"World",NA,NA,"Fruits and nuts","Gross Production Value (constant 2014-2016 thousand I$)","1000 Int$",2009,1793917,"Raspberries","no"
NA,"World",NA,NA,"Fruits and nuts","Gross Production Value (constant 2014-2016 thousand I$)","1000 Int$",2010,1681120,"Raspberries","no"
NA,"World",NA,NA,"Fruits and nuts","Gross Production Value (constant 2014-2016 thousand I$)","1000 Int$",2011,1930092,"Raspberries","no"
NA,"World",NA,NA,"Fruits and nuts","Gross Production Value (constant 2014-2016 thousand I$)","1000 Int$",2012,1837255,"Raspberries","no"
NA,"World",NA,NA,"Fruits and nuts","Gross Production Value (constant 2014-2016 thousand I$)","1000 Int$",2013,1900728,"Raspberries","no"
NA,"World",NA,NA,"Fruits and nuts","Gross Production Value (constant 2014-2016 thousand I$)","1000 Int$",2014,2032801,"Raspberries","no"
NA,"World",NA,NA,"Fruits and nuts","Gross Production Value (constant 2014-2016 thousand I$)","1000 Int$",2015,2183743,"Raspberries","no"
NA,"World",NA,NA,"Fruits and nuts","Gross Production Value (constant 2014-2016 thousand I$)","1000 Int$",2016,2669100,"Raspberries","no"
NA,"World",NA,NA,"Fruits and nuts","Gross Production Value (constant 2014-2016 thousand I$)","1000 Int$",2017,2603140,"Raspberries","no"
NA,"World",NA,NA,"Fruits and nuts","Gross Production Value (constant 2014-2016 thousand I$)","1000 Int$",2018,2862181,"Raspberries","no"
NA,"World",NA,NA,"Fruits and nuts","Gross Production Value (constant 2014-2016 thousand I$)","1000 Int$",2019,2792491,"Raspberries","no"
NA,"World",NA,NA,"Fruits and nuts","Gross Production Value (constant 2014-2016 thousand I$)","1000 Int$",2020,2973386,"Raspberries","no"
NA,"World",NA,NA,"Fruits and nuts","Gross Production Value (constant 2014-2016 thousand I$)","1000 Int$",2021,2930140,"Raspberries","no"
NA,"World",NA,NA,"Fruits and nuts","Gross Production Value (constant 2014-2016 thousand I$)","1000 Int$",2022,3053157,"Raspberries","no"
NA,"World",NA,NA,"Fruits and nuts","Gross Production Value (constant 2014-2016 thousand I$)","1000 Int$",2023,2993360,"Raspberries","no"
NA,"World",NA,NA,"Fruits and nuts","Gross Production Value (constant 2014-2016 thousand US$)","1000 USD",1992,938237,"Raspberries","no"
NA,"World",NA,NA,"Fruits and nuts","Gross Production Value (constant 2014-2016 thousand US$)","1000 USD",1993,931686,"Raspberries","no"
NA,"World",NA,NA,"Fruits and nuts","Gross Production Value (constant 2014-2016 thousand US$)","1000 USD",1994,931171,"Raspberries","no"
NA,"World",NA,NA,"Fruits and nuts","Gross Production Value (constant 2014-2016 thousand US$)","1000 USD",1995,875412,"Raspberries","no"
NA,"World",NA,NA,"Fruits and nuts","Gross Production Value (constant 2014-2016 thousand US$)","1000 USD",1996,848085,"Raspberries","no"
NA,"World",NA,NA,"Fruits and nuts","Gross Production Value (constant 2014-2016 thousand US$)","1000 USD",1997,902499,"Raspberries","no"
NA,"World",NA,NA,"Fruits and nuts","Gross Production Value (constant 2014-2016 thousand US$)","1000 USD",1998,961187,"Raspberries","no"
NA,"World",NA,NA,"Fruits and nuts","Gross Production Value (constant 2014-2016 thousand US$)","1000 USD",1999,1065669,"Raspberries","no"
NA,"World",NA,NA,"Fruits and nuts","Gross Production Value (constant 2014-2016 thousand US$)","1000 USD",2000,1065382,"Raspberries","no"
NA,"World",NA,NA,"Fruits and nuts","Gross Production Value (constant 2014-2016 thousand US$)","1000 USD",2001,1044960,"Raspberries","no"
NA,"World",NA,NA,"Fruits and nuts","Gross Production Value (constant 2014-2016 thousand US$)","1000 USD",2002,1090371,"Raspberries","no"
NA,"World",NA,NA,"Fruits and nuts","Gross Production Value (constant 2014-2016 thousand US$)","1000 USD",2003,1058727,"Raspberries","no"
NA,"World",NA,NA,"Fruits and nuts","Gross Production Value (constant 2014-2016 thousand US$)","1000 USD",2004,1177350,"Raspberries","no"
NA,"World",NA,NA,"Fruits and nuts","Gross Production Value (constant 2014-2016 thousand US$)","1000 USD",2005,1170052,"Raspberries","no"
NA,"World",NA,NA,"Fruits and nuts","Gross Production Value (constant 2014-2016 thousand US$)","1000 USD",2006,1170020,"Raspberries","no"
NA,"World",NA,NA,"Fruits and nuts","Gross Production Value (constant 2014-2016 thousand US$)","1000 USD",2007,1142776,"Raspberries","no"
NA,"World",NA,NA,"Fruits and nuts","Gross Production Value (constant 2014-2016 thousand US$)","1000 USD",2008,1172841,"Raspberries","no"
NA,"World",NA,NA,"Fruits and nuts","Gross Production Value (constant 2014-2016 thousand US$)","1000 USD",2009,1290411,"Raspberries","no"
NA,"World",NA,NA,"Fruits and nuts","Gross Production Value (constant 2014-2016 thousand US$)","1000 USD",2010,1177801,"Raspberries","no"
NA,"World",NA,NA,"Fruits and nuts","Gross Production Value (constant 2014-2016 thousand US$)","1000 USD",2011,1348439,"Raspberries","no"
NA,"World",NA,NA,"Fruits and nuts","Gross Production Value (constant 2014-2016 thousand US$)","1000 USD",2012,1325289,"Raspberries","no"
NA,"World",NA,NA,"Fruits and nuts","Gross Production Value (constant 2014-2016 thousand US$)","1000 USD",2013,1369863,"Raspberries","no"
NA,"World",NA,NA,"Fruits and nuts","Gross Production Value (constant 2014-2016 thousand US$)","1000 USD",2014,1569332,"Raspberries","no"
NA,"World",NA,NA,"Fruits and nuts","Gross Production Value (constant 2014-2016 thousand US$)","1000 USD",2015,1748487,"Raspberries","no"
NA,"World",NA,NA,"Fruits and nuts","Gross Production Value (constant 2014-2016 thousand US$)","1000 USD",2016,2060640,"Raspberries","no"
NA,"World",NA,NA,"Fruits and nuts","Gross Production Value (constant 2014-2016 thousand US$)","1000 USD",2017,2106208,"Raspberries","no"
NA,"World",NA,NA,"Fruits and nuts","Gross Production Value (constant 2014-2016 thousand US$)","1000 USD",2018,2252936,"Raspberries","no"
NA,"World",NA,NA,"Fruits and nuts","Gross Production Value (constant 2014-2016 thousand US$)","1000 USD",2019,2249174,"Raspberries","no"
NA,"World",NA,NA,"Fruits and nuts","Gross Production Value (constant 2014-2016 thousand US$)","1000 USD",2020,2313774,"Raspberries","no"
NA,"World",NA,NA,"Fruits and nuts","Gross Production Value (constant 2014-2016 thousand US$)","1000 USD",2021,2239299,"Raspberries","no"
NA,"World",NA,NA,"Fruits and nuts","Gross Production Value (constant 2014-2016 thousand US$)","1000 USD",2022,2262394,"Raspberries","no"
NA,"World",NA,NA,"Fruits and nuts","Gross Production Value (constant 2014-2016 thousand US$)","1000 USD",2023,2222557,"Raspberries","no"
NA,"World",NA,NA,"Raw milk","Gross Production Value (constant 2014-2016 thousand I$)","1000 Int$",1992,24746542,"Raw milk of buffalo","no"
NA,"World",NA,NA,"Raw milk","Gross Production Value (constant 2014-2016 thousand I$)","1000 Int$",1993,25855956,"Raw milk of buffalo","no"
NA,"World",NA,NA,"Raw milk","Gross Production Value (constant 2014-2016 thousand I$)","1000 Int$",1994,27119816,"Raw milk of buffalo","no"
NA,"World",NA,NA,"Raw milk","Gross Production Value (constant 2014-2016 thousand I$)","1000 Int$",1995,29329764,"Raw milk of buffalo","no"
NA,"World",NA,NA,"Raw milk","Gross Production Value (constant 2014-2016 thousand I$)","1000 Int$",1996,30984698,"Raw milk of buffalo","no"
NA,"World",NA,NA,"Raw milk","Gross Production Value (constant 2014-2016 thousand I$)","1000 Int$",1997,32113691,"Raw milk of buffalo","no"
NA,"World",NA,NA,"Raw milk","Gross Production Value (constant 2014-2016 thousand I$)","1000 Int$",1998,33370662,"Raw milk of buffalo","no"
NA,"World",NA,NA,"Raw milk","Gross Production Value (constant 2014-2016 thousand I$)","1000 Int$",1999,34698792,"Raw milk of buffalo","no"
NA,"World",NA,NA,"Raw milk","Gross Production Value (constant 2014-2016 thousand I$)","1000 Int$",2000,35650712,"Raw milk of buffalo","no"
NA,"World",NA,NA,"Raw milk","Gross Production Value (constant 2014-2016 thousand I$)","1000 Int$",2001,37128572,"Raw milk of buffalo","no"
NA,"World",NA,NA,"Raw milk","Gross Production Value (constant 2014-2016 thousand I$)","1000 Int$",2002,37982102,"Raw milk of buffalo","no"
NA,"World",NA,NA,"Raw milk","Gross Production Value (constant 2014-2016 thousand I$)","1000 Int$",2003,39396894,"Raw milk of buffalo","no"
NA,"World",NA,NA,"Raw milk","Gross Production Value (constant 2014-2016 thousand I$)","1000 Int$",2004,40723591,"Raw milk of buffalo","no"
NA,"World",NA,NA,"Raw milk","Gross Production Value (constant 2014-2016 thousand I$)","1000 Int$",2005,42213436,"Raw milk of buffalo","no"
NA,"World",NA,NA,"Raw milk","Gross Production Value (constant 2014-2016 thousand I$)","1000 Int$",2006,43643961,"Raw milk of buffalo","no"
NA,"World",NA,NA,"Raw milk","Gross Production Value (constant 2014-2016 thousand I$)","1000 Int$",2007,45185375,"Raw milk of buffalo","no"
NA,"World",NA,NA,"Raw milk","Gross Production Value (constant 2014-2016 thousand I$)","1000 Int$",2008,46225619,"Raw milk of buffalo","no"
NA,"World",NA,NA,"Raw milk","Gross Production Value (constant 2014-2016 thousand I$)","1000 Int$",2009,49811849,"Raw milk of buffalo","no"
NA,"World",NA,NA,"Raw milk","Gross Production Value (constant 2014-2016 thousand I$)","1000 Int$",2010,51685605,"Raw milk of buffalo","no"
NA,"World",NA,NA,"Raw milk","Gross Production Value (constant 2014-2016 thousand I$)","1000 Int$",2011,53714320,"Raw milk of buffalo","no"
NA,"World",NA,NA,"Raw milk","Gross Production Value (constant 2014-2016 thousand I$)","1000 Int$",2012,55337409,"Raw milk of buffalo","no"
NA,"World",NA,NA,"Raw milk","Gross Production Value (constant 2014-2016 thousand I$)","1000 Int$",2013,57218529,"Raw milk of buffalo","no"
NA,"World",NA,NA,"Raw milk","Gross Production Value (constant 2014-2016 thousand I$)","1000 Int$",2014,61048424,"Raw milk of buffalo","no"
NA,"World",NA,NA,"Raw milk","Gross Production Value (constant 2014-2016 thousand I$)","1000 Int$",2015,62125732,"Raw milk of buffalo","no"
NA,"World",NA,NA,"Raw milk","Gross Production Value (constant 2014-2016 thousand I$)","1000 Int$",2016,64332567,"Raw milk of buffalo","no"
NA,"World",NA,NA,"Raw milk","Gross Production Value (constant 2014-2016 thousand I$)","1000 Int$",2017,67549972,"Raw milk of buffalo","no"
NA,"World",NA,NA,"Raw milk","Gross Production Value (constant 2014-2016 thousand I$)","1000 Int$",2018,70873108,"Raw milk of buffalo","no"
NA,"World",NA,NA,"Raw milk","Gross Production Value (constant 2014-2016 thousand I$)","1000 Int$",2019,73271387,"Raw milk of buffalo","no"
NA,"World",NA,NA,"Raw milk","Gross Production Value (constant 2014-2016 thousand I$)","1000 Int$",2020,73611284,"Raw milk of buffalo","no"
NA,"World",NA,NA,"Raw milk","Gross Production Value (constant 2014-2016 thousand I$)","1000 Int$",2021,76552374,"Raw milk of buffalo","no"
NA,"World",NA,NA,"Raw milk","Gross Production Value (constant 2014-2016 thousand I$)","1000 Int$",2022,79260699,"Raw milk of buffalo","no"
NA,"World",NA,NA,"Raw milk","Gross Production Value (constant 2014-2016 thousand I$)","1000 Int$",2023,80394259,"Raw milk of buffalo","no"
NA,"World",NA,NA,"Raw milk","Gross Production Value (constant 2014-2016 thousand US$)","1000 USD",1992,22747685,"Raw milk of buffalo","no"
NA,"World",NA,NA,"Raw milk","Gross Production Value (constant 2014-2016 thousand US$)","1000 USD",1993,23739989,"Raw milk of buffalo","no"
NA,"World",NA,NA,"Raw milk","Gross Production Value (constant 2014-2016 thousand US$)","1000 USD",1994,24844295,"Raw milk of buffalo","no"
NA,"World",NA,NA,"Raw milk","Gross Production Value (constant 2014-2016 thousand US$)","1000 USD",1995,26921037,"Raw milk of buffalo","no"
NA,"World",NA,NA,"Raw milk","Gross Production Value (constant 2014-2016 thousand US$)","1000 USD",1996,28424271,"Raw milk of buffalo","no"
NA,"World",NA,NA,"Raw milk","Gross Production Value (constant 2014-2016 thousand US$)","1000 USD",1997,29514903,"Raw milk of buffalo","no"
NA,"World",NA,NA,"Raw milk","Gross Production Value (constant 2014-2016 thousand US$)","1000 USD",1998,30694540,"Raw milk of buffalo","no"
NA,"World",NA,NA,"Raw milk","Gross Production Value (constant 2014-2016 thousand US$)","1000 USD",1999,31951709,"Raw milk of buffalo","no"
NA,"World",NA,NA,"Raw milk","Gross Production Value (constant 2014-2016 thousand US$)","1000 USD",2000,32784482,"Raw milk of buffalo","no"
NA,"World",NA,NA,"Raw milk","Gross Production Value (constant 2014-2016 thousand US$)","1000 USD",2001,34194254,"Raw milk of buffalo","no"
NA,"World",NA,NA,"Raw milk","Gross Production Value (constant 2014-2016 thousand US$)","1000 USD",2002,34898171,"Raw milk of buffalo","no"
NA,"World",NA,NA,"Raw milk","Gross Production Value (constant 2014-2016 thousand US$)","1000 USD",2003,36232823,"Raw milk of buffalo","no"
NA,"World",NA,NA,"Raw milk","Gross Production Value (constant 2014-2016 thousand US$)","1000 USD",2004,37384718,"Raw milk of buffalo","no"
NA,"World",NA,NA,"Raw milk","Gross Production Value (constant 2014-2016 thousand US$)","1000 USD",2005,38803573,"Raw milk of buffalo","no"
NA,"World",NA,NA,"Raw milk","Gross Production Value (constant 2014-2016 thousand US$)","1000 USD",2006,40350351,"Raw milk of buffalo","no"
NA,"World",NA,NA,"Raw milk","Gross Production Value (constant 2014-2016 thousand US$)","1000 USD",2007,41785074,"Raw milk of buffalo","no"
NA,"World",NA,NA,"Raw milk","Gross Production Value (constant 2014-2016 thousand US$)","1000 USD",2008,42681909,"Raw milk of buffalo","no"
NA,"World",NA,NA,"Raw milk","Gross Production Value (constant 2014-2016 thousand US$)","1000 USD",2009,45129388,"Raw milk of buffalo","no"
NA,"World",NA,NA,"Raw milk","Gross Production Value (constant 2014-2016 thousand US$)","1000 USD",2010,46820523,"Raw milk of buffalo","no"
NA,"World",NA,NA,"Raw milk","Gross Production Value (constant 2014-2016 thousand US$)","1000 USD",2011,48700853,"Raw milk of buffalo","no"
NA,"World",NA,NA,"Raw milk","Gross Production Value (constant 2014-2016 thousand US$)","1000 USD",2012,50182937,"Raw milk of buffalo","no"
NA,"World",NA,NA,"Raw milk","Gross Production Value (constant 2014-2016 thousand US$)","1000 USD",2013,51911279,"Raw milk of buffalo","no"
NA,"World",NA,NA,"Raw milk","Gross Production Value (constant 2014-2016 thousand US$)","1000 USD",2014,55258413,"Raw milk of buffalo","no"
NA,"World",NA,NA,"Raw milk","Gross Production Value (constant 2014-2016 thousand US$)","1000 USD",2015,56027865,"Raw milk of buffalo","no"
NA,"World",NA,NA,"Raw milk","Gross Production Value (constant 2014-2016 thousand US$)","1000 USD",2016,58472590,"Raw milk of buffalo","no"
NA,"World",NA,NA,"Raw milk","Gross Production Value (constant 2014-2016 thousand US$)","1000 USD",2017,61517128,"Raw milk of buffalo","no"
NA,"World",NA,NA,"Raw milk","Gross Production Value (constant 2014-2016 thousand US$)","1000 USD",2018,64817967,"Raw milk of buffalo","no"
NA,"World",NA,NA,"Raw milk","Gross Production Value (constant 2014-2016 thousand US$)","1000 USD",2019,66844854,"Raw milk of buffalo","no"
NA,"World",NA,NA,"Raw milk","Gross Production Value (constant 2014-2016 thousand US$)","1000 USD",2020,66932518,"Raw milk of buffalo","no"
NA,"World",NA,NA,"Raw milk","Gross Production Value (constant 2014-2016 thousand US$)","1000 USD",2021,69692162,"Raw milk of buffalo","no"
NA,"World",NA,NA,"Raw milk","Gross Production Value (constant 2014-2016 thousand US$)","1000 USD",2022,72184340,"Raw milk of buffalo","no"
NA,"World",NA,NA,"Raw milk","Gross Production Value (constant 2014-2016 thousand US$)","1000 USD",2023,73071254,"Raw milk of buffalo","no"
NA,"World",NA,NA,"Raw milk","Gross Production Value (constant 2014-2016 thousand I$)","1000 Int$",1992,956703,"Raw milk of camel","no"
NA,"World",NA,NA,"Raw milk","Gross Production Value (constant 2014-2016 thousand I$)","1000 Int$",1993,932651,"Raw milk of camel","no"
NA,"World",NA,NA,"Raw milk","Gross Production Value (constant 2014-2016 thousand I$)","1000 Int$",1994,985124,"Raw milk of camel","no"
NA,"World",NA,NA,"Raw milk","Gross Production Value (constant 2014-2016 thousand I$)","1000 Int$",1995,1031289,"Raw milk of camel","no"
NA,"World",NA,NA,"Raw milk","Gross Production Value (constant 2014-2016 thousand I$)","1000 Int$",1996,1037788,"Raw milk of camel","no"
NA,"World",NA,NA,"Raw milk","Gross Production Value (constant 2014-2016 thousand I$)","1000 Int$",1997,1058659,"Raw milk of camel","no"
NA,"World",NA,NA,"Raw milk","Gross Production Value (constant 2014-2016 thousand I$)","1000 Int$",1998,1064641,"Raw milk of camel","no"
NA,"World",NA,NA,"Raw milk","Gross Production Value (constant 2014-2016 thousand I$)","1000 Int$",1999,1500746,"Raw milk of camel","no"
NA,"World",NA,NA,"Raw milk","Gross Production Value (constant 2014-2016 thousand I$)","1000 Int$",2000,1590288,"Raw milk of camel","no"
NA,"World",NA,NA,"Raw milk","Gross Production Value (constant 2014-2016 thousand I$)","1000 Int$",2001,1579563,"Raw milk of camel","no"
NA,"World",NA,NA,"Raw milk","Gross Production Value (constant 2014-2016 thousand I$)","1000 Int$",2002,1668401,"Raw milk of camel","no"
NA,"World",NA,NA,"Raw milk","Gross Production Value (constant 2014-2016 thousand I$)","1000 Int$",2003,1735694,"Raw milk of camel","no"
NA,"World",NA,NA,"Raw milk","Gross Production Value (constant 2014-2016 thousand I$)","1000 Int$",2004,1847522,"Raw milk of camel","no"
NA,"World",NA,NA,"Raw milk","Gross Production Value (constant 2014-2016 thousand I$)","1000 Int$",2005,1814574,"Raw milk of camel","no"
NA,"World",NA,NA,"Raw milk","Gross Production Value (constant 2014-2016 thousand I$)","1000 Int$",2006,1695105,"Raw milk of camel","no"
NA,"World",NA,NA,"Raw milk","Gross Production Value (constant 2014-2016 thousand I$)","1000 Int$",2007,2063406,"Raw milk of camel","no"
NA,"World",NA,NA,"Raw milk","Gross Production Value (constant 2014-2016 thousand I$)","1000 Int$",2008,2304804,"Raw milk of camel","no"
NA,"World",NA,NA,"Raw milk","Gross Production Value (constant 2014-2016 thousand I$)","1000 Int$",2009,2228262,"Raw milk of camel","no"
NA,"World",NA,NA,"Raw milk","Gross Production Value (constant 2014-2016 thousand I$)","1000 Int$",2010,2310815,"Raw milk of camel","no"
NA,"World",NA,NA,"Raw milk","Gross Production Value (constant 2014-2016 thousand I$)","1000 Int$",2011,2283879,"Raw milk of camel","no"
NA,"World",NA,NA,"Raw milk","Gross Production Value (constant 2014-2016 thousand I$)","1000 Int$",2012,2259769,"Raw milk of camel","no"
NA,"World",NA,NA,"Raw milk","Gross Production Value (constant 2014-2016 thousand I$)","1000 Int$",2013,2354719,"Raw milk of camel","no"
NA,"World",NA,NA,"Raw milk","Gross Production Value (constant 2014-2016 thousand I$)","1000 Int$",2014,2212297,"Raw milk of camel","no"
NA,"World",NA,NA,"Raw milk","Gross Production Value (constant 2014-2016 thousand I$)","1000 Int$",2015,2332862,"Raw milk of camel","no"
NA,"World",NA,NA,"Raw milk","Gross Production Value (constant 2014-2016 thousand I$)","1000 Int$",2016,2343122,"Raw milk of camel","no"
NA,"World",NA,NA,"Raw milk","Gross Production Value (constant 2014-2016 thousand I$)","1000 Int$",2017,2507888,"Raw milk of camel","no"
NA,"World",NA,NA,"Raw milk","Gross Production Value (constant 2014-2016 thousand I$)","1000 Int$",2018,2461760,"Raw milk of camel","no"
NA,"World",NA,NA,"Raw milk","Gross Production Value (constant 2014-2016 thousand I$)","1000 Int$",2019,2596168,"Raw milk of camel","no"
NA,"World",NA,NA,"Raw milk","Gross Production Value (constant 2014-2016 thousand I$)","1000 Int$",2020,2642733,"Raw milk of camel","no"
NA,"World",NA,NA,"Raw milk","Gross Production Value (constant 2014-2016 thousand I$)","1000 Int$",2021,2616739,"Raw milk of camel","no"
NA,"World",NA,NA,"Raw milk","Gross Production Value (constant 2014-2016 thousand I$)","1000 Int$",2022,2507159,"Raw milk of camel","no"
NA,"World",NA,NA,"Raw milk","Gross Production Value (constant 2014-2016 thousand I$)","1000 Int$",2023,2631210,"Raw milk of camel","no"
NA,"World",NA,NA,"Raw milk","Gross Production Value (constant 2014-2016 thousand US$)","1000 USD",1992,465116,"Raw milk of camel","no"
NA,"World",NA,NA,"Raw milk","Gross Production Value (constant 2014-2016 thousand US$)","1000 USD",1993,480562,"Raw milk of camel","no"
NA,"World",NA,NA,"Raw milk","Gross Production Value (constant 2014-2016 thousand US$)","1000 USD",1994,508321,"Raw milk of camel","no"
NA,"World",NA,NA,"Raw milk","Gross Production Value (constant 2014-2016 thousand US$)","1000 USD",1995,556430,"Raw milk of camel","no"
NA,"World",NA,NA,"Raw milk","Gross Production Value (constant 2014-2016 thousand US$)","1000 USD",1996,551244,"Raw milk of camel","no"
NA,"World",NA,NA,"Raw milk","Gross Production Value (constant 2014-2016 thousand US$)","1000 USD",1997,567444,"Raw milk of camel","no"
NA,"World",NA,NA,"Raw milk","Gross Production Value (constant 2014-2016 thousand US$)","1000 USD",1998,588938,"Raw milk of camel","no"
NA,"World",NA,NA,"Raw milk","Gross Production Value (constant 2014-2016 thousand US$)","1000 USD",1999,624120,"Raw milk of camel","no"
NA,"World",NA,NA,"Raw milk","Gross Production Value (constant 2014-2016 thousand US$)","1000 USD",2000,701296,"Raw milk of camel","no"
NA,"World",NA,NA,"Raw milk","Gross Production Value (constant 2014-2016 thousand US$)","1000 USD",2001,654646,"Raw milk of camel","no"
NA,"World",NA,NA,"Raw milk","Gross Production Value (constant 2014-2016 thousand US$)","1000 USD",2002,635822,"Raw milk of camel","no"
NA,"World",NA,NA,"Raw milk","Gross Production Value (constant 2014-2016 thousand US$)","1000 USD",2003,721289,"Raw milk of camel","no"
NA,"World",NA,NA,"Raw milk","Gross Production Value (constant 2014-2016 thousand US$)","1000 USD",2004,880962,"Raw milk of camel","no"
NA,"World",NA,NA,"Raw milk","Gross Production Value (constant 2014-2016 thousand US$)","1000 USD",2005,780005,"Raw milk of camel","no"
NA,"World",NA,NA,"Raw milk","Gross Production Value (constant 2014-2016 thousand US$)","1000 USD",2006,709712,"Raw milk of camel","no"
NA,"World",NA,NA,"Raw milk","Gross Production Value (constant 2014-2016 thousand US$)","1000 USD",2007,1086455,"Raw milk of camel","no"
NA,"World",NA,NA,"Raw milk","Gross Production Value (constant 2014-2016 thousand US$)","1000 USD",2008,1327614,"Raw milk of camel","no"
NA,"World",NA,NA,"Raw milk","Gross Production Value (constant 2014-2016 thousand US$)","1000 USD",2009,1249163,"Raw milk of camel","no"
NA,"World",NA,NA,"Raw milk","Gross Production Value (constant 2014-2016 thousand US$)","1000 USD",2010,1208857,"Raw milk of camel","no"
NA,"World",NA,NA,"Raw milk","Gross Production Value (constant 2014-2016 thousand US$)","1000 USD",2011,1183304,"Raw milk of camel","no"
NA,"World",NA,NA,"Raw milk","Gross Production Value (constant 2014-2016 thousand US$)","1000 USD",2012,1143725,"Raw milk of camel","no"
NA,"World",NA,NA,"Raw milk","Gross Production Value (constant 2014-2016 thousand US$)","1000 USD",2013,1241295,"Raw milk of camel","no"
NA,"World",NA,NA,"Raw milk","Gross Production Value (constant 2014-2016 thousand US$)","1000 USD",2014,1172970,"Raw milk of camel","no"
NA,"World",NA,NA,"Raw milk","Gross Production Value (constant 2014-2016 thousand US$)","1000 USD",2015,1321215,"Raw milk of camel","no"
NA,"World",NA,NA,"Raw milk","Gross Production Value (constant 2014-2016 thousand US$)","1000 USD",2016,1318668,"Raw milk of camel","no"
NA,"World",NA,NA,"Raw milk","Gross Production Value (constant 2014-2016 thousand US$)","1000 USD",2017,1460655,"Raw milk of camel","no"
NA,"World",NA,NA,"Raw milk","Gross Production Value (constant 2014-2016 thousand US$)","1000 USD",2018,1431381,"Raw milk of camel","no"
NA,"World",NA,NA,"Raw milk","Gross Production Value (constant 2014-2016 thousand US$)","1000 USD",2019,1578009,"Raw milk of camel","no"
NA,"World",NA,NA,"Raw milk","Gross Production Value (constant 2014-2016 thousand US$)","1000 USD",2020,1611038,"Raw milk of camel","no"
NA,"World",NA,NA,"Raw milk","Gross Production Value (constant 2014-2016 thousand US$)","1000 USD",2021,1566741,"Raw milk of camel","no"
NA,"World",NA,NA,"Raw milk","Gross Production Value (constant 2014-2016 thousand US$)","1000 USD",2022,1430566,"Raw milk of camel","no"
NA,"World",NA,NA,"Raw milk","Gross Production Value (constant 2014-2016 thousand US$)","1000 USD",2023,1556855,"Raw milk of camel","no"
NA,"World",NA,NA,"Raw milk","Gross Production Value (constant 2014-2016 thousand I$)","1000 Int$",1992,173622303,"Raw milk of cattle","no"
NA,"World",NA,NA,"Raw milk","Gross Production Value (constant 2014-2016 thousand I$)","1000 Int$",1993,175970621,"Raw milk of cattle","no"
NA,"World",NA,NA,"Raw milk","Gross Production Value (constant 2014-2016 thousand I$)","1000 Int$",1994,189831732,"Raw milk of cattle","no"
NA,"World",NA,NA,"Raw milk","Gross Production Value (constant 2014-2016 thousand I$)","1000 Int$",1995,190874257,"Raw milk of cattle","no"
NA,"World",NA,NA,"Raw milk","Gross Production Value (constant 2014-2016 thousand I$)","1000 Int$",1996,192762697,"Raw milk of cattle","no"
NA,"World",NA,NA,"Raw milk","Gross Production Value (constant 2014-2016 thousand I$)","1000 Int$",1997,193584832,"Raw milk of cattle","no"
NA,"World",NA,NA,"Raw milk","Gross Production Value (constant 2014-2016 thousand I$)","1000 Int$",1998,197034000,"Raw milk of cattle","no"
NA,"World",NA,NA,"Raw milk","Gross Production Value (constant 2014-2016 thousand I$)","1000 Int$",1999,200700047,"Raw milk of cattle","no"
NA,"World",NA,NA,"Raw milk","Gross Production Value (constant 2014-2016 thousand I$)","1000 Int$",2000,203329453,"Raw milk of cattle","no"
NA,"World",NA,NA,"Raw milk","Gross Production Value (constant 2014-2016 thousand I$)","1000 Int$",2001,206255555,"Raw milk of cattle","no"
NA,"World",NA,NA,"Raw milk","Gross Production Value (constant 2014-2016 thousand I$)","1000 Int$",2002,211512535,"Raw milk of cattle","no"
NA,"World",NA,NA,"Raw milk","Gross Production Value (constant 2014-2016 thousand I$)","1000 Int$",2003,215306478,"Raw milk of cattle","no"
NA,"World",NA,NA,"Raw milk","Gross Production Value (constant 2014-2016 thousand I$)","1000 Int$",2004,219577718,"Raw milk of cattle","no"
NA,"World",NA,NA,"Raw milk","Gross Production Value (constant 2014-2016 thousand I$)","1000 Int$",2005,226427299,"Raw milk of cattle","no"
NA,"World",NA,NA,"Raw milk","Gross Production Value (constant 2014-2016 thousand I$)","1000 Int$",2006,232186149,"Raw milk of cattle","no"
NA,"World",NA,NA,"Raw milk","Gross Production Value (constant 2014-2016 thousand I$)","1000 Int$",2007,236087649,"Raw milk of cattle","no"
NA,"World",NA,NA,"Raw milk","Gross Production Value (constant 2014-2016 thousand I$)","1000 Int$",2008,241480103,"Raw milk of cattle","no"
NA,"World",NA,NA,"Raw milk","Gross Production Value (constant 2014-2016 thousand I$)","1000 Int$",2009,243953837,"Raw milk of cattle","no"
NA,"World",NA,NA,"Raw milk","Gross Production Value (constant 2014-2016 thousand I$)","1000 Int$",2010,249385961,"Raw milk of cattle","no"
NA,"World",NA,NA,"Raw milk","Gross Production Value (constant 2014-2016 thousand I$)","1000 Int$",2011,255102610,"Raw milk of cattle","no"
NA,"World",NA,NA,"Raw milk","Gross Production Value (constant 2014-2016 thousand I$)","1000 Int$",2012,261457854,"Raw milk of cattle","no"
NA,"World",NA,NA,"Raw milk","Gross Production Value (constant 2014-2016 thousand I$)","1000 Int$",2013,264330381,"Raw milk of cattle","no"
NA,"World",NA,NA,"Raw milk","Gross Production Value (constant 2014-2016 thousand I$)","1000 Int$",2014,273711528,"Raw milk of cattle","no"
NA,"World",NA,NA,"Raw milk","Gross Production Value (constant 2014-2016 thousand I$)","1000 Int$",2015,278344432,"Raw milk of cattle","no"
NA,"World",NA,NA,"Raw milk","Gross Production Value (constant 2014-2016 thousand I$)","1000 Int$",2016,280505327,"Raw milk of cattle","no"
NA,"World",NA,NA,"Raw milk","Gross Production Value (constant 2014-2016 thousand I$)","1000 Int$",2017,286967384,"Raw milk of cattle","no"
NA,"World",NA,NA,"Raw milk","Gross Production Value (constant 2014-2016 thousand I$)","1000 Int$",2018,293073787,"Raw milk of cattle","no"
NA,"World",NA,NA,"Raw milk","Gross Production Value (constant 2014-2016 thousand I$)","1000 Int$",2019,298897869,"Raw milk of cattle","no"
NA,"World",NA,NA,"Raw milk","Gross Production Value (constant 2014-2016 thousand I$)","1000 Int$",2020,310444346,"Raw milk of cattle","no"
NA,"World",NA,NA,"Raw milk","Gross Production Value (constant 2014-2016 thousand I$)","1000 Int$",2021,316610856,"Raw milk of cattle","no"
NA,"World",NA,NA,"Raw milk","Gross Production Value (constant 2014-2016 thousand I$)","1000 Int$",2022,318887180,"Raw milk of cattle","no"
NA,"World",NA,NA,"Raw milk","Gross Production Value (constant 2014-2016 thousand I$)","1000 Int$",2023,324634998,"Raw milk of cattle","no"
NA,"World",NA,NA,"Raw milk","Gross Production Value (constant 2014-2016 thousand US$)","1000 USD",1992,166255185,"Raw milk of cattle","no"
NA,"World",NA,NA,"Raw milk","Gross Production Value (constant 2014-2016 thousand US$)","1000 USD",1993,171294942,"Raw milk of cattle","no"
NA,"World",NA,NA,"Raw milk","Gross Production Value (constant 2014-2016 thousand US$)","1000 USD",1994,180972884,"Raw milk of cattle","no"
NA,"World",NA,NA,"Raw milk","Gross Production Value (constant 2014-2016 thousand US$)","1000 USD",1995,182320292,"Raw milk of cattle","no"
NA,"World",NA,NA,"Raw milk","Gross Production Value (constant 2014-2016 thousand US$)","1000 USD",1996,184793991,"Raw milk of cattle","no"
NA,"World",NA,NA,"Raw milk","Gross Production Value (constant 2014-2016 thousand US$)","1000 USD",1997,185815130,"Raw milk of cattle","no"
NA,"World",NA,NA,"Raw milk","Gross Production Value (constant 2014-2016 thousand US$)","1000 USD",1998,188821199,"Raw milk of cattle","no"
NA,"World",NA,NA,"Raw milk","Gross Production Value (constant 2014-2016 thousand US$)","1000 USD",1999,192597633,"Raw milk of cattle","no"
NA,"World",NA,NA,"Raw milk","Gross Production Value (constant 2014-2016 thousand US$)","1000 USD",2000,196662769,"Raw milk of cattle","no"
NA,"World",NA,NA,"Raw milk","Gross Production Value (constant 2014-2016 thousand US$)","1000 USD",2001,199561640,"Raw milk of cattle","no"
NA,"World",NA,NA,"Raw milk","Gross Production Value (constant 2014-2016 thousand US$)","1000 USD",2002,204719281,"Raw milk of cattle","no"
NA,"World",NA,NA,"Raw milk","Gross Production Value (constant 2014-2016 thousand US$)","1000 USD",2003,208817086,"Raw milk of cattle","no"
NA,"World",NA,NA,"Raw milk","Gross Production Value (constant 2014-2016 thousand US$)","1000 USD",2004,213629145,"Raw milk of cattle","no"
NA,"World",NA,NA,"Raw milk","Gross Production Value (constant 2014-2016 thousand US$)","1000 USD",2005,221178193,"Raw milk of cattle","no"
NA,"World",NA,NA,"Raw milk","Gross Production Value (constant 2014-2016 thousand US$)","1000 USD",2006,227790415,"Raw milk of cattle","no"
NA,"World",NA,NA,"Raw milk","Gross Production Value (constant 2014-2016 thousand US$)","1000 USD",2007,231575572,"Raw milk of cattle","no"
NA,"World",NA,NA,"Raw milk","Gross Production Value (constant 2014-2016 thousand US$)","1000 USD",2008,237083811,"Raw milk of cattle","no"
NA,"World",NA,NA,"Raw milk","Gross Production Value (constant 2014-2016 thousand US$)","1000 USD",2009,239617646,"Raw milk of cattle","no"
NA,"World",NA,NA,"Raw milk","Gross Production Value (constant 2014-2016 thousand US$)","1000 USD",2010,244815991,"Raw milk of cattle","no"
NA,"World",NA,NA,"Raw milk","Gross Production Value (constant 2014-2016 thousand US$)","1000 USD",2011,249775076,"Raw milk of cattle","no"
NA,"World",NA,NA,"Raw milk","Gross Production Value (constant 2014-2016 thousand US$)","1000 USD",2012,256020390,"Raw milk of cattle","no"
NA,"World",NA,NA,"Raw milk","Gross Production Value (constant 2014-2016 thousand US$)","1000 USD",2013,258296504,"Raw milk of cattle","no"
NA,"World",NA,NA,"Raw milk","Gross Production Value (constant 2014-2016 thousand US$)","1000 USD",2014,267092591,"Raw milk of cattle","no"
NA,"World",NA,NA,"Raw milk","Gross Production Value (constant 2014-2016 thousand US$)","1000 USD",2015,272514437,"Raw milk of cattle","no"
NA,"World",NA,NA,"Raw milk","Gross Production Value (constant 2014-2016 thousand US$)","1000 USD",2016,274559679,"Raw milk of cattle","no"
NA,"World",NA,NA,"Raw milk","Gross Production Value (constant 2014-2016 thousand US$)","1000 USD",2017,280854241,"Raw milk of cattle","no"
NA,"World",NA,NA,"Raw milk","Gross Production Value (constant 2014-2016 thousand US$)","1000 USD",2018,287337183,"Raw milk of cattle","no"
NA,"World",NA,NA,"Raw milk","Gross Production Value (constant 2014-2016 thousand US$)","1000 USD",2019,293831807,"Raw milk of cattle","no"
NA,"World",NA,NA,"Raw milk","Gross Production Value (constant 2014-2016 thousand US$)","1000 USD",2020,305576655,"Raw milk of cattle","no"
NA,"World",NA,NA,"Raw milk","Gross Production Value (constant 2014-2016 thousand US$)","1000 USD",2021,311832597,"Raw milk of cattle","no"
NA,"World",NA,NA,"Raw milk","Gross Production Value (constant 2014-2016 thousand US$)","1000 USD",2022,314460750,"Raw milk of cattle","no"
NA,"World",NA,NA,"Raw milk","Gross Production Value (constant 2014-2016 thousand US$)","1000 USD",2023,320267096,"Raw milk of cattle","no"
NA,"World",NA,NA,"Raw milk","Gross Production Value (constant 2014-2016 thousand I$)","1000 Int$",1992,4472734,"Raw milk of goats","no"
NA,"World",NA,NA,"Raw milk","Gross Production Value (constant 2014-2016 thousand I$)","1000 Int$",1993,4734666,"Raw milk of goats","no"
NA,"World",NA,NA,"Raw milk","Gross Production Value (constant 2014-2016 thousand I$)","1000 Int$",1994,4990547,"Raw milk of goats","no"
NA,"World",NA,NA,"Raw milk","Gross Production Value (constant 2014-2016 thousand I$)","1000 Int$",1995,5071460,"Raw milk of goats","no"
NA,"World",NA,NA,"Raw milk","Gross Production Value (constant 2014-2016 thousand I$)","1000 Int$",1996,5026166,"Raw milk of goats","no"
NA,"World",NA,NA,"Raw milk","Gross Production Value (constant 2014-2016 thousand I$)","1000 Int$",1997,5139270,"Raw milk of goats","no"
NA,"World",NA,NA,"Raw milk","Gross Production Value (constant 2014-2016 thousand I$)","1000 Int$",1998,5403263,"Raw milk of goats","no"
NA,"World",NA,NA,"Raw milk","Gross Production Value (constant 2014-2016 thousand I$)","1000 Int$",1999,5488738,"Raw milk of goats","no"
NA,"World",NA,NA,"Raw milk","Gross Production Value (constant 2014-2016 thousand I$)","1000 Int$",2000,5548112,"Raw milk of goats","no"
NA,"World",NA,NA,"Raw milk","Gross Production Value (constant 2014-2016 thousand I$)","1000 Int$",2001,5694232,"Raw milk of goats","no"
NA,"World",NA,NA,"Raw milk","Gross Production Value (constant 2014-2016 thousand I$)","1000 Int$",2002,5859850,"Raw milk of goats","no"
NA,"World",NA,NA,"Raw milk","Gross Production Value (constant 2014-2016 thousand I$)","1000 Int$",2003,6073700,"Raw milk of goats","no"
NA,"World",NA,NA,"Raw milk","Gross Production Value (constant 2014-2016 thousand I$)","1000 Int$",2004,6151215,"Raw milk of goats","no"
NA,"World",NA,NA,"Raw milk","Gross Production Value (constant 2014-2016 thousand I$)","1000 Int$",2005,6362144,"Raw milk of goats","no"
NA,"World",NA,NA,"Raw milk","Gross Production Value (constant 2014-2016 thousand I$)","1000 Int$",2006,6407626,"Raw milk of goats","no"
NA,"World",NA,NA,"Raw milk","Gross Production Value (constant 2014-2016 thousand I$)","1000 Int$",2007,6809315,"Raw milk of goats","no"
NA,"World",NA,NA,"Raw milk","Gross Production Value (constant 2014-2016 thousand I$)","1000 Int$",2008,6812892,"Raw milk of goats","no"
NA,"World",NA,NA,"Raw milk","Gross Production Value (constant 2014-2016 thousand I$)","1000 Int$",2009,6926262,"Raw milk of goats","no"
NA,"World",NA,NA,"Raw milk","Gross Production Value (constant 2014-2016 thousand I$)","1000 Int$",2010,6888217,"Raw milk of goats","no"
NA,"World",NA,NA,"Raw milk","Gross Production Value (constant 2014-2016 thousand I$)","1000 Int$",2011,7128505,"Raw milk of goats","no"
NA,"World",NA,NA,"Raw milk","Gross Production Value (constant 2014-2016 thousand I$)","1000 Int$",2012,7265189,"Raw milk of goats","no"
NA,"World",NA,NA,"Raw milk","Gross Production Value (constant 2014-2016 thousand I$)","1000 Int$",2013,7355609,"Raw milk of goats","no"
NA,"World",NA,NA,"Raw milk","Gross Production Value (constant 2014-2016 thousand I$)","1000 Int$",2014,7541505,"Raw milk of goats","no"
NA,"World",NA,NA,"Raw milk","Gross Production Value (constant 2014-2016 thousand I$)","1000 Int$",2015,7682103,"Raw milk of goats","no"
NA,"World",NA,NA,"Raw milk","Gross Production Value (constant 2014-2016 thousand I$)","1000 Int$",2016,7945917,"Raw milk of goats","no"
NA,"World",NA,NA,"Raw milk","Gross Production Value (constant 2014-2016 thousand I$)","1000 Int$",2017,8335467,"Raw milk of goats","no"
NA,"World",NA,NA,"Raw milk","Gross Production Value (constant 2014-2016 thousand I$)","1000 Int$",2018,8462076,"Raw milk of goats","no"
NA,"World",NA,NA,"Raw milk","Gross Production Value (constant 2014-2016 thousand I$)","1000 Int$",2019,8476419,"Raw milk of goats","no"
NA,"World",NA,NA,"Raw milk","Gross Production Value (constant 2014-2016 thousand I$)","1000 Int$",2020,8812703,"Raw milk of goats","no"
NA,"World",NA,NA,"Raw milk","Gross Production Value (constant 2014-2016 thousand I$)","1000 Int$",2021,8956211,"Raw milk of goats","no"
NA,"World",NA,NA,"Raw milk","Gross Production Value (constant 2014-2016 thousand I$)","1000 Int$",2022,9473968,"Raw milk of goats","no"
NA,"World",NA,NA,"Raw milk","Gross Production Value (constant 2014-2016 thousand I$)","1000 Int$",2023,9596498,"Raw milk of goats","no"
NA,"World",NA,NA,"Raw milk","Gross Production Value (constant 2014-2016 thousand US$)","1000 USD",1992,4155337,"Raw milk of goats","no"
NA,"World",NA,NA,"Raw milk","Gross Production Value (constant 2014-2016 thousand US$)","1000 USD",1993,4344103,"Raw milk of goats","no"
NA,"World",NA,NA,"Raw milk","Gross Production Value (constant 2014-2016 thousand US$)","1000 USD",1994,4445044,"Raw milk of goats","no"
NA,"World",NA,NA,"Raw milk","Gross Production Value (constant 2014-2016 thousand US$)","1000 USD",1995,4299252,"Raw milk of goats","no"
NA,"World",NA,NA,"Raw milk","Gross Production Value (constant 2014-2016 thousand US$)","1000 USD",1996,4300747,"Raw milk of goats","no"
NA,"World",NA,NA,"Raw milk","Gross Production Value (constant 2014-2016 thousand US$)","1000 USD",1997,4379471,"Raw milk of goats","no"
NA,"World",NA,NA,"Raw milk","Gross Production Value (constant 2014-2016 thousand US$)","1000 USD",1998,4535334,"Raw milk of goats","no"
NA,"World",NA,NA,"Raw milk","Gross Production Value (constant 2014-2016 thousand US$)","1000 USD",1999,4603582,"Raw milk of goats","no"
NA,"World",NA,NA,"Raw milk","Gross Production Value (constant 2014-2016 thousand US$)","1000 USD",2000,4647181,"Raw milk of goats","no"
NA,"World",NA,NA,"Raw milk","Gross Production Value (constant 2014-2016 thousand US$)","1000 USD",2001,4810250,"Raw milk of goats","no"
NA,"World",NA,NA,"Raw milk","Gross Production Value (constant 2014-2016 thousand US$)","1000 USD",2002,4929374,"Raw milk of goats","no"
NA,"World",NA,NA,"Raw milk","Gross Production Value (constant 2014-2016 thousand US$)","1000 USD",2003,5117008,"Raw milk of goats","no"
NA,"World",NA,NA,"Raw milk","Gross Production Value (constant 2014-2016 thousand US$)","1000 USD",2004,5148271,"Raw milk of goats","no"
NA,"World",NA,NA,"Raw milk","Gross Production Value (constant 2014-2016 thousand US$)","1000 USD",2005,5323071,"Raw milk of goats","no"
NA,"World",NA,NA,"Raw milk","Gross Production Value (constant 2014-2016 thousand US$)","1000 USD",2006,5440552,"Raw milk of goats","no"
NA,"World",NA,NA,"Raw milk","Gross Production Value (constant 2014-2016 thousand US$)","1000 USD",2007,5817880,"Raw milk of goats","no"
NA,"World",NA,NA,"Raw milk","Gross Production Value (constant 2014-2016 thousand US$)","1000 USD",2008,5777858,"Raw milk of goats","no"
NA,"World",NA,NA,"Raw milk","Gross Production Value (constant 2014-2016 thousand US$)","1000 USD",2009,5876074,"Raw milk of goats","no"
NA,"World",NA,NA,"Raw milk","Gross Production Value (constant 2014-2016 thousand US$)","1000 USD",2010,5690659,"Raw milk of goats","no"
NA,"World",NA,NA,"Raw milk","Gross Production Value (constant 2014-2016 thousand US$)","1000 USD",2011,5901729,"Raw milk of goats","no"
NA,"World",NA,NA,"Raw milk","Gross Production Value (constant 2014-2016 thousand US$)","1000 USD",2012,5996241,"Raw milk of goats","no"
NA,"World",NA,NA,"Raw milk","Gross Production Value (constant 2014-2016 thousand US$)","1000 USD",2013,6057310,"Raw milk of goats","no"
NA,"World",NA,NA,"Raw milk","Gross Production Value (constant 2014-2016 thousand US$)","1000 USD",2014,6221407,"Raw milk of goats","no"
NA,"World",NA,NA,"Raw milk","Gross Production Value (constant 2014-2016 thousand US$)","1000 USD",2015,6288411,"Raw milk of goats","no"
NA,"World",NA,NA,"Raw milk","Gross Production Value (constant 2014-2016 thousand US$)","1000 USD",2016,6545126,"Raw milk of goats","no"
NA,"World",NA,NA,"Raw milk","Gross Production Value (constant 2014-2016 thousand US$)","1000 USD",2017,6889770,"Raw milk of goats","no"
NA,"World",NA,NA,"Raw milk","Gross Production Value (constant 2014-2016 thousand US$)","1000 USD",2018,6924036,"Raw milk of goats","no"
NA,"World",NA,NA,"Raw milk","Gross Production Value (constant 2014-2016 thousand US$)","1000 USD",2019,6983712,"Raw milk of goats","no"
NA,"World",NA,NA,"Raw milk","Gross Production Value (constant 2014-2016 thousand US$)","1000 USD",2020,7322147,"Raw milk of goats","no"
NA,"World",NA,NA,"Raw milk","Gross Production Value (constant 2014-2016 thousand US$)","1000 USD",2021,7476428,"Raw milk of goats","no"
NA,"World",NA,NA,"Raw milk","Gross Production Value (constant 2014-2016 thousand US$)","1000 USD",2022,7872843,"Raw milk of goats","no"
NA,"World",NA,NA,"Raw milk","Gross Production Value (constant 2014-2016 thousand US$)","1000 USD",2023,7914197,"Raw milk of goats","no"
NA,"World",NA,NA,"Raw milk","Gross Production Value (constant 2014-2016 thousand I$)","1000 Int$",1992,4272534,"Raw milk of sheep","no"
NA,"World",NA,NA,"Raw milk","Gross Production Value (constant 2014-2016 thousand I$)","1000 Int$",1993,4548863,"Raw milk of sheep","no"
NA,"World",NA,NA,"Raw milk","Gross Production Value (constant 2014-2016 thousand I$)","1000 Int$",1994,4760916,"Raw milk of sheep","no"
NA,"World",NA,NA,"Raw milk","Gross Production Value (constant 2014-2016 thousand I$)","1000 Int$",1995,4780076,"Raw milk of sheep","no"
NA,"World",NA,NA,"Raw milk","Gross Production Value (constant 2014-2016 thousand I$)","1000 Int$",1996,4928249,"Raw milk of sheep","no"
NA,"World",NA,NA,"Raw milk","Gross Production Value (constant 2014-2016 thousand I$)","1000 Int$",1997,4891374,"Raw milk of sheep","no"
NA,"World",NA,NA,"Raw milk","Gross Production Value (constant 2014-2016 thousand I$)","1000 Int$",1998,4959575,"Raw milk of sheep","no"
NA,"World",NA,NA,"Raw milk","Gross Production Value (constant 2014-2016 thousand I$)","1000 Int$",1999,4967747,"Raw milk of sheep","no"
NA,"World",NA,NA,"Raw milk","Gross Production Value (constant 2014-2016 thousand I$)","1000 Int$",2000,4904723,"Raw milk of sheep","no"
NA,"World",NA,NA,"Raw milk","Gross Production Value (constant 2014-2016 thousand I$)","1000 Int$",2001,5025720,"Raw milk of sheep","no"
NA,"World",NA,NA,"Raw milk","Gross Production Value (constant 2014-2016 thousand I$)","1000 Int$",2002,4915439,"Raw milk of sheep","no"
NA,"World",NA,NA,"Raw milk","Gross Production Value (constant 2014-2016 thousand I$)","1000 Int$",2003,5050569,"Raw milk of sheep","no"
NA,"World",NA,NA,"Raw milk","Gross Production Value (constant 2014-2016 thousand I$)","1000 Int$",2004,5163712,"Raw milk of sheep","no"
NA,"World",NA,NA,"Raw milk","Gross Production Value (constant 2014-2016 thousand I$)","1000 Int$",2005,5299356,"Raw milk of sheep","no"
NA,"World",NA,NA,"Raw milk","Gross Production Value (constant 2014-2016 thousand I$)","1000 Int$",2006,5394829,"Raw milk of sheep","no"
NA,"World",NA,NA,"Raw milk","Gross Production Value (constant 2014-2016 thousand I$)","1000 Int$",2007,5443987,"Raw milk of sheep","no"
NA,"World",NA,NA,"Raw milk","Gross Production Value (constant 2014-2016 thousand I$)","1000 Int$",2008,5322647,"Raw milk of sheep","no"
NA,"World",NA,NA,"Raw milk","Gross Production Value (constant 2014-2016 thousand I$)","1000 Int$",2009,5577726,"Raw milk of sheep","no"
NA,"World",NA,NA,"Raw milk","Gross Production Value (constant 2014-2016 thousand I$)","1000 Int$",2010,5947636,"Raw milk of sheep","no"
NA,"World",NA,NA,"Raw milk","Gross Production Value (constant 2014-2016 thousand I$)","1000 Int$",2011,5868734,"Raw milk of sheep","no"
NA,"World",NA,NA,"Raw milk","Gross Production Value (constant 2014-2016 thousand I$)","1000 Int$",2012,5831810,"Raw milk of sheep","no"
NA,"World",NA,NA,"Raw milk","Gross Production Value (constant 2014-2016 thousand I$)","1000 Int$",2013,5899469,"Raw milk of sheep","no"
NA,"World",NA,NA,"Raw milk","Gross Production Value (constant 2014-2016 thousand I$)","1000 Int$",2014,5958295,"Raw milk of sheep","no"
NA,"World",NA,NA,"Raw milk","Gross Production Value (constant 2014-2016 thousand I$)","1000 Int$",2015,6010058,"Raw milk of sheep","no"
NA,"World",NA,NA,"Raw milk","Gross Production Value (constant 2014-2016 thousand I$)","1000 Int$",2016,6014347,"Raw milk of sheep","no"
NA,"World",NA,NA,"Raw milk","Gross Production Value (constant 2014-2016 thousand I$)","1000 Int$",2017,6178722,"Raw milk of sheep","no"
NA,"World",NA,NA,"Raw milk","Gross Production Value (constant 2014-2016 thousand I$)","1000 Int$",2018,6123256,"Raw milk of sheep","no"
NA,"World",NA,NA,"Raw milk","Gross Production Value (constant 2014-2016 thousand I$)","1000 Int$",2019,6261616,"Raw milk of sheep","no"
NA,"World",NA,NA,"Raw milk","Gross Production Value (constant 2014-2016 thousand I$)","1000 Int$",2020,6202101,"Raw milk of sheep","no"
NA,"World",NA,NA,"Raw milk","Gross Production Value (constant 2014-2016 thousand I$)","1000 Int$",2021,6236432,"Raw milk of sheep","no"
NA,"World",NA,NA,"Raw milk","Gross Production Value (constant 2014-2016 thousand I$)","1000 Int$",2022,6168354,"Raw milk of sheep","no"
NA,"World",NA,NA,"Raw milk","Gross Production Value (constant 2014-2016 thousand I$)","1000 Int$",2023,6110087,"Raw milk of sheep","no"
NA,"World",NA,NA,"Raw milk","Gross Production Value (constant 2014-2016 thousand US$)","1000 USD",1992,4218092,"Raw milk of sheep","no"
NA,"World",NA,NA,"Raw milk","Gross Production Value (constant 2014-2016 thousand US$)","1000 USD",1993,4582188,"Raw milk of sheep","no"
NA,"World",NA,NA,"Raw milk","Gross Production Value (constant 2014-2016 thousand US$)","1000 USD",1994,4633546,"Raw milk of sheep","no"
NA,"World",NA,NA,"Raw milk","Gross Production Value (constant 2014-2016 thousand US$)","1000 USD",1995,4514185,"Raw milk of sheep","no"
NA,"World",NA,NA,"Raw milk","Gross Production Value (constant 2014-2016 thousand US$)","1000 USD",1996,4615400,"Raw milk of sheep","no"
NA,"World",NA,NA,"Raw milk","Gross Production Value (constant 2014-2016 thousand US$)","1000 USD",1997,4510458,"Raw milk of sheep","no"
NA,"World",NA,NA,"Raw milk","Gross Production Value (constant 2014-2016 thousand US$)","1000 USD",1998,4682344,"Raw milk of sheep","no"
NA,"World",NA,NA,"Raw milk","Gross Production Value (constant 2014-2016 thousand US$)","1000 USD",1999,4778520,"Raw milk of sheep","no"
NA,"World",NA,NA,"Raw milk","Gross Production Value (constant 2014-2016 thousand US$)","1000 USD",2000,4750779,"Raw milk of sheep","no"
NA,"World",NA,NA,"Raw milk","Gross Production Value (constant 2014-2016 thousand US$)","1000 USD",2001,4800667,"Raw milk of sheep","no"
NA,"World",NA,NA,"Raw milk","Gross Production Value (constant 2014-2016 thousand US$)","1000 USD",2002,4591209,"Raw milk of sheep","no"
NA,"World",NA,NA,"Raw milk","Gross Production Value (constant 2014-2016 thousand US$)","1000 USD",2003,4702387,"Raw milk of sheep","no"
NA,"World",NA,NA,"Raw milk","Gross Production Value (constant 2014-2016 thousand US$)","1000 USD",2004,4686011,"Raw milk of sheep","no"
NA,"World",NA,NA,"Raw milk","Gross Production Value (constant 2014-2016 thousand US$)","1000 USD",2005,4733407,"Raw milk of sheep","no"
NA,"World",NA,NA,"Raw milk","Gross Production Value (constant 2014-2016 thousand US$)","1000 USD",2006,4832274,"Raw milk of sheep","no"
NA,"World",NA,NA,"Raw milk","Gross Production Value (constant 2014-2016 thousand US$)","1000 USD",2007,4789942,"Raw milk of sheep","no"
NA,"World",NA,NA,"Raw milk","Gross Production Value (constant 2014-2016 thousand US$)","1000 USD",2008,4765819,"Raw milk of sheep","no"
NA,"World",NA,NA,"Raw milk","Gross Production Value (constant 2014-2016 thousand US$)","1000 USD",2009,4810029,"Raw milk of sheep","no"
NA,"World",NA,NA,"Raw milk","Gross Production Value (constant 2014-2016 thousand US$)","1000 USD",2010,5194195,"Raw milk of sheep","no"
NA,"World",NA,NA,"Raw milk","Gross Production Value (constant 2014-2016 thousand US$)","1000 USD",2011,5193348,"Raw milk of sheep","no"
NA,"World",NA,NA,"Raw milk","Gross Production Value (constant 2014-2016 thousand US$)","1000 USD",2012,5173853,"Raw milk of sheep","no"
NA,"World",NA,NA,"Raw milk","Gross Production Value (constant 2014-2016 thousand US$)","1000 USD",2013,5275533,"Raw milk of sheep","no"
NA,"World",NA,NA,"Raw milk","Gross Production Value (constant 2014-2016 thousand US$)","1000 USD",2014,5415306,"Raw milk of sheep","no"
NA,"World",NA,NA,"Raw milk","Gross Production Value (constant 2014-2016 thousand US$)","1000 USD",2015,5566297,"Raw milk of sheep","no"
NA,"World",NA,NA,"Raw milk","Gross Production Value (constant 2014-2016 thousand US$)","1000 USD",2016,5560884,"Raw milk of sheep","no"
NA,"World",NA,NA,"Raw milk","Gross Production Value (constant 2014-2016 thousand US$)","1000 USD",2017,5814707,"Raw milk of sheep","no"
NA,"World",NA,NA,"Raw milk","Gross Production Value (constant 2014-2016 thousand US$)","1000 USD",2018,5814342,"Raw milk of sheep","no"
NA,"World",NA,NA,"Raw milk","Gross Production Value (constant 2014-2016 thousand US$)","1000 USD",2019,5999812,"Raw milk of sheep","no"
NA,"World",NA,NA,"Raw milk","Gross Production Value (constant 2014-2016 thousand US$)","1000 USD",2020,5783107,"Raw milk of sheep","no"
NA,"World",NA,NA,"Raw milk","Gross Production Value (constant 2014-2016 thousand US$)","1000 USD",2021,5873105,"Raw milk of sheep","no"
NA,"World",NA,NA,"Raw milk","Gross Production Value (constant 2014-2016 thousand US$)","1000 USD",2022,5749446,"Raw milk of sheep","no"
NA,"World",NA,NA,"Raw milk","Gross Production Value (constant 2014-2016 thousand US$)","1000 USD",2023,5633958,"Raw milk of sheep","no"
NA,"World",NA,NA,"Cereals","Gross Production Value (constant 2014-2016 thousand I$)","1000 Int$",1992,206525934,"Rice","no"
NA,"World",NA,NA,"Cereals","Gross Production Value (constant 2014-2016 thousand I$)","1000 Int$",1993,206697154,"Rice","no"
NA,"World",NA,NA,"Cereals","Gross Production Value (constant 2014-2016 thousand I$)","1000 Int$",1994,210886876,"Rice","no"
NA,"World",NA,NA,"Cereals","Gross Production Value (constant 2014-2016 thousand I$)","1000 Int$",1995,214020828,"Rice","no"
NA,"World",NA,NA,"Cereals","Gross Production Value (constant 2014-2016 thousand I$)","1000 Int$",1996,222361793,"Rice","no"
NA,"World",NA,NA,"Cereals","Gross Production Value (constant 2014-2016 thousand I$)","1000 Int$",1997,225722129,"Rice","no"
NA,"World",NA,NA,"Cereals","Gross Production Value (constant 2014-2016 thousand I$)","1000 Int$",1998,226465551,"Rice","no"
NA,"World",NA,NA,"Cereals","Gross Production Value (constant 2014-2016 thousand I$)","1000 Int$",1999,239148775,"Rice","no"
NA,"World",NA,NA,"Cereals","Gross Production Value (constant 2014-2016 thousand I$)","1000 Int$",2000,234219879,"Rice","no"
NA,"World",NA,NA,"Cereals","Gross Production Value (constant 2014-2016 thousand I$)","1000 Int$",2001,234848698,"Rice","no"
NA,"World",NA,NA,"Cereals","Gross Production Value (constant 2014-2016 thousand I$)","1000 Int$",2002,223468279,"Rice","no"
NA,"World",NA,NA,"Cereals","Gross Production Value (constant 2014-2016 thousand I$)","1000 Int$",2003,229818319,"Rice","no"
NA,"World",NA,NA,"Cereals","Gross Production Value (constant 2014-2016 thousand I$)","1000 Int$",2004,237621948,"Rice","no"
NA,"World",NA,NA,"Cereals","Gross Production Value (constant 2014-2016 thousand I$)","1000 Int$",2005,248176301,"Rice","no"
NA,"World",NA,NA,"Cereals","Gross Production Value (constant 2014-2016 thousand I$)","1000 Int$",2006,250563044,"Rice","no"
NA,"World",NA,NA,"Cereals","Gross Production Value (constant 2014-2016 thousand I$)","1000 Int$",2007,256340309,"Rice","no"
NA,"World",NA,NA,"Cereals","Gross Production Value (constant 2014-2016 thousand I$)","1000 Int$",2008,268225406,"Rice","no"
NA,"World",NA,NA,"Cereals","Gross Production Value (constant 2014-2016 thousand I$)","1000 Int$",2009,266456483,"Rice","no"
NA,"World",NA,NA,"Cereals","Gross Production Value (constant 2014-2016 thousand I$)","1000 Int$",2010,272328692,"Rice","no"
NA,"World",NA,NA,"Cereals","Gross Production Value (constant 2014-2016 thousand I$)","1000 Int$",2011,282327294,"Rice","no"
NA,"World",NA,NA,"Cereals","Gross Production Value (constant 2014-2016 thousand I$)","1000 Int$",2012,285188822,"Rice","no"
NA,"World",NA,NA,"Cereals","Gross Production Value (constant 2014-2016 thousand I$)","1000 Int$",2013,288276866,"Rice","no"
NA,"World",NA,NA,"Cereals","Gross Production Value (constant 2014-2016 thousand I$)","1000 Int$",2014,288494055,"Rice","no"
NA,"World",NA,NA,"Cereals","Gross Production Value (constant 2014-2016 thousand I$)","1000 Int$",2015,286761570,"Rice","no"
NA,"World",NA,NA,"Cereals","Gross Production Value (constant 2014-2016 thousand I$)","1000 Int$",2016,288189363,"Rice","no"
NA,"World",NA,NA,"Cereals","Gross Production Value (constant 2014-2016 thousand I$)","1000 Int$",2017,292641405,"Rice","no"
NA,"World",NA,NA,"Cereals","Gross Production Value (constant 2014-2016 thousand I$)","1000 Int$",2018,298538425,"Rice","no"
NA,"World",NA,NA,"Cereals","Gross Production Value (constant 2014-2016 thousand I$)","1000 Int$",2019,295246233,"Rice","no"
NA,"World",NA,NA,"Cereals","Gross Production Value (constant 2014-2016 thousand I$)","1000 Int$",2020,302848032,"Rice","no"
NA,"World",NA,NA,"Cereals","Gross Production Value (constant 2014-2016 thousand I$)","1000 Int$",2021,308986209,"Rice","no"
NA,"World",NA,NA,"Cereals","Gross Production Value (constant 2014-2016 thousand I$)","1000 Int$",2022,308242821,"Rice","no"
NA,"World",NA,NA,"Cereals","Gross Production Value (constant 2014-2016 thousand I$)","1000 Int$",2023,312572946,"Rice","no"
NA,"World",NA,NA,"Cereals","Gross Production Value (constant 2014-2016 thousand US$)","1000 USD",1992,253785913,"Rice","no"
NA,"World",NA,NA,"Cereals","Gross Production Value (constant 2014-2016 thousand US$)","1000 USD",1993,247045741,"Rice","no"
NA,"World",NA,NA,"Cereals","Gross Production Value (constant 2014-2016 thousand US$)","1000 USD",1994,257793640,"Rice","no"
NA,"World",NA,NA,"Cereals","Gross Production Value (constant 2014-2016 thousand US$)","1000 USD",1995,259721185,"Rice","no"
NA,"World",NA,NA,"Cereals","Gross Production Value (constant 2014-2016 thousand US$)","1000 USD",1996,270626427,"Rice","no"
NA,"World",NA,NA,"Cereals","Gross Production Value (constant 2014-2016 thousand US$)","1000 USD",1997,273332155,"Rice","no"
NA,"World",NA,NA,"Cereals","Gross Production Value (constant 2014-2016 thousand US$)","1000 USD",1998,271315988,"Rice","no"
NA,"World",NA,NA,"Cereals","Gross Production Value (constant 2014-2016 thousand US$)","1000 USD",1999,281759105,"Rice","no"
NA,"World",NA,NA,"Cereals","Gross Production Value (constant 2014-2016 thousand US$)","1000 USD",2000,275432694,"Rice","no"
NA,"World",NA,NA,"Cereals","Gross Production Value (constant 2014-2016 thousand US$)","1000 USD",2001,274225740,"Rice","no"
NA,"World",NA,NA,"Cereals","Gross Production Value (constant 2014-2016 thousand US$)","1000 USD",2002,260172710,"Rice","no"
NA,"World",NA,NA,"Cereals","Gross Production Value (constant 2014-2016 thousand US$)","1000 USD",2003,262710235,"Rice","no"
NA,"World",NA,NA,"Cereals","Gross Production Value (constant 2014-2016 thousand US$)","1000 USD",2004,274247869,"Rice","no"
NA,"World",NA,NA,"Cereals","Gross Production Value (constant 2014-2016 thousand US$)","1000 USD",2005,283743448,"Rice","no"
NA,"World",NA,NA,"Cereals","Gross Production Value (constant 2014-2016 thousand US$)","1000 USD",2006,284123309,"Rice","no"
NA,"World",NA,NA,"Cereals","Gross Production Value (constant 2014-2016 thousand US$)","1000 USD",2007,289735531,"Rice","no"
NA,"World",NA,NA,"Cereals","Gross Production Value (constant 2014-2016 thousand US$)","1000 USD",2008,301731612,"Rice","no"
NA,"World",NA,NA,"Cereals","Gross Production Value (constant 2014-2016 thousand US$)","1000 USD",2009,299373903,"Rice","no"
NA,"World",NA,NA,"Cereals","Gross Production Value (constant 2014-2016 thousand US$)","1000 USD",2010,304350389,"Rice","no"
NA,"World",NA,NA,"Cereals","Gross Production Value (constant 2014-2016 thousand US$)","1000 USD",2011,314926919,"Rice","no"
NA,"World",NA,NA,"Cereals","Gross Production Value (constant 2014-2016 thousand US$)","1000 USD",2012,319988532,"Rice","no"
NA,"World",NA,NA,"Cereals","Gross Production Value (constant 2014-2016 thousand US$)","1000 USD",2013,323734030,"Rice","no"
NA,"World",NA,NA,"Cereals","Gross Production Value (constant 2014-2016 thousand US$)","1000 USD",2014,323865724,"Rice","no"
NA,"World",NA,NA,"Cereals","Gross Production Value (constant 2014-2016 thousand US$)","1000 USD",2015,324266855,"Rice","no"
NA,"World",NA,NA,"Cereals","Gross Production Value (constant 2014-2016 thousand US$)","1000 USD",2016,323574640,"Rice","no"
NA,"World",NA,NA,"Cereals","Gross Production Value (constant 2014-2016 thousand US$)","1000 USD",2017,327910045,"Rice","no"
NA,"World",NA,NA,"Cereals","Gross Production Value (constant 2014-2016 thousand US$)","1000 USD",2018,333565526,"Rice","no"
NA,"World",NA,NA,"Cereals","Gross Production Value (constant 2014-2016 thousand US$)","1000 USD",2019,330309855,"Rice","no"
NA,"World",NA,NA,"Cereals","Gross Production Value (constant 2014-2016 thousand US$)","1000 USD",2020,337488643,"Rice","no"
NA,"World",NA,NA,"Cereals","Gross Production Value (constant 2014-2016 thousand US$)","1000 USD",2021,343391579,"Rice","no"
NA,"World",NA,NA,"Cereals","Gross Production Value (constant 2014-2016 thousand US$)","1000 USD",2022,342473004,"Rice","no"
NA,"World",NA,NA,"Cereals","Gross Production Value (constant 2014-2016 thousand US$)","1000 USD",2023,345736655,"Rice","no"
NA,"World",NA,NA,"Cereals","Gross Production Value (constant 2014-2016 thousand I$)","1000 Int$",1992,6936225,"Rye","no"
NA,"World",NA,NA,"Cereals","Gross Production Value (constant 2014-2016 thousand I$)","1000 Int$",1993,6091726,"Rye","no"
NA,"World",NA,NA,"Cereals","Gross Production Value (constant 2014-2016 thousand I$)","1000 Int$",1994,6172322,"Rye","no"
NA,"World",NA,NA,"Cereals","Gross Production Value (constant 2014-2016 thousand I$)","1000 Int$",1995,6263792,"Rye","no"
NA,"World",NA,NA,"Cereals","Gross Production Value (constant 2014-2016 thousand I$)","1000 Int$",1996,6226707,"Rye","no"
NA,"World",NA,NA,"Cereals","Gross Production Value (constant 2014-2016 thousand I$)","1000 Int$",1997,6823191,"Rye","no"
NA,"World",NA,NA,"Cereals","Gross Production Value (constant 2014-2016 thousand I$)","1000 Int$",1998,5701751,"Rye","no"
NA,"World",NA,NA,"Cereals","Gross Production Value (constant 2014-2016 thousand I$)","1000 Int$",1999,5443947,"Rye","no"
NA,"World",NA,NA,"Cereals","Gross Production Value (constant 2014-2016 thousand I$)","1000 Int$",2000,5430172,"Rye","no"
NA,"World",NA,NA,"Cereals","Gross Production Value (constant 2014-2016 thousand I$)","1000 Int$",2001,6314498,"Rye","no"
NA,"World",NA,NA,"Cereals","Gross Production Value (constant 2014-2016 thousand I$)","1000 Int$",2002,5653090,"Rye","no"
NA,"World",NA,NA,"Cereals","Gross Production Value (constant 2014-2016 thousand I$)","1000 Int$",2003,3955745,"Rye","no"
NA,"World",NA,NA,"Cereals","Gross Production Value (constant 2014-2016 thousand I$)","1000 Int$",2004,4761689,"Rye","no"
NA,"World",NA,NA,"Cereals","Gross Production Value (constant 2014-2016 thousand I$)","1000 Int$",2005,4109683,"Rye","no"
NA,"World",NA,NA,"Cereals","Gross Production Value (constant 2014-2016 thousand I$)","1000 Int$",2006,3420552,"Rye","no"
NA,"World",NA,NA,"Cereals","Gross Production Value (constant 2014-2016 thousand I$)","1000 Int$",2007,4081654,"Rye","no"
NA,"World",NA,NA,"Cereals","Gross Production Value (constant 2014-2016 thousand I$)","1000 Int$",2008,4895211,"Rye","no"
NA,"World",NA,NA,"Cereals","Gross Production Value (constant 2014-2016 thousand I$)","1000 Int$",2009,4922404,"Rye","no"
NA,"World",NA,NA,"Cereals","Gross Production Value (constant 2014-2016 thousand I$)","1000 Int$",2010,3217981,"Rye","no"
NA,"World",NA,NA,"Cereals","Gross Production Value (constant 2014-2016 thousand I$)","1000 Int$",2011,3539260,"Rye","no"
NA,"World",NA,NA,"Cereals","Gross Production Value (constant 2014-2016 thousand I$)","1000 Int$",2012,3915710,"Rye","no"
NA,"World",NA,NA,"Cereals","Gross Production Value (constant 2014-2016 thousand I$)","1000 Int$",2013,4618405,"Rye","no"
NA,"World",NA,NA,"Cereals","Gross Production Value (constant 2014-2016 thousand I$)","1000 Int$",2014,4214775,"Rye","no"
NA,"World",NA,NA,"Cereals","Gross Production Value (constant 2014-2016 thousand I$)","1000 Int$",2015,3523230,"Rye","no"
NA,"World",NA,NA,"Cereals","Gross Production Value (constant 2014-2016 thousand I$)","1000 Int$",2016,3559430,"Rye","no"
NA,"World",NA,NA,"Cereals","Gross Production Value (constant 2014-2016 thousand I$)","1000 Int$",2017,3585608,"Rye","no"
NA,"World",NA,NA,"Cereals","Gross Production Value (constant 2014-2016 thousand I$)","1000 Int$",2018,2895157,"Rye","no"
NA,"World",NA,NA,"Cereals","Gross Production Value (constant 2014-2016 thousand I$)","1000 Int$",2019,3617469,"Rye","no"
NA,"World",NA,NA,"Cereals","Gross Production Value (constant 2014-2016 thousand I$)","1000 Int$",2020,4187044,"Rye","no"
NA,"World",NA,NA,"Cereals","Gross Production Value (constant 2014-2016 thousand I$)","1000 Int$",2021,3639192,"Rye","no"
NA,"World",NA,NA,"Cereals","Gross Production Value (constant 2014-2016 thousand I$)","1000 Int$",2022,3639350,"Rye","no"
NA,"World",NA,NA,"Cereals","Gross Production Value (constant 2014-2016 thousand I$)","1000 Int$",2023,3424418,"Rye","no"
NA,"World",NA,NA,"Cereals","Gross Production Value (constant 2014-2016 thousand US$)","1000 USD",1992,6660299,"Rye","no"
NA,"World",NA,NA,"Cereals","Gross Production Value (constant 2014-2016 thousand US$)","1000 USD",1993,5693674,"Rye","no"
NA,"World",NA,NA,"Cereals","Gross Production Value (constant 2014-2016 thousand US$)","1000 USD",1994,5684582,"Rye","no"
NA,"World",NA,NA,"Cereals","Gross Production Value (constant 2014-2016 thousand US$)","1000 USD",1995,5661723,"Rye","no"
NA,"World",NA,NA,"Cereals","Gross Production Value (constant 2014-2016 thousand US$)","1000 USD",1996,5111723,"Rye","no"
NA,"World",NA,NA,"Cereals","Gross Production Value (constant 2014-2016 thousand US$)","1000 USD",1997,5847775,"Rye","no"
NA,"World",NA,NA,"Cereals","Gross Production Value (constant 2014-2016 thousand US$)","1000 USD",1998,5077440,"Rye","no"
NA,"World",NA,NA,"Cereals","Gross Production Value (constant 2014-2016 thousand US$)","1000 USD",1999,4587317,"Rye","no"
NA,"World",NA,NA,"Cereals","Gross Production Value (constant 2014-2016 thousand US$)","1000 USD",2000,4719677,"Rye","no"
NA,"World",NA,NA,"Cereals","Gross Production Value (constant 2014-2016 thousand US$)","1000 USD",2001,4457473,"Rye","no"
NA,"World",NA,NA,"Cereals","Gross Production Value (constant 2014-2016 thousand US$)","1000 USD",2002,3812222,"Rye","no"
NA,"World",NA,NA,"Cereals","Gross Production Value (constant 2014-2016 thousand US$)","1000 USD",2003,3436672,"Rye","no"
NA,"World",NA,NA,"Cereals","Gross Production Value (constant 2014-2016 thousand US$)","1000 USD",2004,3673654,"Rye","no"
NA,"World",NA,NA,"Cereals","Gross Production Value (constant 2014-2016 thousand US$)","1000 USD",2005,3204235,"Rye","no"
NA,"World",NA,NA,"Cereals","Gross Production Value (constant 2014-2016 thousand US$)","1000 USD",2006,2459198,"Rye","no"
NA,"World",NA,NA,"Cereals","Gross Production Value (constant 2014-2016 thousand US$)","1000 USD",2007,3494592,"Rye","no"
NA,"World",NA,NA,"Cereals","Gross Production Value (constant 2014-2016 thousand US$)","1000 USD",2008,3777584,"Rye","no"
NA,"World",NA,NA,"Cereals","Gross Production Value (constant 2014-2016 thousand US$)","1000 USD",2009,3784807,"Rye","no"
NA,"World",NA,NA,"Cereals","Gross Production Value (constant 2014-2016 thousand US$)","1000 USD",2010,2910482,"Rye","no"
NA,"World",NA,NA,"Cereals","Gross Production Value (constant 2014-2016 thousand US$)","1000 USD",2011,3388012,"Rye","no"
NA,"World",NA,NA,"Cereals","Gross Production Value (constant 2014-2016 thousand US$)","1000 USD",2012,3406063,"Rye","no"
NA,"World",NA,NA,"Cereals","Gross Production Value (constant 2014-2016 thousand US$)","1000 USD",2013,3629275,"Rye","no"
NA,"World",NA,NA,"Cereals","Gross Production Value (constant 2014-2016 thousand US$)","1000 USD",2014,3201824,"Rye","no"
NA,"World",NA,NA,"Cereals","Gross Production Value (constant 2014-2016 thousand US$)","1000 USD",2015,2909128,"Rye","no"
NA,"World",NA,NA,"Cereals","Gross Production Value (constant 2014-2016 thousand US$)","1000 USD",2016,2994342,"Rye","no"
NA,"World",NA,NA,"Cereals","Gross Production Value (constant 2014-2016 thousand US$)","1000 USD",2017,2948098,"Rye","no"
NA,"World",NA,NA,"Cereals","Gross Production Value (constant 2014-2016 thousand US$)","1000 USD",2018,2589494,"Rye","no"
NA,"World",NA,NA,"Cereals","Gross Production Value (constant 2014-2016 thousand US$)","1000 USD",2019,2984969,"Rye","no"
NA,"World",NA,NA,"Cereals","Gross Production Value (constant 2014-2016 thousand US$)","1000 USD",2020,3224715,"Rye","no"
NA,"World",NA,NA,"Cereals","Gross Production Value (constant 2014-2016 thousand US$)","1000 USD",2021,2958615,"Rye","no"
NA,"World",NA,NA,"Cereals","Gross Production Value (constant 2014-2016 thousand US$)","1000 USD",2022,2980801,"Rye","no"
NA,"World",NA,NA,"Cereals","Gross Production Value (constant 2014-2016 thousand US$)","1000 USD",2023,2871019,"Rye","no"
NA,"World",NA,NA,"Oilseeds and oleaginous fruits","Gross Production Value (constant 2014-2016 thousand I$)","1000 Int$",1992,218778,"Safflower seed","no"
NA,"World",NA,NA,"Oilseeds and oleaginous fruits","Gross Production Value (constant 2014-2016 thousand I$)","1000 Int$",1993,303085,"Safflower seed","no"
NA,"World",NA,NA,"Oilseeds and oleaginous fruits","Gross Production Value (constant 2014-2016 thousand I$)","1000 Int$",1994,364642,"Safflower seed","no"
NA,"World",NA,NA,"Oilseeds and oleaginous fruits","Gross Production Value (constant 2014-2016 thousand I$)","1000 Int$",1995,338252,"Safflower seed","no"
NA,"World",NA,NA,"Oilseeds and oleaginous fruits","Gross Production Value (constant 2014-2016 thousand I$)","1000 Int$",1996,346667,"Safflower seed","no"
NA,"World",NA,NA,"Oilseeds and oleaginous fruits","Gross Production Value (constant 2014-2016 thousand I$)","1000 Int$",1997,356926,"Safflower seed","no"
NA,"World",NA,NA,"Oilseeds and oleaginous fruits","Gross Production Value (constant 2014-2016 thousand I$)","1000 Int$",1998,245708,"Safflower seed","no"
NA,"World",NA,NA,"Oilseeds and oleaginous fruits","Gross Production Value (constant 2014-2016 thousand I$)","1000 Int$",1999,335285,"Safflower seed","no"
NA,"World",NA,NA,"Oilseeds and oleaginous fruits","Gross Production Value (constant 2014-2016 thousand I$)","1000 Int$",2000,268416,"Safflower seed","no"
NA,"World",NA,NA,"Oilseeds and oleaginous fruits","Gross Production Value (constant 2014-2016 thousand I$)","1000 Int$",2001,230049,"Safflower seed","no"
NA,"World",NA,NA,"Oilseeds and oleaginous fruits","Gross Production Value (constant 2014-2016 thousand I$)","1000 Int$",2002,216290,"Safflower seed","no"
NA,"World",NA,NA,"Oilseeds and oleaginous fruits","Gross Production Value (constant 2014-2016 thousand I$)","1000 Int$",2003,280498,"Safflower seed","no"
NA,"World",NA,NA,"Oilseeds and oleaginous fruits","Gross Production Value (constant 2014-2016 thousand I$)","1000 Int$",2004,261603,"Safflower seed","no"
NA,"World",NA,NA,"Oilseeds and oleaginous fruits","Gross Production Value (constant 2014-2016 thousand I$)","1000 Int$",2005,239830,"Safflower seed","no"
NA,"World",NA,NA,"Oilseeds and oleaginous fruits","Gross Production Value (constant 2014-2016 thousand I$)","1000 Int$",2006,222050,"Safflower seed","no"
NA,"World",NA,NA,"Oilseeds and oleaginous fruits","Gross Production Value (constant 2014-2016 thousand I$)","1000 Int$",2007,259881,"Safflower seed","no"
NA,"World",NA,NA,"Oilseeds and oleaginous fruits","Gross Production Value (constant 2014-2016 thousand I$)","1000 Int$",2008,262649,"Safflower seed","no"
NA,"World",NA,NA,"Oilseeds and oleaginous fruits","Gross Production Value (constant 2014-2016 thousand I$)","1000 Int$",2009,273232,"Safflower seed","no"
NA,"World",NA,NA,"Oilseeds and oleaginous fruits","Gross Production Value (constant 2014-2016 thousand I$)","1000 Int$",2010,273470,"Safflower seed","no"
NA,"World",NA,NA,"Oilseeds and oleaginous fruits","Gross Production Value (constant 2014-2016 thousand I$)","1000 Int$",2011,279046,"Safflower seed","no"
NA,"World",NA,NA,"Oilseeds and oleaginous fruits","Gross Production Value (constant 2014-2016 thousand I$)","1000 Int$",2012,347404,"Safflower seed","no"
NA,"World",NA,NA,"Oilseeds and oleaginous fruits","Gross Production Value (constant 2014-2016 thousand I$)","1000 Int$",2013,296883,"Safflower seed","no"
NA,"World",NA,NA,"Oilseeds and oleaginous fruits","Gross Production Value (constant 2014-2016 thousand I$)","1000 Int$",2014,300593,"Safflower seed","no"
NA,"World",NA,NA,"Oilseeds and oleaginous fruits","Gross Production Value (constant 2014-2016 thousand I$)","1000 Int$",2015,339545,"Safflower seed","no"
NA,"World",NA,NA,"Oilseeds and oleaginous fruits","Gross Production Value (constant 2014-2016 thousand I$)","1000 Int$",2016,389922,"Safflower seed","no"
NA,"World",NA,NA,"Oilseeds and oleaginous fruits","Gross Production Value (constant 2014-2016 thousand I$)","1000 Int$",2017,302612,"Safflower seed","no"
NA,"World",NA,NA,"Oilseeds and oleaginous fruits","Gross Production Value (constant 2014-2016 thousand I$)","1000 Int$",2018,250554,"Safflower seed","no"
NA,"World",NA,NA,"Oilseeds and oleaginous fruits","Gross Production Value (constant 2014-2016 thousand I$)","1000 Int$",2019,241575,"Safflower seed","no"
NA,"World",NA,NA,"Oilseeds and oleaginous fruits","Gross Production Value (constant 2014-2016 thousand I$)","1000 Int$",2020,272177,"Safflower seed","no"
NA,"World",NA,NA,"Oilseeds and oleaginous fruits","Gross Production Value (constant 2014-2016 thousand I$)","1000 Int$",2021,258066,"Safflower seed","no"
NA,"World",NA,NA,"Oilseeds and oleaginous fruits","Gross Production Value (constant 2014-2016 thousand I$)","1000 Int$",2022,412236,"Safflower seed","no"
NA,"World",NA,NA,"Oilseeds and oleaginous fruits","Gross Production Value (constant 2014-2016 thousand I$)","1000 Int$",2023,297805,"Safflower seed","no"
NA,"World",NA,NA,"Oilseeds and oleaginous fruits","Gross Production Value (constant 2014-2016 thousand US$)","1000 USD",1992,235663,"Safflower seed","no"
NA,"World",NA,NA,"Oilseeds and oleaginous fruits","Gross Production Value (constant 2014-2016 thousand US$)","1000 USD",1993,346903,"Safflower seed","no"
NA,"World",NA,NA,"Oilseeds and oleaginous fruits","Gross Production Value (constant 2014-2016 thousand US$)","1000 USD",1994,408563,"Safflower seed","no"
NA,"World",NA,NA,"Oilseeds and oleaginous fruits","Gross Production Value (constant 2014-2016 thousand US$)","1000 USD",1995,367527,"Safflower seed","no"
NA,"World",NA,NA,"Oilseeds and oleaginous fruits","Gross Production Value (constant 2014-2016 thousand US$)","1000 USD",1996,377369,"Safflower seed","no"
NA,"World",NA,NA,"Oilseeds and oleaginous fruits","Gross Production Value (constant 2014-2016 thousand US$)","1000 USD",1997,381714,"Safflower seed","no"
NA,"World",NA,NA,"Oilseeds and oleaginous fruits","Gross Production Value (constant 2014-2016 thousand US$)","1000 USD",1998,251255,"Safflower seed","no"
NA,"World",NA,NA,"Oilseeds and oleaginous fruits","Gross Production Value (constant 2014-2016 thousand US$)","1000 USD",1999,340383,"Safflower seed","no"
NA,"World",NA,NA,"Oilseeds and oleaginous fruits","Gross Production Value (constant 2014-2016 thousand US$)","1000 USD",2000,287892,"Safflower seed","no"
NA,"World",NA,NA,"Oilseeds and oleaginous fruits","Gross Production Value (constant 2014-2016 thousand US$)","1000 USD",2001,232215,"Safflower seed","no"
NA,"World",NA,NA,"Oilseeds and oleaginous fruits","Gross Production Value (constant 2014-2016 thousand US$)","1000 USD",2002,222616,"Safflower seed","no"
NA,"World",NA,NA,"Oilseeds and oleaginous fruits","Gross Production Value (constant 2014-2016 thousand US$)","1000 USD",2003,261891,"Safflower seed","no"
NA,"World",NA,NA,"Oilseeds and oleaginous fruits","Gross Production Value (constant 2014-2016 thousand US$)","1000 USD",2004,239738,"Safflower seed","no"
NA,"World",NA,NA,"Oilseeds and oleaginous fruits","Gross Production Value (constant 2014-2016 thousand US$)","1000 USD",2005,225491,"Safflower seed","no"
NA,"World",NA,NA,"Oilseeds and oleaginous fruits","Gross Production Value (constant 2014-2016 thousand US$)","1000 USD",2006,225184,"Safflower seed","no"
NA,"World",NA,NA,"Oilseeds and oleaginous fruits","Gross Production Value (constant 2014-2016 thousand US$)","1000 USD",2007,250271,"Safflower seed","no"
NA,"World",NA,NA,"Oilseeds and oleaginous fruits","Gross Production Value (constant 2014-2016 thousand US$)","1000 USD",2008,262153,"Safflower seed","no"
NA,"World",NA,NA,"Oilseeds and oleaginous fruits","Gross Production Value (constant 2014-2016 thousand US$)","1000 USD",2009,247637,"Safflower seed","no"
NA,"World",NA,NA,"Oilseeds and oleaginous fruits","Gross Production Value (constant 2014-2016 thousand US$)","1000 USD",2010,244640,"Safflower seed","no"
NA,"World",NA,NA,"Oilseeds and oleaginous fruits","Gross Production Value (constant 2014-2016 thousand US$)","1000 USD",2011,238169,"Safflower seed","no"
NA,"World",NA,NA,"Oilseeds and oleaginous fruits","Gross Production Value (constant 2014-2016 thousand US$)","1000 USD",2012,295871,"Safflower seed","no"
NA,"World",NA,NA,"Oilseeds and oleaginous fruits","Gross Production Value (constant 2014-2016 thousand US$)","1000 USD",2013,253524,"Safflower seed","no"
NA,"World",NA,NA,"Oilseeds and oleaginous fruits","Gross Production Value (constant 2014-2016 thousand US$)","1000 USD",2014,272063,"Safflower seed","no"
NA,"World",NA,NA,"Oilseeds and oleaginous fruits","Gross Production Value (constant 2014-2016 thousand US$)","1000 USD",2015,303424,"Safflower seed","no"
NA,"World",NA,NA,"Oilseeds and oleaginous fruits","Gross Production Value (constant 2014-2016 thousand US$)","1000 USD",2016,345666,"Safflower seed","no"
NA,"World",NA,NA,"Oilseeds and oleaginous fruits","Gross Production Value (constant 2014-2016 thousand US$)","1000 USD",2017,254940,"Safflower seed","no"
NA,"World",NA,NA,"Oilseeds and oleaginous fruits","Gross Production Value (constant 2014-2016 thousand US$)","1000 USD",2018,208951,"Safflower seed","no"
NA,"World",NA,NA,"Oilseeds and oleaginous fruits","Gross Production Value (constant 2014-2016 thousand US$)","1000 USD",2019,198739,"Safflower seed","no"
NA,"World",NA,NA,"Oilseeds and oleaginous fruits","Gross Production Value (constant 2014-2016 thousand US$)","1000 USD",2020,220276,"Safflower seed","no"
NA,"World",NA,NA,"Oilseeds and oleaginous fruits","Gross Production Value (constant 2014-2016 thousand US$)","1000 USD",2021,213255,"Safflower seed","no"
NA,"World",NA,NA,"Oilseeds and oleaginous fruits","Gross Production Value (constant 2014-2016 thousand US$)","1000 USD",2022,317435,"Safflower seed","no"
NA,"World",NA,NA,"Oilseeds and oleaginous fruits","Gross Production Value (constant 2014-2016 thousand US$)","1000 USD",2023,250732,"Safflower seed","no"
NA,"World",NA,NA,"Forage products; fibre crops; plants used in perfumery, pharmacy, or for insecticidal, fungicidal or similar purposes; beet, forage plant and flower seeds; natural rubber; living plants, cut flowers and flower buds; unmanufactured tobacco; other raw vegetable materials","Gross Production Value (constant 2014-2016 thousand I$)","1000 Int$",1992,46243882,"Seed cotton, unginned","no"
NA,"World",NA,NA,"Forage products; fibre crops; plants used in perfumery, pharmacy, or for insecticidal, fungicidal or similar purposes; beet, forage plant and flower seeds; natural rubber; living plants, cut flowers and flower buds; unmanufactured tobacco; other raw vegetable materials","Gross Production Value (constant 2014-2016 thousand I$)","1000 Int$",1993,42459634,"Seed cotton, unginned","no"
NA,"World",NA,NA,"Forage products; fibre crops; plants used in perfumery, pharmacy, or for insecticidal, fungicidal or similar purposes; beet, forage plant and flower seeds; natural rubber; living plants, cut flowers and flower buds; unmanufactured tobacco; other raw vegetable materials","Gross Production Value (constant 2014-2016 thousand I$)","1000 Int$",1994,47500432,"Seed cotton, unginned","no"
NA,"World",NA,NA,"Forage products; fibre crops; plants used in perfumery, pharmacy, or for insecticidal, fungicidal or similar purposes; beet, forage plant and flower seeds; natural rubber; living plants, cut flowers and flower buds; unmanufactured tobacco; other raw vegetable materials","Gross Production Value (constant 2014-2016 thousand I$)","1000 Int$",1995,50869890,"Seed cotton, unginned","no"
NA,"World",NA,NA,"Forage products; fibre crops; plants used in perfumery, pharmacy, or for insecticidal, fungicidal or similar purposes; beet, forage plant and flower seeds; natural rubber; living plants, cut flowers and flower buds; unmanufactured tobacco; other raw vegetable materials","Gross Production Value (constant 2014-2016 thousand I$)","1000 Int$",1996,49626210,"Seed cotton, unginned","no"
NA,"World",NA,NA,"Forage products; fibre crops; plants used in perfumery, pharmacy, or for insecticidal, fungicidal or similar purposes; beet, forage plant and flower seeds; natural rubber; living plants, cut flowers and flower buds; unmanufactured tobacco; other raw vegetable materials","Gross Production Value (constant 2014-2016 thousand I$)","1000 Int$",1997,49030209,"Seed cotton, unginned","no"
NA,"World",NA,NA,"Forage products; fibre crops; plants used in perfumery, pharmacy, or for insecticidal, fungicidal or similar purposes; beet, forage plant and flower seeds; natural rubber; living plants, cut flowers and flower buds; unmanufactured tobacco; other raw vegetable materials","Gross Production Value (constant 2014-2016 thousand I$)","1000 Int$",1998,47029043,"Seed cotton, unginned","no"
NA,"World",NA,NA,"Forage products; fibre crops; plants used in perfumery, pharmacy, or for insecticidal, fungicidal or similar purposes; beet, forage plant and flower seeds; natural rubber; living plants, cut flowers and flower buds; unmanufactured tobacco; other raw vegetable materials","Gross Production Value (constant 2014-2016 thousand I$)","1000 Int$",1999,47788133,"Seed cotton, unginned","no"
NA,"World",NA,NA,"Forage products; fibre crops; plants used in perfumery, pharmacy, or for insecticidal, fungicidal or similar purposes; beet, forage plant and flower seeds; natural rubber; living plants, cut flowers and flower buds; unmanufactured tobacco; other raw vegetable materials","Gross Production Value (constant 2014-2016 thousand I$)","1000 Int$",2000,47636161,"Seed cotton, unginned","no"
NA,"World",NA,NA,"Forage products; fibre crops; plants used in perfumery, pharmacy, or for insecticidal, fungicidal or similar purposes; beet, forage plant and flower seeds; natural rubber; living plants, cut flowers and flower buds; unmanufactured tobacco; other raw vegetable materials","Gross Production Value (constant 2014-2016 thousand I$)","1000 Int$",2001,54113769,"Seed cotton, unginned","no"
NA,"World",NA,NA,"Forage products; fibre crops; plants used in perfumery, pharmacy, or for insecticidal, fungicidal or similar purposes; beet, forage plant and flower seeds; natural rubber; living plants, cut flowers and flower buds; unmanufactured tobacco; other raw vegetable materials","Gross Production Value (constant 2014-2016 thousand I$)","1000 Int$",2002,48402251,"Seed cotton, unginned","no"
NA,"World",NA,NA,"Forage products; fibre crops; plants used in perfumery, pharmacy, or for insecticidal, fungicidal or similar purposes; beet, forage plant and flower seeds; natural rubber; living plants, cut flowers and flower buds; unmanufactured tobacco; other raw vegetable materials","Gross Production Value (constant 2014-2016 thousand I$)","1000 Int$",2003,49996484,"Seed cotton, unginned","no"
NA,"World",NA,NA,"Forage products; fibre crops; plants used in perfumery, pharmacy, or for insecticidal, fungicidal or similar purposes; beet, forage plant and flower seeds; natural rubber; living plants, cut flowers and flower buds; unmanufactured tobacco; other raw vegetable materials","Gross Production Value (constant 2014-2016 thousand I$)","1000 Int$",2004,63553331,"Seed cotton, unginned","no"
NA,"World",NA,NA,"Forage products; fibre crops; plants used in perfumery, pharmacy, or for insecticidal, fungicidal or similar purposes; beet, forage plant and flower seeds; natural rubber; living plants, cut flowers and flower buds; unmanufactured tobacco; other raw vegetable materials","Gross Production Value (constant 2014-2016 thousand I$)","1000 Int$",2005,62636782,"Seed cotton, unginned","no"
NA,"World",NA,NA,"Forage products; fibre crops; plants used in perfumery, pharmacy, or for insecticidal, fungicidal or similar purposes; beet, forage plant and flower seeds; natural rubber; living plants, cut flowers and flower buds; unmanufactured tobacco; other raw vegetable materials","Gross Production Value (constant 2014-2016 thousand I$)","1000 Int$",2006,64141908,"Seed cotton, unginned","no"
NA,"World",NA,NA,"Forage products; fibre crops; plants used in perfumery, pharmacy, or for insecticidal, fungicidal or similar purposes; beet, forage plant and flower seeds; natural rubber; living plants, cut flowers and flower buds; unmanufactured tobacco; other raw vegetable materials","Gross Production Value (constant 2014-2016 thousand I$)","1000 Int$",2007,66198624,"Seed cotton, unginned","no"
NA,"World",NA,NA,"Forage products; fibre crops; plants used in perfumery, pharmacy, or for insecticidal, fungicidal or similar purposes; beet, forage plant and flower seeds; natural rubber; living plants, cut flowers and flower buds; unmanufactured tobacco; other raw vegetable materials","Gross Production Value (constant 2014-2016 thousand I$)","1000 Int$",2008,59285939,"Seed cotton, unginned","no"
NA,"World",NA,NA,"Forage products; fibre crops; plants used in perfumery, pharmacy, or for insecticidal, fungicidal or similar purposes; beet, forage plant and flower seeds; natural rubber; living plants, cut flowers and flower buds; unmanufactured tobacco; other raw vegetable materials","Gross Production Value (constant 2014-2016 thousand I$)","1000 Int$",2009,55386010,"Seed cotton, unginned","no"
NA,"World",NA,NA,"Forage products; fibre crops; plants used in perfumery, pharmacy, or for insecticidal, fungicidal or similar purposes; beet, forage plant and flower seeds; natural rubber; living plants, cut flowers and flower buds; unmanufactured tobacco; other raw vegetable materials","Gross Production Value (constant 2014-2016 thousand I$)","1000 Int$",2010,62334117,"Seed cotton, unginned","no"
NA,"World",NA,NA,"Forage products; fibre crops; plants used in perfumery, pharmacy, or for insecticidal, fungicidal or similar purposes; beet, forage plant and flower seeds; natural rubber; living plants, cut flowers and flower buds; unmanufactured tobacco; other raw vegetable materials","Gross Production Value (constant 2014-2016 thousand I$)","1000 Int$",2011,71614711,"Seed cotton, unginned","no"
NA,"World",NA,NA,"Forage products; fibre crops; plants used in perfumery, pharmacy, or for insecticidal, fungicidal or similar purposes; beet, forage plant and flower seeds; natural rubber; living plants, cut flowers and flower buds; unmanufactured tobacco; other raw vegetable materials","Gross Production Value (constant 2014-2016 thousand I$)","1000 Int$",2012,71208274,"Seed cotton, unginned","no"
NA,"World",NA,NA,"Forage products; fibre crops; plants used in perfumery, pharmacy, or for insecticidal, fungicidal or similar purposes; beet, forage plant and flower seeds; natural rubber; living plants, cut flowers and flower buds; unmanufactured tobacco; other raw vegetable materials","Gross Production Value (constant 2014-2016 thousand I$)","1000 Int$",2013,65203341,"Seed cotton, unginned","no"
NA,"World",NA,NA,"Forage products; fibre crops; plants used in perfumery, pharmacy, or for insecticidal, fungicidal or similar purposes; beet, forage plant and flower seeds; natural rubber; living plants, cut flowers and flower buds; unmanufactured tobacco; other raw vegetable materials","Gross Production Value (constant 2014-2016 thousand I$)","1000 Int$",2014,68572283,"Seed cotton, unginned","no"
NA,"World",NA,NA,"Forage products; fibre crops; plants used in perfumery, pharmacy, or for insecticidal, fungicidal or similar purposes; beet, forage plant and flower seeds; natural rubber; living plants, cut flowers and flower buds; unmanufactured tobacco; other raw vegetable materials","Gross Production Value (constant 2014-2016 thousand I$)","1000 Int$",2015,59345908,"Seed cotton, unginned","no"
NA,"World",NA,NA,"Forage products; fibre crops; plants used in perfumery, pharmacy, or for insecticidal, fungicidal or similar purposes; beet, forage plant and flower seeds; natural rubber; living plants, cut flowers and flower buds; unmanufactured tobacco; other raw vegetable materials","Gross Production Value (constant 2014-2016 thousand I$)","1000 Int$",2016,61074852,"Seed cotton, unginned","no"
NA,"World",NA,NA,"Forage products; fibre crops; plants used in perfumery, pharmacy, or for insecticidal, fungicidal or similar purposes; beet, forage plant and flower seeds; natural rubber; living plants, cut flowers and flower buds; unmanufactured tobacco; other raw vegetable materials","Gross Production Value (constant 2014-2016 thousand I$)","1000 Int$",2017,66644919,"Seed cotton, unginned","no"
NA,"World",NA,NA,"Forage products; fibre crops; plants used in perfumery, pharmacy, or for insecticidal, fungicidal or similar purposes; beet, forage plant and flower seeds; natural rubber; living plants, cut flowers and flower buds; unmanufactured tobacco; other raw vegetable materials","Gross Production Value (constant 2014-2016 thousand I$)","1000 Int$",2018,65071748,"Seed cotton, unginned","no"
NA,"World",NA,NA,"Forage products; fibre crops; plants used in perfumery, pharmacy, or for insecticidal, fungicidal or similar purposes; beet, forage plant and flower seeds; natural rubber; living plants, cut flowers and flower buds; unmanufactured tobacco; other raw vegetable materials","Gross Production Value (constant 2014-2016 thousand I$)","1000 Int$",2019,75406455,"Seed cotton, unginned","no"
NA,"World",NA,NA,"Forage products; fibre crops; plants used in perfumery, pharmacy, or for insecticidal, fungicidal or similar purposes; beet, forage plant and flower seeds; natural rubber; living plants, cut flowers and flower buds; unmanufactured tobacco; other raw vegetable materials","Gross Production Value (constant 2014-2016 thousand I$)","1000 Int$",2020,65557909,"Seed cotton, unginned","no"
NA,"World",NA,NA,"Forage products; fibre crops; plants used in perfumery, pharmacy, or for insecticidal, fungicidal or similar purposes; beet, forage plant and flower seeds; natural rubber; living plants, cut flowers and flower buds; unmanufactured tobacco; other raw vegetable materials","Gross Production Value (constant 2014-2016 thousand I$)","1000 Int$",2021,68322348,"Seed cotton, unginned","no"
NA,"World",NA,NA,"Forage products; fibre crops; plants used in perfumery, pharmacy, or for insecticidal, fungicidal or similar purposes; beet, forage plant and flower seeds; natural rubber; living plants, cut flowers and flower buds; unmanufactured tobacco; other raw vegetable materials","Gross Production Value (constant 2014-2016 thousand I$)","1000 Int$",2022,64605126,"Seed cotton, unginned","no"
NA,"World",NA,NA,"Forage products; fibre crops; plants used in perfumery, pharmacy, or for insecticidal, fungicidal or similar purposes; beet, forage plant and flower seeds; natural rubber; living plants, cut flowers and flower buds; unmanufactured tobacco; other raw vegetable materials","Gross Production Value (constant 2014-2016 thousand I$)","1000 Int$",2023,66925614,"Seed cotton, unginned","no"
NA,"World",NA,NA,"Forage products; fibre crops; plants used in perfumery, pharmacy, or for insecticidal, fungicidal or similar purposes; beet, forage plant and flower seeds; natural rubber; living plants, cut flowers and flower buds; unmanufactured tobacco; other raw vegetable materials","Gross Production Value (constant 2014-2016 thousand US$)","1000 USD",1992,45082788,"Seed cotton, unginned","no"
NA,"World",NA,NA,"Forage products; fibre crops; plants used in perfumery, pharmacy, or for insecticidal, fungicidal or similar purposes; beet, forage plant and flower seeds; natural rubber; living plants, cut flowers and flower buds; unmanufactured tobacco; other raw vegetable materials","Gross Production Value (constant 2014-2016 thousand US$)","1000 USD",1993,39798885,"Seed cotton, unginned","no"
NA,"World",NA,NA,"Forage products; fibre crops; plants used in perfumery, pharmacy, or for insecticidal, fungicidal or similar purposes; beet, forage plant and flower seeds; natural rubber; living plants, cut flowers and flower buds; unmanufactured tobacco; other raw vegetable materials","Gross Production Value (constant 2014-2016 thousand US$)","1000 USD",1994,45202966,"Seed cotton, unginned","no"
NA,"World",NA,NA,"Forage products; fibre crops; plants used in perfumery, pharmacy, or for insecticidal, fungicidal or similar purposes; beet, forage plant and flower seeds; natural rubber; living plants, cut flowers and flower buds; unmanufactured tobacco; other raw vegetable materials","Gross Production Value (constant 2014-2016 thousand US$)","1000 USD",1995,48418045,"Seed cotton, unginned","no"
NA,"World",NA,NA,"Forage products; fibre crops; plants used in perfumery, pharmacy, or for insecticidal, fungicidal or similar purposes; beet, forage plant and flower seeds; natural rubber; living plants, cut flowers and flower buds; unmanufactured tobacco; other raw vegetable materials","Gross Production Value (constant 2014-2016 thousand US$)","1000 USD",1996,46777656,"Seed cotton, unginned","no"
NA,"World",NA,NA,"Forage products; fibre crops; plants used in perfumery, pharmacy, or for insecticidal, fungicidal or similar purposes; beet, forage plant and flower seeds; natural rubber; living plants, cut flowers and flower buds; unmanufactured tobacco; other raw vegetable materials","Gross Production Value (constant 2014-2016 thousand US$)","1000 USD",1997,46966066,"Seed cotton, unginned","no"
NA,"World",NA,NA,"Forage products; fibre crops; plants used in perfumery, pharmacy, or for insecticidal, fungicidal or similar purposes; beet, forage plant and flower seeds; natural rubber; living plants, cut flowers and flower buds; unmanufactured tobacco; other raw vegetable materials","Gross Production Value (constant 2014-2016 thousand US$)","1000 USD",1998,45471433,"Seed cotton, unginned","no"
NA,"World",NA,NA,"Forage products; fibre crops; plants used in perfumery, pharmacy, or for insecticidal, fungicidal or similar purposes; beet, forage plant and flower seeds; natural rubber; living plants, cut flowers and flower buds; unmanufactured tobacco; other raw vegetable materials","Gross Production Value (constant 2014-2016 thousand US$)","1000 USD",1999,45281506,"Seed cotton, unginned","no"
NA,"World",NA,NA,"Forage products; fibre crops; plants used in perfumery, pharmacy, or for insecticidal, fungicidal or similar purposes; beet, forage plant and flower seeds; natural rubber; living plants, cut flowers and flower buds; unmanufactured tobacco; other raw vegetable materials","Gross Production Value (constant 2014-2016 thousand US$)","1000 USD",2000,47081733,"Seed cotton, unginned","no"
NA,"World",NA,NA,"Forage products; fibre crops; plants used in perfumery, pharmacy, or for insecticidal, fungicidal or similar purposes; beet, forage plant and flower seeds; natural rubber; living plants, cut flowers and flower buds; unmanufactured tobacco; other raw vegetable materials","Gross Production Value (constant 2014-2016 thousand US$)","1000 USD",2001,54036116,"Seed cotton, unginned","no"
NA,"World",NA,NA,"Forage products; fibre crops; plants used in perfumery, pharmacy, or for insecticidal, fungicidal or similar purposes; beet, forage plant and flower seeds; natural rubber; living plants, cut flowers and flower buds; unmanufactured tobacco; other raw vegetable materials","Gross Production Value (constant 2014-2016 thousand US$)","1000 USD",2002,48580815,"Seed cotton, unginned","no"
NA,"World",NA,NA,"Forage products; fibre crops; plants used in perfumery, pharmacy, or for insecticidal, fungicidal or similar purposes; beet, forage plant and flower seeds; natural rubber; living plants, cut flowers and flower buds; unmanufactured tobacco; other raw vegetable materials","Gross Production Value (constant 2014-2016 thousand US$)","1000 USD",2003,49164345,"Seed cotton, unginned","no"
NA,"World",NA,NA,"Forage products; fibre crops; plants used in perfumery, pharmacy, or for insecticidal, fungicidal or similar purposes; beet, forage plant and flower seeds; natural rubber; living plants, cut flowers and flower buds; unmanufactured tobacco; other raw vegetable materials","Gross Production Value (constant 2014-2016 thousand US$)","1000 USD",2004,62663687,"Seed cotton, unginned","no"
NA,"World",NA,NA,"Forage products; fibre crops; plants used in perfumery, pharmacy, or for insecticidal, fungicidal or similar purposes; beet, forage plant and flower seeds; natural rubber; living plants, cut flowers and flower buds; unmanufactured tobacco; other raw vegetable materials","Gross Production Value (constant 2014-2016 thousand US$)","1000 USD",2005,61430504,"Seed cotton, unginned","no"
NA,"World",NA,NA,"Forage products; fibre crops; plants used in perfumery, pharmacy, or for insecticidal, fungicidal or similar purposes; beet, forage plant and flower seeds; natural rubber; living plants, cut flowers and flower buds; unmanufactured tobacco; other raw vegetable materials","Gross Production Value (constant 2014-2016 thousand US$)","1000 USD",2006,64795865,"Seed cotton, unginned","no"
NA,"World",NA,NA,"Forage products; fibre crops; plants used in perfumery, pharmacy, or for insecticidal, fungicidal or similar purposes; beet, forage plant and flower seeds; natural rubber; living plants, cut flowers and flower buds; unmanufactured tobacco; other raw vegetable materials","Gross Production Value (constant 2014-2016 thousand US$)","1000 USD",2007,67207154,"Seed cotton, unginned","no"
NA,"World",NA,NA,"Forage products; fibre crops; plants used in perfumery, pharmacy, or for insecticidal, fungicidal or similar purposes; beet, forage plant and flower seeds; natural rubber; living plants, cut flowers and flower buds; unmanufactured tobacco; other raw vegetable materials","Gross Production Value (constant 2014-2016 thousand US$)","1000 USD",2008,60117305,"Seed cotton, unginned","no"
NA,"World",NA,NA,"Forage products; fibre crops; plants used in perfumery, pharmacy, or for insecticidal, fungicidal or similar purposes; beet, forage plant and flower seeds; natural rubber; living plants, cut flowers and flower buds; unmanufactured tobacco; other raw vegetable materials","Gross Production Value (constant 2014-2016 thousand US$)","1000 USD",2009,55392277,"Seed cotton, unginned","no"
NA,"World",NA,NA,"Forage products; fibre crops; plants used in perfumery, pharmacy, or for insecticidal, fungicidal or similar purposes; beet, forage plant and flower seeds; natural rubber; living plants, cut flowers and flower buds; unmanufactured tobacco; other raw vegetable materials","Gross Production Value (constant 2014-2016 thousand US$)","1000 USD",2010,61739830,"Seed cotton, unginned","no"
NA,"World",NA,NA,"Forage products; fibre crops; plants used in perfumery, pharmacy, or for insecticidal, fungicidal or similar purposes; beet, forage plant and flower seeds; natural rubber; living plants, cut flowers and flower buds; unmanufactured tobacco; other raw vegetable materials","Gross Production Value (constant 2014-2016 thousand US$)","1000 USD",2011,72130563,"Seed cotton, unginned","no"
NA,"World",NA,NA,"Forage products; fibre crops; plants used in perfumery, pharmacy, or for insecticidal, fungicidal or similar purposes; beet, forage plant and flower seeds; natural rubber; living plants, cut flowers and flower buds; unmanufactured tobacco; other raw vegetable materials","Gross Production Value (constant 2014-2016 thousand US$)","1000 USD",2012,72556687,"Seed cotton, unginned","no"
NA,"World",NA,NA,"Forage products; fibre crops; plants used in perfumery, pharmacy, or for insecticidal, fungicidal or similar purposes; beet, forage plant and flower seeds; natural rubber; living plants, cut flowers and flower buds; unmanufactured tobacco; other raw vegetable materials","Gross Production Value (constant 2014-2016 thousand US$)","1000 USD",2013,65753017,"Seed cotton, unginned","no"
NA,"World",NA,NA,"Forage products; fibre crops; plants used in perfumery, pharmacy, or for insecticidal, fungicidal or similar purposes; beet, forage plant and flower seeds; natural rubber; living plants, cut flowers and flower buds; unmanufactured tobacco; other raw vegetable materials","Gross Production Value (constant 2014-2016 thousand US$)","1000 USD",2014,68390603,"Seed cotton, unginned","no"
NA,"World",NA,NA,"Forage products; fibre crops; plants used in perfumery, pharmacy, or for insecticidal, fungicidal or similar purposes; beet, forage plant and flower seeds; natural rubber; living plants, cut flowers and flower buds; unmanufactured tobacco; other raw vegetable materials","Gross Production Value (constant 2014-2016 thousand US$)","1000 USD",2015,58881328,"Seed cotton, unginned","no"
NA,"World",NA,NA,"Forage products; fibre crops; plants used in perfumery, pharmacy, or for insecticidal, fungicidal or similar purposes; beet, forage plant and flower seeds; natural rubber; living plants, cut flowers and flower buds; unmanufactured tobacco; other raw vegetable materials","Gross Production Value (constant 2014-2016 thousand US$)","1000 USD",2016,60656198,"Seed cotton, unginned","no"
NA,"World",NA,NA,"Forage products; fibre crops; plants used in perfumery, pharmacy, or for insecticidal, fungicidal or similar purposes; beet, forage plant and flower seeds; natural rubber; living plants, cut flowers and flower buds; unmanufactured tobacco; other raw vegetable materials","Gross Production Value (constant 2014-2016 thousand US$)","1000 USD",2017,66507453,"Seed cotton, unginned","no"
NA,"World",NA,NA,"Forage products; fibre crops; plants used in perfumery, pharmacy, or for insecticidal, fungicidal or similar purposes; beet, forage plant and flower seeds; natural rubber; living plants, cut flowers and flower buds; unmanufactured tobacco; other raw vegetable materials","Gross Production Value (constant 2014-2016 thousand US$)","1000 USD",2018,66772742,"Seed cotton, unginned","no"
NA,"World",NA,NA,"Forage products; fibre crops; plants used in perfumery, pharmacy, or for insecticidal, fungicidal or similar purposes; beet, forage plant and flower seeds; natural rubber; living plants, cut flowers and flower buds; unmanufactured tobacco; other raw vegetable materials","Gross Production Value (constant 2014-2016 thousand US$)","1000 USD",2019,77158900,"Seed cotton, unginned","no"
NA,"World",NA,NA,"Forage products; fibre crops; plants used in perfumery, pharmacy, or for insecticidal, fungicidal or similar purposes; beet, forage plant and flower seeds; natural rubber; living plants, cut flowers and flower buds; unmanufactured tobacco; other raw vegetable materials","Gross Production Value (constant 2014-2016 thousand US$)","1000 USD",2020,65132717,"Seed cotton, unginned","no"
NA,"World",NA,NA,"Forage products; fibre crops; plants used in perfumery, pharmacy, or for insecticidal, fungicidal or similar purposes; beet, forage plant and flower seeds; natural rubber; living plants, cut flowers and flower buds; unmanufactured tobacco; other raw vegetable materials","Gross Production Value (constant 2014-2016 thousand US$)","1000 USD",2021,68319863,"Seed cotton, unginned","no"
NA,"World",NA,NA,"Forage products; fibre crops; plants used in perfumery, pharmacy, or for insecticidal, fungicidal or similar purposes; beet, forage plant and flower seeds; natural rubber; living plants, cut flowers and flower buds; unmanufactured tobacco; other raw vegetable materials","Gross Production Value (constant 2014-2016 thousand US$)","1000 USD",2022,67040082,"Seed cotton, unginned","no"
NA,"World",NA,NA,"Forage products; fibre crops; plants used in perfumery, pharmacy, or for insecticidal, fungicidal or similar purposes; beet, forage plant and flower seeds; natural rubber; living plants, cut flowers and flower buds; unmanufactured tobacco; other raw vegetable materials","Gross Production Value (constant 2014-2016 thousand US$)","1000 USD",2023,68001620,"Seed cotton, unginned","no"
NA,"World",NA,NA,"Oilseeds and oleaginous fruits","Gross Production Value (constant 2014-2016 thousand I$)","1000 Int$",1992,2842653,"Sesame seed","no"
NA,"World",NA,NA,"Oilseeds and oleaginous fruits","Gross Production Value (constant 2014-2016 thousand I$)","1000 Int$",1993,2554594,"Sesame seed","no"
NA,"World",NA,NA,"Oilseeds and oleaginous fruits","Gross Production Value (constant 2014-2016 thousand I$)","1000 Int$",1994,2622089,"Sesame seed","no"
NA,"World",NA,NA,"Oilseeds and oleaginous fruits","Gross Production Value (constant 2014-2016 thousand I$)","1000 Int$",1995,2843790,"Sesame seed","no"
NA,"World",NA,NA,"Oilseeds and oleaginous fruits","Gross Production Value (constant 2014-2016 thousand I$)","1000 Int$",1996,3184350,"Sesame seed","no"
NA,"World",NA,NA,"Oilseeds and oleaginous fruits","Gross Production Value (constant 2014-2016 thousand I$)","1000 Int$",1997,2791006,"Sesame seed","no"
NA,"World",NA,NA,"Oilseeds and oleaginous fruits","Gross Production Value (constant 2014-2016 thousand I$)","1000 Int$",1998,2715576,"Sesame seed","no"
NA,"World",NA,NA,"Oilseeds and oleaginous fruits","Gross Production Value (constant 2014-2016 thousand I$)","1000 Int$",1999,2993468,"Sesame seed","no"
NA,"World",NA,NA,"Oilseeds and oleaginous fruits","Gross Production Value (constant 2014-2016 thousand I$)","1000 Int$",2000,3238690,"Sesame seed","no"
NA,"World",NA,NA,"Oilseeds and oleaginous fruits","Gross Production Value (constant 2014-2016 thousand I$)","1000 Int$",2001,3462674,"Sesame seed","no"
NA,"World",NA,NA,"Oilseeds and oleaginous fruits","Gross Production Value (constant 2014-2016 thousand I$)","1000 Int$",2002,3181745,"Sesame seed","no"
NA,"World",NA,NA,"Oilseeds and oleaginous fruits","Gross Production Value (constant 2014-2016 thousand I$)","1000 Int$",2003,3502955,"Sesame seed","no"
NA,"World",NA,NA,"Oilseeds and oleaginous fruits","Gross Production Value (constant 2014-2016 thousand I$)","1000 Int$",2004,3804113,"Sesame seed","no"
NA,"World",NA,NA,"Oilseeds and oleaginous fruits","Gross Production Value (constant 2014-2016 thousand I$)","1000 Int$",2005,3851949,"Sesame seed","no"
NA,"World",NA,NA,"Oilseeds and oleaginous fruits","Gross Production Value (constant 2014-2016 thousand I$)","1000 Int$",2006,4078602,"Sesame seed","no"
NA,"World",NA,NA,"Oilseeds and oleaginous fruits","Gross Production Value (constant 2014-2016 thousand I$)","1000 Int$",2007,4112824,"Sesame seed","no"
NA,"World",NA,NA,"Oilseeds and oleaginous fruits","Gross Production Value (constant 2014-2016 thousand I$)","1000 Int$",2008,4221171,"Sesame seed","no"
NA,"World",NA,NA,"Oilseeds and oleaginous fruits","Gross Production Value (constant 2014-2016 thousand I$)","1000 Int$",2009,4378482,"Sesame seed","no"
NA,"World",NA,NA,"Oilseeds and oleaginous fruits","Gross Production Value (constant 2014-2016 thousand I$)","1000 Int$",2010,5074206,"Sesame seed","no"
NA,"World",NA,NA,"Oilseeds and oleaginous fruits","Gross Production Value (constant 2014-2016 thousand I$)","1000 Int$",2011,5533753,"Sesame seed","no"
NA,"World",NA,NA,"Oilseeds and oleaginous fruits","Gross Production Value (constant 2014-2016 thousand I$)","1000 Int$",2012,6292779,"Sesame seed","no"
NA,"World",NA,NA,"Oilseeds and oleaginous fruits","Gross Production Value (constant 2014-2016 thousand I$)","1000 Int$",2013,6194181,"Sesame seed","no"
NA,"World",NA,NA,"Oilseeds and oleaginous fruits","Gross Production Value (constant 2014-2016 thousand I$)","1000 Int$",2014,6950507,"Sesame seed","no"
NA,"World",NA,NA,"Oilseeds and oleaginous fruits","Gross Production Value (constant 2014-2016 thousand I$)","1000 Int$",2015,6452526,"Sesame seed","no"
NA,"World",NA,NA,"Oilseeds and oleaginous fruits","Gross Production Value (constant 2014-2016 thousand I$)","1000 Int$",2016,6580351,"Sesame seed","no"
NA,"World",NA,NA,"Oilseeds and oleaginous fruits","Gross Production Value (constant 2014-2016 thousand I$)","1000 Int$",2017,6718803,"Sesame seed","no"
NA,"World",NA,NA,"Oilseeds and oleaginous fruits","Gross Production Value (constant 2014-2016 thousand I$)","1000 Int$",2018,6983908,"Sesame seed","no"
NA,"World",NA,NA,"Oilseeds and oleaginous fruits","Gross Production Value (constant 2014-2016 thousand I$)","1000 Int$",2019,7709835,"Sesame seed","no"
NA,"World",NA,NA,"Oilseeds and oleaginous fruits","Gross Production Value (constant 2014-2016 thousand I$)","1000 Int$",2020,6995388,"Sesame seed","no"
NA,"World",NA,NA,"Oilseeds and oleaginous fruits","Gross Production Value (constant 2014-2016 thousand I$)","1000 Int$",2021,7553449,"Sesame seed","no"
NA,"World",NA,NA,"Oilseeds and oleaginous fruits","Gross Production Value (constant 2014-2016 thousand I$)","1000 Int$",2022,7053957,"Sesame seed","no"
NA,"World",NA,NA,"Oilseeds and oleaginous fruits","Gross Production Value (constant 2014-2016 thousand I$)","1000 Int$",2023,7664797,"Sesame seed","no"
NA,"World",NA,NA,"Oilseeds and oleaginous fruits","Gross Production Value (constant 2014-2016 thousand US$)","1000 USD",1992,2590450,"Sesame seed","no"
NA,"World",NA,NA,"Oilseeds and oleaginous fruits","Gross Production Value (constant 2014-2016 thousand US$)","1000 USD",1993,2438803,"Sesame seed","no"
NA,"World",NA,NA,"Oilseeds and oleaginous fruits","Gross Production Value (constant 2014-2016 thousand US$)","1000 USD",1994,2539624,"Sesame seed","no"
NA,"World",NA,NA,"Oilseeds and oleaginous fruits","Gross Production Value (constant 2014-2016 thousand US$)","1000 USD",1995,2697745,"Sesame seed","no"
NA,"World",NA,NA,"Oilseeds and oleaginous fruits","Gross Production Value (constant 2014-2016 thousand US$)","1000 USD",1996,2762974,"Sesame seed","no"
NA,"World",NA,NA,"Oilseeds and oleaginous fruits","Gross Production Value (constant 2014-2016 thousand US$)","1000 USD",1997,2663458,"Sesame seed","no"
NA,"World",NA,NA,"Oilseeds and oleaginous fruits","Gross Production Value (constant 2014-2016 thousand US$)","1000 USD",1998,2782449,"Sesame seed","no"
NA,"World",NA,NA,"Oilseeds and oleaginous fruits","Gross Production Value (constant 2014-2016 thousand US$)","1000 USD",1999,2933650,"Sesame seed","no"
NA,"World",NA,NA,"Oilseeds and oleaginous fruits","Gross Production Value (constant 2014-2016 thousand US$)","1000 USD",2000,3264972,"Sesame seed","no"
NA,"World",NA,NA,"Oilseeds and oleaginous fruits","Gross Production Value (constant 2014-2016 thousand US$)","1000 USD",2001,3372824,"Sesame seed","no"
NA,"World",NA,NA,"Oilseeds and oleaginous fruits","Gross Production Value (constant 2014-2016 thousand US$)","1000 USD",2002,3285605,"Sesame seed","no"
NA,"World",NA,NA,"Oilseeds and oleaginous fruits","Gross Production Value (constant 2014-2016 thousand US$)","1000 USD",2003,2739390,"Sesame seed","no"
NA,"World",NA,NA,"Oilseeds and oleaginous fruits","Gross Production Value (constant 2014-2016 thousand US$)","1000 USD",2004,3125379,"Sesame seed","no"
NA,"World",NA,NA,"Oilseeds and oleaginous fruits","Gross Production Value (constant 2014-2016 thousand US$)","1000 USD",2005,3240092,"Sesame seed","no"
NA,"World",NA,NA,"Oilseeds and oleaginous fruits","Gross Production Value (constant 2014-2016 thousand US$)","1000 USD",2006,3107214,"Sesame seed","no"
NA,"World",NA,NA,"Oilseeds and oleaginous fruits","Gross Production Value (constant 2014-2016 thousand US$)","1000 USD",2007,3065767,"Sesame seed","no"
NA,"World",NA,NA,"Oilseeds and oleaginous fruits","Gross Production Value (constant 2014-2016 thousand US$)","1000 USD",2008,3053232,"Sesame seed","no"
NA,"World",NA,NA,"Oilseeds and oleaginous fruits","Gross Production Value (constant 2014-2016 thousand US$)","1000 USD",2009,3273438,"Sesame seed","no"
NA,"World",NA,NA,"Oilseeds and oleaginous fruits","Gross Production Value (constant 2014-2016 thousand US$)","1000 USD",2010,3644194,"Sesame seed","no"
NA,"World",NA,NA,"Oilseeds and oleaginous fruits","Gross Production Value (constant 2014-2016 thousand US$)","1000 USD",2011,3725085,"Sesame seed","no"
NA,"World",NA,NA,"Oilseeds and oleaginous fruits","Gross Production Value (constant 2014-2016 thousand US$)","1000 USD",2012,3950339,"Sesame seed","no"
NA,"World",NA,NA,"Oilseeds and oleaginous fruits","Gross Production Value (constant 2014-2016 thousand US$)","1000 USD",2013,3847235,"Sesame seed","no"
NA,"World",NA,NA,"Oilseeds and oleaginous fruits","Gross Production Value (constant 2014-2016 thousand US$)","1000 USD",2014,4233830,"Sesame seed","no"
NA,"World",NA,NA,"Oilseeds and oleaginous fruits","Gross Production Value (constant 2014-2016 thousand US$)","1000 USD",2015,3893813,"Sesame seed","no"
NA,"World",NA,NA,"Oilseeds and oleaginous fruits","Gross Production Value (constant 2014-2016 thousand US$)","1000 USD",2016,3617357,"Sesame seed","no"
NA,"World",NA,NA,"Oilseeds and oleaginous fruits","Gross Production Value (constant 2014-2016 thousand US$)","1000 USD",2017,3523744,"Sesame seed","no"
NA,"World",NA,NA,"Oilseeds and oleaginous fruits","Gross Production Value (constant 2014-2016 thousand US$)","1000 USD",2018,3648727,"Sesame seed","no"
NA,"World",NA,NA,"Oilseeds and oleaginous fruits","Gross Production Value (constant 2014-2016 thousand US$)","1000 USD",2019,3952352,"Sesame seed","no"
NA,"World",NA,NA,"Oilseeds and oleaginous fruits","Gross Production Value (constant 2014-2016 thousand US$)","1000 USD",2020,3416714,"Sesame seed","no"
NA,"World",NA,NA,"Oilseeds and oleaginous fruits","Gross Production Value (constant 2014-2016 thousand US$)","1000 USD",2021,3448667,"Sesame seed","no"
NA,"World",NA,NA,"Oilseeds and oleaginous fruits","Gross Production Value (constant 2014-2016 thousand US$)","1000 USD",2022,3368791,"Sesame seed","no"
NA,"World",NA,NA,"Oilseeds and oleaginous fruits","Gross Production Value (constant 2014-2016 thousand US$)","1000 USD",2023,3744295,"Sesame seed","no"
NA,"World",NA,NA,"Other animal products","Gross Production Value (constant 2014-2016 thousand I$)","1000 Int$",1992,10284996,"Shorn wool, greasy, including fleece-washed shorn wool","no"
NA,"World",NA,NA,"Other animal products","Gross Production Value (constant 2014-2016 thousand I$)","1000 Int$",1993,10133905,"Shorn wool, greasy, including fleece-washed shorn wool","no"
NA,"World",NA,NA,"Other animal products","Gross Production Value (constant 2014-2016 thousand I$)","1000 Int$",1994,10370861,"Shorn wool, greasy, including fleece-washed shorn wool","no"
NA,"World",NA,NA,"Other animal products","Gross Production Value (constant 2014-2016 thousand I$)","1000 Int$",1995,9797330,"Shorn wool, greasy, including fleece-washed shorn wool","no"
NA,"World",NA,NA,"Other animal products","Gross Production Value (constant 2014-2016 thousand I$)","1000 Int$",1996,9235946,"Shorn wool, greasy, including fleece-washed shorn wool","no"
NA,"World",NA,NA,"Other animal products","Gross Production Value (constant 2014-2016 thousand I$)","1000 Int$",1997,9154754,"Shorn wool, greasy, including fleece-washed shorn wool","no"
NA,"World",NA,NA,"Other animal products","Gross Production Value (constant 2014-2016 thousand I$)","1000 Int$",1998,9006862,"Shorn wool, greasy, including fleece-washed shorn wool","no"
NA,"World",NA,NA,"Other animal products","Gross Production Value (constant 2014-2016 thousand I$)","1000 Int$",1999,8947642,"Shorn wool, greasy, including fleece-washed shorn wool","no"
NA,"World",NA,NA,"Other animal products","Gross Production Value (constant 2014-2016 thousand I$)","1000 Int$",2000,8917020,"Shorn wool, greasy, including fleece-washed shorn wool","no"
NA,"World",NA,NA,"Other animal products","Gross Production Value (constant 2014-2016 thousand I$)","1000 Int$",2001,8309243,"Shorn wool, greasy, including fleece-washed shorn wool","no"
NA,"World",NA,NA,"Other animal products","Gross Production Value (constant 2014-2016 thousand I$)","1000 Int$",2002,8301469,"Shorn wool, greasy, including fleece-washed shorn wool","no"
NA,"World",NA,NA,"Other animal products","Gross Production Value (constant 2014-2016 thousand I$)","1000 Int$",2003,8030081,"Shorn wool, greasy, including fleece-washed shorn wool","no"
NA,"World",NA,NA,"Other animal products","Gross Production Value (constant 2014-2016 thousand I$)","1000 Int$",2004,8297743,"Shorn wool, greasy, including fleece-washed shorn wool","no"
NA,"World",NA,NA,"Other animal products","Gross Production Value (constant 2014-2016 thousand I$)","1000 Int$",2005,8388110,"Shorn wool, greasy, including fleece-washed shorn wool","no"
NA,"World",NA,NA,"Other animal products","Gross Production Value (constant 2014-2016 thousand I$)","1000 Int$",2006,8466344,"Shorn wool, greasy, including fleece-washed shorn wool","no"
NA,"World",NA,NA,"Other animal products","Gross Production Value (constant 2014-2016 thousand I$)","1000 Int$",2007,8308459,"Shorn wool, greasy, including fleece-washed shorn wool","no"
NA,"World",NA,NA,"Other animal products","Gross Production Value (constant 2014-2016 thousand I$)","1000 Int$",2008,7889300,"Shorn wool, greasy, including fleece-washed shorn wool","no"
NA,"World",NA,NA,"Other animal products","Gross Production Value (constant 2014-2016 thousand I$)","1000 Int$",2009,7838215,"Shorn wool, greasy, including fleece-washed shorn wool","no"
NA,"World",NA,NA,"Other animal products","Gross Production Value (constant 2014-2016 thousand I$)","1000 Int$",2010,7765156,"Shorn wool, greasy, including fleece-washed shorn wool","no"
NA,"World",NA,NA,"Other animal products","Gross Production Value (constant 2014-2016 thousand I$)","1000 Int$",2011,8036711,"Shorn wool, greasy, including fleece-washed shorn wool","no"
NA,"World",NA,NA,"Other animal products","Gross Production Value (constant 2014-2016 thousand I$)","1000 Int$",2012,7774590,"Shorn wool, greasy, including fleece-washed shorn wool","no"
NA,"World",NA,NA,"Other animal products","Gross Production Value (constant 2014-2016 thousand I$)","1000 Int$",2013,7898794,"Shorn wool, greasy, including fleece-washed shorn wool","no"
NA,"World",NA,NA,"Other animal products","Gross Production Value (constant 2014-2016 thousand I$)","1000 Int$",2014,7804747,"Shorn wool, greasy, including fleece-washed shorn wool","no"
NA,"World",NA,NA,"Other animal products","Gross Production Value (constant 2014-2016 thousand I$)","1000 Int$",2015,7638289,"Shorn wool, greasy, including fleece-washed shorn wool","no"
NA,"World",NA,NA,"Other animal products","Gross Production Value (constant 2014-2016 thousand I$)","1000 Int$",2016,7614202,"Shorn wool, greasy, including fleece-washed shorn wool","no"
NA,"World",NA,NA,"Other animal products","Gross Production Value (constant 2014-2016 thousand I$)","1000 Int$",2017,7675043,"Shorn wool, greasy, including fleece-washed shorn wool","no"
NA,"World",NA,NA,"Other animal products","Gross Production Value (constant 2014-2016 thousand I$)","1000 Int$",2018,7091567,"Shorn wool, greasy, including fleece-washed shorn wool","no"
NA,"World",NA,NA,"Other animal products","Gross Production Value (constant 2014-2016 thousand I$)","1000 Int$",2019,6777842,"Shorn wool, greasy, including fleece-washed shorn wool","no"
NA,"World",NA,NA,"Other animal products","Gross Production Value (constant 2014-2016 thousand I$)","1000 Int$",2020,6604985,"Shorn wool, greasy, including fleece-washed shorn wool","no"
NA,"World",NA,NA,"Other animal products","Gross Production Value (constant 2014-2016 thousand I$)","1000 Int$",2021,6917992,"Shorn wool, greasy, including fleece-washed shorn wool","no"
NA,"World",NA,NA,"Other animal products","Gross Production Value (constant 2014-2016 thousand I$)","1000 Int$",2022,6791456,"Shorn wool, greasy, including fleece-washed shorn wool","no"
NA,"World",NA,NA,"Other animal products","Gross Production Value (constant 2014-2016 thousand I$)","1000 Int$",2023,6723845,"Shorn wool, greasy, including fleece-washed shorn wool","no"
NA,"World",NA,NA,"Other animal products","Gross Production Value (constant 2014-2016 thousand US$)","1000 USD",1992,9954555,"Shorn wool, greasy, including fleece-washed shorn wool","no"
NA,"World",NA,NA,"Other animal products","Gross Production Value (constant 2014-2016 thousand US$)","1000 USD",1993,9783741,"Shorn wool, greasy, including fleece-washed shorn wool","no"
NA,"World",NA,NA,"Other animal products","Gross Production Value (constant 2014-2016 thousand US$)","1000 USD",1994,9842864,"Shorn wool, greasy, including fleece-washed shorn wool","no"
NA,"World",NA,NA,"Other animal products","Gross Production Value (constant 2014-2016 thousand US$)","1000 USD",1995,9347084,"Shorn wool, greasy, including fleece-washed shorn wool","no"
NA,"World",NA,NA,"Other animal products","Gross Production Value (constant 2014-2016 thousand US$)","1000 USD",1996,9014564,"Shorn wool, greasy, including fleece-washed shorn wool","no"
NA,"World",NA,NA,"Other animal products","Gross Production Value (constant 2014-2016 thousand US$)","1000 USD",1997,8812717,"Shorn wool, greasy, including fleece-washed shorn wool","no"
NA,"World",NA,NA,"Other animal products","Gross Production Value (constant 2014-2016 thousand US$)","1000 USD",1998,8696474,"Shorn wool, greasy, including fleece-washed shorn wool","no"
NA,"World",NA,NA,"Other animal products","Gross Production Value (constant 2014-2016 thousand US$)","1000 USD",1999,8679791,"Shorn wool, greasy, including fleece-washed shorn wool","no"
NA,"World",NA,NA,"Other animal products","Gross Production Value (constant 2014-2016 thousand US$)","1000 USD",2000,8610049,"Shorn wool, greasy, including fleece-washed shorn wool","no"
NA,"World",NA,NA,"Other animal products","Gross Production Value (constant 2014-2016 thousand US$)","1000 USD",2001,7956496,"Shorn wool, greasy, including fleece-washed shorn wool","no"
NA,"World",NA,NA,"Other animal products","Gross Production Value (constant 2014-2016 thousand US$)","1000 USD",2002,7983606,"Shorn wool, greasy, including fleece-washed shorn wool","no"
NA,"World",NA,NA,"Other animal products","Gross Production Value (constant 2014-2016 thousand US$)","1000 USD",2003,7653068,"Shorn wool, greasy, including fleece-washed shorn wool","no"
NA,"World",NA,NA,"Other animal products","Gross Production Value (constant 2014-2016 thousand US$)","1000 USD",2004,8058990,"Shorn wool, greasy, including fleece-washed shorn wool","no"
NA,"World",NA,NA,"Other animal products","Gross Production Value (constant 2014-2016 thousand US$)","1000 USD",2005,8178590,"Shorn wool, greasy, including fleece-washed shorn wool","no"
NA,"World",NA,NA,"Other animal products","Gross Production Value (constant 2014-2016 thousand US$)","1000 USD",2006,8194705,"Shorn wool, greasy, including fleece-washed shorn wool","no"
NA,"World",NA,NA,"Other animal products","Gross Production Value (constant 2014-2016 thousand US$)","1000 USD",2007,7860687,"Shorn wool, greasy, including fleece-washed shorn wool","no"
NA,"World",NA,NA,"Other animal products","Gross Production Value (constant 2014-2016 thousand US$)","1000 USD",2008,7453897,"Shorn wool, greasy, including fleece-washed shorn wool","no"
NA,"World",NA,NA,"Other animal products","Gross Production Value (constant 2014-2016 thousand US$)","1000 USD",2009,7391780,"Shorn wool, greasy, including fleece-washed shorn wool","no"
NA,"World",NA,NA,"Other animal products","Gross Production Value (constant 2014-2016 thousand US$)","1000 USD",2010,7458473,"Shorn wool, greasy, including fleece-washed shorn wool","no"
NA,"World",NA,NA,"Other animal products","Gross Production Value (constant 2014-2016 thousand US$)","1000 USD",2011,7946495,"Shorn wool, greasy, including fleece-washed shorn wool","no"
NA,"World",NA,NA,"Other animal products","Gross Production Value (constant 2014-2016 thousand US$)","1000 USD",2012,7796759,"Shorn wool, greasy, including fleece-washed shorn wool","no"
NA,"World",NA,NA,"Other animal products","Gross Production Value (constant 2014-2016 thousand US$)","1000 USD",2013,8132594,"Shorn wool, greasy, including fleece-washed shorn wool","no"
NA,"World",NA,NA,"Other animal products","Gross Production Value (constant 2014-2016 thousand US$)","1000 USD",2014,7967766,"Shorn wool, greasy, including fleece-washed shorn wool","no"
NA,"World",NA,NA,"Other animal products","Gross Production Value (constant 2014-2016 thousand US$)","1000 USD",2015,7664990,"Shorn wool, greasy, including fleece-washed shorn wool","no"
NA,"World",NA,NA,"Other animal products","Gross Production Value (constant 2014-2016 thousand US$)","1000 USD",2016,7569400,"Shorn wool, greasy, including fleece-washed shorn wool","no"
NA,"World",NA,NA,"Other animal products","Gross Production Value (constant 2014-2016 thousand US$)","1000 USD",2017,7647644,"Shorn wool, greasy, including fleece-washed shorn wool","no"
NA,"World",NA,NA,"Other animal products","Gross Production Value (constant 2014-2016 thousand US$)","1000 USD",2018,7139401,"Shorn wool, greasy, including fleece-washed shorn wool","no"
NA,"World",NA,NA,"Other animal products","Gross Production Value (constant 2014-2016 thousand US$)","1000 USD",2019,6721088,"Shorn wool, greasy, including fleece-washed shorn wool","no"
NA,"World",NA,NA,"Other animal products","Gross Production Value (constant 2014-2016 thousand US$)","1000 USD",2020,6420928,"Shorn wool, greasy, including fleece-washed shorn wool","no"
NA,"World",NA,NA,"Other animal products","Gross Production Value (constant 2014-2016 thousand US$)","1000 USD",2021,6911612,"Shorn wool, greasy, including fleece-washed shorn wool","no"
NA,"World",NA,NA,"Other animal products","Gross Production Value (constant 2014-2016 thousand US$)","1000 USD",2022,6783879,"Shorn wool, greasy, including fleece-washed shorn wool","no"
NA,"World",NA,NA,"Other animal products","Gross Production Value (constant 2014-2016 thousand US$)","1000 USD",2023,6810453,"Shorn wool, greasy, including fleece-washed shorn wool","no"
NA,"World",NA,NA,"Other animal products","Gross Production Value (constant 2014-2016 thousand I$)","1000 Int$",1992,1561710,"Silk-worm cocoons suitable for reeling","no"
NA,"World",NA,NA,"Other animal products","Gross Production Value (constant 2014-2016 thousand I$)","1000 Int$",1993,1695582,"Silk-worm cocoons suitable for reeling","no"
NA,"World",NA,NA,"Other animal products","Gross Production Value (constant 2014-2016 thousand I$)","1000 Int$",1994,1763842,"Silk-worm cocoons suitable for reeling","no"
NA,"World",NA,NA,"Other animal products","Gross Production Value (constant 2014-2016 thousand I$)","1000 Int$",1995,1738971,"Silk-worm cocoons suitable for reeling","no"
NA,"World",NA,NA,"Other animal products","Gross Production Value (constant 2014-2016 thousand I$)","1000 Int$",1996,1350503,"Silk-worm cocoons suitable for reeling","no"
NA,"World",NA,NA,"Other animal products","Gross Production Value (constant 2014-2016 thousand I$)","1000 Int$",1997,1297751,"Silk-worm cocoons suitable for reeling","no"
NA,"World",NA,NA,"Other animal products","Gross Production Value (constant 2014-2016 thousand I$)","1000 Int$",1998,1523701,"Silk-worm cocoons suitable for reeling","no"
NA,"World",NA,NA,"Other animal products","Gross Production Value (constant 2014-2016 thousand I$)","1000 Int$",1999,1534923,"Silk-worm cocoons suitable for reeling","no"
NA,"World",NA,NA,"Other animal products","Gross Production Value (constant 2014-2016 thousand I$)","1000 Int$",2000,1618410,"Silk-worm cocoons suitable for reeling","no"
NA,"World",NA,NA,"Other animal products","Gross Production Value (constant 2014-2016 thousand I$)","1000 Int$",2001,1876848,"Silk-worm cocoons suitable for reeling","no"
NA,"World",NA,NA,"Other animal products","Gross Production Value (constant 2014-2016 thousand I$)","1000 Int$",2002,2009283,"Silk-worm cocoons suitable for reeling","no"
NA,"World",NA,NA,"Other animal products","Gross Production Value (constant 2014-2016 thousand I$)","1000 Int$",2003,1915814,"Silk-worm cocoons suitable for reeling","no"
NA,"World",NA,NA,"Other animal products","Gross Production Value (constant 2014-2016 thousand I$)","1000 Int$",2004,2059590,"Silk-worm cocoons suitable for reeling","no"
NA,"World",NA,NA,"Other animal products","Gross Production Value (constant 2014-2016 thousand I$)","1000 Int$",2005,2162425,"Silk-worm cocoons suitable for reeling","no"
NA,"World",NA,NA,"Other animal products","Gross Production Value (constant 2014-2016 thousand I$)","1000 Int$",2006,2384517,"Silk-worm cocoons suitable for reeling","no"
NA,"World",NA,NA,"Other animal products","Gross Production Value (constant 2014-2016 thousand I$)","1000 Int$",2007,2428862,"Silk-worm cocoons suitable for reeling","no"
NA,"World",NA,NA,"Other animal products","Gross Production Value (constant 2014-2016 thousand I$)","1000 Int$",2008,2433047,"Silk-worm cocoons suitable for reeling","no"
NA,"World",NA,NA,"Other animal products","Gross Production Value (constant 2014-2016 thousand I$)","1000 Int$",2009,2454941,"Silk-worm cocoons suitable for reeling","no"
NA,"World",NA,NA,"Other animal products","Gross Production Value (constant 2014-2016 thousand I$)","1000 Int$",2010,2230093,"Silk-worm cocoons suitable for reeling","no"
NA,"World",NA,NA,"Other animal products","Gross Production Value (constant 2014-2016 thousand I$)","1000 Int$",2011,2155666,"Silk-worm cocoons suitable for reeling","no"
NA,"World",NA,NA,"Other animal products","Gross Production Value (constant 2014-2016 thousand I$)","1000 Int$",2012,2511134,"Silk-worm cocoons suitable for reeling","no"
NA,"World",NA,NA,"Other animal products","Gross Production Value (constant 2014-2016 thousand I$)","1000 Int$",2013,2581065,"Silk-worm cocoons suitable for reeling","no"
NA,"World",NA,NA,"Other animal products","Gross Production Value (constant 2014-2016 thousand I$)","1000 Int$",2014,3015156,"Silk-worm cocoons suitable for reeling","no"
NA,"World",NA,NA,"Other animal products","Gross Production Value (constant 2014-2016 thousand I$)","1000 Int$",2015,3223409,"Silk-worm cocoons suitable for reeling","no"
NA,"World",NA,NA,"Other animal products","Gross Production Value (constant 2014-2016 thousand I$)","1000 Int$",2016,3083564,"Silk-worm cocoons suitable for reeling","no"
NA,"World",NA,NA,"Other animal products","Gross Production Value (constant 2014-2016 thousand I$)","1000 Int$",2017,2870869,"Silk-worm cocoons suitable for reeling","no"
NA,"World",NA,NA,"Other animal products","Gross Production Value (constant 2014-2016 thousand I$)","1000 Int$",2018,2603891,"Silk-worm cocoons suitable for reeling","no"
NA,"World",NA,NA,"Other animal products","Gross Production Value (constant 2014-2016 thousand I$)","1000 Int$",2019,2085736,"Silk-worm cocoons suitable for reeling","no"
NA,"World",NA,NA,"Other animal products","Gross Production Value (constant 2014-2016 thousand I$)","1000 Int$",2020,1914065,"Silk-worm cocoons suitable for reeling","no"
NA,"World",NA,NA,"Other animal products","Gross Production Value (constant 2014-2016 thousand I$)","1000 Int$",2021,1781905,"Silk-worm cocoons suitable for reeling","no"
NA,"World",NA,NA,"Other animal products","Gross Production Value (constant 2014-2016 thousand I$)","1000 Int$",2022,1907695,"Silk-worm cocoons suitable for reeling","no"
NA,"World",NA,NA,"Other animal products","Gross Production Value (constant 2014-2016 thousand I$)","1000 Int$",2023,1983017,"Silk-worm cocoons suitable for reeling","no"
NA,"World",NA,NA,"Other animal products","Gross Production Value (constant 2014-2016 thousand US$)","1000 USD",1992,2069002,"Silk-worm cocoons suitable for reeling","no"
NA,"World",NA,NA,"Other animal products","Gross Production Value (constant 2014-2016 thousand US$)","1000 USD",1993,2154460,"Silk-worm cocoons suitable for reeling","no"
NA,"World",NA,NA,"Other animal products","Gross Production Value (constant 2014-2016 thousand US$)","1000 USD",1994,2210540,"Silk-worm cocoons suitable for reeling","no"
NA,"World",NA,NA,"Other animal products","Gross Production Value (constant 2014-2016 thousand US$)","1000 USD",1995,2107782,"Silk-worm cocoons suitable for reeling","no"
NA,"World",NA,NA,"Other animal products","Gross Production Value (constant 2014-2016 thousand US$)","1000 USD",1996,1506443,"Silk-worm cocoons suitable for reeling","no"
NA,"World",NA,NA,"Other animal products","Gross Production Value (constant 2014-2016 thousand US$)","1000 USD",1997,1457358,"Silk-worm cocoons suitable for reeling","no"
NA,"World",NA,NA,"Other animal products","Gross Production Value (constant 2014-2016 thousand US$)","1000 USD",1998,1766172,"Silk-worm cocoons suitable for reeling","no"
NA,"World",NA,NA,"Other animal products","Gross Production Value (constant 2014-2016 thousand US$)","1000 USD",1999,1794599,"Silk-worm cocoons suitable for reeling","no"
NA,"World",NA,NA,"Other animal products","Gross Production Value (constant 2014-2016 thousand US$)","1000 USD",2000,1919341,"Silk-worm cocoons suitable for reeling","no"
NA,"World",NA,NA,"Other animal products","Gross Production Value (constant 2014-2016 thousand US$)","1000 USD",2001,2243761,"Silk-worm cocoons suitable for reeling","no"
NA,"World",NA,NA,"Other animal products","Gross Production Value (constant 2014-2016 thousand US$)","1000 USD",2002,2384883,"Silk-worm cocoons suitable for reeling","no"
NA,"World",NA,NA,"Other animal products","Gross Production Value (constant 2014-2016 thousand US$)","1000 USD",2003,2285231,"Silk-worm cocoons suitable for reeling","no"
NA,"World",NA,NA,"Other animal products","Gross Production Value (constant 2014-2016 thousand US$)","1000 USD",2004,2500976,"Silk-worm cocoons suitable for reeling","no"
NA,"World",NA,NA,"Other animal products","Gross Production Value (constant 2014-2016 thousand US$)","1000 USD",2005,2644139,"Silk-worm cocoons suitable for reeling","no"
NA,"World",NA,NA,"Other animal products","Gross Production Value (constant 2014-2016 thousand US$)","1000 USD",2006,2933255,"Silk-worm cocoons suitable for reeling","no"
NA,"World",NA,NA,"Other animal products","Gross Production Value (constant 2014-2016 thousand US$)","1000 USD",2007,2991133,"Silk-worm cocoons suitable for reeling","no"
NA,"World",NA,NA,"Other animal products","Gross Production Value (constant 2014-2016 thousand US$)","1000 USD",2008,2987336,"Silk-worm cocoons suitable for reeling","no"
NA,"World",NA,NA,"Other animal products","Gross Production Value (constant 2014-2016 thousand US$)","1000 USD",2009,3014664,"Silk-worm cocoons suitable for reeling","no"
NA,"World",NA,NA,"Other animal products","Gross Production Value (constant 2014-2016 thousand US$)","1000 USD",2010,2736090,"Silk-worm cocoons suitable for reeling","no"
NA,"World",NA,NA,"Other animal products","Gross Production Value (constant 2014-2016 thousand US$)","1000 USD",2011,2550952,"Silk-worm cocoons suitable for reeling","no"
NA,"World",NA,NA,"Other animal products","Gross Production Value (constant 2014-2016 thousand US$)","1000 USD",2012,3017522,"Silk-worm cocoons suitable for reeling","no"
NA,"World",NA,NA,"Other animal products","Gross Production Value (constant 2014-2016 thousand US$)","1000 USD",2013,3106272,"Silk-worm cocoons suitable for reeling","no"
NA,"World",NA,NA,"Other animal products","Gross Production Value (constant 2014-2016 thousand US$)","1000 USD",2014,3694633,"Silk-worm cocoons suitable for reeling","no"
NA,"World",NA,NA,"Other animal products","Gross Production Value (constant 2014-2016 thousand US$)","1000 USD",2015,3964864,"Silk-worm cocoons suitable for reeling","no"
NA,"World",NA,NA,"Other animal products","Gross Production Value (constant 2014-2016 thousand US$)","1000 USD",2016,3747220,"Silk-worm cocoons suitable for reeling","no"
NA,"World",NA,NA,"Other animal products","Gross Production Value (constant 2014-2016 thousand US$)","1000 USD",2017,3490375,"Silk-worm cocoons suitable for reeling","no"
NA,"World",NA,NA,"Other animal products","Gross Production Value (constant 2014-2016 thousand US$)","1000 USD",2018,3035364,"Silk-worm cocoons suitable for reeling","no"
NA,"World",NA,NA,"Other animal products","Gross Production Value (constant 2014-2016 thousand US$)","1000 USD",2019,2176847,"Silk-worm cocoons suitable for reeling","no"
NA,"World",NA,NA,"Other animal products","Gross Production Value (constant 2014-2016 thousand US$)","1000 USD",2020,1902188,"Silk-worm cocoons suitable for reeling","no"
NA,"World",NA,NA,"Other animal products","Gross Production Value (constant 2014-2016 thousand US$)","1000 USD",2021,1725245,"Silk-worm cocoons suitable for reeling","no"
NA,"World",NA,NA,"Other animal products","Gross Production Value (constant 2014-2016 thousand US$)","1000 USD",2022,1847632,"Silk-worm cocoons suitable for reeling","no"
NA,"World",NA,NA,"Other animal products","Gross Production Value (constant 2014-2016 thousand US$)","1000 USD",2023,1905883,"Silk-worm cocoons suitable for reeling","no"
NA,"World",NA,NA,"Forage products; fibre crops; plants used in perfumery, pharmacy, or for insecticidal, fungicidal or similar purposes; beet, forage plant and flower seeds; natural rubber; living plants, cut flowers and flower buds; unmanufactured tobacco; other raw vegetable materials","Gross Production Value (constant 2014-2016 thousand I$)","1000 Int$",1992,191758,"Sisal","no"
NA,"World",NA,NA,"Forage products; fibre crops; plants used in perfumery, pharmacy, or for insecticidal, fungicidal or similar purposes; beet, forage plant and flower seeds; natural rubber; living plants, cut flowers and flower buds; unmanufactured tobacco; other raw vegetable materials","Gross Production Value (constant 2014-2016 thousand I$)","1000 Int$",1993,154273,"Sisal","no"
NA,"World",NA,NA,"Forage products; fibre crops; plants used in perfumery, pharmacy, or for insecticidal, fungicidal or similar purposes; beet, forage plant and flower seeds; natural rubber; living plants, cut flowers and flower buds; unmanufactured tobacco; other raw vegetable materials","Gross Production Value (constant 2014-2016 thousand I$)","1000 Int$",1994,160099,"Sisal","no"
NA,"World",NA,NA,"Forage products; fibre crops; plants used in perfumery, pharmacy, or for insecticidal, fungicidal or similar purposes; beet, forage plant and flower seeds; natural rubber; living plants, cut flowers and flower buds; unmanufactured tobacco; other raw vegetable materials","Gross Production Value (constant 2014-2016 thousand I$)","1000 Int$",1995,157134,"Sisal","no"
NA,"World",NA,NA,"Forage products; fibre crops; plants used in perfumery, pharmacy, or for insecticidal, fungicidal or similar purposes; beet, forage plant and flower seeds; natural rubber; living plants, cut flowers and flower buds; unmanufactured tobacco; other raw vegetable materials","Gross Production Value (constant 2014-2016 thousand I$)","1000 Int$",1996,143975,"Sisal","no"
NA,"World",NA,NA,"Forage products; fibre crops; plants used in perfumery, pharmacy, or for insecticidal, fungicidal or similar purposes; beet, forage plant and flower seeds; natural rubber; living plants, cut flowers and flower buds; unmanufactured tobacco; other raw vegetable materials","Gross Production Value (constant 2014-2016 thousand I$)","1000 Int$",1997,165412,"Sisal","no"
NA,"World",NA,NA,"Forage products; fibre crops; plants used in perfumery, pharmacy, or for insecticidal, fungicidal or similar purposes; beet, forage plant and flower seeds; natural rubber; living plants, cut flowers and flower buds; unmanufactured tobacco; other raw vegetable materials","Gross Production Value (constant 2014-2016 thousand I$)","1000 Int$",1998,137707,"Sisal","no"
NA,"World",NA,NA,"Forage products; fibre crops; plants used in perfumery, pharmacy, or for insecticidal, fungicidal or similar purposes; beet, forage plant and flower seeds; natural rubber; living plants, cut flowers and flower buds; unmanufactured tobacco; other raw vegetable materials","Gross Production Value (constant 2014-2016 thousand I$)","1000 Int$",1999,171369,"Sisal","no"
NA,"World",NA,NA,"Forage products; fibre crops; plants used in perfumery, pharmacy, or for insecticidal, fungicidal or similar purposes; beet, forage plant and flower seeds; natural rubber; living plants, cut flowers and flower buds; unmanufactured tobacco; other raw vegetable materials","Gross Production Value (constant 2014-2016 thousand I$)","1000 Int$",2000,200790,"Sisal","no"
NA,"World",NA,NA,"Forage products; fibre crops; plants used in perfumery, pharmacy, or for insecticidal, fungicidal or similar purposes; beet, forage plant and flower seeds; natural rubber; living plants, cut flowers and flower buds; unmanufactured tobacco; other raw vegetable materials","Gross Production Value (constant 2014-2016 thousand I$)","1000 Int$",2001,147590,"Sisal","no"
NA,"World",NA,NA,"Forage products; fibre crops; plants used in perfumery, pharmacy, or for insecticidal, fungicidal or similar purposes; beet, forage plant and flower seeds; natural rubber; living plants, cut flowers and flower buds; unmanufactured tobacco; other raw vegetable materials","Gross Production Value (constant 2014-2016 thousand I$)","1000 Int$",2002,140108,"Sisal","no"
NA,"World",NA,NA,"Forage products; fibre crops; plants used in perfumery, pharmacy, or for insecticidal, fungicidal or similar purposes; beet, forage plant and flower seeds; natural rubber; living plants, cut flowers and flower buds; unmanufactured tobacco; other raw vegetable materials","Gross Production Value (constant 2014-2016 thousand I$)","1000 Int$",2003,154379,"Sisal","no"
NA,"World",NA,NA,"Forage products; fibre crops; plants used in perfumery, pharmacy, or for insecticidal, fungicidal or similar purposes; beet, forage plant and flower seeds; natural rubber; living plants, cut flowers and flower buds; unmanufactured tobacco; other raw vegetable materials","Gross Production Value (constant 2014-2016 thousand I$)","1000 Int$",2004,160246,"Sisal","no"
NA,"World",NA,NA,"Forage products; fibre crops; plants used in perfumery, pharmacy, or for insecticidal, fungicidal or similar purposes; beet, forage plant and flower seeds; natural rubber; living plants, cut flowers and flower buds; unmanufactured tobacco; other raw vegetable materials","Gross Production Value (constant 2014-2016 thousand I$)","1000 Int$",2005,163896,"Sisal","no"
NA,"World",NA,NA,"Forage products; fibre crops; plants used in perfumery, pharmacy, or for insecticidal, fungicidal or similar purposes; beet, forage plant and flower seeds; natural rubber; living plants, cut flowers and flower buds; unmanufactured tobacco; other raw vegetable materials","Gross Production Value (constant 2014-2016 thousand I$)","1000 Int$",2006,185475,"Sisal","no"
NA,"World",NA,NA,"Forage products; fibre crops; plants used in perfumery, pharmacy, or for insecticidal, fungicidal or similar purposes; beet, forage plant and flower seeds; natural rubber; living plants, cut flowers and flower buds; unmanufactured tobacco; other raw vegetable materials","Gross Production Value (constant 2014-2016 thousand I$)","1000 Int$",2007,188353,"Sisal","no"
NA,"World",NA,NA,"Forage products; fibre crops; plants used in perfumery, pharmacy, or for insecticidal, fungicidal or similar purposes; beet, forage plant and flower seeds; natural rubber; living plants, cut flowers and flower buds; unmanufactured tobacco; other raw vegetable materials","Gross Production Value (constant 2014-2016 thousand I$)","1000 Int$",2008,194323,"Sisal","no"
NA,"World",NA,NA,"Forage products; fibre crops; plants used in perfumery, pharmacy, or for insecticidal, fungicidal or similar purposes; beet, forage plant and flower seeds; natural rubber; living plants, cut flowers and flower buds; unmanufactured tobacco; other raw vegetable materials","Gross Production Value (constant 2014-2016 thousand I$)","1000 Int$",2009,204713,"Sisal","no"
NA,"World",NA,NA,"Forage products; fibre crops; plants used in perfumery, pharmacy, or for insecticidal, fungicidal or similar purposes; beet, forage plant and flower seeds; natural rubber; living plants, cut flowers and flower buds; unmanufactured tobacco; other raw vegetable materials","Gross Production Value (constant 2014-2016 thousand I$)","1000 Int$",2010,192188,"Sisal","no"
NA,"World",NA,NA,"Forage products; fibre crops; plants used in perfumery, pharmacy, or for insecticidal, fungicidal or similar purposes; beet, forage plant and flower seeds; natural rubber; living plants, cut flowers and flower buds; unmanufactured tobacco; other raw vegetable materials","Gross Production Value (constant 2014-2016 thousand I$)","1000 Int$",2011,201442,"Sisal","no"
NA,"World",NA,NA,"Forage products; fibre crops; plants used in perfumery, pharmacy, or for insecticidal, fungicidal or similar purposes; beet, forage plant and flower seeds; natural rubber; living plants, cut flowers and flower buds; unmanufactured tobacco; other raw vegetable materials","Gross Production Value (constant 2014-2016 thousand I$)","1000 Int$",2012,112918,"Sisal","no"
NA,"World",NA,NA,"Forage products; fibre crops; plants used in perfumery, pharmacy, or for insecticidal, fungicidal or similar purposes; beet, forage plant and flower seeds; natural rubber; living plants, cut flowers and flower buds; unmanufactured tobacco; other raw vegetable materials","Gross Production Value (constant 2014-2016 thousand I$)","1000 Int$",2013,131833,"Sisal","no"
NA,"World",NA,NA,"Forage products; fibre crops; plants used in perfumery, pharmacy, or for insecticidal, fungicidal or similar purposes; beet, forage plant and flower seeds; natural rubber; living plants, cut flowers and flower buds; unmanufactured tobacco; other raw vegetable materials","Gross Production Value (constant 2014-2016 thousand I$)","1000 Int$",2014,127497,"Sisal","no"
NA,"World",NA,NA,"Forage products; fibre crops; plants used in perfumery, pharmacy, or for insecticidal, fungicidal or similar purposes; beet, forage plant and flower seeds; natural rubber; living plants, cut flowers and flower buds; unmanufactured tobacco; other raw vegetable materials","Gross Production Value (constant 2014-2016 thousand I$)","1000 Int$",2015,151012,"Sisal","no"
NA,"World",NA,NA,"Forage products; fibre crops; plants used in perfumery, pharmacy, or for insecticidal, fungicidal or similar purposes; beet, forage plant and flower seeds; natural rubber; living plants, cut flowers and flower buds; unmanufactured tobacco; other raw vegetable materials","Gross Production Value (constant 2014-2016 thousand I$)","1000 Int$",2016,152419,"Sisal","no"
NA,"World",NA,NA,"Forage products; fibre crops; plants used in perfumery, pharmacy, or for insecticidal, fungicidal or similar purposes; beet, forage plant and flower seeds; natural rubber; living plants, cut flowers and flower buds; unmanufactured tobacco; other raw vegetable materials","Gross Production Value (constant 2014-2016 thousand I$)","1000 Int$",2017,99372,"Sisal","no"
NA,"World",NA,NA,"Forage products; fibre crops; plants used in perfumery, pharmacy, or for insecticidal, fungicidal or similar purposes; beet, forage plant and flower seeds; natural rubber; living plants, cut flowers and flower buds; unmanufactured tobacco; other raw vegetable materials","Gross Production Value (constant 2014-2016 thousand I$)","1000 Int$",2018,102093,"Sisal","no"
NA,"World",NA,NA,"Forage products; fibre crops; plants used in perfumery, pharmacy, or for insecticidal, fungicidal or similar purposes; beet, forage plant and flower seeds; natural rubber; living plants, cut flowers and flower buds; unmanufactured tobacco; other raw vegetable materials","Gross Production Value (constant 2014-2016 thousand I$)","1000 Int$",2019,100629,"Sisal","no"
NA,"World",NA,NA,"Forage products; fibre crops; plants used in perfumery, pharmacy, or for insecticidal, fungicidal or similar purposes; beet, forage plant and flower seeds; natural rubber; living plants, cut flowers and flower buds; unmanufactured tobacco; other raw vegetable materials","Gross Production Value (constant 2014-2016 thousand I$)","1000 Int$",2020,108127,"Sisal","no"
NA,"World",NA,NA,"Forage products; fibre crops; plants used in perfumery, pharmacy, or for insecticidal, fungicidal or similar purposes; beet, forage plant and flower seeds; natural rubber; living plants, cut flowers and flower buds; unmanufactured tobacco; other raw vegetable materials","Gross Production Value (constant 2014-2016 thousand I$)","1000 Int$",2021,113556,"Sisal","no"
NA,"World",NA,NA,"Forage products; fibre crops; plants used in perfumery, pharmacy, or for insecticidal, fungicidal or similar purposes; beet, forage plant and flower seeds; natural rubber; living plants, cut flowers and flower buds; unmanufactured tobacco; other raw vegetable materials","Gross Production Value (constant 2014-2016 thousand I$)","1000 Int$",2022,113890,"Sisal","no"
NA,"World",NA,NA,"Forage products; fibre crops; plants used in perfumery, pharmacy, or for insecticidal, fungicidal or similar purposes; beet, forage plant and flower seeds; natural rubber; living plants, cut flowers and flower buds; unmanufactured tobacco; other raw vegetable materials","Gross Production Value (constant 2014-2016 thousand I$)","1000 Int$",2023,115869,"Sisal","no"
NA,"World",NA,NA,"Forage products; fibre crops; plants used in perfumery, pharmacy, or for insecticidal, fungicidal or similar purposes; beet, forage plant and flower seeds; natural rubber; living plants, cut flowers and flower buds; unmanufactured tobacco; other raw vegetable materials","Gross Production Value (constant 2014-2016 thousand US$)","1000 USD",1992,269626,"Sisal","no"
NA,"World",NA,NA,"Forage products; fibre crops; plants used in perfumery, pharmacy, or for insecticidal, fungicidal or similar purposes; beet, forage plant and flower seeds; natural rubber; living plants, cut flowers and flower buds; unmanufactured tobacco; other raw vegetable materials","Gross Production Value (constant 2014-2016 thousand US$)","1000 USD",1993,219484,"Sisal","no"
NA,"World",NA,NA,"Forage products; fibre crops; plants used in perfumery, pharmacy, or for insecticidal, fungicidal or similar purposes; beet, forage plant and flower seeds; natural rubber; living plants, cut flowers and flower buds; unmanufactured tobacco; other raw vegetable materials","Gross Production Value (constant 2014-2016 thousand US$)","1000 USD",1994,222967,"Sisal","no"
NA,"World",NA,NA,"Forage products; fibre crops; plants used in perfumery, pharmacy, or for insecticidal, fungicidal or similar purposes; beet, forage plant and flower seeds; natural rubber; living plants, cut flowers and flower buds; unmanufactured tobacco; other raw vegetable materials","Gross Production Value (constant 2014-2016 thousand US$)","1000 USD",1995,207954,"Sisal","no"
NA,"World",NA,NA,"Forage products; fibre crops; plants used in perfumery, pharmacy, or for insecticidal, fungicidal or similar purposes; beet, forage plant and flower seeds; natural rubber; living plants, cut flowers and flower buds; unmanufactured tobacco; other raw vegetable materials","Gross Production Value (constant 2014-2016 thousand US$)","1000 USD",1996,199050,"Sisal","no"
NA,"World",NA,NA,"Forage products; fibre crops; plants used in perfumery, pharmacy, or for insecticidal, fungicidal or similar purposes; beet, forage plant and flower seeds; natural rubber; living plants, cut flowers and flower buds; unmanufactured tobacco; other raw vegetable materials","Gross Production Value (constant 2014-2016 thousand US$)","1000 USD",1997,228174,"Sisal","no"
NA,"World",NA,NA,"Forage products; fibre crops; plants used in perfumery, pharmacy, or for insecticidal, fungicidal or similar purposes; beet, forage plant and flower seeds; natural rubber; living plants, cut flowers and flower buds; unmanufactured tobacco; other raw vegetable materials","Gross Production Value (constant 2014-2016 thousand US$)","1000 USD",1998,188005,"Sisal","no"
NA,"World",NA,NA,"Forage products; fibre crops; plants used in perfumery, pharmacy, or for insecticidal, fungicidal or similar purposes; beet, forage plant and flower seeds; natural rubber; living plants, cut flowers and flower buds; unmanufactured tobacco; other raw vegetable materials","Gross Production Value (constant 2014-2016 thousand US$)","1000 USD",1999,237937,"Sisal","no"
NA,"World",NA,NA,"Forage products; fibre crops; plants used in perfumery, pharmacy, or for insecticidal, fungicidal or similar purposes; beet, forage plant and flower seeds; natural rubber; living plants, cut flowers and flower buds; unmanufactured tobacco; other raw vegetable materials","Gross Production Value (constant 2014-2016 thousand US$)","1000 USD",2000,271292,"Sisal","no"
NA,"World",NA,NA,"Forage products; fibre crops; plants used in perfumery, pharmacy, or for insecticidal, fungicidal or similar purposes; beet, forage plant and flower seeds; natural rubber; living plants, cut flowers and flower buds; unmanufactured tobacco; other raw vegetable materials","Gross Production Value (constant 2014-2016 thousand US$)","1000 USD",2001,206285,"Sisal","no"
NA,"World",NA,NA,"Forage products; fibre crops; plants used in perfumery, pharmacy, or for insecticidal, fungicidal or similar purposes; beet, forage plant and flower seeds; natural rubber; living plants, cut flowers and flower buds; unmanufactured tobacco; other raw vegetable materials","Gross Production Value (constant 2014-2016 thousand US$)","1000 USD",2002,205237,"Sisal","no"
NA,"World",NA,NA,"Forage products; fibre crops; plants used in perfumery, pharmacy, or for insecticidal, fungicidal or similar purposes; beet, forage plant and flower seeds; natural rubber; living plants, cut flowers and flower buds; unmanufactured tobacco; other raw vegetable materials","Gross Production Value (constant 2014-2016 thousand US$)","1000 USD",2003,224270,"Sisal","no"
NA,"World",NA,NA,"Forage products; fibre crops; plants used in perfumery, pharmacy, or for insecticidal, fungicidal or similar purposes; beet, forage plant and flower seeds; natural rubber; living plants, cut flowers and flower buds; unmanufactured tobacco; other raw vegetable materials","Gross Production Value (constant 2014-2016 thousand US$)","1000 USD",2004,236265,"Sisal","no"
NA,"World",NA,NA,"Forage products; fibre crops; plants used in perfumery, pharmacy, or for insecticidal, fungicidal or similar purposes; beet, forage plant and flower seeds; natural rubber; living plants, cut flowers and flower buds; unmanufactured tobacco; other raw vegetable materials","Gross Production Value (constant 2014-2016 thousand US$)","1000 USD",2005,237898,"Sisal","no"
NA,"World",NA,NA,"Forage products; fibre crops; plants used in perfumery, pharmacy, or for insecticidal, fungicidal or similar purposes; beet, forage plant and flower seeds; natural rubber; living plants, cut flowers and flower buds; unmanufactured tobacco; other raw vegetable materials","Gross Production Value (constant 2014-2016 thousand US$)","1000 USD",2006,270659,"Sisal","no"
NA,"World",NA,NA,"Forage products; fibre crops; plants used in perfumery, pharmacy, or for insecticidal, fungicidal or similar purposes; beet, forage plant and flower seeds; natural rubber; living plants, cut flowers and flower buds; unmanufactured tobacco; other raw vegetable materials","Gross Production Value (constant 2014-2016 thousand US$)","1000 USD",2007,268037,"Sisal","no"
NA,"World",NA,NA,"Forage products; fibre crops; plants used in perfumery, pharmacy, or for insecticidal, fungicidal or similar purposes; beet, forage plant and flower seeds; natural rubber; living plants, cut flowers and flower buds; unmanufactured tobacco; other raw vegetable materials","Gross Production Value (constant 2014-2016 thousand US$)","1000 USD",2008,271068,"Sisal","no"
NA,"World",NA,NA,"Forage products; fibre crops; plants used in perfumery, pharmacy, or for insecticidal, fungicidal or similar purposes; beet, forage plant and flower seeds; natural rubber; living plants, cut flowers and flower buds; unmanufactured tobacco; other raw vegetable materials","Gross Production Value (constant 2014-2016 thousand US$)","1000 USD",2009,291078,"Sisal","no"
NA,"World",NA,NA,"Forage products; fibre crops; plants used in perfumery, pharmacy, or for insecticidal, fungicidal or similar purposes; beet, forage plant and flower seeds; natural rubber; living plants, cut flowers and flower buds; unmanufactured tobacco; other raw vegetable materials","Gross Production Value (constant 2014-2016 thousand US$)","1000 USD",2010,273266,"Sisal","no"
NA,"World",NA,NA,"Forage products; fibre crops; plants used in perfumery, pharmacy, or for insecticidal, fungicidal or similar purposes; beet, forage plant and flower seeds; natural rubber; living plants, cut flowers and flower buds; unmanufactured tobacco; other raw vegetable materials","Gross Production Value (constant 2014-2016 thousand US$)","1000 USD",2011,296155,"Sisal","no"
NA,"World",NA,NA,"Forage products; fibre crops; plants used in perfumery, pharmacy, or for insecticidal, fungicidal or similar purposes; beet, forage plant and flower seeds; natural rubber; living plants, cut flowers and flower buds; unmanufactured tobacco; other raw vegetable materials","Gross Production Value (constant 2014-2016 thousand US$)","1000 USD",2012,159411,"Sisal","no"
NA,"World",NA,NA,"Forage products; fibre crops; plants used in perfumery, pharmacy, or for insecticidal, fungicidal or similar purposes; beet, forage plant and flower seeds; natural rubber; living plants, cut flowers and flower buds; unmanufactured tobacco; other raw vegetable materials","Gross Production Value (constant 2014-2016 thousand US$)","1000 USD",2013,184363,"Sisal","no"
NA,"World",NA,NA,"Forage products; fibre crops; plants used in perfumery, pharmacy, or for insecticidal, fungicidal or similar purposes; beet, forage plant and flower seeds; natural rubber; living plants, cut flowers and flower buds; unmanufactured tobacco; other raw vegetable materials","Gross Production Value (constant 2014-2016 thousand US$)","1000 USD",2014,172169,"Sisal","no"
NA,"World",NA,NA,"Forage products; fibre crops; plants used in perfumery, pharmacy, or for insecticidal, fungicidal or similar purposes; beet, forage plant and flower seeds; natural rubber; living plants, cut flowers and flower buds; unmanufactured tobacco; other raw vegetable materials","Gross Production Value (constant 2014-2016 thousand US$)","1000 USD",2015,207134,"Sisal","no"
NA,"World",NA,NA,"Forage products; fibre crops; plants used in perfumery, pharmacy, or for insecticidal, fungicidal or similar purposes; beet, forage plant and flower seeds; natural rubber; living plants, cut flowers and flower buds; unmanufactured tobacco; other raw vegetable materials","Gross Production Value (constant 2014-2016 thousand US$)","1000 USD",2016,208489,"Sisal","no"
NA,"World",NA,NA,"Forage products; fibre crops; plants used in perfumery, pharmacy, or for insecticidal, fungicidal or similar purposes; beet, forage plant and flower seeds; natural rubber; living plants, cut flowers and flower buds; unmanufactured tobacco; other raw vegetable materials","Gross Production Value (constant 2014-2016 thousand US$)","1000 USD",2017,131482,"Sisal","no"
NA,"World",NA,NA,"Forage products; fibre crops; plants used in perfumery, pharmacy, or for insecticidal, fungicidal or similar purposes; beet, forage plant and flower seeds; natural rubber; living plants, cut flowers and flower buds; unmanufactured tobacco; other raw vegetable materials","Gross Production Value (constant 2014-2016 thousand US$)","1000 USD",2018,134789,"Sisal","no"
NA,"World",NA,NA,"Forage products; fibre crops; plants used in perfumery, pharmacy, or for insecticidal, fungicidal or similar purposes; beet, forage plant and flower seeds; natural rubber; living plants, cut flowers and flower buds; unmanufactured tobacco; other raw vegetable materials","Gross Production Value (constant 2014-2016 thousand US$)","1000 USD",2019,140422,"Sisal","no"
NA,"World",NA,NA,"Forage products; fibre crops; plants used in perfumery, pharmacy, or for insecticidal, fungicidal or similar purposes; beet, forage plant and flower seeds; natural rubber; living plants, cut flowers and flower buds; unmanufactured tobacco; other raw vegetable materials","Gross Production Value (constant 2014-2016 thousand US$)","1000 USD",2020,151259,"Sisal","no"
NA,"World",NA,NA,"Forage products; fibre crops; plants used in perfumery, pharmacy, or for insecticidal, fungicidal or similar purposes; beet, forage plant and flower seeds; natural rubber; living plants, cut flowers and flower buds; unmanufactured tobacco; other raw vegetable materials","Gross Production Value (constant 2014-2016 thousand US$)","1000 USD",2021,161643,"Sisal","no"
NA,"World",NA,NA,"Forage products; fibre crops; plants used in perfumery, pharmacy, or for insecticidal, fungicidal or similar purposes; beet, forage plant and flower seeds; natural rubber; living plants, cut flowers and flower buds; unmanufactured tobacco; other raw vegetable materials","Gross Production Value (constant 2014-2016 thousand US$)","1000 USD",2022,157519,"Sisal","no"
NA,"World",NA,NA,"Forage products; fibre crops; plants used in perfumery, pharmacy, or for insecticidal, fungicidal or similar purposes; beet, forage plant and flower seeds; natural rubber; living plants, cut flowers and flower buds; unmanufactured tobacco; other raw vegetable materials","Gross Production Value (constant 2014-2016 thousand US$)","1000 USD",2023,145192,"Sisal","no"
NA,"World",NA,NA,"Cereals","Gross Production Value (constant 2014-2016 thousand I$)","1000 Int$",1992,15226787,"Sorghum","no"
NA,"World",NA,NA,"Cereals","Gross Production Value (constant 2014-2016 thousand I$)","1000 Int$",1993,12300279,"Sorghum","no"
NA,"World",NA,NA,"Cereals","Gross Production Value (constant 2014-2016 thousand I$)","1000 Int$",1994,12917957,"Sorghum","no"
NA,"World",NA,NA,"Cereals","Gross Production Value (constant 2014-2016 thousand I$)","1000 Int$",1995,11773713,"Sorghum","no"
NA,"World",NA,NA,"Cereals","Gross Production Value (constant 2014-2016 thousand I$)","1000 Int$",1996,15421989,"Sorghum","no"
NA,"World",NA,NA,"Cereals","Gross Production Value (constant 2014-2016 thousand I$)","1000 Int$",1997,12897292,"Sorghum","no"
NA,"World",NA,NA,"Cereals","Gross Production Value (constant 2014-2016 thousand I$)","1000 Int$",1998,13220896,"Sorghum","no"
NA,"World",NA,NA,"Cereals","Gross Production Value (constant 2014-2016 thousand I$)","1000 Int$",1999,13038056,"Sorghum","no"
NA,"World",NA,NA,"Cereals","Gross Production Value (constant 2014-2016 thousand I$)","1000 Int$",2000,12119478,"Sorghum","no"
NA,"World",NA,NA,"Cereals","Gross Production Value (constant 2014-2016 thousand I$)","1000 Int$",2001,12984553,"Sorghum","no"
NA,"World",NA,NA,"Cereals","Gross Production Value (constant 2014-2016 thousand I$)","1000 Int$",2002,11605784,"Sorghum","no"
NA,"World",NA,NA,"Cereals","Gross Production Value (constant 2014-2016 thousand I$)","1000 Int$",2003,12780225,"Sorghum","no"
NA,"World",NA,NA,"Cereals","Gross Production Value (constant 2014-2016 thousand I$)","1000 Int$",2004,12613692,"Sorghum","no"
NA,"World",NA,NA,"Cereals","Gross Production Value (constant 2014-2016 thousand I$)","1000 Int$",2005,12937777,"Sorghum","no"
NA,"World",NA,NA,"Cereals","Gross Production Value (constant 2014-2016 thousand I$)","1000 Int$",2006,12534724,"Sorghum","no"
NA,"World",NA,NA,"Cereals","Gross Production Value (constant 2014-2016 thousand I$)","1000 Int$",2007,13632683,"Sorghum","no"
NA,"World",NA,NA,"Cereals","Gross Production Value (constant 2014-2016 thousand I$)","1000 Int$",2008,14397049,"Sorghum","no"
NA,"World",NA,NA,"Cereals","Gross Production Value (constant 2014-2016 thousand I$)","1000 Int$",2009,12310973,"Sorghum","no"
NA,"World",NA,NA,"Cereals","Gross Production Value (constant 2014-2016 thousand I$)","1000 Int$",2010,13073268,"Sorghum","no"
NA,"World",NA,NA,"Cereals","Gross Production Value (constant 2014-2016 thousand I$)","1000 Int$",2011,12340455,"Sorghum","no"
NA,"World",NA,NA,"Cereals","Gross Production Value (constant 2014-2016 thousand I$)","1000 Int$",2012,12451891,"Sorghum","no"
NA,"World",NA,NA,"Cereals","Gross Production Value (constant 2014-2016 thousand I$)","1000 Int$",2013,13445488,"Sorghum","no"
NA,"World",NA,NA,"Cereals","Gross Production Value (constant 2014-2016 thousand I$)","1000 Int$",2014,14837081,"Sorghum","no"
NA,"World",NA,NA,"Cereals","Gross Production Value (constant 2014-2016 thousand I$)","1000 Int$",2015,14312834,"Sorghum","no"
NA,"World",NA,NA,"Cereals","Gross Production Value (constant 2014-2016 thousand I$)","1000 Int$",2016,13746541,"Sorghum","no"
NA,"World",NA,NA,"Cereals","Gross Production Value (constant 2014-2016 thousand I$)","1000 Int$",2017,12487959,"Sorghum","no"
NA,"World",NA,NA,"Cereals","Gross Production Value (constant 2014-2016 thousand I$)","1000 Int$",2018,13040945,"Sorghum","no"
NA,"World",NA,NA,"Cereals","Gross Production Value (constant 2014-2016 thousand I$)","1000 Int$",2019,12327148,"Sorghum","no"
NA,"World",NA,NA,"Cereals","Gross Production Value (constant 2014-2016 thousand I$)","1000 Int$",2020,12603487,"Sorghum","no"
NA,"World",NA,NA,"Cereals","Gross Production Value (constant 2014-2016 thousand I$)","1000 Int$",2021,13219448,"Sorghum","no"
NA,"World",NA,NA,"Cereals","Gross Production Value (constant 2014-2016 thousand I$)","1000 Int$",2022,12518764,"Sorghum","no"
NA,"World",NA,NA,"Cereals","Gross Production Value (constant 2014-2016 thousand I$)","1000 Int$",2023,12440796,"Sorghum","no"
NA,"World",NA,NA,"Cereals","Gross Production Value (constant 2014-2016 thousand US$)","1000 USD",1992,13815441,"Sorghum","no"
NA,"World",NA,NA,"Cereals","Gross Production Value (constant 2014-2016 thousand US$)","1000 USD",1993,12380799,"Sorghum","no"
NA,"World",NA,NA,"Cereals","Gross Production Value (constant 2014-2016 thousand US$)","1000 USD",1994,12664926,"Sorghum","no"
NA,"World",NA,NA,"Cereals","Gross Production Value (constant 2014-2016 thousand US$)","1000 USD",1995,12093966,"Sorghum","no"
NA,"World",NA,NA,"Cereals","Gross Production Value (constant 2014-2016 thousand US$)","1000 USD",1996,14663810,"Sorghum","no"
NA,"World",NA,NA,"Cereals","Gross Production Value (constant 2014-2016 thousand US$)","1000 USD",1997,12514473,"Sorghum","no"
NA,"World",NA,NA,"Cereals","Gross Production Value (constant 2014-2016 thousand US$)","1000 USD",1998,12944299,"Sorghum","no"
NA,"World",NA,NA,"Cereals","Gross Production Value (constant 2014-2016 thousand US$)","1000 USD",1999,12943505,"Sorghum","no"
NA,"World",NA,NA,"Cereals","Gross Production Value (constant 2014-2016 thousand US$)","1000 USD",2000,11957168,"Sorghum","no"
NA,"World",NA,NA,"Cereals","Gross Production Value (constant 2014-2016 thousand US$)","1000 USD",2001,12334273,"Sorghum","no"
NA,"World",NA,NA,"Cereals","Gross Production Value (constant 2014-2016 thousand US$)","1000 USD",2002,11778115,"Sorghum","no"
NA,"World",NA,NA,"Cereals","Gross Production Value (constant 2014-2016 thousand US$)","1000 USD",2003,12138233,"Sorghum","no"
NA,"World",NA,NA,"Cereals","Gross Production Value (constant 2014-2016 thousand US$)","1000 USD",2004,12406237,"Sorghum","no"
NA,"World",NA,NA,"Cereals","Gross Production Value (constant 2014-2016 thousand US$)","1000 USD",2005,12863077,"Sorghum","no"
NA,"World",NA,NA,"Cereals","Gross Production Value (constant 2014-2016 thousand US$)","1000 USD",2006,13140917,"Sorghum","no"
NA,"World",NA,NA,"Cereals","Gross Production Value (constant 2014-2016 thousand US$)","1000 USD",2007,13499927,"Sorghum","no"
NA,"World",NA,NA,"Cereals","Gross Production Value (constant 2014-2016 thousand US$)","1000 USD",2008,14248039,"Sorghum","no"
NA,"World",NA,NA,"Cereals","Gross Production Value (constant 2014-2016 thousand US$)","1000 USD",2009,11689692,"Sorghum","no"
NA,"World",NA,NA,"Cereals","Gross Production Value (constant 2014-2016 thousand US$)","1000 USD",2010,13365237,"Sorghum","no"
NA,"World",NA,NA,"Cereals","Gross Production Value (constant 2014-2016 thousand US$)","1000 USD",2011,12120354,"Sorghum","no"
NA,"World",NA,NA,"Cereals","Gross Production Value (constant 2014-2016 thousand US$)","1000 USD",2012,12741998,"Sorghum","no"
NA,"World",NA,NA,"Cereals","Gross Production Value (constant 2014-2016 thousand US$)","1000 USD",2013,12879912,"Sorghum","no"
NA,"World",NA,NA,"Cereals","Gross Production Value (constant 2014-2016 thousand US$)","1000 USD",2014,13929898,"Sorghum","no"
NA,"World",NA,NA,"Cereals","Gross Production Value (constant 2014-2016 thousand US$)","1000 USD",2015,14163170,"Sorghum","no"
NA,"World",NA,NA,"Cereals","Gross Production Value (constant 2014-2016 thousand US$)","1000 USD",2016,13084772,"Sorghum","no"
NA,"World",NA,NA,"Cereals","Gross Production Value (constant 2014-2016 thousand US$)","1000 USD",2017,12617524,"Sorghum","no"
NA,"World",NA,NA,"Cereals","Gross Production Value (constant 2014-2016 thousand US$)","1000 USD",2018,12991790,"Sorghum","no"
NA,"World",NA,NA,"Cereals","Gross Production Value (constant 2014-2016 thousand US$)","1000 USD",2019,12737652,"Sorghum","no"
NA,"World",NA,NA,"Cereals","Gross Production Value (constant 2014-2016 thousand US$)","1000 USD",2020,13151113,"Sorghum","no"
NA,"World",NA,NA,"Cereals","Gross Production Value (constant 2014-2016 thousand US$)","1000 USD",2021,13165941,"Sorghum","no"
NA,"World",NA,NA,"Cereals","Gross Production Value (constant 2014-2016 thousand US$)","1000 USD",2022,12713709,"Sorghum","no"
NA,"World",NA,NA,"Cereals","Gross Production Value (constant 2014-2016 thousand US$)","1000 USD",2023,12495833,"Sorghum","no"
NA,"World",NA,NA,"Fruits and nuts","Gross Production Value (constant 2014-2016 thousand I$)","1000 Int$",1992,731749,"Sour cherries","no"
NA,"World",NA,NA,"Fruits and nuts","Gross Production Value (constant 2014-2016 thousand I$)","1000 Int$",1993,750427,"Sour cherries","no"
NA,"World",NA,NA,"Fruits and nuts","Gross Production Value (constant 2014-2016 thousand I$)","1000 Int$",1994,760455,"Sour cherries","no"
NA,"World",NA,NA,"Fruits and nuts","Gross Production Value (constant 2014-2016 thousand I$)","1000 Int$",1995,800459,"Sour cherries","no"
NA,"World",NA,NA,"Fruits and nuts","Gross Production Value (constant 2014-2016 thousand I$)","1000 Int$",1996,904168,"Sour cherries","no"
NA,"World",NA,NA,"Fruits and nuts","Gross Production Value (constant 2014-2016 thousand I$)","1000 Int$",1997,840145,"Sour cherries","no"
NA,"World",NA,NA,"Fruits and nuts","Gross Production Value (constant 2014-2016 thousand I$)","1000 Int$",1998,782184,"Sour cherries","no"
NA,"World",NA,NA,"Fruits and nuts","Gross Production Value (constant 2014-2016 thousand I$)","1000 Int$",1999,776494,"Sour cherries","no"
NA,"World",NA,NA,"Fruits and nuts","Gross Production Value (constant 2014-2016 thousand I$)","1000 Int$",2000,880438,"Sour cherries","no"
NA,"World",NA,NA,"Fruits and nuts","Gross Production Value (constant 2014-2016 thousand I$)","1000 Int$",2001,882907,"Sour cherries","no"
NA,"World",NA,NA,"Fruits and nuts","Gross Production Value (constant 2014-2016 thousand I$)","1000 Int$",2002,764825,"Sour cherries","no"
NA,"World",NA,NA,"Fruits and nuts","Gross Production Value (constant 2014-2016 thousand I$)","1000 Int$",2003,891077,"Sour cherries","no"
NA,"World",NA,NA,"Fruits and nuts","Gross Production Value (constant 2014-2016 thousand I$)","1000 Int$",2004,974430,"Sour cherries","no"
NA,"World",NA,NA,"Fruits and nuts","Gross Production Value (constant 2014-2016 thousand I$)","1000 Int$",2005,907250,"Sour cherries","no"
NA,"World",NA,NA,"Fruits and nuts","Gross Production Value (constant 2014-2016 thousand I$)","1000 Int$",2006,897997,"Sour cherries","no"
NA,"World",NA,NA,"Fruits and nuts","Gross Production Value (constant 2014-2016 thousand I$)","1000 Int$",2007,937011,"Sour cherries","no"
NA,"World",NA,NA,"Fruits and nuts","Gross Production Value (constant 2014-2016 thousand I$)","1000 Int$",2008,959905,"Sour cherries","no"
NA,"World",NA,NA,"Fruits and nuts","Gross Production Value (constant 2014-2016 thousand I$)","1000 Int$",2009,1053396,"Sour cherries","no"
NA,"World",NA,NA,"Fruits and nuts","Gross Production Value (constant 2014-2016 thousand I$)","1000 Int$",2010,889153,"Sour cherries","no"
NA,"World",NA,NA,"Fruits and nuts","Gross Production Value (constant 2014-2016 thousand I$)","1000 Int$",2011,983822,"Sour cherries","no"
NA,"World",NA,NA,"Fruits and nuts","Gross Production Value (constant 2014-2016 thousand I$)","1000 Int$",2012,912890,"Sour cherries","no"
NA,"World",NA,NA,"Fruits and nuts","Gross Production Value (constant 2014-2016 thousand I$)","1000 Int$",2013,1089506,"Sour cherries","no"
NA,"World",NA,NA,"Fruits and nuts","Gross Production Value (constant 2014-2016 thousand I$)","1000 Int$",2014,1047554,"Sour cherries","no"
NA,"World",NA,NA,"Fruits and nuts","Gross Production Value (constant 2014-2016 thousand I$)","1000 Int$",2015,1055571,"Sour cherries","no"
NA,"World",NA,NA,"Fruits and nuts","Gross Production Value (constant 2014-2016 thousand I$)","1000 Int$",2016,1104463,"Sour cherries","no"
NA,"World",NA,NA,"Fruits and nuts","Gross Production Value (constant 2014-2016 thousand I$)","1000 Int$",2017,932560,"Sour cherries","no"
NA,"World",NA,NA,"Fruits and nuts","Gross Production Value (constant 2014-2016 thousand I$)","1000 Int$",2018,1243289,"Sour cherries","no"
NA,"World",NA,NA,"Fruits and nuts","Gross Production Value (constant 2014-2016 thousand I$)","1000 Int$",2019,1107830,"Sour cherries","no"
NA,"World",NA,NA,"Fruits and nuts","Gross Production Value (constant 2014-2016 thousand I$)","1000 Int$",2020,1165527,"Sour cherries","no"
NA,"World",NA,NA,"Fruits and nuts","Gross Production Value (constant 2014-2016 thousand I$)","1000 Int$",2021,1195875,"Sour cherries","no"
NA,"World",NA,NA,"Fruits and nuts","Gross Production Value (constant 2014-2016 thousand I$)","1000 Int$",2022,1255475,"Sour cherries","no"
NA,"World",NA,NA,"Fruits and nuts","Gross Production Value (constant 2014-2016 thousand I$)","1000 Int$",2023,1196859,"Sour cherries","no"
NA,"World",NA,NA,"Fruits and nuts","Gross Production Value (constant 2014-2016 thousand US$)","1000 USD",1992,809113,"Sour cherries","no"
NA,"World",NA,NA,"Fruits and nuts","Gross Production Value (constant 2014-2016 thousand US$)","1000 USD",1993,828626,"Sour cherries","no"
NA,"World",NA,NA,"Fruits and nuts","Gross Production Value (constant 2014-2016 thousand US$)","1000 USD",1994,796709,"Sour cherries","no"
NA,"World",NA,NA,"Fruits and nuts","Gross Production Value (constant 2014-2016 thousand US$)","1000 USD",1995,825243,"Sour cherries","no"
NA,"World",NA,NA,"Fruits and nuts","Gross Production Value (constant 2014-2016 thousand US$)","1000 USD",1996,883911,"Sour cherries","no"
NA,"World",NA,NA,"Fruits and nuts","Gross Production Value (constant 2014-2016 thousand US$)","1000 USD",1997,739313,"Sour cherries","no"
NA,"World",NA,NA,"Fruits and nuts","Gross Production Value (constant 2014-2016 thousand US$)","1000 USD",1998,727598,"Sour cherries","no"
NA,"World",NA,NA,"Fruits and nuts","Gross Production Value (constant 2014-2016 thousand US$)","1000 USD",1999,780181,"Sour cherries","no"
NA,"World",NA,NA,"Fruits and nuts","Gross Production Value (constant 2014-2016 thousand US$)","1000 USD",2000,886549,"Sour cherries","no"
NA,"World",NA,NA,"Fruits and nuts","Gross Production Value (constant 2014-2016 thousand US$)","1000 USD",2001,867532,"Sour cherries","no"
NA,"World",NA,NA,"Fruits and nuts","Gross Production Value (constant 2014-2016 thousand US$)","1000 USD",2002,702010,"Sour cherries","no"
NA,"World",NA,NA,"Fruits and nuts","Gross Production Value (constant 2014-2016 thousand US$)","1000 USD",2003,735015,"Sour cherries","no"
NA,"World",NA,NA,"Fruits and nuts","Gross Production Value (constant 2014-2016 thousand US$)","1000 USD",2004,761987,"Sour cherries","no"
NA,"World",NA,NA,"Fruits and nuts","Gross Production Value (constant 2014-2016 thousand US$)","1000 USD",2005,751408,"Sour cherries","no"
NA,"World",NA,NA,"Fruits and nuts","Gross Production Value (constant 2014-2016 thousand US$)","1000 USD",2006,861335,"Sour cherries","no"
NA,"World",NA,NA,"Fruits and nuts","Gross Production Value (constant 2014-2016 thousand US$)","1000 USD",2007,885892,"Sour cherries","no"
NA,"World",NA,NA,"Fruits and nuts","Gross Production Value (constant 2014-2016 thousand US$)","1000 USD",2008,840587,"Sour cherries","no"
NA,"World",NA,NA,"Fruits and nuts","Gross Production Value (constant 2014-2016 thousand US$)","1000 USD",2009,958483,"Sour cherries","no"
NA,"World",NA,NA,"Fruits and nuts","Gross Production Value (constant 2014-2016 thousand US$)","1000 USD",2010,789572,"Sour cherries","no"
NA,"World",NA,NA,"Fruits and nuts","Gross Production Value (constant 2014-2016 thousand US$)","1000 USD",2011,864218,"Sour cherries","no"
NA,"World",NA,NA,"Fruits and nuts","Gross Production Value (constant 2014-2016 thousand US$)","1000 USD",2012,792870,"Sour cherries","no"
NA,"World",NA,NA,"Fruits and nuts","Gross Production Value (constant 2014-2016 thousand US$)","1000 USD",2013,942302,"Sour cherries","no"
NA,"World",NA,NA,"Fruits and nuts","Gross Production Value (constant 2014-2016 thousand US$)","1000 USD",2014,897702,"Sour cherries","no"
NA,"World",NA,NA,"Fruits and nuts","Gross Production Value (constant 2014-2016 thousand US$)","1000 USD",2015,909827,"Sour cherries","no"
NA,"World",NA,NA,"Fruits and nuts","Gross Production Value (constant 2014-2016 thousand US$)","1000 USD",2016,956855,"Sour cherries","no"
NA,"World",NA,NA,"Fruits and nuts","Gross Production Value (constant 2014-2016 thousand US$)","1000 USD",2017,823988,"Sour cherries","no"
NA,"World",NA,NA,"Fruits and nuts","Gross Production Value (constant 2014-2016 thousand US$)","1000 USD",2018,1090289,"Sour cherries","no"
NA,"World",NA,NA,"Fruits and nuts","Gross Production Value (constant 2014-2016 thousand US$)","1000 USD",2019,982385,"Sour cherries","no"
NA,"World",NA,NA,"Fruits and nuts","Gross Production Value (constant 2014-2016 thousand US$)","1000 USD",2020,1043859,"Sour cherries","no"
NA,"World",NA,NA,"Fruits and nuts","Gross Production Value (constant 2014-2016 thousand US$)","1000 USD",2021,1060980,"Sour cherries","no"
NA,"World",NA,NA,"Fruits and nuts","Gross Production Value (constant 2014-2016 thousand US$)","1000 USD",2022,1100961,"Sour cherries","no"
NA,"World",NA,NA,"Fruits and nuts","Gross Production Value (constant 2014-2016 thousand US$)","1000 USD",2023,1051604,"Sour cherries","no"
NA,"World",NA,NA,"Oilseeds and oleaginous fruits","Gross Production Value (constant 2014-2016 thousand I$)","1000 Int$",1992,43497728,"Soya beans","no"
NA,"World",NA,NA,"Oilseeds and oleaginous fruits","Gross Production Value (constant 2014-2016 thousand I$)","1000 Int$",1993,44029443,"Soya beans","no"
NA,"World",NA,NA,"Oilseeds and oleaginous fruits","Gross Production Value (constant 2014-2016 thousand I$)","1000 Int$",1994,52136952,"Soya beans","no"
NA,"World",NA,NA,"Oilseeds and oleaginous fruits","Gross Production Value (constant 2014-2016 thousand I$)","1000 Int$",1995,48529392,"Soya beans","no"
NA,"World",NA,NA,"Oilseeds and oleaginous fruits","Gross Production Value (constant 2014-2016 thousand I$)","1000 Int$",1996,49775226,"Soya beans","no"
NA,"World",NA,NA,"Oilseeds and oleaginous fruits","Gross Production Value (constant 2014-2016 thousand I$)","1000 Int$",1997,55186097,"Soya beans","no"
NA,"World",NA,NA,"Oilseeds and oleaginous fruits","Gross Production Value (constant 2014-2016 thousand I$)","1000 Int$",1998,61238821,"Soya beans","no"
NA,"World",NA,NA,"Oilseeds and oleaginous fruits","Gross Production Value (constant 2014-2016 thousand I$)","1000 Int$",1999,60348570,"Soya beans","no"
NA,"World",NA,NA,"Oilseeds and oleaginous fruits","Gross Production Value (constant 2014-2016 thousand I$)","1000 Int$",2000,61683866,"Soya beans","no"
NA,"World",NA,NA,"Oilseeds and oleaginous fruits","Gross Production Value (constant 2014-2016 thousand I$)","1000 Int$",2001,67703212,"Soya beans","no"
NA,"World",NA,NA,"Oilseeds and oleaginous fruits","Gross Production Value (constant 2014-2016 thousand I$)","1000 Int$",2002,69203749,"Soya beans","no"
NA,"World",NA,NA,"Oilseeds and oleaginous fruits","Gross Production Value (constant 2014-2016 thousand I$)","1000 Int$",2003,72882977,"Soya beans","no"
NA,"World",NA,NA,"Oilseeds and oleaginous fruits","Gross Production Value (constant 2014-2016 thousand I$)","1000 Int$",2004,78605640,"Soya beans","no"
NA,"World",NA,NA,"Oilseeds and oleaginous fruits","Gross Production Value (constant 2014-2016 thousand I$)","1000 Int$",2005,82054942,"Soya beans","no"
NA,"World",NA,NA,"Oilseeds and oleaginous fruits","Gross Production Value (constant 2014-2016 thousand I$)","1000 Int$",2006,84738373,"Soya beans","no"
NA,"World",NA,NA,"Oilseeds and oleaginous fruits","Gross Production Value (constant 2014-2016 thousand I$)","1000 Int$",2007,84063000,"Soya beans","no"
NA,"World",NA,NA,"Oilseeds and oleaginous fruits","Gross Production Value (constant 2014-2016 thousand I$)","1000 Int$",2008,88396477,"Soya beans","no"
NA,"World",NA,NA,"Oilseeds and oleaginous fruits","Gross Production Value (constant 2014-2016 thousand I$)","1000 Int$",2009,85400755,"Soya beans","no"
NA,"World",NA,NA,"Oilseeds and oleaginous fruits","Gross Production Value (constant 2014-2016 thousand I$)","1000 Int$",2010,101386854,"Soya beans","no"
NA,"World",NA,NA,"Oilseeds and oleaginous fruits","Gross Production Value (constant 2014-2016 thousand I$)","1000 Int$",2011,100054545,"Soya beans","no"
NA,"World",NA,NA,"Oilseeds and oleaginous fruits","Gross Production Value (constant 2014-2016 thousand I$)","1000 Int$",2012,92308289,"Soya beans","no"
NA,"World",NA,NA,"Oilseeds and oleaginous fruits","Gross Production Value (constant 2014-2016 thousand I$)","1000 Int$",2013,106194377,"Soya beans","no"
NA,"World",NA,NA,"Oilseeds and oleaginous fruits","Gross Production Value (constant 2014-2016 thousand I$)","1000 Int$",2014,117133727,"Soya beans","no"
NA,"World",NA,NA,"Oilseeds and oleaginous fruits","Gross Production Value (constant 2014-2016 thousand I$)","1000 Int$",2015,123634052,"Soya beans","no"
NA,"World",NA,NA,"Oilseeds and oleaginous fruits","Gross Production Value (constant 2014-2016 thousand I$)","1000 Int$",2016,128471297,"Soya beans","no"
NA,"World",NA,NA,"Oilseeds and oleaginous fruits","Gross Production Value (constant 2014-2016 thousand I$)","1000 Int$",2017,137498963,"Soya beans","no"
NA,"World",NA,NA,"Oilseeds and oleaginous fruits","Gross Production Value (constant 2014-2016 thousand I$)","1000 Int$",2018,132023343,"Soya beans","no"
NA,"World",NA,NA,"Oilseeds and oleaginous fruits","Gross Production Value (constant 2014-2016 thousand I$)","1000 Int$",2019,128580443,"Soya beans","no"
NA,"World",NA,NA,"Oilseeds and oleaginous fruits","Gross Production Value (constant 2014-2016 thousand I$)","1000 Int$",2020,136105616,"Soya beans","no"
NA,"World",NA,NA,"Oilseeds and oleaginous fruits","Gross Production Value (constant 2014-2016 thousand I$)","1000 Int$",2021,142543969,"Soya beans","no"
NA,"World",NA,NA,"Oilseeds and oleaginous fruits","Gross Production Value (constant 2014-2016 thousand I$)","1000 Int$",2022,135274110,"Soya beans","no"
NA,"World",NA,NA,"Oilseeds and oleaginous fruits","Gross Production Value (constant 2014-2016 thousand I$)","1000 Int$",2023,141958551,"Soya beans","no"
NA,"World",NA,NA,"Oilseeds and oleaginous fruits","Gross Production Value (constant 2014-2016 thousand US$)","1000 USD",1992,45071900,"Soya beans","no"
NA,"World",NA,NA,"Oilseeds and oleaginous fruits","Gross Production Value (constant 2014-2016 thousand US$)","1000 USD",1993,47578377,"Soya beans","no"
NA,"World",NA,NA,"Oilseeds and oleaginous fruits","Gross Production Value (constant 2014-2016 thousand US$)","1000 USD",1994,55166852,"Soya beans","no"
NA,"World",NA,NA,"Oilseeds and oleaginous fruits","Gross Production Value (constant 2014-2016 thousand US$)","1000 USD",1995,50871277,"Soya beans","no"
NA,"World",NA,NA,"Oilseeds and oleaginous fruits","Gross Production Value (constant 2014-2016 thousand US$)","1000 USD",1996,51792515,"Soya beans","no"
NA,"World",NA,NA,"Oilseeds and oleaginous fruits","Gross Production Value (constant 2014-2016 thousand US$)","1000 USD",1997,57467130,"Soya beans","no"
NA,"World",NA,NA,"Oilseeds and oleaginous fruits","Gross Production Value (constant 2014-2016 thousand US$)","1000 USD",1998,62853936,"Soya beans","no"
NA,"World",NA,NA,"Oilseeds and oleaginous fruits","Gross Production Value (constant 2014-2016 thousand US$)","1000 USD",1999,61560812,"Soya beans","no"
NA,"World",NA,NA,"Oilseeds and oleaginous fruits","Gross Production Value (constant 2014-2016 thousand US$)","1000 USD",2000,63156267,"Soya beans","no"
NA,"World",NA,NA,"Oilseeds and oleaginous fruits","Gross Production Value (constant 2014-2016 thousand US$)","1000 USD",2001,68435207,"Soya beans","no"
NA,"World",NA,NA,"Oilseeds and oleaginous fruits","Gross Production Value (constant 2014-2016 thousand US$)","1000 USD",2002,70079996,"Soya beans","no"
NA,"World",NA,NA,"Oilseeds and oleaginous fruits","Gross Production Value (constant 2014-2016 thousand US$)","1000 USD",2003,72911031,"Soya beans","no"
NA,"World",NA,NA,"Oilseeds and oleaginous fruits","Gross Production Value (constant 2014-2016 thousand US$)","1000 USD",2004,79174458,"Soya beans","no"
NA,"World",NA,NA,"Oilseeds and oleaginous fruits","Gross Production Value (constant 2014-2016 thousand US$)","1000 USD",2005,81889746,"Soya beans","no"
NA,"World",NA,NA,"Oilseeds and oleaginous fruits","Gross Production Value (constant 2014-2016 thousand US$)","1000 USD",2006,83735675,"Soya beans","no"
NA,"World",NA,NA,"Oilseeds and oleaginous fruits","Gross Production Value (constant 2014-2016 thousand US$)","1000 USD",2007,81803323,"Soya beans","no"
NA,"World",NA,NA,"Oilseeds and oleaginous fruits","Gross Production Value (constant 2014-2016 thousand US$)","1000 USD",2008,87130058,"Soya beans","no"
NA,"World",NA,NA,"Oilseeds and oleaginous fruits","Gross Production Value (constant 2014-2016 thousand US$)","1000 USD",2009,84797106,"Soya beans","no"
NA,"World",NA,NA,"Oilseeds and oleaginous fruits","Gross Production Value (constant 2014-2016 thousand US$)","1000 USD",2010,98664422,"Soya beans","no"
NA,"World",NA,NA,"Oilseeds and oleaginous fruits","Gross Production Value (constant 2014-2016 thousand US$)","1000 USD",2011,97525174,"Soya beans","no"
NA,"World",NA,NA,"Oilseeds and oleaginous fruits","Gross Production Value (constant 2014-2016 thousand US$)","1000 USD",2012,90091185,"Soya beans","no"
NA,"World",NA,NA,"Oilseeds and oleaginous fruits","Gross Production Value (constant 2014-2016 thousand US$)","1000 USD",2013,102246404,"Soya beans","no"
NA,"World",NA,NA,"Oilseeds and oleaginous fruits","Gross Production Value (constant 2014-2016 thousand US$)","1000 USD",2014,112302341,"Soya beans","no"
NA,"World",NA,NA,"Oilseeds and oleaginous fruits","Gross Production Value (constant 2014-2016 thousand US$)","1000 USD",2015,117698150,"Soya beans","no"
NA,"World",NA,NA,"Oilseeds and oleaginous fruits","Gross Production Value (constant 2014-2016 thousand US$)","1000 USD",2016,122587256,"Soya beans","no"
NA,"World",NA,NA,"Oilseeds and oleaginous fruits","Gross Production Value (constant 2014-2016 thousand US$)","1000 USD",2017,132372214,"Soya beans","no"
NA,"World",NA,NA,"Oilseeds and oleaginous fruits","Gross Production Value (constant 2014-2016 thousand US$)","1000 USD",2018,128510021,"Soya beans","no"
NA,"World",NA,NA,"Oilseeds and oleaginous fruits","Gross Production Value (constant 2014-2016 thousand US$)","1000 USD",2019,125149569,"Soya beans","no"
NA,"World",NA,NA,"Oilseeds and oleaginous fruits","Gross Production Value (constant 2014-2016 thousand US$)","1000 USD",2020,132970523,"Soya beans","no"
NA,"World",NA,NA,"Oilseeds and oleaginous fruits","Gross Production Value (constant 2014-2016 thousand US$)","1000 USD",2021,137960333,"Soya beans","no"
NA,"World",NA,NA,"Oilseeds and oleaginous fruits","Gross Production Value (constant 2014-2016 thousand US$)","1000 USD",2022,132903413,"Soya beans","no"
NA,"World",NA,NA,"Oilseeds and oleaginous fruits","Gross Production Value (constant 2014-2016 thousand US$)","1000 USD",2023,140050595,"Soya beans","no"
NA,"World",NA,NA,"Vegetables","Gross Production Value (constant 2014-2016 thousand I$)","1000 Int$",1992,1792659,"Spinach","no"
NA,"World",NA,NA,"Vegetables","Gross Production Value (constant 2014-2016 thousand I$)","1000 Int$",1993,2073298,"Spinach","no"
NA,"World",NA,NA,"Vegetables","Gross Production Value (constant 2014-2016 thousand I$)","1000 Int$",1994,2418482,"Spinach","no"
NA,"World",NA,NA,"Vegetables","Gross Production Value (constant 2014-2016 thousand I$)","1000 Int$",1995,2505469,"Spinach","no"
NA,"World",NA,NA,"Vegetables","Gross Production Value (constant 2014-2016 thousand I$)","1000 Int$",1996,2886339,"Spinach","no"
NA,"World",NA,NA,"Vegetables","Gross Production Value (constant 2014-2016 thousand I$)","1000 Int$",1997,2948346,"Spinach","no"
NA,"World",NA,NA,"Vegetables","Gross Production Value (constant 2014-2016 thousand I$)","1000 Int$",1998,2995001,"Spinach","no"
NA,"World",NA,NA,"Vegetables","Gross Production Value (constant 2014-2016 thousand I$)","1000 Int$",1999,3088615,"Spinach","no"
NA,"World",NA,NA,"Vegetables","Gross Production Value (constant 2014-2016 thousand I$)","1000 Int$",2000,3848784,"Spinach","no"
NA,"World",NA,NA,"Vegetables","Gross Production Value (constant 2014-2016 thousand I$)","1000 Int$",2001,4103375,"Spinach","no"
NA,"World",NA,NA,"Vegetables","Gross Production Value (constant 2014-2016 thousand I$)","1000 Int$",2002,4624177,"Spinach","no"
NA,"World",NA,NA,"Vegetables","Gross Production Value (constant 2014-2016 thousand I$)","1000 Int$",2003,5068514,"Spinach","no"
NA,"World",NA,NA,"Vegetables","Gross Production Value (constant 2014-2016 thousand I$)","1000 Int$",2004,5397283,"Spinach","no"
NA,"World",NA,NA,"Vegetables","Gross Production Value (constant 2014-2016 thousand I$)","1000 Int$",2005,5738497,"Spinach","no"
NA,"World",NA,NA,"Vegetables","Gross Production Value (constant 2014-2016 thousand I$)","1000 Int$",2006,6044035,"Spinach","no"
NA,"World",NA,NA,"Vegetables","Gross Production Value (constant 2014-2016 thousand I$)","1000 Int$",2007,6517991,"Spinach","no"
NA,"World",NA,NA,"Vegetables","Gross Production Value (constant 2014-2016 thousand I$)","1000 Int$",2008,7624216,"Spinach","no"
NA,"World",NA,NA,"Vegetables","Gross Production Value (constant 2014-2016 thousand I$)","1000 Int$",2009,7997745,"Spinach","no"
NA,"World",NA,NA,"Vegetables","Gross Production Value (constant 2014-2016 thousand I$)","1000 Int$",2010,8217986,"Spinach","no"
NA,"World",NA,NA,"Vegetables","Gross Production Value (constant 2014-2016 thousand I$)","1000 Int$",2011,8560748,"Spinach","no"
NA,"World",NA,NA,"Vegetables","Gross Production Value (constant 2014-2016 thousand I$)","1000 Int$",2012,8947653,"Spinach","no"
NA,"World",NA,NA,"Vegetables","Gross Production Value (constant 2014-2016 thousand I$)","1000 Int$",2013,9405806,"Spinach","no"
NA,"World",NA,NA,"Vegetables","Gross Production Value (constant 2014-2016 thousand I$)","1000 Int$",2014,9808169,"Spinach","no"
NA,"World",NA,NA,"Vegetables","Gross Production Value (constant 2014-2016 thousand I$)","1000 Int$",2015,10331719,"Spinach","no"
NA,"World",NA,NA,"Vegetables","Gross Production Value (constant 2014-2016 thousand I$)","1000 Int$",2016,10789385,"Spinach","no"
NA,"World",NA,NA,"Vegetables","Gross Production Value (constant 2014-2016 thousand I$)","1000 Int$",2017,11235272,"Spinach","no"
NA,"World",NA,NA,"Vegetables","Gross Production Value (constant 2014-2016 thousand I$)","1000 Int$",2018,11702541,"Spinach","no"
NA,"World",NA,NA,"Vegetables","Gross Production Value (constant 2014-2016 thousand I$)","1000 Int$",2019,12154169,"Spinach","no"
NA,"World",NA,NA,"Vegetables","Gross Production Value (constant 2014-2016 thousand I$)","1000 Int$",2020,12623300,"Spinach","no"
NA,"World",NA,NA,"Vegetables","Gross Production Value (constant 2014-2016 thousand I$)","1000 Int$",2021,13112672,"Spinach","no"
NA,"World",NA,NA,"Vegetables","Gross Production Value (constant 2014-2016 thousand I$)","1000 Int$",2022,13410527,"Spinach","no"
NA,"World",NA,NA,"Vegetables","Gross Production Value (constant 2014-2016 thousand I$)","1000 Int$",2023,13781285,"Spinach","no"
NA,"World",NA,NA,"Vegetables","Gross Production Value (constant 2014-2016 thousand US$)","1000 USD",1992,3993763,"Spinach","no"
NA,"World",NA,NA,"Vegetables","Gross Production Value (constant 2014-2016 thousand US$)","1000 USD",1993,4473908,"Spinach","no"
NA,"World",NA,NA,"Vegetables","Gross Production Value (constant 2014-2016 thousand US$)","1000 USD",1994,4892172,"Spinach","no"
NA,"World",NA,NA,"Vegetables","Gross Production Value (constant 2014-2016 thousand US$)","1000 USD",1995,4998719,"Spinach","no"
NA,"World",NA,NA,"Vegetables","Gross Production Value (constant 2014-2016 thousand US$)","1000 USD",1996,5491670,"Spinach","no"
NA,"World",NA,NA,"Vegetables","Gross Production Value (constant 2014-2016 thousand US$)","1000 USD",1997,5499506,"Spinach","no"
NA,"World",NA,NA,"Vegetables","Gross Production Value (constant 2014-2016 thousand US$)","1000 USD",1998,5503571,"Spinach","no"
NA,"World",NA,NA,"Vegetables","Gross Production Value (constant 2014-2016 thousand US$)","1000 USD",1999,5650019,"Spinach","no"
NA,"World",NA,NA,"Vegetables","Gross Production Value (constant 2014-2016 thousand US$)","1000 USD",2000,6670843,"Spinach","no"
NA,"World",NA,NA,"Vegetables","Gross Production Value (constant 2014-2016 thousand US$)","1000 USD",2001,7044565,"Spinach","no"
NA,"World",NA,NA,"Vegetables","Gross Production Value (constant 2014-2016 thousand US$)","1000 USD",2002,7710693,"Spinach","no"
NA,"World",NA,NA,"Vegetables","Gross Production Value (constant 2014-2016 thousand US$)","1000 USD",2003,8300605,"Spinach","no"
NA,"World",NA,NA,"Vegetables","Gross Production Value (constant 2014-2016 thousand US$)","1000 USD",2004,8702248,"Spinach","no"
NA,"World",NA,NA,"Vegetables","Gross Production Value (constant 2014-2016 thousand US$)","1000 USD",2005,9205979,"Spinach","no"
NA,"World",NA,NA,"Vegetables","Gross Production Value (constant 2014-2016 thousand US$)","1000 USD",2006,9575484,"Spinach","no"
NA,"World",NA,NA,"Vegetables","Gross Production Value (constant 2014-2016 thousand US$)","1000 USD",2007,10165249,"Spinach","no"
NA,"World",NA,NA,"Vegetables","Gross Production Value (constant 2014-2016 thousand US$)","1000 USD",2008,11616167,"Spinach","no"
NA,"World",NA,NA,"Vegetables","Gross Production Value (constant 2014-2016 thousand US$)","1000 USD",2009,12110274,"Spinach","no"
NA,"World",NA,NA,"Vegetables","Gross Production Value (constant 2014-2016 thousand US$)","1000 USD",2010,12219146,"Spinach","no"
NA,"World",NA,NA,"Vegetables","Gross Production Value (constant 2014-2016 thousand US$)","1000 USD",2011,12772262,"Spinach","no"
NA,"World",NA,NA,"Vegetables","Gross Production Value (constant 2014-2016 thousand US$)","1000 USD",2012,13282134,"Spinach","no"
NA,"World",NA,NA,"Vegetables","Gross Production Value (constant 2014-2016 thousand US$)","1000 USD",2013,13803405,"Spinach","no"
NA,"World",NA,NA,"Vegetables","Gross Production Value (constant 2014-2016 thousand US$)","1000 USD",2014,14398204,"Spinach","no"
NA,"World",NA,NA,"Vegetables","Gross Production Value (constant 2014-2016 thousand US$)","1000 USD",2015,15052837,"Spinach","no"
NA,"World",NA,NA,"Vegetables","Gross Production Value (constant 2014-2016 thousand US$)","1000 USD",2016,15675018,"Spinach","no"
NA,"World",NA,NA,"Vegetables","Gross Production Value (constant 2014-2016 thousand US$)","1000 USD",2017,16168144,"Spinach","no"
NA,"World",NA,NA,"Vegetables","Gross Production Value (constant 2014-2016 thousand US$)","1000 USD",2018,16788899,"Spinach","no"
NA,"World",NA,NA,"Vegetables","Gross Production Value (constant 2014-2016 thousand US$)","1000 USD",2019,17366305,"Spinach","no"
NA,"World",NA,NA,"Vegetables","Gross Production Value (constant 2014-2016 thousand US$)","1000 USD",2020,17887203,"Spinach","no"
NA,"World",NA,NA,"Vegetables","Gross Production Value (constant 2014-2016 thousand US$)","1000 USD",2021,18588032,"Spinach","no"
NA,"World",NA,NA,"Vegetables","Gross Production Value (constant 2014-2016 thousand US$)","1000 USD",2022,18982984,"Spinach","no"
NA,"World",NA,NA,"Vegetables","Gross Production Value (constant 2014-2016 thousand US$)","1000 USD",2023,19405959,"Spinach","no"
NA,"World",NA,NA,"Fruits and nuts","Gross Production Value (constant 2014-2016 thousand I$)","1000 Int$",1992,3928635,"Strawberries","no"
NA,"World",NA,NA,"Fruits and nuts","Gross Production Value (constant 2014-2016 thousand I$)","1000 Int$",1993,5256700,"Strawberries","no"
NA,"World",NA,NA,"Fruits and nuts","Gross Production Value (constant 2014-2016 thousand I$)","1000 Int$",1994,5682224,"Strawberries","no"
NA,"World",NA,NA,"Fruits and nuts","Gross Production Value (constant 2014-2016 thousand I$)","1000 Int$",1995,5994556,"Strawberries","no"
NA,"World",NA,NA,"Fruits and nuts","Gross Production Value (constant 2014-2016 thousand I$)","1000 Int$",1996,6027942,"Strawberries","no"
NA,"World",NA,NA,"Fruits and nuts","Gross Production Value (constant 2014-2016 thousand I$)","1000 Int$",1997,6154418,"Strawberries","no"
NA,"World",NA,NA,"Fruits and nuts","Gross Production Value (constant 2014-2016 thousand I$)","1000 Int$",1998,6495549,"Strawberries","no"
NA,"World",NA,NA,"Fruits and nuts","Gross Production Value (constant 2014-2016 thousand I$)","1000 Int$",1999,7186124,"Strawberries","no"
NA,"World",NA,NA,"Fruits and nuts","Gross Production Value (constant 2014-2016 thousand I$)","1000 Int$",2000,7473966,"Strawberries","no"
NA,"World",NA,NA,"Fruits and nuts","Gross Production Value (constant 2014-2016 thousand I$)","1000 Int$",2001,7475085,"Strawberries","no"
NA,"World",NA,NA,"Fruits and nuts","Gross Production Value (constant 2014-2016 thousand I$)","1000 Int$",2002,7719495,"Strawberries","no"
NA,"World",NA,NA,"Fruits and nuts","Gross Production Value (constant 2014-2016 thousand I$)","1000 Int$",2003,8419788,"Strawberries","no"
NA,"World",NA,NA,"Fruits and nuts","Gross Production Value (constant 2014-2016 thousand I$)","1000 Int$",2004,9159823,"Strawberries","no"
NA,"World",NA,NA,"Fruits and nuts","Gross Production Value (constant 2014-2016 thousand I$)","1000 Int$",2005,9551028,"Strawberries","no"
NA,"World",NA,NA,"Fruits and nuts","Gross Production Value (constant 2014-2016 thousand I$)","1000 Int$",2006,9677052,"Strawberries","no"
NA,"World",NA,NA,"Fruits and nuts","Gross Production Value (constant 2014-2016 thousand I$)","1000 Int$",2007,9442326,"Strawberries","no"
NA,"World",NA,NA,"Fruits and nuts","Gross Production Value (constant 2014-2016 thousand I$)","1000 Int$",2008,9979184,"Strawberries","no"
NA,"World",NA,NA,"Fruits and nuts","Gross Production Value (constant 2014-2016 thousand I$)","1000 Int$",2009,10669713,"Strawberries","no"
NA,"World",NA,NA,"Fruits and nuts","Gross Production Value (constant 2014-2016 thousand I$)","1000 Int$",2010,10281270,"Strawberries","no"
NA,"World",NA,NA,"Fruits and nuts","Gross Production Value (constant 2014-2016 thousand I$)","1000 Int$",2011,10435955,"Strawberries","no"
NA,"World",NA,NA,"Fruits and nuts","Gross Production Value (constant 2014-2016 thousand I$)","1000 Int$",2012,11413272,"Strawberries","no"
NA,"World",NA,NA,"Fruits and nuts","Gross Production Value (constant 2014-2016 thousand I$)","1000 Int$",2013,12170024,"Strawberries","no"
NA,"World",NA,NA,"Fruits and nuts","Gross Production Value (constant 2014-2016 thousand I$)","1000 Int$",2014,12498029,"Strawberries","no"
NA,"World",NA,NA,"Fruits and nuts","Gross Production Value (constant 2014-2016 thousand I$)","1000 Int$",2015,13367919,"Strawberries","no"
NA,"World",NA,NA,"Fruits and nuts","Gross Production Value (constant 2014-2016 thousand I$)","1000 Int$",2016,13084563,"Strawberries","no"
NA,"World",NA,NA,"Fruits and nuts","Gross Production Value (constant 2014-2016 thousand I$)","1000 Int$",2017,13402309,"Strawberries","no"
NA,"World",NA,NA,"Fruits and nuts","Gross Production Value (constant 2014-2016 thousand I$)","1000 Int$",2018,13953353,"Strawberries","no"
NA,"World",NA,NA,"Fruits and nuts","Gross Production Value (constant 2014-2016 thousand I$)","1000 Int$",2019,14871876,"Strawberries","no"
NA,"World",NA,NA,"Fruits and nuts","Gross Production Value (constant 2014-2016 thousand I$)","1000 Int$",2020,14775369,"Strawberries","no"
NA,"World",NA,NA,"Fruits and nuts","Gross Production Value (constant 2014-2016 thousand I$)","1000 Int$",2021,15871503,"Strawberries","no"
NA,"World",NA,NA,"Fruits and nuts","Gross Production Value (constant 2014-2016 thousand I$)","1000 Int$",2022,16656818,"Strawberries","no"
NA,"World",NA,NA,"Fruits and nuts","Gross Production Value (constant 2014-2016 thousand I$)","1000 Int$",2023,17078810,"Strawberries","no"
NA,"World",NA,NA,"Fruits and nuts","Gross Production Value (constant 2014-2016 thousand US$)","1000 USD",1992,6629645,"Strawberries","no"
NA,"World",NA,NA,"Fruits and nuts","Gross Production Value (constant 2014-2016 thousand US$)","1000 USD",1993,8507372,"Strawberries","no"
NA,"World",NA,NA,"Fruits and nuts","Gross Production Value (constant 2014-2016 thousand US$)","1000 USD",1994,9042621,"Strawberries","no"
NA,"World",NA,NA,"Fruits and nuts","Gross Production Value (constant 2014-2016 thousand US$)","1000 USD",1995,9357904,"Strawberries","no"
NA,"World",NA,NA,"Fruits and nuts","Gross Production Value (constant 2014-2016 thousand US$)","1000 USD",1996,9437126,"Strawberries","no"
NA,"World",NA,NA,"Fruits and nuts","Gross Production Value (constant 2014-2016 thousand US$)","1000 USD",1997,9415686,"Strawberries","no"
NA,"World",NA,NA,"Fruits and nuts","Gross Production Value (constant 2014-2016 thousand US$)","1000 USD",1998,9649521,"Strawberries","no"
NA,"World",NA,NA,"Fruits and nuts","Gross Production Value (constant 2014-2016 thousand US$)","1000 USD",1999,10499767,"Strawberries","no"
NA,"World",NA,NA,"Fruits and nuts","Gross Production Value (constant 2014-2016 thousand US$)","1000 USD",2000,11025937,"Strawberries","no"
NA,"World",NA,NA,"Fruits and nuts","Gross Production Value (constant 2014-2016 thousand US$)","1000 USD",2001,11106414,"Strawberries","no"
NA,"World",NA,NA,"Fruits and nuts","Gross Production Value (constant 2014-2016 thousand US$)","1000 USD",2002,11548019,"Strawberries","no"
NA,"World",NA,NA,"Fruits and nuts","Gross Production Value (constant 2014-2016 thousand US$)","1000 USD",2003,12332641,"Strawberries","no"
NA,"World",NA,NA,"Fruits and nuts","Gross Production Value (constant 2014-2016 thousand US$)","1000 USD",2004,13038901,"Strawberries","no"
NA,"World",NA,NA,"Fruits and nuts","Gross Production Value (constant 2014-2016 thousand US$)","1000 USD",2005,13498668,"Strawberries","no"
NA,"World",NA,NA,"Fruits and nuts","Gross Production Value (constant 2014-2016 thousand US$)","1000 USD",2006,13556768,"Strawberries","no"
NA,"World",NA,NA,"Fruits and nuts","Gross Production Value (constant 2014-2016 thousand US$)","1000 USD",2007,13280046,"Strawberries","no"
NA,"World",NA,NA,"Fruits and nuts","Gross Production Value (constant 2014-2016 thousand US$)","1000 USD",2008,13716333,"Strawberries","no"
NA,"World",NA,NA,"Fruits and nuts","Gross Production Value (constant 2014-2016 thousand US$)","1000 USD",2009,14243039,"Strawberries","no"
NA,"World",NA,NA,"Fruits and nuts","Gross Production Value (constant 2014-2016 thousand US$)","1000 USD",2010,14093755,"Strawberries","no"
NA,"World",NA,NA,"Fruits and nuts","Gross Production Value (constant 2014-2016 thousand US$)","1000 USD",2011,13937775,"Strawberries","no"
NA,"World",NA,NA,"Fruits and nuts","Gross Production Value (constant 2014-2016 thousand US$)","1000 USD",2012,14988628,"Strawberries","no"
NA,"World",NA,NA,"Fruits and nuts","Gross Production Value (constant 2014-2016 thousand US$)","1000 USD",2013,15875679,"Strawberries","no"
NA,"World",NA,NA,"Fruits and nuts","Gross Production Value (constant 2014-2016 thousand US$)","1000 USD",2014,16244776,"Strawberries","no"
NA,"World",NA,NA,"Fruits and nuts","Gross Production Value (constant 2014-2016 thousand US$)","1000 USD",2015,17081222,"Strawberries","no"
NA,"World",NA,NA,"Fruits and nuts","Gross Production Value (constant 2014-2016 thousand US$)","1000 USD",2016,16676889,"Strawberries","no"
NA,"World",NA,NA,"Fruits and nuts","Gross Production Value (constant 2014-2016 thousand US$)","1000 USD",2017,17114464,"Strawberries","no"
NA,"World",NA,NA,"Fruits and nuts","Gross Production Value (constant 2014-2016 thousand US$)","1000 USD",2018,17397524,"Strawberries","no"
NA,"World",NA,NA,"Fruits and nuts","Gross Production Value (constant 2014-2016 thousand US$)","1000 USD",2019,18480678,"Strawberries","no"
NA,"World",NA,NA,"Fruits and nuts","Gross Production Value (constant 2014-2016 thousand US$)","1000 USD",2020,18415696,"Strawberries","no"
NA,"World",NA,NA,"Fruits and nuts","Gross Production Value (constant 2014-2016 thousand US$)","1000 USD",2021,19318948,"Strawberries","no"
NA,"World",NA,NA,"Fruits and nuts","Gross Production Value (constant 2014-2016 thousand US$)","1000 USD",2022,20088836,"Strawberries","no"
NA,"World",NA,NA,"Fruits and nuts","Gross Production Value (constant 2014-2016 thousand US$)","1000 USD",2023,20560798,"Strawberries","no"
NA,"World",NA,NA,"Vegetables","Gross Production Value (constant 2014-2016 thousand I$)","1000 Int$",1992,1892435,"String beans","no"
NA,"World",NA,NA,"Vegetables","Gross Production Value (constant 2014-2016 thousand I$)","1000 Int$",1993,1909958,"String beans","no"
NA,"World",NA,NA,"Vegetables","Gross Production Value (constant 2014-2016 thousand I$)","1000 Int$",1994,2121818,"String beans","no"
NA,"World",NA,NA,"Vegetables","Gross Production Value (constant 2014-2016 thousand I$)","1000 Int$",1995,2081450,"String beans","no"
NA,"World",NA,NA,"Vegetables","Gross Production Value (constant 2014-2016 thousand I$)","1000 Int$",1996,2198389,"String beans","no"
NA,"World",NA,NA,"Vegetables","Gross Production Value (constant 2014-2016 thousand I$)","1000 Int$",1997,2161473,"String beans","no"
NA,"World",NA,NA,"Vegetables","Gross Production Value (constant 2014-2016 thousand I$)","1000 Int$",1998,2169533,"String beans","no"
NA,"World",NA,NA,"Vegetables","Gross Production Value (constant 2014-2016 thousand I$)","1000 Int$",1999,2294861,"String beans","no"
NA,"World",NA,NA,"Vegetables","Gross Production Value (constant 2014-2016 thousand I$)","1000 Int$",2000,2454575,"String beans","no"
NA,"World",NA,NA,"Vegetables","Gross Production Value (constant 2014-2016 thousand I$)","1000 Int$",2001,2332067,"String beans","no"
NA,"World",NA,NA,"Vegetables","Gross Production Value (constant 2014-2016 thousand I$)","1000 Int$",2002,2472388,"String beans","no"
NA,"World",NA,NA,"Vegetables","Gross Production Value (constant 2014-2016 thousand I$)","1000 Int$",2003,2527914,"String beans","no"
NA,"World",NA,NA,"Vegetables","Gross Production Value (constant 2014-2016 thousand I$)","1000 Int$",2004,2693097,"String beans","no"
NA,"World",NA,NA,"Vegetables","Gross Production Value (constant 2014-2016 thousand I$)","1000 Int$",2005,2676456,"String beans","no"
NA,"World",NA,NA,"Vegetables","Gross Production Value (constant 2014-2016 thousand I$)","1000 Int$",2006,2795868,"String beans","no"
NA,"World",NA,NA,"Vegetables","Gross Production Value (constant 2014-2016 thousand I$)","1000 Int$",2007,2628603,"String beans","no"
NA,"World",NA,NA,"Vegetables","Gross Production Value (constant 2014-2016 thousand I$)","1000 Int$",2008,2689389,"String beans","no"
NA,"World",NA,NA,"Vegetables","Gross Production Value (constant 2014-2016 thousand I$)","1000 Int$",2009,2682278,"String beans","no"
NA,"World",NA,NA,"Vegetables","Gross Production Value (constant 2014-2016 thousand I$)","1000 Int$",2010,2626298,"String beans","no"
NA,"World",NA,NA,"Vegetables","Gross Production Value (constant 2014-2016 thousand I$)","1000 Int$",2011,2422338,"String beans","no"
NA,"World",NA,NA,"Vegetables","Gross Production Value (constant 2014-2016 thousand I$)","1000 Int$",2012,2453165,"String beans","no"
NA,"World",NA,NA,"Vegetables","Gross Production Value (constant 2014-2016 thousand I$)","1000 Int$",2013,2335729,"String beans","no"
NA,"World",NA,NA,"Vegetables","Gross Production Value (constant 2014-2016 thousand I$)","1000 Int$",2014,2364378,"String beans","no"
NA,"World",NA,NA,"Vegetables","Gross Production Value (constant 2014-2016 thousand I$)","1000 Int$",2015,2332846,"String beans","no"
NA,"World",NA,NA,"Vegetables","Gross Production Value (constant 2014-2016 thousand I$)","1000 Int$",2016,2418214,"String beans","no"
NA,"World",NA,NA,"Vegetables","Gross Production Value (constant 2014-2016 thousand I$)","1000 Int$",2017,2480052,"String beans","no"
NA,"World",NA,NA,"Vegetables","Gross Production Value (constant 2014-2016 thousand I$)","1000 Int$",2018,1870145,"String beans","no"
NA,"World",NA,NA,"Vegetables","Gross Production Value (constant 2014-2016 thousand I$)","1000 Int$",2019,1704483,"String beans","no"
NA,"World",NA,NA,"Vegetables","Gross Production Value (constant 2014-2016 thousand I$)","1000 Int$",2020,1651628,"String beans","no"
NA,"World",NA,NA,"Vegetables","Gross Production Value (constant 2014-2016 thousand I$)","1000 Int$",2021,1707035,"String beans","no"
NA,"World",NA,NA,"Vegetables","Gross Production Value (constant 2014-2016 thousand I$)","1000 Int$",2022,1808199,"String beans","no"
NA,"World",NA,NA,"Vegetables","Gross Production Value (constant 2014-2016 thousand I$)","1000 Int$",2023,1746012,"String beans","no"
NA,"World",NA,NA,"Vegetables","Gross Production Value (constant 2014-2016 thousand US$)","1000 USD",1992,2508437,"String beans","no"
NA,"World",NA,NA,"Vegetables","Gross Production Value (constant 2014-2016 thousand US$)","1000 USD",1993,2460747,"String beans","no"
NA,"World",NA,NA,"Vegetables","Gross Production Value (constant 2014-2016 thousand US$)","1000 USD",1994,2716064,"String beans","no"
NA,"World",NA,NA,"Vegetables","Gross Production Value (constant 2014-2016 thousand US$)","1000 USD",1995,2673247,"String beans","no"
NA,"World",NA,NA,"Vegetables","Gross Production Value (constant 2014-2016 thousand US$)","1000 USD",1996,2820643,"String beans","no"
NA,"World",NA,NA,"Vegetables","Gross Production Value (constant 2014-2016 thousand US$)","1000 USD",1997,2772702,"String beans","no"
NA,"World",NA,NA,"Vegetables","Gross Production Value (constant 2014-2016 thousand US$)","1000 USD",1998,2761041,"String beans","no"
NA,"World",NA,NA,"Vegetables","Gross Production Value (constant 2014-2016 thousand US$)","1000 USD",1999,2829571,"String beans","no"
NA,"World",NA,NA,"Vegetables","Gross Production Value (constant 2014-2016 thousand US$)","1000 USD",2000,2977494,"String beans","no"
NA,"World",NA,NA,"Vegetables","Gross Production Value (constant 2014-2016 thousand US$)","1000 USD",2001,2844557,"String beans","no"
NA,"World",NA,NA,"Vegetables","Gross Production Value (constant 2014-2016 thousand US$)","1000 USD",2002,2971822,"String beans","no"
NA,"World",NA,NA,"Vegetables","Gross Production Value (constant 2014-2016 thousand US$)","1000 USD",2003,2915109,"String beans","no"
NA,"World",NA,NA,"Vegetables","Gross Production Value (constant 2014-2016 thousand US$)","1000 USD",2004,3067030,"String beans","no"
NA,"World",NA,NA,"Vegetables","Gross Production Value (constant 2014-2016 thousand US$)","1000 USD",2005,3045713,"String beans","no"
NA,"World",NA,NA,"Vegetables","Gross Production Value (constant 2014-2016 thousand US$)","1000 USD",2006,3055515,"String beans","no"
NA,"World",NA,NA,"Vegetables","Gross Production Value (constant 2014-2016 thousand US$)","1000 USD",2007,2892547,"String beans","no"
NA,"World",NA,NA,"Vegetables","Gross Production Value (constant 2014-2016 thousand US$)","1000 USD",2008,2979303,"String beans","no"
NA,"World",NA,NA,"Vegetables","Gross Production Value (constant 2014-2016 thousand US$)","1000 USD",2009,2994284,"String beans","no"
NA,"World",NA,NA,"Vegetables","Gross Production Value (constant 2014-2016 thousand US$)","1000 USD",2010,2859708,"String beans","no"
NA,"World",NA,NA,"Vegetables","Gross Production Value (constant 2014-2016 thousand US$)","1000 USD",2011,2718880,"String beans","no"
NA,"World",NA,NA,"Vegetables","Gross Production Value (constant 2014-2016 thousand US$)","1000 USD",2012,2713807,"String beans","no"
NA,"World",NA,NA,"Vegetables","Gross Production Value (constant 2014-2016 thousand US$)","1000 USD",2013,2552182,"String beans","no"
NA,"World",NA,NA,"Vegetables","Gross Production Value (constant 2014-2016 thousand US$)","1000 USD",2014,2612264,"String beans","no"
NA,"World",NA,NA,"Vegetables","Gross Production Value (constant 2014-2016 thousand US$)","1000 USD",2015,2579684,"String beans","no"
NA,"World",NA,NA,"Vegetables","Gross Production Value (constant 2014-2016 thousand US$)","1000 USD",2016,2666316,"String beans","no"
NA,"World",NA,NA,"Vegetables","Gross Production Value (constant 2014-2016 thousand US$)","1000 USD",2017,2772586,"String beans","no"
NA,"World",NA,NA,"Vegetables","Gross Production Value (constant 2014-2016 thousand US$)","1000 USD",2018,1745136,"String beans","no"
NA,"World",NA,NA,"Vegetables","Gross Production Value (constant 2014-2016 thousand US$)","1000 USD",2019,1632579,"String beans","no"
NA,"World",NA,NA,"Vegetables","Gross Production Value (constant 2014-2016 thousand US$)","1000 USD",2020,1544091,"String beans","no"
NA,"World",NA,NA,"Vegetables","Gross Production Value (constant 2014-2016 thousand US$)","1000 USD",2021,1504804,"String beans","no"
NA,"World",NA,NA,"Vegetables","Gross Production Value (constant 2014-2016 thousand US$)","1000 USD",2022,1563685,"String beans","no"
NA,"World",NA,NA,"Vegetables","Gross Production Value (constant 2014-2016 thousand US$)","1000 USD",2023,1483304,"String beans","no"
NA,"World",NA,NA,"Sugar crops","Gross Production Value (constant 2014-2016 thousand I$)","1000 Int$",1992,11547674,"Sugar beet","no"
NA,"World",NA,NA,"Sugar crops","Gross Production Value (constant 2014-2016 thousand I$)","1000 Int$",1993,11474600,"Sugar beet","no"
NA,"World",NA,NA,"Sugar crops","Gross Production Value (constant 2014-2016 thousand I$)","1000 Int$",1994,11973429,"Sugar beet","no"
NA,"World",NA,NA,"Sugar crops","Gross Production Value (constant 2014-2016 thousand I$)","1000 Int$",1995,12446678,"Sugar beet","no"
NA,"World",NA,NA,"Sugar crops","Gross Production Value (constant 2014-2016 thousand I$)","1000 Int$",1996,12446041,"Sugar beet","no"
NA,"World",NA,NA,"Sugar crops","Gross Production Value (constant 2014-2016 thousand I$)","1000 Int$",1997,12611179,"Sugar beet","no"
NA,"World",NA,NA,"Sugar crops","Gross Production Value (constant 2014-2016 thousand I$)","1000 Int$",1998,12391808,"Sugar beet","no"
NA,"World",NA,NA,"Sugar crops","Gross Production Value (constant 2014-2016 thousand I$)","1000 Int$",1999,12275579,"Sugar beet","no"
NA,"World",NA,NA,"Sugar crops","Gross Production Value (constant 2014-2016 thousand I$)","1000 Int$",2000,11781416,"Sugar beet","no"
NA,"World",NA,NA,"Sugar crops","Gross Production Value (constant 2014-2016 thousand I$)","1000 Int$",2001,10847608,"Sugar beet","no"
NA,"World",NA,NA,"Sugar crops","Gross Production Value (constant 2014-2016 thousand I$)","1000 Int$",2002,12227699,"Sugar beet","no"
NA,"World",NA,NA,"Sugar crops","Gross Production Value (constant 2014-2016 thousand I$)","1000 Int$",2003,10960146,"Sugar beet","no"
NA,"World",NA,NA,"Sugar crops","Gross Production Value (constant 2014-2016 thousand I$)","1000 Int$",2004,11849730,"Sugar beet","no"
NA,"World",NA,NA,"Sugar crops","Gross Production Value (constant 2014-2016 thousand I$)","1000 Int$",2005,11951023,"Sugar beet","no"
NA,"World",NA,NA,"Sugar crops","Gross Production Value (constant 2014-2016 thousand I$)","1000 Int$",2006,11964444,"Sugar beet","no"
NA,"World",NA,NA,"Sugar crops","Gross Production Value (constant 2014-2016 thousand I$)","1000 Int$",2007,11631897,"Sugar beet","no"
NA,"World",NA,NA,"Sugar crops","Gross Production Value (constant 2014-2016 thousand I$)","1000 Int$",2008,10416238,"Sugar beet","no"
NA,"World",NA,NA,"Sugar crops","Gross Production Value (constant 2014-2016 thousand I$)","1000 Int$",2009,10740031,"Sugar beet","no"
NA,"World",NA,NA,"Sugar crops","Gross Production Value (constant 2014-2016 thousand I$)","1000 Int$",2010,10758677,"Sugar beet","no"
NA,"World",NA,NA,"Sugar crops","Gross Production Value (constant 2014-2016 thousand I$)","1000 Int$",2011,13132588,"Sugar beet","no"
NA,"World",NA,NA,"Sugar crops","Gross Production Value (constant 2014-2016 thousand I$)","1000 Int$",2012,12699248,"Sugar beet","no"
NA,"World",NA,NA,"Sugar crops","Gross Production Value (constant 2014-2016 thousand I$)","1000 Int$",2013,11665907,"Sugar beet","no"
NA,"World",NA,NA,"Sugar crops","Gross Production Value (constant 2014-2016 thousand I$)","1000 Int$",2014,12731826,"Sugar beet","no"
NA,"World",NA,NA,"Sugar crops","Gross Production Value (constant 2014-2016 thousand I$)","1000 Int$",2015,11320693,"Sugar beet","no"
NA,"World",NA,NA,"Sugar crops","Gross Production Value (constant 2014-2016 thousand I$)","1000 Int$",2016,13134026,"Sugar beet","no"
NA,"World",NA,NA,"Sugar crops","Gross Production Value (constant 2014-2016 thousand I$)","1000 Int$",2017,14790413,"Sugar beet","no"
NA,"World",NA,NA,"Sugar crops","Gross Production Value (constant 2014-2016 thousand I$)","1000 Int$",2018,12880201,"Sugar beet","no"
NA,"World",NA,NA,"Sugar crops","Gross Production Value (constant 2014-2016 thousand I$)","1000 Int$",2019,13224284,"Sugar beet","no"
NA,"World",NA,NA,"Sugar crops","Gross Production Value (constant 2014-2016 thousand I$)","1000 Int$",2020,11796566,"Sugar beet","no"
NA,"World",NA,NA,"Sugar crops","Gross Production Value (constant 2014-2016 thousand I$)","1000 Int$",2021,12671818,"Sugar beet","no"
NA,"World",NA,NA,"Sugar crops","Gross Production Value (constant 2014-2016 thousand I$)","1000 Int$",2022,12247951,"Sugar beet","no"
NA,"World",NA,NA,"Sugar crops","Gross Production Value (constant 2014-2016 thousand I$)","1000 Int$",2023,13246260,"Sugar beet","no"
NA,"World",NA,NA,"Sugar crops","Gross Production Value (constant 2014-2016 thousand US$)","1000 USD",1992,11475130,"Sugar beet","no"
NA,"World",NA,NA,"Sugar crops","Gross Production Value (constant 2014-2016 thousand US$)","1000 USD",1993,11418387,"Sugar beet","no"
NA,"World",NA,NA,"Sugar crops","Gross Production Value (constant 2014-2016 thousand US$)","1000 USD",1994,11711397,"Sugar beet","no"
NA,"World",NA,NA,"Sugar crops","Gross Production Value (constant 2014-2016 thousand US$)","1000 USD",1995,12167371,"Sugar beet","no"
NA,"World",NA,NA,"Sugar crops","Gross Production Value (constant 2014-2016 thousand US$)","1000 USD",1996,12080144,"Sugar beet","no"
NA,"World",NA,NA,"Sugar crops","Gross Production Value (constant 2014-2016 thousand US$)","1000 USD",1997,12460341,"Sugar beet","no"
NA,"World",NA,NA,"Sugar crops","Gross Production Value (constant 2014-2016 thousand US$)","1000 USD",1998,12466842,"Sugar beet","no"
NA,"World",NA,NA,"Sugar crops","Gross Production Value (constant 2014-2016 thousand US$)","1000 USD",1999,12085784,"Sugar beet","no"
NA,"World",NA,NA,"Sugar crops","Gross Production Value (constant 2014-2016 thousand US$)","1000 USD",2000,11900647,"Sugar beet","no"
NA,"World",NA,NA,"Sugar crops","Gross Production Value (constant 2014-2016 thousand US$)","1000 USD",2001,10774598,"Sugar beet","no"
NA,"World",NA,NA,"Sugar crops","Gross Production Value (constant 2014-2016 thousand US$)","1000 USD",2002,12224921,"Sugar beet","no"
NA,"World",NA,NA,"Sugar crops","Gross Production Value (constant 2014-2016 thousand US$)","1000 USD",2003,10826801,"Sugar beet","no"
NA,"World",NA,NA,"Sugar crops","Gross Production Value (constant 2014-2016 thousand US$)","1000 USD",2004,11620474,"Sugar beet","no"
NA,"World",NA,NA,"Sugar crops","Gross Production Value (constant 2014-2016 thousand US$)","1000 USD",2005,11781401,"Sugar beet","no"
NA,"World",NA,NA,"Sugar crops","Gross Production Value (constant 2014-2016 thousand US$)","1000 USD",2006,11796601,"Sugar beet","no"
NA,"World",NA,NA,"Sugar crops","Gross Production Value (constant 2014-2016 thousand US$)","1000 USD",2007,11495979,"Sugar beet","no"
NA,"World",NA,NA,"Sugar crops","Gross Production Value (constant 2014-2016 thousand US$)","1000 USD",2008,10320224,"Sugar beet","no"
NA,"World",NA,NA,"Sugar crops","Gross Production Value (constant 2014-2016 thousand US$)","1000 USD",2009,10490914,"Sugar beet","no"
NA,"World",NA,NA,"Sugar crops","Gross Production Value (constant 2014-2016 thousand US$)","1000 USD",2010,10633541,"Sugar beet","no"
NA,"World",NA,NA,"Sugar crops","Gross Production Value (constant 2014-2016 thousand US$)","1000 USD",2011,12918733,"Sugar beet","no"
NA,"World",NA,NA,"Sugar crops","Gross Production Value (constant 2014-2016 thousand US$)","1000 USD",2012,12593150,"Sugar beet","no"
NA,"World",NA,NA,"Sugar crops","Gross Production Value (constant 2014-2016 thousand US$)","1000 USD",2013,11524544,"Sugar beet","no"
NA,"World",NA,NA,"Sugar crops","Gross Production Value (constant 2014-2016 thousand US$)","1000 USD",2014,12488626,"Sugar beet","no"
NA,"World",NA,NA,"Sugar crops","Gross Production Value (constant 2014-2016 thousand US$)","1000 USD",2015,11288532,"Sugar beet","no"
NA,"World",NA,NA,"Sugar crops","Gross Production Value (constant 2014-2016 thousand US$)","1000 USD",2016,13114919,"Sugar beet","no"
NA,"World",NA,NA,"Sugar crops","Gross Production Value (constant 2014-2016 thousand US$)","1000 USD",2017,14758206,"Sugar beet","no"
NA,"World",NA,NA,"Sugar crops","Gross Production Value (constant 2014-2016 thousand US$)","1000 USD",2018,12872940,"Sugar beet","no"
NA,"World",NA,NA,"Sugar crops","Gross Production Value (constant 2014-2016 thousand US$)","1000 USD",2019,13327448,"Sugar beet","no"
NA,"World",NA,NA,"Sugar crops","Gross Production Value (constant 2014-2016 thousand US$)","1000 USD",2020,12157644,"Sugar beet","no"
NA,"World",NA,NA,"Sugar crops","Gross Production Value (constant 2014-2016 thousand US$)","1000 USD",2021,12691963,"Sugar beet","no"
NA,"World",NA,NA,"Sugar crops","Gross Production Value (constant 2014-2016 thousand US$)","1000 USD",2022,12373835,"Sugar beet","no"
NA,"World",NA,NA,"Sugar crops","Gross Production Value (constant 2014-2016 thousand US$)","1000 USD",2023,13392196,"Sugar beet","no"
NA,"World",NA,NA,"Sugar crops","Gross Production Value (constant 2014-2016 thousand I$)","1000 Int$",1992,49555602,"Sugar cane","no"
NA,"World",NA,NA,"Sugar crops","Gross Production Value (constant 2014-2016 thousand I$)","1000 Int$",1993,45698227,"Sugar cane","no"
NA,"World",NA,NA,"Sugar crops","Gross Production Value (constant 2014-2016 thousand I$)","1000 Int$",1994,48513381,"Sugar cane","no"
NA,"World",NA,NA,"Sugar crops","Gross Production Value (constant 2014-2016 thousand I$)","1000 Int$",1995,52043503,"Sugar cane","no"
NA,"World",NA,NA,"Sugar crops","Gross Production Value (constant 2014-2016 thousand I$)","1000 Int$",1996,54622451,"Sugar cane","no"
NA,"World",NA,NA,"Sugar crops","Gross Production Value (constant 2014-2016 thousand I$)","1000 Int$",1997,55853169,"Sugar cane","no"
NA,"World",NA,NA,"Sugar crops","Gross Production Value (constant 2014-2016 thousand I$)","1000 Int$",1998,56643448,"Sugar cane","no"
NA,"World",NA,NA,"Sugar crops","Gross Production Value (constant 2014-2016 thousand I$)","1000 Int$",1999,57471734,"Sugar cane","no"
NA,"World",NA,NA,"Sugar crops","Gross Production Value (constant 2014-2016 thousand I$)","1000 Int$",2000,56167969,"Sugar cane","no"
NA,"World",NA,NA,"Sugar crops","Gross Production Value (constant 2014-2016 thousand I$)","1000 Int$",2001,56346629,"Sugar cane","no"
NA,"World",NA,NA,"Sugar crops","Gross Production Value (constant 2014-2016 thousand I$)","1000 Int$",2002,59448348,"Sugar cane","no"
NA,"World",NA,NA,"Sugar crops","Gross Production Value (constant 2014-2016 thousand I$)","1000 Int$",2003,61463696,"Sugar cane","no"
NA,"World",NA,NA,"Sugar crops","Gross Production Value (constant 2014-2016 thousand I$)","1000 Int$",2004,59729676,"Sugar cane","no"
NA,"World",NA,NA,"Sugar crops","Gross Production Value (constant 2014-2016 thousand I$)","1000 Int$",2005,58631327,"Sugar cane","no"
NA,"World",NA,NA,"Sugar crops","Gross Production Value (constant 2014-2016 thousand I$)","1000 Int$",2006,63615644,"Sugar cane","no"
NA,"World",NA,NA,"Sugar crops","Gross Production Value (constant 2014-2016 thousand I$)","1000 Int$",2007,71914784,"Sugar cane","no"
NA,"World",NA,NA,"Sugar crops","Gross Production Value (constant 2014-2016 thousand I$)","1000 Int$",2008,76927609,"Sugar cane","no"
NA,"World",NA,NA,"Sugar crops","Gross Production Value (constant 2014-2016 thousand I$)","1000 Int$",2009,74966283,"Sugar cane","no"
NA,"World",NA,NA,"Sugar crops","Gross Production Value (constant 2014-2016 thousand I$)","1000 Int$",2010,75221249,"Sugar cane","no"
NA,"World",NA,NA,"Sugar crops","Gross Production Value (constant 2014-2016 thousand I$)","1000 Int$",2011,80342265,"Sugar cane","no"
NA,"World",NA,NA,"Sugar crops","Gross Production Value (constant 2014-2016 thousand I$)","1000 Int$",2012,82025200,"Sugar cane","no"
NA,"World",NA,NA,"Sugar crops","Gross Production Value (constant 2014-2016 thousand I$)","1000 Int$",2013,85345217,"Sugar cane","no"
NA,"World",NA,NA,"Sugar crops","Gross Production Value (constant 2014-2016 thousand I$)","1000 Int$",2014,84631138,"Sugar cane","no"
NA,"World",NA,NA,"Sugar crops","Gross Production Value (constant 2014-2016 thousand I$)","1000 Int$",2015,83861893,"Sugar cane","no"
NA,"World",NA,NA,"Sugar crops","Gross Production Value (constant 2014-2016 thousand I$)","1000 Int$",2016,84210079,"Sugar cane","no"
NA,"World",NA,NA,"Sugar crops","Gross Production Value (constant 2014-2016 thousand I$)","1000 Int$",2017,82238437,"Sugar cane","no"
NA,"World",NA,NA,"Sugar crops","Gross Production Value (constant 2014-2016 thousand I$)","1000 Int$",2018,86599244,"Sugar cane","no"
NA,"World",NA,NA,"Sugar crops","Gross Production Value (constant 2014-2016 thousand I$)","1000 Int$",2019,87800466,"Sugar cane","no"
NA,"World",NA,NA,"Sugar crops","Gross Production Value (constant 2014-2016 thousand I$)","1000 Int$",2020,84248486,"Sugar cane","no"
NA,"World",NA,NA,"Sugar crops","Gross Production Value (constant 2014-2016 thousand I$)","1000 Int$",2021,83517780,"Sugar cane","no"
NA,"World",NA,NA,"Sugar crops","Gross Production Value (constant 2014-2016 thousand I$)","1000 Int$",2022,86329486,"Sugar cane","no"
NA,"World",NA,NA,"Sugar crops","Gross Production Value (constant 2014-2016 thousand I$)","1000 Int$",2023,90855369,"Sugar cane","no"
NA,"World",NA,NA,"Sugar crops","Gross Production Value (constant 2014-2016 thousand US$)","1000 USD",1992,51887679,"Sugar cane","no"
NA,"World",NA,NA,"Sugar crops","Gross Production Value (constant 2014-2016 thousand US$)","1000 USD",1993,47880767,"Sugar cane","no"
NA,"World",NA,NA,"Sugar crops","Gross Production Value (constant 2014-2016 thousand US$)","1000 USD",1994,50413995,"Sugar cane","no"
NA,"World",NA,NA,"Sugar crops","Gross Production Value (constant 2014-2016 thousand US$)","1000 USD",1995,53786870,"Sugar cane","no"
NA,"World",NA,NA,"Sugar crops","Gross Production Value (constant 2014-2016 thousand US$)","1000 USD",1996,55952290,"Sugar cane","no"
NA,"World",NA,NA,"Sugar crops","Gross Production Value (constant 2014-2016 thousand US$)","1000 USD",1997,60327895,"Sugar cane","no"
NA,"World",NA,NA,"Sugar crops","Gross Production Value (constant 2014-2016 thousand US$)","1000 USD",1998,62225940,"Sugar cane","no"
NA,"World",NA,NA,"Sugar crops","Gross Production Value (constant 2014-2016 thousand US$)","1000 USD",1999,60200313,"Sugar cane","no"
NA,"World",NA,NA,"Sugar crops","Gross Production Value (constant 2014-2016 thousand US$)","1000 USD",2000,57146385,"Sugar cane","no"
NA,"World",NA,NA,"Sugar crops","Gross Production Value (constant 2014-2016 thousand US$)","1000 USD",2001,59695350,"Sugar cane","no"
NA,"World",NA,NA,"Sugar crops","Gross Production Value (constant 2014-2016 thousand US$)","1000 USD",2002,65641225,"Sugar cane","no"
NA,"World",NA,NA,"Sugar crops","Gross Production Value (constant 2014-2016 thousand US$)","1000 USD",2003,67490981,"Sugar cane","no"
NA,"World",NA,NA,"Sugar crops","Gross Production Value (constant 2014-2016 thousand US$)","1000 USD",2004,66123071,"Sugar cane","no"
NA,"World",NA,NA,"Sugar crops","Gross Production Value (constant 2014-2016 thousand US$)","1000 USD",2005,64338281,"Sugar cane","no"
NA,"World",NA,NA,"Sugar crops","Gross Production Value (constant 2014-2016 thousand US$)","1000 USD",2006,70520056,"Sugar cane","no"
NA,"World",NA,NA,"Sugar crops","Gross Production Value (constant 2014-2016 thousand US$)","1000 USD",2007,79485854,"Sugar cane","no"
NA,"World",NA,NA,"Sugar crops","Gross Production Value (constant 2014-2016 thousand US$)","1000 USD",2008,84377542,"Sugar cane","no"
NA,"World",NA,NA,"Sugar crops","Gross Production Value (constant 2014-2016 thousand US$)","1000 USD",2009,80459812,"Sugar cane","no"
NA,"World",NA,NA,"Sugar crops","Gross Production Value (constant 2014-2016 thousand US$)","1000 USD",2010,79977810,"Sugar cane","no"
NA,"World",NA,NA,"Sugar crops","Gross Production Value (constant 2014-2016 thousand US$)","1000 USD",2011,84757156,"Sugar cane","no"
NA,"World",NA,NA,"Sugar crops","Gross Production Value (constant 2014-2016 thousand US$)","1000 USD",2012,89253920,"Sugar cane","no"
NA,"World",NA,NA,"Sugar crops","Gross Production Value (constant 2014-2016 thousand US$)","1000 USD",2013,94145600,"Sugar cane","no"
NA,"World",NA,NA,"Sugar crops","Gross Production Value (constant 2014-2016 thousand US$)","1000 USD",2014,94986001,"Sugar cane","no"
NA,"World",NA,NA,"Sugar crops","Gross Production Value (constant 2014-2016 thousand US$)","1000 USD",2015,85484400,"Sugar cane","no"
NA,"World",NA,NA,"Sugar crops","Gross Production Value (constant 2014-2016 thousand US$)","1000 USD",2016,84435225,"Sugar cane","no"
NA,"World",NA,NA,"Sugar crops","Gross Production Value (constant 2014-2016 thousand US$)","1000 USD",2017,85635307,"Sugar cane","no"
NA,"World",NA,NA,"Sugar crops","Gross Production Value (constant 2014-2016 thousand US$)","1000 USD",2018,89139160,"Sugar cane","no"
NA,"World",NA,NA,"Sugar crops","Gross Production Value (constant 2014-2016 thousand US$)","1000 USD",2019,89386471,"Sugar cane","no"
NA,"World",NA,NA,"Sugar crops","Gross Production Value (constant 2014-2016 thousand US$)","1000 USD",2020,88080952,"Sugar cane","no"
NA,"World",NA,NA,"Sugar crops","Gross Production Value (constant 2014-2016 thousand US$)","1000 USD",2021,87878780,"Sugar cane","no"
NA,"World",NA,NA,"Sugar crops","Gross Production Value (constant 2014-2016 thousand US$)","1000 USD",2022,87829665,"Sugar cane","no"
NA,"World",NA,NA,"Sugar crops","Gross Production Value (constant 2014-2016 thousand US$)","1000 USD",2023,90734184,"Sugar cane","no"
NA,"World",NA,NA,"Oilseeds and oleaginous fruits","Gross Production Value (constant 2014-2016 thousand I$)","1000 Int$",1992,8915614,"Sunflower seed","no"
NA,"World",NA,NA,"Oilseeds and oleaginous fruits","Gross Production Value (constant 2014-2016 thousand I$)","1000 Int$",1993,8483800,"Sunflower seed","no"
NA,"World",NA,NA,"Oilseeds and oleaginous fruits","Gross Production Value (constant 2014-2016 thousand I$)","1000 Int$",1994,10444779,"Sunflower seed","no"
NA,"World",NA,NA,"Oilseeds and oleaginous fruits","Gross Production Value (constant 2014-2016 thousand I$)","1000 Int$",1995,12496790,"Sunflower seed","no"
NA,"World",NA,NA,"Oilseeds and oleaginous fruits","Gross Production Value (constant 2014-2016 thousand I$)","1000 Int$",1996,11901964,"Sunflower seed","no"
NA,"World",NA,NA,"Oilseeds and oleaginous fruits","Gross Production Value (constant 2014-2016 thousand I$)","1000 Int$",1997,11215165,"Sunflower seed","no"
NA,"World",NA,NA,"Oilseeds and oleaginous fruits","Gross Production Value (constant 2014-2016 thousand I$)","1000 Int$",1998,12290662,"Sunflower seed","no"
NA,"World",NA,NA,"Oilseeds and oleaginous fruits","Gross Production Value (constant 2014-2016 thousand I$)","1000 Int$",1999,14286841,"Sunflower seed","no"
NA,"World",NA,NA,"Oilseeds and oleaginous fruits","Gross Production Value (constant 2014-2016 thousand I$)","1000 Int$",2000,12949301,"Sunflower seed","no"
NA,"World",NA,NA,"Oilseeds and oleaginous fruits","Gross Production Value (constant 2014-2016 thousand I$)","1000 Int$",2001,10039093,"Sunflower seed","no"
NA,"World",NA,NA,"Oilseeds and oleaginous fruits","Gross Production Value (constant 2014-2016 thousand I$)","1000 Int$",2002,11990706,"Sunflower seed","no"
NA,"World",NA,NA,"Oilseeds and oleaginous fruits","Gross Production Value (constant 2014-2016 thousand I$)","1000 Int$",2003,13470322,"Sunflower seed","no"
NA,"World",NA,NA,"Oilseeds and oleaginous fruits","Gross Production Value (constant 2014-2016 thousand I$)","1000 Int$",2004,12755073,"Sunflower seed","no"
NA,"World",NA,NA,"Oilseeds and oleaginous fruits","Gross Production Value (constant 2014-2016 thousand I$)","1000 Int$",2005,15021635,"Sunflower seed","no"
NA,"World",NA,NA,"Oilseeds and oleaginous fruits","Gross Production Value (constant 2014-2016 thousand I$)","1000 Int$",2006,15520459,"Sunflower seed","no"
NA,"World",NA,NA,"Oilseeds and oleaginous fruits","Gross Production Value (constant 2014-2016 thousand I$)","1000 Int$",2007,12933824,"Sunflower seed","no"
NA,"World",NA,NA,"Oilseeds and oleaginous fruits","Gross Production Value (constant 2014-2016 thousand I$)","1000 Int$",2008,17707543,"Sunflower seed","no"
NA,"World",NA,NA,"Oilseeds and oleaginous fruits","Gross Production Value (constant 2014-2016 thousand I$)","1000 Int$",2009,16020052,"Sunflower seed","no"
NA,"World",NA,NA,"Oilseeds and oleaginous fruits","Gross Production Value (constant 2014-2016 thousand I$)","1000 Int$",2010,15353915,"Sunflower seed","no"
NA,"World",NA,NA,"Oilseeds and oleaginous fruits","Gross Production Value (constant 2014-2016 thousand I$)","1000 Int$",2011,19582707,"Sunflower seed","no"
NA,"World",NA,NA,"Oilseeds and oleaginous fruits","Gross Production Value (constant 2014-2016 thousand I$)","1000 Int$",2012,17725002,"Sunflower seed","no"
NA,"World",NA,NA,"Oilseeds and oleaginous fruits","Gross Production Value (constant 2014-2016 thousand I$)","1000 Int$",2013,21211744,"Sunflower seed","no"
NA,"World",NA,NA,"Oilseeds and oleaginous fruits","Gross Production Value (constant 2014-2016 thousand I$)","1000 Int$",2014,19822743,"Sunflower seed","no"
NA,"World",NA,NA,"Oilseeds and oleaginous fruits","Gross Production Value (constant 2014-2016 thousand I$)","1000 Int$",2015,20642694,"Sunflower seed","no"
NA,"World",NA,NA,"Oilseeds and oleaginous fruits","Gross Production Value (constant 2014-2016 thousand I$)","1000 Int$",2016,23166204,"Sunflower seed","no"
NA,"World",NA,NA,"Oilseeds and oleaginous fruits","Gross Production Value (constant 2014-2016 thousand I$)","1000 Int$",2017,23726617,"Sunflower seed","no"
NA,"World",NA,NA,"Oilseeds and oleaginous fruits","Gross Production Value (constant 2014-2016 thousand I$)","1000 Int$",2018,25337015,"Sunflower seed","no"
NA,"World",NA,NA,"Oilseeds and oleaginous fruits","Gross Production Value (constant 2014-2016 thousand I$)","1000 Int$",2019,27464035,"Sunflower seed","no"
NA,"World",NA,NA,"Oilseeds and oleaginous fruits","Gross Production Value (constant 2014-2016 thousand I$)","1000 Int$",2020,24366748,"Sunflower seed","no"
NA,"World",NA,NA,"Oilseeds and oleaginous fruits","Gross Production Value (constant 2014-2016 thousand I$)","1000 Int$",2021,27960285,"Sunflower seed","no"
NA,"World",NA,NA,"Oilseeds and oleaginous fruits","Gross Production Value (constant 2014-2016 thousand I$)","1000 Int$",2022,25913878,"Sunflower seed","no"
NA,"World",NA,NA,"Oilseeds and oleaginous fruits","Gross Production Value (constant 2014-2016 thousand I$)","1000 Int$",2023,28586856,"Sunflower seed","no"
NA,"World",NA,NA,"Oilseeds and oleaginous fruits","Gross Production Value (constant 2014-2016 thousand US$)","1000 USD",1992,9401047,"Sunflower seed","no"
NA,"World",NA,NA,"Oilseeds and oleaginous fruits","Gross Production Value (constant 2014-2016 thousand US$)","1000 USD",1993,8806799,"Sunflower seed","no"
NA,"World",NA,NA,"Oilseeds and oleaginous fruits","Gross Production Value (constant 2014-2016 thousand US$)","1000 USD",1994,10232072,"Sunflower seed","no"
NA,"World",NA,NA,"Oilseeds and oleaginous fruits","Gross Production Value (constant 2014-2016 thousand US$)","1000 USD",1995,11490497,"Sunflower seed","no"
NA,"World",NA,NA,"Oilseeds and oleaginous fruits","Gross Production Value (constant 2014-2016 thousand US$)","1000 USD",1996,11225887,"Sunflower seed","no"
NA,"World",NA,NA,"Oilseeds and oleaginous fruits","Gross Production Value (constant 2014-2016 thousand US$)","1000 USD",1997,10474546,"Sunflower seed","no"
NA,"World",NA,NA,"Oilseeds and oleaginous fruits","Gross Production Value (constant 2014-2016 thousand US$)","1000 USD",1998,11678218,"Sunflower seed","no"
NA,"World",NA,NA,"Oilseeds and oleaginous fruits","Gross Production Value (constant 2014-2016 thousand US$)","1000 USD",1999,13346782,"Sunflower seed","no"
NA,"World",NA,NA,"Oilseeds and oleaginous fruits","Gross Production Value (constant 2014-2016 thousand US$)","1000 USD",2000,12487622,"Sunflower seed","no"
NA,"World",NA,NA,"Oilseeds and oleaginous fruits","Gross Production Value (constant 2014-2016 thousand US$)","1000 USD",2001,9758948,"Sunflower seed","no"
NA,"World",NA,NA,"Oilseeds and oleaginous fruits","Gross Production Value (constant 2014-2016 thousand US$)","1000 USD",2002,11884548,"Sunflower seed","no"
NA,"World",NA,NA,"Oilseeds and oleaginous fruits","Gross Production Value (constant 2014-2016 thousand US$)","1000 USD",2003,12618944,"Sunflower seed","no"
NA,"World",NA,NA,"Oilseeds and oleaginous fruits","Gross Production Value (constant 2014-2016 thousand US$)","1000 USD",2004,11905548,"Sunflower seed","no"
NA,"World",NA,NA,"Oilseeds and oleaginous fruits","Gross Production Value (constant 2014-2016 thousand US$)","1000 USD",2005,14119130,"Sunflower seed","no"
NA,"World",NA,NA,"Oilseeds and oleaginous fruits","Gross Production Value (constant 2014-2016 thousand US$)","1000 USD",2006,14320082,"Sunflower seed","no"
NA,"World",NA,NA,"Oilseeds and oleaginous fruits","Gross Production Value (constant 2014-2016 thousand US$)","1000 USD",2007,11546382,"Sunflower seed","no"
NA,"World",NA,NA,"Oilseeds and oleaginous fruits","Gross Production Value (constant 2014-2016 thousand US$)","1000 USD",2008,15767364,"Sunflower seed","no"
NA,"World",NA,NA,"Oilseeds and oleaginous fruits","Gross Production Value (constant 2014-2016 thousand US$)","1000 USD",2009,14711512,"Sunflower seed","no"
NA,"World",NA,NA,"Oilseeds and oleaginous fruits","Gross Production Value (constant 2014-2016 thousand US$)","1000 USD",2010,14841488,"Sunflower seed","no"
NA,"World",NA,NA,"Oilseeds and oleaginous fruits","Gross Production Value (constant 2014-2016 thousand US$)","1000 USD",2011,17696990,"Sunflower seed","no"
NA,"World",NA,NA,"Oilseeds and oleaginous fruits","Gross Production Value (constant 2014-2016 thousand US$)","1000 USD",2012,16487421,"Sunflower seed","no"
NA,"World",NA,NA,"Oilseeds and oleaginous fruits","Gross Production Value (constant 2014-2016 thousand US$)","1000 USD",2013,19061209,"Sunflower seed","no"
NA,"World",NA,NA,"Oilseeds and oleaginous fruits","Gross Production Value (constant 2014-2016 thousand US$)","1000 USD",2014,18324004,"Sunflower seed","no"
NA,"World",NA,NA,"Oilseeds and oleaginous fruits","Gross Production Value (constant 2014-2016 thousand US$)","1000 USD",2015,19071788,"Sunflower seed","no"
NA,"World",NA,NA,"Oilseeds and oleaginous fruits","Gross Production Value (constant 2014-2016 thousand US$)","1000 USD",2016,20622690,"Sunflower seed","no"
NA,"World",NA,NA,"Oilseeds and oleaginous fruits","Gross Production Value (constant 2014-2016 thousand US$)","1000 USD",2017,22014423,"Sunflower seed","no"
NA,"World",NA,NA,"Oilseeds and oleaginous fruits","Gross Production Value (constant 2014-2016 thousand US$)","1000 USD",2018,22119254,"Sunflower seed","no"
NA,"World",NA,NA,"Oilseeds and oleaginous fruits","Gross Production Value (constant 2014-2016 thousand US$)","1000 USD",2019,23845355,"Sunflower seed","no"
NA,"World",NA,NA,"Oilseeds and oleaginous fruits","Gross Production Value (constant 2014-2016 thousand US$)","1000 USD",2020,21657006,"Sunflower seed","no"
NA,"World",NA,NA,"Oilseeds and oleaginous fruits","Gross Production Value (constant 2014-2016 thousand US$)","1000 USD",2021,23676064,"Sunflower seed","no"
NA,"World",NA,NA,"Oilseeds and oleaginous fruits","Gross Production Value (constant 2014-2016 thousand US$)","1000 USD",2022,21731603,"Sunflower seed","no"
NA,"World",NA,NA,"Oilseeds and oleaginous fruits","Gross Production Value (constant 2014-2016 thousand US$)","1000 USD",2023,25088480,"Sunflower seed","no"
NA,"World",NA,NA,"Edible roots and tubers with high starch or inulin content","Gross Production Value (constant 2014-2016 thousand I$)","1000 Int$",1992,25450552,"Sweet potatoes","no"
NA,"World",NA,NA,"Edible roots and tubers with high starch or inulin content","Gross Production Value (constant 2014-2016 thousand I$)","1000 Int$",1993,27165598,"Sweet potatoes","no"
NA,"World",NA,NA,"Edible roots and tubers with high starch or inulin content","Gross Production Value (constant 2014-2016 thousand I$)","1000 Int$",1994,25912270,"Sweet potatoes","no"
NA,"World",NA,NA,"Edible roots and tubers with high starch or inulin content","Gross Production Value (constant 2014-2016 thousand I$)","1000 Int$",1995,28084512,"Sweet potatoes","no"
NA,"World",NA,NA,"Edible roots and tubers with high starch or inulin content","Gross Production Value (constant 2014-2016 thousand I$)","1000 Int$",1996,29324455,"Sweet potatoes","no"
NA,"World",NA,NA,"Edible roots and tubers with high starch or inulin content","Gross Production Value (constant 2014-2016 thousand I$)","1000 Int$",1997,25051173,"Sweet potatoes","no"
NA,"World",NA,NA,"Edible roots and tubers with high starch or inulin content","Gross Production Value (constant 2014-2016 thousand I$)","1000 Int$",1998,27840431,"Sweet potatoes","no"
NA,"World",NA,NA,"Edible roots and tubers with high starch or inulin content","Gross Production Value (constant 2014-2016 thousand I$)","1000 Int$",1999,30418638,"Sweet potatoes","no"
NA,"World",NA,NA,"Edible roots and tubers with high starch or inulin content","Gross Production Value (constant 2014-2016 thousand I$)","1000 Int$",2000,28867981,"Sweet potatoes","no"
NA,"World",NA,NA,"Edible roots and tubers with high starch or inulin content","Gross Production Value (constant 2014-2016 thousand I$)","1000 Int$",2001,28125037,"Sweet potatoes","no"
NA,"World",NA,NA,"Edible roots and tubers with high starch or inulin content","Gross Production Value (constant 2014-2016 thousand I$)","1000 Int$",2002,28254624,"Sweet potatoes","no"
NA,"World",NA,NA,"Edible roots and tubers with high starch or inulin content","Gross Production Value (constant 2014-2016 thousand I$)","1000 Int$",2003,27047695,"Sweet potatoes","no"
NA,"World",NA,NA,"Edible roots and tubers with high starch or inulin content","Gross Production Value (constant 2014-2016 thousand I$)","1000 Int$",2004,27004080,"Sweet potatoes","no"
NA,"World",NA,NA,"Edible roots and tubers with high starch or inulin content","Gross Production Value (constant 2014-2016 thousand I$)","1000 Int$",2005,26413351,"Sweet potatoes","no"
NA,"World",NA,NA,"Edible roots and tubers with high starch or inulin content","Gross Production Value (constant 2014-2016 thousand I$)","1000 Int$",2006,22058094,"Sweet potatoes","no"
NA,"World",NA,NA,"Edible roots and tubers with high starch or inulin content","Gross Production Value (constant 2014-2016 thousand I$)","1000 Int$",2007,20934933,"Sweet potatoes","no"
NA,"World",NA,NA,"Edible roots and tubers with high starch or inulin content","Gross Production Value (constant 2014-2016 thousand I$)","1000 Int$",2008,21320023,"Sweet potatoes","no"
NA,"World",NA,NA,"Edible roots and tubers with high starch or inulin content","Gross Production Value (constant 2014-2016 thousand I$)","1000 Int$",2009,19869158,"Sweet potatoes","no"
NA,"World",NA,NA,"Edible roots and tubers with high starch or inulin content","Gross Production Value (constant 2014-2016 thousand I$)","1000 Int$",2010,19433676,"Sweet potatoes","no"
NA,"World",NA,NA,"Edible roots and tubers with high starch or inulin content","Gross Production Value (constant 2014-2016 thousand I$)","1000 Int$",2011,19557878,"Sweet potatoes","no"
NA,"World",NA,NA,"Edible roots and tubers with high starch or inulin content","Gross Production Value (constant 2014-2016 thousand I$)","1000 Int$",2012,18783295,"Sweet potatoes","no"
NA,"World",NA,NA,"Edible roots and tubers with high starch or inulin content","Gross Production Value (constant 2014-2016 thousand I$)","1000 Int$",2013,18676646,"Sweet potatoes","no"
NA,"World",NA,NA,"Edible roots and tubers with high starch or inulin content","Gross Production Value (constant 2014-2016 thousand I$)","1000 Int$",2014,19386672,"Sweet potatoes","no"
NA,"World",NA,NA,"Edible roots and tubers with high starch or inulin content","Gross Production Value (constant 2014-2016 thousand I$)","1000 Int$",2015,18907834,"Sweet potatoes","no"
NA,"World",NA,NA,"Edible roots and tubers with high starch or inulin content","Gross Production Value (constant 2014-2016 thousand I$)","1000 Int$",2016,18711068,"Sweet potatoes","no"
NA,"World",NA,NA,"Edible roots and tubers with high starch or inulin content","Gross Production Value (constant 2014-2016 thousand I$)","1000 Int$",2017,19201616,"Sweet potatoes","no"
NA,"World",NA,NA,"Edible roots and tubers with high starch or inulin content","Gross Production Value (constant 2014-2016 thousand I$)","1000 Int$",2018,18971588,"Sweet potatoes","no"
NA,"World",NA,NA,"Edible roots and tubers with high starch or inulin content","Gross Production Value (constant 2014-2016 thousand I$)","1000 Int$",2019,18511388,"Sweet potatoes","no"
NA,"World",NA,NA,"Edible roots and tubers with high starch or inulin content","Gross Production Value (constant 2014-2016 thousand I$)","1000 Int$",2020,18921666,"Sweet potatoes","no"
NA,"World",NA,NA,"Edible roots and tubers with high starch or inulin content","Gross Production Value (constant 2014-2016 thousand I$)","1000 Int$",2021,19080177,"Sweet potatoes","no"
NA,"World",NA,NA,"Edible roots and tubers with high starch or inulin content","Gross Production Value (constant 2014-2016 thousand I$)","1000 Int$",2022,19053090,"Sweet potatoes","no"
NA,"World",NA,NA,"Edible roots and tubers with high starch or inulin content","Gross Production Value (constant 2014-2016 thousand I$)","1000 Int$",2023,19324276,"Sweet potatoes","no"
NA,"World",NA,NA,"Edible roots and tubers with high starch or inulin content","Gross Production Value (constant 2014-2016 thousand US$)","1000 USD",1992,35223898,"Sweet potatoes","no"
NA,"World",NA,NA,"Edible roots and tubers with high starch or inulin content","Gross Production Value (constant 2014-2016 thousand US$)","1000 USD",1993,37103430,"Sweet potatoes","no"
NA,"World",NA,NA,"Edible roots and tubers with high starch or inulin content","Gross Production Value (constant 2014-2016 thousand US$)","1000 USD",1994,35810335,"Sweet potatoes","no"
NA,"World",NA,NA,"Edible roots and tubers with high starch or inulin content","Gross Production Value (constant 2014-2016 thousand US$)","1000 USD",1995,38461114,"Sweet potatoes","no"
NA,"World",NA,NA,"Edible roots and tubers with high starch or inulin content","Gross Production Value (constant 2014-2016 thousand US$)","1000 USD",1996,40157236,"Sweet potatoes","no"
NA,"World",NA,NA,"Edible roots and tubers with high starch or inulin content","Gross Production Value (constant 2014-2016 thousand US$)","1000 USD",1997,34287077,"Sweet potatoes","no"
NA,"World",NA,NA,"Edible roots and tubers with high starch or inulin content","Gross Production Value (constant 2014-2016 thousand US$)","1000 USD",1998,37915472,"Sweet potatoes","no"
NA,"World",NA,NA,"Edible roots and tubers with high starch or inulin content","Gross Production Value (constant 2014-2016 thousand US$)","1000 USD",1999,41014474,"Sweet potatoes","no"
NA,"World",NA,NA,"Edible roots and tubers with high starch or inulin content","Gross Production Value (constant 2014-2016 thousand US$)","1000 USD",2000,39065334,"Sweet potatoes","no"
NA,"World",NA,NA,"Edible roots and tubers with high starch or inulin content","Gross Production Value (constant 2014-2016 thousand US$)","1000 USD",2001,37945940,"Sweet potatoes","no"
NA,"World",NA,NA,"Edible roots and tubers with high starch or inulin content","Gross Production Value (constant 2014-2016 thousand US$)","1000 USD",2002,37959614,"Sweet potatoes","no"
NA,"World",NA,NA,"Edible roots and tubers with high starch or inulin content","Gross Production Value (constant 2014-2016 thousand US$)","1000 USD",2003,36455757,"Sweet potatoes","no"
NA,"World",NA,NA,"Edible roots and tubers with high starch or inulin content","Gross Production Value (constant 2014-2016 thousand US$)","1000 USD",2004,36343158,"Sweet potatoes","no"
NA,"World",NA,NA,"Edible roots and tubers with high starch or inulin content","Gross Production Value (constant 2014-2016 thousand US$)","1000 USD",2005,35471262,"Sweet potatoes","no"
NA,"World",NA,NA,"Edible roots and tubers with high starch or inulin content","Gross Production Value (constant 2014-2016 thousand US$)","1000 USD",2006,29617980,"Sweet potatoes","no"
NA,"World",NA,NA,"Edible roots and tubers with high starch or inulin content","Gross Production Value (constant 2014-2016 thousand US$)","1000 USD",2007,28168170,"Sweet potatoes","no"
NA,"World",NA,NA,"Edible roots and tubers with high starch or inulin content","Gross Production Value (constant 2014-2016 thousand US$)","1000 USD",2008,28942414,"Sweet potatoes","no"
NA,"World",NA,NA,"Edible roots and tubers with high starch or inulin content","Gross Production Value (constant 2014-2016 thousand US$)","1000 USD",2009,26982949,"Sweet potatoes","no"
NA,"World",NA,NA,"Edible roots and tubers with high starch or inulin content","Gross Production Value (constant 2014-2016 thousand US$)","1000 USD",2010,25862452,"Sweet potatoes","no"
NA,"World",NA,NA,"Edible roots and tubers with high starch or inulin content","Gross Production Value (constant 2014-2016 thousand US$)","1000 USD",2011,26015857,"Sweet potatoes","no"
NA,"World",NA,NA,"Edible roots and tubers with high starch or inulin content","Gross Production Value (constant 2014-2016 thousand US$)","1000 USD",2012,24980467,"Sweet potatoes","no"
NA,"World",NA,NA,"Edible roots and tubers with high starch or inulin content","Gross Production Value (constant 2014-2016 thousand US$)","1000 USD",2013,24687303,"Sweet potatoes","no"
NA,"World",NA,NA,"Edible roots and tubers with high starch or inulin content","Gross Production Value (constant 2014-2016 thousand US$)","1000 USD",2014,25635313,"Sweet potatoes","no"
NA,"World",NA,NA,"Edible roots and tubers with high starch or inulin content","Gross Production Value (constant 2014-2016 thousand US$)","1000 USD",2015,25092612,"Sweet potatoes","no"
NA,"World",NA,NA,"Edible roots and tubers with high starch or inulin content","Gross Production Value (constant 2014-2016 thousand US$)","1000 USD",2016,24637339,"Sweet potatoes","no"
NA,"World",NA,NA,"Edible roots and tubers with high starch or inulin content","Gross Production Value (constant 2014-2016 thousand US$)","1000 USD",2017,25326622,"Sweet potatoes","no"
NA,"World",NA,NA,"Edible roots and tubers with high starch or inulin content","Gross Production Value (constant 2014-2016 thousand US$)","1000 USD",2018,25125740,"Sweet potatoes","no"
NA,"World",NA,NA,"Edible roots and tubers with high starch or inulin content","Gross Production Value (constant 2014-2016 thousand US$)","1000 USD",2019,24558837,"Sweet potatoes","no"
NA,"World",NA,NA,"Edible roots and tubers with high starch or inulin content","Gross Production Value (constant 2014-2016 thousand US$)","1000 USD",2020,24998052,"Sweet potatoes","no"
NA,"World",NA,NA,"Edible roots and tubers with high starch or inulin content","Gross Production Value (constant 2014-2016 thousand US$)","1000 USD",2021,25328183,"Sweet potatoes","no"
NA,"World",NA,NA,"Edible roots and tubers with high starch or inulin content","Gross Production Value (constant 2014-2016 thousand US$)","1000 USD",2022,25208712,"Sweet potatoes","no"
NA,"World",NA,NA,"Edible roots and tubers with high starch or inulin content","Gross Production Value (constant 2014-2016 thousand US$)","1000 USD",2023,25423597,"Sweet potatoes","no"
NA,"World",NA,NA,"Fruits and nuts","Gross Production Value (constant 2014-2016 thousand I$)","1000 Int$",1992,6743619,"Tangerines, mandarins, clementines","no"
NA,"World",NA,NA,"Fruits and nuts","Gross Production Value (constant 2014-2016 thousand I$)","1000 Int$",1993,7109549,"Tangerines, mandarins, clementines","no"
NA,"World",NA,NA,"Fruits and nuts","Gross Production Value (constant 2014-2016 thousand I$)","1000 Int$",1994,7430018,"Tangerines, mandarins, clementines","no"
NA,"World",NA,NA,"Fruits and nuts","Gross Production Value (constant 2014-2016 thousand I$)","1000 Int$",1995,7922652,"Tangerines, mandarins, clementines","no"
NA,"World",NA,NA,"Fruits and nuts","Gross Production Value (constant 2014-2016 thousand I$)","1000 Int$",1996,7821917,"Tangerines, mandarins, clementines","no"
NA,"World",NA,NA,"Fruits and nuts","Gross Production Value (constant 2014-2016 thousand I$)","1000 Int$",1997,9287400,"Tangerines, mandarins, clementines","no"
NA,"World",NA,NA,"Fruits and nuts","Gross Production Value (constant 2014-2016 thousand I$)","1000 Int$",1998,8576078,"Tangerines, mandarins, clementines","no"
NA,"World",NA,NA,"Fruits and nuts","Gross Production Value (constant 2014-2016 thousand I$)","1000 Int$",1999,9714714,"Tangerines, mandarins, clementines","no"
NA,"World",NA,NA,"Fruits and nuts","Gross Production Value (constant 2014-2016 thousand I$)","1000 Int$",2000,8937173,"Tangerines, mandarins, clementines","no"
NA,"World",NA,NA,"Fruits and nuts","Gross Production Value (constant 2014-2016 thousand I$)","1000 Int$",2001,10056309,"Tangerines, mandarins, clementines","no"
NA,"World",NA,NA,"Fruits and nuts","Gross Production Value (constant 2014-2016 thousand I$)","1000 Int$",2002,10142234,"Tangerines, mandarins, clementines","no"
NA,"World",NA,NA,"Fruits and nuts","Gross Production Value (constant 2014-2016 thousand I$)","1000 Int$",2003,10466407,"Tangerines, mandarins, clementines","no"
NA,"World",NA,NA,"Fruits and nuts","Gross Production Value (constant 2014-2016 thousand I$)","1000 Int$",2004,11203963,"Tangerines, mandarins, clementines","no"
NA,"World",NA,NA,"Fruits and nuts","Gross Production Value (constant 2014-2016 thousand I$)","1000 Int$",2005,11606476,"Tangerines, mandarins, clementines","no"
NA,"World",NA,NA,"Fruits and nuts","Gross Production Value (constant 2014-2016 thousand I$)","1000 Int$",2006,12480892,"Tangerines, mandarins, clementines","no"
NA,"World",NA,NA,"Fruits and nuts","Gross Production Value (constant 2014-2016 thousand I$)","1000 Int$",2007,9696120,"Tangerines, mandarins, clementines","no"
NA,"World",NA,NA,"Fruits and nuts","Gross Production Value (constant 2014-2016 thousand I$)","1000 Int$",2008,10375538,"Tangerines, mandarins, clementines","no"
NA,"World",NA,NA,"Fruits and nuts","Gross Production Value (constant 2014-2016 thousand I$)","1000 Int$",2009,10760454,"Tangerines, mandarins, clementines","no"
NA,"World",NA,NA,"Fruits and nuts","Gross Production Value (constant 2014-2016 thousand I$)","1000 Int$",2010,11531987,"Tangerines, mandarins, clementines","no"
NA,"World",NA,NA,"Fruits and nuts","Gross Production Value (constant 2014-2016 thousand I$)","1000 Int$",2011,14425242,"Tangerines, mandarins, clementines","no"
NA,"World",NA,NA,"Fruits and nuts","Gross Production Value (constant 2014-2016 thousand I$)","1000 Int$",2012,14626895,"Tangerines, mandarins, clementines","no"
NA,"World",NA,NA,"Fruits and nuts","Gross Production Value (constant 2014-2016 thousand I$)","1000 Int$",2013,14974064,"Tangerines, mandarins, clementines","no"
NA,"World",NA,NA,"Fruits and nuts","Gross Production Value (constant 2014-2016 thousand I$)","1000 Int$",2014,16236666,"Tangerines, mandarins, clementines","no"
NA,"World",NA,NA,"Fruits and nuts","Gross Production Value (constant 2014-2016 thousand I$)","1000 Int$",2015,17215502,"Tangerines, mandarins, clementines","no"
NA,"World",NA,NA,"Fruits and nuts","Gross Production Value (constant 2014-2016 thousand I$)","1000 Int$",2016,17014131,"Tangerines, mandarins, clementines","no"
NA,"World",NA,NA,"Fruits and nuts","Gross Production Value (constant 2014-2016 thousand I$)","1000 Int$",2017,17362693,"Tangerines, mandarins, clementines","no"
NA,"World",NA,NA,"Fruits and nuts","Gross Production Value (constant 2014-2016 thousand I$)","1000 Int$",2018,18356339,"Tangerines, mandarins, clementines","no"
NA,"World",NA,NA,"Fruits and nuts","Gross Production Value (constant 2014-2016 thousand I$)","1000 Int$",2019,20937823,"Tangerines, mandarins, clementines","no"
NA,"World",NA,NA,"Fruits and nuts","Gross Production Value (constant 2014-2016 thousand I$)","1000 Int$",2020,20980670,"Tangerines, mandarins, clementines","no"
NA,"World",NA,NA,"Fruits and nuts","Gross Production Value (constant 2014-2016 thousand I$)","1000 Int$",2021,22562096,"Tangerines, mandarins, clementines","no"
NA,"World",NA,NA,"Fruits and nuts","Gross Production Value (constant 2014-2016 thousand I$)","1000 Int$",2022,23230415,"Tangerines, mandarins, clementines","no"
NA,"World",NA,NA,"Fruits and nuts","Gross Production Value (constant 2014-2016 thousand I$)","1000 Int$",2023,23488568,"Tangerines, mandarins, clementines","no"
NA,"World",NA,NA,"Fruits and nuts","Gross Production Value (constant 2014-2016 thousand US$)","1000 USD",1992,9499539,"Tangerines, mandarins, clementines","no"
NA,"World",NA,NA,"Fruits and nuts","Gross Production Value (constant 2014-2016 thousand US$)","1000 USD",1993,9696207,"Tangerines, mandarins, clementines","no"
NA,"World",NA,NA,"Fruits and nuts","Gross Production Value (constant 2014-2016 thousand US$)","1000 USD",1994,9508135,"Tangerines, mandarins, clementines","no"
NA,"World",NA,NA,"Fruits and nuts","Gross Production Value (constant 2014-2016 thousand US$)","1000 USD",1995,10431333,"Tangerines, mandarins, clementines","no"
NA,"World",NA,NA,"Fruits and nuts","Gross Production Value (constant 2014-2016 thousand US$)","1000 USD",1996,10051870,"Tangerines, mandarins, clementines","no"
NA,"World",NA,NA,"Fruits and nuts","Gross Production Value (constant 2014-2016 thousand US$)","1000 USD",1997,12407549,"Tangerines, mandarins, clementines","no"
NA,"World",NA,NA,"Fruits and nuts","Gross Production Value (constant 2014-2016 thousand US$)","1000 USD",1998,11009450,"Tangerines, mandarins, clementines","no"
NA,"World",NA,NA,"Fruits and nuts","Gross Production Value (constant 2014-2016 thousand US$)","1000 USD",1999,12927122,"Tangerines, mandarins, clementines","no"
NA,"World",NA,NA,"Fruits and nuts","Gross Production Value (constant 2014-2016 thousand US$)","1000 USD",2000,11322604,"Tangerines, mandarins, clementines","no"
NA,"World",NA,NA,"Fruits and nuts","Gross Production Value (constant 2014-2016 thousand US$)","1000 USD",2001,13101613,"Tangerines, mandarins, clementines","no"
NA,"World",NA,NA,"Fruits and nuts","Gross Production Value (constant 2014-2016 thousand US$)","1000 USD",2002,12948148,"Tangerines, mandarins, clementines","no"
NA,"World",NA,NA,"Fruits and nuts","Gross Production Value (constant 2014-2016 thousand US$)","1000 USD",2003,13507739,"Tangerines, mandarins, clementines","no"
NA,"World",NA,NA,"Fruits and nuts","Gross Production Value (constant 2014-2016 thousand US$)","1000 USD",2004,14356340,"Tangerines, mandarins, clementines","no"
NA,"World",NA,NA,"Fruits and nuts","Gross Production Value (constant 2014-2016 thousand US$)","1000 USD",2005,14984950,"Tangerines, mandarins, clementines","no"
NA,"World",NA,NA,"Fruits and nuts","Gross Production Value (constant 2014-2016 thousand US$)","1000 USD",2006,15830238,"Tangerines, mandarins, clementines","no"
NA,"World",NA,NA,"Fruits and nuts","Gross Production Value (constant 2014-2016 thousand US$)","1000 USD",2007,12484444,"Tangerines, mandarins, clementines","no"
NA,"World",NA,NA,"Fruits and nuts","Gross Production Value (constant 2014-2016 thousand US$)","1000 USD",2008,12809773,"Tangerines, mandarins, clementines","no"
NA,"World",NA,NA,"Fruits and nuts","Gross Production Value (constant 2014-2016 thousand US$)","1000 USD",2009,13480374,"Tangerines, mandarins, clementines","no"
NA,"World",NA,NA,"Fruits and nuts","Gross Production Value (constant 2014-2016 thousand US$)","1000 USD",2010,14067609,"Tangerines, mandarins, clementines","no"
NA,"World",NA,NA,"Fruits and nuts","Gross Production Value (constant 2014-2016 thousand US$)","1000 USD",2011,16371072,"Tangerines, mandarins, clementines","no"
NA,"World",NA,NA,"Fruits and nuts","Gross Production Value (constant 2014-2016 thousand US$)","1000 USD",2012,16693665,"Tangerines, mandarins, clementines","no"
NA,"World",NA,NA,"Fruits and nuts","Gross Production Value (constant 2014-2016 thousand US$)","1000 USD",2013,17356316,"Tangerines, mandarins, clementines","no"
NA,"World",NA,NA,"Fruits and nuts","Gross Production Value (constant 2014-2016 thousand US$)","1000 USD",2014,18284005,"Tangerines, mandarins, clementines","no"
NA,"World",NA,NA,"Fruits and nuts","Gross Production Value (constant 2014-2016 thousand US$)","1000 USD",2015,19087083,"Tangerines, mandarins, clementines","no"
NA,"World",NA,NA,"Fruits and nuts","Gross Production Value (constant 2014-2016 thousand US$)","1000 USD",2016,19016100,"Tangerines, mandarins, clementines","no"
NA,"World",NA,NA,"Fruits and nuts","Gross Production Value (constant 2014-2016 thousand US$)","1000 USD",2017,19216749,"Tangerines, mandarins, clementines","no"
NA,"World",NA,NA,"Fruits and nuts","Gross Production Value (constant 2014-2016 thousand US$)","1000 USD",2018,20350249,"Tangerines, mandarins, clementines","no"
NA,"World",NA,NA,"Fruits and nuts","Gross Production Value (constant 2014-2016 thousand US$)","1000 USD",2019,23492723,"Tangerines, mandarins, clementines","no"
NA,"World",NA,NA,"Fruits and nuts","Gross Production Value (constant 2014-2016 thousand US$)","1000 USD",2020,23645325,"Tangerines, mandarins, clementines","no"
NA,"World",NA,NA,"Fruits and nuts","Gross Production Value (constant 2014-2016 thousand US$)","1000 USD",2021,25636687,"Tangerines, mandarins, clementines","no"
NA,"World",NA,NA,"Fruits and nuts","Gross Production Value (constant 2014-2016 thousand US$)","1000 USD",2022,26705758,"Tangerines, mandarins, clementines","no"
NA,"World",NA,NA,"Fruits and nuts","Gross Production Value (constant 2014-2016 thousand US$)","1000 USD",2023,26992552,"Tangerines, mandarins, clementines","no"
NA,"World",NA,NA,"Edible roots and tubers with high starch or inulin content","Gross Production Value (constant 2014-2016 thousand I$)","1000 Int$",1992,1983060,"Taro","no"
NA,"World",NA,NA,"Edible roots and tubers with high starch or inulin content","Gross Production Value (constant 2014-2016 thousand I$)","1000 Int$",1993,2420151,"Taro","no"
NA,"World",NA,NA,"Edible roots and tubers with high starch or inulin content","Gross Production Value (constant 2014-2016 thousand I$)","1000 Int$",1994,2412202,"Taro","no"
NA,"World",NA,NA,"Edible roots and tubers with high starch or inulin content","Gross Production Value (constant 2014-2016 thousand I$)","1000 Int$",1995,2669462,"Taro","no"
NA,"World",NA,NA,"Edible roots and tubers with high starch or inulin content","Gross Production Value (constant 2014-2016 thousand I$)","1000 Int$",1996,2806814,"Taro","no"
NA,"World",NA,NA,"Edible roots and tubers with high starch or inulin content","Gross Production Value (constant 2014-2016 thousand I$)","1000 Int$",1997,2875859,"Taro","no"
NA,"World",NA,NA,"Edible roots and tubers with high starch or inulin content","Gross Production Value (constant 2014-2016 thousand I$)","1000 Int$",1998,2937704,"Taro","no"
NA,"World",NA,NA,"Edible roots and tubers with high starch or inulin content","Gross Production Value (constant 2014-2016 thousand I$)","1000 Int$",1999,3049593,"Taro","no"
NA,"World",NA,NA,"Edible roots and tubers with high starch or inulin content","Gross Production Value (constant 2014-2016 thousand I$)","1000 Int$",2000,2976903,"Taro","no"
NA,"World",NA,NA,"Edible roots and tubers with high starch or inulin content","Gross Production Value (constant 2014-2016 thousand I$)","1000 Int$",2001,3063944,"Taro","no"
NA,"World",NA,NA,"Edible roots and tubers with high starch or inulin content","Gross Production Value (constant 2014-2016 thousand I$)","1000 Int$",2002,3193319,"Taro","no"
NA,"World",NA,NA,"Edible roots and tubers with high starch or inulin content","Gross Production Value (constant 2014-2016 thousand I$)","1000 Int$",2003,3236867,"Taro","no"
NA,"World",NA,NA,"Edible roots and tubers with high starch or inulin content","Gross Production Value (constant 2014-2016 thousand I$)","1000 Int$",2004,3182815,"Taro","no"
NA,"World",NA,NA,"Edible roots and tubers with high starch or inulin content","Gross Production Value (constant 2014-2016 thousand I$)","1000 Int$",2005,3335515,"Taro","no"
NA,"World",NA,NA,"Edible roots and tubers with high starch or inulin content","Gross Production Value (constant 2014-2016 thousand I$)","1000 Int$",2006,3354965,"Taro","no"
NA,"World",NA,NA,"Edible roots and tubers with high starch or inulin content","Gross Production Value (constant 2014-2016 thousand I$)","1000 Int$",2007,3625438,"Taro","no"
NA,"World",NA,NA,"Edible roots and tubers with high starch or inulin content","Gross Production Value (constant 2014-2016 thousand I$)","1000 Int$",2008,3709916,"Taro","no"
NA,"World",NA,NA,"Edible roots and tubers with high starch or inulin content","Gross Production Value (constant 2014-2016 thousand I$)","1000 Int$",2009,3738961,"Taro","no"
NA,"World",NA,NA,"Edible roots and tubers with high starch or inulin content","Gross Production Value (constant 2014-2016 thousand I$)","1000 Int$",2010,3694485,"Taro","no"
NA,"World",NA,NA,"Edible roots and tubers with high starch or inulin content","Gross Production Value (constant 2014-2016 thousand I$)","1000 Int$",2011,3747485,"Taro","no"
NA,"World",NA,NA,"Edible roots and tubers with high starch or inulin content","Gross Production Value (constant 2014-2016 thousand I$)","1000 Int$",2012,3812290,"Taro","no"
NA,"World",NA,NA,"Edible roots and tubers with high starch or inulin content","Gross Production Value (constant 2014-2016 thousand I$)","1000 Int$",2013,3947347,"Taro","no"
NA,"World",NA,NA,"Edible roots and tubers with high starch or inulin content","Gross Production Value (constant 2014-2016 thousand I$)","1000 Int$",2014,4214958,"Taro","no"
NA,"World",NA,NA,"Edible roots and tubers with high starch or inulin content","Gross Production Value (constant 2014-2016 thousand I$)","1000 Int$",2015,4198529,"Taro","no"
NA,"World",NA,NA,"Edible roots and tubers with high starch or inulin content","Gross Production Value (constant 2014-2016 thousand I$)","1000 Int$",2016,5633395,"Taro","no"
NA,"World",NA,NA,"Edible roots and tubers with high starch or inulin content","Gross Production Value (constant 2014-2016 thousand I$)","1000 Int$",2017,5936256,"Taro","no"
NA,"World",NA,NA,"Edible roots and tubers with high starch or inulin content","Gross Production Value (constant 2014-2016 thousand I$)","1000 Int$",2018,6073952,"Taro","no"
NA,"World",NA,NA,"Edible roots and tubers with high starch or inulin content","Gross Production Value (constant 2014-2016 thousand I$)","1000 Int$",2019,6011159,"Taro","no"
NA,"World",NA,NA,"Edible roots and tubers with high starch or inulin content","Gross Production Value (constant 2014-2016 thousand I$)","1000 Int$",2020,6379013,"Taro","no"
NA,"World",NA,NA,"Edible roots and tubers with high starch or inulin content","Gross Production Value (constant 2014-2016 thousand I$)","1000 Int$",2021,6185148,"Taro","no"
NA,"World",NA,NA,"Edible roots and tubers with high starch or inulin content","Gross Production Value (constant 2014-2016 thousand I$)","1000 Int$",2022,6314787,"Taro","no"
NA,"World",NA,NA,"Edible roots and tubers with high starch or inulin content","Gross Production Value (constant 2014-2016 thousand I$)","1000 Int$",2023,6488336,"Taro","no"
NA,"World",NA,NA,"Edible roots and tubers with high starch or inulin content","Gross Production Value (constant 2014-2016 thousand US$)","1000 USD",1992,2956584,"Taro","no"
NA,"World",NA,NA,"Edible roots and tubers with high starch or inulin content","Gross Production Value (constant 2014-2016 thousand US$)","1000 USD",1993,3114260,"Taro","no"
NA,"World",NA,NA,"Edible roots and tubers with high starch or inulin content","Gross Production Value (constant 2014-2016 thousand US$)","1000 USD",1994,2932996,"Taro","no"
NA,"World",NA,NA,"Edible roots and tubers with high starch or inulin content","Gross Production Value (constant 2014-2016 thousand US$)","1000 USD",1995,3184590,"Taro","no"
NA,"World",NA,NA,"Edible roots and tubers with high starch or inulin content","Gross Production Value (constant 2014-2016 thousand US$)","1000 USD",1996,3333029,"Taro","no"
NA,"World",NA,NA,"Edible roots and tubers with high starch or inulin content","Gross Production Value (constant 2014-2016 thousand US$)","1000 USD",1997,3419225,"Taro","no"
NA,"World",NA,NA,"Edible roots and tubers with high starch or inulin content","Gross Production Value (constant 2014-2016 thousand US$)","1000 USD",1998,3453351,"Taro","no"
NA,"World",NA,NA,"Edible roots and tubers with high starch or inulin content","Gross Production Value (constant 2014-2016 thousand US$)","1000 USD",1999,3603702,"Taro","no"
NA,"World",NA,NA,"Edible roots and tubers with high starch or inulin content","Gross Production Value (constant 2014-2016 thousand US$)","1000 USD",2000,3564416,"Taro","no"
NA,"World",NA,NA,"Edible roots and tubers with high starch or inulin content","Gross Production Value (constant 2014-2016 thousand US$)","1000 USD",2001,3627665,"Taro","no"
NA,"World",NA,NA,"Edible roots and tubers with high starch or inulin content","Gross Production Value (constant 2014-2016 thousand US$)","1000 USD",2002,3769722,"Taro","no"
NA,"World",NA,NA,"Edible roots and tubers with high starch or inulin content","Gross Production Value (constant 2014-2016 thousand US$)","1000 USD",2003,3793682,"Taro","no"
NA,"World",NA,NA,"Edible roots and tubers with high starch or inulin content","Gross Production Value (constant 2014-2016 thousand US$)","1000 USD",2004,3655680,"Taro","no"
NA,"World",NA,NA,"Edible roots and tubers with high starch or inulin content","Gross Production Value (constant 2014-2016 thousand US$)","1000 USD",2005,3753833,"Taro","no"
NA,"World",NA,NA,"Edible roots and tubers with high starch or inulin content","Gross Production Value (constant 2014-2016 thousand US$)","1000 USD",2006,3718269,"Taro","no"
NA,"World",NA,NA,"Edible roots and tubers with high starch or inulin content","Gross Production Value (constant 2014-2016 thousand US$)","1000 USD",2007,3898967,"Taro","no"
NA,"World",NA,NA,"Edible roots and tubers with high starch or inulin content","Gross Production Value (constant 2014-2016 thousand US$)","1000 USD",2008,3971949,"Taro","no"
NA,"World",NA,NA,"Edible roots and tubers with high starch or inulin content","Gross Production Value (constant 2014-2016 thousand US$)","1000 USD",2009,3945031,"Taro","no"
NA,"World",NA,NA,"Edible roots and tubers with high starch or inulin content","Gross Production Value (constant 2014-2016 thousand US$)","1000 USD",2010,3836312,"Taro","no"
NA,"World",NA,NA,"Edible roots and tubers with high starch or inulin content","Gross Production Value (constant 2014-2016 thousand US$)","1000 USD",2011,3863473,"Taro","no"
NA,"World",NA,NA,"Edible roots and tubers with high starch or inulin content","Gross Production Value (constant 2014-2016 thousand US$)","1000 USD",2012,3934811,"Taro","no"
NA,"World",NA,NA,"Edible roots and tubers with high starch or inulin content","Gross Production Value (constant 2014-2016 thousand US$)","1000 USD",2013,3934528,"Taro","no"
NA,"World",NA,NA,"Edible roots and tubers with high starch or inulin content","Gross Production Value (constant 2014-2016 thousand US$)","1000 USD",2014,4039018,"Taro","no"
NA,"World",NA,NA,"Edible roots and tubers with high starch or inulin content","Gross Production Value (constant 2014-2016 thousand US$)","1000 USD",2015,4045274,"Taro","no"
NA,"World",NA,NA,"Edible roots and tubers with high starch or inulin content","Gross Production Value (constant 2014-2016 thousand US$)","1000 USD",2016,4765560,"Taro","no"
NA,"World",NA,NA,"Edible roots and tubers with high starch or inulin content","Gross Production Value (constant 2014-2016 thousand US$)","1000 USD",2017,4919153,"Taro","no"
NA,"World",NA,NA,"Edible roots and tubers with high starch or inulin content","Gross Production Value (constant 2014-2016 thousand US$)","1000 USD",2018,4982554,"Taro","no"
NA,"World",NA,NA,"Edible roots and tubers with high starch or inulin content","Gross Production Value (constant 2014-2016 thousand US$)","1000 USD",2019,4995304,"Taro","no"
NA,"World",NA,NA,"Edible roots and tubers with high starch or inulin content","Gross Production Value (constant 2014-2016 thousand US$)","1000 USD",2020,5059890,"Taro","no"
NA,"World",NA,NA,"Edible roots and tubers with high starch or inulin content","Gross Production Value (constant 2014-2016 thousand US$)","1000 USD",2021,5139394,"Taro","no"
NA,"World",NA,NA,"Edible roots and tubers with high starch or inulin content","Gross Production Value (constant 2014-2016 thousand US$)","1000 USD",2022,5220189,"Taro","no"
NA,"World",NA,NA,"Edible roots and tubers with high starch or inulin content","Gross Production Value (constant 2014-2016 thousand US$)","1000 USD",2023,5244413,"Taro","no"
NA,"World",NA,NA,"Stimulant, spice and aromatic crops","Gross Production Value (constant 2014-2016 thousand I$)","1000 Int$",1992,19988621,"Tea leaves","no"
NA,"World",NA,NA,"Stimulant, spice and aromatic crops","Gross Production Value (constant 2014-2016 thousand I$)","1000 Int$",1993,20646878,"Tea leaves","no"
NA,"World",NA,NA,"Stimulant, spice and aromatic crops","Gross Production Value (constant 2014-2016 thousand I$)","1000 Int$",1994,21074342,"Tea leaves","no"
NA,"World",NA,NA,"Stimulant, spice and aromatic crops","Gross Production Value (constant 2014-2016 thousand I$)","1000 Int$",1995,21168969,"Tea leaves","no"
NA,"World",NA,NA,"Stimulant, spice and aromatic crops","Gross Production Value (constant 2014-2016 thousand I$)","1000 Int$",1996,22096623,"Tea leaves","no"
NA,"World",NA,NA,"Stimulant, spice and aromatic crops","Gross Production Value (constant 2014-2016 thousand I$)","1000 Int$",1997,22784680,"Tea leaves","no"
NA,"World",NA,NA,"Stimulant, spice and aromatic crops","Gross Production Value (constant 2014-2016 thousand I$)","1000 Int$",1998,24705334,"Tea leaves","no"
NA,"World",NA,NA,"Stimulant, spice and aromatic crops","Gross Production Value (constant 2014-2016 thousand I$)","1000 Int$",1999,25421927,"Tea leaves","no"
NA,"World",NA,NA,"Stimulant, spice and aromatic crops","Gross Production Value (constant 2014-2016 thousand I$)","1000 Int$",2000,24518389,"Tea leaves","no"
NA,"World",NA,NA,"Stimulant, spice and aromatic crops","Gross Production Value (constant 2014-2016 thousand I$)","1000 Int$",2001,25567699,"Tea leaves","no"
NA,"World",NA,NA,"Stimulant, spice and aromatic crops","Gross Production Value (constant 2014-2016 thousand I$)","1000 Int$",2002,26184763,"Tea leaves","no"
NA,"World",NA,NA,"Stimulant, spice and aromatic crops","Gross Production Value (constant 2014-2016 thousand I$)","1000 Int$",2003,26668262,"Tea leaves","no"
NA,"World",NA,NA,"Stimulant, spice and aromatic crops","Gross Production Value (constant 2014-2016 thousand I$)","1000 Int$",2004,28397022,"Tea leaves","no"
NA,"World",NA,NA,"Stimulant, spice and aromatic crops","Gross Production Value (constant 2014-2016 thousand I$)","1000 Int$",2005,29936838,"Tea leaves","no"
NA,"World",NA,NA,"Stimulant, spice and aromatic crops","Gross Production Value (constant 2014-2016 thousand I$)","1000 Int$",2006,30431734,"Tea leaves","no"
NA,"World",NA,NA,"Stimulant, spice and aromatic crops","Gross Production Value (constant 2014-2016 thousand I$)","1000 Int$",2007,32724466,"Tea leaves","no"
NA,"World",NA,NA,"Stimulant, spice and aromatic crops","Gross Production Value (constant 2014-2016 thousand I$)","1000 Int$",2008,33455399,"Tea leaves","no"
NA,"World",NA,NA,"Stimulant, spice and aromatic crops","Gross Production Value (constant 2014-2016 thousand I$)","1000 Int$",2009,33755674,"Tea leaves","no"
NA,"World",NA,NA,"Stimulant, spice and aromatic crops","Gross Production Value (constant 2014-2016 thousand I$)","1000 Int$",2010,37691819,"Tea leaves","no"
NA,"World",NA,NA,"Stimulant, spice and aromatic crops","Gross Production Value (constant 2014-2016 thousand I$)","1000 Int$",2011,39652923,"Tea leaves","no"
NA,"World",NA,NA,"Stimulant, spice and aromatic crops","Gross Production Value (constant 2014-2016 thousand I$)","1000 Int$",2012,41443141,"Tea leaves","no"
NA,"World",NA,NA,"Stimulant, spice and aromatic crops","Gross Production Value (constant 2014-2016 thousand I$)","1000 Int$",2013,43836529,"Tea leaves","no"
NA,"World",NA,NA,"Stimulant, spice and aromatic crops","Gross Production Value (constant 2014-2016 thousand I$)","1000 Int$",2014,45786708,"Tea leaves","no"
NA,"World",NA,NA,"Stimulant, spice and aromatic crops","Gross Production Value (constant 2014-2016 thousand I$)","1000 Int$",2015,47259394,"Tea leaves","no"
NA,"World",NA,NA,"Stimulant, spice and aromatic crops","Gross Production Value (constant 2014-2016 thousand I$)","1000 Int$",2016,48058395,"Tea leaves","no"
NA,"World",NA,NA,"Stimulant, spice and aromatic crops","Gross Production Value (constant 2014-2016 thousand I$)","1000 Int$",2017,49906995,"Tea leaves","no"
NA,"World",NA,NA,"Stimulant, spice and aromatic crops","Gross Production Value (constant 2014-2016 thousand I$)","1000 Int$",2018,52252729,"Tea leaves","no"
NA,"World",NA,NA,"Stimulant, spice and aromatic crops","Gross Production Value (constant 2014-2016 thousand I$)","1000 Int$",2019,53490995,"Tea leaves","no"
NA,"World",NA,NA,"Stimulant, spice and aromatic crops","Gross Production Value (constant 2014-2016 thousand I$)","1000 Int$",2020,56109151,"Tea leaves","no"
NA,"World",NA,NA,"Stimulant, spice and aromatic crops","Gross Production Value (constant 2014-2016 thousand I$)","1000 Int$",2021,58786150,"Tea leaves","no"
NA,"World",NA,NA,"Stimulant, spice and aromatic crops","Gross Production Value (constant 2014-2016 thousand I$)","1000 Int$",2022,59603252,"Tea leaves","no"
NA,"World",NA,NA,"Stimulant, spice and aromatic crops","Gross Production Value (constant 2014-2016 thousand I$)","1000 Int$",2023,62098081,"Tea leaves","no"
NA,"World",NA,NA,"Stimulant, spice and aromatic crops","Gross Production Value (constant 2014-2016 thousand US$)","1000 USD",1992,23119157,"Tea leaves","no"
NA,"World",NA,NA,"Stimulant, spice and aromatic crops","Gross Production Value (constant 2014-2016 thousand US$)","1000 USD",1993,24298131,"Tea leaves","no"
NA,"World",NA,NA,"Stimulant, spice and aromatic crops","Gross Production Value (constant 2014-2016 thousand US$)","1000 USD",1994,24321237,"Tea leaves","no"
NA,"World",NA,NA,"Stimulant, spice and aromatic crops","Gross Production Value (constant 2014-2016 thousand US$)","1000 USD",1995,24360258,"Tea leaves","no"
NA,"World",NA,NA,"Stimulant, spice and aromatic crops","Gross Production Value (constant 2014-2016 thousand US$)","1000 USD",1996,24825260,"Tea leaves","no"
NA,"World",NA,NA,"Stimulant, spice and aromatic crops","Gross Production Value (constant 2014-2016 thousand US$)","1000 USD",1997,25197000,"Tea leaves","no"
NA,"World",NA,NA,"Stimulant, spice and aromatic crops","Gross Production Value (constant 2014-2016 thousand US$)","1000 USD",1998,26962706,"Tea leaves","no"
NA,"World",NA,NA,"Stimulant, spice and aromatic crops","Gross Production Value (constant 2014-2016 thousand US$)","1000 USD",1999,27474975,"Tea leaves","no"
NA,"World",NA,NA,"Stimulant, spice and aromatic crops","Gross Production Value (constant 2014-2016 thousand US$)","1000 USD",2000,26591268,"Tea leaves","no"
NA,"World",NA,NA,"Stimulant, spice and aromatic crops","Gross Production Value (constant 2014-2016 thousand US$)","1000 USD",2001,27729792,"Tea leaves","no"
NA,"World",NA,NA,"Stimulant, spice and aromatic crops","Gross Production Value (constant 2014-2016 thousand US$)","1000 USD",2002,28628219,"Tea leaves","no"
NA,"World",NA,NA,"Stimulant, spice and aromatic crops","Gross Production Value (constant 2014-2016 thousand US$)","1000 USD",2003,29713273,"Tea leaves","no"
NA,"World",NA,NA,"Stimulant, spice and aromatic crops","Gross Production Value (constant 2014-2016 thousand US$)","1000 USD",2004,32216985,"Tea leaves","no"
NA,"World",NA,NA,"Stimulant, spice and aromatic crops","Gross Production Value (constant 2014-2016 thousand US$)","1000 USD",2005,34591668,"Tea leaves","no"
NA,"World",NA,NA,"Stimulant, spice and aromatic crops","Gross Production Value (constant 2014-2016 thousand US$)","1000 USD",2006,35702554,"Tea leaves","no"
NA,"World",NA,NA,"Stimulant, spice and aromatic crops","Gross Production Value (constant 2014-2016 thousand US$)","1000 USD",2007,39551907,"Tea leaves","no"
NA,"World",NA,NA,"Stimulant, spice and aromatic crops","Gross Production Value (constant 2014-2016 thousand US$)","1000 USD",2008,41472087,"Tea leaves","no"
NA,"World",NA,NA,"Stimulant, spice and aromatic crops","Gross Production Value (constant 2014-2016 thousand US$)","1000 USD",2009,42656179,"Tea leaves","no"
NA,"World",NA,NA,"Stimulant, spice and aromatic crops","Gross Production Value (constant 2014-2016 thousand US$)","1000 USD",2010,47363902,"Tea leaves","no"
NA,"World",NA,NA,"Stimulant, spice and aromatic crops","Gross Production Value (constant 2014-2016 thousand US$)","1000 USD",2011,51074896,"Tea leaves","no"
NA,"World",NA,NA,"Stimulant, spice and aromatic crops","Gross Production Value (constant 2014-2016 thousand US$)","1000 USD",2012,54706206,"Tea leaves","no"
NA,"World",NA,NA,"Stimulant, spice and aromatic crops","Gross Production Value (constant 2014-2016 thousand US$)","1000 USD",2013,58482593,"Tea leaves","no"
NA,"World",NA,NA,"Stimulant, spice and aromatic crops","Gross Production Value (constant 2014-2016 thousand US$)","1000 USD",2014,62406582,"Tea leaves","no"
NA,"World",NA,NA,"Stimulant, spice and aromatic crops","Gross Production Value (constant 2014-2016 thousand US$)","1000 USD",2015,65873095,"Tea leaves","no"
NA,"World",NA,NA,"Stimulant, spice and aromatic crops","Gross Production Value (constant 2014-2016 thousand US$)","1000 USD",2016,67569174,"Tea leaves","no"
NA,"World",NA,NA,"Stimulant, spice and aromatic crops","Gross Production Value (constant 2014-2016 thousand US$)","1000 USD",2017,70735671,"Tea leaves","no"
NA,"World",NA,NA,"Stimulant, spice and aromatic crops","Gross Production Value (constant 2014-2016 thousand US$)","1000 USD",2018,75096398,"Tea leaves","no"
NA,"World",NA,NA,"Stimulant, spice and aromatic crops","Gross Production Value (constant 2014-2016 thousand US$)","1000 USD",2019,78497393,"Tea leaves","no"
NA,"World",NA,NA,"Stimulant, spice and aromatic crops","Gross Production Value (constant 2014-2016 thousand US$)","1000 USD",2020,83579646,"Tea leaves","no"
NA,"World",NA,NA,"Stimulant, spice and aromatic crops","Gross Production Value (constant 2014-2016 thousand US$)","1000 USD",2021,87507781,"Tea leaves","no"
NA,"World",NA,NA,"Stimulant, spice and aromatic crops","Gross Production Value (constant 2014-2016 thousand US$)","1000 USD",2022,90791823,"Tea leaves","no"
NA,"World",NA,NA,"Stimulant, spice and aromatic crops","Gross Production Value (constant 2014-2016 thousand US$)","1000 USD",2023,96168735,"Tea leaves","no"
NA,"World",NA,NA,"Vegetables","Gross Production Value (constant 2014-2016 thousand I$)","1000 Int$",1992,32997658,"Tomatoes","no"
NA,"World",NA,NA,"Vegetables","Gross Production Value (constant 2014-2016 thousand I$)","1000 Int$",1993,35290444,"Tomatoes","no"
NA,"World",NA,NA,"Vegetables","Gross Production Value (constant 2014-2016 thousand I$)","1000 Int$",1994,38885645,"Tomatoes","no"
NA,"World",NA,NA,"Vegetables","Gross Production Value (constant 2014-2016 thousand I$)","1000 Int$",1995,40785038,"Tomatoes","no"
NA,"World",NA,NA,"Vegetables","Gross Production Value (constant 2014-2016 thousand I$)","1000 Int$",1996,43866687,"Tomatoes","no"
NA,"World",NA,NA,"Vegetables","Gross Production Value (constant 2014-2016 thousand I$)","1000 Int$",1997,42360397,"Tomatoes","no"
NA,"World",NA,NA,"Vegetables","Gross Production Value (constant 2014-2016 thousand I$)","1000 Int$",1998,45307675,"Tomatoes","no"
NA,"World",NA,NA,"Vegetables","Gross Production Value (constant 2014-2016 thousand I$)","1000 Int$",1999,51932170,"Tomatoes","no"
NA,"World",NA,NA,"Vegetables","Gross Production Value (constant 2014-2016 thousand I$)","1000 Int$",2000,52098368,"Tomatoes","no"
NA,"World",NA,NA,"Vegetables","Gross Production Value (constant 2014-2016 thousand I$)","1000 Int$",2001,50902710,"Tomatoes","no"
NA,"World",NA,NA,"Vegetables","Gross Production Value (constant 2014-2016 thousand I$)","1000 Int$",2002,55228324,"Tomatoes","no"
NA,"World",NA,NA,"Vegetables","Gross Production Value (constant 2014-2016 thousand I$)","1000 Int$",2003,56420947,"Tomatoes","no"
NA,"World",NA,NA,"Vegetables","Gross Production Value (constant 2014-2016 thousand I$)","1000 Int$",2004,60620372,"Tomatoes","no"
NA,"World",NA,NA,"Vegetables","Gross Production Value (constant 2014-2016 thousand I$)","1000 Int$",2005,61301531,"Tomatoes","no"
NA,"World",NA,NA,"Vegetables","Gross Production Value (constant 2014-2016 thousand I$)","1000 Int$",2006,62316613,"Tomatoes","no"
NA,"World",NA,NA,"Vegetables","Gross Production Value (constant 2014-2016 thousand I$)","1000 Int$",2007,65519831,"Tomatoes","no"
NA,"World",NA,NA,"Vegetables","Gross Production Value (constant 2014-2016 thousand I$)","1000 Int$",2008,67617620,"Tomatoes","no"
NA,"World",NA,NA,"Vegetables","Gross Production Value (constant 2014-2016 thousand I$)","1000 Int$",2009,74141051,"Tomatoes","no"
NA,"World",NA,NA,"Vegetables","Gross Production Value (constant 2014-2016 thousand I$)","1000 Int$",2010,73316416,"Tomatoes","no"
NA,"World",NA,NA,"Vegetables","Gross Production Value (constant 2014-2016 thousand I$)","1000 Int$",2011,76337622,"Tomatoes","no"
NA,"World",NA,NA,"Vegetables","Gross Production Value (constant 2014-2016 thousand I$)","1000 Int$",2012,78148796,"Tomatoes","no"
NA,"World",NA,NA,"Vegetables","Gross Production Value (constant 2014-2016 thousand I$)","1000 Int$",2013,79177276,"Tomatoes","no"
NA,"World",NA,NA,"Vegetables","Gross Production Value (constant 2014-2016 thousand I$)","1000 Int$",2014,83710637,"Tomatoes","no"
NA,"World",NA,NA,"Vegetables","Gross Production Value (constant 2014-2016 thousand I$)","1000 Int$",2015,84573558,"Tomatoes","no"
NA,"World",NA,NA,"Vegetables","Gross Production Value (constant 2014-2016 thousand I$)","1000 Int$",2016,85025806,"Tomatoes","no"
NA,"World",NA,NA,"Vegetables","Gross Production Value (constant 2014-2016 thousand I$)","1000 Int$",2017,85523901,"Tomatoes","no"
NA,"World",NA,NA,"Vegetables","Gross Production Value (constant 2014-2016 thousand I$)","1000 Int$",2018,86567494,"Tomatoes","no"
NA,"World",NA,NA,"Vegetables","Gross Production Value (constant 2014-2016 thousand I$)","1000 Int$",2019,86503137,"Tomatoes","no"
NA,"World",NA,NA,"Vegetables","Gross Production Value (constant 2014-2016 thousand I$)","1000 Int$",2020,88727930,"Tomatoes","no"
NA,"World",NA,NA,"Vegetables","Gross Production Value (constant 2014-2016 thousand I$)","1000 Int$",2021,90482820,"Tomatoes","no"
NA,"World",NA,NA,"Vegetables","Gross Production Value (constant 2014-2016 thousand I$)","1000 Int$",2022,88770004,"Tomatoes","no"
NA,"World",NA,NA,"Vegetables","Gross Production Value (constant 2014-2016 thousand I$)","1000 Int$",2023,91478896,"Tomatoes","no"
NA,"World",NA,NA,"Vegetables","Gross Production Value (constant 2014-2016 thousand US$)","1000 USD",1992,40908680,"Tomatoes","no"
NA,"World",NA,NA,"Vegetables","Gross Production Value (constant 2014-2016 thousand US$)","1000 USD",1993,43998008,"Tomatoes","no"
NA,"World",NA,NA,"Vegetables","Gross Production Value (constant 2014-2016 thousand US$)","1000 USD",1994,48656021,"Tomatoes","no"
NA,"World",NA,NA,"Vegetables","Gross Production Value (constant 2014-2016 thousand US$)","1000 USD",1995,50430374,"Tomatoes","no"
NA,"World",NA,NA,"Vegetables","Gross Production Value (constant 2014-2016 thousand US$)","1000 USD",1996,53328328,"Tomatoes","no"
NA,"World",NA,NA,"Vegetables","Gross Production Value (constant 2014-2016 thousand US$)","1000 USD",1997,50837579,"Tomatoes","no"
NA,"World",NA,NA,"Vegetables","Gross Production Value (constant 2014-2016 thousand US$)","1000 USD",1998,53427984,"Tomatoes","no"
NA,"World",NA,NA,"Vegetables","Gross Production Value (constant 2014-2016 thousand US$)","1000 USD",1999,61215768,"Tomatoes","no"
NA,"World",NA,NA,"Vegetables","Gross Production Value (constant 2014-2016 thousand US$)","1000 USD",2000,61305415,"Tomatoes","no"
NA,"World",NA,NA,"Vegetables","Gross Production Value (constant 2014-2016 thousand US$)","1000 USD",2001,59577312,"Tomatoes","no"
NA,"World",NA,NA,"Vegetables","Gross Production Value (constant 2014-2016 thousand US$)","1000 USD",2002,64304282,"Tomatoes","no"
NA,"World",NA,NA,"Vegetables","Gross Production Value (constant 2014-2016 thousand US$)","1000 USD",2003,64774342,"Tomatoes","no"
NA,"World",NA,NA,"Vegetables","Gross Production Value (constant 2014-2016 thousand US$)","1000 USD",2004,70985827,"Tomatoes","no"
NA,"World",NA,NA,"Vegetables","Gross Production Value (constant 2014-2016 thousand US$)","1000 USD",2005,69912026,"Tomatoes","no"
NA,"World",NA,NA,"Vegetables","Gross Production Value (constant 2014-2016 thousand US$)","1000 USD",2006,70084192,"Tomatoes","no"
NA,"World",NA,NA,"Vegetables","Gross Production Value (constant 2014-2016 thousand US$)","1000 USD",2007,73730266,"Tomatoes","no"
NA,"World",NA,NA,"Vegetables","Gross Production Value (constant 2014-2016 thousand US$)","1000 USD",2008,75610316,"Tomatoes","no"
NA,"World",NA,NA,"Vegetables","Gross Production Value (constant 2014-2016 thousand US$)","1000 USD",2009,82719184,"Tomatoes","no"
NA,"World",NA,NA,"Vegetables","Gross Production Value (constant 2014-2016 thousand US$)","1000 USD",2010,80921610,"Tomatoes","no"
NA,"World",NA,NA,"Vegetables","Gross Production Value (constant 2014-2016 thousand US$)","1000 USD",2011,83375281,"Tomatoes","no"
NA,"World",NA,NA,"Vegetables","Gross Production Value (constant 2014-2016 thousand US$)","1000 USD",2012,85131003,"Tomatoes","no"
NA,"World",NA,NA,"Vegetables","Gross Production Value (constant 2014-2016 thousand US$)","1000 USD",2013,86241035,"Tomatoes","no"
NA,"World",NA,NA,"Vegetables","Gross Production Value (constant 2014-2016 thousand US$)","1000 USD",2014,92344805,"Tomatoes","no"
NA,"World",NA,NA,"Vegetables","Gross Production Value (constant 2014-2016 thousand US$)","1000 USD",2015,93300667,"Tomatoes","no"
NA,"World",NA,NA,"Vegetables","Gross Production Value (constant 2014-2016 thousand US$)","1000 USD",2016,91788071,"Tomatoes","no"
NA,"World",NA,NA,"Vegetables","Gross Production Value (constant 2014-2016 thousand US$)","1000 USD",2017,91723571,"Tomatoes","no"
NA,"World",NA,NA,"Vegetables","Gross Production Value (constant 2014-2016 thousand US$)","1000 USD",2018,93805025,"Tomatoes","no"
NA,"World",NA,NA,"Vegetables","Gross Production Value (constant 2014-2016 thousand US$)","1000 USD",2019,93315556,"Tomatoes","no"
NA,"World",NA,NA,"Vegetables","Gross Production Value (constant 2014-2016 thousand US$)","1000 USD",2020,96234289,"Tomatoes","no"
NA,"World",NA,NA,"Vegetables","Gross Production Value (constant 2014-2016 thousand US$)","1000 USD",2021,98216043,"Tomatoes","no"
NA,"World",NA,NA,"Vegetables","Gross Production Value (constant 2014-2016 thousand US$)","1000 USD",2022,96537585,"Tomatoes","no"
NA,"World",NA,NA,"Vegetables","Gross Production Value (constant 2014-2016 thousand US$)","1000 USD",2023,100012211,"Tomatoes","no"
NA,"World",NA,NA,"Cereals","Gross Production Value (constant 2014-2016 thousand I$)","1000 Int$",1992,817249,"Triticale","no"
NA,"World",NA,NA,"Cereals","Gross Production Value (constant 2014-2016 thousand I$)","1000 Int$",1993,950230,"Triticale","no"
NA,"World",NA,NA,"Cereals","Gross Production Value (constant 2014-2016 thousand I$)","1000 Int$",1994,934808,"Triticale","no"
NA,"World",NA,NA,"Cereals","Gross Production Value (constant 2014-2016 thousand I$)","1000 Int$",1995,1141992,"Triticale","no"
NA,"World",NA,NA,"Cereals","Gross Production Value (constant 2014-2016 thousand I$)","1000 Int$",1996,1402990,"Triticale","no"
NA,"World",NA,NA,"Cereals","Gross Production Value (constant 2014-2016 thousand I$)","1000 Int$",1997,1542928,"Triticale","no"
NA,"World",NA,NA,"Cereals","Gross Production Value (constant 2014-2016 thousand I$)","1000 Int$",1998,1688272,"Triticale","no"
NA,"World",NA,NA,"Cereals","Gross Production Value (constant 2014-2016 thousand I$)","1000 Int$",1999,1601953,"Triticale","no"
NA,"World",NA,NA,"Cereals","Gross Production Value (constant 2014-2016 thousand I$)","1000 Int$",2000,1753118,"Triticale","no"
NA,"World",NA,NA,"Cereals","Gross Production Value (constant 2014-2016 thousand I$)","1000 Int$",2001,2100646,"Triticale","no"
NA,"World",NA,NA,"Cereals","Gross Production Value (constant 2014-2016 thousand I$)","1000 Int$",2002,2321397,"Triticale","no"
NA,"World",NA,NA,"Cereals","Gross Production Value (constant 2014-2016 thousand I$)","1000 Int$",2003,2041177,"Triticale","no"
NA,"World",NA,NA,"Cereals","Gross Production Value (constant 2014-2016 thousand I$)","1000 Int$",2004,2763148,"Triticale","no"
NA,"World",NA,NA,"Cereals","Gross Production Value (constant 2014-2016 thousand I$)","1000 Int$",2005,2583079,"Triticale","no"
NA,"World",NA,NA,"Cereals","Gross Production Value (constant 2014-2016 thousand I$)","1000 Int$",2006,2287813,"Triticale","no"
NA,"World",NA,NA,"Cereals","Gross Production Value (constant 2014-2016 thousand I$)","1000 Int$",2007,2352257,"Triticale","no"
NA,"World",NA,NA,"Cereals","Gross Production Value (constant 2014-2016 thousand I$)","1000 Int$",2008,2763065,"Triticale","no"
NA,"World",NA,NA,"Cereals","Gross Production Value (constant 2014-2016 thousand I$)","1000 Int$",2009,3039458,"Triticale","no"
NA,"World",NA,NA,"Cereals","Gross Production Value (constant 2014-2016 thousand I$)","1000 Int$",2010,2666054,"Triticale","no"
NA,"World",NA,NA,"Cereals","Gross Production Value (constant 2014-2016 thousand I$)","1000 Int$",2011,2630464,"Triticale","no"
NA,"World",NA,NA,"Cereals","Gross Production Value (constant 2014-2016 thousand I$)","1000 Int$",2012,2648855,"Triticale","no"
NA,"World",NA,NA,"Cereals","Gross Production Value (constant 2014-2016 thousand I$)","1000 Int$",2013,2806408,"Triticale","no"
NA,"World",NA,NA,"Cereals","Gross Production Value (constant 2014-2016 thousand I$)","1000 Int$",2014,3295153,"Triticale","no"
NA,"World",NA,NA,"Cereals","Gross Production Value (constant 2014-2016 thousand I$)","1000 Int$",2015,3172357,"Triticale","no"
NA,"World",NA,NA,"Cereals","Gross Production Value (constant 2014-2016 thousand I$)","1000 Int$",2016,2956767,"Triticale","no"
NA,"World",NA,NA,"Cereals","Gross Production Value (constant 2014-2016 thousand I$)","1000 Int$",2017,2902119,"Triticale","no"
NA,"World",NA,NA,"Cereals","Gross Production Value (constant 2014-2016 thousand I$)","1000 Int$",2018,2393978,"Triticale","no"
NA,"World",NA,NA,"Cereals","Gross Production Value (constant 2014-2016 thousand I$)","1000 Int$",2019,2727240,"Triticale","no"
NA,"World",NA,NA,"Cereals","Gross Production Value (constant 2014-2016 thousand I$)","1000 Int$",2020,2983534,"Triticale","no"
NA,"World",NA,NA,"Cereals","Gross Production Value (constant 2014-2016 thousand I$)","1000 Int$",2021,2751902,"Triticale","no"
NA,"World",NA,NA,"Cereals","Gross Production Value (constant 2014-2016 thousand I$)","1000 Int$",2022,2729589,"Triticale","no"
NA,"World",NA,NA,"Cereals","Gross Production Value (constant 2014-2016 thousand I$)","1000 Int$",2023,2678576,"Triticale","no"
NA,"World",NA,NA,"Cereals","Gross Production Value (constant 2014-2016 thousand US$)","1000 USD",1992,683882,"Triticale","no"
NA,"World",NA,NA,"Cereals","Gross Production Value (constant 2014-2016 thousand US$)","1000 USD",1993,809411,"Triticale","no"
NA,"World",NA,NA,"Cereals","Gross Production Value (constant 2014-2016 thousand US$)","1000 USD",1994,793732,"Triticale","no"
NA,"World",NA,NA,"Cereals","Gross Production Value (constant 2014-2016 thousand US$)","1000 USD",1995,961674,"Triticale","no"
NA,"World",NA,NA,"Cereals","Gross Production Value (constant 2014-2016 thousand US$)","1000 USD",1996,1195496,"Triticale","no"
NA,"World",NA,NA,"Cereals","Gross Production Value (constant 2014-2016 thousand US$)","1000 USD",1997,1326898,"Triticale","no"
NA,"World",NA,NA,"Cereals","Gross Production Value (constant 2014-2016 thousand US$)","1000 USD",1998,1451309,"Triticale","no"
NA,"World",NA,NA,"Cereals","Gross Production Value (constant 2014-2016 thousand US$)","1000 USD",1999,1393778,"Triticale","no"
NA,"World",NA,NA,"Cereals","Gross Production Value (constant 2014-2016 thousand US$)","1000 USD",2000,1549956,"Triticale","no"
NA,"World",NA,NA,"Cereals","Gross Production Value (constant 2014-2016 thousand US$)","1000 USD",2001,1881077,"Triticale","no"
NA,"World",NA,NA,"Cereals","Gross Production Value (constant 2014-2016 thousand US$)","1000 USD",2002,2101887,"Triticale","no"
NA,"World",NA,NA,"Cereals","Gross Production Value (constant 2014-2016 thousand US$)","1000 USD",2003,1848666,"Triticale","no"
NA,"World",NA,NA,"Cereals","Gross Production Value (constant 2014-2016 thousand US$)","1000 USD",2004,2421489,"Triticale","no"
NA,"World",NA,NA,"Cereals","Gross Production Value (constant 2014-2016 thousand US$)","1000 USD",2005,2252832,"Triticale","no"
NA,"World",NA,NA,"Cereals","Gross Production Value (constant 2014-2016 thousand US$)","1000 USD",2006,2014874,"Triticale","no"
NA,"World",NA,NA,"Cereals","Gross Production Value (constant 2014-2016 thousand US$)","1000 USD",2007,2010493,"Triticale","no"
NA,"World",NA,NA,"Cereals","Gross Production Value (constant 2014-2016 thousand US$)","1000 USD",2008,2331679,"Triticale","no"
NA,"World",NA,NA,"Cereals","Gross Production Value (constant 2014-2016 thousand US$)","1000 USD",2009,2466991,"Triticale","no"
NA,"World",NA,NA,"Cereals","Gross Production Value (constant 2014-2016 thousand US$)","1000 USD",2010,2235017,"Triticale","no"
NA,"World",NA,NA,"Cereals","Gross Production Value (constant 2014-2016 thousand US$)","1000 USD",2011,2191507,"Triticale","no"
NA,"World",NA,NA,"Cereals","Gross Production Value (constant 2014-2016 thousand US$)","1000 USD",2012,2176305,"Triticale","no"
NA,"World",NA,NA,"Cereals","Gross Production Value (constant 2014-2016 thousand US$)","1000 USD",2013,2307155,"Triticale","no"
NA,"World",NA,NA,"Cereals","Gross Production Value (constant 2014-2016 thousand US$)","1000 USD",2014,2655721,"Triticale","no"
NA,"World",NA,NA,"Cereals","Gross Production Value (constant 2014-2016 thousand US$)","1000 USD",2015,2577776,"Triticale","no"
NA,"World",NA,NA,"Cereals","Gross Production Value (constant 2014-2016 thousand US$)","1000 USD",2016,2415403,"Triticale","no"
NA,"World",NA,NA,"Cereals","Gross Production Value (constant 2014-2016 thousand US$)","1000 USD",2017,2371326,"Triticale","no"
NA,"World",NA,NA,"Cereals","Gross Production Value (constant 2014-2016 thousand US$)","1000 USD",2018,2002563,"Triticale","no"
NA,"World",NA,NA,"Cereals","Gross Production Value (constant 2014-2016 thousand US$)","1000 USD",2019,2274587,"Triticale","no"
NA,"World",NA,NA,"Cereals","Gross Production Value (constant 2014-2016 thousand US$)","1000 USD",2020,2487419,"Triticale","no"
NA,"World",NA,NA,"Cereals","Gross Production Value (constant 2014-2016 thousand US$)","1000 USD",2021,2308715,"Triticale","no"
NA,"World",NA,NA,"Cereals","Gross Production Value (constant 2014-2016 thousand US$)","1000 USD",2022,2291423,"Triticale","no"
NA,"World",NA,NA,"Cereals","Gross Production Value (constant 2014-2016 thousand US$)","1000 USD",2023,2224406,"Triticale","no"
NA,"World",NA,NA,"Forage products; fibre crops; plants used in perfumery, pharmacy, or for insecticidal, fungicidal or similar purposes; beet, forage plant and flower seeds; natural rubber; living plants, cut flowers and flower buds; unmanufactured tobacco; other raw vegetable materials","Gross Production Value (constant 2014-2016 thousand I$)","1000 Int$",1992,46299,"True hemp or retted","no"
NA,"World",NA,NA,"Forage products; fibre crops; plants used in perfumery, pharmacy, or for insecticidal, fungicidal or similar purposes; beet, forage plant and flower seeds; natural rubber; living plants, cut flowers and flower buds; unmanufactured tobacco; other raw vegetable materials","Gross Production Value (constant 2014-2016 thousand I$)","1000 Int$",1993,52498,"True hemp or retted","no"
NA,"World",NA,NA,"Forage products; fibre crops; plants used in perfumery, pharmacy, or for insecticidal, fungicidal or similar purposes; beet, forage plant and flower seeds; natural rubber; living plants, cut flowers and flower buds; unmanufactured tobacco; other raw vegetable materials","Gross Production Value (constant 2014-2016 thousand I$)","1000 Int$",1994,47259,"True hemp or retted","no"
NA,"World",NA,NA,"Forage products; fibre crops; plants used in perfumery, pharmacy, or for insecticidal, fungicidal or similar purposes; beet, forage plant and flower seeds; natural rubber; living plants, cut flowers and flower buds; unmanufactured tobacco; other raw vegetable materials","Gross Production Value (constant 2014-2016 thousand I$)","1000 Int$",1995,46862,"True hemp or retted","no"
NA,"World",NA,NA,"Forage products; fibre crops; plants used in perfumery, pharmacy, or for insecticidal, fungicidal or similar purposes; beet, forage plant and flower seeds; natural rubber; living plants, cut flowers and flower buds; unmanufactured tobacco; other raw vegetable materials","Gross Production Value (constant 2014-2016 thousand I$)","1000 Int$",1996,52299,"True hemp or retted","no"
NA,"World",NA,NA,"Forage products; fibre crops; plants used in perfumery, pharmacy, or for insecticidal, fungicidal or similar purposes; beet, forage plant and flower seeds; natural rubber; living plants, cut flowers and flower buds; unmanufactured tobacco; other raw vegetable materials","Gross Production Value (constant 2014-2016 thousand I$)","1000 Int$",1997,74576,"True hemp or retted","no"
NA,"World",NA,NA,"Forage products; fibre crops; plants used in perfumery, pharmacy, or for insecticidal, fungicidal or similar purposes; beet, forage plant and flower seeds; natural rubber; living plants, cut flowers and flower buds; unmanufactured tobacco; other raw vegetable materials","Gross Production Value (constant 2014-2016 thousand I$)","1000 Int$",1998,66227,"True hemp or retted","no"
NA,"World",NA,NA,"Forage products; fibre crops; plants used in perfumery, pharmacy, or for insecticidal, fungicidal or similar purposes; beet, forage plant and flower seeds; natural rubber; living plants, cut flowers and flower buds; unmanufactured tobacco; other raw vegetable materials","Gross Production Value (constant 2014-2016 thousand I$)","1000 Int$",1999,67624,"True hemp or retted","no"
NA,"World",NA,NA,"Forage products; fibre crops; plants used in perfumery, pharmacy, or for insecticidal, fungicidal or similar purposes; beet, forage plant and flower seeds; natural rubber; living plants, cut flowers and flower buds; unmanufactured tobacco; other raw vegetable materials","Gross Production Value (constant 2014-2016 thousand I$)","1000 Int$",2000,56646,"True hemp or retted","no"
NA,"World",NA,NA,"Forage products; fibre crops; plants used in perfumery, pharmacy, or for insecticidal, fungicidal or similar purposes; beet, forage plant and flower seeds; natural rubber; living plants, cut flowers and flower buds; unmanufactured tobacco; other raw vegetable materials","Gross Production Value (constant 2014-2016 thousand I$)","1000 Int$",2001,52028,"True hemp or retted","no"
NA,"World",NA,NA,"Forage products; fibre crops; plants used in perfumery, pharmacy, or for insecticidal, fungicidal or similar purposes; beet, forage plant and flower seeds; natural rubber; living plants, cut flowers and flower buds; unmanufactured tobacco; other raw vegetable materials","Gross Production Value (constant 2014-2016 thousand I$)","1000 Int$",2002,67744,"True hemp or retted","no"
NA,"World",NA,NA,"Forage products; fibre crops; plants used in perfumery, pharmacy, or for insecticidal, fungicidal or similar purposes; beet, forage plant and flower seeds; natural rubber; living plants, cut flowers and flower buds; unmanufactured tobacco; other raw vegetable materials","Gross Production Value (constant 2014-2016 thousand I$)","1000 Int$",2003,70867,"True hemp or retted","no"
NA,"World",NA,NA,"Forage products; fibre crops; plants used in perfumery, pharmacy, or for insecticidal, fungicidal or similar purposes; beet, forage plant and flower seeds; natural rubber; living plants, cut flowers and flower buds; unmanufactured tobacco; other raw vegetable materials","Gross Production Value (constant 2014-2016 thousand I$)","1000 Int$",2004,63526,"True hemp or retted","no"
NA,"World",NA,NA,"Forage products; fibre crops; plants used in perfumery, pharmacy, or for insecticidal, fungicidal or similar purposes; beet, forage plant and flower seeds; natural rubber; living plants, cut flowers and flower buds; unmanufactured tobacco; other raw vegetable materials","Gross Production Value (constant 2014-2016 thousand I$)","1000 Int$",2005,70865,"True hemp or retted","no"
NA,"World",NA,NA,"Forage products; fibre crops; plants used in perfumery, pharmacy, or for insecticidal, fungicidal or similar purposes; beet, forage plant and flower seeds; natural rubber; living plants, cut flowers and flower buds; unmanufactured tobacco; other raw vegetable materials","Gross Production Value (constant 2014-2016 thousand I$)","1000 Int$",2006,86368,"True hemp or retted","no"
NA,"World",NA,NA,"Forage products; fibre crops; plants used in perfumery, pharmacy, or for insecticidal, fungicidal or similar purposes; beet, forage plant and flower seeds; natural rubber; living plants, cut flowers and flower buds; unmanufactured tobacco; other raw vegetable materials","Gross Production Value (constant 2014-2016 thousand I$)","1000 Int$",2007,76681,"True hemp or retted","no"
NA,"World",NA,NA,"Forage products; fibre crops; plants used in perfumery, pharmacy, or for insecticidal, fungicidal or similar purposes; beet, forage plant and flower seeds; natural rubber; living plants, cut flowers and flower buds; unmanufactured tobacco; other raw vegetable materials","Gross Production Value (constant 2014-2016 thousand I$)","1000 Int$",2008,63985,"True hemp or retted","no"
NA,"World",NA,NA,"Forage products; fibre crops; plants used in perfumery, pharmacy, or for insecticidal, fungicidal or similar purposes; beet, forage plant and flower seeds; natural rubber; living plants, cut flowers and flower buds; unmanufactured tobacco; other raw vegetable materials","Gross Production Value (constant 2014-2016 thousand I$)","1000 Int$",2009,68045,"True hemp or retted","no"
NA,"World",NA,NA,"Forage products; fibre crops; plants used in perfumery, pharmacy, or for insecticidal, fungicidal or similar purposes; beet, forage plant and flower seeds; natural rubber; living plants, cut flowers and flower buds; unmanufactured tobacco; other raw vegetable materials","Gross Production Value (constant 2014-2016 thousand I$)","1000 Int$",2010,49219,"True hemp or retted","no"
NA,"World",NA,NA,"Forage products; fibre crops; plants used in perfumery, pharmacy, or for insecticidal, fungicidal or similar purposes; beet, forage plant and flower seeds; natural rubber; living plants, cut flowers and flower buds; unmanufactured tobacco; other raw vegetable materials","Gross Production Value (constant 2014-2016 thousand I$)","1000 Int$",2011,48449,"True hemp or retted","no"
NA,"World",NA,NA,"Forage products; fibre crops; plants used in perfumery, pharmacy, or for insecticidal, fungicidal or similar purposes; beet, forage plant and flower seeds; natural rubber; living plants, cut flowers and flower buds; unmanufactured tobacco; other raw vegetable materials","Gross Production Value (constant 2014-2016 thousand I$)","1000 Int$",2012,72985,"True hemp or retted","no"
NA,"World",NA,NA,"Forage products; fibre crops; plants used in perfumery, pharmacy, or for insecticidal, fungicidal or similar purposes; beet, forage plant and flower seeds; natural rubber; living plants, cut flowers and flower buds; unmanufactured tobacco; other raw vegetable materials","Gross Production Value (constant 2014-2016 thousand I$)","1000 Int$",2013,64237,"True hemp or retted","no"
NA,"World",NA,NA,"Forage products; fibre crops; plants used in perfumery, pharmacy, or for insecticidal, fungicidal or similar purposes; beet, forage plant and flower seeds; natural rubber; living plants, cut flowers and flower buds; unmanufactured tobacco; other raw vegetable materials","Gross Production Value (constant 2014-2016 thousand I$)","1000 Int$",2014,39748,"True hemp or retted","no"
NA,"World",NA,NA,"Forage products; fibre crops; plants used in perfumery, pharmacy, or for insecticidal, fungicidal or similar purposes; beet, forage plant and flower seeds; natural rubber; living plants, cut flowers and flower buds; unmanufactured tobacco; other raw vegetable materials","Gross Production Value (constant 2014-2016 thousand I$)","1000 Int$",2015,37868,"True hemp or retted","no"
NA,"World",NA,NA,"Forage products; fibre crops; plants used in perfumery, pharmacy, or for insecticidal, fungicidal or similar purposes; beet, forage plant and flower seeds; natural rubber; living plants, cut flowers and flower buds; unmanufactured tobacco; other raw vegetable materials","Gross Production Value (constant 2014-2016 thousand I$)","1000 Int$",2016,63218,"True hemp or retted","no"
NA,"World",NA,NA,"Forage products; fibre crops; plants used in perfumery, pharmacy, or for insecticidal, fungicidal or similar purposes; beet, forage plant and flower seeds; natural rubber; living plants, cut flowers and flower buds; unmanufactured tobacco; other raw vegetable materials","Gross Production Value (constant 2014-2016 thousand I$)","1000 Int$",2017,88929,"True hemp or retted","no"
NA,"World",NA,NA,"Forage products; fibre crops; plants used in perfumery, pharmacy, or for insecticidal, fungicidal or similar purposes; beet, forage plant and flower seeds; natural rubber; living plants, cut flowers and flower buds; unmanufactured tobacco; other raw vegetable materials","Gross Production Value (constant 2014-2016 thousand I$)","1000 Int$",2018,106040,"True hemp or retted","no"
NA,"World",NA,NA,"Forage products; fibre crops; plants used in perfumery, pharmacy, or for insecticidal, fungicidal or similar purposes; beet, forage plant and flower seeds; natural rubber; living plants, cut flowers and flower buds; unmanufactured tobacco; other raw vegetable materials","Gross Production Value (constant 2014-2016 thousand I$)","1000 Int$",2019,130808,"True hemp or retted","no"
NA,"World",NA,NA,"Forage products; fibre crops; plants used in perfumery, pharmacy, or for insecticidal, fungicidal or similar purposes; beet, forage plant and flower seeds; natural rubber; living plants, cut flowers and flower buds; unmanufactured tobacco; other raw vegetable materials","Gross Production Value (constant 2014-2016 thousand I$)","1000 Int$",2020,144732,"True hemp or retted","no"
NA,"World",NA,NA,"Forage products; fibre crops; plants used in perfumery, pharmacy, or for insecticidal, fungicidal or similar purposes; beet, forage plant and flower seeds; natural rubber; living plants, cut flowers and flower buds; unmanufactured tobacco; other raw vegetable materials","Gross Production Value (constant 2014-2016 thousand I$)","1000 Int$",2021,167664,"True hemp or retted","no"
NA,"World",NA,NA,"Forage products; fibre crops; plants used in perfumery, pharmacy, or for insecticidal, fungicidal or similar purposes; beet, forage plant and flower seeds; natural rubber; living plants, cut flowers and flower buds; unmanufactured tobacco; other raw vegetable materials","Gross Production Value (constant 2014-2016 thousand I$)","1000 Int$",2022,152874,"True hemp or retted","no"
NA,"World",NA,NA,"Forage products; fibre crops; plants used in perfumery, pharmacy, or for insecticidal, fungicidal or similar purposes; beet, forage plant and flower seeds; natural rubber; living plants, cut flowers and flower buds; unmanufactured tobacco; other raw vegetable materials","Gross Production Value (constant 2014-2016 thousand I$)","1000 Int$",2023,157818,"True hemp or retted","no"
NA,"World",NA,NA,"Forage products; fibre crops; plants used in perfumery, pharmacy, or for insecticidal, fungicidal or similar purposes; beet, forage plant and flower seeds; natural rubber; living plants, cut flowers and flower buds; unmanufactured tobacco; other raw vegetable materials","Gross Production Value (constant 2014-2016 thousand US$)","1000 USD",1992,3792,"True hemp or retted","no"
NA,"World",NA,NA,"Forage products; fibre crops; plants used in perfumery, pharmacy, or for insecticidal, fungicidal or similar purposes; beet, forage plant and flower seeds; natural rubber; living plants, cut flowers and flower buds; unmanufactured tobacco; other raw vegetable materials","Gross Production Value (constant 2014-2016 thousand US$)","1000 USD",1993,2483,"True hemp or retted","no"
NA,"World",NA,NA,"Forage products; fibre crops; plants used in perfumery, pharmacy, or for insecticidal, fungicidal or similar purposes; beet, forage plant and flower seeds; natural rubber; living plants, cut flowers and flower buds; unmanufactured tobacco; other raw vegetable materials","Gross Production Value (constant 2014-2016 thousand US$)","1000 USD",1994,2211,"True hemp or retted","no"
NA,"World",NA,NA,"Forage products; fibre crops; plants used in perfumery, pharmacy, or for insecticidal, fungicidal or similar purposes; beet, forage plant and flower seeds; natural rubber; living plants, cut flowers and flower buds; unmanufactured tobacco; other raw vegetable materials","Gross Production Value (constant 2014-2016 thousand US$)","1000 USD",1995,2202,"True hemp or retted","no"
NA,"World",NA,NA,"Forage products; fibre crops; plants used in perfumery, pharmacy, or for insecticidal, fungicidal or similar purposes; beet, forage plant and flower seeds; natural rubber; living plants, cut flowers and flower buds; unmanufactured tobacco; other raw vegetable materials","Gross Production Value (constant 2014-2016 thousand US$)","1000 USD",1996,2345,"True hemp or retted","no"
NA,"World",NA,NA,"Forage products; fibre crops; plants used in perfumery, pharmacy, or for insecticidal, fungicidal or similar purposes; beet, forage plant and flower seeds; natural rubber; living plants, cut flowers and flower buds; unmanufactured tobacco; other raw vegetable materials","Gross Production Value (constant 2014-2016 thousand US$)","1000 USD",1997,2056,"True hemp or retted","no"
NA,"World",NA,NA,"Forage products; fibre crops; plants used in perfumery, pharmacy, or for insecticidal, fungicidal or similar purposes; beet, forage plant and flower seeds; natural rubber; living plants, cut flowers and flower buds; unmanufactured tobacco; other raw vegetable materials","Gross Production Value (constant 2014-2016 thousand US$)","1000 USD",1998,1518,"True hemp or retted","no"
NA,"World",NA,NA,"Forage products; fibre crops; plants used in perfumery, pharmacy, or for insecticidal, fungicidal or similar purposes; beet, forage plant and flower seeds; natural rubber; living plants, cut flowers and flower buds; unmanufactured tobacco; other raw vegetable materials","Gross Production Value (constant 2014-2016 thousand US$)","1000 USD",1999,1897,"True hemp or retted","no"
NA,"World",NA,NA,"Forage products; fibre crops; plants used in perfumery, pharmacy, or for insecticidal, fungicidal or similar purposes; beet, forage plant and flower seeds; natural rubber; living plants, cut flowers and flower buds; unmanufactured tobacco; other raw vegetable materials","Gross Production Value (constant 2014-2016 thousand US$)","1000 USD",2000,3438,"True hemp or retted","no"
NA,"World",NA,NA,"Forage products; fibre crops; plants used in perfumery, pharmacy, or for insecticidal, fungicidal or similar purposes; beet, forage plant and flower seeds; natural rubber; living plants, cut flowers and flower buds; unmanufactured tobacco; other raw vegetable materials","Gross Production Value (constant 2014-2016 thousand US$)","1000 USD",2001,2328,"True hemp or retted","no"
NA,"World",NA,NA,"Forage products; fibre crops; plants used in perfumery, pharmacy, or for insecticidal, fungicidal or similar purposes; beet, forage plant and flower seeds; natural rubber; living plants, cut flowers and flower buds; unmanufactured tobacco; other raw vegetable materials","Gross Production Value (constant 2014-2016 thousand US$)","1000 USD",2002,1277,"True hemp or retted","no"
NA,"World",NA,NA,"Forage products; fibre crops; plants used in perfumery, pharmacy, or for insecticidal, fungicidal or similar purposes; beet, forage plant and flower seeds; natural rubber; living plants, cut flowers and flower buds; unmanufactured tobacco; other raw vegetable materials","Gross Production Value (constant 2014-2016 thousand US$)","1000 USD",2003,1070,"True hemp or retted","no"
NA,"World",NA,NA,"Forage products; fibre crops; plants used in perfumery, pharmacy, or for insecticidal, fungicidal or similar purposes; beet, forage plant and flower seeds; natural rubber; living plants, cut flowers and flower buds; unmanufactured tobacco; other raw vegetable materials","Gross Production Value (constant 2014-2016 thousand US$)","1000 USD",2004,1174,"True hemp or retted","no"
NA,"World",NA,NA,"Forage products; fibre crops; plants used in perfumery, pharmacy, or for insecticidal, fungicidal or similar purposes; beet, forage plant and flower seeds; natural rubber; living plants, cut flowers and flower buds; unmanufactured tobacco; other raw vegetable materials","Gross Production Value (constant 2014-2016 thousand US$)","1000 USD",2005,1153,"True hemp or retted","no"
NA,"World",NA,NA,"Forage products; fibre crops; plants used in perfumery, pharmacy, or for insecticidal, fungicidal or similar purposes; beet, forage plant and flower seeds; natural rubber; living plants, cut flowers and flower buds; unmanufactured tobacco; other raw vegetable materials","Gross Production Value (constant 2014-2016 thousand US$)","1000 USD",2006,1153,"True hemp or retted","no"
NA,"World",NA,NA,"Forage products; fibre crops; plants used in perfumery, pharmacy, or for insecticidal, fungicidal or similar purposes; beet, forage plant and flower seeds; natural rubber; living plants, cut flowers and flower buds; unmanufactured tobacco; other raw vegetable materials","Gross Production Value (constant 2014-2016 thousand US$)","1000 USD",2007,1153,"True hemp or retted","no"
NA,"World",NA,NA,"Forage products; fibre crops; plants used in perfumery, pharmacy, or for insecticidal, fungicidal or similar purposes; beet, forage plant and flower seeds; natural rubber; living plants, cut flowers and flower buds; unmanufactured tobacco; other raw vegetable materials","Gross Production Value (constant 2014-2016 thousand US$)","1000 USD",2008,1153,"True hemp or retted","no"
NA,"World",NA,NA,"Forage products; fibre crops; plants used in perfumery, pharmacy, or for insecticidal, fungicidal or similar purposes; beet, forage plant and flower seeds; natural rubber; living plants, cut flowers and flower buds; unmanufactured tobacco; other raw vegetable materials","Gross Production Value (constant 2014-2016 thousand US$)","1000 USD",2009,1153,"True hemp or retted","no"
NA,"World",NA,NA,"Forage products; fibre crops; plants used in perfumery, pharmacy, or for insecticidal, fungicidal or similar purposes; beet, forage plant and flower seeds; natural rubber; living plants, cut flowers and flower buds; unmanufactured tobacco; other raw vegetable materials","Gross Production Value (constant 2014-2016 thousand US$)","1000 USD",2010,1149,"True hemp or retted","no"
NA,"World",NA,NA,"Forage products; fibre crops; plants used in perfumery, pharmacy, or for insecticidal, fungicidal or similar purposes; beet, forage plant and flower seeds; natural rubber; living plants, cut flowers and flower buds; unmanufactured tobacco; other raw vegetable materials","Gross Production Value (constant 2014-2016 thousand US$)","1000 USD",2011,1007,"True hemp or retted","no"
NA,"World",NA,NA,"Forage products; fibre crops; plants used in perfumery, pharmacy, or for insecticidal, fungicidal or similar purposes; beet, forage plant and flower seeds; natural rubber; living plants, cut flowers and flower buds; unmanufactured tobacco; other raw vegetable materials","Gross Production Value (constant 2014-2016 thousand US$)","1000 USD",2012,1018,"True hemp or retted","no"
NA,"World",NA,NA,"Forage products; fibre crops; plants used in perfumery, pharmacy, or for insecticidal, fungicidal or similar purposes; beet, forage plant and flower seeds; natural rubber; living plants, cut flowers and flower buds; unmanufactured tobacco; other raw vegetable materials","Gross Production Value (constant 2014-2016 thousand US$)","1000 USD",2013,1016,"True hemp or retted","no"
NA,"World",NA,NA,"Forage products; fibre crops; plants used in perfumery, pharmacy, or for insecticidal, fungicidal or similar purposes; beet, forage plant and flower seeds; natural rubber; living plants, cut flowers and flower buds; unmanufactured tobacco; other raw vegetable materials","Gross Production Value (constant 2014-2016 thousand US$)","1000 USD",2014,937,"True hemp or retted","no"
NA,"World",NA,NA,"Forage products; fibre crops; plants used in perfumery, pharmacy, or for insecticidal, fungicidal or similar purposes; beet, forage plant and flower seeds; natural rubber; living plants, cut flowers and flower buds; unmanufactured tobacco; other raw vegetable materials","Gross Production Value (constant 2014-2016 thousand US$)","1000 USD",2015,845,"True hemp or retted","no"
NA,"World",NA,NA,"Forage products; fibre crops; plants used in perfumery, pharmacy, or for insecticidal, fungicidal or similar purposes; beet, forage plant and flower seeds; natural rubber; living plants, cut flowers and flower buds; unmanufactured tobacco; other raw vegetable materials","Gross Production Value (constant 2014-2016 thousand US$)","1000 USD",2016,919,"True hemp or retted","no"
NA,"World",NA,NA,"Forage products; fibre crops; plants used in perfumery, pharmacy, or for insecticidal, fungicidal or similar purposes; beet, forage plant and flower seeds; natural rubber; living plants, cut flowers and flower buds; unmanufactured tobacco; other raw vegetable materials","Gross Production Value (constant 2014-2016 thousand US$)","1000 USD",2017,892,"True hemp or retted","no"
NA,"World",NA,NA,"Forage products; fibre crops; plants used in perfumery, pharmacy, or for insecticidal, fungicidal or similar purposes; beet, forage plant and flower seeds; natural rubber; living plants, cut flowers and flower buds; unmanufactured tobacco; other raw vegetable materials","Gross Production Value (constant 2014-2016 thousand US$)","1000 USD",2018,847,"True hemp or retted","no"
NA,"World",NA,NA,"Forage products; fibre crops; plants used in perfumery, pharmacy, or for insecticidal, fungicidal or similar purposes; beet, forage plant and flower seeds; natural rubber; living plants, cut flowers and flower buds; unmanufactured tobacco; other raw vegetable materials","Gross Production Value (constant 2014-2016 thousand US$)","1000 USD",2019,849,"True hemp or retted","no"
NA,"World",NA,NA,"Forage products; fibre crops; plants used in perfumery, pharmacy, or for insecticidal, fungicidal or similar purposes; beet, forage plant and flower seeds; natural rubber; living plants, cut flowers and flower buds; unmanufactured tobacco; other raw vegetable materials","Gross Production Value (constant 2014-2016 thousand US$)","1000 USD",2020,813,"True hemp or retted","no"
NA,"World",NA,NA,"Forage products; fibre crops; plants used in perfumery, pharmacy, or for insecticidal, fungicidal or similar purposes; beet, forage plant and flower seeds; natural rubber; living plants, cut flowers and flower buds; unmanufactured tobacco; other raw vegetable materials","Gross Production Value (constant 2014-2016 thousand US$)","1000 USD",2021,829,"True hemp or retted","no"
NA,"World",NA,NA,"Forage products; fibre crops; plants used in perfumery, pharmacy, or for insecticidal, fungicidal or similar purposes; beet, forage plant and flower seeds; natural rubber; living plants, cut flowers and flower buds; unmanufactured tobacco; other raw vegetable materials","Gross Production Value (constant 2014-2016 thousand US$)","1000 USD",2022,830,"True hemp or retted","no"
NA,"World",NA,NA,"Forage products; fibre crops; plants used in perfumery, pharmacy, or for insecticidal, fungicidal or similar purposes; beet, forage plant and flower seeds; natural rubber; living plants, cut flowers and flower buds; unmanufactured tobacco; other raw vegetable materials","Gross Production Value (constant 2014-2016 thousand US$)","1000 USD",2023,829,"True hemp or retted","no"
NA,"World",NA,NA,"Oilseeds and oleaginous fruits","Gross Production Value (constant 2014-2016 thousand I$)","1000 Int$",1992,166232,"Tung nuts","no"
NA,"World",NA,NA,"Oilseeds and oleaginous fruits","Gross Production Value (constant 2014-2016 thousand I$)","1000 Int$",1993,165702,"Tung nuts","no"
NA,"World",NA,NA,"Oilseeds and oleaginous fruits","Gross Production Value (constant 2014-2016 thousand I$)","1000 Int$",1994,156189,"Tung nuts","no"
NA,"World",NA,NA,"Oilseeds and oleaginous fruits","Gross Production Value (constant 2014-2016 thousand I$)","1000 Int$",1995,146251,"Tung nuts","no"
NA,"World",NA,NA,"Oilseeds and oleaginous fruits","Gross Production Value (constant 2014-2016 thousand I$)","1000 Int$",1996,147773,"Tung nuts","no"
NA,"World",NA,NA,"Oilseeds and oleaginous fruits","Gross Production Value (constant 2014-2016 thousand I$)","1000 Int$",1997,169735,"Tung nuts","no"
NA,"World",NA,NA,"Oilseeds and oleaginous fruits","Gross Production Value (constant 2014-2016 thousand I$)","1000 Int$",1998,157559,"Tung nuts","no"
NA,"World",NA,NA,"Oilseeds and oleaginous fruits","Gross Production Value (constant 2014-2016 thousand I$)","1000 Int$",1999,161461,"Tung nuts","no"
NA,"World",NA,NA,"Oilseeds and oleaginous fruits","Gross Production Value (constant 2014-2016 thousand I$)","1000 Int$",2000,159658,"Tung nuts","no"
NA,"World",NA,NA,"Oilseeds and oleaginous fruits","Gross Production Value (constant 2014-2016 thousand I$)","1000 Int$",2001,149872,"Tung nuts","no"
NA,"World",NA,NA,"Oilseeds and oleaginous fruits","Gross Production Value (constant 2014-2016 thousand I$)","1000 Int$",2002,137441,"Tung nuts","no"
NA,"World",NA,NA,"Oilseeds and oleaginous fruits","Gross Production Value (constant 2014-2016 thousand I$)","1000 Int$",2003,132513,"Tung nuts","no"
NA,"World",NA,NA,"Oilseeds and oleaginous fruits","Gross Production Value (constant 2014-2016 thousand I$)","1000 Int$",2004,140448,"Tung nuts","no"
NA,"World",NA,NA,"Oilseeds and oleaginous fruits","Gross Production Value (constant 2014-2016 thousand I$)","1000 Int$",2005,137334,"Tung nuts","no"
NA,"World",NA,NA,"Oilseeds and oleaginous fruits","Gross Production Value (constant 2014-2016 thousand I$)","1000 Int$",2006,142788,"Tung nuts","no"
NA,"World",NA,NA,"Oilseeds and oleaginous fruits","Gross Production Value (constant 2014-2016 thousand I$)","1000 Int$",2007,134665,"Tung nuts","no"
NA,"World",NA,NA,"Oilseeds and oleaginous fruits","Gross Production Value (constant 2014-2016 thousand I$)","1000 Int$",2008,137626,"Tung nuts","no"
NA,"World",NA,NA,"Oilseeds and oleaginous fruits","Gross Production Value (constant 2014-2016 thousand I$)","1000 Int$",2009,136956,"Tung nuts","no"
NA,"World",NA,NA,"Oilseeds and oleaginous fruits","Gross Production Value (constant 2014-2016 thousand I$)","1000 Int$",2010,158418,"Tung nuts","no"
NA,"World",NA,NA,"Oilseeds and oleaginous fruits","Gross Production Value (constant 2014-2016 thousand I$)","1000 Int$",2011,159944,"Tung nuts","no"
NA,"World",NA,NA,"Oilseeds and oleaginous fruits","Gross Production Value (constant 2014-2016 thousand I$)","1000 Int$",2012,157163,"Tung nuts","no"
NA,"World",NA,NA,"Oilseeds and oleaginous fruits","Gross Production Value (constant 2014-2016 thousand I$)","1000 Int$",2013,154433,"Tung nuts","no"
NA,"World",NA,NA,"Oilseeds and oleaginous fruits","Gross Production Value (constant 2014-2016 thousand I$)","1000 Int$",2014,153928,"Tung nuts","no"
NA,"World",NA,NA,"Oilseeds and oleaginous fruits","Gross Production Value (constant 2014-2016 thousand I$)","1000 Int$",2015,153016,"Tung nuts","no"
NA,"World",NA,NA,"Oilseeds and oleaginous fruits","Gross Production Value (constant 2014-2016 thousand I$)","1000 Int$",2016,151718,"Tung nuts","no"
NA,"World",NA,NA,"Oilseeds and oleaginous fruits","Gross Production Value (constant 2014-2016 thousand I$)","1000 Int$",2017,139540,"Tung nuts","no"
NA,"World",NA,NA,"Oilseeds and oleaginous fruits","Gross Production Value (constant 2014-2016 thousand I$)","1000 Int$",2018,132660,"Tung nuts","no"
NA,"World",NA,NA,"Oilseeds and oleaginous fruits","Gross Production Value (constant 2014-2016 thousand I$)","1000 Int$",2019,139562,"Tung nuts","no"
NA,"World",NA,NA,"Oilseeds and oleaginous fruits","Gross Production Value (constant 2014-2016 thousand I$)","1000 Int$",2020,145332,"Tung nuts","no"
NA,"World",NA,NA,"Oilseeds and oleaginous fruits","Gross Production Value (constant 2014-2016 thousand I$)","1000 Int$",2021,145367,"Tung nuts","no"
NA,"World",NA,NA,"Oilseeds and oleaginous fruits","Gross Production Value (constant 2014-2016 thousand I$)","1000 Int$",2022,145260,"Tung nuts","no"
NA,"World",NA,NA,"Oilseeds and oleaginous fruits","Gross Production Value (constant 2014-2016 thousand I$)","1000 Int$",2023,145027,"Tung nuts","no"
NA,"World",NA,NA,"Oilseeds and oleaginous fruits","Gross Production Value (constant 2014-2016 thousand US$)","1000 USD",1992,224776,"Tung nuts","no"
NA,"World",NA,NA,"Oilseeds and oleaginous fruits","Gross Production Value (constant 2014-2016 thousand US$)","1000 USD",1993,217992,"Tung nuts","no"
NA,"World",NA,NA,"Oilseeds and oleaginous fruits","Gross Production Value (constant 2014-2016 thousand US$)","1000 USD",1994,221100,"Tung nuts","no"
NA,"World",NA,NA,"Oilseeds and oleaginous fruits","Gross Production Value (constant 2014-2016 thousand US$)","1000 USD",1995,205169,"Tung nuts","no"
NA,"World",NA,NA,"Oilseeds and oleaginous fruits","Gross Production Value (constant 2014-2016 thousand US$)","1000 USD",1996,207703,"Tung nuts","no"
NA,"World",NA,NA,"Oilseeds and oleaginous fruits","Gross Production Value (constant 2014-2016 thousand US$)","1000 USD",1997,232161,"Tung nuts","no"
NA,"World",NA,NA,"Oilseeds and oleaginous fruits","Gross Production Value (constant 2014-2016 thousand US$)","1000 USD",1998,220201,"Tung nuts","no"
NA,"World",NA,NA,"Oilseeds and oleaginous fruits","Gross Production Value (constant 2014-2016 thousand US$)","1000 USD",1999,227873,"Tung nuts","no"
NA,"World",NA,NA,"Oilseeds and oleaginous fruits","Gross Production Value (constant 2014-2016 thousand US$)","1000 USD",2000,229445,"Tung nuts","no"
NA,"World",NA,NA,"Oilseeds and oleaginous fruits","Gross Production Value (constant 2014-2016 thousand US$)","1000 USD",2001,207904,"Tung nuts","no"
NA,"World",NA,NA,"Oilseeds and oleaginous fruits","Gross Production Value (constant 2014-2016 thousand US$)","1000 USD",2002,196542,"Tung nuts","no"
NA,"World",NA,NA,"Oilseeds and oleaginous fruits","Gross Production Value (constant 2014-2016 thousand US$)","1000 USD",2003,188756,"Tung nuts","no"
NA,"World",NA,NA,"Oilseeds and oleaginous fruits","Gross Production Value (constant 2014-2016 thousand US$)","1000 USD",2004,195095,"Tung nuts","no"
NA,"World",NA,NA,"Oilseeds and oleaginous fruits","Gross Production Value (constant 2014-2016 thousand US$)","1000 USD",2005,188941,"Tung nuts","no"
NA,"World",NA,NA,"Oilseeds and oleaginous fruits","Gross Production Value (constant 2014-2016 thousand US$)","1000 USD",2006,196316,"Tung nuts","no"
NA,"World",NA,NA,"Oilseeds and oleaginous fruits","Gross Production Value (constant 2014-2016 thousand US$)","1000 USD",2007,185333,"Tung nuts","no"
NA,"World",NA,NA,"Oilseeds and oleaginous fruits","Gross Production Value (constant 2014-2016 thousand US$)","1000 USD",2008,190156,"Tung nuts","no"
NA,"World",NA,NA,"Oilseeds and oleaginous fruits","Gross Production Value (constant 2014-2016 thousand US$)","1000 USD",2009,188449,"Tung nuts","no"
NA,"World",NA,NA,"Oilseeds and oleaginous fruits","Gross Production Value (constant 2014-2016 thousand US$)","1000 USD",2010,221401,"Tung nuts","no"
NA,"World",NA,NA,"Oilseeds and oleaginous fruits","Gross Production Value (constant 2014-2016 thousand US$)","1000 USD",2011,223467,"Tung nuts","no"
NA,"World",NA,NA,"Oilseeds and oleaginous fruits","Gross Production Value (constant 2014-2016 thousand US$)","1000 USD",2012,218348,"Tung nuts","no"
NA,"World",NA,NA,"Oilseeds and oleaginous fruits","Gross Production Value (constant 2014-2016 thousand US$)","1000 USD",2013,214040,"Tung nuts","no"
NA,"World",NA,NA,"Oilseeds and oleaginous fruits","Gross Production Value (constant 2014-2016 thousand US$)","1000 USD",2014,213000,"Tung nuts","no"
NA,"World",NA,NA,"Oilseeds and oleaginous fruits","Gross Production Value (constant 2014-2016 thousand US$)","1000 USD",2015,211165,"Tung nuts","no"
NA,"World",NA,NA,"Oilseeds and oleaginous fruits","Gross Production Value (constant 2014-2016 thousand US$)","1000 USD",2016,209343,"Tung nuts","no"
NA,"World",NA,NA,"Oilseeds and oleaginous fruits","Gross Production Value (constant 2014-2016 thousand US$)","1000 USD",2017,190395,"Tung nuts","no"
NA,"World",NA,NA,"Oilseeds and oleaginous fruits","Gross Production Value (constant 2014-2016 thousand US$)","1000 USD",2018,179621,"Tung nuts","no"
NA,"World",NA,NA,"Oilseeds and oleaginous fruits","Gross Production Value (constant 2014-2016 thousand US$)","1000 USD",2019,191018,"Tung nuts","no"
NA,"World",NA,NA,"Oilseeds and oleaginous fruits","Gross Production Value (constant 2014-2016 thousand US$)","1000 USD",2020,199871,"Tung nuts","no"
NA,"World",NA,NA,"Oilseeds and oleaginous fruits","Gross Production Value (constant 2014-2016 thousand US$)","1000 USD",2021,199616,"Tung nuts","no"
NA,"World",NA,NA,"Oilseeds and oleaginous fruits","Gross Production Value (constant 2014-2016 thousand US$)","1000 USD",2022,199381,"Tung nuts","no"
NA,"World",NA,NA,"Oilseeds and oleaginous fruits","Gross Production Value (constant 2014-2016 thousand US$)","1000 USD",2023,199122,"Tung nuts","no"
NA,"World",NA,NA,"Forage products; fibre crops; plants used in perfumery, pharmacy, or for insecticidal, fungicidal or similar purposes; beet, forage plant and flower seeds; natural rubber; living plants, cut flowers and flower buds; unmanufactured tobacco; other raw vegetable materials","Gross Production Value (constant 2014-2016 thousand I$)","1000 Int$",1992,17779770,"Unmanufactured tobacco","no"
NA,"World",NA,NA,"Forage products; fibre crops; plants used in perfumery, pharmacy, or for insecticidal, fungicidal or similar purposes; beet, forage plant and flower seeds; natural rubber; living plants, cut flowers and flower buds; unmanufactured tobacco; other raw vegetable materials","Gross Production Value (constant 2014-2016 thousand I$)","1000 Int$",1993,17900544,"Unmanufactured tobacco","no"
NA,"World",NA,NA,"Forage products; fibre crops; plants used in perfumery, pharmacy, or for insecticidal, fungicidal or similar purposes; beet, forage plant and flower seeds; natural rubber; living plants, cut flowers and flower buds; unmanufactured tobacco; other raw vegetable materials","Gross Production Value (constant 2014-2016 thousand I$)","1000 Int$",1994,14040426,"Unmanufactured tobacco","no"
NA,"World",NA,NA,"Forage products; fibre crops; plants used in perfumery, pharmacy, or for insecticidal, fungicidal or similar purposes; beet, forage plant and flower seeds; natural rubber; living plants, cut flowers and flower buds; unmanufactured tobacco; other raw vegetable materials","Gross Production Value (constant 2014-2016 thousand I$)","1000 Int$",1995,13645540,"Unmanufactured tobacco","no"
NA,"World",NA,NA,"Forage products; fibre crops; plants used in perfumery, pharmacy, or for insecticidal, fungicidal or similar purposes; beet, forage plant and flower seeds; natural rubber; living plants, cut flowers and flower buds; unmanufactured tobacco; other raw vegetable materials","Gross Production Value (constant 2014-2016 thousand I$)","1000 Int$",1996,16406415,"Unmanufactured tobacco","no"
NA,"World",NA,NA,"Forage products; fibre crops; plants used in perfumery, pharmacy, or for insecticidal, fungicidal or similar purposes; beet, forage plant and flower seeds; natural rubber; living plants, cut flowers and flower buds; unmanufactured tobacco; other raw vegetable materials","Gross Production Value (constant 2014-2016 thousand I$)","1000 Int$",1997,19816594,"Unmanufactured tobacco","no"
NA,"World",NA,NA,"Forage products; fibre crops; plants used in perfumery, pharmacy, or for insecticidal, fungicidal or similar purposes; beet, forage plant and flower seeds; natural rubber; living plants, cut flowers and flower buds; unmanufactured tobacco; other raw vegetable materials","Gross Production Value (constant 2014-2016 thousand I$)","1000 Int$",1998,15384645,"Unmanufactured tobacco","no"
NA,"World",NA,NA,"Forage products; fibre crops; plants used in perfumery, pharmacy, or for insecticidal, fungicidal or similar purposes; beet, forage plant and flower seeds; natural rubber; living plants, cut flowers and flower buds; unmanufactured tobacco; other raw vegetable materials","Gross Production Value (constant 2014-2016 thousand I$)","1000 Int$",1999,15579831,"Unmanufactured tobacco","no"
NA,"World",NA,NA,"Forage products; fibre crops; plants used in perfumery, pharmacy, or for insecticidal, fungicidal or similar purposes; beet, forage plant and flower seeds; natural rubber; living plants, cut flowers and flower buds; unmanufactured tobacco; other raw vegetable materials","Gross Production Value (constant 2014-2016 thousand I$)","1000 Int$",2000,14953928,"Unmanufactured tobacco","no"
NA,"World",NA,NA,"Forage products; fibre crops; plants used in perfumery, pharmacy, or for insecticidal, fungicidal or similar purposes; beet, forage plant and flower seeds; natural rubber; living plants, cut flowers and flower buds; unmanufactured tobacco; other raw vegetable materials","Gross Production Value (constant 2014-2016 thousand I$)","1000 Int$",2001,13647560,"Unmanufactured tobacco","no"
NA,"World",NA,NA,"Forage products; fibre crops; plants used in perfumery, pharmacy, or for insecticidal, fungicidal or similar purposes; beet, forage plant and flower seeds; natural rubber; living plants, cut flowers and flower buds; unmanufactured tobacco; other raw vegetable materials","Gross Production Value (constant 2014-2016 thousand I$)","1000 Int$",2002,14323891,"Unmanufactured tobacco","no"
NA,"World",NA,NA,"Forage products; fibre crops; plants used in perfumery, pharmacy, or for insecticidal, fungicidal or similar purposes; beet, forage plant and flower seeds; natural rubber; living plants, cut flowers and flower buds; unmanufactured tobacco; other raw vegetable materials","Gross Production Value (constant 2014-2016 thousand I$)","1000 Int$",2003,13389633,"Unmanufactured tobacco","no"
NA,"World",NA,NA,"Forage products; fibre crops; plants used in perfumery, pharmacy, or for insecticidal, fungicidal or similar purposes; beet, forage plant and flower seeds; natural rubber; living plants, cut flowers and flower buds; unmanufactured tobacco; other raw vegetable materials","Gross Production Value (constant 2014-2016 thousand I$)","1000 Int$",2004,14604662,"Unmanufactured tobacco","no"
NA,"World",NA,NA,"Forage products; fibre crops; plants used in perfumery, pharmacy, or for insecticidal, fungicidal or similar purposes; beet, forage plant and flower seeds; natural rubber; living plants, cut flowers and flower buds; unmanufactured tobacco; other raw vegetable materials","Gross Production Value (constant 2014-2016 thousand I$)","1000 Int$",2005,15053415,"Unmanufactured tobacco","no"
NA,"World",NA,NA,"Forage products; fibre crops; plants used in perfumery, pharmacy, or for insecticidal, fungicidal or similar purposes; beet, forage plant and flower seeds; natural rubber; living plants, cut flowers and flower buds; unmanufactured tobacco; other raw vegetable materials","Gross Production Value (constant 2014-2016 thousand I$)","1000 Int$",2006,14586249,"Unmanufactured tobacco","no"
NA,"World",NA,NA,"Forage products; fibre crops; plants used in perfumery, pharmacy, or for insecticidal, fungicidal or similar purposes; beet, forage plant and flower seeds; natural rubber; living plants, cut flowers and flower buds; unmanufactured tobacco; other raw vegetable materials","Gross Production Value (constant 2014-2016 thousand I$)","1000 Int$",2007,13761021,"Unmanufactured tobacco","no"
NA,"World",NA,NA,"Forage products; fibre crops; plants used in perfumery, pharmacy, or for insecticidal, fungicidal or similar purposes; beet, forage plant and flower seeds; natural rubber; living plants, cut flowers and flower buds; unmanufactured tobacco; other raw vegetable materials","Gross Production Value (constant 2014-2016 thousand I$)","1000 Int$",2008,14468512,"Unmanufactured tobacco","no"
NA,"World",NA,NA,"Forage products; fibre crops; plants used in perfumery, pharmacy, or for insecticidal, fungicidal or similar purposes; beet, forage plant and flower seeds; natural rubber; living plants, cut flowers and flower buds; unmanufactured tobacco; other raw vegetable materials","Gross Production Value (constant 2014-2016 thousand I$)","1000 Int$",2009,15607197,"Unmanufactured tobacco","no"
NA,"World",NA,NA,"Forage products; fibre crops; plants used in perfumery, pharmacy, or for insecticidal, fungicidal or similar purposes; beet, forage plant and flower seeds; natural rubber; living plants, cut flowers and flower buds; unmanufactured tobacco; other raw vegetable materials","Gross Production Value (constant 2014-2016 thousand I$)","1000 Int$",2010,15475475,"Unmanufactured tobacco","no"
NA,"World",NA,NA,"Forage products; fibre crops; plants used in perfumery, pharmacy, or for insecticidal, fungicidal or similar purposes; beet, forage plant and flower seeds; natural rubber; living plants, cut flowers and flower buds; unmanufactured tobacco; other raw vegetable materials","Gross Production Value (constant 2014-2016 thousand I$)","1000 Int$",2011,16676837,"Unmanufactured tobacco","no"
NA,"World",NA,NA,"Forage products; fibre crops; plants used in perfumery, pharmacy, or for insecticidal, fungicidal or similar purposes; beet, forage plant and flower seeds; natural rubber; living plants, cut flowers and flower buds; unmanufactured tobacco; other raw vegetable materials","Gross Production Value (constant 2014-2016 thousand I$)","1000 Int$",2012,16776448,"Unmanufactured tobacco","no"
NA,"World",NA,NA,"Forage products; fibre crops; plants used in perfumery, pharmacy, or for insecticidal, fungicidal or similar purposes; beet, forage plant and flower seeds; natural rubber; living plants, cut flowers and flower buds; unmanufactured tobacco; other raw vegetable materials","Gross Production Value (constant 2014-2016 thousand I$)","1000 Int$",2013,16810440,"Unmanufactured tobacco","no"
NA,"World",NA,NA,"Forage products; fibre crops; plants used in perfumery, pharmacy, or for insecticidal, fungicidal or similar purposes; beet, forage plant and flower seeds; natural rubber; living plants, cut flowers and flower buds; unmanufactured tobacco; other raw vegetable materials","Gross Production Value (constant 2014-2016 thousand I$)","1000 Int$",2014,16149167,"Unmanufactured tobacco","no"
NA,"World",NA,NA,"Forage products; fibre crops; plants used in perfumery, pharmacy, or for insecticidal, fungicidal or similar purposes; beet, forage plant and flower seeds; natural rubber; living plants, cut flowers and flower buds; unmanufactured tobacco; other raw vegetable materials","Gross Production Value (constant 2014-2016 thousand I$)","1000 Int$",2015,15023643,"Unmanufactured tobacco","no"
NA,"World",NA,NA,"Forage products; fibre crops; plants used in perfumery, pharmacy, or for insecticidal, fungicidal or similar purposes; beet, forage plant and flower seeds; natural rubber; living plants, cut flowers and flower buds; unmanufactured tobacco; other raw vegetable materials","Gross Production Value (constant 2014-2016 thousand I$)","1000 Int$",2016,13970264,"Unmanufactured tobacco","no"
NA,"World",NA,NA,"Forage products; fibre crops; plants used in perfumery, pharmacy, or for insecticidal, fungicidal or similar purposes; beet, forage plant and flower seeds; natural rubber; living plants, cut flowers and flower buds; unmanufactured tobacco; other raw vegetable materials","Gross Production Value (constant 2014-2016 thousand I$)","1000 Int$",2017,14032346,"Unmanufactured tobacco","no"
NA,"World",NA,NA,"Forage products; fibre crops; plants used in perfumery, pharmacy, or for insecticidal, fungicidal or similar purposes; beet, forage plant and flower seeds; natural rubber; living plants, cut flowers and flower buds; unmanufactured tobacco; other raw vegetable materials","Gross Production Value (constant 2014-2016 thousand I$)","1000 Int$",2018,13540220,"Unmanufactured tobacco","no"
NA,"World",NA,NA,"Forage products; fibre crops; plants used in perfumery, pharmacy, or for insecticidal, fungicidal or similar purposes; beet, forage plant and flower seeds; natural rubber; living plants, cut flowers and flower buds; unmanufactured tobacco; other raw vegetable materials","Gross Production Value (constant 2014-2016 thousand I$)","1000 Int$",2019,14532912,"Unmanufactured tobacco","no"
NA,"World",NA,NA,"Forage products; fibre crops; plants used in perfumery, pharmacy, or for insecticidal, fungicidal or similar purposes; beet, forage plant and flower seeds; natural rubber; living plants, cut flowers and flower buds; unmanufactured tobacco; other raw vegetable materials","Gross Production Value (constant 2014-2016 thousand I$)","1000 Int$",2020,13032018,"Unmanufactured tobacco","no"
NA,"World",NA,NA,"Forage products; fibre crops; plants used in perfumery, pharmacy, or for insecticidal, fungicidal or similar purposes; beet, forage plant and flower seeds; natural rubber; living plants, cut flowers and flower buds; unmanufactured tobacco; other raw vegetable materials","Gross Production Value (constant 2014-2016 thousand I$)","1000 Int$",2021,13182927,"Unmanufactured tobacco","no"
NA,"World",NA,NA,"Forage products; fibre crops; plants used in perfumery, pharmacy, or for insecticidal, fungicidal or similar purposes; beet, forage plant and flower seeds; natural rubber; living plants, cut flowers and flower buds; unmanufactured tobacco; other raw vegetable materials","Gross Production Value (constant 2014-2016 thousand I$)","1000 Int$",2022,12922454,"Unmanufactured tobacco","no"
NA,"World",NA,NA,"Forage products; fibre crops; plants used in perfumery, pharmacy, or for insecticidal, fungicidal or similar purposes; beet, forage plant and flower seeds; natural rubber; living plants, cut flowers and flower buds; unmanufactured tobacco; other raw vegetable materials","Gross Production Value (constant 2014-2016 thousand I$)","1000 Int$",2023,13485746,"Unmanufactured tobacco","no"
NA,"World",NA,NA,"Forage products; fibre crops; plants used in perfumery, pharmacy, or for insecticidal, fungicidal or similar purposes; beet, forage plant and flower seeds; natural rubber; living plants, cut flowers and flower buds; unmanufactured tobacco; other raw vegetable materials","Gross Production Value (constant 2014-2016 thousand US$)","1000 USD",1992,25969011,"Unmanufactured tobacco","no"
NA,"World",NA,NA,"Forage products; fibre crops; plants used in perfumery, pharmacy, or for insecticidal, fungicidal or similar purposes; beet, forage plant and flower seeds; natural rubber; living plants, cut flowers and flower buds; unmanufactured tobacco; other raw vegetable materials","Gross Production Value (constant 2014-2016 thousand US$)","1000 USD",1993,25888318,"Unmanufactured tobacco","no"
NA,"World",NA,NA,"Forage products; fibre crops; plants used in perfumery, pharmacy, or for insecticidal, fungicidal or similar purposes; beet, forage plant and flower seeds; natural rubber; living plants, cut flowers and flower buds; unmanufactured tobacco; other raw vegetable materials","Gross Production Value (constant 2014-2016 thousand US$)","1000 USD",1994,20161930,"Unmanufactured tobacco","no"
NA,"World",NA,NA,"Forage products; fibre crops; plants used in perfumery, pharmacy, or for insecticidal, fungicidal or similar purposes; beet, forage plant and flower seeds; natural rubber; living plants, cut flowers and flower buds; unmanufactured tobacco; other raw vegetable materials","Gross Production Value (constant 2014-2016 thousand US$)","1000 USD",1995,19484938,"Unmanufactured tobacco","no"
NA,"World",NA,NA,"Forage products; fibre crops; plants used in perfumery, pharmacy, or for insecticidal, fungicidal or similar purposes; beet, forage plant and flower seeds; natural rubber; living plants, cut flowers and flower buds; unmanufactured tobacco; other raw vegetable materials","Gross Production Value (constant 2014-2016 thousand US$)","1000 USD",1996,23145686,"Unmanufactured tobacco","no"
NA,"World",NA,NA,"Forage products; fibre crops; plants used in perfumery, pharmacy, or for insecticidal, fungicidal or similar purposes; beet, forage plant and flower seeds; natural rubber; living plants, cut flowers and flower buds; unmanufactured tobacco; other raw vegetable materials","Gross Production Value (constant 2014-2016 thousand US$)","1000 USD",1997,28001594,"Unmanufactured tobacco","no"
NA,"World",NA,NA,"Forage products; fibre crops; plants used in perfumery, pharmacy, or for insecticidal, fungicidal or similar purposes; beet, forage plant and flower seeds; natural rubber; living plants, cut flowers and flower buds; unmanufactured tobacco; other raw vegetable materials","Gross Production Value (constant 2014-2016 thousand US$)","1000 USD",1998,20787386,"Unmanufactured tobacco","no"
NA,"World",NA,NA,"Forage products; fibre crops; plants used in perfumery, pharmacy, or for insecticidal, fungicidal or similar purposes; beet, forage plant and flower seeds; natural rubber; living plants, cut flowers and flower buds; unmanufactured tobacco; other raw vegetable materials","Gross Production Value (constant 2014-2016 thousand US$)","1000 USD",1999,20991522,"Unmanufactured tobacco","no"
NA,"World",NA,NA,"Forage products; fibre crops; plants used in perfumery, pharmacy, or for insecticidal, fungicidal or similar purposes; beet, forage plant and flower seeds; natural rubber; living plants, cut flowers and flower buds; unmanufactured tobacco; other raw vegetable materials","Gross Production Value (constant 2014-2016 thousand US$)","1000 USD",2000,20119445,"Unmanufactured tobacco","no"
NA,"World",NA,NA,"Forage products; fibre crops; plants used in perfumery, pharmacy, or for insecticidal, fungicidal or similar purposes; beet, forage plant and flower seeds; natural rubber; living plants, cut flowers and flower buds; unmanufactured tobacco; other raw vegetable materials","Gross Production Value (constant 2014-2016 thousand US$)","1000 USD",2001,18619689,"Unmanufactured tobacco","no"
NA,"World",NA,NA,"Forage products; fibre crops; plants used in perfumery, pharmacy, or for insecticidal, fungicidal or similar purposes; beet, forage plant and flower seeds; natural rubber; living plants, cut flowers and flower buds; unmanufactured tobacco; other raw vegetable materials","Gross Production Value (constant 2014-2016 thousand US$)","1000 USD",2002,19032445,"Unmanufactured tobacco","no"
NA,"World",NA,NA,"Forage products; fibre crops; plants used in perfumery, pharmacy, or for insecticidal, fungicidal or similar purposes; beet, forage plant and flower seeds; natural rubber; living plants, cut flowers and flower buds; unmanufactured tobacco; other raw vegetable materials","Gross Production Value (constant 2014-2016 thousand US$)","1000 USD",2003,17560455,"Unmanufactured tobacco","no"
NA,"World",NA,NA,"Forage products; fibre crops; plants used in perfumery, pharmacy, or for insecticidal, fungicidal or similar purposes; beet, forage plant and flower seeds; natural rubber; living plants, cut flowers and flower buds; unmanufactured tobacco; other raw vegetable materials","Gross Production Value (constant 2014-2016 thousand US$)","1000 USD",2004,19101770,"Unmanufactured tobacco","no"
NA,"World",NA,NA,"Forage products; fibre crops; plants used in perfumery, pharmacy, or for insecticidal, fungicidal or similar purposes; beet, forage plant and flower seeds; natural rubber; living plants, cut flowers and flower buds; unmanufactured tobacco; other raw vegetable materials","Gross Production Value (constant 2014-2016 thousand US$)","1000 USD",2005,19363929,"Unmanufactured tobacco","no"
NA,"World",NA,NA,"Forage products; fibre crops; plants used in perfumery, pharmacy, or for insecticidal, fungicidal or similar purposes; beet, forage plant and flower seeds; natural rubber; living plants, cut flowers and flower buds; unmanufactured tobacco; other raw vegetable materials","Gross Production Value (constant 2014-2016 thousand US$)","1000 USD",2006,18644984,"Unmanufactured tobacco","no"
NA,"World",NA,NA,"Forage products; fibre crops; plants used in perfumery, pharmacy, or for insecticidal, fungicidal or similar purposes; beet, forage plant and flower seeds; natural rubber; living plants, cut flowers and flower buds; unmanufactured tobacco; other raw vegetable materials","Gross Production Value (constant 2014-2016 thousand US$)","1000 USD",2007,17512749,"Unmanufactured tobacco","no"
NA,"World",NA,NA,"Forage products; fibre crops; plants used in perfumery, pharmacy, or for insecticidal, fungicidal or similar purposes; beet, forage plant and flower seeds; natural rubber; living plants, cut flowers and flower buds; unmanufactured tobacco; other raw vegetable materials","Gross Production Value (constant 2014-2016 thousand US$)","1000 USD",2008,18590811,"Unmanufactured tobacco","no"
NA,"World",NA,NA,"Forage products; fibre crops; plants used in perfumery, pharmacy, or for insecticidal, fungicidal or similar purposes; beet, forage plant and flower seeds; natural rubber; living plants, cut flowers and flower buds; unmanufactured tobacco; other raw vegetable materials","Gross Production Value (constant 2014-2016 thousand US$)","1000 USD",2009,19613830,"Unmanufactured tobacco","no"
NA,"World",NA,NA,"Forage products; fibre crops; plants used in perfumery, pharmacy, or for insecticidal, fungicidal or similar purposes; beet, forage plant and flower seeds; natural rubber; living plants, cut flowers and flower buds; unmanufactured tobacco; other raw vegetable materials","Gross Production Value (constant 2014-2016 thousand US$)","1000 USD",2010,19146160,"Unmanufactured tobacco","no"
NA,"World",NA,NA,"Forage products; fibre crops; plants used in perfumery, pharmacy, or for insecticidal, fungicidal or similar purposes; beet, forage plant and flower seeds; natural rubber; living plants, cut flowers and flower buds; unmanufactured tobacco; other raw vegetable materials","Gross Production Value (constant 2014-2016 thousand US$)","1000 USD",2011,20018295,"Unmanufactured tobacco","no"
NA,"World",NA,NA,"Forage products; fibre crops; plants used in perfumery, pharmacy, or for insecticidal, fungicidal or similar purposes; beet, forage plant and flower seeds; natural rubber; living plants, cut flowers and flower buds; unmanufactured tobacco; other raw vegetable materials","Gross Production Value (constant 2014-2016 thousand US$)","1000 USD",2012,20664602,"Unmanufactured tobacco","no"
NA,"World",NA,NA,"Forage products; fibre crops; plants used in perfumery, pharmacy, or for insecticidal, fungicidal or similar purposes; beet, forage plant and flower seeds; natural rubber; living plants, cut flowers and flower buds; unmanufactured tobacco; other raw vegetable materials","Gross Production Value (constant 2014-2016 thousand US$)","1000 USD",2013,20649944,"Unmanufactured tobacco","no"
NA,"World",NA,NA,"Forage products; fibre crops; plants used in perfumery, pharmacy, or for insecticidal, fungicidal or similar purposes; beet, forage plant and flower seeds; natural rubber; living plants, cut flowers and flower buds; unmanufactured tobacco; other raw vegetable materials","Gross Production Value (constant 2014-2016 thousand US$)","1000 USD",2014,19749981,"Unmanufactured tobacco","no"
NA,"World",NA,NA,"Forage products; fibre crops; plants used in perfumery, pharmacy, or for insecticidal, fungicidal or similar purposes; beet, forage plant and flower seeds; natural rubber; living plants, cut flowers and flower buds; unmanufactured tobacco; other raw vegetable materials","Gross Production Value (constant 2014-2016 thousand US$)","1000 USD",2015,18109379,"Unmanufactured tobacco","no"
NA,"World",NA,NA,"Forage products; fibre crops; plants used in perfumery, pharmacy, or for insecticidal, fungicidal or similar purposes; beet, forage plant and flower seeds; natural rubber; living plants, cut flowers and flower buds; unmanufactured tobacco; other raw vegetable materials","Gross Production Value (constant 2014-2016 thousand US$)","1000 USD",2016,16927455,"Unmanufactured tobacco","no"
NA,"World",NA,NA,"Forage products; fibre crops; plants used in perfumery, pharmacy, or for insecticidal, fungicidal or similar purposes; beet, forage plant and flower seeds; natural rubber; living plants, cut flowers and flower buds; unmanufactured tobacco; other raw vegetable materials","Gross Production Value (constant 2014-2016 thousand US$)","1000 USD",2017,16968731,"Unmanufactured tobacco","no"
NA,"World",NA,NA,"Forage products; fibre crops; plants used in perfumery, pharmacy, or for insecticidal, fungicidal or similar purposes; beet, forage plant and flower seeds; natural rubber; living plants, cut flowers and flower buds; unmanufactured tobacco; other raw vegetable materials","Gross Production Value (constant 2014-2016 thousand US$)","1000 USD",2018,15977875,"Unmanufactured tobacco","no"
NA,"World",NA,NA,"Forage products; fibre crops; plants used in perfumery, pharmacy, or for insecticidal, fungicidal or similar purposes; beet, forage plant and flower seeds; natural rubber; living plants, cut flowers and flower buds; unmanufactured tobacco; other raw vegetable materials","Gross Production Value (constant 2014-2016 thousand US$)","1000 USD",2019,17033668,"Unmanufactured tobacco","no"
NA,"World",NA,NA,"Forage products; fibre crops; plants used in perfumery, pharmacy, or for insecticidal, fungicidal or similar purposes; beet, forage plant and flower seeds; natural rubber; living plants, cut flowers and flower buds; unmanufactured tobacco; other raw vegetable materials","Gross Production Value (constant 2014-2016 thousand US$)","1000 USD",2020,14929847,"Unmanufactured tobacco","no"
NA,"World",NA,NA,"Forage products; fibre crops; plants used in perfumery, pharmacy, or for insecticidal, fungicidal or similar purposes; beet, forage plant and flower seeds; natural rubber; living plants, cut flowers and flower buds; unmanufactured tobacco; other raw vegetable materials","Gross Production Value (constant 2014-2016 thousand US$)","1000 USD",2021,15096077,"Unmanufactured tobacco","no"
NA,"World",NA,NA,"Forage products; fibre crops; plants used in perfumery, pharmacy, or for insecticidal, fungicidal or similar purposes; beet, forage plant and flower seeds; natural rubber; living plants, cut flowers and flower buds; unmanufactured tobacco; other raw vegetable materials","Gross Production Value (constant 2014-2016 thousand US$)","1000 USD",2022,14902890,"Unmanufactured tobacco","no"
NA,"World",NA,NA,"Forage products; fibre crops; plants used in perfumery, pharmacy, or for insecticidal, fungicidal or similar purposes; beet, forage plant and flower seeds; natural rubber; living plants, cut flowers and flower buds; unmanufactured tobacco; other raw vegetable materials","Gross Production Value (constant 2014-2016 thousand US$)","1000 USD",2023,15452674,"Unmanufactured tobacco","no"
NA,"World",NA,NA,"Stimulant, spice and aromatic crops","Gross Production Value (constant 2014-2016 thousand I$)","1000 Int$",1992,7438,"Vanilla","no"
NA,"World",NA,NA,"Stimulant, spice and aromatic crops","Gross Production Value (constant 2014-2016 thousand I$)","1000 Int$",1993,8783,"Vanilla","no"
NA,"World",NA,NA,"Stimulant, spice and aromatic crops","Gross Production Value (constant 2014-2016 thousand I$)","1000 Int$",1994,7404,"Vanilla","no"
NA,"World",NA,NA,"Stimulant, spice and aromatic crops","Gross Production Value (constant 2014-2016 thousand I$)","1000 Int$",1995,8067,"Vanilla","no"
NA,"World",NA,NA,"Stimulant, spice and aromatic crops","Gross Production Value (constant 2014-2016 thousand I$)","1000 Int$",1996,8586,"Vanilla","no"
NA,"World",NA,NA,"Stimulant, spice and aromatic crops","Gross Production Value (constant 2014-2016 thousand I$)","1000 Int$",1997,8361,"Vanilla","no"
NA,"World",NA,NA,"Stimulant, spice and aromatic crops","Gross Production Value (constant 2014-2016 thousand I$)","1000 Int$",1998,9542,"Vanilla","no"
NA,"World",NA,NA,"Stimulant, spice and aromatic crops","Gross Production Value (constant 2014-2016 thousand I$)","1000 Int$",1999,9057,"Vanilla","no"
NA,"World",NA,NA,"Stimulant, spice and aromatic crops","Gross Production Value (constant 2014-2016 thousand I$)","1000 Int$",2000,8319,"Vanilla","no"
NA,"World",NA,NA,"Stimulant, spice and aromatic crops","Gross Production Value (constant 2014-2016 thousand I$)","1000 Int$",2001,9887,"Vanilla","no"
NA,"World",NA,NA,"Stimulant, spice and aromatic crops","Gross Production Value (constant 2014-2016 thousand I$)","1000 Int$",2002,11076,"Vanilla","no"
NA,"World",NA,NA,"Stimulant, spice and aromatic crops","Gross Production Value (constant 2014-2016 thousand I$)","1000 Int$",2003,10069,"Vanilla","no"
NA,"World",NA,NA,"Stimulant, spice and aromatic crops","Gross Production Value (constant 2014-2016 thousand I$)","1000 Int$",2004,12185,"Vanilla","no"
NA,"World",NA,NA,"Stimulant, spice and aromatic crops","Gross Production Value (constant 2014-2016 thousand I$)","1000 Int$",2005,15646,"Vanilla","no"
NA,"World",NA,NA,"Stimulant, spice and aromatic crops","Gross Production Value (constant 2014-2016 thousand I$)","1000 Int$",2006,18901,"Vanilla","no"
NA,"World",NA,NA,"Stimulant, spice and aromatic crops","Gross Production Value (constant 2014-2016 thousand I$)","1000 Int$",2007,19459,"Vanilla","no"
NA,"World",NA,NA,"Stimulant, spice and aromatic crops","Gross Production Value (constant 2014-2016 thousand I$)","1000 Int$",2008,19381,"Vanilla","no"
NA,"World",NA,NA,"Stimulant, spice and aromatic crops","Gross Production Value (constant 2014-2016 thousand I$)","1000 Int$",2009,19204,"Vanilla","no"
NA,"World",NA,NA,"Stimulant, spice and aromatic crops","Gross Production Value (constant 2014-2016 thousand I$)","1000 Int$",2010,17389,"Vanilla","no"
NA,"World",NA,NA,"Stimulant, spice and aromatic crops","Gross Production Value (constant 2014-2016 thousand I$)","1000 Int$",2011,18124,"Vanilla","no"
NA,"World",NA,NA,"Stimulant, spice and aromatic crops","Gross Production Value (constant 2014-2016 thousand I$)","1000 Int$",2012,16993,"Vanilla","no"
NA,"World",NA,NA,"Stimulant, spice and aromatic crops","Gross Production Value (constant 2014-2016 thousand I$)","1000 Int$",2013,16061,"Vanilla","no"
NA,"World",NA,NA,"Stimulant, spice and aromatic crops","Gross Production Value (constant 2014-2016 thousand I$)","1000 Int$",2014,15243,"Vanilla","no"
NA,"World",NA,NA,"Stimulant, spice and aromatic crops","Gross Production Value (constant 2014-2016 thousand I$)","1000 Int$",2015,15558,"Vanilla","no"
NA,"World",NA,NA,"Stimulant, spice and aromatic crops","Gross Production Value (constant 2014-2016 thousand I$)","1000 Int$",2016,15720,"Vanilla","no"
NA,"World",NA,NA,"Stimulant, spice and aromatic crops","Gross Production Value (constant 2014-2016 thousand I$)","1000 Int$",2017,15458,"Vanilla","no"
NA,"World",NA,NA,"Stimulant, spice and aromatic crops","Gross Production Value (constant 2014-2016 thousand I$)","1000 Int$",2018,15588,"Vanilla","no"
NA,"World",NA,NA,"Stimulant, spice and aromatic crops","Gross Production Value (constant 2014-2016 thousand I$)","1000 Int$",2019,14580,"Vanilla","no"
NA,"World",NA,NA,"Stimulant, spice and aromatic crops","Gross Production Value (constant 2014-2016 thousand I$)","1000 Int$",2020,14666,"Vanilla","no"
NA,"World",NA,NA,"Stimulant, spice and aromatic crops","Gross Production Value (constant 2014-2016 thousand I$)","1000 Int$",2021,16108,"Vanilla","no"
NA,"World",NA,NA,"Stimulant, spice and aromatic crops","Gross Production Value (constant 2014-2016 thousand I$)","1000 Int$",2022,15966,"Vanilla","no"
NA,"World",NA,NA,"Stimulant, spice and aromatic crops","Gross Production Value (constant 2014-2016 thousand I$)","1000 Int$",2023,15506,"Vanilla","no"
NA,"World",NA,NA,"Stimulant, spice and aromatic crops","Gross Production Value (constant 2014-2016 thousand US$)","1000 USD",1992,7029,"Vanilla","no"
NA,"World",NA,NA,"Stimulant, spice and aromatic crops","Gross Production Value (constant 2014-2016 thousand US$)","1000 USD",1993,7574,"Vanilla","no"
NA,"World",NA,NA,"Stimulant, spice and aromatic crops","Gross Production Value (constant 2014-2016 thousand US$)","1000 USD",1994,6786,"Vanilla","no"
NA,"World",NA,NA,"Stimulant, spice and aromatic crops","Gross Production Value (constant 2014-2016 thousand US$)","1000 USD",1995,7616,"Vanilla","no"
NA,"World",NA,NA,"Stimulant, spice and aromatic crops","Gross Production Value (constant 2014-2016 thousand US$)","1000 USD",1996,8055,"Vanilla","no"
NA,"World",NA,NA,"Stimulant, spice and aromatic crops","Gross Production Value (constant 2014-2016 thousand US$)","1000 USD",1997,7349,"Vanilla","no"
NA,"World",NA,NA,"Stimulant, spice and aromatic crops","Gross Production Value (constant 2014-2016 thousand US$)","1000 USD",1998,11006,"Vanilla","no"
NA,"World",NA,NA,"Stimulant, spice and aromatic crops","Gross Production Value (constant 2014-2016 thousand US$)","1000 USD",1999,9480,"Vanilla","no"
NA,"World",NA,NA,"Stimulant, spice and aromatic crops","Gross Production Value (constant 2014-2016 thousand US$)","1000 USD",2000,9668,"Vanilla","no"
NA,"World",NA,NA,"Stimulant, spice and aromatic crops","Gross Production Value (constant 2014-2016 thousand US$)","1000 USD",2001,11287,"Vanilla","no"
NA,"World",NA,NA,"Stimulant, spice and aromatic crops","Gross Production Value (constant 2014-2016 thousand US$)","1000 USD",2002,10547,"Vanilla","no"
NA,"World",NA,NA,"Stimulant, spice and aromatic crops","Gross Production Value (constant 2014-2016 thousand US$)","1000 USD",2003,10884,"Vanilla","no"
NA,"World",NA,NA,"Stimulant, spice and aromatic crops","Gross Production Value (constant 2014-2016 thousand US$)","1000 USD",2004,11866,"Vanilla","no"
NA,"World",NA,NA,"Stimulant, spice and aromatic crops","Gross Production Value (constant 2014-2016 thousand US$)","1000 USD",2005,15367,"Vanilla","no"
NA,"World",NA,NA,"Stimulant, spice and aromatic crops","Gross Production Value (constant 2014-2016 thousand US$)","1000 USD",2006,17860,"Vanilla","no"
NA,"World",NA,NA,"Stimulant, spice and aromatic crops","Gross Production Value (constant 2014-2016 thousand US$)","1000 USD",2007,21137,"Vanilla","no"
NA,"World",NA,NA,"Stimulant, spice and aromatic crops","Gross Production Value (constant 2014-2016 thousand US$)","1000 USD",2008,21167,"Vanilla","no"
NA,"World",NA,NA,"Stimulant, spice and aromatic crops","Gross Production Value (constant 2014-2016 thousand US$)","1000 USD",2009,21431,"Vanilla","no"
NA,"World",NA,NA,"Stimulant, spice and aromatic crops","Gross Production Value (constant 2014-2016 thousand US$)","1000 USD",2010,19750,"Vanilla","no"
NA,"World",NA,NA,"Stimulant, spice and aromatic crops","Gross Production Value (constant 2014-2016 thousand US$)","1000 USD",2011,16297,"Vanilla","no"
NA,"World",NA,NA,"Stimulant, spice and aromatic crops","Gross Production Value (constant 2014-2016 thousand US$)","1000 USD",2012,14011,"Vanilla","no"
NA,"World",NA,NA,"Stimulant, spice and aromatic crops","Gross Production Value (constant 2014-2016 thousand US$)","1000 USD",2013,13388,"Vanilla","no"
NA,"World",NA,NA,"Stimulant, spice and aromatic crops","Gross Production Value (constant 2014-2016 thousand US$)","1000 USD",2014,12663,"Vanilla","no"
NA,"World",NA,NA,"Stimulant, spice and aromatic crops","Gross Production Value (constant 2014-2016 thousand US$)","1000 USD",2015,15189,"Vanilla","no"
NA,"World",NA,NA,"Stimulant, spice and aromatic crops","Gross Production Value (constant 2014-2016 thousand US$)","1000 USD",2016,14293,"Vanilla","no"
NA,"World",NA,NA,"Stimulant, spice and aromatic crops","Gross Production Value (constant 2014-2016 thousand US$)","1000 USD",2017,14573,"Vanilla","no"
NA,"World",NA,NA,"Stimulant, spice and aromatic crops","Gross Production Value (constant 2014-2016 thousand US$)","1000 USD",2018,14993,"Vanilla","no"
NA,"World",NA,NA,"Stimulant, spice and aromatic crops","Gross Production Value (constant 2014-2016 thousand US$)","1000 USD",2019,14720,"Vanilla","no"
NA,"World",NA,NA,"Stimulant, spice and aromatic crops","Gross Production Value (constant 2014-2016 thousand US$)","1000 USD",2020,15351,"Vanilla","no"
NA,"World",NA,NA,"Stimulant, spice and aromatic crops","Gross Production Value (constant 2014-2016 thousand US$)","1000 USD",2021,16070,"Vanilla","no"
NA,"World",NA,NA,"Stimulant, spice and aromatic crops","Gross Production Value (constant 2014-2016 thousand US$)","1000 USD",2022,15629,"Vanilla","no"
NA,"World",NA,NA,"Stimulant, spice and aromatic crops","Gross Production Value (constant 2014-2016 thousand US$)","1000 USD",2023,15667,"Vanilla","no"
NA,"World",NA,NA,"Pulses (dried leguminous vegetables)","Gross Production Value (constant 2014-2016 thousand I$)","1000 Int$",1992,373104,"Vetches","no"
NA,"World",NA,NA,"Pulses (dried leguminous vegetables)","Gross Production Value (constant 2014-2016 thousand I$)","1000 Int$",1993,346523,"Vetches","no"
NA,"World",NA,NA,"Pulses (dried leguminous vegetables)","Gross Production Value (constant 2014-2016 thousand I$)","1000 Int$",1994,391372,"Vetches","no"
NA,"World",NA,NA,"Pulses (dried leguminous vegetables)","Gross Production Value (constant 2014-2016 thousand I$)","1000 Int$",1995,376716,"Vetches","no"
NA,"World",NA,NA,"Pulses (dried leguminous vegetables)","Gross Production Value (constant 2014-2016 thousand I$)","1000 Int$",1996,473342,"Vetches","no"
NA,"World",NA,NA,"Pulses (dried leguminous vegetables)","Gross Production Value (constant 2014-2016 thousand I$)","1000 Int$",1997,497291,"Vetches","no"
NA,"World",NA,NA,"Pulses (dried leguminous vegetables)","Gross Production Value (constant 2014-2016 thousand I$)","1000 Int$",1998,350543,"Vetches","no"
NA,"World",NA,NA,"Pulses (dried leguminous vegetables)","Gross Production Value (constant 2014-2016 thousand I$)","1000 Int$",1999,332958,"Vetches","no"
NA,"World",NA,NA,"Pulses (dried leguminous vegetables)","Gross Production Value (constant 2014-2016 thousand I$)","1000 Int$",2000,384317,"Vetches","no"
NA,"World",NA,NA,"Pulses (dried leguminous vegetables)","Gross Production Value (constant 2014-2016 thousand I$)","1000 Int$",2001,412052,"Vetches","no"
NA,"World",NA,NA,"Pulses (dried leguminous vegetables)","Gross Production Value (constant 2014-2016 thousand I$)","1000 Int$",2002,410927,"Vetches","no"
NA,"World",NA,NA,"Pulses (dried leguminous vegetables)","Gross Production Value (constant 2014-2016 thousand I$)","1000 Int$",2003,465278,"Vetches","no"
NA,"World",NA,NA,"Pulses (dried leguminous vegetables)","Gross Production Value (constant 2014-2016 thousand I$)","1000 Int$",2004,471792,"Vetches","no"
NA,"World",NA,NA,"Pulses (dried leguminous vegetables)","Gross Production Value (constant 2014-2016 thousand I$)","1000 Int$",2005,400008,"Vetches","no"
NA,"World",NA,NA,"Pulses (dried leguminous vegetables)","Gross Production Value (constant 2014-2016 thousand I$)","1000 Int$",2006,457544,"Vetches","no"
NA,"World",NA,NA,"Pulses (dried leguminous vegetables)","Gross Production Value (constant 2014-2016 thousand I$)","1000 Int$",2007,362455,"Vetches","no"
NA,"World",NA,NA,"Pulses (dried leguminous vegetables)","Gross Production Value (constant 2014-2016 thousand I$)","1000 Int$",2008,362114,"Vetches","no"
NA,"World",NA,NA,"Pulses (dried leguminous vegetables)","Gross Production Value (constant 2014-2016 thousand I$)","1000 Int$",2009,307946,"Vetches","no"
NA,"World",NA,NA,"Pulses (dried leguminous vegetables)","Gross Production Value (constant 2014-2016 thousand I$)","1000 Int$",2010,273357,"Vetches","no"
NA,"World",NA,NA,"Pulses (dried leguminous vegetables)","Gross Production Value (constant 2014-2016 thousand I$)","1000 Int$",2011,346641,"Vetches","no"
NA,"World",NA,NA,"Pulses (dried leguminous vegetables)","Gross Production Value (constant 2014-2016 thousand I$)","1000 Int$",2012,344498,"Vetches","no"
NA,"World",NA,NA,"Pulses (dried leguminous vegetables)","Gross Production Value (constant 2014-2016 thousand I$)","1000 Int$",2013,335923,"Vetches","no"
NA,"World",NA,NA,"Pulses (dried leguminous vegetables)","Gross Production Value (constant 2014-2016 thousand I$)","1000 Int$",2014,334564,"Vetches","no"
NA,"World",NA,NA,"Pulses (dried leguminous vegetables)","Gross Production Value (constant 2014-2016 thousand I$)","1000 Int$",2015,357190,"Vetches","no"
NA,"World",NA,NA,"Pulses (dried leguminous vegetables)","Gross Production Value (constant 2014-2016 thousand I$)","1000 Int$",2016,342896,"Vetches","no"
NA,"World",NA,NA,"Pulses (dried leguminous vegetables)","Gross Production Value (constant 2014-2016 thousand I$)","1000 Int$",2017,339294,"Vetches","no"
NA,"World",NA,NA,"Pulses (dried leguminous vegetables)","Gross Production Value (constant 2014-2016 thousand I$)","1000 Int$",2018,234897,"Vetches","no"
NA,"World",NA,NA,"Pulses (dried leguminous vegetables)","Gross Production Value (constant 2014-2016 thousand I$)","1000 Int$",2019,258710,"Vetches","no"
NA,"World",NA,NA,"Pulses (dried leguminous vegetables)","Gross Production Value (constant 2014-2016 thousand I$)","1000 Int$",2020,261716,"Vetches","no"
NA,"World",NA,NA,"Pulses (dried leguminous vegetables)","Gross Production Value (constant 2014-2016 thousand I$)","1000 Int$",2021,240650,"Vetches","no"
NA,"World",NA,NA,"Pulses (dried leguminous vegetables)","Gross Production Value (constant 2014-2016 thousand I$)","1000 Int$",2022,238611,"Vetches","no"
NA,"World",NA,NA,"Pulses (dried leguminous vegetables)","Gross Production Value (constant 2014-2016 thousand I$)","1000 Int$",2023,247950,"Vetches","no"
NA,"World",NA,NA,"Pulses (dried leguminous vegetables)","Gross Production Value (constant 2014-2016 thousand US$)","1000 USD",1992,289570,"Vetches","no"
NA,"World",NA,NA,"Pulses (dried leguminous vegetables)","Gross Production Value (constant 2014-2016 thousand US$)","1000 USD",1993,295075,"Vetches","no"
NA,"World",NA,NA,"Pulses (dried leguminous vegetables)","Gross Production Value (constant 2014-2016 thousand US$)","1000 USD",1994,329348,"Vetches","no"
NA,"World",NA,NA,"Pulses (dried leguminous vegetables)","Gross Production Value (constant 2014-2016 thousand US$)","1000 USD",1995,319212,"Vetches","no"
NA,"World",NA,NA,"Pulses (dried leguminous vegetables)","Gross Production Value (constant 2014-2016 thousand US$)","1000 USD",1996,397078,"Vetches","no"
NA,"World",NA,NA,"Pulses (dried leguminous vegetables)","Gross Production Value (constant 2014-2016 thousand US$)","1000 USD",1997,416539,"Vetches","no"
NA,"World",NA,NA,"Pulses (dried leguminous vegetables)","Gross Production Value (constant 2014-2016 thousand US$)","1000 USD",1998,317862,"Vetches","no"
NA,"World",NA,NA,"Pulses (dried leguminous vegetables)","Gross Production Value (constant 2014-2016 thousand US$)","1000 USD",1999,288263,"Vetches","no"
NA,"World",NA,NA,"Pulses (dried leguminous vegetables)","Gross Production Value (constant 2014-2016 thousand US$)","1000 USD",2000,335448,"Vetches","no"
NA,"World",NA,NA,"Pulses (dried leguminous vegetables)","Gross Production Value (constant 2014-2016 thousand US$)","1000 USD",2001,333117,"Vetches","no"
NA,"World",NA,NA,"Pulses (dried leguminous vegetables)","Gross Production Value (constant 2014-2016 thousand US$)","1000 USD",2002,346520,"Vetches","no"
NA,"World",NA,NA,"Pulses (dried leguminous vegetables)","Gross Production Value (constant 2014-2016 thousand US$)","1000 USD",2003,388676,"Vetches","no"
NA,"World",NA,NA,"Pulses (dried leguminous vegetables)","Gross Production Value (constant 2014-2016 thousand US$)","1000 USD",2004,397566,"Vetches","no"
NA,"World",NA,NA,"Pulses (dried leguminous vegetables)","Gross Production Value (constant 2014-2016 thousand US$)","1000 USD",2005,341812,"Vetches","no"
NA,"World",NA,NA,"Pulses (dried leguminous vegetables)","Gross Production Value (constant 2014-2016 thousand US$)","1000 USD",2006,406211,"Vetches","no"
NA,"World",NA,NA,"Pulses (dried leguminous vegetables)","Gross Production Value (constant 2014-2016 thousand US$)","1000 USD",2007,327012,"Vetches","no"
NA,"World",NA,NA,"Pulses (dried leguminous vegetables)","Gross Production Value (constant 2014-2016 thousand US$)","1000 USD",2008,326453,"Vetches","no"
NA,"World",NA,NA,"Pulses (dried leguminous vegetables)","Gross Production Value (constant 2014-2016 thousand US$)","1000 USD",2009,299470,"Vetches","no"
NA,"World",NA,NA,"Pulses (dried leguminous vegetables)","Gross Production Value (constant 2014-2016 thousand US$)","1000 USD",2010,272225,"Vetches","no"
NA,"World",NA,NA,"Pulses (dried leguminous vegetables)","Gross Production Value (constant 2014-2016 thousand US$)","1000 USD",2011,332047,"Vetches","no"
NA,"World",NA,NA,"Pulses (dried leguminous vegetables)","Gross Production Value (constant 2014-2016 thousand US$)","1000 USD",2012,333309,"Vetches","no"
NA,"World",NA,NA,"Pulses (dried leguminous vegetables)","Gross Production Value (constant 2014-2016 thousand US$)","1000 USD",2013,337122,"Vetches","no"
NA,"World",NA,NA,"Pulses (dried leguminous vegetables)","Gross Production Value (constant 2014-2016 thousand US$)","1000 USD",2014,327312,"Vetches","no"
NA,"World",NA,NA,"Pulses (dried leguminous vegetables)","Gross Production Value (constant 2014-2016 thousand US$)","1000 USD",2015,345164,"Vetches","no"
NA,"World",NA,NA,"Pulses (dried leguminous vegetables)","Gross Production Value (constant 2014-2016 thousand US$)","1000 USD",2016,319483,"Vetches","no"
NA,"World",NA,NA,"Pulses (dried leguminous vegetables)","Gross Production Value (constant 2014-2016 thousand US$)","1000 USD",2017,394795,"Vetches","no"
NA,"World",NA,NA,"Pulses (dried leguminous vegetables)","Gross Production Value (constant 2014-2016 thousand US$)","1000 USD",2018,201139,"Vetches","no"
NA,"World",NA,NA,"Pulses (dried leguminous vegetables)","Gross Production Value (constant 2014-2016 thousand US$)","1000 USD",2019,222643,"Vetches","no"
NA,"World",NA,NA,"Pulses (dried leguminous vegetables)","Gross Production Value (constant 2014-2016 thousand US$)","1000 USD",2020,216122,"Vetches","no"
NA,"World",NA,NA,"Pulses (dried leguminous vegetables)","Gross Production Value (constant 2014-2016 thousand US$)","1000 USD",2021,204720,"Vetches","no"
NA,"World",NA,NA,"Pulses (dried leguminous vegetables)","Gross Production Value (constant 2014-2016 thousand US$)","1000 USD",2022,221712,"Vetches","no"
NA,"World",NA,NA,"Pulses (dried leguminous vegetables)","Gross Production Value (constant 2014-2016 thousand US$)","1000 USD",2023,227154,"Vetches","no"
NA,"World",NA,NA,"Fruits and nuts","Gross Production Value (constant 2014-2016 thousand I$)","1000 Int$",1992,2511458,"Walnuts","no"
NA,"World",NA,NA,"Fruits and nuts","Gross Production Value (constant 2014-2016 thousand I$)","1000 Int$",1993,3050510,"Walnuts","no"
NA,"World",NA,NA,"Fruits and nuts","Gross Production Value (constant 2014-2016 thousand I$)","1000 Int$",1994,3257243,"Walnuts","no"
NA,"World",NA,NA,"Fruits and nuts","Gross Production Value (constant 2014-2016 thousand I$)","1000 Int$",1995,3313012,"Walnuts","no"
NA,"World",NA,NA,"Fruits and nuts","Gross Production Value (constant 2014-2016 thousand I$)","1000 Int$",1996,3432095,"Walnuts","no"
NA,"World",NA,NA,"Fruits and nuts","Gross Production Value (constant 2014-2016 thousand I$)","1000 Int$",1997,3524381,"Walnuts","no"
NA,"World",NA,NA,"Fruits and nuts","Gross Production Value (constant 2014-2016 thousand I$)","1000 Int$",1998,3776447,"Walnuts","no"
NA,"World",NA,NA,"Fruits and nuts","Gross Production Value (constant 2014-2016 thousand I$)","1000 Int$",1999,3975910,"Walnuts","no"
NA,"World",NA,NA,"Fruits and nuts","Gross Production Value (constant 2014-2016 thousand I$)","1000 Int$",2000,4064627,"Walnuts","no"
NA,"World",NA,NA,"Fruits and nuts","Gross Production Value (constant 2014-2016 thousand I$)","1000 Int$",2001,4190045,"Walnuts","no"
NA,"World",NA,NA,"Fruits and nuts","Gross Production Value (constant 2014-2016 thousand I$)","1000 Int$",2002,4468395,"Walnuts","no"
NA,"World",NA,NA,"Fruits and nuts","Gross Production Value (constant 2014-2016 thousand I$)","1000 Int$",2003,5023580,"Walnuts","no"
NA,"World",NA,NA,"Fruits and nuts","Gross Production Value (constant 2014-2016 thousand I$)","1000 Int$",2004,4954744,"Walnuts","no"
NA,"World",NA,NA,"Fruits and nuts","Gross Production Value (constant 2014-2016 thousand I$)","1000 Int$",2005,5735457,"Walnuts","no"
NA,"World",NA,NA,"Fruits and nuts","Gross Production Value (constant 2014-2016 thousand I$)","1000 Int$",2006,5894546,"Walnuts","no"
NA,"World",NA,NA,"Fruits and nuts","Gross Production Value (constant 2014-2016 thousand I$)","1000 Int$",2007,6297829,"Walnuts","no"
NA,"World",NA,NA,"Fruits and nuts","Gross Production Value (constant 2014-2016 thousand I$)","1000 Int$",2008,7118899,"Walnuts","no"
NA,"World",NA,NA,"Fruits and nuts","Gross Production Value (constant 2014-2016 thousand I$)","1000 Int$",2009,7856970,"Walnuts","no"
NA,"World",NA,NA,"Fruits and nuts","Gross Production Value (constant 2014-2016 thousand I$)","1000 Int$",2010,8776809,"Walnuts","no"
NA,"World",NA,NA,"Fruits and nuts","Gross Production Value (constant 2014-2016 thousand I$)","1000 Int$",2011,10135356,"Walnuts","no"
NA,"World",NA,NA,"Fruits and nuts","Gross Production Value (constant 2014-2016 thousand I$)","1000 Int$",2012,7477095,"Walnuts","no"
NA,"World",NA,NA,"Fruits and nuts","Gross Production Value (constant 2014-2016 thousand I$)","1000 Int$",2013,7710544,"Walnuts","no"
NA,"World",NA,NA,"Fruits and nuts","Gross Production Value (constant 2014-2016 thousand I$)","1000 Int$",2014,8849818,"Walnuts","no"
NA,"World",NA,NA,"Fruits and nuts","Gross Production Value (constant 2014-2016 thousand I$)","1000 Int$",2015,9650524,"Walnuts","no"
NA,"World",NA,NA,"Fruits and nuts","Gross Production Value (constant 2014-2016 thousand I$)","1000 Int$",2016,9792434,"Walnuts","no"
NA,"World",NA,NA,"Fruits and nuts","Gross Production Value (constant 2014-2016 thousand I$)","1000 Int$",2017,9701354,"Walnuts","no"
NA,"World",NA,NA,"Fruits and nuts","Gross Production Value (constant 2014-2016 thousand I$)","1000 Int$",2018,9443488,"Walnuts","no"
NA,"World",NA,NA,"Fruits and nuts","Gross Production Value (constant 2014-2016 thousand I$)","1000 Int$",2019,9830994,"Walnuts","no"
NA,"World",NA,NA,"Fruits and nuts","Gross Production Value (constant 2014-2016 thousand I$)","1000 Int$",2020,10901599,"Walnuts","no"
NA,"World",NA,NA,"Fruits and nuts","Gross Production Value (constant 2014-2016 thousand I$)","1000 Int$",2021,11116779,"Walnuts","no"
NA,"World",NA,NA,"Fruits and nuts","Gross Production Value (constant 2014-2016 thousand I$)","1000 Int$",2022,12321491,"Walnuts","no"
NA,"World",NA,NA,"Fruits and nuts","Gross Production Value (constant 2014-2016 thousand I$)","1000 Int$",2023,12590525,"Walnuts","no"
NA,"World",NA,NA,"Fruits and nuts","Gross Production Value (constant 2014-2016 thousand US$)","1000 USD",1992,3006462,"Walnuts","no"
NA,"World",NA,NA,"Fruits and nuts","Gross Production Value (constant 2014-2016 thousand US$)","1000 USD",1993,3721284,"Walnuts","no"
NA,"World",NA,NA,"Fruits and nuts","Gross Production Value (constant 2014-2016 thousand US$)","1000 USD",1994,3819439,"Walnuts","no"
NA,"World",NA,NA,"Fruits and nuts","Gross Production Value (constant 2014-2016 thousand US$)","1000 USD",1995,3913475,"Walnuts","no"
NA,"World",NA,NA,"Fruits and nuts","Gross Production Value (constant 2014-2016 thousand US$)","1000 USD",1996,3966694,"Walnuts","no"
NA,"World",NA,NA,"Fruits and nuts","Gross Production Value (constant 2014-2016 thousand US$)","1000 USD",1997,4131900,"Walnuts","no"
NA,"World",NA,NA,"Fruits and nuts","Gross Production Value (constant 2014-2016 thousand US$)","1000 USD",1998,4556285,"Walnuts","no"
NA,"World",NA,NA,"Fruits and nuts","Gross Production Value (constant 2014-2016 thousand US$)","1000 USD",1999,4746146,"Walnuts","no"
NA,"World",NA,NA,"Fruits and nuts","Gross Production Value (constant 2014-2016 thousand US$)","1000 USD",2000,4814927,"Walnuts","no"
NA,"World",NA,NA,"Fruits and nuts","Gross Production Value (constant 2014-2016 thousand US$)","1000 USD",2001,4880682,"Walnuts","no"
NA,"World",NA,NA,"Fruits and nuts","Gross Production Value (constant 2014-2016 thousand US$)","1000 USD",2002,5439543,"Walnuts","no"
NA,"World",NA,NA,"Fruits and nuts","Gross Production Value (constant 2014-2016 thousand US$)","1000 USD",2003,6075023,"Walnuts","no"
NA,"World",NA,NA,"Fruits and nuts","Gross Production Value (constant 2014-2016 thousand US$)","1000 USD",2004,6001038,"Walnuts","no"
NA,"World",NA,NA,"Fruits and nuts","Gross Production Value (constant 2014-2016 thousand US$)","1000 USD",2005,7172823,"Walnuts","no"
NA,"World",NA,NA,"Fruits and nuts","Gross Production Value (constant 2014-2016 thousand US$)","1000 USD",2006,7725810,"Walnuts","no"
NA,"World",NA,NA,"Fruits and nuts","Gross Production Value (constant 2014-2016 thousand US$)","1000 USD",2007,8294313,"Walnuts","no"
NA,"World",NA,NA,"Fruits and nuts","Gross Production Value (constant 2014-2016 thousand US$)","1000 USD",2008,9312415,"Walnuts","no"
NA,"World",NA,NA,"Fruits and nuts","Gross Production Value (constant 2014-2016 thousand US$)","1000 USD",2009,10453699,"Walnuts","no"
NA,"World",NA,NA,"Fruits and nuts","Gross Production Value (constant 2014-2016 thousand US$)","1000 USD",2010,11870328,"Walnuts","no"
NA,"World",NA,NA,"Fruits and nuts","Gross Production Value (constant 2014-2016 thousand US$)","1000 USD",2011,13948422,"Walnuts","no"
NA,"World",NA,NA,"Fruits and nuts","Gross Production Value (constant 2014-2016 thousand US$)","1000 USD",2012,9424528,"Walnuts","no"
NA,"World",NA,NA,"Fruits and nuts","Gross Production Value (constant 2014-2016 thousand US$)","1000 USD",2013,9311509,"Walnuts","no"
NA,"World",NA,NA,"Fruits and nuts","Gross Production Value (constant 2014-2016 thousand US$)","1000 USD",2014,11232353,"Walnuts","no"
NA,"World",NA,NA,"Fruits and nuts","Gross Production Value (constant 2014-2016 thousand US$)","1000 USD",2015,12121110,"Walnuts","no"
NA,"World",NA,NA,"Fruits and nuts","Gross Production Value (constant 2014-2016 thousand US$)","1000 USD",2016,12206146,"Walnuts","no"
NA,"World",NA,NA,"Fruits and nuts","Gross Production Value (constant 2014-2016 thousand US$)","1000 USD",2017,12167690,"Walnuts","no"
NA,"World",NA,NA,"Fruits and nuts","Gross Production Value (constant 2014-2016 thousand US$)","1000 USD",2018,11058988,"Walnuts","no"
NA,"World",NA,NA,"Fruits and nuts","Gross Production Value (constant 2014-2016 thousand US$)","1000 USD",2019,11902177,"Walnuts","no"
NA,"World",NA,NA,"Fruits and nuts","Gross Production Value (constant 2014-2016 thousand US$)","1000 USD",2020,13356903,"Walnuts","no"
NA,"World",NA,NA,"Fruits and nuts","Gross Production Value (constant 2014-2016 thousand US$)","1000 USD",2021,13657953,"Walnuts","no"
NA,"World",NA,NA,"Fruits and nuts","Gross Production Value (constant 2014-2016 thousand US$)","1000 USD",2022,15394490,"Walnuts","no"
NA,"World",NA,NA,"Fruits and nuts","Gross Production Value (constant 2014-2016 thousand US$)","1000 USD",2023,15651701,"Walnuts","no"
NA,"World",NA,NA,"Vegetables","Gross Production Value (constant 2014-2016 thousand I$)","1000 Int$",1992,8121046,"Watermelons","no"
NA,"World",NA,NA,"Vegetables","Gross Production Value (constant 2014-2016 thousand I$)","1000 Int$",1993,8659595,"Watermelons","no"
NA,"World",NA,NA,"Vegetables","Gross Production Value (constant 2014-2016 thousand I$)","1000 Int$",1994,8809103,"Watermelons","no"
NA,"World",NA,NA,"Vegetables","Gross Production Value (constant 2014-2016 thousand I$)","1000 Int$",1995,9540845,"Watermelons","no"
NA,"World",NA,NA,"Vegetables","Gross Production Value (constant 2014-2016 thousand I$)","1000 Int$",1996,10977036,"Watermelons","no"
NA,"World",NA,NA,"Vegetables","Gross Production Value (constant 2014-2016 thousand I$)","1000 Int$",1997,13815311,"Watermelons","no"
NA,"World",NA,NA,"Vegetables","Gross Production Value (constant 2014-2016 thousand I$)","1000 Int$",1998,14218379,"Watermelons","no"
NA,"World",NA,NA,"Vegetables","Gross Production Value (constant 2014-2016 thousand I$)","1000 Int$",1999,16993525,"Watermelons","no"
NA,"World",NA,NA,"Vegetables","Gross Production Value (constant 2014-2016 thousand I$)","1000 Int$",2000,17791198,"Watermelons","no"
NA,"World",NA,NA,"Vegetables","Gross Production Value (constant 2014-2016 thousand I$)","1000 Int$",2001,19363145,"Watermelons","no"
NA,"World",NA,NA,"Vegetables","Gross Production Value (constant 2014-2016 thousand I$)","1000 Int$",2002,20986450,"Watermelons","no"
NA,"World",NA,NA,"Vegetables","Gross Production Value (constant 2014-2016 thousand I$)","1000 Int$",2003,20549027,"Watermelons","no"
NA,"World",NA,NA,"Vegetables","Gross Production Value (constant 2014-2016 thousand I$)","1000 Int$",2004,20466253,"Watermelons","no"
NA,"World",NA,NA,"Vegetables","Gross Production Value (constant 2014-2016 thousand I$)","1000 Int$",2005,21153593,"Watermelons","no"
NA,"World",NA,NA,"Vegetables","Gross Production Value (constant 2014-2016 thousand I$)","1000 Int$",2006,21726916,"Watermelons","no"
NA,"World",NA,NA,"Vegetables","Gross Production Value (constant 2014-2016 thousand I$)","1000 Int$",2007,20118354,"Watermelons","no"
NA,"World",NA,NA,"Vegetables","Gross Production Value (constant 2014-2016 thousand I$)","1000 Int$",2008,20710153,"Watermelons","no"
NA,"World",NA,NA,"Vegetables","Gross Production Value (constant 2014-2016 thousand I$)","1000 Int$",2009,21231319,"Watermelons","no"
NA,"World",NA,NA,"Vegetables","Gross Production Value (constant 2014-2016 thousand I$)","1000 Int$",2010,21698508,"Watermelons","no"
NA,"World",NA,NA,"Vegetables","Gross Production Value (constant 2014-2016 thousand I$)","1000 Int$",2011,21942988,"Watermelons","no"
NA,"World",NA,NA,"Vegetables","Gross Production Value (constant 2014-2016 thousand I$)","1000 Int$",2012,22317896,"Watermelons","no"
NA,"World",NA,NA,"Vegetables","Gross Production Value (constant 2014-2016 thousand I$)","1000 Int$",2013,22631765,"Watermelons","no"
NA,"World",NA,NA,"Vegetables","Gross Production Value (constant 2014-2016 thousand I$)","1000 Int$",2014,23020652,"Watermelons","no"
NA,"World",NA,NA,"Vegetables","Gross Production Value (constant 2014-2016 thousand I$)","1000 Int$",2015,23391006,"Watermelons","no"
NA,"World",NA,NA,"Vegetables","Gross Production Value (constant 2014-2016 thousand I$)","1000 Int$",2016,23719664,"Watermelons","no"
NA,"World",NA,NA,"Vegetables","Gross Production Value (constant 2014-2016 thousand I$)","1000 Int$",2017,23392198,"Watermelons","no"
NA,"World",NA,NA,"Vegetables","Gross Production Value (constant 2014-2016 thousand I$)","1000 Int$",2018,23421527,"Watermelons","no"
NA,"World",NA,NA,"Vegetables","Gross Production Value (constant 2014-2016 thousand I$)","1000 Int$",2019,23647659,"Watermelons","no"
NA,"World",NA,NA,"Vegetables","Gross Production Value (constant 2014-2016 thousand I$)","1000 Int$",2020,24170318,"Watermelons","no"
NA,"World",NA,NA,"Vegetables","Gross Production Value (constant 2014-2016 thousand I$)","1000 Int$",2021,23792178,"Watermelons","no"
NA,"World",NA,NA,"Vegetables","Gross Production Value (constant 2014-2016 thousand I$)","1000 Int$",2022,23867294,"Watermelons","no"
NA,"World",NA,NA,"Vegetables","Gross Production Value (constant 2014-2016 thousand I$)","1000 Int$",2023,24303740,"Watermelons","no"
NA,"World",NA,NA,"Vegetables","Gross Production Value (constant 2014-2016 thousand US$)","1000 USD",1992,10719210,"Watermelons","no"
NA,"World",NA,NA,"Vegetables","Gross Production Value (constant 2014-2016 thousand US$)","1000 USD",1993,11636166,"Watermelons","no"
NA,"World",NA,NA,"Vegetables","Gross Production Value (constant 2014-2016 thousand US$)","1000 USD",1994,11829438,"Watermelons","no"
NA,"World",NA,NA,"Vegetables","Gross Production Value (constant 2014-2016 thousand US$)","1000 USD",1995,12714644,"Watermelons","no"
NA,"World",NA,NA,"Vegetables","Gross Production Value (constant 2014-2016 thousand US$)","1000 USD",1996,14776559,"Watermelons","no"
NA,"World",NA,NA,"Vegetables","Gross Production Value (constant 2014-2016 thousand US$)","1000 USD",1997,19111964,"Watermelons","no"
NA,"World",NA,NA,"Vegetables","Gross Production Value (constant 2014-2016 thousand US$)","1000 USD",1998,19504126,"Watermelons","no"
NA,"World",NA,NA,"Vegetables","Gross Production Value (constant 2014-2016 thousand US$)","1000 USD",1999,23629689,"Watermelons","no"
NA,"World",NA,NA,"Vegetables","Gross Production Value (constant 2014-2016 thousand US$)","1000 USD",2000,25192110,"Watermelons","no"
NA,"World",NA,NA,"Vegetables","Gross Production Value (constant 2014-2016 thousand US$)","1000 USD",2001,27565712,"Watermelons","no"
NA,"World",NA,NA,"Vegetables","Gross Production Value (constant 2014-2016 thousand US$)","1000 USD",2002,29530528,"Watermelons","no"
NA,"World",NA,NA,"Vegetables","Gross Production Value (constant 2014-2016 thousand US$)","1000 USD",2003,28456464,"Watermelons","no"
NA,"World",NA,NA,"Vegetables","Gross Production Value (constant 2014-2016 thousand US$)","1000 USD",2004,28328733,"Watermelons","no"
NA,"World",NA,NA,"Vegetables","Gross Production Value (constant 2014-2016 thousand US$)","1000 USD",2005,29318376,"Watermelons","no"
NA,"World",NA,NA,"Vegetables","Gross Production Value (constant 2014-2016 thousand US$)","1000 USD",2006,30183735,"Watermelons","no"
NA,"World",NA,NA,"Vegetables","Gross Production Value (constant 2014-2016 thousand US$)","1000 USD",2007,27557748,"Watermelons","no"
NA,"World",NA,NA,"Vegetables","Gross Production Value (constant 2014-2016 thousand US$)","1000 USD",2008,28596211,"Watermelons","no"
NA,"World",NA,NA,"Vegetables","Gross Production Value (constant 2014-2016 thousand US$)","1000 USD",2009,28920404,"Watermelons","no"
NA,"World",NA,NA,"Vegetables","Gross Production Value (constant 2014-2016 thousand US$)","1000 USD",2010,29770297,"Watermelons","no"
NA,"World",NA,NA,"Vegetables","Gross Production Value (constant 2014-2016 thousand US$)","1000 USD",2011,29696775,"Watermelons","no"
NA,"World",NA,NA,"Vegetables","Gross Production Value (constant 2014-2016 thousand US$)","1000 USD",2012,30182934,"Watermelons","no"
NA,"World",NA,NA,"Vegetables","Gross Production Value (constant 2014-2016 thousand US$)","1000 USD",2013,30564483,"Watermelons","no"
NA,"World",NA,NA,"Vegetables","Gross Production Value (constant 2014-2016 thousand US$)","1000 USD",2014,30908535,"Watermelons","no"
NA,"World",NA,NA,"Vegetables","Gross Production Value (constant 2014-2016 thousand US$)","1000 USD",2015,31541413,"Watermelons","no"
NA,"World",NA,NA,"Vegetables","Gross Production Value (constant 2014-2016 thousand US$)","1000 USD",2016,31616262,"Watermelons","no"
NA,"World",NA,NA,"Vegetables","Gross Production Value (constant 2014-2016 thousand US$)","1000 USD",2017,31679972,"Watermelons","no"
NA,"World",NA,NA,"Vegetables","Gross Production Value (constant 2014-2016 thousand US$)","1000 USD",2018,31766418,"Watermelons","no"
NA,"World",NA,NA,"Vegetables","Gross Production Value (constant 2014-2016 thousand US$)","1000 USD",2019,31834710,"Watermelons","no"
NA,"World",NA,NA,"Vegetables","Gross Production Value (constant 2014-2016 thousand US$)","1000 USD",2020,32523890,"Watermelons","no"
NA,"World",NA,NA,"Vegetables","Gross Production Value (constant 2014-2016 thousand US$)","1000 USD",2021,32101125,"Watermelons","no"
NA,"World",NA,NA,"Vegetables","Gross Production Value (constant 2014-2016 thousand US$)","1000 USD",2022,32299206,"Watermelons","no"
NA,"World",NA,NA,"Vegetables","Gross Production Value (constant 2014-2016 thousand US$)","1000 USD",2023,32790165,"Watermelons","no"
NA,"World",NA,NA,"Cereals","Gross Production Value (constant 2014-2016 thousand I$)","1000 Int$",1992,121259756,"Wheat","no"
NA,"World",NA,NA,"Cereals","Gross Production Value (constant 2014-2016 thousand I$)","1000 Int$",1993,123581273,"Wheat","no"
NA,"World",NA,NA,"Cereals","Gross Production Value (constant 2014-2016 thousand I$)","1000 Int$",1994,125060989,"Wheat","no"
NA,"World",NA,NA,"Cereals","Gross Production Value (constant 2014-2016 thousand I$)","1000 Int$",1995,126069620,"Wheat","no"
NA,"World",NA,NA,"Cereals","Gross Production Value (constant 2014-2016 thousand I$)","1000 Int$",1996,134612479,"Wheat","no"
NA,"World",NA,NA,"Cereals","Gross Production Value (constant 2014-2016 thousand I$)","1000 Int$",1997,145463066,"Wheat","no"
NA,"World",NA,NA,"Cereals","Gross Production Value (constant 2014-2016 thousand I$)","1000 Int$",1998,140493474,"Wheat","no"
NA,"World",NA,NA,"Cereals","Gross Production Value (constant 2014-2016 thousand I$)","1000 Int$",1999,137693868,"Wheat","no"
NA,"World",NA,NA,"Cereals","Gross Production Value (constant 2014-2016 thousand I$)","1000 Int$",2000,139155385,"Wheat","no"
NA,"World",NA,NA,"Cereals","Gross Production Value (constant 2014-2016 thousand I$)","1000 Int$",2001,139295216,"Wheat","no"
NA,"World",NA,NA,"Cereals","Gross Production Value (constant 2014-2016 thousand I$)","1000 Int$",2002,140196760,"Wheat","no"
NA,"World",NA,NA,"Cereals","Gross Production Value (constant 2014-2016 thousand I$)","1000 Int$",2003,130218888,"Wheat","no"
NA,"World",NA,NA,"Cereals","Gross Production Value (constant 2014-2016 thousand I$)","1000 Int$",2004,150288796,"Wheat","no"
NA,"World",NA,NA,"Cereals","Gross Production Value (constant 2014-2016 thousand I$)","1000 Int$",2005,148497808,"Wheat","no"
NA,"World",NA,NA,"Cereals","Gross Production Value (constant 2014-2016 thousand I$)","1000 Int$",2006,145504459,"Wheat","no"
NA,"World",NA,NA,"Cereals","Gross Production Value (constant 2014-2016 thousand I$)","1000 Int$",2007,143660186,"Wheat","no"
NA,"World",NA,NA,"Cereals","Gross Production Value (constant 2014-2016 thousand I$)","1000 Int$",2008,161107418,"Wheat","no"
NA,"World",NA,NA,"Cereals","Gross Production Value (constant 2014-2016 thousand I$)","1000 Int$",2009,161903802,"Wheat","no"
NA,"World",NA,NA,"Cereals","Gross Production Value (constant 2014-2016 thousand I$)","1000 Int$",2010,151761759,"Wheat","no"
NA,"World",NA,NA,"Cereals","Gross Production Value (constant 2014-2016 thousand I$)","1000 Int$",2011,165046828,"Wheat","no"
NA,"World",NA,NA,"Cereals","Gross Production Value (constant 2014-2016 thousand I$)","1000 Int$",2012,159560311,"Wheat","no"
NA,"World",NA,NA,"Cereals","Gross Production Value (constant 2014-2016 thousand I$)","1000 Int$",2013,168190300,"Wheat","no"
NA,"World",NA,NA,"Cereals","Gross Production Value (constant 2014-2016 thousand I$)","1000 Int$",2014,172592688,"Wheat","no"
NA,"World",NA,NA,"Cereals","Gross Production Value (constant 2014-2016 thousand I$)","1000 Int$",2015,175692134,"Wheat","no"
NA,"World",NA,NA,"Cereals","Gross Production Value (constant 2014-2016 thousand I$)","1000 Int$",2016,177253393,"Wheat","no"
NA,"World",NA,NA,"Cereals","Gross Production Value (constant 2014-2016 thousand I$)","1000 Int$",2017,182973167,"Wheat","no"
NA,"World",NA,NA,"Cereals","Gross Production Value (constant 2014-2016 thousand I$)","1000 Int$",2018,173512848,"Wheat","no"
NA,"World",NA,NA,"Cereals","Gross Production Value (constant 2014-2016 thousand I$)","1000 Int$",2019,180765894,"Wheat","no"
NA,"World",NA,NA,"Cereals","Gross Production Value (constant 2014-2016 thousand I$)","1000 Int$",2020,180025421,"Wheat","no"
NA,"World",NA,NA,"Cereals","Gross Production Value (constant 2014-2016 thousand I$)","1000 Int$",2021,183459027,"Wheat","no"
NA,"World",NA,NA,"Cereals","Gross Production Value (constant 2014-2016 thousand I$)","1000 Int$",2022,192160638,"Wheat","no"
NA,"World",NA,NA,"Cereals","Gross Production Value (constant 2014-2016 thousand I$)","1000 Int$",2023,189221775,"Wheat","no"
NA,"World",NA,NA,"Cereals","Gross Production Value (constant 2014-2016 thousand US$)","1000 USD",1992,126999834,"Wheat","no"
NA,"World",NA,NA,"Cereals","Gross Production Value (constant 2014-2016 thousand US$)","1000 USD",1993,131515723,"Wheat","no"
NA,"World",NA,NA,"Cereals","Gross Production Value (constant 2014-2016 thousand US$)","1000 USD",1994,130282726,"Wheat","no"
NA,"World",NA,NA,"Cereals","Gross Production Value (constant 2014-2016 thousand US$)","1000 USD",1995,131735347,"Wheat","no"
NA,"World",NA,NA,"Cereals","Gross Production Value (constant 2014-2016 thousand US$)","1000 USD",1996,141091031,"Wheat","no"
NA,"World",NA,NA,"Cereals","Gross Production Value (constant 2014-2016 thousand US$)","1000 USD",1997,151205107,"Wheat","no"
NA,"World",NA,NA,"Cereals","Gross Production Value (constant 2014-2016 thousand US$)","1000 USD",1998,146613623,"Wheat","no"
NA,"World",NA,NA,"Cereals","Gross Production Value (constant 2014-2016 thousand US$)","1000 USD",1999,144514632,"Wheat","no"
NA,"World",NA,NA,"Cereals","Gross Production Value (constant 2014-2016 thousand US$)","1000 USD",2000,144485288,"Wheat","no"
NA,"World",NA,NA,"Cereals","Gross Production Value (constant 2014-2016 thousand US$)","1000 USD",2001,141499626,"Wheat","no"
NA,"World",NA,NA,"Cereals","Gross Production Value (constant 2014-2016 thousand US$)","1000 USD",2002,142753470,"Wheat","no"
NA,"World",NA,NA,"Cereals","Gross Production Value (constant 2014-2016 thousand US$)","1000 USD",2003,134427129,"Wheat","no"
NA,"World",NA,NA,"Cereals","Gross Production Value (constant 2014-2016 thousand US$)","1000 USD",2004,152746868,"Wheat","no"
NA,"World",NA,NA,"Cereals","Gross Production Value (constant 2014-2016 thousand US$)","1000 USD",2005,151449184,"Wheat","no"
NA,"World",NA,NA,"Cereals","Gross Production Value (constant 2014-2016 thousand US$)","1000 USD",2006,152424487,"Wheat","no"
NA,"World",NA,NA,"Cereals","Gross Production Value (constant 2014-2016 thousand US$)","1000 USD",2007,149957117,"Wheat","no"
NA,"World",NA,NA,"Cereals","Gross Production Value (constant 2014-2016 thousand US$)","1000 USD",2008,161925783,"Wheat","no"
NA,"World",NA,NA,"Cereals","Gross Production Value (constant 2014-2016 thousand US$)","1000 USD",2009,165547007,"Wheat","no"
NA,"World",NA,NA,"Cereals","Gross Production Value (constant 2014-2016 thousand US$)","1000 USD",2010,158763189,"Wheat","no"
NA,"World",NA,NA,"Cereals","Gross Production Value (constant 2014-2016 thousand US$)","1000 USD",2011,169475485,"Wheat","no"
NA,"World",NA,NA,"Cereals","Gross Production Value (constant 2014-2016 thousand US$)","1000 USD",2012,167769813,"Wheat","no"
NA,"World",NA,NA,"Cereals","Gross Production Value (constant 2014-2016 thousand US$)","1000 USD",2013,174268101,"Wheat","no"
NA,"World",NA,NA,"Cereals","Gross Production Value (constant 2014-2016 thousand US$)","1000 USD",2014,178715570,"Wheat","no"
NA,"World",NA,NA,"Cereals","Gross Production Value (constant 2014-2016 thousand US$)","1000 USD",2015,181453712,"Wheat","no"
NA,"World",NA,NA,"Cereals","Gross Production Value (constant 2014-2016 thousand US$)","1000 USD",2016,183208385,"Wheat","no"
NA,"World",NA,NA,"Cereals","Gross Production Value (constant 2014-2016 thousand US$)","1000 USD",2017,188522590,"Wheat","no"
NA,"World",NA,NA,"Cereals","Gross Production Value (constant 2014-2016 thousand US$)","1000 USD",2018,181271247,"Wheat","no"
NA,"World",NA,NA,"Cereals","Gross Production Value (constant 2014-2016 thousand US$)","1000 USD",2019,187003311,"Wheat","no"
NA,"World",NA,NA,"Cereals","Gross Production Value (constant 2014-2016 thousand US$)","1000 USD",2020,186998216,"Wheat","no"
NA,"World",NA,NA,"Cereals","Gross Production Value (constant 2014-2016 thousand US$)","1000 USD",2021,191448846,"Wheat","no"
NA,"World",NA,NA,"Cereals","Gross Production Value (constant 2014-2016 thousand US$)","1000 USD",2022,197633940,"Wheat","no"
NA,"World",NA,NA,"Cereals","Gross Production Value (constant 2014-2016 thousand US$)","1000 USD",2023,196459102,"Wheat","no"
NA,"World",NA,NA,"Edible roots and tubers with high starch or inulin content","Gross Production Value (constant 2014-2016 thousand I$)","1000 Int$",1992,7876780,"Yams","no"
NA,"World",NA,NA,"Edible roots and tubers with high starch or inulin content","Gross Production Value (constant 2014-2016 thousand I$)","1000 Int$",1993,8488053,"Yams","no"
NA,"World",NA,NA,"Edible roots and tubers with high starch or inulin content","Gross Production Value (constant 2014-2016 thousand I$)","1000 Int$",1994,8706761,"Yams","no"
NA,"World",NA,NA,"Edible roots and tubers with high starch or inulin content","Gross Production Value (constant 2014-2016 thousand I$)","1000 Int$",1995,8739121,"Yams","no"
NA,"World",NA,NA,"Edible roots and tubers with high starch or inulin content","Gross Production Value (constant 2014-2016 thousand I$)","1000 Int$",1996,8969291,"Yams","no"
NA,"World",NA,NA,"Edible roots and tubers with high starch or inulin content","Gross Production Value (constant 2014-2016 thousand I$)","1000 Int$",1997,9343672,"Yams","no"
NA,"World",NA,NA,"Edible roots and tubers with high starch or inulin content","Gross Production Value (constant 2014-2016 thousand I$)","1000 Int$",1998,9754677,"Yams","no"
NA,"World",NA,NA,"Edible roots and tubers with high starch or inulin content","Gross Production Value (constant 2014-2016 thousand I$)","1000 Int$",1999,10321859,"Yams","no"
NA,"World",NA,NA,"Edible roots and tubers with high starch or inulin content","Gross Production Value (constant 2014-2016 thousand I$)","1000 Int$",2000,10488887,"Yams","no"
NA,"World",NA,NA,"Edible roots and tubers with high starch or inulin content","Gross Production Value (constant 2014-2016 thousand I$)","1000 Int$",2001,10605088,"Yams","no"
NA,"World",NA,NA,"Edible roots and tubers with high starch or inulin content","Gross Production Value (constant 2014-2016 thousand I$)","1000 Int$",2002,11268464,"Yams","no"
NA,"World",NA,NA,"Edible roots and tubers with high starch or inulin content","Gross Production Value (constant 2014-2016 thousand I$)","1000 Int$",2003,11712560,"Yams","no"
NA,"World",NA,NA,"Edible roots and tubers with high starch or inulin content","Gross Production Value (constant 2014-2016 thousand I$)","1000 Int$",2004,12422770,"Yams","no"
NA,"World",NA,NA,"Edible roots and tubers with high starch or inulin content","Gross Production Value (constant 2014-2016 thousand I$)","1000 Int$",2005,13005369,"Yams","no"
NA,"World",NA,NA,"Edible roots and tubers with high starch or inulin content","Gross Production Value (constant 2014-2016 thousand I$)","1000 Int$",2006,13850498,"Yams","no"
NA,"World",NA,NA,"Edible roots and tubers with high starch or inulin content","Gross Production Value (constant 2014-2016 thousand I$)","1000 Int$",2007,12478589,"Yams","no"
NA,"World",NA,NA,"Edible roots and tubers with high starch or inulin content","Gross Production Value (constant 2014-2016 thousand I$)","1000 Int$",2008,13988633,"Yams","no"
NA,"World",NA,NA,"Edible roots and tubers with high starch or inulin content","Gross Production Value (constant 2014-2016 thousand I$)","1000 Int$",2009,12632176,"Yams","no"
NA,"World",NA,NA,"Edible roots and tubers with high starch or inulin content","Gross Production Value (constant 2014-2016 thousand I$)","1000 Int$",2010,15013424,"Yams","no"
NA,"World",NA,NA,"Edible roots and tubers with high starch or inulin content","Gross Production Value (constant 2014-2016 thousand I$)","1000 Int$",2011,14057131,"Yams","no"
NA,"World",NA,NA,"Edible roots and tubers with high starch or inulin content","Gross Production Value (constant 2014-2016 thousand I$)","1000 Int$",2012,14061175,"Yams","no"
NA,"World",NA,NA,"Edible roots and tubers with high starch or inulin content","Gross Production Value (constant 2014-2016 thousand I$)","1000 Int$",2013,15029067,"Yams","no"
NA,"World",NA,NA,"Edible roots and tubers with high starch or inulin content","Gross Production Value (constant 2014-2016 thousand I$)","1000 Int$",2014,17325280,"Yams","no"
NA,"World",NA,NA,"Edible roots and tubers with high starch or inulin content","Gross Production Value (constant 2014-2016 thousand I$)","1000 Int$",2015,17415256,"Yams","no"
NA,"World",NA,NA,"Edible roots and tubers with high starch or inulin content","Gross Production Value (constant 2014-2016 thousand I$)","1000 Int$",2016,18897889,"Yams","no"
NA,"World",NA,NA,"Edible roots and tubers with high starch or inulin content","Gross Production Value (constant 2014-2016 thousand I$)","1000 Int$",2017,19256775,"Yams","no"
NA,"World",NA,NA,"Edible roots and tubers with high starch or inulin content","Gross Production Value (constant 2014-2016 thousand I$)","1000 Int$",2018,20830031,"Yams","no"
NA,"World",NA,NA,"Edible roots and tubers with high starch or inulin content","Gross Production Value (constant 2014-2016 thousand I$)","1000 Int$",2019,20549482,"Yams","no"
NA,"World",NA,NA,"Edible roots and tubers with high starch or inulin content","Gross Production Value (constant 2014-2016 thousand I$)","1000 Int$",2020,21555720,"Yams","no"
NA,"World",NA,NA,"Edible roots and tubers with high starch or inulin content","Gross Production Value (constant 2014-2016 thousand I$)","1000 Int$",2021,22853133,"Yams","no"
NA,"World",NA,NA,"Edible roots and tubers with high starch or inulin content","Gross Production Value (constant 2014-2016 thousand I$)","1000 Int$",2022,23460280,"Yams","no"
NA,"World",NA,NA,"Edible roots and tubers with high starch or inulin content","Gross Production Value (constant 2014-2016 thousand I$)","1000 Int$",2023,23630046,"Yams","no"
NA,"World",NA,NA,"Edible roots and tubers with high starch or inulin content","Gross Production Value (constant 2014-2016 thousand US$)","1000 USD",1992,12146366,"Yams","no"
NA,"World",NA,NA,"Edible roots and tubers with high starch or inulin content","Gross Production Value (constant 2014-2016 thousand US$)","1000 USD",1993,13102830,"Yams","no"
NA,"World",NA,NA,"Edible roots and tubers with high starch or inulin content","Gross Production Value (constant 2014-2016 thousand US$)","1000 USD",1994,13479346,"Yams","no"
NA,"World",NA,NA,"Edible roots and tubers with high starch or inulin content","Gross Production Value (constant 2014-2016 thousand US$)","1000 USD",1995,13619967,"Yams","no"
NA,"World",NA,NA,"Edible roots and tubers with high starch or inulin content","Gross Production Value (constant 2014-2016 thousand US$)","1000 USD",1996,13943892,"Yams","no"
NA,"World",NA,NA,"Edible roots and tubers with high starch or inulin content","Gross Production Value (constant 2014-2016 thousand US$)","1000 USD",1997,14481238,"Yams","no"
NA,"World",NA,NA,"Edible roots and tubers with high starch or inulin content","Gross Production Value (constant 2014-2016 thousand US$)","1000 USD",1998,15133476,"Yams","no"
NA,"World",NA,NA,"Edible roots and tubers with high starch or inulin content","Gross Production Value (constant 2014-2016 thousand US$)","1000 USD",1999,16074031,"Yams","no"
NA,"World",NA,NA,"Edible roots and tubers with high starch or inulin content","Gross Production Value (constant 2014-2016 thousand US$)","1000 USD",2000,16272723,"Yams","no"
NA,"World",NA,NA,"Edible roots and tubers with high starch or inulin content","Gross Production Value (constant 2014-2016 thousand US$)","1000 USD",2001,16402309,"Yams","no"
NA,"World",NA,NA,"Edible roots and tubers with high starch or inulin content","Gross Production Value (constant 2014-2016 thousand US$)","1000 USD",2002,17463009,"Yams","no"
NA,"World",NA,NA,"Edible roots and tubers with high starch or inulin content","Gross Production Value (constant 2014-2016 thousand US$)","1000 USD",2003,18128071,"Yams","no"
NA,"World",NA,NA,"Edible roots and tubers with high starch or inulin content","Gross Production Value (constant 2014-2016 thousand US$)","1000 USD",2004,19249182,"Yams","no"
NA,"World",NA,NA,"Edible roots and tubers with high starch or inulin content","Gross Production Value (constant 2014-2016 thousand US$)","1000 USD",2005,20153356,"Yams","no"
NA,"World",NA,NA,"Edible roots and tubers with high starch or inulin content","Gross Production Value (constant 2014-2016 thousand US$)","1000 USD",2006,21430889,"Yams","no"
NA,"World",NA,NA,"Edible roots and tubers with high starch or inulin content","Gross Production Value (constant 2014-2016 thousand US$)","1000 USD",2007,19218692,"Yams","no"
NA,"World",NA,NA,"Edible roots and tubers with high starch or inulin content","Gross Production Value (constant 2014-2016 thousand US$)","1000 USD",2008,21558504,"Yams","no"
NA,"World",NA,NA,"Edible roots and tubers with high starch or inulin content","Gross Production Value (constant 2014-2016 thousand US$)","1000 USD",2009,19338635,"Yams","no"
NA,"World",NA,NA,"Edible roots and tubers with high starch or inulin content","Gross Production Value (constant 2014-2016 thousand US$)","1000 USD",2010,23037414,"Yams","no"
NA,"World",NA,NA,"Edible roots and tubers with high starch or inulin content","Gross Production Value (constant 2014-2016 thousand US$)","1000 USD",2011,21578821,"Yams","no"
NA,"World",NA,NA,"Edible roots and tubers with high starch or inulin content","Gross Production Value (constant 2014-2016 thousand US$)","1000 USD",2012,21581664,"Yams","no"
NA,"World",NA,NA,"Edible roots and tubers with high starch or inulin content","Gross Production Value (constant 2014-2016 thousand US$)","1000 USD",2013,23096455,"Yams","no"
NA,"World",NA,NA,"Edible roots and tubers with high starch or inulin content","Gross Production Value (constant 2014-2016 thousand US$)","1000 USD",2014,26776038,"Yams","no"
NA,"World",NA,NA,"Edible roots and tubers with high starch or inulin content","Gross Production Value (constant 2014-2016 thousand US$)","1000 USD",2015,26960502,"Yams","no"
NA,"World",NA,NA,"Edible roots and tubers with high starch or inulin content","Gross Production Value (constant 2014-2016 thousand US$)","1000 USD",2016,29307775,"Yams","no"
NA,"World",NA,NA,"Edible roots and tubers with high starch or inulin content","Gross Production Value (constant 2014-2016 thousand US$)","1000 USD",2017,29877822,"Yams","no"
NA,"World",NA,NA,"Edible roots and tubers with high starch or inulin content","Gross Production Value (constant 2014-2016 thousand US$)","1000 USD",2018,32246056,"Yams","no"
NA,"World",NA,NA,"Edible roots and tubers with high starch or inulin content","Gross Production Value (constant 2014-2016 thousand US$)","1000 USD",2019,31867163,"Yams","no"
NA,"World",NA,NA,"Edible roots and tubers with high starch or inulin content","Gross Production Value (constant 2014-2016 thousand US$)","1000 USD",2020,33394159,"Yams","no"
NA,"World",NA,NA,"Edible roots and tubers with high starch or inulin content","Gross Production Value (constant 2014-2016 thousand US$)","1000 USD",2021,35456759,"Yams","no"
NA,"World",NA,NA,"Edible roots and tubers with high starch or inulin content","Gross Production Value (constant 2014-2016 thousand US$)","1000 USD",2022,36349554,"Yams","no"
NA,"World",NA,NA,"Edible roots and tubers with high starch or inulin content","Gross Production Value (constant 2014-2016 thousand US$)","1000 USD",2023,36561343,"Yams","no"
NA,"World",NA,NA,"Edible roots and tubers with high starch or inulin content","Gross Production Value (constant 2014-2016 thousand I$)","1000 Int$",1992,125000,"Yautia","no"
NA,"World",NA,NA,"Edible roots and tubers with high starch or inulin content","Gross Production Value (constant 2014-2016 thousand I$)","1000 Int$",1993,137614,"Yautia","no"
NA,"World",NA,NA,"Edible roots and tubers with high starch or inulin content","Gross Production Value (constant 2014-2016 thousand I$)","1000 Int$",1994,191206,"Yautia","no"
NA,"World",NA,NA,"Edible roots and tubers with high starch or inulin content","Gross Production Value (constant 2014-2016 thousand I$)","1000 Int$",1995,207579,"Yautia","no"
NA,"World",NA,NA,"Edible roots and tubers with high starch or inulin content","Gross Production Value (constant 2014-2016 thousand I$)","1000 Int$",1996,197705,"Yautia","no"
NA,"World",NA,NA,"Edible roots and tubers with high starch or inulin content","Gross Production Value (constant 2014-2016 thousand I$)","1000 Int$",1997,198828,"Yautia","no"
NA,"World",NA,NA,"Edible roots and tubers with high starch or inulin content","Gross Production Value (constant 2014-2016 thousand I$)","1000 Int$",1998,198064,"Yautia","no"
NA,"World",NA,NA,"Edible roots and tubers with high starch or inulin content","Gross Production Value (constant 2014-2016 thousand I$)","1000 Int$",1999,248756,"Yautia","no"
NA,"World",NA,NA,"Edible roots and tubers with high starch or inulin content","Gross Production Value (constant 2014-2016 thousand I$)","1000 Int$",2000,256912,"Yautia","no"
NA,"World",NA,NA,"Edible roots and tubers with high starch or inulin content","Gross Production Value (constant 2014-2016 thousand I$)","1000 Int$",2001,256274,"Yautia","no"
NA,"World",NA,NA,"Edible roots and tubers with high starch or inulin content","Gross Production Value (constant 2014-2016 thousand I$)","1000 Int$",2002,288233,"Yautia","no"
NA,"World",NA,NA,"Edible roots and tubers with high starch or inulin content","Gross Production Value (constant 2014-2016 thousand I$)","1000 Int$",2003,345762,"Yautia","no"
NA,"World",NA,NA,"Edible roots and tubers with high starch or inulin content","Gross Production Value (constant 2014-2016 thousand I$)","1000 Int$",2004,372360,"Yautia","no"
NA,"World",NA,NA,"Edible roots and tubers with high starch or inulin content","Gross Production Value (constant 2014-2016 thousand I$)","1000 Int$",2005,329807,"Yautia","no"
NA,"World",NA,NA,"Edible roots and tubers with high starch or inulin content","Gross Production Value (constant 2014-2016 thousand I$)","1000 Int$",2006,305506,"Yautia","no"
NA,"World",NA,NA,"Edible roots and tubers with high starch or inulin content","Gross Production Value (constant 2014-2016 thousand I$)","1000 Int$",2007,321226,"Yautia","no"
NA,"World",NA,NA,"Edible roots and tubers with high starch or inulin content","Gross Production Value (constant 2014-2016 thousand I$)","1000 Int$",2008,341892,"Yautia","no"
NA,"World",NA,NA,"Edible roots and tubers with high starch or inulin content","Gross Production Value (constant 2014-2016 thousand I$)","1000 Int$",2009,322557,"Yautia","no"
NA,"World",NA,NA,"Edible roots and tubers with high starch or inulin content","Gross Production Value (constant 2014-2016 thousand I$)","1000 Int$",2010,257563,"Yautia","no"
NA,"World",NA,NA,"Edible roots and tubers with high starch or inulin content","Gross Production Value (constant 2014-2016 thousand I$)","1000 Int$",2011,265279,"Yautia","no"
NA,"World",NA,NA,"Edible roots and tubers with high starch or inulin content","Gross Production Value (constant 2014-2016 thousand I$)","1000 Int$",2012,301189,"Yautia","no"
NA,"World",NA,NA,"Edible roots and tubers with high starch or inulin content","Gross Production Value (constant 2014-2016 thousand I$)","1000 Int$",2013,323731,"Yautia","no"
NA,"World",NA,NA,"Edible roots and tubers with high starch or inulin content","Gross Production Value (constant 2014-2016 thousand I$)","1000 Int$",2014,367875,"Yautia","no"
NA,"World",NA,NA,"Edible roots and tubers with high starch or inulin content","Gross Production Value (constant 2014-2016 thousand I$)","1000 Int$",2015,291454,"Yautia","no"
NA,"World",NA,NA,"Edible roots and tubers with high starch or inulin content","Gross Production Value (constant 2014-2016 thousand I$)","1000 Int$",2016,274142,"Yautia","no"
NA,"World",NA,NA,"Edible roots and tubers with high starch or inulin content","Gross Production Value (constant 2014-2016 thousand I$)","1000 Int$",2017,227271,"Yautia","no"
NA,"World",NA,NA,"Edible roots and tubers with high starch or inulin content","Gross Production Value (constant 2014-2016 thousand I$)","1000 Int$",2018,253383,"Yautia","no"
NA,"World",NA,NA,"Edible roots and tubers with high starch or inulin content","Gross Production Value (constant 2014-2016 thousand I$)","1000 Int$",2019,220158,"Yautia","no"
NA,"World",NA,NA,"Edible roots and tubers with high starch or inulin content","Gross Production Value (constant 2014-2016 thousand I$)","1000 Int$",2020,216863,"Yautia","no"
NA,"World",NA,NA,"Edible roots and tubers with high starch or inulin content","Gross Production Value (constant 2014-2016 thousand I$)","1000 Int$",2021,197769,"Yautia","no"
NA,"World",NA,NA,"Edible roots and tubers with high starch or inulin content","Gross Production Value (constant 2014-2016 thousand I$)","1000 Int$",2022,196265,"Yautia","no"
NA,"World",NA,NA,"Edible roots and tubers with high starch or inulin content","Gross Production Value (constant 2014-2016 thousand I$)","1000 Int$",2023,189614,"Yautia","no"
NA,"World",NA,NA,"Edible roots and tubers with high starch or inulin content","Gross Production Value (constant 2014-2016 thousand US$)","1000 USD",1992,44624,"Yautia","no"
NA,"World",NA,NA,"Edible roots and tubers with high starch or inulin content","Gross Production Value (constant 2014-2016 thousand US$)","1000 USD",1993,45971,"Yautia","no"
NA,"World",NA,NA,"Edible roots and tubers with high starch or inulin content","Gross Production Value (constant 2014-2016 thousand US$)","1000 USD",1994,74155,"Yautia","no"
NA,"World",NA,NA,"Edible roots and tubers with high starch or inulin content","Gross Production Value (constant 2014-2016 thousand US$)","1000 USD",1995,82926,"Yautia","no"
NA,"World",NA,NA,"Edible roots and tubers with high starch or inulin content","Gross Production Value (constant 2014-2016 thousand US$)","1000 USD",1996,73513,"Yautia","no"
NA,"World",NA,NA,"Edible roots and tubers with high starch or inulin content","Gross Production Value (constant 2014-2016 thousand US$)","1000 USD",1997,81284,"Yautia","no"
NA,"World",NA,NA,"Edible roots and tubers with high starch or inulin content","Gross Production Value (constant 2014-2016 thousand US$)","1000 USD",1998,68922,"Yautia","no"
NA,"World",NA,NA,"Edible roots and tubers with high starch or inulin content","Gross Production Value (constant 2014-2016 thousand US$)","1000 USD",1999,88901,"Yautia","no"
NA,"World",NA,NA,"Edible roots and tubers with high starch or inulin content","Gross Production Value (constant 2014-2016 thousand US$)","1000 USD",2000,89504,"Yautia","no"
NA,"World",NA,NA,"Edible roots and tubers with high starch or inulin content","Gross Production Value (constant 2014-2016 thousand US$)","1000 USD",2001,80989,"Yautia","no"
NA,"World",NA,NA,"Edible roots and tubers with high starch or inulin content","Gross Production Value (constant 2014-2016 thousand US$)","1000 USD",2002,97095,"Yautia","no"
NA,"World",NA,NA,"Edible roots and tubers with high starch or inulin content","Gross Production Value (constant 2014-2016 thousand US$)","1000 USD",2003,115325,"Yautia","no"
NA,"World",NA,NA,"Edible roots and tubers with high starch or inulin content","Gross Production Value (constant 2014-2016 thousand US$)","1000 USD",2004,110954,"Yautia","no"
NA,"World",NA,NA,"Edible roots and tubers with high starch or inulin content","Gross Production Value (constant 2014-2016 thousand US$)","1000 USD",2005,73363,"Yautia","no"
NA,"World",NA,NA,"Edible roots and tubers with high starch or inulin content","Gross Production Value (constant 2014-2016 thousand US$)","1000 USD",2006,68191,"Yautia","no"
NA,"World",NA,NA,"Edible roots and tubers with high starch or inulin content","Gross Production Value (constant 2014-2016 thousand US$)","1000 USD",2007,70741,"Yautia","no"
NA,"World",NA,NA,"Edible roots and tubers with high starch or inulin content","Gross Production Value (constant 2014-2016 thousand US$)","1000 USD",2008,63426,"Yautia","no"
NA,"World",NA,NA,"Edible roots and tubers with high starch or inulin content","Gross Production Value (constant 2014-2016 thousand US$)","1000 USD",2009,69470,"Yautia","no"
NA,"World",NA,NA,"Edible roots and tubers with high starch or inulin content","Gross Production Value (constant 2014-2016 thousand US$)","1000 USD",2010,72662,"Yautia","no"
NA,"World",NA,NA,"Edible roots and tubers with high starch or inulin content","Gross Production Value (constant 2014-2016 thousand US$)","1000 USD",2011,70524,"Yautia","no"
NA,"World",NA,NA,"Edible roots and tubers with high starch or inulin content","Gross Production Value (constant 2014-2016 thousand US$)","1000 USD",2012,67943,"Yautia","no"
NA,"World",NA,NA,"Edible roots and tubers with high starch or inulin content","Gross Production Value (constant 2014-2016 thousand US$)","1000 USD",2013,59567,"Yautia","no"
NA,"World",NA,NA,"Edible roots and tubers with high starch or inulin content","Gross Production Value (constant 2014-2016 thousand US$)","1000 USD",2014,55418,"Yautia","no"
NA,"World",NA,NA,"Edible roots and tubers with high starch or inulin content","Gross Production Value (constant 2014-2016 thousand US$)","1000 USD",2015,59787,"Yautia","no"
NA,"World",NA,NA,"Edible roots and tubers with high starch or inulin content","Gross Production Value (constant 2014-2016 thousand US$)","1000 USD",2016,58715,"Yautia","no"
NA,"World",NA,NA,"Edible roots and tubers with high starch or inulin content","Gross Production Value (constant 2014-2016 thousand US$)","1000 USD",2017,65503,"Yautia","no"
NA,"World",NA,NA,"Edible roots and tubers with high starch or inulin content","Gross Production Value (constant 2014-2016 thousand US$)","1000 USD",2018,67027,"Yautia","no"
NA,"World",NA,NA,"Edible roots and tubers with high starch or inulin content","Gross Production Value (constant 2014-2016 thousand US$)","1000 USD",2019,65865,"Yautia","no"
NA,"World",NA,NA,"Edible roots and tubers with high starch or inulin content","Gross Production Value (constant 2014-2016 thousand US$)","1000 USD",2020,79478,"Yautia","no"
NA,"World",NA,NA,"Edible roots and tubers with high starch or inulin content","Gross Production Value (constant 2014-2016 thousand US$)","1000 USD",2021,76876,"Yautia","no"
NA,"World",NA,NA,"Edible roots and tubers with high starch or inulin content","Gross Production Value (constant 2014-2016 thousand US$)","1000 USD",2022,85904,"Yautia","no"
NA,"World",NA,NA,"Edible roots and tubers with high starch or inulin content","Gross Production Value (constant 2014-2016 thousand US$)","1000 USD",2023,98454,"Yautia","no"
"BRB","Barbados","Caribbean",NA,"Fruits and nuts","Gross Production Value (constant 2014-2016 thousand I$)","1000 Int$",1992,429,"Avocados","no"
"BRB","Barbados","Caribbean",NA,"Fruits and nuts","Gross Production Value (constant 2014-2016 thousand I$)","1000 Int$",1993,429,"Avocados","no"
"BRB","Barbados","Caribbean",NA,"Fruits and nuts","Gross Production Value (constant 2014-2016 thousand I$)","1000 Int$",1994,429,"Avocados","no"
"BRB","Barbados","Caribbean",NA,"Fruits and nuts","Gross Production Value (constant 2014-2016 thousand I$)","1000 Int$",1995,429,"Avocados","no"
"BRB","Barbados","Caribbean",NA,"Fruits and nuts","Gross Production Value (constant 2014-2016 thousand I$)","1000 Int$",1996,429,"Avocados","no"
"BRB","Barbados","Caribbean",NA,"Fruits and nuts","Gross Production Value (constant 2014-2016 thousand I$)","1000 Int$",1997,429,"Avocados","no"
"BRB","Barbados","Caribbean",NA,"Fruits and nuts","Gross Production Value (constant 2014-2016 thousand I$)","1000 Int$",1998,429,"Avocados","no"
"BRB","Barbados","Caribbean",NA,"Fruits and nuts","Gross Production Value (constant 2014-2016 thousand I$)","1000 Int$",1999,356,"Avocados","no"
"BRB","Barbados","Caribbean",NA,"Fruits and nuts","Gross Production Value (constant 2014-2016 thousand I$)","1000 Int$",2000,402,"Avocados","no"
"BRB","Barbados","Caribbean",NA,"Fruits and nuts","Gross Production Value (constant 2014-2016 thousand I$)","1000 Int$",2001,429,"Avocados","no"
"BRB","Barbados","Caribbean",NA,"Fruits and nuts","Gross Production Value (constant 2014-2016 thousand I$)","1000 Int$",2002,448,"Avocados","no"
"BRB","Barbados","Caribbean",NA,"Fruits and nuts","Gross Production Value (constant 2014-2016 thousand I$)","1000 Int$",2003,466,"Avocados","no"
"BRB","Barbados","Caribbean",NA,"Fruits and nuts","Gross Production Value (constant 2014-2016 thousand I$)","1000 Int$",2004,447,"Avocados","no"
"BRB","Barbados","Caribbean",NA,"Fruits and nuts","Gross Production Value (constant 2014-2016 thousand I$)","1000 Int$",2005,447,"Avocados","no"
"BRB","Barbados","Caribbean",NA,"Fruits and nuts","Gross Production Value (constant 2014-2016 thousand I$)","1000 Int$",2006,448,"Avocados","no"
"BRB","Barbados","Caribbean",NA,"Fruits and nuts","Gross Production Value (constant 2014-2016 thousand I$)","1000 Int$",2007,448,"Avocados","no"
"BRB","Barbados","Caribbean",NA,"Fruits and nuts","Gross Production Value (constant 2014-2016 thousand I$)","1000 Int$",2008,448,"Avocados","no"
"BRB","Barbados","Caribbean",NA,"Fruits and nuts","Gross Production Value (constant 2014-2016 thousand I$)","1000 Int$",2009,449,"Avocados","no"
"BRB","Barbados","Caribbean",NA,"Fruits and nuts","Gross Production Value (constant 2014-2016 thousand I$)","1000 Int$",2010,449,"Avocados","no"
"BRB","Barbados","Caribbean",NA,"Fruits and nuts","Gross Production Value (constant 2014-2016 thousand I$)","1000 Int$",2011,450,"Avocados","no"
"BRB","Barbados","Caribbean",NA,"Fruits and nuts","Gross Production Value (constant 2014-2016 thousand I$)","1000 Int$",2012,450,"Avocados","no"
"BRB","Barbados","Caribbean",NA,"Fruits and nuts","Gross Production Value (constant 2014-2016 thousand I$)","1000 Int$",2013,450,"Avocados","no"
"BRB","Barbados","Caribbean",NA,"Fruits and nuts","Gross Production Value (constant 2014-2016 thousand I$)","1000 Int$",2014,451,"Avocados","no"
"BRB","Barbados","Caribbean",NA,"Fruits and nuts","Gross Production Value (constant 2014-2016 thousand I$)","1000 Int$",2015,451,"Avocados","no"
"BRB","Barbados","Caribbean",NA,"Fruits and nuts","Gross Production Value (constant 2014-2016 thousand I$)","1000 Int$",2016,451,"Avocados","no"
"BRB","Barbados","Caribbean",NA,"Fruits and nuts","Gross Production Value (constant 2014-2016 thousand I$)","1000 Int$",2017,452,"Avocados","no"
"BRB","Barbados","Caribbean",NA,"Fruits and nuts","Gross Production Value (constant 2014-2016 thousand I$)","1000 Int$",2018,452,"Avocados","no"
"BRB","Barbados","Caribbean",NA,"Fruits and nuts","Gross Production Value (constant 2014-2016 thousand I$)","1000 Int$",2019,454,"Avocados","no"
"BRB","Barbados","Caribbean",NA,"Fruits and nuts","Gross Production Value (constant 2014-2016 thousand I$)","1000 Int$",2020,456,"Avocados","no"
"BRB","Barbados","Caribbean",NA,"Fruits and nuts","Gross Production Value (constant 2014-2016 thousand I$)","1000 Int$",2021,458,"Avocados","no"
"BRB","Barbados","Caribbean",NA,"Fruits and nuts","Gross Production Value (constant 2014-2016 thousand I$)","1000 Int$",2022,460,"Avocados","no"
"BRB","Barbados","Caribbean",NA,"Fruits and nuts","Gross Production Value (constant 2014-2016 thousand I$)","1000 Int$",2023,466,"Avocados","no"
"BRB","Barbados","Caribbean",NA,"Fruits and nuts","Gross Production Value (constant 2014-2016 thousand US$)","1000 USD",1992,688,"Avocados","no"
"BRB","Barbados","Caribbean",NA,"Fruits and nuts","Gross Production Value (constant 2014-2016 thousand US$)","1000 USD",1993,688,"Avocados","no"
"BRB","Barbados","Caribbean",NA,"Fruits and nuts","Gross Production Value (constant 2014-2016 thousand US$)","1000 USD",1994,688,"Avocados","no"
"BRB","Barbados","Caribbean",NA,"Fruits and nuts","Gross Production Value (constant 2014-2016 thousand US$)","1000 USD",1995,688,"Avocados","no"
"BRB","Barbados","Caribbean",NA,"Fruits and nuts","Gross Production Value (constant 2014-2016 thousand US$)","1000 USD",1996,688,"Avocados","no"
"BRB","Barbados","Caribbean",NA,"Fruits and nuts","Gross Production Value (constant 2014-2016 thousand US$)","1000 USD",1997,688,"Avocados","no"
"BRB","Barbados","Caribbean",NA,"Fruits and nuts","Gross Production Value (constant 2014-2016 thousand US$)","1000 USD",1998,688,"Avocados","no"
"BRB","Barbados","Caribbean",NA,"Fruits and nuts","Gross Production Value (constant 2014-2016 thousand US$)","1000 USD",1999,571,"Avocados","no"
"BRB","Barbados","Caribbean",NA,"Fruits and nuts","Gross Production Value (constant 2014-2016 thousand US$)","1000 USD",2000,644,"Avocados","no"
"BRB","Barbados","Caribbean",NA,"Fruits and nuts","Gross Production Value (constant 2014-2016 thousand US$)","1000 USD",2001,688,"Avocados","no"
"BRB","Barbados","Caribbean",NA,"Fruits and nuts","Gross Production Value (constant 2014-2016 thousand US$)","1000 USD",2002,717,"Avocados","no"
"BRB","Barbados","Caribbean",NA,"Fruits and nuts","Gross Production Value (constant 2014-2016 thousand US$)","1000 USD",2003,746,"Avocados","no"
"BRB","Barbados","Caribbean",NA,"Fruits and nuts","Gross Production Value (constant 2014-2016 thousand US$)","1000 USD",2004,716,"Avocados","no"
"BRB","Barbados","Caribbean",NA,"Fruits and nuts","Gross Production Value (constant 2014-2016 thousand US$)","1000 USD",2005,716,"Avocados","no"
"BRB","Barbados","Caribbean",NA,"Fruits and nuts","Gross Production Value (constant 2014-2016 thousand US$)","1000 USD",2006,717,"Avocados","no"
"BRB","Barbados","Caribbean",NA,"Fruits and nuts","Gross Production Value (constant 2014-2016 thousand US$)","1000 USD",2007,718,"Avocados","no"
"BRB","Barbados","Caribbean",NA,"Fruits and nuts","Gross Production Value (constant 2014-2016 thousand US$)","1000 USD",2008,718,"Avocados","no"
"BRB","Barbados","Caribbean",NA,"Fruits and nuts","Gross Production Value (constant 2014-2016 thousand US$)","1000 USD",2009,719,"Avocados","no"
"BRB","Barbados","Caribbean",NA,"Fruits and nuts","Gross Production Value (constant 2014-2016 thousand US$)","1000 USD",2010,720,"Avocados","no"
"BRB","Barbados","Caribbean",NA,"Fruits and nuts","Gross Production Value (constant 2014-2016 thousand US$)","1000 USD",2011,720,"Avocados","no"
"BRB","Barbados","Caribbean",NA,"Fruits and nuts","Gross Production Value (constant 2014-2016 thousand US$)","1000 USD",2012,721,"Avocados","no"
"BRB","Barbados","Caribbean",NA,"Fruits and nuts","Gross Production Value (constant 2014-2016 thousand US$)","1000 USD",2013,721,"Avocados","no"
"BRB","Barbados","Caribbean",NA,"Fruits and nuts","Gross Production Value (constant 2014-2016 thousand US$)","1000 USD",2014,722,"Avocados","no"
"BRB","Barbados","Caribbean",NA,"Fruits and nuts","Gross Production Value (constant 2014-2016 thousand US$)","1000 USD",2015,723,"Avocados","no"
"BRB","Barbados","Caribbean",NA,"Fruits and nuts","Gross Production Value (constant 2014-2016 thousand US$)","1000 USD",2016,723,"Avocados","no"
"BRB","Barbados","Caribbean",NA,"Fruits and nuts","Gross Production Value (constant 2014-2016 thousand US$)","1000 USD",2017,724,"Avocados","no"
"BRB","Barbados","Caribbean",NA,"Fruits and nuts","Gross Production Value (constant 2014-2016 thousand US$)","1000 USD",2018,724,"Avocados","no"
"BRB","Barbados","Caribbean",NA,"Fruits and nuts","Gross Production Value (constant 2014-2016 thousand US$)","1000 USD",2019,727,"Avocados","no"
"BRB","Barbados","Caribbean",NA,"Fruits and nuts","Gross Production Value (constant 2014-2016 thousand US$)","1000 USD",2020,731,"Avocados","no"
"BRB","Barbados","Caribbean",NA,"Fruits and nuts","Gross Production Value (constant 2014-2016 thousand US$)","1000 USD",2021,734,"Avocados","no"
"BRB","Barbados","Caribbean",NA,"Fruits and nuts","Gross Production Value (constant 2014-2016 thousand US$)","1000 USD",2022,737,"Avocados","no"
"BRB","Barbados","Caribbean",NA,"Fruits and nuts","Gross Production Value (constant 2014-2016 thousand US$)","1000 USD",2023,746,"Avocados","no"
"BRB","Barbados","Caribbean",NA,"Fruits and nuts","Gross Production Value (constant 2014-2016 thousand I$)","1000 Int$",1992,178,"Bananas","no"
"BRB","Barbados","Caribbean",NA,"Fruits and nuts","Gross Production Value (constant 2014-2016 thousand I$)","1000 Int$",1993,178,"Bananas","no"
"BRB","Barbados","Caribbean",NA,"Fruits and nuts","Gross Production Value (constant 2014-2016 thousand I$)","1000 Int$",1994,178,"Bananas","no"
"BRB","Barbados","Caribbean",NA,"Fruits and nuts","Gross Production Value (constant 2014-2016 thousand I$)","1000 Int$",1995,178,"Bananas","no"
"BRB","Barbados","Caribbean",NA,"Fruits and nuts","Gross Production Value (constant 2014-2016 thousand I$)","1000 Int$",1996,178,"Bananas","no"
"BRB","Barbados","Caribbean",NA,"Fruits and nuts","Gross Production Value (constant 2014-2016 thousand I$)","1000 Int$",1997,196,"Bananas","no"
"BRB","Barbados","Caribbean",NA,"Fruits and nuts","Gross Production Value (constant 2014-2016 thousand I$)","1000 Int$",1998,231,"Bananas","no"
"BRB","Barbados","Caribbean",NA,"Fruits and nuts","Gross Production Value (constant 2014-2016 thousand I$)","1000 Int$",1999,178,"Bananas","no"
"BRB","Barbados","Caribbean",NA,"Fruits and nuts","Gross Production Value (constant 2014-2016 thousand I$)","1000 Int$",2000,185,"Bananas","no"
"BRB","Barbados","Caribbean",NA,"Fruits and nuts","Gross Production Value (constant 2014-2016 thousand I$)","1000 Int$",2001,196,"Bananas","no"
"BRB","Barbados","Caribbean",NA,"Fruits and nuts","Gross Production Value (constant 2014-2016 thousand I$)","1000 Int$",2002,203,"Bananas","no"
"BRB","Barbados","Caribbean",NA,"Fruits and nuts","Gross Production Value (constant 2014-2016 thousand I$)","1000 Int$",2003,213,"Bananas","no"
"BRB","Barbados","Caribbean",NA,"Fruits and nuts","Gross Production Value (constant 2014-2016 thousand I$)","1000 Int$",2004,226,"Bananas","no"
"BRB","Barbados","Caribbean",NA,"Fruits and nuts","Gross Production Value (constant 2014-2016 thousand I$)","1000 Int$",2005,235,"Bananas","no"
"BRB","Barbados","Caribbean",NA,"Fruits and nuts","Gross Production Value (constant 2014-2016 thousand I$)","1000 Int$",2006,242,"Bananas","no"
"BRB","Barbados","Caribbean",NA,"Fruits and nuts","Gross Production Value (constant 2014-2016 thousand I$)","1000 Int$",2007,256,"Bananas","no"
"BRB","Barbados","Caribbean",NA,"Fruits and nuts","Gross Production Value (constant 2014-2016 thousand I$)","1000 Int$",2008,271,"Bananas","no"
"BRB","Barbados","Caribbean",NA,"Fruits and nuts","Gross Production Value (constant 2014-2016 thousand I$)","1000 Int$",2009,286,"Bananas","no"
"BRB","Barbados","Caribbean",NA,"Fruits and nuts","Gross Production Value (constant 2014-2016 thousand I$)","1000 Int$",2010,301,"Bananas","no"
"BRB","Barbados","Caribbean",NA,"Fruits and nuts","Gross Production Value (constant 2014-2016 thousand I$)","1000 Int$",2011,318,"Bananas","no"
"BRB","Barbados","Caribbean",NA,"Fruits and nuts","Gross Production Value (constant 2014-2016 thousand I$)","1000 Int$",2012,338,"Bananas","no"
"BRB","Barbados","Caribbean",NA,"Fruits and nuts","Gross Production Value (constant 2014-2016 thousand I$)","1000 Int$",2013,340,"Bananas","no"
"BRB","Barbados","Caribbean",NA,"Fruits and nuts","Gross Production Value (constant 2014-2016 thousand I$)","1000 Int$",2014,348,"Bananas","no"
"BRB","Barbados","Caribbean",NA,"Fruits and nuts","Gross Production Value (constant 2014-2016 thousand I$)","1000 Int$",2015,353,"Bananas","no"
"BRB","Barbados","Caribbean",NA,"Fruits and nuts","Gross Production Value (constant 2014-2016 thousand I$)","1000 Int$",2016,357,"Bananas","no"
"BRB","Barbados","Caribbean",NA,"Fruits and nuts","Gross Production Value (constant 2014-2016 thousand I$)","1000 Int$",2017,364,"Bananas","no"
"BRB","Barbados","Caribbean",NA,"Fruits and nuts","Gross Production Value (constant 2014-2016 thousand I$)","1000 Int$",2018,342,"Bananas","no"
"BRB","Barbados","Caribbean",NA,"Fruits and nuts","Gross Production Value (constant 2014-2016 thousand I$)","1000 Int$",2019,343,"Bananas","no"
"BRB","Barbados","Caribbean",NA,"Fruits and nuts","Gross Production Value (constant 2014-2016 thousand I$)","1000 Int$",2020,396,"Bananas","no"
"BRB","Barbados","Caribbean",NA,"Fruits and nuts","Gross Production Value (constant 2014-2016 thousand I$)","1000 Int$",2021,464,"Bananas","no"
"BRB","Barbados","Caribbean",NA,"Fruits and nuts","Gross Production Value (constant 2014-2016 thousand I$)","1000 Int$",2022,92,"Bananas","no"
"BRB","Barbados","Caribbean",NA,"Fruits and nuts","Gross Production Value (constant 2014-2016 thousand I$)","1000 Int$",2023,256,"Bananas","no"
"BRB","Barbados","Caribbean",NA,"Fruits and nuts","Gross Production Value (constant 2014-2016 thousand US$)","1000 USD",1992,731,"Bananas","no"
"BRB","Barbados","Caribbean",NA,"Fruits and nuts","Gross Production Value (constant 2014-2016 thousand US$)","1000 USD",1993,731,"Bananas","no"
"BRB","Barbados","Caribbean",NA,"Fruits and nuts","Gross Production Value (constant 2014-2016 thousand US$)","1000 USD",1994,731,"Bananas","no"
"BRB","Barbados","Caribbean",NA,"Fruits and nuts","Gross Production Value (constant 2014-2016 thousand US$)","1000 USD",1995,731,"Bananas","no"
"BRB","Barbados","Caribbean",NA,"Fruits and nuts","Gross Production Value (constant 2014-2016 thousand US$)","1000 USD",1996,731,"Bananas","no"
"BRB","Barbados","Caribbean",NA,"Fruits and nuts","Gross Production Value (constant 2014-2016 thousand US$)","1000 USD",1997,804,"Bananas","no"
"BRB","Barbados","Caribbean",NA,"Fruits and nuts","Gross Production Value (constant 2014-2016 thousand US$)","1000 USD",1998,950,"Bananas","no"
"BRB","Barbados","Caribbean",NA,"Fruits and nuts","Gross Production Value (constant 2014-2016 thousand US$)","1000 USD",1999,731,"Bananas","no"
"BRB","Barbados","Caribbean",NA,"Fruits and nuts","Gross Production Value (constant 2014-2016 thousand US$)","1000 USD",2000,760,"Bananas","no"
"BRB","Barbados","Caribbean",NA,"Fruits and nuts","Gross Production Value (constant 2014-2016 thousand US$)","1000 USD",2001,804,"Bananas","no"
"BRB","Barbados","Caribbean",NA,"Fruits and nuts","Gross Production Value (constant 2014-2016 thousand US$)","1000 USD",2002,833,"Bananas","no"
"BRB","Barbados","Caribbean",NA,"Fruits and nuts","Gross Production Value (constant 2014-2016 thousand US$)","1000 USD",2003,877,"Bananas","no"
"BRB","Barbados","Caribbean",NA,"Fruits and nuts","Gross Production Value (constant 2014-2016 thousand US$)","1000 USD",2004,928,"Bananas","no"
"BRB","Barbados","Caribbean",NA,"Fruits and nuts","Gross Production Value (constant 2014-2016 thousand US$)","1000 USD",2005,965,"Bananas","no"
"BRB","Barbados","Caribbean",NA,"Fruits and nuts","Gross Production Value (constant 2014-2016 thousand US$)","1000 USD",2006,994,"Bananas","no"
"BRB","Barbados","Caribbean",NA,"Fruits and nuts","Gross Production Value (constant 2014-2016 thousand US$)","1000 USD",2007,1052,"Bananas","no"
"BRB","Barbados","Caribbean",NA,"Fruits and nuts","Gross Production Value (constant 2014-2016 thousand US$)","1000 USD",2008,1112,"Bananas","no"
"BRB","Barbados","Caribbean",NA,"Fruits and nuts","Gross Production Value (constant 2014-2016 thousand US$)","1000 USD",2009,1174,"Bananas","no"
"BRB","Barbados","Caribbean",NA,"Fruits and nuts","Gross Production Value (constant 2014-2016 thousand US$)","1000 USD",2010,1236,"Bananas","no"
"BRB","Barbados","Caribbean",NA,"Fruits and nuts","Gross Production Value (constant 2014-2016 thousand US$)","1000 USD",2011,1307,"Bananas","no"
"BRB","Barbados","Caribbean",NA,"Fruits and nuts","Gross Production Value (constant 2014-2016 thousand US$)","1000 USD",2012,1389,"Bananas","no"
"BRB","Barbados","Caribbean",NA,"Fruits and nuts","Gross Production Value (constant 2014-2016 thousand US$)","1000 USD",2013,1397,"Bananas","no"
"BRB","Barbados","Caribbean",NA,"Fruits and nuts","Gross Production Value (constant 2014-2016 thousand US$)","1000 USD",2014,1432,"Bananas","no"
"BRB","Barbados","Caribbean",NA,"Fruits and nuts","Gross Production Value (constant 2014-2016 thousand US$)","1000 USD",2015,1450,"Bananas","no"
"BRB","Barbados","Caribbean",NA,"Fruits and nuts","Gross Production Value (constant 2014-2016 thousand US$)","1000 USD",2016,1469,"Bananas","no"
"BRB","Barbados","Caribbean",NA,"Fruits and nuts","Gross Production Value (constant 2014-2016 thousand US$)","1000 USD",2017,1498,"Bananas","no"
"BRB","Barbados","Caribbean",NA,"Fruits and nuts","Gross Production Value (constant 2014-2016 thousand US$)","1000 USD",2018,1405,"Bananas","no"
"BRB","Barbados","Caribbean",NA,"Fruits and nuts","Gross Production Value (constant 2014-2016 thousand US$)","1000 USD",2019,1412,"Bananas","no"
"BRB","Barbados","Caribbean",NA,"Fruits and nuts","Gross Production Value (constant 2014-2016 thousand US$)","1000 USD",2020,1628,"Bananas","no"
"BRB","Barbados","Caribbean",NA,"Fruits and nuts","Gross Production Value (constant 2014-2016 thousand US$)","1000 USD",2021,1907,"Bananas","no"
"BRB","Barbados","Caribbean",NA,"Fruits and nuts","Gross Production Value (constant 2014-2016 thousand US$)","1000 USD",2022,379,"Bananas","no"
"BRB","Barbados","Caribbean",NA,"Fruits and nuts","Gross Production Value (constant 2014-2016 thousand US$)","1000 USD",2023,1051,"Bananas","no"
"BRB","Barbados","Caribbean",NA,"Pulses (dried leguminous vegetables)","Gross Production Value (constant 2014-2016 thousand I$)","1000 Int$",1992,0,"Beans","no"
"BRB","Barbados","Caribbean",NA,"Pulses (dried leguminous vegetables)","Gross Production Value (constant 2014-2016 thousand I$)","1000 Int$",1993,0,"Beans","no"
"BRB","Barbados","Caribbean",NA,"Pulses (dried leguminous vegetables)","Gross Production Value (constant 2014-2016 thousand I$)","1000 Int$",1994,0,"Beans","no"
"BRB","Barbados","Caribbean",NA,"Pulses (dried leguminous vegetables)","Gross Production Value (constant 2014-2016 thousand I$)","1000 Int$",1995,0,"Beans","no"
"BRB","Barbados","Caribbean",NA,"Pulses (dried leguminous vegetables)","Gross Production Value (constant 2014-2016 thousand I$)","1000 Int$",1996,0,"Beans","no"
"BRB","Barbados","Caribbean",NA,"Pulses (dried leguminous vegetables)","Gross Production Value (constant 2014-2016 thousand I$)","1000 Int$",1997,0,"Beans","no"
"BRB","Barbados","Caribbean",NA,"Pulses (dried leguminous vegetables)","Gross Production Value (constant 2014-2016 thousand I$)","1000 Int$",1998,229,"Beans","no"
"BRB","Barbados","Caribbean",NA,"Pulses (dried leguminous vegetables)","Gross Production Value (constant 2014-2016 thousand I$)","1000 Int$",1999,236,"Beans","no"
"BRB","Barbados","Caribbean",NA,"Pulses (dried leguminous vegetables)","Gross Production Value (constant 2014-2016 thousand I$)","1000 Int$",2000,259,"Beans","no"
"BRB","Barbados","Caribbean",NA,"Pulses (dried leguminous vegetables)","Gross Production Value (constant 2014-2016 thousand I$)","1000 Int$",2001,278,"Beans","no"
"BRB","Barbados","Caribbean",NA,"Pulses (dried leguminous vegetables)","Gross Production Value (constant 2014-2016 thousand I$)","1000 Int$",2002,300,"Beans","no"
"BRB","Barbados","Caribbean",NA,"Pulses (dried leguminous vegetables)","Gross Production Value (constant 2014-2016 thousand I$)","1000 Int$",2003,385,"Beans","no"
"BRB","Barbados","Caribbean",NA,"Pulses (dried leguminous vegetables)","Gross Production Value (constant 2014-2016 thousand I$)","1000 Int$",2004,186,"Beans","no"
"BRB","Barbados","Caribbean",NA,"Pulses (dried leguminous vegetables)","Gross Production Value (constant 2014-2016 thousand I$)","1000 Int$",2005,261,"Beans","no"
"BRB","Barbados","Caribbean",NA,"Pulses (dried leguminous vegetables)","Gross Production Value (constant 2014-2016 thousand I$)","1000 Int$",2006,283,"Beans","no"
"BRB","Barbados","Caribbean",NA,"Pulses (dried leguminous vegetables)","Gross Production Value (constant 2014-2016 thousand I$)","1000 Int$",2007,192,"Beans","no"
"BRB","Barbados","Caribbean",NA,"Pulses (dried leguminous vegetables)","Gross Production Value (constant 2014-2016 thousand I$)","1000 Int$",2008,128,"Beans","no"
"BRB","Barbados","Caribbean",NA,"Pulses (dried leguminous vegetables)","Gross Production Value (constant 2014-2016 thousand I$)","1000 Int$",2009,127,"Beans","no"
"BRB","Barbados","Caribbean",NA,"Pulses (dried leguminous vegetables)","Gross Production Value (constant 2014-2016 thousand I$)","1000 Int$",2010,169,"Beans","no"
"BRB","Barbados","Caribbean",NA,"Pulses (dried leguminous vegetables)","Gross Production Value (constant 2014-2016 thousand I$)","1000 Int$",2011,206,"Beans","no"
"BRB","Barbados","Caribbean",NA,"Pulses (dried leguminous vegetables)","Gross Production Value (constant 2014-2016 thousand I$)","1000 Int$",2012,167,"Beans","no"
"BRB","Barbados","Caribbean",NA,"Pulses (dried leguminous vegetables)","Gross Production Value (constant 2014-2016 thousand I$)","1000 Int$",2013,85,"Beans","no"
"BRB","Barbados","Caribbean",NA,"Pulses (dried leguminous vegetables)","Gross Production Value (constant 2014-2016 thousand I$)","1000 Int$",2014,86,"Beans","no"
"BRB","Barbados","Caribbean",NA,"Pulses (dried leguminous vegetables)","Gross Production Value (constant 2014-2016 thousand I$)","1000 Int$",2015,96,"Beans","no"
"BRB","Barbados","Caribbean",NA,"Pulses (dried leguminous vegetables)","Gross Production Value (constant 2014-2016 thousand I$)","1000 Int$",2016,89,"Beans","no"
"BRB","Barbados","Caribbean",NA,"Pulses (dried leguminous vegetables)","Gross Production Value (constant 2014-2016 thousand I$)","1000 Int$",2017,91,"Beans","no"
"BRB","Barbados","Caribbean",NA,"Pulses (dried leguminous vegetables)","Gross Production Value (constant 2014-2016 thousand I$)","1000 Int$",2018,92,"Beans","no"
"BRB","Barbados","Caribbean",NA,"Pulses (dried leguminous vegetables)","Gross Production Value (constant 2014-2016 thousand I$)","1000 Int$",2019,91,"Beans","no"
"BRB","Barbados","Caribbean",NA,"Pulses (dried leguminous vegetables)","Gross Production Value (constant 2014-2016 thousand I$)","1000 Int$",2020,91,"Beans","no"
"BRB","Barbados","Caribbean",NA,"Pulses (dried leguminous vegetables)","Gross Production Value (constant 2014-2016 thousand I$)","1000 Int$",2021,91,"Beans","no"
"BRB","Barbados","Caribbean",NA,"Pulses (dried leguminous vegetables)","Gross Production Value (constant 2014-2016 thousand I$)","1000 Int$",2022,91,"Beans","no"
"BRB","Barbados","Caribbean",NA,"Pulses (dried leguminous vegetables)","Gross Production Value (constant 2014-2016 thousand I$)","1000 Int$",2023,91,"Beans","no"
"BRB","Barbados","Caribbean",NA,"Pulses (dried leguminous vegetables)","Gross Production Value (constant 2014-2016 thousand US$)","1000 USD",1992,0,"Beans","no"
"BRB","Barbados","Caribbean",NA,"Pulses (dried leguminous vegetables)","Gross Production Value (constant 2014-2016 thousand US$)","1000 USD",1993,0,"Beans","no"
"BRB","Barbados","Caribbean",NA,"Pulses (dried leguminous vegetables)","Gross Production Value (constant 2014-2016 thousand US$)","1000 USD",1994,0,"Beans","no"
"BRB","Barbados","Caribbean",NA,"Pulses (dried leguminous vegetables)","Gross Production Value (constant 2014-2016 thousand US$)","1000 USD",1995,0,"Beans","no"
"BRB","Barbados","Caribbean",NA,"Pulses (dried leguminous vegetables)","Gross Production Value (constant 2014-2016 thousand US$)","1000 USD",1996,0,"Beans","no"
"BRB","Barbados","Caribbean",NA,"Pulses (dried leguminous vegetables)","Gross Production Value (constant 2014-2016 thousand US$)","1000 USD",1997,0,"Beans","no"
"BRB","Barbados","Caribbean",NA,"Pulses (dried leguminous vegetables)","Gross Production Value (constant 2014-2016 thousand US$)","1000 USD",1998,1537,"Beans","no"
"BRB","Barbados","Caribbean",NA,"Pulses (dried leguminous vegetables)","Gross Production Value (constant 2014-2016 thousand US$)","1000 USD",1999,1589,"Beans","no"
"BRB","Barbados","Caribbean",NA,"Pulses (dried leguminous vegetables)","Gross Production Value (constant 2014-2016 thousand US$)","1000 USD",2000,1742,"Beans","no"
"BRB","Barbados","Caribbean",NA,"Pulses (dried leguminous vegetables)","Gross Production Value (constant 2014-2016 thousand US$)","1000 USD",2001,1870,"Beans","no"
"BRB","Barbados","Caribbean",NA,"Pulses (dried leguminous vegetables)","Gross Production Value (constant 2014-2016 thousand US$)","1000 USD",2002,2019,"Beans","no"
"BRB","Barbados","Caribbean",NA,"Pulses (dried leguminous vegetables)","Gross Production Value (constant 2014-2016 thousand US$)","1000 USD",2003,2588,"Beans","no"
"BRB","Barbados","Caribbean",NA,"Pulses (dried leguminous vegetables)","Gross Production Value (constant 2014-2016 thousand US$)","1000 USD",2004,1248,"Beans","no"
"BRB","Barbados","Caribbean",NA,"Pulses (dried leguminous vegetables)","Gross Production Value (constant 2014-2016 thousand US$)","1000 USD",2005,1758,"Beans","no"
"BRB","Barbados","Caribbean",NA,"Pulses (dried leguminous vegetables)","Gross Production Value (constant 2014-2016 thousand US$)","1000 USD",2006,1901,"Beans","no"
"BRB","Barbados","Caribbean",NA,"Pulses (dried leguminous vegetables)","Gross Production Value (constant 2014-2016 thousand US$)","1000 USD",2007,1291,"Beans","no"
"BRB","Barbados","Caribbean",NA,"Pulses (dried leguminous vegetables)","Gross Production Value (constant 2014-2016 thousand US$)","1000 USD",2008,861,"Beans","no"
"BRB","Barbados","Caribbean",NA,"Pulses (dried leguminous vegetables)","Gross Production Value (constant 2014-2016 thousand US$)","1000 USD",2009,851,"Beans","no"
"BRB","Barbados","Caribbean",NA,"Pulses (dried leguminous vegetables)","Gross Production Value (constant 2014-2016 thousand US$)","1000 USD",2010,1138,"Beans","no"
"BRB","Barbados","Caribbean",NA,"Pulses (dried leguminous vegetables)","Gross Production Value (constant 2014-2016 thousand US$)","1000 USD",2011,1384,"Beans","no"
"BRB","Barbados","Caribbean",NA,"Pulses (dried leguminous vegetables)","Gross Production Value (constant 2014-2016 thousand US$)","1000 USD",2012,1122,"Beans","no"
"BRB","Barbados","Caribbean",NA,"Pulses (dried leguminous vegetables)","Gross Production Value (constant 2014-2016 thousand US$)","1000 USD",2013,574,"Beans","no"
"BRB","Barbados","Caribbean",NA,"Pulses (dried leguminous vegetables)","Gross Production Value (constant 2014-2016 thousand US$)","1000 USD",2014,579,"Beans","no"
"BRB","Barbados","Caribbean",NA,"Pulses (dried leguminous vegetables)","Gross Production Value (constant 2014-2016 thousand US$)","1000 USD",2015,648,"Beans","no"
"BRB","Barbados","Caribbean",NA,"Pulses (dried leguminous vegetables)","Gross Production Value (constant 2014-2016 thousand US$)","1000 USD",2016,600,"Beans","no"
"BRB","Barbados","Caribbean",NA,"Pulses (dried leguminous vegetables)","Gross Production Value (constant 2014-2016 thousand US$)","1000 USD",2017,609,"Beans","no"
"BRB","Barbados","Caribbean",NA,"Pulses (dried leguminous vegetables)","Gross Production Value (constant 2014-2016 thousand US$)","1000 USD",2018,619,"Beans","no"
"BRB","Barbados","Caribbean",NA,"Pulses (dried leguminous vegetables)","Gross Production Value (constant 2014-2016 thousand US$)","1000 USD",2019,609,"Beans","no"
"BRB","Barbados","Caribbean",NA,"Pulses (dried leguminous vegetables)","Gross Production Value (constant 2014-2016 thousand US$)","1000 USD",2020,612,"Beans","no"
"BRB","Barbados","Caribbean",NA,"Pulses (dried leguminous vegetables)","Gross Production Value (constant 2014-2016 thousand US$)","1000 USD",2021,614,"Beans","no"
"BRB","Barbados","Caribbean",NA,"Pulses (dried leguminous vegetables)","Gross Production Value (constant 2014-2016 thousand US$)","1000 USD",2022,612,"Beans","no"
"BRB","Barbados","Caribbean",NA,"Pulses (dried leguminous vegetables)","Gross Production Value (constant 2014-2016 thousand US$)","1000 USD",2023,613,"Beans","no"
"BRB","Barbados","Caribbean",NA,"Vegetables","Gross Production Value (constant 2014-2016 thousand I$)","1000 Int$",1992,99,"Cabbages","no"
"BRB","Barbados","Caribbean",NA,"Vegetables","Gross Production Value (constant 2014-2016 thousand I$)","1000 Int$",1993,170,"Cabbages","no"
"BRB","Barbados","Caribbean",NA,"Vegetables","Gross Production Value (constant 2014-2016 thousand I$)","1000 Int$",1994,117,"Cabbages","no"
"BRB","Barbados","Caribbean",NA,"Vegetables","Gross Production Value (constant 2014-2016 thousand I$)","1000 Int$",1995,372,"Cabbages","no"
"BRB","Barbados","Caribbean",NA,"Vegetables","Gross Production Value (constant 2014-2016 thousand I$)","1000 Int$",1996,305,"Cabbages","no"
"BRB","Barbados","Caribbean",NA,"Vegetables","Gross Production Value (constant 2014-2016 thousand I$)","1000 Int$",1997,273,"Cabbages","no"
"BRB","Barbados","Caribbean",NA,"Vegetables","Gross Production Value (constant 2014-2016 thousand I$)","1000 Int$",1998,250,"Cabbages","no"
"BRB","Barbados","Caribbean",NA,"Vegetables","Gross Production Value (constant 2014-2016 thousand I$)","1000 Int$",1999,228,"Cabbages","no"
"BRB","Barbados","Caribbean",NA,"Vegetables","Gross Production Value (constant 2014-2016 thousand I$)","1000 Int$",2000,182,"Cabbages","no"
"BRB","Barbados","Caribbean",NA,"Vegetables","Gross Production Value (constant 2014-2016 thousand I$)","1000 Int$",2001,159,"Cabbages","no"
"BRB","Barbados","Caribbean",NA,"Vegetables","Gross Production Value (constant 2014-2016 thousand I$)","1000 Int$",2002,114,"Cabbages","no"
"BRB","Barbados","Caribbean",NA,"Vegetables","Gross Production Value (constant 2014-2016 thousand I$)","1000 Int$",2003,146,"Cabbages","no"
"BRB","Barbados","Caribbean",NA,"Vegetables","Gross Production Value (constant 2014-2016 thousand I$)","1000 Int$",2004,98,"Cabbages","no"
"BRB","Barbados","Caribbean",NA,"Vegetables","Gross Production Value (constant 2014-2016 thousand I$)","1000 Int$",2005,92,"Cabbages","no"
"BRB","Barbados","Caribbean",NA,"Vegetables","Gross Production Value (constant 2014-2016 thousand I$)","1000 Int$",2006,146,"Cabbages","no"
"BRB","Barbados","Caribbean",NA,"Vegetables","Gross Production Value (constant 2014-2016 thousand I$)","1000 Int$",2007,58,"Cabbages","no"
"BRB","Barbados","Caribbean",NA,"Vegetables","Gross Production Value (constant 2014-2016 thousand I$)","1000 Int$",2008,100,"Cabbages","no"
"BRB","Barbados","Caribbean",NA,"Vegetables","Gross Production Value (constant 2014-2016 thousand I$)","1000 Int$",2009,58,"Cabbages","no"
"BRB","Barbados","Caribbean",NA,"Vegetables","Gross Production Value (constant 2014-2016 thousand I$)","1000 Int$",2010,14,"Cabbages","no"
"BRB","Barbados","Caribbean",NA,"Vegetables","Gross Production Value (constant 2014-2016 thousand I$)","1000 Int$",2011,60,"Cabbages","no"
"BRB","Barbados","Caribbean",NA,"Vegetables","Gross Production Value (constant 2014-2016 thousand I$)","1000 Int$",2012,59,"Cabbages","no"
"BRB","Barbados","Caribbean",NA,"Vegetables","Gross Production Value (constant 2014-2016 thousand I$)","1000 Int$",2013,41,"Cabbages","no"
"BRB","Barbados","Caribbean",NA,"Vegetables","Gross Production Value (constant 2014-2016 thousand I$)","1000 Int$",2014,73,"Cabbages","no"
"BRB","Barbados","Caribbean",NA,"Vegetables","Gross Production Value (constant 2014-2016 thousand I$)","1000 Int$",2015,82,"Cabbages","no"
"BRB","Barbados","Caribbean",NA,"Vegetables","Gross Production Value (constant 2014-2016 thousand I$)","1000 Int$",2016,68,"Cabbages","no"
"BRB","Barbados","Caribbean",NA,"Vegetables","Gross Production Value (constant 2014-2016 thousand I$)","1000 Int$",2017,107,"Cabbages","no"
"BRB","Barbados","Caribbean",NA,"Vegetables","Gross Production Value (constant 2014-2016 thousand I$)","1000 Int$",2018,153,"Cabbages","no"
"BRB","Barbados","Caribbean",NA,"Vegetables","Gross Production Value (constant 2014-2016 thousand I$)","1000 Int$",2019,95,"Cabbages","no"
"BRB","Barbados","Caribbean",NA,"Vegetables","Gross Production Value (constant 2014-2016 thousand I$)","1000 Int$",2020,86,"Cabbages","no"
"BRB","Barbados","Caribbean",NA,"Vegetables","Gross Production Value (constant 2014-2016 thousand I$)","1000 Int$",2021,48,"Cabbages","no"
"BRB","Barbados","Caribbean",NA,"Vegetables","Gross Production Value (constant 2014-2016 thousand I$)","1000 Int$",2022,71,"Cabbages","no"
"BRB","Barbados","Caribbean",NA,"Vegetables","Gross Production Value (constant 2014-2016 thousand I$)","1000 Int$",2023,71,"Cabbages","no"
"BRB","Barbados","Caribbean",NA,"Vegetables","Gross Production Value (constant 2014-2016 thousand US$)","1000 USD",1992,1055,"Cabbages","no"
"BRB","Barbados","Caribbean",NA,"Vegetables","Gross Production Value (constant 2014-2016 thousand US$)","1000 USD",1993,1804,"Cabbages","no"
"BRB","Barbados","Caribbean",NA,"Vegetables","Gross Production Value (constant 2014-2016 thousand US$)","1000 USD",1994,1241,"Cabbages","no"
"BRB","Barbados","Caribbean",NA,"Vegetables","Gross Production Value (constant 2014-2016 thousand US$)","1000 USD",1995,3944,"Cabbages","no"
"BRB","Barbados","Caribbean",NA,"Vegetables","Gross Production Value (constant 2014-2016 thousand US$)","1000 USD",1996,3239,"Cabbages","no"
"BRB","Barbados","Caribbean",NA,"Vegetables","Gross Production Value (constant 2014-2016 thousand US$)","1000 USD",1997,2898,"Cabbages","no"
"BRB","Barbados","Caribbean",NA,"Vegetables","Gross Production Value (constant 2014-2016 thousand US$)","1000 USD",1998,2657,"Cabbages","no"
"BRB","Barbados","Caribbean",NA,"Vegetables","Gross Production Value (constant 2014-2016 thousand US$)","1000 USD",1999,2415,"Cabbages","no"
"BRB","Barbados","Caribbean",NA,"Vegetables","Gross Production Value (constant 2014-2016 thousand US$)","1000 USD",2000,1932,"Cabbages","no"
"BRB","Barbados","Caribbean",NA,"Vegetables","Gross Production Value (constant 2014-2016 thousand US$)","1000 USD",2001,1691,"Cabbages","no"
"BRB","Barbados","Caribbean",NA,"Vegetables","Gross Production Value (constant 2014-2016 thousand US$)","1000 USD",2002,1210,"Cabbages","no"
"BRB","Barbados","Caribbean",NA,"Vegetables","Gross Production Value (constant 2014-2016 thousand US$)","1000 USD",2003,1546,"Cabbages","no"
"BRB","Barbados","Caribbean",NA,"Vegetables","Gross Production Value (constant 2014-2016 thousand US$)","1000 USD",2004,1043,"Cabbages","no"
"BRB","Barbados","Caribbean",NA,"Vegetables","Gross Production Value (constant 2014-2016 thousand US$)","1000 USD",2005,978,"Cabbages","no"
"BRB","Barbados","Caribbean",NA,"Vegetables","Gross Production Value (constant 2014-2016 thousand US$)","1000 USD",2006,1551,"Cabbages","no"
"BRB","Barbados","Caribbean",NA,"Vegetables","Gross Production Value (constant 2014-2016 thousand US$)","1000 USD",2007,613,"Cabbages","no"
"BRB","Barbados","Caribbean",NA,"Vegetables","Gross Production Value (constant 2014-2016 thousand US$)","1000 USD",2008,1058,"Cabbages","no"
"BRB","Barbados","Caribbean",NA,"Vegetables","Gross Production Value (constant 2014-2016 thousand US$)","1000 USD",2009,613,"Cabbages","no"
"BRB","Barbados","Caribbean",NA,"Vegetables","Gross Production Value (constant 2014-2016 thousand US$)","1000 USD",2010,145,"Cabbages","no"
"BRB","Barbados","Caribbean",NA,"Vegetables","Gross Production Value (constant 2014-2016 thousand US$)","1000 USD",2011,633,"Cabbages","no"
"BRB","Barbados","Caribbean",NA,"Vegetables","Gross Production Value (constant 2014-2016 thousand US$)","1000 USD",2012,630,"Cabbages","no"
"BRB","Barbados","Caribbean",NA,"Vegetables","Gross Production Value (constant 2014-2016 thousand US$)","1000 USD",2013,440,"Cabbages","no"
"BRB","Barbados","Caribbean",NA,"Vegetables","Gross Production Value (constant 2014-2016 thousand US$)","1000 USD",2014,780,"Cabbages","no"
"BRB","Barbados","Caribbean",NA,"Vegetables","Gross Production Value (constant 2014-2016 thousand US$)","1000 USD",2015,871,"Cabbages","no"
"BRB","Barbados","Caribbean",NA,"Vegetables","Gross Production Value (constant 2014-2016 thousand US$)","1000 USD",2016,721,"Cabbages","no"
"BRB","Barbados","Caribbean",NA,"Vegetables","Gross Production Value (constant 2014-2016 thousand US$)","1000 USD",2017,1137,"Cabbages","no"
"BRB","Barbados","Caribbean",NA,"Vegetables","Gross Production Value (constant 2014-2016 thousand US$)","1000 USD",2018,1628,"Cabbages","no"
"BRB","Barbados","Caribbean",NA,"Vegetables","Gross Production Value (constant 2014-2016 thousand US$)","1000 USD",2019,1006,"Cabbages","no"
"BRB","Barbados","Caribbean",NA,"Vegetables","Gross Production Value (constant 2014-2016 thousand US$)","1000 USD",2020,912,"Cabbages","no"
"BRB","Barbados","Caribbean",NA,"Vegetables","Gross Production Value (constant 2014-2016 thousand US$)","1000 USD",2021,512,"Cabbages","no"
"BRB","Barbados","Caribbean",NA,"Vegetables","Gross Production Value (constant 2014-2016 thousand US$)","1000 USD",2022,754,"Cabbages","no"
"BRB","Barbados","Caribbean",NA,"Vegetables","Gross Production Value (constant 2014-2016 thousand US$)","1000 USD",2023,750,"Cabbages","no"
"BRB","Barbados","Caribbean",NA,"Vegetables","Gross Production Value (constant 2014-2016 thousand I$)","1000 Int$",1992,29,"Cantaloupes and other melons","no"
"BRB","Barbados","Caribbean",NA,"Vegetables","Gross Production Value (constant 2014-2016 thousand I$)","1000 Int$",1993,45,"Cantaloupes and other melons","no"
"BRB","Barbados","Caribbean",NA,"Vegetables","Gross Production Value (constant 2014-2016 thousand I$)","1000 Int$",1994,39,"Cantaloupes and other melons","no"
"BRB","Barbados","Caribbean",NA,"Vegetables","Gross Production Value (constant 2014-2016 thousand I$)","1000 Int$",1995,147,"Cantaloupes and other melons","no"
"BRB","Barbados","Caribbean",NA,"Vegetables","Gross Production Value (constant 2014-2016 thousand I$)","1000 Int$",1996,150,"Cantaloupes and other melons","no"
"BRB","Barbados","Caribbean",NA,"Vegetables","Gross Production Value (constant 2014-2016 thousand I$)","1000 Int$",1997,111,"Cantaloupes and other melons","no"
"BRB","Barbados","Caribbean",NA,"Vegetables","Gross Production Value (constant 2014-2016 thousand I$)","1000 Int$",1998,108,"Cantaloupes and other melons","no"
"BRB","Barbados","Caribbean",NA,"Vegetables","Gross Production Value (constant 2014-2016 thousand I$)","1000 Int$",1999,109,"Cantaloupes and other melons","no"
"BRB","Barbados","Caribbean",NA,"Vegetables","Gross Production Value (constant 2014-2016 thousand I$)","1000 Int$",2000,113,"Cantaloupes and other melons","no"
"BRB","Barbados","Caribbean",NA,"Vegetables","Gross Production Value (constant 2014-2016 thousand I$)","1000 Int$",2001,108,"Cantaloupes and other melons","no"
"BRB","Barbados","Caribbean",NA,"Vegetables","Gross Production Value (constant 2014-2016 thousand I$)","1000 Int$",2002,105,"Cantaloupes and other melons","no"
"BRB","Barbados","Caribbean",NA,"Vegetables","Gross Production Value (constant 2014-2016 thousand I$)","1000 Int$",2003,129,"Cantaloupes and other melons","no"
"BRB","Barbados","Caribbean",NA,"Vegetables","Gross Production Value (constant 2014-2016 thousand I$)","1000 Int$",2004,141,"Cantaloupes and other melons","no"
"BRB","Barbados","Caribbean",NA,"Vegetables","Gross Production Value (constant 2014-2016 thousand I$)","1000 Int$",2005,143,"Cantaloupes and other melons","no"
"BRB","Barbados","Caribbean",NA,"Vegetables","Gross Production Value (constant 2014-2016 thousand I$)","1000 Int$",2006,116,"Cantaloupes and other melons","no"
"BRB","Barbados","Caribbean",NA,"Vegetables","Gross Production Value (constant 2014-2016 thousand I$)","1000 Int$",2007,179,"Cantaloupes and other melons","no"
"BRB","Barbados","Caribbean",NA,"Vegetables","Gross Production Value (constant 2014-2016 thousand I$)","1000 Int$",2008,69,"Cantaloupes and other melons","no"
"BRB","Barbados","Caribbean",NA,"Vegetables","Gross Production Value (constant 2014-2016 thousand I$)","1000 Int$",2009,94,"Cantaloupes and other melons","no"
"BRB","Barbados","Caribbean",NA,"Vegetables","Gross Production Value (constant 2014-2016 thousand I$)","1000 Int$",2010,90,"Cantaloupes and other melons","no"
"BRB","Barbados","Caribbean",NA,"Vegetables","Gross Production Value (constant 2014-2016 thousand I$)","1000 Int$",2011,116,"Cantaloupes and other melons","no"
"BRB","Barbados","Caribbean",NA,"Vegetables","Gross Production Value (constant 2014-2016 thousand I$)","1000 Int$",2012,130,"Cantaloupes and other melons","no"
"BRB","Barbados","Caribbean",NA,"Vegetables","Gross Production Value (constant 2014-2016 thousand I$)","1000 Int$",2013,146,"Cantaloupes and other melons","no"
"BRB","Barbados","Caribbean",NA,"Vegetables","Gross Production Value (constant 2014-2016 thousand I$)","1000 Int$",2014,175,"Cantaloupes and other melons","no"
"BRB","Barbados","Caribbean",NA,"Vegetables","Gross Production Value (constant 2014-2016 thousand I$)","1000 Int$",2015,150,"Cantaloupes and other melons","no"
"BRB","Barbados","Caribbean",NA,"Vegetables","Gross Production Value (constant 2014-2016 thousand I$)","1000 Int$",2016,111,"Cantaloupes and other melons","no"
"BRB","Barbados","Caribbean",NA,"Vegetables","Gross Production Value (constant 2014-2016 thousand I$)","1000 Int$",2017,155,"Cantaloupes and other melons","no"
"BRB","Barbados","Caribbean",NA,"Vegetables","Gross Production Value (constant 2014-2016 thousand I$)","1000 Int$",2018,256,"Cantaloupes and other melons","no"
"BRB","Barbados","Caribbean",NA,"Vegetables","Gross Production Value (constant 2014-2016 thousand I$)","1000 Int$",2019,194,"Cantaloupes and other melons","no"
"BRB","Barbados","Caribbean",NA,"Vegetables","Gross Production Value (constant 2014-2016 thousand I$)","1000 Int$",2020,146,"Cantaloupes and other melons","no"
"BRB","Barbados","Caribbean",NA,"Vegetables","Gross Production Value (constant 2014-2016 thousand I$)","1000 Int$",2021,112,"Cantaloupes and other melons","no"
"BRB","Barbados","Caribbean",NA,"Vegetables","Gross Production Value (constant 2014-2016 thousand I$)","1000 Int$",2022,722,"Cantaloupes and other melons","no"
"BRB","Barbados","Caribbean",NA,"Vegetables","Gross Production Value (constant 2014-2016 thousand I$)","1000 Int$",2023,426,"Cantaloupes and other melons","no"
"BRB","Barbados","Caribbean",NA,"Vegetables","Gross Production Value (constant 2014-2016 thousand US$)","1000 USD",1992,135,"Cantaloupes and other melons","no"
"BRB","Barbados","Caribbean",NA,"Vegetables","Gross Production Value (constant 2014-2016 thousand US$)","1000 USD",1993,208,"Cantaloupes and other melons","no"
"BRB","Barbados","Caribbean",NA,"Vegetables","Gross Production Value (constant 2014-2016 thousand US$)","1000 USD",1994,182,"Cantaloupes and other melons","no"
"BRB","Barbados","Caribbean",NA,"Vegetables","Gross Production Value (constant 2014-2016 thousand US$)","1000 USD",1995,682,"Cantaloupes and other melons","no"
"BRB","Barbados","Caribbean",NA,"Vegetables","Gross Production Value (constant 2014-2016 thousand US$)","1000 USD",1996,694,"Cantaloupes and other melons","no"
"BRB","Barbados","Caribbean",NA,"Vegetables","Gross Production Value (constant 2014-2016 thousand US$)","1000 USD",1997,514,"Cantaloupes and other melons","no"
"BRB","Barbados","Caribbean",NA,"Vegetables","Gross Production Value (constant 2014-2016 thousand US$)","1000 USD",1998,500,"Cantaloupes and other melons","no"
"BRB","Barbados","Caribbean",NA,"Vegetables","Gross Production Value (constant 2014-2016 thousand US$)","1000 USD",1999,503,"Cantaloupes and other melons","no"
"BRB","Barbados","Caribbean",NA,"Vegetables","Gross Production Value (constant 2014-2016 thousand US$)","1000 USD",2000,520,"Cantaloupes and other melons","no"
"BRB","Barbados","Caribbean",NA,"Vegetables","Gross Production Value (constant 2014-2016 thousand US$)","1000 USD",2001,500,"Cantaloupes and other melons","no"
"BRB","Barbados","Caribbean",NA,"Vegetables","Gross Production Value (constant 2014-2016 thousand US$)","1000 USD",2002,487,"Cantaloupes and other melons","no"
"BRB","Barbados","Caribbean",NA,"Vegetables","Gross Production Value (constant 2014-2016 thousand US$)","1000 USD",2003,595,"Cantaloupes and other melons","no"
"BRB","Barbados","Caribbean",NA,"Vegetables","Gross Production Value (constant 2014-2016 thousand US$)","1000 USD",2004,652,"Cantaloupes and other melons","no"
"BRB","Barbados","Caribbean",NA,"Vegetables","Gross Production Value (constant 2014-2016 thousand US$)","1000 USD",2005,659,"Cantaloupes and other melons","no"
"BRB","Barbados","Caribbean",NA,"Vegetables","Gross Production Value (constant 2014-2016 thousand US$)","1000 USD",2006,538,"Cantaloupes and other melons","no"
"BRB","Barbados","Caribbean",NA,"Vegetables","Gross Production Value (constant 2014-2016 thousand US$)","1000 USD",2007,827,"Cantaloupes and other melons","no"
"BRB","Barbados","Caribbean",NA,"Vegetables","Gross Production Value (constant 2014-2016 thousand US$)","1000 USD",2008,321,"Cantaloupes and other melons","no"
"BRB","Barbados","Caribbean",NA,"Vegetables","Gross Production Value (constant 2014-2016 thousand US$)","1000 USD",2009,435,"Cantaloupes and other melons","no"
"BRB","Barbados","Caribbean",NA,"Vegetables","Gross Production Value (constant 2014-2016 thousand US$)","1000 USD",2010,418,"Cantaloupes and other melons","no"
"BRB","Barbados","Caribbean",NA,"Vegetables","Gross Production Value (constant 2014-2016 thousand US$)","1000 USD",2011,538,"Cantaloupes and other melons","no"
"BRB","Barbados","Caribbean",NA,"Vegetables","Gross Production Value (constant 2014-2016 thousand US$)","1000 USD",2012,601,"Cantaloupes and other melons","no"
"BRB","Barbados","Caribbean",NA,"Vegetables","Gross Production Value (constant 2014-2016 thousand US$)","1000 USD",2013,673,"Cantaloupes and other melons","no"
"BRB","Barbados","Caribbean",NA,"Vegetables","Gross Production Value (constant 2014-2016 thousand US$)","1000 USD",2014,810,"Cantaloupes and other melons","no"
"BRB","Barbados","Caribbean",NA,"Vegetables","Gross Production Value (constant 2014-2016 thousand US$)","1000 USD",2015,695,"Cantaloupes and other melons","no"
"BRB","Barbados","Caribbean",NA,"Vegetables","Gross Production Value (constant 2014-2016 thousand US$)","1000 USD",2016,512,"Cantaloupes and other melons","no"
"BRB","Barbados","Caribbean",NA,"Vegetables","Gross Production Value (constant 2014-2016 thousand US$)","1000 USD",2017,719,"Cantaloupes and other melons","no"
"BRB","Barbados","Caribbean",NA,"Vegetables","Gross Production Value (constant 2014-2016 thousand US$)","1000 USD",2018,1184,"Cantaloupes and other melons","no"
"BRB","Barbados","Caribbean",NA,"Vegetables","Gross Production Value (constant 2014-2016 thousand US$)","1000 USD",2019,897,"Cantaloupes and other melons","no"
"BRB","Barbados","Caribbean",NA,"Vegetables","Gross Production Value (constant 2014-2016 thousand US$)","1000 USD",2020,675,"Cantaloupes and other melons","no"
"BRB","Barbados","Caribbean",NA,"Vegetables","Gross Production Value (constant 2014-2016 thousand US$)","1000 USD",2021,516,"Cantaloupes and other melons","no"
"BRB","Barbados","Caribbean",NA,"Vegetables","Gross Production Value (constant 2014-2016 thousand US$)","1000 USD",2022,3338,"Cantaloupes and other melons","no"
"BRB","Barbados","Caribbean",NA,"Vegetables","Gross Production Value (constant 2014-2016 thousand US$)","1000 USD",2023,1969,"Cantaloupes and other melons","no"
"BRB","Barbados","Caribbean",NA,"Vegetables","Gross Production Value (constant 2014-2016 thousand I$)","1000 Int$",1992,291,"Carrots and turnips","no"
"BRB","Barbados","Caribbean",NA,"Vegetables","Gross Production Value (constant 2014-2016 thousand I$)","1000 Int$",1993,289,"Carrots and turnips","no"
"BRB","Barbados","Caribbean",NA,"Vegetables","Gross Production Value (constant 2014-2016 thousand I$)","1000 Int$",1994,91,"Carrots and turnips","no"
"BRB","Barbados","Caribbean",NA,"Vegetables","Gross Production Value (constant 2014-2016 thousand I$)","1000 Int$",1995,324,"Carrots and turnips","no"
"BRB","Barbados","Caribbean",NA,"Vegetables","Gross Production Value (constant 2014-2016 thousand I$)","1000 Int$",1996,475,"Carrots and turnips","no"
"BRB","Barbados","Caribbean",NA,"Vegetables","Gross Production Value (constant 2014-2016 thousand I$)","1000 Int$",1997,216,"Carrots and turnips","no"
"BRB","Barbados","Caribbean",NA,"Vegetables","Gross Production Value (constant 2014-2016 thousand I$)","1000 Int$",1998,249,"Carrots and turnips","no"
"BRB","Barbados","Caribbean",NA,"Vegetables","Gross Production Value (constant 2014-2016 thousand I$)","1000 Int$",1999,304,"Carrots and turnips","no"
"BRB","Barbados","Caribbean",NA,"Vegetables","Gross Production Value (constant 2014-2016 thousand I$)","1000 Int$",2000,318,"Carrots and turnips","no"
"BRB","Barbados","Caribbean",NA,"Vegetables","Gross Production Value (constant 2014-2016 thousand I$)","1000 Int$",2001,224,"Carrots and turnips","no"
"BRB","Barbados","Caribbean",NA,"Vegetables","Gross Production Value (constant 2014-2016 thousand I$)","1000 Int$",2002,221,"Carrots and turnips","no"
"BRB","Barbados","Caribbean",NA,"Vegetables","Gross Production Value (constant 2014-2016 thousand I$)","1000 Int$",2003,280,"Carrots and turnips","no"
"BRB","Barbados","Caribbean",NA,"Vegetables","Gross Production Value (constant 2014-2016 thousand I$)","1000 Int$",2004,229,"Carrots and turnips","no"
"BRB","Barbados","Caribbean",NA,"Vegetables","Gross Production Value (constant 2014-2016 thousand I$)","1000 Int$",2005,129,"Carrots and turnips","no"
"BRB","Barbados","Caribbean",NA,"Vegetables","Gross Production Value (constant 2014-2016 thousand I$)","1000 Int$",2006,88,"Carrots and turnips","no"
"BRB","Barbados","Caribbean",NA,"Vegetables","Gross Production Value (constant 2014-2016 thousand I$)","1000 Int$",2007,84,"Carrots and turnips","no"
"BRB","Barbados","Caribbean",NA,"Vegetables","Gross Production Value (constant 2014-2016 thousand I$)","1000 Int$",2008,70,"Carrots and turnips","no"
"BRB","Barbados","Caribbean",NA,"Vegetables","Gross Production Value (constant 2014-2016 thousand I$)","1000 Int$",2009,55,"Carrots and turnips","no"
"BRB","Barbados","Caribbean",NA,"Vegetables","Gross Production Value (constant 2014-2016 thousand I$)","1000 Int$",2010,73,"Carrots and turnips","no"
"BRB","Barbados","Caribbean",NA,"Vegetables","Gross Production Value (constant 2014-2016 thousand I$)","1000 Int$",2011,40,"Carrots and turnips","no"
"BRB","Barbados","Caribbean",NA,"Vegetables","Gross Production Value (constant 2014-2016 thousand I$)","1000 Int$",2012,67,"Carrots and turnips","no"
"BRB","Barbados","Caribbean",NA,"Vegetables","Gross Production Value (constant 2014-2016 thousand I$)","1000 Int$",2013,82,"Carrots and turnips","no"
"BRB","Barbados","Caribbean",NA,"Vegetables","Gross Production Value (constant 2014-2016 thousand I$)","1000 Int$",2014,86,"Carrots and turnips","no"
"BRB","Barbados","Caribbean",NA,"Vegetables","Gross Production Value (constant 2014-2016 thousand I$)","1000 Int$",2015,75,"Carrots and turnips","no"
"BRB","Barbados","Caribbean",NA,"Vegetables","Gross Production Value (constant 2014-2016 thousand I$)","1000 Int$",2016,37,"Carrots and turnips","no"
"BRB","Barbados","Caribbean",NA,"Vegetables","Gross Production Value (constant 2014-2016 thousand I$)","1000 Int$",2017,44,"Carrots and turnips","no"
"BRB","Barbados","Caribbean",NA,"Vegetables","Gross Production Value (constant 2014-2016 thousand I$)","1000 Int$",2018,111,"Carrots and turnips","no"
"BRB","Barbados","Caribbean",NA,"Vegetables","Gross Production Value (constant 2014-2016 thousand I$)","1000 Int$",2019,93,"Carrots and turnips","no"
"BRB","Barbados","Caribbean",NA,"Vegetables","Gross Production Value (constant 2014-2016 thousand I$)","1000 Int$",2020,49,"Carrots and turnips","no"
"BRB","Barbados","Caribbean",NA,"Vegetables","Gross Production Value (constant 2014-2016 thousand I$)","1000 Int$",2021,35,"Carrots and turnips","no"
"BRB","Barbados","Caribbean",NA,"Vegetables","Gross Production Value (constant 2014-2016 thousand I$)","1000 Int$",2022,94,"Carrots and turnips","no"
"BRB","Barbados","Caribbean",NA,"Vegetables","Gross Production Value (constant 2014-2016 thousand I$)","1000 Int$",2023,62,"Carrots and turnips","no"
"BRB","Barbados","Caribbean",NA,"Vegetables","Gross Production Value (constant 2014-2016 thousand US$)","1000 USD",1992,3194,"Carrots and turnips","no"
"BRB","Barbados","Caribbean",NA,"Vegetables","Gross Production Value (constant 2014-2016 thousand US$)","1000 USD",1993,3178,"Carrots and turnips","no"
"BRB","Barbados","Caribbean",NA,"Vegetables","Gross Production Value (constant 2014-2016 thousand US$)","1000 USD",1994,1002,"Carrots and turnips","no"
"BRB","Barbados","Caribbean",NA,"Vegetables","Gross Production Value (constant 2014-2016 thousand US$)","1000 USD",1995,3558,"Carrots and turnips","no"
"BRB","Barbados","Caribbean",NA,"Vegetables","Gross Production Value (constant 2014-2016 thousand US$)","1000 USD",1996,5218,"Carrots and turnips","no"
"BRB","Barbados","Caribbean",NA,"Vegetables","Gross Production Value (constant 2014-2016 thousand US$)","1000 USD",1997,2374,"Carrots and turnips","no"
"BRB","Barbados","Caribbean",NA,"Vegetables","Gross Production Value (constant 2014-2016 thousand US$)","1000 USD",1998,2732,"Carrots and turnips","no"
"BRB","Barbados","Caribbean",NA,"Vegetables","Gross Production Value (constant 2014-2016 thousand US$)","1000 USD",1999,3339,"Carrots and turnips","no"
"BRB","Barbados","Caribbean",NA,"Vegetables","Gross Production Value (constant 2014-2016 thousand US$)","1000 USD",2000,3491,"Carrots and turnips","no"
"BRB","Barbados","Caribbean",NA,"Vegetables","Gross Production Value (constant 2014-2016 thousand US$)","1000 USD",2001,2459,"Carrots and turnips","no"
"BRB","Barbados","Caribbean",NA,"Vegetables","Gross Production Value (constant 2014-2016 thousand US$)","1000 USD",2002,2429,"Carrots and turnips","no"
"BRB","Barbados","Caribbean",NA,"Vegetables","Gross Production Value (constant 2014-2016 thousand US$)","1000 USD",2003,3072,"Carrots and turnips","no"
"BRB","Barbados","Caribbean",NA,"Vegetables","Gross Production Value (constant 2014-2016 thousand US$)","1000 USD",2004,2511,"Carrots and turnips","no"
"BRB","Barbados","Caribbean",NA,"Vegetables","Gross Production Value (constant 2014-2016 thousand US$)","1000 USD",2005,1418,"Carrots and turnips","no"
"BRB","Barbados","Caribbean",NA,"Vegetables","Gross Production Value (constant 2014-2016 thousand US$)","1000 USD",2006,965,"Carrots and turnips","no"
"BRB","Barbados","Caribbean",NA,"Vegetables","Gross Production Value (constant 2014-2016 thousand US$)","1000 USD",2007,926,"Carrots and turnips","no"
"BRB","Barbados","Caribbean",NA,"Vegetables","Gross Production Value (constant 2014-2016 thousand US$)","1000 USD",2008,768,"Carrots and turnips","no"
"BRB","Barbados","Caribbean",NA,"Vegetables","Gross Production Value (constant 2014-2016 thousand US$)","1000 USD",2009,601,"Carrots and turnips","no"
"BRB","Barbados","Caribbean",NA,"Vegetables","Gross Production Value (constant 2014-2016 thousand US$)","1000 USD",2010,801,"Carrots and turnips","no"
"BRB","Barbados","Caribbean",NA,"Vegetables","Gross Production Value (constant 2014-2016 thousand US$)","1000 USD",2011,443,"Carrots and turnips","no"
"BRB","Barbados","Caribbean",NA,"Vegetables","Gross Production Value (constant 2014-2016 thousand US$)","1000 USD",2012,741,"Carrots and turnips","no"
"BRB","Barbados","Caribbean",NA,"Vegetables","Gross Production Value (constant 2014-2016 thousand US$)","1000 USD",2013,896,"Carrots and turnips","no"
"BRB","Barbados","Caribbean",NA,"Vegetables","Gross Production Value (constant 2014-2016 thousand US$)","1000 USD",2014,941,"Carrots and turnips","no"
"BRB","Barbados","Caribbean",NA,"Vegetables","Gross Production Value (constant 2014-2016 thousand US$)","1000 USD",2015,823,"Carrots and turnips","no"
"BRB","Barbados","Caribbean",NA,"Vegetables","Gross Production Value (constant 2014-2016 thousand US$)","1000 USD",2016,408,"Carrots and turnips","no"
"BRB","Barbados","Caribbean",NA,"Vegetables","Gross Production Value (constant 2014-2016 thousand US$)","1000 USD",2017,480,"Carrots and turnips","no"
"BRB","Barbados","Caribbean",NA,"Vegetables","Gross Production Value (constant 2014-2016 thousand US$)","1000 USD",2018,1224,"Carrots and turnips","no"
"BRB","Barbados","Caribbean",NA,"Vegetables","Gross Production Value (constant 2014-2016 thousand US$)","1000 USD",2019,1026,"Carrots and turnips","no"
"BRB","Barbados","Caribbean",NA,"Vegetables","Gross Production Value (constant 2014-2016 thousand US$)","1000 USD",2020,537,"Carrots and turnips","no"
"BRB","Barbados","Caribbean",NA,"Vegetables","Gross Production Value (constant 2014-2016 thousand US$)","1000 USD",2021,388,"Carrots and turnips","no"
"BRB","Barbados","Caribbean",NA,"Vegetables","Gross Production Value (constant 2014-2016 thousand US$)","1000 USD",2022,1032,"Carrots and turnips","no"
"BRB","Barbados","Caribbean",NA,"Vegetables","Gross Production Value (constant 2014-2016 thousand US$)","1000 USD",2023,685,"Carrots and turnips","no"
"BRB","Barbados","Caribbean",NA,"Edible roots and tubers with high starch or inulin content","Gross Production Value (constant 2014-2016 thousand I$)","1000 Int$",1992,353,"Cassava","no"
"BRB","Barbados","Caribbean",NA,"Edible roots and tubers with high starch or inulin content","Gross Production Value (constant 2014-2016 thousand I$)","1000 Int$",1993,101,"Cassava","no"
"BRB","Barbados","Caribbean",NA,"Edible roots and tubers with high starch or inulin content","Gross Production Value (constant 2014-2016 thousand I$)","1000 Int$",1994,60,"Cassava","no"
"BRB","Barbados","Caribbean",NA,"Edible roots and tubers with high starch or inulin content","Gross Production Value (constant 2014-2016 thousand I$)","1000 Int$",1995,119,"Cassava","no"
"BRB","Barbados","Caribbean",NA,"Edible roots and tubers with high starch or inulin content","Gross Production Value (constant 2014-2016 thousand I$)","1000 Int$",1996,105,"Cassava","no"
"BRB","Barbados","Caribbean",NA,"Edible roots and tubers with high starch or inulin content","Gross Production Value (constant 2014-2016 thousand I$)","1000 Int$",1997,94,"Cassava","no"
"BRB","Barbados","Caribbean",NA,"Edible roots and tubers with high starch or inulin content","Gross Production Value (constant 2014-2016 thousand I$)","1000 Int$",1998,87,"Cassava","no"
"BRB","Barbados","Caribbean",NA,"Edible roots and tubers with high starch or inulin content","Gross Production Value (constant 2014-2016 thousand I$)","1000 Int$",1999,80,"Cassava","no"
"BRB","Barbados","Caribbean",NA,"Edible roots and tubers with high starch or inulin content","Gross Production Value (constant 2014-2016 thousand I$)","1000 Int$",2000,73,"Cassava","no"
"BRB","Barbados","Caribbean",NA,"Edible roots and tubers with high starch or inulin content","Gross Production Value (constant 2014-2016 thousand I$)","1000 Int$",2001,62,"Cassava","no"
"BRB","Barbados","Caribbean",NA,"Edible roots and tubers with high starch or inulin content","Gross Production Value (constant 2014-2016 thousand I$)","1000 Int$",2002,58,"Cassava","no"
"BRB","Barbados","Caribbean",NA,"Edible roots and tubers with high starch or inulin content","Gross Production Value (constant 2014-2016 thousand I$)","1000 Int$",2003,60,"Cassava","no"
"BRB","Barbados","Caribbean",NA,"Edible roots and tubers with high starch or inulin content","Gross Production Value (constant 2014-2016 thousand I$)","1000 Int$",2004,46,"Cassava","no"
"BRB","Barbados","Caribbean",NA,"Edible roots and tubers with high starch or inulin content","Gross Production Value (constant 2014-2016 thousand I$)","1000 Int$",2005,29,"Cassava","no"
"BRB","Barbados","Caribbean",NA,"Edible roots and tubers with high starch or inulin content","Gross Production Value (constant 2014-2016 thousand I$)","1000 Int$",2006,54,"Cassava","no"
"BRB","Barbados","Caribbean",NA,"Edible roots and tubers with high starch or inulin content","Gross Production Value (constant 2014-2016 thousand I$)","1000 Int$",2007,65,"Cassava","no"
"BRB","Barbados","Caribbean",NA,"Edible roots and tubers with high starch or inulin content","Gross Production Value (constant 2014-2016 thousand I$)","1000 Int$",2008,68,"Cassava","no"
"BRB","Barbados","Caribbean",NA,"Edible roots and tubers with high starch or inulin content","Gross Production Value (constant 2014-2016 thousand I$)","1000 Int$",2009,100,"Cassava","no"
"BRB","Barbados","Caribbean",NA,"Edible roots and tubers with high starch or inulin content","Gross Production Value (constant 2014-2016 thousand I$)","1000 Int$",2010,58,"Cassava","no"
"BRB","Barbados","Caribbean",NA,"Edible roots and tubers with high starch or inulin content","Gross Production Value (constant 2014-2016 thousand I$)","1000 Int$",2011,45,"Cassava","no"
"BRB","Barbados","Caribbean",NA,"Edible roots and tubers with high starch or inulin content","Gross Production Value (constant 2014-2016 thousand I$)","1000 Int$",2012,32,"Cassava","no"
"BRB","Barbados","Caribbean",NA,"Edible roots and tubers with high starch or inulin content","Gross Production Value (constant 2014-2016 thousand I$)","1000 Int$",2013,49,"Cassava","no"
"BRB","Barbados","Caribbean",NA,"Edible roots and tubers with high starch or inulin content","Gross Production Value (constant 2014-2016 thousand I$)","1000 Int$",2014,80,"Cassava","no"
"BRB","Barbados","Caribbean",NA,"Edible roots and tubers with high starch or inulin content","Gross Production Value (constant 2014-2016 thousand I$)","1000 Int$",2015,55,"Cassava","no"
"BRB","Barbados","Caribbean",NA,"Edible roots and tubers with high starch or inulin content","Gross Production Value (constant 2014-2016 thousand I$)","1000 Int$",2016,71,"Cassava","no"
"BRB","Barbados","Caribbean",NA,"Edible roots and tubers with high starch or inulin content","Gross Production Value (constant 2014-2016 thousand I$)","1000 Int$",2017,70,"Cassava","no"
"BRB","Barbados","Caribbean",NA,"Edible roots and tubers with high starch or inulin content","Gross Production Value (constant 2014-2016 thousand I$)","1000 Int$",2018,98,"Cassava","no"
"BRB","Barbados","Caribbean",NA,"Edible roots and tubers with high starch or inulin content","Gross Production Value (constant 2014-2016 thousand I$)","1000 Int$",2019,71,"Cassava","no"
"BRB","Barbados","Caribbean",NA,"Edible roots and tubers with high starch or inulin content","Gross Production Value (constant 2014-2016 thousand I$)","1000 Int$",2020,115,"Cassava","no"
"BRB","Barbados","Caribbean",NA,"Edible roots and tubers with high starch or inulin content","Gross Production Value (constant 2014-2016 thousand I$)","1000 Int$",2021,92,"Cassava","no"
"BRB","Barbados","Caribbean",NA,"Edible roots and tubers with high starch or inulin content","Gross Production Value (constant 2014-2016 thousand I$)","1000 Int$",2022,81,"Cassava","no"
"BRB","Barbados","Caribbean",NA,"Edible roots and tubers with high starch or inulin content","Gross Production Value (constant 2014-2016 thousand I$)","1000 Int$",2023,65,"Cassava","no"
"BRB","Barbados","Caribbean",NA,"Edible roots and tubers with high starch or inulin content","Gross Production Value (constant 2014-2016 thousand US$)","1000 USD",1992,4932,"Cassava","no"
"BRB","Barbados","Caribbean",NA,"Edible roots and tubers with high starch or inulin content","Gross Production Value (constant 2014-2016 thousand US$)","1000 USD",1993,1407,"Cassava","no"
"BRB","Barbados","Caribbean",NA,"Edible roots and tubers with high starch or inulin content","Gross Production Value (constant 2014-2016 thousand US$)","1000 USD",1994,834,"Cassava","no"
"BRB","Barbados","Caribbean",NA,"Edible roots and tubers with high starch or inulin content","Gross Production Value (constant 2014-2016 thousand US$)","1000 USD",1995,1660,"Cassava","no"
"BRB","Barbados","Caribbean",NA,"Edible roots and tubers with high starch or inulin content","Gross Production Value (constant 2014-2016 thousand US$)","1000 USD",1996,1461,"Cassava","no"
"BRB","Barbados","Caribbean",NA,"Edible roots and tubers with high starch or inulin content","Gross Production Value (constant 2014-2016 thousand US$)","1000 USD",1997,1319,"Cassava","no"
"BRB","Barbados","Caribbean",NA,"Edible roots and tubers with high starch or inulin content","Gross Production Value (constant 2014-2016 thousand US$)","1000 USD",1998,1218,"Cassava","no"
"BRB","Barbados","Caribbean",NA,"Edible roots and tubers with high starch or inulin content","Gross Production Value (constant 2014-2016 thousand US$)","1000 USD",1999,1116,"Cassava","no"
"BRB","Barbados","Caribbean",NA,"Edible roots and tubers with high starch or inulin content","Gross Production Value (constant 2014-2016 thousand US$)","1000 USD",2000,1015,"Cassava","no"
"BRB","Barbados","Caribbean",NA,"Edible roots and tubers with high starch or inulin content","Gross Production Value (constant 2014-2016 thousand US$)","1000 USD",2001,873,"Cassava","no"
"BRB","Barbados","Caribbean",NA,"Edible roots and tubers with high starch or inulin content","Gross Production Value (constant 2014-2016 thousand US$)","1000 USD",2002,806,"Cassava","no"
"BRB","Barbados","Caribbean",NA,"Edible roots and tubers with high starch or inulin content","Gross Production Value (constant 2014-2016 thousand US$)","1000 USD",2003,836,"Cassava","no"
"BRB","Barbados","Caribbean",NA,"Edible roots and tubers with high starch or inulin content","Gross Production Value (constant 2014-2016 thousand US$)","1000 USD",2004,643,"Cassava","no"
"BRB","Barbados","Caribbean",NA,"Edible roots and tubers with high starch or inulin content","Gross Production Value (constant 2014-2016 thousand US$)","1000 USD",2005,404,"Cassava","no"
"BRB","Barbados","Caribbean",NA,"Edible roots and tubers with high starch or inulin content","Gross Production Value (constant 2014-2016 thousand US$)","1000 USD",2006,761,"Cassava","no"
"BRB","Barbados","Caribbean",NA,"Edible roots and tubers with high starch or inulin content","Gross Production Value (constant 2014-2016 thousand US$)","1000 USD",2007,909,"Cassava","no"
"BRB","Barbados","Caribbean",NA,"Edible roots and tubers with high starch or inulin content","Gross Production Value (constant 2014-2016 thousand US$)","1000 USD",2008,946,"Cassava","no"
"BRB","Barbados","Caribbean",NA,"Edible roots and tubers with high starch or inulin content","Gross Production Value (constant 2014-2016 thousand US$)","1000 USD",2009,1403,"Cassava","no"
"BRB","Barbados","Caribbean",NA,"Edible roots and tubers with high starch or inulin content","Gross Production Value (constant 2014-2016 thousand US$)","1000 USD",2010,812,"Cassava","no"
"BRB","Barbados","Caribbean",NA,"Edible roots and tubers with high starch or inulin content","Gross Production Value (constant 2014-2016 thousand US$)","1000 USD",2011,625,"Cassava","no"
"BRB","Barbados","Caribbean",NA,"Edible roots and tubers with high starch or inulin content","Gross Production Value (constant 2014-2016 thousand US$)","1000 USD",2012,447,"Cassava","no"
"BRB","Barbados","Caribbean",NA,"Edible roots and tubers with high starch or inulin content","Gross Production Value (constant 2014-2016 thousand US$)","1000 USD",2013,690,"Cassava","no"
"BRB","Barbados","Caribbean",NA,"Edible roots and tubers with high starch or inulin content","Gross Production Value (constant 2014-2016 thousand US$)","1000 USD",2014,1122,"Cassava","no"
"BRB","Barbados","Caribbean",NA,"Edible roots and tubers with high starch or inulin content","Gross Production Value (constant 2014-2016 thousand US$)","1000 USD",2015,769,"Cassava","no"
"BRB","Barbados","Caribbean",NA,"Edible roots and tubers with high starch or inulin content","Gross Production Value (constant 2014-2016 thousand US$)","1000 USD",2016,996,"Cassava","no"
"BRB","Barbados","Caribbean",NA,"Edible roots and tubers with high starch or inulin content","Gross Production Value (constant 2014-2016 thousand US$)","1000 USD",2017,972,"Cassava","no"
"BRB","Barbados","Caribbean",NA,"Edible roots and tubers with high starch or inulin content","Gross Production Value (constant 2014-2016 thousand US$)","1000 USD",2018,1366,"Cassava","no"
"BRB","Barbados","Caribbean",NA,"Edible roots and tubers with high starch or inulin content","Gross Production Value (constant 2014-2016 thousand US$)","1000 USD",2019,985,"Cassava","no"
"BRB","Barbados","Caribbean",NA,"Edible roots and tubers with high starch or inulin content","Gross Production Value (constant 2014-2016 thousand US$)","1000 USD",2020,1608,"Cassava","no"
"BRB","Barbados","Caribbean",NA,"Edible roots and tubers with high starch or inulin content","Gross Production Value (constant 2014-2016 thousand US$)","1000 USD",2021,1287,"Cassava","no"
"BRB","Barbados","Caribbean",NA,"Edible roots and tubers with high starch or inulin content","Gross Production Value (constant 2014-2016 thousand US$)","1000 USD",2022,1137,"Cassava","no"
"BRB","Barbados","Caribbean",NA,"Edible roots and tubers with high starch or inulin content","Gross Production Value (constant 2014-2016 thousand US$)","1000 USD",2023,907,"Cassava","no"
"BRB","Barbados","Caribbean",NA,"Vegetables","Gross Production Value (constant 2014-2016 thousand I$)","1000 Int$",1992,85,"Chillies and peppers","no"
"BRB","Barbados","Caribbean",NA,"Vegetables","Gross Production Value (constant 2014-2016 thousand I$)","1000 Int$",1993,246,"Chillies and peppers","no"
"BRB","Barbados","Caribbean",NA,"Vegetables","Gross Production Value (constant 2014-2016 thousand I$)","1000 Int$",1994,203,"Chillies and peppers","no"
"BRB","Barbados","Caribbean",NA,"Vegetables","Gross Production Value (constant 2014-2016 thousand I$)","1000 Int$",1995,429,"Chillies and peppers","no"
"BRB","Barbados","Caribbean",NA,"Vegetables","Gross Production Value (constant 2014-2016 thousand I$)","1000 Int$",1996,403,"Chillies and peppers","no"
"BRB","Barbados","Caribbean",NA,"Vegetables","Gross Production Value (constant 2014-2016 thousand I$)","1000 Int$",1997,605,"Chillies and peppers","no"
"BRB","Barbados","Caribbean",NA,"Vegetables","Gross Production Value (constant 2014-2016 thousand I$)","1000 Int$",1998,604,"Chillies and peppers","no"
"BRB","Barbados","Caribbean",NA,"Vegetables","Gross Production Value (constant 2014-2016 thousand I$)","1000 Int$",1999,604,"Chillies and peppers","no"
"BRB","Barbados","Caribbean",NA,"Vegetables","Gross Production Value (constant 2014-2016 thousand I$)","1000 Int$",2000,624,"Chillies and peppers","no"
"BRB","Barbados","Caribbean",NA,"Vegetables","Gross Production Value (constant 2014-2016 thousand I$)","1000 Int$",2001,638,"Chillies and peppers","no"
"BRB","Barbados","Caribbean",NA,"Vegetables","Gross Production Value (constant 2014-2016 thousand I$)","1000 Int$",2002,744,"Chillies and peppers","no"
"BRB","Barbados","Caribbean",NA,"Vegetables","Gross Production Value (constant 2014-2016 thousand I$)","1000 Int$",2003,1278,"Chillies and peppers","no"
"BRB","Barbados","Caribbean",NA,"Vegetables","Gross Production Value (constant 2014-2016 thousand I$)","1000 Int$",2004,585,"Chillies and peppers","no"
"BRB","Barbados","Caribbean",NA,"Vegetables","Gross Production Value (constant 2014-2016 thousand I$)","1000 Int$",2005,462,"Chillies and peppers","no"
"BRB","Barbados","Caribbean",NA,"Vegetables","Gross Production Value (constant 2014-2016 thousand I$)","1000 Int$",2006,412,"Chillies and peppers","no"
"BRB","Barbados","Caribbean",NA,"Vegetables","Gross Production Value (constant 2014-2016 thousand I$)","1000 Int$",2007,358,"Chillies and peppers","no"
"BRB","Barbados","Caribbean",NA,"Vegetables","Gross Production Value (constant 2014-2016 thousand I$)","1000 Int$",2008,232,"Chillies and peppers","no"
"BRB","Barbados","Caribbean",NA,"Vegetables","Gross Production Value (constant 2014-2016 thousand I$)","1000 Int$",2009,305,"Chillies and peppers","no"
"BRB","Barbados","Caribbean",NA,"Vegetables","Gross Production Value (constant 2014-2016 thousand I$)","1000 Int$",2010,264,"Chillies and peppers","no"
"BRB","Barbados","Caribbean",NA,"Vegetables","Gross Production Value (constant 2014-2016 thousand I$)","1000 Int$",2011,266,"Chillies and peppers","no"
"BRB","Barbados","Caribbean",NA,"Vegetables","Gross Production Value (constant 2014-2016 thousand I$)","1000 Int$",2012,160,"Chillies and peppers","no"
"BRB","Barbados","Caribbean",NA,"Vegetables","Gross Production Value (constant 2014-2016 thousand I$)","1000 Int$",2013,359,"Chillies and peppers","no"
"BRB","Barbados","Caribbean",NA,"Vegetables","Gross Production Value (constant 2014-2016 thousand I$)","1000 Int$",2014,328,"Chillies and peppers","no"
"BRB","Barbados","Caribbean",NA,"Vegetables","Gross Production Value (constant 2014-2016 thousand I$)","1000 Int$",2015,281,"Chillies and peppers","no"
"BRB","Barbados","Caribbean",NA,"Vegetables","Gross Production Value (constant 2014-2016 thousand I$)","1000 Int$",2016,273,"Chillies and peppers","no"
"BRB","Barbados","Caribbean",NA,"Vegetables","Gross Production Value (constant 2014-2016 thousand I$)","1000 Int$",2017,100,"Chillies and peppers","no"
"BRB","Barbados","Caribbean",NA,"Vegetables","Gross Production Value (constant 2014-2016 thousand I$)","1000 Int$",2018,198,"Chillies and peppers","no"
"BRB","Barbados","Caribbean",NA,"Vegetables","Gross Production Value (constant 2014-2016 thousand I$)","1000 Int$",2019,293,"Chillies and peppers","no"
"BRB","Barbados","Caribbean",NA,"Vegetables","Gross Production Value (constant 2014-2016 thousand I$)","1000 Int$",2020,212,"Chillies and peppers","no"
"BRB","Barbados","Caribbean",NA,"Vegetables","Gross Production Value (constant 2014-2016 thousand I$)","1000 Int$",2021,113,"Chillies and peppers","no"
"BRB","Barbados","Caribbean",NA,"Vegetables","Gross Production Value (constant 2014-2016 thousand I$)","1000 Int$",2022,152,"Chillies and peppers","no"
"BRB","Barbados","Caribbean",NA,"Vegetables","Gross Production Value (constant 2014-2016 thousand I$)","1000 Int$",2023,130,"Chillies and peppers","no"
"BRB","Barbados","Caribbean",NA,"Vegetables","Gross Production Value (constant 2014-2016 thousand US$)","1000 USD",1992,458,"Chillies and peppers","no"
"BRB","Barbados","Caribbean",NA,"Vegetables","Gross Production Value (constant 2014-2016 thousand US$)","1000 USD",1993,1324,"Chillies and peppers","no"
"BRB","Barbados","Caribbean",NA,"Vegetables","Gross Production Value (constant 2014-2016 thousand US$)","1000 USD",1994,1090,"Chillies and peppers","no"
"BRB","Barbados","Caribbean",NA,"Vegetables","Gross Production Value (constant 2014-2016 thousand US$)","1000 USD",1995,2306,"Chillies and peppers","no"
"BRB","Barbados","Caribbean",NA,"Vegetables","Gross Production Value (constant 2014-2016 thousand US$)","1000 USD",1996,2165,"Chillies and peppers","no"
"BRB","Barbados","Caribbean",NA,"Vegetables","Gross Production Value (constant 2014-2016 thousand US$)","1000 USD",1997,3255,"Chillies and peppers","no"
"BRB","Barbados","Caribbean",NA,"Vegetables","Gross Production Value (constant 2014-2016 thousand US$)","1000 USD",1998,3247,"Chillies and peppers","no"
"BRB","Barbados","Caribbean",NA,"Vegetables","Gross Production Value (constant 2014-2016 thousand US$)","1000 USD",1999,3247,"Chillies and peppers","no"
"BRB","Barbados","Caribbean",NA,"Vegetables","Gross Production Value (constant 2014-2016 thousand US$)","1000 USD",2000,3356,"Chillies and peppers","no"
"BRB","Barbados","Caribbean",NA,"Vegetables","Gross Production Value (constant 2014-2016 thousand US$)","1000 USD",2001,3428,"Chillies and peppers","no"
"BRB","Barbados","Caribbean",NA,"Vegetables","Gross Production Value (constant 2014-2016 thousand US$)","1000 USD",2002,3998,"Chillies and peppers","no"
"BRB","Barbados","Caribbean",NA,"Vegetables","Gross Production Value (constant 2014-2016 thousand US$)","1000 USD",2003,6870,"Chillies and peppers","no"
"BRB","Barbados","Caribbean",NA,"Vegetables","Gross Production Value (constant 2014-2016 thousand US$)","1000 USD",2004,3146,"Chillies and peppers","no"
"BRB","Barbados","Caribbean",NA,"Vegetables","Gross Production Value (constant 2014-2016 thousand US$)","1000 USD",2005,2486,"Chillies and peppers","no"
"BRB","Barbados","Caribbean",NA,"Vegetables","Gross Production Value (constant 2014-2016 thousand US$)","1000 USD",2006,2215,"Chillies and peppers","no"
"BRB","Barbados","Caribbean",NA,"Vegetables","Gross Production Value (constant 2014-2016 thousand US$)","1000 USD",2007,1927,"Chillies and peppers","no"
"BRB","Barbados","Caribbean",NA,"Vegetables","Gross Production Value (constant 2014-2016 thousand US$)","1000 USD",2008,1245,"Chillies and peppers","no"
"BRB","Barbados","Caribbean",NA,"Vegetables","Gross Production Value (constant 2014-2016 thousand US$)","1000 USD",2009,1642,"Chillies and peppers","no"
"BRB","Barbados","Caribbean",NA,"Vegetables","Gross Production Value (constant 2014-2016 thousand US$)","1000 USD",2010,1422,"Chillies and peppers","no"
"BRB","Barbados","Caribbean",NA,"Vegetables","Gross Production Value (constant 2014-2016 thousand US$)","1000 USD",2011,1429,"Chillies and peppers","no"
"BRB","Barbados","Caribbean",NA,"Vegetables","Gross Production Value (constant 2014-2016 thousand US$)","1000 USD",2012,862,"Chillies and peppers","no"
"BRB","Barbados","Caribbean",NA,"Vegetables","Gross Production Value (constant 2014-2016 thousand US$)","1000 USD",2013,1930,"Chillies and peppers","no"
"BRB","Barbados","Caribbean",NA,"Vegetables","Gross Production Value (constant 2014-2016 thousand US$)","1000 USD",2014,1765,"Chillies and peppers","no"
"BRB","Barbados","Caribbean",NA,"Vegetables","Gross Production Value (constant 2014-2016 thousand US$)","1000 USD",2015,1510,"Chillies and peppers","no"
"BRB","Barbados","Caribbean",NA,"Vegetables","Gross Production Value (constant 2014-2016 thousand US$)","1000 USD",2016,1470,"Chillies and peppers","no"
"BRB","Barbados","Caribbean",NA,"Vegetables","Gross Production Value (constant 2014-2016 thousand US$)","1000 USD",2017,535,"Chillies and peppers","no"
"BRB","Barbados","Caribbean",NA,"Vegetables","Gross Production Value (constant 2014-2016 thousand US$)","1000 USD",2018,1065,"Chillies and peppers","no"
"BRB","Barbados","Caribbean",NA,"Vegetables","Gross Production Value (constant 2014-2016 thousand US$)","1000 USD",2019,1577,"Chillies and peppers","no"
"BRB","Barbados","Caribbean",NA,"Vegetables","Gross Production Value (constant 2014-2016 thousand US$)","1000 USD",2020,1142,"Chillies and peppers","no"
"BRB","Barbados","Caribbean",NA,"Vegetables","Gross Production Value (constant 2014-2016 thousand US$)","1000 USD",2021,610,"Chillies and peppers","no"
"BRB","Barbados","Caribbean",NA,"Vegetables","Gross Production Value (constant 2014-2016 thousand US$)","1000 USD",2022,815,"Chillies and peppers","no"
"BRB","Barbados","Caribbean",NA,"Vegetables","Gross Production Value (constant 2014-2016 thousand US$)","1000 USD",2023,698,"Chillies and peppers","no"
"BRB","Barbados","Caribbean",NA,"Oilseeds and oleaginous fruits","Gross Production Value (constant 2014-2016 thousand I$)","1000 Int$",1992,245,"Coconuts","no"
"BRB","Barbados","Caribbean",NA,"Oilseeds and oleaginous fruits","Gross Production Value (constant 2014-2016 thousand I$)","1000 Int$",1993,245,"Coconuts","no"
"BRB","Barbados","Caribbean",NA,"Oilseeds and oleaginous fruits","Gross Production Value (constant 2014-2016 thousand I$)","1000 Int$",1994,245,"Coconuts","no"
"BRB","Barbados","Caribbean",NA,"Oilseeds and oleaginous fruits","Gross Production Value (constant 2014-2016 thousand I$)","1000 Int$",1995,245,"Coconuts","no"
"BRB","Barbados","Caribbean",NA,"Oilseeds and oleaginous fruits","Gross Production Value (constant 2014-2016 thousand I$)","1000 Int$",1996,245,"Coconuts","no"
"BRB","Barbados","Caribbean",NA,"Oilseeds and oleaginous fruits","Gross Production Value (constant 2014-2016 thousand I$)","1000 Int$",1997,245,"Coconuts","no"
"BRB","Barbados","Caribbean",NA,"Oilseeds and oleaginous fruits","Gross Production Value (constant 2014-2016 thousand I$)","1000 Int$",1998,245,"Coconuts","no"
"BRB","Barbados","Caribbean",NA,"Oilseeds and oleaginous fruits","Gross Production Value (constant 2014-2016 thousand I$)","1000 Int$",1999,245,"Coconuts","no"
"BRB","Barbados","Caribbean",NA,"Oilseeds and oleaginous fruits","Gross Production Value (constant 2014-2016 thousand I$)","1000 Int$",2000,253,"Coconuts","no"
"BRB","Barbados","Caribbean",NA,"Oilseeds and oleaginous fruits","Gross Production Value (constant 2014-2016 thousand I$)","1000 Int$",2001,269,"Coconuts","no"
"BRB","Barbados","Caribbean",NA,"Oilseeds and oleaginous fruits","Gross Production Value (constant 2014-2016 thousand I$)","1000 Int$",2002,269,"Coconuts","no"
"BRB","Barbados","Caribbean",NA,"Oilseeds and oleaginous fruits","Gross Production Value (constant 2014-2016 thousand I$)","1000 Int$",2003,269,"Coconuts","no"
"BRB","Barbados","Caribbean",NA,"Oilseeds and oleaginous fruits","Gross Production Value (constant 2014-2016 thousand I$)","1000 Int$",2004,294,"Coconuts","no"
"BRB","Barbados","Caribbean",NA,"Oilseeds and oleaginous fruits","Gross Production Value (constant 2014-2016 thousand I$)","1000 Int$",2005,318,"Coconuts","no"
"BRB","Barbados","Caribbean",NA,"Oilseeds and oleaginous fruits","Gross Production Value (constant 2014-2016 thousand I$)","1000 Int$",2006,343,"Coconuts","no"
"BRB","Barbados","Caribbean",NA,"Oilseeds and oleaginous fruits","Gross Production Value (constant 2014-2016 thousand I$)","1000 Int$",2007,367,"Coconuts","no"
"BRB","Barbados","Caribbean",NA,"Oilseeds and oleaginous fruits","Gross Production Value (constant 2014-2016 thousand I$)","1000 Int$",2008,349,"Coconuts","no"
"BRB","Barbados","Caribbean",NA,"Oilseeds and oleaginous fruits","Gross Production Value (constant 2014-2016 thousand I$)","1000 Int$",2009,333,"Coconuts","no"
"BRB","Barbados","Caribbean",NA,"Oilseeds and oleaginous fruits","Gross Production Value (constant 2014-2016 thousand I$)","1000 Int$",2010,318,"Coconuts","no"
"BRB","Barbados","Caribbean",NA,"Oilseeds and oleaginous fruits","Gross Production Value (constant 2014-2016 thousand I$)","1000 Int$",2011,307,"Coconuts","no"
"BRB","Barbados","Caribbean",NA,"Oilseeds and oleaginous fruits","Gross Production Value (constant 2014-2016 thousand I$)","1000 Int$",2012,261,"Coconuts","no"
"BRB","Barbados","Caribbean",NA,"Oilseeds and oleaginous fruits","Gross Production Value (constant 2014-2016 thousand I$)","1000 Int$",2013,287,"Coconuts","no"
"BRB","Barbados","Caribbean",NA,"Oilseeds and oleaginous fruits","Gross Production Value (constant 2014-2016 thousand I$)","1000 Int$",2014,300,"Coconuts","no"
"BRB","Barbados","Caribbean",NA,"Oilseeds and oleaginous fruits","Gross Production Value (constant 2014-2016 thousand I$)","1000 Int$",2015,261,"Coconuts","no"
"BRB","Barbados","Caribbean",NA,"Oilseeds and oleaginous fruits","Gross Production Value (constant 2014-2016 thousand I$)","1000 Int$",2016,261,"Coconuts","no"
"BRB","Barbados","Caribbean",NA,"Oilseeds and oleaginous fruits","Gross Production Value (constant 2014-2016 thousand I$)","1000 Int$",2017,261,"Coconuts","no"
"BRB","Barbados","Caribbean",NA,"Oilseeds and oleaginous fruits","Gross Production Value (constant 2014-2016 thousand I$)","1000 Int$",2018,392,"Coconuts","no"
"BRB","Barbados","Caribbean",NA,"Oilseeds and oleaginous fruits","Gross Production Value (constant 2014-2016 thousand I$)","1000 Int$",2019,392,"Coconuts","no"
"BRB","Barbados","Caribbean",NA,"Oilseeds and oleaginous fruits","Gross Production Value (constant 2014-2016 thousand I$)","1000 Int$",2020,392,"Coconuts","no"
"BRB","Barbados","Caribbean",NA,"Oilseeds and oleaginous fruits","Gross Production Value (constant 2014-2016 thousand I$)","1000 Int$",2021,392,"Coconuts","no"
"BRB","Barbados","Caribbean",NA,"Oilseeds and oleaginous fruits","Gross Production Value (constant 2014-2016 thousand I$)","1000 Int$",2022,392,"Coconuts","no"
"BRB","Barbados","Caribbean",NA,"Oilseeds and oleaginous fruits","Gross Production Value (constant 2014-2016 thousand I$)","1000 Int$",2023,394,"Coconuts","no"
"BRB","Barbados","Caribbean",NA,"Oilseeds and oleaginous fruits","Gross Production Value (constant 2014-2016 thousand US$)","1000 USD",1992,1776,"Coconuts","no"
"BRB","Barbados","Caribbean",NA,"Oilseeds and oleaginous fruits","Gross Production Value (constant 2014-2016 thousand US$)","1000 USD",1993,1776,"Coconuts","no"
"BRB","Barbados","Caribbean",NA,"Oilseeds and oleaginous fruits","Gross Production Value (constant 2014-2016 thousand US$)","1000 USD",1994,1776,"Coconuts","no"
"BRB","Barbados","Caribbean",NA,"Oilseeds and oleaginous fruits","Gross Production Value (constant 2014-2016 thousand US$)","1000 USD",1995,1776,"Coconuts","no"
"BRB","Barbados","Caribbean",NA,"Oilseeds and oleaginous fruits","Gross Production Value (constant 2014-2016 thousand US$)","1000 USD",1996,1776,"Coconuts","no"
"BRB","Barbados","Caribbean",NA,"Oilseeds and oleaginous fruits","Gross Production Value (constant 2014-2016 thousand US$)","1000 USD",1997,1776,"Coconuts","no"
"BRB","Barbados","Caribbean",NA,"Oilseeds and oleaginous fruits","Gross Production Value (constant 2014-2016 thousand US$)","1000 USD",1998,1776,"Coconuts","no"
"BRB","Barbados","Caribbean",NA,"Oilseeds and oleaginous fruits","Gross Production Value (constant 2014-2016 thousand US$)","1000 USD",1999,1776,"Coconuts","no"
"BRB","Barbados","Caribbean",NA,"Oilseeds and oleaginous fruits","Gross Production Value (constant 2014-2016 thousand US$)","1000 USD",2000,1835,"Coconuts","no"
"BRB","Barbados","Caribbean",NA,"Oilseeds and oleaginous fruits","Gross Production Value (constant 2014-2016 thousand US$)","1000 USD",2001,1954,"Coconuts","no"
"BRB","Barbados","Caribbean",NA,"Oilseeds and oleaginous fruits","Gross Production Value (constant 2014-2016 thousand US$)","1000 USD",2002,1954,"Coconuts","no"
"BRB","Barbados","Caribbean",NA,"Oilseeds and oleaginous fruits","Gross Production Value (constant 2014-2016 thousand US$)","1000 USD",2003,1954,"Coconuts","no"
"BRB","Barbados","Caribbean",NA,"Oilseeds and oleaginous fruits","Gross Production Value (constant 2014-2016 thousand US$)","1000 USD",2004,2132,"Coconuts","no"
"BRB","Barbados","Caribbean",NA,"Oilseeds and oleaginous fruits","Gross Production Value (constant 2014-2016 thousand US$)","1000 USD",2005,2309,"Coconuts","no"
"BRB","Barbados","Caribbean",NA,"Oilseeds and oleaginous fruits","Gross Production Value (constant 2014-2016 thousand US$)","1000 USD",2006,2487,"Coconuts","no"
"BRB","Barbados","Caribbean",NA,"Oilseeds and oleaginous fruits","Gross Production Value (constant 2014-2016 thousand US$)","1000 USD",2007,2664,"Coconuts","no"
"BRB","Barbados","Caribbean",NA,"Oilseeds and oleaginous fruits","Gross Production Value (constant 2014-2016 thousand US$)","1000 USD",2008,2535,"Coconuts","no"
"BRB","Barbados","Caribbean",NA,"Oilseeds and oleaginous fruits","Gross Production Value (constant 2014-2016 thousand US$)","1000 USD",2009,2413,"Coconuts","no"
"BRB","Barbados","Caribbean",NA,"Oilseeds and oleaginous fruits","Gross Production Value (constant 2014-2016 thousand US$)","1000 USD",2010,2309,"Coconuts","no"
"BRB","Barbados","Caribbean",NA,"Oilseeds and oleaginous fruits","Gross Production Value (constant 2014-2016 thousand US$)","1000 USD",2011,2226,"Coconuts","no"
"BRB","Barbados","Caribbean",NA,"Oilseeds and oleaginous fruits","Gross Production Value (constant 2014-2016 thousand US$)","1000 USD",2012,1895,"Coconuts","no"
"BRB","Barbados","Caribbean",NA,"Oilseeds and oleaginous fruits","Gross Production Value (constant 2014-2016 thousand US$)","1000 USD",2013,2084,"Coconuts","no"
"BRB","Barbados","Caribbean",NA,"Oilseeds and oleaginous fruits","Gross Production Value (constant 2014-2016 thousand US$)","1000 USD",2014,2179,"Coconuts","no"
"BRB","Barbados","Caribbean",NA,"Oilseeds and oleaginous fruits","Gross Production Value (constant 2014-2016 thousand US$)","1000 USD",2015,1895,"Coconuts","no"
"BRB","Barbados","Caribbean",NA,"Oilseeds and oleaginous fruits","Gross Production Value (constant 2014-2016 thousand US$)","1000 USD",2016,1895,"Coconuts","no"
"BRB","Barbados","Caribbean",NA,"Oilseeds and oleaginous fruits","Gross Production Value (constant 2014-2016 thousand US$)","1000 USD",2017,1895,"Coconuts","no"
"BRB","Barbados","Caribbean",NA,"Oilseeds and oleaginous fruits","Gross Production Value (constant 2014-2016 thousand US$)","1000 USD",2018,2842,"Coconuts","no"
"BRB","Barbados","Caribbean",NA,"Oilseeds and oleaginous fruits","Gross Production Value (constant 2014-2016 thousand US$)","1000 USD",2019,2842,"Coconuts","no"
"BRB","Barbados","Caribbean",NA,"Oilseeds and oleaginous fruits","Gross Production Value (constant 2014-2016 thousand US$)","1000 USD",2020,2842,"Coconuts","no"
"BRB","Barbados","Caribbean",NA,"Oilseeds and oleaginous fruits","Gross Production Value (constant 2014-2016 thousand US$)","1000 USD",2021,2842,"Coconuts","no"
"BRB","Barbados","Caribbean",NA,"Oilseeds and oleaginous fruits","Gross Production Value (constant 2014-2016 thousand US$)","1000 USD",2022,2842,"Coconuts","no"
"BRB","Barbados","Caribbean",NA,"Oilseeds and oleaginous fruits","Gross Production Value (constant 2014-2016 thousand US$)","1000 USD",2023,2861,"Coconuts","no"
"BRB","Barbados","Caribbean",NA,"Vegetables","Gross Production Value (constant 2014-2016 thousand I$)","1000 Int$",1992,183,"Cucumbers and gherkins","no"
"BRB","Barbados","Caribbean",NA,"Vegetables","Gross Production Value (constant 2014-2016 thousand I$)","1000 Int$",1993,253,"Cucumbers and gherkins","no"
"BRB","Barbados","Caribbean",NA,"Vegetables","Gross Production Value (constant 2014-2016 thousand I$)","1000 Int$",1994,137,"Cucumbers and gherkins","no"
"BRB","Barbados","Caribbean",NA,"Vegetables","Gross Production Value (constant 2014-2016 thousand I$)","1000 Int$",1995,534,"Cucumbers and gherkins","no"
"BRB","Barbados","Caribbean",NA,"Vegetables","Gross Production Value (constant 2014-2016 thousand I$)","1000 Int$",1996,542,"Cucumbers and gherkins","no"
"BRB","Barbados","Caribbean",NA,"Vegetables","Gross Production Value (constant 2014-2016 thousand I$)","1000 Int$",1997,524,"Cucumbers and gherkins","no"
"BRB","Barbados","Caribbean",NA,"Vegetables","Gross Production Value (constant 2014-2016 thousand I$)","1000 Int$",1998,524,"Cucumbers and gherkins","no"
"BRB","Barbados","Caribbean",NA,"Vegetables","Gross Production Value (constant 2014-2016 thousand I$)","1000 Int$",1999,542,"Cucumbers and gherkins","no"
"BRB","Barbados","Caribbean",NA,"Vegetables","Gross Production Value (constant 2014-2016 thousand I$)","1000 Int$",2000,561,"Cucumbers and gherkins","no"
"BRB","Barbados","Caribbean",NA,"Vegetables","Gross Production Value (constant 2014-2016 thousand I$)","1000 Int$",2001,580,"Cucumbers and gherkins","no"
"BRB","Barbados","Caribbean",NA,"Vegetables","Gross Production Value (constant 2014-2016 thousand I$)","1000 Int$",2002,637,"Cucumbers and gherkins","no"
"BRB","Barbados","Caribbean",NA,"Vegetables","Gross Production Value (constant 2014-2016 thousand I$)","1000 Int$",2003,755,"Cucumbers and gherkins","no"
"BRB","Barbados","Caribbean",NA,"Vegetables","Gross Production Value (constant 2014-2016 thousand I$)","1000 Int$",2004,510,"Cucumbers and gherkins","no"
"BRB","Barbados","Caribbean",NA,"Vegetables","Gross Production Value (constant 2014-2016 thousand I$)","1000 Int$",2005,519,"Cucumbers and gherkins","no"
"BRB","Barbados","Caribbean",NA,"Vegetables","Gross Production Value (constant 2014-2016 thousand I$)","1000 Int$",2006,495,"Cucumbers and gherkins","no"
"BRB","Barbados","Caribbean",NA,"Vegetables","Gross Production Value (constant 2014-2016 thousand I$)","1000 Int$",2007,542,"Cucumbers and gherkins","no"
"BRB","Barbados","Caribbean",NA,"Vegetables","Gross Production Value (constant 2014-2016 thousand I$)","1000 Int$",2008,304,"Cucumbers and gherkins","no"
"BRB","Barbados","Caribbean",NA,"Vegetables","Gross Production Value (constant 2014-2016 thousand I$)","1000 Int$",2009,427,"Cucumbers and gherkins","no"
"BRB","Barbados","Caribbean",NA,"Vegetables","Gross Production Value (constant 2014-2016 thousand I$)","1000 Int$",2010,429,"Cucumbers and gherkins","no"
"BRB","Barbados","Caribbean",NA,"Vegetables","Gross Production Value (constant 2014-2016 thousand I$)","1000 Int$",2011,428,"Cucumbers and gherkins","no"
"BRB","Barbados","Caribbean",NA,"Vegetables","Gross Production Value (constant 2014-2016 thousand I$)","1000 Int$",2012,305,"Cucumbers and gherkins","no"
"BRB","Barbados","Caribbean",NA,"Vegetables","Gross Production Value (constant 2014-2016 thousand I$)","1000 Int$",2013,308,"Cucumbers and gherkins","no"
"BRB","Barbados","Caribbean",NA,"Vegetables","Gross Production Value (constant 2014-2016 thousand I$)","1000 Int$",2014,372,"Cucumbers and gherkins","no"
"BRB","Barbados","Caribbean",NA,"Vegetables","Gross Production Value (constant 2014-2016 thousand I$)","1000 Int$",2015,303,"Cucumbers and gherkins","no"
"BRB","Barbados","Caribbean",NA,"Vegetables","Gross Production Value (constant 2014-2016 thousand I$)","1000 Int$",2016,286,"Cucumbers and gherkins","no"
"BRB","Barbados","Caribbean",NA,"Vegetables","Gross Production Value (constant 2014-2016 thousand I$)","1000 Int$",2017,267,"Cucumbers and gherkins","no"
"BRB","Barbados","Caribbean",NA,"Vegetables","Gross Production Value (constant 2014-2016 thousand I$)","1000 Int$",2018,253,"Cucumbers and gherkins","no"
"BRB","Barbados","Caribbean",NA,"Vegetables","Gross Production Value (constant 2014-2016 thousand I$)","1000 Int$",2019,349,"Cucumbers and gherkins","no"
"BRB","Barbados","Caribbean",NA,"Vegetables","Gross Production Value (constant 2014-2016 thousand I$)","1000 Int$",2020,253,"Cucumbers and gherkins","no"
"BRB","Barbados","Caribbean",NA,"Vegetables","Gross Production Value (constant 2014-2016 thousand I$)","1000 Int$",2021,159,"Cucumbers and gherkins","no"
"BRB","Barbados","Caribbean",NA,"Vegetables","Gross Production Value (constant 2014-2016 thousand I$)","1000 Int$",2022,466,"Cucumbers and gherkins","no"
"BRB","Barbados","Caribbean",NA,"Vegetables","Gross Production Value (constant 2014-2016 thousand I$)","1000 Int$",2023,403,"Cucumbers and gherkins","no"
"BRB","Barbados","Caribbean",NA,"Vegetables","Gross Production Value (constant 2014-2016 thousand US$)","1000 USD",1992,645,"Cucumbers and gherkins","no"
"BRB","Barbados","Caribbean",NA,"Vegetables","Gross Production Value (constant 2014-2016 thousand US$)","1000 USD",1993,890,"Cucumbers and gherkins","no"
"BRB","Barbados","Caribbean",NA,"Vegetables","Gross Production Value (constant 2014-2016 thousand US$)","1000 USD",1994,484,"Cucumbers and gherkins","no"
"BRB","Barbados","Caribbean",NA,"Vegetables","Gross Production Value (constant 2014-2016 thousand US$)","1000 USD",1995,1882,"Cucumbers and gherkins","no"
"BRB","Barbados","Caribbean",NA,"Vegetables","Gross Production Value (constant 2014-2016 thousand US$)","1000 USD",1996,1911,"Cucumbers and gherkins","no"
"BRB","Barbados","Caribbean",NA,"Vegetables","Gross Production Value (constant 2014-2016 thousand US$)","1000 USD",1997,1846,"Cucumbers and gherkins","no"
"BRB","Barbados","Caribbean",NA,"Vegetables","Gross Production Value (constant 2014-2016 thousand US$)","1000 USD",1998,1846,"Cucumbers and gherkins","no"
"BRB","Barbados","Caribbean",NA,"Vegetables","Gross Production Value (constant 2014-2016 thousand US$)","1000 USD",1999,1911,"Cucumbers and gherkins","no"
"BRB","Barbados","Caribbean",NA,"Vegetables","Gross Production Value (constant 2014-2016 thousand US$)","1000 USD",2000,1977,"Cucumbers and gherkins","no"
"BRB","Barbados","Caribbean",NA,"Vegetables","Gross Production Value (constant 2014-2016 thousand US$)","1000 USD",2001,2043,"Cucumbers and gherkins","no"
"BRB","Barbados","Caribbean",NA,"Vegetables","Gross Production Value (constant 2014-2016 thousand US$)","1000 USD",2002,2244,"Cucumbers and gherkins","no"
"BRB","Barbados","Caribbean",NA,"Vegetables","Gross Production Value (constant 2014-2016 thousand US$)","1000 USD",2003,2660,"Cucumbers and gherkins","no"
"BRB","Barbados","Caribbean",NA,"Vegetables","Gross Production Value (constant 2014-2016 thousand US$)","1000 USD",2004,1795,"Cucumbers and gherkins","no"
"BRB","Barbados","Caribbean",NA,"Vegetables","Gross Production Value (constant 2014-2016 thousand US$)","1000 USD",2005,1830,"Cucumbers and gherkins","no"
"BRB","Barbados","Caribbean",NA,"Vegetables","Gross Production Value (constant 2014-2016 thousand US$)","1000 USD",2006,1745,"Cucumbers and gherkins","no"
"BRB","Barbados","Caribbean",NA,"Vegetables","Gross Production Value (constant 2014-2016 thousand US$)","1000 USD",2007,1911,"Cucumbers and gherkins","no"
"BRB","Barbados","Caribbean",NA,"Vegetables","Gross Production Value (constant 2014-2016 thousand US$)","1000 USD",2008,1070,"Cucumbers and gherkins","no"
"BRB","Barbados","Caribbean",NA,"Vegetables","Gross Production Value (constant 2014-2016 thousand US$)","1000 USD",2009,1504,"Cucumbers and gherkins","no"
"BRB","Barbados","Caribbean",NA,"Vegetables","Gross Production Value (constant 2014-2016 thousand US$)","1000 USD",2010,1513,"Cucumbers and gherkins","no"
"BRB","Barbados","Caribbean",NA,"Vegetables","Gross Production Value (constant 2014-2016 thousand US$)","1000 USD",2011,1508,"Cucumbers and gherkins","no"
"BRB","Barbados","Caribbean",NA,"Vegetables","Gross Production Value (constant 2014-2016 thousand US$)","1000 USD",2012,1076,"Cucumbers and gherkins","no"
"BRB","Barbados","Caribbean",NA,"Vegetables","Gross Production Value (constant 2014-2016 thousand US$)","1000 USD",2013,1086,"Cucumbers and gherkins","no"
"BRB","Barbados","Caribbean",NA,"Vegetables","Gross Production Value (constant 2014-2016 thousand US$)","1000 USD",2014,1310,"Cucumbers and gherkins","no"
"BRB","Barbados","Caribbean",NA,"Vegetables","Gross Production Value (constant 2014-2016 thousand US$)","1000 USD",2015,1069,"Cucumbers and gherkins","no"
"BRB","Barbados","Caribbean",NA,"Vegetables","Gross Production Value (constant 2014-2016 thousand US$)","1000 USD",2016,1008,"Cucumbers and gherkins","no"
"BRB","Barbados","Caribbean",NA,"Vegetables","Gross Production Value (constant 2014-2016 thousand US$)","1000 USD",2017,942,"Cucumbers and gherkins","no"
"BRB","Barbados","Caribbean",NA,"Vegetables","Gross Production Value (constant 2014-2016 thousand US$)","1000 USD",2018,893,"Cucumbers and gherkins","no"
"BRB","Barbados","Caribbean",NA,"Vegetables","Gross Production Value (constant 2014-2016 thousand US$)","1000 USD",2019,1230,"Cucumbers and gherkins","no"
"BRB","Barbados","Caribbean",NA,"Vegetables","Gross Production Value (constant 2014-2016 thousand US$)","1000 USD",2020,892,"Cucumbers and gherkins","no"
"BRB","Barbados","Caribbean",NA,"Vegetables","Gross Production Value (constant 2014-2016 thousand US$)","1000 USD",2021,559,"Cucumbers and gherkins","no"
"BRB","Barbados","Caribbean",NA,"Vegetables","Gross Production Value (constant 2014-2016 thousand US$)","1000 USD",2022,1643,"Cucumbers and gherkins","no"
"BRB","Barbados","Caribbean",NA,"Vegetables","Gross Production Value (constant 2014-2016 thousand US$)","1000 USD",2023,1420,"Cucumbers and gherkins","no"
"BRB","Barbados","Caribbean",NA,"Vegetables","Gross Production Value (constant 2014-2016 thousand I$)","1000 Int$",1992,86,"Green corn","no"
"BRB","Barbados","Caribbean",NA,"Vegetables","Gross Production Value (constant 2014-2016 thousand I$)","1000 Int$",1993,32,"Green corn","no"
"BRB","Barbados","Caribbean",NA,"Vegetables","Gross Production Value (constant 2014-2016 thousand I$)","1000 Int$",1994,105,"Green corn","no"
"BRB","Barbados","Caribbean",NA,"Vegetables","Gross Production Value (constant 2014-2016 thousand I$)","1000 Int$",1995,338,"Green corn","no"
"BRB","Barbados","Caribbean",NA,"Vegetables","Gross Production Value (constant 2014-2016 thousand I$)","1000 Int$",1996,338,"Green corn","no"
"BRB","Barbados","Caribbean",NA,"Vegetables","Gross Production Value (constant 2014-2016 thousand I$)","1000 Int$",1997,293,"Green corn","no"
"BRB","Barbados","Caribbean",NA,"Vegetables","Gross Production Value (constant 2014-2016 thousand I$)","1000 Int$",1998,293,"Green corn","no"
"BRB","Barbados","Caribbean",NA,"Vegetables","Gross Production Value (constant 2014-2016 thousand I$)","1000 Int$",1999,293,"Green corn","no"
"BRB","Barbados","Caribbean",NA,"Vegetables","Gross Production Value (constant 2014-2016 thousand I$)","1000 Int$",2000,295,"Green corn","no"
"BRB","Barbados","Caribbean",NA,"Vegetables","Gross Production Value (constant 2014-2016 thousand I$)","1000 Int$",2001,297,"Green corn","no"
"BRB","Barbados","Caribbean",NA,"Vegetables","Gross Production Value (constant 2014-2016 thousand I$)","1000 Int$",2002,306,"Green corn","no"
"BRB","Barbados","Caribbean",NA,"Vegetables","Gross Production Value (constant 2014-2016 thousand I$)","1000 Int$",2003,315,"Green corn","no"
"BRB","Barbados","Caribbean",NA,"Vegetables","Gross Production Value (constant 2014-2016 thousand I$)","1000 Int$",2004,315,"Green corn","no"
"BRB","Barbados","Caribbean",NA,"Vegetables","Gross Production Value (constant 2014-2016 thousand I$)","1000 Int$",2005,324,"Green corn","no"
"BRB","Barbados","Caribbean",NA,"Vegetables","Gross Production Value (constant 2014-2016 thousand I$)","1000 Int$",2006,342,"Green corn","no"
"BRB","Barbados","Caribbean",NA,"Vegetables","Gross Production Value (constant 2014-2016 thousand I$)","1000 Int$",2007,351,"Green corn","no"
"BRB","Barbados","Caribbean",NA,"Vegetables","Gross Production Value (constant 2014-2016 thousand I$)","1000 Int$",2008,345,"Green corn","no"
"BRB","Barbados","Caribbean",NA,"Vegetables","Gross Production Value (constant 2014-2016 thousand I$)","1000 Int$",2009,323,"Green corn","no"
"BRB","Barbados","Caribbean",NA,"Vegetables","Gross Production Value (constant 2014-2016 thousand I$)","1000 Int$",2010,306,"Green corn","no"
"BRB","Barbados","Caribbean",NA,"Vegetables","Gross Production Value (constant 2014-2016 thousand I$)","1000 Int$",2011,290,"Green corn","no"
"BRB","Barbados","Caribbean",NA,"Vegetables","Gross Production Value (constant 2014-2016 thousand I$)","1000 Int$",2012,270,"Green corn","no"
"BRB","Barbados","Caribbean",NA,"Vegetables","Gross Production Value (constant 2014-2016 thousand I$)","1000 Int$",2013,274,"Green corn","no"
"BRB","Barbados","Caribbean",NA,"Vegetables","Gross Production Value (constant 2014-2016 thousand I$)","1000 Int$",2014,270,"Green corn","no"
"BRB","Barbados","Caribbean",NA,"Vegetables","Gross Production Value (constant 2014-2016 thousand I$)","1000 Int$",2015,269,"Green corn","no"
"BRB","Barbados","Caribbean",NA,"Vegetables","Gross Production Value (constant 2014-2016 thousand I$)","1000 Int$",2016,273,"Green corn","no"
"BRB","Barbados","Caribbean",NA,"Vegetables","Gross Production Value (constant 2014-2016 thousand I$)","1000 Int$",2017,277,"Green corn","no"
"BRB","Barbados","Caribbean",NA,"Vegetables","Gross Production Value (constant 2014-2016 thousand I$)","1000 Int$",2018,280,"Green corn","no"
"BRB","Barbados","Caribbean",NA,"Vegetables","Gross Production Value (constant 2014-2016 thousand I$)","1000 Int$",2019,282,"Green corn","no"
"BRB","Barbados","Caribbean",NA,"Vegetables","Gross Production Value (constant 2014-2016 thousand I$)","1000 Int$",2020,279,"Green corn","no"
"BRB","Barbados","Caribbean",NA,"Vegetables","Gross Production Value (constant 2014-2016 thousand I$)","1000 Int$",2021,274,"Green corn","no"
"BRB","Barbados","Caribbean",NA,"Vegetables","Gross Production Value (constant 2014-2016 thousand I$)","1000 Int$",2022,273,"Green corn","no"
"BRB","Barbados","Caribbean",NA,"Vegetables","Gross Production Value (constant 2014-2016 thousand I$)","1000 Int$",2023,271,"Green corn","no"
"BRB","Barbados","Caribbean",NA,"Vegetables","Gross Production Value (constant 2014-2016 thousand US$)","1000 USD",1992,186,"Green corn","no"
"BRB","Barbados","Caribbean",NA,"Vegetables","Gross Production Value (constant 2014-2016 thousand US$)","1000 USD",1993,70,"Green corn","no"
"BRB","Barbados","Caribbean",NA,"Vegetables","Gross Production Value (constant 2014-2016 thousand US$)","1000 USD",1994,227,"Green corn","no"
"BRB","Barbados","Caribbean",NA,"Vegetables","Gross Production Value (constant 2014-2016 thousand US$)","1000 USD",1995,731,"Green corn","no"
"BRB","Barbados","Caribbean",NA,"Vegetables","Gross Production Value (constant 2014-2016 thousand US$)","1000 USD",1996,731,"Green corn","no"
"BRB","Barbados","Caribbean",NA,"Vegetables","Gross Production Value (constant 2014-2016 thousand US$)","1000 USD",1997,634,"Green corn","no"
"BRB","Barbados","Caribbean",NA,"Vegetables","Gross Production Value (constant 2014-2016 thousand US$)","1000 USD",1998,634,"Green corn","no"
"BRB","Barbados","Caribbean",NA,"Vegetables","Gross Production Value (constant 2014-2016 thousand US$)","1000 USD",1999,634,"Green corn","no"
"BRB","Barbados","Caribbean",NA,"Vegetables","Gross Production Value (constant 2014-2016 thousand US$)","1000 USD",2000,639,"Green corn","no"
"BRB","Barbados","Caribbean",NA,"Vegetables","Gross Production Value (constant 2014-2016 thousand US$)","1000 USD",2001,644,"Green corn","no"
"BRB","Barbados","Caribbean",NA,"Vegetables","Gross Production Value (constant 2014-2016 thousand US$)","1000 USD",2002,663,"Green corn","no"
"BRB","Barbados","Caribbean",NA,"Vegetables","Gross Production Value (constant 2014-2016 thousand US$)","1000 USD",2003,683,"Green corn","no"
"BRB","Barbados","Caribbean",NA,"Vegetables","Gross Production Value (constant 2014-2016 thousand US$)","1000 USD",2004,683,"Green corn","no"
"BRB","Barbados","Caribbean",NA,"Vegetables","Gross Production Value (constant 2014-2016 thousand US$)","1000 USD",2005,702,"Green corn","no"
"BRB","Barbados","Caribbean",NA,"Vegetables","Gross Production Value (constant 2014-2016 thousand US$)","1000 USD",2006,741,"Green corn","no"
"BRB","Barbados","Caribbean",NA,"Vegetables","Gross Production Value (constant 2014-2016 thousand US$)","1000 USD",2007,761,"Green corn","no"
"BRB","Barbados","Caribbean",NA,"Vegetables","Gross Production Value (constant 2014-2016 thousand US$)","1000 USD",2008,747,"Green corn","no"
"BRB","Barbados","Caribbean",NA,"Vegetables","Gross Production Value (constant 2014-2016 thousand US$)","1000 USD",2009,699,"Green corn","no"
"BRB","Barbados","Caribbean",NA,"Vegetables","Gross Production Value (constant 2014-2016 thousand US$)","1000 USD",2010,663,"Green corn","no"
"BRB","Barbados","Caribbean",NA,"Vegetables","Gross Production Value (constant 2014-2016 thousand US$)","1000 USD",2011,628,"Green corn","no"
"BRB","Barbados","Caribbean",NA,"Vegetables","Gross Production Value (constant 2014-2016 thousand US$)","1000 USD",2012,585,"Green corn","no"
"BRB","Barbados","Caribbean",NA,"Vegetables","Gross Production Value (constant 2014-2016 thousand US$)","1000 USD",2013,593,"Green corn","no"
"BRB","Barbados","Caribbean",NA,"Vegetables","Gross Production Value (constant 2014-2016 thousand US$)","1000 USD",2014,585,"Green corn","no"
"BRB","Barbados","Caribbean",NA,"Vegetables","Gross Production Value (constant 2014-2016 thousand US$)","1000 USD",2015,584,"Green corn","no"
"BRB","Barbados","Caribbean",NA,"Vegetables","Gross Production Value (constant 2014-2016 thousand US$)","1000 USD",2016,592,"Green corn","no"
"BRB","Barbados","Caribbean",NA,"Vegetables","Gross Production Value (constant 2014-2016 thousand US$)","1000 USD",2017,600,"Green corn","no"
"BRB","Barbados","Caribbean",NA,"Vegetables","Gross Production Value (constant 2014-2016 thousand US$)","1000 USD",2018,606,"Green corn","no"
"BRB","Barbados","Caribbean",NA,"Vegetables","Gross Production Value (constant 2014-2016 thousand US$)","1000 USD",2019,612,"Green corn","no"
"BRB","Barbados","Caribbean",NA,"Vegetables","Gross Production Value (constant 2014-2016 thousand US$)","1000 USD",2020,605,"Green corn","no"
"BRB","Barbados","Caribbean",NA,"Vegetables","Gross Production Value (constant 2014-2016 thousand US$)","1000 USD",2021,593,"Green corn","no"
"BRB","Barbados","Caribbean",NA,"Vegetables","Gross Production Value (constant 2014-2016 thousand US$)","1000 USD",2022,591,"Green corn","no"
"BRB","Barbados","Caribbean",NA,"Vegetables","Gross Production Value (constant 2014-2016 thousand US$)","1000 USD",2023,588,"Green corn","no"
"BRB","Barbados","Caribbean",NA,"Oilseeds and oleaginous fruits","Gross Production Value (constant 2014-2016 thousand I$)","1000 Int$",1992,69,"Groundnuts, excluding shelled","no"
"BRB","Barbados","Caribbean",NA,"Oilseeds and oleaginous fruits","Gross Production Value (constant 2014-2016 thousand I$)","1000 Int$",1993,66,"Groundnuts, excluding shelled","no"
"BRB","Barbados","Caribbean",NA,"Oilseeds and oleaginous fruits","Gross Production Value (constant 2014-2016 thousand I$)","1000 Int$",1994,48,"Groundnuts, excluding shelled","no"
"BRB","Barbados","Caribbean",NA,"Oilseeds and oleaginous fruits","Gross Production Value (constant 2014-2016 thousand I$)","1000 Int$",1995,104,"Groundnuts, excluding shelled","no"
"BRB","Barbados","Caribbean",NA,"Oilseeds and oleaginous fruits","Gross Production Value (constant 2014-2016 thousand I$)","1000 Int$",1996,24,"Groundnuts, excluding shelled","no"
"BRB","Barbados","Caribbean",NA,"Oilseeds and oleaginous fruits","Gross Production Value (constant 2014-2016 thousand I$)","1000 Int$",1997,64,"Groundnuts, excluding shelled","no"
"BRB","Barbados","Caribbean",NA,"Oilseeds and oleaginous fruits","Gross Production Value (constant 2014-2016 thousand I$)","1000 Int$",1998,65,"Groundnuts, excluding shelled","no"
"BRB","Barbados","Caribbean",NA,"Oilseeds and oleaginous fruits","Gross Production Value (constant 2014-2016 thousand I$)","1000 Int$",1999,36,"Groundnuts, excluding shelled","no"
"BRB","Barbados","Caribbean",NA,"Oilseeds and oleaginous fruits","Gross Production Value (constant 2014-2016 thousand I$)","1000 Int$",2000,43,"Groundnuts, excluding shelled","no"
"BRB","Barbados","Caribbean",NA,"Oilseeds and oleaginous fruits","Gross Production Value (constant 2014-2016 thousand I$)","1000 Int$",2001,22,"Groundnuts, excluding shelled","no"
"BRB","Barbados","Caribbean",NA,"Oilseeds and oleaginous fruits","Gross Production Value (constant 2014-2016 thousand I$)","1000 Int$",2002,22,"Groundnuts, excluding shelled","no"
"BRB","Barbados","Caribbean",NA,"Oilseeds and oleaginous fruits","Gross Production Value (constant 2014-2016 thousand I$)","1000 Int$",2003,46,"Groundnuts, excluding shelled","no"
"BRB","Barbados","Caribbean",NA,"Oilseeds and oleaginous fruits","Gross Production Value (constant 2014-2016 thousand I$)","1000 Int$",2004,20,"Groundnuts, excluding shelled","no"
"BRB","Barbados","Caribbean",NA,"Oilseeds and oleaginous fruits","Gross Production Value (constant 2014-2016 thousand I$)","1000 Int$",2005,17,"Groundnuts, excluding shelled","no"
"BRB","Barbados","Caribbean",NA,"Oilseeds and oleaginous fruits","Gross Production Value (constant 2014-2016 thousand I$)","1000 Int$",2006,15,"Groundnuts, excluding shelled","no"
"BRB","Barbados","Caribbean",NA,"Oilseeds and oleaginous fruits","Gross Production Value (constant 2014-2016 thousand I$)","1000 Int$",2007,7,"Groundnuts, excluding shelled","no"
"BRB","Barbados","Caribbean",NA,"Oilseeds and oleaginous fruits","Gross Production Value (constant 2014-2016 thousand I$)","1000 Int$",2008,17,"Groundnuts, excluding shelled","no"
"BRB","Barbados","Caribbean",NA,"Oilseeds and oleaginous fruits","Gross Production Value (constant 2014-2016 thousand I$)","1000 Int$",2009,36,"Groundnuts, excluding shelled","no"
"BRB","Barbados","Caribbean",NA,"Oilseeds and oleaginous fruits","Gross Production Value (constant 2014-2016 thousand I$)","1000 Int$",2010,12,"Groundnuts, excluding shelled","no"
"BRB","Barbados","Caribbean",NA,"Oilseeds and oleaginous fruits","Gross Production Value (constant 2014-2016 thousand I$)","1000 Int$",2011,14,"Groundnuts, excluding shelled","no"
"BRB","Barbados","Caribbean",NA,"Oilseeds and oleaginous fruits","Gross Production Value (constant 2014-2016 thousand I$)","1000 Int$",2012,14,"Groundnuts, excluding shelled","no"
"BRB","Barbados","Caribbean",NA,"Oilseeds and oleaginous fruits","Gross Production Value (constant 2014-2016 thousand I$)","1000 Int$",2013,13,"Groundnuts, excluding shelled","no"
"BRB","Barbados","Caribbean",NA,"Oilseeds and oleaginous fruits","Gross Production Value (constant 2014-2016 thousand I$)","1000 Int$",2014,11,"Groundnuts, excluding shelled","no"
"BRB","Barbados","Caribbean",NA,"Oilseeds and oleaginous fruits","Gross Production Value (constant 2014-2016 thousand I$)","1000 Int$",2015,10,"Groundnuts, excluding shelled","no"
"BRB","Barbados","Caribbean",NA,"Oilseeds and oleaginous fruits","Gross Production Value (constant 2014-2016 thousand I$)","1000 Int$",2016,8,"Groundnuts, excluding shelled","no"
"BRB","Barbados","Caribbean",NA,"Oilseeds and oleaginous fruits","Gross Production Value (constant 2014-2016 thousand I$)","1000 Int$",2017,15,"Groundnuts, excluding shelled","no"
"BRB","Barbados","Caribbean",NA,"Oilseeds and oleaginous fruits","Gross Production Value (constant 2014-2016 thousand I$)","1000 Int$",2018,4,"Groundnuts, excluding shelled","no"
"BRB","Barbados","Caribbean",NA,"Oilseeds and oleaginous fruits","Gross Production Value (constant 2014-2016 thousand I$)","1000 Int$",2019,5,"Groundnuts, excluding shelled","no"
"BRB","Barbados","Caribbean",NA,"Oilseeds and oleaginous fruits","Gross Production Value (constant 2014-2016 thousand I$)","1000 Int$",2020,6,"Groundnuts, excluding shelled","no"
"BRB","Barbados","Caribbean",NA,"Oilseeds and oleaginous fruits","Gross Production Value (constant 2014-2016 thousand I$)","1000 Int$",2021,5,"Groundnuts, excluding shelled","no"
"BRB","Barbados","Caribbean",NA,"Oilseeds and oleaginous fruits","Gross Production Value (constant 2014-2016 thousand I$)","1000 Int$",2022,6,"Groundnuts, excluding shelled","no"
"BRB","Barbados","Caribbean",NA,"Oilseeds and oleaginous fruits","Gross Production Value (constant 2014-2016 thousand I$)","1000 Int$",2023,5,"Groundnuts, excluding shelled","no"
"BRB","Barbados","Caribbean",NA,"Oilseeds and oleaginous fruits","Gross Production Value (constant 2014-2016 thousand US$)","1000 USD",1992,475,"Groundnuts, excluding shelled","no"
"BRB","Barbados","Caribbean",NA,"Oilseeds and oleaginous fruits","Gross Production Value (constant 2014-2016 thousand US$)","1000 USD",1993,455,"Groundnuts, excluding shelled","no"
"BRB","Barbados","Caribbean",NA,"Oilseeds and oleaginous fruits","Gross Production Value (constant 2014-2016 thousand US$)","1000 USD",1994,335,"Groundnuts, excluding shelled","no"
"BRB","Barbados","Caribbean",NA,"Oilseeds and oleaginous fruits","Gross Production Value (constant 2014-2016 thousand US$)","1000 USD",1995,720,"Groundnuts, excluding shelled","no"
"BRB","Barbados","Caribbean",NA,"Oilseeds and oleaginous fruits","Gross Production Value (constant 2014-2016 thousand US$)","1000 USD",1996,165,"Groundnuts, excluding shelled","no"
"BRB","Barbados","Caribbean",NA,"Oilseeds and oleaginous fruits","Gross Production Value (constant 2014-2016 thousand US$)","1000 USD",1997,445,"Groundnuts, excluding shelled","no"
"BRB","Barbados","Caribbean",NA,"Oilseeds and oleaginous fruits","Gross Production Value (constant 2014-2016 thousand US$)","1000 USD",1998,450,"Groundnuts, excluding shelled","no"
"BRB","Barbados","Caribbean",NA,"Oilseeds and oleaginous fruits","Gross Production Value (constant 2014-2016 thousand US$)","1000 USD",1999,250,"Groundnuts, excluding shelled","no"
"BRB","Barbados","Caribbean",NA,"Oilseeds and oleaginous fruits","Gross Production Value (constant 2014-2016 thousand US$)","1000 USD",2000,300,"Groundnuts, excluding shelled","no"
"BRB","Barbados","Caribbean",NA,"Oilseeds and oleaginous fruits","Gross Production Value (constant 2014-2016 thousand US$)","1000 USD",2001,150,"Groundnuts, excluding shelled","no"
"BRB","Barbados","Caribbean",NA,"Oilseeds and oleaginous fruits","Gross Production Value (constant 2014-2016 thousand US$)","1000 USD",2002,150,"Groundnuts, excluding shelled","no"
"BRB","Barbados","Caribbean",NA,"Oilseeds and oleaginous fruits","Gross Production Value (constant 2014-2016 thousand US$)","1000 USD",2003,315,"Groundnuts, excluding shelled","no"
"BRB","Barbados","Caribbean",NA,"Oilseeds and oleaginous fruits","Gross Production Value (constant 2014-2016 thousand US$)","1000 USD",2004,140,"Groundnuts, excluding shelled","no"
"BRB","Barbados","Caribbean",NA,"Oilseeds and oleaginous fruits","Gross Production Value (constant 2014-2016 thousand US$)","1000 USD",2005,115,"Groundnuts, excluding shelled","no"
"BRB","Barbados","Caribbean",NA,"Oilseeds and oleaginous fruits","Gross Production Value (constant 2014-2016 thousand US$)","1000 USD",2006,105,"Groundnuts, excluding shelled","no"
"BRB","Barbados","Caribbean",NA,"Oilseeds and oleaginous fruits","Gross Production Value (constant 2014-2016 thousand US$)","1000 USD",2007,45,"Groundnuts, excluding shelled","no"
"BRB","Barbados","Caribbean",NA,"Oilseeds and oleaginous fruits","Gross Production Value (constant 2014-2016 thousand US$)","1000 USD",2008,120,"Groundnuts, excluding shelled","no"
"BRB","Barbados","Caribbean",NA,"Oilseeds and oleaginous fruits","Gross Production Value (constant 2014-2016 thousand US$)","1000 USD",2009,250,"Groundnuts, excluding shelled","no"
"BRB","Barbados","Caribbean",NA,"Oilseeds and oleaginous fruits","Gross Production Value (constant 2014-2016 thousand US$)","1000 USD",2010,80,"Groundnuts, excluding shelled","no"
"BRB","Barbados","Caribbean",NA,"Oilseeds and oleaginous fruits","Gross Production Value (constant 2014-2016 thousand US$)","1000 USD",2011,94,"Groundnuts, excluding shelled","no"
"BRB","Barbados","Caribbean",NA,"Oilseeds and oleaginous fruits","Gross Production Value (constant 2014-2016 thousand US$)","1000 USD",2012,95,"Groundnuts, excluding shelled","no"
"BRB","Barbados","Caribbean",NA,"Oilseeds and oleaginous fruits","Gross Production Value (constant 2014-2016 thousand US$)","1000 USD",2013,88,"Groundnuts, excluding shelled","no"
"BRB","Barbados","Caribbean",NA,"Oilseeds and oleaginous fruits","Gross Production Value (constant 2014-2016 thousand US$)","1000 USD",2014,79,"Groundnuts, excluding shelled","no"
"BRB","Barbados","Caribbean",NA,"Oilseeds and oleaginous fruits","Gross Production Value (constant 2014-2016 thousand US$)","1000 USD",2015,71,"Groundnuts, excluding shelled","no"
"BRB","Barbados","Caribbean",NA,"Oilseeds and oleaginous fruits","Gross Production Value (constant 2014-2016 thousand US$)","1000 USD",2016,56,"Groundnuts, excluding shelled","no"
"BRB","Barbados","Caribbean",NA,"Oilseeds and oleaginous fruits","Gross Production Value (constant 2014-2016 thousand US$)","1000 USD",2017,106,"Groundnuts, excluding shelled","no"
"BRB","Barbados","Caribbean",NA,"Oilseeds and oleaginous fruits","Gross Production Value (constant 2014-2016 thousand US$)","1000 USD",2018,31,"Groundnuts, excluding shelled","no"
"BRB","Barbados","Caribbean",NA,"Oilseeds and oleaginous fruits","Gross Production Value (constant 2014-2016 thousand US$)","1000 USD",2019,38,"Groundnuts, excluding shelled","no"
"BRB","Barbados","Caribbean",NA,"Oilseeds and oleaginous fruits","Gross Production Value (constant 2014-2016 thousand US$)","1000 USD",2020,40,"Groundnuts, excluding shelled","no"
"BRB","Barbados","Caribbean",NA,"Oilseeds and oleaginous fruits","Gross Production Value (constant 2014-2016 thousand US$)","1000 USD",2021,37,"Groundnuts, excluding shelled","no"
"BRB","Barbados","Caribbean",NA,"Oilseeds and oleaginous fruits","Gross Production Value (constant 2014-2016 thousand US$)","1000 USD",2022,40,"Groundnuts, excluding shelled","no"
"BRB","Barbados","Caribbean",NA,"Oilseeds and oleaginous fruits","Gross Production Value (constant 2014-2016 thousand US$)","1000 USD",2023,37,"Groundnuts, excluding shelled","no"
"BRB","Barbados","Caribbean",NA,"Eggs of hens or other birds in shell, fresh","Gross Production Value (constant 2014-2016 thousand I$)","1000 Int$",1992,1577,"Hen eggs in shell","no"
"BRB","Barbados","Caribbean",NA,"Eggs of hens or other birds in shell, fresh","Gross Production Value (constant 2014-2016 thousand I$)","1000 Int$",1993,1552,"Hen eggs in shell","no"
"BRB","Barbados","Caribbean",NA,"Eggs of hens or other birds in shell, fresh","Gross Production Value (constant 2014-2016 thousand I$)","1000 Int$",1994,1644,"Hen eggs in shell","no"
"BRB","Barbados","Caribbean",NA,"Eggs of hens or other birds in shell, fresh","Gross Production Value (constant 2014-2016 thousand I$)","1000 Int$",1995,1325,"Hen eggs in shell","no"
"BRB","Barbados","Caribbean",NA,"Eggs of hens or other birds in shell, fresh","Gross Production Value (constant 2014-2016 thousand I$)","1000 Int$",1996,1587,"Hen eggs in shell","no"
"BRB","Barbados","Caribbean",NA,"Eggs of hens or other birds in shell, fresh","Gross Production Value (constant 2014-2016 thousand I$)","1000 Int$",1997,985,"Hen eggs in shell","no"
"BRB","Barbados","Caribbean",NA,"Eggs of hens or other birds in shell, fresh","Gross Production Value (constant 2014-2016 thousand I$)","1000 Int$",1998,1219,"Hen eggs in shell","no"
"BRB","Barbados","Caribbean",NA,"Eggs of hens or other birds in shell, fresh","Gross Production Value (constant 2014-2016 thousand I$)","1000 Int$",1999,1399,"Hen eggs in shell","no"
"BRB","Barbados","Caribbean",NA,"Eggs of hens or other birds in shell, fresh","Gross Production Value (constant 2014-2016 thousand I$)","1000 Int$",2000,1555,"Hen eggs in shell","no"
"BRB","Barbados","Caribbean",NA,"Eggs of hens or other birds in shell, fresh","Gross Production Value (constant 2014-2016 thousand I$)","1000 Int$",2001,1710,"Hen eggs in shell","no"
"BRB","Barbados","Caribbean",NA,"Eggs of hens or other birds in shell, fresh","Gross Production Value (constant 2014-2016 thousand I$)","1000 Int$",2002,1866,"Hen eggs in shell","no"
"BRB","Barbados","Caribbean",NA,"Eggs of hens or other birds in shell, fresh","Gross Production Value (constant 2014-2016 thousand I$)","1000 Int$",2003,2015,"Hen eggs in shell","no"
"BRB","Barbados","Caribbean",NA,"Eggs of hens or other birds in shell, fresh","Gross Production Value (constant 2014-2016 thousand I$)","1000 Int$",2004,2398,"Hen eggs in shell","no"
"BRB","Barbados","Caribbean",NA,"Eggs of hens or other birds in shell, fresh","Gross Production Value (constant 2014-2016 thousand I$)","1000 Int$",2005,1723,"Hen eggs in shell","no"
"BRB","Barbados","Caribbean",NA,"Eggs of hens or other birds in shell, fresh","Gross Production Value (constant 2014-2016 thousand I$)","1000 Int$",2006,2472,"Hen eggs in shell","no"
"BRB","Barbados","Caribbean",NA,"Eggs of hens or other birds in shell, fresh","Gross Production Value (constant 2014-2016 thousand I$)","1000 Int$",2007,2867,"Hen eggs in shell","no"
"BRB","Barbados","Caribbean",NA,"Eggs of hens or other birds in shell, fresh","Gross Production Value (constant 2014-2016 thousand I$)","1000 Int$",2008,2367,"Hen eggs in shell","no"
"BRB","Barbados","Caribbean",NA,"Eggs of hens or other birds in shell, fresh","Gross Production Value (constant 2014-2016 thousand I$)","1000 Int$",2009,2490,"Hen eggs in shell","no"
"BRB","Barbados","Caribbean",NA,"Eggs of hens or other birds in shell, fresh","Gross Production Value (constant 2014-2016 thousand I$)","1000 Int$",2010,2775,"Hen eggs in shell","no"
"BRB","Barbados","Caribbean",NA,"Eggs of hens or other birds in shell, fresh","Gross Production Value (constant 2014-2016 thousand I$)","1000 Int$",2011,2622,"Hen eggs in shell","no"
"BRB","Barbados","Caribbean",NA,"Eggs of hens or other birds in shell, fresh","Gross Production Value (constant 2014-2016 thousand I$)","1000 Int$",2012,3238,"Hen eggs in shell","no"
"BRB","Barbados","Caribbean",NA,"Eggs of hens or other birds in shell, fresh","Gross Production Value (constant 2014-2016 thousand I$)","1000 Int$",2013,3689,"Hen eggs in shell","no"
"BRB","Barbados","Caribbean",NA,"Eggs of hens or other birds in shell, fresh","Gross Production Value (constant 2014-2016 thousand I$)","1000 Int$",2014,2943,"Hen eggs in shell","no"
"BRB","Barbados","Caribbean",NA,"Eggs of hens or other birds in shell, fresh","Gross Production Value (constant 2014-2016 thousand I$)","1000 Int$",2015,2979,"Hen eggs in shell","no"
"BRB","Barbados","Caribbean",NA,"Eggs of hens or other birds in shell, fresh","Gross Production Value (constant 2014-2016 thousand I$)","1000 Int$",2016,5300,"Hen eggs in shell","no"
"BRB","Barbados","Caribbean",NA,"Eggs of hens or other birds in shell, fresh","Gross Production Value (constant 2014-2016 thousand I$)","1000 Int$",2017,4188,"Hen eggs in shell","no"
"BRB","Barbados","Caribbean",NA,"Eggs of hens or other birds in shell, fresh","Gross Production Value (constant 2014-2016 thousand I$)","1000 Int$",2018,3572,"Hen eggs in shell","no"
"BRB","Barbados","Caribbean",NA,"Eggs of hens or other birds in shell, fresh","Gross Production Value (constant 2014-2016 thousand I$)","1000 Int$",2019,4664,"Hen eggs in shell","no"
"BRB","Barbados","Caribbean",NA,"Eggs of hens or other birds in shell, fresh","Gross Production Value (constant 2014-2016 thousand I$)","1000 Int$",2020,4319,"Hen eggs in shell","no"
"BRB","Barbados","Caribbean",NA,"Eggs of hens or other birds in shell, fresh","Gross Production Value (constant 2014-2016 thousand I$)","1000 Int$",2021,3242,"Hen eggs in shell","no"
"BRB","Barbados","Caribbean",NA,"Eggs of hens or other birds in shell, fresh","Gross Production Value (constant 2014-2016 thousand I$)","1000 Int$",2022,3855,"Hen eggs in shell","no"
"BRB","Barbados","Caribbean",NA,"Eggs of hens or other birds in shell, fresh","Gross Production Value (constant 2014-2016 thousand I$)","1000 Int$",2023,3805,"Hen eggs in shell","no"
"BRB","Barbados","Caribbean",NA,"Eggs of hens or other birds in shell, fresh","Gross Production Value (constant 2014-2016 thousand US$)","1000 USD",1992,5922,"Hen eggs in shell","no"
"BRB","Barbados","Caribbean",NA,"Eggs of hens or other birds in shell, fresh","Gross Production Value (constant 2014-2016 thousand US$)","1000 USD",1993,5828,"Hen eggs in shell","no"
"BRB","Barbados","Caribbean",NA,"Eggs of hens or other birds in shell, fresh","Gross Production Value (constant 2014-2016 thousand US$)","1000 USD",1994,6174,"Hen eggs in shell","no"
"BRB","Barbados","Caribbean",NA,"Eggs of hens or other birds in shell, fresh","Gross Production Value (constant 2014-2016 thousand US$)","1000 USD",1995,4974,"Hen eggs in shell","no"
"BRB","Barbados","Caribbean",NA,"Eggs of hens or other birds in shell, fresh","Gross Production Value (constant 2014-2016 thousand US$)","1000 USD",1996,5959,"Hen eggs in shell","no"
"BRB","Barbados","Caribbean",NA,"Eggs of hens or other birds in shell, fresh","Gross Production Value (constant 2014-2016 thousand US$)","1000 USD",1997,3699,"Hen eggs in shell","no"
"BRB","Barbados","Caribbean",NA,"Eggs of hens or other birds in shell, fresh","Gross Production Value (constant 2014-2016 thousand US$)","1000 USD",1998,4577,"Hen eggs in shell","no"
"BRB","Barbados","Caribbean",NA,"Eggs of hens or other birds in shell, fresh","Gross Production Value (constant 2014-2016 thousand US$)","1000 USD",1999,5254,"Hen eggs in shell","no"
"BRB","Barbados","Caribbean",NA,"Eggs of hens or other birds in shell, fresh","Gross Production Value (constant 2014-2016 thousand US$)","1000 USD",2000,5838,"Hen eggs in shell","no"
"BRB","Barbados","Caribbean",NA,"Eggs of hens or other birds in shell, fresh","Gross Production Value (constant 2014-2016 thousand US$)","1000 USD",2001,6422,"Hen eggs in shell","no"
"BRB","Barbados","Caribbean",NA,"Eggs of hens or other birds in shell, fresh","Gross Production Value (constant 2014-2016 thousand US$)","1000 USD",2002,7005,"Hen eggs in shell","no"
"BRB","Barbados","Caribbean",NA,"Eggs of hens or other birds in shell, fresh","Gross Production Value (constant 2014-2016 thousand US$)","1000 USD",2003,7566,"Hen eggs in shell","no"
"BRB","Barbados","Caribbean",NA,"Eggs of hens or other birds in shell, fresh","Gross Production Value (constant 2014-2016 thousand US$)","1000 USD",2004,9004,"Hen eggs in shell","no"
"BRB","Barbados","Caribbean",NA,"Eggs of hens or other birds in shell, fresh","Gross Production Value (constant 2014-2016 thousand US$)","1000 USD",2005,6468,"Hen eggs in shell","no"
"BRB","Barbados","Caribbean",NA,"Eggs of hens or other birds in shell, fresh","Gross Production Value (constant 2014-2016 thousand US$)","1000 USD",2006,9280,"Hen eggs in shell","no"
"BRB","Barbados","Caribbean",NA,"Eggs of hens or other birds in shell, fresh","Gross Production Value (constant 2014-2016 thousand US$)","1000 USD",2007,10765,"Hen eggs in shell","no"
"BRB","Barbados","Caribbean",NA,"Eggs of hens or other birds in shell, fresh","Gross Production Value (constant 2014-2016 thousand US$)","1000 USD",2008,8887,"Hen eggs in shell","no"
"BRB","Barbados","Caribbean",NA,"Eggs of hens or other birds in shell, fresh","Gross Production Value (constant 2014-2016 thousand US$)","1000 USD",2009,9350,"Hen eggs in shell","no"
"BRB","Barbados","Caribbean",NA,"Eggs of hens or other birds in shell, fresh","Gross Production Value (constant 2014-2016 thousand US$)","1000 USD",2010,10419,"Hen eggs in shell","no"
"BRB","Barbados","Caribbean",NA,"Eggs of hens or other birds in shell, fresh","Gross Production Value (constant 2014-2016 thousand US$)","1000 USD",2011,9845,"Hen eggs in shell","no"
"BRB","Barbados","Caribbean",NA,"Eggs of hens or other birds in shell, fresh","Gross Production Value (constant 2014-2016 thousand US$)","1000 USD",2012,12157,"Hen eggs in shell","no"
"BRB","Barbados","Caribbean",NA,"Eggs of hens or other birds in shell, fresh","Gross Production Value (constant 2014-2016 thousand US$)","1000 USD",2013,13852,"Hen eggs in shell","no"
"BRB","Barbados","Caribbean",NA,"Eggs of hens or other birds in shell, fresh","Gross Production Value (constant 2014-2016 thousand US$)","1000 USD",2014,11050,"Hen eggs in shell","no"
"BRB","Barbados","Caribbean",NA,"Eggs of hens or other birds in shell, fresh","Gross Production Value (constant 2014-2016 thousand US$)","1000 USD",2015,11185,"Hen eggs in shell","no"
"BRB","Barbados","Caribbean",NA,"Eggs of hens or other birds in shell, fresh","Gross Production Value (constant 2014-2016 thousand US$)","1000 USD",2016,19898,"Hen eggs in shell","no"
"BRB","Barbados","Caribbean",NA,"Eggs of hens or other birds in shell, fresh","Gross Production Value (constant 2014-2016 thousand US$)","1000 USD",2017,15724,"Hen eggs in shell","no"
"BRB","Barbados","Caribbean",NA,"Eggs of hens or other birds in shell, fresh","Gross Production Value (constant 2014-2016 thousand US$)","1000 USD",2018,13411,"Hen eggs in shell","no"
"BRB","Barbados","Caribbean",NA,"Eggs of hens or other birds in shell, fresh","Gross Production Value (constant 2014-2016 thousand US$)","1000 USD",2019,17513,"Hen eggs in shell","no"
"BRB","Barbados","Caribbean",NA,"Eggs of hens or other birds in shell, fresh","Gross Production Value (constant 2014-2016 thousand US$)","1000 USD",2020,16215,"Hen eggs in shell","no"
"BRB","Barbados","Caribbean",NA,"Eggs of hens or other birds in shell, fresh","Gross Production Value (constant 2014-2016 thousand US$)","1000 USD",2021,12171,"Hen eggs in shell","no"
"BRB","Barbados","Caribbean",NA,"Eggs of hens or other birds in shell, fresh","Gross Production Value (constant 2014-2016 thousand US$)","1000 USD",2022,14473,"Hen eggs in shell","no"
"BRB","Barbados","Caribbean",NA,"Eggs of hens or other birds in shell, fresh","Gross Production Value (constant 2014-2016 thousand US$)","1000 USD",2023,14286,"Hen eggs in shell","no"
"BRB","Barbados","Caribbean",NA,"Vegetables","Gross Production Value (constant 2014-2016 thousand I$)","1000 Int$",1992,0,"Lettuce and chicory","no"
"BRB","Barbados","Caribbean",NA,"Vegetables","Gross Production Value (constant 2014-2016 thousand I$)","1000 Int$",1993,154,"Lettuce and chicory","no"
"BRB","Barbados","Caribbean",NA,"Vegetables","Gross Production Value (constant 2014-2016 thousand I$)","1000 Int$",1994,282,"Lettuce and chicory","no"
"BRB","Barbados","Caribbean",NA,"Vegetables","Gross Production Value (constant 2014-2016 thousand I$)","1000 Int$",1995,756,"Lettuce and chicory","no"
"BRB","Barbados","Caribbean",NA,"Vegetables","Gross Production Value (constant 2014-2016 thousand I$)","1000 Int$",1996,673,"Lettuce and chicory","no"
"BRB","Barbados","Caribbean",NA,"Vegetables","Gross Production Value (constant 2014-2016 thousand I$)","1000 Int$",1997,176,"Lettuce and chicory","no"
"BRB","Barbados","Caribbean",NA,"Vegetables","Gross Production Value (constant 2014-2016 thousand I$)","1000 Int$",1998,137,"Lettuce and chicory","no"
"BRB","Barbados","Caribbean",NA,"Vegetables","Gross Production Value (constant 2014-2016 thousand I$)","1000 Int$",1999,99,"Lettuce and chicory","no"
"BRB","Barbados","Caribbean",NA,"Vegetables","Gross Production Value (constant 2014-2016 thousand I$)","1000 Int$",2000,109,"Lettuce and chicory","no"
"BRB","Barbados","Caribbean",NA,"Vegetables","Gross Production Value (constant 2014-2016 thousand I$)","1000 Int$",2001,119,"Lettuce and chicory","no"
"BRB","Barbados","Caribbean",NA,"Vegetables","Gross Production Value (constant 2014-2016 thousand I$)","1000 Int$",2002,62,"Lettuce and chicory","no"
"BRB","Barbados","Caribbean",NA,"Vegetables","Gross Production Value (constant 2014-2016 thousand I$)","1000 Int$",2003,111,"Lettuce and chicory","no"
"BRB","Barbados","Caribbean",NA,"Vegetables","Gross Production Value (constant 2014-2016 thousand I$)","1000 Int$",2004,126,"Lettuce and chicory","no"
"BRB","Barbados","Caribbean",NA,"Vegetables","Gross Production Value (constant 2014-2016 thousand I$)","1000 Int$",2005,113,"Lettuce and chicory","no"
"BRB","Barbados","Caribbean",NA,"Vegetables","Gross Production Value (constant 2014-2016 thousand I$)","1000 Int$",2006,174,"Lettuce and chicory","no"
"BRB","Barbados","Caribbean",NA,"Vegetables","Gross Production Value (constant 2014-2016 thousand I$)","1000 Int$",2007,166,"Lettuce and chicory","no"
"BRB","Barbados","Caribbean",NA,"Vegetables","Gross Production Value (constant 2014-2016 thousand I$)","1000 Int$",2008,57,"Lettuce and chicory","no"
"BRB","Barbados","Caribbean",NA,"Vegetables","Gross Production Value (constant 2014-2016 thousand I$)","1000 Int$",2009,227,"Lettuce and chicory","no"
"BRB","Barbados","Caribbean",NA,"Vegetables","Gross Production Value (constant 2014-2016 thousand I$)","1000 Int$",2010,134,"Lettuce and chicory","no"
"BRB","Barbados","Caribbean",NA,"Vegetables","Gross Production Value (constant 2014-2016 thousand I$)","1000 Int$",2011,198,"Lettuce and chicory","no"
"BRB","Barbados","Caribbean",NA,"Vegetables","Gross Production Value (constant 2014-2016 thousand I$)","1000 Int$",2012,68,"Lettuce and chicory","no"
"BRB","Barbados","Caribbean",NA,"Vegetables","Gross Production Value (constant 2014-2016 thousand I$)","1000 Int$",2013,84,"Lettuce and chicory","no"
"BRB","Barbados","Caribbean",NA,"Vegetables","Gross Production Value (constant 2014-2016 thousand I$)","1000 Int$",2014,124,"Lettuce and chicory","no"
"BRB","Barbados","Caribbean",NA,"Vegetables","Gross Production Value (constant 2014-2016 thousand I$)","1000 Int$",2015,182,"Lettuce and chicory","no"
"BRB","Barbados","Caribbean",NA,"Vegetables","Gross Production Value (constant 2014-2016 thousand I$)","1000 Int$",2016,164,"Lettuce and chicory","no"
"BRB","Barbados","Caribbean",NA,"Vegetables","Gross Production Value (constant 2014-2016 thousand I$)","1000 Int$",2017,232,"Lettuce and chicory","no"
"BRB","Barbados","Caribbean",NA,"Vegetables","Gross Production Value (constant 2014-2016 thousand I$)","1000 Int$",2018,331,"Lettuce and chicory","no"
"BRB","Barbados","Caribbean",NA,"Vegetables","Gross Production Value (constant 2014-2016 thousand I$)","1000 Int$",2019,281,"Lettuce and chicory","no"
"BRB","Barbados","Caribbean",NA,"Vegetables","Gross Production Value (constant 2014-2016 thousand I$)","1000 Int$",2020,234,"Lettuce and chicory","no"
"BRB","Barbados","Caribbean",NA,"Vegetables","Gross Production Value (constant 2014-2016 thousand I$)","1000 Int$",2021,148,"Lettuce and chicory","no"
"BRB","Barbados","Caribbean",NA,"Vegetables","Gross Production Value (constant 2014-2016 thousand I$)","1000 Int$",2022,388,"Lettuce and chicory","no"
"BRB","Barbados","Caribbean",NA,"Vegetables","Gross Production Value (constant 2014-2016 thousand I$)","1000 Int$",2023,324,"Lettuce and chicory","no"
"BRB","Barbados","Caribbean",NA,"Vegetables","Gross Production Value (constant 2014-2016 thousand US$)","1000 USD",1992,0,"Lettuce and chicory","no"
"BRB","Barbados","Caribbean",NA,"Vegetables","Gross Production Value (constant 2014-2016 thousand US$)","1000 USD",1993,502,"Lettuce and chicory","no"
"BRB","Barbados","Caribbean",NA,"Vegetables","Gross Production Value (constant 2014-2016 thousand US$)","1000 USD",1994,916,"Lettuce and chicory","no"
"BRB","Barbados","Caribbean",NA,"Vegetables","Gross Production Value (constant 2014-2016 thousand US$)","1000 USD",1995,2456,"Lettuce and chicory","no"
"BRB","Barbados","Caribbean",NA,"Vegetables","Gross Production Value (constant 2014-2016 thousand US$)","1000 USD",1996,2188,"Lettuce and chicory","no"
"BRB","Barbados","Caribbean",NA,"Vegetables","Gross Production Value (constant 2014-2016 thousand US$)","1000 USD",1997,571,"Lettuce and chicory","no"
"BRB","Barbados","Caribbean",NA,"Vegetables","Gross Production Value (constant 2014-2016 thousand US$)","1000 USD",1998,444,"Lettuce and chicory","no"
"BRB","Barbados","Caribbean",NA,"Vegetables","Gross Production Value (constant 2014-2016 thousand US$)","1000 USD",1999,322,"Lettuce and chicory","no"
"BRB","Barbados","Caribbean",NA,"Vegetables","Gross Production Value (constant 2014-2016 thousand US$)","1000 USD",2000,354,"Lettuce and chicory","no"
"BRB","Barbados","Caribbean",NA,"Vegetables","Gross Production Value (constant 2014-2016 thousand US$)","1000 USD",2001,386,"Lettuce and chicory","no"
"BRB","Barbados","Caribbean",NA,"Vegetables","Gross Production Value (constant 2014-2016 thousand US$)","1000 USD",2002,201,"Lettuce and chicory","no"
"BRB","Barbados","Caribbean",NA,"Vegetables","Gross Production Value (constant 2014-2016 thousand US$)","1000 USD",2003,359,"Lettuce and chicory","no"
"BRB","Barbados","Caribbean",NA,"Vegetables","Gross Production Value (constant 2014-2016 thousand US$)","1000 USD",2004,408,"Lettuce and chicory","no"
"BRB","Barbados","Caribbean",NA,"Vegetables","Gross Production Value (constant 2014-2016 thousand US$)","1000 USD",2005,367,"Lettuce and chicory","no"
"BRB","Barbados","Caribbean",NA,"Vegetables","Gross Production Value (constant 2014-2016 thousand US$)","1000 USD",2006,565,"Lettuce and chicory","no"
"BRB","Barbados","Caribbean",NA,"Vegetables","Gross Production Value (constant 2014-2016 thousand US$)","1000 USD",2007,538,"Lettuce and chicory","no"
"BRB","Barbados","Caribbean",NA,"Vegetables","Gross Production Value (constant 2014-2016 thousand US$)","1000 USD",2008,185,"Lettuce and chicory","no"
"BRB","Barbados","Caribbean",NA,"Vegetables","Gross Production Value (constant 2014-2016 thousand US$)","1000 USD",2009,736,"Lettuce and chicory","no"
"BRB","Barbados","Caribbean",NA,"Vegetables","Gross Production Value (constant 2014-2016 thousand US$)","1000 USD",2010,436,"Lettuce and chicory","no"
"BRB","Barbados","Caribbean",NA,"Vegetables","Gross Production Value (constant 2014-2016 thousand US$)","1000 USD",2011,642,"Lettuce and chicory","no"
"BRB","Barbados","Caribbean",NA,"Vegetables","Gross Production Value (constant 2014-2016 thousand US$)","1000 USD",2012,220,"Lettuce and chicory","no"
"BRB","Barbados","Caribbean",NA,"Vegetables","Gross Production Value (constant 2014-2016 thousand US$)","1000 USD",2013,274,"Lettuce and chicory","no"
"BRB","Barbados","Caribbean",NA,"Vegetables","Gross Production Value (constant 2014-2016 thousand US$)","1000 USD",2014,403,"Lettuce and chicory","no"
"BRB","Barbados","Caribbean",NA,"Vegetables","Gross Production Value (constant 2014-2016 thousand US$)","1000 USD",2015,592,"Lettuce and chicory","no"
"BRB","Barbados","Caribbean",NA,"Vegetables","Gross Production Value (constant 2014-2016 thousand US$)","1000 USD",2016,533,"Lettuce and chicory","no"
"BRB","Barbados","Caribbean",NA,"Vegetables","Gross Production Value (constant 2014-2016 thousand US$)","1000 USD",2017,755,"Lettuce and chicory","no"
"BRB","Barbados","Caribbean",NA,"Vegetables","Gross Production Value (constant 2014-2016 thousand US$)","1000 USD",2018,1076,"Lettuce and chicory","no"
"BRB","Barbados","Caribbean",NA,"Vegetables","Gross Production Value (constant 2014-2016 thousand US$)","1000 USD",2019,912,"Lettuce and chicory","no"
"BRB","Barbados","Caribbean",NA,"Vegetables","Gross Production Value (constant 2014-2016 thousand US$)","1000 USD",2020,759,"Lettuce and chicory","no"
"BRB","Barbados","Caribbean",NA,"Vegetables","Gross Production Value (constant 2014-2016 thousand US$)","1000 USD",2021,481,"Lettuce and chicory","no"
"BRB","Barbados","Caribbean",NA,"Vegetables","Gross Production Value (constant 2014-2016 thousand US$)","1000 USD",2022,1261,"Lettuce and chicory","no"
"BRB","Barbados","Caribbean",NA,"Vegetables","Gross Production Value (constant 2014-2016 thousand US$)","1000 USD",2023,1052,"Lettuce and chicory","no"
"BRB","Barbados","Caribbean",NA,"Cereals","Gross Production Value (constant 2014-2016 thousand I$)","1000 Int$",1992,361,"Maize","no"
"BRB","Barbados","Caribbean",NA,"Cereals","Gross Production Value (constant 2014-2016 thousand I$)","1000 Int$",1993,321,"Maize","no"
"BRB","Barbados","Caribbean",NA,"Cereals","Gross Production Value (constant 2014-2016 thousand I$)","1000 Int$",1994,261,"Maize","no"
"BRB","Barbados","Caribbean",NA,"Cereals","Gross Production Value (constant 2014-2016 thousand I$)","1000 Int$",1995,221,"Maize","no"
"BRB","Barbados","Caribbean",NA,"Cereals","Gross Production Value (constant 2014-2016 thousand I$)","1000 Int$",1996,161,"Maize","no"
"BRB","Barbados","Caribbean",NA,"Cereals","Gross Production Value (constant 2014-2016 thousand I$)","1000 Int$",1997,130,"Maize","no"
"BRB","Barbados","Caribbean",NA,"Cereals","Gross Production Value (constant 2014-2016 thousand I$)","1000 Int$",1998,104,"Maize","no"
"BRB","Barbados","Caribbean",NA,"Cereals","Gross Production Value (constant 2014-2016 thousand I$)","1000 Int$",1999,78,"Maize","no"
"BRB","Barbados","Caribbean",NA,"Cereals","Gross Production Value (constant 2014-2016 thousand I$)","1000 Int$",2000,60,"Maize","no"
"BRB","Barbados","Caribbean",NA,"Cereals","Gross Production Value (constant 2014-2016 thousand I$)","1000 Int$",2001,50,"Maize","no"
"BRB","Barbados","Caribbean",NA,"Cereals","Gross Production Value (constant 2014-2016 thousand I$)","1000 Int$",2002,44,"Maize","no"
"BRB","Barbados","Caribbean",NA,"Cereals","Gross Production Value (constant 2014-2016 thousand I$)","1000 Int$",2003,53,"Maize","no"
"BRB","Barbados","Caribbean",NA,"Cereals","Gross Production Value (constant 2014-2016 thousand I$)","1000 Int$",2004,50,"Maize","no"
"BRB","Barbados","Caribbean",NA,"Cereals","Gross Production Value (constant 2014-2016 thousand I$)","1000 Int$",2005,52,"Maize","no"
"BRB","Barbados","Caribbean",NA,"Cereals","Gross Production Value (constant 2014-2016 thousand I$)","1000 Int$",2006,54,"Maize","no"
"BRB","Barbados","Caribbean",NA,"Cereals","Gross Production Value (constant 2014-2016 thousand I$)","1000 Int$",2007,56,"Maize","no"
"BRB","Barbados","Caribbean",NA,"Cereals","Gross Production Value (constant 2014-2016 thousand I$)","1000 Int$",2008,54,"Maize","no"
"BRB","Barbados","Caribbean",NA,"Cereals","Gross Production Value (constant 2014-2016 thousand I$)","1000 Int$",2009,53,"Maize","no"
"BRB","Barbados","Caribbean",NA,"Cereals","Gross Production Value (constant 2014-2016 thousand I$)","1000 Int$",2010,52,"Maize","no"
"BRB","Barbados","Caribbean",NA,"Cereals","Gross Production Value (constant 2014-2016 thousand I$)","1000 Int$",2011,54,"Maize","no"
"BRB","Barbados","Caribbean",NA,"Cereals","Gross Production Value (constant 2014-2016 thousand I$)","1000 Int$",2012,64,"Maize","no"
"BRB","Barbados","Caribbean",NA,"Cereals","Gross Production Value (constant 2014-2016 thousand I$)","1000 Int$",2013,68,"Maize","no"
"BRB","Barbados","Caribbean",NA,"Cereals","Gross Production Value (constant 2014-2016 thousand I$)","1000 Int$",2014,16,"Maize","no"
"BRB","Barbados","Caribbean",NA,"Cereals","Gross Production Value (constant 2014-2016 thousand I$)","1000 Int$",2015,24,"Maize","no"
"BRB","Barbados","Caribbean",NA,"Cereals","Gross Production Value (constant 2014-2016 thousand I$)","1000 Int$",2016,19,"Maize","no"
"BRB","Barbados","Caribbean",NA,"Cereals","Gross Production Value (constant 2014-2016 thousand I$)","1000 Int$",2017,15,"Maize","no"
"BRB","Barbados","Caribbean",NA,"Cereals","Gross Production Value (constant 2014-2016 thousand I$)","1000 Int$",2018,22,"Maize","no"
"BRB","Barbados","Caribbean",NA,"Cereals","Gross Production Value (constant 2014-2016 thousand I$)","1000 Int$",2019,8,"Maize","no"
"BRB","Barbados","Caribbean",NA,"Cereals","Gross Production Value (constant 2014-2016 thousand I$)","1000 Int$",2020,17,"Maize","no"
"BRB","Barbados","Caribbean",NA,"Cereals","Gross Production Value (constant 2014-2016 thousand I$)","1000 Int$",2021,10,"Maize","no"
"BRB","Barbados","Caribbean",NA,"Cereals","Gross Production Value (constant 2014-2016 thousand I$)","1000 Int$",2022,10,"Maize","no"
"BRB","Barbados","Caribbean",NA,"Cereals","Gross Production Value (constant 2014-2016 thousand I$)","1000 Int$",2023,8,"Maize","no"
"BRB","Barbados","Caribbean",NA,"Cereals","Gross Production Value (constant 2014-2016 thousand US$)","1000 USD",1992,1785,"Maize","no"
"BRB","Barbados","Caribbean",NA,"Cereals","Gross Production Value (constant 2014-2016 thousand US$)","1000 USD",1993,1587,"Maize","no"
"BRB","Barbados","Caribbean",NA,"Cereals","Gross Production Value (constant 2014-2016 thousand US$)","1000 USD",1994,1289,"Maize","no"
"BRB","Barbados","Caribbean",NA,"Cereals","Gross Production Value (constant 2014-2016 thousand US$)","1000 USD",1995,1091,"Maize","no"
"BRB","Barbados","Caribbean",NA,"Cereals","Gross Production Value (constant 2014-2016 thousand US$)","1000 USD",1996,793,"Maize","no"
"BRB","Barbados","Caribbean",NA,"Cereals","Gross Production Value (constant 2014-2016 thousand US$)","1000 USD",1997,645,"Maize","no"
"BRB","Barbados","Caribbean",NA,"Cereals","Gross Production Value (constant 2014-2016 thousand US$)","1000 USD",1998,516,"Maize","no"
"BRB","Barbados","Caribbean",NA,"Cereals","Gross Production Value (constant 2014-2016 thousand US$)","1000 USD",1999,387,"Maize","no"
"BRB","Barbados","Caribbean",NA,"Cereals","Gross Production Value (constant 2014-2016 thousand US$)","1000 USD",2000,298,"Maize","no"
"BRB","Barbados","Caribbean",NA,"Cereals","Gross Production Value (constant 2014-2016 thousand US$)","1000 USD",2001,248,"Maize","no"
"BRB","Barbados","Caribbean",NA,"Cereals","Gross Production Value (constant 2014-2016 thousand US$)","1000 USD",2002,216,"Maize","no"
"BRB","Barbados","Caribbean",NA,"Cereals","Gross Production Value (constant 2014-2016 thousand US$)","1000 USD",2003,261,"Maize","no"
"BRB","Barbados","Caribbean",NA,"Cereals","Gross Production Value (constant 2014-2016 thousand US$)","1000 USD",2004,248,"Maize","no"
"BRB","Barbados","Caribbean",NA,"Cereals","Gross Production Value (constant 2014-2016 thousand US$)","1000 USD",2005,258,"Maize","no"
"BRB","Barbados","Caribbean",NA,"Cereals","Gross Production Value (constant 2014-2016 thousand US$)","1000 USD",2006,268,"Maize","no"
"BRB","Barbados","Caribbean",NA,"Cereals","Gross Production Value (constant 2014-2016 thousand US$)","1000 USD",2007,278,"Maize","no"
"BRB","Barbados","Caribbean",NA,"Cereals","Gross Production Value (constant 2014-2016 thousand US$)","1000 USD",2008,266,"Maize","no"
"BRB","Barbados","Caribbean",NA,"Cereals","Gross Production Value (constant 2014-2016 thousand US$)","1000 USD",2009,261,"Maize","no"
"BRB","Barbados","Caribbean",NA,"Cereals","Gross Production Value (constant 2014-2016 thousand US$)","1000 USD",2010,257,"Maize","no"
"BRB","Barbados","Caribbean",NA,"Cereals","Gross Production Value (constant 2014-2016 thousand US$)","1000 USD",2011,267,"Maize","no"
"BRB","Barbados","Caribbean",NA,"Cereals","Gross Production Value (constant 2014-2016 thousand US$)","1000 USD",2012,317,"Maize","no"
"BRB","Barbados","Caribbean",NA,"Cereals","Gross Production Value (constant 2014-2016 thousand US$)","1000 USD",2013,337,"Maize","no"
"BRB","Barbados","Caribbean",NA,"Cereals","Gross Production Value (constant 2014-2016 thousand US$)","1000 USD",2014,80,"Maize","no"
"BRB","Barbados","Caribbean",NA,"Cereals","Gross Production Value (constant 2014-2016 thousand US$)","1000 USD",2015,121,"Maize","no"
"BRB","Barbados","Caribbean",NA,"Cereals","Gross Production Value (constant 2014-2016 thousand US$)","1000 USD",2016,95,"Maize","no"
"BRB","Barbados","Caribbean",NA,"Cereals","Gross Production Value (constant 2014-2016 thousand US$)","1000 USD",2017,73,"Maize","no"
"BRB","Barbados","Caribbean",NA,"Cereals","Gross Production Value (constant 2014-2016 thousand US$)","1000 USD",2018,108,"Maize","no"
"BRB","Barbados","Caribbean",NA,"Cereals","Gross Production Value (constant 2014-2016 thousand US$)","1000 USD",2019,42,"Maize","no"
"BRB","Barbados","Caribbean",NA,"Cereals","Gross Production Value (constant 2014-2016 thousand US$)","1000 USD",2020,85,"Maize","no"
"BRB","Barbados","Caribbean",NA,"Cereals","Gross Production Value (constant 2014-2016 thousand US$)","1000 USD",2021,49,"Maize","no"
"BRB","Barbados","Caribbean",NA,"Cereals","Gross Production Value (constant 2014-2016 thousand US$)","1000 USD",2022,51,"Maize","no"
"BRB","Barbados","Caribbean",NA,"Cereals","Gross Production Value (constant 2014-2016 thousand US$)","1000 USD",2023,41,"Maize","no"
"BRB","Barbados","Caribbean",NA,"Meat and meat products","Gross Production Value (constant 2014-2016 thousand I$)","1000 Int$",1992,4338,"Meat of cattle with the bone","no"
"BRB","Barbados","Caribbean",NA,"Meat and meat products","Gross Production Value (constant 2014-2016 thousand I$)","1000 Int$",1993,3761,"Meat of cattle with the bone","no"
"BRB","Barbados","Caribbean",NA,"Meat and meat products","Gross Production Value (constant 2014-2016 thousand I$)","1000 Int$",1994,3783,"Meat of cattle with the bone","no"
"BRB","Barbados","Caribbean",NA,"Meat and meat products","Gross Production Value (constant 2014-2016 thousand I$)","1000 Int$",1995,3761,"Meat of cattle with the bone","no"
"BRB","Barbados","Caribbean",NA,"Meat and meat products","Gross Production Value (constant 2014-2016 thousand I$)","1000 Int$",1996,3796,"Meat of cattle with the bone","no"
"BRB","Barbados","Caribbean",NA,"Meat and meat products","Gross Production Value (constant 2014-2016 thousand I$)","1000 Int$",1997,2673,"Meat of cattle with the bone","no"
"BRB","Barbados","Caribbean",NA,"Meat and meat products","Gross Production Value (constant 2014-2016 thousand I$)","1000 Int$",1998,2479,"Meat of cattle with the bone","no"
"BRB","Barbados","Caribbean",NA,"Meat and meat products","Gross Production Value (constant 2014-2016 thousand I$)","1000 Int$",1999,2608,"Meat of cattle with the bone","no"
"BRB","Barbados","Caribbean",NA,"Meat and meat products","Gross Production Value (constant 2014-2016 thousand I$)","1000 Int$",2000,3297,"Meat of cattle with the bone","no"
"BRB","Barbados","Caribbean",NA,"Meat and meat products","Gross Production Value (constant 2014-2016 thousand I$)","1000 Int$",2001,1833,"Meat of cattle with the bone","no"
"BRB","Barbados","Caribbean",NA,"Meat and meat products","Gross Production Value (constant 2014-2016 thousand I$)","1000 Int$",2002,1795,"Meat of cattle with the bone","no"
"BRB","Barbados","Caribbean",NA,"Meat and meat products","Gross Production Value (constant 2014-2016 thousand I$)","1000 Int$",2003,1704,"Meat of cattle with the bone","no"
"BRB","Barbados","Caribbean",NA,"Meat and meat products","Gross Production Value (constant 2014-2016 thousand I$)","1000 Int$",2004,1110,"Meat of cattle with the bone","no"
"BRB","Barbados","Caribbean",NA,"Meat and meat products","Gross Production Value (constant 2014-2016 thousand I$)","1000 Int$",2005,783,"Meat of cattle with the bone","no"
"BRB","Barbados","Caribbean",NA,"Meat and meat products","Gross Production Value (constant 2014-2016 thousand I$)","1000 Int$",2006,783,"Meat of cattle with the bone","no"
"BRB","Barbados","Caribbean",NA,"Meat and meat products","Gross Production Value (constant 2014-2016 thousand I$)","1000 Int$",2007,545,"Meat of cattle with the bone","no"
"BRB","Barbados","Caribbean",NA,"Meat and meat products","Gross Production Value (constant 2014-2016 thousand I$)","1000 Int$",2008,595,"Meat of cattle with the bone","no"
"BRB","Barbados","Caribbean",NA,"Meat and meat products","Gross Production Value (constant 2014-2016 thousand I$)","1000 Int$",2009,668,"Meat of cattle with the bone","no"
"BRB","Barbados","Caribbean",NA,"Meat and meat products","Gross Production Value (constant 2014-2016 thousand I$)","1000 Int$",2010,710,"Meat of cattle with the bone","no"
"BRB","Barbados","Caribbean",NA,"Meat and meat products","Gross Production Value (constant 2014-2016 thousand I$)","1000 Int$",2011,645,"Meat of cattle with the bone","no"
"BRB","Barbados","Caribbean",NA,"Meat and meat products","Gross Production Value (constant 2014-2016 thousand I$)","1000 Int$",2012,632,"Meat of cattle with the bone","no"
"BRB","Barbados","Caribbean",NA,"Meat and meat products","Gross Production Value (constant 2014-2016 thousand I$)","1000 Int$",2013,598,"Meat of cattle with the bone","no"
"BRB","Barbados","Caribbean",NA,"Meat and meat products","Gross Production Value (constant 2014-2016 thousand I$)","1000 Int$",2014,621,"Meat of cattle with the bone","no"
"BRB","Barbados","Caribbean",NA,"Meat and meat products","Gross Production Value (constant 2014-2016 thousand I$)","1000 Int$",2015,671,"Meat of cattle with the bone","no"
"BRB","Barbados","Caribbean",NA,"Meat and meat products","Gross Production Value (constant 2014-2016 thousand I$)","1000 Int$",2016,357,"Meat of cattle with the bone","no"
"BRB","Barbados","Caribbean",NA,"Meat and meat products","Gross Production Value (constant 2014-2016 thousand I$)","1000 Int$",2017,650,"Meat of cattle with the bone","no"
"BRB","Barbados","Caribbean",NA,"Meat and meat products","Gross Production Value (constant 2014-2016 thousand I$)","1000 Int$",2018,718,"Meat of cattle with the bone","no"
"BRB","Barbados","Caribbean",NA,"Meat and meat products","Gross Production Value (constant 2014-2016 thousand I$)","1000 Int$",2019,742,"Meat of cattle with the bone","no"
"BRB","Barbados","Caribbean",NA,"Meat and meat products","Gross Production Value (constant 2014-2016 thousand I$)","1000 Int$",2020,512,"Meat of cattle with the bone","no"
"BRB","Barbados","Caribbean",NA,"Meat and meat products","Gross Production Value (constant 2014-2016 thousand I$)","1000 Int$",2021,693,"Meat of cattle with the bone","no"
"BRB","Barbados","Caribbean",NA,"Meat and meat products","Gross Production Value (constant 2014-2016 thousand I$)","1000 Int$",2022,865,"Meat of cattle with the bone","no"
"BRB","Barbados","Caribbean",NA,"Meat and meat products","Gross Production Value (constant 2014-2016 thousand I$)","1000 Int$",2023,715,"Meat of cattle with the bone","no"
"BRB","Barbados","Caribbean",NA,"Meat and meat products","Gross Production Value (constant 2014-2016 thousand US$)","1000 USD",1992,13658,"Meat of cattle with the bone","no"
"BRB","Barbados","Caribbean",NA,"Meat and meat products","Gross Production Value (constant 2014-2016 thousand US$)","1000 USD",1993,11842,"Meat of cattle with the bone","no"
"BRB","Barbados","Caribbean",NA,"Meat and meat products","Gross Production Value (constant 2014-2016 thousand US$)","1000 USD",1994,11910,"Meat of cattle with the bone","no"
"BRB","Barbados","Caribbean",NA,"Meat and meat products","Gross Production Value (constant 2014-2016 thousand US$)","1000 USD",1995,11842,"Meat of cattle with the bone","no"
"BRB","Barbados","Caribbean",NA,"Meat and meat products","Gross Production Value (constant 2014-2016 thousand US$)","1000 USD",1996,11950,"Meat of cattle with the bone","no"
"BRB","Barbados","Caribbean",NA,"Meat and meat products","Gross Production Value (constant 2014-2016 thousand US$)","1000 USD",1997,8414,"Meat of cattle with the bone","no"
"BRB","Barbados","Caribbean",NA,"Meat and meat products","Gross Production Value (constant 2014-2016 thousand US$)","1000 USD",1998,7804,"Meat of cattle with the bone","no"
"BRB","Barbados","Caribbean",NA,"Meat and meat products","Gross Production Value (constant 2014-2016 thousand US$)","1000 USD",1999,8210,"Meat of cattle with the bone","no"
"BRB","Barbados","Caribbean",NA,"Meat and meat products","Gross Production Value (constant 2014-2016 thousand US$)","1000 USD",2000,10378,"Meat of cattle with the bone","no"
"BRB","Barbados","Caribbean",NA,"Meat and meat products","Gross Production Value (constant 2014-2016 thousand US$)","1000 USD",2001,5772,"Meat of cattle with the bone","no"
"BRB","Barbados","Caribbean",NA,"Meat and meat products","Gross Production Value (constant 2014-2016 thousand US$)","1000 USD",2002,5650,"Meat of cattle with the bone","no"
"BRB","Barbados","Caribbean",NA,"Meat and meat products","Gross Production Value (constant 2014-2016 thousand US$)","1000 USD",2003,5366,"Meat of cattle with the bone","no"
"BRB","Barbados","Caribbean",NA,"Meat and meat products","Gross Production Value (constant 2014-2016 thousand US$)","1000 USD",2004,3496,"Meat of cattle with the bone","no"
"BRB","Barbados","Caribbean",NA,"Meat and meat products","Gross Production Value (constant 2014-2016 thousand US$)","1000 USD",2005,2466,"Meat of cattle with the bone","no"
"BRB","Barbados","Caribbean",NA,"Meat and meat products","Gross Production Value (constant 2014-2016 thousand US$)","1000 USD",2006,2466,"Meat of cattle with the bone","no"
"BRB","Barbados","Caribbean",NA,"Meat and meat products","Gross Production Value (constant 2014-2016 thousand US$)","1000 USD",2007,1820,"Meat of cattle with the bone","no"
"BRB","Barbados","Caribbean",NA,"Meat and meat products","Gross Production Value (constant 2014-2016 thousand US$)","1000 USD",2008,1973,"Meat of cattle with the bone","no"
"BRB","Barbados","Caribbean",NA,"Meat and meat products","Gross Production Value (constant 2014-2016 thousand US$)","1000 USD",2009,2135,"Meat of cattle with the bone","no"
"BRB","Barbados","Caribbean",NA,"Meat and meat products","Gross Production Value (constant 2014-2016 thousand US$)","1000 USD",2010,2249,"Meat of cattle with the bone","no"
"BRB","Barbados","Caribbean",NA,"Meat and meat products","Gross Production Value (constant 2014-2016 thousand US$)","1000 USD",2011,2073,"Meat of cattle with the bone","no"
"BRB","Barbados","Caribbean",NA,"Meat and meat products","Gross Production Value (constant 2014-2016 thousand US$)","1000 USD",2012,1999,"Meat of cattle with the bone","no"
"BRB","Barbados","Caribbean",NA,"Meat and meat products","Gross Production Value (constant 2014-2016 thousand US$)","1000 USD",2013,1889,"Meat of cattle with the bone","no"
"BRB","Barbados","Caribbean",NA,"Meat and meat products","Gross Production Value (constant 2014-2016 thousand US$)","1000 USD",2014,2013,"Meat of cattle with the bone","no"
"BRB","Barbados","Caribbean",NA,"Meat and meat products","Gross Production Value (constant 2014-2016 thousand US$)","1000 USD",2015,2225,"Meat of cattle with the bone","no"
"BRB","Barbados","Caribbean",NA,"Meat and meat products","Gross Production Value (constant 2014-2016 thousand US$)","1000 USD",2016,1756,"Meat of cattle with the bone","no"
"BRB","Barbados","Caribbean",NA,"Meat and meat products","Gross Production Value (constant 2014-2016 thousand US$)","1000 USD",2017,2129,"Meat of cattle with the bone","no"
"BRB","Barbados","Caribbean",NA,"Meat and meat products","Gross Production Value (constant 2014-2016 thousand US$)","1000 USD",2018,2319,"Meat of cattle with the bone","no"
"BRB","Barbados","Caribbean",NA,"Meat and meat products","Gross Production Value (constant 2014-2016 thousand US$)","1000 USD",2019,2336,"Meat of cattle with the bone","no"
"BRB","Barbados","Caribbean",NA,"Meat and meat products","Gross Production Value (constant 2014-2016 thousand US$)","1000 USD",2020,2039,"Meat of cattle with the bone","no"
"BRB","Barbados","Caribbean",NA,"Meat and meat products","Gross Production Value (constant 2014-2016 thousand US$)","1000 USD",2021,2182,"Meat of cattle with the bone","no"
"BRB","Barbados","Caribbean",NA,"Meat and meat products","Gross Production Value (constant 2014-2016 thousand US$)","1000 USD",2022,2724,"Meat of cattle with the bone","no"
"BRB","Barbados","Caribbean",NA,"Meat and meat products","Gross Production Value (constant 2014-2016 thousand US$)","1000 USD",2023,2250,"Meat of cattle with the bone","no"
"BRB","Barbados","Caribbean",NA,"Meat and meat products","Gross Production Value (constant 2014-2016 thousand I$)","1000 Int$",1992,16956,"Meat of chickens","no"
"BRB","Barbados","Caribbean",NA,"Meat and meat products","Gross Production Value (constant 2014-2016 thousand I$)","1000 Int$",1993,16793,"Meat of chickens","no"
"BRB","Barbados","Caribbean",NA,"Meat and meat products","Gross Production Value (constant 2014-2016 thousand I$)","1000 Int$",1994,18814,"Meat of chickens","no"
"BRB","Barbados","Caribbean",NA,"Meat and meat products","Gross Production Value (constant 2014-2016 thousand I$)","1000 Int$",1995,21103,"Meat of chickens","no"
"BRB","Barbados","Caribbean",NA,"Meat and meat products","Gross Production Value (constant 2014-2016 thousand I$)","1000 Int$",1996,23570,"Meat of chickens","no"
"BRB","Barbados","Caribbean",NA,"Meat and meat products","Gross Production Value (constant 2014-2016 thousand I$)","1000 Int$",1997,22500,"Meat of chickens","no"
"BRB","Barbados","Caribbean",NA,"Meat and meat products","Gross Production Value (constant 2014-2016 thousand I$)","1000 Int$",1998,22148,"Meat of chickens","no"
"BRB","Barbados","Caribbean",NA,"Meat and meat products","Gross Production Value (constant 2014-2016 thousand I$)","1000 Int$",1999,22865,"Meat of chickens","no"
"BRB","Barbados","Caribbean",NA,"Meat and meat products","Gross Production Value (constant 2014-2016 thousand I$)","1000 Int$",2000,20021,"Meat of chickens","no"
"BRB","Barbados","Caribbean",NA,"Meat and meat products","Gross Production Value (constant 2014-2016 thousand I$)","1000 Int$",2001,22865,"Meat of chickens","no"
"BRB","Barbados","Caribbean",NA,"Meat and meat products","Gross Production Value (constant 2014-2016 thousand I$)","1000 Int$",2002,21472,"Meat of chickens","no"
"BRB","Barbados","Caribbean",NA,"Meat and meat products","Gross Production Value (constant 2014-2016 thousand I$)","1000 Int$",2003,23664,"Meat of chickens","no"
"BRB","Barbados","Caribbean",NA,"Meat and meat products","Gross Production Value (constant 2014-2016 thousand I$)","1000 Int$",2004,25979,"Meat of chickens","no"
"BRB","Barbados","Caribbean",NA,"Meat and meat products","Gross Production Value (constant 2014-2016 thousand I$)","1000 Int$",2005,28863,"Meat of chickens","no"
"BRB","Barbados","Caribbean",NA,"Meat and meat products","Gross Production Value (constant 2014-2016 thousand I$)","1000 Int$",2006,26075,"Meat of chickens","no"
"BRB","Barbados","Caribbean",NA,"Meat and meat products","Gross Production Value (constant 2014-2016 thousand I$)","1000 Int$",2007,28694,"Meat of chickens","no"
"BRB","Barbados","Caribbean",NA,"Meat and meat products","Gross Production Value (constant 2014-2016 thousand I$)","1000 Int$",2008,27645,"Meat of chickens","no"
"BRB","Barbados","Caribbean",NA,"Meat and meat products","Gross Production Value (constant 2014-2016 thousand I$)","1000 Int$",2009,27810,"Meat of chickens","no"
"BRB","Barbados","Caribbean",NA,"Meat and meat products","Gross Production Value (constant 2014-2016 thousand I$)","1000 Int$",2010,27075,"Meat of chickens","no"
"BRB","Barbados","Caribbean",NA,"Meat and meat products","Gross Production Value (constant 2014-2016 thousand I$)","1000 Int$",2011,27680,"Meat of chickens","no"
"BRB","Barbados","Caribbean",NA,"Meat and meat products","Gross Production Value (constant 2014-2016 thousand I$)","1000 Int$",2012,26996,"Meat of chickens","no"
"BRB","Barbados","Caribbean",NA,"Meat and meat products","Gross Production Value (constant 2014-2016 thousand I$)","1000 Int$",2013,25745,"Meat of chickens","no"
"BRB","Barbados","Caribbean",NA,"Meat and meat products","Gross Production Value (constant 2014-2016 thousand I$)","1000 Int$",2014,27653,"Meat of chickens","no"
"BRB","Barbados","Caribbean",NA,"Meat and meat products","Gross Production Value (constant 2014-2016 thousand I$)","1000 Int$",2015,31000,"Meat of chickens","no"
"BRB","Barbados","Caribbean",NA,"Meat and meat products","Gross Production Value (constant 2014-2016 thousand I$)","1000 Int$",2016,28623,"Meat of chickens","no"
"BRB","Barbados","Caribbean",NA,"Meat and meat products","Gross Production Value (constant 2014-2016 thousand I$)","1000 Int$",2017,30368,"Meat of chickens","no"
"BRB","Barbados","Caribbean",NA,"Meat and meat products","Gross Production Value (constant 2014-2016 thousand I$)","1000 Int$",2018,31637,"Meat of chickens","no"
"BRB","Barbados","Caribbean",NA,"Meat and meat products","Gross Production Value (constant 2014-2016 thousand I$)","1000 Int$",2019,31188,"Meat of chickens","no"
"BRB","Barbados","Caribbean",NA,"Meat and meat products","Gross Production Value (constant 2014-2016 thousand I$)","1000 Int$",2020,22990,"Meat of chickens","no"
"BRB","Barbados","Caribbean",NA,"Meat and meat products","Gross Production Value (constant 2014-2016 thousand I$)","1000 Int$",2021,25330,"Meat of chickens","no"
"BRB","Barbados","Caribbean",NA,"Meat and meat products","Gross Production Value (constant 2014-2016 thousand I$)","1000 Int$",2022,30032,"Meat of chickens","no"
"BRB","Barbados","Caribbean",NA,"Meat and meat products","Gross Production Value (constant 2014-2016 thousand I$)","1000 Int$",2023,28817,"Meat of chickens","no"
"BRB","Barbados","Caribbean",NA,"Meat and meat products","Gross Production Value (constant 2014-2016 thousand US$)","1000 USD",1992,56564,"Meat of chickens","no"
"BRB","Barbados","Caribbean",NA,"Meat and meat products","Gross Production Value (constant 2014-2016 thousand US$)","1000 USD",1993,56018,"Meat of chickens","no"
"BRB","Barbados","Caribbean",NA,"Meat and meat products","Gross Production Value (constant 2014-2016 thousand US$)","1000 USD",1994,62762,"Meat of chickens","no"
"BRB","Barbados","Caribbean",NA,"Meat and meat products","Gross Production Value (constant 2014-2016 thousand US$)","1000 USD",1995,70396,"Meat of chickens","no"
"BRB","Barbados","Caribbean",NA,"Meat and meat products","Gross Production Value (constant 2014-2016 thousand US$)","1000 USD",1996,78626,"Meat of chickens","no"
"BRB","Barbados","Caribbean",NA,"Meat and meat products","Gross Production Value (constant 2014-2016 thousand US$)","1000 USD",1997,75056,"Meat of chickens","no"
"BRB","Barbados","Caribbean",NA,"Meat and meat products","Gross Production Value (constant 2014-2016 thousand US$)","1000 USD",1998,73882,"Meat of chickens","no"
"BRB","Barbados","Caribbean",NA,"Meat and meat products","Gross Production Value (constant 2014-2016 thousand US$)","1000 USD",1999,76272,"Meat of chickens","no"
"BRB","Barbados","Caribbean",NA,"Meat and meat products","Gross Production Value (constant 2014-2016 thousand US$)","1000 USD",2000,66786,"Meat of chickens","no"
"BRB","Barbados","Caribbean",NA,"Meat and meat products","Gross Production Value (constant 2014-2016 thousand US$)","1000 USD",2001,76272,"Meat of chickens","no"
"BRB","Barbados","Caribbean",NA,"Meat and meat products","Gross Production Value (constant 2014-2016 thousand US$)","1000 USD",2002,71626,"Meat of chickens","no"
"BRB","Barbados","Caribbean",NA,"Meat and meat products","Gross Production Value (constant 2014-2016 thousand US$)","1000 USD",2003,78940,"Meat of chickens","no"
"BRB","Barbados","Caribbean",NA,"Meat and meat products","Gross Production Value (constant 2014-2016 thousand US$)","1000 USD",2004,86662,"Meat of chickens","no"
"BRB","Barbados","Caribbean",NA,"Meat and meat products","Gross Production Value (constant 2014-2016 thousand US$)","1000 USD",2005,96284,"Meat of chickens","no"
"BRB","Barbados","Caribbean",NA,"Meat and meat products","Gross Production Value (constant 2014-2016 thousand US$)","1000 USD",2006,86984,"Meat of chickens","no"
"BRB","Barbados","Caribbean",NA,"Meat and meat products","Gross Production Value (constant 2014-2016 thousand US$)","1000 USD",2007,95720,"Meat of chickens","no"
"BRB","Barbados","Caribbean",NA,"Meat and meat products","Gross Production Value (constant 2014-2016 thousand US$)","1000 USD",2008,92220,"Meat of chickens","no"
"BRB","Barbados","Caribbean",NA,"Meat and meat products","Gross Production Value (constant 2014-2016 thousand US$)","1000 USD",2009,92770,"Meat of chickens","no"
"BRB","Barbados","Caribbean",NA,"Meat and meat products","Gross Production Value (constant 2014-2016 thousand US$)","1000 USD",2010,90316,"Meat of chickens","no"
"BRB","Barbados","Caribbean",NA,"Meat and meat products","Gross Production Value (constant 2014-2016 thousand US$)","1000 USD",2011,92334,"Meat of chickens","no"
"BRB","Barbados","Caribbean",NA,"Meat and meat products","Gross Production Value (constant 2014-2016 thousand US$)","1000 USD",2012,90054,"Meat of chickens","no"
"BRB","Barbados","Caribbean",NA,"Meat and meat products","Gross Production Value (constant 2014-2016 thousand US$)","1000 USD",2013,85880,"Meat of chickens","no"
"BRB","Barbados","Caribbean",NA,"Meat and meat products","Gross Production Value (constant 2014-2016 thousand US$)","1000 USD",2014,92246,"Meat of chickens","no"
"BRB","Barbados","Caribbean",NA,"Meat and meat products","Gross Production Value (constant 2014-2016 thousand US$)","1000 USD",2015,103410,"Meat of chickens","no"
"BRB","Barbados","Caribbean",NA,"Meat and meat products","Gross Production Value (constant 2014-2016 thousand US$)","1000 USD",2016,95480,"Meat of chickens","no"
"BRB","Barbados","Caribbean",NA,"Meat and meat products","Gross Production Value (constant 2014-2016 thousand US$)","1000 USD",2017,101304,"Meat of chickens","no"
"BRB","Barbados","Caribbean",NA,"Meat and meat products","Gross Production Value (constant 2014-2016 thousand US$)","1000 USD",2018,105536,"Meat of chickens","no"
"BRB","Barbados","Caribbean",NA,"Meat and meat products","Gross Production Value (constant 2014-2016 thousand US$)","1000 USD",2019,104038,"Meat of chickens","no"
"BRB","Barbados","Caribbean",NA,"Meat and meat products","Gross Production Value (constant 2014-2016 thousand US$)","1000 USD",2020,76690,"Meat of chickens","no"
"BRB","Barbados","Caribbean",NA,"Meat and meat products","Gross Production Value (constant 2014-2016 thousand US$)","1000 USD",2021,84496,"Meat of chickens","no"
"BRB","Barbados","Caribbean",NA,"Meat and meat products","Gross Production Value (constant 2014-2016 thousand US$)","1000 USD",2022,100180,"Meat of chickens","no"
"BRB","Barbados","Caribbean",NA,"Meat and meat products","Gross Production Value (constant 2014-2016 thousand US$)","1000 USD",2023,96130,"Meat of chickens","no"
"BRB","Barbados","Caribbean",NA,"Meat and meat products","Gross Production Value (constant 2014-2016 thousand I$)","1000 Int$",1992,130,"Meat of goat","no"
"BRB","Barbados","Caribbean",NA,"Meat and meat products","Gross Production Value (constant 2014-2016 thousand I$)","1000 Int$",1993,130,"Meat of goat","no"
"BRB","Barbados","Caribbean",NA,"Meat and meat products","Gross Production Value (constant 2014-2016 thousand I$)","1000 Int$",1994,130,"Meat of goat","no"
"BRB","Barbados","Caribbean",NA,"Meat and meat products","Gross Production Value (constant 2014-2016 thousand I$)","1000 Int$",1995,130,"Meat of goat","no"
"BRB","Barbados","Caribbean",NA,"Meat and meat products","Gross Production Value (constant 2014-2016 thousand I$)","1000 Int$",1996,128,"Meat of goat","no"
"BRB","Barbados","Caribbean",NA,"Meat and meat products","Gross Production Value (constant 2014-2016 thousand I$)","1000 Int$",1997,128,"Meat of goat","no"
"BRB","Barbados","Caribbean",NA,"Meat and meat products","Gross Production Value (constant 2014-2016 thousand I$)","1000 Int$",1998,130,"Meat of goat","no"
"BRB","Barbados","Caribbean",NA,"Meat and meat products","Gross Production Value (constant 2014-2016 thousand I$)","1000 Int$",1999,129,"Meat of goat","no"
"BRB","Barbados","Caribbean",NA,"Meat and meat products","Gross Production Value (constant 2014-2016 thousand I$)","1000 Int$",2000,138,"Meat of goat","no"
"BRB","Barbados","Caribbean",NA,"Meat and meat products","Gross Production Value (constant 2014-2016 thousand I$)","1000 Int$",2001,142,"Meat of goat","no"
"BRB","Barbados","Caribbean",NA,"Meat and meat products","Gross Production Value (constant 2014-2016 thousand I$)","1000 Int$",2002,147,"Meat of goat","no"
"BRB","Barbados","Caribbean",NA,"Meat and meat products","Gross Production Value (constant 2014-2016 thousand I$)","1000 Int$",2003,150,"Meat of goat","no"
"BRB","Barbados","Caribbean",NA,"Meat and meat products","Gross Production Value (constant 2014-2016 thousand I$)","1000 Int$",2004,153,"Meat of goat","no"
"BRB","Barbados","Caribbean",NA,"Meat and meat products","Gross Production Value (constant 2014-2016 thousand I$)","1000 Int$",2005,153,"Meat of goat","no"
"BRB","Barbados","Caribbean",NA,"Meat and meat products","Gross Production Value (constant 2014-2016 thousand I$)","1000 Int$",2006,153,"Meat of goat","no"
"BRB","Barbados","Caribbean",NA,"Meat and meat products","Gross Production Value (constant 2014-2016 thousand I$)","1000 Int$",2007,153,"Meat of goat","no"
"BRB","Barbados","Caribbean",NA,"Meat and meat products","Gross Production Value (constant 2014-2016 thousand I$)","1000 Int$",2008,153,"Meat of goat","no"
"BRB","Barbados","Caribbean",NA,"Meat and meat products","Gross Production Value (constant 2014-2016 thousand I$)","1000 Int$",2009,153,"Meat of goat","no"
"BRB","Barbados","Caribbean",NA,"Meat and meat products","Gross Production Value (constant 2014-2016 thousand I$)","1000 Int$",2010,153,"Meat of goat","no"
"BRB","Barbados","Caribbean",NA,"Meat and meat products","Gross Production Value (constant 2014-2016 thousand I$)","1000 Int$",2011,153,"Meat of goat","no"
"BRB","Barbados","Caribbean",NA,"Meat and meat products","Gross Production Value (constant 2014-2016 thousand I$)","1000 Int$",2012,169,"Meat of goat","no"
"BRB","Barbados","Caribbean",NA,"Meat and meat products","Gross Production Value (constant 2014-2016 thousand I$)","1000 Int$",2013,170,"Meat of goat","no"
"BRB","Barbados","Caribbean",NA,"Meat and meat products","Gross Production Value (constant 2014-2016 thousand I$)","1000 Int$",2014,160,"Meat of goat","no"
"BRB","Barbados","Caribbean",NA,"Meat and meat products","Gross Production Value (constant 2014-2016 thousand I$)","1000 Int$",2015,158,"Meat of goat","no"
"BRB","Barbados","Caribbean",NA,"Meat and meat products","Gross Production Value (constant 2014-2016 thousand I$)","1000 Int$",2016,159,"Meat of goat","no"
"BRB","Barbados","Caribbean",NA,"Meat and meat products","Gross Production Value (constant 2014-2016 thousand I$)","1000 Int$",2017,159,"Meat of goat","no"
"BRB","Barbados","Caribbean",NA,"Meat and meat products","Gross Production Value (constant 2014-2016 thousand I$)","1000 Int$",2018,160,"Meat of goat","no"
"BRB","Barbados","Caribbean",NA,"Meat and meat products","Gross Production Value (constant 2014-2016 thousand I$)","1000 Int$",2019,160,"Meat of goat","no"
"BRB","Barbados","Caribbean",NA,"Meat and meat products","Gross Production Value (constant 2014-2016 thousand I$)","1000 Int$",2020,162,"Meat of goat","no"
"BRB","Barbados","Caribbean",NA,"Meat and meat products","Gross Production Value (constant 2014-2016 thousand I$)","1000 Int$",2021,162,"Meat of goat","no"
"BRB","Barbados","Caribbean",NA,"Meat and meat products","Gross Production Value (constant 2014-2016 thousand I$)","1000 Int$",2022,161,"Meat of goat","no"
"BRB","Barbados","Caribbean",NA,"Meat and meat products","Gross Production Value (constant 2014-2016 thousand I$)","1000 Int$",2023,164,"Meat of goat","no"
"BRB","Barbados","Caribbean",NA,"Meat and meat products","Gross Production Value (constant 2014-2016 thousand US$)","1000 USD",1992,708,"Meat of goat","no"
"BRB","Barbados","Caribbean",NA,"Meat and meat products","Gross Production Value (constant 2014-2016 thousand US$)","1000 USD",1993,708,"Meat of goat","no"
"BRB","Barbados","Caribbean",NA,"Meat and meat products","Gross Production Value (constant 2014-2016 thousand US$)","1000 USD",1994,708,"Meat of goat","no"
"BRB","Barbados","Caribbean",NA,"Meat and meat products","Gross Production Value (constant 2014-2016 thousand US$)","1000 USD",1995,708,"Meat of goat","no"
"BRB","Barbados","Caribbean",NA,"Meat and meat products","Gross Production Value (constant 2014-2016 thousand US$)","1000 USD",1996,702,"Meat of goat","no"
"BRB","Barbados","Caribbean",NA,"Meat and meat products","Gross Production Value (constant 2014-2016 thousand US$)","1000 USD",1997,702,"Meat of goat","no"
"BRB","Barbados","Caribbean",NA,"Meat and meat products","Gross Production Value (constant 2014-2016 thousand US$)","1000 USD",1998,708,"Meat of goat","no"
"BRB","Barbados","Caribbean",NA,"Meat and meat products","Gross Production Value (constant 2014-2016 thousand US$)","1000 USD",1999,704,"Meat of goat","no"
"BRB","Barbados","Caribbean",NA,"Meat and meat products","Gross Production Value (constant 2014-2016 thousand US$)","1000 USD",2000,750,"Meat of goat","no"
"BRB","Barbados","Caribbean",NA,"Meat and meat products","Gross Production Value (constant 2014-2016 thousand US$)","1000 USD",2001,770,"Meat of goat","no"
"BRB","Barbados","Caribbean",NA,"Meat and meat products","Gross Production Value (constant 2014-2016 thousand US$)","1000 USD",2002,800,"Meat of goat","no"
"BRB","Barbados","Caribbean",NA,"Meat and meat products","Gross Production Value (constant 2014-2016 thousand US$)","1000 USD",2003,812,"Meat of goat","no"
"BRB","Barbados","Caribbean",NA,"Meat and meat products","Gross Production Value (constant 2014-2016 thousand US$)","1000 USD",2004,832,"Meat of goat","no"
"BRB","Barbados","Caribbean",NA,"Meat and meat products","Gross Production Value (constant 2014-2016 thousand US$)","1000 USD",2005,832,"Meat of goat","no"
"BRB","Barbados","Caribbean",NA,"Meat and meat products","Gross Production Value (constant 2014-2016 thousand US$)","1000 USD",2006,832,"Meat of goat","no"
"BRB","Barbados","Caribbean",NA,"Meat and meat products","Gross Production Value (constant 2014-2016 thousand US$)","1000 USD",2007,832,"Meat of goat","no"
"BRB","Barbados","Caribbean",NA,"Meat and meat products","Gross Production Value (constant 2014-2016 thousand US$)","1000 USD",2008,832,"Meat of goat","no"
"BRB","Barbados","Caribbean",NA,"Meat and meat products","Gross Production Value (constant 2014-2016 thousand US$)","1000 USD",2009,832,"Meat of goat","no"
"BRB","Barbados","Caribbean",NA,"Meat and meat products","Gross Production Value (constant 2014-2016 thousand US$)","1000 USD",2010,832,"Meat of goat","no"
"BRB","Barbados","Caribbean",NA,"Meat and meat products","Gross Production Value (constant 2014-2016 thousand US$)","1000 USD",2011,832,"Meat of goat","no"
"BRB","Barbados","Caribbean",NA,"Meat and meat products","Gross Production Value (constant 2014-2016 thousand US$)","1000 USD",2012,916,"Meat of goat","no"
"BRB","Barbados","Caribbean",NA,"Meat and meat products","Gross Production Value (constant 2014-2016 thousand US$)","1000 USD",2013,924,"Meat of goat","no"
"BRB","Barbados","Caribbean",NA,"Meat and meat products","Gross Production Value (constant 2014-2016 thousand US$)","1000 USD",2014,868,"Meat of goat","no"
"BRB","Barbados","Caribbean",NA,"Meat and meat products","Gross Production Value (constant 2014-2016 thousand US$)","1000 USD",2015,860,"Meat of goat","no"
"BRB","Barbados","Caribbean",NA,"Meat and meat products","Gross Production Value (constant 2014-2016 thousand US$)","1000 USD",2016,864,"Meat of goat","no"
"BRB","Barbados","Caribbean",NA,"Meat and meat products","Gross Production Value (constant 2014-2016 thousand US$)","1000 USD",2017,862,"Meat of goat","no"
"BRB","Barbados","Caribbean",NA,"Meat and meat products","Gross Production Value (constant 2014-2016 thousand US$)","1000 USD",2018,870,"Meat of goat","no"
"BRB","Barbados","Caribbean",NA,"Meat and meat products","Gross Production Value (constant 2014-2016 thousand US$)","1000 USD",2019,870,"Meat of goat","no"
"BRB","Barbados","Caribbean",NA,"Meat and meat products","Gross Production Value (constant 2014-2016 thousand US$)","1000 USD",2020,880,"Meat of goat","no"
"BRB","Barbados","Caribbean",NA,"Meat and meat products","Gross Production Value (constant 2014-2016 thousand US$)","1000 USD",2021,881,"Meat of goat","no"
"BRB","Barbados","Caribbean",NA,"Meat and meat products","Gross Production Value (constant 2014-2016 thousand US$)","1000 USD",2022,881,"Meat of goat","no"
"BRB","Barbados","Caribbean",NA,"Meat and meat products","Gross Production Value (constant 2014-2016 thousand US$)","1000 USD",2023,890,"Meat of goat","no"
"BRB","Barbados","Caribbean",NA,"Meat and meat products","Gross Production Value (constant 2014-2016 thousand I$)","1000 Int$",1992,6992,"Meat of pig with the bone","no"
"BRB","Barbados","Caribbean",NA,"Meat and meat products","Gross Production Value (constant 2014-2016 thousand I$)","1000 Int$",1993,6858,"Meat of pig with the bone","no"
"BRB","Barbados","Caribbean",NA,"Meat and meat products","Gross Production Value (constant 2014-2016 thousand I$)","1000 Int$",1994,3321,"Meat of pig with the bone","no"
"BRB","Barbados","Caribbean",NA,"Meat and meat products","Gross Production Value (constant 2014-2016 thousand I$)","1000 Int$",1995,3825,"Meat of pig with the bone","no"
"BRB","Barbados","Caribbean",NA,"Meat and meat products","Gross Production Value (constant 2014-2016 thousand I$)","1000 Int$",1996,6057,"Meat of pig with the bone","no"
"BRB","Barbados","Caribbean",NA,"Meat and meat products","Gross Production Value (constant 2014-2016 thousand I$)","1000 Int$",1997,5805,"Meat of pig with the bone","no"
"BRB","Barbados","Caribbean",NA,"Meat and meat products","Gross Production Value (constant 2014-2016 thousand I$)","1000 Int$",1998,5535,"Meat of pig with the bone","no"
"BRB","Barbados","Caribbean",NA,"Meat and meat products","Gross Production Value (constant 2014-2016 thousand I$)","1000 Int$",1999,4671,"Meat of pig with the bone","no"
"BRB","Barbados","Caribbean",NA,"Meat and meat products","Gross Production Value (constant 2014-2016 thousand I$)","1000 Int$",2000,3810,"Meat of pig with the bone","no"
"BRB","Barbados","Caribbean",NA,"Meat and meat products","Gross Production Value (constant 2014-2016 thousand I$)","1000 Int$",2001,3569,"Meat of pig with the bone","no"
"BRB","Barbados","Caribbean",NA,"Meat and meat products","Gross Production Value (constant 2014-2016 thousand I$)","1000 Int$",2002,2797,"Meat of pig with the bone","no"
"BRB","Barbados","Caribbean",NA,"Meat and meat products","Gross Production Value (constant 2014-2016 thousand I$)","1000 Int$",2003,3484,"Meat of pig with the bone","no"
"BRB","Barbados","Caribbean",NA,"Meat and meat products","Gross Production Value (constant 2014-2016 thousand I$)","1000 Int$",2004,4095,"Meat of pig with the bone","no"
"BRB","Barbados","Caribbean",NA,"Meat and meat products","Gross Production Value (constant 2014-2016 thousand I$)","1000 Int$",2005,4579,"Meat of pig with the bone","no"
"BRB","Barbados","Caribbean",NA,"Meat and meat products","Gross Production Value (constant 2014-2016 thousand I$)","1000 Int$",2006,5231,"Meat of pig with the bone","no"
"BRB","Barbados","Caribbean",NA,"Meat and meat products","Gross Production Value (constant 2014-2016 thousand I$)","1000 Int$",2007,4964,"Meat of pig with the bone","no"
"BRB","Barbados","Caribbean",NA,"Meat and meat products","Gross Production Value (constant 2014-2016 thousand I$)","1000 Int$",2008,5231,"Meat of pig with the bone","no"
"BRB","Barbados","Caribbean",NA,"Meat and meat products","Gross Production Value (constant 2014-2016 thousand I$)","1000 Int$",2009,5450,"Meat of pig with the bone","no"
"BRB","Barbados","Caribbean",NA,"Meat and meat products","Gross Production Value (constant 2014-2016 thousand I$)","1000 Int$",2010,5446,"Meat of pig with the bone","no"
"BRB","Barbados","Caribbean",NA,"Meat and meat products","Gross Production Value (constant 2014-2016 thousand I$)","1000 Int$",2011,5271,"Meat of pig with the bone","no"
"BRB","Barbados","Caribbean",NA,"Meat and meat products","Gross Production Value (constant 2014-2016 thousand I$)","1000 Int$",2012,5041,"Meat of pig with the bone","no"
"BRB","Barbados","Caribbean",NA,"Meat and meat products","Gross Production Value (constant 2014-2016 thousand I$)","1000 Int$",2013,4956,"Meat of pig with the bone","no"
"BRB","Barbados","Caribbean",NA,"Meat and meat products","Gross Production Value (constant 2014-2016 thousand I$)","1000 Int$",2014,5364,"Meat of pig with the bone","no"
"BRB","Barbados","Caribbean",NA,"Meat and meat products","Gross Production Value (constant 2014-2016 thousand I$)","1000 Int$",2015,5648,"Meat of pig with the bone","no"
"BRB","Barbados","Caribbean",NA,"Meat and meat products","Gross Production Value (constant 2014-2016 thousand I$)","1000 Int$",2016,5284,"Meat of pig with the bone","no"
"BRB","Barbados","Caribbean",NA,"Meat and meat products","Gross Production Value (constant 2014-2016 thousand I$)","1000 Int$",2017,4996,"Meat of pig with the bone","no"
"BRB","Barbados","Caribbean",NA,"Meat and meat products","Gross Production Value (constant 2014-2016 thousand I$)","1000 Int$",2018,5499,"Meat of pig with the bone","no"
"BRB","Barbados","Caribbean",NA,"Meat and meat products","Gross Production Value (constant 2014-2016 thousand I$)","1000 Int$",2019,5635,"Meat of pig with the bone","no"
"BRB","Barbados","Caribbean",NA,"Meat and meat products","Gross Production Value (constant 2014-2016 thousand I$)","1000 Int$",2020,5692,"Meat of pig with the bone","no"
"BRB","Barbados","Caribbean",NA,"Meat and meat products","Gross Production Value (constant 2014-2016 thousand I$)","1000 Int$",2021,5225,"Meat of pig with the bone","no"
"BRB","Barbados","Caribbean",NA,"Meat and meat products","Gross Production Value (constant 2014-2016 thousand I$)","1000 Int$",2022,5037,"Meat of pig with the bone","no"
"BRB","Barbados","Caribbean",NA,"Meat and meat products","Gross Production Value (constant 2014-2016 thousand I$)","1000 Int$",2023,5110,"Meat of pig with the bone","no"
"BRB","Barbados","Caribbean",NA,"Meat and meat products","Gross Production Value (constant 2014-2016 thousand US$)","1000 USD",1992,38706,"Meat of pig with the bone","no"
"BRB","Barbados","Caribbean",NA,"Meat and meat products","Gross Production Value (constant 2014-2016 thousand US$)","1000 USD",1993,37970,"Meat of pig with the bone","no"
"BRB","Barbados","Caribbean",NA,"Meat and meat products","Gross Production Value (constant 2014-2016 thousand US$)","1000 USD",1994,18461,"Meat of pig with the bone","no"
"BRB","Barbados","Caribbean",NA,"Meat and meat products","Gross Production Value (constant 2014-2016 thousand US$)","1000 USD",1995,21174,"Meat of pig with the bone","no"
"BRB","Barbados","Caribbean",NA,"Meat and meat products","Gross Production Value (constant 2014-2016 thousand US$)","1000 USD",1996,33562,"Meat of pig with the bone","no"
"BRB","Barbados","Caribbean",NA,"Meat and meat products","Gross Production Value (constant 2014-2016 thousand US$)","1000 USD",1997,32134,"Meat of pig with the bone","no"
"BRB","Barbados","Caribbean",NA,"Meat and meat products","Gross Production Value (constant 2014-2016 thousand US$)","1000 USD",1998,30657,"Meat of pig with the bone","no"
"BRB","Barbados","Caribbean",NA,"Meat and meat products","Gross Production Value (constant 2014-2016 thousand US$)","1000 USD",1999,25867,"Meat of pig with the bone","no"
"BRB","Barbados","Caribbean",NA,"Meat and meat products","Gross Production Value (constant 2014-2016 thousand US$)","1000 USD",2000,21101,"Meat of pig with the bone","no"
"BRB","Barbados","Caribbean",NA,"Meat and meat products","Gross Production Value (constant 2014-2016 thousand US$)","1000 USD",2001,19756,"Meat of pig with the bone","no"
"BRB","Barbados","Caribbean",NA,"Meat and meat products","Gross Production Value (constant 2014-2016 thousand US$)","1000 USD",2002,15484,"Meat of pig with the bone","no"
"BRB","Barbados","Caribbean",NA,"Meat and meat products","Gross Production Value (constant 2014-2016 thousand US$)","1000 USD",2003,19284,"Meat of pig with the bone","no"
"BRB","Barbados","Caribbean",NA,"Meat and meat products","Gross Production Value (constant 2014-2016 thousand US$)","1000 USD",2004,22666,"Meat of pig with the bone","no"
"BRB","Barbados","Caribbean",NA,"Meat and meat products","Gross Production Value (constant 2014-2016 thousand US$)","1000 USD",2005,25346,"Meat of pig with the bone","no"
"BRB","Barbados","Caribbean",NA,"Meat and meat products","Gross Production Value (constant 2014-2016 thousand US$)","1000 USD",2006,28960,"Meat of pig with the bone","no"
"BRB","Barbados","Caribbean",NA,"Meat and meat products","Gross Production Value (constant 2014-2016 thousand US$)","1000 USD",2007,27476,"Meat of pig with the bone","no"
"BRB","Barbados","Caribbean",NA,"Meat and meat products","Gross Production Value (constant 2014-2016 thousand US$)","1000 USD",2008,28960,"Meat of pig with the bone","no"
"BRB","Barbados","Caribbean",NA,"Meat and meat products","Gross Production Value (constant 2014-2016 thousand US$)","1000 USD",2009,30168,"Meat of pig with the bone","no"
"BRB","Barbados","Caribbean",NA,"Meat and meat products","Gross Production Value (constant 2014-2016 thousand US$)","1000 USD",2010,30146,"Meat of pig with the bone","no"
"BRB","Barbados","Caribbean",NA,"Meat and meat products","Gross Production Value (constant 2014-2016 thousand US$)","1000 USD",2011,29180,"Meat of pig with the bone","no"
"BRB","Barbados","Caribbean",NA,"Meat and meat products","Gross Production Value (constant 2014-2016 thousand US$)","1000 USD",2012,27906,"Meat of pig with the bone","no"
"BRB","Barbados","Caribbean",NA,"Meat and meat products","Gross Production Value (constant 2014-2016 thousand US$)","1000 USD",2013,27434,"Meat of pig with the bone","no"
"BRB","Barbados","Caribbean",NA,"Meat and meat products","Gross Production Value (constant 2014-2016 thousand US$)","1000 USD",2014,29696,"Meat of pig with the bone","no"
"BRB","Barbados","Caribbean",NA,"Meat and meat products","Gross Production Value (constant 2014-2016 thousand US$)","1000 USD",2015,31266,"Meat of pig with the bone","no"
"BRB","Barbados","Caribbean",NA,"Meat and meat products","Gross Production Value (constant 2014-2016 thousand US$)","1000 USD",2016,29254,"Meat of pig with the bone","no"
"BRB","Barbados","Caribbean",NA,"Meat and meat products","Gross Production Value (constant 2014-2016 thousand US$)","1000 USD",2017,27657,"Meat of pig with the bone","no"
"BRB","Barbados","Caribbean",NA,"Meat and meat products","Gross Production Value (constant 2014-2016 thousand US$)","1000 USD",2018,30440,"Meat of pig with the bone","no"
"BRB","Barbados","Caribbean",NA,"Meat and meat products","Gross Production Value (constant 2014-2016 thousand US$)","1000 USD",2019,31192,"Meat of pig with the bone","no"
"BRB","Barbados","Caribbean",NA,"Meat and meat products","Gross Production Value (constant 2014-2016 thousand US$)","1000 USD",2020,31508,"Meat of pig with the bone","no"
"BRB","Barbados","Caribbean",NA,"Meat and meat products","Gross Production Value (constant 2014-2016 thousand US$)","1000 USD",2021,28926,"Meat of pig with the bone","no"
"BRB","Barbados","Caribbean",NA,"Meat and meat products","Gross Production Value (constant 2014-2016 thousand US$)","1000 USD",2022,27884,"Meat of pig with the bone","no"
"BRB","Barbados","Caribbean",NA,"Meat and meat products","Gross Production Value (constant 2014-2016 thousand US$)","1000 USD",2023,28288,"Meat of pig with the bone","no"
"BRB","Barbados","Caribbean",NA,"Meat and meat products","Gross Production Value (constant 2014-2016 thousand I$)","1000 Int$",1992,289,"Meat of sheep","no"
"BRB","Barbados","Caribbean",NA,"Meat and meat products","Gross Production Value (constant 2014-2016 thousand I$)","1000 Int$",1993,289,"Meat of sheep","no"
"BRB","Barbados","Caribbean",NA,"Meat and meat products","Gross Production Value (constant 2014-2016 thousand I$)","1000 Int$",1994,280,"Meat of sheep","no"
"BRB","Barbados","Caribbean",NA,"Meat and meat products","Gross Production Value (constant 2014-2016 thousand I$)","1000 Int$",1995,280,"Meat of sheep","no"
"BRB","Barbados","Caribbean",NA,"Meat and meat products","Gross Production Value (constant 2014-2016 thousand I$)","1000 Int$",1996,271,"Meat of sheep","no"
"BRB","Barbados","Caribbean",NA,"Meat and meat products","Gross Production Value (constant 2014-2016 thousand I$)","1000 Int$",1997,271,"Meat of sheep","no"
"BRB","Barbados","Caribbean",NA,"Meat and meat products","Gross Production Value (constant 2014-2016 thousand I$)","1000 Int$",1998,261,"Meat of sheep","no"
"BRB","Barbados","Caribbean",NA,"Meat and meat products","Gross Production Value (constant 2014-2016 thousand I$)","1000 Int$",1999,213,"Meat of sheep","no"
"BRB","Barbados","Caribbean",NA,"Meat and meat products","Gross Production Value (constant 2014-2016 thousand I$)","1000 Int$",2000,213,"Meat of sheep","no"
"BRB","Barbados","Caribbean",NA,"Meat and meat products","Gross Production Value (constant 2014-2016 thousand I$)","1000 Int$",2001,147,"Meat of sheep","no"
"BRB","Barbados","Caribbean",NA,"Meat and meat products","Gross Production Value (constant 2014-2016 thousand I$)","1000 Int$",2002,342,"Meat of sheep","no"
"BRB","Barbados","Caribbean",NA,"Meat and meat products","Gross Production Value (constant 2014-2016 thousand I$)","1000 Int$",2003,420,"Meat of sheep","no"
"BRB","Barbados","Caribbean",NA,"Meat and meat products","Gross Production Value (constant 2014-2016 thousand I$)","1000 Int$",2004,453,"Meat of sheep","no"
"BRB","Barbados","Caribbean",NA,"Meat and meat products","Gross Production Value (constant 2014-2016 thousand I$)","1000 Int$",2005,369,"Meat of sheep","no"
"BRB","Barbados","Caribbean",NA,"Meat and meat products","Gross Production Value (constant 2014-2016 thousand I$)","1000 Int$",2006,369,"Meat of sheep","no"
"BRB","Barbados","Caribbean",NA,"Meat and meat products","Gross Production Value (constant 2014-2016 thousand I$)","1000 Int$",2007,336,"Meat of sheep","no"
"BRB","Barbados","Caribbean",NA,"Meat and meat products","Gross Production Value (constant 2014-2016 thousand I$)","1000 Int$",2008,397,"Meat of sheep","no"
"BRB","Barbados","Caribbean",NA,"Meat and meat products","Gross Production Value (constant 2014-2016 thousand I$)","1000 Int$",2009,415,"Meat of sheep","no"
"BRB","Barbados","Caribbean",NA,"Meat and meat products","Gross Production Value (constant 2014-2016 thousand I$)","1000 Int$",2010,495,"Meat of sheep","no"
"BRB","Barbados","Caribbean",NA,"Meat and meat products","Gross Production Value (constant 2014-2016 thousand I$)","1000 Int$",2011,527,"Meat of sheep","no"
"BRB","Barbados","Caribbean",NA,"Meat and meat products","Gross Production Value (constant 2014-2016 thousand I$)","1000 Int$",2012,485,"Meat of sheep","no"
"BRB","Barbados","Caribbean",NA,"Meat and meat products","Gross Production Value (constant 2014-2016 thousand I$)","1000 Int$",2013,467,"Meat of sheep","no"
"BRB","Barbados","Caribbean",NA,"Meat and meat products","Gross Production Value (constant 2014-2016 thousand I$)","1000 Int$",2014,467,"Meat of sheep","no"
"BRB","Barbados","Caribbean",NA,"Meat and meat products","Gross Production Value (constant 2014-2016 thousand I$)","1000 Int$",2015,475,"Meat of sheep","no"
"BRB","Barbados","Caribbean",NA,"Meat and meat products","Gross Production Value (constant 2014-2016 thousand I$)","1000 Int$",2016,515,"Meat of sheep","no"
"BRB","Barbados","Caribbean",NA,"Meat and meat products","Gross Production Value (constant 2014-2016 thousand I$)","1000 Int$",2017,447,"Meat of sheep","no"
"BRB","Barbados","Caribbean",NA,"Meat and meat products","Gross Production Value (constant 2014-2016 thousand I$)","1000 Int$",2018,499,"Meat of sheep","no"
"BRB","Barbados","Caribbean",NA,"Meat and meat products","Gross Production Value (constant 2014-2016 thousand I$)","1000 Int$",2019,430,"Meat of sheep","no"
"BRB","Barbados","Caribbean",NA,"Meat and meat products","Gross Production Value (constant 2014-2016 thousand I$)","1000 Int$",2020,462,"Meat of sheep","no"
"BRB","Barbados","Caribbean",NA,"Meat and meat products","Gross Production Value (constant 2014-2016 thousand I$)","1000 Int$",2021,303,"Meat of sheep","no"
"BRB","Barbados","Caribbean",NA,"Meat and meat products","Gross Production Value (constant 2014-2016 thousand I$)","1000 Int$",2022,397,"Meat of sheep","no"
"BRB","Barbados","Caribbean",NA,"Meat and meat products","Gross Production Value (constant 2014-2016 thousand I$)","1000 Int$",2023,439,"Meat of sheep","no"
"BRB","Barbados","Caribbean",NA,"Meat and meat products","Gross Production Value (constant 2014-2016 thousand US$)","1000 USD",1992,904,"Meat of sheep","no"
"BRB","Barbados","Caribbean",NA,"Meat and meat products","Gross Production Value (constant 2014-2016 thousand US$)","1000 USD",1993,904,"Meat of sheep","no"
"BRB","Barbados","Caribbean",NA,"Meat and meat products","Gross Production Value (constant 2014-2016 thousand US$)","1000 USD",1994,874,"Meat of sheep","no"
"BRB","Barbados","Caribbean",NA,"Meat and meat products","Gross Production Value (constant 2014-2016 thousand US$)","1000 USD",1995,874,"Meat of sheep","no"
"BRB","Barbados","Caribbean",NA,"Meat and meat products","Gross Production Value (constant 2014-2016 thousand US$)","1000 USD",1996,846,"Meat of sheep","no"
"BRB","Barbados","Caribbean",NA,"Meat and meat products","Gross Production Value (constant 2014-2016 thousand US$)","1000 USD",1997,846,"Meat of sheep","no"
"BRB","Barbados","Caribbean",NA,"Meat and meat products","Gross Production Value (constant 2014-2016 thousand US$)","1000 USD",1998,816,"Meat of sheep","no"
"BRB","Barbados","Caribbean",NA,"Meat and meat products","Gross Production Value (constant 2014-2016 thousand US$)","1000 USD",1999,664,"Meat of sheep","no"
"BRB","Barbados","Caribbean",NA,"Meat and meat products","Gross Production Value (constant 2014-2016 thousand US$)","1000 USD",2000,666,"Meat of sheep","no"
"BRB","Barbados","Caribbean",NA,"Meat and meat products","Gross Production Value (constant 2014-2016 thousand US$)","1000 USD",2001,460,"Meat of sheep","no"
"BRB","Barbados","Caribbean",NA,"Meat and meat products","Gross Production Value (constant 2014-2016 thousand US$)","1000 USD",2002,1068,"Meat of sheep","no"
"BRB","Barbados","Caribbean",NA,"Meat and meat products","Gross Production Value (constant 2014-2016 thousand US$)","1000 USD",2003,1312,"Meat of sheep","no"
"BRB","Barbados","Caribbean",NA,"Meat and meat products","Gross Production Value (constant 2014-2016 thousand US$)","1000 USD",2004,1414,"Meat of sheep","no"
"BRB","Barbados","Caribbean",NA,"Meat and meat products","Gross Production Value (constant 2014-2016 thousand US$)","1000 USD",2005,1152,"Meat of sheep","no"
"BRB","Barbados","Caribbean",NA,"Meat and meat products","Gross Production Value (constant 2014-2016 thousand US$)","1000 USD",2006,1152,"Meat of sheep","no"
"BRB","Barbados","Caribbean",NA,"Meat and meat products","Gross Production Value (constant 2014-2016 thousand US$)","1000 USD",2007,1050,"Meat of sheep","no"
"BRB","Barbados","Caribbean",NA,"Meat and meat products","Gross Production Value (constant 2014-2016 thousand US$)","1000 USD",2008,1240,"Meat of sheep","no"
"BRB","Barbados","Caribbean",NA,"Meat and meat products","Gross Production Value (constant 2014-2016 thousand US$)","1000 USD",2009,1298,"Meat of sheep","no"
"BRB","Barbados","Caribbean",NA,"Meat and meat products","Gross Production Value (constant 2014-2016 thousand US$)","1000 USD",2010,1546,"Meat of sheep","no"
"BRB","Barbados","Caribbean",NA,"Meat and meat products","Gross Production Value (constant 2014-2016 thousand US$)","1000 USD",2011,1648,"Meat of sheep","no"
"BRB","Barbados","Caribbean",NA,"Meat and meat products","Gross Production Value (constant 2014-2016 thousand US$)","1000 USD",2012,1516,"Meat of sheep","no"
"BRB","Barbados","Caribbean",NA,"Meat and meat products","Gross Production Value (constant 2014-2016 thousand US$)","1000 USD",2013,1458,"Meat of sheep","no"
"BRB","Barbados","Caribbean",NA,"Meat and meat products","Gross Production Value (constant 2014-2016 thousand US$)","1000 USD",2014,1458,"Meat of sheep","no"
"BRB","Barbados","Caribbean",NA,"Meat and meat products","Gross Production Value (constant 2014-2016 thousand US$)","1000 USD",2015,1484,"Meat of sheep","no"
"BRB","Barbados","Caribbean",NA,"Meat and meat products","Gross Production Value (constant 2014-2016 thousand US$)","1000 USD",2016,1610,"Meat of sheep","no"
"BRB","Barbados","Caribbean",NA,"Meat and meat products","Gross Production Value (constant 2014-2016 thousand US$)","1000 USD",2017,1396,"Meat of sheep","no"
"BRB","Barbados","Caribbean",NA,"Meat and meat products","Gross Production Value (constant 2014-2016 thousand US$)","1000 USD",2018,1560,"Meat of sheep","no"
"BRB","Barbados","Caribbean",NA,"Meat and meat products","Gross Production Value (constant 2014-2016 thousand US$)","1000 USD",2019,1344,"Meat of sheep","no"
"BRB","Barbados","Caribbean",NA,"Meat and meat products","Gross Production Value (constant 2014-2016 thousand US$)","1000 USD",2020,1444,"Meat of sheep","no"
"BRB","Barbados","Caribbean",NA,"Meat and meat products","Gross Production Value (constant 2014-2016 thousand US$)","1000 USD",2021,948,"Meat of sheep","no"
"BRB","Barbados","Caribbean",NA,"Meat and meat products","Gross Production Value (constant 2014-2016 thousand US$)","1000 USD",2022,1240,"Meat of sheep","no"
"BRB","Barbados","Caribbean",NA,"Meat and meat products","Gross Production Value (constant 2014-2016 thousand US$)","1000 USD",2023,1372,"Meat of sheep","no"
"BRB","Barbados","Caribbean",NA,"Meat and meat products","Gross Production Value (constant 2014-2016 thousand I$)","1000 Int$",1992,0,"Meat of turkeys","no"
"BRB","Barbados","Caribbean",NA,"Meat and meat products","Gross Production Value (constant 2014-2016 thousand I$)","1000 Int$",1993,0,"Meat of turkeys","no"
"BRB","Barbados","Caribbean",NA,"Meat and meat products","Gross Production Value (constant 2014-2016 thousand I$)","1000 Int$",1994,0,"Meat of turkeys","no"
"BRB","Barbados","Caribbean",NA,"Meat and meat products","Gross Production Value (constant 2014-2016 thousand I$)","1000 Int$",1995,0,"Meat of turkeys","no"
"BRB","Barbados","Caribbean",NA,"Meat and meat products","Gross Production Value (constant 2014-2016 thousand I$)","1000 Int$",1996,0,"Meat of turkeys","no"
"BRB","Barbados","Caribbean",NA,"Meat and meat products","Gross Production Value (constant 2014-2016 thousand I$)","1000 Int$",1997,364,"Meat of turkeys","no"
"BRB","Barbados","Caribbean",NA,"Meat and meat products","Gross Production Value (constant 2014-2016 thousand I$)","1000 Int$",1998,626,"Meat of turkeys","no"
"BRB","Barbados","Caribbean",NA,"Meat and meat products","Gross Production Value (constant 2014-2016 thousand I$)","1000 Int$",1999,224,"Meat of turkeys","no"
"BRB","Barbados","Caribbean",NA,"Meat and meat products","Gross Production Value (constant 2014-2016 thousand I$)","1000 Int$",2000,805,"Meat of turkeys","no"
"BRB","Barbados","Caribbean",NA,"Meat and meat products","Gross Production Value (constant 2014-2016 thousand I$)","1000 Int$",2001,298,"Meat of turkeys","no"
"BRB","Barbados","Caribbean",NA,"Meat and meat products","Gross Production Value (constant 2014-2016 thousand I$)","1000 Int$",2002,771,"Meat of turkeys","no"
"BRB","Barbados","Caribbean",NA,"Meat and meat products","Gross Production Value (constant 2014-2016 thousand I$)","1000 Int$",2003,621,"Meat of turkeys","no"
"BRB","Barbados","Caribbean",NA,"Meat and meat products","Gross Production Value (constant 2014-2016 thousand I$)","1000 Int$",2004,485,"Meat of turkeys","no"
"BRB","Barbados","Caribbean",NA,"Meat and meat products","Gross Production Value (constant 2014-2016 thousand I$)","1000 Int$",2005,829,"Meat of turkeys","no"
"BRB","Barbados","Caribbean",NA,"Meat and meat products","Gross Production Value (constant 2014-2016 thousand I$)","1000 Int$",2006,615,"Meat of turkeys","no"
"BRB","Barbados","Caribbean",NA,"Meat and meat products","Gross Production Value (constant 2014-2016 thousand I$)","1000 Int$",2007,626,"Meat of turkeys","no"
"BRB","Barbados","Caribbean",NA,"Meat and meat products","Gross Production Value (constant 2014-2016 thousand I$)","1000 Int$",2008,536,"Meat of turkeys","no"
"BRB","Barbados","Caribbean",NA,"Meat and meat products","Gross Production Value (constant 2014-2016 thousand I$)","1000 Int$",2009,490,"Meat of turkeys","no"
"BRB","Barbados","Caribbean",NA,"Meat and meat products","Gross Production Value (constant 2014-2016 thousand I$)","1000 Int$",2010,608,"Meat of turkeys","no"
"BRB","Barbados","Caribbean",NA,"Meat and meat products","Gross Production Value (constant 2014-2016 thousand I$)","1000 Int$",2011,532,"Meat of turkeys","no"
"BRB","Barbados","Caribbean",NA,"Meat and meat products","Gross Production Value (constant 2014-2016 thousand I$)","1000 Int$",2012,738,"Meat of turkeys","no"
"BRB","Barbados","Caribbean",NA,"Meat and meat products","Gross Production Value (constant 2014-2016 thousand I$)","1000 Int$",2013,677,"Meat of turkeys","no"
"BRB","Barbados","Caribbean",NA,"Meat and meat products","Gross Production Value (constant 2014-2016 thousand I$)","1000 Int$",2014,409,"Meat of turkeys","no"
"BRB","Barbados","Caribbean",NA,"Meat and meat products","Gross Production Value (constant 2014-2016 thousand I$)","1000 Int$",2015,425,"Meat of turkeys","no"
"BRB","Barbados","Caribbean",NA,"Meat and meat products","Gross Production Value (constant 2014-2016 thousand I$)","1000 Int$",2016,585,"Meat of turkeys","no"
"BRB","Barbados","Caribbean",NA,"Meat and meat products","Gross Production Value (constant 2014-2016 thousand I$)","1000 Int$",2017,284,"Meat of turkeys","no"
"BRB","Barbados","Caribbean",NA,"Meat and meat products","Gross Production Value (constant 2014-2016 thousand I$)","1000 Int$",2018,404,"Meat of turkeys","no"
"BRB","Barbados","Caribbean",NA,"Meat and meat products","Gross Production Value (constant 2014-2016 thousand I$)","1000 Int$",2019,420,"Meat of turkeys","no"
"BRB","Barbados","Caribbean",NA,"Meat and meat products","Gross Production Value (constant 2014-2016 thousand I$)","1000 Int$",2020,315,"Meat of turkeys","no"
"BRB","Barbados","Caribbean",NA,"Meat and meat products","Gross Production Value (constant 2014-2016 thousand I$)","1000 Int$",2021,666,"Meat of turkeys","no"
"BRB","Barbados","Caribbean",NA,"Meat and meat products","Gross Production Value (constant 2014-2016 thousand I$)","1000 Int$",2022,302,"Meat of turkeys","no"
"BRB","Barbados","Caribbean",NA,"Meat and meat products","Gross Production Value (constant 2014-2016 thousand I$)","1000 Int$",2023,416,"Meat of turkeys","no"
"BRB","Barbados","Caribbean",NA,"Meat and meat products","Gross Production Value (constant 2014-2016 thousand US$)","1000 USD",1992,0,"Meat of turkeys","no"
"BRB","Barbados","Caribbean",NA,"Meat and meat products","Gross Production Value (constant 2014-2016 thousand US$)","1000 USD",1993,0,"Meat of turkeys","no"
"BRB","Barbados","Caribbean",NA,"Meat and meat products","Gross Production Value (constant 2014-2016 thousand US$)","1000 USD",1994,0,"Meat of turkeys","no"
"BRB","Barbados","Caribbean",NA,"Meat and meat products","Gross Production Value (constant 2014-2016 thousand US$)","1000 USD",1995,0,"Meat of turkeys","no"
"BRB","Barbados","Caribbean",NA,"Meat and meat products","Gross Production Value (constant 2014-2016 thousand US$)","1000 USD",1996,0,"Meat of turkeys","no"
"BRB","Barbados","Caribbean",NA,"Meat and meat products","Gross Production Value (constant 2014-2016 thousand US$)","1000 USD",1997,1066,"Meat of turkeys","no"
"BRB","Barbados","Caribbean",NA,"Meat and meat products","Gross Production Value (constant 2014-2016 thousand US$)","1000 USD",1998,1830,"Meat of turkeys","no"
"BRB","Barbados","Caribbean",NA,"Meat and meat products","Gross Production Value (constant 2014-2016 thousand US$)","1000 USD",1999,654,"Meat of turkeys","no"
"BRB","Barbados","Caribbean",NA,"Meat and meat products","Gross Production Value (constant 2014-2016 thousand US$)","1000 USD",2000,2354,"Meat of turkeys","no"
"BRB","Barbados","Caribbean",NA,"Meat and meat products","Gross Production Value (constant 2014-2016 thousand US$)","1000 USD",2001,926,"Meat of turkeys","no"
"BRB","Barbados","Caribbean",NA,"Meat and meat products","Gross Production Value (constant 2014-2016 thousand US$)","1000 USD",2002,2256,"Meat of turkeys","no"
"BRB","Barbados","Caribbean",NA,"Meat and meat products","Gross Production Value (constant 2014-2016 thousand US$)","1000 USD",2003,1818,"Meat of turkeys","no"
"BRB","Barbados","Caribbean",NA,"Meat and meat products","Gross Production Value (constant 2014-2016 thousand US$)","1000 USD",2004,1418,"Meat of turkeys","no"
"BRB","Barbados","Caribbean",NA,"Meat and meat products","Gross Production Value (constant 2014-2016 thousand US$)","1000 USD",2005,2426,"Meat of turkeys","no"
"BRB","Barbados","Caribbean",NA,"Meat and meat products","Gross Production Value (constant 2014-2016 thousand US$)","1000 USD",2006,1798,"Meat of turkeys","no"
"BRB","Barbados","Caribbean",NA,"Meat and meat products","Gross Production Value (constant 2014-2016 thousand US$)","1000 USD",2007,1830,"Meat of turkeys","no"
"BRB","Barbados","Caribbean",NA,"Meat and meat products","Gross Production Value (constant 2014-2016 thousand US$)","1000 USD",2008,1570,"Meat of turkeys","no"
"BRB","Barbados","Caribbean",NA,"Meat and meat products","Gross Production Value (constant 2014-2016 thousand US$)","1000 USD",2009,1432,"Meat of turkeys","no"
"BRB","Barbados","Caribbean",NA,"Meat and meat products","Gross Production Value (constant 2014-2016 thousand US$)","1000 USD",2010,1778,"Meat of turkeys","no"
"BRB","Barbados","Caribbean",NA,"Meat and meat products","Gross Production Value (constant 2014-2016 thousand US$)","1000 USD",2011,1556,"Meat of turkeys","no"
"BRB","Barbados","Caribbean",NA,"Meat and meat products","Gross Production Value (constant 2014-2016 thousand US$)","1000 USD",2012,2158,"Meat of turkeys","no"
"BRB","Barbados","Caribbean",NA,"Meat and meat products","Gross Production Value (constant 2014-2016 thousand US$)","1000 USD",2013,1982,"Meat of turkeys","no"
"BRB","Barbados","Caribbean",NA,"Meat and meat products","Gross Production Value (constant 2014-2016 thousand US$)","1000 USD",2014,1196,"Meat of turkeys","no"
"BRB","Barbados","Caribbean",NA,"Meat and meat products","Gross Production Value (constant 2014-2016 thousand US$)","1000 USD",2015,1244,"Meat of turkeys","no"
"BRB","Barbados","Caribbean",NA,"Meat and meat products","Gross Production Value (constant 2014-2016 thousand US$)","1000 USD",2016,1712,"Meat of turkeys","no"
"BRB","Barbados","Caribbean",NA,"Meat and meat products","Gross Production Value (constant 2014-2016 thousand US$)","1000 USD",2017,830,"Meat of turkeys","no"
"BRB","Barbados","Caribbean",NA,"Meat and meat products","Gross Production Value (constant 2014-2016 thousand US$)","1000 USD",2018,1182,"Meat of turkeys","no"
"BRB","Barbados","Caribbean",NA,"Meat and meat products","Gross Production Value (constant 2014-2016 thousand US$)","1000 USD",2019,1230,"Meat of turkeys","no"
"BRB","Barbados","Caribbean",NA,"Meat and meat products","Gross Production Value (constant 2014-2016 thousand US$)","1000 USD",2020,922,"Meat of turkeys","no"
"BRB","Barbados","Caribbean",NA,"Meat and meat products","Gross Production Value (constant 2014-2016 thousand US$)","1000 USD",2021,1948,"Meat of turkeys","no"
"BRB","Barbados","Caribbean",NA,"Meat and meat products","Gross Production Value (constant 2014-2016 thousand US$)","1000 USD",2022,882,"Meat of turkeys","no"
"BRB","Barbados","Caribbean",NA,"Meat and meat products","Gross Production Value (constant 2014-2016 thousand US$)","1000 USD",2023,1216,"Meat of turkeys","no"
"BRB","Barbados","Caribbean",NA,"Vegetables","Gross Production Value (constant 2014-2016 thousand I$)","1000 Int$",1992,255,"Okra","no"
"BRB","Barbados","Caribbean",NA,"Vegetables","Gross Production Value (constant 2014-2016 thousand I$)","1000 Int$",1993,805,"Okra","no"
"BRB","Barbados","Caribbean",NA,"Vegetables","Gross Production Value (constant 2014-2016 thousand I$)","1000 Int$",1994,284,"Okra","no"
"BRB","Barbados","Caribbean",NA,"Vegetables","Gross Production Value (constant 2014-2016 thousand I$)","1000 Int$",1995,468,"Okra","no"
"BRB","Barbados","Caribbean",NA,"Vegetables","Gross Production Value (constant 2014-2016 thousand I$)","1000 Int$",1996,473,"Okra","no"
"BRB","Barbados","Caribbean",NA,"Vegetables","Gross Production Value (constant 2014-2016 thousand I$)","1000 Int$",1997,568,"Okra","no"
"BRB","Barbados","Caribbean",NA,"Vegetables","Gross Production Value (constant 2014-2016 thousand I$)","1000 Int$",1998,662,"Okra","no"
"BRB","Barbados","Caribbean",NA,"Vegetables","Gross Production Value (constant 2014-2016 thousand I$)","1000 Int$",1999,1040,"Okra","no"
"BRB","Barbados","Caribbean",NA,"Vegetables","Gross Production Value (constant 2014-2016 thousand I$)","1000 Int$",2000,1088,"Okra","no"
"BRB","Barbados","Caribbean",NA,"Vegetables","Gross Production Value (constant 2014-2016 thousand I$)","1000 Int$",2001,1135,"Okra","no"
"BRB","Barbados","Caribbean",NA,"Vegetables","Gross Production Value (constant 2014-2016 thousand I$)","1000 Int$",2002,1219,"Okra","no"
"BRB","Barbados","Caribbean",NA,"Vegetables","Gross Production Value (constant 2014-2016 thousand I$)","1000 Int$",2003,1387,"Okra","no"
"BRB","Barbados","Caribbean",NA,"Vegetables","Gross Production Value (constant 2014-2016 thousand I$)","1000 Int$",2004,539,"Okra","no"
"BRB","Barbados","Caribbean",NA,"Vegetables","Gross Production Value (constant 2014-2016 thousand I$)","1000 Int$",2005,468,"Okra","no"
"BRB","Barbados","Caribbean",NA,"Vegetables","Gross Production Value (constant 2014-2016 thousand I$)","1000 Int$",2006,497,"Okra","no"
"BRB","Barbados","Caribbean",NA,"Vegetables","Gross Production Value (constant 2014-2016 thousand I$)","1000 Int$",2007,622,"Okra","no"
"BRB","Barbados","Caribbean",NA,"Vegetables","Gross Production Value (constant 2014-2016 thousand I$)","1000 Int$",2008,401,"Okra","no"
"BRB","Barbados","Caribbean",NA,"Vegetables","Gross Production Value (constant 2014-2016 thousand I$)","1000 Int$",2009,232,"Okra","no"
"BRB","Barbados","Caribbean",NA,"Vegetables","Gross Production Value (constant 2014-2016 thousand I$)","1000 Int$",2010,287,"Okra","no"
"BRB","Barbados","Caribbean",NA,"Vegetables","Gross Production Value (constant 2014-2016 thousand I$)","1000 Int$",2011,295,"Okra","no"
"BRB","Barbados","Caribbean",NA,"Vegetables","Gross Production Value (constant 2014-2016 thousand I$)","1000 Int$",2012,248,"Okra","no"
"BRB","Barbados","Caribbean",NA,"Vegetables","Gross Production Value (constant 2014-2016 thousand I$)","1000 Int$",2013,209,"Okra","no"
"BRB","Barbados","Caribbean",NA,"Vegetables","Gross Production Value (constant 2014-2016 thousand I$)","1000 Int$",2014,250,"Okra","no"
"BRB","Barbados","Caribbean",NA,"Vegetables","Gross Production Value (constant 2014-2016 thousand I$)","1000 Int$",2015,274,"Okra","no"
"BRB","Barbados","Caribbean",NA,"Vegetables","Gross Production Value (constant 2014-2016 thousand I$)","1000 Int$",2016,241,"Okra","no"
"BRB","Barbados","Caribbean",NA,"Vegetables","Gross Production Value (constant 2014-2016 thousand I$)","1000 Int$",2017,322,"Okra","no"
"BRB","Barbados","Caribbean",NA,"Vegetables","Gross Production Value (constant 2014-2016 thousand I$)","1000 Int$",2018,330,"Okra","no"
"BRB","Barbados","Caribbean",NA,"Vegetables","Gross Production Value (constant 2014-2016 thousand I$)","1000 Int$",2019,481,"Okra","no"
"BRB","Barbados","Caribbean",NA,"Vegetables","Gross Production Value (constant 2014-2016 thousand I$)","1000 Int$",2020,371,"Okra","no"
"BRB","Barbados","Caribbean",NA,"Vegetables","Gross Production Value (constant 2014-2016 thousand I$)","1000 Int$",2021,226,"Okra","no"
"BRB","Barbados","Caribbean",NA,"Vegetables","Gross Production Value (constant 2014-2016 thousand I$)","1000 Int$",2022,638,"Okra","no"
"BRB","Barbados","Caribbean",NA,"Vegetables","Gross Production Value (constant 2014-2016 thousand I$)","1000 Int$",2023,685,"Okra","no"
"BRB","Barbados","Caribbean",NA,"Vegetables","Gross Production Value (constant 2014-2016 thousand US$)","1000 USD",1992,584,"Okra","no"
"BRB","Barbados","Caribbean",NA,"Vegetables","Gross Production Value (constant 2014-2016 thousand US$)","1000 USD",1993,1840,"Okra","no"
"BRB","Barbados","Caribbean",NA,"Vegetables","Gross Production Value (constant 2014-2016 thousand US$)","1000 USD",1994,649,"Okra","no"
"BRB","Barbados","Caribbean",NA,"Vegetables","Gross Production Value (constant 2014-2016 thousand US$)","1000 USD",1995,1070,"Okra","no"
"BRB","Barbados","Caribbean",NA,"Vegetables","Gross Production Value (constant 2014-2016 thousand US$)","1000 USD",1996,1081,"Okra","no"
"BRB","Barbados","Caribbean",NA,"Vegetables","Gross Production Value (constant 2014-2016 thousand US$)","1000 USD",1997,1297,"Okra","no"
"BRB","Barbados","Caribbean",NA,"Vegetables","Gross Production Value (constant 2014-2016 thousand US$)","1000 USD",1998,1514,"Okra","no"
"BRB","Barbados","Caribbean",NA,"Vegetables","Gross Production Value (constant 2014-2016 thousand US$)","1000 USD",1999,2378,"Okra","no"
"BRB","Barbados","Caribbean",NA,"Vegetables","Gross Production Value (constant 2014-2016 thousand US$)","1000 USD",2000,2487,"Okra","no"
"BRB","Barbados","Caribbean",NA,"Vegetables","Gross Production Value (constant 2014-2016 thousand US$)","1000 USD",2001,2595,"Okra","no"
"BRB","Barbados","Caribbean",NA,"Vegetables","Gross Production Value (constant 2014-2016 thousand US$)","1000 USD",2002,2787,"Okra","no"
"BRB","Barbados","Caribbean",NA,"Vegetables","Gross Production Value (constant 2014-2016 thousand US$)","1000 USD",2003,3170,"Okra","no"
"BRB","Barbados","Caribbean",NA,"Vegetables","Gross Production Value (constant 2014-2016 thousand US$)","1000 USD",2004,1232,"Okra","no"
"BRB","Barbados","Caribbean",NA,"Vegetables","Gross Production Value (constant 2014-2016 thousand US$)","1000 USD",2005,1070,"Okra","no"
"BRB","Barbados","Caribbean",NA,"Vegetables","Gross Production Value (constant 2014-2016 thousand US$)","1000 USD",2006,1135,"Okra","no"
"BRB","Barbados","Caribbean",NA,"Vegetables","Gross Production Value (constant 2014-2016 thousand US$)","1000 USD",2007,1423,"Okra","no"
"BRB","Barbados","Caribbean",NA,"Vegetables","Gross Production Value (constant 2014-2016 thousand US$)","1000 USD",2008,917,"Okra","no"
"BRB","Barbados","Caribbean",NA,"Vegetables","Gross Production Value (constant 2014-2016 thousand US$)","1000 USD",2009,530,"Okra","no"
"BRB","Barbados","Caribbean",NA,"Vegetables","Gross Production Value (constant 2014-2016 thousand US$)","1000 USD",2010,655,"Okra","no"
"BRB","Barbados","Caribbean",NA,"Vegetables","Gross Production Value (constant 2014-2016 thousand US$)","1000 USD",2011,675,"Okra","no"
"BRB","Barbados","Caribbean",NA,"Vegetables","Gross Production Value (constant 2014-2016 thousand US$)","1000 USD",2012,566,"Okra","no"
"BRB","Barbados","Caribbean",NA,"Vegetables","Gross Production Value (constant 2014-2016 thousand US$)","1000 USD",2013,478,"Okra","no"
"BRB","Barbados","Caribbean",NA,"Vegetables","Gross Production Value (constant 2014-2016 thousand US$)","1000 USD",2014,571,"Okra","no"
"BRB","Barbados","Caribbean",NA,"Vegetables","Gross Production Value (constant 2014-2016 thousand US$)","1000 USD",2015,627,"Okra","no"
"BRB","Barbados","Caribbean",NA,"Vegetables","Gross Production Value (constant 2014-2016 thousand US$)","1000 USD",2016,552,"Okra","no"
"BRB","Barbados","Caribbean",NA,"Vegetables","Gross Production Value (constant 2014-2016 thousand US$)","1000 USD",2017,737,"Okra","no"
"BRB","Barbados","Caribbean",NA,"Vegetables","Gross Production Value (constant 2014-2016 thousand US$)","1000 USD",2018,755,"Okra","no"
"BRB","Barbados","Caribbean",NA,"Vegetables","Gross Production Value (constant 2014-2016 thousand US$)","1000 USD",2019,1099,"Okra","no"
"BRB","Barbados","Caribbean",NA,"Vegetables","Gross Production Value (constant 2014-2016 thousand US$)","1000 USD",2020,849,"Okra","no"
"BRB","Barbados","Caribbean",NA,"Vegetables","Gross Production Value (constant 2014-2016 thousand US$)","1000 USD",2021,516,"Okra","no"
"BRB","Barbados","Caribbean",NA,"Vegetables","Gross Production Value (constant 2014-2016 thousand US$)","1000 USD",2022,1457,"Okra","no"
"BRB","Barbados","Caribbean",NA,"Vegetables","Gross Production Value (constant 2014-2016 thousand US$)","1000 USD",2023,1567,"Okra","no"
"BRB","Barbados","Caribbean",NA,"Vegetables","Gross Production Value (constant 2014-2016 thousand I$)","1000 Int$",1992,310,"Onions and shallots","no"
"BRB","Barbados","Caribbean",NA,"Vegetables","Gross Production Value (constant 2014-2016 thousand I$)","1000 Int$",1993,232,"Onions and shallots","no"
"BRB","Barbados","Caribbean",NA,"Vegetables","Gross Production Value (constant 2014-2016 thousand I$)","1000 Int$",1994,302,"Onions and shallots","no"
"BRB","Barbados","Caribbean",NA,"Vegetables","Gross Production Value (constant 2014-2016 thousand I$)","1000 Int$",1995,491,"Onions and shallots","no"
"BRB","Barbados","Caribbean",NA,"Vegetables","Gross Production Value (constant 2014-2016 thousand I$)","1000 Int$",1996,437,"Onions and shallots","no"
"BRB","Barbados","Caribbean",NA,"Vegetables","Gross Production Value (constant 2014-2016 thousand I$)","1000 Int$",1997,200,"Onions and shallots","no"
"BRB","Barbados","Caribbean",NA,"Vegetables","Gross Production Value (constant 2014-2016 thousand I$)","1000 Int$",1998,437,"Onions and shallots","no"
"BRB","Barbados","Caribbean",NA,"Vegetables","Gross Production Value (constant 2014-2016 thousand I$)","1000 Int$",1999,171,"Onions and shallots","no"
"BRB","Barbados","Caribbean",NA,"Vegetables","Gross Production Value (constant 2014-2016 thousand I$)","1000 Int$",2000,133,"Onions and shallots","no"
"BRB","Barbados","Caribbean",NA,"Vegetables","Gross Production Value (constant 2014-2016 thousand I$)","1000 Int$",2001,146,"Onions and shallots","no"
"BRB","Barbados","Caribbean",NA,"Vegetables","Gross Production Value (constant 2014-2016 thousand I$)","1000 Int$",2002,130,"Onions and shallots","no"
"BRB","Barbados","Caribbean",NA,"Vegetables","Gross Production Value (constant 2014-2016 thousand I$)","1000 Int$",2003,141,"Onions and shallots","no"
"BRB","Barbados","Caribbean",NA,"Vegetables","Gross Production Value (constant 2014-2016 thousand I$)","1000 Int$",2004,229,"Onions and shallots","no"
"BRB","Barbados","Caribbean",NA,"Vegetables","Gross Production Value (constant 2014-2016 thousand I$)","1000 Int$",2005,145,"Onions and shallots","no"
"BRB","Barbados","Caribbean",NA,"Vegetables","Gross Production Value (constant 2014-2016 thousand I$)","1000 Int$",2006,185,"Onions and shallots","no"
"BRB","Barbados","Caribbean",NA,"Vegetables","Gross Production Value (constant 2014-2016 thousand I$)","1000 Int$",2007,120,"Onions and shallots","no"
"BRB","Barbados","Caribbean",NA,"Vegetables","Gross Production Value (constant 2014-2016 thousand I$)","1000 Int$",2008,177,"Onions and shallots","no"
"BRB","Barbados","Caribbean",NA,"Vegetables","Gross Production Value (constant 2014-2016 thousand I$)","1000 Int$",2009,261,"Onions and shallots","no"
"BRB","Barbados","Caribbean",NA,"Vegetables","Gross Production Value (constant 2014-2016 thousand I$)","1000 Int$",2010,207,"Onions and shallots","no"
"BRB","Barbados","Caribbean",NA,"Vegetables","Gross Production Value (constant 2014-2016 thousand I$)","1000 Int$",2011,164,"Onions and shallots","no"
"BRB","Barbados","Caribbean",NA,"Vegetables","Gross Production Value (constant 2014-2016 thousand I$)","1000 Int$",2012,229,"Onions and shallots","no"
"BRB","Barbados","Caribbean",NA,"Vegetables","Gross Production Value (constant 2014-2016 thousand I$)","1000 Int$",2013,210,"Onions and shallots","no"
"BRB","Barbados","Caribbean",NA,"Vegetables","Gross Production Value (constant 2014-2016 thousand I$)","1000 Int$",2014,131,"Onions and shallots","no"
"BRB","Barbados","Caribbean",NA,"Vegetables","Gross Production Value (constant 2014-2016 thousand I$)","1000 Int$",2015,316,"Onions and shallots","no"
"BRB","Barbados","Caribbean",NA,"Vegetables","Gross Production Value (constant 2014-2016 thousand I$)","1000 Int$",2016,168,"Onions and shallots","no"
"BRB","Barbados","Caribbean",NA,"Vegetables","Gross Production Value (constant 2014-2016 thousand I$)","1000 Int$",2017,171,"Onions and shallots","no"
"BRB","Barbados","Caribbean",NA,"Vegetables","Gross Production Value (constant 2014-2016 thousand I$)","1000 Int$",2018,171,"Onions and shallots","no"
"BRB","Barbados","Caribbean",NA,"Vegetables","Gross Production Value (constant 2014-2016 thousand I$)","1000 Int$",2019,317,"Onions and shallots","no"
"BRB","Barbados","Caribbean",NA,"Vegetables","Gross Production Value (constant 2014-2016 thousand I$)","1000 Int$",2020,252,"Onions and shallots","no"
"BRB","Barbados","Caribbean",NA,"Vegetables","Gross Production Value (constant 2014-2016 thousand I$)","1000 Int$",2021,210,"Onions and shallots","no"
"BRB","Barbados","Caribbean",NA,"Vegetables","Gross Production Value (constant 2014-2016 thousand I$)","1000 Int$",2022,619,"Onions and shallots","no"
"BRB","Barbados","Caribbean",NA,"Vegetables","Gross Production Value (constant 2014-2016 thousand I$)","1000 Int$",2023,432,"Onions and shallots","no"
"BRB","Barbados","Caribbean",NA,"Vegetables","Gross Production Value (constant 2014-2016 thousand US$)","1000 USD",1992,1588,"Onions and shallots","no"
"BRB","Barbados","Caribbean",NA,"Vegetables","Gross Production Value (constant 2014-2016 thousand US$)","1000 USD",1993,1185,"Onions and shallots","no"
"BRB","Barbados","Caribbean",NA,"Vegetables","Gross Production Value (constant 2014-2016 thousand US$)","1000 USD",1994,1548,"Onions and shallots","no"
"BRB","Barbados","Caribbean",NA,"Vegetables","Gross Production Value (constant 2014-2016 thousand US$)","1000 USD",1995,2515,"Onions and shallots","no"
"BRB","Barbados","Caribbean",NA,"Vegetables","Gross Production Value (constant 2014-2016 thousand US$)","1000 USD",1996,2238,"Onions and shallots","no"
"BRB","Barbados","Caribbean",NA,"Vegetables","Gross Production Value (constant 2014-2016 thousand US$)","1000 USD",1997,1023,"Onions and shallots","no"
"BRB","Barbados","Caribbean",NA,"Vegetables","Gross Production Value (constant 2014-2016 thousand US$)","1000 USD",1998,2238,"Onions and shallots","no"
"BRB","Barbados","Caribbean",NA,"Vegetables","Gross Production Value (constant 2014-2016 thousand US$)","1000 USD",1999,874,"Onions and shallots","no"
"BRB","Barbados","Caribbean",NA,"Vegetables","Gross Production Value (constant 2014-2016 thousand US$)","1000 USD",2000,682,"Onions and shallots","no"
"BRB","Barbados","Caribbean",NA,"Vegetables","Gross Production Value (constant 2014-2016 thousand US$)","1000 USD",2001,746,"Onions and shallots","no"
"BRB","Barbados","Caribbean",NA,"Vegetables","Gross Production Value (constant 2014-2016 thousand US$)","1000 USD",2002,663,"Onions and shallots","no"
"BRB","Barbados","Caribbean",NA,"Vegetables","Gross Production Value (constant 2014-2016 thousand US$)","1000 USD",2003,720,"Onions and shallots","no"
"BRB","Barbados","Caribbean",NA,"Vegetables","Gross Production Value (constant 2014-2016 thousand US$)","1000 USD",2004,1175,"Onions and shallots","no"
"BRB","Barbados","Caribbean",NA,"Vegetables","Gross Production Value (constant 2014-2016 thousand US$)","1000 USD",2005,740,"Onions and shallots","no"
"BRB","Barbados","Caribbean",NA,"Vegetables","Gross Production Value (constant 2014-2016 thousand US$)","1000 USD",2006,946,"Onions and shallots","no"
"BRB","Barbados","Caribbean",NA,"Vegetables","Gross Production Value (constant 2014-2016 thousand US$)","1000 USD",2007,612,"Onions and shallots","no"
"BRB","Barbados","Caribbean",NA,"Vegetables","Gross Production Value (constant 2014-2016 thousand US$)","1000 USD",2008,904,"Onions and shallots","no"
"BRB","Barbados","Caribbean",NA,"Vegetables","Gross Production Value (constant 2014-2016 thousand US$)","1000 USD",2009,1334,"Onions and shallots","no"
"BRB","Barbados","Caribbean",NA,"Vegetables","Gross Production Value (constant 2014-2016 thousand US$)","1000 USD",2010,1062,"Onions and shallots","no"
"BRB","Barbados","Caribbean",NA,"Vegetables","Gross Production Value (constant 2014-2016 thousand US$)","1000 USD",2011,838,"Onions and shallots","no"
"BRB","Barbados","Caribbean",NA,"Vegetables","Gross Production Value (constant 2014-2016 thousand US$)","1000 USD",2012,1172,"Onions and shallots","no"
"BRB","Barbados","Caribbean",NA,"Vegetables","Gross Production Value (constant 2014-2016 thousand US$)","1000 USD",2013,1074,"Onions and shallots","no"
"BRB","Barbados","Caribbean",NA,"Vegetables","Gross Production Value (constant 2014-2016 thousand US$)","1000 USD",2014,671,"Onions and shallots","no"
"BRB","Barbados","Caribbean",NA,"Vegetables","Gross Production Value (constant 2014-2016 thousand US$)","1000 USD",2015,1615,"Onions and shallots","no"
"BRB","Barbados","Caribbean",NA,"Vegetables","Gross Production Value (constant 2014-2016 thousand US$)","1000 USD",2016,861,"Onions and shallots","no"
"BRB","Barbados","Caribbean",NA,"Vegetables","Gross Production Value (constant 2014-2016 thousand US$)","1000 USD",2017,876,"Onions and shallots","no"
"BRB","Barbados","Caribbean",NA,"Vegetables","Gross Production Value (constant 2014-2016 thousand US$)","1000 USD",2018,875,"Onions and shallots","no"
"BRB","Barbados","Caribbean",NA,"Vegetables","Gross Production Value (constant 2014-2016 thousand US$)","1000 USD",2019,1624,"Onions and shallots","no"
"BRB","Barbados","Caribbean",NA,"Vegetables","Gross Production Value (constant 2014-2016 thousand US$)","1000 USD",2020,1288,"Onions and shallots","no"
"BRB","Barbados","Caribbean",NA,"Vegetables","Gross Production Value (constant 2014-2016 thousand US$)","1000 USD",2021,1074,"Onions and shallots","no"
"BRB","Barbados","Caribbean",NA,"Vegetables","Gross Production Value (constant 2014-2016 thousand US$)","1000 USD",2022,3168,"Onions and shallots","no"
"BRB","Barbados","Caribbean",NA,"Vegetables","Gross Production Value (constant 2014-2016 thousand US$)","1000 USD",2023,2212,"Onions and shallots","no"
"BRB","Barbados","Caribbean",NA,"Fruits and nuts","Gross Production Value (constant 2014-2016 thousand I$)","1000 Int$",1992,107,"Other fruits, n.e.c.","no"
"BRB","Barbados","Caribbean",NA,"Fruits and nuts","Gross Production Value (constant 2014-2016 thousand I$)","1000 Int$",1993,150,"Other fruits, n.e.c.","no"
"BRB","Barbados","Caribbean",NA,"Fruits and nuts","Gross Production Value (constant 2014-2016 thousand I$)","1000 Int$",1994,150,"Other fruits, n.e.c.","no"
"BRB","Barbados","Caribbean",NA,"Fruits and nuts","Gross Production Value (constant 2014-2016 thousand I$)","1000 Int$",1995,236,"Other fruits, n.e.c.","no"
"BRB","Barbados","Caribbean",NA,"Fruits and nuts","Gross Production Value (constant 2014-2016 thousand I$)","1000 Int$",1996,279,"Other fruits, n.e.c.","no"
"BRB","Barbados","Caribbean",NA,"Fruits and nuts","Gross Production Value (constant 2014-2016 thousand I$)","1000 Int$",1997,279,"Other fruits, n.e.c.","no"
"BRB","Barbados","Caribbean",NA,"Fruits and nuts","Gross Production Value (constant 2014-2016 thousand I$)","1000 Int$",1998,279,"Other fruits, n.e.c.","no"
"BRB","Barbados","Caribbean",NA,"Fruits and nuts","Gross Production Value (constant 2014-2016 thousand I$)","1000 Int$",1999,236,"Other fruits, n.e.c.","no"
"BRB","Barbados","Caribbean",NA,"Fruits and nuts","Gross Production Value (constant 2014-2016 thousand I$)","1000 Int$",2000,257,"Other fruits, n.e.c.","no"
"BRB","Barbados","Caribbean",NA,"Fruits and nuts","Gross Production Value (constant 2014-2016 thousand I$)","1000 Int$",2001,257,"Other fruits, n.e.c.","no"
"BRB","Barbados","Caribbean",NA,"Fruits and nuts","Gross Production Value (constant 2014-2016 thousand I$)","1000 Int$",2002,279,"Other fruits, n.e.c.","no"
"BRB","Barbados","Caribbean",NA,"Fruits and nuts","Gross Production Value (constant 2014-2016 thousand I$)","1000 Int$",2003,300,"Other fruits, n.e.c.","no"
"BRB","Barbados","Caribbean",NA,"Fruits and nuts","Gross Production Value (constant 2014-2016 thousand I$)","1000 Int$",2004,321,"Other fruits, n.e.c.","no"
"BRB","Barbados","Caribbean",NA,"Fruits and nuts","Gross Production Value (constant 2014-2016 thousand I$)","1000 Int$",2005,343,"Other fruits, n.e.c.","no"
"BRB","Barbados","Caribbean",NA,"Fruits and nuts","Gross Production Value (constant 2014-2016 thousand I$)","1000 Int$",2006,359,"Other fruits, n.e.c.","no"
"BRB","Barbados","Caribbean",NA,"Fruits and nuts","Gross Production Value (constant 2014-2016 thousand I$)","1000 Int$",2007,375,"Other fruits, n.e.c.","no"
"BRB","Barbados","Caribbean",NA,"Fruits and nuts","Gross Production Value (constant 2014-2016 thousand I$)","1000 Int$",2008,390,"Other fruits, n.e.c.","no"
"BRB","Barbados","Caribbean",NA,"Fruits and nuts","Gross Production Value (constant 2014-2016 thousand I$)","1000 Int$",2009,418,"Other fruits, n.e.c.","no"
"BRB","Barbados","Caribbean",NA,"Fruits and nuts","Gross Production Value (constant 2014-2016 thousand I$)","1000 Int$",2010,443,"Other fruits, n.e.c.","no"
"BRB","Barbados","Caribbean",NA,"Fruits and nuts","Gross Production Value (constant 2014-2016 thousand I$)","1000 Int$",2011,485,"Other fruits, n.e.c.","no"
"BRB","Barbados","Caribbean",NA,"Fruits and nuts","Gross Production Value (constant 2014-2016 thousand I$)","1000 Int$",2012,514,"Other fruits, n.e.c.","no"
"BRB","Barbados","Caribbean",NA,"Fruits and nuts","Gross Production Value (constant 2014-2016 thousand I$)","1000 Int$",2013,471,"Other fruits, n.e.c.","no"
"BRB","Barbados","Caribbean",NA,"Fruits and nuts","Gross Production Value (constant 2014-2016 thousand I$)","1000 Int$",2014,514,"Other fruits, n.e.c.","no"
"BRB","Barbados","Caribbean",NA,"Fruits and nuts","Gross Production Value (constant 2014-2016 thousand I$)","1000 Int$",2015,531,"Other fruits, n.e.c.","no"
"BRB","Barbados","Caribbean",NA,"Fruits and nuts","Gross Production Value (constant 2014-2016 thousand I$)","1000 Int$",2016,506,"Other fruits, n.e.c.","no"
"BRB","Barbados","Caribbean",NA,"Fruits and nuts","Gross Production Value (constant 2014-2016 thousand I$)","1000 Int$",2017,509,"Other fruits, n.e.c.","no"
"BRB","Barbados","Caribbean",NA,"Fruits and nuts","Gross Production Value (constant 2014-2016 thousand I$)","1000 Int$",2018,528,"Other fruits, n.e.c.","no"
"BRB","Barbados","Caribbean",NA,"Fruits and nuts","Gross Production Value (constant 2014-2016 thousand I$)","1000 Int$",2019,514,"Other fruits, n.e.c.","no"
"BRB","Barbados","Caribbean",NA,"Fruits and nuts","Gross Production Value (constant 2014-2016 thousand I$)","1000 Int$",2020,517,"Other fruits, n.e.c.","no"
"BRB","Barbados","Caribbean",NA,"Fruits and nuts","Gross Production Value (constant 2014-2016 thousand I$)","1000 Int$",2021,520,"Other fruits, n.e.c.","no"
"BRB","Barbados","Caribbean",NA,"Fruits and nuts","Gross Production Value (constant 2014-2016 thousand I$)","1000 Int$",2022,517,"Other fruits, n.e.c.","no"
"BRB","Barbados","Caribbean",NA,"Fruits and nuts","Gross Production Value (constant 2014-2016 thousand I$)","1000 Int$",2023,518,"Other fruits, n.e.c.","no"
"BRB","Barbados","Caribbean",NA,"Fruits and nuts","Gross Production Value (constant 2014-2016 thousand US$)","1000 USD",1992,393,"Other fruits, n.e.c.","no"
"BRB","Barbados","Caribbean",NA,"Fruits and nuts","Gross Production Value (constant 2014-2016 thousand US$)","1000 USD",1993,550,"Other fruits, n.e.c.","no"
"BRB","Barbados","Caribbean",NA,"Fruits and nuts","Gross Production Value (constant 2014-2016 thousand US$)","1000 USD",1994,550,"Other fruits, n.e.c.","no"
"BRB","Barbados","Caribbean",NA,"Fruits and nuts","Gross Production Value (constant 2014-2016 thousand US$)","1000 USD",1995,864,"Other fruits, n.e.c.","no"
"BRB","Barbados","Caribbean",NA,"Fruits and nuts","Gross Production Value (constant 2014-2016 thousand US$)","1000 USD",1996,1021,"Other fruits, n.e.c.","no"
"BRB","Barbados","Caribbean",NA,"Fruits and nuts","Gross Production Value (constant 2014-2016 thousand US$)","1000 USD",1997,1021,"Other fruits, n.e.c.","no"
"BRB","Barbados","Caribbean",NA,"Fruits and nuts","Gross Production Value (constant 2014-2016 thousand US$)","1000 USD",1998,1021,"Other fruits, n.e.c.","no"
"BRB","Barbados","Caribbean",NA,"Fruits and nuts","Gross Production Value (constant 2014-2016 thousand US$)","1000 USD",1999,864,"Other fruits, n.e.c.","no"
"BRB","Barbados","Caribbean",NA,"Fruits and nuts","Gross Production Value (constant 2014-2016 thousand US$)","1000 USD",2000,942,"Other fruits, n.e.c.","no"
"BRB","Barbados","Caribbean",NA,"Fruits and nuts","Gross Production Value (constant 2014-2016 thousand US$)","1000 USD",2001,942,"Other fruits, n.e.c.","no"
"BRB","Barbados","Caribbean",NA,"Fruits and nuts","Gross Production Value (constant 2014-2016 thousand US$)","1000 USD",2002,1021,"Other fruits, n.e.c.","no"
"BRB","Barbados","Caribbean",NA,"Fruits and nuts","Gross Production Value (constant 2014-2016 thousand US$)","1000 USD",2003,1099,"Other fruits, n.e.c.","no"
"BRB","Barbados","Caribbean",NA,"Fruits and nuts","Gross Production Value (constant 2014-2016 thousand US$)","1000 USD",2004,1178,"Other fruits, n.e.c.","no"
"BRB","Barbados","Caribbean",NA,"Fruits and nuts","Gross Production Value (constant 2014-2016 thousand US$)","1000 USD",2005,1256,"Other fruits, n.e.c.","no"
"BRB","Barbados","Caribbean",NA,"Fruits and nuts","Gross Production Value (constant 2014-2016 thousand US$)","1000 USD",2006,1316,"Other fruits, n.e.c.","no"
"BRB","Barbados","Caribbean",NA,"Fruits and nuts","Gross Production Value (constant 2014-2016 thousand US$)","1000 USD",2007,1375,"Other fruits, n.e.c.","no"
"BRB","Barbados","Caribbean",NA,"Fruits and nuts","Gross Production Value (constant 2014-2016 thousand US$)","1000 USD",2008,1429,"Other fruits, n.e.c.","no"
"BRB","Barbados","Caribbean",NA,"Fruits and nuts","Gross Production Value (constant 2014-2016 thousand US$)","1000 USD",2009,1531,"Other fruits, n.e.c.","no"
"BRB","Barbados","Caribbean",NA,"Fruits and nuts","Gross Production Value (constant 2014-2016 thousand US$)","1000 USD",2010,1625,"Other fruits, n.e.c.","no"
"BRB","Barbados","Caribbean",NA,"Fruits and nuts","Gross Production Value (constant 2014-2016 thousand US$)","1000 USD",2011,1779,"Other fruits, n.e.c.","no"
"BRB","Barbados","Caribbean",NA,"Fruits and nuts","Gross Production Value (constant 2014-2016 thousand US$)","1000 USD",2012,1885,"Other fruits, n.e.c.","no"
"BRB","Barbados","Caribbean",NA,"Fruits and nuts","Gross Production Value (constant 2014-2016 thousand US$)","1000 USD",2013,1727,"Other fruits, n.e.c.","no"
"BRB","Barbados","Caribbean",NA,"Fruits and nuts","Gross Production Value (constant 2014-2016 thousand US$)","1000 USD",2014,1885,"Other fruits, n.e.c.","no"
"BRB","Barbados","Caribbean",NA,"Fruits and nuts","Gross Production Value (constant 2014-2016 thousand US$)","1000 USD",2015,1948,"Other fruits, n.e.c.","no"
"BRB","Barbados","Caribbean",NA,"Fruits and nuts","Gross Production Value (constant 2014-2016 thousand US$)","1000 USD",2016,1853,"Other fruits, n.e.c.","no"
"BRB","Barbados","Caribbean",NA,"Fruits and nuts","Gross Production Value (constant 2014-2016 thousand US$)","1000 USD",2017,1867,"Other fruits, n.e.c.","no"
"BRB","Barbados","Caribbean",NA,"Fruits and nuts","Gross Production Value (constant 2014-2016 thousand US$)","1000 USD",2018,1936,"Other fruits, n.e.c.","no"
"BRB","Barbados","Caribbean",NA,"Fruits and nuts","Gross Production Value (constant 2014-2016 thousand US$)","1000 USD",2019,1885,"Other fruits, n.e.c.","no"
"BRB","Barbados","Caribbean",NA,"Fruits and nuts","Gross Production Value (constant 2014-2016 thousand US$)","1000 USD",2020,1896,"Other fruits, n.e.c.","no"
"BRB","Barbados","Caribbean",NA,"Fruits and nuts","Gross Production Value (constant 2014-2016 thousand US$)","1000 USD",2021,1906,"Other fruits, n.e.c.","no"
"BRB","Barbados","Caribbean",NA,"Fruits and nuts","Gross Production Value (constant 2014-2016 thousand US$)","1000 USD",2022,1896,"Other fruits, n.e.c.","no"
"BRB","Barbados","Caribbean",NA,"Fruits and nuts","Gross Production Value (constant 2014-2016 thousand US$)","1000 USD",2023,1899,"Other fruits, n.e.c.","no"
"BRB","Barbados","Caribbean",NA,"Pulses (dried leguminous vegetables)","Gross Production Value (constant 2014-2016 thousand I$)","1000 Int$",1992,700,"Other pulses n.e.c.","no"
"BRB","Barbados","Caribbean",NA,"Pulses (dried leguminous vegetables)","Gross Production Value (constant 2014-2016 thousand I$)","1000 Int$",1993,700,"Other pulses n.e.c.","no"
"BRB","Barbados","Caribbean",NA,"Pulses (dried leguminous vegetables)","Gross Production Value (constant 2014-2016 thousand I$)","1000 Int$",1994,700,"Other pulses n.e.c.","no"
"BRB","Barbados","Caribbean",NA,"Pulses (dried leguminous vegetables)","Gross Production Value (constant 2014-2016 thousand I$)","1000 Int$",1995,700,"Other pulses n.e.c.","no"
"BRB","Barbados","Caribbean",NA,"Pulses (dried leguminous vegetables)","Gross Production Value (constant 2014-2016 thousand I$)","1000 Int$",1996,700,"Other pulses n.e.c.","no"
"BRB","Barbados","Caribbean",NA,"Pulses (dried leguminous vegetables)","Gross Production Value (constant 2014-2016 thousand I$)","1000 Int$",1997,700,"Other pulses n.e.c.","no"
"BRB","Barbados","Caribbean",NA,"Pulses (dried leguminous vegetables)","Gross Production Value (constant 2014-2016 thousand I$)","1000 Int$",1998,700,"Other pulses n.e.c.","no"
"BRB","Barbados","Caribbean",NA,"Pulses (dried leguminous vegetables)","Gross Production Value (constant 2014-2016 thousand I$)","1000 Int$",1999,642,"Other pulses n.e.c.","no"
"BRB","Barbados","Caribbean",NA,"Pulses (dried leguminous vegetables)","Gross Production Value (constant 2014-2016 thousand I$)","1000 Int$",2000,642,"Other pulses n.e.c.","no"
"BRB","Barbados","Caribbean",NA,"Pulses (dried leguminous vegetables)","Gross Production Value (constant 2014-2016 thousand I$)","1000 Int$",2001,642,"Other pulses n.e.c.","no"
"BRB","Barbados","Caribbean",NA,"Pulses (dried leguminous vegetables)","Gross Production Value (constant 2014-2016 thousand I$)","1000 Int$",2002,646,"Other pulses n.e.c.","no"
"BRB","Barbados","Caribbean",NA,"Pulses (dried leguminous vegetables)","Gross Production Value (constant 2014-2016 thousand I$)","1000 Int$",2003,658,"Other pulses n.e.c.","no"
"BRB","Barbados","Caribbean",NA,"Pulses (dried leguminous vegetables)","Gross Production Value (constant 2014-2016 thousand I$)","1000 Int$",2004,679,"Other pulses n.e.c.","no"
"BRB","Barbados","Caribbean",NA,"Pulses (dried leguminous vegetables)","Gross Production Value (constant 2014-2016 thousand I$)","1000 Int$",2005,692,"Other pulses n.e.c.","no"
"BRB","Barbados","Caribbean",NA,"Pulses (dried leguminous vegetables)","Gross Production Value (constant 2014-2016 thousand I$)","1000 Int$",2006,734,"Other pulses n.e.c.","no"
"BRB","Barbados","Caribbean",NA,"Pulses (dried leguminous vegetables)","Gross Production Value (constant 2014-2016 thousand I$)","1000 Int$",2007,750,"Other pulses n.e.c.","no"
"BRB","Barbados","Caribbean",NA,"Pulses (dried leguminous vegetables)","Gross Production Value (constant 2014-2016 thousand I$)","1000 Int$",2008,792,"Other pulses n.e.c.","no"
"BRB","Barbados","Caribbean",NA,"Pulses (dried leguminous vegetables)","Gross Production Value (constant 2014-2016 thousand I$)","1000 Int$",2009,863,"Other pulses n.e.c.","no"
"BRB","Barbados","Caribbean",NA,"Pulses (dried leguminous vegetables)","Gross Production Value (constant 2014-2016 thousand I$)","1000 Int$",2010,997,"Other pulses n.e.c.","no"
"BRB","Barbados","Caribbean",NA,"Pulses (dried leguminous vegetables)","Gross Production Value (constant 2014-2016 thousand I$)","1000 Int$",2011,1151,"Other pulses n.e.c.","no"
"BRB","Barbados","Caribbean",NA,"Pulses (dried leguminous vegetables)","Gross Production Value (constant 2014-2016 thousand I$)","1000 Int$",2012,1334,"Other pulses n.e.c.","no"
"BRB","Barbados","Caribbean",NA,"Pulses (dried leguminous vegetables)","Gross Production Value (constant 2014-2016 thousand I$)","1000 Int$",2013,1375,"Other pulses n.e.c.","no"
"BRB","Barbados","Caribbean",NA,"Pulses (dried leguminous vegetables)","Gross Production Value (constant 2014-2016 thousand I$)","1000 Int$",2014,1334,"Other pulses n.e.c.","no"
"BRB","Barbados","Caribbean",NA,"Pulses (dried leguminous vegetables)","Gross Production Value (constant 2014-2016 thousand I$)","1000 Int$",2015,1290,"Other pulses n.e.c.","no"
"BRB","Barbados","Caribbean",NA,"Pulses (dried leguminous vegetables)","Gross Production Value (constant 2014-2016 thousand I$)","1000 Int$",2016,1333,"Other pulses n.e.c.","no"
"BRB","Barbados","Caribbean",NA,"Pulses (dried leguminous vegetables)","Gross Production Value (constant 2014-2016 thousand I$)","1000 Int$",2017,1384,"Other pulses n.e.c.","no"
"BRB","Barbados","Caribbean",NA,"Pulses (dried leguminous vegetables)","Gross Production Value (constant 2014-2016 thousand I$)","1000 Int$",2018,1335,"Other pulses n.e.c.","no"
"BRB","Barbados","Caribbean",NA,"Pulses (dried leguminous vegetables)","Gross Production Value (constant 2014-2016 thousand I$)","1000 Int$",2019,1292,"Other pulses n.e.c.","no"
"BRB","Barbados","Caribbean",NA,"Pulses (dried leguminous vegetables)","Gross Production Value (constant 2014-2016 thousand I$)","1000 Int$",2020,1342,"Other pulses n.e.c.","no"
"BRB","Barbados","Caribbean",NA,"Pulses (dried leguminous vegetables)","Gross Production Value (constant 2014-2016 thousand I$)","1000 Int$",2021,1327,"Other pulses n.e.c.","no"
"BRB","Barbados","Caribbean",NA,"Pulses (dried leguminous vegetables)","Gross Production Value (constant 2014-2016 thousand I$)","1000 Int$",2022,1330,"Other pulses n.e.c.","no"
"BRB","Barbados","Caribbean",NA,"Pulses (dried leguminous vegetables)","Gross Production Value (constant 2014-2016 thousand I$)","1000 Int$",2023,1344,"Other pulses n.e.c.","no"
"BRB","Barbados","Caribbean",NA,"Pulses (dried leguminous vegetables)","Gross Production Value (constant 2014-2016 thousand US$)","1000 USD",1992,2949,"Other pulses n.e.c.","no"
"BRB","Barbados","Caribbean",NA,"Pulses (dried leguminous vegetables)","Gross Production Value (constant 2014-2016 thousand US$)","1000 USD",1993,2949,"Other pulses n.e.c.","no"
"BRB","Barbados","Caribbean",NA,"Pulses (dried leguminous vegetables)","Gross Production Value (constant 2014-2016 thousand US$)","1000 USD",1994,2949,"Other pulses n.e.c.","no"
"BRB","Barbados","Caribbean",NA,"Pulses (dried leguminous vegetables)","Gross Production Value (constant 2014-2016 thousand US$)","1000 USD",1995,2949,"Other pulses n.e.c.","no"
"BRB","Barbados","Caribbean",NA,"Pulses (dried leguminous vegetables)","Gross Production Value (constant 2014-2016 thousand US$)","1000 USD",1996,2949,"Other pulses n.e.c.","no"
"BRB","Barbados","Caribbean",NA,"Pulses (dried leguminous vegetables)","Gross Production Value (constant 2014-2016 thousand US$)","1000 USD",1997,2949,"Other pulses n.e.c.","no"
"BRB","Barbados","Caribbean",NA,"Pulses (dried leguminous vegetables)","Gross Production Value (constant 2014-2016 thousand US$)","1000 USD",1998,2949,"Other pulses n.e.c.","no"
"BRB","Barbados","Caribbean",NA,"Pulses (dried leguminous vegetables)","Gross Production Value (constant 2014-2016 thousand US$)","1000 USD",1999,2703,"Other pulses n.e.c.","no"
"BRB","Barbados","Caribbean",NA,"Pulses (dried leguminous vegetables)","Gross Production Value (constant 2014-2016 thousand US$)","1000 USD",2000,2703,"Other pulses n.e.c.","no"
"BRB","Barbados","Caribbean",NA,"Pulses (dried leguminous vegetables)","Gross Production Value (constant 2014-2016 thousand US$)","1000 USD",2001,2703,"Other pulses n.e.c.","no"
"BRB","Barbados","Caribbean",NA,"Pulses (dried leguminous vegetables)","Gross Production Value (constant 2014-2016 thousand US$)","1000 USD",2002,2721,"Other pulses n.e.c.","no"
"BRB","Barbados","Caribbean",NA,"Pulses (dried leguminous vegetables)","Gross Production Value (constant 2014-2016 thousand US$)","1000 USD",2003,2773,"Other pulses n.e.c.","no"
"BRB","Barbados","Caribbean",NA,"Pulses (dried leguminous vegetables)","Gross Production Value (constant 2014-2016 thousand US$)","1000 USD",2004,2861,"Other pulses n.e.c.","no"
"BRB","Barbados","Caribbean",NA,"Pulses (dried leguminous vegetables)","Gross Production Value (constant 2014-2016 thousand US$)","1000 USD",2005,2914,"Other pulses n.e.c.","no"
"BRB","Barbados","Caribbean",NA,"Pulses (dried leguminous vegetables)","Gross Production Value (constant 2014-2016 thousand US$)","1000 USD",2006,3089,"Other pulses n.e.c.","no"
"BRB","Barbados","Caribbean",NA,"Pulses (dried leguminous vegetables)","Gross Production Value (constant 2014-2016 thousand US$)","1000 USD",2007,3159,"Other pulses n.e.c.","no"
"BRB","Barbados","Caribbean",NA,"Pulses (dried leguminous vegetables)","Gross Production Value (constant 2014-2016 thousand US$)","1000 USD",2008,3335,"Other pulses n.e.c.","no"
"BRB","Barbados","Caribbean",NA,"Pulses (dried leguminous vegetables)","Gross Production Value (constant 2014-2016 thousand US$)","1000 USD",2009,3633,"Other pulses n.e.c.","no"
"BRB","Barbados","Caribbean",NA,"Pulses (dried leguminous vegetables)","Gross Production Value (constant 2014-2016 thousand US$)","1000 USD",2010,4197,"Other pulses n.e.c.","no"
"BRB","Barbados","Caribbean",NA,"Pulses (dried leguminous vegetables)","Gross Production Value (constant 2014-2016 thousand US$)","1000 USD",2011,4845,"Other pulses n.e.c.","no"
"BRB","Barbados","Caribbean",NA,"Pulses (dried leguminous vegetables)","Gross Production Value (constant 2014-2016 thousand US$)","1000 USD",2012,5617,"Other pulses n.e.c.","no"
"BRB","Barbados","Caribbean",NA,"Pulses (dried leguminous vegetables)","Gross Production Value (constant 2014-2016 thousand US$)","1000 USD",2013,5792,"Other pulses n.e.c.","no"
"BRB","Barbados","Caribbean",NA,"Pulses (dried leguminous vegetables)","Gross Production Value (constant 2014-2016 thousand US$)","1000 USD",2014,5617,"Other pulses n.e.c.","no"
"BRB","Barbados","Caribbean",NA,"Pulses (dried leguminous vegetables)","Gross Production Value (constant 2014-2016 thousand US$)","1000 USD",2015,5431,"Other pulses n.e.c.","no"
"BRB","Barbados","Caribbean",NA,"Pulses (dried leguminous vegetables)","Gross Production Value (constant 2014-2016 thousand US$)","1000 USD",2016,5613,"Other pulses n.e.c.","no"
"BRB","Barbados","Caribbean",NA,"Pulses (dried leguminous vegetables)","Gross Production Value (constant 2014-2016 thousand US$)","1000 USD",2017,5828,"Other pulses n.e.c.","no"
"BRB","Barbados","Caribbean",NA,"Pulses (dried leguminous vegetables)","Gross Production Value (constant 2014-2016 thousand US$)","1000 USD",2018,5624,"Other pulses n.e.c.","no"
"BRB","Barbados","Caribbean",NA,"Pulses (dried leguminous vegetables)","Gross Production Value (constant 2014-2016 thousand US$)","1000 USD",2019,5442,"Other pulses n.e.c.","no"
"BRB","Barbados","Caribbean",NA,"Pulses (dried leguminous vegetables)","Gross Production Value (constant 2014-2016 thousand US$)","1000 USD",2020,5652,"Other pulses n.e.c.","no"
"BRB","Barbados","Caribbean",NA,"Pulses (dried leguminous vegetables)","Gross Production Value (constant 2014-2016 thousand US$)","1000 USD",2021,5588,"Other pulses n.e.c.","no"
"BRB","Barbados","Caribbean",NA,"Pulses (dried leguminous vegetables)","Gross Production Value (constant 2014-2016 thousand US$)","1000 USD",2022,5602,"Other pulses n.e.c.","no"
"BRB","Barbados","Caribbean",NA,"Pulses (dried leguminous vegetables)","Gross Production Value (constant 2014-2016 thousand US$)","1000 USD",2023,5658,"Other pulses n.e.c.","no"
"BRB","Barbados","Caribbean",NA,"Fruits and nuts","Gross Production Value (constant 2014-2016 thousand I$)","1000 Int$",1992,745,"Other tropical fruits, n.e.c.","no"
"BRB","Barbados","Caribbean",NA,"Fruits and nuts","Gross Production Value (constant 2014-2016 thousand I$)","1000 Int$",1993,745,"Other tropical fruits, n.e.c.","no"
"BRB","Barbados","Caribbean",NA,"Fruits and nuts","Gross Production Value (constant 2014-2016 thousand I$)","1000 Int$",1994,745,"Other tropical fruits, n.e.c.","no"
"BRB","Barbados","Caribbean",NA,"Fruits and nuts","Gross Production Value (constant 2014-2016 thousand I$)","1000 Int$",1995,745,"Other tropical fruits, n.e.c.","no"
"BRB","Barbados","Caribbean",NA,"Fruits and nuts","Gross Production Value (constant 2014-2016 thousand I$)","1000 Int$",1996,745,"Other tropical fruits, n.e.c.","no"
"BRB","Barbados","Caribbean",NA,"Fruits and nuts","Gross Production Value (constant 2014-2016 thousand I$)","1000 Int$",1997,688,"Other tropical fruits, n.e.c.","no"
"BRB","Barbados","Caribbean",NA,"Fruits and nuts","Gross Production Value (constant 2014-2016 thousand I$)","1000 Int$",1998,745,"Other tropical fruits, n.e.c.","no"
"BRB","Barbados","Caribbean",NA,"Fruits and nuts","Gross Production Value (constant 2014-2016 thousand I$)","1000 Int$",1999,745,"Other tropical fruits, n.e.c.","no"
"BRB","Barbados","Caribbean",NA,"Fruits and nuts","Gross Production Value (constant 2014-2016 thousand I$)","1000 Int$",2000,573,"Other tropical fruits, n.e.c.","no"
"BRB","Barbados","Caribbean",NA,"Fruits and nuts","Gross Production Value (constant 2014-2016 thousand I$)","1000 Int$",2001,573,"Other tropical fruits, n.e.c.","no"
"BRB","Barbados","Caribbean",NA,"Fruits and nuts","Gross Production Value (constant 2014-2016 thousand I$)","1000 Int$",2002,631,"Other tropical fruits, n.e.c.","no"
"BRB","Barbados","Caribbean",NA,"Fruits and nuts","Gross Production Value (constant 2014-2016 thousand I$)","1000 Int$",2003,631,"Other tropical fruits, n.e.c.","no"
"BRB","Barbados","Caribbean",NA,"Fruits and nuts","Gross Production Value (constant 2014-2016 thousand I$)","1000 Int$",2004,688,"Other tropical fruits, n.e.c.","no"
"BRB","Barbados","Caribbean",NA,"Fruits and nuts","Gross Production Value (constant 2014-2016 thousand I$)","1000 Int$",2005,688,"Other tropical fruits, n.e.c.","no"
"BRB","Barbados","Caribbean",NA,"Fruits and nuts","Gross Production Value (constant 2014-2016 thousand I$)","1000 Int$",2006,699,"Other tropical fruits, n.e.c.","no"
"BRB","Barbados","Caribbean",NA,"Fruits and nuts","Gross Production Value (constant 2014-2016 thousand I$)","1000 Int$",2007,728,"Other tropical fruits, n.e.c.","no"
"BRB","Barbados","Caribbean",NA,"Fruits and nuts","Gross Production Value (constant 2014-2016 thousand I$)","1000 Int$",2008,745,"Other tropical fruits, n.e.c.","no"
"BRB","Barbados","Caribbean",NA,"Fruits and nuts","Gross Production Value (constant 2014-2016 thousand I$)","1000 Int$",2009,886,"Other tropical fruits, n.e.c.","no"
"BRB","Barbados","Caribbean",NA,"Fruits and nuts","Gross Production Value (constant 2014-2016 thousand I$)","1000 Int$",2010,900,"Other tropical fruits, n.e.c.","no"
"BRB","Barbados","Caribbean",NA,"Fruits and nuts","Gross Production Value (constant 2014-2016 thousand I$)","1000 Int$",2011,931,"Other tropical fruits, n.e.c.","no"
"BRB","Barbados","Caribbean",NA,"Fruits and nuts","Gross Production Value (constant 2014-2016 thousand I$)","1000 Int$",2012,975,"Other tropical fruits, n.e.c.","no"
"BRB","Barbados","Caribbean",NA,"Fruits and nuts","Gross Production Value (constant 2014-2016 thousand I$)","1000 Int$",2013,966,"Other tropical fruits, n.e.c.","no"
"BRB","Barbados","Caribbean",NA,"Fruits and nuts","Gross Production Value (constant 2014-2016 thousand I$)","1000 Int$",2014,975,"Other tropical fruits, n.e.c.","no"
"BRB","Barbados","Caribbean",NA,"Fruits and nuts","Gross Production Value (constant 2014-2016 thousand I$)","1000 Int$",2015,984,"Other tropical fruits, n.e.c.","no"
"BRB","Barbados","Caribbean",NA,"Fruits and nuts","Gross Production Value (constant 2014-2016 thousand I$)","1000 Int$",2016,991,"Other tropical fruits, n.e.c.","no"
"BRB","Barbados","Caribbean",NA,"Fruits and nuts","Gross Production Value (constant 2014-2016 thousand I$)","1000 Int$",2017,1001,"Other tropical fruits, n.e.c.","no"
"BRB","Barbados","Caribbean",NA,"Fruits and nuts","Gross Production Value (constant 2014-2016 thousand I$)","1000 Int$",2018,1008,"Other tropical fruits, n.e.c.","no"
"BRB","Barbados","Caribbean",NA,"Fruits and nuts","Gross Production Value (constant 2014-2016 thousand I$)","1000 Int$",2019,1013,"Other tropical fruits, n.e.c.","no"
"BRB","Barbados","Caribbean",NA,"Fruits and nuts","Gross Production Value (constant 2014-2016 thousand I$)","1000 Int$",2020,1016,"Other tropical fruits, n.e.c.","no"
"BRB","Barbados","Caribbean",NA,"Fruits and nuts","Gross Production Value (constant 2014-2016 thousand I$)","1000 Int$",2021,1021,"Other tropical fruits, n.e.c.","no"
"BRB","Barbados","Caribbean",NA,"Fruits and nuts","Gross Production Value (constant 2014-2016 thousand I$)","1000 Int$",2022,1026,"Other tropical fruits, n.e.c.","no"
"BRB","Barbados","Caribbean",NA,"Fruits and nuts","Gross Production Value (constant 2014-2016 thousand I$)","1000 Int$",2023,1031,"Other tropical fruits, n.e.c.","no"
"BRB","Barbados","Caribbean",NA,"Fruits and nuts","Gross Production Value (constant 2014-2016 thousand US$)","1000 USD",1992,2042,"Other tropical fruits, n.e.c.","no"
"BRB","Barbados","Caribbean",NA,"Fruits and nuts","Gross Production Value (constant 2014-2016 thousand US$)","1000 USD",1993,2042,"Other tropical fruits, n.e.c.","no"
"BRB","Barbados","Caribbean",NA,"Fruits and nuts","Gross Production Value (constant 2014-2016 thousand US$)","1000 USD",1994,2042,"Other tropical fruits, n.e.c.","no"
"BRB","Barbados","Caribbean",NA,"Fruits and nuts","Gross Production Value (constant 2014-2016 thousand US$)","1000 USD",1995,2042,"Other tropical fruits, n.e.c.","no"
"BRB","Barbados","Caribbean",NA,"Fruits and nuts","Gross Production Value (constant 2014-2016 thousand US$)","1000 USD",1996,2042,"Other tropical fruits, n.e.c.","no"
"BRB","Barbados","Caribbean",NA,"Fruits and nuts","Gross Production Value (constant 2014-2016 thousand US$)","1000 USD",1997,1885,"Other tropical fruits, n.e.c.","no"
"BRB","Barbados","Caribbean",NA,"Fruits and nuts","Gross Production Value (constant 2014-2016 thousand US$)","1000 USD",1998,2042,"Other tropical fruits, n.e.c.","no"
"BRB","Barbados","Caribbean",NA,"Fruits and nuts","Gross Production Value (constant 2014-2016 thousand US$)","1000 USD",1999,2042,"Other tropical fruits, n.e.c.","no"
"BRB","Barbados","Caribbean",NA,"Fruits and nuts","Gross Production Value (constant 2014-2016 thousand US$)","1000 USD",2000,1570,"Other tropical fruits, n.e.c.","no"
"BRB","Barbados","Caribbean",NA,"Fruits and nuts","Gross Production Value (constant 2014-2016 thousand US$)","1000 USD",2001,1570,"Other tropical fruits, n.e.c.","no"
"BRB","Barbados","Caribbean",NA,"Fruits and nuts","Gross Production Value (constant 2014-2016 thousand US$)","1000 USD",2002,1727,"Other tropical fruits, n.e.c.","no"
"BRB","Barbados","Caribbean",NA,"Fruits and nuts","Gross Production Value (constant 2014-2016 thousand US$)","1000 USD",2003,1727,"Other tropical fruits, n.e.c.","no"
"BRB","Barbados","Caribbean",NA,"Fruits and nuts","Gross Production Value (constant 2014-2016 thousand US$)","1000 USD",2004,1885,"Other tropical fruits, n.e.c.","no"
"BRB","Barbados","Caribbean",NA,"Fruits and nuts","Gross Production Value (constant 2014-2016 thousand US$)","1000 USD",2005,1885,"Other tropical fruits, n.e.c.","no"
"BRB","Barbados","Caribbean",NA,"Fruits and nuts","Gross Production Value (constant 2014-2016 thousand US$)","1000 USD",2006,1916,"Other tropical fruits, n.e.c.","no"
"BRB","Barbados","Caribbean",NA,"Fruits and nuts","Gross Production Value (constant 2014-2016 thousand US$)","1000 USD",2007,1993,"Other tropical fruits, n.e.c.","no"
"BRB","Barbados","Caribbean",NA,"Fruits and nuts","Gross Production Value (constant 2014-2016 thousand US$)","1000 USD",2008,2042,"Other tropical fruits, n.e.c.","no"
"BRB","Barbados","Caribbean",NA,"Fruits and nuts","Gross Production Value (constant 2014-2016 thousand US$)","1000 USD",2009,2426,"Other tropical fruits, n.e.c.","no"
"BRB","Barbados","Caribbean",NA,"Fruits and nuts","Gross Production Value (constant 2014-2016 thousand US$)","1000 USD",2010,2466,"Other tropical fruits, n.e.c.","no"
"BRB","Barbados","Caribbean",NA,"Fruits and nuts","Gross Production Value (constant 2014-2016 thousand US$)","1000 USD",2011,2551,"Other tropical fruits, n.e.c.","no"
"BRB","Barbados","Caribbean",NA,"Fruits and nuts","Gross Production Value (constant 2014-2016 thousand US$)","1000 USD",2012,2670,"Other tropical fruits, n.e.c.","no"
"BRB","Barbados","Caribbean",NA,"Fruits and nuts","Gross Production Value (constant 2014-2016 thousand US$)","1000 USD",2013,2648,"Other tropical fruits, n.e.c.","no"
"BRB","Barbados","Caribbean",NA,"Fruits and nuts","Gross Production Value (constant 2014-2016 thousand US$)","1000 USD",2014,2670,"Other tropical fruits, n.e.c.","no"
"BRB","Barbados","Caribbean",NA,"Fruits and nuts","Gross Production Value (constant 2014-2016 thousand US$)","1000 USD",2015,2695,"Other tropical fruits, n.e.c.","no"
"BRB","Barbados","Caribbean",NA,"Fruits and nuts","Gross Production Value (constant 2014-2016 thousand US$)","1000 USD",2016,2715,"Other tropical fruits, n.e.c.","no"
"BRB","Barbados","Caribbean",NA,"Fruits and nuts","Gross Production Value (constant 2014-2016 thousand US$)","1000 USD",2017,2743,"Other tropical fruits, n.e.c.","no"
"BRB","Barbados","Caribbean",NA,"Fruits and nuts","Gross Production Value (constant 2014-2016 thousand US$)","1000 USD",2018,2762,"Other tropical fruits, n.e.c.","no"
"BRB","Barbados","Caribbean",NA,"Fruits and nuts","Gross Production Value (constant 2014-2016 thousand US$)","1000 USD",2019,2775,"Other tropical fruits, n.e.c.","no"
"BRB","Barbados","Caribbean",NA,"Fruits and nuts","Gross Production Value (constant 2014-2016 thousand US$)","1000 USD",2020,2782,"Other tropical fruits, n.e.c.","no"
"BRB","Barbados","Caribbean",NA,"Fruits and nuts","Gross Production Value (constant 2014-2016 thousand US$)","1000 USD",2021,2797,"Other tropical fruits, n.e.c.","no"
"BRB","Barbados","Caribbean",NA,"Fruits and nuts","Gross Production Value (constant 2014-2016 thousand US$)","1000 USD",2022,2811,"Other tropical fruits, n.e.c.","no"
"BRB","Barbados","Caribbean",NA,"Fruits and nuts","Gross Production Value (constant 2014-2016 thousand US$)","1000 USD",2023,2824,"Other tropical fruits, n.e.c.","no"
"BRB","Barbados","Caribbean",NA,"Vegetables","Gross Production Value (constant 2014-2016 thousand I$)","1000 Int$",1992,862,"Other vegetables n.e.c.","no"
"BRB","Barbados","Caribbean",NA,"Vegetables","Gross Production Value (constant 2014-2016 thousand I$)","1000 Int$",1993,891,"Other vegetables n.e.c.","no"
"BRB","Barbados","Caribbean",NA,"Vegetables","Gross Production Value (constant 2014-2016 thousand I$)","1000 Int$",1994,891,"Other vegetables n.e.c.","no"
"BRB","Barbados","Caribbean",NA,"Vegetables","Gross Production Value (constant 2014-2016 thousand I$)","1000 Int$",1995,891,"Other vegetables n.e.c.","no"
"BRB","Barbados","Caribbean",NA,"Vegetables","Gross Production Value (constant 2014-2016 thousand I$)","1000 Int$",1996,891,"Other vegetables n.e.c.","no"
"BRB","Barbados","Caribbean",NA,"Vegetables","Gross Production Value (constant 2014-2016 thousand I$)","1000 Int$",1997,891,"Other vegetables n.e.c.","no"
"BRB","Barbados","Caribbean",NA,"Vegetables","Gross Production Value (constant 2014-2016 thousand I$)","1000 Int$",1998,980,"Other vegetables n.e.c.","no"
"BRB","Barbados","Caribbean",NA,"Vegetables","Gross Production Value (constant 2014-2016 thousand I$)","1000 Int$",1999,891,"Other vegetables n.e.c.","no"
"BRB","Barbados","Caribbean",NA,"Vegetables","Gross Production Value (constant 2014-2016 thousand I$)","1000 Int$",2000,921,"Other vegetables n.e.c.","no"
"BRB","Barbados","Caribbean",NA,"Vegetables","Gross Production Value (constant 2014-2016 thousand I$)","1000 Int$",2001,936,"Other vegetables n.e.c.","no"
"BRB","Barbados","Caribbean",NA,"Vegetables","Gross Production Value (constant 2014-2016 thousand I$)","1000 Int$",2002,980,"Other vegetables n.e.c.","no"
"BRB","Barbados","Caribbean",NA,"Vegetables","Gross Production Value (constant 2014-2016 thousand I$)","1000 Int$",2003,1040,"Other vegetables n.e.c.","no"
"BRB","Barbados","Caribbean",NA,"Vegetables","Gross Production Value (constant 2014-2016 thousand I$)","1000 Int$",2004,1099,"Other vegetables n.e.c.","no"
"BRB","Barbados","Caribbean",NA,"Vegetables","Gross Production Value (constant 2014-2016 thousand I$)","1000 Int$",2005,1188,"Other vegetables n.e.c.","no"
"BRB","Barbados","Caribbean",NA,"Vegetables","Gross Production Value (constant 2014-2016 thousand I$)","1000 Int$",2006,1248,"Other vegetables n.e.c.","no"
"BRB","Barbados","Caribbean",NA,"Vegetables","Gross Production Value (constant 2014-2016 thousand I$)","1000 Int$",2007,1248,"Other vegetables n.e.c.","no"
"BRB","Barbados","Caribbean",NA,"Vegetables","Gross Production Value (constant 2014-2016 thousand I$)","1000 Int$",2008,1277,"Other vegetables n.e.c.","no"
"BRB","Barbados","Caribbean",NA,"Vegetables","Gross Production Value (constant 2014-2016 thousand I$)","1000 Int$",2009,1318,"Other vegetables n.e.c.","no"
"BRB","Barbados","Caribbean",NA,"Vegetables","Gross Production Value (constant 2014-2016 thousand I$)","1000 Int$",2010,1351,"Other vegetables n.e.c.","no"
"BRB","Barbados","Caribbean",NA,"Vegetables","Gross Production Value (constant 2014-2016 thousand I$)","1000 Int$",2011,1380,"Other vegetables n.e.c.","no"
"BRB","Barbados","Caribbean",NA,"Vegetables","Gross Production Value (constant 2014-2016 thousand I$)","1000 Int$",2012,1411,"Other vegetables n.e.c.","no"
"BRB","Barbados","Caribbean",NA,"Vegetables","Gross Production Value (constant 2014-2016 thousand I$)","1000 Int$",2013,1417,"Other vegetables n.e.c.","no"
"BRB","Barbados","Caribbean",NA,"Vegetables","Gross Production Value (constant 2014-2016 thousand I$)","1000 Int$",2014,1426,"Other vegetables n.e.c.","no"
"BRB","Barbados","Caribbean",NA,"Vegetables","Gross Production Value (constant 2014-2016 thousand I$)","1000 Int$",2015,1439,"Other vegetables n.e.c.","no"
"BRB","Barbados","Caribbean",NA,"Vegetables","Gross Production Value (constant 2014-2016 thousand I$)","1000 Int$",2016,1451,"Other vegetables n.e.c.","no"
"BRB","Barbados","Caribbean",NA,"Vegetables","Gross Production Value (constant 2014-2016 thousand I$)","1000 Int$",2017,1460,"Other vegetables n.e.c.","no"
"BRB","Barbados","Caribbean",NA,"Vegetables","Gross Production Value (constant 2014-2016 thousand I$)","1000 Int$",2018,1468,"Other vegetables n.e.c.","no"
"BRB","Barbados","Caribbean",NA,"Vegetables","Gross Production Value (constant 2014-2016 thousand I$)","1000 Int$",2019,1475,"Other vegetables n.e.c.","no"
"BRB","Barbados","Caribbean",NA,"Vegetables","Gross Production Value (constant 2014-2016 thousand I$)","1000 Int$",2020,1509,"Other vegetables n.e.c.","no"
"BRB","Barbados","Caribbean",NA,"Vegetables","Gross Production Value (constant 2014-2016 thousand I$)","1000 Int$",2021,1515,"Other vegetables n.e.c.","no"
"BRB","Barbados","Caribbean",NA,"Vegetables","Gross Production Value (constant 2014-2016 thousand I$)","1000 Int$",2022,1527,"Other vegetables n.e.c.","no"
"BRB","Barbados","Caribbean",NA,"Vegetables","Gross Production Value (constant 2014-2016 thousand I$)","1000 Int$",2023,1517,"Other vegetables n.e.c.","no"
"BRB","Barbados","Caribbean",NA,"Vegetables","Gross Production Value (constant 2014-2016 thousand US$)","1000 USD",1992,8454,"Other vegetables n.e.c.","no"
"BRB","Barbados","Caribbean",NA,"Vegetables","Gross Production Value (constant 2014-2016 thousand US$)","1000 USD",1993,8746,"Other vegetables n.e.c.","no"
"BRB","Barbados","Caribbean",NA,"Vegetables","Gross Production Value (constant 2014-2016 thousand US$)","1000 USD",1994,8746,"Other vegetables n.e.c.","no"
"BRB","Barbados","Caribbean",NA,"Vegetables","Gross Production Value (constant 2014-2016 thousand US$)","1000 USD",1995,8746,"Other vegetables n.e.c.","no"
"BRB","Barbados","Caribbean",NA,"Vegetables","Gross Production Value (constant 2014-2016 thousand US$)","1000 USD",1996,8746,"Other vegetables n.e.c.","no"
"BRB","Barbados","Caribbean",NA,"Vegetables","Gross Production Value (constant 2014-2016 thousand US$)","1000 USD",1997,8746,"Other vegetables n.e.c.","no"
"BRB","Barbados","Caribbean",NA,"Vegetables","Gross Production Value (constant 2014-2016 thousand US$)","1000 USD",1998,9620,"Other vegetables n.e.c.","no"
"BRB","Barbados","Caribbean",NA,"Vegetables","Gross Production Value (constant 2014-2016 thousand US$)","1000 USD",1999,8746,"Other vegetables n.e.c.","no"
"BRB","Barbados","Caribbean",NA,"Vegetables","Gross Production Value (constant 2014-2016 thousand US$)","1000 USD",2000,9037,"Other vegetables n.e.c.","no"
"BRB","Barbados","Caribbean",NA,"Vegetables","Gross Production Value (constant 2014-2016 thousand US$)","1000 USD",2001,9183,"Other vegetables n.e.c.","no"
"BRB","Barbados","Caribbean",NA,"Vegetables","Gross Production Value (constant 2014-2016 thousand US$)","1000 USD",2002,9620,"Other vegetables n.e.c.","no"
"BRB","Barbados","Caribbean",NA,"Vegetables","Gross Production Value (constant 2014-2016 thousand US$)","1000 USD",2003,10203,"Other vegetables n.e.c.","no"
"BRB","Barbados","Caribbean",NA,"Vegetables","Gross Production Value (constant 2014-2016 thousand US$)","1000 USD",2004,10786,"Other vegetables n.e.c.","no"
"BRB","Barbados","Caribbean",NA,"Vegetables","Gross Production Value (constant 2014-2016 thousand US$)","1000 USD",2005,11661,"Other vegetables n.e.c.","no"
"BRB","Barbados","Caribbean",NA,"Vegetables","Gross Production Value (constant 2014-2016 thousand US$)","1000 USD",2006,12244,"Other vegetables n.e.c.","no"
"BRB","Barbados","Caribbean",NA,"Vegetables","Gross Production Value (constant 2014-2016 thousand US$)","1000 USD",2007,12244,"Other vegetables n.e.c.","no"
"BRB","Barbados","Caribbean",NA,"Vegetables","Gross Production Value (constant 2014-2016 thousand US$)","1000 USD",2008,12536,"Other vegetables n.e.c.","no"
"BRB","Barbados","Caribbean",NA,"Vegetables","Gross Production Value (constant 2014-2016 thousand US$)","1000 USD",2009,12936,"Other vegetables n.e.c.","no"
"BRB","Barbados","Caribbean",NA,"Vegetables","Gross Production Value (constant 2014-2016 thousand US$)","1000 USD",2010,13259,"Other vegetables n.e.c.","no"
"BRB","Barbados","Caribbean",NA,"Vegetables","Gross Production Value (constant 2014-2016 thousand US$)","1000 USD",2011,13537,"Other vegetables n.e.c.","no"
"BRB","Barbados","Caribbean",NA,"Vegetables","Gross Production Value (constant 2014-2016 thousand US$)","1000 USD",2012,13847,"Other vegetables n.e.c.","no"
"BRB","Barbados","Caribbean",NA,"Vegetables","Gross Production Value (constant 2014-2016 thousand US$)","1000 USD",2013,13902,"Other vegetables n.e.c.","no"
"BRB","Barbados","Caribbean",NA,"Vegetables","Gross Production Value (constant 2014-2016 thousand US$)","1000 USD",2014,13993,"Other vegetables n.e.c.","no"
"BRB","Barbados","Caribbean",NA,"Vegetables","Gross Production Value (constant 2014-2016 thousand US$)","1000 USD",2015,14121,"Other vegetables n.e.c.","no"
"BRB","Barbados","Caribbean",NA,"Vegetables","Gross Production Value (constant 2014-2016 thousand US$)","1000 USD",2016,14237,"Other vegetables n.e.c.","no"
"BRB","Barbados","Caribbean",NA,"Vegetables","Gross Production Value (constant 2014-2016 thousand US$)","1000 USD",2017,14325,"Other vegetables n.e.c.","no"
"BRB","Barbados","Caribbean",NA,"Vegetables","Gross Production Value (constant 2014-2016 thousand US$)","1000 USD",2018,14404,"Other vegetables n.e.c.","no"
"BRB","Barbados","Caribbean",NA,"Vegetables","Gross Production Value (constant 2014-2016 thousand US$)","1000 USD",2019,14472,"Other vegetables n.e.c.","no"
"BRB","Barbados","Caribbean",NA,"Vegetables","Gross Production Value (constant 2014-2016 thousand US$)","1000 USD",2020,14804,"Other vegetables n.e.c.","no"
"BRB","Barbados","Caribbean",NA,"Vegetables","Gross Production Value (constant 2014-2016 thousand US$)","1000 USD",2021,14869,"Other vegetables n.e.c.","no"
"BRB","Barbados","Caribbean",NA,"Vegetables","Gross Production Value (constant 2014-2016 thousand US$)","1000 USD",2022,14984,"Other vegetables n.e.c.","no"
"BRB","Barbados","Caribbean",NA,"Vegetables","Gross Production Value (constant 2014-2016 thousand US$)","1000 USD",2023,14886,"Other vegetables n.e.c.","no"
"BRB","Barbados","Caribbean",NA,"Fruits and nuts","Gross Production Value (constant 2014-2016 thousand I$)","1000 Int$",1992,0,"Plantains and cooking bananas","no"
"BRB","Barbados","Caribbean",NA,"Fruits and nuts","Gross Production Value (constant 2014-2016 thousand I$)","1000 Int$",1993,0,"Plantains and cooking bananas","no"
"BRB","Barbados","Caribbean",NA,"Fruits and nuts","Gross Production Value (constant 2014-2016 thousand I$)","1000 Int$",1994,0,"Plantains and cooking bananas","no"
"BRB","Barbados","Caribbean",NA,"Fruits and nuts","Gross Production Value (constant 2014-2016 thousand I$)","1000 Int$",1995,0,"Plantains and cooking bananas","no"
"BRB","Barbados","Caribbean",NA,"Fruits and nuts","Gross Production Value (constant 2014-2016 thousand I$)","1000 Int$",1996,0,"Plantains and cooking bananas","no"
"BRB","Barbados","Caribbean",NA,"Fruits and nuts","Gross Production Value (constant 2014-2016 thousand I$)","1000 Int$",1997,0,"Plantains and cooking bananas","no"
"BRB","Barbados","Caribbean",NA,"Fruits and nuts","Gross Production Value (constant 2014-2016 thousand I$)","1000 Int$",1998,0,"Plantains and cooking bananas","no"
"BRB","Barbados","Caribbean",NA,"Fruits and nuts","Gross Production Value (constant 2014-2016 thousand I$)","1000 Int$",1999,0,"Plantains and cooking bananas","no"
"BRB","Barbados","Caribbean",NA,"Fruits and nuts","Gross Production Value (constant 2014-2016 thousand I$)","1000 Int$",2000,0,"Plantains and cooking bananas","no"
"BRB","Barbados","Caribbean",NA,"Fruits and nuts","Gross Production Value (constant 2014-2016 thousand I$)","1000 Int$",2001,0,"Plantains and cooking bananas","no"
"BRB","Barbados","Caribbean",NA,"Fruits and nuts","Gross Production Value (constant 2014-2016 thousand I$)","1000 Int$",2002,0,"Plantains and cooking bananas","no"
"BRB","Barbados","Caribbean",NA,"Fruits and nuts","Gross Production Value (constant 2014-2016 thousand I$)","1000 Int$",2003,0,"Plantains and cooking bananas","no"
"BRB","Barbados","Caribbean",NA,"Fruits and nuts","Gross Production Value (constant 2014-2016 thousand I$)","1000 Int$",2004,0,"Plantains and cooking bananas","no"
"BRB","Barbados","Caribbean",NA,"Fruits and nuts","Gross Production Value (constant 2014-2016 thousand I$)","1000 Int$",2005,0,"Plantains and cooking bananas","no"
"BRB","Barbados","Caribbean",NA,"Fruits and nuts","Gross Production Value (constant 2014-2016 thousand I$)","1000 Int$",2006,0,"Plantains and cooking bananas","no"
"BRB","Barbados","Caribbean",NA,"Fruits and nuts","Gross Production Value (constant 2014-2016 thousand I$)","1000 Int$",2007,0,"Plantains and cooking bananas","no"
"BRB","Barbados","Caribbean",NA,"Fruits and nuts","Gross Production Value (constant 2014-2016 thousand I$)","1000 Int$",2008,0,"Plantains and cooking bananas","no"
"BRB","Barbados","Caribbean",NA,"Fruits and nuts","Gross Production Value (constant 2014-2016 thousand I$)","1000 Int$",2009,0,"Plantains and cooking bananas","no"
"BRB","Barbados","Caribbean",NA,"Fruits and nuts","Gross Production Value (constant 2014-2016 thousand I$)","1000 Int$",2010,0,"Plantains and cooking bananas","no"
"BRB","Barbados","Caribbean",NA,"Fruits and nuts","Gross Production Value (constant 2014-2016 thousand I$)","1000 Int$",2011,0,"Plantains and cooking bananas","no"
"BRB","Barbados","Caribbean",NA,"Fruits and nuts","Gross Production Value (constant 2014-2016 thousand I$)","1000 Int$",2012,0,"Plantains and cooking bananas","no"
"BRB","Barbados","Caribbean",NA,"Fruits and nuts","Gross Production Value (constant 2014-2016 thousand I$)","1000 Int$",2013,0,"Plantains and cooking bananas","no"
"BRB","Barbados","Caribbean",NA,"Fruits and nuts","Gross Production Value (constant 2014-2016 thousand I$)","1000 Int$",2014,0,"Plantains and cooking bananas","no"
"BRB","Barbados","Caribbean",NA,"Fruits and nuts","Gross Production Value (constant 2014-2016 thousand I$)","1000 Int$",2015,0,"Plantains and cooking bananas","no"
"BRB","Barbados","Caribbean",NA,"Fruits and nuts","Gross Production Value (constant 2014-2016 thousand I$)","1000 Int$",2016,0,"Plantains and cooking bananas","no"
"BRB","Barbados","Caribbean",NA,"Fruits and nuts","Gross Production Value (constant 2014-2016 thousand I$)","1000 Int$",2017,0,"Plantains and cooking bananas","no"
"BRB","Barbados","Caribbean",NA,"Fruits and nuts","Gross Production Value (constant 2014-2016 thousand I$)","1000 Int$",2018,0,"Plantains and cooking bananas","no"
"BRB","Barbados","Caribbean",NA,"Fruits and nuts","Gross Production Value (constant 2014-2016 thousand I$)","1000 Int$",2019,13,"Plantains and cooking bananas","no"
"BRB","Barbados","Caribbean",NA,"Fruits and nuts","Gross Production Value (constant 2014-2016 thousand I$)","1000 Int$",2020,93,"Plantains and cooking bananas","no"
"BRB","Barbados","Caribbean",NA,"Fruits and nuts","Gross Production Value (constant 2014-2016 thousand I$)","1000 Int$",2021,262,"Plantains and cooking bananas","no"
"BRB","Barbados","Caribbean",NA,"Fruits and nuts","Gross Production Value (constant 2014-2016 thousand I$)","1000 Int$",2022,100,"Plantains and cooking bananas","no"
"BRB","Barbados","Caribbean",NA,"Fruits and nuts","Gross Production Value (constant 2014-2016 thousand I$)","1000 Int$",2023,145,"Plantains and cooking bananas","no"
"BRB","Barbados","Caribbean",NA,"Fruits and nuts","Gross Production Value (constant 2014-2016 thousand US$)","1000 USD",1992,0,"Plantains and cooking bananas","no"
"BRB","Barbados","Caribbean",NA,"Fruits and nuts","Gross Production Value (constant 2014-2016 thousand US$)","1000 USD",1993,0,"Plantains and cooking bananas","no"
"BRB","Barbados","Caribbean",NA,"Fruits and nuts","Gross Production Value (constant 2014-2016 thousand US$)","1000 USD",1994,0,"Plantains and cooking bananas","no"
"BRB","Barbados","Caribbean",NA,"Fruits and nuts","Gross Production Value (constant 2014-2016 thousand US$)","1000 USD",1995,0,"Plantains and cooking bananas","no"
"BRB","Barbados","Caribbean",NA,"Fruits and nuts","Gross Production Value (constant 2014-2016 thousand US$)","1000 USD",1996,0,"Plantains and cooking bananas","no"
"BRB","Barbados","Caribbean",NA,"Fruits and nuts","Gross Production Value (constant 2014-2016 thousand US$)","1000 USD",1997,0,"Plantains and cooking bananas","no"
"BRB","Barbados","Caribbean",NA,"Fruits and nuts","Gross Production Value (constant 2014-2016 thousand US$)","1000 USD",1998,0,"Plantains and cooking bananas","no"
"BRB","Barbados","Caribbean",NA,"Fruits and nuts","Gross Production Value (constant 2014-2016 thousand US$)","1000 USD",1999,0,"Plantains and cooking bananas","no"
"BRB","Barbados","Caribbean",NA,"Fruits and nuts","Gross Production Value (constant 2014-2016 thousand US$)","1000 USD",2000,0,"Plantains and cooking bananas","no"
"BRB","Barbados","Caribbean",NA,"Fruits and nuts","Gross Production Value (constant 2014-2016 thousand US$)","1000 USD",2001,0,"Plantains and cooking bananas","no"
"BRB","Barbados","Caribbean",NA,"Fruits and nuts","Gross Production Value (constant 2014-2016 thousand US$)","1000 USD",2002,0,"Plantains and cooking bananas","no"
"BRB","Barbados","Caribbean",NA,"Fruits and nuts","Gross Production Value (constant 2014-2016 thousand US$)","1000 USD",2003,0,"Plantains and cooking bananas","no"
"BRB","Barbados","Caribbean",NA,"Fruits and nuts","Gross Production Value (constant 2014-2016 thousand US$)","1000 USD",2004,0,"Plantains and cooking bananas","no"
"BRB","Barbados","Caribbean",NA,"Fruits and nuts","Gross Production Value (constant 2014-2016 thousand US$)","1000 USD",2005,0,"Plantains and cooking bananas","no"
"BRB","Barbados","Caribbean",NA,"Fruits and nuts","Gross Production Value (constant 2014-2016 thousand US$)","1000 USD",2006,0,"Plantains and cooking bananas","no"
"BRB","Barbados","Caribbean",NA,"Fruits and nuts","Gross Production Value (constant 2014-2016 thousand US$)","1000 USD",2007,0,"Plantains and cooking bananas","no"
"BRB","Barbados","Caribbean",NA,"Fruits and nuts","Gross Production Value (constant 2014-2016 thousand US$)","1000 USD",2008,0,"Plantains and cooking bananas","no"
"BRB","Barbados","Caribbean",NA,"Fruits and nuts","Gross Production Value (constant 2014-2016 thousand US$)","1000 USD",2009,0,"Plantains and cooking bananas","no"
"BRB","Barbados","Caribbean",NA,"Fruits and nuts","Gross Production Value (constant 2014-2016 thousand US$)","1000 USD",2010,0,"Plantains and cooking bananas","no"
"BRB","Barbados","Caribbean",NA,"Fruits and nuts","Gross Production Value (constant 2014-2016 thousand US$)","1000 USD",2011,0,"Plantains and cooking bananas","no"
"BRB","Barbados","Caribbean",NA,"Fruits and nuts","Gross Production Value (constant 2014-2016 thousand US$)","1000 USD",2012,0,"Plantains and cooking bananas","no"
"BRB","Barbados","Caribbean",NA,"Fruits and nuts","Gross Production Value (constant 2014-2016 thousand US$)","1000 USD",2013,0,"Plantains and cooking bananas","no"
"BRB","Barbados","Caribbean",NA,"Fruits and nuts","Gross Production Value (constant 2014-2016 thousand US$)","1000 USD",2014,0,"Plantains and cooking bananas","no"
"BRB","Barbados","Caribbean",NA,"Fruits and nuts","Gross Production Value (constant 2014-2016 thousand US$)","1000 USD",2015,0,"Plantains and cooking bananas","no"
"BRB","Barbados","Caribbean",NA,"Fruits and nuts","Gross Production Value (constant 2014-2016 thousand US$)","1000 USD",2016,0,"Plantains and cooking bananas","no"
"BRB","Barbados","Caribbean",NA,"Fruits and nuts","Gross Production Value (constant 2014-2016 thousand US$)","1000 USD",2017,0,"Plantains and cooking bananas","no"
"BRB","Barbados","Caribbean",NA,"Fruits and nuts","Gross Production Value (constant 2014-2016 thousand US$)","1000 USD",2018,0,"Plantains and cooking bananas","no"
"BRB","Barbados","Caribbean",NA,"Fruits and nuts","Gross Production Value (constant 2014-2016 thousand US$)","1000 USD",2019,64,"Plantains and cooking bananas","no"
"BRB","Barbados","Caribbean",NA,"Fruits and nuts","Gross Production Value (constant 2014-2016 thousand US$)","1000 USD",2020,456,"Plantains and cooking bananas","no"
"BRB","Barbados","Caribbean",NA,"Fruits and nuts","Gross Production Value (constant 2014-2016 thousand US$)","1000 USD",2021,1277,"Plantains and cooking bananas","no"
"BRB","Barbados","Caribbean",NA,"Fruits and nuts","Gross Production Value (constant 2014-2016 thousand US$)","1000 USD",2022,487,"Plantains and cooking bananas","no"
"BRB","Barbados","Caribbean",NA,"Fruits and nuts","Gross Production Value (constant 2014-2016 thousand US$)","1000 USD",2023,710,"Plantains and cooking bananas","no"
"BRB","Barbados","Caribbean",NA,"Vegetables","Gross Production Value (constant 2014-2016 thousand I$)","1000 Int$",1992,40,"Pumpkins, squash and gourds","no"
"BRB","Barbados","Caribbean",NA,"Vegetables","Gross Production Value (constant 2014-2016 thousand I$)","1000 Int$",1993,131,"Pumpkins, squash and gourds","no"
"BRB","Barbados","Caribbean",NA,"Vegetables","Gross Production Value (constant 2014-2016 thousand I$)","1000 Int$",1994,171,"Pumpkins, squash and gourds","no"
"BRB","Barbados","Caribbean",NA,"Vegetables","Gross Production Value (constant 2014-2016 thousand I$)","1000 Int$",1995,310,"Pumpkins, squash and gourds","no"
"BRB","Barbados","Caribbean",NA,"Vegetables","Gross Production Value (constant 2014-2016 thousand I$)","1000 Int$",1996,230,"Pumpkins, squash and gourds","no"
"BRB","Barbados","Caribbean",NA,"Vegetables","Gross Production Value (constant 2014-2016 thousand I$)","1000 Int$",1997,215,"Pumpkins, squash and gourds","no"
"BRB","Barbados","Caribbean",NA,"Vegetables","Gross Production Value (constant 2014-2016 thousand I$)","1000 Int$",1998,201,"Pumpkins, squash and gourds","no"
"BRB","Barbados","Caribbean",NA,"Vegetables","Gross Production Value (constant 2014-2016 thousand I$)","1000 Int$",1999,100,"Pumpkins, squash and gourds","no"
"BRB","Barbados","Caribbean",NA,"Vegetables","Gross Production Value (constant 2014-2016 thousand I$)","1000 Int$",2000,115,"Pumpkins, squash and gourds","no"
"BRB","Barbados","Caribbean",NA,"Vegetables","Gross Production Value (constant 2014-2016 thousand I$)","1000 Int$",2001,129,"Pumpkins, squash and gourds","no"
"BRB","Barbados","Caribbean",NA,"Vegetables","Gross Production Value (constant 2014-2016 thousand I$)","1000 Int$",2002,76,"Pumpkins, squash and gourds","no"
"BRB","Barbados","Caribbean",NA,"Vegetables","Gross Production Value (constant 2014-2016 thousand I$)","1000 Int$",2003,128,"Pumpkins, squash and gourds","no"
"BRB","Barbados","Caribbean",NA,"Vegetables","Gross Production Value (constant 2014-2016 thousand I$)","1000 Int$",2004,84,"Pumpkins, squash and gourds","no"
"BRB","Barbados","Caribbean",NA,"Vegetables","Gross Production Value (constant 2014-2016 thousand I$)","1000 Int$",2005,59,"Pumpkins, squash and gourds","no"
"BRB","Barbados","Caribbean",NA,"Vegetables","Gross Production Value (constant 2014-2016 thousand I$)","1000 Int$",2006,35,"Pumpkins, squash and gourds","no"
"BRB","Barbados","Caribbean",NA,"Vegetables","Gross Production Value (constant 2014-2016 thousand I$)","1000 Int$",2007,46,"Pumpkins, squash and gourds","no"
"BRB","Barbados","Caribbean",NA,"Vegetables","Gross Production Value (constant 2014-2016 thousand I$)","1000 Int$",2008,71,"Pumpkins, squash and gourds","no"
"BRB","Barbados","Caribbean",NA,"Vegetables","Gross Production Value (constant 2014-2016 thousand I$)","1000 Int$",2009,55,"Pumpkins, squash and gourds","no"
"BRB","Barbados","Caribbean",NA,"Vegetables","Gross Production Value (constant 2014-2016 thousand I$)","1000 Int$",2010,52,"Pumpkins, squash and gourds","no"
"BRB","Barbados","Caribbean",NA,"Vegetables","Gross Production Value (constant 2014-2016 thousand I$)","1000 Int$",2011,48,"Pumpkins, squash and gourds","no"
"BRB","Barbados","Caribbean",NA,"Vegetables","Gross Production Value (constant 2014-2016 thousand I$)","1000 Int$",2012,54,"Pumpkins, squash and gourds","no"
"BRB","Barbados","Caribbean",NA,"Vegetables","Gross Production Value (constant 2014-2016 thousand I$)","1000 Int$",2013,153,"Pumpkins, squash and gourds","no"
"BRB","Barbados","Caribbean",NA,"Vegetables","Gross Production Value (constant 2014-2016 thousand I$)","1000 Int$",2014,146,"Pumpkins, squash and gourds","no"
"BRB","Barbados","Caribbean",NA,"Vegetables","Gross Production Value (constant 2014-2016 thousand I$)","1000 Int$",2015,88,"Pumpkins, squash and gourds","no"
"BRB","Barbados","Caribbean",NA,"Vegetables","Gross Production Value (constant 2014-2016 thousand I$)","1000 Int$",2016,144,"Pumpkins, squash and gourds","no"
"BRB","Barbados","Caribbean",NA,"Vegetables","Gross Production Value (constant 2014-2016 thousand I$)","1000 Int$",2017,120,"Pumpkins, squash and gourds","no"
"BRB","Barbados","Caribbean",NA,"Vegetables","Gross Production Value (constant 2014-2016 thousand I$)","1000 Int$",2018,227,"Pumpkins, squash and gourds","no"
"BRB","Barbados","Caribbean",NA,"Vegetables","Gross Production Value (constant 2014-2016 thousand I$)","1000 Int$",2019,202,"Pumpkins, squash and gourds","no"
"BRB","Barbados","Caribbean",NA,"Vegetables","Gross Production Value (constant 2014-2016 thousand I$)","1000 Int$",2020,178,"Pumpkins, squash and gourds","no"
"BRB","Barbados","Caribbean",NA,"Vegetables","Gross Production Value (constant 2014-2016 thousand I$)","1000 Int$",2021,130,"Pumpkins, squash and gourds","no"
"BRB","Barbados","Caribbean",NA,"Vegetables","Gross Production Value (constant 2014-2016 thousand I$)","1000 Int$",2022,145,"Pumpkins, squash and gourds","no"
"BRB","Barbados","Caribbean",NA,"Vegetables","Gross Production Value (constant 2014-2016 thousand I$)","1000 Int$",2023,134,"Pumpkins, squash and gourds","no"
"BRB","Barbados","Caribbean",NA,"Vegetables","Gross Production Value (constant 2014-2016 thousand US$)","1000 USD",1992,194,"Pumpkins, squash and gourds","no"
"BRB","Barbados","Caribbean",NA,"Vegetables","Gross Production Value (constant 2014-2016 thousand US$)","1000 USD",1993,631,"Pumpkins, squash and gourds","no"
"BRB","Barbados","Caribbean",NA,"Vegetables","Gross Production Value (constant 2014-2016 thousand US$)","1000 USD",1994,822,"Pumpkins, squash and gourds","no"
"BRB","Barbados","Caribbean",NA,"Vegetables","Gross Production Value (constant 2014-2016 thousand US$)","1000 USD",1995,1489,"Pumpkins, squash and gourds","no"
"BRB","Barbados","Caribbean",NA,"Vegetables","Gross Production Value (constant 2014-2016 thousand US$)","1000 USD",1996,1103,"Pumpkins, squash and gourds","no"
"BRB","Barbados","Caribbean",NA,"Vegetables","Gross Production Value (constant 2014-2016 thousand US$)","1000 USD",1997,1034,"Pumpkins, squash and gourds","no"
"BRB","Barbados","Caribbean",NA,"Vegetables","Gross Production Value (constant 2014-2016 thousand US$)","1000 USD",1998,965,"Pumpkins, squash and gourds","no"
"BRB","Barbados","Caribbean",NA,"Vegetables","Gross Production Value (constant 2014-2016 thousand US$)","1000 USD",1999,482,"Pumpkins, squash and gourds","no"
"BRB","Barbados","Caribbean",NA,"Vegetables","Gross Production Value (constant 2014-2016 thousand US$)","1000 USD",2000,551,"Pumpkins, squash and gourds","no"
"BRB","Barbados","Caribbean",NA,"Vegetables","Gross Production Value (constant 2014-2016 thousand US$)","1000 USD",2001,620,"Pumpkins, squash and gourds","no"
"BRB","Barbados","Caribbean",NA,"Vegetables","Gross Production Value (constant 2014-2016 thousand US$)","1000 USD",2002,365,"Pumpkins, squash and gourds","no"
"BRB","Barbados","Caribbean",NA,"Vegetables","Gross Production Value (constant 2014-2016 thousand US$)","1000 USD",2003,615,"Pumpkins, squash and gourds","no"
"BRB","Barbados","Caribbean",NA,"Vegetables","Gross Production Value (constant 2014-2016 thousand US$)","1000 USD",2004,401,"Pumpkins, squash and gourds","no"
"BRB","Barbados","Caribbean",NA,"Vegetables","Gross Production Value (constant 2014-2016 thousand US$)","1000 USD",2005,281,"Pumpkins, squash and gourds","no"
"BRB","Barbados","Caribbean",NA,"Vegetables","Gross Production Value (constant 2014-2016 thousand US$)","1000 USD",2006,167,"Pumpkins, squash and gourds","no"
"BRB","Barbados","Caribbean",NA,"Vegetables","Gross Production Value (constant 2014-2016 thousand US$)","1000 USD",2007,221,"Pumpkins, squash and gourds","no"
"BRB","Barbados","Caribbean",NA,"Vegetables","Gross Production Value (constant 2014-2016 thousand US$)","1000 USD",2008,343,"Pumpkins, squash and gourds","no"
"BRB","Barbados","Caribbean",NA,"Vegetables","Gross Production Value (constant 2014-2016 thousand US$)","1000 USD",2009,263,"Pumpkins, squash and gourds","no"
"BRB","Barbados","Caribbean",NA,"Vegetables","Gross Production Value (constant 2014-2016 thousand US$)","1000 USD",2010,248,"Pumpkins, squash and gourds","no"
"BRB","Barbados","Caribbean",NA,"Vegetables","Gross Production Value (constant 2014-2016 thousand US$)","1000 USD",2011,229,"Pumpkins, squash and gourds","no"
"BRB","Barbados","Caribbean",NA,"Vegetables","Gross Production Value (constant 2014-2016 thousand US$)","1000 USD",2012,259,"Pumpkins, squash and gourds","no"
"BRB","Barbados","Caribbean",NA,"Vegetables","Gross Production Value (constant 2014-2016 thousand US$)","1000 USD",2013,735,"Pumpkins, squash and gourds","no"
"BRB","Barbados","Caribbean",NA,"Vegetables","Gross Production Value (constant 2014-2016 thousand US$)","1000 USD",2014,700,"Pumpkins, squash and gourds","no"
"BRB","Barbados","Caribbean",NA,"Vegetables","Gross Production Value (constant 2014-2016 thousand US$)","1000 USD",2015,425,"Pumpkins, squash and gourds","no"
"BRB","Barbados","Caribbean",NA,"Vegetables","Gross Production Value (constant 2014-2016 thousand US$)","1000 USD",2016,690,"Pumpkins, squash and gourds","no"
"BRB","Barbados","Caribbean",NA,"Vegetables","Gross Production Value (constant 2014-2016 thousand US$)","1000 USD",2017,576,"Pumpkins, squash and gourds","no"
"BRB","Barbados","Caribbean",NA,"Vegetables","Gross Production Value (constant 2014-2016 thousand US$)","1000 USD",2018,1091,"Pumpkins, squash and gourds","no"
"BRB","Barbados","Caribbean",NA,"Vegetables","Gross Production Value (constant 2014-2016 thousand US$)","1000 USD",2019,969,"Pumpkins, squash and gourds","no"
"BRB","Barbados","Caribbean",NA,"Vegetables","Gross Production Value (constant 2014-2016 thousand US$)","1000 USD",2020,855,"Pumpkins, squash and gourds","no"
"BRB","Barbados","Caribbean",NA,"Vegetables","Gross Production Value (constant 2014-2016 thousand US$)","1000 USD",2021,625,"Pumpkins, squash and gourds","no"
"BRB","Barbados","Caribbean",NA,"Vegetables","Gross Production Value (constant 2014-2016 thousand US$)","1000 USD",2022,696,"Pumpkins, squash and gourds","no"
"BRB","Barbados","Caribbean",NA,"Vegetables","Gross Production Value (constant 2014-2016 thousand US$)","1000 USD",2023,646,"Pumpkins, squash and gourds","no"
"BRB","Barbados","Caribbean",NA,"Raw milk","Gross Production Value (constant 2014-2016 thousand I$)","1000 Int$",1992,3602,"Raw milk of cattle","no"
"BRB","Barbados","Caribbean",NA,"Raw milk","Gross Production Value (constant 2014-2016 thousand I$)","1000 Int$",1993,3191,"Raw milk of cattle","no"
"BRB","Barbados","Caribbean",NA,"Raw milk","Gross Production Value (constant 2014-2016 thousand I$)","1000 Int$",1994,3037,"Raw milk of cattle","no"
"BRB","Barbados","Caribbean",NA,"Raw milk","Gross Production Value (constant 2014-2016 thousand I$)","1000 Int$",1995,3275,"Raw milk of cattle","no"
"BRB","Barbados","Caribbean",NA,"Raw milk","Gross Production Value (constant 2014-2016 thousand I$)","1000 Int$",1996,3475,"Raw milk of cattle","no"
"BRB","Barbados","Caribbean",NA,"Raw milk","Gross Production Value (constant 2014-2016 thousand I$)","1000 Int$",1997,3550,"Raw milk of cattle","no"
"BRB","Barbados","Caribbean",NA,"Raw milk","Gross Production Value (constant 2014-2016 thousand I$)","1000 Int$",1998,3787,"Raw milk of cattle","no"
"BRB","Barbados","Caribbean",NA,"Raw milk","Gross Production Value (constant 2014-2016 thousand I$)","1000 Int$",1999,3371,"Raw milk of cattle","no"
"BRB","Barbados","Caribbean",NA,"Raw milk","Gross Production Value (constant 2014-2016 thousand I$)","1000 Int$",2000,3300,"Raw milk of cattle","no"
"BRB","Barbados","Caribbean",NA,"Raw milk","Gross Production Value (constant 2014-2016 thousand I$)","1000 Int$",2001,3387,"Raw milk of cattle","no"
"BRB","Barbados","Caribbean",NA,"Raw milk","Gross Production Value (constant 2014-2016 thousand I$)","1000 Int$",2002,3091,"Raw milk of cattle","no"
"BRB","Barbados","Caribbean",NA,"Raw milk","Gross Production Value (constant 2014-2016 thousand I$)","1000 Int$",2003,2921,"Raw milk of cattle","no"
"BRB","Barbados","Caribbean",NA,"Raw milk","Gross Production Value (constant 2014-2016 thousand I$)","1000 Int$",2004,2755,"Raw milk of cattle","no"
"BRB","Barbados","Caribbean",NA,"Raw milk","Gross Production Value (constant 2014-2016 thousand I$)","1000 Int$",2005,2603,"Raw milk of cattle","no"
"BRB","Barbados","Caribbean",NA,"Raw milk","Gross Production Value (constant 2014-2016 thousand I$)","1000 Int$",2006,2318,"Raw milk of cattle","no"
"BRB","Barbados","Caribbean",NA,"Raw milk","Gross Production Value (constant 2014-2016 thousand I$)","1000 Int$",2007,2814,"Raw milk of cattle","no"
"BRB","Barbados","Caribbean",NA,"Raw milk","Gross Production Value (constant 2014-2016 thousand I$)","1000 Int$",2008,2786,"Raw milk of cattle","no"
"BRB","Barbados","Caribbean",NA,"Raw milk","Gross Production Value (constant 2014-2016 thousand I$)","1000 Int$",2009,2919,"Raw milk of cattle","no"
"BRB","Barbados","Caribbean",NA,"Raw milk","Gross Production Value (constant 2014-2016 thousand I$)","1000 Int$",2010,2789,"Raw milk of cattle","no"
"BRB","Barbados","Caribbean",NA,"Raw milk","Gross Production Value (constant 2014-2016 thousand I$)","1000 Int$",2011,2418,"Raw milk of cattle","no"
"BRB","Barbados","Caribbean",NA,"Raw milk","Gross Production Value (constant 2014-2016 thousand I$)","1000 Int$",2012,2558,"Raw milk of cattle","no"
"BRB","Barbados","Caribbean",NA,"Raw milk","Gross Production Value (constant 2014-2016 thousand I$)","1000 Int$",2013,2115,"Raw milk of cattle","no"
"BRB","Barbados","Caribbean",NA,"Raw milk","Gross Production Value (constant 2014-2016 thousand I$)","1000 Int$",2014,2067,"Raw milk of cattle","no"
"BRB","Barbados","Caribbean",NA,"Raw milk","Gross Production Value (constant 2014-2016 thousand I$)","1000 Int$",2015,2175,"Raw milk of cattle","no"
"BRB","Barbados","Caribbean",NA,"Raw milk","Gross Production Value (constant 2014-2016 thousand I$)","1000 Int$",2016,1893,"Raw milk of cattle","no"
"BRB","Barbados","Caribbean",NA,"Raw milk","Gross Production Value (constant 2014-2016 thousand I$)","1000 Int$",2017,2023,"Raw milk of cattle","no"
"BRB","Barbados","Caribbean",NA,"Raw milk","Gross Production Value (constant 2014-2016 thousand I$)","1000 Int$",2018,1997,"Raw milk of cattle","no"
"BRB","Barbados","Caribbean",NA,"Raw milk","Gross Production Value (constant 2014-2016 thousand I$)","1000 Int$",2019,1938,"Raw milk of cattle","no"
"BRB","Barbados","Caribbean",NA,"Raw milk","Gross Production Value (constant 2014-2016 thousand I$)","1000 Int$",2020,1655,"Raw milk of cattle","no"
"BRB","Barbados","Caribbean",NA,"Raw milk","Gross Production Value (constant 2014-2016 thousand I$)","1000 Int$",2021,1807,"Raw milk of cattle","no"
"BRB","Barbados","Caribbean",NA,"Raw milk","Gross Production Value (constant 2014-2016 thousand I$)","1000 Int$",2022,1681,"Raw milk of cattle","no"
"BRB","Barbados","Caribbean",NA,"Raw milk","Gross Production Value (constant 2014-2016 thousand I$)","1000 Int$",2023,1714,"Raw milk of cattle","no"
"BRB","Barbados","Caribbean",NA,"Raw milk","Gross Production Value (constant 2014-2016 thousand US$)","1000 USD",1992,9860,"Raw milk of cattle","no"
"BRB","Barbados","Caribbean",NA,"Raw milk","Gross Production Value (constant 2014-2016 thousand US$)","1000 USD",1993,8734,"Raw milk of cattle","no"
"BRB","Barbados","Caribbean",NA,"Raw milk","Gross Production Value (constant 2014-2016 thousand US$)","1000 USD",1994,8312,"Raw milk of cattle","no"
"BRB","Barbados","Caribbean",NA,"Raw milk","Gross Production Value (constant 2014-2016 thousand US$)","1000 USD",1995,8963,"Raw milk of cattle","no"
"BRB","Barbados","Caribbean",NA,"Raw milk","Gross Production Value (constant 2014-2016 thousand US$)","1000 USD",1996,9512,"Raw milk of cattle","no"
"BRB","Barbados","Caribbean",NA,"Raw milk","Gross Production Value (constant 2014-2016 thousand US$)","1000 USD",1997,9717,"Raw milk of cattle","no"
"BRB","Barbados","Caribbean",NA,"Raw milk","Gross Production Value (constant 2014-2016 thousand US$)","1000 USD",1998,10366,"Raw milk of cattle","no"
"BRB","Barbados","Caribbean",NA,"Raw milk","Gross Production Value (constant 2014-2016 thousand US$)","1000 USD",1999,9227,"Raw milk of cattle","no"
"BRB","Barbados","Caribbean",NA,"Raw milk","Gross Production Value (constant 2014-2016 thousand US$)","1000 USD",2000,9033,"Raw milk of cattle","no"
"BRB","Barbados","Caribbean",NA,"Raw milk","Gross Production Value (constant 2014-2016 thousand US$)","1000 USD",2001,9272,"Raw milk of cattle","no"
"BRB","Barbados","Caribbean",NA,"Raw milk","Gross Production Value (constant 2014-2016 thousand US$)","1000 USD",2002,8460,"Raw milk of cattle","no"
"BRB","Barbados","Caribbean",NA,"Raw milk","Gross Production Value (constant 2014-2016 thousand US$)","1000 USD",2003,7994,"Raw milk of cattle","no"
"BRB","Barbados","Caribbean",NA,"Raw milk","Gross Production Value (constant 2014-2016 thousand US$)","1000 USD",2004,7542,"Raw milk of cattle","no"
"BRB","Barbados","Caribbean",NA,"Raw milk","Gross Production Value (constant 2014-2016 thousand US$)","1000 USD",2005,7126,"Raw milk of cattle","no"
"BRB","Barbados","Caribbean",NA,"Raw milk","Gross Production Value (constant 2014-2016 thousand US$)","1000 USD",2006,6345,"Raw milk of cattle","no"
"BRB","Barbados","Caribbean",NA,"Raw milk","Gross Production Value (constant 2014-2016 thousand US$)","1000 USD",2007,7702,"Raw milk of cattle","no"
"BRB","Barbados","Caribbean",NA,"Raw milk","Gross Production Value (constant 2014-2016 thousand US$)","1000 USD",2008,7625,"Raw milk of cattle","no"
"BRB","Barbados","Caribbean",NA,"Raw milk","Gross Production Value (constant 2014-2016 thousand US$)","1000 USD",2009,7990,"Raw milk of cattle","no"
"BRB","Barbados","Caribbean",NA,"Raw milk","Gross Production Value (constant 2014-2016 thousand US$)","1000 USD",2010,7633,"Raw milk of cattle","no"
"BRB","Barbados","Caribbean",NA,"Raw milk","Gross Production Value (constant 2014-2016 thousand US$)","1000 USD",2011,6618,"Raw milk of cattle","no"
"BRB","Barbados","Caribbean",NA,"Raw milk","Gross Production Value (constant 2014-2016 thousand US$)","1000 USD",2012,7001,"Raw milk of cattle","no"
"BRB","Barbados","Caribbean",NA,"Raw milk","Gross Production Value (constant 2014-2016 thousand US$)","1000 USD",2013,5789,"Raw milk of cattle","no"
"BRB","Barbados","Caribbean",NA,"Raw milk","Gross Production Value (constant 2014-2016 thousand US$)","1000 USD",2014,5657,"Raw milk of cattle","no"
"BRB","Barbados","Caribbean",NA,"Raw milk","Gross Production Value (constant 2014-2016 thousand US$)","1000 USD",2015,5954,"Raw milk of cattle","no"
"BRB","Barbados","Caribbean",NA,"Raw milk","Gross Production Value (constant 2014-2016 thousand US$)","1000 USD",2016,5182,"Raw milk of cattle","no"
"BRB","Barbados","Caribbean",NA,"Raw milk","Gross Production Value (constant 2014-2016 thousand US$)","1000 USD",2017,5538,"Raw milk of cattle","no"
"BRB","Barbados","Caribbean",NA,"Raw milk","Gross Production Value (constant 2014-2016 thousand US$)","1000 USD",2018,5467,"Raw milk of cattle","no"
"BRB","Barbados","Caribbean",NA,"Raw milk","Gross Production Value (constant 2014-2016 thousand US$)","1000 USD",2019,5305,"Raw milk of cattle","no"
"BRB","Barbados","Caribbean",NA,"Raw milk","Gross Production Value (constant 2014-2016 thousand US$)","1000 USD",2020,4531,"Raw milk of cattle","no"
"BRB","Barbados","Caribbean",NA,"Raw milk","Gross Production Value (constant 2014-2016 thousand US$)","1000 USD",2021,4945,"Raw milk of cattle","no"
"BRB","Barbados","Caribbean",NA,"Raw milk","Gross Production Value (constant 2014-2016 thousand US$)","1000 USD",2022,4601,"Raw milk of cattle","no"
"BRB","Barbados","Caribbean",NA,"Raw milk","Gross Production Value (constant 2014-2016 thousand US$)","1000 USD",2023,4692,"Raw milk of cattle","no"
"BRB","Barbados","Caribbean",NA,"Vegetables","Gross Production Value (constant 2014-2016 thousand I$)","1000 Int$",1992,1333,"String beans","no"
"BRB","Barbados","Caribbean",NA,"Vegetables","Gross Production Value (constant 2014-2016 thousand I$)","1000 Int$",1993,966,"String beans","no"
"BRB","Barbados","Caribbean",NA,"Vegetables","Gross Production Value (constant 2014-2016 thousand I$)","1000 Int$",1994,631,"String beans","no"
"BRB","Barbados","Caribbean",NA,"Vegetables","Gross Production Value (constant 2014-2016 thousand I$)","1000 Int$",1995,2508,"String beans","no"
"BRB","Barbados","Caribbean",NA,"Vegetables","Gross Production Value (constant 2014-2016 thousand I$)","1000 Int$",1996,2189,"String beans","no"
"BRB","Barbados","Caribbean",NA,"Vegetables","Gross Production Value (constant 2014-2016 thousand I$)","1000 Int$",1997,1061,"String beans","no"
"BRB","Barbados","Caribbean",NA,"Vegetables","Gross Production Value (constant 2014-2016 thousand I$)","1000 Int$",1998,1062,"String beans","no"
"BRB","Barbados","Caribbean",NA,"Vegetables","Gross Production Value (constant 2014-2016 thousand I$)","1000 Int$",1999,1136,"String beans","no"
"BRB","Barbados","Caribbean",NA,"Vegetables","Gross Production Value (constant 2014-2016 thousand I$)","1000 Int$",2000,1082,"String beans","no"
"BRB","Barbados","Caribbean",NA,"Vegetables","Gross Production Value (constant 2014-2016 thousand I$)","1000 Int$",2001,1095,"String beans","no"
"BRB","Barbados","Caribbean",NA,"Vegetables","Gross Production Value (constant 2014-2016 thousand I$)","1000 Int$",2002,1159,"String beans","no"
"BRB","Barbados","Caribbean",NA,"Vegetables","Gross Production Value (constant 2014-2016 thousand I$)","1000 Int$",2003,1198,"String beans","no"
"BRB","Barbados","Caribbean",NA,"Vegetables","Gross Production Value (constant 2014-2016 thousand I$)","1000 Int$",2004,1236,"String beans","no"
"BRB","Barbados","Caribbean",NA,"Vegetables","Gross Production Value (constant 2014-2016 thousand I$)","1000 Int$",2005,1275,"String beans","no"
"BRB","Barbados","Caribbean",NA,"Vegetables","Gross Production Value (constant 2014-2016 thousand I$)","1000 Int$",2006,1352,"String beans","no"
"BRB","Barbados","Caribbean",NA,"Vegetables","Gross Production Value (constant 2014-2016 thousand I$)","1000 Int$",2007,1416,"String beans","no"
"BRB","Barbados","Caribbean",NA,"Vegetables","Gross Production Value (constant 2014-2016 thousand I$)","1000 Int$",2008,1010,"String beans","no"
"BRB","Barbados","Caribbean",NA,"Vegetables","Gross Production Value (constant 2014-2016 thousand I$)","1000 Int$",2009,691,"String beans","no"
"BRB","Barbados","Caribbean",NA,"Vegetables","Gross Production Value (constant 2014-2016 thousand I$)","1000 Int$",2010,286,"String beans","no"
"BRB","Barbados","Caribbean",NA,"Vegetables","Gross Production Value (constant 2014-2016 thousand I$)","1000 Int$",2011,348,"String beans","no"
"BRB","Barbados","Caribbean",NA,"Vegetables","Gross Production Value (constant 2014-2016 thousand I$)","1000 Int$",2012,291,"String beans","no"
"BRB","Barbados","Caribbean",NA,"Vegetables","Gross Production Value (constant 2014-2016 thousand I$)","1000 Int$",2013,144,"String beans","no"
"BRB","Barbados","Caribbean",NA,"Vegetables","Gross Production Value (constant 2014-2016 thousand I$)","1000 Int$",2014,141,"String beans","no"
"BRB","Barbados","Caribbean",NA,"Vegetables","Gross Production Value (constant 2014-2016 thousand I$)","1000 Int$",2015,193,"String beans","no"
"BRB","Barbados","Caribbean",NA,"Vegetables","Gross Production Value (constant 2014-2016 thousand I$)","1000 Int$",2016,164,"String beans","no"
"BRB","Barbados","Caribbean",NA,"Vegetables","Gross Production Value (constant 2014-2016 thousand I$)","1000 Int$",2017,341,"String beans","no"
"BRB","Barbados","Caribbean",NA,"Vegetables","Gross Production Value (constant 2014-2016 thousand I$)","1000 Int$",2018,374,"String beans","no"
"BRB","Barbados","Caribbean",NA,"Vegetables","Gross Production Value (constant 2014-2016 thousand I$)","1000 Int$",2019,392,"String beans","no"
"BRB","Barbados","Caribbean",NA,"Vegetables","Gross Production Value (constant 2014-2016 thousand I$)","1000 Int$",2020,433,"String beans","no"
"BRB","Barbados","Caribbean",NA,"Vegetables","Gross Production Value (constant 2014-2016 thousand I$)","1000 Int$",2021,141,"String beans","no"
"BRB","Barbados","Caribbean",NA,"Vegetables","Gross Production Value (constant 2014-2016 thousand I$)","1000 Int$",2022,216,"String beans","no"
"BRB","Barbados","Caribbean",NA,"Vegetables","Gross Production Value (constant 2014-2016 thousand I$)","1000 Int$",2023,228,"String beans","no"
"BRB","Barbados","Caribbean",NA,"Vegetables","Gross Production Value (constant 2014-2016 thousand US$)","1000 USD",1992,4673,"String beans","no"
"BRB","Barbados","Caribbean",NA,"Vegetables","Gross Production Value (constant 2014-2016 thousand US$)","1000 USD",1993,3386,"String beans","no"
"BRB","Barbados","Caribbean",NA,"Vegetables","Gross Production Value (constant 2014-2016 thousand US$)","1000 USD",1994,2212,"String beans","no"
"BRB","Barbados","Caribbean",NA,"Vegetables","Gross Production Value (constant 2014-2016 thousand US$)","1000 USD",1995,8795,"String beans","no"
"BRB","Barbados","Caribbean",NA,"Vegetables","Gross Production Value (constant 2014-2016 thousand US$)","1000 USD",1996,7675,"String beans","no"
"BRB","Barbados","Caribbean",NA,"Vegetables","Gross Production Value (constant 2014-2016 thousand US$)","1000 USD",1997,3720,"String beans","no"
"BRB","Barbados","Caribbean",NA,"Vegetables","Gross Production Value (constant 2014-2016 thousand US$)","1000 USD",1998,3725,"String beans","no"
"BRB","Barbados","Caribbean",NA,"Vegetables","Gross Production Value (constant 2014-2016 thousand US$)","1000 USD",1999,3984,"String beans","no"
"BRB","Barbados","Caribbean",NA,"Vegetables","Gross Production Value (constant 2014-2016 thousand US$)","1000 USD",2000,3793,"String beans","no"
"BRB","Barbados","Caribbean",NA,"Vegetables","Gross Production Value (constant 2014-2016 thousand US$)","1000 USD",2001,3838,"String beans","no"
"BRB","Barbados","Caribbean",NA,"Vegetables","Gross Production Value (constant 2014-2016 thousand US$)","1000 USD",2002,4063,"String beans","no"
"BRB","Barbados","Caribbean",NA,"Vegetables","Gross Production Value (constant 2014-2016 thousand US$)","1000 USD",2003,4199,"String beans","no"
"BRB","Barbados","Caribbean",NA,"Vegetables","Gross Production Value (constant 2014-2016 thousand US$)","1000 USD",2004,4334,"String beans","no"
"BRB","Barbados","Caribbean",NA,"Vegetables","Gross Production Value (constant 2014-2016 thousand US$)","1000 USD",2005,4470,"String beans","no"
"BRB","Barbados","Caribbean",NA,"Vegetables","Gross Production Value (constant 2014-2016 thousand US$)","1000 USD",2006,4741,"String beans","no"
"BRB","Barbados","Caribbean",NA,"Vegetables","Gross Production Value (constant 2014-2016 thousand US$)","1000 USD",2007,4966,"String beans","no"
"BRB","Barbados","Caribbean",NA,"Vegetables","Gross Production Value (constant 2014-2016 thousand US$)","1000 USD",2008,3541,"String beans","no"
"BRB","Barbados","Caribbean",NA,"Vegetables","Gross Production Value (constant 2014-2016 thousand US$)","1000 USD",2009,2424,"String beans","no"
"BRB","Barbados","Caribbean",NA,"Vegetables","Gross Production Value (constant 2014-2016 thousand US$)","1000 USD",2010,1002,"String beans","no"
"BRB","Barbados","Caribbean",NA,"Vegetables","Gross Production Value (constant 2014-2016 thousand US$)","1000 USD",2011,1219,"String beans","no"
"BRB","Barbados","Caribbean",NA,"Vegetables","Gross Production Value (constant 2014-2016 thousand US$)","1000 USD",2012,1020,"String beans","no"
"BRB","Barbados","Caribbean",NA,"Vegetables","Gross Production Value (constant 2014-2016 thousand US$)","1000 USD",2013,506,"String beans","no"
"BRB","Barbados","Caribbean",NA,"Vegetables","Gross Production Value (constant 2014-2016 thousand US$)","1000 USD",2014,493,"String beans","no"
"BRB","Barbados","Caribbean",NA,"Vegetables","Gross Production Value (constant 2014-2016 thousand US$)","1000 USD",2015,677,"String beans","no"
"BRB","Barbados","Caribbean",NA,"Vegetables","Gross Production Value (constant 2014-2016 thousand US$)","1000 USD",2016,576,"String beans","no"
"BRB","Barbados","Caribbean",NA,"Vegetables","Gross Production Value (constant 2014-2016 thousand US$)","1000 USD",2017,1194,"String beans","no"
"BRB","Barbados","Caribbean",NA,"Vegetables","Gross Production Value (constant 2014-2016 thousand US$)","1000 USD",2018,1312,"String beans","no"
"BRB","Barbados","Caribbean",NA,"Vegetables","Gross Production Value (constant 2014-2016 thousand US$)","1000 USD",2019,1375,"String beans","no"
"BRB","Barbados","Caribbean",NA,"Vegetables","Gross Production Value (constant 2014-2016 thousand US$)","1000 USD",2020,1518,"String beans","no"
"BRB","Barbados","Caribbean",NA,"Vegetables","Gross Production Value (constant 2014-2016 thousand US$)","1000 USD",2021,493,"String beans","no"
"BRB","Barbados","Caribbean",NA,"Vegetables","Gross Production Value (constant 2014-2016 thousand US$)","1000 USD",2022,759,"String beans","no"
"BRB","Barbados","Caribbean",NA,"Vegetables","Gross Production Value (constant 2014-2016 thousand US$)","1000 USD",2023,799,"String beans","no"
"BRB","Barbados","Caribbean",NA,"Sugar crops","Gross Production Value (constant 2014-2016 thousand I$)","1000 Int$",1992,23695,"Sugar cane","no"
"BRB","Barbados","Caribbean",NA,"Sugar crops","Gross Production Value (constant 2014-2016 thousand I$)","1000 Int$",1993,19794,"Sugar cane","no"
"BRB","Barbados","Caribbean",NA,"Sugar crops","Gross Production Value (constant 2014-2016 thousand I$)","1000 Int$",1994,20813,"Sugar cane","no"
"BRB","Barbados","Caribbean",NA,"Sugar crops","Gross Production Value (constant 2014-2016 thousand I$)","1000 Int$",1995,16033,"Sugar cane","no"
"BRB","Barbados","Caribbean",NA,"Sugar crops","Gross Production Value (constant 2014-2016 thousand I$)","1000 Int$",1996,24009,"Sugar cane","no"
"BRB","Barbados","Caribbean",NA,"Sugar crops","Gross Production Value (constant 2014-2016 thousand I$)","1000 Int$",1997,25623,"Sugar cane","no"
"BRB","Barbados","Caribbean",NA,"Sugar crops","Gross Production Value (constant 2014-2016 thousand I$)","1000 Int$",1998,20140,"Sugar cane","no"
"BRB","Barbados","Caribbean",NA,"Sugar crops","Gross Production Value (constant 2014-2016 thousand I$)","1000 Int$",1999,23430,"Sugar cane","no"
"BRB","Barbados","Caribbean",NA,"Sugar crops","Gross Production Value (constant 2014-2016 thousand I$)","1000 Int$",2000,24507,"Sugar cane","no"
"BRB","Barbados","Caribbean",NA,"Sugar crops","Gross Production Value (constant 2014-2016 thousand I$)","1000 Int$",2001,18852,"Sugar cane","no"
"BRB","Barbados","Caribbean",NA,"Sugar crops","Gross Production Value (constant 2014-2016 thousand I$)","1000 Int$",2002,18755,"Sugar cane","no"
"BRB","Barbados","Caribbean",NA,"Sugar crops","Gross Production Value (constant 2014-2016 thousand I$)","1000 Int$",2003,16363,"Sugar cane","no"
"BRB","Barbados","Caribbean",NA,"Sugar crops","Gross Production Value (constant 2014-2016 thousand I$)","1000 Int$",2004,16214,"Sugar cane","no"
"BRB","Barbados","Caribbean",NA,"Sugar crops","Gross Production Value (constant 2014-2016 thousand I$)","1000 Int$",2005,19857,"Sugar cane","no"
"BRB","Barbados","Caribbean",NA,"Sugar crops","Gross Production Value (constant 2014-2016 thousand I$)","1000 Int$",2006,15633,"Sugar cane","no"
"BRB","Barbados","Caribbean",NA,"Sugar crops","Gross Production Value (constant 2014-2016 thousand I$)","1000 Int$",2007,15867,"Sugar cane","no"
"BRB","Barbados","Caribbean",NA,"Sugar crops","Gross Production Value (constant 2014-2016 thousand I$)","1000 Int$",2008,13946,"Sugar cane","no"
"BRB","Barbados","Caribbean",NA,"Sugar crops","Gross Production Value (constant 2014-2016 thousand I$)","1000 Int$",2009,16010,"Sugar cane","no"
"BRB","Barbados","Caribbean",NA,"Sugar crops","Gross Production Value (constant 2014-2016 thousand I$)","1000 Int$",2010,11616,"Sugar cane","no"
"BRB","Barbados","Caribbean",NA,"Sugar crops","Gross Production Value (constant 2014-2016 thousand I$)","1000 Int$",2011,12810,"Sugar cane","no"
"BRB","Barbados","Caribbean",NA,"Sugar crops","Gross Production Value (constant 2014-2016 thousand I$)","1000 Int$",2012,11607,"Sugar cane","no"
"BRB","Barbados","Caribbean",NA,"Sugar crops","Gross Production Value (constant 2014-2016 thousand I$)","1000 Int$",2013,7769,"Sugar cane","no"
"BRB","Barbados","Caribbean",NA,"Sugar crops","Gross Production Value (constant 2014-2016 thousand I$)","1000 Int$",2014,7164,"Sugar cane","no"
"BRB","Barbados","Caribbean",NA,"Sugar crops","Gross Production Value (constant 2014-2016 thousand I$)","1000 Int$",2015,5211,"Sugar cane","no"
"BRB","Barbados","Caribbean",NA,"Sugar crops","Gross Production Value (constant 2014-2016 thousand I$)","1000 Int$",2016,3742,"Sugar cane","no"
"BRB","Barbados","Caribbean",NA,"Sugar crops","Gross Production Value (constant 2014-2016 thousand I$)","1000 Int$",2017,5889,"Sugar cane","no"
"BRB","Barbados","Caribbean",NA,"Sugar crops","Gross Production Value (constant 2014-2016 thousand I$)","1000 Int$",2018,6590,"Sugar cane","no"
"BRB","Barbados","Caribbean",NA,"Sugar crops","Gross Production Value (constant 2014-2016 thousand I$)","1000 Int$",2019,3797,"Sugar cane","no"
"BRB","Barbados","Caribbean",NA,"Sugar crops","Gross Production Value (constant 2014-2016 thousand I$)","1000 Int$",2020,4102,"Sugar cane","no"
"BRB","Barbados","Caribbean",NA,"Sugar crops","Gross Production Value (constant 2014-2016 thousand I$)","1000 Int$",2021,4135,"Sugar cane","no"
"BRB","Barbados","Caribbean",NA,"Sugar crops","Gross Production Value (constant 2014-2016 thousand I$)","1000 Int$",2022,4307,"Sugar cane","no"
"BRB","Barbados","Caribbean",NA,"Sugar crops","Gross Production Value (constant 2014-2016 thousand I$)","1000 Int$",2023,3270,"Sugar cane","no"
"BRB","Barbados","Caribbean",NA,"Sugar crops","Gross Production Value (constant 2014-2016 thousand US$)","1000 USD",1992,15441,"Sugar cane","no"
"BRB","Barbados","Caribbean",NA,"Sugar crops","Gross Production Value (constant 2014-2016 thousand US$)","1000 USD",1993,12899,"Sugar cane","no"
"BRB","Barbados","Caribbean",NA,"Sugar crops","Gross Production Value (constant 2014-2016 thousand US$)","1000 USD",1994,13563,"Sugar cane","no"
"BRB","Barbados","Caribbean",NA,"Sugar crops","Gross Production Value (constant 2014-2016 thousand US$)","1000 USD",1995,10448,"Sugar cane","no"
"BRB","Barbados","Caribbean",NA,"Sugar crops","Gross Production Value (constant 2014-2016 thousand US$)","1000 USD",1996,15646,"Sugar cane","no"
"BRB","Barbados","Caribbean",NA,"Sugar crops","Gross Production Value (constant 2014-2016 thousand US$)","1000 USD",1997,16698,"Sugar cane","no"
"BRB","Barbados","Caribbean",NA,"Sugar crops","Gross Production Value (constant 2014-2016 thousand US$)","1000 USD",1998,13124,"Sugar cane","no"
"BRB","Barbados","Caribbean",NA,"Sugar crops","Gross Production Value (constant 2014-2016 thousand US$)","1000 USD",1999,15269,"Sugar cane","no"
"BRB","Barbados","Caribbean",NA,"Sugar crops","Gross Production Value (constant 2014-2016 thousand US$)","1000 USD",2000,15971,"Sugar cane","no"
"BRB","Barbados","Caribbean",NA,"Sugar crops","Gross Production Value (constant 2014-2016 thousand US$)","1000 USD",2001,12285,"Sugar cane","no"
"BRB","Barbados","Caribbean",NA,"Sugar crops","Gross Production Value (constant 2014-2016 thousand US$)","1000 USD",2002,12222,"Sugar cane","no"
"BRB","Barbados","Caribbean",NA,"Sugar crops","Gross Production Value (constant 2014-2016 thousand US$)","1000 USD",2003,10663,"Sugar cane","no"
"BRB","Barbados","Caribbean",NA,"Sugar crops","Gross Production Value (constant 2014-2016 thousand US$)","1000 USD",2004,10566,"Sugar cane","no"
"BRB","Barbados","Caribbean",NA,"Sugar crops","Gross Production Value (constant 2014-2016 thousand US$)","1000 USD",2005,12940,"Sugar cane","no"
"BRB","Barbados","Caribbean",NA,"Sugar crops","Gross Production Value (constant 2014-2016 thousand US$)","1000 USD",2006,10188,"Sugar cane","no"
"BRB","Barbados","Caribbean",NA,"Sugar crops","Gross Production Value (constant 2014-2016 thousand US$)","1000 USD",2007,10340,"Sugar cane","no"
"BRB","Barbados","Caribbean",NA,"Sugar crops","Gross Production Value (constant 2014-2016 thousand US$)","1000 USD",2008,9088,"Sugar cane","no"
"BRB","Barbados","Caribbean",NA,"Sugar crops","Gross Production Value (constant 2014-2016 thousand US$)","1000 USD",2009,10433,"Sugar cane","no"
"BRB","Barbados","Caribbean",NA,"Sugar crops","Gross Production Value (constant 2014-2016 thousand US$)","1000 USD",2010,7570,"Sugar cane","no"
"BRB","Barbados","Caribbean",NA,"Sugar crops","Gross Production Value (constant 2014-2016 thousand US$)","1000 USD",2011,8348,"Sugar cane","no"
"BRB","Barbados","Caribbean",NA,"Sugar crops","Gross Production Value (constant 2014-2016 thousand US$)","1000 USD",2012,7564,"Sugar cane","no"
"BRB","Barbados","Caribbean",NA,"Sugar crops","Gross Production Value (constant 2014-2016 thousand US$)","1000 USD",2013,5063,"Sugar cane","no"
"BRB","Barbados","Caribbean",NA,"Sugar crops","Gross Production Value (constant 2014-2016 thousand US$)","1000 USD",2014,4669,"Sugar cane","no"
"BRB","Barbados","Caribbean",NA,"Sugar crops","Gross Production Value (constant 2014-2016 thousand US$)","1000 USD",2015,3396,"Sugar cane","no"
"BRB","Barbados","Caribbean",NA,"Sugar crops","Gross Production Value (constant 2014-2016 thousand US$)","1000 USD",2016,2439,"Sugar cane","no"
"BRB","Barbados","Caribbean",NA,"Sugar crops","Gross Production Value (constant 2014-2016 thousand US$)","1000 USD",2017,3837,"Sugar cane","no"
"BRB","Barbados","Caribbean",NA,"Sugar crops","Gross Production Value (constant 2014-2016 thousand US$)","1000 USD",2018,4295,"Sugar cane","no"
"BRB","Barbados","Caribbean",NA,"Sugar crops","Gross Production Value (constant 2014-2016 thousand US$)","1000 USD",2019,2474,"Sugar cane","no"
"BRB","Barbados","Caribbean",NA,"Sugar crops","Gross Production Value (constant 2014-2016 thousand US$)","1000 USD",2020,2673,"Sugar cane","no"
"BRB","Barbados","Caribbean",NA,"Sugar crops","Gross Production Value (constant 2014-2016 thousand US$)","1000 USD",2021,2695,"Sugar cane","no"
"BRB","Barbados","Caribbean",NA,"Sugar crops","Gross Production Value (constant 2014-2016 thousand US$)","1000 USD",2022,2807,"Sugar cane","no"
"BRB","Barbados","Caribbean",NA,"Sugar crops","Gross Production Value (constant 2014-2016 thousand US$)","1000 USD",2023,2131,"Sugar cane","no"
"BRB","Barbados","Caribbean",NA,"Edible roots and tubers with high starch or inulin content","Gross Production Value (constant 2014-2016 thousand I$)","1000 Int$",1992,500,"Sweet potatoes","no"
"BRB","Barbados","Caribbean",NA,"Edible roots and tubers with high starch or inulin content","Gross Production Value (constant 2014-2016 thousand I$)","1000 Int$",1993,465,"Sweet potatoes","no"
"BRB","Barbados","Caribbean",NA,"Edible roots and tubers with high starch or inulin content","Gross Production Value (constant 2014-2016 thousand I$)","1000 Int$",1994,655,"Sweet potatoes","no"
"BRB","Barbados","Caribbean",NA,"Edible roots and tubers with high starch or inulin content","Gross Production Value (constant 2014-2016 thousand I$)","1000 Int$",1995,1068,"Sweet potatoes","no"
"BRB","Barbados","Caribbean",NA,"Edible roots and tubers with high starch or inulin content","Gross Production Value (constant 2014-2016 thousand I$)","1000 Int$",1996,1054,"Sweet potatoes","no"
"BRB","Barbados","Caribbean",NA,"Edible roots and tubers with high starch or inulin content","Gross Production Value (constant 2014-2016 thousand I$)","1000 Int$",1997,992,"Sweet potatoes","no"
"BRB","Barbados","Caribbean",NA,"Edible roots and tubers with high starch or inulin content","Gross Production Value (constant 2014-2016 thousand I$)","1000 Int$",1998,868,"Sweet potatoes","no"
"BRB","Barbados","Caribbean",NA,"Edible roots and tubers with high starch or inulin content","Gross Production Value (constant 2014-2016 thousand I$)","1000 Int$",1999,723,"Sweet potatoes","no"
"BRB","Barbados","Caribbean",NA,"Edible roots and tubers with high starch or inulin content","Gross Production Value (constant 2014-2016 thousand I$)","1000 Int$",2000,558,"Sweet potatoes","no"
"BRB","Barbados","Caribbean",NA,"Edible roots and tubers with high starch or inulin content","Gross Production Value (constant 2014-2016 thousand I$)","1000 Int$",2001,537,"Sweet potatoes","no"
"BRB","Barbados","Caribbean",NA,"Edible roots and tubers with high starch or inulin content","Gross Production Value (constant 2014-2016 thousand I$)","1000 Int$",2002,303,"Sweet potatoes","no"
"BRB","Barbados","Caribbean",NA,"Edible roots and tubers with high starch or inulin content","Gross Production Value (constant 2014-2016 thousand I$)","1000 Int$",2003,539,"Sweet potatoes","no"
"BRB","Barbados","Caribbean",NA,"Edible roots and tubers with high starch or inulin content","Gross Production Value (constant 2014-2016 thousand I$)","1000 Int$",2004,395,"Sweet potatoes","no"
"BRB","Barbados","Caribbean",NA,"Edible roots and tubers with high starch or inulin content","Gross Production Value (constant 2014-2016 thousand I$)","1000 Int$",2005,431,"Sweet potatoes","no"
"BRB","Barbados","Caribbean",NA,"Edible roots and tubers with high starch or inulin content","Gross Production Value (constant 2014-2016 thousand I$)","1000 Int$",2006,455,"Sweet potatoes","no"
"BRB","Barbados","Caribbean",NA,"Edible roots and tubers with high starch or inulin content","Gross Production Value (constant 2014-2016 thousand I$)","1000 Int$",2007,276,"Sweet potatoes","no"
"BRB","Barbados","Caribbean",NA,"Edible roots and tubers with high starch or inulin content","Gross Production Value (constant 2014-2016 thousand I$)","1000 Int$",2008,183,"Sweet potatoes","no"
"BRB","Barbados","Caribbean",NA,"Edible roots and tubers with high starch or inulin content","Gross Production Value (constant 2014-2016 thousand I$)","1000 Int$",2009,184,"Sweet potatoes","no"
"BRB","Barbados","Caribbean",NA,"Edible roots and tubers with high starch or inulin content","Gross Production Value (constant 2014-2016 thousand I$)","1000 Int$",2010,243,"Sweet potatoes","no"
"BRB","Barbados","Caribbean",NA,"Edible roots and tubers with high starch or inulin content","Gross Production Value (constant 2014-2016 thousand I$)","1000 Int$",2011,105,"Sweet potatoes","no"
"BRB","Barbados","Caribbean",NA,"Edible roots and tubers with high starch or inulin content","Gross Production Value (constant 2014-2016 thousand I$)","1000 Int$",2012,248,"Sweet potatoes","no"
"BRB","Barbados","Caribbean",NA,"Edible roots and tubers with high starch or inulin content","Gross Production Value (constant 2014-2016 thousand I$)","1000 Int$",2013,252,"Sweet potatoes","no"
"BRB","Barbados","Caribbean",NA,"Edible roots and tubers with high starch or inulin content","Gross Production Value (constant 2014-2016 thousand I$)","1000 Int$",2014,255,"Sweet potatoes","no"
"BRB","Barbados","Caribbean",NA,"Edible roots and tubers with high starch or inulin content","Gross Production Value (constant 2014-2016 thousand I$)","1000 Int$",2015,276,"Sweet potatoes","no"
"BRB","Barbados","Caribbean",NA,"Edible roots and tubers with high starch or inulin content","Gross Production Value (constant 2014-2016 thousand I$)","1000 Int$",2016,577,"Sweet potatoes","no"
"BRB","Barbados","Caribbean",NA,"Edible roots and tubers with high starch or inulin content","Gross Production Value (constant 2014-2016 thousand I$)","1000 Int$",2017,241,"Sweet potatoes","no"
"BRB","Barbados","Caribbean",NA,"Edible roots and tubers with high starch or inulin content","Gross Production Value (constant 2014-2016 thousand I$)","1000 Int$",2018,342,"Sweet potatoes","no"
"BRB","Barbados","Caribbean",NA,"Edible roots and tubers with high starch or inulin content","Gross Production Value (constant 2014-2016 thousand I$)","1000 Int$",2019,432,"Sweet potatoes","no"
"BRB","Barbados","Caribbean",NA,"Edible roots and tubers with high starch or inulin content","Gross Production Value (constant 2014-2016 thousand I$)","1000 Int$",2020,320,"Sweet potatoes","no"
"BRB","Barbados","Caribbean",NA,"Edible roots and tubers with high starch or inulin content","Gross Production Value (constant 2014-2016 thousand I$)","1000 Int$",2021,289,"Sweet potatoes","no"
"BRB","Barbados","Caribbean",NA,"Edible roots and tubers with high starch or inulin content","Gross Production Value (constant 2014-2016 thousand I$)","1000 Int$",2022,526,"Sweet potatoes","no"
"BRB","Barbados","Caribbean",NA,"Edible roots and tubers with high starch or inulin content","Gross Production Value (constant 2014-2016 thousand I$)","1000 Int$",2023,577,"Sweet potatoes","no"
"BRB","Barbados","Caribbean",NA,"Edible roots and tubers with high starch or inulin content","Gross Production Value (constant 2014-2016 thousand US$)","1000 USD",1992,5500,"Sweet potatoes","no"
"BRB","Barbados","Caribbean",NA,"Edible roots and tubers with high starch or inulin content","Gross Production Value (constant 2014-2016 thousand US$)","1000 USD",1993,5118,"Sweet potatoes","no"
"BRB","Barbados","Caribbean",NA,"Edible roots and tubers with high starch or inulin content","Gross Production Value (constant 2014-2016 thousand US$)","1000 USD",1994,7208,"Sweet potatoes","no"
"BRB","Barbados","Caribbean",NA,"Edible roots and tubers with high starch or inulin content","Gross Production Value (constant 2014-2016 thousand US$)","1000 USD",1995,11748,"Sweet potatoes","no"
"BRB","Barbados","Caribbean",NA,"Edible roots and tubers with high starch or inulin content","Gross Production Value (constant 2014-2016 thousand US$)","1000 USD",1996,11596,"Sweet potatoes","no"
"BRB","Barbados","Caribbean",NA,"Edible roots and tubers with high starch or inulin content","Gross Production Value (constant 2014-2016 thousand US$)","1000 USD",1997,10914,"Sweet potatoes","no"
"BRB","Barbados","Caribbean",NA,"Edible roots and tubers with high starch or inulin content","Gross Production Value (constant 2014-2016 thousand US$)","1000 USD",1998,9549,"Sweet potatoes","no"
"BRB","Barbados","Caribbean",NA,"Edible roots and tubers with high starch or inulin content","Gross Production Value (constant 2014-2016 thousand US$)","1000 USD",1999,7958,"Sweet potatoes","no"
"BRB","Barbados","Caribbean",NA,"Edible roots and tubers with high starch or inulin content","Gross Production Value (constant 2014-2016 thousand US$)","1000 USD",2000,6139,"Sweet potatoes","no"
"BRB","Barbados","Caribbean",NA,"Edible roots and tubers with high starch or inulin content","Gross Production Value (constant 2014-2016 thousand US$)","1000 USD",2001,5912,"Sweet potatoes","no"
"BRB","Barbados","Caribbean",NA,"Edible roots and tubers with high starch or inulin content","Gross Production Value (constant 2014-2016 thousand US$)","1000 USD",2002,3338,"Sweet potatoes","no"
"BRB","Barbados","Caribbean",NA,"Edible roots and tubers with high starch or inulin content","Gross Production Value (constant 2014-2016 thousand US$)","1000 USD",2003,5934,"Sweet potatoes","no"
"BRB","Barbados","Caribbean",NA,"Edible roots and tubers with high starch or inulin content","Gross Production Value (constant 2014-2016 thousand US$)","1000 USD",2004,4350,"Sweet potatoes","no"
"BRB","Barbados","Caribbean",NA,"Edible roots and tubers with high starch or inulin content","Gross Production Value (constant 2014-2016 thousand US$)","1000 USD",2005,4738,"Sweet potatoes","no"
"BRB","Barbados","Caribbean",NA,"Edible roots and tubers with high starch or inulin content","Gross Production Value (constant 2014-2016 thousand US$)","1000 USD",2006,5004,"Sweet potatoes","no"
"BRB","Barbados","Caribbean",NA,"Edible roots and tubers with high starch or inulin content","Gross Production Value (constant 2014-2016 thousand US$)","1000 USD",2007,3035,"Sweet potatoes","no"
"BRB","Barbados","Caribbean",NA,"Edible roots and tubers with high starch or inulin content","Gross Production Value (constant 2014-2016 thousand US$)","1000 USD",2008,2010,"Sweet potatoes","no"
"BRB","Barbados","Caribbean",NA,"Edible roots and tubers with high starch or inulin content","Gross Production Value (constant 2014-2016 thousand US$)","1000 USD",2009,2019,"Sweet potatoes","no"
"BRB","Barbados","Caribbean",NA,"Edible roots and tubers with high starch or inulin content","Gross Production Value (constant 2014-2016 thousand US$)","1000 USD",2010,2674,"Sweet potatoes","no"
"BRB","Barbados","Caribbean",NA,"Edible roots and tubers with high starch or inulin content","Gross Production Value (constant 2014-2016 thousand US$)","1000 USD",2011,1153,"Sweet potatoes","no"
"BRB","Barbados","Caribbean",NA,"Edible roots and tubers with high starch or inulin content","Gross Production Value (constant 2014-2016 thousand US$)","1000 USD",2012,2733,"Sweet potatoes","no"
"BRB","Barbados","Caribbean",NA,"Edible roots and tubers with high starch or inulin content","Gross Production Value (constant 2014-2016 thousand US$)","1000 USD",2013,2774,"Sweet potatoes","no"
"BRB","Barbados","Caribbean",NA,"Edible roots and tubers with high starch or inulin content","Gross Production Value (constant 2014-2016 thousand US$)","1000 USD",2014,2801,"Sweet potatoes","no"
"BRB","Barbados","Caribbean",NA,"Edible roots and tubers with high starch or inulin content","Gross Production Value (constant 2014-2016 thousand US$)","1000 USD",2015,3035,"Sweet potatoes","no"
"BRB","Barbados","Caribbean",NA,"Edible roots and tubers with high starch or inulin content","Gross Production Value (constant 2014-2016 thousand US$)","1000 USD",2016,6353,"Sweet potatoes","no"
"BRB","Barbados","Caribbean",NA,"Edible roots and tubers with high starch or inulin content","Gross Production Value (constant 2014-2016 thousand US$)","1000 USD",2017,2654,"Sweet potatoes","no"
"BRB","Barbados","Caribbean",NA,"Edible roots and tubers with high starch or inulin content","Gross Production Value (constant 2014-2016 thousand US$)","1000 USD",2018,3762,"Sweet potatoes","no"
"BRB","Barbados","Caribbean",NA,"Edible roots and tubers with high starch or inulin content","Gross Production Value (constant 2014-2016 thousand US$)","1000 USD",2019,4758,"Sweet potatoes","no"
"BRB","Barbados","Caribbean",NA,"Edible roots and tubers with high starch or inulin content","Gross Production Value (constant 2014-2016 thousand US$)","1000 USD",2020,3522,"Sweet potatoes","no"
"BRB","Barbados","Caribbean",NA,"Edible roots and tubers with high starch or inulin content","Gross Production Value (constant 2014-2016 thousand US$)","1000 USD",2021,3175,"Sweet potatoes","no"
"BRB","Barbados","Caribbean",NA,"Edible roots and tubers with high starch or inulin content","Gross Production Value (constant 2014-2016 thousand US$)","1000 USD",2022,5782,"Sweet potatoes","no"
"BRB","Barbados","Caribbean",NA,"Edible roots and tubers with high starch or inulin content","Gross Production Value (constant 2014-2016 thousand US$)","1000 USD",2023,6346,"Sweet potatoes","no"
"BRB","Barbados","Caribbean",NA,"Edible roots and tubers with high starch or inulin content","Gross Production Value (constant 2014-2016 thousand I$)","1000 Int$",1992,63,"Taro","no"
"BRB","Barbados","Caribbean",NA,"Edible roots and tubers with high starch or inulin content","Gross Production Value (constant 2014-2016 thousand I$)","1000 Int$",1993,172,"Taro","no"
"BRB","Barbados","Caribbean",NA,"Edible roots and tubers with high starch or inulin content","Gross Production Value (constant 2014-2016 thousand I$)","1000 Int$",1994,43,"Taro","no"
"BRB","Barbados","Caribbean",NA,"Edible roots and tubers with high starch or inulin content","Gross Production Value (constant 2014-2016 thousand I$)","1000 Int$",1995,62,"Taro","no"
"BRB","Barbados","Caribbean",NA,"Edible roots and tubers with high starch or inulin content","Gross Production Value (constant 2014-2016 thousand I$)","1000 Int$",1996,63,"Taro","no"
"BRB","Barbados","Caribbean",NA,"Edible roots and tubers with high starch or inulin content","Gross Production Value (constant 2014-2016 thousand I$)","1000 Int$",1997,66,"Taro","no"
"BRB","Barbados","Caribbean",NA,"Edible roots and tubers with high starch or inulin content","Gross Production Value (constant 2014-2016 thousand I$)","1000 Int$",1998,64,"Taro","no"
"BRB","Barbados","Caribbean",NA,"Edible roots and tubers with high starch or inulin content","Gross Production Value (constant 2014-2016 thousand I$)","1000 Int$",1999,57,"Taro","no"
"BRB","Barbados","Caribbean",NA,"Edible roots and tubers with high starch or inulin content","Gross Production Value (constant 2014-2016 thousand I$)","1000 Int$",2000,65,"Taro","no"
"BRB","Barbados","Caribbean",NA,"Edible roots and tubers with high starch or inulin content","Gross Production Value (constant 2014-2016 thousand I$)","1000 Int$",2001,62,"Taro","no"
"BRB","Barbados","Caribbean",NA,"Edible roots and tubers with high starch or inulin content","Gross Production Value (constant 2014-2016 thousand I$)","1000 Int$",2002,72,"Taro","no"
"BRB","Barbados","Caribbean",NA,"Edible roots and tubers with high starch or inulin content","Gross Production Value (constant 2014-2016 thousand I$)","1000 Int$",2003,79,"Taro","no"
"BRB","Barbados","Caribbean",NA,"Edible roots and tubers with high starch or inulin content","Gross Production Value (constant 2014-2016 thousand I$)","1000 Int$",2004,72,"Taro","no"
"BRB","Barbados","Caribbean",NA,"Edible roots and tubers with high starch or inulin content","Gross Production Value (constant 2014-2016 thousand I$)","1000 Int$",2005,63,"Taro","no"
"BRB","Barbados","Caribbean",NA,"Edible roots and tubers with high starch or inulin content","Gross Production Value (constant 2014-2016 thousand I$)","1000 Int$",2006,56,"Taro","no"
"BRB","Barbados","Caribbean",NA,"Edible roots and tubers with high starch or inulin content","Gross Production Value (constant 2014-2016 thousand I$)","1000 Int$",2007,54,"Taro","no"
"BRB","Barbados","Caribbean",NA,"Edible roots and tubers with high starch or inulin content","Gross Production Value (constant 2014-2016 thousand I$)","1000 Int$",2008,15,"Taro","no"
"BRB","Barbados","Caribbean",NA,"Edible roots and tubers with high starch or inulin content","Gross Production Value (constant 2014-2016 thousand I$)","1000 Int$",2009,9,"Taro","no"
"BRB","Barbados","Caribbean",NA,"Edible roots and tubers with high starch or inulin content","Gross Production Value (constant 2014-2016 thousand I$)","1000 Int$",2010,82,"Taro","no"
"BRB","Barbados","Caribbean",NA,"Edible roots and tubers with high starch or inulin content","Gross Production Value (constant 2014-2016 thousand I$)","1000 Int$",2011,7,"Taro","no"
"BRB","Barbados","Caribbean",NA,"Edible roots and tubers with high starch or inulin content","Gross Production Value (constant 2014-2016 thousand I$)","1000 Int$",2012,36,"Taro","no"
"BRB","Barbados","Caribbean",NA,"Edible roots and tubers with high starch or inulin content","Gross Production Value (constant 2014-2016 thousand I$)","1000 Int$",2013,36,"Taro","no"
"BRB","Barbados","Caribbean",NA,"Edible roots and tubers with high starch or inulin content","Gross Production Value (constant 2014-2016 thousand I$)","1000 Int$",2014,33,"Taro","no"
"BRB","Barbados","Caribbean",NA,"Edible roots and tubers with high starch or inulin content","Gross Production Value (constant 2014-2016 thousand I$)","1000 Int$",2015,30,"Taro","no"
"BRB","Barbados","Caribbean",NA,"Edible roots and tubers with high starch or inulin content","Gross Production Value (constant 2014-2016 thousand I$)","1000 Int$",2016,33,"Taro","no"
"BRB","Barbados","Caribbean",NA,"Edible roots and tubers with high starch or inulin content","Gross Production Value (constant 2014-2016 thousand I$)","1000 Int$",2017,31,"Taro","no"
"BRB","Barbados","Caribbean",NA,"Edible roots and tubers with high starch or inulin content","Gross Production Value (constant 2014-2016 thousand I$)","1000 Int$",2018,31,"Taro","no"
"BRB","Barbados","Caribbean",NA,"Edible roots and tubers with high starch or inulin content","Gross Production Value (constant 2014-2016 thousand I$)","1000 Int$",2019,32,"Taro","no"
"BRB","Barbados","Caribbean",NA,"Edible roots and tubers with high starch or inulin content","Gross Production Value (constant 2014-2016 thousand I$)","1000 Int$",2020,31,"Taro","no"
"BRB","Barbados","Caribbean",NA,"Edible roots and tubers with high starch or inulin content","Gross Production Value (constant 2014-2016 thousand I$)","1000 Int$",2021,31,"Taro","no"
"BRB","Barbados","Caribbean",NA,"Edible roots and tubers with high starch or inulin content","Gross Production Value (constant 2014-2016 thousand I$)","1000 Int$",2022,31,"Taro","no"
"BRB","Barbados","Caribbean",NA,"Edible roots and tubers with high starch or inulin content","Gross Production Value (constant 2014-2016 thousand I$)","1000 Int$",2023,31,"Taro","no"
"BRB","Barbados","Caribbean",NA,"Edible roots and tubers with high starch or inulin content","Gross Production Value (constant 2014-2016 thousand US$)","1000 USD",1992,393,"Taro","no"
"BRB","Barbados","Caribbean",NA,"Edible roots and tubers with high starch or inulin content","Gross Production Value (constant 2014-2016 thousand US$)","1000 USD",1993,1075,"Taro","no"
"BRB","Barbados","Caribbean",NA,"Edible roots and tubers with high starch or inulin content","Gross Production Value (constant 2014-2016 thousand US$)","1000 USD",1994,267,"Taro","no"
"BRB","Barbados","Caribbean",NA,"Edible roots and tubers with high starch or inulin content","Gross Production Value (constant 2014-2016 thousand US$)","1000 USD",1995,386,"Taro","no"
"BRB","Barbados","Caribbean",NA,"Edible roots and tubers with high starch or inulin content","Gross Production Value (constant 2014-2016 thousand US$)","1000 USD",1996,393,"Taro","no"
"BRB","Barbados","Caribbean",NA,"Edible roots and tubers with high starch or inulin content","Gross Production Value (constant 2014-2016 thousand US$)","1000 USD",1997,412,"Taro","no"
"BRB","Barbados","Caribbean",NA,"Edible roots and tubers with high starch or inulin content","Gross Production Value (constant 2014-2016 thousand US$)","1000 USD",1998,402,"Taro","no"
"BRB","Barbados","Caribbean",NA,"Edible roots and tubers with high starch or inulin content","Gross Production Value (constant 2014-2016 thousand US$)","1000 USD",1999,359,"Taro","no"
"BRB","Barbados","Caribbean",NA,"Edible roots and tubers with high starch or inulin content","Gross Production Value (constant 2014-2016 thousand US$)","1000 USD",2000,404,"Taro","no"
"BRB","Barbados","Caribbean",NA,"Edible roots and tubers with high starch or inulin content","Gross Production Value (constant 2014-2016 thousand US$)","1000 USD",2001,386,"Taro","no"
"BRB","Barbados","Caribbean",NA,"Edible roots and tubers with high starch or inulin content","Gross Production Value (constant 2014-2016 thousand US$)","1000 USD",2002,449,"Taro","no"
"BRB","Barbados","Caribbean",NA,"Edible roots and tubers with high starch or inulin content","Gross Production Value (constant 2014-2016 thousand US$)","1000 USD",2003,494,"Taro","no"
"BRB","Barbados","Caribbean",NA,"Edible roots and tubers with high starch or inulin content","Gross Production Value (constant 2014-2016 thousand US$)","1000 USD",2004,449,"Taro","no"
"BRB","Barbados","Caribbean",NA,"Edible roots and tubers with high starch or inulin content","Gross Production Value (constant 2014-2016 thousand US$)","1000 USD",2005,393,"Taro","no"
"BRB","Barbados","Caribbean",NA,"Edible roots and tubers with high starch or inulin content","Gross Production Value (constant 2014-2016 thousand US$)","1000 USD",2006,352,"Taro","no"
"BRB","Barbados","Caribbean",NA,"Edible roots and tubers with high starch or inulin content","Gross Production Value (constant 2014-2016 thousand US$)","1000 USD",2007,339,"Taro","no"
"BRB","Barbados","Caribbean",NA,"Edible roots and tubers with high starch or inulin content","Gross Production Value (constant 2014-2016 thousand US$)","1000 USD",2008,92,"Taro","no"
"BRB","Barbados","Caribbean",NA,"Edible roots and tubers with high starch or inulin content","Gross Production Value (constant 2014-2016 thousand US$)","1000 USD",2009,54,"Taro","no"
"BRB","Barbados","Caribbean",NA,"Edible roots and tubers with high starch or inulin content","Gross Production Value (constant 2014-2016 thousand US$)","1000 USD",2010,511,"Taro","no"
"BRB","Barbados","Caribbean",NA,"Edible roots and tubers with high starch or inulin content","Gross Production Value (constant 2014-2016 thousand US$)","1000 USD",2011,45,"Taro","no"
"BRB","Barbados","Caribbean",NA,"Edible roots and tubers with high starch or inulin content","Gross Production Value (constant 2014-2016 thousand US$)","1000 USD",2012,223,"Taro","no"
"BRB","Barbados","Caribbean",NA,"Edible roots and tubers with high starch or inulin content","Gross Production Value (constant 2014-2016 thousand US$)","1000 USD",2013,225,"Taro","no"
"BRB","Barbados","Caribbean",NA,"Edible roots and tubers with high starch or inulin content","Gross Production Value (constant 2014-2016 thousand US$)","1000 USD",2014,204,"Taro","no"
"BRB","Barbados","Caribbean",NA,"Edible roots and tubers with high starch or inulin content","Gross Production Value (constant 2014-2016 thousand US$)","1000 USD",2015,190,"Taro","no"
"BRB","Barbados","Caribbean",NA,"Edible roots and tubers with high starch or inulin content","Gross Production Value (constant 2014-2016 thousand US$)","1000 USD",2016,207,"Taro","no"
"BRB","Barbados","Caribbean",NA,"Edible roots and tubers with high starch or inulin content","Gross Production Value (constant 2014-2016 thousand US$)","1000 USD",2017,191,"Taro","no"
"BRB","Barbados","Caribbean",NA,"Edible roots and tubers with high starch or inulin content","Gross Production Value (constant 2014-2016 thousand US$)","1000 USD",2018,196,"Taro","no"
"BRB","Barbados","Caribbean",NA,"Edible roots and tubers with high starch or inulin content","Gross Production Value (constant 2014-2016 thousand US$)","1000 USD",2019,198,"Taro","no"
"BRB","Barbados","Caribbean",NA,"Edible roots and tubers with high starch or inulin content","Gross Production Value (constant 2014-2016 thousand US$)","1000 USD",2020,195,"Taro","no"
"BRB","Barbados","Caribbean",NA,"Edible roots and tubers with high starch or inulin content","Gross Production Value (constant 2014-2016 thousand US$)","1000 USD",2021,196,"Taro","no"
"BRB","Barbados","Caribbean",NA,"Edible roots and tubers with high starch or inulin content","Gross Production Value (constant 2014-2016 thousand US$)","1000 USD",2022,197,"Taro","no"
"BRB","Barbados","Caribbean",NA,"Edible roots and tubers with high starch or inulin content","Gross Production Value (constant 2014-2016 thousand US$)","1000 USD",2023,196,"Taro","no"
"BRB","Barbados","Caribbean",NA,"Vegetables","Gross Production Value (constant 2014-2016 thousand I$)","1000 Int$",1992,209,"Tomatoes","no"
"BRB","Barbados","Caribbean",NA,"Vegetables","Gross Production Value (constant 2014-2016 thousand I$)","1000 Int$",1993,230,"Tomatoes","no"
"BRB","Barbados","Caribbean",NA,"Vegetables","Gross Production Value (constant 2014-2016 thousand I$)","1000 Int$",1994,269,"Tomatoes","no"
"BRB","Barbados","Caribbean",NA,"Vegetables","Gross Production Value (constant 2014-2016 thousand I$)","1000 Int$",1995,508,"Tomatoes","no"
"BRB","Barbados","Caribbean",NA,"Vegetables","Gross Production Value (constant 2014-2016 thousand I$)","1000 Int$",1996,527,"Tomatoes","no"
"BRB","Barbados","Caribbean",NA,"Vegetables","Gross Production Value (constant 2014-2016 thousand I$)","1000 Int$",1997,304,"Tomatoes","no"
"BRB","Barbados","Caribbean",NA,"Vegetables","Gross Production Value (constant 2014-2016 thousand I$)","1000 Int$",1998,357,"Tomatoes","no"
"BRB","Barbados","Caribbean",NA,"Vegetables","Gross Production Value (constant 2014-2016 thousand I$)","1000 Int$",1999,429,"Tomatoes","no"
"BRB","Barbados","Caribbean",NA,"Vegetables","Gross Production Value (constant 2014-2016 thousand I$)","1000 Int$",2000,419,"Tomatoes","no"
"BRB","Barbados","Caribbean",NA,"Vegetables","Gross Production Value (constant 2014-2016 thousand I$)","1000 Int$",2001,429,"Tomatoes","no"
"BRB","Barbados","Caribbean",NA,"Vegetables","Gross Production Value (constant 2014-2016 thousand I$)","1000 Int$",2002,437,"Tomatoes","no"
"BRB","Barbados","Caribbean",NA,"Vegetables","Gross Production Value (constant 2014-2016 thousand I$)","1000 Int$",2003,588,"Tomatoes","no"
"BRB","Barbados","Caribbean",NA,"Vegetables","Gross Production Value (constant 2014-2016 thousand I$)","1000 Int$",2004,399,"Tomatoes","no"
"BRB","Barbados","Caribbean",NA,"Vegetables","Gross Production Value (constant 2014-2016 thousand I$)","1000 Int$",2005,470,"Tomatoes","no"
"BRB","Barbados","Caribbean",NA,"Vegetables","Gross Production Value (constant 2014-2016 thousand I$)","1000 Int$",2006,496,"Tomatoes","no"
"BRB","Barbados","Caribbean",NA,"Vegetables","Gross Production Value (constant 2014-2016 thousand I$)","1000 Int$",2007,583,"Tomatoes","no"
"BRB","Barbados","Caribbean",NA,"Vegetables","Gross Production Value (constant 2014-2016 thousand I$)","1000 Int$",2008,388,"Tomatoes","no"
"BRB","Barbados","Caribbean",NA,"Vegetables","Gross Production Value (constant 2014-2016 thousand I$)","1000 Int$",2009,342,"Tomatoes","no"
"BRB","Barbados","Caribbean",NA,"Vegetables","Gross Production Value (constant 2014-2016 thousand I$)","1000 Int$",2010,342,"Tomatoes","no"
"BRB","Barbados","Caribbean",NA,"Vegetables","Gross Production Value (constant 2014-2016 thousand I$)","1000 Int$",2011,387,"Tomatoes","no"
"BRB","Barbados","Caribbean",NA,"Vegetables","Gross Production Value (constant 2014-2016 thousand I$)","1000 Int$",2012,500,"Tomatoes","no"
"BRB","Barbados","Caribbean",NA,"Vegetables","Gross Production Value (constant 2014-2016 thousand I$)","1000 Int$",2013,471,"Tomatoes","no"
"BRB","Barbados","Caribbean",NA,"Vegetables","Gross Production Value (constant 2014-2016 thousand I$)","1000 Int$",2014,372,"Tomatoes","no"
"BRB","Barbados","Caribbean",NA,"Vegetables","Gross Production Value (constant 2014-2016 thousand I$)","1000 Int$",2015,349,"Tomatoes","no"
"BRB","Barbados","Caribbean",NA,"Vegetables","Gross Production Value (constant 2014-2016 thousand I$)","1000 Int$",2016,147,"Tomatoes","no"
"BRB","Barbados","Caribbean",NA,"Vegetables","Gross Production Value (constant 2014-2016 thousand I$)","1000 Int$",2017,158,"Tomatoes","no"
"BRB","Barbados","Caribbean",NA,"Vegetables","Gross Production Value (constant 2014-2016 thousand I$)","1000 Int$",2018,336,"Tomatoes","no"
"BRB","Barbados","Caribbean",NA,"Vegetables","Gross Production Value (constant 2014-2016 thousand I$)","1000 Int$",2019,365,"Tomatoes","no"
"BRB","Barbados","Caribbean",NA,"Vegetables","Gross Production Value (constant 2014-2016 thousand I$)","1000 Int$",2020,407,"Tomatoes","no"
"BRB","Barbados","Caribbean",NA,"Vegetables","Gross Production Value (constant 2014-2016 thousand I$)","1000 Int$",2021,209,"Tomatoes","no"
"BRB","Barbados","Caribbean",NA,"Vegetables","Gross Production Value (constant 2014-2016 thousand I$)","1000 Int$",2022,431,"Tomatoes","no"
"BRB","Barbados","Caribbean",NA,"Vegetables","Gross Production Value (constant 2014-2016 thousand I$)","1000 Int$",2023,401,"Tomatoes","no"
"BRB","Barbados","Caribbean",NA,"Vegetables","Gross Production Value (constant 2014-2016 thousand US$)","1000 USD",1992,999,"Tomatoes","no"
"BRB","Barbados","Caribbean",NA,"Vegetables","Gross Production Value (constant 2014-2016 thousand US$)","1000 USD",1993,1097,"Tomatoes","no"
"BRB","Barbados","Caribbean",NA,"Vegetables","Gross Production Value (constant 2014-2016 thousand US$)","1000 USD",1994,1283,"Tomatoes","no"
"BRB","Barbados","Caribbean",NA,"Vegetables","Gross Production Value (constant 2014-2016 thousand US$)","1000 USD",1995,2421,"Tomatoes","no"
"BRB","Barbados","Caribbean",NA,"Vegetables","Gross Production Value (constant 2014-2016 thousand US$)","1000 USD",1996,2514,"Tomatoes","no"
"BRB","Barbados","Caribbean",NA,"Vegetables","Gross Production Value (constant 2014-2016 thousand US$)","1000 USD",1997,1449,"Tomatoes","no"
"BRB","Barbados","Caribbean",NA,"Vegetables","Gross Production Value (constant 2014-2016 thousand US$)","1000 USD",1998,1704,"Tomatoes","no"
"BRB","Barbados","Caribbean",NA,"Vegetables","Gross Production Value (constant 2014-2016 thousand US$)","1000 USD",1999,2044,"Tomatoes","no"
"BRB","Barbados","Caribbean",NA,"Vegetables","Gross Production Value (constant 2014-2016 thousand US$)","1000 USD",2000,1999,"Tomatoes","no"
"BRB","Barbados","Caribbean",NA,"Vegetables","Gross Production Value (constant 2014-2016 thousand US$)","1000 USD",2001,2044,"Tomatoes","no"
"BRB","Barbados","Caribbean",NA,"Vegetables","Gross Production Value (constant 2014-2016 thousand US$)","1000 USD",2002,2083,"Tomatoes","no"
"BRB","Barbados","Caribbean",NA,"Vegetables","Gross Production Value (constant 2014-2016 thousand US$)","1000 USD",2003,2803,"Tomatoes","no"
"BRB","Barbados","Caribbean",NA,"Vegetables","Gross Production Value (constant 2014-2016 thousand US$)","1000 USD",2004,1901,"Tomatoes","no"
"BRB","Barbados","Caribbean",NA,"Vegetables","Gross Production Value (constant 2014-2016 thousand US$)","1000 USD",2005,2242,"Tomatoes","no"
"BRB","Barbados","Caribbean",NA,"Vegetables","Gross Production Value (constant 2014-2016 thousand US$)","1000 USD",2006,2364,"Tomatoes","no"
"BRB","Barbados","Caribbean",NA,"Vegetables","Gross Production Value (constant 2014-2016 thousand US$)","1000 USD",2007,2780,"Tomatoes","no"
"BRB","Barbados","Caribbean",NA,"Vegetables","Gross Production Value (constant 2014-2016 thousand US$)","1000 USD",2008,1851,"Tomatoes","no"
"BRB","Barbados","Caribbean",NA,"Vegetables","Gross Production Value (constant 2014-2016 thousand US$)","1000 USD",2009,1633,"Tomatoes","no"
"BRB","Barbados","Caribbean",NA,"Vegetables","Gross Production Value (constant 2014-2016 thousand US$)","1000 USD",2010,1631,"Tomatoes","no"
"BRB","Barbados","Caribbean",NA,"Vegetables","Gross Production Value (constant 2014-2016 thousand US$)","1000 USD",2011,1847,"Tomatoes","no"
"BRB","Barbados","Caribbean",NA,"Vegetables","Gross Production Value (constant 2014-2016 thousand US$)","1000 USD",2012,2385,"Tomatoes","no"
"BRB","Barbados","Caribbean",NA,"Vegetables","Gross Production Value (constant 2014-2016 thousand US$)","1000 USD",2013,2246,"Tomatoes","no"
"BRB","Barbados","Caribbean",NA,"Vegetables","Gross Production Value (constant 2014-2016 thousand US$)","1000 USD",2014,1774,"Tomatoes","no"
"BRB","Barbados","Caribbean",NA,"Vegetables","Gross Production Value (constant 2014-2016 thousand US$)","1000 USD",2015,1666,"Tomatoes","no"
"BRB","Barbados","Caribbean",NA,"Vegetables","Gross Production Value (constant 2014-2016 thousand US$)","1000 USD",2016,700,"Tomatoes","no"
"BRB","Barbados","Caribbean",NA,"Vegetables","Gross Production Value (constant 2014-2016 thousand US$)","1000 USD",2017,755,"Tomatoes","no"
"BRB","Barbados","Caribbean",NA,"Vegetables","Gross Production Value (constant 2014-2016 thousand US$)","1000 USD",2018,1605,"Tomatoes","no"
"BRB","Barbados","Caribbean",NA,"Vegetables","Gross Production Value (constant 2014-2016 thousand US$)","1000 USD",2019,1742,"Tomatoes","no"
"BRB","Barbados","Caribbean",NA,"Vegetables","Gross Production Value (constant 2014-2016 thousand US$)","1000 USD",2020,1939,"Tomatoes","no"
"BRB","Barbados","Caribbean",NA,"Vegetables","Gross Production Value (constant 2014-2016 thousand US$)","1000 USD",2021,997,"Tomatoes","no"
"BRB","Barbados","Caribbean",NA,"Vegetables","Gross Production Value (constant 2014-2016 thousand US$)","1000 USD",2022,2058,"Tomatoes","no"
"BRB","Barbados","Caribbean",NA,"Vegetables","Gross Production Value (constant 2014-2016 thousand US$)","1000 USD",2023,1911,"Tomatoes","no"
"BRB","Barbados","Caribbean",NA,"Edible roots and tubers with high starch or inulin content","Gross Production Value (constant 2014-2016 thousand I$)","1000 Int$",1992,414,"Yams","no"
"BRB","Barbados","Caribbean",NA,"Edible roots and tubers with high starch or inulin content","Gross Production Value (constant 2014-2016 thousand I$)","1000 Int$",1993,510,"Yams","no"
"BRB","Barbados","Caribbean",NA,"Edible roots and tubers with high starch or inulin content","Gross Production Value (constant 2014-2016 thousand I$)","1000 Int$",1994,310,"Yams","no"
"BRB","Barbados","Caribbean",NA,"Edible roots and tubers with high starch or inulin content","Gross Production Value (constant 2014-2016 thousand I$)","1000 Int$",1995,680,"Yams","no"
"BRB","Barbados","Caribbean",NA,"Edible roots and tubers with high starch or inulin content","Gross Production Value (constant 2014-2016 thousand I$)","1000 Int$",1996,397,"Yams","no"
"BRB","Barbados","Caribbean",NA,"Edible roots and tubers with high starch or inulin content","Gross Production Value (constant 2014-2016 thousand I$)","1000 Int$",1997,349,"Yams","no"
"BRB","Barbados","Caribbean",NA,"Edible roots and tubers with high starch or inulin content","Gross Production Value (constant 2014-2016 thousand I$)","1000 Int$",1998,357,"Yams","no"
"BRB","Barbados","Caribbean",NA,"Edible roots and tubers with high starch or inulin content","Gross Production Value (constant 2014-2016 thousand I$)","1000 Int$",1999,278,"Yams","no"
"BRB","Barbados","Caribbean",NA,"Edible roots and tubers with high starch or inulin content","Gross Production Value (constant 2014-2016 thousand I$)","1000 Int$",2000,304,"Yams","no"
"BRB","Barbados","Caribbean",NA,"Edible roots and tubers with high starch or inulin content","Gross Production Value (constant 2014-2016 thousand I$)","1000 Int$",2001,318,"Yams","no"
"BRB","Barbados","Caribbean",NA,"Edible roots and tubers with high starch or inulin content","Gross Production Value (constant 2014-2016 thousand I$)","1000 Int$",2002,92,"Yams","no"
"BRB","Barbados","Caribbean",NA,"Edible roots and tubers with high starch or inulin content","Gross Production Value (constant 2014-2016 thousand I$)","1000 Int$",2003,323,"Yams","no"
"BRB","Barbados","Caribbean",NA,"Edible roots and tubers with high starch or inulin content","Gross Production Value (constant 2014-2016 thousand I$)","1000 Int$",2004,160,"Yams","no"
"BRB","Barbados","Caribbean",NA,"Edible roots and tubers with high starch or inulin content","Gross Production Value (constant 2014-2016 thousand I$)","1000 Int$",2005,216,"Yams","no"
"BRB","Barbados","Caribbean",NA,"Edible roots and tubers with high starch or inulin content","Gross Production Value (constant 2014-2016 thousand I$)","1000 Int$",2006,210,"Yams","no"
"BRB","Barbados","Caribbean",NA,"Edible roots and tubers with high starch or inulin content","Gross Production Value (constant 2014-2016 thousand I$)","1000 Int$",2007,171,"Yams","no"
"BRB","Barbados","Caribbean",NA,"Edible roots and tubers with high starch or inulin content","Gross Production Value (constant 2014-2016 thousand I$)","1000 Int$",2008,74,"Yams","no"
"BRB","Barbados","Caribbean",NA,"Edible roots and tubers with high starch or inulin content","Gross Production Value (constant 2014-2016 thousand I$)","1000 Int$",2009,218,"Yams","no"
"BRB","Barbados","Caribbean",NA,"Edible roots and tubers with high starch or inulin content","Gross Production Value (constant 2014-2016 thousand I$)","1000 Int$",2010,214,"Yams","no"
"BRB","Barbados","Caribbean",NA,"Edible roots and tubers with high starch or inulin content","Gross Production Value (constant 2014-2016 thousand I$)","1000 Int$",2011,64,"Yams","no"
"BRB","Barbados","Caribbean",NA,"Edible roots and tubers with high starch or inulin content","Gross Production Value (constant 2014-2016 thousand I$)","1000 Int$",2012,92,"Yams","no"
"BRB","Barbados","Caribbean",NA,"Edible roots and tubers with high starch or inulin content","Gross Production Value (constant 2014-2016 thousand I$)","1000 Int$",2013,198,"Yams","no"
"BRB","Barbados","Caribbean",NA,"Edible roots and tubers with high starch or inulin content","Gross Production Value (constant 2014-2016 thousand I$)","1000 Int$",2014,150,"Yams","no"
"BRB","Barbados","Caribbean",NA,"Edible roots and tubers with high starch or inulin content","Gross Production Value (constant 2014-2016 thousand I$)","1000 Int$",2015,153,"Yams","no"
"BRB","Barbados","Caribbean",NA,"Edible roots and tubers with high starch or inulin content","Gross Production Value (constant 2014-2016 thousand I$)","1000 Int$",2016,100,"Yams","no"
"BRB","Barbados","Caribbean",NA,"Edible roots and tubers with high starch or inulin content","Gross Production Value (constant 2014-2016 thousand I$)","1000 Int$",2017,48,"Yams","no"
"BRB","Barbados","Caribbean",NA,"Edible roots and tubers with high starch or inulin content","Gross Production Value (constant 2014-2016 thousand I$)","1000 Int$",2018,91,"Yams","no"
"BRB","Barbados","Caribbean",NA,"Edible roots and tubers with high starch or inulin content","Gross Production Value (constant 2014-2016 thousand I$)","1000 Int$",2019,52,"Yams","no"
"BRB","Barbados","Caribbean",NA,"Edible roots and tubers with high starch or inulin content","Gross Production Value (constant 2014-2016 thousand I$)","1000 Int$",2020,52,"Yams","no"
"BRB","Barbados","Caribbean",NA,"Edible roots and tubers with high starch or inulin content","Gross Production Value (constant 2014-2016 thousand I$)","1000 Int$",2021,84,"Yams","no"
"BRB","Barbados","Caribbean",NA,"Edible roots and tubers with high starch or inulin content","Gross Production Value (constant 2014-2016 thousand I$)","1000 Int$",2022,262,"Yams","no"
"BRB","Barbados","Caribbean",NA,"Edible roots and tubers with high starch or inulin content","Gross Production Value (constant 2014-2016 thousand I$)","1000 Int$",2023,124,"Yams","no"
"BRB","Barbados","Caribbean",NA,"Edible roots and tubers with high starch or inulin content","Gross Production Value (constant 2014-2016 thousand US$)","1000 USD",1992,5395,"Yams","no"
"BRB","Barbados","Caribbean",NA,"Edible roots and tubers with high starch or inulin content","Gross Production Value (constant 2014-2016 thousand US$)","1000 USD",1993,6639,"Yams","no"
"BRB","Barbados","Caribbean",NA,"Edible roots and tubers with high starch or inulin content","Gross Production Value (constant 2014-2016 thousand US$)","1000 USD",1994,4041,"Yams","no"
"BRB","Barbados","Caribbean",NA,"Edible roots and tubers with high starch or inulin content","Gross Production Value (constant 2014-2016 thousand US$)","1000 USD",1995,8854,"Yams","no"
"BRB","Barbados","Caribbean",NA,"Edible roots and tubers with high starch or inulin content","Gross Production Value (constant 2014-2016 thousand US$)","1000 USD",1996,5168,"Yams","no"
"BRB","Barbados","Caribbean",NA,"Edible roots and tubers with high starch or inulin content","Gross Production Value (constant 2014-2016 thousand US$)","1000 USD",1997,4544,"Yams","no"
"BRB","Barbados","Caribbean",NA,"Edible roots and tubers with high starch or inulin content","Gross Production Value (constant 2014-2016 thousand US$)","1000 USD",1998,4651,"Yams","no"
"BRB","Barbados","Caribbean",NA,"Edible roots and tubers with high starch or inulin content","Gross Production Value (constant 2014-2016 thousand US$)","1000 USD",1999,3617,"Yams","no"
"BRB","Barbados","Caribbean",NA,"Edible roots and tubers with high starch or inulin content","Gross Production Value (constant 2014-2016 thousand US$)","1000 USD",2000,3962,"Yams","no"
"BRB","Barbados","Caribbean",NA,"Edible roots and tubers with high starch or inulin content","Gross Production Value (constant 2014-2016 thousand US$)","1000 USD",2001,4134,"Yams","no"
"BRB","Barbados","Caribbean",NA,"Edible roots and tubers with high starch or inulin content","Gross Production Value (constant 2014-2016 thousand US$)","1000 USD",2002,1202,"Yams","no"
"BRB","Barbados","Caribbean",NA,"Edible roots and tubers with high starch or inulin content","Gross Production Value (constant 2014-2016 thousand US$)","1000 USD",2003,4203,"Yams","no"
"BRB","Barbados","Caribbean",NA,"Edible roots and tubers with high starch or inulin content","Gross Production Value (constant 2014-2016 thousand US$)","1000 USD",2004,2077,"Yams","no"
"BRB","Barbados","Caribbean",NA,"Edible roots and tubers with high starch or inulin content","Gross Production Value (constant 2014-2016 thousand US$)","1000 USD",2005,2818,"Yams","no"
"BRB","Barbados","Caribbean",NA,"Edible roots and tubers with high starch or inulin content","Gross Production Value (constant 2014-2016 thousand US$)","1000 USD",2006,2735,"Yams","no"
"BRB","Barbados","Caribbean",NA,"Edible roots and tubers with high starch or inulin content","Gross Production Value (constant 2014-2016 thousand US$)","1000 USD",2007,2229,"Yams","no"
"BRB","Barbados","Caribbean",NA,"Edible roots and tubers with high starch or inulin content","Gross Production Value (constant 2014-2016 thousand US$)","1000 USD",2008,965,"Yams","no"
"BRB","Barbados","Caribbean",NA,"Edible roots and tubers with high starch or inulin content","Gross Production Value (constant 2014-2016 thousand US$)","1000 USD",2009,2839,"Yams","no"
"BRB","Barbados","Caribbean",NA,"Edible roots and tubers with high starch or inulin content","Gross Production Value (constant 2014-2016 thousand US$)","1000 USD",2010,2780,"Yams","no"
"BRB","Barbados","Caribbean",NA,"Edible roots and tubers with high starch or inulin content","Gross Production Value (constant 2014-2016 thousand US$)","1000 USD",2011,837,"Yams","no"
"BRB","Barbados","Caribbean",NA,"Edible roots and tubers with high starch or inulin content","Gross Production Value (constant 2014-2016 thousand US$)","1000 USD",2012,1199,"Yams","no"
"BRB","Barbados","Caribbean",NA,"Edible roots and tubers with high starch or inulin content","Gross Production Value (constant 2014-2016 thousand US$)","1000 USD",2013,2580,"Yams","no"
"BRB","Barbados","Caribbean",NA,"Edible roots and tubers with high starch or inulin content","Gross Production Value (constant 2014-2016 thousand US$)","1000 USD",2014,1953,"Yams","no"
"BRB","Barbados","Caribbean",NA,"Edible roots and tubers with high starch or inulin content","Gross Production Value (constant 2014-2016 thousand US$)","1000 USD",2015,1992,"Yams","no"
"BRB","Barbados","Caribbean",NA,"Edible roots and tubers with high starch or inulin content","Gross Production Value (constant 2014-2016 thousand US$)","1000 USD",2016,1302,"Yams","no"
"BRB","Barbados","Caribbean",NA,"Edible roots and tubers with high starch or inulin content","Gross Production Value (constant 2014-2016 thousand US$)","1000 USD",2017,625,"Yams","no"
"BRB","Barbados","Caribbean",NA,"Edible roots and tubers with high starch or inulin content","Gross Production Value (constant 2014-2016 thousand US$)","1000 USD",2018,1189,"Yams","no"
"BRB","Barbados","Caribbean",NA,"Edible roots and tubers with high starch or inulin content","Gross Production Value (constant 2014-2016 thousand US$)","1000 USD",2019,679,"Yams","no"
"BRB","Barbados","Caribbean",NA,"Edible roots and tubers with high starch or inulin content","Gross Production Value (constant 2014-2016 thousand US$)","1000 USD",2020,675,"Yams","no"
"BRB","Barbados","Caribbean",NA,"Edible roots and tubers with high starch or inulin content","Gross Production Value (constant 2014-2016 thousand US$)","1000 USD",2021,1089,"Yams","no"
"BRB","Barbados","Caribbean",NA,"Edible roots and tubers with high starch or inulin content","Gross Production Value (constant 2014-2016 thousand US$)","1000 USD",2022,3407,"Yams","no"
"BRB","Barbados","Caribbean",NA,"Edible roots and tubers with high starch or inulin content","Gross Production Value (constant 2014-2016 thousand US$)","1000 USD",2023,1614,"Yams","no"
NA,NA,"Caribbean",NA,"Cereals","Gross Production Value (constant 2014-2016 thousand I$)","1000 Int$",1992,5014.928571428572,"Maize","no"
NA,NA,"Caribbean",NA,"Cereals","Gross Production Value (constant 2014-2016 thousand I$)","1000 Int$",1993,4752.5,"Maize","no"
NA,NA,"Caribbean",NA,"Cereals","Gross Production Value (constant 2014-2016 thousand I$)","1000 Int$",1994,5301,"Maize","no"
NA,NA,"Caribbean",NA,"Cereals","Gross Production Value (constant 2014-2016 thousand I$)","1000 Int$",1995,5487.642857142857,"Maize","no"
NA,NA,"Caribbean",NA,"Cereals","Gross Production Value (constant 2014-2016 thousand I$)","1000 Int$",1996,5734.214285714285,"Maize","no"
NA,NA,"Caribbean",NA,"Cereals","Gross Production Value (constant 2014-2016 thousand I$)","1000 Int$",1997,6850.5,"Maize","no"
NA,NA,"Caribbean",NA,"Cereals","Gross Production Value (constant 2014-2016 thousand I$)","1000 Int$",1998,6178.071428571428,"Maize","no"
NA,NA,"Caribbean",NA,"Cereals","Gross Production Value (constant 2014-2016 thousand I$)","1000 Int$",1999,7510.785714285715,"Maize","no"
NA,NA,"Caribbean",NA,"Cereals","Gross Production Value (constant 2014-2016 thousand I$)","1000 Int$",2000,7237.285714285715,"Maize","no"
NA,NA,"Caribbean",NA,"Cereals","Gross Production Value (constant 2014-2016 thousand I$)","1000 Int$",2001,7477.928571428572,"Maize","no"
NA,NA,"Caribbean",NA,"Cereals","Gross Production Value (constant 2014-2016 thousand I$)","1000 Int$",2002,7540.928571428572,"Maize","no"
NA,NA,"Caribbean",NA,"Cereals","Gross Production Value (constant 2014-2016 thousand I$)","1000 Int$",2003,8506,"Maize","no"
NA,NA,"Caribbean",NA,"Cereals","Gross Production Value (constant 2014-2016 thousand I$)","1000 Int$",2004,9194.785714285714,"Maize","no"
NA,NA,"Caribbean",NA,"Cereals","Gross Production Value (constant 2014-2016 thousand I$)","1000 Int$",2005,8679.857142857143,"Maize","no"
NA,NA,"Caribbean",NA,"Cereals","Gross Production Value (constant 2014-2016 thousand I$)","1000 Int$",2006,7867.785714285715,"Maize","no"
NA,NA,"Caribbean",NA,"Cereals","Gross Production Value (constant 2014-2016 thousand I$)","1000 Int$",2007,9690.857142857143,"Maize","no"
NA,NA,"Caribbean",NA,"Cereals","Gross Production Value (constant 2014-2016 thousand I$)","1000 Int$",2008,8186.357142857143,"Maize","no"
NA,NA,"Caribbean",NA,"Cereals","Gross Production Value (constant 2014-2016 thousand I$)","1000 Int$",2009,9337.285714285714,"Maize","no"
NA,NA,"Caribbean",NA,"Cereals","Gross Production Value (constant 2014-2016 thousand I$)","1000 Int$",2010,10142.57142857143,"Maize","no"
NA,NA,"Caribbean",NA,"Cereals","Gross Production Value (constant 2014-2016 thousand I$)","1000 Int$",2011,10868.07142857143,"Maize","no"
NA,NA,"Caribbean",NA,"Cereals","Gross Production Value (constant 2014-2016 thousand I$)","1000 Int$",2012,8783.57142857143,"Maize","no"
NA,NA,"Caribbean",NA,"Cereals","Gross Production Value (constant 2014-2016 thousand I$)","1000 Int$",2013,11703.785714285714,"Maize","no"
NA,NA,"Caribbean",NA,"Cereals","Gross Production Value (constant 2014-2016 thousand I$)","1000 Int$",2014,11380.142857142857,"Maize","no"
NA,NA,"Caribbean",NA,"Cereals","Gross Production Value (constant 2014-2016 thousand I$)","1000 Int$",2015,9601.92857142857,"Maize","no"
NA,NA,"Caribbean",NA,"Cereals","Gross Production Value (constant 2014-2016 thousand I$)","1000 Int$",2016,10128.214285714286,"Maize","no"
NA,NA,"Caribbean",NA,"Cereals","Gross Production Value (constant 2014-2016 thousand I$)","1000 Int$",2017,9347.642857142857,"Maize","no"
NA,NA,"Caribbean",NA,"Cereals","Gross Production Value (constant 2014-2016 thousand I$)","1000 Int$",2018,9085.142857142857,"Maize","no"
NA,NA,"Caribbean",NA,"Cereals","Gross Production Value (constant 2014-2016 thousand I$)","1000 Int$",2019,8040.071428571428,"Maize","no"
NA,NA,"Caribbean",NA,"Cereals","Gross Production Value (constant 2014-2016 thousand I$)","1000 Int$",2020,6435.357142857143,"Maize","no"
NA,NA,"Caribbean",NA,"Cereals","Gross Production Value (constant 2014-2016 thousand I$)","1000 Int$",2021,7210.142857142857,"Maize","no"
NA,NA,"Caribbean",NA,"Cereals","Gross Production Value (constant 2014-2016 thousand I$)","1000 Int$",2022,6088.285714285715,"Maize","no"
NA,NA,"Caribbean",NA,"Cereals","Gross Production Value (constant 2014-2016 thousand I$)","1000 Int$",2023,6182.142857142857,"Maize","no"
NA,NA,"Caribbean",NA,"Cereals","Gross Production Value (constant 2014-2016 thousand US$)","1000 USD",1992,4179.666666666667,"Maize","no"
NA,NA,"Caribbean",NA,"Cereals","Gross Production Value (constant 2014-2016 thousand US$)","1000 USD",1993,3776.3333333333335,"Maize","no"
NA,NA,"Caribbean",NA,"Cereals","Gross Production Value (constant 2014-2016 thousand US$)","1000 USD",1994,3377.8888888888887,"Maize","no"
NA,NA,"Caribbean",NA,"Cereals","Gross Production Value (constant 2014-2016 thousand US$)","1000 USD",1995,4109.555555555556,"Maize","no"
NA,NA,"Caribbean",NA,"Cereals","Gross Production Value (constant 2014-2016 thousand US$)","1000 USD",1996,3844.6666666666665,"Maize","no"
NA,NA,"Caribbean",NA,"Cereals","Gross Production Value (constant 2014-2016 thousand US$)","1000 USD",1997,3288.777777777778,"Maize","no"
NA,NA,"Caribbean",NA,"Cereals","Gross Production Value (constant 2014-2016 thousand US$)","1000 USD",1998,3233.4444444444443,"Maize","no"
NA,NA,"Caribbean",NA,"Cereals","Gross Production Value (constant 2014-2016 thousand US$)","1000 USD",1999,2469.3333333333335,"Maize","no"
NA,NA,"Caribbean",NA,"Cereals","Gross Production Value (constant 2014-2016 thousand US$)","1000 USD",2000,2022.888888888889,"Maize","no"
NA,NA,"Caribbean",NA,"Cereals","Gross Production Value (constant 2014-2016 thousand US$)","1000 USD",2001,2711.4444444444443,"Maize","no"
NA,NA,"Caribbean",NA,"Cereals","Gross Production Value (constant 2014-2016 thousand US$)","1000 USD",2002,2389.222222222222,"Maize","no"
NA,NA,"Caribbean",NA,"Cereals","Gross Production Value (constant 2014-2016 thousand US$)","1000 USD",2003,3079.5555555555557,"Maize","no"
NA,NA,"Caribbean",NA,"Cereals","Gross Production Value (constant 2014-2016 thousand US$)","1000 USD",2004,2645.3333333333335,"Maize","no"
NA,NA,"Caribbean",NA,"Cereals","Gross Production Value (constant 2014-2016 thousand US$)","1000 USD",2005,2643.3333333333335,"Maize","no"
NA,NA,"Caribbean",NA,"Cereals","Gross Production Value (constant 2014-2016 thousand US$)","1000 USD",2006,2484.6666666666665,"Maize","no"
NA,NA,"Caribbean",NA,"Cereals","Gross Production Value (constant 2014-2016 thousand US$)","1000 USD",2007,2323.222222222222,"Maize","no"
NA,NA,"Caribbean",NA,"Cereals","Gross Production Value (constant 2014-2016 thousand US$)","1000 USD",2008,2307.777777777778,"Maize","no"
NA,NA,"Caribbean",NA,"Cereals","Gross Production Value (constant 2014-2016 thousand US$)","1000 USD",2009,2770.3333333333335,"Maize","no"
NA,NA,"Caribbean",NA,"Cereals","Gross Production Value (constant 2014-2016 thousand US$)","1000 USD",2010,2764.1111111111113,"Maize","no"
NA,NA,"Caribbean",NA,"Cereals","Gross Production Value (constant 2014-2016 thousand US$)","1000 USD",2011,2943,"Maize","no"
NA,NA,"Caribbean",NA,"Cereals","Gross Production Value (constant 2014-2016 thousand US$)","1000 USD",2012,3256.222222222222,"Maize","no"
NA,NA,"Caribbean",NA,"Cereals","Gross Production Value (constant 2014-2016 thousand US$)","1000 USD",2013,3451.1111111111113,"Maize","no"
NA,NA,"Caribbean",NA,"Cereals","Gross Production Value (constant 2014-2016 thousand US$)","1000 USD",2014,2868.8888888888887,"Maize","no"
NA,NA,"Caribbean",NA,"Cereals","Gross Production Value (constant 2014-2016 thousand US$)","1000 USD",2015,2720.5555555555557,"Maize","no"
NA,NA,"Caribbean",NA,"Cereals","Gross Production Value (constant 2014-2016 thousand US$)","1000 USD",2016,3076.222222222222,"Maize","no"
NA,NA,"Caribbean",NA,"Cereals","Gross Production Value (constant 2014-2016 thousand US$)","1000 USD",2017,3304.6666666666665,"Maize","no"
NA,NA,"Caribbean",NA,"Cereals","Gross Production Value (constant 2014-2016 thousand US$)","1000 USD",2018,3209.8888888888887,"Maize","no"
NA,NA,"Caribbean",NA,"Cereals","Gross Production Value (constant 2014-2016 thousand US$)","1000 USD",2019,3404.3333333333335,"Maize","no"
NA,NA,"Caribbean",NA,"Cereals","Gross Production Value (constant 2014-2016 thousand US$)","1000 USD",2020,3455.5555555555557,"Maize","no"
NA,NA,"Caribbean",NA,"Cereals","Gross Production Value (constant 2014-2016 thousand US$)","1000 USD",2021,3649.777777777778,"Maize","no"
NA,NA,"Caribbean",NA,"Cereals","Gross Production Value (constant 2014-2016 thousand US$)","1000 USD",2022,4120.555555555556,"Maize","no"
NA,NA,"Caribbean",NA,"Cereals","Gross Production Value (constant 2014-2016 thousand US$)","1000 USD",2023,4888.555555555556,"Maize","no"
NA,NA,"Caribbean",NA,"Cereals","Gross Production Value (constant 2014-2016 thousand I$)","1000 Int$",1992,60894.42857142857,"Rice","no"
NA,NA,"Caribbean",NA,"Cereals","Gross Production Value (constant 2014-2016 thousand I$)","1000 Int$",1993,42157.57142857143,"Rice","no"
NA,NA,"Caribbean",NA,"Cereals","Gross Production Value (constant 2014-2016 thousand I$)","1000 Int$",1994,49508,"Rice","no"
NA,NA,"Caribbean",NA,"Cereals","Gross Production Value (constant 2014-2016 thousand I$)","1000 Int$",1995,55486.857142857145,"Rice","no"
NA,NA,"Caribbean",NA,"Cereals","Gross Production Value (constant 2014-2016 thousand I$)","1000 Int$",1996,66203,"Rice","no"
NA,NA,"Caribbean",NA,"Cereals","Gross Production Value (constant 2014-2016 thousand I$)","1000 Int$",1997,72044.14285714286,"Rice","no"
NA,NA,"Caribbean",NA,"Cereals","Gross Production Value (constant 2014-2016 thousand I$)","1000 Int$",1998,57240.42857142857,"Rice","no"
NA,NA,"Caribbean",NA,"Cereals","Gross Production Value (constant 2014-2016 thousand I$)","1000 Int$",1999,70037.28571428571,"Rice","no"
NA,NA,"Caribbean",NA,"Cereals","Gross Production Value (constant 2014-2016 thousand I$)","1000 Int$",2000,70978,"Rice","no"
NA,NA,"Caribbean",NA,"Cereals","Gross Production Value (constant 2014-2016 thousand I$)","1000 Int$",2001,79832,"Rice","no"
NA,NA,"Caribbean",NA,"Cereals","Gross Production Value (constant 2014-2016 thousand I$)","1000 Int$",2002,85677.42857142857,"Rice","no"
NA,NA,"Caribbean",NA,"Cereals","Gross Production Value (constant 2014-2016 thousand I$)","1000 Int$",2003,80133.71428571429,"Rice","no"
NA,NA,"Caribbean",NA,"Cereals","Gross Production Value (constant 2014-2016 thousand I$)","1000 Int$",2004,65490.28571428572,"Rice","no"
NA,NA,"Caribbean",NA,"Cereals","Gross Production Value (constant 2014-2016 thousand I$)","1000 Int$",2005,62550,"Rice","no"
NA,NA,"Caribbean",NA,"Cereals","Gross Production Value (constant 2014-2016 thousand I$)","1000 Int$",2006,70369,"Rice","no"
NA,NA,"Caribbean",NA,"Cereals","Gross Production Value (constant 2014-2016 thousand I$)","1000 Int$",2007,73804,"Rice","no"
NA,NA,"Caribbean",NA,"Cereals","Gross Production Value (constant 2014-2016 thousand I$)","1000 Int$",2008,74151.71428571429,"Rice","no"
NA,NA,"Caribbean",NA,"Cereals","Gross Production Value (constant 2014-2016 thousand I$)","1000 Int$",2009,82371.42857142857,"Rice","no"
NA,NA,"Caribbean",NA,"Cereals","Gross Production Value (constant 2014-2016 thousand I$)","1000 Int$",2010,80903.85714285714,"Rice","no"
NA,NA,"Caribbean",NA,"Cereals","Gross Production Value (constant 2014-2016 thousand I$)","1000 Int$",2011,88772.14285714286,"Rice","no"
NA,NA,"Caribbean",NA,"Cereals","Gross Production Value (constant 2014-2016 thousand I$)","1000 Int$",2012,81320.42857142857,"Rice","no"
NA,NA,"Caribbean",NA,"Cereals","Gross Production Value (constant 2014-2016 thousand I$)","1000 Int$",2013,87623.85714285714,"Rice","no"
NA,NA,"Caribbean",NA,"Cereals","Gross Production Value (constant 2014-2016 thousand I$)","1000 Int$",2014,86590.42857142857,"Rice","no"
NA,NA,"Caribbean",NA,"Cereals","Gross Production Value (constant 2014-2016 thousand I$)","1000 Int$",2015,76903.71428571429,"Rice","no"
NA,NA,"Caribbean",NA,"Cereals","Gross Production Value (constant 2014-2016 thousand I$)","1000 Int$",2016,86333,"Rice","no"
NA,NA,"Caribbean",NA,"Cereals","Gross Production Value (constant 2014-2016 thousand I$)","1000 Int$",2017,83318,"Rice","no"
NA,NA,"Caribbean",NA,"Cereals","Gross Production Value (constant 2014-2016 thousand I$)","1000 Int$",2018,88981.57142857143,"Rice","no"
NA,NA,"Caribbean",NA,"Cereals","Gross Production Value (constant 2014-2016 thousand I$)","1000 Int$",2019,83789.57142857143,"Rice","no"
NA,NA,"Caribbean",NA,"Cereals","Gross Production Value (constant 2014-2016 thousand I$)","1000 Int$",2020,76184.57142857143,"Rice","no"
NA,NA,"Caribbean",NA,"Cereals","Gross Production Value (constant 2014-2016 thousand I$)","1000 Int$",2021,77670,"Rice","no"
NA,NA,"Caribbean",NA,"Cereals","Gross Production Value (constant 2014-2016 thousand I$)","1000 Int$",2022,73545.28571428571,"Rice","no"
NA,NA,"Caribbean",NA,"Cereals","Gross Production Value (constant 2014-2016 thousand I$)","1000 Int$",2023,67987.85714285714,"Rice","no"
NA,NA,"Caribbean",NA,"Cereals","Gross Production Value (constant 2014-2016 thousand US$)","1000 USD",1992,54287.25,"Rice","no"
NA,NA,"Caribbean",NA,"Cereals","Gross Production Value (constant 2014-2016 thousand US$)","1000 USD",1993,42316.75,"Rice","no"
NA,NA,"Caribbean",NA,"Cereals","Gross Production Value (constant 2014-2016 thousand US$)","1000 USD",1994,36368.25,"Rice","no"
NA,NA,"Caribbean",NA,"Cereals","Gross Production Value (constant 2014-2016 thousand US$)","1000 USD",1995,45638.75,"Rice","no"
NA,NA,"Caribbean",NA,"Cereals","Gross Production Value (constant 2014-2016 thousand US$)","1000 USD",1996,45324.25,"Rice","no"
NA,NA,"Caribbean",NA,"Cereals","Gross Production Value (constant 2014-2016 thousand US$)","1000 USD",1997,47205.5,"Rice","no"
NA,NA,"Caribbean",NA,"Cereals","Gross Production Value (constant 2014-2016 thousand US$)","1000 USD",1998,44134,"Rice","no"
NA,NA,"Caribbean",NA,"Cereals","Gross Production Value (constant 2014-2016 thousand US$)","1000 USD",1999,52080.75,"Rice","no"
NA,NA,"Caribbean",NA,"Cereals","Gross Production Value (constant 2014-2016 thousand US$)","1000 USD",2000,53792,"Rice","no"
NA,NA,"Caribbean",NA,"Cereals","Gross Production Value (constant 2014-2016 thousand US$)","1000 USD",2001,66264.5,"Rice","no"
NA,NA,"Caribbean",NA,"Cereals","Gross Production Value (constant 2014-2016 thousand US$)","1000 USD",2002,67152.75,"Rice","no"
NA,NA,"Caribbean",NA,"Cereals","Gross Production Value (constant 2014-2016 thousand US$)","1000 USD",2003,55737,"Rice","no"
NA,NA,"Caribbean",NA,"Cereals","Gross Production Value (constant 2014-2016 thousand US$)","1000 USD",2004,52840.75,"Rice","no"
NA,NA,"Caribbean",NA,"Cereals","Gross Production Value (constant 2014-2016 thousand US$)","1000 USD",2005,59117,"Rice","no"
NA,NA,"Caribbean",NA,"Cereals","Gross Production Value (constant 2014-2016 thousand US$)","1000 USD",2006,65345.75,"Rice","no"
NA,NA,"Caribbean",NA,"Cereals","Gross Production Value (constant 2014-2016 thousand US$)","1000 USD",2007,68672.25,"Rice","no"
NA,NA,"Caribbean",NA,"Cereals","Gross Production Value (constant 2014-2016 thousand US$)","1000 USD",2008,71408.5,"Rice","no"
NA,NA,"Caribbean",NA,"Cereals","Gross Production Value (constant 2014-2016 thousand US$)","1000 USD",2009,71521,"Rice","no"
NA,NA,"Caribbean",NA,"Cereals","Gross Production Value (constant 2014-2016 thousand US$)","1000 USD",2010,77958,"Rice","no"
NA,NA,"Caribbean",NA,"Cereals","Gross Production Value (constant 2014-2016 thousand US$)","1000 USD",2011,80228.5,"Rice","no"
NA,NA,"Caribbean",NA,"Cereals","Gross Production Value (constant 2014-2016 thousand US$)","1000 USD",2012,60950.25,"Rice","no"
NA,NA,"Caribbean",NA,"Cereals","Gross Production Value (constant 2014-2016 thousand US$)","1000 USD",2013,66401.5,"Rice","no"
NA,NA,"Caribbean",NA,"Cereals","Gross Production Value (constant 2014-2016 thousand US$)","1000 USD",2014,75081,"Rice","no"
NA,NA,"Caribbean",NA,"Cereals","Gross Production Value (constant 2014-2016 thousand US$)","1000 USD",2015,75586.5,"Rice","no"
NA,NA,"Caribbean",NA,"Cereals","Gross Production Value (constant 2014-2016 thousand US$)","1000 USD",2016,78655.25,"Rice","no"
NA,NA,"Caribbean",NA,"Cereals","Gross Production Value (constant 2014-2016 thousand US$)","1000 USD",2017,83171.75,"Rice","no"
NA,NA,"Caribbean",NA,"Cereals","Gross Production Value (constant 2014-2016 thousand US$)","1000 USD",2018,88713,"Rice","no"
NA,NA,"Caribbean",NA,"Cereals","Gross Production Value (constant 2014-2016 thousand US$)","1000 USD",2019,84700.25,"Rice","no"
NA,NA,"Caribbean",NA,"Cereals","Gross Production Value (constant 2014-2016 thousand US$)","1000 USD",2020,86283.75,"Rice","no"
NA,NA,"Caribbean",NA,"Cereals","Gross Production Value (constant 2014-2016 thousand US$)","1000 USD",2021,92949.75,"Rice","no"
NA,NA,"Caribbean",NA,"Cereals","Gross Production Value (constant 2014-2016 thousand US$)","1000 USD",2022,95185.75,"Rice","no"
NA,NA,"Caribbean",NA,"Cereals","Gross Production Value (constant 2014-2016 thousand US$)","1000 USD",2023,87862.25,"Rice","no"
NA,NA,"Caribbean",NA,"Cereals","Gross Production Value (constant 2014-2016 thousand I$)","1000 Int$",1992,8546,"Sorghum","no"
NA,NA,"Caribbean",NA,"Cereals","Gross Production Value (constant 2014-2016 thousand I$)","1000 Int$",1993,8555,"Sorghum","no"
NA,NA,"Caribbean",NA,"Cereals","Gross Production Value (constant 2014-2016 thousand I$)","1000 Int$",1994,7493.666666666667,"Sorghum","no"
NA,NA,"Caribbean",NA,"Cereals","Gross Production Value (constant 2014-2016 thousand I$)","1000 Int$",1995,8196.666666666666,"Sorghum","no"
NA,NA,"Caribbean",NA,"Cereals","Gross Production Value (constant 2014-2016 thousand I$)","1000 Int$",1996,7354,"Sorghum","no"
NA,NA,"Caribbean",NA,"Cereals","Gross Production Value (constant 2014-2016 thousand I$)","1000 Int$",1997,8857.333333333334,"Sorghum","no"
NA,NA,"Caribbean",NA,"Cereals","Gross Production Value (constant 2014-2016 thousand I$)","1000 Int$",1998,7500,"Sorghum","no"
NA,NA,"Caribbean",NA,"Cereals","Gross Production Value (constant 2014-2016 thousand I$)","1000 Int$",1999,7821.666666666667,"Sorghum","no"
NA,NA,"Caribbean",NA,"Cereals","Gross Production Value (constant 2014-2016 thousand I$)","1000 Int$",2000,7459.333333333333,"Sorghum","no"
NA,NA,"Caribbean",NA,"Cereals","Gross Production Value (constant 2014-2016 thousand I$)","1000 Int$",2001,6722,"Sorghum","no"
NA,NA,"Caribbean",NA,"Cereals","Gross Production Value (constant 2014-2016 thousand I$)","1000 Int$",2002,6874.333333333333,"Sorghum","no"
NA,NA,"Caribbean",NA,"Cereals","Gross Production Value (constant 2014-2016 thousand I$)","1000 Int$",2003,6887.333333333333,"Sorghum","no"
NA,NA,"Caribbean",NA,"Cereals","Gross Production Value (constant 2014-2016 thousand I$)","1000 Int$",2004,7415.666666666667,"Sorghum","no"
NA,NA,"Caribbean",NA,"Cereals","Gross Production Value (constant 2014-2016 thousand I$)","1000 Int$",2005,7530.666666666667,"Sorghum","no"
NA,NA,"Caribbean",NA,"Cereals","Gross Production Value (constant 2014-2016 thousand I$)","1000 Int$",2006,7613,"Sorghum","no"
NA,NA,"Caribbean",NA,"Cereals","Gross Production Value (constant 2014-2016 thousand I$)","1000 Int$",2007,8873.333333333334,"Sorghum","no"
NA,NA,"Caribbean",NA,"Cereals","Gross Production Value (constant 2014-2016 thousand I$)","1000 Int$",2008,7317.333333333333,"Sorghum","no"
NA,NA,"Caribbean",NA,"Cereals","Gross Production Value (constant 2014-2016 thousand I$)","1000 Int$",2009,8877.333333333334,"Sorghum","no"
NA,NA,"Caribbean",NA,"Cereals","Gross Production Value (constant 2014-2016 thousand I$)","1000 Int$",2010,10656.666666666666,"Sorghum","no"
NA,NA,"Caribbean",NA,"Cereals","Gross Production Value (constant 2014-2016 thousand I$)","1000 Int$",2011,8225.333333333334,"Sorghum","no"
NA,NA,"Caribbean",NA,"Cereals","Gross Production Value (constant 2014-2016 thousand I$)","1000 Int$",2012,6963.333333333333,"Sorghum","no"
NA,NA,"Caribbean",NA,"Cereals","Gross Production Value (constant 2014-2016 thousand I$)","1000 Int$",2013,8510.666666666666,"Sorghum","no"
NA,NA,"Caribbean",NA,"Cereals","Gross Production Value (constant 2014-2016 thousand I$)","1000 Int$",2014,9281.666666666666,"Sorghum","no"
NA,NA,"Caribbean",NA,"Cereals","Gross Production Value (constant 2014-2016 thousand I$)","1000 Int$",2015,3222,"Sorghum","no"
NA,NA,"Caribbean",NA,"Cereals","Gross Production Value (constant 2014-2016 thousand I$)","1000 Int$",2016,2330.3333333333335,"Sorghum","no"
NA,NA,"Caribbean",NA,"Cereals","Gross Production Value (constant 2014-2016 thousand I$)","1000 Int$",2017,6426.666666666667,"Sorghum","no"
NA,NA,"Caribbean",NA,"Cereals","Gross Production Value (constant 2014-2016 thousand I$)","1000 Int$",2018,1685,"Sorghum","no"
NA,NA,"Caribbean",NA,"Cereals","Gross Production Value (constant 2014-2016 thousand I$)","1000 Int$",2019,1026.3333333333333,"Sorghum","no"
NA,NA,"Caribbean",NA,"Cereals","Gross Production Value (constant 2014-2016 thousand I$)","1000 Int$",2020,866.3333333333334,"Sorghum","no"
NA,NA,"Caribbean",NA,"Cereals","Gross Production Value (constant 2014-2016 thousand I$)","1000 Int$",2021,1421,"Sorghum","no"
NA,NA,"Caribbean",NA,"Cereals","Gross Production Value (constant 2014-2016 thousand I$)","1000 Int$",2022,1416.6666666666667,"Sorghum","no"
NA,NA,"Caribbean",NA,"Cereals","Gross Production Value (constant 2014-2016 thousand I$)","1000 Int$",2023,1357.3333333333333,"Sorghum","no"
NA,NA,"Caribbean",NA,"Cereals","Gross Production Value (constant 2014-2016 thousand US$)","1000 USD",1992,4821,"Sorghum","no"
NA,NA,"Caribbean",NA,"Cereals","Gross Production Value (constant 2014-2016 thousand US$)","1000 USD",1993,4207,"Sorghum","no"
NA,NA,"Caribbean",NA,"Cereals","Gross Production Value (constant 2014-2016 thousand US$)","1000 USD",1994,3484,"Sorghum","no"
NA,NA,"Caribbean",NA,"Cereals","Gross Production Value (constant 2014-2016 thousand US$)","1000 USD",1995,5392,"Sorghum","no"
NA,NA,"Caribbean",NA,"Cereals","Gross Production Value (constant 2014-2016 thousand US$)","1000 USD",1996,3525,"Sorghum","no"
NA,NA,"Caribbean",NA,"Cereals","Gross Production Value (constant 2014-2016 thousand US$)","1000 USD",1997,6045,"Sorghum","no"
NA,NA,"Caribbean",NA,"Cereals","Gross Production Value (constant 2014-2016 thousand US$)","1000 USD",1998,2243,"Sorghum","no"
NA,NA,"Caribbean",NA,"Cereals","Gross Production Value (constant 2014-2016 thousand US$)","1000 USD",1999,2176,"Sorghum","no"
NA,NA,"Caribbean",NA,"Cereals","Gross Production Value (constant 2014-2016 thousand US$)","1000 USD",2000,1339,"Sorghum","no"
NA,NA,"Caribbean",NA,"Cereals","Gross Production Value (constant 2014-2016 thousand US$)","1000 USD",2001,3507,"Sorghum","no"
NA,NA,"Caribbean",NA,"Cereals","Gross Production Value (constant 2014-2016 thousand US$)","1000 USD",2002,1433,"Sorghum","no"
NA,NA,"Caribbean",NA,"Cereals","Gross Production Value (constant 2014-2016 thousand US$)","1000 USD",2003,1100,"Sorghum","no"
NA,NA,"Caribbean",NA,"Cereals","Gross Production Value (constant 2014-2016 thousand US$)","1000 USD",2004,1568,"Sorghum","no"
NA,NA,"Caribbean",NA,"Cereals","Gross Production Value (constant 2014-2016 thousand US$)","1000 USD",2005,528,"Sorghum","no"
NA,NA,"Caribbean",NA,"Cereals","Gross Production Value (constant 2014-2016 thousand US$)","1000 USD",2006,172,"Sorghum","no"
NA,NA,"Caribbean",NA,"Cereals","Gross Production Value (constant 2014-2016 thousand US$)","1000 USD",2007,409,"Sorghum","no"
NA,NA,"Caribbean",NA,"Cereals","Gross Production Value (constant 2014-2016 thousand US$)","1000 USD",2008,160,"Sorghum","no"
NA,NA,"Caribbean",NA,"Cereals","Gross Production Value (constant 2014-2016 thousand US$)","1000 USD",2009,221,"Sorghum","no"
NA,NA,"Caribbean",NA,"Cereals","Gross Production Value (constant 2014-2016 thousand US$)","1000 USD",2010,320,"Sorghum","no"
NA,NA,"Caribbean",NA,"Cereals","Gross Production Value (constant 2014-2016 thousand US$)","1000 USD",2011,623,"Sorghum","no"
NA,NA,"Caribbean",NA,"Cereals","Gross Production Value (constant 2014-2016 thousand US$)","1000 USD",2012,550,"Sorghum","no"
NA,NA,"Caribbean",NA,"Cereals","Gross Production Value (constant 2014-2016 thousand US$)","1000 USD",2013,1083,"Sorghum","no"
NA,NA,"Caribbean",NA,"Cereals","Gross Production Value (constant 2014-2016 thousand US$)","1000 USD",2014,443,"Sorghum","no"
NA,NA,"Caribbean",NA,"Cereals","Gross Production Value (constant 2014-2016 thousand US$)","1000 USD",2015,526,"Sorghum","no"
NA,NA,"Caribbean",NA,"Cereals","Gross Production Value (constant 2014-2016 thousand US$)","1000 USD",2016,315,"Sorghum","no"
NA,NA,"Caribbean",NA,"Cereals","Gross Production Value (constant 2014-2016 thousand US$)","1000 USD",2017,321,"Sorghum","no"
NA,NA,"Caribbean",NA,"Cereals","Gross Production Value (constant 2014-2016 thousand US$)","1000 USD",2018,274,"Sorghum","no"
NA,NA,"Caribbean",NA,"Cereals","Gross Production Value (constant 2014-2016 thousand US$)","1000 USD",2019,194,"Sorghum","no"
NA,NA,"Caribbean",NA,"Cereals","Gross Production Value (constant 2014-2016 thousand US$)","1000 USD",2020,99,"Sorghum","no"
NA,NA,"Caribbean",NA,"Cereals","Gross Production Value (constant 2014-2016 thousand US$)","1000 USD",2021,89,"Sorghum","no"
NA,NA,"Caribbean",NA,"Cereals","Gross Production Value (constant 2014-2016 thousand US$)","1000 USD",2022,62,"Sorghum","no"
NA,NA,"Caribbean",NA,"Cereals","Gross Production Value (constant 2014-2016 thousand US$)","1000 USD",2023,80,"Sorghum","no"
NA,NA,"Caribbean",NA,"Edible roots and tubers with high starch or inulin content","Gross Production Value (constant 2014-2016 thousand I$)","1000 Int$",1992,7728.733333333334,"Cassava","no"
NA,NA,"Caribbean",NA,"Edible roots and tubers with high starch or inulin content","Gross Production Value (constant 2014-2016 thousand I$)","1000 Int$",1993,7026.6,"Cassava","no"
NA,NA,"Caribbean",NA,"Edible roots and tubers with high starch or inulin content","Gross Production Value (constant 2014-2016 thousand I$)","1000 Int$",1994,6046.6,"Cassava","no"
NA,NA,"Caribbean",NA,"Edible roots and tubers with high starch or inulin content","Gross Production Value (constant 2014-2016 thousand I$)","1000 Int$",1995,7063.6,"Cassava","no"
NA,NA,"Caribbean",NA,"Edible roots and tubers with high starch or inulin content","Gross Production Value (constant 2014-2016 thousand I$)","1000 Int$",1996,7163.8,"Cassava","no"
NA,NA,"Caribbean",NA,"Edible roots and tubers with high starch or inulin content","Gross Production Value (constant 2014-2016 thousand I$)","1000 Int$",1997,6791.4,"Cassava","no"
NA,NA,"Caribbean",NA,"Edible roots and tubers with high starch or inulin content","Gross Production Value (constant 2014-2016 thousand I$)","1000 Int$",1998,7598.466666666666,"Cassava","no"
NA,NA,"Caribbean",NA,"Edible roots and tubers with high starch or inulin content","Gross Production Value (constant 2014-2016 thousand I$)","1000 Int$",1999,8138.133333333333,"Cassava","no"
NA,NA,"Caribbean",NA,"Edible roots and tubers with high starch or inulin content","Gross Production Value (constant 2014-2016 thousand I$)","1000 Int$",2000,8820.866666666667,"Cassava","no"
NA,NA,"Caribbean",NA,"Edible roots and tubers with high starch or inulin content","Gross Production Value (constant 2014-2016 thousand I$)","1000 Int$",2001,9577.866666666667,"Cassava","no"
NA,NA,"Caribbean",NA,"Edible roots and tubers with high starch or inulin content","Gross Production Value (constant 2014-2016 thousand I$)","1000 Int$",2002,9707.133333333333,"Cassava","no"
NA,NA,"Caribbean",NA,"Edible roots and tubers with high starch or inulin content","Gross Production Value (constant 2014-2016 thousand I$)","1000 Int$",2003,11598.333333333334,"Cassava","no"
NA,NA,"Caribbean",NA,"Edible roots and tubers with high starch or inulin content","Gross Production Value (constant 2014-2016 thousand I$)","1000 Int$",2004,11604.533333333333,"Cassava","no"
NA,NA,"Caribbean",NA,"Edible roots and tubers with high starch or inulin content","Gross Production Value (constant 2014-2016 thousand I$)","1000 Int$",2005,11550.4,"Cassava","no"
NA,NA,"Caribbean",NA,"Edible roots and tubers with high starch or inulin content","Gross Production Value (constant 2014-2016 thousand I$)","1000 Int$",2006,9713.733333333334,"Cassava","no"
NA,NA,"Caribbean",NA,"Edible roots and tubers with high starch or inulin content","Gross Production Value (constant 2014-2016 thousand I$)","1000 Int$",2007,9507.266666666666,"Cassava","no"
NA,NA,"Caribbean",NA,"Edible roots and tubers with high starch or inulin content","Gross Production Value (constant 2014-2016 thousand I$)","1000 Int$",2008,8739.066666666668,"Cassava","no"
NA,NA,"Caribbean",NA,"Edible roots and tubers with high starch or inulin content","Gross Production Value (constant 2014-2016 thousand I$)","1000 Int$",2009,9203.266666666666,"Cassava","no"
NA,NA,"Caribbean",NA,"Edible roots and tubers with high starch or inulin content","Gross Production Value (constant 2014-2016 thousand I$)","1000 Int$",2010,11591.066666666668,"Cassava","no"
NA,NA,"Caribbean",NA,"Edible roots and tubers with high starch or inulin content","Gross Production Value (constant 2014-2016 thousand I$)","1000 Int$",2011,11147.266666666666,"Cassava","no"
NA,NA,"Caribbean",NA,"Edible roots and tubers with high starch or inulin content","Gross Production Value (constant 2014-2016 thousand I$)","1000 Int$",2012,9252.733333333334,"Cassava","no"
NA,NA,"Caribbean",NA,"Edible roots and tubers with high starch or inulin content","Gross Production Value (constant 2014-2016 thousand I$)","1000 Int$",2013,10959.933333333332,"Cassava","no"
NA,NA,"Caribbean",NA,"Edible roots and tubers with high starch or inulin content","Gross Production Value (constant 2014-2016 thousand I$)","1000 Int$",2014,12132.133333333333,"Cassava","no"
NA,NA,"Caribbean",NA,"Edible roots and tubers with high starch or inulin content","Gross Production Value (constant 2014-2016 thousand I$)","1000 Int$",2015,16562.333333333332,"Cassava","no"
NA,NA,"Caribbean",NA,"Edible roots and tubers with high starch or inulin content","Gross Production Value (constant 2014-2016 thousand I$)","1000 Int$",2016,16036.933333333332,"Cassava","no"
NA,NA,"Caribbean",NA,"Edible roots and tubers with high starch or inulin content","Gross Production Value (constant 2014-2016 thousand I$)","1000 Int$",2017,16917.6,"Cassava","no"
NA,NA,"Caribbean",NA,"Edible roots and tubers with high starch or inulin content","Gross Production Value (constant 2014-2016 thousand I$)","1000 Int$",2018,16139.933333333332,"Cassava","no"
NA,NA,"Caribbean",NA,"Edible roots and tubers with high starch or inulin content","Gross Production Value (constant 2014-2016 thousand I$)","1000 Int$",2019,17032.466666666667,"Cassava","no"
NA,NA,"Caribbean",NA,"Edible roots and tubers with high starch or inulin content","Gross Production Value (constant 2014-2016 thousand I$)","1000 Int$",2020,14462.866666666667,"Cassava","no"
NA,NA,"Caribbean",NA,"Edible roots and tubers with high starch or inulin content","Gross Production Value (constant 2014-2016 thousand I$)","1000 Int$",2021,14639.933333333332,"Cassava","no"
NA,NA,"Caribbean",NA,"Edible roots and tubers with high starch or inulin content","Gross Production Value (constant 2014-2016 thousand I$)","1000 Int$",2022,15079.533333333333,"Cassava","no"
NA,NA,"Caribbean",NA,"Edible roots and tubers with high starch or inulin content","Gross Production Value (constant 2014-2016 thousand I$)","1000 Int$",2023,16088.8,"Cassava","no"
NA,NA,"Caribbean",NA,"Edible roots and tubers with high starch or inulin content","Gross Production Value (constant 2014-2016 thousand US$)","1000 USD",1992,7065.333333333333,"Cassava","no"
NA,NA,"Caribbean",NA,"Edible roots and tubers with high starch or inulin content","Gross Production Value (constant 2014-2016 thousand US$)","1000 USD",1993,4896.888888888889,"Cassava","no"
NA,NA,"Caribbean",NA,"Edible roots and tubers with high starch or inulin content","Gross Production Value (constant 2014-2016 thousand US$)","1000 USD",1994,4998,"Cassava","no"
NA,NA,"Caribbean",NA,"Edible roots and tubers with high starch or inulin content","Gross Production Value (constant 2014-2016 thousand US$)","1000 USD",1995,6576.777777777777,"Cassava","no"
NA,NA,"Caribbean",NA,"Edible roots and tubers with high starch or inulin content","Gross Production Value (constant 2014-2016 thousand US$)","1000 USD",1996,6151.111111111111,"Cassava","no"
NA,NA,"Caribbean",NA,"Edible roots and tubers with high starch or inulin content","Gross Production Value (constant 2014-2016 thousand US$)","1000 USD",1997,4758.777777777777,"Cassava","no"
NA,NA,"Caribbean",NA,"Edible roots and tubers with high starch or inulin content","Gross Production Value (constant 2014-2016 thousand US$)","1000 USD",1998,5940.222222222223,"Cassava","no"
NA,NA,"Caribbean",NA,"Edible roots and tubers with high starch or inulin content","Gross Production Value (constant 2014-2016 thousand US$)","1000 USD",1999,6037.111111111111,"Cassava","no"
NA,NA,"Caribbean",NA,"Edible roots and tubers with high starch or inulin content","Gross Production Value (constant 2014-2016 thousand US$)","1000 USD",2000,5850.555555555556,"Cassava","no"
NA,NA,"Caribbean",NA,"Edible roots and tubers with high starch or inulin content","Gross Production Value (constant 2014-2016 thousand US$)","1000 USD",2001,5726.555555555556,"Cassava","no"
NA,NA,"Caribbean",NA,"Edible roots and tubers with high starch or inulin content","Gross Production Value (constant 2014-2016 thousand US$)","1000 USD",2002,5608.222222222223,"Cassava","no"
NA,NA,"Caribbean",NA,"Edible roots and tubers with high starch or inulin content","Gross Production Value (constant 2014-2016 thousand US$)","1000 USD",2003,5923.333333333333,"Cassava","no"
NA,NA,"Caribbean",NA,"Edible roots and tubers with high starch or inulin content","Gross Production Value (constant 2014-2016 thousand US$)","1000 USD",2004,4641.444444444444,"Cassava","no"
NA,NA,"Caribbean",NA,"Edible roots and tubers with high starch or inulin content","Gross Production Value (constant 2014-2016 thousand US$)","1000 USD",2005,4747.333333333333,"Cassava","no"
NA,NA,"Caribbean",NA,"Edible roots and tubers with high starch or inulin content","Gross Production Value (constant 2014-2016 thousand US$)","1000 USD",2006,6200.666666666667,"Cassava","no"
NA,NA,"Caribbean",NA,"Edible roots and tubers with high starch or inulin content","Gross Production Value (constant 2014-2016 thousand US$)","1000 USD",2007,6333.666666666667,"Cassava","no"
NA,NA,"Caribbean",NA,"Edible roots and tubers with high starch or inulin content","Gross Production Value (constant 2014-2016 thousand US$)","1000 USD",2008,5356.333333333333,"Cassava","no"
NA,NA,"Caribbean",NA,"Edible roots and tubers with high starch or inulin content","Gross Production Value (constant 2014-2016 thousand US$)","1000 USD",2009,7623.444444444444,"Cassava","no"
NA,NA,"Caribbean",NA,"Edible roots and tubers with high starch or inulin content","Gross Production Value (constant 2014-2016 thousand US$)","1000 USD",2010,9192.888888888889,"Cassava","no"
NA,NA,"Caribbean",NA,"Edible roots and tubers with high starch or inulin content","Gross Production Value (constant 2014-2016 thousand US$)","1000 USD",2011,8572,"Cassava","no"
NA,NA,"Caribbean",NA,"Edible roots and tubers with high starch or inulin content","Gross Production Value (constant 2014-2016 thousand US$)","1000 USD",2012,7924.222222222223,"Cassava","no"
NA,NA,"Caribbean",NA,"Edible roots and tubers with high starch or inulin content","Gross Production Value (constant 2014-2016 thousand US$)","1000 USD",2013,8080,"Cassava","no"
NA,NA,"Caribbean",NA,"Edible roots and tubers with high starch or inulin content","Gross Production Value (constant 2014-2016 thousand US$)","1000 USD",2014,8209.777777777777,"Cassava","no"
NA,NA,"Caribbean",NA,"Edible roots and tubers with high starch or inulin content","Gross Production Value (constant 2014-2016 thousand US$)","1000 USD",2015,7548.222222222223,"Cassava","no"
NA,NA,"Caribbean",NA,"Edible roots and tubers with high starch or inulin content","Gross Production Value (constant 2014-2016 thousand US$)","1000 USD",2016,7987.555555555556,"Cassava","no"
NA,NA,"Caribbean",NA,"Edible roots and tubers with high starch or inulin content","Gross Production Value (constant 2014-2016 thousand US$)","1000 USD",2017,8058.666666666667,"Cassava","no"
NA,NA,"Caribbean",NA,"Edible roots and tubers with high starch or inulin content","Gross Production Value (constant 2014-2016 thousand US$)","1000 USD",2018,7762.444444444444,"Cassava","no"
NA,NA,"Caribbean",NA,"Edible roots and tubers with high starch or inulin content","Gross Production Value (constant 2014-2016 thousand US$)","1000 USD",2019,8388.555555555555,"Cassava","no"
NA,NA,"Caribbean",NA,"Edible roots and tubers with high starch or inulin content","Gross Production Value (constant 2014-2016 thousand US$)","1000 USD",2020,8583.555555555555,"Cassava","no"
NA,NA,"Caribbean",NA,"Edible roots and tubers with high starch or inulin content","Gross Production Value (constant 2014-2016 thousand US$)","1000 USD",2021,8113.333333333333,"Cassava","no"
NA,NA,"Caribbean",NA,"Edible roots and tubers with high starch or inulin content","Gross Production Value (constant 2014-2016 thousand US$)","1000 USD",2022,8086.555555555556,"Cassava","no"
NA,NA,"Caribbean",NA,"Edible roots and tubers with high starch or inulin content","Gross Production Value (constant 2014-2016 thousand US$)","1000 USD",2023,10562.333333333334,"Cassava","no"
NA,NA,"Caribbean",NA,"Edible roots and tubers with high starch or inulin content","Gross Production Value (constant 2014-2016 thousand I$)","1000 Int$",1992,1675.6153846153845,"Edible roots and tubers with high starch or inulin content, n.e.c.","no"
NA,NA,"Caribbean",NA,"Edible roots and tubers with high starch or inulin content","Gross Production Value (constant 2014-2016 thousand I$)","1000 Int$",1993,1891.6923076923076,"Edible roots and tubers with high starch or inulin content, n.e.c.","no"
NA,NA,"Caribbean",NA,"Edible roots and tubers with high starch or inulin content","Gross Production Value (constant 2014-2016 thousand I$)","1000 Int$",1994,1932.5384615384614,"Edible roots and tubers with high starch or inulin content, n.e.c.","no"
NA,NA,"Caribbean",NA,"Edible roots and tubers with high starch or inulin content","Gross Production Value (constant 2014-2016 thousand I$)","1000 Int$",1995,1960.7692307692307,"Edible roots and tubers with high starch or inulin content, n.e.c.","no"
NA,NA,"Caribbean",NA,"Edible roots and tubers with high starch or inulin content","Gross Production Value (constant 2014-2016 thousand I$)","1000 Int$",1996,2019.2307692307693,"Edible roots and tubers with high starch or inulin content, n.e.c.","no"
NA,NA,"Caribbean",NA,"Edible roots and tubers with high starch or inulin content","Gross Production Value (constant 2014-2016 thousand I$)","1000 Int$",1997,1841.3846153846155,"Edible roots and tubers with high starch or inulin content, n.e.c.","no"
NA,NA,"Caribbean",NA,"Edible roots and tubers with high starch or inulin content","Gross Production Value (constant 2014-2016 thousand I$)","1000 Int$",1998,1817.4615384615386,"Edible roots and tubers with high starch or inulin content, n.e.c.","no"
NA,NA,"Caribbean",NA,"Edible roots and tubers with high starch or inulin content","Gross Production Value (constant 2014-2016 thousand I$)","1000 Int$",1999,1828.923076923077,"Edible roots and tubers with high starch or inulin content, n.e.c.","no"
NA,NA,"Caribbean",NA,"Edible roots and tubers with high starch or inulin content","Gross Production Value (constant 2014-2016 thousand I$)","1000 Int$",2000,1713.076923076923,"Edible roots and tubers with high starch or inulin content, n.e.c.","no"
NA,NA,"Caribbean",NA,"Edible roots and tubers with high starch or inulin content","Gross Production Value (constant 2014-2016 thousand I$)","1000 Int$",2001,1747.076923076923,"Edible roots and tubers with high starch or inulin content, n.e.c.","no"
NA,NA,"Caribbean",NA,"Edible roots and tubers with high starch or inulin content","Gross Production Value (constant 2014-2016 thousand I$)","1000 Int$",2002,1773.5384615384614,"Edible roots and tubers with high starch or inulin content, n.e.c.","no"
NA,NA,"Caribbean",NA,"Edible roots and tubers with high starch or inulin content","Gross Production Value (constant 2014-2016 thousand I$)","1000 Int$",2003,1573,"Edible roots and tubers with high starch or inulin content, n.e.c.","no"
NA,NA,"Caribbean",NA,"Edible roots and tubers with high starch or inulin content","Gross Production Value (constant 2014-2016 thousand I$)","1000 Int$",2004,1422.6923076923076,"Edible roots and tubers with high starch or inulin content, n.e.c.","no"
NA,NA,"Caribbean",NA,"Edible roots and tubers with high starch or inulin content","Gross Production Value (constant 2014-2016 thousand I$)","1000 Int$",2005,1426.8461538461538,"Edible roots and tubers with high starch or inulin content, n.e.c.","no"
NA,NA,"Caribbean",NA,"Edible roots and tubers with high starch or inulin content","Gross Production Value (constant 2014-2016 thousand I$)","1000 Int$",2006,1468.8461538461538,"Edible roots and tubers with high starch or inulin content, n.e.c.","no"
NA,NA,"Caribbean",NA,"Edible roots and tubers with high starch or inulin content","Gross Production Value (constant 2014-2016 thousand I$)","1000 Int$",2007,1370.5384615384614,"Edible roots and tubers with high starch or inulin content, n.e.c.","no"
NA,NA,"Caribbean",NA,"Edible roots and tubers with high starch or inulin content","Gross Production Value (constant 2014-2016 thousand I$)","1000 Int$",2008,1324.2307692307693,"Edible roots and tubers with high starch or inulin content, n.e.c.","no"
NA,NA,"Caribbean",NA,"Edible roots and tubers with high starch or inulin content","Gross Production Value (constant 2014-2016 thousand I$)","1000 Int$",2009,1401.2307692307693,"Edible roots and tubers with high starch or inulin content, n.e.c.","no"
NA,NA,"Caribbean",NA,"Edible roots and tubers with high starch or inulin content","Gross Production Value (constant 2014-2016 thousand I$)","1000 Int$",2010,1566.1538461538462,"Edible roots and tubers with high starch or inulin content, n.e.c.","no"
NA,NA,"Caribbean",NA,"Edible roots and tubers with high starch or inulin content","Gross Production Value (constant 2014-2016 thousand I$)","1000 Int$",2011,1715.3076923076924,"Edible roots and tubers with high starch or inulin content, n.e.c.","no"
NA,NA,"Caribbean",NA,"Edible roots and tubers with high starch or inulin content","Gross Production Value (constant 2014-2016 thousand I$)","1000 Int$",2012,1793.2307692307693,"Edible roots and tubers with high starch or inulin content, n.e.c.","no"
NA,NA,"Caribbean",NA,"Edible roots and tubers with high starch or inulin content","Gross Production Value (constant 2014-2016 thousand I$)","1000 Int$",2013,1759.5384615384614,"Edible roots and tubers with high starch or inulin content, n.e.c.","no"
NA,NA,"Caribbean",NA,"Edible roots and tubers with high starch or inulin content","Gross Production Value (constant 2014-2016 thousand I$)","1000 Int$",2014,1745.6923076923076,"Edible roots and tubers with high starch or inulin content, n.e.c.","no"
NA,NA,"Caribbean",NA,"Edible roots and tubers with high starch or inulin content","Gross Production Value (constant 2014-2016 thousand I$)","1000 Int$",2015,1671.6153846153845,"Edible roots and tubers with high starch or inulin content, n.e.c.","no"
NA,NA,"Caribbean",NA,"Edible roots and tubers with high starch or inulin content","Gross Production Value (constant 2014-2016 thousand I$)","1000 Int$",2016,1651.3846153846155,"Edible roots and tubers with high starch or inulin content, n.e.c.","no"
NA,NA,"Caribbean",NA,"Edible roots and tubers with high starch or inulin content","Gross Production Value (constant 2014-2016 thousand I$)","1000 Int$",2017,1701.7692307692307,"Edible roots and tubers with high starch or inulin content, n.e.c.","no"
NA,NA,"Caribbean",NA,"Edible roots and tubers with high starch or inulin content","Gross Production Value (constant 2014-2016 thousand I$)","1000 Int$",2018,2832.153846153846,"Edible roots and tubers with high starch or inulin content, n.e.c.","no"
NA,NA,"Caribbean",NA,"Edible roots and tubers with high starch or inulin content","Gross Production Value (constant 2014-2016 thousand I$)","1000 Int$",2019,2834.769230769231,"Edible roots and tubers with high starch or inulin content, n.e.c.","no"
NA,NA,"Caribbean",NA,"Edible roots and tubers with high starch or inulin content","Gross Production Value (constant 2014-2016 thousand I$)","1000 Int$",2020,2856.3846153846152,"Edible roots and tubers with high starch or inulin content, n.e.c.","no"
NA,NA,"Caribbean",NA,"Edible roots and tubers with high starch or inulin content","Gross Production Value (constant 2014-2016 thousand I$)","1000 Int$",2021,2970.769230769231,"Edible roots and tubers with high starch or inulin content, n.e.c.","no"
NA,NA,"Caribbean",NA,"Edible roots and tubers with high starch or inulin content","Gross Production Value (constant 2014-2016 thousand I$)","1000 Int$",2022,3094.076923076923,"Edible roots and tubers with high starch or inulin content, n.e.c.","no"
NA,NA,"Caribbean",NA,"Edible roots and tubers with high starch or inulin content","Gross Production Value (constant 2014-2016 thousand I$)","1000 Int$",2023,3092.153846153846,"Edible roots and tubers with high starch or inulin content, n.e.c.","no"
NA,NA,"Caribbean",NA,"Edible roots and tubers with high starch or inulin content","Gross Production Value (constant 2014-2016 thousand US$)","1000 USD",1992,7717.875,"Edible roots and tubers with high starch or inulin content, n.e.c.","no"
NA,NA,"Caribbean",NA,"Edible roots and tubers with high starch or inulin content","Gross Production Value (constant 2014-2016 thousand US$)","1000 USD",1993,8670.25,"Edible roots and tubers with high starch or inulin content, n.e.c.","no"
NA,NA,"Caribbean",NA,"Edible roots and tubers with high starch or inulin content","Gross Production Value (constant 2014-2016 thousand US$)","1000 USD",1994,8913.25,"Edible roots and tubers with high starch or inulin content, n.e.c.","no"
NA,NA,"Caribbean",NA,"Edible roots and tubers with high starch or inulin content","Gross Production Value (constant 2014-2016 thousand US$)","1000 USD",1995,9655,"Edible roots and tubers with high starch or inulin content, n.e.c.","no"
NA,NA,"Caribbean",NA,"Edible roots and tubers with high starch or inulin content","Gross Production Value (constant 2014-2016 thousand US$)","1000 USD",1996,9988.25,"Edible roots and tubers with high starch or inulin content, n.e.c.","no"
NA,NA,"Caribbean",NA,"Edible roots and tubers with high starch or inulin content","Gross Production Value (constant 2014-2016 thousand US$)","1000 USD",1997,8203.5,"Edible roots and tubers with high starch or inulin content, n.e.c.","no"
NA,NA,"Caribbean",NA,"Edible roots and tubers with high starch or inulin content","Gross Production Value (constant 2014-2016 thousand US$)","1000 USD",1998,7697.5,"Edible roots and tubers with high starch or inulin content, n.e.c.","no"
NA,NA,"Caribbean",NA,"Edible roots and tubers with high starch or inulin content","Gross Production Value (constant 2014-2016 thousand US$)","1000 USD",1999,7544,"Edible roots and tubers with high starch or inulin content, n.e.c.","no"
NA,NA,"Caribbean",NA,"Edible roots and tubers with high starch or inulin content","Gross Production Value (constant 2014-2016 thousand US$)","1000 USD",2000,6122.625,"Edible roots and tubers with high starch or inulin content, n.e.c.","no"
NA,NA,"Caribbean",NA,"Edible roots and tubers with high starch or inulin content","Gross Production Value (constant 2014-2016 thousand US$)","1000 USD",2001,5888.75,"Edible roots and tubers with high starch or inulin content, n.e.c.","no"
NA,NA,"Caribbean",NA,"Edible roots and tubers with high starch or inulin content","Gross Production Value (constant 2014-2016 thousand US$)","1000 USD",2002,5728.25,"Edible roots and tubers with high starch or inulin content, n.e.c.","no"
NA,NA,"Caribbean",NA,"Edible roots and tubers with high starch or inulin content","Gross Production Value (constant 2014-2016 thousand US$)","1000 USD",2003,5647.5,"Edible roots and tubers with high starch or inulin content, n.e.c.","no"
NA,NA,"Caribbean",NA,"Edible roots and tubers with high starch or inulin content","Gross Production Value (constant 2014-2016 thousand US$)","1000 USD",2004,5332.625,"Edible roots and tubers with high starch or inulin content, n.e.c.","no"
NA,NA,"Caribbean",NA,"Edible roots and tubers with high starch or inulin content","Gross Production Value (constant 2014-2016 thousand US$)","1000 USD",2005,5182.75,"Edible roots and tubers with high starch or inulin content, n.e.c.","no"
NA,NA,"Caribbean",NA,"Edible roots and tubers with high starch or inulin content","Gross Production Value (constant 2014-2016 thousand US$)","1000 USD",2006,5553.75,"Edible roots and tubers with high starch or inulin content, n.e.c.","no"
NA,NA,"Caribbean",NA,"Edible roots and tubers with high starch or inulin content","Gross Production Value (constant 2014-2016 thousand US$)","1000 USD",2007,5560.625,"Edible roots and tubers with high starch or inulin content, n.e.c.","no"
NA,NA,"Caribbean",NA,"Edible roots and tubers with high starch or inulin content","Gross Production Value (constant 2014-2016 thousand US$)","1000 USD",2008,5261.75,"Edible roots and tubers with high starch or inulin content, n.e.c.","no"
NA,NA,"Caribbean",NA,"Edible roots and tubers with high starch or inulin content","Gross Production Value (constant 2014-2016 thousand US$)","1000 USD",2009,5772.875,"Edible roots and tubers with high starch or inulin content, n.e.c.","no"
NA,NA,"Caribbean",NA,"Edible roots and tubers with high starch or inulin content","Gross Production Value (constant 2014-2016 thousand US$)","1000 USD",2010,6119.75,"Edible roots and tubers with high starch or inulin content, n.e.c.","no"
NA,NA,"Caribbean",NA,"Edible roots and tubers with high starch or inulin content","Gross Production Value (constant 2014-2016 thousand US$)","1000 USD",2011,6803.5,"Edible roots and tubers with high starch or inulin content, n.e.c.","no"
NA,NA,"Caribbean",NA,"Edible roots and tubers with high starch or inulin content","Gross Production Value (constant 2014-2016 thousand US$)","1000 USD",2012,6604,"Edible roots and tubers with high starch or inulin content, n.e.c.","no"
NA,NA,"Caribbean",NA,"Edible roots and tubers with high starch or inulin content","Gross Production Value (constant 2014-2016 thousand US$)","1000 USD",2013,6070.5,"Edible roots and tubers with high starch or inulin content, n.e.c.","no"
NA,NA,"Caribbean",NA,"Edible roots and tubers with high starch or inulin content","Gross Production Value (constant 2014-2016 thousand US$)","1000 USD",2014,6321.125,"Edible roots and tubers with high starch or inulin content, n.e.c.","no"
NA,NA,"Caribbean",NA,"Edible roots and tubers with high starch or inulin content","Gross Production Value (constant 2014-2016 thousand US$)","1000 USD",2015,5704.125,"Edible roots and tubers with high starch or inulin content, n.e.c.","no"
NA,NA,"Caribbean",NA,"Edible roots and tubers with high starch or inulin content","Gross Production Value (constant 2014-2016 thousand US$)","1000 USD",2016,5372.75,"Edible roots and tubers with high starch or inulin content, n.e.c.","no"
NA,NA,"Caribbean",NA,"Edible roots and tubers with high starch or inulin content","Gross Production Value (constant 2014-2016 thousand US$)","1000 USD",2017,5729.375,"Edible roots and tubers with high starch or inulin content, n.e.c.","no"
NA,NA,"Caribbean",NA,"Edible roots and tubers with high starch or inulin content","Gross Production Value (constant 2014-2016 thousand US$)","1000 USD",2018,5976,"Edible roots and tubers with high starch or inulin content, n.e.c.","no"
NA,NA,"Caribbean",NA,"Edible roots and tubers with high starch or inulin content","Gross Production Value (constant 2014-2016 thousand US$)","1000 USD",2019,5931.875,"Edible roots and tubers with high starch or inulin content, n.e.c.","no"
NA,NA,"Caribbean",NA,"Edible roots and tubers with high starch or inulin content","Gross Production Value (constant 2014-2016 thousand US$)","1000 USD",2020,5540.75,"Edible roots and tubers with high starch or inulin content, n.e.c.","no"
NA,NA,"Caribbean",NA,"Edible roots and tubers with high starch or inulin content","Gross Production Value (constant 2014-2016 thousand US$)","1000 USD",2021,5939.5,"Edible roots and tubers with high starch or inulin content, n.e.c.","no"
NA,NA,"Caribbean",NA,"Edible roots and tubers with high starch or inulin content","Gross Production Value (constant 2014-2016 thousand US$)","1000 USD",2022,6433.875,"Edible roots and tubers with high starch or inulin content, n.e.c.","no"
NA,NA,"Caribbean",NA,"Edible roots and tubers with high starch or inulin content","Gross Production Value (constant 2014-2016 thousand US$)","1000 USD",2023,6288.5,"Edible roots and tubers with high starch or inulin content, n.e.c.","no"
NA,NA,"Caribbean",NA,"Edible roots and tubers with high starch or inulin content","Gross Production Value (constant 2014-2016 thousand I$)","1000 Int$",1992,11241.857142857143,"Potatoes","no"
NA,NA,"Caribbean",NA,"Edible roots and tubers with high starch or inulin content","Gross Production Value (constant 2014-2016 thousand I$)","1000 Int$",1993,9762.285714285714,"Potatoes","no"
NA,NA,"Caribbean",NA,"Edible roots and tubers with high starch or inulin content","Gross Production Value (constant 2014-2016 thousand I$)","1000 Int$",1994,8264.42857142857,"Potatoes","no"
NA,NA,"Caribbean",NA,"Edible roots and tubers with high starch or inulin content","Gross Production Value (constant 2014-2016 thousand I$)","1000 Int$",1995,12263.57142857143,"Potatoes","no"
NA,NA,"Caribbean",NA,"Edible roots and tubers with high starch or inulin content","Gross Production Value (constant 2014-2016 thousand I$)","1000 Int$",1996,14634,"Potatoes","no"
NA,NA,"Caribbean",NA,"Edible roots and tubers with high starch or inulin content","Gross Production Value (constant 2014-2016 thousand I$)","1000 Int$",1997,13369,"Potatoes","no"
NA,NA,"Caribbean",NA,"Edible roots and tubers with high starch or inulin content","Gross Production Value (constant 2014-2016 thousand I$)","1000 Int$",1998,8686.857142857143,"Potatoes","no"
NA,NA,"Caribbean",NA,"Edible roots and tubers with high starch or inulin content","Gross Production Value (constant 2014-2016 thousand I$)","1000 Int$",1999,14034.714285714286,"Potatoes","no"
NA,NA,"Caribbean",NA,"Edible roots and tubers with high starch or inulin content","Gross Production Value (constant 2014-2016 thousand I$)","1000 Int$",2000,14588.42857142857,"Potatoes","no"
NA,NA,"Caribbean",NA,"Edible roots and tubers with high starch or inulin content","Gross Production Value (constant 2014-2016 thousand I$)","1000 Int$",2001,15305.42857142857,"Potatoes","no"
NA,NA,"Caribbean",NA,"Edible roots and tubers with high starch or inulin content","Gross Production Value (constant 2014-2016 thousand I$)","1000 Int$",2002,14093,"Potatoes","no"
NA,NA,"Caribbean",NA,"Edible roots and tubers with high starch or inulin content","Gross Production Value (constant 2014-2016 thousand I$)","1000 Int$",2003,13278.142857142857,"Potatoes","no"
NA,NA,"Caribbean",NA,"Edible roots and tubers with high starch or inulin content","Gross Production Value (constant 2014-2016 thousand I$)","1000 Int$",2004,13721.714285714286,"Potatoes","no"
NA,NA,"Caribbean",NA,"Edible roots and tubers with high starch or inulin content","Gross Production Value (constant 2014-2016 thousand I$)","1000 Int$",2005,13646.42857142857,"Potatoes","no"
NA,NA,"Caribbean",NA,"Edible roots and tubers with high starch or inulin content","Gross Production Value (constant 2014-2016 thousand I$)","1000 Int$",2006,12525.857142857143,"Potatoes","no"
NA,NA,"Caribbean",NA,"Edible roots and tubers with high starch or inulin content","Gross Production Value (constant 2014-2016 thousand I$)","1000 Int$",2007,7427.428571428572,"Potatoes","no"
NA,NA,"Caribbean",NA,"Edible roots and tubers with high starch or inulin content","Gross Production Value (constant 2014-2016 thousand I$)","1000 Int$",2008,8957.57142857143,"Potatoes","no"
NA,NA,"Caribbean",NA,"Edible roots and tubers with high starch or inulin content","Gross Production Value (constant 2014-2016 thousand I$)","1000 Int$",2009,12196.42857142857,"Potatoes","no"
NA,NA,"Caribbean",NA,"Edible roots and tubers with high starch or inulin content","Gross Production Value (constant 2014-2016 thousand I$)","1000 Int$",2010,10022.285714285714,"Potatoes","no"
NA,NA,"Caribbean",NA,"Edible roots and tubers with high starch or inulin content","Gross Production Value (constant 2014-2016 thousand I$)","1000 Int$",2011,9284,"Potatoes","no"
NA,NA,"Caribbean",NA,"Edible roots and tubers with high starch or inulin content","Gross Production Value (constant 2014-2016 thousand I$)","1000 Int$",2012,8418.57142857143,"Potatoes","no"
NA,NA,"Caribbean",NA,"Edible roots and tubers with high starch or inulin content","Gross Production Value (constant 2014-2016 thousand I$)","1000 Int$",2013,8345.857142857143,"Potatoes","no"
NA,NA,"Caribbean",NA,"Edible roots and tubers with high starch or inulin content","Gross Production Value (constant 2014-2016 thousand I$)","1000 Int$",2014,6184.857142857143,"Potatoes","no"
NA,NA,"Caribbean",NA,"Edible roots and tubers with high starch or inulin content","Gross Production Value (constant 2014-2016 thousand I$)","1000 Int$",2015,8876,"Potatoes","no"
NA,NA,"Caribbean",NA,"Edible roots and tubers with high starch or inulin content","Gross Production Value (constant 2014-2016 thousand I$)","1000 Int$",2016,8353.285714285714,"Potatoes","no"
NA,NA,"Caribbean",NA,"Edible roots and tubers with high starch or inulin content","Gross Production Value (constant 2014-2016 thousand I$)","1000 Int$",2017,10105,"Potatoes","no"
NA,NA,"Caribbean",NA,"Edible roots and tubers with high starch or inulin content","Gross Production Value (constant 2014-2016 thousand I$)","1000 Int$",2018,9833.57142857143,"Potatoes","no"
NA,NA,"Caribbean",NA,"Edible roots and tubers with high starch or inulin content","Gross Production Value (constant 2014-2016 thousand I$)","1000 Int$",2019,9821.285714285714,"Potatoes","no"
NA,NA,"Caribbean",NA,"Edible roots and tubers with high starch or inulin content","Gross Production Value (constant 2014-2016 thousand I$)","1000 Int$",2020,9086.42857142857,"Potatoes","no"
NA,NA,"Caribbean",NA,"Edible roots and tubers with high starch or inulin content","Gross Production Value (constant 2014-2016 thousand I$)","1000 Int$",2021,8581.42857142857,"Potatoes","no"
NA,NA,"Caribbean",NA,"Edible roots and tubers with high starch or inulin content","Gross Production Value (constant 2014-2016 thousand I$)","1000 Int$",2022,8552.857142857143,"Potatoes","no"
NA,NA,"Caribbean",NA,"Edible roots and tubers with high starch or inulin content","Gross Production Value (constant 2014-2016 thousand I$)","1000 Int$",2023,9108,"Potatoes","no"
NA,NA,"Caribbean",NA,"Edible roots and tubers with high starch or inulin content","Gross Production Value (constant 2014-2016 thousand US$)","1000 USD",1992,11551,"Potatoes","no"
NA,NA,"Caribbean",NA,"Edible roots and tubers with high starch or inulin content","Gross Production Value (constant 2014-2016 thousand US$)","1000 USD",1993,9653,"Potatoes","no"
NA,NA,"Caribbean",NA,"Edible roots and tubers with high starch or inulin content","Gross Production Value (constant 2014-2016 thousand US$)","1000 USD",1994,11889,"Potatoes","no"
NA,NA,"Caribbean",NA,"Edible roots and tubers with high starch or inulin content","Gross Production Value (constant 2014-2016 thousand US$)","1000 USD",1995,17488,"Potatoes","no"
NA,NA,"Caribbean",NA,"Edible roots and tubers with high starch or inulin content","Gross Production Value (constant 2014-2016 thousand US$)","1000 USD",1996,12768.5,"Potatoes","no"
NA,NA,"Caribbean",NA,"Edible roots and tubers with high starch or inulin content","Gross Production Value (constant 2014-2016 thousand US$)","1000 USD",1997,11908,"Potatoes","no"
NA,NA,"Caribbean",NA,"Edible roots and tubers with high starch or inulin content","Gross Production Value (constant 2014-2016 thousand US$)","1000 USD",1998,8546,"Potatoes","no"
NA,NA,"Caribbean",NA,"Edible roots and tubers with high starch or inulin content","Gross Production Value (constant 2014-2016 thousand US$)","1000 USD",1999,10778,"Potatoes","no"
NA,NA,"Caribbean",NA,"Edible roots and tubers with high starch or inulin content","Gross Production Value (constant 2014-2016 thousand US$)","1000 USD",2000,8538.5,"Potatoes","no"
NA,NA,"Caribbean",NA,"Edible roots and tubers with high starch or inulin content","Gross Production Value (constant 2014-2016 thousand US$)","1000 USD",2001,18165,"Potatoes","no"
NA,NA,"Caribbean",NA,"Edible roots and tubers with high starch or inulin content","Gross Production Value (constant 2014-2016 thousand US$)","1000 USD",2002,13832.5,"Potatoes","no"
NA,NA,"Caribbean",NA,"Edible roots and tubers with high starch or inulin content","Gross Production Value (constant 2014-2016 thousand US$)","1000 USD",2003,14710.5,"Potatoes","no"
NA,NA,"Caribbean",NA,"Edible roots and tubers with high starch or inulin content","Gross Production Value (constant 2014-2016 thousand US$)","1000 USD",2004,11801,"Potatoes","no"
NA,NA,"Caribbean",NA,"Edible roots and tubers with high starch or inulin content","Gross Production Value (constant 2014-2016 thousand US$)","1000 USD",2005,14884,"Potatoes","no"
NA,NA,"Caribbean",NA,"Edible roots and tubers with high starch or inulin content","Gross Production Value (constant 2014-2016 thousand US$)","1000 USD",2006,14165,"Potatoes","no"
NA,NA,"Caribbean",NA,"Edible roots and tubers with high starch or inulin content","Gross Production Value (constant 2014-2016 thousand US$)","1000 USD",2007,13451.5,"Potatoes","no"
NA,NA,"Caribbean",NA,"Edible roots and tubers with high starch or inulin content","Gross Production Value (constant 2014-2016 thousand US$)","1000 USD",2008,10340.5,"Potatoes","no"
NA,NA,"Caribbean",NA,"Edible roots and tubers with high starch or inulin content","Gross Production Value (constant 2014-2016 thousand US$)","1000 USD",2009,14502.5,"Potatoes","no"
NA,NA,"Caribbean",NA,"Edible roots and tubers with high starch or inulin content","Gross Production Value (constant 2014-2016 thousand US$)","1000 USD",2010,17871.5,"Potatoes","no"
NA,NA,"Caribbean",NA,"Edible roots and tubers with high starch or inulin content","Gross Production Value (constant 2014-2016 thousand US$)","1000 USD",2011,20385.5,"Potatoes","no"
NA,NA,"Caribbean",NA,"Edible roots and tubers with high starch or inulin content","Gross Production Value (constant 2014-2016 thousand US$)","1000 USD",2012,21997.5,"Potatoes","no"
NA,NA,"Caribbean",NA,"Edible roots and tubers with high starch or inulin content","Gross Production Value (constant 2014-2016 thousand US$)","1000 USD",2013,24025,"Potatoes","no"
NA,NA,"Caribbean",NA,"Edible roots and tubers with high starch or inulin content","Gross Production Value (constant 2014-2016 thousand US$)","1000 USD",2014,25760,"Potatoes","no"
NA,NA,"Caribbean",NA,"Edible roots and tubers with high starch or inulin content","Gross Production Value (constant 2014-2016 thousand US$)","1000 USD",2015,26284,"Potatoes","no"
NA,NA,"Caribbean",NA,"Edible roots and tubers with high starch or inulin content","Gross Production Value (constant 2014-2016 thousand US$)","1000 USD",2016,28146.5,"Potatoes","no"
NA,NA,"Caribbean",NA,"Edible roots and tubers with high starch or inulin content","Gross Production Value (constant 2014-2016 thousand US$)","1000 USD",2017,28232,"Potatoes","no"
NA,NA,"Caribbean",NA,"Edible roots and tubers with high starch or inulin content","Gross Production Value (constant 2014-2016 thousand US$)","1000 USD",2018,28689,"Potatoes","no"
NA,NA,"Caribbean",NA,"Edible roots and tubers with high starch or inulin content","Gross Production Value (constant 2014-2016 thousand US$)","1000 USD",2019,29665.5,"Potatoes","no"
NA,NA,"Caribbean",NA,"Edible roots and tubers with high starch or inulin content","Gross Production Value (constant 2014-2016 thousand US$)","1000 USD",2020,27996,"Potatoes","no"
NA,NA,"Caribbean",NA,"Edible roots and tubers with high starch or inulin content","Gross Production Value (constant 2014-2016 thousand US$)","1000 USD",2021,29502,"Potatoes","no"
NA,NA,"Caribbean",NA,"Edible roots and tubers with high starch or inulin content","Gross Production Value (constant 2014-2016 thousand US$)","1000 USD",2022,30914.5,"Potatoes","no"
NA,NA,"Caribbean",NA,"Edible roots and tubers with high starch or inulin content","Gross Production Value (constant 2014-2016 thousand US$)","1000 USD",2023,30711,"Potatoes","no"
NA,NA,"Caribbean",NA,"Edible roots and tubers with high starch or inulin content","Gross Production Value (constant 2014-2016 thousand I$)","1000 Int$",1992,7378.625,"Sweet potatoes","no"
NA,NA,"Caribbean",NA,"Edible roots and tubers with high starch or inulin content","Gross Production Value (constant 2014-2016 thousand I$)","1000 Int$",1993,5770.375,"Sweet potatoes","no"
NA,NA,"Caribbean",NA,"Edible roots and tubers with high starch or inulin content","Gross Production Value (constant 2014-2016 thousand I$)","1000 Int$",1994,6010.25,"Sweet potatoes","no"
NA,NA,"Caribbean",NA,"Edible roots and tubers with high starch or inulin content","Gross Production Value (constant 2014-2016 thousand I$)","1000 Int$",1995,6365.25,"Sweet potatoes","no"
NA,NA,"Caribbean",NA,"Edible roots and tubers with high starch or inulin content","Gross Production Value (constant 2014-2016 thousand I$)","1000 Int$",1996,6296.125,"Sweet potatoes","no"
NA,NA,"Caribbean",NA,"Edible roots and tubers with high starch or inulin content","Gross Production Value (constant 2014-2016 thousand I$)","1000 Int$",1997,5635.8125,"Sweet potatoes","no"
NA,NA,"Caribbean",NA,"Edible roots and tubers with high starch or inulin content","Gross Production Value (constant 2014-2016 thousand I$)","1000 Int$",1998,6533.3125,"Sweet potatoes","no"
NA,NA,"Caribbean",NA,"Edible roots and tubers with high starch or inulin content","Gross Production Value (constant 2014-2016 thousand I$)","1000 Int$",1999,6818.25,"Sweet potatoes","no"
NA,NA,"Caribbean",NA,"Edible roots and tubers with high starch or inulin content","Gross Production Value (constant 2014-2016 thousand I$)","1000 Int$",2000,7201.25,"Sweet potatoes","no"
NA,NA,"Caribbean",NA,"Edible roots and tubers with high starch or inulin content","Gross Production Value (constant 2014-2016 thousand I$)","1000 Int$",2001,7839.1875,"Sweet potatoes","no"
NA,NA,"Caribbean",NA,"Edible roots and tubers with high starch or inulin content","Gross Production Value (constant 2014-2016 thousand I$)","1000 Int$",2002,8207,"Sweet potatoes","no"
NA,NA,"Caribbean",NA,"Edible roots and tubers with high starch or inulin content","Gross Production Value (constant 2014-2016 thousand I$)","1000 Int$",2003,9770.8125,"Sweet potatoes","no"
NA,NA,"Caribbean",NA,"Edible roots and tubers with high starch or inulin content","Gross Production Value (constant 2014-2016 thousand I$)","1000 Int$",2004,9287.5,"Sweet potatoes","no"
NA,NA,"Caribbean",NA,"Edible roots and tubers with high starch or inulin content","Gross Production Value (constant 2014-2016 thousand I$)","1000 Int$",2005,9355.375,"Sweet potatoes","no"
NA,NA,"Caribbean",NA,"Edible roots and tubers with high starch or inulin content","Gross Production Value (constant 2014-2016 thousand I$)","1000 Int$",2006,7438.375,"Sweet potatoes","no"
NA,NA,"Caribbean",NA,"Edible roots and tubers with high starch or inulin content","Gross Production Value (constant 2014-2016 thousand I$)","1000 Int$",2007,9135.3125,"Sweet potatoes","no"
NA,NA,"Caribbean",NA,"Edible roots and tubers with high starch or inulin content","Gross Production Value (constant 2014-2016 thousand I$)","1000 Int$",2008,8781.9375,"Sweet potatoes","no"
NA,NA,"Caribbean",NA,"Edible roots and tubers with high starch or inulin content","Gross Production Value (constant 2014-2016 thousand I$)","1000 Int$",2009,10648.875,"Sweet potatoes","no"
NA,NA,"Caribbean",NA,"Edible roots and tubers with high starch or inulin content","Gross Production Value (constant 2014-2016 thousand I$)","1000 Int$",2010,11627.125,"Sweet potatoes","no"
NA,NA,"Caribbean",NA,"Edible roots and tubers with high starch or inulin content","Gross Production Value (constant 2014-2016 thousand I$)","1000 Int$",2011,11450.125,"Sweet potatoes","no"
NA,NA,"Caribbean",NA,"Edible roots and tubers with high starch or inulin content","Gross Production Value (constant 2014-2016 thousand I$)","1000 Int$",2012,12662.8125,"Sweet potatoes","no"
NA,NA,"Caribbean",NA,"Edible roots and tubers with high starch or inulin content","Gross Production Value (constant 2014-2016 thousand I$)","1000 Int$",2013,14260.4375,"Sweet potatoes","no"
NA,NA,"Caribbean",NA,"Edible roots and tubers with high starch or inulin content","Gross Production Value (constant 2014-2016 thousand I$)","1000 Int$",2014,14478.125,"Sweet potatoes","no"
NA,NA,"Caribbean",NA,"Edible roots and tubers with high starch or inulin content","Gross Production Value (constant 2014-2016 thousand I$)","1000 Int$",2015,11667.3125,"Sweet potatoes","no"
NA,NA,"Caribbean",NA,"Edible roots and tubers with high starch or inulin content","Gross Production Value (constant 2014-2016 thousand I$)","1000 Int$",2016,10591,"Sweet potatoes","no"
NA,NA,"Caribbean",NA,"Edible roots and tubers with high starch or inulin content","Gross Production Value (constant 2014-2016 thousand I$)","1000 Int$",2017,9139.875,"Sweet potatoes","no"
NA,NA,"Caribbean",NA,"Edible roots and tubers with high starch or inulin content","Gross Production Value (constant 2014-2016 thousand I$)","1000 Int$",2018,10021.9375,"Sweet potatoes","no"
NA,NA,"Caribbean",NA,"Edible roots and tubers with high starch or inulin content","Gross Production Value (constant 2014-2016 thousand I$)","1000 Int$",2019,9197.625,"Sweet potatoes","no"
NA,NA,"Caribbean",NA,"Edible roots and tubers with high starch or inulin content","Gross Production Value (constant 2014-2016 thousand I$)","1000 Int$",2020,6767.5625,"Sweet potatoes","no"
NA,NA,"Caribbean",NA,"Edible roots and tubers with high starch or inulin content","Gross Production Value (constant 2014-2016 thousand I$)","1000 Int$",2021,6778.9375,"Sweet potatoes","no"
NA,NA,"Caribbean",NA,"Edible roots and tubers with high starch or inulin content","Gross Production Value (constant 2014-2016 thousand I$)","1000 Int$",2022,6585.625,"Sweet potatoes","no"
NA,NA,"Caribbean",NA,"Edible roots and tubers with high starch or inulin content","Gross Production Value (constant 2014-2016 thousand I$)","1000 Int$",2023,5530.875,"Sweet potatoes","no"
NA,NA,"Caribbean",NA,"Edible roots and tubers with high starch or inulin content","Gross Production Value (constant 2014-2016 thousand US$)","1000 USD",1992,5792.3,"Sweet potatoes","no"
NA,NA,"Caribbean",NA,"Edible roots and tubers with high starch or inulin content","Gross Production Value (constant 2014-2016 thousand US$)","1000 USD",1993,4978.8,"Sweet potatoes","no"
NA,NA,"Caribbean",NA,"Edible roots and tubers with high starch or inulin content","Gross Production Value (constant 2014-2016 thousand US$)","1000 USD",1994,5467.6,"Sweet potatoes","no"
NA,NA,"Caribbean",NA,"Edible roots and tubers with high starch or inulin content","Gross Production Value (constant 2014-2016 thousand US$)","1000 USD",1995,6213.1,"Sweet potatoes","no"
NA,NA,"Caribbean",NA,"Edible roots and tubers with high starch or inulin content","Gross Production Value (constant 2014-2016 thousand US$)","1000 USD",1996,6250.6,"Sweet potatoes","no"
NA,NA,"Caribbean",NA,"Edible roots and tubers with high starch or inulin content","Gross Production Value (constant 2014-2016 thousand US$)","1000 USD",1997,4861.4,"Sweet potatoes","no"
NA,NA,"Caribbean",NA,"Edible roots and tubers with high starch or inulin content","Gross Production Value (constant 2014-2016 thousand US$)","1000 USD",1998,5476.3,"Sweet potatoes","no"
NA,NA,"Caribbean",NA,"Edible roots and tubers with high starch or inulin content","Gross Production Value (constant 2014-2016 thousand US$)","1000 USD",1999,5410,"Sweet potatoes","no"
NA,NA,"Caribbean",NA,"Edible roots and tubers with high starch or inulin content","Gross Production Value (constant 2014-2016 thousand US$)","1000 USD",2000,4469.3,"Sweet potatoes","no"
NA,NA,"Caribbean",NA,"Edible roots and tubers with high starch or inulin content","Gross Production Value (constant 2014-2016 thousand US$)","1000 USD",2001,4549.7,"Sweet potatoes","no"
NA,NA,"Caribbean",NA,"Edible roots and tubers with high starch or inulin content","Gross Production Value (constant 2014-2016 thousand US$)","1000 USD",2002,3938.7,"Sweet potatoes","no"
NA,NA,"Caribbean",NA,"Edible roots and tubers with high starch or inulin content","Gross Production Value (constant 2014-2016 thousand US$)","1000 USD",2003,4484,"Sweet potatoes","no"
NA,NA,"Caribbean",NA,"Edible roots and tubers with high starch or inulin content","Gross Production Value (constant 2014-2016 thousand US$)","1000 USD",2004,3670.6,"Sweet potatoes","no"
NA,NA,"Caribbean",NA,"Edible roots and tubers with high starch or inulin content","Gross Production Value (constant 2014-2016 thousand US$)","1000 USD",2005,4549.7,"Sweet potatoes","no"
NA,NA,"Caribbean",NA,"Edible roots and tubers with high starch or inulin content","Gross Production Value (constant 2014-2016 thousand US$)","1000 USD",2006,4790.1,"Sweet potatoes","no"
NA,NA,"Caribbean",NA,"Edible roots and tubers with high starch or inulin content","Gross Production Value (constant 2014-2016 thousand US$)","1000 USD",2007,4623.2,"Sweet potatoes","no"
NA,NA,"Caribbean",NA,"Edible roots and tubers with high starch or inulin content","Gross Production Value (constant 2014-2016 thousand US$)","1000 USD",2008,4536.5,"Sweet potatoes","no"
NA,NA,"Caribbean",NA,"Edible roots and tubers with high starch or inulin content","Gross Production Value (constant 2014-2016 thousand US$)","1000 USD",2009,5641.6,"Sweet potatoes","no"
NA,NA,"Caribbean",NA,"Edible roots and tubers with high starch or inulin content","Gross Production Value (constant 2014-2016 thousand US$)","1000 USD",2010,6111.2,"Sweet potatoes","no"
NA,NA,"Caribbean",NA,"Edible roots and tubers with high starch or inulin content","Gross Production Value (constant 2014-2016 thousand US$)","1000 USD",2011,6426.2,"Sweet potatoes","no"
NA,NA,"Caribbean",NA,"Edible roots and tubers with high starch or inulin content","Gross Production Value (constant 2014-2016 thousand US$)","1000 USD",2012,6554.9,"Sweet potatoes","no"
NA,NA,"Caribbean",NA,"Edible roots and tubers with high starch or inulin content","Gross Production Value (constant 2014-2016 thousand US$)","1000 USD",2013,6995.3,"Sweet potatoes","no"
NA,NA,"Caribbean",NA,"Edible roots and tubers with high starch or inulin content","Gross Production Value (constant 2014-2016 thousand US$)","1000 USD",2014,6422,"Sweet potatoes","no"
NA,NA,"Caribbean",NA,"Edible roots and tubers with high starch or inulin content","Gross Production Value (constant 2014-2016 thousand US$)","1000 USD",2015,6621.3,"Sweet potatoes","no"
NA,NA,"Caribbean",NA,"Edible roots and tubers with high starch or inulin content","Gross Production Value (constant 2014-2016 thousand US$)","1000 USD",2016,7715.7,"Sweet potatoes","no"
NA,NA,"Caribbean",NA,"Edible roots and tubers with high starch or inulin content","Gross Production Value (constant 2014-2016 thousand US$)","1000 USD",2017,6696.1,"Sweet potatoes","no"
NA,NA,"Caribbean",NA,"Edible roots and tubers with high starch or inulin content","Gross Production Value (constant 2014-2016 thousand US$)","1000 USD",2018,7106.2,"Sweet potatoes","no"
NA,NA,"Caribbean",NA,"Edible roots and tubers with high starch or inulin content","Gross Production Value (constant 2014-2016 thousand US$)","1000 USD",2019,7152.8,"Sweet potatoes","no"
NA,NA,"Caribbean",NA,"Edible roots and tubers with high starch or inulin content","Gross Production Value (constant 2014-2016 thousand US$)","1000 USD",2020,7887.3,"Sweet potatoes","no"
NA,NA,"Caribbean",NA,"Edible roots and tubers with high starch or inulin content","Gross Production Value (constant 2014-2016 thousand US$)","1000 USD",2021,8368.4,"Sweet potatoes","no"
NA,NA,"Caribbean",NA,"Edible roots and tubers with high starch or inulin content","Gross Production Value (constant 2014-2016 thousand US$)","1000 USD",2022,8826.4,"Sweet potatoes","no"
NA,NA,"Caribbean",NA,"Edible roots and tubers with high starch or inulin content","Gross Production Value (constant 2014-2016 thousand US$)","1000 USD",2023,7990.3,"Sweet potatoes","no"
NA,NA,"Caribbean",NA,"Edible roots and tubers with high starch or inulin content","Gross Production Value (constant 2014-2016 thousand I$)","1000 Int$",1992,622.2857142857143,"Taro","no"
NA,NA,"Caribbean",NA,"Edible roots and tubers with high starch or inulin content","Gross Production Value (constant 2014-2016 thousand I$)","1000 Int$",1993,725,"Taro","no"
NA,NA,"Caribbean",NA,"Edible roots and tubers with high starch or inulin content","Gross Production Value (constant 2014-2016 thousand I$)","1000 Int$",1994,721.7142857142857,"Taro","no"
NA,NA,"Caribbean",NA,"Edible roots and tubers with high starch or inulin content","Gross Production Value (constant 2014-2016 thousand I$)","1000 Int$",1995,749.5714285714286,"Taro","no"
NA,NA,"Caribbean",NA,"Edible roots and tubers with high starch or inulin content","Gross Production Value (constant 2014-2016 thousand I$)","1000 Int$",1996,738.5714285714286,"Taro","no"
NA,NA,"Caribbean",NA,"Edible roots and tubers with high starch or inulin content","Gross Production Value (constant 2014-2016 thousand I$)","1000 Int$",1997,775.1428571428571,"Taro","no"
NA,NA,"Caribbean",NA,"Edible roots and tubers with high starch or inulin content","Gross Production Value (constant 2014-2016 thousand I$)","1000 Int$",1998,750.1428571428571,"Taro","no"
NA,NA,"Caribbean",NA,"Edible roots and tubers with high starch or inulin content","Gross Production Value (constant 2014-2016 thousand I$)","1000 Int$",1999,842,"Taro","no"
NA,NA,"Caribbean",NA,"Edible roots and tubers with high starch or inulin content","Gross Production Value (constant 2014-2016 thousand I$)","1000 Int$",2000,681.8571428571429,"Taro","no"
NA,NA,"Caribbean",NA,"Edible roots and tubers with high starch or inulin content","Gross Production Value (constant 2014-2016 thousand I$)","1000 Int$",2001,743,"Taro","no"
NA,NA,"Caribbean",NA,"Edible roots and tubers with high starch or inulin content","Gross Production Value (constant 2014-2016 thousand I$)","1000 Int$",2002,981.2857142857143,"Taro","no"
NA,NA,"Caribbean",NA,"Edible roots and tubers with high starch or inulin content","Gross Production Value (constant 2014-2016 thousand I$)","1000 Int$",2003,863.2857142857143,"Taro","no"
NA,NA,"Caribbean",NA,"Edible roots and tubers with high starch or inulin content","Gross Production Value (constant 2014-2016 thousand I$)","1000 Int$",2004,884,"Taro","no"
NA,NA,"Caribbean",NA,"Edible roots and tubers with high starch or inulin content","Gross Production Value (constant 2014-2016 thousand I$)","1000 Int$",2005,871.5714285714286,"Taro","no"
NA,NA,"Caribbean",NA,"Edible roots and tubers with high starch or inulin content","Gross Production Value (constant 2014-2016 thousand I$)","1000 Int$",2006,879.7142857142857,"Taro","no"
NA,NA,"Caribbean",NA,"Edible roots and tubers with high starch or inulin content","Gross Production Value (constant 2014-2016 thousand I$)","1000 Int$",2007,822.7142857142857,"Taro","no"
NA,NA,"Caribbean",NA,"Edible roots and tubers with high starch or inulin content","Gross Production Value (constant 2014-2016 thousand I$)","1000 Int$",2008,919.2857142857143,"Taro","no"
NA,NA,"Caribbean",NA,"Edible roots and tubers with high starch or inulin content","Gross Production Value (constant 2014-2016 thousand I$)","1000 Int$",2009,1159,"Taro","no"
NA,NA,"Caribbean",NA,"Edible roots and tubers with high starch or inulin content","Gross Production Value (constant 2014-2016 thousand I$)","1000 Int$",2010,911,"Taro","no"
NA,NA,"Caribbean",NA,"Edible roots and tubers with high starch or inulin content","Gross Production Value (constant 2014-2016 thousand I$)","1000 Int$",2011,1062.4285714285713,"Taro","no"
NA,NA,"Caribbean",NA,"Edible roots and tubers with high starch or inulin content","Gross Production Value (constant 2014-2016 thousand I$)","1000 Int$",2012,1333.7142857142858,"Taro","no"
NA,NA,"Caribbean",NA,"Edible roots and tubers with high starch or inulin content","Gross Production Value (constant 2014-2016 thousand I$)","1000 Int$",2013,1437.142857142857,"Taro","no"
NA,NA,"Caribbean",NA,"Edible roots and tubers with high starch or inulin content","Gross Production Value (constant 2014-2016 thousand I$)","1000 Int$",2014,1437.857142857143,"Taro","no"
NA,NA,"Caribbean",NA,"Edible roots and tubers with high starch or inulin content","Gross Production Value (constant 2014-2016 thousand I$)","1000 Int$",2015,1305.2857142857142,"Taro","no"
NA,NA,"Caribbean",NA,"Edible roots and tubers with high starch or inulin content","Gross Production Value (constant 2014-2016 thousand I$)","1000 Int$",2016,1374.4285714285713,"Taro","no"
NA,NA,"Caribbean",NA,"Edible roots and tubers with high starch or inulin content","Gross Production Value (constant 2014-2016 thousand I$)","1000 Int$",2017,1393.857142857143,"Taro","no"
NA,NA,"Caribbean",NA,"Edible roots and tubers with high starch or inulin content","Gross Production Value (constant 2014-2016 thousand I$)","1000 Int$",2018,1419.857142857143,"Taro","no"
NA,NA,"Caribbean",NA,"Edible roots and tubers with high starch or inulin content","Gross Production Value (constant 2014-2016 thousand I$)","1000 Int$",2019,1487.5714285714287,"Taro","no"
NA,NA,"Caribbean",NA,"Edible roots and tubers with high starch or inulin content","Gross Production Value (constant 2014-2016 thousand I$)","1000 Int$",2020,1443.7142857142858,"Taro","no"
NA,NA,"Caribbean",NA,"Edible roots and tubers with high starch or inulin content","Gross Production Value (constant 2014-2016 thousand I$)","1000 Int$",2021,1485.7142857142858,"Taro","no"
NA,NA,"Caribbean",NA,"Edible roots and tubers with high starch or inulin content","Gross Production Value (constant 2014-2016 thousand I$)","1000 Int$",2022,1425.5714285714287,"Taro","no"
NA,NA,"Caribbean",NA,"Edible roots and tubers with high starch or inulin content","Gross Production Value (constant 2014-2016 thousand I$)","1000 Int$",2023,1467.142857142857,"Taro","no"
NA,NA,"Caribbean",NA,"Edible roots and tubers with high starch or inulin content","Gross Production Value (constant 2014-2016 thousand US$)","1000 USD",1992,1068.3333333333333,"Taro","no"
NA,NA,"Caribbean",NA,"Edible roots and tubers with high starch or inulin content","Gross Production Value (constant 2014-2016 thousand US$)","1000 USD",1993,1338,"Taro","no"
NA,NA,"Caribbean",NA,"Edible roots and tubers with high starch or inulin content","Gross Production Value (constant 2014-2016 thousand US$)","1000 USD",1994,1025,"Taro","no"
NA,NA,"Caribbean",NA,"Edible roots and tubers with high starch or inulin content","Gross Production Value (constant 2014-2016 thousand US$)","1000 USD",1995,684.3333333333334,"Taro","no"
NA,NA,"Caribbean",NA,"Edible roots and tubers with high starch or inulin content","Gross Production Value (constant 2014-2016 thousand US$)","1000 USD",1996,931,"Taro","no"
NA,NA,"Caribbean",NA,"Edible roots and tubers with high starch or inulin content","Gross Production Value (constant 2014-2016 thousand US$)","1000 USD",1997,1312.6666666666667,"Taro","no"
NA,NA,"Caribbean",NA,"Edible roots and tubers with high starch or inulin content","Gross Production Value (constant 2014-2016 thousand US$)","1000 USD",1998,1135,"Taro","no"
NA,NA,"Caribbean",NA,"Edible roots and tubers with high starch or inulin content","Gross Production Value (constant 2014-2016 thousand US$)","1000 USD",1999,1778.6666666666667,"Taro","no"
NA,NA,"Caribbean",NA,"Edible roots and tubers with high starch or inulin content","Gross Production Value (constant 2014-2016 thousand US$)","1000 USD",2000,750.3333333333334,"Taro","no"
NA,NA,"Caribbean",NA,"Edible roots and tubers with high starch or inulin content","Gross Production Value (constant 2014-2016 thousand US$)","1000 USD",2001,1331.3333333333333,"Taro","no"
NA,NA,"Caribbean",NA,"Edible roots and tubers with high starch or inulin content","Gross Production Value (constant 2014-2016 thousand US$)","1000 USD",2002,3289,"Taro","no"
NA,NA,"Caribbean",NA,"Edible roots and tubers with high starch or inulin content","Gross Production Value (constant 2014-2016 thousand US$)","1000 USD",2003,2408.6666666666665,"Taro","no"
NA,NA,"Caribbean",NA,"Edible roots and tubers with high starch or inulin content","Gross Production Value (constant 2014-2016 thousand US$)","1000 USD",2004,2458.6666666666665,"Taro","no"
NA,NA,"Caribbean",NA,"Edible roots and tubers with high starch or inulin content","Gross Production Value (constant 2014-2016 thousand US$)","1000 USD",2005,2398.6666666666665,"Taro","no"
NA,NA,"Caribbean",NA,"Edible roots and tubers with high starch or inulin content","Gross Production Value (constant 2014-2016 thousand US$)","1000 USD",2006,2181.3333333333335,"Taro","no"
NA,NA,"Caribbean",NA,"Edible roots and tubers with high starch or inulin content","Gross Production Value (constant 2014-2016 thousand US$)","1000 USD",2007,2393.6666666666665,"Taro","no"
NA,NA,"Caribbean",NA,"Edible roots and tubers with high starch or inulin content","Gross Production Value (constant 2014-2016 thousand US$)","1000 USD",2008,2105.3333333333335,"Taro","no"
NA,NA,"Caribbean",NA,"Edible roots and tubers with high starch or inulin content","Gross Production Value (constant 2014-2016 thousand US$)","1000 USD",2009,2210.6666666666665,"Taro","no"
NA,NA,"Caribbean",NA,"Edible roots and tubers with high starch or inulin content","Gross Production Value (constant 2014-2016 thousand US$)","1000 USD",2010,2037,"Taro","no"
NA,NA,"Caribbean",NA,"Edible roots and tubers with high starch or inulin content","Gross Production Value (constant 2014-2016 thousand US$)","1000 USD",2011,2110,"Taro","no"
NA,NA,"Caribbean",NA,"Edible roots and tubers with high starch or inulin content","Gross Production Value (constant 2014-2016 thousand US$)","1000 USD",2012,2458.3333333333335,"Taro","no"
NA,NA,"Caribbean",NA,"Edible roots and tubers with high starch or inulin content","Gross Production Value (constant 2014-2016 thousand US$)","1000 USD",2013,2716.3333333333335,"Taro","no"
NA,NA,"Caribbean",NA,"Edible roots and tubers with high starch or inulin content","Gross Production Value (constant 2014-2016 thousand US$)","1000 USD",2014,2435.3333333333335,"Taro","no"
NA,NA,"Caribbean",NA,"Edible roots and tubers with high starch or inulin content","Gross Production Value (constant 2014-2016 thousand US$)","1000 USD",2015,1392,"Taro","no"
NA,NA,"Caribbean",NA,"Edible roots and tubers with high starch or inulin content","Gross Production Value (constant 2014-2016 thousand US$)","1000 USD",2016,1368.3333333333333,"Taro","no"
NA,NA,"Caribbean",NA,"Edible roots and tubers with high starch or inulin content","Gross Production Value (constant 2014-2016 thousand US$)","1000 USD",2017,1740,"Taro","no"
NA,NA,"Caribbean",NA,"Edible roots and tubers with high starch or inulin content","Gross Production Value (constant 2014-2016 thousand US$)","1000 USD",2018,1543.3333333333333,"Taro","no"
NA,NA,"Caribbean",NA,"Edible roots and tubers with high starch or inulin content","Gross Production Value (constant 2014-2016 thousand US$)","1000 USD",2019,2001.3333333333333,"Taro","no"
NA,NA,"Caribbean",NA,"Edible roots and tubers with high starch or inulin content","Gross Production Value (constant 2014-2016 thousand US$)","1000 USD",2020,2015.6666666666667,"Taro","no"
NA,NA,"Caribbean",NA,"Edible roots and tubers with high starch or inulin content","Gross Production Value (constant 2014-2016 thousand US$)","1000 USD",2021,2225.6666666666665,"Taro","no"
NA,NA,"Caribbean",NA,"Edible roots and tubers with high starch or inulin content","Gross Production Value (constant 2014-2016 thousand US$)","1000 USD",2022,1877.3333333333333,"Taro","no"
NA,NA,"Caribbean",NA,"Edible roots and tubers with high starch or inulin content","Gross Production Value (constant 2014-2016 thousand US$)","1000 USD",2023,2286.6666666666665,"Taro","no"
NA,NA,"Caribbean",NA,"Edible roots and tubers with high starch or inulin content","Gross Production Value (constant 2014-2016 thousand I$)","1000 Int$",1992,8594.466666666667,"Yams","no"
NA,NA,"Caribbean",NA,"Edible roots and tubers with high starch or inulin content","Gross Production Value (constant 2014-2016 thousand I$)","1000 Int$",1993,8440.533333333333,"Yams","no"
NA,NA,"Caribbean",NA,"Edible roots and tubers with high starch or inulin content","Gross Production Value (constant 2014-2016 thousand I$)","1000 Int$",1994,8633.733333333334,"Yams","no"
NA,NA,"Caribbean",NA,"Edible roots and tubers with high starch or inulin content","Gross Production Value (constant 2014-2016 thousand I$)","1000 Int$",1995,8822.333333333334,"Yams","no"
NA,NA,"Caribbean",NA,"Edible roots and tubers with high starch or inulin content","Gross Production Value (constant 2014-2016 thousand I$)","1000 Int$",1996,9357.133333333333,"Yams","no"
NA,NA,"Caribbean",NA,"Edible roots and tubers with high starch or inulin content","Gross Production Value (constant 2014-2016 thousand I$)","1000 Int$",1997,8791.133333333333,"Yams","no"
NA,NA,"Caribbean",NA,"Edible roots and tubers with high starch or inulin content","Gross Production Value (constant 2014-2016 thousand I$)","1000 Int$",1998,7882.733333333334,"Yams","no"
NA,NA,"Caribbean",NA,"Edible roots and tubers with high starch or inulin content","Gross Production Value (constant 2014-2016 thousand I$)","1000 Int$",1999,7835.066666666667,"Yams","no"
NA,NA,"Caribbean",NA,"Edible roots and tubers with high starch or inulin content","Gross Production Value (constant 2014-2016 thousand I$)","1000 Int$",2000,7576.666666666667,"Yams","no"
NA,NA,"Caribbean",NA,"Edible roots and tubers with high starch or inulin content","Gross Production Value (constant 2014-2016 thousand I$)","1000 Int$",2001,8209.533333333333,"Yams","no"
NA,NA,"Caribbean",NA,"Edible roots and tubers with high starch or inulin content","Gross Production Value (constant 2014-2016 thousand I$)","1000 Int$",2002,7974.133333333333,"Yams","no"
NA,NA,"Caribbean",NA,"Edible roots and tubers with high starch or inulin content","Gross Production Value (constant 2014-2016 thousand I$)","1000 Int$",2003,8954.133333333333,"Yams","no"
NA,NA,"Caribbean",NA,"Edible roots and tubers with high starch or inulin content","Gross Production Value (constant 2014-2016 thousand I$)","1000 Int$",2004,9030.066666666668,"Yams","no"
NA,NA,"Caribbean",NA,"Edible roots and tubers with high starch or inulin content","Gross Production Value (constant 2014-2016 thousand I$)","1000 Int$",2005,8837.466666666667,"Yams","no"
NA,NA,"Caribbean",NA,"Edible roots and tubers with high starch or inulin content","Gross Production Value (constant 2014-2016 thousand I$)","1000 Int$",2006,8866.533333333333,"Yams","no"
NA,NA,"Caribbean",NA,"Edible roots and tubers with high starch or inulin content","Gross Production Value (constant 2014-2016 thousand I$)","1000 Int$",2007,10924.866666666667,"Yams","no"
NA,NA,"Caribbean",NA,"Edible roots and tubers with high starch or inulin content","Gross Production Value (constant 2014-2016 thousand I$)","1000 Int$",2008,10967.333333333334,"Yams","no"
NA,NA,"Caribbean",NA,"Edible roots and tubers with high starch or inulin content","Gross Production Value (constant 2014-2016 thousand I$)","1000 Int$",2009,13996.6,"Yams","no"
NA,NA,"Caribbean",NA,"Edible roots and tubers with high starch or inulin content","Gross Production Value (constant 2014-2016 thousand I$)","1000 Int$",2010,16109.266666666666,"Yams","no"
NA,NA,"Caribbean",NA,"Edible roots and tubers with high starch or inulin content","Gross Production Value (constant 2014-2016 thousand I$)","1000 Int$",2011,14983.8,"Yams","no"
NA,NA,"Caribbean",NA,"Edible roots and tubers with high starch or inulin content","Gross Production Value (constant 2014-2016 thousand I$)","1000 Int$",2012,15088.6,"Yams","no"
NA,NA,"Caribbean",NA,"Edible roots and tubers with high starch or inulin content","Gross Production Value (constant 2014-2016 thousand I$)","1000 Int$",2013,17393.2,"Yams","no"
NA,NA,"Caribbean",NA,"Edible roots and tubers with high starch or inulin content","Gross Production Value (constant 2014-2016 thousand I$)","1000 Int$",2014,12683.133333333333,"Yams","no"
NA,NA,"Caribbean",NA,"Edible roots and tubers with high starch or inulin content","Gross Production Value (constant 2014-2016 thousand I$)","1000 Int$",2015,8831.2,"Yams","no"
NA,NA,"Caribbean",NA,"Edible roots and tubers with high starch or inulin content","Gross Production Value (constant 2014-2016 thousand I$)","1000 Int$",2016,5399.533333333334,"Yams","no"
NA,NA,"Caribbean",NA,"Edible roots and tubers with high starch or inulin content","Gross Production Value (constant 2014-2016 thousand I$)","1000 Int$",2017,5911.333333333333,"Yams","no"
NA,NA,"Caribbean",NA,"Edible roots and tubers with high starch or inulin content","Gross Production Value (constant 2014-2016 thousand I$)","1000 Int$",2018,6228,"Yams","no"
NA,NA,"Caribbean",NA,"Edible roots and tubers with high starch or inulin content","Gross Production Value (constant 2014-2016 thousand I$)","1000 Int$",2019,5276.533333333334,"Yams","no"
NA,NA,"Caribbean",NA,"Edible roots and tubers with high starch or inulin content","Gross Production Value (constant 2014-2016 thousand I$)","1000 Int$",2020,5161.866666666667,"Yams","no"
NA,NA,"Caribbean",NA,"Edible roots and tubers with high starch or inulin content","Gross Production Value (constant 2014-2016 thousand I$)","1000 Int$",2021,5094.4,"Yams","no"
NA,NA,"Caribbean",NA,"Edible roots and tubers with high starch or inulin content","Gross Production Value (constant 2014-2016 thousand I$)","1000 Int$",2022,5338.133333333333,"Yams","no"
NA,NA,"Caribbean",NA,"Edible roots and tubers with high starch or inulin content","Gross Production Value (constant 2014-2016 thousand I$)","1000 Int$",2023,5242.533333333334,"Yams","no"
NA,NA,"Caribbean",NA,"Edible roots and tubers with high starch or inulin content","Gross Production Value (constant 2014-2016 thousand US$)","1000 USD",1992,28763.3,"Yams","no"
NA,NA,"Caribbean",NA,"Edible roots and tubers with high starch or inulin content","Gross Production Value (constant 2014-2016 thousand US$)","1000 USD",1993,29229.9,"Yams","no"
NA,NA,"Caribbean",NA,"Edible roots and tubers with high starch or inulin content","Gross Production Value (constant 2014-2016 thousand US$)","1000 USD",1994,30075.7,"Yams","no"
NA,NA,"Caribbean",NA,"Edible roots and tubers with high starch or inulin content","Gross Production Value (constant 2014-2016 thousand US$)","1000 USD",1995,31218.9,"Yams","no"
NA,NA,"Caribbean",NA,"Edible roots and tubers with high starch or inulin content","Gross Production Value (constant 2014-2016 thousand US$)","1000 USD",1996,32487.7,"Yams","no"
NA,NA,"Caribbean",NA,"Edible roots and tubers with high starch or inulin content","Gross Production Value (constant 2014-2016 thousand US$)","1000 USD",1997,27582.7,"Yams","no"
NA,NA,"Caribbean",NA,"Edible roots and tubers with high starch or inulin content","Gross Production Value (constant 2014-2016 thousand US$)","1000 USD",1998,26056.4,"Yams","no"
NA,NA,"Caribbean",NA,"Edible roots and tubers with high starch or inulin content","Gross Production Value (constant 2014-2016 thousand US$)","1000 USD",1999,24540.2,"Yams","no"
NA,NA,"Caribbean",NA,"Edible roots and tubers with high starch or inulin content","Gross Production Value (constant 2014-2016 thousand US$)","1000 USD",2000,19464.9,"Yams","no"
NA,NA,"Caribbean",NA,"Edible roots and tubers with high starch or inulin content","Gross Production Value (constant 2014-2016 thousand US$)","1000 USD",2001,20924.9,"Yams","no"
NA,NA,"Caribbean",NA,"Edible roots and tubers with high starch or inulin content","Gross Production Value (constant 2014-2016 thousand US$)","1000 USD",2002,19695.5,"Yams","no"
NA,NA,"Caribbean",NA,"Edible roots and tubers with high starch or inulin content","Gross Production Value (constant 2014-2016 thousand US$)","1000 USD",2003,20584.2,"Yams","no"
NA,NA,"Caribbean",NA,"Edible roots and tubers with high starch or inulin content","Gross Production Value (constant 2014-2016 thousand US$)","1000 USD",2004,17999.2,"Yams","no"
NA,NA,"Caribbean",NA,"Edible roots and tubers with high starch or inulin content","Gross Production Value (constant 2014-2016 thousand US$)","1000 USD",2005,14518,"Yams","no"
NA,NA,"Caribbean",NA,"Edible roots and tubers with high starch or inulin content","Gross Production Value (constant 2014-2016 thousand US$)","1000 USD",2006,16911.7,"Yams","no"
NA,NA,"Caribbean",NA,"Edible roots and tubers with high starch or inulin content","Gross Production Value (constant 2014-2016 thousand US$)","1000 USD",2007,15960.8,"Yams","no"
NA,NA,"Caribbean",NA,"Edible roots and tubers with high starch or inulin content","Gross Production Value (constant 2014-2016 thousand US$)","1000 USD",2008,14599.5,"Yams","no"
NA,NA,"Caribbean",NA,"Edible roots and tubers with high starch or inulin content","Gross Production Value (constant 2014-2016 thousand US$)","1000 USD",2009,17328.7,"Yams","no"
NA,NA,"Caribbean",NA,"Edible roots and tubers with high starch or inulin content","Gross Production Value (constant 2014-2016 thousand US$)","1000 USD",2010,18575.9,"Yams","no"
NA,NA,"Caribbean",NA,"Edible roots and tubers with high starch or inulin content","Gross Production Value (constant 2014-2016 thousand US$)","1000 USD",2011,18219.5,"Yams","no"
NA,NA,"Caribbean",NA,"Edible roots and tubers with high starch or inulin content","Gross Production Value (constant 2014-2016 thousand US$)","1000 USD",2012,19521.8,"Yams","no"
NA,NA,"Caribbean",NA,"Edible roots and tubers with high starch or inulin content","Gross Production Value (constant 2014-2016 thousand US$)","1000 USD",2013,18843.3,"Yams","no"
NA,NA,"Caribbean",NA,"Edible roots and tubers with high starch or inulin content","Gross Production Value (constant 2014-2016 thousand US$)","1000 USD",2014,18227.5,"Yams","no"
NA,NA,"Caribbean",NA,"Edible roots and tubers with high starch or inulin content","Gross Production Value (constant 2014-2016 thousand US$)","1000 USD",2015,18665.1,"Yams","no"
NA,NA,"Caribbean",NA,"Edible roots and tubers with high starch or inulin content","Gross Production Value (constant 2014-2016 thousand US$)","1000 USD",2016,20964.8,"Yams","no"
NA,NA,"Caribbean",NA,"Edible roots and tubers with high starch or inulin content","Gross Production Value (constant 2014-2016 thousand US$)","1000 USD",2017,19796,"Yams","no"
NA,NA,"Caribbean",NA,"Edible roots and tubers with high starch or inulin content","Gross Production Value (constant 2014-2016 thousand US$)","1000 USD",2018,20351.1,"Yams","no"
NA,NA,"Caribbean",NA,"Edible roots and tubers with high starch or inulin content","Gross Production Value (constant 2014-2016 thousand US$)","1000 USD",2019,22128.3,"Yams","no"
NA,NA,"Caribbean",NA,"Edible roots and tubers with high starch or inulin content","Gross Production Value (constant 2014-2016 thousand US$)","1000 USD",2020,21905.3,"Yams","no"
NA,NA,"Caribbean",NA,"Edible roots and tubers with high starch or inulin content","Gross Production Value (constant 2014-2016 thousand US$)","1000 USD",2021,24221.9,"Yams","no"
NA,NA,"Caribbean",NA,"Edible roots and tubers with high starch or inulin content","Gross Production Value (constant 2014-2016 thousand US$)","1000 USD",2022,27266.4,"Yams","no"
NA,NA,"Caribbean",NA,"Edible roots and tubers with high starch or inulin content","Gross Production Value (constant 2014-2016 thousand US$)","1000 USD",2023,26133.4,"Yams","no"
NA,NA,"Caribbean",NA,"Edible roots and tubers with high starch or inulin content","Gross Production Value (constant 2014-2016 thousand I$)","1000 Int$",1992,5628.833333333333,"Yautia","no"
NA,NA,"Caribbean",NA,"Edible roots and tubers with high starch or inulin content","Gross Production Value (constant 2014-2016 thousand I$)","1000 Int$",1993,4992.666666666667,"Yautia","no"
NA,NA,"Caribbean",NA,"Edible roots and tubers with high starch or inulin content","Gross Production Value (constant 2014-2016 thousand I$)","1000 Int$",1994,5436.5,"Yautia","no"
NA,NA,"Caribbean",NA,"Edible roots and tubers with high starch or inulin content","Gross Production Value (constant 2014-2016 thousand I$)","1000 Int$",1995,6929.166666666667,"Yautia","no"
NA,NA,"Caribbean",NA,"Edible roots and tubers with high starch or inulin content","Gross Production Value (constant 2014-2016 thousand I$)","1000 Int$",1996,7103.5,"Yautia","no"
NA,NA,"Caribbean",NA,"Edible roots and tubers with high starch or inulin content","Gross Production Value (constant 2014-2016 thousand I$)","1000 Int$",1997,7919.833333333333,"Yautia","no"
NA,NA,"Caribbean",NA,"Edible roots and tubers with high starch or inulin content","Gross Production Value (constant 2014-2016 thousand I$)","1000 Int$",1998,8686.166666666666,"Yautia","no"
NA,NA,"Caribbean",NA,"Edible roots and tubers with high starch or inulin content","Gross Production Value (constant 2014-2016 thousand I$)","1000 Int$",1999,15071.333333333334,"Yautia","no"
NA,NA,"Caribbean",NA,"Edible roots and tubers with high starch or inulin content","Gross Production Value (constant 2014-2016 thousand I$)","1000 Int$",2000,17343.5,"Yautia","no"
NA,NA,"Caribbean",NA,"Edible roots and tubers with high starch or inulin content","Gross Production Value (constant 2014-2016 thousand I$)","1000 Int$",2001,16704.666666666668,"Yautia","no"
NA,NA,"Caribbean",NA,"Edible roots and tubers with high starch or inulin content","Gross Production Value (constant 2014-2016 thousand I$)","1000 Int$",2002,21262.666666666668,"Yautia","no"
NA,NA,"Caribbean",NA,"Edible roots and tubers with high starch or inulin content","Gross Production Value (constant 2014-2016 thousand I$)","1000 Int$",2003,32867.333333333336,"Yautia","no"
NA,NA,"Caribbean",NA,"Edible roots and tubers with high starch or inulin content","Gross Production Value (constant 2014-2016 thousand I$)","1000 Int$",2004,36174.666666666664,"Yautia","no"
NA,NA,"Caribbean",NA,"Edible roots and tubers with high starch or inulin content","Gross Production Value (constant 2014-2016 thousand I$)","1000 Int$",2005,29795.166666666668,"Yautia","no"
NA,NA,"Caribbean",NA,"Edible roots and tubers with high starch or inulin content","Gross Production Value (constant 2014-2016 thousand I$)","1000 Int$",2006,23601.333333333332,"Yautia","no"
NA,NA,"Caribbean",NA,"Edible roots and tubers with high starch or inulin content","Gross Production Value (constant 2014-2016 thousand I$)","1000 Int$",2007,27677.833333333332,"Yautia","no"
NA,NA,"Caribbean",NA,"Edible roots and tubers with high starch or inulin content","Gross Production Value (constant 2014-2016 thousand I$)","1000 Int$",2008,30637.166666666668,"Yautia","no"
NA,NA,"Caribbean",NA,"Edible roots and tubers with high starch or inulin content","Gross Production Value (constant 2014-2016 thousand I$)","1000 Int$",2009,26584.166666666668,"Yautia","no"
NA,NA,"Caribbean",NA,"Edible roots and tubers with high starch or inulin content","Gross Production Value (constant 2014-2016 thousand I$)","1000 Int$",2010,19713.5,"Yautia","no"
NA,NA,"Caribbean",NA,"Edible roots and tubers with high starch or inulin content","Gross Production Value (constant 2014-2016 thousand I$)","1000 Int$",2011,19412.5,"Yautia","no"
NA,NA,"Caribbean",NA,"Edible roots and tubers with high starch or inulin content","Gross Production Value (constant 2014-2016 thousand I$)","1000 Int$",2012,21788.166666666668,"Yautia","no"
NA,NA,"Caribbean",NA,"Edible roots and tubers with high starch or inulin content","Gross Production Value (constant 2014-2016 thousand I$)","1000 Int$",2013,25012.666666666668,"Yautia","no"
NA,NA,"Caribbean",NA,"Edible roots and tubers with high starch or inulin content","Gross Production Value (constant 2014-2016 thousand I$)","1000 Int$",2014,34292.833333333336,"Yautia","no"
NA,NA,"Caribbean",NA,"Edible roots and tubers with high starch or inulin content","Gross Production Value (constant 2014-2016 thousand I$)","1000 Int$",2015,32078.333333333332,"Yautia","no"
NA,NA,"Caribbean",NA,"Edible roots and tubers with high starch or inulin content","Gross Production Value (constant 2014-2016 thousand I$)","1000 Int$",2016,29893,"Yautia","no"
NA,NA,"Caribbean",NA,"Edible roots and tubers with high starch or inulin content","Gross Production Value (constant 2014-2016 thousand I$)","1000 Int$",2017,24215.166666666668,"Yautia","no"
NA,NA,"Caribbean",NA,"Edible roots and tubers with high starch or inulin content","Gross Production Value (constant 2014-2016 thousand I$)","1000 Int$",2018,26120.166666666668,"Yautia","no"
NA,NA,"Caribbean",NA,"Edible roots and tubers with high starch or inulin content","Gross Production Value (constant 2014-2016 thousand I$)","1000 Int$",2019,22757.333333333332,"Yautia","no"
NA,NA,"Caribbean",NA,"Edible roots and tubers with high starch or inulin content","Gross Production Value (constant 2014-2016 thousand I$)","1000 Int$",2020,16425.666666666668,"Yautia","no"
NA,NA,"Caribbean",NA,"Edible roots and tubers with high starch or inulin content","Gross Production Value (constant 2014-2016 thousand I$)","1000 Int$",2021,14253.666666666666,"Yautia","no"
NA,NA,"Caribbean",NA,"Edible roots and tubers with high starch or inulin content","Gross Production Value (constant 2014-2016 thousand I$)","1000 Int$",2022,16707.833333333332,"Yautia","no"
NA,NA,"Caribbean",NA,"Edible roots and tubers with high starch or inulin content","Gross Production Value (constant 2014-2016 thousand I$)","1000 Int$",2023,19472.666666666668,"Yautia","no"
NA,NA,"Caribbean",NA,"Edible roots and tubers with high starch or inulin content","Gross Production Value (constant 2014-2016 thousand US$)","1000 USD",1992,6624.25,"Yautia","no"
NA,NA,"Caribbean",NA,"Edible roots and tubers with high starch or inulin content","Gross Production Value (constant 2014-2016 thousand US$)","1000 USD",1993,6536,"Yautia","no"
NA,NA,"Caribbean",NA,"Edible roots and tubers with high starch or inulin content","Gross Production Value (constant 2014-2016 thousand US$)","1000 USD",1994,7798.5,"Yautia","no"
NA,NA,"Caribbean",NA,"Edible roots and tubers with high starch or inulin content","Gross Production Value (constant 2014-2016 thousand US$)","1000 USD",1995,10346.75,"Yautia","no"
NA,NA,"Caribbean",NA,"Edible roots and tubers with high starch or inulin content","Gross Production Value (constant 2014-2016 thousand US$)","1000 USD",1996,9825.25,"Yautia","no"
NA,NA,"Caribbean",NA,"Edible roots and tubers with high starch or inulin content","Gross Production Value (constant 2014-2016 thousand US$)","1000 USD",1997,10168,"Yautia","no"
NA,NA,"Caribbean",NA,"Edible roots and tubers with high starch or inulin content","Gross Production Value (constant 2014-2016 thousand US$)","1000 USD",1998,7236.25,"Yautia","no"
NA,NA,"Caribbean",NA,"Edible roots and tubers with high starch or inulin content","Gross Production Value (constant 2014-2016 thousand US$)","1000 USD",1999,11621,"Yautia","no"
NA,NA,"Caribbean",NA,"Edible roots and tubers with high starch or inulin content","Gross Production Value (constant 2014-2016 thousand US$)","1000 USD",2000,11754,"Yautia","no"
NA,NA,"Caribbean",NA,"Edible roots and tubers with high starch or inulin content","Gross Production Value (constant 2014-2016 thousand US$)","1000 USD",2001,9618,"Yautia","no"
NA,NA,"Caribbean",NA,"Edible roots and tubers with high starch or inulin content","Gross Production Value (constant 2014-2016 thousand US$)","1000 USD",2002,14174.5,"Yautia","no"
NA,NA,"Caribbean",NA,"Edible roots and tubers with high starch or inulin content","Gross Production Value (constant 2014-2016 thousand US$)","1000 USD",2003,18586,"Yautia","no"
NA,NA,"Caribbean",NA,"Edible roots and tubers with high starch or inulin content","Gross Production Value (constant 2014-2016 thousand US$)","1000 USD",2004,16990,"Yautia","no"
NA,NA,"Caribbean",NA,"Edible roots and tubers with high starch or inulin content","Gross Production Value (constant 2014-2016 thousand US$)","1000 USD",2005,8320,"Yautia","no"
NA,NA,"Caribbean",NA,"Edible roots and tubers with high starch or inulin content","Gross Production Value (constant 2014-2016 thousand US$)","1000 USD",2006,7251.25,"Yautia","no"
NA,NA,"Caribbean",NA,"Edible roots and tubers with high starch or inulin content","Gross Production Value (constant 2014-2016 thousand US$)","1000 USD",2007,7965.75,"Yautia","no"
NA,NA,"Caribbean",NA,"Edible roots and tubers with high starch or inulin content","Gross Production Value (constant 2014-2016 thousand US$)","1000 USD",2008,6520.75,"Yautia","no"
NA,NA,"Caribbean",NA,"Edible roots and tubers with high starch or inulin content","Gross Production Value (constant 2014-2016 thousand US$)","1000 USD",2009,7483.75,"Yautia","no"
NA,NA,"Caribbean",NA,"Edible roots and tubers with high starch or inulin content","Gross Production Value (constant 2014-2016 thousand US$)","1000 USD",2010,7510.25,"Yautia","no"
NA,NA,"Caribbean",NA,"Edible roots and tubers with high starch or inulin content","Gross Production Value (constant 2014-2016 thousand US$)","1000 USD",2011,8158,"Yautia","no"
NA,NA,"Caribbean",NA,"Edible roots and tubers with high starch or inulin content","Gross Production Value (constant 2014-2016 thousand US$)","1000 USD",2012,7977,"Yautia","no"
NA,NA,"Caribbean",NA,"Edible roots and tubers with high starch or inulin content","Gross Production Value (constant 2014-2016 thousand US$)","1000 USD",2013,7172,"Yautia","no"
NA,NA,"Caribbean",NA,"Edible roots and tubers with high starch or inulin content","Gross Production Value (constant 2014-2016 thousand US$)","1000 USD",2014,6849.75,"Yautia","no"
NA,NA,"Caribbean",NA,"Edible roots and tubers with high starch or inulin content","Gross Production Value (constant 2014-2016 thousand US$)","1000 USD",2015,7665.5,"Yautia","no"
NA,NA,"Caribbean",NA,"Edible roots and tubers with high starch or inulin content","Gross Production Value (constant 2014-2016 thousand US$)","1000 USD",2016,7648.5,"Yautia","no"
NA,NA,"Caribbean",NA,"Edible roots and tubers with high starch or inulin content","Gross Production Value (constant 2014-2016 thousand US$)","1000 USD",2017,8251,"Yautia","no"
NA,NA,"Caribbean",NA,"Edible roots and tubers with high starch or inulin content","Gross Production Value (constant 2014-2016 thousand US$)","1000 USD",2018,7890,"Yautia","no"
NA,NA,"Caribbean",NA,"Edible roots and tubers with high starch or inulin content","Gross Production Value (constant 2014-2016 thousand US$)","1000 USD",2019,7611.5,"Yautia","no"
NA,NA,"Caribbean",NA,"Edible roots and tubers with high starch or inulin content","Gross Production Value (constant 2014-2016 thousand US$)","1000 USD",2020,8964.5,"Yautia","no"
NA,NA,"Caribbean",NA,"Edible roots and tubers with high starch or inulin content","Gross Production Value (constant 2014-2016 thousand US$)","1000 USD",2021,9000.75,"Yautia","no"
NA,NA,"Caribbean",NA,"Edible roots and tubers with high starch or inulin content","Gross Production Value (constant 2014-2016 thousand US$)","1000 USD",2022,12155.25,"Yautia","no"
NA,NA,"Caribbean",NA,"Edible roots and tubers with high starch or inulin content","Gross Production Value (constant 2014-2016 thousand US$)","1000 USD",2023,15426,"Yautia","no"
NA,NA,"Caribbean",NA,"Eggs of hens or other birds in shell, fresh","Gross Production Value (constant 2014-2016 thousand I$)","1000 Int$",1992,1459,"Eggs from other birds in shell, n.e.c.","no"
NA,NA,"Caribbean",NA,"Eggs of hens or other birds in shell, fresh","Gross Production Value (constant 2014-2016 thousand I$)","1000 Int$",1993,1475,"Eggs from other birds in shell, n.e.c.","no"
NA,NA,"Caribbean",NA,"Eggs of hens or other birds in shell, fresh","Gross Production Value (constant 2014-2016 thousand I$)","1000 Int$",1994,1496,"Eggs from other birds in shell, n.e.c.","no"
NA,NA,"Caribbean",NA,"Eggs of hens or other birds in shell, fresh","Gross Production Value (constant 2014-2016 thousand I$)","1000 Int$",1995,1516,"Eggs from other birds in shell, n.e.c.","no"
NA,NA,"Caribbean",NA,"Eggs of hens or other birds in shell, fresh","Gross Production Value (constant 2014-2016 thousand I$)","1000 Int$",1996,1537,"Eggs from other birds in shell, n.e.c.","no"
NA,NA,"Caribbean",NA,"Eggs of hens or other birds in shell, fresh","Gross Production Value (constant 2014-2016 thousand I$)","1000 Int$",1997,1552,"Eggs from other birds in shell, n.e.c.","no"
NA,NA,"Caribbean",NA,"Eggs of hens or other birds in shell, fresh","Gross Production Value (constant 2014-2016 thousand I$)","1000 Int$",1998,1576,"Eggs from other birds in shell, n.e.c.","no"
NA,NA,"Caribbean",NA,"Eggs of hens or other birds in shell, fresh","Gross Production Value (constant 2014-2016 thousand I$)","1000 Int$",1999,1598,"Eggs from other birds in shell, n.e.c.","no"
NA,NA,"Caribbean",NA,"Eggs of hens or other birds in shell, fresh","Gross Production Value (constant 2014-2016 thousand I$)","1000 Int$",2000,1605,"Eggs from other birds in shell, n.e.c.","no"
NA,NA,"Caribbean",NA,"Eggs of hens or other birds in shell, fresh","Gross Production Value (constant 2014-2016 thousand I$)","1000 Int$",2001,1678,"Eggs from other birds in shell, n.e.c.","no"
NA,NA,"Caribbean",NA,"Eggs of hens or other birds in shell, fresh","Gross Production Value (constant 2014-2016 thousand I$)","1000 Int$",2002,1678,"Eggs from other birds in shell, n.e.c.","no"
NA,NA,"Caribbean",NA,"Eggs of hens or other birds in shell, fresh","Gross Production Value (constant 2014-2016 thousand I$)","1000 Int$",2003,1751,"Eggs from other birds in shell, n.e.c.","no"
NA,NA,"Caribbean",NA,"Eggs of hens or other birds in shell, fresh","Gross Production Value (constant 2014-2016 thousand I$)","1000 Int$",2004,1751,"Eggs from other birds in shell, n.e.c.","no"
NA,NA,"Caribbean",NA,"Eggs of hens or other birds in shell, fresh","Gross Production Value (constant 2014-2016 thousand I$)","1000 Int$",2005,1824,"Eggs from other birds in shell, n.e.c.","no"
NA,NA,"Caribbean",NA,"Eggs of hens or other birds in shell, fresh","Gross Production Value (constant 2014-2016 thousand I$)","1000 Int$",2006,1751,"Eggs from other birds in shell, n.e.c.","no"
NA,NA,"Caribbean",NA,"Eggs of hens or other birds in shell, fresh","Gross Production Value (constant 2014-2016 thousand I$)","1000 Int$",2007,1751,"Eggs from other birds in shell, n.e.c.","no"
NA,NA,"Caribbean",NA,"Eggs of hens or other birds in shell, fresh","Gross Production Value (constant 2014-2016 thousand I$)","1000 Int$",2008,1751,"Eggs from other birds in shell, n.e.c.","no"
NA,NA,"Caribbean",NA,"Eggs of hens or other birds in shell, fresh","Gross Production Value (constant 2014-2016 thousand I$)","1000 Int$",2009,1751,"Eggs from other birds in shell, n.e.c.","no"
NA,NA,"Caribbean",NA,"Eggs of hens or other birds in shell, fresh","Gross Production Value (constant 2014-2016 thousand I$)","1000 Int$",2010,1845,"Eggs from other birds in shell, n.e.c.","no"
NA,NA,"Caribbean",NA,"Eggs of hens or other birds in shell, fresh","Gross Production Value (constant 2014-2016 thousand I$)","1000 Int$",2011,1956,"Eggs from other birds in shell, n.e.c.","no"
NA,NA,"Caribbean",NA,"Eggs of hens or other birds in shell, fresh","Gross Production Value (constant 2014-2016 thousand I$)","1000 Int$",2012,1961,"Eggs from other birds in shell, n.e.c.","no"
NA,NA,"Caribbean",NA,"Eggs of hens or other birds in shell, fresh","Gross Production Value (constant 2014-2016 thousand I$)","1000 Int$",2013,1970,"Eggs from other birds in shell, n.e.c.","no"
NA,NA,"Caribbean",NA,"Eggs of hens or other birds in shell, fresh","Gross Production Value (constant 2014-2016 thousand I$)","1000 Int$",2014,1970,"Eggs from other birds in shell, n.e.c.","no"
NA,NA,"Caribbean",NA,"Eggs of hens or other birds in shell, fresh","Gross Production Value (constant 2014-2016 thousand I$)","1000 Int$",2015,1990,"Eggs from other birds in shell, n.e.c.","no"
NA,NA,"Caribbean",NA,"Eggs of hens or other birds in shell, fresh","Gross Production Value (constant 2014-2016 thousand I$)","1000 Int$",2016,1970,"Eggs from other birds in shell, n.e.c.","no"
NA,NA,"Caribbean",NA,"Eggs of hens or other birds in shell, fresh","Gross Production Value (constant 2014-2016 thousand I$)","1000 Int$",2017,1956,"Eggs from other birds in shell, n.e.c.","no"
NA,NA,"Caribbean",NA,"Eggs of hens or other birds in shell, fresh","Gross Production Value (constant 2014-2016 thousand I$)","1000 Int$",2018,1605,"Eggs from other birds in shell, n.e.c.","no"
NA,NA,"Caribbean",NA,"Eggs of hens or other birds in shell, fresh","Gross Production Value (constant 2014-2016 thousand I$)","1000 Int$",2019,1605,"Eggs from other birds in shell, n.e.c.","no"
NA,NA,"Caribbean",NA,"Eggs of hens or other birds in shell, fresh","Gross Production Value (constant 2014-2016 thousand I$)","1000 Int$",2020,1605,"Eggs from other birds in shell, n.e.c.","no"
NA,NA,"Caribbean",NA,"Eggs of hens or other birds in shell, fresh","Gross Production Value (constant 2014-2016 thousand I$)","1000 Int$",2021,1605,"Eggs from other birds in shell, n.e.c.","no"
NA,NA,"Caribbean",NA,"Eggs of hens or other birds in shell, fresh","Gross Production Value (constant 2014-2016 thousand I$)","1000 Int$",2022,1605,"Eggs from other birds in shell, n.e.c.","no"
NA,NA,"Caribbean",NA,"Eggs of hens or other birds in shell, fresh","Gross Production Value (constant 2014-2016 thousand I$)","1000 Int$",2023,1605,"Eggs from other birds in shell, n.e.c.","no"
NA,NA,"Caribbean",NA,"Eggs of hens or other birds in shell, fresh","Gross Production Value (constant 2014-2016 thousand I$)","1000 Int$",1992,14834.3125,"Hen eggs in shell","no"
NA,NA,"Caribbean",NA,"Eggs of hens or other birds in shell, fresh","Gross Production Value (constant 2014-2016 thousand I$)","1000 Int$",1993,11807.75,"Hen eggs in shell","no"
NA,NA,"Caribbean",NA,"Eggs of hens or other birds in shell, fresh","Gross Production Value (constant 2014-2016 thousand I$)","1000 Int$",1994,11909.25,"Hen eggs in shell","no"
NA,NA,"Caribbean",NA,"Eggs of hens or other birds in shell, fresh","Gross Production Value (constant 2014-2016 thousand I$)","1000 Int$",1995,11796.5625,"Hen eggs in shell","no"
NA,NA,"Caribbean",NA,"Eggs of hens or other birds in shell, fresh","Gross Production Value (constant 2014-2016 thousand I$)","1000 Int$",1996,11490.0625,"Hen eggs in shell","no"
NA,NA,"Caribbean",NA,"Eggs of hens or other birds in shell, fresh","Gross Production Value (constant 2014-2016 thousand I$)","1000 Int$",1997,12159.4375,"Hen eggs in shell","no"
NA,NA,"Caribbean",NA,"Eggs of hens or other birds in shell, fresh","Gross Production Value (constant 2014-2016 thousand I$)","1000 Int$",1998,11759.3125,"Hen eggs in shell","no"
NA,NA,"Caribbean",NA,"Eggs of hens or other birds in shell, fresh","Gross Production Value (constant 2014-2016 thousand I$)","1000 Int$",1999,12660.5,"Hen eggs in shell","no"
NA,NA,"Caribbean",NA,"Eggs of hens or other birds in shell, fresh","Gross Production Value (constant 2014-2016 thousand I$)","1000 Int$",2000,12910.5,"Hen eggs in shell","no"
NA,NA,"Caribbean",NA,"Eggs of hens or other birds in shell, fresh","Gross Production Value (constant 2014-2016 thousand I$)","1000 Int$",2001,13033.0625,"Hen eggs in shell","no"
NA,NA,"Caribbean",NA,"Eggs of hens or other birds in shell, fresh","Gross Production Value (constant 2014-2016 thousand I$)","1000 Int$",2002,15164.625,"Hen eggs in shell","no"
NA,NA,"Caribbean",NA,"Eggs of hens or other birds in shell, fresh","Gross Production Value (constant 2014-2016 thousand I$)","1000 Int$",2003,14202.1875,"Hen eggs in shell","no"
NA,NA,"Caribbean",NA,"Eggs of hens or other birds in shell, fresh","Gross Production Value (constant 2014-2016 thousand I$)","1000 Int$",2004,13829.4375,"Hen eggs in shell","no"
NA,NA,"Caribbean",NA,"Eggs of hens or other birds in shell, fresh","Gross Production Value (constant 2014-2016 thousand I$)","1000 Int$",2005,16032.0625,"Hen eggs in shell","no"
NA,NA,"Caribbean",NA,"Eggs of hens or other birds in shell, fresh","Gross Production Value (constant 2014-2016 thousand I$)","1000 Int$",2006,17829.25,"Hen eggs in shell","no"
NA,NA,"Caribbean",NA,"Eggs of hens or other birds in shell, fresh","Gross Production Value (constant 2014-2016 thousand I$)","1000 Int$",2007,17470.5625,"Hen eggs in shell","no"
NA,NA,"Caribbean",NA,"Eggs of hens or other birds in shell, fresh","Gross Production Value (constant 2014-2016 thousand I$)","1000 Int$",2008,17594.0625,"Hen eggs in shell","no"
NA,NA,"Caribbean",NA,"Eggs of hens or other birds in shell, fresh","Gross Production Value (constant 2014-2016 thousand I$)","1000 Int$",2009,18485.1875,"Hen eggs in shell","no"
NA,NA,"Caribbean",NA,"Eggs of hens or other birds in shell, fresh","Gross Production Value (constant 2014-2016 thousand I$)","1000 Int$",2010,19215.1875,"Hen eggs in shell","no"
NA,NA,"Caribbean",NA,"Eggs of hens or other birds in shell, fresh","Gross Production Value (constant 2014-2016 thousand I$)","1000 Int$",2011,19194.75,"Hen eggs in shell","no"
NA,NA,"Caribbean",NA,"Eggs of hens or other birds in shell, fresh","Gross Production Value (constant 2014-2016 thousand I$)","1000 Int$",2012,18898.5625,"Hen eggs in shell","no"
NA,NA,"Caribbean",NA,"Eggs of hens or other birds in shell, fresh","Gross Production Value (constant 2014-2016 thousand I$)","1000 Int$",2013,18859.25,"Hen eggs in shell","no"
NA,NA,"Caribbean",NA,"Eggs of hens or other birds in shell, fresh","Gross Production Value (constant 2014-2016 thousand I$)","1000 Int$",2014,21134.6875,"Hen eggs in shell","no"
NA,NA,"Caribbean",NA,"Eggs of hens or other birds in shell, fresh","Gross Production Value (constant 2014-2016 thousand I$)","1000 Int$",2015,20713.125,"Hen eggs in shell","no"
NA,NA,"Caribbean",NA,"Eggs of hens or other birds in shell, fresh","Gross Production Value (constant 2014-2016 thousand I$)","1000 Int$",2016,20996.5625,"Hen eggs in shell","no"
NA,NA,"Caribbean",NA,"Eggs of hens or other birds in shell, fresh","Gross Production Value (constant 2014-2016 thousand I$)","1000 Int$",2017,21881.75,"Hen eggs in shell","no"
NA,NA,"Caribbean",NA,"Eggs of hens or other birds in shell, fresh","Gross Production Value (constant 2014-2016 thousand I$)","1000 Int$",2018,24216.25,"Hen eggs in shell","no"
NA,NA,"Caribbean",NA,"Eggs of hens or other birds in shell, fresh","Gross Production Value (constant 2014-2016 thousand I$)","1000 Int$",2019,25806.5,"Hen eggs in shell","no"
NA,NA,"Caribbean",NA,"Eggs of hens or other birds in shell, fresh","Gross Production Value (constant 2014-2016 thousand I$)","1000 Int$",2020,26938.5625,"Hen eggs in shell","no"
NA,NA,"Caribbean",NA,"Eggs of hens or other birds in shell, fresh","Gross Production Value (constant 2014-2016 thousand I$)","1000 Int$",2021,26550.875,"Hen eggs in shell","no"
NA,NA,"Caribbean",NA,"Eggs of hens or other birds in shell, fresh","Gross Production Value (constant 2014-2016 thousand I$)","1000 Int$",2022,30100.625,"Hen eggs in shell","no"
NA,NA,"Caribbean",NA,"Eggs of hens or other birds in shell, fresh","Gross Production Value (constant 2014-2016 thousand I$)","1000 Int$",2023,30958.125,"Hen eggs in shell","no"
NA,NA,"Caribbean",NA,"Eggs of hens or other birds in shell, fresh","Gross Production Value (constant 2014-2016 thousand US$)","1000 USD",1992,14837.4,"Hen eggs in shell","no"
NA,NA,"Caribbean",NA,"Eggs of hens or other birds in shell, fresh","Gross Production Value (constant 2014-2016 thousand US$)","1000 USD",1993,14629.8,"Hen eggs in shell","no"
NA,NA,"Caribbean",NA,"Eggs of hens or other birds in shell, fresh","Gross Production Value (constant 2014-2016 thousand US$)","1000 USD",1994,14387.9,"Hen eggs in shell","no"
NA,NA,"Caribbean",NA,"Eggs of hens or other birds in shell, fresh","Gross Production Value (constant 2014-2016 thousand US$)","1000 USD",1995,14866.9,"Hen eggs in shell","no"
NA,NA,"Caribbean",NA,"Eggs of hens or other birds in shell, fresh","Gross Production Value (constant 2014-2016 thousand US$)","1000 USD",1996,15116.7,"Hen eggs in shell","no"
NA,NA,"Caribbean",NA,"Eggs of hens or other birds in shell, fresh","Gross Production Value (constant 2014-2016 thousand US$)","1000 USD",1997,14560.3,"Hen eggs in shell","no"
NA,NA,"Caribbean",NA,"Eggs of hens or other birds in shell, fresh","Gross Production Value (constant 2014-2016 thousand US$)","1000 USD",1998,15536.6,"Hen eggs in shell","no"
NA,NA,"Caribbean",NA,"Eggs of hens or other birds in shell, fresh","Gross Production Value (constant 2014-2016 thousand US$)","1000 USD",1999,14095.9,"Hen eggs in shell","no"
NA,NA,"Caribbean",NA,"Eggs of hens or other birds in shell, fresh","Gross Production Value (constant 2014-2016 thousand US$)","1000 USD",2000,14143.9,"Hen eggs in shell","no"
NA,NA,"Caribbean",NA,"Eggs of hens or other birds in shell, fresh","Gross Production Value (constant 2014-2016 thousand US$)","1000 USD",2001,15947.2,"Hen eggs in shell","no"
NA,NA,"Caribbean",NA,"Eggs of hens or other birds in shell, fresh","Gross Production Value (constant 2014-2016 thousand US$)","1000 USD",2002,18333.4,"Hen eggs in shell","no"
NA,NA,"Caribbean",NA,"Eggs of hens or other birds in shell, fresh","Gross Production Value (constant 2014-2016 thousand US$)","1000 USD",2003,16728.3,"Hen eggs in shell","no"
NA,NA,"Caribbean",NA,"Eggs of hens or other birds in shell, fresh","Gross Production Value (constant 2014-2016 thousand US$)","1000 USD",2004,16484.9,"Hen eggs in shell","no"
NA,NA,"Caribbean",NA,"Eggs of hens or other birds in shell, fresh","Gross Production Value (constant 2014-2016 thousand US$)","1000 USD",2005,17839.9,"Hen eggs in shell","no"
NA,NA,"Caribbean",NA,"Eggs of hens or other birds in shell, fresh","Gross Production Value (constant 2014-2016 thousand US$)","1000 USD",2006,20240.2,"Hen eggs in shell","no"
NA,NA,"Caribbean",NA,"Eggs of hens or other birds in shell, fresh","Gross Production Value (constant 2014-2016 thousand US$)","1000 USD",2007,19855.7,"Hen eggs in shell","no"
NA,NA,"Caribbean",NA,"Eggs of hens or other birds in shell, fresh","Gross Production Value (constant 2014-2016 thousand US$)","1000 USD",2008,20461,"Hen eggs in shell","no"
NA,NA,"Caribbean",NA,"Eggs of hens or other birds in shell, fresh","Gross Production Value (constant 2014-2016 thousand US$)","1000 USD",2009,21693,"Hen eggs in shell","no"
NA,NA,"Caribbean",NA,"Eggs of hens or other birds in shell, fresh","Gross Production Value (constant 2014-2016 thousand US$)","1000 USD",2010,22247.5,"Hen eggs in shell","no"
NA,NA,"Caribbean",NA,"Eggs of hens or other birds in shell, fresh","Gross Production Value (constant 2014-2016 thousand US$)","1000 USD",2011,21008,"Hen eggs in shell","no"
NA,NA,"Caribbean",NA,"Eggs of hens or other birds in shell, fresh","Gross Production Value (constant 2014-2016 thousand US$)","1000 USD",2012,21718.7,"Hen eggs in shell","no"
NA,NA,"Caribbean",NA,"Eggs of hens or other birds in shell, fresh","Gross Production Value (constant 2014-2016 thousand US$)","1000 USD",2013,20660.1,"Hen eggs in shell","no"
NA,NA,"Caribbean",NA,"Eggs of hens or other birds in shell, fresh","Gross Production Value (constant 2014-2016 thousand US$)","1000 USD",2014,24684.5,"Hen eggs in shell","no"
NA,NA,"Caribbean",NA,"Eggs of hens or other birds in shell, fresh","Gross Production Value (constant 2014-2016 thousand US$)","1000 USD",2015,26036.6,"Hen eggs in shell","no"
NA,NA,"Caribbean",NA,"Eggs of hens or other birds in shell, fresh","Gross Production Value (constant 2014-2016 thousand US$)","1000 USD",2016,26615.8,"Hen eggs in shell","no"
NA,NA,"Caribbean",NA,"Eggs of hens or other birds in shell, fresh","Gross Production Value (constant 2014-2016 thousand US$)","1000 USD",2017,27200.6,"Hen eggs in shell","no"
NA,NA,"Caribbean",NA,"Eggs of hens or other birds in shell, fresh","Gross Production Value (constant 2014-2016 thousand US$)","1000 USD",2018,29893,"Hen eggs in shell","no"
NA,NA,"Caribbean",NA,"Eggs of hens or other birds in shell, fresh","Gross Production Value (constant 2014-2016 thousand US$)","1000 USD",2019,34320.4,"Hen eggs in shell","no"
NA,NA,"Caribbean",NA,"Eggs of hens or other birds in shell, fresh","Gross Production Value (constant 2014-2016 thousand US$)","1000 USD",2020,37723.9,"Hen eggs in shell","no"
NA,NA,"Caribbean",NA,"Eggs of hens or other birds in shell, fresh","Gross Production Value (constant 2014-2016 thousand US$)","1000 USD",2021,38011.8,"Hen eggs in shell","no"
NA,NA,"Caribbean",NA,"Eggs of hens or other birds in shell, fresh","Gross Production Value (constant 2014-2016 thousand US$)","1000 USD",2022,43350.5,"Hen eggs in shell","no"
NA,NA,"Caribbean",NA,"Eggs of hens or other birds in shell, fresh","Gross Production Value (constant 2014-2016 thousand US$)","1000 USD",2023,45324.8,"Hen eggs in shell","no"
NA,NA,"Caribbean",NA,"Forage products; fibre crops; plants used in perfumery, pharmacy, or for insecticidal, fungicidal or similar purposes; beet, forage plant and flower seeds; natural rubber; living plants, cut flowers and flower buds; unmanufactured tobacco; other raw vegetable materials","Gross Production Value (constant 2014-2016 thousand I$)","1000 Int$",1992,6503,"Agave fibres, n.e.c.","no"
NA,NA,"Caribbean",NA,"Forage products; fibre crops; plants used in perfumery, pharmacy, or for insecticidal, fungicidal or similar purposes; beet, forage plant and flower seeds; natural rubber; living plants, cut flowers and flower buds; unmanufactured tobacco; other raw vegetable materials","Gross Production Value (constant 2014-2016 thousand I$)","1000 Int$",1993,6282,"Agave fibres, n.e.c.","no"
NA,NA,"Caribbean",NA,"Forage products; fibre crops; plants used in perfumery, pharmacy, or for insecticidal, fungicidal or similar purposes; beet, forage plant and flower seeds; natural rubber; living plants, cut flowers and flower buds; unmanufactured tobacco; other raw vegetable materials","Gross Production Value (constant 2014-2016 thousand I$)","1000 Int$",1994,6066,"Agave fibres, n.e.c.","no"
NA,NA,"Caribbean",NA,"Forage products; fibre crops; plants used in perfumery, pharmacy, or for insecticidal, fungicidal or similar purposes; beet, forage plant and flower seeds; natural rubber; living plants, cut flowers and flower buds; unmanufactured tobacco; other raw vegetable materials","Gross Production Value (constant 2014-2016 thousand I$)","1000 Int$",1995,5856,"Agave fibres, n.e.c.","no"
NA,NA,"Caribbean",NA,"Forage products; fibre crops; plants used in perfumery, pharmacy, or for insecticidal, fungicidal or similar purposes; beet, forage plant and flower seeds; natural rubber; living plants, cut flowers and flower buds; unmanufactured tobacco; other raw vegetable materials","Gross Production Value (constant 2014-2016 thousand I$)","1000 Int$",1996,5650,"Agave fibres, n.e.c.","no"
NA,NA,"Caribbean",NA,"Forage products; fibre crops; plants used in perfumery, pharmacy, or for insecticidal, fungicidal or similar purposes; beet, forage plant and flower seeds; natural rubber; living plants, cut flowers and flower buds; unmanufactured tobacco; other raw vegetable materials","Gross Production Value (constant 2014-2016 thousand I$)","1000 Int$",1997,5449,"Agave fibres, n.e.c.","no"
NA,NA,"Caribbean",NA,"Forage products; fibre crops; plants used in perfumery, pharmacy, or for insecticidal, fungicidal or similar purposes; beet, forage plant and flower seeds; natural rubber; living plants, cut flowers and flower buds; unmanufactured tobacco; other raw vegetable materials","Gross Production Value (constant 2014-2016 thousand I$)","1000 Int$",1998,5253,"Agave fibres, n.e.c.","no"
NA,NA,"Caribbean",NA,"Forage products; fibre crops; plants used in perfumery, pharmacy, or for insecticidal, fungicidal or similar purposes; beet, forage plant and flower seeds; natural rubber; living plants, cut flowers and flower buds; unmanufactured tobacco; other raw vegetable materials","Gross Production Value (constant 2014-2016 thousand I$)","1000 Int$",1999,5061,"Agave fibres, n.e.c.","no"
NA,NA,"Caribbean",NA,"Forage products; fibre crops; plants used in perfumery, pharmacy, or for insecticidal, fungicidal or similar purposes; beet, forage plant and flower seeds; natural rubber; living plants, cut flowers and flower buds; unmanufactured tobacco; other raw vegetable materials","Gross Production Value (constant 2014-2016 thousand I$)","1000 Int$",2000,4872,"Agave fibres, n.e.c.","no"
NA,NA,"Caribbean",NA,"Forage products; fibre crops; plants used in perfumery, pharmacy, or for insecticidal, fungicidal or similar purposes; beet, forage plant and flower seeds; natural rubber; living plants, cut flowers and flower buds; unmanufactured tobacco; other raw vegetable materials","Gross Production Value (constant 2014-2016 thousand I$)","1000 Int$",2001,4687,"Agave fibres, n.e.c.","no"
NA,NA,"Caribbean",NA,"Forage products; fibre crops; plants used in perfumery, pharmacy, or for insecticidal, fungicidal or similar purposes; beet, forage plant and flower seeds; natural rubber; living plants, cut flowers and flower buds; unmanufactured tobacco; other raw vegetable materials","Gross Production Value (constant 2014-2016 thousand I$)","1000 Int$",2002,4504,"Agave fibres, n.e.c.","no"
NA,NA,"Caribbean",NA,"Forage products; fibre crops; plants used in perfumery, pharmacy, or for insecticidal, fungicidal or similar purposes; beet, forage plant and flower seeds; natural rubber; living plants, cut flowers and flower buds; unmanufactured tobacco; other raw vegetable materials","Gross Production Value (constant 2014-2016 thousand I$)","1000 Int$",2003,4324,"Agave fibres, n.e.c.","no"
NA,NA,"Caribbean",NA,"Forage products; fibre crops; plants used in perfumery, pharmacy, or for insecticidal, fungicidal or similar purposes; beet, forage plant and flower seeds; natural rubber; living plants, cut flowers and flower buds; unmanufactured tobacco; other raw vegetable materials","Gross Production Value (constant 2014-2016 thousand I$)","1000 Int$",2004,4147,"Agave fibres, n.e.c.","no"
NA,NA,"Caribbean",NA,"Forage products; fibre crops; plants used in perfumery, pharmacy, or for insecticidal, fungicidal or similar purposes; beet, forage plant and flower seeds; natural rubber; living plants, cut flowers and flower buds; unmanufactured tobacco; other raw vegetable materials","Gross Production Value (constant 2014-2016 thousand I$)","1000 Int$",2005,3971,"Agave fibres, n.e.c.","no"
NA,NA,"Caribbean",NA,"Forage products; fibre crops; plants used in perfumery, pharmacy, or for insecticidal, fungicidal or similar purposes; beet, forage plant and flower seeds; natural rubber; living plants, cut flowers and flower buds; unmanufactured tobacco; other raw vegetable materials","Gross Production Value (constant 2014-2016 thousand I$)","1000 Int$",2006,3796,"Agave fibres, n.e.c.","no"
NA,NA,"Caribbean",NA,"Forage products; fibre crops; plants used in perfumery, pharmacy, or for insecticidal, fungicidal or similar purposes; beet, forage plant and flower seeds; natural rubber; living plants, cut flowers and flower buds; unmanufactured tobacco; other raw vegetable materials","Gross Production Value (constant 2014-2016 thousand I$)","1000 Int$",2007,3623,"Agave fibres, n.e.c.","no"
NA,NA,"Caribbean",NA,"Forage products; fibre crops; plants used in perfumery, pharmacy, or for insecticidal, fungicidal or similar purposes; beet, forage plant and flower seeds; natural rubber; living plants, cut flowers and flower buds; unmanufactured tobacco; other raw vegetable materials","Gross Production Value (constant 2014-2016 thousand I$)","1000 Int$",2008,3451,"Agave fibres, n.e.c.","no"
NA,NA,"Caribbean",NA,"Forage products; fibre crops; plants used in perfumery, pharmacy, or for insecticidal, fungicidal or similar purposes; beet, forage plant and flower seeds; natural rubber; living plants, cut flowers and flower buds; unmanufactured tobacco; other raw vegetable materials","Gross Production Value (constant 2014-2016 thousand I$)","1000 Int$",2009,3281,"Agave fibres, n.e.c.","no"
NA,NA,"Caribbean",NA,"Forage products; fibre crops; plants used in perfumery, pharmacy, or for insecticidal, fungicidal or similar purposes; beet, forage plant and flower seeds; natural rubber; living plants, cut flowers and flower buds; unmanufactured tobacco; other raw vegetable materials","Gross Production Value (constant 2014-2016 thousand I$)","1000 Int$",2010,3114,"Agave fibres, n.e.c.","no"
NA,NA,"Caribbean",NA,"Forage products; fibre crops; plants used in perfumery, pharmacy, or for insecticidal, fungicidal or similar purposes; beet, forage plant and flower seeds; natural rubber; living plants, cut flowers and flower buds; unmanufactured tobacco; other raw vegetable materials","Gross Production Value (constant 2014-2016 thousand I$)","1000 Int$",2011,2949,"Agave fibres, n.e.c.","no"
NA,NA,"Caribbean",NA,"Forage products; fibre crops; plants used in perfumery, pharmacy, or for insecticidal, fungicidal or similar purposes; beet, forage plant and flower seeds; natural rubber; living plants, cut flowers and flower buds; unmanufactured tobacco; other raw vegetable materials","Gross Production Value (constant 2014-2016 thousand I$)","1000 Int$",2012,2495,"Agave fibres, n.e.c.","no"
NA,NA,"Caribbean",NA,"Forage products; fibre crops; plants used in perfumery, pharmacy, or for insecticidal, fungicidal or similar purposes; beet, forage plant and flower seeds; natural rubber; living plants, cut flowers and flower buds; unmanufactured tobacco; other raw vegetable materials","Gross Production Value (constant 2014-2016 thousand I$)","1000 Int$",2013,2495,"Agave fibres, n.e.c.","no"
NA,NA,"Caribbean",NA,"Forage products; fibre crops; plants used in perfumery, pharmacy, or for insecticidal, fungicidal or similar purposes; beet, forage plant and flower seeds; natural rubber; living plants, cut flowers and flower buds; unmanufactured tobacco; other raw vegetable materials","Gross Production Value (constant 2014-2016 thousand I$)","1000 Int$",2014,2371,"Agave fibres, n.e.c.","no"
NA,NA,"Caribbean",NA,"Forage products; fibre crops; plants used in perfumery, pharmacy, or for insecticidal, fungicidal or similar purposes; beet, forage plant and flower seeds; natural rubber; living plants, cut flowers and flower buds; unmanufactured tobacco; other raw vegetable materials","Gross Production Value (constant 2014-2016 thousand I$)","1000 Int$",2015,2181,"Agave fibres, n.e.c.","no"
NA,NA,"Caribbean",NA,"Forage products; fibre crops; plants used in perfumery, pharmacy, or for insecticidal, fungicidal or similar purposes; beet, forage plant and flower seeds; natural rubber; living plants, cut flowers and flower buds; unmanufactured tobacco; other raw vegetable materials","Gross Production Value (constant 2014-2016 thousand I$)","1000 Int$",2016,2349,"Agave fibres, n.e.c.","no"
NA,NA,"Caribbean",NA,"Forage products; fibre crops; plants used in perfumery, pharmacy, or for insecticidal, fungicidal or similar purposes; beet, forage plant and flower seeds; natural rubber; living plants, cut flowers and flower buds; unmanufactured tobacco; other raw vegetable materials","Gross Production Value (constant 2014-2016 thousand I$)","1000 Int$",2017,2214,"Agave fibres, n.e.c.","no"
NA,NA,"Caribbean",NA,"Forage products; fibre crops; plants used in perfumery, pharmacy, or for insecticidal, fungicidal or similar purposes; beet, forage plant and flower seeds; natural rubber; living plants, cut flowers and flower buds; unmanufactured tobacco; other raw vegetable materials","Gross Production Value (constant 2014-2016 thousand I$)","1000 Int$",2018,2248,"Agave fibres, n.e.c.","no"
NA,NA,"Caribbean",NA,"Forage products; fibre crops; plants used in perfumery, pharmacy, or for insecticidal, fungicidal or similar purposes; beet, forage plant and flower seeds; natural rubber; living plants, cut flowers and flower buds; unmanufactured tobacco; other raw vegetable materials","Gross Production Value (constant 2014-2016 thousand I$)","1000 Int$",2019,2270,"Agave fibres, n.e.c.","no"
NA,NA,"Caribbean",NA,"Forage products; fibre crops; plants used in perfumery, pharmacy, or for insecticidal, fungicidal or similar purposes; beet, forage plant and flower seeds; natural rubber; living plants, cut flowers and flower buds; unmanufactured tobacco; other raw vegetable materials","Gross Production Value (constant 2014-2016 thousand I$)","1000 Int$",2020,2244,"Agave fibres, n.e.c.","no"
NA,NA,"Caribbean",NA,"Forage products; fibre crops; plants used in perfumery, pharmacy, or for insecticidal, fungicidal or similar purposes; beet, forage plant and flower seeds; natural rubber; living plants, cut flowers and flower buds; unmanufactured tobacco; other raw vegetable materials","Gross Production Value (constant 2014-2016 thousand I$)","1000 Int$",2021,2254,"Agave fibres, n.e.c.","no"
NA,NA,"Caribbean",NA,"Forage products; fibre crops; plants used in perfumery, pharmacy, or for insecticidal, fungicidal or similar purposes; beet, forage plant and flower seeds; natural rubber; living plants, cut flowers and flower buds; unmanufactured tobacco; other raw vegetable materials","Gross Production Value (constant 2014-2016 thousand I$)","1000 Int$",2022,2256,"Agave fibres, n.e.c.","no"
NA,NA,"Caribbean",NA,"Forage products; fibre crops; plants used in perfumery, pharmacy, or for insecticidal, fungicidal or similar purposes; beet, forage plant and flower seeds; natural rubber; living plants, cut flowers and flower buds; unmanufactured tobacco; other raw vegetable materials","Gross Production Value (constant 2014-2016 thousand I$)","1000 Int$",2023,2251,"Agave fibres, n.e.c.","no"
NA,NA,"Caribbean",NA,"Forage products; fibre crops; plants used in perfumery, pharmacy, or for insecticidal, fungicidal or similar purposes; beet, forage plant and flower seeds; natural rubber; living plants, cut flowers and flower buds; unmanufactured tobacco; other raw vegetable materials","Gross Production Value (constant 2014-2016 thousand I$)","1000 Int$",1992,6137,"Kenaf, and other textile bast fibres or retted","no"
NA,NA,"Caribbean",NA,"Forage products; fibre crops; plants used in perfumery, pharmacy, or for insecticidal, fungicidal or similar purposes; beet, forage plant and flower seeds; natural rubber; living plants, cut flowers and flower buds; unmanufactured tobacco; other raw vegetable materials","Gross Production Value (constant 2014-2016 thousand I$)","1000 Int$",1993,6119,"Kenaf, and other textile bast fibres or retted","no"
NA,NA,"Caribbean",NA,"Forage products; fibre crops; plants used in perfumery, pharmacy, or for insecticidal, fungicidal or similar purposes; beet, forage plant and flower seeds; natural rubber; living plants, cut flowers and flower buds; unmanufactured tobacco; other raw vegetable materials","Gross Production Value (constant 2014-2016 thousand I$)","1000 Int$",1994,6121,"Kenaf, and other textile bast fibres or retted","no"
NA,NA,"Caribbean",NA,"Forage products; fibre crops; plants used in perfumery, pharmacy, or for insecticidal, fungicidal or similar purposes; beet, forage plant and flower seeds; natural rubber; living plants, cut flowers and flower buds; unmanufactured tobacco; other raw vegetable materials","Gross Production Value (constant 2014-2016 thousand I$)","1000 Int$",1995,6124,"Kenaf, and other textile bast fibres or retted","no"
NA,NA,"Caribbean",NA,"Forage products; fibre crops; plants used in perfumery, pharmacy, or for insecticidal, fungicidal or similar purposes; beet, forage plant and flower seeds; natural rubber; living plants, cut flowers and flower buds; unmanufactured tobacco; other raw vegetable materials","Gross Production Value (constant 2014-2016 thousand I$)","1000 Int$",1996,6127,"Kenaf, and other textile bast fibres or retted","no"
NA,NA,"Caribbean",NA,"Forage products; fibre crops; plants used in perfumery, pharmacy, or for insecticidal, fungicidal or similar purposes; beet, forage plant and flower seeds; natural rubber; living plants, cut flowers and flower buds; unmanufactured tobacco; other raw vegetable materials","Gross Production Value (constant 2014-2016 thousand I$)","1000 Int$",1997,6130,"Kenaf, and other textile bast fibres or retted","no"
NA,NA,"Caribbean",NA,"Forage products; fibre crops; plants used in perfumery, pharmacy, or for insecticidal, fungicidal or similar purposes; beet, forage plant and flower seeds; natural rubber; living plants, cut flowers and flower buds; unmanufactured tobacco; other raw vegetable materials","Gross Production Value (constant 2014-2016 thousand I$)","1000 Int$",1998,6133,"Kenaf, and other textile bast fibres or retted","no"
NA,NA,"Caribbean",NA,"Forage products; fibre crops; plants used in perfumery, pharmacy, or for insecticidal, fungicidal or similar purposes; beet, forage plant and flower seeds; natural rubber; living plants, cut flowers and flower buds; unmanufactured tobacco; other raw vegetable materials","Gross Production Value (constant 2014-2016 thousand I$)","1000 Int$",1999,6135,"Kenaf, and other textile bast fibres or retted","no"
NA,NA,"Caribbean",NA,"Forage products; fibre crops; plants used in perfumery, pharmacy, or for insecticidal, fungicidal or similar purposes; beet, forage plant and flower seeds; natural rubber; living plants, cut flowers and flower buds; unmanufactured tobacco; other raw vegetable materials","Gross Production Value (constant 2014-2016 thousand I$)","1000 Int$",2000,6138,"Kenaf, and other textile bast fibres or retted","no"
NA,NA,"Caribbean",NA,"Forage products; fibre crops; plants used in perfumery, pharmacy, or for insecticidal, fungicidal or similar purposes; beet, forage plant and flower seeds; natural rubber; living plants, cut flowers and flower buds; unmanufactured tobacco; other raw vegetable materials","Gross Production Value (constant 2014-2016 thousand I$)","1000 Int$",2001,6141,"Kenaf, and other textile bast fibres or retted","no"
NA,NA,"Caribbean",NA,"Forage products; fibre crops; plants used in perfumery, pharmacy, or for insecticidal, fungicidal or similar purposes; beet, forage plant and flower seeds; natural rubber; living plants, cut flowers and flower buds; unmanufactured tobacco; other raw vegetable materials","Gross Production Value (constant 2014-2016 thousand I$)","1000 Int$",2002,6143,"Kenaf, and other textile bast fibres or retted","no"
NA,NA,"Caribbean",NA,"Forage products; fibre crops; plants used in perfumery, pharmacy, or for insecticidal, fungicidal or similar purposes; beet, forage plant and flower seeds; natural rubber; living plants, cut flowers and flower buds; unmanufactured tobacco; other raw vegetable materials","Gross Production Value (constant 2014-2016 thousand I$)","1000 Int$",2003,6146,"Kenaf, and other textile bast fibres or retted","no"
NA,NA,"Caribbean",NA,"Forage products; fibre crops; plants used in perfumery, pharmacy, or for insecticidal, fungicidal or similar purposes; beet, forage plant and flower seeds; natural rubber; living plants, cut flowers and flower buds; unmanufactured tobacco; other raw vegetable materials","Gross Production Value (constant 2014-2016 thousand I$)","1000 Int$",2004,6137,"Kenaf, and other textile bast fibres or retted","no"
NA,NA,"Caribbean",NA,"Forage products; fibre crops; plants used in perfumery, pharmacy, or for insecticidal, fungicidal or similar purposes; beet, forage plant and flower seeds; natural rubber; living plants, cut flowers and flower buds; unmanufactured tobacco; other raw vegetable materials","Gross Production Value (constant 2014-2016 thousand I$)","1000 Int$",2005,6137,"Kenaf, and other textile bast fibres or retted","no"
NA,NA,"Caribbean",NA,"Forage products; fibre crops; plants used in perfumery, pharmacy, or for insecticidal, fungicidal or similar purposes; beet, forage plant and flower seeds; natural rubber; living plants, cut flowers and flower buds; unmanufactured tobacco; other raw vegetable materials","Gross Production Value (constant 2014-2016 thousand I$)","1000 Int$",2006,6137,"Kenaf, and other textile bast fibres or retted","no"
NA,NA,"Caribbean",NA,"Forage products; fibre crops; plants used in perfumery, pharmacy, or for insecticidal, fungicidal or similar purposes; beet, forage plant and flower seeds; natural rubber; living plants, cut flowers and flower buds; unmanufactured tobacco; other raw vegetable materials","Gross Production Value (constant 2014-2016 thousand I$)","1000 Int$",2007,6137,"Kenaf, and other textile bast fibres or retted","no"
NA,NA,"Caribbean",NA,"Forage products; fibre crops; plants used in perfumery, pharmacy, or for insecticidal, fungicidal or similar purposes; beet, forage plant and flower seeds; natural rubber; living plants, cut flowers and flower buds; unmanufactured tobacco; other raw vegetable materials","Gross Production Value (constant 2014-2016 thousand I$)","1000 Int$",2008,6318,"Kenaf, and other textile bast fibres or retted","no"
NA,NA,"Caribbean",NA,"Forage products; fibre crops; plants used in perfumery, pharmacy, or for insecticidal, fungicidal or similar purposes; beet, forage plant and flower seeds; natural rubber; living plants, cut flowers and flower buds; unmanufactured tobacco; other raw vegetable materials","Gross Production Value (constant 2014-2016 thousand I$)","1000 Int$",2009,6439,"Kenaf, and other textile bast fibres or retted","no"
NA,NA,"Caribbean",NA,"Forage products; fibre crops; plants used in perfumery, pharmacy, or for insecticidal, fungicidal or similar purposes; beet, forage plant and flower seeds; natural rubber; living plants, cut flowers and flower buds; unmanufactured tobacco; other raw vegetable materials","Gross Production Value (constant 2014-2016 thousand I$)","1000 Int$",2010,6542,"Kenaf, and other textile bast fibres or retted","no"
NA,NA,"Caribbean",NA,"Forage products; fibre crops; plants used in perfumery, pharmacy, or for insecticidal, fungicidal or similar purposes; beet, forage plant and flower seeds; natural rubber; living plants, cut flowers and flower buds; unmanufactured tobacco; other raw vegetable materials","Gross Production Value (constant 2014-2016 thousand I$)","1000 Int$",2011,6638,"Kenaf, and other textile bast fibres or retted","no"
NA,NA,"Caribbean",NA,"Forage products; fibre crops; plants used in perfumery, pharmacy, or for insecticidal, fungicidal or similar purposes; beet, forage plant and flower seeds; natural rubber; living plants, cut flowers and flower buds; unmanufactured tobacco; other raw vegetable materials","Gross Production Value (constant 2014-2016 thousand I$)","1000 Int$",2012,6750,"Kenaf, and other textile bast fibres or retted","no"
NA,NA,"Caribbean",NA,"Forage products; fibre crops; plants used in perfumery, pharmacy, or for insecticidal, fungicidal or similar purposes; beet, forage plant and flower seeds; natural rubber; living plants, cut flowers and flower buds; unmanufactured tobacco; other raw vegetable materials","Gross Production Value (constant 2014-2016 thousand I$)","1000 Int$",2013,7241,"Kenaf, and other textile bast fibres or retted","no"
NA,NA,"Caribbean",NA,"Forage products; fibre crops; plants used in perfumery, pharmacy, or for insecticidal, fungicidal or similar purposes; beet, forage plant and flower seeds; natural rubber; living plants, cut flowers and flower buds; unmanufactured tobacco; other raw vegetable materials","Gross Production Value (constant 2014-2016 thousand I$)","1000 Int$",2014,6873,"Kenaf, and other textile bast fibres or retted","no"
NA,NA,"Caribbean",NA,"Forage products; fibre crops; plants used in perfumery, pharmacy, or for insecticidal, fungicidal or similar purposes; beet, forage plant and flower seeds; natural rubber; living plants, cut flowers and flower buds; unmanufactured tobacco; other raw vegetable materials","Gross Production Value (constant 2014-2016 thousand I$)","1000 Int$",2015,7006,"Kenaf, and other textile bast fibres or retted","no"
NA,NA,"Caribbean",NA,"Forage products; fibre crops; plants used in perfumery, pharmacy, or for insecticidal, fungicidal or similar purposes; beet, forage plant and flower seeds; natural rubber; living plants, cut flowers and flower buds; unmanufactured tobacco; other raw vegetable materials","Gross Production Value (constant 2014-2016 thousand I$)","1000 Int$",2016,7068,"Kenaf, and other textile bast fibres or retted","no"
NA,NA,"Caribbean",NA,"Forage products; fibre crops; plants used in perfumery, pharmacy, or for insecticidal, fungicidal or similar purposes; beet, forage plant and flower seeds; natural rubber; living plants, cut flowers and flower buds; unmanufactured tobacco; other raw vegetable materials","Gross Production Value (constant 2014-2016 thousand I$)","1000 Int$",2017,7114,"Kenaf, and other textile bast fibres or retted","no"
NA,NA,"Caribbean",NA,"Forage products; fibre crops; plants used in perfumery, pharmacy, or for insecticidal, fungicidal or similar purposes; beet, forage plant and flower seeds; natural rubber; living plants, cut flowers and flower buds; unmanufactured tobacco; other raw vegetable materials","Gross Production Value (constant 2014-2016 thousand I$)","1000 Int$",2018,7150,"Kenaf, and other textile bast fibres or retted","no"
NA,NA,"Caribbean",NA,"Forage products; fibre crops; plants used in perfumery, pharmacy, or for insecticidal, fungicidal or similar purposes; beet, forage plant and flower seeds; natural rubber; living plants, cut flowers and flower buds; unmanufactured tobacco; other raw vegetable materials","Gross Production Value (constant 2014-2016 thousand I$)","1000 Int$",2019,7168,"Kenaf, and other textile bast fibres or retted","no"
NA,NA,"Caribbean",NA,"Forage products; fibre crops; plants used in perfumery, pharmacy, or for insecticidal, fungicidal or similar purposes; beet, forage plant and flower seeds; natural rubber; living plants, cut flowers and flower buds; unmanufactured tobacco; other raw vegetable materials","Gross Production Value (constant 2014-2016 thousand I$)","1000 Int$",2020,7292,"Kenaf, and other textile bast fibres or retted","no"
NA,NA,"Caribbean",NA,"Forage products; fibre crops; plants used in perfumery, pharmacy, or for insecticidal, fungicidal or similar purposes; beet, forage plant and flower seeds; natural rubber; living plants, cut flowers and flower buds; unmanufactured tobacco; other raw vegetable materials","Gross Production Value (constant 2014-2016 thousand I$)","1000 Int$",2021,7365,"Kenaf, and other textile bast fibres or retted","no"
NA,NA,"Caribbean",NA,"Forage products; fibre crops; plants used in perfumery, pharmacy, or for insecticidal, fungicidal or similar purposes; beet, forage plant and flower seeds; natural rubber; living plants, cut flowers and flower buds; unmanufactured tobacco; other raw vegetable materials","Gross Production Value (constant 2014-2016 thousand I$)","1000 Int$",2022,7426,"Kenaf, and other textile bast fibres or retted","no"
NA,NA,"Caribbean",NA,"Forage products; fibre crops; plants used in perfumery, pharmacy, or for insecticidal, fungicidal or similar purposes; beet, forage plant and flower seeds; natural rubber; living plants, cut flowers and flower buds; unmanufactured tobacco; other raw vegetable materials","Gross Production Value (constant 2014-2016 thousand I$)","1000 Int$",2023,7361,"Kenaf, and other textile bast fibres or retted","no"
NA,NA,"Caribbean",NA,"Forage products; fibre crops; plants used in perfumery, pharmacy, or for insecticidal, fungicidal or similar purposes; beet, forage plant and flower seeds; natural rubber; living plants, cut flowers and flower buds; unmanufactured tobacco; other raw vegetable materials","Gross Production Value (constant 2014-2016 thousand I$)","1000 Int$",1992,54,"Natural rubber in primary forms","no"
NA,NA,"Caribbean",NA,"Forage products; fibre crops; plants used in perfumery, pharmacy, or for insecticidal, fungicidal or similar purposes; beet, forage plant and flower seeds; natural rubber; living plants, cut flowers and flower buds; unmanufactured tobacco; other raw vegetable materials","Gross Production Value (constant 2014-2016 thousand I$)","1000 Int$",1993,53,"Natural rubber in primary forms","no"
NA,NA,"Caribbean",NA,"Forage products; fibre crops; plants used in perfumery, pharmacy, or for insecticidal, fungicidal or similar purposes; beet, forage plant and flower seeds; natural rubber; living plants, cut flowers and flower buds; unmanufactured tobacco; other raw vegetable materials","Gross Production Value (constant 2014-2016 thousand I$)","1000 Int$",1994,53,"Natural rubber in primary forms","no"
NA,NA,"Caribbean",NA,"Forage products; fibre crops; plants used in perfumery, pharmacy, or for insecticidal, fungicidal or similar purposes; beet, forage plant and flower seeds; natural rubber; living plants, cut flowers and flower buds; unmanufactured tobacco; other raw vegetable materials","Gross Production Value (constant 2014-2016 thousand I$)","1000 Int$",1995,54,"Natural rubber in primary forms","no"
NA,NA,"Caribbean",NA,"Forage products; fibre crops; plants used in perfumery, pharmacy, or for insecticidal, fungicidal or similar purposes; beet, forage plant and flower seeds; natural rubber; living plants, cut flowers and flower buds; unmanufactured tobacco; other raw vegetable materials","Gross Production Value (constant 2014-2016 thousand I$)","1000 Int$",1996,54,"Natural rubber in primary forms","no"
NA,NA,"Caribbean",NA,"Forage products; fibre crops; plants used in perfumery, pharmacy, or for insecticidal, fungicidal or similar purposes; beet, forage plant and flower seeds; natural rubber; living plants, cut flowers and flower buds; unmanufactured tobacco; other raw vegetable materials","Gross Production Value (constant 2014-2016 thousand I$)","1000 Int$",1997,58,"Natural rubber in primary forms","no"
NA,NA,"Caribbean",NA,"Forage products; fibre crops; plants used in perfumery, pharmacy, or for insecticidal, fungicidal or similar purposes; beet, forage plant and flower seeds; natural rubber; living plants, cut flowers and flower buds; unmanufactured tobacco; other raw vegetable materials","Gross Production Value (constant 2014-2016 thousand I$)","1000 Int$",1998,55,"Natural rubber in primary forms","no"
NA,NA,"Caribbean",NA,"Forage products; fibre crops; plants used in perfumery, pharmacy, or for insecticidal, fungicidal or similar purposes; beet, forage plant and flower seeds; natural rubber; living plants, cut flowers and flower buds; unmanufactured tobacco; other raw vegetable materials","Gross Production Value (constant 2014-2016 thousand I$)","1000 Int$",1999,56,"Natural rubber in primary forms","no"
NA,NA,"Caribbean",NA,"Forage products; fibre crops; plants used in perfumery, pharmacy, or for insecticidal, fungicidal or similar purposes; beet, forage plant and flower seeds; natural rubber; living plants, cut flowers and flower buds; unmanufactured tobacco; other raw vegetable materials","Gross Production Value (constant 2014-2016 thousand I$)","1000 Int$",2000,61,"Natural rubber in primary forms","no"
NA,NA,"Caribbean",NA,"Forage products; fibre crops; plants used in perfumery, pharmacy, or for insecticidal, fungicidal or similar purposes; beet, forage plant and flower seeds; natural rubber; living plants, cut flowers and flower buds; unmanufactured tobacco; other raw vegetable materials","Gross Production Value (constant 2014-2016 thousand I$)","1000 Int$",2001,57,"Natural rubber in primary forms","no"
NA,NA,"Caribbean",NA,"Forage products; fibre crops; plants used in perfumery, pharmacy, or for insecticidal, fungicidal or similar purposes; beet, forage plant and flower seeds; natural rubber; living plants, cut flowers and flower buds; unmanufactured tobacco; other raw vegetable materials","Gross Production Value (constant 2014-2016 thousand I$)","1000 Int$",2002,63,"Natural rubber in primary forms","no"
NA,NA,"Caribbean",NA,"Forage products; fibre crops; plants used in perfumery, pharmacy, or for insecticidal, fungicidal or similar purposes; beet, forage plant and flower seeds; natural rubber; living plants, cut flowers and flower buds; unmanufactured tobacco; other raw vegetable materials","Gross Production Value (constant 2014-2016 thousand I$)","1000 Int$",2003,58,"Natural rubber in primary forms","no"
NA,NA,"Caribbean",NA,"Forage products; fibre crops; plants used in perfumery, pharmacy, or for insecticidal, fungicidal or similar purposes; beet, forage plant and flower seeds; natural rubber; living plants, cut flowers and flower buds; unmanufactured tobacco; other raw vegetable materials","Gross Production Value (constant 2014-2016 thousand I$)","1000 Int$",2004,78,"Natural rubber in primary forms","no"
NA,NA,"Caribbean",NA,"Forage products; fibre crops; plants used in perfumery, pharmacy, or for insecticidal, fungicidal or similar purposes; beet, forage plant and flower seeds; natural rubber; living plants, cut flowers and flower buds; unmanufactured tobacco; other raw vegetable materials","Gross Production Value (constant 2014-2016 thousand I$)","1000 Int$",2005,15,"Natural rubber in primary forms","no"
NA,NA,"Caribbean",NA,"Forage products; fibre crops; plants used in perfumery, pharmacy, or for insecticidal, fungicidal or similar purposes; beet, forage plant and flower seeds; natural rubber; living plants, cut flowers and flower buds; unmanufactured tobacco; other raw vegetable materials","Gross Production Value (constant 2014-2016 thousand I$)","1000 Int$",2006,16,"Natural rubber in primary forms","no"
NA,NA,"Caribbean",NA,"Forage products; fibre crops; plants used in perfumery, pharmacy, or for insecticidal, fungicidal or similar purposes; beet, forage plant and flower seeds; natural rubber; living plants, cut flowers and flower buds; unmanufactured tobacco; other raw vegetable materials","Gross Production Value (constant 2014-2016 thousand I$)","1000 Int$",2007,66,"Natural rubber in primary forms","no"
NA,NA,"Caribbean",NA,"Forage products; fibre crops; plants used in perfumery, pharmacy, or for insecticidal, fungicidal or similar purposes; beet, forage plant and flower seeds; natural rubber; living plants, cut flowers and flower buds; unmanufactured tobacco; other raw vegetable materials","Gross Production Value (constant 2014-2016 thousand I$)","1000 Int$",2008,71,"Natural rubber in primary forms","no"
NA,NA,"Caribbean",NA,"Forage products; fibre crops; plants used in perfumery, pharmacy, or for insecticidal, fungicidal or similar purposes; beet, forage plant and flower seeds; natural rubber; living plants, cut flowers and flower buds; unmanufactured tobacco; other raw vegetable materials","Gross Production Value (constant 2014-2016 thousand I$)","1000 Int$",2009,278,"Natural rubber in primary forms","no"
NA,NA,"Caribbean",NA,"Forage products; fibre crops; plants used in perfumery, pharmacy, or for insecticidal, fungicidal or similar purposes; beet, forage plant and flower seeds; natural rubber; living plants, cut flowers and flower buds; unmanufactured tobacco; other raw vegetable materials","Gross Production Value (constant 2014-2016 thousand I$)","1000 Int$",2010,84,"Natural rubber in primary forms","no"
NA,NA,"Caribbean",NA,"Forage products; fibre crops; plants used in perfumery, pharmacy, or for insecticidal, fungicidal or similar purposes; beet, forage plant and flower seeds; natural rubber; living plants, cut flowers and flower buds; unmanufactured tobacco; other raw vegetable materials","Gross Production Value (constant 2014-2016 thousand I$)","1000 Int$",2011,82,"Natural rubber in primary forms","no"
NA,NA,"Caribbean",NA,"Forage products; fibre crops; plants used in perfumery, pharmacy, or for insecticidal, fungicidal or similar purposes; beet, forage plant and flower seeds; natural rubber; living plants, cut flowers and flower buds; unmanufactured tobacco; other raw vegetable materials","Gross Production Value (constant 2014-2016 thousand I$)","1000 Int$",2012,80,"Natural rubber in primary forms","no"
NA,NA,"Caribbean",NA,"Forage products; fibre crops; plants used in perfumery, pharmacy, or for insecticidal, fungicidal or similar purposes; beet, forage plant and flower seeds; natural rubber; living plants, cut flowers and flower buds; unmanufactured tobacco; other raw vegetable materials","Gross Production Value (constant 2014-2016 thousand I$)","1000 Int$",2013,40,"Natural rubber in primary forms","no"
NA,NA,"Caribbean",NA,"Forage products; fibre crops; plants used in perfumery, pharmacy, or for insecticidal, fungicidal or similar purposes; beet, forage plant and flower seeds; natural rubber; living plants, cut flowers and flower buds; unmanufactured tobacco; other raw vegetable materials","Gross Production Value (constant 2014-2016 thousand I$)","1000 Int$",2014,71,"Natural rubber in primary forms","no"
NA,NA,"Caribbean",NA,"Forage products; fibre crops; plants used in perfumery, pharmacy, or for insecticidal, fungicidal or similar purposes; beet, forage plant and flower seeds; natural rubber; living plants, cut flowers and flower buds; unmanufactured tobacco; other raw vegetable materials","Gross Production Value (constant 2014-2016 thousand I$)","1000 Int$",2015,74,"Natural rubber in primary forms","no"
NA,NA,"Caribbean",NA,"Forage products; fibre crops; plants used in perfumery, pharmacy, or for insecticidal, fungicidal or similar purposes; beet, forage plant and flower seeds; natural rubber; living plants, cut flowers and flower buds; unmanufactured tobacco; other raw vegetable materials","Gross Production Value (constant 2014-2016 thousand I$)","1000 Int$",2016,75,"Natural rubber in primary forms","no"
NA,NA,"Caribbean",NA,"Forage products; fibre crops; plants used in perfumery, pharmacy, or for insecticidal, fungicidal or similar purposes; beet, forage plant and flower seeds; natural rubber; living plants, cut flowers and flower buds; unmanufactured tobacco; other raw vegetable materials","Gross Production Value (constant 2014-2016 thousand I$)","1000 Int$",2017,69,"Natural rubber in primary forms","no"
NA,NA,"Caribbean",NA,"Forage products; fibre crops; plants used in perfumery, pharmacy, or for insecticidal, fungicidal or similar purposes; beet, forage plant and flower seeds; natural rubber; living plants, cut flowers and flower buds; unmanufactured tobacco; other raw vegetable materials","Gross Production Value (constant 2014-2016 thousand I$)","1000 Int$",2018,73,"Natural rubber in primary forms","no"
NA,NA,"Caribbean",NA,"Forage products; fibre crops; plants used in perfumery, pharmacy, or for insecticidal, fungicidal or similar purposes; beet, forage plant and flower seeds; natural rubber; living plants, cut flowers and flower buds; unmanufactured tobacco; other raw vegetable materials","Gross Production Value (constant 2014-2016 thousand I$)","1000 Int$",2019,72,"Natural rubber in primary forms","no"
NA,NA,"Caribbean",NA,"Forage products; fibre crops; plants used in perfumery, pharmacy, or for insecticidal, fungicidal or similar purposes; beet, forage plant and flower seeds; natural rubber; living plants, cut flowers and flower buds; unmanufactured tobacco; other raw vegetable materials","Gross Production Value (constant 2014-2016 thousand I$)","1000 Int$",2020,71,"Natural rubber in primary forms","no"
NA,NA,"Caribbean",NA,"Forage products; fibre crops; plants used in perfumery, pharmacy, or for insecticidal, fungicidal or similar purposes; beet, forage plant and flower seeds; natural rubber; living plants, cut flowers and flower buds; unmanufactured tobacco; other raw vegetable materials","Gross Production Value (constant 2014-2016 thousand I$)","1000 Int$",2021,72,"Natural rubber in primary forms","no"
NA,NA,"Caribbean",NA,"Forage products; fibre crops; plants used in perfumery, pharmacy, or for insecticidal, fungicidal or similar purposes; beet, forage plant and flower seeds; natural rubber; living plants, cut flowers and flower buds; unmanufactured tobacco; other raw vegetable materials","Gross Production Value (constant 2014-2016 thousand I$)","1000 Int$",2022,72,"Natural rubber in primary forms","no"
NA,NA,"Caribbean",NA,"Forage products; fibre crops; plants used in perfumery, pharmacy, or for insecticidal, fungicidal or similar purposes; beet, forage plant and flower seeds; natural rubber; living plants, cut flowers and flower buds; unmanufactured tobacco; other raw vegetable materials","Gross Production Value (constant 2014-2016 thousand I$)","1000 Int$",2023,72,"Natural rubber in primary forms","no"
NA,NA,"Caribbean",NA,"Forage products; fibre crops; plants used in perfumery, pharmacy, or for insecticidal, fungicidal or similar purposes; beet, forage plant and flower seeds; natural rubber; living plants, cut flowers and flower buds; unmanufactured tobacco; other raw vegetable materials","Gross Production Value (constant 2014-2016 thousand US$)","1000 USD",1992,40,"Natural rubber in primary forms","no"
NA,NA,"Caribbean",NA,"Forage products; fibre crops; plants used in perfumery, pharmacy, or for insecticidal, fungicidal or similar purposes; beet, forage plant and flower seeds; natural rubber; living plants, cut flowers and flower buds; unmanufactured tobacco; other raw vegetable materials","Gross Production Value (constant 2014-2016 thousand US$)","1000 USD",1993,39,"Natural rubber in primary forms","no"
NA,NA,"Caribbean",NA,"Forage products; fibre crops; plants used in perfumery, pharmacy, or for insecticidal, fungicidal or similar purposes; beet, forage plant and flower seeds; natural rubber; living plants, cut flowers and flower buds; unmanufactured tobacco; other raw vegetable materials","Gross Production Value (constant 2014-2016 thousand US$)","1000 USD",1994,39,"Natural rubber in primary forms","no"
NA,NA,"Caribbean",NA,"Forage products; fibre crops; plants used in perfumery, pharmacy, or for insecticidal, fungicidal or similar purposes; beet, forage plant and flower seeds; natural rubber; living plants, cut flowers and flower buds; unmanufactured tobacco; other raw vegetable materials","Gross Production Value (constant 2014-2016 thousand US$)","1000 USD",1995,40,"Natural rubber in primary forms","no"
NA,NA,"Caribbean",NA,"Forage products; fibre crops; plants used in perfumery, pharmacy, or for insecticidal, fungicidal or similar purposes; beet, forage plant and flower seeds; natural rubber; living plants, cut flowers and flower buds; unmanufactured tobacco; other raw vegetable materials","Gross Production Value (constant 2014-2016 thousand US$)","1000 USD",1996,40,"Natural rubber in primary forms","no"
NA,NA,"Caribbean",NA,"Forage products; fibre crops; plants used in perfumery, pharmacy, or for insecticidal, fungicidal or similar purposes; beet, forage plant and flower seeds; natural rubber; living plants, cut flowers and flower buds; unmanufactured tobacco; other raw vegetable materials","Gross Production Value (constant 2014-2016 thousand US$)","1000 USD",1997,43,"Natural rubber in primary forms","no"
NA,NA,"Caribbean",NA,"Forage products; fibre crops; plants used in perfumery, pharmacy, or for insecticidal, fungicidal or similar purposes; beet, forage plant and flower seeds; natural rubber; living plants, cut flowers and flower buds; unmanufactured tobacco; other raw vegetable materials","Gross Production Value (constant 2014-2016 thousand US$)","1000 USD",1998,41,"Natural rubber in primary forms","no"
NA,NA,"Caribbean",NA,"Forage products; fibre crops; plants used in perfumery, pharmacy, or for insecticidal, fungicidal or similar purposes; beet, forage plant and flower seeds; natural rubber; living plants, cut flowers and flower buds; unmanufactured tobacco; other raw vegetable materials","Gross Production Value (constant 2014-2016 thousand US$)","1000 USD",1999,41,"Natural rubber in primary forms","no"
NA,NA,"Caribbean",NA,"Forage products; fibre crops; plants used in perfumery, pharmacy, or for insecticidal, fungicidal or similar purposes; beet, forage plant and flower seeds; natural rubber; living plants, cut flowers and flower buds; unmanufactured tobacco; other raw vegetable materials","Gross Production Value (constant 2014-2016 thousand US$)","1000 USD",2000,45,"Natural rubber in primary forms","no"
NA,NA,"Caribbean",NA,"Forage products; fibre crops; plants used in perfumery, pharmacy, or for insecticidal, fungicidal or similar purposes; beet, forage plant and flower seeds; natural rubber; living plants, cut flowers and flower buds; unmanufactured tobacco; other raw vegetable materials","Gross Production Value (constant 2014-2016 thousand US$)","1000 USD",2001,42,"Natural rubber in primary forms","no"
NA,NA,"Caribbean",NA,"Forage products; fibre crops; plants used in perfumery, pharmacy, or for insecticidal, fungicidal or similar purposes; beet, forage plant and flower seeds; natural rubber; living plants, cut flowers and flower buds; unmanufactured tobacco; other raw vegetable materials","Gross Production Value (constant 2014-2016 thousand US$)","1000 USD",2002,46,"Natural rubber in primary forms","no"
NA,NA,"Caribbean",NA,"Forage products; fibre crops; plants used in perfumery, pharmacy, or for insecticidal, fungicidal or similar purposes; beet, forage plant and flower seeds; natural rubber; living plants, cut flowers and flower buds; unmanufactured tobacco; other raw vegetable materials","Gross Production Value (constant 2014-2016 thousand US$)","1000 USD",2003,43,"Natural rubber in primary forms","no"
NA,NA,"Caribbean",NA,"Forage products; fibre crops; plants used in perfumery, pharmacy, or for insecticidal, fungicidal or similar purposes; beet, forage plant and flower seeds; natural rubber; living plants, cut flowers and flower buds; unmanufactured tobacco; other raw vegetable materials","Gross Production Value (constant 2014-2016 thousand US$)","1000 USD",2004,58,"Natural rubber in primary forms","no"
NA,NA,"Caribbean",NA,"Forage products; fibre crops; plants used in perfumery, pharmacy, or for insecticidal, fungicidal or similar purposes; beet, forage plant and flower seeds; natural rubber; living plants, cut flowers and flower buds; unmanufactured tobacco; other raw vegetable materials","Gross Production Value (constant 2014-2016 thousand US$)","1000 USD",2005,11,"Natural rubber in primary forms","no"
NA,NA,"Caribbean",NA,"Forage products; fibre crops; plants used in perfumery, pharmacy, or for insecticidal, fungicidal or similar purposes; beet, forage plant and flower seeds; natural rubber; living plants, cut flowers and flower buds; unmanufactured tobacco; other raw vegetable materials","Gross Production Value (constant 2014-2016 thousand US$)","1000 USD",2006,12,"Natural rubber in primary forms","no"
NA,NA,"Caribbean",NA,"Forage products; fibre crops; plants used in perfumery, pharmacy, or for insecticidal, fungicidal or similar purposes; beet, forage plant and flower seeds; natural rubber; living plants, cut flowers and flower buds; unmanufactured tobacco; other raw vegetable materials","Gross Production Value (constant 2014-2016 thousand US$)","1000 USD",2007,49,"Natural rubber in primary forms","no"
NA,NA,"Caribbean",NA,"Forage products; fibre crops; plants used in perfumery, pharmacy, or for insecticidal, fungicidal or similar purposes; beet, forage plant and flower seeds; natural rubber; living plants, cut flowers and flower buds; unmanufactured tobacco; other raw vegetable materials","Gross Production Value (constant 2014-2016 thousand US$)","1000 USD",2008,53,"Natural rubber in primary forms","no"
NA,NA,"Caribbean",NA,"Forage products; fibre crops; plants used in perfumery, pharmacy, or for insecticidal, fungicidal or similar purposes; beet, forage plant and flower seeds; natural rubber; living plants, cut flowers and flower buds; unmanufactured tobacco; other raw vegetable materials","Gross Production Value (constant 2014-2016 thousand US$)","1000 USD",2009,206,"Natural rubber in primary forms","no"
NA,NA,"Caribbean",NA,"Forage products; fibre crops; plants used in perfumery, pharmacy, or for insecticidal, fungicidal or similar purposes; beet, forage plant and flower seeds; natural rubber; living plants, cut flowers and flower buds; unmanufactured tobacco; other raw vegetable materials","Gross Production Value (constant 2014-2016 thousand US$)","1000 USD",2010,62,"Natural rubber in primary forms","no"
NA,NA,"Caribbean",NA,"Forage products; fibre crops; plants used in perfumery, pharmacy, or for insecticidal, fungicidal or similar purposes; beet, forage plant and flower seeds; natural rubber; living plants, cut flowers and flower buds; unmanufactured tobacco; other raw vegetable materials","Gross Production Value (constant 2014-2016 thousand US$)","1000 USD",2011,61,"Natural rubber in primary forms","no"
NA,NA,"Caribbean",NA,"Forage products; fibre crops; plants used in perfumery, pharmacy, or for insecticidal, fungicidal or similar purposes; beet, forage plant and flower seeds; natural rubber; living plants, cut flowers and flower buds; unmanufactured tobacco; other raw vegetable materials","Gross Production Value (constant 2014-2016 thousand US$)","1000 USD",2012,59,"Natural rubber in primary forms","no"
NA,NA,"Caribbean",NA,"Forage products; fibre crops; plants used in perfumery, pharmacy, or for insecticidal, fungicidal or similar purposes; beet, forage plant and flower seeds; natural rubber; living plants, cut flowers and flower buds; unmanufactured tobacco; other raw vegetable materials","Gross Production Value (constant 2014-2016 thousand US$)","1000 USD",2013,29,"Natural rubber in primary forms","no"
NA,NA,"Caribbean",NA,"Forage products; fibre crops; plants used in perfumery, pharmacy, or for insecticidal, fungicidal or similar purposes; beet, forage plant and flower seeds; natural rubber; living plants, cut flowers and flower buds; unmanufactured tobacco; other raw vegetable materials","Gross Production Value (constant 2014-2016 thousand US$)","1000 USD",2014,52,"Natural rubber in primary forms","no"
NA,NA,"Caribbean",NA,"Forage products; fibre crops; plants used in perfumery, pharmacy, or for insecticidal, fungicidal or similar purposes; beet, forage plant and flower seeds; natural rubber; living plants, cut flowers and flower buds; unmanufactured tobacco; other raw vegetable materials","Gross Production Value (constant 2014-2016 thousand US$)","1000 USD",2015,54,"Natural rubber in primary forms","no"
NA,NA,"Caribbean",NA,"Forage products; fibre crops; plants used in perfumery, pharmacy, or for insecticidal, fungicidal or similar purposes; beet, forage plant and flower seeds; natural rubber; living plants, cut flowers and flower buds; unmanufactured tobacco; other raw vegetable materials","Gross Production Value (constant 2014-2016 thousand US$)","1000 USD",2016,56,"Natural rubber in primary forms","no"
NA,NA,"Caribbean",NA,"Forage products; fibre crops; plants used in perfumery, pharmacy, or for insecticidal, fungicidal or similar purposes; beet, forage plant and flower seeds; natural rubber; living plants, cut flowers and flower buds; unmanufactured tobacco; other raw vegetable materials","Gross Production Value (constant 2014-2016 thousand US$)","1000 USD",2017,51,"Natural rubber in primary forms","no"
NA,NA,"Caribbean",NA,"Forage products; fibre crops; plants used in perfumery, pharmacy, or for insecticidal, fungicidal or similar purposes; beet, forage plant and flower seeds; natural rubber; living plants, cut flowers and flower buds; unmanufactured tobacco; other raw vegetable materials","Gross Production Value (constant 2014-2016 thousand US$)","1000 USD",2018,54,"Natural rubber in primary forms","no"
NA,NA,"Caribbean",NA,"Forage products; fibre crops; plants used in perfumery, pharmacy, or for insecticidal, fungicidal or similar purposes; beet, forage plant and flower seeds; natural rubber; living plants, cut flowers and flower buds; unmanufactured tobacco; other raw vegetable materials","Gross Production Value (constant 2014-2016 thousand US$)","1000 USD",2019,54,"Natural rubber in primary forms","no"
NA,NA,"Caribbean",NA,"Forage products; fibre crops; plants used in perfumery, pharmacy, or for insecticidal, fungicidal or similar purposes; beet, forage plant and flower seeds; natural rubber; living plants, cut flowers and flower buds; unmanufactured tobacco; other raw vegetable materials","Gross Production Value (constant 2014-2016 thousand US$)","1000 USD",2020,53,"Natural rubber in primary forms","no"
NA,NA,"Caribbean",NA,"Forage products; fibre crops; plants used in perfumery, pharmacy, or for insecticidal, fungicidal or similar purposes; beet, forage plant and flower seeds; natural rubber; living plants, cut flowers and flower buds; unmanufactured tobacco; other raw vegetable materials","Gross Production Value (constant 2014-2016 thousand US$)","1000 USD",2021,53,"Natural rubber in primary forms","no"
NA,NA,"Caribbean",NA,"Forage products; fibre crops; plants used in perfumery, pharmacy, or for insecticidal, fungicidal or similar purposes; beet, forage plant and flower seeds; natural rubber; living plants, cut flowers and flower buds; unmanufactured tobacco; other raw vegetable materials","Gross Production Value (constant 2014-2016 thousand US$)","1000 USD",2022,53,"Natural rubber in primary forms","no"
NA,NA,"Caribbean",NA,"Forage products; fibre crops; plants used in perfumery, pharmacy, or for insecticidal, fungicidal or similar purposes; beet, forage plant and flower seeds; natural rubber; living plants, cut flowers and flower buds; unmanufactured tobacco; other raw vegetable materials","Gross Production Value (constant 2014-2016 thousand US$)","1000 USD",2023,53,"Natural rubber in primary forms","no"
NA,NA,"Caribbean",NA,"Forage products; fibre crops; plants used in perfumery, pharmacy, or for insecticidal, fungicidal or similar purposes; beet, forage plant and flower seeds; natural rubber; living plants, cut flowers and flower buds; unmanufactured tobacco; other raw vegetable materials","Gross Production Value (constant 2014-2016 thousand I$)","1000 Int$",1992,22,"Other fibre crops, n.e.c.","no"
NA,NA,"Caribbean",NA,"Forage products; fibre crops; plants used in perfumery, pharmacy, or for insecticidal, fungicidal or similar purposes; beet, forage plant and flower seeds; natural rubber; living plants, cut flowers and flower buds; unmanufactured tobacco; other raw vegetable materials","Gross Production Value (constant 2014-2016 thousand I$)","1000 Int$",1993,27,"Other fibre crops, n.e.c.","no"
NA,NA,"Caribbean",NA,"Forage products; fibre crops; plants used in perfumery, pharmacy, or for insecticidal, fungicidal or similar purposes; beet, forage plant and flower seeds; natural rubber; living plants, cut flowers and flower buds; unmanufactured tobacco; other raw vegetable materials","Gross Production Value (constant 2014-2016 thousand I$)","1000 Int$",1994,32,"Other fibre crops, n.e.c.","no"
NA,NA,"Caribbean",NA,"Forage products; fibre crops; plants used in perfumery, pharmacy, or for insecticidal, fungicidal or similar purposes; beet, forage plant and flower seeds; natural rubber; living plants, cut flowers and flower buds; unmanufactured tobacco; other raw vegetable materials","Gross Production Value (constant 2014-2016 thousand I$)","1000 Int$",1995,36,"Other fibre crops, n.e.c.","no"
NA,NA,"Caribbean",NA,"Forage products; fibre crops; plants used in perfumery, pharmacy, or for insecticidal, fungicidal or similar purposes; beet, forage plant and flower seeds; natural rubber; living plants, cut flowers and flower buds; unmanufactured tobacco; other raw vegetable materials","Gross Production Value (constant 2014-2016 thousand I$)","1000 Int$",1996,41,"Other fibre crops, n.e.c.","no"
NA,NA,"Caribbean",NA,"Forage products; fibre crops; plants used in perfumery, pharmacy, or for insecticidal, fungicidal or similar purposes; beet, forage plant and flower seeds; natural rubber; living plants, cut flowers and flower buds; unmanufactured tobacco; other raw vegetable materials","Gross Production Value (constant 2014-2016 thousand I$)","1000 Int$",1997,46,"Other fibre crops, n.e.c.","no"
NA,NA,"Caribbean",NA,"Forage products; fibre crops; plants used in perfumery, pharmacy, or for insecticidal, fungicidal or similar purposes; beet, forage plant and flower seeds; natural rubber; living plants, cut flowers and flower buds; unmanufactured tobacco; other raw vegetable materials","Gross Production Value (constant 2014-2016 thousand I$)","1000 Int$",1998,50,"Other fibre crops, n.e.c.","no"
NA,NA,"Caribbean",NA,"Forage products; fibre crops; plants used in perfumery, pharmacy, or for insecticidal, fungicidal or similar purposes; beet, forage plant and flower seeds; natural rubber; living plants, cut flowers and flower buds; unmanufactured tobacco; other raw vegetable materials","Gross Production Value (constant 2014-2016 thousand I$)","1000 Int$",1999,55,"Other fibre crops, n.e.c.","no"
NA,NA,"Caribbean",NA,"Forage products; fibre crops; plants used in perfumery, pharmacy, or for insecticidal, fungicidal or similar purposes; beet, forage plant and flower seeds; natural rubber; living plants, cut flowers and flower buds; unmanufactured tobacco; other raw vegetable materials","Gross Production Value (constant 2014-2016 thousand I$)","1000 Int$",2000,60,"Other fibre crops, n.e.c.","no"
NA,NA,"Caribbean",NA,"Forage products; fibre crops; plants used in perfumery, pharmacy, or for insecticidal, fungicidal or similar purposes; beet, forage plant and flower seeds; natural rubber; living plants, cut flowers and flower buds; unmanufactured tobacco; other raw vegetable materials","Gross Production Value (constant 2014-2016 thousand I$)","1000 Int$",2001,64,"Other fibre crops, n.e.c.","no"
NA,NA,"Caribbean",NA,"Forage products; fibre crops; plants used in perfumery, pharmacy, or for insecticidal, fungicidal or similar purposes; beet, forage plant and flower seeds; natural rubber; living plants, cut flowers and flower buds; unmanufactured tobacco; other raw vegetable materials","Gross Production Value (constant 2014-2016 thousand I$)","1000 Int$",2002,70,"Other fibre crops, n.e.c.","no"
NA,NA,"Caribbean",NA,"Forage products; fibre crops; plants used in perfumery, pharmacy, or for insecticidal, fungicidal or similar purposes; beet, forage plant and flower seeds; natural rubber; living plants, cut flowers and flower buds; unmanufactured tobacco; other raw vegetable materials","Gross Production Value (constant 2014-2016 thousand I$)","1000 Int$",2003,82,"Other fibre crops, n.e.c.","no"
NA,NA,"Caribbean",NA,"Forage products; fibre crops; plants used in perfumery, pharmacy, or for insecticidal, fungicidal or similar purposes; beet, forage plant and flower seeds; natural rubber; living plants, cut flowers and flower buds; unmanufactured tobacco; other raw vegetable materials","Gross Production Value (constant 2014-2016 thousand I$)","1000 Int$",2004,84,"Other fibre crops, n.e.c.","no"
NA,NA,"Caribbean",NA,"Forage products; fibre crops; plants used in perfumery, pharmacy, or for insecticidal, fungicidal or similar purposes; beet, forage plant and flower seeds; natural rubber; living plants, cut flowers and flower buds; unmanufactured tobacco; other raw vegetable materials","Gross Production Value (constant 2014-2016 thousand I$)","1000 Int$",2005,84,"Other fibre crops, n.e.c.","no"
NA,NA,"Caribbean",NA,"Forage products; fibre crops; plants used in perfumery, pharmacy, or for insecticidal, fungicidal or similar purposes; beet, forage plant and flower seeds; natural rubber; living plants, cut flowers and flower buds; unmanufactured tobacco; other raw vegetable materials","Gross Production Value (constant 2014-2016 thousand I$)","1000 Int$",2006,84,"Other fibre crops, n.e.c.","no"
NA,NA,"Caribbean",NA,"Forage products; fibre crops; plants used in perfumery, pharmacy, or for insecticidal, fungicidal or similar purposes; beet, forage plant and flower seeds; natural rubber; living plants, cut flowers and flower buds; unmanufactured tobacco; other raw vegetable materials","Gross Production Value (constant 2014-2016 thousand I$)","1000 Int$",2007,84,"Other fibre crops, n.e.c.","no"
NA,NA,"Caribbean",NA,"Forage products; fibre crops; plants used in perfumery, pharmacy, or for insecticidal, fungicidal or similar purposes; beet, forage plant and flower seeds; natural rubber; living plants, cut flowers and flower buds; unmanufactured tobacco; other raw vegetable materials","Gross Production Value (constant 2014-2016 thousand I$)","1000 Int$",2008,89,"Other fibre crops, n.e.c.","no"
NA,NA,"Caribbean",NA,"Forage products; fibre crops; plants used in perfumery, pharmacy, or for insecticidal, fungicidal or similar purposes; beet, forage plant and flower seeds; natural rubber; living plants, cut flowers and flower buds; unmanufactured tobacco; other raw vegetable materials","Gross Production Value (constant 2014-2016 thousand I$)","1000 Int$",2009,99,"Other fibre crops, n.e.c.","no"
NA,NA,"Caribbean",NA,"Forage products; fibre crops; plants used in perfumery, pharmacy, or for insecticidal, fungicidal or similar purposes; beet, forage plant and flower seeds; natural rubber; living plants, cut flowers and flower buds; unmanufactured tobacco; other raw vegetable materials","Gross Production Value (constant 2014-2016 thousand I$)","1000 Int$",2010,106,"Other fibre crops, n.e.c.","no"
NA,NA,"Caribbean",NA,"Forage products; fibre crops; plants used in perfumery, pharmacy, or for insecticidal, fungicidal or similar purposes; beet, forage plant and flower seeds; natural rubber; living plants, cut flowers and flower buds; unmanufactured tobacco; other raw vegetable materials","Gross Production Value (constant 2014-2016 thousand I$)","1000 Int$",2011,113,"Other fibre crops, n.e.c.","no"
NA,NA,"Caribbean",NA,"Forage products; fibre crops; plants used in perfumery, pharmacy, or for insecticidal, fungicidal or similar purposes; beet, forage plant and flower seeds; natural rubber; living plants, cut flowers and flower buds; unmanufactured tobacco; other raw vegetable materials","Gross Production Value (constant 2014-2016 thousand I$)","1000 Int$",2012,121,"Other fibre crops, n.e.c.","no"
NA,NA,"Caribbean",NA,"Forage products; fibre crops; plants used in perfumery, pharmacy, or for insecticidal, fungicidal or similar purposes; beet, forage plant and flower seeds; natural rubber; living plants, cut flowers and flower buds; unmanufactured tobacco; other raw vegetable materials","Gross Production Value (constant 2014-2016 thousand I$)","1000 Int$",2013,121,"Other fibre crops, n.e.c.","no"
NA,NA,"Caribbean",NA,"Forage products; fibre crops; plants used in perfumery, pharmacy, or for insecticidal, fungicidal or similar purposes; beet, forage plant and flower seeds; natural rubber; living plants, cut flowers and flower buds; unmanufactured tobacco; other raw vegetable materials","Gross Production Value (constant 2014-2016 thousand I$)","1000 Int$",2014,122,"Other fibre crops, n.e.c.","no"
NA,NA,"Caribbean",NA,"Forage products; fibre crops; plants used in perfumery, pharmacy, or for insecticidal, fungicidal or similar purposes; beet, forage plant and flower seeds; natural rubber; living plants, cut flowers and flower buds; unmanufactured tobacco; other raw vegetable materials","Gross Production Value (constant 2014-2016 thousand I$)","1000 Int$",2015,130,"Other fibre crops, n.e.c.","no"
NA,NA,"Caribbean",NA,"Forage products; fibre crops; plants used in perfumery, pharmacy, or for insecticidal, fungicidal or similar purposes; beet, forage plant and flower seeds; natural rubber; living plants, cut flowers and flower buds; unmanufactured tobacco; other raw vegetable materials","Gross Production Value (constant 2014-2016 thousand I$)","1000 Int$",2016,138,"Other fibre crops, n.e.c.","no"
NA,NA,"Caribbean",NA,"Forage products; fibre crops; plants used in perfumery, pharmacy, or for insecticidal, fungicidal or similar purposes; beet, forage plant and flower seeds; natural rubber; living plants, cut flowers and flower buds; unmanufactured tobacco; other raw vegetable materials","Gross Production Value (constant 2014-2016 thousand I$)","1000 Int$",2017,145,"Other fibre crops, n.e.c.","no"
NA,NA,"Caribbean",NA,"Forage products; fibre crops; plants used in perfumery, pharmacy, or for insecticidal, fungicidal or similar purposes; beet, forage plant and flower seeds; natural rubber; living plants, cut flowers and flower buds; unmanufactured tobacco; other raw vegetable materials","Gross Production Value (constant 2014-2016 thousand I$)","1000 Int$",2018,147,"Other fibre crops, n.e.c.","no"
NA,NA,"Caribbean",NA,"Forage products; fibre crops; plants used in perfumery, pharmacy, or for insecticidal, fungicidal or similar purposes; beet, forage plant and flower seeds; natural rubber; living plants, cut flowers and flower buds; unmanufactured tobacco; other raw vegetable materials","Gross Production Value (constant 2014-2016 thousand I$)","1000 Int$",2019,147,"Other fibre crops, n.e.c.","no"
NA,NA,"Caribbean",NA,"Forage products; fibre crops; plants used in perfumery, pharmacy, or for insecticidal, fungicidal or similar purposes; beet, forage plant and flower seeds; natural rubber; living plants, cut flowers and flower buds; unmanufactured tobacco; other raw vegetable materials","Gross Production Value (constant 2014-2016 thousand I$)","1000 Int$",2020,157,"Other fibre crops, n.e.c.","no"
NA,NA,"Caribbean",NA,"Forage products; fibre crops; plants used in perfumery, pharmacy, or for insecticidal, fungicidal or similar purposes; beet, forage plant and flower seeds; natural rubber; living plants, cut flowers and flower buds; unmanufactured tobacco; other raw vegetable materials","Gross Production Value (constant 2014-2016 thousand I$)","1000 Int$",2021,167,"Other fibre crops, n.e.c.","no"
NA,NA,"Caribbean",NA,"Forage products; fibre crops; plants used in perfumery, pharmacy, or for insecticidal, fungicidal or similar purposes; beet, forage plant and flower seeds; natural rubber; living plants, cut flowers and flower buds; unmanufactured tobacco; other raw vegetable materials","Gross Production Value (constant 2014-2016 thousand I$)","1000 Int$",2022,176,"Other fibre crops, n.e.c.","no"
NA,NA,"Caribbean",NA,"Forage products; fibre crops; plants used in perfumery, pharmacy, or for insecticidal, fungicidal or similar purposes; beet, forage plant and flower seeds; natural rubber; living plants, cut flowers and flower buds; unmanufactured tobacco; other raw vegetable materials","Gross Production Value (constant 2014-2016 thousand I$)","1000 Int$",2023,172,"Other fibre crops, n.e.c.","no"
NA,NA,"Caribbean",NA,"Forage products; fibre crops; plants used in perfumery, pharmacy, or for insecticidal, fungicidal or similar purposes; beet, forage plant and flower seeds; natural rubber; living plants, cut flowers and flower buds; unmanufactured tobacco; other raw vegetable materials","Gross Production Value (constant 2014-2016 thousand US$)","1000 USD",1992,23,"Other fibre crops, n.e.c.","no"
NA,NA,"Caribbean",NA,"Forage products; fibre crops; plants used in perfumery, pharmacy, or for insecticidal, fungicidal or similar purposes; beet, forage plant and flower seeds; natural rubber; living plants, cut flowers and flower buds; unmanufactured tobacco; other raw vegetable materials","Gross Production Value (constant 2014-2016 thousand US$)","1000 USD",1993,28,"Other fibre crops, n.e.c.","no"
NA,NA,"Caribbean",NA,"Forage products; fibre crops; plants used in perfumery, pharmacy, or for insecticidal, fungicidal or similar purposes; beet, forage plant and flower seeds; natural rubber; living plants, cut flowers and flower buds; unmanufactured tobacco; other raw vegetable materials","Gross Production Value (constant 2014-2016 thousand US$)","1000 USD",1994,33,"Other fibre crops, n.e.c.","no"
NA,NA,"Caribbean",NA,"Forage products; fibre crops; plants used in perfumery, pharmacy, or for insecticidal, fungicidal or similar purposes; beet, forage plant and flower seeds; natural rubber; living plants, cut flowers and flower buds; unmanufactured tobacco; other raw vegetable materials","Gross Production Value (constant 2014-2016 thousand US$)","1000 USD",1995,38,"Other fibre crops, n.e.c.","no"
NA,NA,"Caribbean",NA,"Forage products; fibre crops; plants used in perfumery, pharmacy, or for insecticidal, fungicidal or similar purposes; beet, forage plant and flower seeds; natural rubber; living plants, cut flowers and flower buds; unmanufactured tobacco; other raw vegetable materials","Gross Production Value (constant 2014-2016 thousand US$)","1000 USD",1996,43,"Other fibre crops, n.e.c.","no"
NA,NA,"Caribbean",NA,"Forage products; fibre crops; plants used in perfumery, pharmacy, or for insecticidal, fungicidal or similar purposes; beet, forage plant and flower seeds; natural rubber; living plants, cut flowers and flower buds; unmanufactured tobacco; other raw vegetable materials","Gross Production Value (constant 2014-2016 thousand US$)","1000 USD",1997,48,"Other fibre crops, n.e.c.","no"
NA,NA,"Caribbean",NA,"Forage products; fibre crops; plants used in perfumery, pharmacy, or for insecticidal, fungicidal or similar purposes; beet, forage plant and flower seeds; natural rubber; living plants, cut flowers and flower buds; unmanufactured tobacco; other raw vegetable materials","Gross Production Value (constant 2014-2016 thousand US$)","1000 USD",1998,53,"Other fibre crops, n.e.c.","no"
NA,NA,"Caribbean",NA,"Forage products; fibre crops; plants used in perfumery, pharmacy, or for insecticidal, fungicidal or similar purposes; beet, forage plant and flower seeds; natural rubber; living plants, cut flowers and flower buds; unmanufactured tobacco; other raw vegetable materials","Gross Production Value (constant 2014-2016 thousand US$)","1000 USD",1999,58,"Other fibre crops, n.e.c.","no"
NA,NA,"Caribbean",NA,"Forage products; fibre crops; plants used in perfumery, pharmacy, or for insecticidal, fungicidal or similar purposes; beet, forage plant and flower seeds; natural rubber; living plants, cut flowers and flower buds; unmanufactured tobacco; other raw vegetable materials","Gross Production Value (constant 2014-2016 thousand US$)","1000 USD",2000,62,"Other fibre crops, n.e.c.","no"
NA,NA,"Caribbean",NA,"Forage products; fibre crops; plants used in perfumery, pharmacy, or for insecticidal, fungicidal or similar purposes; beet, forage plant and flower seeds; natural rubber; living plants, cut flowers and flower buds; unmanufactured tobacco; other raw vegetable materials","Gross Production Value (constant 2014-2016 thousand US$)","1000 USD",2001,67,"Other fibre crops, n.e.c.","no"
NA,NA,"Caribbean",NA,"Forage products; fibre crops; plants used in perfumery, pharmacy, or for insecticidal, fungicidal or similar purposes; beet, forage plant and flower seeds; natural rubber; living plants, cut flowers and flower buds; unmanufactured tobacco; other raw vegetable materials","Gross Production Value (constant 2014-2016 thousand US$)","1000 USD",2002,74,"Other fibre crops, n.e.c.","no"
NA,NA,"Caribbean",NA,"Forage products; fibre crops; plants used in perfumery, pharmacy, or for insecticidal, fungicidal or similar purposes; beet, forage plant and flower seeds; natural rubber; living plants, cut flowers and flower buds; unmanufactured tobacco; other raw vegetable materials","Gross Production Value (constant 2014-2016 thousand US$)","1000 USD",2003,86,"Other fibre crops, n.e.c.","no"
NA,NA,"Caribbean",NA,"Forage products; fibre crops; plants used in perfumery, pharmacy, or for insecticidal, fungicidal or similar purposes; beet, forage plant and flower seeds; natural rubber; living plants, cut flowers and flower buds; unmanufactured tobacco; other raw vegetable materials","Gross Production Value (constant 2014-2016 thousand US$)","1000 USD",2004,88,"Other fibre crops, n.e.c.","no"
NA,NA,"Caribbean",NA,"Forage products; fibre crops; plants used in perfumery, pharmacy, or for insecticidal, fungicidal or similar purposes; beet, forage plant and flower seeds; natural rubber; living plants, cut flowers and flower buds; unmanufactured tobacco; other raw vegetable materials","Gross Production Value (constant 2014-2016 thousand US$)","1000 USD",2005,88,"Other fibre crops, n.e.c.","no"
NA,NA,"Caribbean",NA,"Forage products; fibre crops; plants used in perfumery, pharmacy, or for insecticidal, fungicidal or similar purposes; beet, forage plant and flower seeds; natural rubber; living plants, cut flowers and flower buds; unmanufactured tobacco; other raw vegetable materials","Gross Production Value (constant 2014-2016 thousand US$)","1000 USD",2006,88,"Other fibre crops, n.e.c.","no"
NA,NA,"Caribbean",NA,"Forage products; fibre crops; plants used in perfumery, pharmacy, or for insecticidal, fungicidal or similar purposes; beet, forage plant and flower seeds; natural rubber; living plants, cut flowers and flower buds; unmanufactured tobacco; other raw vegetable materials","Gross Production Value (constant 2014-2016 thousand US$)","1000 USD",2007,88,"Other fibre crops, n.e.c.","no"
NA,NA,"Caribbean",NA,"Forage products; fibre crops; plants used in perfumery, pharmacy, or for insecticidal, fungicidal or similar purposes; beet, forage plant and flower seeds; natural rubber; living plants, cut flowers and flower buds; unmanufactured tobacco; other raw vegetable materials","Gross Production Value (constant 2014-2016 thousand US$)","1000 USD",2008,93,"Other fibre crops, n.e.c.","no"
NA,NA,"Caribbean",NA,"Forage products; fibre crops; plants used in perfumery, pharmacy, or for insecticidal, fungicidal or similar purposes; beet, forage plant and flower seeds; natural rubber; living plants, cut flowers and flower buds; unmanufactured tobacco; other raw vegetable materials","Gross Production Value (constant 2014-2016 thousand US$)","1000 USD",2009,104,"Other fibre crops, n.e.c.","no"
NA,NA,"Caribbean",NA,"Forage products; fibre crops; plants used in perfumery, pharmacy, or for insecticidal, fungicidal or similar purposes; beet, forage plant and flower seeds; natural rubber; living plants, cut flowers and flower buds; unmanufactured tobacco; other raw vegetable materials","Gross Production Value (constant 2014-2016 thousand US$)","1000 USD",2010,111,"Other fibre crops, n.e.c.","no"
NA,NA,"Caribbean",NA,"Forage products; fibre crops; plants used in perfumery, pharmacy, or for insecticidal, fungicidal or similar purposes; beet, forage plant and flower seeds; natural rubber; living plants, cut flowers and flower buds; unmanufactured tobacco; other raw vegetable materials","Gross Production Value (constant 2014-2016 thousand US$)","1000 USD",2011,119,"Other fibre crops, n.e.c.","no"
NA,NA,"Caribbean",NA,"Forage products; fibre crops; plants used in perfumery, pharmacy, or for insecticidal, fungicidal or similar purposes; beet, forage plant and flower seeds; natural rubber; living plants, cut flowers and flower buds; unmanufactured tobacco; other raw vegetable materials","Gross Production Value (constant 2014-2016 thousand US$)","1000 USD",2012,127,"Other fibre crops, n.e.c.","no"
NA,NA,"Caribbean",NA,"Forage products; fibre crops; plants used in perfumery, pharmacy, or for insecticidal, fungicidal or similar purposes; beet, forage plant and flower seeds; natural rubber; living plants, cut flowers and flower buds; unmanufactured tobacco; other raw vegetable materials","Gross Production Value (constant 2014-2016 thousand US$)","1000 USD",2013,127,"Other fibre crops, n.e.c.","no"
NA,NA,"Caribbean",NA,"Forage products; fibre crops; plants used in perfumery, pharmacy, or for insecticidal, fungicidal or similar purposes; beet, forage plant and flower seeds; natural rubber; living plants, cut flowers and flower buds; unmanufactured tobacco; other raw vegetable materials","Gross Production Value (constant 2014-2016 thousand US$)","1000 USD",2014,128,"Other fibre crops, n.e.c.","no"
NA,NA,"Caribbean",NA,"Forage products; fibre crops; plants used in perfumery, pharmacy, or for insecticidal, fungicidal or similar purposes; beet, forage plant and flower seeds; natural rubber; living plants, cut flowers and flower buds; unmanufactured tobacco; other raw vegetable materials","Gross Production Value (constant 2014-2016 thousand US$)","1000 USD",2015,137,"Other fibre crops, n.e.c.","no"
NA,NA,"Caribbean",NA,"Forage products; fibre crops; plants used in perfumery, pharmacy, or for insecticidal, fungicidal or similar purposes; beet, forage plant and flower seeds; natural rubber; living plants, cut flowers and flower buds; unmanufactured tobacco; other raw vegetable materials","Gross Production Value (constant 2014-2016 thousand US$)","1000 USD",2016,145,"Other fibre crops, n.e.c.","no"
NA,NA,"Caribbean",NA,"Forage products; fibre crops; plants used in perfumery, pharmacy, or for insecticidal, fungicidal or similar purposes; beet, forage plant and flower seeds; natural rubber; living plants, cut flowers and flower buds; unmanufactured tobacco; other raw vegetable materials","Gross Production Value (constant 2014-2016 thousand US$)","1000 USD",2017,152,"Other fibre crops, n.e.c.","no"
NA,NA,"Caribbean",NA,"Forage products; fibre crops; plants used in perfumery, pharmacy, or for insecticidal, fungicidal or similar purposes; beet, forage plant and flower seeds; natural rubber; living plants, cut flowers and flower buds; unmanufactured tobacco; other raw vegetable materials","Gross Production Value (constant 2014-2016 thousand US$)","1000 USD",2018,154,"Other fibre crops, n.e.c.","no"
NA,NA,"Caribbean",NA,"Forage products; fibre crops; plants used in perfumery, pharmacy, or for insecticidal, fungicidal or similar purposes; beet, forage plant and flower seeds; natural rubber; living plants, cut flowers and flower buds; unmanufactured tobacco; other raw vegetable materials","Gross Production Value (constant 2014-2016 thousand US$)","1000 USD",2019,154,"Other fibre crops, n.e.c.","no"
NA,NA,"Caribbean",NA,"Forage products; fibre crops; plants used in perfumery, pharmacy, or for insecticidal, fungicidal or similar purposes; beet, forage plant and flower seeds; natural rubber; living plants, cut flowers and flower buds; unmanufactured tobacco; other raw vegetable materials","Gross Production Value (constant 2014-2016 thousand US$)","1000 USD",2020,165,"Other fibre crops, n.e.c.","no"
NA,NA,"Caribbean",NA,"Forage products; fibre crops; plants used in perfumery, pharmacy, or for insecticidal, fungicidal or similar purposes; beet, forage plant and flower seeds; natural rubber; living plants, cut flowers and flower buds; unmanufactured tobacco; other raw vegetable materials","Gross Production Value (constant 2014-2016 thousand US$)","1000 USD",2021,175,"Other fibre crops, n.e.c.","no"
NA,NA,"Caribbean",NA,"Forage products; fibre crops; plants used in perfumery, pharmacy, or for insecticidal, fungicidal or similar purposes; beet, forage plant and flower seeds; natural rubber; living plants, cut flowers and flower buds; unmanufactured tobacco; other raw vegetable materials","Gross Production Value (constant 2014-2016 thousand US$)","1000 USD",2022,185,"Other fibre crops, n.e.c.","no"
NA,NA,"Caribbean",NA,"Forage products; fibre crops; plants used in perfumery, pharmacy, or for insecticidal, fungicidal or similar purposes; beet, forage plant and flower seeds; natural rubber; living plants, cut flowers and flower buds; unmanufactured tobacco; other raw vegetable materials","Gross Production Value (constant 2014-2016 thousand US$)","1000 USD",2023,181,"Other fibre crops, n.e.c.","no"
NA,NA,"Caribbean",NA,"Forage products; fibre crops; plants used in perfumery, pharmacy, or for insecticidal, fungicidal or similar purposes; beet, forage plant and flower seeds; natural rubber; living plants, cut flowers and flower buds; unmanufactured tobacco; other raw vegetable materials","Gross Production Value (constant 2014-2016 thousand I$)","1000 Int$",1992,721.5,"Seed cotton, unginned","no"
NA,NA,"Caribbean",NA,"Forage products; fibre crops; plants used in perfumery, pharmacy, or for insecticidal, fungicidal or similar purposes; beet, forage plant and flower seeds; natural rubber; living plants, cut flowers and flower buds; unmanufactured tobacco; other raw vegetable materials","Gross Production Value (constant 2014-2016 thousand I$)","1000 Int$",1993,620.5,"Seed cotton, unginned","no"
NA,NA,"Caribbean",NA,"Forage products; fibre crops; plants used in perfumery, pharmacy, or for insecticidal, fungicidal or similar purposes; beet, forage plant and flower seeds; natural rubber; living plants, cut flowers and flower buds; unmanufactured tobacco; other raw vegetable materials","Gross Production Value (constant 2014-2016 thousand I$)","1000 Int$",1994,467.25,"Seed cotton, unginned","no"
NA,NA,"Caribbean",NA,"Forage products; fibre crops; plants used in perfumery, pharmacy, or for insecticidal, fungicidal or similar purposes; beet, forage plant and flower seeds; natural rubber; living plants, cut flowers and flower buds; unmanufactured tobacco; other raw vegetable materials","Gross Production Value (constant 2014-2016 thousand I$)","1000 Int$",1995,182.75,"Seed cotton, unginned","no"
NA,NA,"Caribbean",NA,"Forage products; fibre crops; plants used in perfumery, pharmacy, or for insecticidal, fungicidal or similar purposes; beet, forage plant and flower seeds; natural rubber; living plants, cut flowers and flower buds; unmanufactured tobacco; other raw vegetable materials","Gross Production Value (constant 2014-2016 thousand I$)","1000 Int$",1996,175,"Seed cotton, unginned","no"
NA,NA,"Caribbean",NA,"Forage products; fibre crops; plants used in perfumery, pharmacy, or for insecticidal, fungicidal or similar purposes; beet, forage plant and flower seeds; natural rubber; living plants, cut flowers and flower buds; unmanufactured tobacco; other raw vegetable materials","Gross Production Value (constant 2014-2016 thousand I$)","1000 Int$",1997,179.875,"Seed cotton, unginned","no"
NA,NA,"Caribbean",NA,"Forage products; fibre crops; plants used in perfumery, pharmacy, or for insecticidal, fungicidal or similar purposes; beet, forage plant and flower seeds; natural rubber; living plants, cut flowers and flower buds; unmanufactured tobacco; other raw vegetable materials","Gross Production Value (constant 2014-2016 thousand I$)","1000 Int$",1998,180.375,"Seed cotton, unginned","no"
NA,NA,"Caribbean",NA,"Forage products; fibre crops; plants used in perfumery, pharmacy, or for insecticidal, fungicidal or similar purposes; beet, forage plant and flower seeds; natural rubber; living plants, cut flowers and flower buds; unmanufactured tobacco; other raw vegetable materials","Gross Production Value (constant 2014-2016 thousand I$)","1000 Int$",1999,182.375,"Seed cotton, unginned","no"
NA,NA,"Caribbean",NA,"Forage products; fibre crops; plants used in perfumery, pharmacy, or for insecticidal, fungicidal or similar purposes; beet, forage plant and flower seeds; natural rubber; living plants, cut flowers and flower buds; unmanufactured tobacco; other raw vegetable materials","Gross Production Value (constant 2014-2016 thousand I$)","1000 Int$",2000,182.125,"Seed cotton, unginned","no"
NA,NA,"Caribbean",NA,"Forage products; fibre crops; plants used in perfumery, pharmacy, or for insecticidal, fungicidal or similar purposes; beet, forage plant and flower seeds; natural rubber; living plants, cut flowers and flower buds; unmanufactured tobacco; other raw vegetable materials","Gross Production Value (constant 2014-2016 thousand I$)","1000 Int$",2001,149,"Seed cotton, unginned","no"
NA,NA,"Caribbean",NA,"Forage products; fibre crops; plants used in perfumery, pharmacy, or for insecticidal, fungicidal or similar purposes; beet, forage plant and flower seeds; natural rubber; living plants, cut flowers and flower buds; unmanufactured tobacco; other raw vegetable materials","Gross Production Value (constant 2014-2016 thousand I$)","1000 Int$",2002,172,"Seed cotton, unginned","no"
NA,NA,"Caribbean",NA,"Forage products; fibre crops; plants used in perfumery, pharmacy, or for insecticidal, fungicidal or similar purposes; beet, forage plant and flower seeds; natural rubber; living plants, cut flowers and flower buds; unmanufactured tobacco; other raw vegetable materials","Gross Production Value (constant 2014-2016 thousand I$)","1000 Int$",2003,172.625,"Seed cotton, unginned","no"
NA,NA,"Caribbean",NA,"Forage products; fibre crops; plants used in perfumery, pharmacy, or for insecticidal, fungicidal or similar purposes; beet, forage plant and flower seeds; natural rubber; living plants, cut flowers and flower buds; unmanufactured tobacco; other raw vegetable materials","Gross Production Value (constant 2014-2016 thousand I$)","1000 Int$",2004,172.625,"Seed cotton, unginned","no"
NA,NA,"Caribbean",NA,"Forage products; fibre crops; plants used in perfumery, pharmacy, or for insecticidal, fungicidal or similar purposes; beet, forage plant and flower seeds; natural rubber; living plants, cut flowers and flower buds; unmanufactured tobacco; other raw vegetable materials","Gross Production Value (constant 2014-2016 thousand I$)","1000 Int$",2005,172.625,"Seed cotton, unginned","no"
NA,NA,"Caribbean",NA,"Forage products; fibre crops; plants used in perfumery, pharmacy, or for insecticidal, fungicidal or similar purposes; beet, forage plant and flower seeds; natural rubber; living plants, cut flowers and flower buds; unmanufactured tobacco; other raw vegetable materials","Gross Production Value (constant 2014-2016 thousand I$)","1000 Int$",2006,172.625,"Seed cotton, unginned","no"
NA,NA,"Caribbean",NA,"Forage products; fibre crops; plants used in perfumery, pharmacy, or for insecticidal, fungicidal or similar purposes; beet, forage plant and flower seeds; natural rubber; living plants, cut flowers and flower buds; unmanufactured tobacco; other raw vegetable materials","Gross Production Value (constant 2014-2016 thousand I$)","1000 Int$",2007,183.875,"Seed cotton, unginned","no"
NA,NA,"Caribbean",NA,"Forage products; fibre crops; plants used in perfumery, pharmacy, or for insecticidal, fungicidal or similar purposes; beet, forage plant and flower seeds; natural rubber; living plants, cut flowers and flower buds; unmanufactured tobacco; other raw vegetable materials","Gross Production Value (constant 2014-2016 thousand I$)","1000 Int$",2008,150.625,"Seed cotton, unginned","no"
NA,NA,"Caribbean",NA,"Forage products; fibre crops; plants used in perfumery, pharmacy, or for insecticidal, fungicidal or similar purposes; beet, forage plant and flower seeds; natural rubber; living plants, cut flowers and flower buds; unmanufactured tobacco; other raw vegetable materials","Gross Production Value (constant 2014-2016 thousand I$)","1000 Int$",2009,139.75,"Seed cotton, unginned","no"
NA,NA,"Caribbean",NA,"Forage products; fibre crops; plants used in perfumery, pharmacy, or for insecticidal, fungicidal or similar purposes; beet, forage plant and flower seeds; natural rubber; living plants, cut flowers and flower buds; unmanufactured tobacco; other raw vegetable materials","Gross Production Value (constant 2014-2016 thousand I$)","1000 Int$",2010,128.875,"Seed cotton, unginned","no"
NA,NA,"Caribbean",NA,"Forage products; fibre crops; plants used in perfumery, pharmacy, or for insecticidal, fungicidal or similar purposes; beet, forage plant and flower seeds; natural rubber; living plants, cut flowers and flower buds; unmanufactured tobacco; other raw vegetable materials","Gross Production Value (constant 2014-2016 thousand I$)","1000 Int$",2011,129.25,"Seed cotton, unginned","no"
NA,NA,"Caribbean",NA,"Forage products; fibre crops; plants used in perfumery, pharmacy, or for insecticidal, fungicidal or similar purposes; beet, forage plant and flower seeds; natural rubber; living plants, cut flowers and flower buds; unmanufactured tobacco; other raw vegetable materials","Gross Production Value (constant 2014-2016 thousand I$)","1000 Int$",2012,129.875,"Seed cotton, unginned","no"
NA,NA,"Caribbean",NA,"Forage products; fibre crops; plants used in perfumery, pharmacy, or for insecticidal, fungicidal or similar purposes; beet, forage plant and flower seeds; natural rubber; living plants, cut flowers and flower buds; unmanufactured tobacco; other raw vegetable materials","Gross Production Value (constant 2014-2016 thousand I$)","1000 Int$",2013,130.5,"Seed cotton, unginned","no"
NA,NA,"Caribbean",NA,"Forage products; fibre crops; plants used in perfumery, pharmacy, or for insecticidal, fungicidal or similar purposes; beet, forage plant and flower seeds; natural rubber; living plants, cut flowers and flower buds; unmanufactured tobacco; other raw vegetable materials","Gross Production Value (constant 2014-2016 thousand I$)","1000 Int$",2014,129.375,"Seed cotton, unginned","no"
NA,NA,"Caribbean",NA,"Forage products; fibre crops; plants used in perfumery, pharmacy, or for insecticidal, fungicidal or similar purposes; beet, forage plant and flower seeds; natural rubber; living plants, cut flowers and flower buds; unmanufactured tobacco; other raw vegetable materials","Gross Production Value (constant 2014-2016 thousand I$)","1000 Int$",2015,122.375,"Seed cotton, unginned","no"
NA,NA,"Caribbean",NA,"Forage products; fibre crops; plants used in perfumery, pharmacy, or for insecticidal, fungicidal or similar purposes; beet, forage plant and flower seeds; natural rubber; living plants, cut flowers and flower buds; unmanufactured tobacco; other raw vegetable materials","Gross Production Value (constant 2014-2016 thousand I$)","1000 Int$",2016,127.375,"Seed cotton, unginned","no"
NA,NA,"Caribbean",NA,"Forage products; fibre crops; plants used in perfumery, pharmacy, or for insecticidal, fungicidal or similar purposes; beet, forage plant and flower seeds; natural rubber; living plants, cut flowers and flower buds; unmanufactured tobacco; other raw vegetable materials","Gross Production Value (constant 2014-2016 thousand I$)","1000 Int$",2017,127.75,"Seed cotton, unginned","no"
NA,NA,"Caribbean",NA,"Forage products; fibre crops; plants used in perfumery, pharmacy, or for insecticidal, fungicidal or similar purposes; beet, forage plant and flower seeds; natural rubber; living plants, cut flowers and flower buds; unmanufactured tobacco; other raw vegetable materials","Gross Production Value (constant 2014-2016 thousand I$)","1000 Int$",2018,126.5,"Seed cotton, unginned","no"
NA,NA,"Caribbean",NA,"Forage products; fibre crops; plants used in perfumery, pharmacy, or for insecticidal, fungicidal or similar purposes; beet, forage plant and flower seeds; natural rubber; living plants, cut flowers and flower buds; unmanufactured tobacco; other raw vegetable materials","Gross Production Value (constant 2014-2016 thousand I$)","1000 Int$",2019,123.375,"Seed cotton, unginned","no"
NA,NA,"Caribbean",NA,"Forage products; fibre crops; plants used in perfumery, pharmacy, or for insecticidal, fungicidal or similar purposes; beet, forage plant and flower seeds; natural rubber; living plants, cut flowers and flower buds; unmanufactured tobacco; other raw vegetable materials","Gross Production Value (constant 2014-2016 thousand I$)","1000 Int$",2020,126,"Seed cotton, unginned","no"
NA,NA,"Caribbean",NA,"Forage products; fibre crops; plants used in perfumery, pharmacy, or for insecticidal, fungicidal or similar purposes; beet, forage plant and flower seeds; natural rubber; living plants, cut flowers and flower buds; unmanufactured tobacco; other raw vegetable materials","Gross Production Value (constant 2014-2016 thousand I$)","1000 Int$",2021,125.375,"Seed cotton, unginned","no"
NA,NA,"Caribbean",NA,"Forage products; fibre crops; plants used in perfumery, pharmacy, or for insecticidal, fungicidal or similar purposes; beet, forage plant and flower seeds; natural rubber; living plants, cut flowers and flower buds; unmanufactured tobacco; other raw vegetable materials","Gross Production Value (constant 2014-2016 thousand I$)","1000 Int$",2022,125.125,"Seed cotton, unginned","no"
NA,NA,"Caribbean",NA,"Forage products; fibre crops; plants used in perfumery, pharmacy, or for insecticidal, fungicidal or similar purposes; beet, forage plant and flower seeds; natural rubber; living plants, cut flowers and flower buds; unmanufactured tobacco; other raw vegetable materials","Gross Production Value (constant 2014-2016 thousand I$)","1000 Int$",2023,125.5,"Seed cotton, unginned","no"
NA,NA,"Caribbean",NA,"Forage products; fibre crops; plants used in perfumery, pharmacy, or for insecticidal, fungicidal or similar purposes; beet, forage plant and flower seeds; natural rubber; living plants, cut flowers and flower buds; unmanufactured tobacco; other raw vegetable materials","Gross Production Value (constant 2014-2016 thousand I$)","1000 Int$",1992,1924.5,"Sisal","no"
NA,NA,"Caribbean",NA,"Forage products; fibre crops; plants used in perfumery, pharmacy, or for insecticidal, fungicidal or similar purposes; beet, forage plant and flower seeds; natural rubber; living plants, cut flowers and flower buds; unmanufactured tobacco; other raw vegetable materials","Gross Production Value (constant 2014-2016 thousand I$)","1000 Int$",1993,1826.75,"Sisal","no"
NA,NA,"Caribbean",NA,"Forage products; fibre crops; plants used in perfumery, pharmacy, or for insecticidal, fungicidal or similar purposes; beet, forage plant and flower seeds; natural rubber; living plants, cut flowers and flower buds; unmanufactured tobacco; other raw vegetable materials","Gross Production Value (constant 2014-2016 thousand I$)","1000 Int$",1994,1725,"Sisal","no"
NA,NA,"Caribbean",NA,"Forage products; fibre crops; plants used in perfumery, pharmacy, or for insecticidal, fungicidal or similar purposes; beet, forage plant and flower seeds; natural rubber; living plants, cut flowers and flower buds; unmanufactured tobacco; other raw vegetable materials","Gross Production Value (constant 2014-2016 thousand I$)","1000 Int$",1995,1681.25,"Sisal","no"
NA,NA,"Caribbean",NA,"Forage products; fibre crops; plants used in perfumery, pharmacy, or for insecticidal, fungicidal or similar purposes; beet, forage plant and flower seeds; natural rubber; living plants, cut flowers and flower buds; unmanufactured tobacco; other raw vegetable materials","Gross Production Value (constant 2014-2016 thousand I$)","1000 Int$",1996,1300,"Sisal","no"
NA,NA,"Caribbean",NA,"Forage products; fibre crops; plants used in perfumery, pharmacy, or for insecticidal, fungicidal or similar purposes; beet, forage plant and flower seeds; natural rubber; living plants, cut flowers and flower buds; unmanufactured tobacco; other raw vegetable materials","Gross Production Value (constant 2014-2016 thousand I$)","1000 Int$",1997,1170.75,"Sisal","no"
NA,NA,"Caribbean",NA,"Forage products; fibre crops; plants used in perfumery, pharmacy, or for insecticidal, fungicidal or similar purposes; beet, forage plant and flower seeds; natural rubber; living plants, cut flowers and flower buds; unmanufactured tobacco; other raw vegetable materials","Gross Production Value (constant 2014-2016 thousand I$)","1000 Int$",1998,1028,"Sisal","no"
NA,NA,"Caribbean",NA,"Forage products; fibre crops; plants used in perfumery, pharmacy, or for insecticidal, fungicidal or similar purposes; beet, forage plant and flower seeds; natural rubber; living plants, cut flowers and flower buds; unmanufactured tobacco; other raw vegetable materials","Gross Production Value (constant 2014-2016 thousand I$)","1000 Int$",1999,802.75,"Sisal","no"
NA,NA,"Caribbean",NA,"Forage products; fibre crops; plants used in perfumery, pharmacy, or for insecticidal, fungicidal or similar purposes; beet, forage plant and flower seeds; natural rubber; living plants, cut flowers and flower buds; unmanufactured tobacco; other raw vegetable materials","Gross Production Value (constant 2014-2016 thousand I$)","1000 Int$",2000,806.5,"Sisal","no"
NA,NA,"Caribbean",NA,"Forage products; fibre crops; plants used in perfumery, pharmacy, or for insecticidal, fungicidal or similar purposes; beet, forage plant and flower seeds; natural rubber; living plants, cut flowers and flower buds; unmanufactured tobacco; other raw vegetable materials","Gross Production Value (constant 2014-2016 thousand I$)","1000 Int$",2001,827,"Sisal","no"
NA,NA,"Caribbean",NA,"Forage products; fibre crops; plants used in perfumery, pharmacy, or for insecticidal, fungicidal or similar purposes; beet, forage plant and flower seeds; natural rubber; living plants, cut flowers and flower buds; unmanufactured tobacco; other raw vegetable materials","Gross Production Value (constant 2014-2016 thousand I$)","1000 Int$",2002,779.25,"Sisal","no"
NA,NA,"Caribbean",NA,"Forage products; fibre crops; plants used in perfumery, pharmacy, or for insecticidal, fungicidal or similar purposes; beet, forage plant and flower seeds; natural rubber; living plants, cut flowers and flower buds; unmanufactured tobacco; other raw vegetable materials","Gross Production Value (constant 2014-2016 thousand I$)","1000 Int$",2003,797.5,"Sisal","no"
NA,NA,"Caribbean",NA,"Forage products; fibre crops; plants used in perfumery, pharmacy, or for insecticidal, fungicidal or similar purposes; beet, forage plant and flower seeds; natural rubber; living plants, cut flowers and flower buds; unmanufactured tobacco; other raw vegetable materials","Gross Production Value (constant 2014-2016 thousand I$)","1000 Int$",2004,861.25,"Sisal","no"
NA,NA,"Caribbean",NA,"Forage products; fibre crops; plants used in perfumery, pharmacy, or for insecticidal, fungicidal or similar purposes; beet, forage plant and flower seeds; natural rubber; living plants, cut flowers and flower buds; unmanufactured tobacco; other raw vegetable materials","Gross Production Value (constant 2014-2016 thousand I$)","1000 Int$",2005,856.25,"Sisal","no"
NA,NA,"Caribbean",NA,"Forage products; fibre crops; plants used in perfumery, pharmacy, or for insecticidal, fungicidal or similar purposes; beet, forage plant and flower seeds; natural rubber; living plants, cut flowers and flower buds; unmanufactured tobacco; other raw vegetable materials","Gross Production Value (constant 2014-2016 thousand I$)","1000 Int$",2006,844.75,"Sisal","no"
NA,NA,"Caribbean",NA,"Forage products; fibre crops; plants used in perfumery, pharmacy, or for insecticidal, fungicidal or similar purposes; beet, forage plant and flower seeds; natural rubber; living plants, cut flowers and flower buds; unmanufactured tobacco; other raw vegetable materials","Gross Production Value (constant 2014-2016 thousand I$)","1000 Int$",2007,1086.5,"Sisal","no"
NA,NA,"Caribbean",NA,"Forage products; fibre crops; plants used in perfumery, pharmacy, or for insecticidal, fungicidal or similar purposes; beet, forage plant and flower seeds; natural rubber; living plants, cut flowers and flower buds; unmanufactured tobacco; other raw vegetable materials","Gross Production Value (constant 2014-2016 thousand I$)","1000 Int$",2008,1105.5,"Sisal","no"
NA,NA,"Caribbean",NA,"Forage products; fibre crops; plants used in perfumery, pharmacy, or for insecticidal, fungicidal or similar purposes; beet, forage plant and flower seeds; natural rubber; living plants, cut flowers and flower buds; unmanufactured tobacco; other raw vegetable materials","Gross Production Value (constant 2014-2016 thousand I$)","1000 Int$",2009,1189,"Sisal","no"
NA,NA,"Caribbean",NA,"Forage products; fibre crops; plants used in perfumery, pharmacy, or for insecticidal, fungicidal or similar purposes; beet, forage plant and flower seeds; natural rubber; living plants, cut flowers and flower buds; unmanufactured tobacco; other raw vegetable materials","Gross Production Value (constant 2014-2016 thousand I$)","1000 Int$",2010,1207.25,"Sisal","no"
NA,NA,"Caribbean",NA,"Forage products; fibre crops; plants used in perfumery, pharmacy, or for insecticidal, fungicidal or similar purposes; beet, forage plant and flower seeds; natural rubber; living plants, cut flowers and flower buds; unmanufactured tobacco; other raw vegetable materials","Gross Production Value (constant 2014-2016 thousand I$)","1000 Int$",2011,1262.75,"Sisal","no"
NA,NA,"Caribbean",NA,"Forage products; fibre crops; plants used in perfumery, pharmacy, or for insecticidal, fungicidal or similar purposes; beet, forage plant and flower seeds; natural rubber; living plants, cut flowers and flower buds; unmanufactured tobacco; other raw vegetable materials","Gross Production Value (constant 2014-2016 thousand I$)","1000 Int$",2012,1341.25,"Sisal","no"
NA,NA,"Caribbean",NA,"Forage products; fibre crops; plants used in perfumery, pharmacy, or for insecticidal, fungicidal or similar purposes; beet, forage plant and flower seeds; natural rubber; living plants, cut flowers and flower buds; unmanufactured tobacco; other raw vegetable materials","Gross Production Value (constant 2014-2016 thousand I$)","1000 Int$",2013,1559.5,"Sisal","no"
NA,NA,"Caribbean",NA,"Forage products; fibre crops; plants used in perfumery, pharmacy, or for insecticidal, fungicidal or similar purposes; beet, forage plant and flower seeds; natural rubber; living plants, cut flowers and flower buds; unmanufactured tobacco; other raw vegetable materials","Gross Production Value (constant 2014-2016 thousand I$)","1000 Int$",2014,1717.75,"Sisal","no"
NA,NA,"Caribbean",NA,"Forage products; fibre crops; plants used in perfumery, pharmacy, or for insecticidal, fungicidal or similar purposes; beet, forage plant and flower seeds; natural rubber; living plants, cut flowers and flower buds; unmanufactured tobacco; other raw vegetable materials","Gross Production Value (constant 2014-2016 thousand I$)","1000 Int$",2015,1581.5,"Sisal","no"
NA,NA,"Caribbean",NA,"Forage products; fibre crops; plants used in perfumery, pharmacy, or for insecticidal, fungicidal or similar purposes; beet, forage plant and flower seeds; natural rubber; living plants, cut flowers and flower buds; unmanufactured tobacco; other raw vegetable materials","Gross Production Value (constant 2014-2016 thousand I$)","1000 Int$",2016,1550.5,"Sisal","no"
NA,NA,"Caribbean",NA,"Forage products; fibre crops; plants used in perfumery, pharmacy, or for insecticidal, fungicidal or similar purposes; beet, forage plant and flower seeds; natural rubber; living plants, cut flowers and flower buds; unmanufactured tobacco; other raw vegetable materials","Gross Production Value (constant 2014-2016 thousand I$)","1000 Int$",2017,1556.25,"Sisal","no"
NA,NA,"Caribbean",NA,"Forage products; fibre crops; plants used in perfumery, pharmacy, or for insecticidal, fungicidal or similar purposes; beet, forage plant and flower seeds; natural rubber; living plants, cut flowers and flower buds; unmanufactured tobacco; other raw vegetable materials","Gross Production Value (constant 2014-2016 thousand I$)","1000 Int$",2018,1566.25,"Sisal","no"
NA,NA,"Caribbean",NA,"Forage products; fibre crops; plants used in perfumery, pharmacy, or for insecticidal, fungicidal or similar purposes; beet, forage plant and flower seeds; natural rubber; living plants, cut flowers and flower buds; unmanufactured tobacco; other raw vegetable materials","Gross Production Value (constant 2014-2016 thousand I$)","1000 Int$",2019,1598.75,"Sisal","no"
NA,NA,"Caribbean",NA,"Forage products; fibre crops; plants used in perfumery, pharmacy, or for insecticidal, fungicidal or similar purposes; beet, forage plant and flower seeds; natural rubber; living plants, cut flowers and flower buds; unmanufactured tobacco; other raw vegetable materials","Gross Production Value (constant 2014-2016 thousand I$)","1000 Int$",2020,1573.75,"Sisal","no"
NA,NA,"Caribbean",NA,"Forage products; fibre crops; plants used in perfumery, pharmacy, or for insecticidal, fungicidal or similar purposes; beet, forage plant and flower seeds; natural rubber; living plants, cut flowers and flower buds; unmanufactured tobacco; other raw vegetable materials","Gross Production Value (constant 2014-2016 thousand I$)","1000 Int$",2021,1579.5,"Sisal","no"
NA,NA,"Caribbean",NA,"Forage products; fibre crops; plants used in perfumery, pharmacy, or for insecticidal, fungicidal or similar purposes; beet, forage plant and flower seeds; natural rubber; living plants, cut flowers and flower buds; unmanufactured tobacco; other raw vegetable materials","Gross Production Value (constant 2014-2016 thousand I$)","1000 Int$",2022,1584,"Sisal","no"
NA,NA,"Caribbean",NA,"Forage products; fibre crops; plants used in perfumery, pharmacy, or for insecticidal, fungicidal or similar purposes; beet, forage plant and flower seeds; natural rubber; living plants, cut flowers and flower buds; unmanufactured tobacco; other raw vegetable materials","Gross Production Value (constant 2014-2016 thousand I$)","1000 Int$",2023,1579.25,"Sisal","no"
NA,NA,"Caribbean",NA,"Forage products; fibre crops; plants used in perfumery, pharmacy, or for insecticidal, fungicidal or similar purposes; beet, forage plant and flower seeds; natural rubber; living plants, cut flowers and flower buds; unmanufactured tobacco; other raw vegetable materials","Gross Production Value (constant 2014-2016 thousand US$)","1000 USD",1992,141,"Sisal","no"
NA,NA,"Caribbean",NA,"Forage products; fibre crops; plants used in perfumery, pharmacy, or for insecticidal, fungicidal or similar purposes; beet, forage plant and flower seeds; natural rubber; living plants, cut flowers and flower buds; unmanufactured tobacco; other raw vegetable materials","Gross Production Value (constant 2014-2016 thousand US$)","1000 USD",1993,141,"Sisal","no"
NA,NA,"Caribbean",NA,"Forage products; fibre crops; plants used in perfumery, pharmacy, or for insecticidal, fungicidal or similar purposes; beet, forage plant and flower seeds; natural rubber; living plants, cut flowers and flower buds; unmanufactured tobacco; other raw vegetable materials","Gross Production Value (constant 2014-2016 thousand US$)","1000 USD",1994,139.5,"Sisal","no"
NA,NA,"Caribbean",NA,"Forage products; fibre crops; plants used in perfumery, pharmacy, or for insecticidal, fungicidal or similar purposes; beet, forage plant and flower seeds; natural rubber; living plants, cut flowers and flower buds; unmanufactured tobacco; other raw vegetable materials","Gross Production Value (constant 2014-2016 thousand US$)","1000 USD",1995,136,"Sisal","no"
NA,NA,"Caribbean",NA,"Forage products; fibre crops; plants used in perfumery, pharmacy, or for insecticidal, fungicidal or similar purposes; beet, forage plant and flower seeds; natural rubber; living plants, cut flowers and flower buds; unmanufactured tobacco; other raw vegetable materials","Gross Production Value (constant 2014-2016 thousand US$)","1000 USD",1996,178.5,"Sisal","no"
NA,NA,"Caribbean",NA,"Forage products; fibre crops; plants used in perfumery, pharmacy, or for insecticidal, fungicidal or similar purposes; beet, forage plant and flower seeds; natural rubber; living plants, cut flowers and flower buds; unmanufactured tobacco; other raw vegetable materials","Gross Production Value (constant 2014-2016 thousand US$)","1000 USD",1997,165.5,"Sisal","no"
NA,NA,"Caribbean",NA,"Forage products; fibre crops; plants used in perfumery, pharmacy, or for insecticidal, fungicidal or similar purposes; beet, forage plant and flower seeds; natural rubber; living plants, cut flowers and flower buds; unmanufactured tobacco; other raw vegetable materials","Gross Production Value (constant 2014-2016 thousand US$)","1000 USD",1998,154.5,"Sisal","no"
NA,NA,"Caribbean",NA,"Forage products; fibre crops; plants used in perfumery, pharmacy, or for insecticidal, fungicidal or similar purposes; beet, forage plant and flower seeds; natural rubber; living plants, cut flowers and flower buds; unmanufactured tobacco; other raw vegetable materials","Gross Production Value (constant 2014-2016 thousand US$)","1000 USD",1999,145,"Sisal","no"
NA,NA,"Caribbean",NA,"Forage products; fibre crops; plants used in perfumery, pharmacy, or for insecticidal, fungicidal or similar purposes; beet, forage plant and flower seeds; natural rubber; living plants, cut flowers and flower buds; unmanufactured tobacco; other raw vegetable materials","Gross Production Value (constant 2014-2016 thousand US$)","1000 USD",2000,147,"Sisal","no"
NA,NA,"Caribbean",NA,"Forage products; fibre crops; plants used in perfumery, pharmacy, or for insecticidal, fungicidal or similar purposes; beet, forage plant and flower seeds; natural rubber; living plants, cut flowers and flower buds; unmanufactured tobacco; other raw vegetable materials","Gross Production Value (constant 2014-2016 thousand US$)","1000 USD",2001,181.5,"Sisal","no"
NA,NA,"Caribbean",NA,"Forage products; fibre crops; plants used in perfumery, pharmacy, or for insecticidal, fungicidal or similar purposes; beet, forage plant and flower seeds; natural rubber; living plants, cut flowers and flower buds; unmanufactured tobacco; other raw vegetable materials","Gross Production Value (constant 2014-2016 thousand US$)","1000 USD",2002,190.5,"Sisal","no"
NA,NA,"Caribbean",NA,"Forage products; fibre crops; plants used in perfumery, pharmacy, or for insecticidal, fungicidal or similar purposes; beet, forage plant and flower seeds; natural rubber; living plants, cut flowers and flower buds; unmanufactured tobacco; other raw vegetable materials","Gross Production Value (constant 2014-2016 thousand US$)","1000 USD",2003,200,"Sisal","no"
NA,NA,"Caribbean",NA,"Forage products; fibre crops; plants used in perfumery, pharmacy, or for insecticidal, fungicidal or similar purposes; beet, forage plant and flower seeds; natural rubber; living plants, cut flowers and flower buds; unmanufactured tobacco; other raw vegetable materials","Gross Production Value (constant 2014-2016 thousand US$)","1000 USD",2004,162.5,"Sisal","no"
NA,NA,"Caribbean",NA,"Forage products; fibre crops; plants used in perfumery, pharmacy, or for insecticidal, fungicidal or similar purposes; beet, forage plant and flower seeds; natural rubber; living plants, cut flowers and flower buds; unmanufactured tobacco; other raw vegetable materials","Gross Production Value (constant 2014-2016 thousand US$)","1000 USD",2005,149.5,"Sisal","no"
NA,NA,"Caribbean",NA,"Forage products; fibre crops; plants used in perfumery, pharmacy, or for insecticidal, fungicidal or similar purposes; beet, forage plant and flower seeds; natural rubber; living plants, cut flowers and flower buds; unmanufactured tobacco; other raw vegetable materials","Gross Production Value (constant 2014-2016 thousand US$)","1000 USD",2006,134.5,"Sisal","no"
NA,NA,"Caribbean",NA,"Forage products; fibre crops; plants used in perfumery, pharmacy, or for insecticidal, fungicidal or similar purposes; beet, forage plant and flower seeds; natural rubber; living plants, cut flowers and flower buds; unmanufactured tobacco; other raw vegetable materials","Gross Production Value (constant 2014-2016 thousand US$)","1000 USD",2007,127.5,"Sisal","no"
NA,NA,"Caribbean",NA,"Forage products; fibre crops; plants used in perfumery, pharmacy, or for insecticidal, fungicidal or similar purposes; beet, forage plant and flower seeds; natural rubber; living plants, cut flowers and flower buds; unmanufactured tobacco; other raw vegetable materials","Gross Production Value (constant 2014-2016 thousand US$)","1000 USD",2008,116,"Sisal","no"
NA,NA,"Caribbean",NA,"Forage products; fibre crops; plants used in perfumery, pharmacy, or for insecticidal, fungicidal or similar purposes; beet, forage plant and flower seeds; natural rubber; living plants, cut flowers and flower buds; unmanufactured tobacco; other raw vegetable materials","Gross Production Value (constant 2014-2016 thousand US$)","1000 USD",2009,115.5,"Sisal","no"
NA,NA,"Caribbean",NA,"Forage products; fibre crops; plants used in perfumery, pharmacy, or for insecticidal, fungicidal or similar purposes; beet, forage plant and flower seeds; natural rubber; living plants, cut flowers and flower buds; unmanufactured tobacco; other raw vegetable materials","Gross Production Value (constant 2014-2016 thousand US$)","1000 USD",2010,108.5,"Sisal","no"
NA,NA,"Caribbean",NA,"Forage products; fibre crops; plants used in perfumery, pharmacy, or for insecticidal, fungicidal or similar purposes; beet, forage plant and flower seeds; natural rubber; living plants, cut flowers and flower buds; unmanufactured tobacco; other raw vegetable materials","Gross Production Value (constant 2014-2016 thousand US$)","1000 USD",2011,105,"Sisal","no"
NA,NA,"Caribbean",NA,"Forage products; fibre crops; plants used in perfumery, pharmacy, or for insecticidal, fungicidal or similar purposes; beet, forage plant and flower seeds; natural rubber; living plants, cut flowers and flower buds; unmanufactured tobacco; other raw vegetable materials","Gross Production Value (constant 2014-2016 thousand US$)","1000 USD",2012,104.5,"Sisal","no"
NA,NA,"Caribbean",NA,"Forage products; fibre crops; plants used in perfumery, pharmacy, or for insecticidal, fungicidal or similar purposes; beet, forage plant and flower seeds; natural rubber; living plants, cut flowers and flower buds; unmanufactured tobacco; other raw vegetable materials","Gross Production Value (constant 2014-2016 thousand US$)","1000 USD",2013,103,"Sisal","no"
NA,NA,"Caribbean",NA,"Forage products; fibre crops; plants used in perfumery, pharmacy, or for insecticidal, fungicidal or similar purposes; beet, forage plant and flower seeds; natural rubber; living plants, cut flowers and flower buds; unmanufactured tobacco; other raw vegetable materials","Gross Production Value (constant 2014-2016 thousand US$)","1000 USD",2014,104,"Sisal","no"
NA,NA,"Caribbean",NA,"Forage products; fibre crops; plants used in perfumery, pharmacy, or for insecticidal, fungicidal or similar purposes; beet, forage plant and flower seeds; natural rubber; living plants, cut flowers and flower buds; unmanufactured tobacco; other raw vegetable materials","Gross Production Value (constant 2014-2016 thousand US$)","1000 USD",2015,104,"Sisal","no"
NA,NA,"Caribbean",NA,"Forage products; fibre crops; plants used in perfumery, pharmacy, or for insecticidal, fungicidal or similar purposes; beet, forage plant and flower seeds; natural rubber; living plants, cut flowers and flower buds; unmanufactured tobacco; other raw vegetable materials","Gross Production Value (constant 2014-2016 thousand US$)","1000 USD",2016,104,"Sisal","no"
NA,NA,"Caribbean",NA,"Forage products; fibre crops; plants used in perfumery, pharmacy, or for insecticidal, fungicidal or similar purposes; beet, forage plant and flower seeds; natural rubber; living plants, cut flowers and flower buds; unmanufactured tobacco; other raw vegetable materials","Gross Production Value (constant 2014-2016 thousand US$)","1000 USD",2017,104,"Sisal","no"
NA,NA,"Caribbean",NA,"Forage products; fibre crops; plants used in perfumery, pharmacy, or for insecticidal, fungicidal or similar purposes; beet, forage plant and flower seeds; natural rubber; living plants, cut flowers and flower buds; unmanufactured tobacco; other raw vegetable materials","Gross Production Value (constant 2014-2016 thousand US$)","1000 USD",2018,104,"Sisal","no"
NA,NA,"Caribbean",NA,"Forage products; fibre crops; plants used in perfumery, pharmacy, or for insecticidal, fungicidal or similar purposes; beet, forage plant and flower seeds; natural rubber; living plants, cut flowers and flower buds; unmanufactured tobacco; other raw vegetable materials","Gross Production Value (constant 2014-2016 thousand US$)","1000 USD",2019,104,"Sisal","no"
NA,NA,"Caribbean",NA,"Forage products; fibre crops; plants used in perfumery, pharmacy, or for insecticidal, fungicidal or similar purposes; beet, forage plant and flower seeds; natural rubber; living plants, cut flowers and flower buds; unmanufactured tobacco; other raw vegetable materials","Gross Production Value (constant 2014-2016 thousand US$)","1000 USD",2020,104,"Sisal","no"
NA,NA,"Caribbean",NA,"Forage products; fibre crops; plants used in perfumery, pharmacy, or for insecticidal, fungicidal or similar purposes; beet, forage plant and flower seeds; natural rubber; living plants, cut flowers and flower buds; unmanufactured tobacco; other raw vegetable materials","Gross Production Value (constant 2014-2016 thousand US$)","1000 USD",2021,104,"Sisal","no"
NA,NA,"Caribbean",NA,"Forage products; fibre crops; plants used in perfumery, pharmacy, or for insecticidal, fungicidal or similar purposes; beet, forage plant and flower seeds; natural rubber; living plants, cut flowers and flower buds; unmanufactured tobacco; other raw vegetable materials","Gross Production Value (constant 2014-2016 thousand US$)","1000 USD",2022,104,"Sisal","no"
NA,NA,"Caribbean",NA,"Forage products; fibre crops; plants used in perfumery, pharmacy, or for insecticidal, fungicidal or similar purposes; beet, forage plant and flower seeds; natural rubber; living plants, cut flowers and flower buds; unmanufactured tobacco; other raw vegetable materials","Gross Production Value (constant 2014-2016 thousand US$)","1000 USD",2023,104,"Sisal","no"
NA,NA,"Caribbean",NA,"Forage products; fibre crops; plants used in perfumery, pharmacy, or for insecticidal, fungicidal or similar purposes; beet, forage plant and flower seeds; natural rubber; living plants, cut flowers and flower buds; unmanufactured tobacco; other raw vegetable materials","Gross Production Value (constant 2014-2016 thousand I$)","1000 Int$",1992,13333.625,"Unmanufactured tobacco","no"
NA,NA,"Caribbean",NA,"Forage products; fibre crops; plants used in perfumery, pharmacy, or for insecticidal, fungicidal or similar purposes; beet, forage plant and flower seeds; natural rubber; living plants, cut flowers and flower buds; unmanufactured tobacco; other raw vegetable materials","Gross Production Value (constant 2014-2016 thousand I$)","1000 Int$",1993,11664.25,"Unmanufactured tobacco","no"
NA,NA,"Caribbean",NA,"Forage products; fibre crops; plants used in perfumery, pharmacy, or for insecticidal, fungicidal or similar purposes; beet, forage plant and flower seeds; natural rubber; living plants, cut flowers and flower buds; unmanufactured tobacco; other raw vegetable materials","Gross Production Value (constant 2014-2016 thousand I$)","1000 Int$",1994,9357,"Unmanufactured tobacco","no"
NA,NA,"Caribbean",NA,"Forage products; fibre crops; plants used in perfumery, pharmacy, or for insecticidal, fungicidal or similar purposes; beet, forage plant and flower seeds; natural rubber; living plants, cut flowers and flower buds; unmanufactured tobacco; other raw vegetable materials","Gross Production Value (constant 2014-2016 thousand I$)","1000 Int$",1995,13598.625,"Unmanufactured tobacco","no"
NA,NA,"Caribbean",NA,"Forage products; fibre crops; plants used in perfumery, pharmacy, or for insecticidal, fungicidal or similar purposes; beet, forage plant and flower seeds; natural rubber; living plants, cut flowers and flower buds; unmanufactured tobacco; other raw vegetable materials","Gross Production Value (constant 2014-2016 thousand I$)","1000 Int$",1996,16269.125,"Unmanufactured tobacco","no"
NA,NA,"Caribbean",NA,"Forage products; fibre crops; plants used in perfumery, pharmacy, or for insecticidal, fungicidal or similar purposes; beet, forage plant and flower seeds; natural rubber; living plants, cut flowers and flower buds; unmanufactured tobacco; other raw vegetable materials","Gross Production Value (constant 2014-2016 thousand I$)","1000 Int$",1997,16877.375,"Unmanufactured tobacco","no"
NA,NA,"Caribbean",NA,"Forage products; fibre crops; plants used in perfumery, pharmacy, or for insecticidal, fungicidal or similar purposes; beet, forage plant and flower seeds; natural rubber; living plants, cut flowers and flower buds; unmanufactured tobacco; other raw vegetable materials","Gross Production Value (constant 2014-2016 thousand I$)","1000 Int$",1998,23247.625,"Unmanufactured tobacco","no"
NA,NA,"Caribbean",NA,"Forage products; fibre crops; plants used in perfumery, pharmacy, or for insecticidal, fungicidal or similar purposes; beet, forage plant and flower seeds; natural rubber; living plants, cut flowers and flower buds; unmanufactured tobacco; other raw vegetable materials","Gross Production Value (constant 2014-2016 thousand I$)","1000 Int$",1999,14048.375,"Unmanufactured tobacco","no"
NA,NA,"Caribbean",NA,"Forage products; fibre crops; plants used in perfumery, pharmacy, or for insecticidal, fungicidal or similar purposes; beet, forage plant and flower seeds; natural rubber; living plants, cut flowers and flower buds; unmanufactured tobacco; other raw vegetable materials","Gross Production Value (constant 2014-2016 thousand I$)","1000 Int$",2000,10691.375,"Unmanufactured tobacco","no"
NA,NA,"Caribbean",NA,"Forage products; fibre crops; plants used in perfumery, pharmacy, or for insecticidal, fungicidal or similar purposes; beet, forage plant and flower seeds; natural rubber; living plants, cut flowers and flower buds; unmanufactured tobacco; other raw vegetable materials","Gross Production Value (constant 2014-2016 thousand I$)","1000 Int$",2001,10882.625,"Unmanufactured tobacco","no"
NA,NA,"Caribbean",NA,"Forage products; fibre crops; plants used in perfumery, pharmacy, or for insecticidal, fungicidal or similar purposes; beet, forage plant and flower seeds; natural rubber; living plants, cut flowers and flower buds; unmanufactured tobacco; other raw vegetable materials","Gross Production Value (constant 2014-2016 thousand I$)","1000 Int$",2002,11675.375,"Unmanufactured tobacco","no"
NA,NA,"Caribbean",NA,"Forage products; fibre crops; plants used in perfumery, pharmacy, or for insecticidal, fungicidal or similar purposes; beet, forage plant and flower seeds; natural rubber; living plants, cut flowers and flower buds; unmanufactured tobacco; other raw vegetable materials","Gross Production Value (constant 2014-2016 thousand I$)","1000 Int$",2003,10027.125,"Unmanufactured tobacco","no"
NA,NA,"Caribbean",NA,"Forage products; fibre crops; plants used in perfumery, pharmacy, or for insecticidal, fungicidal or similar purposes; beet, forage plant and flower seeds; natural rubber; living plants, cut flowers and flower buds; unmanufactured tobacco; other raw vegetable materials","Gross Production Value (constant 2014-2016 thousand I$)","1000 Int$",2004,11996.375,"Unmanufactured tobacco","no"
NA,NA,"Caribbean",NA,"Forage products; fibre crops; plants used in perfumery, pharmacy, or for insecticidal, fungicidal or similar purposes; beet, forage plant and flower seeds; natural rubber; living plants, cut flowers and flower buds; unmanufactured tobacco; other raw vegetable materials","Gross Production Value (constant 2014-2016 thousand I$)","1000 Int$",2005,10876.25,"Unmanufactured tobacco","no"
NA,NA,"Caribbean",NA,"Forage products; fibre crops; plants used in perfumery, pharmacy, or for insecticidal, fungicidal or similar purposes; beet, forage plant and flower seeds; natural rubber; living plants, cut flowers and flower buds; unmanufactured tobacco; other raw vegetable materials","Gross Production Value (constant 2014-2016 thousand I$)","1000 Int$",2006,11852.375,"Unmanufactured tobacco","no"
NA,NA,"Caribbean",NA,"Forage products; fibre crops; plants used in perfumery, pharmacy, or for insecticidal, fungicidal or similar purposes; beet, forage plant and flower seeds; natural rubber; living plants, cut flowers and flower buds; unmanufactured tobacco; other raw vegetable materials","Gross Production Value (constant 2014-2016 thousand I$)","1000 Int$",2007,11639.875,"Unmanufactured tobacco","no"
NA,NA,"Caribbean",NA,"Forage products; fibre crops; plants used in perfumery, pharmacy, or for insecticidal, fungicidal or similar purposes; beet, forage plant and flower seeds; natural rubber; living plants, cut flowers and flower buds; unmanufactured tobacco; other raw vegetable materials","Gross Production Value (constant 2014-2016 thousand I$)","1000 Int$",2008,9315.375,"Unmanufactured tobacco","no"
NA,NA,"Caribbean",NA,"Forage products; fibre crops; plants used in perfumery, pharmacy, or for insecticidal, fungicidal or similar purposes; beet, forage plant and flower seeds; natural rubber; living plants, cut flowers and flower buds; unmanufactured tobacco; other raw vegetable materials","Gross Production Value (constant 2014-2016 thousand I$)","1000 Int$",2009,11119.375,"Unmanufactured tobacco","no"
NA,NA,"Caribbean",NA,"Forage products; fibre crops; plants used in perfumery, pharmacy, or for insecticidal, fungicidal or similar purposes; beet, forage plant and flower seeds; natural rubber; living plants, cut flowers and flower buds; unmanufactured tobacco; other raw vegetable materials","Gross Production Value (constant 2014-2016 thousand I$)","1000 Int$",2010,8741.75,"Unmanufactured tobacco","no"
NA,NA,"Caribbean",NA,"Forage products; fibre crops; plants used in perfumery, pharmacy, or for insecticidal, fungicidal or similar purposes; beet, forage plant and flower seeds; natural rubber; living plants, cut flowers and flower buds; unmanufactured tobacco; other raw vegetable materials","Gross Production Value (constant 2014-2016 thousand I$)","1000 Int$",2011,9210.625,"Unmanufactured tobacco","no"
NA,NA,"Caribbean",NA,"Forage products; fibre crops; plants used in perfumery, pharmacy, or for insecticidal, fungicidal or similar purposes; beet, forage plant and flower seeds; natural rubber; living plants, cut flowers and flower buds; unmanufactured tobacco; other raw vegetable materials","Gross Production Value (constant 2014-2016 thousand I$)","1000 Int$",2012,8730.375,"Unmanufactured tobacco","no"
NA,NA,"Caribbean",NA,"Forage products; fibre crops; plants used in perfumery, pharmacy, or for insecticidal, fungicidal or similar purposes; beet, forage plant and flower seeds; natural rubber; living plants, cut flowers and flower buds; unmanufactured tobacco; other raw vegetable materials","Gross Production Value (constant 2014-2016 thousand I$)","1000 Int$",2013,10012,"Unmanufactured tobacco","no"
NA,NA,"Caribbean",NA,"Forage products; fibre crops; plants used in perfumery, pharmacy, or for insecticidal, fungicidal or similar purposes; beet, forage plant and flower seeds; natural rubber; living plants, cut flowers and flower buds; unmanufactured tobacco; other raw vegetable materials","Gross Production Value (constant 2014-2016 thousand I$)","1000 Int$",2014,8817.375,"Unmanufactured tobacco","no"
NA,NA,"Caribbean",NA,"Forage products; fibre crops; plants used in perfumery, pharmacy, or for insecticidal, fungicidal or similar purposes; beet, forage plant and flower seeds; natural rubber; living plants, cut flowers and flower buds; unmanufactured tobacco; other raw vegetable materials","Gross Production Value (constant 2014-2016 thousand I$)","1000 Int$",2015,11173.125,"Unmanufactured tobacco","no"
NA,NA,"Caribbean",NA,"Forage products; fibre crops; plants used in perfumery, pharmacy, or for insecticidal, fungicidal or similar purposes; beet, forage plant and flower seeds; natural rubber; living plants, cut flowers and flower buds; unmanufactured tobacco; other raw vegetable materials","Gross Production Value (constant 2014-2016 thousand I$)","1000 Int$",2016,8685.625,"Unmanufactured tobacco","no"
NA,NA,"Caribbean",NA,"Forage products; fibre crops; plants used in perfumery, pharmacy, or for insecticidal, fungicidal or similar purposes; beet, forage plant and flower seeds; natural rubber; living plants, cut flowers and flower buds; unmanufactured tobacco; other raw vegetable materials","Gross Production Value (constant 2014-2016 thousand I$)","1000 Int$",2017,12278.25,"Unmanufactured tobacco","no"
NA,NA,"Caribbean",NA,"Forage products; fibre crops; plants used in perfumery, pharmacy, or for insecticidal, fungicidal or similar purposes; beet, forage plant and flower seeds; natural rubber; living plants, cut flowers and flower buds; unmanufactured tobacco; other raw vegetable materials","Gross Production Value (constant 2014-2016 thousand I$)","1000 Int$",2018,11576.5,"Unmanufactured tobacco","no"
NA,NA,"Caribbean",NA,"Forage products; fibre crops; plants used in perfumery, pharmacy, or for insecticidal, fungicidal or similar purposes; beet, forage plant and flower seeds; natural rubber; living plants, cut flowers and flower buds; unmanufactured tobacco; other raw vegetable materials","Gross Production Value (constant 2014-2016 thousand I$)","1000 Int$",2019,10258.25,"Unmanufactured tobacco","no"
NA,NA,"Caribbean",NA,"Forage products; fibre crops; plants used in perfumery, pharmacy, or for insecticidal, fungicidal or similar purposes; beet, forage plant and flower seeds; natural rubber; living plants, cut flowers and flower buds; unmanufactured tobacco; other raw vegetable materials","Gross Production Value (constant 2014-2016 thousand I$)","1000 Int$",2020,11594.875,"Unmanufactured tobacco","no"
NA,NA,"Caribbean",NA,"Forage products; fibre crops; plants used in perfumery, pharmacy, or for insecticidal, fungicidal or similar purposes; beet, forage plant and flower seeds; natural rubber; living plants, cut flowers and flower buds; unmanufactured tobacco; other raw vegetable materials","Gross Production Value (constant 2014-2016 thousand I$)","1000 Int$",2021,9582.375,"Unmanufactured tobacco","no"
NA,NA,"Caribbean",NA,"Forage products; fibre crops; plants used in perfumery, pharmacy, or for insecticidal, fungicidal or similar purposes; beet, forage plant and flower seeds; natural rubber; living plants, cut flowers and flower buds; unmanufactured tobacco; other raw vegetable materials","Gross Production Value (constant 2014-2016 thousand I$)","1000 Int$",2022,9078.625,"Unmanufactured tobacco","no"
NA,NA,"Caribbean",NA,"Forage products; fibre crops; plants used in perfumery, pharmacy, or for insecticidal, fungicidal or similar purposes; beet, forage plant and flower seeds; natural rubber; living plants, cut flowers and flower buds; unmanufactured tobacco; other raw vegetable materials","Gross Production Value (constant 2014-2016 thousand I$)","1000 Int$",2023,9925.375,"Unmanufactured tobacco","no"
NA,NA,"Caribbean",NA,"Forage products; fibre crops; plants used in perfumery, pharmacy, or for insecticidal, fungicidal or similar purposes; beet, forage plant and flower seeds; natural rubber; living plants, cut flowers and flower buds; unmanufactured tobacco; other raw vegetable materials","Gross Production Value (constant 2014-2016 thousand US$)","1000 USD",1992,13470.75,"Unmanufactured tobacco","no"
NA,NA,"Caribbean",NA,"Forage products; fibre crops; plants used in perfumery, pharmacy, or for insecticidal, fungicidal or similar purposes; beet, forage plant and flower seeds; natural rubber; living plants, cut flowers and flower buds; unmanufactured tobacco; other raw vegetable materials","Gross Production Value (constant 2014-2016 thousand US$)","1000 USD",1993,12686.25,"Unmanufactured tobacco","no"
NA,NA,"Caribbean",NA,"Forage products; fibre crops; plants used in perfumery, pharmacy, or for insecticidal, fungicidal or similar purposes; beet, forage plant and flower seeds; natural rubber; living plants, cut flowers and flower buds; unmanufactured tobacco; other raw vegetable materials","Gross Production Value (constant 2014-2016 thousand US$)","1000 USD",1994,9224,"Unmanufactured tobacco","no"
NA,NA,"Caribbean",NA,"Forage products; fibre crops; plants used in perfumery, pharmacy, or for insecticidal, fungicidal or similar purposes; beet, forage plant and flower seeds; natural rubber; living plants, cut flowers and flower buds; unmanufactured tobacco; other raw vegetable materials","Gross Production Value (constant 2014-2016 thousand US$)","1000 USD",1995,13948,"Unmanufactured tobacco","no"
NA,NA,"Caribbean",NA,"Forage products; fibre crops; plants used in perfumery, pharmacy, or for insecticidal, fungicidal or similar purposes; beet, forage plant and flower seeds; natural rubber; living plants, cut flowers and flower buds; unmanufactured tobacco; other raw vegetable materials","Gross Production Value (constant 2014-2016 thousand US$)","1000 USD",1996,15919.5,"Unmanufactured tobacco","no"
NA,NA,"Caribbean",NA,"Forage products; fibre crops; plants used in perfumery, pharmacy, or for insecticidal, fungicidal or similar purposes; beet, forage plant and flower seeds; natural rubber; living plants, cut flowers and flower buds; unmanufactured tobacco; other raw vegetable materials","Gross Production Value (constant 2014-2016 thousand US$)","1000 USD",1997,17683.25,"Unmanufactured tobacco","no"
NA,NA,"Caribbean",NA,"Forage products; fibre crops; plants used in perfumery, pharmacy, or for insecticidal, fungicidal or similar purposes; beet, forage plant and flower seeds; natural rubber; living plants, cut flowers and flower buds; unmanufactured tobacco; other raw vegetable materials","Gross Production Value (constant 2014-2016 thousand US$)","1000 USD",1998,27807.75,"Unmanufactured tobacco","no"
NA,NA,"Caribbean",NA,"Forage products; fibre crops; plants used in perfumery, pharmacy, or for insecticidal, fungicidal or similar purposes; beet, forage plant and flower seeds; natural rubber; living plants, cut flowers and flower buds; unmanufactured tobacco; other raw vegetable materials","Gross Production Value (constant 2014-2016 thousand US$)","1000 USD",1999,11512.75,"Unmanufactured tobacco","no"
NA,NA,"Caribbean",NA,"Forage products; fibre crops; plants used in perfumery, pharmacy, or for insecticidal, fungicidal or similar purposes; beet, forage plant and flower seeds; natural rubber; living plants, cut flowers and flower buds; unmanufactured tobacco; other raw vegetable materials","Gross Production Value (constant 2014-2016 thousand US$)","1000 USD",2000,2818.5,"Unmanufactured tobacco","no"
NA,NA,"Caribbean",NA,"Forage products; fibre crops; plants used in perfumery, pharmacy, or for insecticidal, fungicidal or similar purposes; beet, forage plant and flower seeds; natural rubber; living plants, cut flowers and flower buds; unmanufactured tobacco; other raw vegetable materials","Gross Production Value (constant 2014-2016 thousand US$)","1000 USD",2001,3639.25,"Unmanufactured tobacco","no"
NA,NA,"Caribbean",NA,"Forage products; fibre crops; plants used in perfumery, pharmacy, or for insecticidal, fungicidal or similar purposes; beet, forage plant and flower seeds; natural rubber; living plants, cut flowers and flower buds; unmanufactured tobacco; other raw vegetable materials","Gross Production Value (constant 2014-2016 thousand US$)","1000 USD",2002,3737.25,"Unmanufactured tobacco","no"
NA,NA,"Caribbean",NA,"Forage products; fibre crops; plants used in perfumery, pharmacy, or for insecticidal, fungicidal or similar purposes; beet, forage plant and flower seeds; natural rubber; living plants, cut flowers and flower buds; unmanufactured tobacco; other raw vegetable materials","Gross Production Value (constant 2014-2016 thousand US$)","1000 USD",2003,5663.25,"Unmanufactured tobacco","no"
NA,NA,"Caribbean",NA,"Forage products; fibre crops; plants used in perfumery, pharmacy, or for insecticidal, fungicidal or similar purposes; beet, forage plant and flower seeds; natural rubber; living plants, cut flowers and flower buds; unmanufactured tobacco; other raw vegetable materials","Gross Production Value (constant 2014-2016 thousand US$)","1000 USD",2004,6242.25,"Unmanufactured tobacco","no"
NA,NA,"Caribbean",NA,"Forage products; fibre crops; plants used in perfumery, pharmacy, or for insecticidal, fungicidal or similar purposes; beet, forage plant and flower seeds; natural rubber; living plants, cut flowers and flower buds; unmanufactured tobacco; other raw vegetable materials","Gross Production Value (constant 2014-2016 thousand US$)","1000 USD",2005,7345,"Unmanufactured tobacco","no"
NA,NA,"Caribbean",NA,"Forage products; fibre crops; plants used in perfumery, pharmacy, or for insecticidal, fungicidal or similar purposes; beet, forage plant and flower seeds; natural rubber; living plants, cut flowers and flower buds; unmanufactured tobacco; other raw vegetable materials","Gross Production Value (constant 2014-2016 thousand US$)","1000 USD",2006,7269.5,"Unmanufactured tobacco","no"
NA,NA,"Caribbean",NA,"Forage products; fibre crops; plants used in perfumery, pharmacy, or for insecticidal, fungicidal or similar purposes; beet, forage plant and flower seeds; natural rubber; living plants, cut flowers and flower buds; unmanufactured tobacco; other raw vegetable materials","Gross Production Value (constant 2014-2016 thousand US$)","1000 USD",2007,9211.25,"Unmanufactured tobacco","no"
NA,NA,"Caribbean",NA,"Forage products; fibre crops; plants used in perfumery, pharmacy, or for insecticidal, fungicidal or similar purposes; beet, forage plant and flower seeds; natural rubber; living plants, cut flowers and flower buds; unmanufactured tobacco; other raw vegetable materials","Gross Production Value (constant 2014-2016 thousand US$)","1000 USD",2008,6755.25,"Unmanufactured tobacco","no"
NA,NA,"Caribbean",NA,"Forage products; fibre crops; plants used in perfumery, pharmacy, or for insecticidal, fungicidal or similar purposes; beet, forage plant and flower seeds; natural rubber; living plants, cut flowers and flower buds; unmanufactured tobacco; other raw vegetable materials","Gross Production Value (constant 2014-2016 thousand US$)","1000 USD",2009,8526.25,"Unmanufactured tobacco","no"
NA,NA,"Caribbean",NA,"Forage products; fibre crops; plants used in perfumery, pharmacy, or for insecticidal, fungicidal or similar purposes; beet, forage plant and flower seeds; natural rubber; living plants, cut flowers and flower buds; unmanufactured tobacco; other raw vegetable materials","Gross Production Value (constant 2014-2016 thousand US$)","1000 USD",2010,6098.25,"Unmanufactured tobacco","no"
NA,NA,"Caribbean",NA,"Forage products; fibre crops; plants used in perfumery, pharmacy, or for insecticidal, fungicidal or similar purposes; beet, forage plant and flower seeds; natural rubber; living plants, cut flowers and flower buds; unmanufactured tobacco; other raw vegetable materials","Gross Production Value (constant 2014-2016 thousand US$)","1000 USD",2011,7557.25,"Unmanufactured tobacco","no"
NA,NA,"Caribbean",NA,"Forage products; fibre crops; plants used in perfumery, pharmacy, or for insecticidal, fungicidal or similar purposes; beet, forage plant and flower seeds; natural rubber; living plants, cut flowers and flower buds; unmanufactured tobacco; other raw vegetable materials","Gross Production Value (constant 2014-2016 thousand US$)","1000 USD",2012,6734,"Unmanufactured tobacco","no"
NA,NA,"Caribbean",NA,"Forage products; fibre crops; plants used in perfumery, pharmacy, or for insecticidal, fungicidal or similar purposes; beet, forage plant and flower seeds; natural rubber; living plants, cut flowers and flower buds; unmanufactured tobacco; other raw vegetable materials","Gross Production Value (constant 2014-2016 thousand US$)","1000 USD",2013,6759.25,"Unmanufactured tobacco","no"
NA,NA,"Caribbean",NA,"Forage products; fibre crops; plants used in perfumery, pharmacy, or for insecticidal, fungicidal or similar purposes; beet, forage plant and flower seeds; natural rubber; living plants, cut flowers and flower buds; unmanufactured tobacco; other raw vegetable materials","Gross Production Value (constant 2014-2016 thousand US$)","1000 USD",2014,6704.5,"Unmanufactured tobacco","no"
NA,NA,"Caribbean",NA,"Forage products; fibre crops; plants used in perfumery, pharmacy, or for insecticidal, fungicidal or similar purposes; beet, forage plant and flower seeds; natural rubber; living plants, cut flowers and flower buds; unmanufactured tobacco; other raw vegetable materials","Gross Production Value (constant 2014-2016 thousand US$)","1000 USD",2015,9102.25,"Unmanufactured tobacco","no"
NA,NA,"Caribbean",NA,"Forage products; fibre crops; plants used in perfumery, pharmacy, or for insecticidal, fungicidal or similar purposes; beet, forage plant and flower seeds; natural rubber; living plants, cut flowers and flower buds; unmanufactured tobacco; other raw vegetable materials","Gross Production Value (constant 2014-2016 thousand US$)","1000 USD",2016,6506.25,"Unmanufactured tobacco","no"
NA,NA,"Caribbean",NA,"Forage products; fibre crops; plants used in perfumery, pharmacy, or for insecticidal, fungicidal or similar purposes; beet, forage plant and flower seeds; natural rubber; living plants, cut flowers and flower buds; unmanufactured tobacco; other raw vegetable materials","Gross Production Value (constant 2014-2016 thousand US$)","1000 USD",2017,7591,"Unmanufactured tobacco","no"
NA,NA,"Caribbean",NA,"Forage products; fibre crops; plants used in perfumery, pharmacy, or for insecticidal, fungicidal or similar purposes; beet, forage plant and flower seeds; natural rubber; living plants, cut flowers and flower buds; unmanufactured tobacco; other raw vegetable materials","Gross Production Value (constant 2014-2016 thousand US$)","1000 USD",2018,6480.5,"Unmanufactured tobacco","no"
NA,NA,"Caribbean",NA,"Forage products; fibre crops; plants used in perfumery, pharmacy, or for insecticidal, fungicidal or similar purposes; beet, forage plant and flower seeds; natural rubber; living plants, cut flowers and flower buds; unmanufactured tobacco; other raw vegetable materials","Gross Production Value (constant 2014-2016 thousand US$)","1000 USD",2019,4365.25,"Unmanufactured tobacco","no"
NA,NA,"Caribbean",NA,"Forage products; fibre crops; plants used in perfumery, pharmacy, or for insecticidal, fungicidal or similar purposes; beet, forage plant and flower seeds; natural rubber; living plants, cut flowers and flower buds; unmanufactured tobacco; other raw vegetable materials","Gross Production Value (constant 2014-2016 thousand US$)","1000 USD",2020,9228.75,"Unmanufactured tobacco","no"
NA,NA,"Caribbean",NA,"Forage products; fibre crops; plants used in perfumery, pharmacy, or for insecticidal, fungicidal or similar purposes; beet, forage plant and flower seeds; natural rubber; living plants, cut flowers and flower buds; unmanufactured tobacco; other raw vegetable materials","Gross Production Value (constant 2014-2016 thousand US$)","1000 USD",2021,7094.25,"Unmanufactured tobacco","no"
NA,NA,"Caribbean",NA,"Forage products; fibre crops; plants used in perfumery, pharmacy, or for insecticidal, fungicidal or similar purposes; beet, forage plant and flower seeds; natural rubber; living plants, cut flowers and flower buds; unmanufactured tobacco; other raw vegetable materials","Gross Production Value (constant 2014-2016 thousand US$)","1000 USD",2022,7797.75,"Unmanufactured tobacco","no"
NA,NA,"Caribbean",NA,"Forage products; fibre crops; plants used in perfumery, pharmacy, or for insecticidal, fungicidal or similar purposes; beet, forage plant and flower seeds; natural rubber; living plants, cut flowers and flower buds; unmanufactured tobacco; other raw vegetable materials","Gross Production Value (constant 2014-2016 thousand US$)","1000 USD",2023,8810.25,"Unmanufactured tobacco","no"
NA,NA,"Caribbean",NA,"Fruits and nuts","Gross Production Value (constant 2014-2016 thousand I$)","1000 Int$",1992,219,"Apples","no"
NA,NA,"Caribbean",NA,"Fruits and nuts","Gross Production Value (constant 2014-2016 thousand I$)","1000 Int$",1993,265,"Apples","no"
NA,NA,"Caribbean",NA,"Fruits and nuts","Gross Production Value (constant 2014-2016 thousand I$)","1000 Int$",1994,260,"Apples","no"
NA,NA,"Caribbean",NA,"Fruits and nuts","Gross Production Value (constant 2014-2016 thousand I$)","1000 Int$",1995,266.5,"Apples","no"
NA,NA,"Caribbean",NA,"Fruits and nuts","Gross Production Value (constant 2014-2016 thousand I$)","1000 Int$",1996,233.5,"Apples","no"
NA,NA,"Caribbean",NA,"Fruits and nuts","Gross Production Value (constant 2014-2016 thousand I$)","1000 Int$",1997,256,"Apples","no"
NA,NA,"Caribbean",NA,"Fruits and nuts","Gross Production Value (constant 2014-2016 thousand I$)","1000 Int$",1998,271,"Apples","no"
NA,NA,"Caribbean",NA,"Fruits and nuts","Gross Production Value (constant 2014-2016 thousand I$)","1000 Int$",1999,271.5,"Apples","no"
NA,NA,"Caribbean",NA,"Fruits and nuts","Gross Production Value (constant 2014-2016 thousand I$)","1000 Int$",2000,283.5,"Apples","no"
NA,NA,"Caribbean",NA,"Fruits and nuts","Gross Production Value (constant 2014-2016 thousand I$)","1000 Int$",2001,330.5,"Apples","no"
NA,NA,"Caribbean",NA,"Fruits and nuts","Gross Production Value (constant 2014-2016 thousand I$)","1000 Int$",2002,330.5,"Apples","no"
NA,NA,"Caribbean",NA,"Fruits and nuts","Gross Production Value (constant 2014-2016 thousand I$)","1000 Int$",2003,354,"Apples","no"
NA,NA,"Caribbean",NA,"Fruits and nuts","Gross Production Value (constant 2014-2016 thousand I$)","1000 Int$",2004,365.5,"Apples","no"
NA,NA,"Caribbean",NA,"Fruits and nuts","Gross Production Value (constant 2014-2016 thousand I$)","1000 Int$",2005,307,"Apples","no"
NA,NA,"Caribbean",NA,"Fruits and nuts","Gross Production Value (constant 2014-2016 thousand I$)","1000 Int$",2006,369.5,"Apples","no"
NA,NA,"Caribbean",NA,"Fruits and nuts","Gross Production Value (constant 2014-2016 thousand I$)","1000 Int$",2007,408,"Apples","no"
NA,NA,"Caribbean",NA,"Fruits and nuts","Gross Production Value (constant 2014-2016 thousand I$)","1000 Int$",2008,429.5,"Apples","no"
NA,NA,"Caribbean",NA,"Fruits and nuts","Gross Production Value (constant 2014-2016 thousand I$)","1000 Int$",2009,495.5,"Apples","no"
NA,NA,"Caribbean",NA,"Fruits and nuts","Gross Production Value (constant 2014-2016 thousand I$)","1000 Int$",2010,352,"Apples","no"
NA,NA,"Caribbean",NA,"Fruits and nuts","Gross Production Value (constant 2014-2016 thousand I$)","1000 Int$",2011,389,"Apples","no"
NA,NA,"Caribbean",NA,"Fruits and nuts","Gross Production Value (constant 2014-2016 thousand I$)","1000 Int$",2012,392.5,"Apples","no"
NA,NA,"Caribbean",NA,"Fruits and nuts","Gross Production Value (constant 2014-2016 thousand I$)","1000 Int$",2013,377.5,"Apples","no"
NA,NA,"Caribbean",NA,"Fruits and nuts","Gross Production Value (constant 2014-2016 thousand I$)","1000 Int$",2014,352,"Apples","no"
NA,NA,"Caribbean",NA,"Fruits and nuts","Gross Production Value (constant 2014-2016 thousand I$)","1000 Int$",2015,352,"Apples","no"
NA,NA,"Caribbean",NA,"Fruits and nuts","Gross Production Value (constant 2014-2016 thousand I$)","1000 Int$",2016,359,"Apples","no"
NA,NA,"Caribbean",NA,"Fruits and nuts","Gross Production Value (constant 2014-2016 thousand I$)","1000 Int$",2017,532.5,"Apples","no"
NA,NA,"Caribbean",NA,"Fruits and nuts","Gross Production Value (constant 2014-2016 thousand I$)","1000 Int$",2018,541,"Apples","no"
NA,NA,"Caribbean",NA,"Fruits and nuts","Gross Production Value (constant 2014-2016 thousand I$)","1000 Int$",2019,462,"Apples","no"
NA,NA,"Caribbean",NA,"Fruits and nuts","Gross Production Value (constant 2014-2016 thousand I$)","1000 Int$",2020,466,"Apples","no"
NA,NA,"Caribbean",NA,"Fruits and nuts","Gross Production Value (constant 2014-2016 thousand I$)","1000 Int$",2021,470,"Apples","no"
NA,NA,"Caribbean",NA,"Fruits and nuts","Gross Production Value (constant 2014-2016 thousand I$)","1000 Int$",2022,500.5,"Apples","no"
NA,NA,"Caribbean",NA,"Fruits and nuts","Gross Production Value (constant 2014-2016 thousand I$)","1000 Int$",2023,501.5,"Apples","no"
NA,NA,"Caribbean",NA,"Fruits and nuts","Gross Production Value (constant 2014-2016 thousand US$)","1000 USD",1992,1019,"Apples","no"
NA,NA,"Caribbean",NA,"Fruits and nuts","Gross Production Value (constant 2014-2016 thousand US$)","1000 USD",1993,1094,"Apples","no"
NA,NA,"Caribbean",NA,"Fruits and nuts","Gross Production Value (constant 2014-2016 thousand US$)","1000 USD",1994,1026,"Apples","no"
NA,NA,"Caribbean",NA,"Fruits and nuts","Gross Production Value (constant 2014-2016 thousand US$)","1000 USD",1995,1064,"Apples","no"
NA,NA,"Caribbean",NA,"Fruits and nuts","Gross Production Value (constant 2014-2016 thousand US$)","1000 USD",1996,959,"Apples","no"
NA,NA,"Caribbean",NA,"Fruits and nuts","Gross Production Value (constant 2014-2016 thousand US$)","1000 USD",1997,959,"Apples","no"
NA,NA,"Caribbean",NA,"Fruits and nuts","Gross Production Value (constant 2014-2016 thousand US$)","1000 USD",1998,959,"Apples","no"
NA,NA,"Caribbean",NA,"Fruits and nuts","Gross Production Value (constant 2014-2016 thousand US$)","1000 USD",1999,853,"Apples","no"
NA,NA,"Caribbean",NA,"Fruits and nuts","Gross Production Value (constant 2014-2016 thousand US$)","1000 USD",2000,853,"Apples","no"
NA,NA,"Caribbean",NA,"Fruits and nuts","Gross Production Value (constant 2014-2016 thousand US$)","1000 USD",2001,853,"Apples","no"
NA,NA,"Caribbean",NA,"Fruits and nuts","Gross Production Value (constant 2014-2016 thousand US$)","1000 USD",2002,746,"Apples","no"
NA,NA,"Caribbean",NA,"Fruits and nuts","Gross Production Value (constant 2014-2016 thousand US$)","1000 USD",2003,746,"Apples","no"
NA,NA,"Caribbean",NA,"Fruits and nuts","Gross Production Value (constant 2014-2016 thousand US$)","1000 USD",2004,746,"Apples","no"
NA,NA,"Caribbean",NA,"Fruits and nuts","Gross Production Value (constant 2014-2016 thousand US$)","1000 USD",2005,107,"Apples","no"
NA,NA,"Caribbean",NA,"Fruits and nuts","Gross Production Value (constant 2014-2016 thousand US$)","1000 USD",2006,674,"Apples","no"
NA,NA,"Caribbean",NA,"Fruits and nuts","Gross Production Value (constant 2014-2016 thousand US$)","1000 USD",2007,910,"Apples","no"
NA,NA,"Caribbean",NA,"Fruits and nuts","Gross Production Value (constant 2014-2016 thousand US$)","1000 USD",2008,893,"Apples","no"
NA,NA,"Caribbean",NA,"Fruits and nuts","Gross Production Value (constant 2014-2016 thousand US$)","1000 USD",2009,983,"Apples","no"
NA,NA,"Caribbean",NA,"Fruits and nuts","Gross Production Value (constant 2014-2016 thousand US$)","1000 USD",2010,926,"Apples","no"
NA,NA,"Caribbean",NA,"Fruits and nuts","Gross Production Value (constant 2014-2016 thousand US$)","1000 USD",2011,933,"Apples","no"
NA,NA,"Caribbean",NA,"Fruits and nuts","Gross Production Value (constant 2014-2016 thousand US$)","1000 USD",2012,993,"Apples","no"
NA,NA,"Caribbean",NA,"Fruits and nuts","Gross Production Value (constant 2014-2016 thousand US$)","1000 USD",2013,964,"Apples","no"
NA,NA,"Caribbean",NA,"Fruits and nuts","Gross Production Value (constant 2014-2016 thousand US$)","1000 USD",2014,1070,"Apples","no"
NA,NA,"Caribbean",NA,"Fruits and nuts","Gross Production Value (constant 2014-2016 thousand US$)","1000 USD",2015,1004,"Apples","no"
NA,NA,"Caribbean",NA,"Fruits and nuts","Gross Production Value (constant 2014-2016 thousand US$)","1000 USD",2016,1013,"Apples","no"
NA,NA,"Caribbean",NA,"Fruits and nuts","Gross Production Value (constant 2014-2016 thousand US$)","1000 USD",2017,1029,"Apples","no"
NA,NA,"Caribbean",NA,"Fruits and nuts","Gross Production Value (constant 2014-2016 thousand US$)","1000 USD",2018,993,"Apples","no"
NA,NA,"Caribbean",NA,"Fruits and nuts","Gross Production Value (constant 2014-2016 thousand US$)","1000 USD",2019,1011,"Apples","no"
NA,NA,"Caribbean",NA,"Fruits and nuts","Gross Production Value (constant 2014-2016 thousand US$)","1000 USD",2020,1011,"Apples","no"
NA,NA,"Caribbean",NA,"Fruits and nuts","Gross Production Value (constant 2014-2016 thousand US$)","1000 USD",2021,1005,"Apples","no"
NA,NA,"Caribbean",NA,"Fruits and nuts","Gross Production Value (constant 2014-2016 thousand US$)","1000 USD",2022,1009,"Apples","no"
NA,NA,"Caribbean",NA,"Fruits and nuts","Gross Production Value (constant 2014-2016 thousand US$)","1000 USD",2023,1008,"Apples","no"
NA,NA,"Caribbean",NA,"Fruits and nuts","Gross Production Value (constant 2014-2016 thousand I$)","1000 Int$",1992,18,"Apricots","no"
NA,NA,"Caribbean",NA,"Fruits and nuts","Gross Production Value (constant 2014-2016 thousand I$)","1000 Int$",1993,18,"Apricots","no"
NA,NA,"Caribbean",NA,"Fruits and nuts","Gross Production Value (constant 2014-2016 thousand I$)","1000 Int$",1994,18,"Apricots","no"
NA,NA,"Caribbean",NA,"Fruits and nuts","Gross Production Value (constant 2014-2016 thousand I$)","1000 Int$",1995,18,"Apricots","no"
NA,NA,"Caribbean",NA,"Fruits and nuts","Gross Production Value (constant 2014-2016 thousand I$)","1000 Int$",1996,19,"Apricots","no"
NA,NA,"Caribbean",NA,"Fruits and nuts","Gross Production Value (constant 2014-2016 thousand I$)","1000 Int$",1997,19,"Apricots","no"
NA,NA,"Caribbean",NA,"Fruits and nuts","Gross Production Value (constant 2014-2016 thousand I$)","1000 Int$",1998,19,"Apricots","no"
NA,NA,"Caribbean",NA,"Fruits and nuts","Gross Production Value (constant 2014-2016 thousand I$)","1000 Int$",1999,19,"Apricots","no"
NA,NA,"Caribbean",NA,"Fruits and nuts","Gross Production Value (constant 2014-2016 thousand I$)","1000 Int$",2000,19,"Apricots","no"
NA,NA,"Caribbean",NA,"Fruits and nuts","Gross Production Value (constant 2014-2016 thousand I$)","1000 Int$",2001,19,"Apricots","no"
NA,NA,"Caribbean",NA,"Fruits and nuts","Gross Production Value (constant 2014-2016 thousand I$)","1000 Int$",2002,20,"Apricots","no"
NA,NA,"Caribbean",NA,"Fruits and nuts","Gross Production Value (constant 2014-2016 thousand I$)","1000 Int$",2003,20,"Apricots","no"
NA,NA,"Caribbean",NA,"Fruits and nuts","Gross Production Value (constant 2014-2016 thousand I$)","1000 Int$",2004,20,"Apricots","no"
NA,NA,"Caribbean",NA,"Fruits and nuts","Gross Production Value (constant 2014-2016 thousand I$)","1000 Int$",2005,20,"Apricots","no"
NA,NA,"Caribbean",NA,"Fruits and nuts","Gross Production Value (constant 2014-2016 thousand I$)","1000 Int$",2006,20,"Apricots","no"
NA,NA,"Caribbean",NA,"Fruits and nuts","Gross Production Value (constant 2014-2016 thousand I$)","1000 Int$",2007,0,"Apricots","no"
NA,NA,"Caribbean",NA,"Fruits and nuts","Gross Production Value (constant 2014-2016 thousand I$)","1000 Int$",2008,0,"Apricots","no"
NA,NA,"Caribbean",NA,"Fruits and nuts","Gross Production Value (constant 2014-2016 thousand I$)","1000 Int$",2009,0,"Apricots","no"
NA,NA,"Caribbean",NA,"Fruits and nuts","Gross Production Value (constant 2014-2016 thousand I$)","1000 Int$",2010,0,"Apricots","no"
NA,NA,"Caribbean",NA,"Fruits and nuts","Gross Production Value (constant 2014-2016 thousand I$)","1000 Int$",2011,0,"Apricots","no"
NA,NA,"Caribbean",NA,"Fruits and nuts","Gross Production Value (constant 2014-2016 thousand I$)","1000 Int$",2012,0,"Apricots","no"
NA,NA,"Caribbean",NA,"Fruits and nuts","Gross Production Value (constant 2014-2016 thousand I$)","1000 Int$",2013,0,"Apricots","no"
NA,NA,"Caribbean",NA,"Fruits and nuts","Gross Production Value (constant 2014-2016 thousand I$)","1000 Int$",2014,0,"Apricots","no"
NA,NA,"Caribbean",NA,"Fruits and nuts","Gross Production Value (constant 2014-2016 thousand I$)","1000 Int$",2015,0,"Apricots","no"
NA,NA,"Caribbean",NA,"Fruits and nuts","Gross Production Value (constant 2014-2016 thousand I$)","1000 Int$",2016,0,"Apricots","no"
NA,NA,"Caribbean",NA,"Fruits and nuts","Gross Production Value (constant 2014-2016 thousand I$)","1000 Int$",2017,0,"Apricots","no"
NA,NA,"Caribbean",NA,"Fruits and nuts","Gross Production Value (constant 2014-2016 thousand I$)","1000 Int$",2018,0,"Apricots","no"
NA,NA,"Caribbean",NA,"Fruits and nuts","Gross Production Value (constant 2014-2016 thousand I$)","1000 Int$",2019,0,"Apricots","no"
NA,NA,"Caribbean",NA,"Fruits and nuts","Gross Production Value (constant 2014-2016 thousand I$)","1000 Int$",2020,0,"Apricots","no"
NA,NA,"Caribbean",NA,"Fruits and nuts","Gross Production Value (constant 2014-2016 thousand I$)","1000 Int$",2021,0,"Apricots","no"
NA,NA,"Caribbean",NA,"Fruits and nuts","Gross Production Value (constant 2014-2016 thousand I$)","1000 Int$",2022,0,"Apricots","no"
NA,NA,"Caribbean",NA,"Fruits and nuts","Gross Production Value (constant 2014-2016 thousand I$)","1000 Int$",2023,0,"Apricots","no"
NA,NA,"Caribbean",NA,"Fruits and nuts","Gross Production Value (constant 2014-2016 thousand I$)","1000 Int$",1992,5372.846153846154,"Avocados","no"
NA,NA,"Caribbean",NA,"Fruits and nuts","Gross Production Value (constant 2014-2016 thousand I$)","1000 Int$",1993,5479.076923076923,"Avocados","no"
NA,NA,"Caribbean",NA,"Fruits and nuts","Gross Production Value (constant 2014-2016 thousand I$)","1000 Int$",1994,6446.615384615385,"Avocados","no"
NA,NA,"Caribbean",NA,"Fruits and nuts","Gross Production Value (constant 2014-2016 thousand I$)","1000 Int$",1995,7791.692307692308,"Avocados","no"
NA,NA,"Caribbean",NA,"Fruits and nuts","Gross Production Value (constant 2014-2016 thousand I$)","1000 Int$",1996,5266.307692307692,"Avocados","no"
NA,NA,"Caribbean",NA,"Fruits and nuts","Gross Production Value (constant 2014-2016 thousand I$)","1000 Int$",1997,6790.846153846154,"Avocados","no"
NA,NA,"Caribbean",NA,"Fruits and nuts","Gross Production Value (constant 2014-2016 thousand I$)","1000 Int$",1998,8596.307692307691,"Avocados","no"
NA,NA,"Caribbean",NA,"Fruits and nuts","Gross Production Value (constant 2014-2016 thousand I$)","1000 Int$",1999,9338.461538461539,"Avocados","no"
NA,NA,"Caribbean",NA,"Fruits and nuts","Gross Production Value (constant 2014-2016 thousand I$)","1000 Int$",2000,10021.076923076924,"Avocados","no"
NA,NA,"Caribbean",NA,"Fruits and nuts","Gross Production Value (constant 2014-2016 thousand I$)","1000 Int$",2001,11907.76923076923,"Avocados","no"
NA,NA,"Caribbean",NA,"Fruits and nuts","Gross Production Value (constant 2014-2016 thousand I$)","1000 Int$",2002,14874.615384615385,"Avocados","no"
NA,NA,"Caribbean",NA,"Fruits and nuts","Gross Production Value (constant 2014-2016 thousand I$)","1000 Int$",2003,23844.384615384617,"Avocados","no"
NA,NA,"Caribbean",NA,"Fruits and nuts","Gross Production Value (constant 2014-2016 thousand I$)","1000 Int$",2004,19964.615384615383,"Avocados","no"
NA,NA,"Caribbean",NA,"Fruits and nuts","Gross Production Value (constant 2014-2016 thousand I$)","1000 Int$",2005,12664.384615384615,"Avocados","no"
NA,NA,"Caribbean",NA,"Fruits and nuts","Gross Production Value (constant 2014-2016 thousand I$)","1000 Int$",2006,19969.76923076923,"Avocados","no"
NA,NA,"Caribbean",NA,"Fruits and nuts","Gross Production Value (constant 2014-2016 thousand I$)","1000 Int$",2007,17850.153846153848,"Avocados","no"
NA,NA,"Caribbean",NA,"Fruits and nuts","Gross Production Value (constant 2014-2016 thousand I$)","1000 Int$",2008,17268.69230769231,"Avocados","no"
NA,NA,"Caribbean",NA,"Fruits and nuts","Gross Production Value (constant 2014-2016 thousand I$)","1000 Int$",2009,17771.23076923077,"Avocados","no"
NA,NA,"Caribbean",NA,"Fruits and nuts","Gross Production Value (constant 2014-2016 thousand I$)","1000 Int$",2010,25379.846153846152,"Avocados","no"
NA,NA,"Caribbean",NA,"Fruits and nuts","Gross Production Value (constant 2014-2016 thousand I$)","1000 Int$",2011,26634.384615384617,"Avocados","no"
NA,NA,"Caribbean",NA,"Fruits and nuts","Gross Production Value (constant 2014-2016 thousand I$)","1000 Int$",2012,26822.46153846154,"Avocados","no"
NA,NA,"Caribbean",NA,"Fruits and nuts","Gross Production Value (constant 2014-2016 thousand I$)","1000 Int$",2013,34247.307692307695,"Avocados","no"
NA,NA,"Caribbean",NA,"Fruits and nuts","Gross Production Value (constant 2014-2016 thousand I$)","1000 Int$",2014,43739.153846153844,"Avocados","no"
NA,NA,"Caribbean",NA,"Fruits and nuts","Gross Production Value (constant 2014-2016 thousand I$)","1000 Int$",2015,51038.230769230766,"Avocados","no"
NA,NA,"Caribbean",NA,"Fruits and nuts","Gross Production Value (constant 2014-2016 thousand I$)","1000 Int$",2016,67801.61538461539,"Avocados","no"
NA,NA,"Caribbean",NA,"Fruits and nuts","Gross Production Value (constant 2014-2016 thousand I$)","1000 Int$",2017,66694.30769230769,"Avocados","no"
NA,NA,"Caribbean",NA,"Fruits and nuts","Gross Production Value (constant 2014-2016 thousand I$)","1000 Int$",2018,63989.46153846154,"Avocados","no"
NA,NA,"Caribbean",NA,"Fruits and nuts","Gross Production Value (constant 2014-2016 thousand I$)","1000 Int$",2019,61562.307692307695,"Avocados","no"
NA,NA,"Caribbean",NA,"Fruits and nuts","Gross Production Value (constant 2014-2016 thousand I$)","1000 Int$",2020,56468.692307692305,"Avocados","no"
NA,NA,"Caribbean",NA,"Fruits and nuts","Gross Production Value (constant 2014-2016 thousand I$)","1000 Int$",2021,57343.769230769234,"Avocados","no"
NA,NA,"Caribbean",NA,"Fruits and nuts","Gross Production Value (constant 2014-2016 thousand I$)","1000 Int$",2022,64722.46153846154,"Avocados","no"
NA,NA,"Caribbean",NA,"Fruits and nuts","Gross Production Value (constant 2014-2016 thousand I$)","1000 Int$",2023,85971.23076923077,"Avocados","no"
NA,NA,"Caribbean",NA,"Fruits and nuts","Gross Production Value (constant 2014-2016 thousand US$)","1000 USD",1992,3546,"Avocados","no"
NA,NA,"Caribbean",NA,"Fruits and nuts","Gross Production Value (constant 2014-2016 thousand US$)","1000 USD",1993,3526.714285714286,"Avocados","no"
NA,NA,"Caribbean",NA,"Fruits and nuts","Gross Production Value (constant 2014-2016 thousand US$)","1000 USD",1994,3969.8571428571427,"Avocados","no"
NA,NA,"Caribbean",NA,"Fruits and nuts","Gross Production Value (constant 2014-2016 thousand US$)","1000 USD",1995,4688.285714285715,"Avocados","no"
NA,NA,"Caribbean",NA,"Fruits and nuts","Gross Production Value (constant 2014-2016 thousand US$)","1000 USD",1996,2626,"Avocados","no"
NA,NA,"Caribbean",NA,"Fruits and nuts","Gross Production Value (constant 2014-2016 thousand US$)","1000 USD",1997,3594.4285714285716,"Avocados","no"
NA,NA,"Caribbean",NA,"Fruits and nuts","Gross Production Value (constant 2014-2016 thousand US$)","1000 USD",1998,5017.571428571428,"Avocados","no"
NA,NA,"Caribbean",NA,"Fruits and nuts","Gross Production Value (constant 2014-2016 thousand US$)","1000 USD",1999,5560.714285714285,"Avocados","no"
NA,NA,"Caribbean",NA,"Fruits and nuts","Gross Production Value (constant 2014-2016 thousand US$)","1000 USD",2000,6288,"Avocados","no"
NA,NA,"Caribbean",NA,"Fruits and nuts","Gross Production Value (constant 2014-2016 thousand US$)","1000 USD",2001,7788.571428571428,"Avocados","no"
NA,NA,"Caribbean",NA,"Fruits and nuts","Gross Production Value (constant 2014-2016 thousand US$)","1000 USD",2002,10183.142857142857,"Avocados","no"
NA,NA,"Caribbean",NA,"Fruits and nuts","Gross Production Value (constant 2014-2016 thousand US$)","1000 USD",2003,16872.571428571428,"Avocados","no"
NA,NA,"Caribbean",NA,"Fruits and nuts","Gross Production Value (constant 2014-2016 thousand US$)","1000 USD",2004,15274.142857142857,"Avocados","no"
NA,NA,"Caribbean",NA,"Fruits and nuts","Gross Production Value (constant 2014-2016 thousand US$)","1000 USD",2005,7786.142857142857,"Avocados","no"
NA,NA,"Caribbean",NA,"Fruits and nuts","Gross Production Value (constant 2014-2016 thousand US$)","1000 USD",2006,13428.57142857143,"Avocados","no"
NA,NA,"Caribbean",NA,"Fruits and nuts","Gross Production Value (constant 2014-2016 thousand US$)","1000 USD",2007,11692.42857142857,"Avocados","no"
NA,NA,"Caribbean",NA,"Fruits and nuts","Gross Production Value (constant 2014-2016 thousand US$)","1000 USD",2008,11934.285714285714,"Avocados","no"
NA,NA,"Caribbean",NA,"Fruits and nuts","Gross Production Value (constant 2014-2016 thousand US$)","1000 USD",2009,11533.857142857143,"Avocados","no"
NA,NA,"Caribbean",NA,"Fruits and nuts","Gross Production Value (constant 2014-2016 thousand US$)","1000 USD",2010,16835.14285714286,"Avocados","no"
NA,NA,"Caribbean",NA,"Fruits and nuts","Gross Production Value (constant 2014-2016 thousand US$)","1000 USD",2011,17240.428571428572,"Avocados","no"
NA,NA,"Caribbean",NA,"Fruits and nuts","Gross Production Value (constant 2014-2016 thousand US$)","1000 USD",2012,16653.571428571428,"Avocados","no"
NA,NA,"Caribbean",NA,"Fruits and nuts","Gross Production Value (constant 2014-2016 thousand US$)","1000 USD",2013,21750,"Avocados","no"
NA,NA,"Caribbean",NA,"Fruits and nuts","Gross Production Value (constant 2014-2016 thousand US$)","1000 USD",2014,28409.714285714286,"Avocados","no"
NA,NA,"Caribbean",NA,"Fruits and nuts","Gross Production Value (constant 2014-2016 thousand US$)","1000 USD",2015,29042.571428571428,"Avocados","no"
NA,NA,"Caribbean",NA,"Fruits and nuts","Gross Production Value (constant 2014-2016 thousand US$)","1000 USD",2016,33175,"Avocados","no"
NA,NA,"Caribbean",NA,"Fruits and nuts","Gross Production Value (constant 2014-2016 thousand US$)","1000 USD",2017,35091.142857142855,"Avocados","no"
NA,NA,"Caribbean",NA,"Fruits and nuts","Gross Production Value (constant 2014-2016 thousand US$)","1000 USD",2018,35377.71428571428,"Avocados","no"
NA,NA,"Caribbean",NA,"Fruits and nuts","Gross Production Value (constant 2014-2016 thousand US$)","1000 USD",2019,36633.57142857143,"Avocados","no"
NA,NA,"Caribbean",NA,"Fruits and nuts","Gross Production Value (constant 2014-2016 thousand US$)","1000 USD",2020,34290.42857142857,"Avocados","no"
NA,NA,"Caribbean",NA,"Fruits and nuts","Gross Production Value (constant 2014-2016 thousand US$)","1000 USD",2021,35125.71428571428,"Avocados","no"
NA,NA,"Caribbean",NA,"Fruits and nuts","Gross Production Value (constant 2014-2016 thousand US$)","1000 USD",2022,41029.42857142857,"Avocados","no"
NA,NA,"Caribbean",NA,"Fruits and nuts","Gross Production Value (constant 2014-2016 thousand US$)","1000 USD",2023,55642.857142857145,"Avocados","no"
NA,NA,"Caribbean",NA,"Fruits and nuts","Gross Production Value (constant 2014-2016 thousand I$)","1000 Int$",1992,43905,"Bananas","no"
NA,NA,"Caribbean",NA,"Fruits and nuts","Gross Production Value (constant 2014-2016 thousand I$)","1000 Int$",1993,40680.066666666666,"Bananas","no"
NA,NA,"Caribbean",NA,"Fruits and nuts","Gross Production Value (constant 2014-2016 thousand I$)","1000 Int$",1994,36706.46666666667,"Bananas","no"
NA,NA,"Caribbean",NA,"Fruits and nuts","Gross Production Value (constant 2014-2016 thousand I$)","1000 Int$",1995,36357.86666666667,"Bananas","no"
NA,NA,"Caribbean",NA,"Fruits and nuts","Gross Production Value (constant 2014-2016 thousand I$)","1000 Int$",1996,39294.2,"Bananas","no"
NA,NA,"Caribbean",NA,"Fruits and nuts","Gross Production Value (constant 2014-2016 thousand I$)","1000 Int$",1997,38473.933333333334,"Bananas","no"
NA,NA,"Caribbean",NA,"Fruits and nuts","Gross Production Value (constant 2014-2016 thousand I$)","1000 Int$",1998,36251.86666666667,"Bananas","no"
NA,NA,"Caribbean",NA,"Fruits and nuts","Gross Production Value (constant 2014-2016 thousand I$)","1000 Int$",1999,39145.666666666664,"Bananas","no"
NA,NA,"Caribbean",NA,"Fruits and nuts","Gross Production Value (constant 2014-2016 thousand I$)","1000 Int$",2000,42112.13333333333,"Bananas","no"
NA,NA,"Caribbean",NA,"Fruits and nuts","Gross Production Value (constant 2014-2016 thousand I$)","1000 Int$",2001,40972.2,"Bananas","no"
NA,NA,"Caribbean",NA,"Fruits and nuts","Gross Production Value (constant 2014-2016 thousand I$)","1000 Int$",2002,41146.4,"Bananas","no"
NA,NA,"Caribbean",NA,"Fruits and nuts","Gross Production Value (constant 2014-2016 thousand I$)","1000 Int$",2003,43875.46666666667,"Bananas","no"
NA,NA,"Caribbean",NA,"Fruits and nuts","Gross Production Value (constant 2014-2016 thousand I$)","1000 Int$",2004,45268.4,"Bananas","no"
NA,NA,"Caribbean",NA,"Fruits and nuts","Gross Production Value (constant 2014-2016 thousand I$)","1000 Int$",2005,41040.73333333333,"Bananas","no"
NA,NA,"Caribbean",NA,"Fruits and nuts","Gross Production Value (constant 2014-2016 thousand I$)","1000 Int$",2006,40051,"Bananas","no"
NA,NA,"Caribbean",NA,"Fruits and nuts","Gross Production Value (constant 2014-2016 thousand I$)","1000 Int$",2007,34620.73333333333,"Bananas","no"
NA,NA,"Caribbean",NA,"Fruits and nuts","Gross Production Value (constant 2014-2016 thousand I$)","1000 Int$",2008,29712.733333333334,"Bananas","no"
NA,NA,"Caribbean",NA,"Fruits and nuts","Gross Production Value (constant 2014-2016 thousand I$)","1000 Int$",2009,32741.066666666666,"Bananas","no"
NA,NA,"Caribbean",NA,"Fruits and nuts","Gross Production Value (constant 2014-2016 thousand I$)","1000 Int$",2010,38844.933333333334,"Bananas","no"
NA,NA,"Caribbean",NA,"Fruits and nuts","Gross Production Value (constant 2014-2016 thousand I$)","1000 Int$",2011,39956,"Bananas","no"
NA,NA,"Caribbean",NA,"Fruits and nuts","Gross Production Value (constant 2014-2016 thousand I$)","1000 Int$",2012,40302.53333333333,"Bananas","no"
NA,NA,"Caribbean",NA,"Fruits and nuts","Gross Production Value (constant 2014-2016 thousand I$)","1000 Int$",2013,40662.333333333336,"Bananas","no"
NA,NA,"Caribbean",NA,"Fruits and nuts","Gross Production Value (constant 2014-2016 thousand I$)","1000 Int$",2014,43500.8,"Bananas","no"
NA,NA,"Caribbean",NA,"Fruits and nuts","Gross Production Value (constant 2014-2016 thousand I$)","1000 Int$",2015,44747.333333333336,"Bananas","no"
NA,NA,"Caribbean",NA,"Fruits and nuts","Gross Production Value (constant 2014-2016 thousand I$)","1000 Int$",2016,46675.066666666666,"Bananas","no"
NA,NA,"Caribbean",NA,"Fruits and nuts","Gross Production Value (constant 2014-2016 thousand I$)","1000 Int$",2017,46963.13333333333,"Bananas","no"
NA,NA,"Caribbean",NA,"Fruits and nuts","Gross Production Value (constant 2014-2016 thousand I$)","1000 Int$",2018,47534.2,"Bananas","no"
NA,NA,"Caribbean",NA,"Fruits and nuts","Gross Production Value (constant 2014-2016 thousand I$)","1000 Int$",2019,47631.86666666667,"Bananas","no"
NA,NA,"Caribbean",NA,"Fruits and nuts","Gross Production Value (constant 2014-2016 thousand I$)","1000 Int$",2020,47385.4,"Bananas","no"
NA,NA,"Caribbean",NA,"Fruits and nuts","Gross Production Value (constant 2014-2016 thousand I$)","1000 Int$",2021,47575,"Bananas","no"
NA,NA,"Caribbean",NA,"Fruits and nuts","Gross Production Value (constant 2014-2016 thousand I$)","1000 Int$",2022,50662.73333333333,"Bananas","no"
NA,NA,"Caribbean",NA,"Fruits and nuts","Gross Production Value (constant 2014-2016 thousand I$)","1000 Int$",2023,56634.2,"Bananas","no"
NA,NA,"Caribbean",NA,"Fruits and nuts","Gross Production Value (constant 2014-2016 thousand US$)","1000 USD",1992,38250.555555555555,"Bananas","no"
NA,NA,"Caribbean",NA,"Fruits and nuts","Gross Production Value (constant 2014-2016 thousand US$)","1000 USD",1993,36823.77777777778,"Bananas","no"
NA,NA,"Caribbean",NA,"Fruits and nuts","Gross Production Value (constant 2014-2016 thousand US$)","1000 USD",1994,30584.444444444445,"Bananas","no"
NA,NA,"Caribbean",NA,"Fruits and nuts","Gross Production Value (constant 2014-2016 thousand US$)","1000 USD",1995,33411.666666666664,"Bananas","no"
NA,NA,"Caribbean",NA,"Fruits and nuts","Gross Production Value (constant 2014-2016 thousand US$)","1000 USD",1996,32701.88888888889,"Bananas","no"
NA,NA,"Caribbean",NA,"Fruits and nuts","Gross Production Value (constant 2014-2016 thousand US$)","1000 USD",1997,27861.555555555555,"Bananas","no"
NA,NA,"Caribbean",NA,"Fruits and nuts","Gross Production Value (constant 2014-2016 thousand US$)","1000 USD",1998,25590.11111111111,"Bananas","no"
NA,NA,"Caribbean",NA,"Fruits and nuts","Gross Production Value (constant 2014-2016 thousand US$)","1000 USD",1999,26299.444444444445,"Bananas","no"
NA,NA,"Caribbean",NA,"Fruits and nuts","Gross Production Value (constant 2014-2016 thousand US$)","1000 USD",2000,25375.88888888889,"Bananas","no"
NA,NA,"Caribbean",NA,"Fruits and nuts","Gross Production Value (constant 2014-2016 thousand US$)","1000 USD",2001,24326.666666666668,"Bananas","no"
NA,NA,"Caribbean",NA,"Fruits and nuts","Gross Production Value (constant 2014-2016 thousand US$)","1000 USD",2002,26689.11111111111,"Bananas","no"
NA,NA,"Caribbean",NA,"Fruits and nuts","Gross Production Value (constant 2014-2016 thousand US$)","1000 USD",2003,26199,"Bananas","no"
NA,NA,"Caribbean",NA,"Fruits and nuts","Gross Production Value (constant 2014-2016 thousand US$)","1000 USD",2004,25708.88888888889,"Bananas","no"
NA,NA,"Caribbean",NA,"Fruits and nuts","Gross Production Value (constant 2014-2016 thousand US$)","1000 USD",2005,24206.11111111111,"Bananas","no"
NA,NA,"Caribbean",NA,"Fruits and nuts","Gross Production Value (constant 2014-2016 thousand US$)","1000 USD",2006,23357.333333333332,"Bananas","no"
NA,NA,"Caribbean",NA,"Fruits and nuts","Gross Production Value (constant 2014-2016 thousand US$)","1000 USD",2007,23240.777777777777,"Bananas","no"
NA,NA,"Caribbean",NA,"Fruits and nuts","Gross Production Value (constant 2014-2016 thousand US$)","1000 USD",2008,20065,"Bananas","no"
NA,NA,"Caribbean",NA,"Fruits and nuts","Gross Production Value (constant 2014-2016 thousand US$)","1000 USD",2009,23227.222222222223,"Bananas","no"
NA,NA,"Caribbean",NA,"Fruits and nuts","Gross Production Value (constant 2014-2016 thousand US$)","1000 USD",2010,26506.88888888889,"Bananas","no"
NA,NA,"Caribbean",NA,"Fruits and nuts","Gross Production Value (constant 2014-2016 thousand US$)","1000 USD",2011,27109.777777777777,"Bananas","no"
NA,NA,"Caribbean",NA,"Fruits and nuts","Gross Production Value (constant 2014-2016 thousand US$)","1000 USD",2012,28445.666666666668,"Bananas","no"
NA,NA,"Caribbean",NA,"Fruits and nuts","Gross Production Value (constant 2014-2016 thousand US$)","1000 USD",2013,28535.555555555555,"Bananas","no"
NA,NA,"Caribbean",NA,"Fruits and nuts","Gross Production Value (constant 2014-2016 thousand US$)","1000 USD",2014,29958.777777777777,"Bananas","no"
NA,NA,"Caribbean",NA,"Fruits and nuts","Gross Production Value (constant 2014-2016 thousand US$)","1000 USD",2015,30299,"Bananas","no"
NA,NA,"Caribbean",NA,"Fruits and nuts","Gross Production Value (constant 2014-2016 thousand US$)","1000 USD",2016,30800.11111111111,"Bananas","no"
NA,NA,"Caribbean",NA,"Fruits and nuts","Gross Production Value (constant 2014-2016 thousand US$)","1000 USD",2017,31618.555555555555,"Bananas","no"
NA,NA,"Caribbean",NA,"Fruits and nuts","Gross Production Value (constant 2014-2016 thousand US$)","1000 USD",2018,32490.333333333332,"Bananas","no"
NA,NA,"Caribbean",NA,"Fruits and nuts","Gross Production Value (constant 2014-2016 thousand US$)","1000 USD",2019,32316.11111111111,"Bananas","no"
NA,NA,"Caribbean",NA,"Fruits and nuts","Gross Production Value (constant 2014-2016 thousand US$)","1000 USD",2020,31860.555555555555,"Bananas","no"
NA,NA,"Caribbean",NA,"Fruits and nuts","Gross Production Value (constant 2014-2016 thousand US$)","1000 USD",2021,32364.222222222223,"Bananas","no"
NA,NA,"Caribbean",NA,"Fruits and nuts","Gross Production Value (constant 2014-2016 thousand US$)","1000 USD",2022,34917.22222222222,"Bananas","no"
NA,NA,"Caribbean",NA,"Fruits and nuts","Gross Production Value (constant 2014-2016 thousand US$)","1000 USD",2023,38192.666666666664,"Bananas","no"
NA,NA,"Caribbean",NA,"Fruits and nuts","Gross Production Value (constant 2014-2016 thousand I$)","1000 Int$",1992,432,"Cashew nuts","no"
NA,NA,"Caribbean",NA,"Fruits and nuts","Gross Production Value (constant 2014-2016 thousand I$)","1000 Int$",1993,432,"Cashew nuts","no"
NA,NA,"Caribbean",NA,"Fruits and nuts","Gross Production Value (constant 2014-2016 thousand I$)","1000 Int$",1994,432,"Cashew nuts","no"
NA,NA,"Caribbean",NA,"Fruits and nuts","Gross Production Value (constant 2014-2016 thousand I$)","1000 Int$",1995,432,"Cashew nuts","no"
NA,NA,"Caribbean",NA,"Fruits and nuts","Gross Production Value (constant 2014-2016 thousand I$)","1000 Int$",1996,432,"Cashew nuts","no"
NA,NA,"Caribbean",NA,"Fruits and nuts","Gross Production Value (constant 2014-2016 thousand I$)","1000 Int$",1997,432,"Cashew nuts","no"
NA,NA,"Caribbean",NA,"Fruits and nuts","Gross Production Value (constant 2014-2016 thousand I$)","1000 Int$",1998,432,"Cashew nuts","no"
NA,NA,"Caribbean",NA,"Fruits and nuts","Gross Production Value (constant 2014-2016 thousand I$)","1000 Int$",1999,441.5,"Cashew nuts","no"
NA,NA,"Caribbean",NA,"Fruits and nuts","Gross Production Value (constant 2014-2016 thousand I$)","1000 Int$",2000,441.5,"Cashew nuts","no"
NA,NA,"Caribbean",NA,"Fruits and nuts","Gross Production Value (constant 2014-2016 thousand I$)","1000 Int$",2001,441.5,"Cashew nuts","no"
NA,NA,"Caribbean",NA,"Fruits and nuts","Gross Production Value (constant 2014-2016 thousand I$)","1000 Int$",2002,441.5,"Cashew nuts","no"
NA,NA,"Caribbean",NA,"Fruits and nuts","Gross Production Value (constant 2014-2016 thousand I$)","1000 Int$",2003,464.5,"Cashew nuts","no"
NA,NA,"Caribbean",NA,"Fruits and nuts","Gross Production Value (constant 2014-2016 thousand I$)","1000 Int$",2004,464.5,"Cashew nuts","no"
NA,NA,"Caribbean",NA,"Fruits and nuts","Gross Production Value (constant 2014-2016 thousand I$)","1000 Int$",2005,464.5,"Cashew nuts","no"
NA,NA,"Caribbean",NA,"Fruits and nuts","Gross Production Value (constant 2014-2016 thousand I$)","1000 Int$",2006,464.5,"Cashew nuts","no"
NA,NA,"Caribbean",NA,"Fruits and nuts","Gross Production Value (constant 2014-2016 thousand I$)","1000 Int$",2007,476,"Cashew nuts","no"
NA,NA,"Caribbean",NA,"Fruits and nuts","Gross Production Value (constant 2014-2016 thousand I$)","1000 Int$",2008,557.5,"Cashew nuts","no"
NA,NA,"Caribbean",NA,"Fruits and nuts","Gross Production Value (constant 2014-2016 thousand I$)","1000 Int$",2009,518,"Cashew nuts","no"
NA,NA,"Caribbean",NA,"Fruits and nuts","Gross Production Value (constant 2014-2016 thousand I$)","1000 Int$",2010,415.5,"Cashew nuts","no"
NA,NA,"Caribbean",NA,"Fruits and nuts","Gross Production Value (constant 2014-2016 thousand I$)","1000 Int$",2011,308,"Cashew nuts","no"
NA,NA,"Caribbean",NA,"Fruits and nuts","Gross Production Value (constant 2014-2016 thousand I$)","1000 Int$",2012,325,"Cashew nuts","no"
NA,NA,"Caribbean",NA,"Fruits and nuts","Gross Production Value (constant 2014-2016 thousand I$)","1000 Int$",2013,325,"Cashew nuts","no"
NA,NA,"Caribbean",NA,"Fruits and nuts","Gross Production Value (constant 2014-2016 thousand I$)","1000 Int$",2014,325,"Cashew nuts","no"
NA,NA,"Caribbean",NA,"Fruits and nuts","Gross Production Value (constant 2014-2016 thousand I$)","1000 Int$",2015,320,"Cashew nuts","no"
NA,NA,"Caribbean",NA,"Fruits and nuts","Gross Production Value (constant 2014-2016 thousand I$)","1000 Int$",2016,316,"Cashew nuts","no"
NA,NA,"Caribbean",NA,"Fruits and nuts","Gross Production Value (constant 2014-2016 thousand I$)","1000 Int$",2017,313.5,"Cashew nuts","no"
NA,NA,"Caribbean",NA,"Fruits and nuts","Gross Production Value (constant 2014-2016 thousand I$)","1000 Int$",2018,311,"Cashew nuts","no"
NA,NA,"Caribbean",NA,"Fruits and nuts","Gross Production Value (constant 2014-2016 thousand I$)","1000 Int$",2019,308,"Cashew nuts","no"
NA,NA,"Caribbean",NA,"Fruits and nuts","Gross Production Value (constant 2014-2016 thousand I$)","1000 Int$",2020,305,"Cashew nuts","no"
NA,NA,"Caribbean",NA,"Fruits and nuts","Gross Production Value (constant 2014-2016 thousand I$)","1000 Int$",2021,312.5,"Cashew nuts","no"
NA,NA,"Caribbean",NA,"Fruits and nuts","Gross Production Value (constant 2014-2016 thousand I$)","1000 Int$",2022,311,"Cashew nuts","no"
NA,NA,"Caribbean",NA,"Fruits and nuts","Gross Production Value (constant 2014-2016 thousand I$)","1000 Int$",2023,310,"Cashew nuts","no"
NA,NA,"Caribbean",NA,"Fruits and nuts","Gross Production Value (constant 2014-2016 thousand US$)","1000 USD",1992,851,"Cashew nuts","no"
NA,NA,"Caribbean",NA,"Fruits and nuts","Gross Production Value (constant 2014-2016 thousand US$)","1000 USD",1993,851,"Cashew nuts","no"
NA,NA,"Caribbean",NA,"Fruits and nuts","Gross Production Value (constant 2014-2016 thousand US$)","1000 USD",1994,851,"Cashew nuts","no"
NA,NA,"Caribbean",NA,"Fruits and nuts","Gross Production Value (constant 2014-2016 thousand US$)","1000 USD",1995,851,"Cashew nuts","no"
NA,NA,"Caribbean",NA,"Fruits and nuts","Gross Production Value (constant 2014-2016 thousand US$)","1000 USD",1996,851,"Cashew nuts","no"
NA,NA,"Caribbean",NA,"Fruits and nuts","Gross Production Value (constant 2014-2016 thousand US$)","1000 USD",1997,851,"Cashew nuts","no"
NA,NA,"Caribbean",NA,"Fruits and nuts","Gross Production Value (constant 2014-2016 thousand US$)","1000 USD",1998,851,"Cashew nuts","no"
NA,NA,"Caribbean",NA,"Fruits and nuts","Gross Production Value (constant 2014-2016 thousand US$)","1000 USD",1999,869,"Cashew nuts","no"
NA,NA,"Caribbean",NA,"Fruits and nuts","Gross Production Value (constant 2014-2016 thousand US$)","1000 USD",2000,869,"Cashew nuts","no"
NA,NA,"Caribbean",NA,"Fruits and nuts","Gross Production Value (constant 2014-2016 thousand US$)","1000 USD",2001,869,"Cashew nuts","no"
NA,NA,"Caribbean",NA,"Fruits and nuts","Gross Production Value (constant 2014-2016 thousand US$)","1000 USD",2002,869,"Cashew nuts","no"
NA,NA,"Caribbean",NA,"Fruits and nuts","Gross Production Value (constant 2014-2016 thousand US$)","1000 USD",2003,915,"Cashew nuts","no"
NA,NA,"Caribbean",NA,"Fruits and nuts","Gross Production Value (constant 2014-2016 thousand US$)","1000 USD",2004,915,"Cashew nuts","no"
NA,NA,"Caribbean",NA,"Fruits and nuts","Gross Production Value (constant 2014-2016 thousand US$)","1000 USD",2005,915,"Cashew nuts","no"
NA,NA,"Caribbean",NA,"Fruits and nuts","Gross Production Value (constant 2014-2016 thousand US$)","1000 USD",2006,915,"Cashew nuts","no"
NA,NA,"Caribbean",NA,"Fruits and nuts","Gross Production Value (constant 2014-2016 thousand US$)","1000 USD",2007,938,"Cashew nuts","no"
NA,NA,"Caribbean",NA,"Fruits and nuts","Gross Production Value (constant 2014-2016 thousand US$)","1000 USD",2008,1098,"Cashew nuts","no"
NA,NA,"Caribbean",NA,"Fruits and nuts","Gross Production Value (constant 2014-2016 thousand US$)","1000 USD",2009,1020,"Cashew nuts","no"
NA,NA,"Caribbean",NA,"Fruits and nuts","Gross Production Value (constant 2014-2016 thousand US$)","1000 USD",2010,819,"Cashew nuts","no"
NA,NA,"Caribbean",NA,"Fruits and nuts","Gross Production Value (constant 2014-2016 thousand US$)","1000 USD",2011,607,"Cashew nuts","no"
NA,NA,"Caribbean",NA,"Fruits and nuts","Gross Production Value (constant 2014-2016 thousand US$)","1000 USD",2012,640,"Cashew nuts","no"
NA,NA,"Caribbean",NA,"Fruits and nuts","Gross Production Value (constant 2014-2016 thousand US$)","1000 USD",2013,640,"Cashew nuts","no"
NA,NA,"Caribbean",NA,"Fruits and nuts","Gross Production Value (constant 2014-2016 thousand US$)","1000 USD",2014,640,"Cashew nuts","no"
NA,NA,"Caribbean",NA,"Fruits and nuts","Gross Production Value (constant 2014-2016 thousand US$)","1000 USD",2015,630,"Cashew nuts","no"
NA,NA,"Caribbean",NA,"Fruits and nuts","Gross Production Value (constant 2014-2016 thousand US$)","1000 USD",2016,622,"Cashew nuts","no"
NA,NA,"Caribbean",NA,"Fruits and nuts","Gross Production Value (constant 2014-2016 thousand US$)","1000 USD",2017,618,"Cashew nuts","no"
NA,NA,"Caribbean",NA,"Fruits and nuts","Gross Production Value (constant 2014-2016 thousand US$)","1000 USD",2018,613,"Cashew nuts","no"
NA,NA,"Caribbean",NA,"Fruits and nuts","Gross Production Value (constant 2014-2016 thousand US$)","1000 USD",2019,606,"Cashew nuts","no"
NA,NA,"Caribbean",NA,"Fruits and nuts","Gross Production Value (constant 2014-2016 thousand US$)","1000 USD",2020,601,"Cashew nuts","no"
NA,NA,"Caribbean",NA,"Fruits and nuts","Gross Production Value (constant 2014-2016 thousand US$)","1000 USD",2021,616,"Cashew nuts","no"
NA,NA,"Caribbean",NA,"Fruits and nuts","Gross Production Value (constant 2014-2016 thousand US$)","1000 USD",2022,613,"Cashew nuts","no"
NA,NA,"Caribbean",NA,"Fruits and nuts","Gross Production Value (constant 2014-2016 thousand US$)","1000 USD",2023,610,"Cashew nuts","no"
NA,NA,"Caribbean",NA,"Fruits and nuts","Gross Production Value (constant 2014-2016 thousand I$)","1000 Int$",1992,0,"Cherries","no"
NA,NA,"Caribbean",NA,"Fruits and nuts","Gross Production Value (constant 2014-2016 thousand I$)","1000 Int$",1993,0,"Cherries","no"
NA,NA,"Caribbean",NA,"Fruits and nuts","Gross Production Value (constant 2014-2016 thousand I$)","1000 Int$",1994,0,"Cherries","no"
NA,NA,"Caribbean",NA,"Fruits and nuts","Gross Production Value (constant 2014-2016 thousand I$)","1000 Int$",1995,0,"Cherries","no"
NA,NA,"Caribbean",NA,"Fruits and nuts","Gross Production Value (constant 2014-2016 thousand I$)","1000 Int$",1996,0,"Cherries","no"
NA,NA,"Caribbean",NA,"Fruits and nuts","Gross Production Value (constant 2014-2016 thousand I$)","1000 Int$",1997,0,"Cherries","no"
NA,NA,"Caribbean",NA,"Fruits and nuts","Gross Production Value (constant 2014-2016 thousand I$)","1000 Int$",1998,0,"Cherries","no"
NA,NA,"Caribbean",NA,"Fruits and nuts","Gross Production Value (constant 2014-2016 thousand I$)","1000 Int$",1999,0,"Cherries","no"
NA,NA,"Caribbean",NA,"Fruits and nuts","Gross Production Value (constant 2014-2016 thousand I$)","1000 Int$",2000,0,"Cherries","no"
NA,NA,"Caribbean",NA,"Fruits and nuts","Gross Production Value (constant 2014-2016 thousand I$)","1000 Int$",2001,0,"Cherries","no"
NA,NA,"Caribbean",NA,"Fruits and nuts","Gross Production Value (constant 2014-2016 thousand I$)","1000 Int$",2002,0,"Cherries","no"
NA,NA,"Caribbean",NA,"Fruits and nuts","Gross Production Value (constant 2014-2016 thousand I$)","1000 Int$",2003,0,"Cherries","no"
NA,NA,"Caribbean",NA,"Fruits and nuts","Gross Production Value (constant 2014-2016 thousand I$)","1000 Int$",2004,0,"Cherries","no"
NA,NA,"Caribbean",NA,"Fruits and nuts","Gross Production Value (constant 2014-2016 thousand I$)","1000 Int$",2005,0,"Cherries","no"
NA,NA,"Caribbean",NA,"Fruits and nuts","Gross Production Value (constant 2014-2016 thousand I$)","1000 Int$",2006,0,"Cherries","no"
NA,NA,"Caribbean",NA,"Fruits and nuts","Gross Production Value (constant 2014-2016 thousand I$)","1000 Int$",2007,0,"Cherries","no"
NA,NA,"Caribbean",NA,"Fruits and nuts","Gross Production Value (constant 2014-2016 thousand I$)","1000 Int$",2008,0,"Cherries","no"
NA,NA,"Caribbean",NA,"Fruits and nuts","Gross Production Value (constant 2014-2016 thousand I$)","1000 Int$",2009,0,"Cherries","no"
NA,NA,"Caribbean",NA,"Fruits and nuts","Gross Production Value (constant 2014-2016 thousand I$)","1000 Int$",2010,0,"Cherries","no"
NA,NA,"Caribbean",NA,"Fruits and nuts","Gross Production Value (constant 2014-2016 thousand I$)","1000 Int$",2011,0,"Cherries","no"
NA,NA,"Caribbean",NA,"Fruits and nuts","Gross Production Value (constant 2014-2016 thousand I$)","1000 Int$",2012,0,"Cherries","no"
NA,NA,"Caribbean",NA,"Fruits and nuts","Gross Production Value (constant 2014-2016 thousand I$)","1000 Int$",2013,0,"Cherries","no"
NA,NA,"Caribbean",NA,"Fruits and nuts","Gross Production Value (constant 2014-2016 thousand I$)","1000 Int$",2014,0,"Cherries","no"
NA,NA,"Caribbean",NA,"Fruits and nuts","Gross Production Value (constant 2014-2016 thousand I$)","1000 Int$",2015,0,"Cherries","no"
NA,NA,"Caribbean",NA,"Fruits and nuts","Gross Production Value (constant 2014-2016 thousand I$)","1000 Int$",2016,0,"Cherries","no"
NA,NA,"Caribbean",NA,"Fruits and nuts","Gross Production Value (constant 2014-2016 thousand I$)","1000 Int$",2017,0,"Cherries","no"
NA,NA,"Caribbean",NA,"Fruits and nuts","Gross Production Value (constant 2014-2016 thousand I$)","1000 Int$",2018,0,"Cherries","no"
NA,NA,"Caribbean",NA,"Fruits and nuts","Gross Production Value (constant 2014-2016 thousand I$)","1000 Int$",2019,0,"Cherries","no"
NA,NA,"Caribbean",NA,"Fruits and nuts","Gross Production Value (constant 2014-2016 thousand I$)","1000 Int$",2020,0,"Cherries","no"
NA,NA,"Caribbean",NA,"Fruits and nuts","Gross Production Value (constant 2014-2016 thousand I$)","1000 Int$",2021,9533,"Cherries","no"
NA,NA,"Caribbean",NA,"Fruits and nuts","Gross Production Value (constant 2014-2016 thousand I$)","1000 Int$",2022,13273,"Cherries","no"
NA,NA,"Caribbean",NA,"Fruits and nuts","Gross Production Value (constant 2014-2016 thousand I$)","1000 Int$",2023,16209,"Cherries","no"
NA,NA,"Caribbean",NA,"Fruits and nuts","Gross Production Value (constant 2014-2016 thousand I$)","1000 Int$",1992,0,"Grapes","no"
NA,NA,"Caribbean",NA,"Fruits and nuts","Gross Production Value (constant 2014-2016 thousand I$)","1000 Int$",1993,0,"Grapes","no"
NA,NA,"Caribbean",NA,"Fruits and nuts","Gross Production Value (constant 2014-2016 thousand I$)","1000 Int$",1994,0,"Grapes","no"
NA,NA,"Caribbean",NA,"Fruits and nuts","Gross Production Value (constant 2014-2016 thousand I$)","1000 Int$",1995,0,"Grapes","no"
NA,NA,"Caribbean",NA,"Fruits and nuts","Gross Production Value (constant 2014-2016 thousand I$)","1000 Int$",1996,0,"Grapes","no"
NA,NA,"Caribbean",NA,"Fruits and nuts","Gross Production Value (constant 2014-2016 thousand I$)","1000 Int$",1997,0,"Grapes","no"
NA,NA,"Caribbean",NA,"Fruits and nuts","Gross Production Value (constant 2014-2016 thousand I$)","1000 Int$",1998,0,"Grapes","no"
NA,NA,"Caribbean",NA,"Fruits and nuts","Gross Production Value (constant 2014-2016 thousand I$)","1000 Int$",1999,23990,"Grapes","no"
NA,NA,"Caribbean",NA,"Fruits and nuts","Gross Production Value (constant 2014-2016 thousand I$)","1000 Int$",2000,24847,"Grapes","no"
NA,NA,"Caribbean",NA,"Fruits and nuts","Gross Production Value (constant 2014-2016 thousand I$)","1000 Int$",2001,23133,"Grapes","no"
NA,NA,"Caribbean",NA,"Fruits and nuts","Gross Production Value (constant 2014-2016 thousand I$)","1000 Int$",2002,17992,"Grapes","no"
NA,NA,"Caribbean",NA,"Fruits and nuts","Gross Production Value (constant 2014-2016 thousand I$)","1000 Int$",2003,18849,"Grapes","no"
NA,NA,"Caribbean",NA,"Fruits and nuts","Gross Production Value (constant 2014-2016 thousand I$)","1000 Int$",2004,17136,"Grapes","no"
NA,NA,"Caribbean",NA,"Fruits and nuts","Gross Production Value (constant 2014-2016 thousand I$)","1000 Int$",2005,17136,"Grapes","no"
NA,NA,"Caribbean",NA,"Fruits and nuts","Gross Production Value (constant 2014-2016 thousand I$)","1000 Int$",2006,16279,"Grapes","no"
NA,NA,"Caribbean",NA,"Fruits and nuts","Gross Production Value (constant 2014-2016 thousand I$)","1000 Int$",2007,17136,"Grapes","no"
NA,NA,"Caribbean",NA,"Fruits and nuts","Gross Production Value (constant 2014-2016 thousand I$)","1000 Int$",2008,17136,"Grapes","no"
NA,NA,"Caribbean",NA,"Fruits and nuts","Gross Production Value (constant 2014-2016 thousand I$)","1000 Int$",2009,16279,"Grapes","no"
NA,NA,"Caribbean",NA,"Fruits and nuts","Gross Production Value (constant 2014-2016 thousand I$)","1000 Int$",2010,17136,"Grapes","no"
NA,NA,"Caribbean",NA,"Fruits and nuts","Gross Production Value (constant 2014-2016 thousand I$)","1000 Int$",2011,17992,"Grapes","no"
NA,NA,"Caribbean",NA,"Fruits and nuts","Gross Production Value (constant 2014-2016 thousand I$)","1000 Int$",2012,18849,"Grapes","no"
NA,NA,"Caribbean",NA,"Fruits and nuts","Gross Production Value (constant 2014-2016 thousand I$)","1000 Int$",2013,18849,"Grapes","no"
NA,NA,"Caribbean",NA,"Fruits and nuts","Gross Production Value (constant 2014-2016 thousand I$)","1000 Int$",2014,17992,"Grapes","no"
NA,NA,"Caribbean",NA,"Fruits and nuts","Gross Production Value (constant 2014-2016 thousand I$)","1000 Int$",2015,17587,"Grapes","no"
NA,NA,"Caribbean",NA,"Fruits and nuts","Gross Production Value (constant 2014-2016 thousand I$)","1000 Int$",2016,17480,"Grapes","no"
NA,NA,"Caribbean",NA,"Fruits and nuts","Gross Production Value (constant 2014-2016 thousand I$)","1000 Int$",2017,17385,"Grapes","no"
NA,NA,"Caribbean",NA,"Fruits and nuts","Gross Production Value (constant 2014-2016 thousand I$)","1000 Int$",2018,17263,"Grapes","no"
NA,NA,"Caribbean",NA,"Fruits and nuts","Gross Production Value (constant 2014-2016 thousand I$)","1000 Int$",2019,16709,"Grapes","no"
NA,NA,"Caribbean",NA,"Fruits and nuts","Gross Production Value (constant 2014-2016 thousand I$)","1000 Int$",2020,17119,"Grapes","no"
NA,NA,"Caribbean",NA,"Fruits and nuts","Gross Production Value (constant 2014-2016 thousand I$)","1000 Int$",2021,17030,"Grapes","no"
NA,NA,"Caribbean",NA,"Fruits and nuts","Gross Production Value (constant 2014-2016 thousand I$)","1000 Int$",2022,16953,"Grapes","no"
NA,NA,"Caribbean",NA,"Fruits and nuts","Gross Production Value (constant 2014-2016 thousand I$)","1000 Int$",2023,17034,"Grapes","no"
NA,NA,"Caribbean",NA,"Fruits and nuts","Gross Production Value (constant 2014-2016 thousand I$)","1000 Int$",1992,3825.5714285714284,"Lemons and limes","no"
NA,NA,"Caribbean",NA,"Fruits and nuts","Gross Production Value (constant 2014-2016 thousand I$)","1000 Int$",1993,3110.5714285714284,"Lemons and limes","no"
NA,NA,"Caribbean",NA,"Fruits and nuts","Gross Production Value (constant 2014-2016 thousand I$)","1000 Int$",1994,3202.9285714285716,"Lemons and limes","no"
NA,NA,"Caribbean",NA,"Fruits and nuts","Gross Production Value (constant 2014-2016 thousand I$)","1000 Int$",1995,3411.4285714285716,"Lemons and limes","no"
NA,NA,"Caribbean",NA,"Fruits and nuts","Gross Production Value (constant 2014-2016 thousand I$)","1000 Int$",1996,3553.1428571428573,"Lemons and limes","no"
NA,NA,"Caribbean",NA,"Fruits and nuts","Gross Production Value (constant 2014-2016 thousand I$)","1000 Int$",1997,4092.8571428571427,"Lemons and limes","no"
NA,NA,"Caribbean",NA,"Fruits and nuts","Gross Production Value (constant 2014-2016 thousand I$)","1000 Int$",1998,3814.5,"Lemons and limes","no"
NA,NA,"Caribbean",NA,"Fruits and nuts","Gross Production Value (constant 2014-2016 thousand I$)","1000 Int$",1999,4238.142857142857,"Lemons and limes","no"
NA,NA,"Caribbean",NA,"Fruits and nuts","Gross Production Value (constant 2014-2016 thousand I$)","1000 Int$",2000,3849.0714285714284,"Lemons and limes","no"
NA,NA,"Caribbean",NA,"Fruits and nuts","Gross Production Value (constant 2014-2016 thousand I$)","1000 Int$",2001,3288,"Lemons and limes","no"
NA,NA,"Caribbean",NA,"Fruits and nuts","Gross Production Value (constant 2014-2016 thousand I$)","1000 Int$",2002,3488.8571428571427,"Lemons and limes","no"
NA,NA,"Caribbean",NA,"Fruits and nuts","Gross Production Value (constant 2014-2016 thousand I$)","1000 Int$",2003,4052.3571428571427,"Lemons and limes","no"
NA,NA,"Caribbean",NA,"Fruits and nuts","Gross Production Value (constant 2014-2016 thousand I$)","1000 Int$",2004,3793.4285714285716,"Lemons and limes","no"
NA,NA,"Caribbean",NA,"Fruits and nuts","Gross Production Value (constant 2014-2016 thousand I$)","1000 Int$",2005,3146.9285714285716,"Lemons and limes","no"
NA,NA,"Caribbean",NA,"Fruits and nuts","Gross Production Value (constant 2014-2016 thousand I$)","1000 Int$",2006,2959.214285714286,"Lemons and limes","no"
NA,NA,"Caribbean",NA,"Fruits and nuts","Gross Production Value (constant 2014-2016 thousand I$)","1000 Int$",2007,3165.5714285714284,"Lemons and limes","no"
NA,NA,"Caribbean",NA,"Fruits and nuts","Gross Production Value (constant 2014-2016 thousand I$)","1000 Int$",2008,3000.785714285714,"Lemons and limes","no"
NA,NA,"Caribbean",NA,"Fruits and nuts","Gross Production Value (constant 2014-2016 thousand I$)","1000 Int$",2009,3322.714285714286,"Lemons and limes","no"
NA,NA,"Caribbean",NA,"Fruits and nuts","Gross Production Value (constant 2014-2016 thousand I$)","1000 Int$",2010,3458.0714285714284,"Lemons and limes","no"
NA,NA,"Caribbean",NA,"Fruits and nuts","Gross Production Value (constant 2014-2016 thousand I$)","1000 Int$",2011,4350.714285714285,"Lemons and limes","no"
NA,NA,"Caribbean",NA,"Fruits and nuts","Gross Production Value (constant 2014-2016 thousand I$)","1000 Int$",2012,4467.5,"Lemons and limes","no"
NA,NA,"Caribbean",NA,"Fruits and nuts","Gross Production Value (constant 2014-2016 thousand I$)","1000 Int$",2013,4629.5,"Lemons and limes","no"
NA,NA,"Caribbean",NA,"Fruits and nuts","Gross Production Value (constant 2014-2016 thousand I$)","1000 Int$",2014,5120.714285714285,"Lemons and limes","no"
NA,NA,"Caribbean",NA,"Fruits and nuts","Gross Production Value (constant 2014-2016 thousand I$)","1000 Int$",2015,4232.5,"Lemons and limes","no"
NA,NA,"Caribbean",NA,"Fruits and nuts","Gross Production Value (constant 2014-2016 thousand I$)","1000 Int$",2016,3272.4285714285716,"Lemons and limes","no"
NA,NA,"Caribbean",NA,"Fruits and nuts","Gross Production Value (constant 2014-2016 thousand I$)","1000 Int$",2017,3321,"Lemons and limes","no"
NA,NA,"Caribbean",NA,"Fruits and nuts","Gross Production Value (constant 2014-2016 thousand I$)","1000 Int$",2018,3230.9285714285716,"Lemons and limes","no"
NA,NA,"Caribbean",NA,"Fruits and nuts","Gross Production Value (constant 2014-2016 thousand I$)","1000 Int$",2019,3375.285714285714,"Lemons and limes","no"
NA,NA,"Caribbean",NA,"Fruits and nuts","Gross Production Value (constant 2014-2016 thousand I$)","1000 Int$",2020,3676.285714285714,"Lemons and limes","no"
NA,NA,"Caribbean",NA,"Fruits and nuts","Gross Production Value (constant 2014-2016 thousand I$)","1000 Int$",2021,3790,"Lemons and limes","no"
NA,NA,"Caribbean",NA,"Fruits and nuts","Gross Production Value (constant 2014-2016 thousand I$)","1000 Int$",2022,4338.357142857143,"Lemons and limes","no"
NA,NA,"Caribbean",NA,"Fruits and nuts","Gross Production Value (constant 2014-2016 thousand I$)","1000 Int$",2023,5115.642857142857,"Lemons and limes","no"
NA,NA,"Caribbean",NA,"Fruits and nuts","Gross Production Value (constant 2014-2016 thousand US$)","1000 USD",1992,12228.625,"Lemons and limes","no"
NA,NA,"Caribbean",NA,"Fruits and nuts","Gross Production Value (constant 2014-2016 thousand US$)","1000 USD",1993,9205.375,"Lemons and limes","no"
NA,NA,"Caribbean",NA,"Fruits and nuts","Gross Production Value (constant 2014-2016 thousand US$)","1000 USD",1994,9235,"Lemons and limes","no"
NA,NA,"Caribbean",NA,"Fruits and nuts","Gross Production Value (constant 2014-2016 thousand US$)","1000 USD",1995,10260.125,"Lemons and limes","no"
NA,NA,"Caribbean",NA,"Fruits and nuts","Gross Production Value (constant 2014-2016 thousand US$)","1000 USD",1996,10927.875,"Lemons and limes","no"
NA,NA,"Caribbean",NA,"Fruits and nuts","Gross Production Value (constant 2014-2016 thousand US$)","1000 USD",1997,13177.625,"Lemons and limes","no"
NA,NA,"Caribbean",NA,"Fruits and nuts","Gross Production Value (constant 2014-2016 thousand US$)","1000 USD",1998,11480.875,"Lemons and limes","no"
NA,NA,"Caribbean",NA,"Fruits and nuts","Gross Production Value (constant 2014-2016 thousand US$)","1000 USD",1999,13867.75,"Lemons and limes","no"
NA,NA,"Caribbean",NA,"Fruits and nuts","Gross Production Value (constant 2014-2016 thousand US$)","1000 USD",2000,11540.75,"Lemons and limes","no"
NA,NA,"Caribbean",NA,"Fruits and nuts","Gross Production Value (constant 2014-2016 thousand US$)","1000 USD",2001,10011.125,"Lemons and limes","no"
NA,NA,"Caribbean",NA,"Fruits and nuts","Gross Production Value (constant 2014-2016 thousand US$)","1000 USD",2002,10695.75,"Lemons and limes","no"
NA,NA,"Caribbean",NA,"Fruits and nuts","Gross Production Value (constant 2014-2016 thousand US$)","1000 USD",2003,12325,"Lemons and limes","no"
NA,NA,"Caribbean",NA,"Fruits and nuts","Gross Production Value (constant 2014-2016 thousand US$)","1000 USD",2004,11336.75,"Lemons and limes","no"
NA,NA,"Caribbean",NA,"Fruits and nuts","Gross Production Value (constant 2014-2016 thousand US$)","1000 USD",2005,9126,"Lemons and limes","no"
NA,NA,"Caribbean",NA,"Fruits and nuts","Gross Production Value (constant 2014-2016 thousand US$)","1000 USD",2006,8630.75,"Lemons and limes","no"
NA,NA,"Caribbean",NA,"Fruits and nuts","Gross Production Value (constant 2014-2016 thousand US$)","1000 USD",2007,9606.25,"Lemons and limes","no"
NA,NA,"Caribbean",NA,"Fruits and nuts","Gross Production Value (constant 2014-2016 thousand US$)","1000 USD",2008,8739.75,"Lemons and limes","no"
NA,NA,"Caribbean",NA,"Fruits and nuts","Gross Production Value (constant 2014-2016 thousand US$)","1000 USD",2009,9816.125,"Lemons and limes","no"
NA,NA,"Caribbean",NA,"Fruits and nuts","Gross Production Value (constant 2014-2016 thousand US$)","1000 USD",2010,9725.625,"Lemons and limes","no"
NA,NA,"Caribbean",NA,"Fruits and nuts","Gross Production Value (constant 2014-2016 thousand US$)","1000 USD",2011,10558.875,"Lemons and limes","no"
NA,NA,"Caribbean",NA,"Fruits and nuts","Gross Production Value (constant 2014-2016 thousand US$)","1000 USD",2012,10767.5,"Lemons and limes","no"
NA,NA,"Caribbean",NA,"Fruits and nuts","Gross Production Value (constant 2014-2016 thousand US$)","1000 USD",2013,10763.625,"Lemons and limes","no"
NA,NA,"Caribbean",NA,"Fruits and nuts","Gross Production Value (constant 2014-2016 thousand US$)","1000 USD",2014,10650.375,"Lemons and limes","no"
NA,NA,"Caribbean",NA,"Fruits and nuts","Gross Production Value (constant 2014-2016 thousand US$)","1000 USD",2015,10595.625,"Lemons and limes","no"
NA,NA,"Caribbean",NA,"Fruits and nuts","Gross Production Value (constant 2014-2016 thousand US$)","1000 USD",2016,10546.625,"Lemons and limes","no"
NA,NA,"Caribbean",NA,"Fruits and nuts","Gross Production Value (constant 2014-2016 thousand US$)","1000 USD",2017,10319.625,"Lemons and limes","no"
NA,NA,"Caribbean",NA,"Fruits and nuts","Gross Production Value (constant 2014-2016 thousand US$)","1000 USD",2018,10543.375,"Lemons and limes","no"
NA,NA,"Caribbean",NA,"Fruits and nuts","Gross Production Value (constant 2014-2016 thousand US$)","1000 USD",2019,10724,"Lemons and limes","no"
NA,NA,"Caribbean",NA,"Fruits and nuts","Gross Production Value (constant 2014-2016 thousand US$)","1000 USD",2020,10838.75,"Lemons and limes","no"
NA,NA,"Caribbean",NA,"Fruits and nuts","Gross Production Value (constant 2014-2016 thousand US$)","1000 USD",2021,10808.875,"Lemons and limes","no"
NA,NA,"Caribbean",NA,"Fruits and nuts","Gross Production Value (constant 2014-2016 thousand US$)","1000 USD",2022,11060,"Lemons and limes","no"
NA,NA,"Caribbean",NA,"Fruits and nuts","Gross Production Value (constant 2014-2016 thousand US$)","1000 USD",2023,11329,"Lemons and limes","no"
NA,NA,"Caribbean",NA,"Fruits and nuts","Gross Production Value (constant 2014-2016 thousand I$)","1000 Int$",1992,22728.5,"Mangoes, guavas and mangosteens","no"
NA,NA,"Caribbean",NA,"Fruits and nuts","Gross Production Value (constant 2014-2016 thousand I$)","1000 Int$",1993,22024.64285714286,"Mangoes, guavas and mangosteens","no"
NA,NA,"Caribbean",NA,"Fruits and nuts","Gross Production Value (constant 2014-2016 thousand I$)","1000 Int$",1994,23470.35714285714,"Mangoes, guavas and mangosteens","no"
NA,NA,"Caribbean",NA,"Fruits and nuts","Gross Production Value (constant 2014-2016 thousand I$)","1000 Int$",1995,25058.285714285714,"Mangoes, guavas and mangosteens","no"
NA,NA,"Caribbean",NA,"Fruits and nuts","Gross Production Value (constant 2014-2016 thousand I$)","1000 Int$",1996,24010.428571428572,"Mangoes, guavas and mangosteens","no"
NA,NA,"Caribbean",NA,"Fruits and nuts","Gross Production Value (constant 2014-2016 thousand I$)","1000 Int$",1997,23887.714285714286,"Mangoes, guavas and mangosteens","no"
NA,NA,"Caribbean",NA,"Fruits and nuts","Gross Production Value (constant 2014-2016 thousand I$)","1000 Int$",1998,24254.785714285714,"Mangoes, guavas and mangosteens","no"
NA,NA,"Caribbean",NA,"Fruits and nuts","Gross Production Value (constant 2014-2016 thousand I$)","1000 Int$",1999,29546.85714285714,"Mangoes, guavas and mangosteens","no"
NA,NA,"Caribbean",NA,"Fruits and nuts","Gross Production Value (constant 2014-2016 thousand I$)","1000 Int$",2000,28256.571428571428,"Mangoes, guavas and mangosteens","no"
NA,NA,"Caribbean",NA,"Fruits and nuts","Gross Production Value (constant 2014-2016 thousand I$)","1000 Int$",2001,27182.285714285714,"Mangoes, guavas and mangosteens","no"
NA,NA,"Caribbean",NA,"Fruits and nuts","Gross Production Value (constant 2014-2016 thousand I$)","1000 Int$",2002,28896.214285714286,"Mangoes, guavas and mangosteens","no"
NA,NA,"Caribbean",NA,"Fruits and nuts","Gross Production Value (constant 2014-2016 thousand I$)","1000 Int$",2003,29475.714285714286,"Mangoes, guavas and mangosteens","no"
NA,NA,"Caribbean",NA,"Fruits and nuts","Gross Production Value (constant 2014-2016 thousand I$)","1000 Int$",2004,31228.285714285714,"Mangoes, guavas and mangosteens","no"
NA,NA,"Caribbean",NA,"Fruits and nuts","Gross Production Value (constant 2014-2016 thousand I$)","1000 Int$",2005,31587.428571428572,"Mangoes, guavas and mangosteens","no"
NA,NA,"Caribbean",NA,"Fruits and nuts","Gross Production Value (constant 2014-2016 thousand I$)","1000 Int$",2006,28502.85714285714,"Mangoes, guavas and mangosteens","no"
NA,NA,"Caribbean",NA,"Fruits and nuts","Gross Production Value (constant 2014-2016 thousand I$)","1000 Int$",2007,29532.285714285714,"Mangoes, guavas and mangosteens","no"
NA,NA,"Caribbean",NA,"Fruits and nuts","Gross Production Value (constant 2014-2016 thousand I$)","1000 Int$",2008,32789.5,"Mangoes, guavas and mangosteens","no"
NA,NA,"Caribbean",NA,"Fruits and nuts","Gross Production Value (constant 2014-2016 thousand I$)","1000 Int$",2009,36704.92857142857,"Mangoes, guavas and mangosteens","no"
NA,NA,"Caribbean",NA,"Fruits and nuts","Gross Production Value (constant 2014-2016 thousand I$)","1000 Int$",2010,35781,"Mangoes, guavas and mangosteens","no"
NA,NA,"Caribbean",NA,"Fruits and nuts","Gross Production Value (constant 2014-2016 thousand I$)","1000 Int$",2011,40083,"Mangoes, guavas and mangosteens","no"
NA,NA,"Caribbean",NA,"Fruits and nuts","Gross Production Value (constant 2014-2016 thousand I$)","1000 Int$",2012,47223.57142857143,"Mangoes, guavas and mangosteens","no"
NA,NA,"Caribbean",NA,"Fruits and nuts","Gross Production Value (constant 2014-2016 thousand I$)","1000 Int$",2013,48808.357142857145,"Mangoes, guavas and mangosteens","no"
NA,NA,"Caribbean",NA,"Fruits and nuts","Gross Production Value (constant 2014-2016 thousand I$)","1000 Int$",2014,49021.21428571428,"Mangoes, guavas and mangosteens","no"
NA,NA,"Caribbean",NA,"Fruits and nuts","Gross Production Value (constant 2014-2016 thousand I$)","1000 Int$",2015,50497.57142857143,"Mangoes, guavas and mangosteens","no"
NA,NA,"Caribbean",NA,"Fruits and nuts","Gross Production Value (constant 2014-2016 thousand I$)","1000 Int$",2016,48751.21428571428,"Mangoes, guavas and mangosteens","no"
NA,NA,"Caribbean",NA,"Fruits and nuts","Gross Production Value (constant 2014-2016 thousand I$)","1000 Int$",2017,46728,"Mangoes, guavas and mangosteens","no"
NA,NA,"Caribbean",NA,"Fruits and nuts","Gross Production Value (constant 2014-2016 thousand I$)","1000 Int$",2018,41567.71428571428,"Mangoes, guavas and mangosteens","no"
NA,NA,"Caribbean",NA,"Fruits and nuts","Gross Production Value (constant 2014-2016 thousand I$)","1000 Int$",2019,36332,"Mangoes, guavas and mangosteens","no"
NA,NA,"Caribbean",NA,"Fruits and nuts","Gross Production Value (constant 2014-2016 thousand I$)","1000 Int$",2020,25806.285714285714,"Mangoes, guavas and mangosteens","no"
NA,NA,"Caribbean",NA,"Fruits and nuts","Gross Production Value (constant 2014-2016 thousand I$)","1000 Int$",2021,29621.428571428572,"Mangoes, guavas and mangosteens","no"
NA,NA,"Caribbean",NA,"Fruits and nuts","Gross Production Value (constant 2014-2016 thousand I$)","1000 Int$",2022,33090.21428571428,"Mangoes, guavas and mangosteens","no"
NA,NA,"Caribbean",NA,"Fruits and nuts","Gross Production Value (constant 2014-2016 thousand I$)","1000 Int$",2023,35542.5,"Mangoes, guavas and mangosteens","no"
NA,NA,"Caribbean",NA,"Fruits and nuts","Gross Production Value (constant 2014-2016 thousand US$)","1000 USD",1992,13952.75,"Mangoes, guavas and mangosteens","no"
NA,NA,"Caribbean",NA,"Fruits and nuts","Gross Production Value (constant 2014-2016 thousand US$)","1000 USD",1993,15014.75,"Mangoes, guavas and mangosteens","no"
NA,NA,"Caribbean",NA,"Fruits and nuts","Gross Production Value (constant 2014-2016 thousand US$)","1000 USD",1994,15354,"Mangoes, guavas and mangosteens","no"
NA,NA,"Caribbean",NA,"Fruits and nuts","Gross Production Value (constant 2014-2016 thousand US$)","1000 USD",1995,14363.75,"Mangoes, guavas and mangosteens","no"
NA,NA,"Caribbean",NA,"Fruits and nuts","Gross Production Value (constant 2014-2016 thousand US$)","1000 USD",1996,15647.5,"Mangoes, guavas and mangosteens","no"
NA,NA,"Caribbean",NA,"Fruits and nuts","Gross Production Value (constant 2014-2016 thousand US$)","1000 USD",1997,15577,"Mangoes, guavas and mangosteens","no"
NA,NA,"Caribbean",NA,"Fruits and nuts","Gross Production Value (constant 2014-2016 thousand US$)","1000 USD",1998,14714.625,"Mangoes, guavas and mangosteens","no"
NA,NA,"Caribbean",NA,"Fruits and nuts","Gross Production Value (constant 2014-2016 thousand US$)","1000 USD",1999,9587.25,"Mangoes, guavas and mangosteens","no"
NA,NA,"Caribbean",NA,"Fruits and nuts","Gross Production Value (constant 2014-2016 thousand US$)","1000 USD",2000,9030.125,"Mangoes, guavas and mangosteens","no"
NA,NA,"Caribbean",NA,"Fruits and nuts","Gross Production Value (constant 2014-2016 thousand US$)","1000 USD",2001,8401.75,"Mangoes, guavas and mangosteens","no"
NA,NA,"Caribbean",NA,"Fruits and nuts","Gross Production Value (constant 2014-2016 thousand US$)","1000 USD",2002,7306.25,"Mangoes, guavas and mangosteens","no"
NA,NA,"Caribbean",NA,"Fruits and nuts","Gross Production Value (constant 2014-2016 thousand US$)","1000 USD",2003,6590.25,"Mangoes, guavas and mangosteens","no"
NA,NA,"Caribbean",NA,"Fruits and nuts","Gross Production Value (constant 2014-2016 thousand US$)","1000 USD",2004,6448.5,"Mangoes, guavas and mangosteens","no"
NA,NA,"Caribbean",NA,"Fruits and nuts","Gross Production Value (constant 2014-2016 thousand US$)","1000 USD",2005,5043,"Mangoes, guavas and mangosteens","no"
NA,NA,"Caribbean",NA,"Fruits and nuts","Gross Production Value (constant 2014-2016 thousand US$)","1000 USD",2006,4623.75,"Mangoes, guavas and mangosteens","no"
NA,NA,"Caribbean",NA,"Fruits and nuts","Gross Production Value (constant 2014-2016 thousand US$)","1000 USD",2007,4256.125,"Mangoes, guavas and mangosteens","no"
NA,NA,"Caribbean",NA,"Fruits and nuts","Gross Production Value (constant 2014-2016 thousand US$)","1000 USD",2008,4096.75,"Mangoes, guavas and mangosteens","no"
NA,NA,"Caribbean",NA,"Fruits and nuts","Gross Production Value (constant 2014-2016 thousand US$)","1000 USD",2009,3752.5,"Mangoes, guavas and mangosteens","no"
NA,NA,"Caribbean",NA,"Fruits and nuts","Gross Production Value (constant 2014-2016 thousand US$)","1000 USD",2010,3596,"Mangoes, guavas and mangosteens","no"
NA,NA,"Caribbean",NA,"Fruits and nuts","Gross Production Value (constant 2014-2016 thousand US$)","1000 USD",2011,4116.5,"Mangoes, guavas and mangosteens","no"
NA,NA,"Caribbean",NA,"Fruits and nuts","Gross Production Value (constant 2014-2016 thousand US$)","1000 USD",2012,4250,"Mangoes, guavas and mangosteens","no"
NA,NA,"Caribbean",NA,"Fruits and nuts","Gross Production Value (constant 2014-2016 thousand US$)","1000 USD",2013,4758.75,"Mangoes, guavas and mangosteens","no"
NA,NA,"Caribbean",NA,"Fruits and nuts","Gross Production Value (constant 2014-2016 thousand US$)","1000 USD",2014,4588,"Mangoes, guavas and mangosteens","no"
NA,NA,"Caribbean",NA,"Fruits and nuts","Gross Production Value (constant 2014-2016 thousand US$)","1000 USD",2015,5489.5,"Mangoes, guavas and mangosteens","no"
NA,NA,"Caribbean",NA,"Fruits and nuts","Gross Production Value (constant 2014-2016 thousand US$)","1000 USD",2016,5811,"Mangoes, guavas and mangosteens","no"
NA,NA,"Caribbean",NA,"Fruits and nuts","Gross Production Value (constant 2014-2016 thousand US$)","1000 USD",2017,6091,"Mangoes, guavas and mangosteens","no"
NA,NA,"Caribbean",NA,"Fruits and nuts","Gross Production Value (constant 2014-2016 thousand US$)","1000 USD",2018,5907.875,"Mangoes, guavas and mangosteens","no"
NA,NA,"Caribbean",NA,"Fruits and nuts","Gross Production Value (constant 2014-2016 thousand US$)","1000 USD",2019,5962.625,"Mangoes, guavas and mangosteens","no"
NA,NA,"Caribbean",NA,"Fruits and nuts","Gross Production Value (constant 2014-2016 thousand US$)","1000 USD",2020,6413.5,"Mangoes, guavas and mangosteens","no"
NA,NA,"Caribbean",NA,"Fruits and nuts","Gross Production Value (constant 2014-2016 thousand US$)","1000 USD",2021,5839.625,"Mangoes, guavas and mangosteens","no"
NA,NA,"Caribbean",NA,"Fruits and nuts","Gross Production Value (constant 2014-2016 thousand US$)","1000 USD",2022,6322,"Mangoes, guavas and mangosteens","no"
NA,NA,"Caribbean",NA,"Fruits and nuts","Gross Production Value (constant 2014-2016 thousand US$)","1000 USD",2023,7324.375,"Mangoes, guavas and mangosteens","no"
NA,NA,"Caribbean",NA,"Fruits and nuts","Gross Production Value (constant 2014-2016 thousand I$)","1000 Int$",1992,16206.76923076923,"Oranges","no"
NA,NA,"Caribbean",NA,"Fruits and nuts","Gross Production Value (constant 2014-2016 thousand I$)","1000 Int$",1993,15401.23076923077,"Oranges","no"
NA,NA,"Caribbean",NA,"Fruits and nuts","Gross Production Value (constant 2014-2016 thousand I$)","1000 Int$",1994,13679.384615384615,"Oranges","no"
NA,NA,"Caribbean",NA,"Fruits and nuts","Gross Production Value (constant 2014-2016 thousand I$)","1000 Int$",1995,14289.461538461539,"Oranges","no"
NA,NA,"Caribbean",NA,"Fruits and nuts","Gross Production Value (constant 2014-2016 thousand I$)","1000 Int$",1996,14946.615384615385,"Oranges","no"
NA,NA,"Caribbean",NA,"Fruits and nuts","Gross Production Value (constant 2014-2016 thousand I$)","1000 Int$",1997,20005.846153846152,"Oranges","no"
NA,NA,"Caribbean",NA,"Fruits and nuts","Gross Production Value (constant 2014-2016 thousand I$)","1000 Int$",1998,16188.307692307691,"Oranges","no"
NA,NA,"Caribbean",NA,"Fruits and nuts","Gross Production Value (constant 2014-2016 thousand I$)","1000 Int$",1999,19227.30769230769,"Oranges","no"
NA,NA,"Caribbean",NA,"Fruits and nuts","Gross Production Value (constant 2014-2016 thousand I$)","1000 Int$",2000,20163.53846153846,"Oranges","no"
NA,NA,"Caribbean",NA,"Fruits and nuts","Gross Production Value (constant 2014-2016 thousand I$)","1000 Int$",2001,21575.53846153846,"Oranges","no"
NA,NA,"Caribbean",NA,"Fruits and nuts","Gross Production Value (constant 2014-2016 thousand I$)","1000 Int$",2002,14389.307692307691,"Oranges","no"
NA,NA,"Caribbean",NA,"Fruits and nuts","Gross Production Value (constant 2014-2016 thousand I$)","1000 Int$",2003,21077.923076923078,"Oranges","no"
NA,NA,"Caribbean",NA,"Fruits and nuts","Gross Production Value (constant 2014-2016 thousand I$)","1000 Int$",2004,20397.30769230769,"Oranges","no"
NA,NA,"Caribbean",NA,"Fruits and nuts","Gross Production Value (constant 2014-2016 thousand I$)","1000 Int$",2005,16709.76923076923,"Oranges","no"
NA,NA,"Caribbean",NA,"Fruits and nuts","Gross Production Value (constant 2014-2016 thousand I$)","1000 Int$",2006,11610.461538461539,"Oranges","no"
NA,NA,"Caribbean",NA,"Fruits and nuts","Gross Production Value (constant 2014-2016 thousand I$)","1000 Int$",2007,15139.846153846154,"Oranges","no"
NA,NA,"Caribbean",NA,"Fruits and nuts","Gross Production Value (constant 2014-2016 thousand I$)","1000 Int$",2008,12336.23076923077,"Oranges","no"
NA,NA,"Caribbean",NA,"Fruits and nuts","Gross Production Value (constant 2014-2016 thousand I$)","1000 Int$",2009,14583.846153846154,"Oranges","no"
NA,NA,"Caribbean",NA,"Fruits and nuts","Gross Production Value (constant 2014-2016 thousand I$)","1000 Int$",2010,12618.384615384615,"Oranges","no"
NA,NA,"Caribbean",NA,"Fruits and nuts","Gross Production Value (constant 2014-2016 thousand I$)","1000 Int$",2011,11103.538461538461,"Oranges","no"
NA,NA,"Caribbean",NA,"Fruits and nuts","Gross Production Value (constant 2014-2016 thousand I$)","1000 Int$",2012,11134,"Oranges","no"
NA,NA,"Caribbean",NA,"Fruits and nuts","Gross Production Value (constant 2014-2016 thousand I$)","1000 Int$",2013,10298.76923076923,"Oranges","no"
NA,NA,"Caribbean",NA,"Fruits and nuts","Gross Production Value (constant 2014-2016 thousand I$)","1000 Int$",2014,9490.461538461539,"Oranges","no"
NA,NA,"Caribbean",NA,"Fruits and nuts","Gross Production Value (constant 2014-2016 thousand I$)","1000 Int$",2015,9954.692307692309,"Oranges","no"
NA,NA,"Caribbean",NA,"Fruits and nuts","Gross Production Value (constant 2014-2016 thousand I$)","1000 Int$",2016,10080.846153846154,"Oranges","no"
NA,NA,"Caribbean",NA,"Fruits and nuts","Gross Production Value (constant 2014-2016 thousand I$)","1000 Int$",2017,9249,"Oranges","no"
NA,NA,"Caribbean",NA,"Fruits and nuts","Gross Production Value (constant 2014-2016 thousand I$)","1000 Int$",2018,8456.384615384615,"Oranges","no"
NA,NA,"Caribbean",NA,"Fruits and nuts","Gross Production Value (constant 2014-2016 thousand I$)","1000 Int$",2019,8105.153846153846,"Oranges","no"
NA,NA,"Caribbean",NA,"Fruits and nuts","Gross Production Value (constant 2014-2016 thousand I$)","1000 Int$",2020,6844.2307692307695,"Oranges","no"
NA,NA,"Caribbean",NA,"Fruits and nuts","Gross Production Value (constant 2014-2016 thousand I$)","1000 Int$",2021,6841.307692307692,"Oranges","no"
NA,NA,"Caribbean",NA,"Fruits and nuts","Gross Production Value (constant 2014-2016 thousand I$)","1000 Int$",2022,7367,"Oranges","no"
NA,NA,"Caribbean",NA,"Fruits and nuts","Gross Production Value (constant 2014-2016 thousand I$)","1000 Int$",2023,7862.384615384615,"Oranges","no"
NA,NA,"Caribbean",NA,"Fruits and nuts","Gross Production Value (constant 2014-2016 thousand US$)","1000 USD",1992,24688.14285714286,"Oranges","no"
NA,NA,"Caribbean",NA,"Fruits and nuts","Gross Production Value (constant 2014-2016 thousand US$)","1000 USD",1993,29545.14285714286,"Oranges","no"
NA,NA,"Caribbean",NA,"Fruits and nuts","Gross Production Value (constant 2014-2016 thousand US$)","1000 USD",1994,51328.42857142857,"Oranges","no"
NA,NA,"Caribbean",NA,"Fruits and nuts","Gross Production Value (constant 2014-2016 thousand US$)","1000 USD",1995,53051.42857142857,"Oranges","no"
NA,NA,"Caribbean",NA,"Fruits and nuts","Gross Production Value (constant 2014-2016 thousand US$)","1000 USD",1996,54198,"Oranges","no"
NA,NA,"Caribbean",NA,"Fruits and nuts","Gross Production Value (constant 2014-2016 thousand US$)","1000 USD",1997,53222.57142857143,"Oranges","no"
NA,NA,"Caribbean",NA,"Fruits and nuts","Gross Production Value (constant 2014-2016 thousand US$)","1000 USD",1998,50596.857142857145,"Oranges","no"
NA,NA,"Caribbean",NA,"Fruits and nuts","Gross Production Value (constant 2014-2016 thousand US$)","1000 USD",1999,51956.71428571428,"Oranges","no"
NA,NA,"Caribbean",NA,"Fruits and nuts","Gross Production Value (constant 2014-2016 thousand US$)","1000 USD",2000,54101.57142857143,"Oranges","no"
NA,NA,"Caribbean",NA,"Fruits and nuts","Gross Production Value (constant 2014-2016 thousand US$)","1000 USD",2001,51040.71428571428,"Oranges","no"
NA,NA,"Caribbean",NA,"Fruits and nuts","Gross Production Value (constant 2014-2016 thousand US$)","1000 USD",2002,51014.28571428572,"Oranges","no"
NA,NA,"Caribbean",NA,"Fruits and nuts","Gross Production Value (constant 2014-2016 thousand US$)","1000 USD",2003,53913.28571428572,"Oranges","no"
NA,NA,"Caribbean",NA,"Fruits and nuts","Gross Production Value (constant 2014-2016 thousand US$)","1000 USD",2004,48847.28571428572,"Oranges","no"
NA,NA,"Caribbean",NA,"Fruits and nuts","Gross Production Value (constant 2014-2016 thousand US$)","1000 USD",2005,43588.142857142855,"Oranges","no"
NA,NA,"Caribbean",NA,"Fruits and nuts","Gross Production Value (constant 2014-2016 thousand US$)","1000 USD",2006,42343.142857142855,"Oranges","no"
NA,NA,"Caribbean",NA,"Fruits and nuts","Gross Production Value (constant 2014-2016 thousand US$)","1000 USD",2007,44508.142857142855,"Oranges","no"
NA,NA,"Caribbean",NA,"Fruits and nuts","Gross Production Value (constant 2014-2016 thousand US$)","1000 USD",2008,44193.42857142857,"Oranges","no"
NA,NA,"Caribbean",NA,"Fruits and nuts","Gross Production Value (constant 2014-2016 thousand US$)","1000 USD",2009,46816.857142857145,"Oranges","no"
NA,NA,"Caribbean",NA,"Fruits and nuts","Gross Production Value (constant 2014-2016 thousand US$)","1000 USD",2010,43497,"Oranges","no"
NA,NA,"Caribbean",NA,"Fruits and nuts","Gross Production Value (constant 2014-2016 thousand US$)","1000 USD",2011,40707,"Oranges","no"
NA,NA,"Caribbean",NA,"Fruits and nuts","Gross Production Value (constant 2014-2016 thousand US$)","1000 USD",2012,39207.42857142857,"Oranges","no"
NA,NA,"Caribbean",NA,"Fruits and nuts","Gross Production Value (constant 2014-2016 thousand US$)","1000 USD",2013,33799.57142857143,"Oranges","no"
NA,NA,"Caribbean",NA,"Fruits and nuts","Gross Production Value (constant 2014-2016 thousand US$)","1000 USD",2014,29611.14285714286,"Oranges","no"
NA,NA,"Caribbean",NA,"Fruits and nuts","Gross Production Value (constant 2014-2016 thousand US$)","1000 USD",2015,31686.285714285714,"Oranges","no"
NA,NA,"Caribbean",NA,"Fruits and nuts","Gross Production Value (constant 2014-2016 thousand US$)","1000 USD",2016,31124.285714285714,"Oranges","no"
NA,NA,"Caribbean",NA,"Fruits and nuts","Gross Production Value (constant 2014-2016 thousand US$)","1000 USD",2017,30542.571428571428,"Oranges","no"
NA,NA,"Caribbean",NA,"Fruits and nuts","Gross Production Value (constant 2014-2016 thousand US$)","1000 USD",2018,29828.14285714286,"Oranges","no"
NA,NA,"Caribbean",NA,"Fruits and nuts","Gross Production Value (constant 2014-2016 thousand US$)","1000 USD",2019,30680.714285714286,"Oranges","no"
NA,NA,"Caribbean",NA,"Fruits and nuts","Gross Production Value (constant 2014-2016 thousand US$)","1000 USD",2020,28971,"Oranges","no"
NA,NA,"Caribbean",NA,"Fruits and nuts","Gross Production Value (constant 2014-2016 thousand US$)","1000 USD",2021,28786.285714285714,"Oranges","no"
NA,NA,"Caribbean",NA,"Fruits and nuts","Gross Production Value (constant 2014-2016 thousand US$)","1000 USD",2022,30317.428571428572,"Oranges","no"
NA,NA,"Caribbean",NA,"Fruits and nuts","Gross Production Value (constant 2014-2016 thousand US$)","1000 USD",2023,31391.14285714286,"Oranges","no"
NA,NA,"Caribbean",NA,"Fruits and nuts","Gross Production Value (constant 2014-2016 thousand I$)","1000 Int$",1992,961.25,"Other citrus fruit, n.e.c.","no"
NA,NA,"Caribbean",NA,"Fruits and nuts","Gross Production Value (constant 2014-2016 thousand I$)","1000 Int$",1993,826.5,"Other citrus fruit, n.e.c.","no"
NA,NA,"Caribbean",NA,"Fruits and nuts","Gross Production Value (constant 2014-2016 thousand I$)","1000 Int$",1994,806.25,"Other citrus fruit, n.e.c.","no"
NA,NA,"Caribbean",NA,"Fruits and nuts","Gross Production Value (constant 2014-2016 thousand I$)","1000 Int$",1995,761.75,"Other citrus fruit, n.e.c.","no"
NA,NA,"Caribbean",NA,"Fruits and nuts","Gross Production Value (constant 2014-2016 thousand I$)","1000 Int$",1996,767.25,"Other citrus fruit, n.e.c.","no"
NA,NA,"Caribbean",NA,"Fruits and nuts","Gross Production Value (constant 2014-2016 thousand I$)","1000 Int$",1997,763.75,"Other citrus fruit, n.e.c.","no"
NA,NA,"Caribbean",NA,"Fruits and nuts","Gross Production Value (constant 2014-2016 thousand I$)","1000 Int$",1998,783.5,"Other citrus fruit, n.e.c.","no"
NA,NA,"Caribbean",NA,"Fruits and nuts","Gross Production Value (constant 2014-2016 thousand I$)","1000 Int$",1999,729.5,"Other citrus fruit, n.e.c.","no"
NA,NA,"Caribbean",NA,"Fruits and nuts","Gross Production Value (constant 2014-2016 thousand I$)","1000 Int$",2000,751.5,"Other citrus fruit, n.e.c.","no"
NA,NA,"Caribbean",NA,"Fruits and nuts","Gross Production Value (constant 2014-2016 thousand I$)","1000 Int$",2001,769,"Other citrus fruit, n.e.c.","no"
NA,NA,"Caribbean",NA,"Fruits and nuts","Gross Production Value (constant 2014-2016 thousand I$)","1000 Int$",2002,905.25,"Other citrus fruit, n.e.c.","no"
NA,NA,"Caribbean",NA,"Fruits and nuts","Gross Production Value (constant 2014-2016 thousand I$)","1000 Int$",2003,907,"Other citrus fruit, n.e.c.","no"
NA,NA,"Caribbean",NA,"Fruits and nuts","Gross Production Value (constant 2014-2016 thousand I$)","1000 Int$",2004,908.75,"Other citrus fruit, n.e.c.","no"
NA,NA,"Caribbean",NA,"Fruits and nuts","Gross Production Value (constant 2014-2016 thousand I$)","1000 Int$",2005,929.5,"Other citrus fruit, n.e.c.","no"
NA,NA,"Caribbean",NA,"Fruits and nuts","Gross Production Value (constant 2014-2016 thousand I$)","1000 Int$",2006,838.5,"Other citrus fruit, n.e.c.","no"
NA,NA,"Caribbean",NA,"Fruits and nuts","Gross Production Value (constant 2014-2016 thousand I$)","1000 Int$",2007,848,"Other citrus fruit, n.e.c.","no"
NA,NA,"Caribbean",NA,"Fruits and nuts","Gross Production Value (constant 2014-2016 thousand I$)","1000 Int$",2008,882.5,"Other citrus fruit, n.e.c.","no"
NA,NA,"Caribbean",NA,"Fruits and nuts","Gross Production Value (constant 2014-2016 thousand I$)","1000 Int$",2009,911,"Other citrus fruit, n.e.c.","no"
NA,NA,"Caribbean",NA,"Fruits and nuts","Gross Production Value (constant 2014-2016 thousand I$)","1000 Int$",2010,936.25,"Other citrus fruit, n.e.c.","no"
NA,NA,"Caribbean",NA,"Fruits and nuts","Gross Production Value (constant 2014-2016 thousand I$)","1000 Int$",2011,963,"Other citrus fruit, n.e.c.","no"
NA,NA,"Caribbean",NA,"Fruits and nuts","Gross Production Value (constant 2014-2016 thousand I$)","1000 Int$",2012,1014.25,"Other citrus fruit, n.e.c.","no"
NA,NA,"Caribbean",NA,"Fruits and nuts","Gross Production Value (constant 2014-2016 thousand I$)","1000 Int$",2013,1015.5,"Other citrus fruit, n.e.c.","no"
NA,NA,"Caribbean",NA,"Fruits and nuts","Gross Production Value (constant 2014-2016 thousand I$)","1000 Int$",2014,1036.25,"Other citrus fruit, n.e.c.","no"
NA,NA,"Caribbean",NA,"Fruits and nuts","Gross Production Value (constant 2014-2016 thousand I$)","1000 Int$",2015,1059.5,"Other citrus fruit, n.e.c.","no"
NA,NA,"Caribbean",NA,"Fruits and nuts","Gross Production Value (constant 2014-2016 thousand I$)","1000 Int$",2016,1040.25,"Other citrus fruit, n.e.c.","no"
NA,NA,"Caribbean",NA,"Fruits and nuts","Gross Production Value (constant 2014-2016 thousand I$)","1000 Int$",2017,1055.75,"Other citrus fruit, n.e.c.","no"
NA,NA,"Caribbean",NA,"Fruits and nuts","Gross Production Value (constant 2014-2016 thousand I$)","1000 Int$",2018,1062,"Other citrus fruit, n.e.c.","no"
NA,NA,"Caribbean",NA,"Fruits and nuts","Gross Production Value (constant 2014-2016 thousand I$)","1000 Int$",2019,1076.25,"Other citrus fruit, n.e.c.","no"
NA,NA,"Caribbean",NA,"Fruits and nuts","Gross Production Value (constant 2014-2016 thousand I$)","1000 Int$",2020,1067.25,"Other citrus fruit, n.e.c.","no"
NA,NA,"Caribbean",NA,"Fruits and nuts","Gross Production Value (constant 2014-2016 thousand I$)","1000 Int$",2021,1071,"Other citrus fruit, n.e.c.","no"
NA,NA,"Caribbean",NA,"Fruits and nuts","Gross Production Value (constant 2014-2016 thousand I$)","1000 Int$",2022,1074,"Other citrus fruit, n.e.c.","no"
NA,NA,"Caribbean",NA,"Fruits and nuts","Gross Production Value (constant 2014-2016 thousand I$)","1000 Int$",2023,1070.75,"Other citrus fruit, n.e.c.","no"
NA,NA,"Caribbean",NA,"Fruits and nuts","Gross Production Value (constant 2014-2016 thousand US$)","1000 USD",1992,636.5,"Other citrus fruit, n.e.c.","no"
NA,NA,"Caribbean",NA,"Fruits and nuts","Gross Production Value (constant 2014-2016 thousand US$)","1000 USD",1993,639,"Other citrus fruit, n.e.c.","no"
NA,NA,"Caribbean",NA,"Fruits and nuts","Gross Production Value (constant 2014-2016 thousand US$)","1000 USD",1994,640.5,"Other citrus fruit, n.e.c.","no"
NA,NA,"Caribbean",NA,"Fruits and nuts","Gross Production Value (constant 2014-2016 thousand US$)","1000 USD",1995,642.5,"Other citrus fruit, n.e.c.","no"
NA,NA,"Caribbean",NA,"Fruits and nuts","Gross Production Value (constant 2014-2016 thousand US$)","1000 USD",1996,632.5,"Other citrus fruit, n.e.c.","no"
NA,NA,"Caribbean",NA,"Fruits and nuts","Gross Production Value (constant 2014-2016 thousand US$)","1000 USD",1997,639.5,"Other citrus fruit, n.e.c.","no"
NA,NA,"Caribbean",NA,"Fruits and nuts","Gross Production Value (constant 2014-2016 thousand US$)","1000 USD",1998,645,"Other citrus fruit, n.e.c.","no"
NA,NA,"Caribbean",NA,"Fruits and nuts","Gross Production Value (constant 2014-2016 thousand US$)","1000 USD",1999,658,"Other citrus fruit, n.e.c.","no"
NA,NA,"Caribbean",NA,"Fruits and nuts","Gross Production Value (constant 2014-2016 thousand US$)","1000 USD",2000,668.5,"Other citrus fruit, n.e.c.","no"
NA,NA,"Caribbean",NA,"Fruits and nuts","Gross Production Value (constant 2014-2016 thousand US$)","1000 USD",2001,678.5,"Other citrus fruit, n.e.c.","no"
NA,NA,"Caribbean",NA,"Fruits and nuts","Gross Production Value (constant 2014-2016 thousand US$)","1000 USD",2002,692.5,"Other citrus fruit, n.e.c.","no"
NA,NA,"Caribbean",NA,"Fruits and nuts","Gross Production Value (constant 2014-2016 thousand US$)","1000 USD",2003,695.5,"Other citrus fruit, n.e.c.","no"
NA,NA,"Caribbean",NA,"Fruits and nuts","Gross Production Value (constant 2014-2016 thousand US$)","1000 USD",2004,697.5,"Other citrus fruit, n.e.c.","no"
NA,NA,"Caribbean",NA,"Fruits and nuts","Gross Production Value (constant 2014-2016 thousand US$)","1000 USD",2005,717,"Other citrus fruit, n.e.c.","no"
NA,NA,"Caribbean",NA,"Fruits and nuts","Gross Production Value (constant 2014-2016 thousand US$)","1000 USD",2006,727,"Other citrus fruit, n.e.c.","no"
NA,NA,"Caribbean",NA,"Fruits and nuts","Gross Production Value (constant 2014-2016 thousand US$)","1000 USD",2007,783.5,"Other citrus fruit, n.e.c.","no"
NA,NA,"Caribbean",NA,"Fruits and nuts","Gross Production Value (constant 2014-2016 thousand US$)","1000 USD",2008,808.5,"Other citrus fruit, n.e.c.","no"
NA,NA,"Caribbean",NA,"Fruits and nuts","Gross Production Value (constant 2014-2016 thousand US$)","1000 USD",2009,831.5,"Other citrus fruit, n.e.c.","no"
NA,NA,"Caribbean",NA,"Fruits and nuts","Gross Production Value (constant 2014-2016 thousand US$)","1000 USD",2010,862,"Other citrus fruit, n.e.c.","no"
NA,NA,"Caribbean",NA,"Fruits and nuts","Gross Production Value (constant 2014-2016 thousand US$)","1000 USD",2011,890.5,"Other citrus fruit, n.e.c.","no"
NA,NA,"Caribbean",NA,"Fruits and nuts","Gross Production Value (constant 2014-2016 thousand US$)","1000 USD",2012,952,"Other citrus fruit, n.e.c.","no"
NA,NA,"Caribbean",NA,"Fruits and nuts","Gross Production Value (constant 2014-2016 thousand US$)","1000 USD",2013,947,"Other citrus fruit, n.e.c.","no"
NA,NA,"Caribbean",NA,"Fruits and nuts","Gross Production Value (constant 2014-2016 thousand US$)","1000 USD",2014,975.5,"Other citrus fruit, n.e.c.","no"
NA,NA,"Caribbean",NA,"Fruits and nuts","Gross Production Value (constant 2014-2016 thousand US$)","1000 USD",2015,1010,"Other citrus fruit, n.e.c.","no"
NA,NA,"Caribbean",NA,"Fruits and nuts","Gross Production Value (constant 2014-2016 thousand US$)","1000 USD",2016,987,"Other citrus fruit, n.e.c.","no"
NA,NA,"Caribbean",NA,"Fruits and nuts","Gross Production Value (constant 2014-2016 thousand US$)","1000 USD",2017,1005,"Other citrus fruit, n.e.c.","no"
NA,NA,"Caribbean",NA,"Fruits and nuts","Gross Production Value (constant 2014-2016 thousand US$)","1000 USD",2018,1018,"Other citrus fruit, n.e.c.","no"
NA,NA,"Caribbean",NA,"Fruits and nuts","Gross Production Value (constant 2014-2016 thousand US$)","1000 USD",2019,1030,"Other citrus fruit, n.e.c.","no"
NA,NA,"Caribbean",NA,"Fruits and nuts","Gross Production Value (constant 2014-2016 thousand US$)","1000 USD",2020,1025,"Other citrus fruit, n.e.c.","no"
NA,NA,"Caribbean",NA,"Fruits and nuts","Gross Production Value (constant 2014-2016 thousand US$)","1000 USD",2021,1032,"Other citrus fruit, n.e.c.","no"
NA,NA,"Caribbean",NA,"Fruits and nuts","Gross Production Value (constant 2014-2016 thousand US$)","1000 USD",2022,1036.5,"Other citrus fruit, n.e.c.","no"
NA,NA,"Caribbean",NA,"Fruits and nuts","Gross Production Value (constant 2014-2016 thousand US$)","1000 USD",2023,1031,"Other citrus fruit, n.e.c.","no"
NA,NA,"Caribbean",NA,"Fruits and nuts","Gross Production Value (constant 2014-2016 thousand I$)","1000 Int$",1992,7147.2,"Other fruits, n.e.c.","no"
NA,NA,"Caribbean",NA,"Fruits and nuts","Gross Production Value (constant 2014-2016 thousand I$)","1000 Int$",1993,6099.8,"Other fruits, n.e.c.","no"
NA,NA,"Caribbean",NA,"Fruits and nuts","Gross Production Value (constant 2014-2016 thousand I$)","1000 Int$",1994,6502.8,"Other fruits, n.e.c.","no"
NA,NA,"Caribbean",NA,"Fruits and nuts","Gross Production Value (constant 2014-2016 thousand I$)","1000 Int$",1995,6544.4,"Other fruits, n.e.c.","no"
NA,NA,"Caribbean",NA,"Fruits and nuts","Gross Production Value (constant 2014-2016 thousand I$)","1000 Int$",1996,7007.5,"Other fruits, n.e.c.","no"
NA,NA,"Caribbean",NA,"Fruits and nuts","Gross Production Value (constant 2014-2016 thousand I$)","1000 Int$",1997,6828.5,"Other fruits, n.e.c.","no"
NA,NA,"Caribbean",NA,"Fruits and nuts","Gross Production Value (constant 2014-2016 thousand I$)","1000 Int$",1998,8230.4,"Other fruits, n.e.c.","no"
NA,NA,"Caribbean",NA,"Fruits and nuts","Gross Production Value (constant 2014-2016 thousand I$)","1000 Int$",1999,10524.8,"Other fruits, n.e.c.","no"
NA,NA,"Caribbean",NA,"Fruits and nuts","Gross Production Value (constant 2014-2016 thousand I$)","1000 Int$",2000,13796.1,"Other fruits, n.e.c.","no"
NA,NA,"Caribbean",NA,"Fruits and nuts","Gross Production Value (constant 2014-2016 thousand I$)","1000 Int$",2001,15051.4,"Other fruits, n.e.c.","no"
NA,NA,"Caribbean",NA,"Fruits and nuts","Gross Production Value (constant 2014-2016 thousand I$)","1000 Int$",2002,16948.9,"Other fruits, n.e.c.","no"
NA,NA,"Caribbean",NA,"Fruits and nuts","Gross Production Value (constant 2014-2016 thousand I$)","1000 Int$",2003,18900.1,"Other fruits, n.e.c.","no"
NA,NA,"Caribbean",NA,"Fruits and nuts","Gross Production Value (constant 2014-2016 thousand I$)","1000 Int$",2004,18856.5,"Other fruits, n.e.c.","no"
NA,NA,"Caribbean",NA,"Fruits and nuts","Gross Production Value (constant 2014-2016 thousand I$)","1000 Int$",2005,15408.4,"Other fruits, n.e.c.","no"
NA,NA,"Caribbean",NA,"Fruits and nuts","Gross Production Value (constant 2014-2016 thousand I$)","1000 Int$",2006,15334.1,"Other fruits, n.e.c.","no"
NA,NA,"Caribbean",NA,"Fruits and nuts","Gross Production Value (constant 2014-2016 thousand I$)","1000 Int$",2007,20602,"Other fruits, n.e.c.","no"
NA,NA,"Caribbean",NA,"Fruits and nuts","Gross Production Value (constant 2014-2016 thousand I$)","1000 Int$",2008,18113.7,"Other fruits, n.e.c.","no"
NA,NA,"Caribbean",NA,"Fruits and nuts","Gross Production Value (constant 2014-2016 thousand I$)","1000 Int$",2009,16785.2,"Other fruits, n.e.c.","no"
NA,NA,"Caribbean",NA,"Fruits and nuts","Gross Production Value (constant 2014-2016 thousand I$)","1000 Int$",2010,19121.7,"Other fruits, n.e.c.","no"
NA,NA,"Caribbean",NA,"Fruits and nuts","Gross Production Value (constant 2014-2016 thousand I$)","1000 Int$",2011,22052.1,"Other fruits, n.e.c.","no"
NA,NA,"Caribbean",NA,"Fruits and nuts","Gross Production Value (constant 2014-2016 thousand I$)","1000 Int$",2012,17385.1,"Other fruits, n.e.c.","no"
NA,NA,"Caribbean",NA,"Fruits and nuts","Gross Production Value (constant 2014-2016 thousand I$)","1000 Int$",2013,14090.6,"Other fruits, n.e.c.","no"
NA,NA,"Caribbean",NA,"Fruits and nuts","Gross Production Value (constant 2014-2016 thousand I$)","1000 Int$",2014,15115.2,"Other fruits, n.e.c.","no"
NA,NA,"Caribbean",NA,"Fruits and nuts","Gross Production Value (constant 2014-2016 thousand I$)","1000 Int$",2015,16107.1,"Other fruits, n.e.c.","no"
NA,NA,"Caribbean",NA,"Fruits and nuts","Gross Production Value (constant 2014-2016 thousand I$)","1000 Int$",2016,15316.9,"Other fruits, n.e.c.","no"
NA,NA,"Caribbean",NA,"Fruits and nuts","Gross Production Value (constant 2014-2016 thousand I$)","1000 Int$",2017,15074.2,"Other fruits, n.e.c.","no"
NA,NA,"Caribbean",NA,"Fruits and nuts","Gross Production Value (constant 2014-2016 thousand I$)","1000 Int$",2018,15217,"Other fruits, n.e.c.","no"
NA,NA,"Caribbean",NA,"Fruits and nuts","Gross Production Value (constant 2014-2016 thousand I$)","1000 Int$",2019,15787.4,"Other fruits, n.e.c.","no"
NA,NA,"Caribbean",NA,"Fruits and nuts","Gross Production Value (constant 2014-2016 thousand I$)","1000 Int$",2020,16028,"Other fruits, n.e.c.","no"
NA,NA,"Caribbean",NA,"Fruits and nuts","Gross Production Value (constant 2014-2016 thousand I$)","1000 Int$",2021,15927.2,"Other fruits, n.e.c.","no"
NA,NA,"Caribbean",NA,"Fruits and nuts","Gross Production Value (constant 2014-2016 thousand I$)","1000 Int$",2022,14770,"Other fruits, n.e.c.","no"
NA,NA,"Caribbean",NA,"Fruits and nuts","Gross Production Value (constant 2014-2016 thousand I$)","1000 Int$",2023,14296.2,"Other fruits, n.e.c.","no"
NA,NA,"Caribbean",NA,"Fruits and nuts","Gross Production Value (constant 2014-2016 thousand US$)","1000 USD",1992,10755,"Other fruits, n.e.c.","no"
NA,NA,"Caribbean",NA,"Fruits and nuts","Gross Production Value (constant 2014-2016 thousand US$)","1000 USD",1993,10950.2,"Other fruits, n.e.c.","no"
NA,NA,"Caribbean",NA,"Fruits and nuts","Gross Production Value (constant 2014-2016 thousand US$)","1000 USD",1994,11269.8,"Other fruits, n.e.c.","no"
NA,NA,"Caribbean",NA,"Fruits and nuts","Gross Production Value (constant 2014-2016 thousand US$)","1000 USD",1995,10516,"Other fruits, n.e.c.","no"
NA,NA,"Caribbean",NA,"Fruits and nuts","Gross Production Value (constant 2014-2016 thousand US$)","1000 USD",1996,10716.8,"Other fruits, n.e.c.","no"
NA,NA,"Caribbean",NA,"Fruits and nuts","Gross Production Value (constant 2014-2016 thousand US$)","1000 USD",1997,10703.6,"Other fruits, n.e.c.","no"
NA,NA,"Caribbean",NA,"Fruits and nuts","Gross Production Value (constant 2014-2016 thousand US$)","1000 USD",1998,10767.2,"Other fruits, n.e.c.","no"
NA,NA,"Caribbean",NA,"Fruits and nuts","Gross Production Value (constant 2014-2016 thousand US$)","1000 USD",1999,11041.4,"Other fruits, n.e.c.","no"
NA,NA,"Caribbean",NA,"Fruits and nuts","Gross Production Value (constant 2014-2016 thousand US$)","1000 USD",2000,11009.8,"Other fruits, n.e.c.","no"
NA,NA,"Caribbean",NA,"Fruits and nuts","Gross Production Value (constant 2014-2016 thousand US$)","1000 USD",2001,11007,"Other fruits, n.e.c.","no"
NA,NA,"Caribbean",NA,"Fruits and nuts","Gross Production Value (constant 2014-2016 thousand US$)","1000 USD",2002,11096.2,"Other fruits, n.e.c.","no"
NA,NA,"Caribbean",NA,"Fruits and nuts","Gross Production Value (constant 2014-2016 thousand US$)","1000 USD",2003,11248.6,"Other fruits, n.e.c.","no"
NA,NA,"Caribbean",NA,"Fruits and nuts","Gross Production Value (constant 2014-2016 thousand US$)","1000 USD",2004,14421,"Other fruits, n.e.c.","no"
NA,NA,"Caribbean",NA,"Fruits and nuts","Gross Production Value (constant 2014-2016 thousand US$)","1000 USD",2005,14722.6,"Other fruits, n.e.c.","no"
NA,NA,"Caribbean",NA,"Fruits and nuts","Gross Production Value (constant 2014-2016 thousand US$)","1000 USD",2006,14863.2,"Other fruits, n.e.c.","no"
NA,NA,"Caribbean",NA,"Fruits and nuts","Gross Production Value (constant 2014-2016 thousand US$)","1000 USD",2007,15064.6,"Other fruits, n.e.c.","no"
NA,NA,"Caribbean",NA,"Fruits and nuts","Gross Production Value (constant 2014-2016 thousand US$)","1000 USD",2008,15260.8,"Other fruits, n.e.c.","no"
NA,NA,"Caribbean",NA,"Fruits and nuts","Gross Production Value (constant 2014-2016 thousand US$)","1000 USD",2009,13748.8,"Other fruits, n.e.c.","no"
NA,NA,"Caribbean",NA,"Fruits and nuts","Gross Production Value (constant 2014-2016 thousand US$)","1000 USD",2010,13885,"Other fruits, n.e.c.","no"
NA,NA,"Caribbean",NA,"Fruits and nuts","Gross Production Value (constant 2014-2016 thousand US$)","1000 USD",2011,13496.8,"Other fruits, n.e.c.","no"
NA,NA,"Caribbean",NA,"Fruits and nuts","Gross Production Value (constant 2014-2016 thousand US$)","1000 USD",2012,13884.8,"Other fruits, n.e.c.","no"
NA,NA,"Caribbean",NA,"Fruits and nuts","Gross Production Value (constant 2014-2016 thousand US$)","1000 USD",2013,13636.2,"Other fruits, n.e.c.","no"
NA,NA,"Caribbean",NA,"Fruits and nuts","Gross Production Value (constant 2014-2016 thousand US$)","1000 USD",2014,13319.2,"Other fruits, n.e.c.","no"
NA,NA,"Caribbean",NA,"Fruits and nuts","Gross Production Value (constant 2014-2016 thousand US$)","1000 USD",2015,13296.8,"Other fruits, n.e.c.","no"
NA,NA,"Caribbean",NA,"Fruits and nuts","Gross Production Value (constant 2014-2016 thousand US$)","1000 USD",2016,12540.6,"Other fruits, n.e.c.","no"
NA,NA,"Caribbean",NA,"Fruits and nuts","Gross Production Value (constant 2014-2016 thousand US$)","1000 USD",2017,12186.8,"Other fruits, n.e.c.","no"
NA,NA,"Caribbean",NA,"Fruits and nuts","Gross Production Value (constant 2014-2016 thousand US$)","1000 USD",2018,11773.6,"Other fruits, n.e.c.","no"
NA,NA,"Caribbean",NA,"Fruits and nuts","Gross Production Value (constant 2014-2016 thousand US$)","1000 USD",2019,12067.6,"Other fruits, n.e.c.","no"
NA,NA,"Caribbean",NA,"Fruits and nuts","Gross Production Value (constant 2014-2016 thousand US$)","1000 USD",2020,12090.4,"Other fruits, n.e.c.","no"
NA,NA,"Caribbean",NA,"Fruits and nuts","Gross Production Value (constant 2014-2016 thousand US$)","1000 USD",2021,11985.6,"Other fruits, n.e.c.","no"
NA,NA,"Caribbean",NA,"Fruits and nuts","Gross Production Value (constant 2014-2016 thousand US$)","1000 USD",2022,11551.2,"Other fruits, n.e.c.","no"
NA,NA,"Caribbean",NA,"Fruits and nuts","Gross Production Value (constant 2014-2016 thousand US$)","1000 USD",2023,11295,"Other fruits, n.e.c.","no"
NA,NA,"Caribbean",NA,"Fruits and nuts","Gross Production Value (constant 2014-2016 thousand I$)","1000 Int$",1992,31,"Other nuts, n.e.c.","no"
NA,NA,"Caribbean",NA,"Fruits and nuts","Gross Production Value (constant 2014-2016 thousand I$)","1000 Int$",1993,33,"Other nuts, n.e.c.","no"
NA,NA,"Caribbean",NA,"Fruits and nuts","Gross Production Value (constant 2014-2016 thousand I$)","1000 Int$",1994,31,"Other nuts, n.e.c.","no"
NA,NA,"Caribbean",NA,"Fruits and nuts","Gross Production Value (constant 2014-2016 thousand I$)","1000 Int$",1995,36,"Other nuts, n.e.c.","no"
NA,NA,"Caribbean",NA,"Fruits and nuts","Gross Production Value (constant 2014-2016 thousand I$)","1000 Int$",1996,33,"Other nuts, n.e.c.","no"
NA,NA,"Caribbean",NA,"Fruits and nuts","Gross Production Value (constant 2014-2016 thousand I$)","1000 Int$",1997,36,"Other nuts, n.e.c.","no"
NA,NA,"Caribbean",NA,"Fruits and nuts","Gross Production Value (constant 2014-2016 thousand I$)","1000 Int$",1998,41,"Other nuts, n.e.c.","no"
NA,NA,"Caribbean",NA,"Fruits and nuts","Gross Production Value (constant 2014-2016 thousand I$)","1000 Int$",1999,44,"Other nuts, n.e.c.","no"
NA,NA,"Caribbean",NA,"Fruits and nuts","Gross Production Value (constant 2014-2016 thousand I$)","1000 Int$",2000,41,"Other nuts, n.e.c.","no"
NA,NA,"Caribbean",NA,"Fruits and nuts","Gross Production Value (constant 2014-2016 thousand I$)","1000 Int$",2001,39,"Other nuts, n.e.c.","no"
NA,NA,"Caribbean",NA,"Fruits and nuts","Gross Production Value (constant 2014-2016 thousand I$)","1000 Int$",2002,46,"Other nuts, n.e.c.","no"
NA,NA,"Caribbean",NA,"Fruits and nuts","Gross Production Value (constant 2014-2016 thousand I$)","1000 Int$",2003,54,"Other nuts, n.e.c.","no"
NA,NA,"Caribbean",NA,"Fruits and nuts","Gross Production Value (constant 2014-2016 thousand I$)","1000 Int$",2004,57,"Other nuts, n.e.c.","no"
NA,NA,"Caribbean",NA,"Fruits and nuts","Gross Production Value (constant 2014-2016 thousand I$)","1000 Int$",2005,52,"Other nuts, n.e.c.","no"
NA,NA,"Caribbean",NA,"Fruits and nuts","Gross Production Value (constant 2014-2016 thousand I$)","1000 Int$",2006,70,"Other nuts, n.e.c.","no"
NA,NA,"Caribbean",NA,"Fruits and nuts","Gross Production Value (constant 2014-2016 thousand I$)","1000 Int$",2007,0,"Other nuts, n.e.c.","no"
NA,NA,"Caribbean",NA,"Fruits and nuts","Gross Production Value (constant 2014-2016 thousand I$)","1000 Int$",2008,0,"Other nuts, n.e.c.","no"
NA,NA,"Caribbean",NA,"Fruits and nuts","Gross Production Value (constant 2014-2016 thousand I$)","1000 Int$",2009,0,"Other nuts, n.e.c.","no"
NA,NA,"Caribbean",NA,"Fruits and nuts","Gross Production Value (constant 2014-2016 thousand I$)","1000 Int$",2010,0,"Other nuts, n.e.c.","no"
NA,NA,"Caribbean",NA,"Fruits and nuts","Gross Production Value (constant 2014-2016 thousand I$)","1000 Int$",2011,0,"Other nuts, n.e.c.","no"
NA,NA,"Caribbean",NA,"Fruits and nuts","Gross Production Value (constant 2014-2016 thousand I$)","1000 Int$",2012,0,"Other nuts, n.e.c.","no"
NA,NA,"Caribbean",NA,"Fruits and nuts","Gross Production Value (constant 2014-2016 thousand I$)","1000 Int$",2013,0,"Other nuts, n.e.c.","no"
NA,NA,"Caribbean",NA,"Fruits and nuts","Gross Production Value (constant 2014-2016 thousand I$)","1000 Int$",2014,0,"Other nuts, n.e.c.","no"
NA,NA,"Caribbean",NA,"Fruits and nuts","Gross Production Value (constant 2014-2016 thousand I$)","1000 Int$",2015,0,"Other nuts, n.e.c.","no"
NA,NA,"Caribbean",NA,"Fruits and nuts","Gross Production Value (constant 2014-2016 thousand I$)","1000 Int$",2016,0,"Other nuts, n.e.c.","no"
NA,NA,"Caribbean",NA,"Fruits and nuts","Gross Production Value (constant 2014-2016 thousand I$)","1000 Int$",2017,0,"Other nuts, n.e.c.","no"
NA,NA,"Caribbean",NA,"Fruits and nuts","Gross Production Value (constant 2014-2016 thousand I$)","1000 Int$",2018,0,"Other nuts, n.e.c.","no"
NA,NA,"Caribbean",NA,"Fruits and nuts","Gross Production Value (constant 2014-2016 thousand I$)","1000 Int$",2019,0,"Other nuts, n.e.c.","no"
NA,NA,"Caribbean",NA,"Fruits and nuts","Gross Production Value (constant 2014-2016 thousand I$)","1000 Int$",2020,0,"Other nuts, n.e.c.","no"
NA,NA,"Caribbean",NA,"Fruits and nuts","Gross Production Value (constant 2014-2016 thousand I$)","1000 Int$",2021,0,"Other nuts, n.e.c.","no"
NA,NA,"Caribbean",NA,"Fruits and nuts","Gross Production Value (constant 2014-2016 thousand I$)","1000 Int$",2022,0,"Other nuts, n.e.c.","no"
NA,NA,"Caribbean",NA,"Fruits and nuts","Gross Production Value (constant 2014-2016 thousand I$)","1000 Int$",2023,0,"Other nuts, n.e.c.","no"
NA,NA,"Caribbean",NA,"Fruits and nuts","Gross Production Value (constant 2014-2016 thousand I$)","1000 Int$",1992,6941.25,"Other tropical fruits, n.e.c.","no"
NA,NA,"Caribbean",NA,"Fruits and nuts","Gross Production Value (constant 2014-2016 thousand I$)","1000 Int$",1993,7014.083333333333,"Other tropical fruits, n.e.c.","no"
NA,NA,"Caribbean",NA,"Fruits and nuts","Gross Production Value (constant 2014-2016 thousand I$)","1000 Int$",1994,6830.25,"Other tropical fruits, n.e.c.","no"
NA,NA,"Caribbean",NA,"Fruits and nuts","Gross Production Value (constant 2014-2016 thousand I$)","1000 Int$",1995,6644.75,"Other tropical fruits, n.e.c.","no"
NA,NA,"Caribbean",NA,"Fruits and nuts","Gross Production Value (constant 2014-2016 thousand I$)","1000 Int$",1996,7673,"Other tropical fruits, n.e.c.","no"
NA,NA,"Caribbean",NA,"Fruits and nuts","Gross Production Value (constant 2014-2016 thousand I$)","1000 Int$",1997,6603.083333333333,"Other tropical fruits, n.e.c.","no"
NA,NA,"Caribbean",NA,"Fruits and nuts","Gross Production Value (constant 2014-2016 thousand I$)","1000 Int$",1998,6352.083333333333,"Other tropical fruits, n.e.c.","no"
NA,NA,"Caribbean",NA,"Fruits and nuts","Gross Production Value (constant 2014-2016 thousand I$)","1000 Int$",1999,6389.416666666667,"Other tropical fruits, n.e.c.","no"
NA,NA,"Caribbean",NA,"Fruits and nuts","Gross Production Value (constant 2014-2016 thousand I$)","1000 Int$",2000,6400.666666666667,"Other tropical fruits, n.e.c.","no"
NA,NA,"Caribbean",NA,"Fruits and nuts","Gross Production Value (constant 2014-2016 thousand I$)","1000 Int$",2001,7338.083333333333,"Other tropical fruits, n.e.c.","no"
NA,NA,"Caribbean",NA,"Fruits and nuts","Gross Production Value (constant 2014-2016 thousand I$)","1000 Int$",2002,7424.25,"Other tropical fruits, n.e.c.","no"
NA,NA,"Caribbean",NA,"Fruits and nuts","Gross Production Value (constant 2014-2016 thousand I$)","1000 Int$",2003,8719.75,"Other tropical fruits, n.e.c.","no"
NA,NA,"Caribbean",NA,"Fruits and nuts","Gross Production Value (constant 2014-2016 thousand I$)","1000 Int$",2004,8782.916666666666,"Other tropical fruits, n.e.c.","no"
NA,NA,"Caribbean",NA,"Fruits and nuts","Gross Production Value (constant 2014-2016 thousand I$)","1000 Int$",2005,9122.333333333334,"Other tropical fruits, n.e.c.","no"
NA,NA,"Caribbean",NA,"Fruits and nuts","Gross Production Value (constant 2014-2016 thousand I$)","1000 Int$",2006,8786.166666666666,"Other tropical fruits, n.e.c.","no"
NA,NA,"Caribbean",NA,"Fruits and nuts","Gross Production Value (constant 2014-2016 thousand I$)","1000 Int$",2007,9150.583333333334,"Other tropical fruits, n.e.c.","no"
NA,NA,"Caribbean",NA,"Fruits and nuts","Gross Production Value (constant 2014-2016 thousand I$)","1000 Int$",2008,9952.5,"Other tropical fruits, n.e.c.","no"
NA,NA,"Caribbean",NA,"Fruits and nuts","Gross Production Value (constant 2014-2016 thousand I$)","1000 Int$",2009,10639.833333333334,"Other tropical fruits, n.e.c.","no"
NA,NA,"Caribbean",NA,"Fruits and nuts","Gross Production Value (constant 2014-2016 thousand I$)","1000 Int$",2010,10896,"Other tropical fruits, n.e.c.","no"
NA,NA,"Caribbean",NA,"Fruits and nuts","Gross Production Value (constant 2014-2016 thousand I$)","1000 Int$",2011,11612.5,"Other tropical fruits, n.e.c.","no"
NA,NA,"Caribbean",NA,"Fruits and nuts","Gross Production Value (constant 2014-2016 thousand I$)","1000 Int$",2012,12534.5,"Other tropical fruits, n.e.c.","no"
NA,NA,"Caribbean",NA,"Fruits and nuts","Gross Production Value (constant 2014-2016 thousand I$)","1000 Int$",2013,13959,"Other tropical fruits, n.e.c.","no"
NA,NA,"Caribbean",NA,"Fruits and nuts","Gross Production Value (constant 2014-2016 thousand I$)","1000 Int$",2014,14613.5,"Other tropical fruits, n.e.c.","no"
NA,NA,"Caribbean",NA,"Fruits and nuts","Gross Production Value (constant 2014-2016 thousand I$)","1000 Int$",2015,15299.25,"Other tropical fruits, n.e.c.","no"
NA,NA,"Caribbean",NA,"Fruits and nuts","Gross Production Value (constant 2014-2016 thousand I$)","1000 Int$",2016,16143.583333333334,"Other tropical fruits, n.e.c.","no"
NA,NA,"Caribbean",NA,"Fruits and nuts","Gross Production Value (constant 2014-2016 thousand I$)","1000 Int$",2017,16816.916666666668,"Other tropical fruits, n.e.c.","no"
NA,NA,"Caribbean",NA,"Fruits and nuts","Gross Production Value (constant 2014-2016 thousand I$)","1000 Int$",2018,17651.416666666668,"Other tropical fruits, n.e.c.","no"
NA,NA,"Caribbean",NA,"Fruits and nuts","Gross Production Value (constant 2014-2016 thousand I$)","1000 Int$",2019,18323.166666666668,"Other tropical fruits, n.e.c.","no"
NA,NA,"Caribbean",NA,"Fruits and nuts","Gross Production Value (constant 2014-2016 thousand I$)","1000 Int$",2020,18609.25,"Other tropical fruits, n.e.c.","no"
NA,NA,"Caribbean",NA,"Fruits and nuts","Gross Production Value (constant 2014-2016 thousand I$)","1000 Int$",2021,18828.916666666668,"Other tropical fruits, n.e.c.","no"
NA,NA,"Caribbean",NA,"Fruits and nuts","Gross Production Value (constant 2014-2016 thousand I$)","1000 Int$",2022,21283.583333333332,"Other tropical fruits, n.e.c.","no"
NA,NA,"Caribbean",NA,"Fruits and nuts","Gross Production Value (constant 2014-2016 thousand I$)","1000 Int$",2023,23251.75,"Other tropical fruits, n.e.c.","no"
NA,NA,"Caribbean",NA,"Fruits and nuts","Gross Production Value (constant 2014-2016 thousand US$)","1000 USD",1992,5752.75,"Other tropical fruits, n.e.c.","no"
NA,NA,"Caribbean",NA,"Fruits and nuts","Gross Production Value (constant 2014-2016 thousand US$)","1000 USD",1993,5796,"Other tropical fruits, n.e.c.","no"
NA,NA,"Caribbean",NA,"Fruits and nuts","Gross Production Value (constant 2014-2016 thousand US$)","1000 USD",1994,5614.25,"Other tropical fruits, n.e.c.","no"
NA,NA,"Caribbean",NA,"Fruits and nuts","Gross Production Value (constant 2014-2016 thousand US$)","1000 USD",1995,5508.5,"Other tropical fruits, n.e.c.","no"
NA,NA,"Caribbean",NA,"Fruits and nuts","Gross Production Value (constant 2014-2016 thousand US$)","1000 USD",1996,5315.25,"Other tropical fruits, n.e.c.","no"
NA,NA,"Caribbean",NA,"Fruits and nuts","Gross Production Value (constant 2014-2016 thousand US$)","1000 USD",1997,5089,"Other tropical fruits, n.e.c.","no"
NA,NA,"Caribbean",NA,"Fruits and nuts","Gross Production Value (constant 2014-2016 thousand US$)","1000 USD",1998,5310.5,"Other tropical fruits, n.e.c.","no"
NA,NA,"Caribbean",NA,"Fruits and nuts","Gross Production Value (constant 2014-2016 thousand US$)","1000 USD",1999,5156.5,"Other tropical fruits, n.e.c.","no"
NA,NA,"Caribbean",NA,"Fruits and nuts","Gross Production Value (constant 2014-2016 thousand US$)","1000 USD",2000,4724.5,"Other tropical fruits, n.e.c.","no"
NA,NA,"Caribbean",NA,"Fruits and nuts","Gross Production Value (constant 2014-2016 thousand US$)","1000 USD",2001,4729.5,"Other tropical fruits, n.e.c.","no"
NA,NA,"Caribbean",NA,"Fruits and nuts","Gross Production Value (constant 2014-2016 thousand US$)","1000 USD",2002,4766.5,"Other tropical fruits, n.e.c.","no"
NA,NA,"Caribbean",NA,"Fruits and nuts","Gross Production Value (constant 2014-2016 thousand US$)","1000 USD",2003,4772,"Other tropical fruits, n.e.c.","no"
NA,NA,"Caribbean",NA,"Fruits and nuts","Gross Production Value (constant 2014-2016 thousand US$)","1000 USD",2004,4825.5,"Other tropical fruits, n.e.c.","no"
NA,NA,"Caribbean",NA,"Fruits and nuts","Gross Production Value (constant 2014-2016 thousand US$)","1000 USD",2005,4313.5,"Other tropical fruits, n.e.c.","no"
NA,NA,"Caribbean",NA,"Fruits and nuts","Gross Production Value (constant 2014-2016 thousand US$)","1000 USD",2006,5099.75,"Other tropical fruits, n.e.c.","no"
NA,NA,"Caribbean",NA,"Fruits and nuts","Gross Production Value (constant 2014-2016 thousand US$)","1000 USD",2007,4696.75,"Other tropical fruits, n.e.c.","no"
NA,NA,"Caribbean",NA,"Fruits and nuts","Gross Production Value (constant 2014-2016 thousand US$)","1000 USD",2008,4892.25,"Other tropical fruits, n.e.c.","no"
NA,NA,"Caribbean",NA,"Fruits and nuts","Gross Production Value (constant 2014-2016 thousand US$)","1000 USD",2009,5308.5,"Other tropical fruits, n.e.c.","no"
NA,NA,"Caribbean",NA,"Fruits and nuts","Gross Production Value (constant 2014-2016 thousand US$)","1000 USD",2010,4734.5,"Other tropical fruits, n.e.c.","no"
NA,NA,"Caribbean",NA,"Fruits and nuts","Gross Production Value (constant 2014-2016 thousand US$)","1000 USD",2011,4809.75,"Other tropical fruits, n.e.c.","no"
NA,NA,"Caribbean",NA,"Fruits and nuts","Gross Production Value (constant 2014-2016 thousand US$)","1000 USD",2012,5273.5,"Other tropical fruits, n.e.c.","no"
NA,NA,"Caribbean",NA,"Fruits and nuts","Gross Production Value (constant 2014-2016 thousand US$)","1000 USD",2013,5366.25,"Other tropical fruits, n.e.c.","no"
NA,NA,"Caribbean",NA,"Fruits and nuts","Gross Production Value (constant 2014-2016 thousand US$)","1000 USD",2014,5263.75,"Other tropical fruits, n.e.c.","no"
NA,NA,"Caribbean",NA,"Fruits and nuts","Gross Production Value (constant 2014-2016 thousand US$)","1000 USD",2015,5103.5,"Other tropical fruits, n.e.c.","no"
NA,NA,"Caribbean",NA,"Fruits and nuts","Gross Production Value (constant 2014-2016 thousand US$)","1000 USD",2016,5288.5,"Other tropical fruits, n.e.c.","no"
NA,NA,"Caribbean",NA,"Fruits and nuts","Gross Production Value (constant 2014-2016 thousand US$)","1000 USD",2017,5241,"Other tropical fruits, n.e.c.","no"
NA,NA,"Caribbean",NA,"Fruits and nuts","Gross Production Value (constant 2014-2016 thousand US$)","1000 USD",2018,5209.25,"Other tropical fruits, n.e.c.","no"
NA,NA,"Caribbean",NA,"Fruits and nuts","Gross Production Value (constant 2014-2016 thousand US$)","1000 USD",2019,5146.5,"Other tropical fruits, n.e.c.","no"
NA,NA,"Caribbean",NA,"Fruits and nuts","Gross Production Value (constant 2014-2016 thousand US$)","1000 USD",2020,5165.25,"Other tropical fruits, n.e.c.","no"
NA,NA,"Caribbean",NA,"Fruits and nuts","Gross Production Value (constant 2014-2016 thousand US$)","1000 USD",2021,5195.5,"Other tropical fruits, n.e.c.","no"
NA,NA,"Caribbean",NA,"Fruits and nuts","Gross Production Value (constant 2014-2016 thousand US$)","1000 USD",2022,5178,"Other tropical fruits, n.e.c.","no"
NA,NA,"Caribbean",NA,"Fruits and nuts","Gross Production Value (constant 2014-2016 thousand US$)","1000 USD",2023,5178,"Other tropical fruits, n.e.c.","no"
NA,NA,"Caribbean",NA,"Fruits and nuts","Gross Production Value (constant 2014-2016 thousand I$)","1000 Int$",1992,2990.2,"Papayas","no"
NA,NA,"Caribbean",NA,"Fruits and nuts","Gross Production Value (constant 2014-2016 thousand I$)","1000 Int$",1993,3109.9,"Papayas","no"
NA,NA,"Caribbean",NA,"Fruits and nuts","Gross Production Value (constant 2014-2016 thousand I$)","1000 Int$",1994,3217,"Papayas","no"
NA,NA,"Caribbean",NA,"Fruits and nuts","Gross Production Value (constant 2014-2016 thousand I$)","1000 Int$",1995,3256.7,"Papayas","no"
NA,NA,"Caribbean",NA,"Fruits and nuts","Gross Production Value (constant 2014-2016 thousand I$)","1000 Int$",1996,3947.9,"Papayas","no"
NA,NA,"Caribbean",NA,"Fruits and nuts","Gross Production Value (constant 2014-2016 thousand I$)","1000 Int$",1997,6494.6,"Papayas","no"
NA,NA,"Caribbean",NA,"Fruits and nuts","Gross Production Value (constant 2014-2016 thousand I$)","1000 Int$",1998,6597.4,"Papayas","no"
NA,NA,"Caribbean",NA,"Fruits and nuts","Gross Production Value (constant 2014-2016 thousand I$)","1000 Int$",1999,6445.2,"Papayas","no"
NA,NA,"Caribbean",NA,"Fruits and nuts","Gross Production Value (constant 2014-2016 thousand I$)","1000 Int$",2000,11532.8,"Papayas","no"
NA,NA,"Caribbean",NA,"Fruits and nuts","Gross Production Value (constant 2014-2016 thousand I$)","1000 Int$",2001,18935.5,"Papayas","no"
NA,NA,"Caribbean",NA,"Fruits and nuts","Gross Production Value (constant 2014-2016 thousand I$)","1000 Int$",2002,19001.3,"Papayas","no"
NA,NA,"Caribbean",NA,"Fruits and nuts","Gross Production Value (constant 2014-2016 thousand I$)","1000 Int$",2003,18356.5,"Papayas","no"
NA,NA,"Caribbean",NA,"Fruits and nuts","Gross Production Value (constant 2014-2016 thousand I$)","1000 Int$",2004,15411.1,"Papayas","no"
NA,NA,"Caribbean",NA,"Fruits and nuts","Gross Production Value (constant 2014-2016 thousand I$)","1000 Int$",2005,18575.3,"Papayas","no"
NA,NA,"Caribbean",NA,"Fruits and nuts","Gross Production Value (constant 2014-2016 thousand I$)","1000 Int$",2006,22566.1,"Papayas","no"
NA,NA,"Caribbean",NA,"Fruits and nuts","Gross Production Value (constant 2014-2016 thousand I$)","1000 Int$",2007,22885.5,"Papayas","no"
NA,NA,"Caribbean",NA,"Fruits and nuts","Gross Production Value (constant 2014-2016 thousand I$)","1000 Int$",2008,15112.5,"Papayas","no"
NA,NA,"Caribbean",NA,"Fruits and nuts","Gross Production Value (constant 2014-2016 thousand I$)","1000 Int$",2009,23251.1,"Papayas","no"
NA,NA,"Caribbean",NA,"Fruits and nuts","Gross Production Value (constant 2014-2016 thousand I$)","1000 Int$",2010,23322.9,"Papayas","no"
NA,NA,"Caribbean",NA,"Fruits and nuts","Gross Production Value (constant 2014-2016 thousand I$)","1000 Int$",2011,23366.7,"Papayas","no"
NA,NA,"Caribbean",NA,"Fruits and nuts","Gross Production Value (constant 2014-2016 thousand I$)","1000 Int$",2012,25780.1,"Papayas","no"
NA,NA,"Caribbean",NA,"Fruits and nuts","Gross Production Value (constant 2014-2016 thousand I$)","1000 Int$",2013,26917.9,"Papayas","no"
NA,NA,"Caribbean",NA,"Fruits and nuts","Gross Production Value (constant 2014-2016 thousand I$)","1000 Int$",2014,31027.2,"Papayas","no"
NA,NA,"Caribbean",NA,"Fruits and nuts","Gross Production Value (constant 2014-2016 thousand I$)","1000 Int$",2015,35241.5,"Papayas","no"
NA,NA,"Caribbean",NA,"Fruits and nuts","Gross Production Value (constant 2014-2016 thousand I$)","1000 Int$",2016,39203.6,"Papayas","no"
NA,NA,"Caribbean",NA,"Fruits and nuts","Gross Production Value (constant 2014-2016 thousand I$)","1000 Int$",2017,38588.6,"Papayas","no"
NA,NA,"Caribbean",NA,"Fruits and nuts","Gross Production Value (constant 2014-2016 thousand I$)","1000 Int$",2018,43789.7,"Papayas","no"
NA,NA,"Caribbean",NA,"Fruits and nuts","Gross Production Value (constant 2014-2016 thousand I$)","1000 Int$",2019,49439.3,"Papayas","no"
NA,NA,"Caribbean",NA,"Fruits and nuts","Gross Production Value (constant 2014-2016 thousand I$)","1000 Int$",2020,45591.5,"Papayas","no"
NA,NA,"Caribbean",NA,"Fruits and nuts","Gross Production Value (constant 2014-2016 thousand I$)","1000 Int$",2021,45139.3,"Papayas","no"
NA,NA,"Caribbean",NA,"Fruits and nuts","Gross Production Value (constant 2014-2016 thousand I$)","1000 Int$",2022,49633.5,"Papayas","no"
NA,NA,"Caribbean",NA,"Fruits and nuts","Gross Production Value (constant 2014-2016 thousand I$)","1000 Int$",2023,60517.3,"Papayas","no"
NA,NA,"Caribbean",NA,"Fruits and nuts","Gross Production Value (constant 2014-2016 thousand US$)","1000 USD",1992,4394.8,"Papayas","no"
NA,NA,"Caribbean",NA,"Fruits and nuts","Gross Production Value (constant 2014-2016 thousand US$)","1000 USD",1993,5429.8,"Papayas","no"
NA,NA,"Caribbean",NA,"Fruits and nuts","Gross Production Value (constant 2014-2016 thousand US$)","1000 USD",1994,6995.6,"Papayas","no"
NA,NA,"Caribbean",NA,"Fruits and nuts","Gross Production Value (constant 2014-2016 thousand US$)","1000 USD",1995,5784.6,"Papayas","no"
NA,NA,"Caribbean",NA,"Fruits and nuts","Gross Production Value (constant 2014-2016 thousand US$)","1000 USD",1996,5722.4,"Papayas","no"
NA,NA,"Caribbean",NA,"Fruits and nuts","Gross Production Value (constant 2014-2016 thousand US$)","1000 USD",1997,8241.8,"Papayas","no"
NA,NA,"Caribbean",NA,"Fruits and nuts","Gross Production Value (constant 2014-2016 thousand US$)","1000 USD",1998,7262.6,"Papayas","no"
NA,NA,"Caribbean",NA,"Fruits and nuts","Gross Production Value (constant 2014-2016 thousand US$)","1000 USD",1999,6597,"Papayas","no"
NA,NA,"Caribbean",NA,"Fruits and nuts","Gross Production Value (constant 2014-2016 thousand US$)","1000 USD",2000,10566.8,"Papayas","no"
NA,NA,"Caribbean",NA,"Fruits and nuts","Gross Production Value (constant 2014-2016 thousand US$)","1000 USD",2001,17269.8,"Papayas","no"
NA,NA,"Caribbean",NA,"Fruits and nuts","Gross Production Value (constant 2014-2016 thousand US$)","1000 USD",2002,18549.2,"Papayas","no"
NA,NA,"Caribbean",NA,"Fruits and nuts","Gross Production Value (constant 2014-2016 thousand US$)","1000 USD",2003,17111.8,"Papayas","no"
NA,NA,"Caribbean",NA,"Fruits and nuts","Gross Production Value (constant 2014-2016 thousand US$)","1000 USD",2004,14238,"Papayas","no"
NA,NA,"Caribbean",NA,"Fruits and nuts","Gross Production Value (constant 2014-2016 thousand US$)","1000 USD",2005,18839,"Papayas","no"
NA,NA,"Caribbean",NA,"Fruits and nuts","Gross Production Value (constant 2014-2016 thousand US$)","1000 USD",2006,23598.6,"Papayas","no"
NA,NA,"Caribbean",NA,"Fruits and nuts","Gross Production Value (constant 2014-2016 thousand US$)","1000 USD",2007,23609,"Papayas","no"
NA,NA,"Caribbean",NA,"Fruits and nuts","Gross Production Value (constant 2014-2016 thousand US$)","1000 USD",2008,14705,"Papayas","no"
NA,NA,"Caribbean",NA,"Fruits and nuts","Gross Production Value (constant 2014-2016 thousand US$)","1000 USD",2009,24054.4,"Papayas","no"
NA,NA,"Caribbean",NA,"Fruits and nuts","Gross Production Value (constant 2014-2016 thousand US$)","1000 USD",2010,21583.2,"Papayas","no"
NA,NA,"Caribbean",NA,"Fruits and nuts","Gross Production Value (constant 2014-2016 thousand US$)","1000 USD",2011,21790.2,"Papayas","no"
NA,NA,"Caribbean",NA,"Fruits and nuts","Gross Production Value (constant 2014-2016 thousand US$)","1000 USD",2012,22931.2,"Papayas","no"
NA,NA,"Caribbean",NA,"Fruits and nuts","Gross Production Value (constant 2014-2016 thousand US$)","1000 USD",2013,23677.4,"Papayas","no"
NA,NA,"Caribbean",NA,"Fruits and nuts","Gross Production Value (constant 2014-2016 thousand US$)","1000 USD",2014,30653.4,"Papayas","no"
NA,NA,"Caribbean",NA,"Fruits and nuts","Gross Production Value (constant 2014-2016 thousand US$)","1000 USD",2015,33202.2,"Papayas","no"
NA,NA,"Caribbean",NA,"Fruits and nuts","Gross Production Value (constant 2014-2016 thousand US$)","1000 USD",2016,36745.2,"Papayas","no"
NA,NA,"Caribbean",NA,"Fruits and nuts","Gross Production Value (constant 2014-2016 thousand US$)","1000 USD",2017,36776.6,"Papayas","no"
NA,NA,"Caribbean",NA,"Fruits and nuts","Gross Production Value (constant 2014-2016 thousand US$)","1000 USD",2018,42976.4,"Papayas","no"
NA,NA,"Caribbean",NA,"Fruits and nuts","Gross Production Value (constant 2014-2016 thousand US$)","1000 USD",2019,49407,"Papayas","no"
NA,NA,"Caribbean",NA,"Fruits and nuts","Gross Production Value (constant 2014-2016 thousand US$)","1000 USD",2020,46135.8,"Papayas","no"
NA,NA,"Caribbean",NA,"Fruits and nuts","Gross Production Value (constant 2014-2016 thousand US$)","1000 USD",2021,48509.4,"Papayas","no"
NA,NA,"Caribbean",NA,"Fruits and nuts","Gross Production Value (constant 2014-2016 thousand US$)","1000 USD",2022,53846.2,"Papayas","no"
NA,NA,"Caribbean",NA,"Fruits and nuts","Gross Production Value (constant 2014-2016 thousand US$)","1000 USD",2023,65176.6,"Papayas","no"
NA,NA,"Caribbean",NA,"Fruits and nuts","Gross Production Value (constant 2014-2016 thousand I$)","1000 Int$",1992,96,"Pears","no"
NA,NA,"Caribbean",NA,"Fruits and nuts","Gross Production Value (constant 2014-2016 thousand I$)","1000 Int$",1993,93,"Pears","no"
NA,NA,"Caribbean",NA,"Fruits and nuts","Gross Production Value (constant 2014-2016 thousand I$)","1000 Int$",1994,91,"Pears","no"
NA,NA,"Caribbean",NA,"Fruits and nuts","Gross Production Value (constant 2014-2016 thousand I$)","1000 Int$",1995,96,"Pears","no"
NA,NA,"Caribbean",NA,"Fruits and nuts","Gross Production Value (constant 2014-2016 thousand I$)","1000 Int$",1996,99,"Pears","no"
NA,NA,"Caribbean",NA,"Fruits and nuts","Gross Production Value (constant 2014-2016 thousand I$)","1000 Int$",1997,100,"Pears","no"
NA,NA,"Caribbean",NA,"Fruits and nuts","Gross Production Value (constant 2014-2016 thousand I$)","1000 Int$",1998,109,"Pears","no"
NA,NA,"Caribbean",NA,"Fruits and nuts","Gross Production Value (constant 2014-2016 thousand I$)","1000 Int$",1999,105,"Pears","no"
NA,NA,"Caribbean",NA,"Fruits and nuts","Gross Production Value (constant 2014-2016 thousand I$)","1000 Int$",2000,109,"Pears","no"
NA,NA,"Caribbean",NA,"Fruits and nuts","Gross Production Value (constant 2014-2016 thousand I$)","1000 Int$",2001,113,"Pears","no"
NA,NA,"Caribbean",NA,"Fruits and nuts","Gross Production Value (constant 2014-2016 thousand I$)","1000 Int$",2002,118,"Pears","no"
NA,NA,"Caribbean",NA,"Fruits and nuts","Gross Production Value (constant 2014-2016 thousand I$)","1000 Int$",2003,148,"Pears","no"
NA,NA,"Caribbean",NA,"Fruits and nuts","Gross Production Value (constant 2014-2016 thousand I$)","1000 Int$",2004,122,"Pears","no"
NA,NA,"Caribbean",NA,"Fruits and nuts","Gross Production Value (constant 2014-2016 thousand I$)","1000 Int$",2005,96,"Pears","no"
NA,NA,"Caribbean",NA,"Fruits and nuts","Gross Production Value (constant 2014-2016 thousand I$)","1000 Int$",2006,98,"Pears","no"
NA,NA,"Caribbean",NA,"Fruits and nuts","Gross Production Value (constant 2014-2016 thousand I$)","1000 Int$",2007,100,"Pears","no"
NA,NA,"Caribbean",NA,"Fruits and nuts","Gross Production Value (constant 2014-2016 thousand I$)","1000 Int$",2008,105,"Pears","no"
NA,NA,"Caribbean",NA,"Fruits and nuts","Gross Production Value (constant 2014-2016 thousand I$)","1000 Int$",2009,109,"Pears","no"
NA,NA,"Caribbean",NA,"Fruits and nuts","Gross Production Value (constant 2014-2016 thousand I$)","1000 Int$",2010,118,"Pears","no"
NA,NA,"Caribbean",NA,"Fruits and nuts","Gross Production Value (constant 2014-2016 thousand I$)","1000 Int$",2011,119,"Pears","no"
NA,NA,"Caribbean",NA,"Fruits and nuts","Gross Production Value (constant 2014-2016 thousand I$)","1000 Int$",2012,132,"Pears","no"
NA,NA,"Caribbean",NA,"Fruits and nuts","Gross Production Value (constant 2014-2016 thousand I$)","1000 Int$",2013,152,"Pears","no"
NA,NA,"Caribbean",NA,"Fruits and nuts","Gross Production Value (constant 2014-2016 thousand I$)","1000 Int$",2014,154,"Pears","no"
NA,NA,"Caribbean",NA,"Fruits and nuts","Gross Production Value (constant 2014-2016 thousand I$)","1000 Int$",2015,153,"Pears","no"
NA,NA,"Caribbean",NA,"Fruits and nuts","Gross Production Value (constant 2014-2016 thousand I$)","1000 Int$",2016,165,"Pears","no"
NA,NA,"Caribbean",NA,"Fruits and nuts","Gross Production Value (constant 2014-2016 thousand I$)","1000 Int$",2017,206,"Pears","no"
NA,NA,"Caribbean",NA,"Fruits and nuts","Gross Production Value (constant 2014-2016 thousand I$)","1000 Int$",2018,219,"Pears","no"
NA,NA,"Caribbean",NA,"Fruits and nuts","Gross Production Value (constant 2014-2016 thousand I$)","1000 Int$",2019,211,"Pears","no"
NA,NA,"Caribbean",NA,"Fruits and nuts","Gross Production Value (constant 2014-2016 thousand I$)","1000 Int$",2020,238,"Pears","no"
NA,NA,"Caribbean",NA,"Fruits and nuts","Gross Production Value (constant 2014-2016 thousand I$)","1000 Int$",2021,258,"Pears","no"
NA,NA,"Caribbean",NA,"Fruits and nuts","Gross Production Value (constant 2014-2016 thousand I$)","1000 Int$",2022,246,"Pears","no"
NA,NA,"Caribbean",NA,"Fruits and nuts","Gross Production Value (constant 2014-2016 thousand I$)","1000 Int$",2023,259,"Pears","no"
NA,NA,"Caribbean",NA,"Fruits and nuts","Gross Production Value (constant 2014-2016 thousand I$)","1000 Int$",1992,6277.615384615385,"Pineapples","no"
NA,NA,"Caribbean",NA,"Fruits and nuts","Gross Production Value (constant 2014-2016 thousand I$)","1000 Int$",1993,6392.461538461538,"Pineapples","no"
NA,NA,"Caribbean",NA,"Fruits and nuts","Gross Production Value (constant 2014-2016 thousand I$)","1000 Int$",1994,7584.461538461538,"Pineapples","no"
NA,NA,"Caribbean",NA,"Fruits and nuts","Gross Production Value (constant 2014-2016 thousand I$)","1000 Int$",1995,6335.846153846154,"Pineapples","no"
NA,NA,"Caribbean",NA,"Fruits and nuts","Gross Production Value (constant 2014-2016 thousand I$)","1000 Int$",1996,3916.230769230769,"Pineapples","no"
NA,NA,"Caribbean",NA,"Fruits and nuts","Gross Production Value (constant 2014-2016 thousand I$)","1000 Int$",1997,5121.153846153846,"Pineapples","no"
NA,NA,"Caribbean",NA,"Fruits and nuts","Gross Production Value (constant 2014-2016 thousand I$)","1000 Int$",1998,4448.153846153846,"Pineapples","no"
NA,NA,"Caribbean",NA,"Fruits and nuts","Gross Production Value (constant 2014-2016 thousand I$)","1000 Int$",1999,4890.7692307692305,"Pineapples","no"
NA,NA,"Caribbean",NA,"Fruits and nuts","Gross Production Value (constant 2014-2016 thousand I$)","1000 Int$",2000,4981.153846153846,"Pineapples","no"
NA,NA,"Caribbean",NA,"Fruits and nuts","Gross Production Value (constant 2014-2016 thousand I$)","1000 Int$",2001,7292.692307692308,"Pineapples","no"
NA,NA,"Caribbean",NA,"Fruits and nuts","Gross Production Value (constant 2014-2016 thousand I$)","1000 Int$",2002,6678.307692307692,"Pineapples","no"
NA,NA,"Caribbean",NA,"Fruits and nuts","Gross Production Value (constant 2014-2016 thousand I$)","1000 Int$",2003,6435.153846153846,"Pineapples","no"
NA,NA,"Caribbean",NA,"Fruits and nuts","Gross Production Value (constant 2014-2016 thousand I$)","1000 Int$",2004,6097,"Pineapples","no"
NA,NA,"Caribbean",NA,"Fruits and nuts","Gross Production Value (constant 2014-2016 thousand I$)","1000 Int$",2005,4849,"Pineapples","no"
NA,NA,"Caribbean",NA,"Fruits and nuts","Gross Production Value (constant 2014-2016 thousand I$)","1000 Int$",2006,5226.153846153846,"Pineapples","no"
NA,NA,"Caribbean",NA,"Fruits and nuts","Gross Production Value (constant 2014-2016 thousand I$)","1000 Int$",2007,5837.384615384615,"Pineapples","no"
NA,NA,"Caribbean",NA,"Fruits and nuts","Gross Production Value (constant 2014-2016 thousand I$)","1000 Int$",2008,6264.846153846154,"Pineapples","no"
NA,NA,"Caribbean",NA,"Fruits and nuts","Gross Production Value (constant 2014-2016 thousand I$)","1000 Int$",2009,7372,"Pineapples","no"
NA,NA,"Caribbean",NA,"Fruits and nuts","Gross Production Value (constant 2014-2016 thousand I$)","1000 Int$",2010,8214.23076923077,"Pineapples","no"
NA,NA,"Caribbean",NA,"Fruits and nuts","Gross Production Value (constant 2014-2016 thousand I$)","1000 Int$",2011,10284.615384615385,"Pineapples","no"
NA,NA,"Caribbean",NA,"Fruits and nuts","Gross Production Value (constant 2014-2016 thousand I$)","1000 Int$",2012,17523.69230769231,"Pineapples","no"
NA,NA,"Caribbean",NA,"Fruits and nuts","Gross Production Value (constant 2014-2016 thousand I$)","1000 Int$",2013,18693.46153846154,"Pineapples","no"
NA,NA,"Caribbean",NA,"Fruits and nuts","Gross Production Value (constant 2014-2016 thousand I$)","1000 Int$",2014,16089.076923076924,"Pineapples","no"
NA,NA,"Caribbean",NA,"Fruits and nuts","Gross Production Value (constant 2014-2016 thousand I$)","1000 Int$",2015,15254.615384615385,"Pineapples","no"
NA,NA,"Caribbean",NA,"Fruits and nuts","Gross Production Value (constant 2014-2016 thousand I$)","1000 Int$",2016,14474.307692307691,"Pineapples","no"
NA,NA,"Caribbean",NA,"Fruits and nuts","Gross Production Value (constant 2014-2016 thousand I$)","1000 Int$",2017,14650.538461538461,"Pineapples","no"
NA,NA,"Caribbean",NA,"Fruits and nuts","Gross Production Value (constant 2014-2016 thousand I$)","1000 Int$",2018,15466.461538461539,"Pineapples","no"
NA,NA,"Caribbean",NA,"Fruits and nuts","Gross Production Value (constant 2014-2016 thousand I$)","1000 Int$",2019,17036.615384615383,"Pineapples","no"
NA,NA,"Caribbean",NA,"Fruits and nuts","Gross Production Value (constant 2014-2016 thousand I$)","1000 Int$",2020,16063.76923076923,"Pineapples","no"
NA,NA,"Caribbean",NA,"Fruits and nuts","Gross Production Value (constant 2014-2016 thousand I$)","1000 Int$",2021,16706.46153846154,"Pineapples","no"
NA,NA,"Caribbean",NA,"Fruits and nuts","Gross Production Value (constant 2014-2016 thousand I$)","1000 Int$",2022,18621.153846153848,"Pineapples","no"
NA,NA,"Caribbean",NA,"Fruits and nuts","Gross Production Value (constant 2014-2016 thousand I$)","1000 Int$",2023,26450.76923076923,"Pineapples","no"
NA,NA,"Caribbean",NA,"Fruits and nuts","Gross Production Value (constant 2014-2016 thousand US$)","1000 USD",1992,12659.375,"Pineapples","no"
NA,NA,"Caribbean",NA,"Fruits and nuts","Gross Production Value (constant 2014-2016 thousand US$)","1000 USD",1993,13293,"Pineapples","no"
NA,NA,"Caribbean",NA,"Fruits and nuts","Gross Production Value (constant 2014-2016 thousand US$)","1000 USD",1994,12039,"Pineapples","no"
NA,NA,"Caribbean",NA,"Fruits and nuts","Gross Production Value (constant 2014-2016 thousand US$)","1000 USD",1995,9920.625,"Pineapples","no"
NA,NA,"Caribbean",NA,"Fruits and nuts","Gross Production Value (constant 2014-2016 thousand US$)","1000 USD",1996,7208.875,"Pineapples","no"
NA,NA,"Caribbean",NA,"Fruits and nuts","Gross Production Value (constant 2014-2016 thousand US$)","1000 USD",1997,8556.75,"Pineapples","no"
NA,NA,"Caribbean",NA,"Fruits and nuts","Gross Production Value (constant 2014-2016 thousand US$)","1000 USD",1998,7082.625,"Pineapples","no"
NA,NA,"Caribbean",NA,"Fruits and nuts","Gross Production Value (constant 2014-2016 thousand US$)","1000 USD",1999,8071.375,"Pineapples","no"
NA,NA,"Caribbean",NA,"Fruits and nuts","Gross Production Value (constant 2014-2016 thousand US$)","1000 USD",2000,7727.5,"Pineapples","no"
NA,NA,"Caribbean",NA,"Fruits and nuts","Gross Production Value (constant 2014-2016 thousand US$)","1000 USD",2001,10372.25,"Pineapples","no"
NA,NA,"Caribbean",NA,"Fruits and nuts","Gross Production Value (constant 2014-2016 thousand US$)","1000 USD",2002,9755.375,"Pineapples","no"
NA,NA,"Caribbean",NA,"Fruits and nuts","Gross Production Value (constant 2014-2016 thousand US$)","1000 USD",2003,9170.875,"Pineapples","no"
NA,NA,"Caribbean",NA,"Fruits and nuts","Gross Production Value (constant 2014-2016 thousand US$)","1000 USD",2004,8402.5,"Pineapples","no"
NA,NA,"Caribbean",NA,"Fruits and nuts","Gross Production Value (constant 2014-2016 thousand US$)","1000 USD",2005,6932.375,"Pineapples","no"
NA,NA,"Caribbean",NA,"Fruits and nuts","Gross Production Value (constant 2014-2016 thousand US$)","1000 USD",2006,7757.125,"Pineapples","no"
NA,NA,"Caribbean",NA,"Fruits and nuts","Gross Production Value (constant 2014-2016 thousand US$)","1000 USD",2007,8105.125,"Pineapples","no"
NA,NA,"Caribbean",NA,"Fruits and nuts","Gross Production Value (constant 2014-2016 thousand US$)","1000 USD",2008,8319.75,"Pineapples","no"
NA,NA,"Caribbean",NA,"Fruits and nuts","Gross Production Value (constant 2014-2016 thousand US$)","1000 USD",2009,8812.875,"Pineapples","no"
NA,NA,"Caribbean",NA,"Fruits and nuts","Gross Production Value (constant 2014-2016 thousand US$)","1000 USD",2010,9447,"Pineapples","no"
NA,NA,"Caribbean",NA,"Fruits and nuts","Gross Production Value (constant 2014-2016 thousand US$)","1000 USD",2011,10812.375,"Pineapples","no"
NA,NA,"Caribbean",NA,"Fruits and nuts","Gross Production Value (constant 2014-2016 thousand US$)","1000 USD",2012,18621.75,"Pineapples","no"
NA,NA,"Caribbean",NA,"Fruits and nuts","Gross Production Value (constant 2014-2016 thousand US$)","1000 USD",2013,19984.375,"Pineapples","no"
NA,NA,"Caribbean",NA,"Fruits and nuts","Gross Production Value (constant 2014-2016 thousand US$)","1000 USD",2014,18301.5,"Pineapples","no"
NA,NA,"Caribbean",NA,"Fruits and nuts","Gross Production Value (constant 2014-2016 thousand US$)","1000 USD",2015,17593.75,"Pineapples","no"
NA,NA,"Caribbean",NA,"Fruits and nuts","Gross Production Value (constant 2014-2016 thousand US$)","1000 USD",2016,17215,"Pineapples","no"
NA,NA,"Caribbean",NA,"Fruits and nuts","Gross Production Value (constant 2014-2016 thousand US$)","1000 USD",2017,17642.25,"Pineapples","no"
NA,NA,"Caribbean",NA,"Fruits and nuts","Gross Production Value (constant 2014-2016 thousand US$)","1000 USD",2018,19204.125,"Pineapples","no"
NA,NA,"Caribbean",NA,"Fruits and nuts","Gross Production Value (constant 2014-2016 thousand US$)","1000 USD",2019,21318.125,"Pineapples","no"
NA,NA,"Caribbean",NA,"Fruits and nuts","Gross Production Value (constant 2014-2016 thousand US$)","1000 USD",2020,21276,"Pineapples","no"
NA,NA,"Caribbean",NA,"Fruits and nuts","Gross Production Value (constant 2014-2016 thousand US$)","1000 USD",2021,22830.125,"Pineapples","no"
NA,NA,"Caribbean",NA,"Fruits and nuts","Gross Production Value (constant 2014-2016 thousand US$)","1000 USD",2022,25454.25,"Pineapples","no"
NA,NA,"Caribbean",NA,"Fruits and nuts","Gross Production Value (constant 2014-2016 thousand US$)","1000 USD",2023,34088.125,"Pineapples","no"
NA,NA,"Caribbean",NA,"Fruits and nuts","Gross Production Value (constant 2014-2016 thousand I$)","1000 Int$",1992,29457.928571428572,"Plantains and cooking bananas","no"
NA,NA,"Caribbean",NA,"Fruits and nuts","Gross Production Value (constant 2014-2016 thousand I$)","1000 Int$",1993,29706,"Plantains and cooking bananas","no"
NA,NA,"Caribbean",NA,"Fruits and nuts","Gross Production Value (constant 2014-2016 thousand I$)","1000 Int$",1994,26892.928571428572,"Plantains and cooking bananas","no"
NA,NA,"Caribbean",NA,"Fruits and nuts","Gross Production Value (constant 2014-2016 thousand I$)","1000 Int$",1995,27381.214285714286,"Plantains and cooking bananas","no"
NA,NA,"Caribbean",NA,"Fruits and nuts","Gross Production Value (constant 2014-2016 thousand I$)","1000 Int$",1996,31746.214285714286,"Plantains and cooking bananas","no"
NA,NA,"Caribbean",NA,"Fruits and nuts","Gross Production Value (constant 2014-2016 thousand I$)","1000 Int$",1997,28748.785714285714,"Plantains and cooking bananas","no"
NA,NA,"Caribbean",NA,"Fruits and nuts","Gross Production Value (constant 2014-2016 thousand I$)","1000 Int$",1998,28924.785714285714,"Plantains and cooking bananas","no"
NA,NA,"Caribbean",NA,"Fruits and nuts","Gross Production Value (constant 2014-2016 thousand I$)","1000 Int$",1999,27887.214285714286,"Plantains and cooking bananas","no"
NA,NA,"Caribbean",NA,"Fruits and nuts","Gross Production Value (constant 2014-2016 thousand I$)","1000 Int$",2000,36145.78571428572,"Plantains and cooking bananas","no"
NA,NA,"Caribbean",NA,"Fruits and nuts","Gross Production Value (constant 2014-2016 thousand I$)","1000 Int$",2001,38262.357142857145,"Plantains and cooking bananas","no"
NA,NA,"Caribbean",NA,"Fruits and nuts","Gross Production Value (constant 2014-2016 thousand I$)","1000 Int$",2002,34910.142857142855,"Plantains and cooking bananas","no"
NA,NA,"Caribbean",NA,"Fruits and nuts","Gross Production Value (constant 2014-2016 thousand I$)","1000 Int$",2003,43413.42857142857,"Plantains and cooking bananas","no"
NA,NA,"Caribbean",NA,"Fruits and nuts","Gross Production Value (constant 2014-2016 thousand I$)","1000 Int$",2004,41280.57142857143,"Plantains and cooking bananas","no"
NA,NA,"Caribbean",NA,"Fruits and nuts","Gross Production Value (constant 2014-2016 thousand I$)","1000 Int$",2005,35230.92857142857,"Plantains and cooking bananas","no"
NA,NA,"Caribbean",NA,"Fruits and nuts","Gross Production Value (constant 2014-2016 thousand I$)","1000 Int$",2006,40234.42857142857,"Plantains and cooking bananas","no"
NA,NA,"Caribbean",NA,"Fruits and nuts","Gross Production Value (constant 2014-2016 thousand I$)","1000 Int$",2007,39788.21428571428,"Plantains and cooking bananas","no"
NA,NA,"Caribbean",NA,"Fruits and nuts","Gross Production Value (constant 2014-2016 thousand I$)","1000 Int$",2008,31232.071428571428,"Plantains and cooking bananas","no"
NA,NA,"Caribbean",NA,"Fruits and nuts","Gross Production Value (constant 2014-2016 thousand I$)","1000 Int$",2009,39115.21428571428,"Plantains and cooking bananas","no"
NA,NA,"Caribbean",NA,"Fruits and nuts","Gross Production Value (constant 2014-2016 thousand I$)","1000 Int$",2010,36068.07142857143,"Plantains and cooking bananas","no"
NA,NA,"Caribbean",NA,"Fruits and nuts","Gross Production Value (constant 2014-2016 thousand I$)","1000 Int$",2011,47920.21428571428,"Plantains and cooking bananas","no"
NA,NA,"Caribbean",NA,"Fruits and nuts","Gross Production Value (constant 2014-2016 thousand I$)","1000 Int$",2012,54329.28571428572,"Plantains and cooking bananas","no"
NA,NA,"Caribbean",NA,"Fruits and nuts","Gross Production Value (constant 2014-2016 thousand I$)","1000 Int$",2013,47813.71428571428,"Plantains and cooking bananas","no"
NA,NA,"Caribbean",NA,"Fruits and nuts","Gross Production Value (constant 2014-2016 thousand I$)","1000 Int$",2014,53615.642857142855,"Plantains and cooking bananas","no"
NA,NA,"Caribbean",NA,"Fruits and nuts","Gross Production Value (constant 2014-2016 thousand I$)","1000 Int$",2015,52437.92857142857,"Plantains and cooking bananas","no"
NA,NA,"Caribbean",NA,"Fruits and nuts","Gross Production Value (constant 2014-2016 thousand I$)","1000 Int$",2016,57090.21428571428,"Plantains and cooking bananas","no"
NA,NA,"Caribbean",NA,"Fruits and nuts","Gross Production Value (constant 2014-2016 thousand I$)","1000 Int$",2017,58761.78571428572,"Plantains and cooking bananas","no"
NA,NA,"Caribbean",NA,"Fruits and nuts","Gross Production Value (constant 2014-2016 thousand I$)","1000 Int$",2018,58051.857142857145,"Plantains and cooking bananas","no"
NA,NA,"Caribbean",NA,"Fruits and nuts","Gross Production Value (constant 2014-2016 thousand I$)","1000 Int$",2019,58403.07142857143,"Plantains and cooking bananas","no"
NA,NA,"Caribbean",NA,"Fruits and nuts","Gross Production Value (constant 2014-2016 thousand I$)","1000 Int$",2020,58108.21428571428,"Plantains and cooking bananas","no"
NA,NA,"Caribbean",NA,"Fruits and nuts","Gross Production Value (constant 2014-2016 thousand I$)","1000 Int$",2021,57323.28571428572,"Plantains and cooking bananas","no"
NA,NA,"Caribbean",NA,"Fruits and nuts","Gross Production Value (constant 2014-2016 thousand I$)","1000 Int$",2022,61997.42857142857,"Plantains and cooking bananas","no"
NA,NA,"Caribbean",NA,"Fruits and nuts","Gross Production Value (constant 2014-2016 thousand I$)","1000 Int$",2023,66895.14285714286,"Plantains and cooking bananas","no"
NA,NA,"Caribbean",NA,"Fruits and nuts","Gross Production Value (constant 2014-2016 thousand US$)","1000 USD",1992,27646.5,"Plantains and cooking bananas","no"
NA,NA,"Caribbean",NA,"Fruits and nuts","Gross Production Value (constant 2014-2016 thousand US$)","1000 USD",1993,31666.25,"Plantains and cooking bananas","no"
NA,NA,"Caribbean",NA,"Fruits and nuts","Gross Production Value (constant 2014-2016 thousand US$)","1000 USD",1994,27354.125,"Plantains and cooking bananas","no"
NA,NA,"Caribbean",NA,"Fruits and nuts","Gross Production Value (constant 2014-2016 thousand US$)","1000 USD",1995,25387.25,"Plantains and cooking bananas","no"
NA,NA,"Caribbean",NA,"Fruits and nuts","Gross Production Value (constant 2014-2016 thousand US$)","1000 USD",1996,26552.5,"Plantains and cooking bananas","no"
NA,NA,"Caribbean",NA,"Fruits and nuts","Gross Production Value (constant 2014-2016 thousand US$)","1000 USD",1997,24676.875,"Plantains and cooking bananas","no"
NA,NA,"Caribbean",NA,"Fruits and nuts","Gross Production Value (constant 2014-2016 thousand US$)","1000 USD",1998,25477.5,"Plantains and cooking bananas","no"
NA,NA,"Caribbean",NA,"Fruits and nuts","Gross Production Value (constant 2014-2016 thousand US$)","1000 USD",1999,18659,"Plantains and cooking bananas","no"
NA,NA,"Caribbean",NA,"Fruits and nuts","Gross Production Value (constant 2014-2016 thousand US$)","1000 USD",2000,28583.125,"Plantains and cooking bananas","no"
NA,NA,"Caribbean",NA,"Fruits and nuts","Gross Production Value (constant 2014-2016 thousand US$)","1000 USD",2001,28759.875,"Plantains and cooking bananas","no"
NA,NA,"Caribbean",NA,"Fruits and nuts","Gross Production Value (constant 2014-2016 thousand US$)","1000 USD",2002,28798.375,"Plantains and cooking bananas","no"
NA,NA,"Caribbean",NA,"Fruits and nuts","Gross Production Value (constant 2014-2016 thousand US$)","1000 USD",2003,32458.5,"Plantains and cooking bananas","no"
NA,NA,"Caribbean",NA,"Fruits and nuts","Gross Production Value (constant 2014-2016 thousand US$)","1000 USD",2004,30630.625,"Plantains and cooking bananas","no"
NA,NA,"Caribbean",NA,"Fruits and nuts","Gross Production Value (constant 2014-2016 thousand US$)","1000 USD",2005,28025.5,"Plantains and cooking bananas","no"
NA,NA,"Caribbean",NA,"Fruits and nuts","Gross Production Value (constant 2014-2016 thousand US$)","1000 USD",2006,36643.625,"Plantains and cooking bananas","no"
NA,NA,"Caribbean",NA,"Fruits and nuts","Gross Production Value (constant 2014-2016 thousand US$)","1000 USD",2007,35064.75,"Plantains and cooking bananas","no"
NA,NA,"Caribbean",NA,"Fruits and nuts","Gross Production Value (constant 2014-2016 thousand US$)","1000 USD",2008,29122.5,"Plantains and cooking bananas","no"
NA,NA,"Caribbean",NA,"Fruits and nuts","Gross Production Value (constant 2014-2016 thousand US$)","1000 USD",2009,37135.375,"Plantains and cooking bananas","no"
NA,NA,"Caribbean",NA,"Fruits and nuts","Gross Production Value (constant 2014-2016 thousand US$)","1000 USD",2010,36039.375,"Plantains and cooking bananas","no"
NA,NA,"Caribbean",NA,"Fruits and nuts","Gross Production Value (constant 2014-2016 thousand US$)","1000 USD",2011,49109.75,"Plantains and cooking bananas","no"
NA,NA,"Caribbean",NA,"Fruits and nuts","Gross Production Value (constant 2014-2016 thousand US$)","1000 USD",2012,60314.125,"Plantains and cooking bananas","no"
NA,NA,"Caribbean",NA,"Fruits and nuts","Gross Production Value (constant 2014-2016 thousand US$)","1000 USD",2013,53978,"Plantains and cooking bananas","no"
NA,NA,"Caribbean",NA,"Fruits and nuts","Gross Production Value (constant 2014-2016 thousand US$)","1000 USD",2014,54282.125,"Plantains and cooking bananas","no"
NA,NA,"Caribbean",NA,"Fruits and nuts","Gross Production Value (constant 2014-2016 thousand US$)","1000 USD",2015,52005.625,"Plantains and cooking bananas","no"
NA,NA,"Caribbean",NA,"Fruits and nuts","Gross Production Value (constant 2014-2016 thousand US$)","1000 USD",2016,58303.625,"Plantains and cooking bananas","no"
NA,NA,"Caribbean",NA,"Fruits and nuts","Gross Production Value (constant 2014-2016 thousand US$)","1000 USD",2017,61023.375,"Plantains and cooking bananas","no"
NA,NA,"Caribbean",NA,"Fruits and nuts","Gross Production Value (constant 2014-2016 thousand US$)","1000 USD",2018,59524.625,"Plantains and cooking bananas","no"
NA,NA,"Caribbean",NA,"Fruits and nuts","Gross Production Value (constant 2014-2016 thousand US$)","1000 USD",2019,61049.5,"Plantains and cooking bananas","no"
NA,NA,"Caribbean",NA,"Fruits and nuts","Gross Production Value (constant 2014-2016 thousand US$)","1000 USD",2020,66879.5,"Plantains and cooking bananas","no"
NA,NA,"Caribbean",NA,"Fruits and nuts","Gross Production Value (constant 2014-2016 thousand US$)","1000 USD",2021,64883.5,"Plantains and cooking bananas","no"
NA,NA,"Caribbean",NA,"Fruits and nuts","Gross Production Value (constant 2014-2016 thousand US$)","1000 USD",2022,72675,"Plantains and cooking bananas","no"
NA,NA,"Caribbean",NA,"Fruits and nuts","Gross Production Value (constant 2014-2016 thousand US$)","1000 USD",2023,76555.5,"Plantains and cooking bananas","no"
NA,NA,"Caribbean",NA,"Fruits and nuts","Gross Production Value (constant 2014-2016 thousand I$)","1000 Int$",1992,394,"Plums and sloes","no"
NA,NA,"Caribbean",NA,"Fruits and nuts","Gross Production Value (constant 2014-2016 thousand I$)","1000 Int$",1993,397,"Plums and sloes","no"
NA,NA,"Caribbean",NA,"Fruits and nuts","Gross Production Value (constant 2014-2016 thousand I$)","1000 Int$",1994,399,"Plums and sloes","no"
NA,NA,"Caribbean",NA,"Fruits and nuts","Gross Production Value (constant 2014-2016 thousand I$)","1000 Int$",1995,403,"Plums and sloes","no"
NA,NA,"Caribbean",NA,"Fruits and nuts","Gross Production Value (constant 2014-2016 thousand I$)","1000 Int$",1996,404,"Plums and sloes","no"
NA,NA,"Caribbean",NA,"Fruits and nuts","Gross Production Value (constant 2014-2016 thousand I$)","1000 Int$",1997,406,"Plums and sloes","no"
NA,NA,"Caribbean",NA,"Fruits and nuts","Gross Production Value (constant 2014-2016 thousand I$)","1000 Int$",1998,408,"Plums and sloes","no"
NA,NA,"Caribbean",NA,"Fruits and nuts","Gross Production Value (constant 2014-2016 thousand I$)","1000 Int$",1999,409,"Plums and sloes","no"
NA,NA,"Caribbean",NA,"Fruits and nuts","Gross Production Value (constant 2014-2016 thousand I$)","1000 Int$",2000,416,"Plums and sloes","no"
NA,NA,"Caribbean",NA,"Fruits and nuts","Gross Production Value (constant 2014-2016 thousand I$)","1000 Int$",2001,423,"Plums and sloes","no"
NA,NA,"Caribbean",NA,"Fruits and nuts","Gross Production Value (constant 2014-2016 thousand I$)","1000 Int$",2002,430,"Plums and sloes","no"
NA,NA,"Caribbean",NA,"Fruits and nuts","Gross Production Value (constant 2014-2016 thousand I$)","1000 Int$",2003,436,"Plums and sloes","no"
NA,NA,"Caribbean",NA,"Fruits and nuts","Gross Production Value (constant 2014-2016 thousand I$)","1000 Int$",2004,441,"Plums and sloes","no"
NA,NA,"Caribbean",NA,"Fruits and nuts","Gross Production Value (constant 2014-2016 thousand I$)","1000 Int$",2005,446,"Plums and sloes","no"
NA,NA,"Caribbean",NA,"Fruits and nuts","Gross Production Value (constant 2014-2016 thousand I$)","1000 Int$",2006,451,"Plums and sloes","no"
NA,NA,"Caribbean",NA,"Fruits and nuts","Gross Production Value (constant 2014-2016 thousand I$)","1000 Int$",2007,465,"Plums and sloes","no"
NA,NA,"Caribbean",NA,"Fruits and nuts","Gross Production Value (constant 2014-2016 thousand I$)","1000 Int$",2008,455,"Plums and sloes","no"
NA,NA,"Caribbean",NA,"Fruits and nuts","Gross Production Value (constant 2014-2016 thousand I$)","1000 Int$",2009,455,"Plums and sloes","no"
NA,NA,"Caribbean",NA,"Fruits and nuts","Gross Production Value (constant 2014-2016 thousand I$)","1000 Int$",2010,455,"Plums and sloes","no"
NA,NA,"Caribbean",NA,"Fruits and nuts","Gross Production Value (constant 2014-2016 thousand I$)","1000 Int$",2011,455,"Plums and sloes","no"
NA,NA,"Caribbean",NA,"Fruits and nuts","Gross Production Value (constant 2014-2016 thousand I$)","1000 Int$",2012,450,"Plums and sloes","no"
NA,NA,"Caribbean",NA,"Fruits and nuts","Gross Production Value (constant 2014-2016 thousand I$)","1000 Int$",2013,459,"Plums and sloes","no"
NA,NA,"Caribbean",NA,"Fruits and nuts","Gross Production Value (constant 2014-2016 thousand I$)","1000 Int$",2014,462,"Plums and sloes","no"
NA,NA,"Caribbean",NA,"Fruits and nuts","Gross Production Value (constant 2014-2016 thousand I$)","1000 Int$",2015,462,"Plums and sloes","no"
NA,NA,"Caribbean",NA,"Fruits and nuts","Gross Production Value (constant 2014-2016 thousand I$)","1000 Int$",2016,461,"Plums and sloes","no"
NA,NA,"Caribbean",NA,"Fruits and nuts","Gross Production Value (constant 2014-2016 thousand I$)","1000 Int$",2017,461,"Plums and sloes","no"
NA,NA,"Caribbean",NA,"Fruits and nuts","Gross Production Value (constant 2014-2016 thousand I$)","1000 Int$",2018,462,"Plums and sloes","no"
NA,NA,"Caribbean",NA,"Fruits and nuts","Gross Production Value (constant 2014-2016 thousand I$)","1000 Int$",2019,463,"Plums and sloes","no"
NA,NA,"Caribbean",NA,"Fruits and nuts","Gross Production Value (constant 2014-2016 thousand I$)","1000 Int$",2020,466,"Plums and sloes","no"
NA,NA,"Caribbean",NA,"Fruits and nuts","Gross Production Value (constant 2014-2016 thousand I$)","1000 Int$",2021,467,"Plums and sloes","no"
NA,NA,"Caribbean",NA,"Fruits and nuts","Gross Production Value (constant 2014-2016 thousand I$)","1000 Int$",2022,468,"Plums and sloes","no"
NA,NA,"Caribbean",NA,"Fruits and nuts","Gross Production Value (constant 2014-2016 thousand I$)","1000 Int$",2023,469,"Plums and sloes","no"
NA,NA,"Caribbean",NA,"Fruits and nuts","Gross Production Value (constant 2014-2016 thousand US$)","1000 USD",1992,363,"Plums and sloes","no"
NA,NA,"Caribbean",NA,"Fruits and nuts","Gross Production Value (constant 2014-2016 thousand US$)","1000 USD",1993,366,"Plums and sloes","no"
NA,NA,"Caribbean",NA,"Fruits and nuts","Gross Production Value (constant 2014-2016 thousand US$)","1000 USD",1994,368,"Plums and sloes","no"
NA,NA,"Caribbean",NA,"Fruits and nuts","Gross Production Value (constant 2014-2016 thousand US$)","1000 USD",1995,371,"Plums and sloes","no"
NA,NA,"Caribbean",NA,"Fruits and nuts","Gross Production Value (constant 2014-2016 thousand US$)","1000 USD",1996,372,"Plums and sloes","no"
NA,NA,"Caribbean",NA,"Fruits and nuts","Gross Production Value (constant 2014-2016 thousand US$)","1000 USD",1997,374,"Plums and sloes","no"
NA,NA,"Caribbean",NA,"Fruits and nuts","Gross Production Value (constant 2014-2016 thousand US$)","1000 USD",1998,376,"Plums and sloes","no"
NA,NA,"Caribbean",NA,"Fruits and nuts","Gross Production Value (constant 2014-2016 thousand US$)","1000 USD",1999,377,"Plums and sloes","no"
NA,NA,"Caribbean",NA,"Fruits and nuts","Gross Production Value (constant 2014-2016 thousand US$)","1000 USD",2000,383,"Plums and sloes","no"
NA,NA,"Caribbean",NA,"Fruits and nuts","Gross Production Value (constant 2014-2016 thousand US$)","1000 USD",2001,390,"Plums and sloes","no"
NA,NA,"Caribbean",NA,"Fruits and nuts","Gross Production Value (constant 2014-2016 thousand US$)","1000 USD",2002,396,"Plums and sloes","no"
NA,NA,"Caribbean",NA,"Fruits and nuts","Gross Production Value (constant 2014-2016 thousand US$)","1000 USD",2003,401,"Plums and sloes","no"
NA,NA,"Caribbean",NA,"Fruits and nuts","Gross Production Value (constant 2014-2016 thousand US$)","1000 USD",2004,406,"Plums and sloes","no"
NA,NA,"Caribbean",NA,"Fruits and nuts","Gross Production Value (constant 2014-2016 thousand US$)","1000 USD",2005,411,"Plums and sloes","no"
NA,NA,"Caribbean",NA,"Fruits and nuts","Gross Production Value (constant 2014-2016 thousand US$)","1000 USD",2006,415,"Plums and sloes","no"
NA,NA,"Caribbean",NA,"Fruits and nuts","Gross Production Value (constant 2014-2016 thousand US$)","1000 USD",2007,429,"Plums and sloes","no"
NA,NA,"Caribbean",NA,"Fruits and nuts","Gross Production Value (constant 2014-2016 thousand US$)","1000 USD",2008,419,"Plums and sloes","no"
NA,NA,"Caribbean",NA,"Fruits and nuts","Gross Production Value (constant 2014-2016 thousand US$)","1000 USD",2009,419,"Plums and sloes","no"
NA,NA,"Caribbean",NA,"Fruits and nuts","Gross Production Value (constant 2014-2016 thousand US$)","1000 USD",2010,419,"Plums and sloes","no"
NA,NA,"Caribbean",NA,"Fruits and nuts","Gross Production Value (constant 2014-2016 thousand US$)","1000 USD",2011,419,"Plums and sloes","no"
NA,NA,"Caribbean",NA,"Fruits and nuts","Gross Production Value (constant 2014-2016 thousand US$)","1000 USD",2012,414,"Plums and sloes","no"
NA,NA,"Caribbean",NA,"Fruits and nuts","Gross Production Value (constant 2014-2016 thousand US$)","1000 USD",2013,423,"Plums and sloes","no"
NA,NA,"Caribbean",NA,"Fruits and nuts","Gross Production Value (constant 2014-2016 thousand US$)","1000 USD",2014,426,"Plums and sloes","no"
NA,NA,"Caribbean",NA,"Fruits and nuts","Gross Production Value (constant 2014-2016 thousand US$)","1000 USD",2015,425,"Plums and sloes","no"
NA,NA,"Caribbean",NA,"Fruits and nuts","Gross Production Value (constant 2014-2016 thousand US$)","1000 USD",2016,425,"Plums and sloes","no"
NA,NA,"Caribbean",NA,"Fruits and nuts","Gross Production Value (constant 2014-2016 thousand US$)","1000 USD",2017,425,"Plums and sloes","no"
NA,NA,"Caribbean",NA,"Fruits and nuts","Gross Production Value (constant 2014-2016 thousand US$)","1000 USD",2018,425,"Plums and sloes","no"
NA,NA,"Caribbean",NA,"Fruits and nuts","Gross Production Value (constant 2014-2016 thousand US$)","1000 USD",2019,426,"Plums and sloes","no"
NA,NA,"Caribbean",NA,"Fruits and nuts","Gross Production Value (constant 2014-2016 thousand US$)","1000 USD",2020,429,"Plums and sloes","no"
NA,NA,"Caribbean",NA,"Fruits and nuts","Gross Production Value (constant 2014-2016 thousand US$)","1000 USD",2021,430,"Plums and sloes","no"
NA,NA,"Caribbean",NA,"Fruits and nuts","Gross Production Value (constant 2014-2016 thousand US$)","1000 USD",2022,431,"Plums and sloes","no"
NA,NA,"Caribbean",NA,"Fruits and nuts","Gross Production Value (constant 2014-2016 thousand US$)","1000 USD",2023,432,"Plums and sloes","no"
NA,NA,"Caribbean",NA,"Fruits and nuts","Gross Production Value (constant 2014-2016 thousand I$)","1000 Int$",1992,12640,"Pomelos and grapefruits","no"
NA,NA,"Caribbean",NA,"Fruits and nuts","Gross Production Value (constant 2014-2016 thousand I$)","1000 Int$",1993,10136.923076923076,"Pomelos and grapefruits","no"
NA,NA,"Caribbean",NA,"Fruits and nuts","Gross Production Value (constant 2014-2016 thousand I$)","1000 Int$",1994,9858.923076923076,"Pomelos and grapefruits","no"
NA,NA,"Caribbean",NA,"Fruits and nuts","Gross Production Value (constant 2014-2016 thousand I$)","1000 Int$",1995,11170.76923076923,"Pomelos and grapefruits","no"
NA,NA,"Caribbean",NA,"Fruits and nuts","Gross Production Value (constant 2014-2016 thousand I$)","1000 Int$",1996,14269.76923076923,"Pomelos and grapefruits","no"
NA,NA,"Caribbean",NA,"Fruits and nuts","Gross Production Value (constant 2014-2016 thousand I$)","1000 Int$",1997,12520.384615384615,"Pomelos and grapefruits","no"
NA,NA,"Caribbean",NA,"Fruits and nuts","Gross Production Value (constant 2014-2016 thousand I$)","1000 Int$",1998,13534.461538461539,"Pomelos and grapefruits","no"
NA,NA,"Caribbean",NA,"Fruits and nuts","Gross Production Value (constant 2014-2016 thousand I$)","1000 Int$",1999,11267.692307692309,"Pomelos and grapefruits","no"
NA,NA,"Caribbean",NA,"Fruits and nuts","Gross Production Value (constant 2014-2016 thousand I$)","1000 Int$",2000,16977.30769230769,"Pomelos and grapefruits","no"
NA,NA,"Caribbean",NA,"Fruits and nuts","Gross Production Value (constant 2014-2016 thousand I$)","1000 Int$",2001,12480.384615384615,"Pomelos and grapefruits","no"
NA,NA,"Caribbean",NA,"Fruits and nuts","Gross Production Value (constant 2014-2016 thousand I$)","1000 Int$",2002,7354,"Pomelos and grapefruits","no"
NA,NA,"Caribbean",NA,"Fruits and nuts","Gross Production Value (constant 2014-2016 thousand I$)","1000 Int$",2003,10127.461538461539,"Pomelos and grapefruits","no"
NA,NA,"Caribbean",NA,"Fruits and nuts","Gross Production Value (constant 2014-2016 thousand I$)","1000 Int$",2004,10389.307692307691,"Pomelos and grapefruits","no"
NA,NA,"Caribbean",NA,"Fruits and nuts","Gross Production Value (constant 2014-2016 thousand I$)","1000 Int$",2005,7488.076923076923,"Pomelos and grapefruits","no"
NA,NA,"Caribbean",NA,"Fruits and nuts","Gross Production Value (constant 2014-2016 thousand I$)","1000 Int$",2006,8791.538461538461,"Pomelos and grapefruits","no"
NA,NA,"Caribbean",NA,"Fruits and nuts","Gross Production Value (constant 2014-2016 thousand I$)","1000 Int$",2007,8017.538461538462,"Pomelos and grapefruits","no"
NA,NA,"Caribbean",NA,"Fruits and nuts","Gross Production Value (constant 2014-2016 thousand I$)","1000 Int$",2008,8696.076923076924,"Pomelos and grapefruits","no"
NA,NA,"Caribbean",NA,"Fruits and nuts","Gross Production Value (constant 2014-2016 thousand I$)","1000 Int$",2009,7329.692307692308,"Pomelos and grapefruits","no"
NA,NA,"Caribbean",NA,"Fruits and nuts","Gross Production Value (constant 2014-2016 thousand I$)","1000 Int$",2010,8149.538461538462,"Pomelos and grapefruits","no"
NA,NA,"Caribbean",NA,"Fruits and nuts","Gross Production Value (constant 2014-2016 thousand I$)","1000 Int$",2011,7203.153846153846,"Pomelos and grapefruits","no"
NA,NA,"Caribbean",NA,"Fruits and nuts","Gross Production Value (constant 2014-2016 thousand I$)","1000 Int$",2012,6393.923076923077,"Pomelos and grapefruits","no"
NA,NA,"Caribbean",NA,"Fruits and nuts","Gross Production Value (constant 2014-2016 thousand I$)","1000 Int$",2013,5832.153846153846,"Pomelos and grapefruits","no"
NA,NA,"Caribbean",NA,"Fruits and nuts","Gross Production Value (constant 2014-2016 thousand I$)","1000 Int$",2014,5230.846153846154,"Pomelos and grapefruits","no"
NA,NA,"Caribbean",NA,"Fruits and nuts","Gross Production Value (constant 2014-2016 thousand I$)","1000 Int$",2015,5752,"Pomelos and grapefruits","no"
NA,NA,"Caribbean",NA,"Fruits and nuts","Gross Production Value (constant 2014-2016 thousand I$)","1000 Int$",2016,5881.307692307692,"Pomelos and grapefruits","no"
NA,NA,"Caribbean",NA,"Fruits and nuts","Gross Production Value (constant 2014-2016 thousand I$)","1000 Int$",2017,5593,"Pomelos and grapefruits","no"
NA,NA,"Caribbean",NA,"Fruits and nuts","Gross Production Value (constant 2014-2016 thousand I$)","1000 Int$",2018,5386.615384615385,"Pomelos and grapefruits","no"
NA,NA,"Caribbean",NA,"Fruits and nuts","Gross Production Value (constant 2014-2016 thousand I$)","1000 Int$",2019,4975.076923076923,"Pomelos and grapefruits","no"
NA,NA,"Caribbean",NA,"Fruits and nuts","Gross Production Value (constant 2014-2016 thousand I$)","1000 Int$",2020,4133.692307692308,"Pomelos and grapefruits","no"
NA,NA,"Caribbean",NA,"Fruits and nuts","Gross Production Value (constant 2014-2016 thousand I$)","1000 Int$",2021,4211.307692307692,"Pomelos and grapefruits","no"
NA,NA,"Caribbean",NA,"Fruits and nuts","Gross Production Value (constant 2014-2016 thousand I$)","1000 Int$",2022,4223.7692307692305,"Pomelos and grapefruits","no"
NA,NA,"Caribbean",NA,"Fruits and nuts","Gross Production Value (constant 2014-2016 thousand I$)","1000 Int$",2023,4430.461538461538,"Pomelos and grapefruits","no"
NA,NA,"Caribbean",NA,"Fruits and nuts","Gross Production Value (constant 2014-2016 thousand US$)","1000 USD",1992,6165.714285714285,"Pomelos and grapefruits","no"
NA,NA,"Caribbean",NA,"Fruits and nuts","Gross Production Value (constant 2014-2016 thousand US$)","1000 USD",1993,6178,"Pomelos and grapefruits","no"
NA,NA,"Caribbean",NA,"Fruits and nuts","Gross Production Value (constant 2014-2016 thousand US$)","1000 USD",1994,6216.428571428572,"Pomelos and grapefruits","no"
NA,NA,"Caribbean",NA,"Fruits and nuts","Gross Production Value (constant 2014-2016 thousand US$)","1000 USD",1995,6372.428571428572,"Pomelos and grapefruits","no"
NA,NA,"Caribbean",NA,"Fruits and nuts","Gross Production Value (constant 2014-2016 thousand US$)","1000 USD",1996,6426.714285714285,"Pomelos and grapefruits","no"
NA,NA,"Caribbean",NA,"Fruits and nuts","Gross Production Value (constant 2014-2016 thousand US$)","1000 USD",1997,6872.142857142857,"Pomelos and grapefruits","no"
NA,NA,"Caribbean",NA,"Fruits and nuts","Gross Production Value (constant 2014-2016 thousand US$)","1000 USD",1998,6828,"Pomelos and grapefruits","no"
NA,NA,"Caribbean",NA,"Fruits and nuts","Gross Production Value (constant 2014-2016 thousand US$)","1000 USD",1999,6998.571428571428,"Pomelos and grapefruits","no"
NA,NA,"Caribbean",NA,"Fruits and nuts","Gross Production Value (constant 2014-2016 thousand US$)","1000 USD",2000,7345.142857142857,"Pomelos and grapefruits","no"
NA,NA,"Caribbean",NA,"Fruits and nuts","Gross Production Value (constant 2014-2016 thousand US$)","1000 USD",2001,7496.857142857143,"Pomelos and grapefruits","no"
NA,NA,"Caribbean",NA,"Fruits and nuts","Gross Production Value (constant 2014-2016 thousand US$)","1000 USD",2002,7714.428571428572,"Pomelos and grapefruits","no"
NA,NA,"Caribbean",NA,"Fruits and nuts","Gross Production Value (constant 2014-2016 thousand US$)","1000 USD",2003,7733.571428571428,"Pomelos and grapefruits","no"
NA,NA,"Caribbean",NA,"Fruits and nuts","Gross Production Value (constant 2014-2016 thousand US$)","1000 USD",2004,7917.714285714285,"Pomelos and grapefruits","no"
NA,NA,"Caribbean",NA,"Fruits and nuts","Gross Production Value (constant 2014-2016 thousand US$)","1000 USD",2005,7532.142857142857,"Pomelos and grapefruits","no"
NA,NA,"Caribbean",NA,"Fruits and nuts","Gross Production Value (constant 2014-2016 thousand US$)","1000 USD",2006,8046.142857142857,"Pomelos and grapefruits","no"
NA,NA,"Caribbean",NA,"Fruits and nuts","Gross Production Value (constant 2014-2016 thousand US$)","1000 USD",2007,7541.857142857143,"Pomelos and grapefruits","no"
NA,NA,"Caribbean",NA,"Fruits and nuts","Gross Production Value (constant 2014-2016 thousand US$)","1000 USD",2008,7150.428571428572,"Pomelos and grapefruits","no"
NA,NA,"Caribbean",NA,"Fruits and nuts","Gross Production Value (constant 2014-2016 thousand US$)","1000 USD",2009,7819.142857142857,"Pomelos and grapefruits","no"
NA,NA,"Caribbean",NA,"Fruits and nuts","Gross Production Value (constant 2014-2016 thousand US$)","1000 USD",2010,8659,"Pomelos and grapefruits","no"
NA,NA,"Caribbean",NA,"Fruits and nuts","Gross Production Value (constant 2014-2016 thousand US$)","1000 USD",2011,7731.285714285715,"Pomelos and grapefruits","no"
NA,NA,"Caribbean",NA,"Fruits and nuts","Gross Production Value (constant 2014-2016 thousand US$)","1000 USD",2012,7658.142857142857,"Pomelos and grapefruits","no"
NA,NA,"Caribbean",NA,"Fruits and nuts","Gross Production Value (constant 2014-2016 thousand US$)","1000 USD",2013,7666.142857142857,"Pomelos and grapefruits","no"
NA,NA,"Caribbean",NA,"Fruits and nuts","Gross Production Value (constant 2014-2016 thousand US$)","1000 USD",2014,7793.428571428572,"Pomelos and grapefruits","no"
NA,NA,"Caribbean",NA,"Fruits and nuts","Gross Production Value (constant 2014-2016 thousand US$)","1000 USD",2015,7347,"Pomelos and grapefruits","no"
NA,NA,"Caribbean",NA,"Fruits and nuts","Gross Production Value (constant 2014-2016 thousand US$)","1000 USD",2016,7105.571428571428,"Pomelos and grapefruits","no"
NA,NA,"Caribbean",NA,"Fruits and nuts","Gross Production Value (constant 2014-2016 thousand US$)","1000 USD",2017,7101.714285714285,"Pomelos and grapefruits","no"
NA,NA,"Caribbean",NA,"Fruits and nuts","Gross Production Value (constant 2014-2016 thousand US$)","1000 USD",2018,7127,"Pomelos and grapefruits","no"
NA,NA,"Caribbean",NA,"Fruits and nuts","Gross Production Value (constant 2014-2016 thousand US$)","1000 USD",2019,7020.857142857143,"Pomelos and grapefruits","no"
NA,NA,"Caribbean",NA,"Fruits and nuts","Gross Production Value (constant 2014-2016 thousand US$)","1000 USD",2020,6485.857142857143,"Pomelos and grapefruits","no"
NA,NA,"Caribbean",NA,"Fruits and nuts","Gross Production Value (constant 2014-2016 thousand US$)","1000 USD",2021,6443.571428571428,"Pomelos and grapefruits","no"
NA,NA,"Caribbean",NA,"Fruits and nuts","Gross Production Value (constant 2014-2016 thousand US$)","1000 USD",2022,6297.285714285715,"Pomelos and grapefruits","no"
NA,NA,"Caribbean",NA,"Fruits and nuts","Gross Production Value (constant 2014-2016 thousand US$)","1000 USD",2023,6909.428571428572,"Pomelos and grapefruits","no"
NA,NA,"Caribbean",NA,"Fruits and nuts","Gross Production Value (constant 2014-2016 thousand I$)","1000 Int$",1992,2399,"Tangerines, mandarins, clementines","no"
NA,NA,"Caribbean",NA,"Fruits and nuts","Gross Production Value (constant 2014-2016 thousand I$)","1000 Int$",1993,1975,"Tangerines, mandarins, clementines","no"
NA,NA,"Caribbean",NA,"Fruits and nuts","Gross Production Value (constant 2014-2016 thousand I$)","1000 Int$",1994,2080.5714285714284,"Tangerines, mandarins, clementines","no"
NA,NA,"Caribbean",NA,"Fruits and nuts","Gross Production Value (constant 2014-2016 thousand I$)","1000 Int$",1995,2026,"Tangerines, mandarins, clementines","no"
NA,NA,"Caribbean",NA,"Fruits and nuts","Gross Production Value (constant 2014-2016 thousand I$)","1000 Int$",1996,2041.857142857143,"Tangerines, mandarins, clementines","no"
NA,NA,"Caribbean",NA,"Fruits and nuts","Gross Production Value (constant 2014-2016 thousand I$)","1000 Int$",1997,2036.7142857142858,"Tangerines, mandarins, clementines","no"
NA,NA,"Caribbean",NA,"Fruits and nuts","Gross Production Value (constant 2014-2016 thousand I$)","1000 Int$",1998,2338.4285714285716,"Tangerines, mandarins, clementines","no"
NA,NA,"Caribbean",NA,"Fruits and nuts","Gross Production Value (constant 2014-2016 thousand I$)","1000 Int$",1999,2555.4285714285716,"Tangerines, mandarins, clementines","no"
NA,NA,"Caribbean",NA,"Fruits and nuts","Gross Production Value (constant 2014-2016 thousand I$)","1000 Int$",2000,3067.4285714285716,"Tangerines, mandarins, clementines","no"
NA,NA,"Caribbean",NA,"Fruits and nuts","Gross Production Value (constant 2014-2016 thousand I$)","1000 Int$",2001,3222.1428571428573,"Tangerines, mandarins, clementines","no"
NA,NA,"Caribbean",NA,"Fruits and nuts","Gross Production Value (constant 2014-2016 thousand I$)","1000 Int$",2002,3269.285714285714,"Tangerines, mandarins, clementines","no"
NA,NA,"Caribbean",NA,"Fruits and nuts","Gross Production Value (constant 2014-2016 thousand I$)","1000 Int$",2003,4394.285714285715,"Tangerines, mandarins, clementines","no"
NA,NA,"Caribbean",NA,"Fruits and nuts","Gross Production Value (constant 2014-2016 thousand I$)","1000 Int$",2004,5277.142857142857,"Tangerines, mandarins, clementines","no"
NA,NA,"Caribbean",NA,"Fruits and nuts","Gross Production Value (constant 2014-2016 thousand I$)","1000 Int$",2005,3078.285714285714,"Tangerines, mandarins, clementines","no"
NA,NA,"Caribbean",NA,"Fruits and nuts","Gross Production Value (constant 2014-2016 thousand I$)","1000 Int$",2006,2684.8571428571427,"Tangerines, mandarins, clementines","no"
NA,NA,"Caribbean",NA,"Fruits and nuts","Gross Production Value (constant 2014-2016 thousand I$)","1000 Int$",2007,2819.1428571428573,"Tangerines, mandarins, clementines","no"
NA,NA,"Caribbean",NA,"Fruits and nuts","Gross Production Value (constant 2014-2016 thousand I$)","1000 Int$",2008,2753.5714285714284,"Tangerines, mandarins, clementines","no"
NA,NA,"Caribbean",NA,"Fruits and nuts","Gross Production Value (constant 2014-2016 thousand I$)","1000 Int$",2009,3220.285714285714,"Tangerines, mandarins, clementines","no"
NA,NA,"Caribbean",NA,"Fruits and nuts","Gross Production Value (constant 2014-2016 thousand I$)","1000 Int$",2010,2973.1428571428573,"Tangerines, mandarins, clementines","no"
NA,NA,"Caribbean",NA,"Fruits and nuts","Gross Production Value (constant 2014-2016 thousand I$)","1000 Int$",2011,2911,"Tangerines, mandarins, clementines","no"
NA,NA,"Caribbean",NA,"Fruits and nuts","Gross Production Value (constant 2014-2016 thousand I$)","1000 Int$",2012,2557,"Tangerines, mandarins, clementines","no"
NA,NA,"Caribbean",NA,"Fruits and nuts","Gross Production Value (constant 2014-2016 thousand I$)","1000 Int$",2013,2342.285714285714,"Tangerines, mandarins, clementines","no"
NA,NA,"Caribbean",NA,"Fruits and nuts","Gross Production Value (constant 2014-2016 thousand I$)","1000 Int$",2014,2285.5714285714284,"Tangerines, mandarins, clementines","no"
NA,NA,"Caribbean",NA,"Fruits and nuts","Gross Production Value (constant 2014-2016 thousand I$)","1000 Int$",2015,2304,"Tangerines, mandarins, clementines","no"
NA,NA,"Caribbean",NA,"Fruits and nuts","Gross Production Value (constant 2014-2016 thousand I$)","1000 Int$",2016,2616.5714285714284,"Tangerines, mandarins, clementines","no"
NA,NA,"Caribbean",NA,"Fruits and nuts","Gross Production Value (constant 2014-2016 thousand I$)","1000 Int$",2017,2591.4285714285716,"Tangerines, mandarins, clementines","no"
NA,NA,"Caribbean",NA,"Fruits and nuts","Gross Production Value (constant 2014-2016 thousand I$)","1000 Int$",2018,2864.8571428571427,"Tangerines, mandarins, clementines","no"
NA,NA,"Caribbean",NA,"Fruits and nuts","Gross Production Value (constant 2014-2016 thousand I$)","1000 Int$",2019,3100.1428571428573,"Tangerines, mandarins, clementines","no"
NA,NA,"Caribbean",NA,"Fruits and nuts","Gross Production Value (constant 2014-2016 thousand I$)","1000 Int$",2020,2729.714285714286,"Tangerines, mandarins, clementines","no"
NA,NA,"Caribbean",NA,"Fruits and nuts","Gross Production Value (constant 2014-2016 thousand I$)","1000 Int$",2021,3407.5714285714284,"Tangerines, mandarins, clementines","no"
NA,NA,"Caribbean",NA,"Fruits and nuts","Gross Production Value (constant 2014-2016 thousand I$)","1000 Int$",2022,3499.285714285714,"Tangerines, mandarins, clementines","no"
NA,NA,"Caribbean",NA,"Fruits and nuts","Gross Production Value (constant 2014-2016 thousand I$)","1000 Int$",2023,3568.714285714286,"Tangerines, mandarins, clementines","no"
NA,NA,"Caribbean",NA,"Fruits and nuts","Gross Production Value (constant 2014-2016 thousand US$)","1000 USD",1992,9524,"Tangerines, mandarins, clementines","no"
NA,NA,"Caribbean",NA,"Fruits and nuts","Gross Production Value (constant 2014-2016 thousand US$)","1000 USD",1993,14802,"Tangerines, mandarins, clementines","no"
NA,NA,"Caribbean",NA,"Fruits and nuts","Gross Production Value (constant 2014-2016 thousand US$)","1000 USD",1994,17786,"Tangerines, mandarins, clementines","no"
NA,NA,"Caribbean",NA,"Fruits and nuts","Gross Production Value (constant 2014-2016 thousand US$)","1000 USD",1995,19194,"Tangerines, mandarins, clementines","no"
NA,NA,"Caribbean",NA,"Fruits and nuts","Gross Production Value (constant 2014-2016 thousand US$)","1000 USD",1996,18527,"Tangerines, mandarins, clementines","no"
NA,NA,"Caribbean",NA,"Fruits and nuts","Gross Production Value (constant 2014-2016 thousand US$)","1000 USD",1997,18841,"Tangerines, mandarins, clementines","no"
NA,NA,"Caribbean",NA,"Fruits and nuts","Gross Production Value (constant 2014-2016 thousand US$)","1000 USD",1998,18770,"Tangerines, mandarins, clementines","no"
NA,NA,"Caribbean",NA,"Fruits and nuts","Gross Production Value (constant 2014-2016 thousand US$)","1000 USD",1999,18864,"Tangerines, mandarins, clementines","no"
NA,NA,"Caribbean",NA,"Fruits and nuts","Gross Production Value (constant 2014-2016 thousand US$)","1000 USD",2000,19058,"Tangerines, mandarins, clementines","no"
NA,NA,"Caribbean",NA,"Fruits and nuts","Gross Production Value (constant 2014-2016 thousand US$)","1000 USD",2001,18860,"Tangerines, mandarins, clementines","no"
NA,NA,"Caribbean",NA,"Fruits and nuts","Gross Production Value (constant 2014-2016 thousand US$)","1000 USD",2002,19983,"Tangerines, mandarins, clementines","no"
NA,NA,"Caribbean",NA,"Fruits and nuts","Gross Production Value (constant 2014-2016 thousand US$)","1000 USD",2003,19169,"Tangerines, mandarins, clementines","no"
NA,NA,"Caribbean",NA,"Fruits and nuts","Gross Production Value (constant 2014-2016 thousand US$)","1000 USD",2004,18406,"Tangerines, mandarins, clementines","no"
NA,NA,"Caribbean",NA,"Fruits and nuts","Gross Production Value (constant 2014-2016 thousand US$)","1000 USD",2005,17583,"Tangerines, mandarins, clementines","no"
NA,NA,"Caribbean",NA,"Fruits and nuts","Gross Production Value (constant 2014-2016 thousand US$)","1000 USD",2006,14337,"Tangerines, mandarins, clementines","no"
NA,NA,"Caribbean",NA,"Fruits and nuts","Gross Production Value (constant 2014-2016 thousand US$)","1000 USD",2007,12955,"Tangerines, mandarins, clementines","no"
NA,NA,"Caribbean",NA,"Fruits and nuts","Gross Production Value (constant 2014-2016 thousand US$)","1000 USD",2008,11155,"Tangerines, mandarins, clementines","no"
NA,NA,"Caribbean",NA,"Fruits and nuts","Gross Production Value (constant 2014-2016 thousand US$)","1000 USD",2009,10803,"Tangerines, mandarins, clementines","no"
NA,NA,"Caribbean",NA,"Fruits and nuts","Gross Production Value (constant 2014-2016 thousand US$)","1000 USD",2010,9600,"Tangerines, mandarins, clementines","no"
NA,NA,"Caribbean",NA,"Fruits and nuts","Gross Production Value (constant 2014-2016 thousand US$)","1000 USD",2011,7573,"Tangerines, mandarins, clementines","no"
NA,NA,"Caribbean",NA,"Fruits and nuts","Gross Production Value (constant 2014-2016 thousand US$)","1000 USD",2012,6084,"Tangerines, mandarins, clementines","no"
NA,NA,"Caribbean",NA,"Fruits and nuts","Gross Production Value (constant 2014-2016 thousand US$)","1000 USD",2013,4982,"Tangerines, mandarins, clementines","no"
NA,NA,"Caribbean",NA,"Fruits and nuts","Gross Production Value (constant 2014-2016 thousand US$)","1000 USD",2014,4234,"Tangerines, mandarins, clementines","no"
NA,NA,"Caribbean",NA,"Fruits and nuts","Gross Production Value (constant 2014-2016 thousand US$)","1000 USD",2015,4009,"Tangerines, mandarins, clementines","no"
NA,NA,"Caribbean",NA,"Fruits and nuts","Gross Production Value (constant 2014-2016 thousand US$)","1000 USD",2016,4134,"Tangerines, mandarins, clementines","no"
NA,NA,"Caribbean",NA,"Fruits and nuts","Gross Production Value (constant 2014-2016 thousand US$)","1000 USD",2017,4401,"Tangerines, mandarins, clementines","no"
NA,NA,"Caribbean",NA,"Fruits and nuts","Gross Production Value (constant 2014-2016 thousand US$)","1000 USD",2018,5170,"Tangerines, mandarins, clementines","no"
NA,NA,"Caribbean",NA,"Fruits and nuts","Gross Production Value (constant 2014-2016 thousand US$)","1000 USD",2019,4808,"Tangerines, mandarins, clementines","no"
NA,NA,"Caribbean",NA,"Fruits and nuts","Gross Production Value (constant 2014-2016 thousand US$)","1000 USD",2020,4688,"Tangerines, mandarins, clementines","no"
NA,NA,"Caribbean",NA,"Fruits and nuts","Gross Production Value (constant 2014-2016 thousand US$)","1000 USD",2021,4571,"Tangerines, mandarins, clementines","no"
NA,NA,"Caribbean",NA,"Fruits and nuts","Gross Production Value (constant 2014-2016 thousand US$)","1000 USD",2022,4428,"Tangerines, mandarins, clementines","no"
NA,NA,"Caribbean",NA,"Fruits and nuts","Gross Production Value (constant 2014-2016 thousand US$)","1000 USD",2023,4759,"Tangerines, mandarins, clementines","no"
NA,NA,"Caribbean",NA,"Meat and meat products","Gross Production Value (constant 2014-2016 thousand I$)","1000 Int$",1992,5570,"Horse meat","no"
NA,NA,"Caribbean",NA,"Meat and meat products","Gross Production Value (constant 2014-2016 thousand I$)","1000 Int$",1993,5399.25,"Horse meat","no"
NA,NA,"Caribbean",NA,"Meat and meat products","Gross Production Value (constant 2014-2016 thousand I$)","1000 Int$",1994,5465,"Horse meat","no"
NA,NA,"Caribbean",NA,"Meat and meat products","Gross Production Value (constant 2014-2016 thousand I$)","1000 Int$",1995,5487.25,"Horse meat","no"
NA,NA,"Caribbean",NA,"Meat and meat products","Gross Production Value (constant 2014-2016 thousand I$)","1000 Int$",1996,5566,"Horse meat","no"
NA,NA,"Caribbean",NA,"Meat and meat products","Gross Production Value (constant 2014-2016 thousand I$)","1000 Int$",1997,5491,"Horse meat","no"
NA,NA,"Caribbean",NA,"Meat and meat products","Gross Production Value (constant 2014-2016 thousand I$)","1000 Int$",1998,5424.25,"Horse meat","no"
NA,NA,"Caribbean",NA,"Meat and meat products","Gross Production Value (constant 2014-2016 thousand I$)","1000 Int$",1999,5467,"Horse meat","no"
NA,NA,"Caribbean",NA,"Meat and meat products","Gross Production Value (constant 2014-2016 thousand I$)","1000 Int$",2000,5550.75,"Horse meat","no"
NA,NA,"Caribbean",NA,"Meat and meat products","Gross Production Value (constant 2014-2016 thousand I$)","1000 Int$",2001,5611.75,"Horse meat","no"
NA,NA,"Caribbean",NA,"Meat and meat products","Gross Production Value (constant 2014-2016 thousand I$)","1000 Int$",2002,5613.25,"Horse meat","no"
NA,NA,"Caribbean",NA,"Meat and meat products","Gross Production Value (constant 2014-2016 thousand I$)","1000 Int$",2003,5708.75,"Horse meat","no"
NA,NA,"Caribbean",NA,"Meat and meat products","Gross Production Value (constant 2014-2016 thousand I$)","1000 Int$",2004,5404.5,"Horse meat","no"
NA,NA,"Caribbean",NA,"Meat and meat products","Gross Production Value (constant 2014-2016 thousand I$)","1000 Int$",2005,5306.25,"Horse meat","no"
NA,NA,"Caribbean",NA,"Meat and meat products","Gross Production Value (constant 2014-2016 thousand I$)","1000 Int$",2006,4925.25,"Horse meat","no"
NA,NA,"Caribbean",NA,"Meat and meat products","Gross Production Value (constant 2014-2016 thousand I$)","1000 Int$",2007,4876.75,"Horse meat","no"
NA,NA,"Caribbean",NA,"Meat and meat products","Gross Production Value (constant 2014-2016 thousand I$)","1000 Int$",2008,4871.75,"Horse meat","no"
NA,NA,"Caribbean",NA,"Meat and meat products","Gross Production Value (constant 2014-2016 thousand I$)","1000 Int$",2009,4834.25,"Horse meat","no"
NA,NA,"Caribbean",NA,"Meat and meat products","Gross Production Value (constant 2014-2016 thousand I$)","1000 Int$",2010,4850,"Horse meat","no"
NA,NA,"Caribbean",NA,"Meat and meat products","Gross Production Value (constant 2014-2016 thousand I$)","1000 Int$",2011,4856.5,"Horse meat","no"
NA,NA,"Caribbean",NA,"Meat and meat products","Gross Production Value (constant 2014-2016 thousand I$)","1000 Int$",2012,4859.5,"Horse meat","no"
NA,NA,"Caribbean",NA,"Meat and meat products","Gross Production Value (constant 2014-2016 thousand I$)","1000 Int$",2013,4857.25,"Horse meat","no"
NA,NA,"Caribbean",NA,"Meat and meat products","Gross Production Value (constant 2014-2016 thousand I$)","1000 Int$",2014,4725.5,"Horse meat","no"
NA,NA,"Caribbean",NA,"Meat and meat products","Gross Production Value (constant 2014-2016 thousand I$)","1000 Int$",2015,4636.75,"Horse meat","no"
NA,NA,"Caribbean",NA,"Meat and meat products","Gross Production Value (constant 2014-2016 thousand I$)","1000 Int$",2016,4565.25,"Horse meat","no"
NA,NA,"Caribbean",NA,"Meat and meat products","Gross Production Value (constant 2014-2016 thousand I$)","1000 Int$",2017,4624.5,"Horse meat","no"
NA,NA,"Caribbean",NA,"Meat and meat products","Gross Production Value (constant 2014-2016 thousand I$)","1000 Int$",2018,4438.5,"Horse meat","no"
NA,NA,"Caribbean",NA,"Meat and meat products","Gross Production Value (constant 2014-2016 thousand I$)","1000 Int$",2019,4393.5,"Horse meat","no"
NA,NA,"Caribbean",NA,"Meat and meat products","Gross Production Value (constant 2014-2016 thousand I$)","1000 Int$",2020,4375,"Horse meat","no"
NA,NA,"Caribbean",NA,"Meat and meat products","Gross Production Value (constant 2014-2016 thousand I$)","1000 Int$",2021,4306,"Horse meat","no"
NA,NA,"Caribbean",NA,"Meat and meat products","Gross Production Value (constant 2014-2016 thousand I$)","1000 Int$",2022,4312.75,"Horse meat","no"
NA,NA,"Caribbean",NA,"Meat and meat products","Gross Production Value (constant 2014-2016 thousand I$)","1000 Int$",2023,4289.75,"Horse meat","no"
NA,NA,"Caribbean",NA,"Meat and meat products","Gross Production Value (constant 2014-2016 thousand US$)","1000 USD",1992,67,"Horse meat","no"
NA,NA,"Caribbean",NA,"Meat and meat products","Gross Production Value (constant 2014-2016 thousand US$)","1000 USD",1993,65,"Horse meat","no"
NA,NA,"Caribbean",NA,"Meat and meat products","Gross Production Value (constant 2014-2016 thousand US$)","1000 USD",1994,68,"Horse meat","no"
NA,NA,"Caribbean",NA,"Meat and meat products","Gross Production Value (constant 2014-2016 thousand US$)","1000 USD",1995,38,"Horse meat","no"
NA,NA,"Caribbean",NA,"Meat and meat products","Gross Production Value (constant 2014-2016 thousand US$)","1000 USD",1996,60,"Horse meat","no"
NA,NA,"Caribbean",NA,"Meat and meat products","Gross Production Value (constant 2014-2016 thousand US$)","1000 USD",1997,65,"Horse meat","no"
NA,NA,"Caribbean",NA,"Meat and meat products","Gross Production Value (constant 2014-2016 thousand US$)","1000 USD",1998,68,"Horse meat","no"
NA,NA,"Caribbean",NA,"Meat and meat products","Gross Production Value (constant 2014-2016 thousand US$)","1000 USD",1999,61,"Horse meat","no"
NA,NA,"Caribbean",NA,"Meat and meat products","Gross Production Value (constant 2014-2016 thousand US$)","1000 USD",2000,61,"Horse meat","no"
NA,NA,"Caribbean",NA,"Meat and meat products","Gross Production Value (constant 2014-2016 thousand US$)","1000 USD",2001,68,"Horse meat","no"
NA,NA,"Caribbean",NA,"Meat and meat products","Gross Production Value (constant 2014-2016 thousand US$)","1000 USD",2002,61,"Horse meat","no"
NA,NA,"Caribbean",NA,"Meat and meat products","Gross Production Value (constant 2014-2016 thousand US$)","1000 USD",2003,64,"Horse meat","no"
NA,NA,"Caribbean",NA,"Meat and meat products","Gross Production Value (constant 2014-2016 thousand US$)","1000 USD",2004,67,"Horse meat","no"
NA,NA,"Caribbean",NA,"Meat and meat products","Gross Production Value (constant 2014-2016 thousand US$)","1000 USD",2005,66,"Horse meat","no"
NA,NA,"Caribbean",NA,"Meat and meat products","Gross Production Value (constant 2014-2016 thousand US$)","1000 USD",2006,66,"Horse meat","no"
NA,NA,"Caribbean",NA,"Meat and meat products","Gross Production Value (constant 2014-2016 thousand US$)","1000 USD",2007,57,"Horse meat","no"
NA,NA,"Caribbean",NA,"Meat and meat products","Gross Production Value (constant 2014-2016 thousand US$)","1000 USD",2008,65,"Horse meat","no"
NA,NA,"Caribbean",NA,"Meat and meat products","Gross Production Value (constant 2014-2016 thousand US$)","1000 USD",2009,59,"Horse meat","no"
NA,NA,"Caribbean",NA,"Meat and meat products","Gross Production Value (constant 2014-2016 thousand US$)","1000 USD",2010,61,"Horse meat","no"
NA,NA,"Caribbean",NA,"Meat and meat products","Gross Production Value (constant 2014-2016 thousand US$)","1000 USD",2011,62,"Horse meat","no"
NA,NA,"Caribbean",NA,"Meat and meat products","Gross Production Value (constant 2014-2016 thousand US$)","1000 USD",2012,68,"Horse meat","no"
NA,NA,"Caribbean",NA,"Meat and meat products","Gross Production Value (constant 2014-2016 thousand US$)","1000 USD",2013,69,"Horse meat","no"
NA,NA,"Caribbean",NA,"Meat and meat products","Gross Production Value (constant 2014-2016 thousand US$)","1000 USD",2014,68,"Horse meat","no"
NA,NA,"Caribbean",NA,"Meat and meat products","Gross Production Value (constant 2014-2016 thousand US$)","1000 USD",2015,66,"Horse meat","no"
NA,NA,"Caribbean",NA,"Meat and meat products","Gross Production Value (constant 2014-2016 thousand US$)","1000 USD",2016,63,"Horse meat","no"
NA,NA,"Caribbean",NA,"Meat and meat products","Gross Production Value (constant 2014-2016 thousand US$)","1000 USD",2017,58,"Horse meat","no"
NA,NA,"Caribbean",NA,"Meat and meat products","Gross Production Value (constant 2014-2016 thousand US$)","1000 USD",2018,58,"Horse meat","no"
NA,NA,"Caribbean",NA,"Meat and meat products","Gross Production Value (constant 2014-2016 thousand US$)","1000 USD",2019,62,"Horse meat","no"
NA,NA,"Caribbean",NA,"Meat and meat products","Gross Production Value (constant 2014-2016 thousand US$)","1000 USD",2020,60,"Horse meat","no"
NA,NA,"Caribbean",NA,"Meat and meat products","Gross Production Value (constant 2014-2016 thousand US$)","1000 USD",2021,58,"Horse meat","no"
NA,NA,"Caribbean",NA,"Meat and meat products","Gross Production Value (constant 2014-2016 thousand US$)","1000 USD",2022,56,"Horse meat","no"
NA,NA,"Caribbean",NA,"Meat and meat products","Gross Production Value (constant 2014-2016 thousand US$)","1000 USD",2023,53,"Horse meat","no"
NA,NA,"Caribbean",NA,"Meat and meat products","Gross Production Value (constant 2014-2016 thousand I$)","1000 Int$",1992,0,"Meat of buffalo","no"
NA,NA,"Caribbean",NA,"Meat and meat products","Gross Production Value (constant 2014-2016 thousand I$)","1000 Int$",1993,0,"Meat of buffalo","no"
NA,NA,"Caribbean",NA,"Meat and meat products","Gross Production Value (constant 2014-2016 thousand I$)","1000 Int$",1994,0,"Meat of buffalo","no"
NA,NA,"Caribbean",NA,"Meat and meat products","Gross Production Value (constant 2014-2016 thousand I$)","1000 Int$",1995,0,"Meat of buffalo","no"
NA,NA,"Caribbean",NA,"Meat and meat products","Gross Production Value (constant 2014-2016 thousand I$)","1000 Int$",1996,0,"Meat of buffalo","no"
NA,NA,"Caribbean",NA,"Meat and meat products","Gross Production Value (constant 2014-2016 thousand I$)","1000 Int$",1997,0,"Meat of buffalo","no"
NA,NA,"Caribbean",NA,"Meat and meat products","Gross Production Value (constant 2014-2016 thousand I$)","1000 Int$",1998,0,"Meat of buffalo","no"
NA,NA,"Caribbean",NA,"Meat and meat products","Gross Production Value (constant 2014-2016 thousand I$)","1000 Int$",1999,0,"Meat of buffalo","no"
NA,NA,"Caribbean",NA,"Meat and meat products","Gross Production Value (constant 2014-2016 thousand I$)","1000 Int$",2000,0,"Meat of buffalo","no"
NA,NA,"Caribbean",NA,"Meat and meat products","Gross Production Value (constant 2014-2016 thousand I$)","1000 Int$",2001,0,"Meat of buffalo","no"
NA,NA,"Caribbean",NA,"Meat and meat products","Gross Production Value (constant 2014-2016 thousand I$)","1000 Int$",2002,0,"Meat of buffalo","no"
NA,NA,"Caribbean",NA,"Meat and meat products","Gross Production Value (constant 2014-2016 thousand I$)","1000 Int$",2003,0,"Meat of buffalo","no"
NA,NA,"Caribbean",NA,"Meat and meat products","Gross Production Value (constant 2014-2016 thousand I$)","1000 Int$",2004,0,"Meat of buffalo","no"
NA,NA,"Caribbean",NA,"Meat and meat products","Gross Production Value (constant 2014-2016 thousand I$)","1000 Int$",2005,0,"Meat of buffalo","no"
NA,NA,"Caribbean",NA,"Meat and meat products","Gross Production Value (constant 2014-2016 thousand I$)","1000 Int$",2006,0,"Meat of buffalo","no"
NA,NA,"Caribbean",NA,"Meat and meat products","Gross Production Value (constant 2014-2016 thousand I$)","1000 Int$",2007,0,"Meat of buffalo","no"
NA,NA,"Caribbean",NA,"Meat and meat products","Gross Production Value (constant 2014-2016 thousand I$)","1000 Int$",2008,0,"Meat of buffalo","no"
NA,NA,"Caribbean",NA,"Meat and meat products","Gross Production Value (constant 2014-2016 thousand I$)","1000 Int$",2009,0,"Meat of buffalo","no"
NA,NA,"Caribbean",NA,"Meat and meat products","Gross Production Value (constant 2014-2016 thousand I$)","1000 Int$",2010,0,"Meat of buffalo","no"
NA,NA,"Caribbean",NA,"Meat and meat products","Gross Production Value (constant 2014-2016 thousand I$)","1000 Int$",2011,0,"Meat of buffalo","no"
NA,NA,"Caribbean",NA,"Meat and meat products","Gross Production Value (constant 2014-2016 thousand I$)","1000 Int$",2012,0,"Meat of buffalo","no"
NA,NA,"Caribbean",NA,"Meat and meat products","Gross Production Value (constant 2014-2016 thousand I$)","1000 Int$",2013,0,"Meat of buffalo","no"
NA,NA,"Caribbean",NA,"Meat and meat products","Gross Production Value (constant 2014-2016 thousand I$)","1000 Int$",2014,0,"Meat of buffalo","no"
NA,NA,"Caribbean",NA,"Meat and meat products","Gross Production Value (constant 2014-2016 thousand I$)","1000 Int$",2015,0,"Meat of buffalo","no"
NA,NA,"Caribbean",NA,"Meat and meat products","Gross Production Value (constant 2014-2016 thousand I$)","1000 Int$",2016,0,"Meat of buffalo","no"
NA,NA,"Caribbean",NA,"Meat and meat products","Gross Production Value (constant 2014-2016 thousand I$)","1000 Int$",2017,0,"Meat of buffalo","no"
NA,NA,"Caribbean",NA,"Meat and meat products","Gross Production Value (constant 2014-2016 thousand I$)","1000 Int$",2018,93,"Meat of buffalo","no"
NA,NA,"Caribbean",NA,"Meat and meat products","Gross Production Value (constant 2014-2016 thousand I$)","1000 Int$",2019,35,"Meat of buffalo","no"
NA,NA,"Caribbean",NA,"Meat and meat products","Gross Production Value (constant 2014-2016 thousand I$)","1000 Int$",2020,48,"Meat of buffalo","no"
NA,NA,"Caribbean",NA,"Meat and meat products","Gross Production Value (constant 2014-2016 thousand I$)","1000 Int$",2021,26,"Meat of buffalo","no"
NA,NA,"Caribbean",NA,"Meat and meat products","Gross Production Value (constant 2014-2016 thousand I$)","1000 Int$",2022,35,"Meat of buffalo","no"
NA,NA,"Caribbean",NA,"Meat and meat products","Gross Production Value (constant 2014-2016 thousand I$)","1000 Int$",2023,26,"Meat of buffalo","no"
NA,NA,"Caribbean",NA,"Meat and meat products","Gross Production Value (constant 2014-2016 thousand I$)","1000 Int$",1992,56496.9375,"Meat of cattle with the bone","no"
NA,NA,"Caribbean",NA,"Meat and meat products","Gross Production Value (constant 2014-2016 thousand I$)","1000 Int$",1993,53238.3125,"Meat of cattle with the bone","no"
NA,NA,"Caribbean",NA,"Meat and meat products","Gross Production Value (constant 2014-2016 thousand I$)","1000 Int$",1994,54222,"Meat of cattle with the bone","no"
NA,NA,"Caribbean",NA,"Meat and meat products","Gross Production Value (constant 2014-2016 thousand I$)","1000 Int$",1995,54788.4375,"Meat of cattle with the bone","no"
NA,NA,"Caribbean",NA,"Meat and meat products","Gross Production Value (constant 2014-2016 thousand I$)","1000 Int$",1996,57310.25,"Meat of cattle with the bone","no"
NA,NA,"Caribbean",NA,"Meat and meat products","Gross Production Value (constant 2014-2016 thousand I$)","1000 Int$",1997,52460.125,"Meat of cattle with the bone","no"
NA,NA,"Caribbean",NA,"Meat and meat products","Gross Production Value (constant 2014-2016 thousand I$)","1000 Int$",1998,54610.125,"Meat of cattle with the bone","no"
NA,NA,"Caribbean",NA,"Meat and meat products","Gross Production Value (constant 2014-2016 thousand I$)","1000 Int$",1999,57604,"Meat of cattle with the bone","no"
NA,NA,"Caribbean",NA,"Meat and meat products","Gross Production Value (constant 2014-2016 thousand I$)","1000 Int$",2000,59981.5625,"Meat of cattle with the bone","no"
NA,NA,"Caribbean",NA,"Meat and meat products","Gross Production Value (constant 2014-2016 thousand I$)","1000 Int$",2001,59155.1875,"Meat of cattle with the bone","no"
NA,NA,"Caribbean",NA,"Meat and meat products","Gross Production Value (constant 2014-2016 thousand I$)","1000 Int$",2002,57080.8125,"Meat of cattle with the bone","no"
NA,NA,"Caribbean",NA,"Meat and meat products","Gross Production Value (constant 2014-2016 thousand I$)","1000 Int$",2003,54202.5,"Meat of cattle with the bone","no"
NA,NA,"Caribbean",NA,"Meat and meat products","Gross Production Value (constant 2014-2016 thousand I$)","1000 Int$",2004,54221.8125,"Meat of cattle with the bone","no"
NA,NA,"Caribbean",NA,"Meat and meat products","Gross Production Value (constant 2014-2016 thousand I$)","1000 Int$",2005,54508.125,"Meat of cattle with the bone","no"
NA,NA,"Caribbean",NA,"Meat and meat products","Gross Production Value (constant 2014-2016 thousand I$)","1000 Int$",2006,55632.9375,"Meat of cattle with the bone","no"
NA,NA,"Caribbean",NA,"Meat and meat products","Gross Production Value (constant 2014-2016 thousand I$)","1000 Int$",2007,58221.875,"Meat of cattle with the bone","no"
NA,NA,"Caribbean",NA,"Meat and meat products","Gross Production Value (constant 2014-2016 thousand I$)","1000 Int$",2008,59845.0625,"Meat of cattle with the bone","no"
NA,NA,"Caribbean",NA,"Meat and meat products","Gross Production Value (constant 2014-2016 thousand I$)","1000 Int$",2009,61309.5,"Meat of cattle with the bone","no"
NA,NA,"Caribbean",NA,"Meat and meat products","Gross Production Value (constant 2014-2016 thousand I$)","1000 Int$",2010,64009.0625,"Meat of cattle with the bone","no"
NA,NA,"Caribbean",NA,"Meat and meat products","Gross Production Value (constant 2014-2016 thousand I$)","1000 Int$",2011,61649.4375,"Meat of cattle with the bone","no"
NA,NA,"Caribbean",NA,"Meat and meat products","Gross Production Value (constant 2014-2016 thousand I$)","1000 Int$",2012,60241.5625,"Meat of cattle with the bone","no"
NA,NA,"Caribbean",NA,"Meat and meat products","Gross Production Value (constant 2014-2016 thousand I$)","1000 Int$",2013,61682.625,"Meat of cattle with the bone","no"
NA,NA,"Caribbean",NA,"Meat and meat products","Gross Production Value (constant 2014-2016 thousand I$)","1000 Int$",2014,56639.625,"Meat of cattle with the bone","no"
NA,NA,"Caribbean",NA,"Meat and meat products","Gross Production Value (constant 2014-2016 thousand I$)","1000 Int$",2015,62785.25,"Meat of cattle with the bone","no"
NA,NA,"Caribbean",NA,"Meat and meat products","Gross Production Value (constant 2014-2016 thousand I$)","1000 Int$",2016,64005.875,"Meat of cattle with the bone","no"
NA,NA,"Caribbean",NA,"Meat and meat products","Gross Production Value (constant 2014-2016 thousand I$)","1000 Int$",2017,54609.375,"Meat of cattle with the bone","no"
NA,NA,"Caribbean",NA,"Meat and meat products","Gross Production Value (constant 2014-2016 thousand I$)","1000 Int$",2018,57685.3125,"Meat of cattle with the bone","no"
NA,NA,"Caribbean",NA,"Meat and meat products","Gross Production Value (constant 2014-2016 thousand I$)","1000 Int$",2019,53024.6875,"Meat of cattle with the bone","no"
NA,NA,"Caribbean",NA,"Meat and meat products","Gross Production Value (constant 2014-2016 thousand I$)","1000 Int$",2020,51623.625,"Meat of cattle with the bone","no"
NA,NA,"Caribbean",NA,"Meat and meat products","Gross Production Value (constant 2014-2016 thousand I$)","1000 Int$",2021,55752.0625,"Meat of cattle with the bone","no"
NA,NA,"Caribbean",NA,"Meat and meat products","Gross Production Value (constant 2014-2016 thousand I$)","1000 Int$",2022,56868.1875,"Meat of cattle with the bone","no"
NA,NA,"Caribbean",NA,"Meat and meat products","Gross Production Value (constant 2014-2016 thousand I$)","1000 Int$",2023,55914.6875,"Meat of cattle with the bone","no"
NA,NA,"Caribbean",NA,"Meat and meat products","Gross Production Value (constant 2014-2016 thousand US$)","1000 USD",1992,63758.11111111111,"Meat of cattle with the bone","no"
NA,NA,"Caribbean",NA,"Meat and meat products","Gross Production Value (constant 2014-2016 thousand US$)","1000 USD",1993,61700.88888888889,"Meat of cattle with the bone","no"
NA,NA,"Caribbean",NA,"Meat and meat products","Gross Production Value (constant 2014-2016 thousand US$)","1000 USD",1994,64112,"Meat of cattle with the bone","no"
NA,NA,"Caribbean",NA,"Meat and meat products","Gross Production Value (constant 2014-2016 thousand US$)","1000 USD",1995,63414.88888888889,"Meat of cattle with the bone","no"
NA,NA,"Caribbean",NA,"Meat and meat products","Gross Production Value (constant 2014-2016 thousand US$)","1000 USD",1996,61659.11111111111,"Meat of cattle with the bone","no"
NA,NA,"Caribbean",NA,"Meat and meat products","Gross Production Value (constant 2014-2016 thousand US$)","1000 USD",1997,55637.22222222222,"Meat of cattle with the bone","no"
NA,NA,"Caribbean",NA,"Meat and meat products","Gross Production Value (constant 2014-2016 thousand US$)","1000 USD",1998,54035.666666666664,"Meat of cattle with the bone","no"
NA,NA,"Caribbean",NA,"Meat and meat products","Gross Production Value (constant 2014-2016 thousand US$)","1000 USD",1999,61866.444444444445,"Meat of cattle with the bone","no"
NA,NA,"Caribbean",NA,"Meat and meat products","Gross Production Value (constant 2014-2016 thousand US$)","1000 USD",2000,59707.333333333336,"Meat of cattle with the bone","no"
NA,NA,"Caribbean",NA,"Meat and meat products","Gross Production Value (constant 2014-2016 thousand US$)","1000 USD",2001,56166.77777777778,"Meat of cattle with the bone","no"
NA,NA,"Caribbean",NA,"Meat and meat products","Gross Production Value (constant 2014-2016 thousand US$)","1000 USD",2002,54305.22222222222,"Meat of cattle with the bone","no"
NA,NA,"Caribbean",NA,"Meat and meat products","Gross Production Value (constant 2014-2016 thousand US$)","1000 USD",2003,52772.11111111111,"Meat of cattle with the bone","no"
NA,NA,"Caribbean",NA,"Meat and meat products","Gross Production Value (constant 2014-2016 thousand US$)","1000 USD",2004,56563.77777777778,"Meat of cattle with the bone","no"
NA,NA,"Caribbean",NA,"Meat and meat products","Gross Production Value (constant 2014-2016 thousand US$)","1000 USD",2005,52173.666666666664,"Meat of cattle with the bone","no"
NA,NA,"Caribbean",NA,"Meat and meat products","Gross Production Value (constant 2014-2016 thousand US$)","1000 USD",2006,57632.22222222222,"Meat of cattle with the bone","no"
NA,NA,"Caribbean",NA,"Meat and meat products","Gross Production Value (constant 2014-2016 thousand US$)","1000 USD",2007,63926,"Meat of cattle with the bone","no"
NA,NA,"Caribbean",NA,"Meat and meat products","Gross Production Value (constant 2014-2016 thousand US$)","1000 USD",2008,62962.666666666664,"Meat of cattle with the bone","no"
NA,NA,"Caribbean",NA,"Meat and meat products","Gross Production Value (constant 2014-2016 thousand US$)","1000 USD",2009,65268.11111111111,"Meat of cattle with the bone","no"
NA,NA,"Caribbean",NA,"Meat and meat products","Gross Production Value (constant 2014-2016 thousand US$)","1000 USD",2010,68943.55555555556,"Meat of cattle with the bone","no"
NA,NA,"Caribbean",NA,"Meat and meat products","Gross Production Value (constant 2014-2016 thousand US$)","1000 USD",2011,62563.555555555555,"Meat of cattle with the bone","no"
NA,NA,"Caribbean",NA,"Meat and meat products","Gross Production Value (constant 2014-2016 thousand US$)","1000 USD",2012,58685.444444444445,"Meat of cattle with the bone","no"
NA,NA,"Caribbean",NA,"Meat and meat products","Gross Production Value (constant 2014-2016 thousand US$)","1000 USD",2013,60966.11111111111,"Meat of cattle with the bone","no"
NA,NA,"Caribbean",NA,"Meat and meat products","Gross Production Value (constant 2014-2016 thousand US$)","1000 USD",2014,50559.88888888889,"Meat of cattle with the bone","no"
NA,NA,"Caribbean",NA,"Meat and meat products","Gross Production Value (constant 2014-2016 thousand US$)","1000 USD",2015,58440.333333333336,"Meat of cattle with the bone","no"
NA,NA,"Caribbean",NA,"Meat and meat products","Gross Production Value (constant 2014-2016 thousand US$)","1000 USD",2016,55982.444444444445,"Meat of cattle with the bone","no"
NA,NA,"Caribbean",NA,"Meat and meat products","Gross Production Value (constant 2014-2016 thousand US$)","1000 USD",2017,39485.333333333336,"Meat of cattle with the bone","no"
NA,NA,"Caribbean",NA,"Meat and meat products","Gross Production Value (constant 2014-2016 thousand US$)","1000 USD",2018,41735.333333333336,"Meat of cattle with the bone","no"
NA,NA,"Caribbean",NA,"Meat and meat products","Gross Production Value (constant 2014-2016 thousand US$)","1000 USD",2019,42190.88888888889,"Meat of cattle with the bone","no"
NA,NA,"Caribbean",NA,"Meat and meat products","Gross Production Value (constant 2014-2016 thousand US$)","1000 USD",2020,42803.555555555555,"Meat of cattle with the bone","no"
NA,NA,"Caribbean",NA,"Meat and meat products","Gross Production Value (constant 2014-2016 thousand US$)","1000 USD",2021,40235.333333333336,"Meat of cattle with the bone","no"
NA,NA,"Caribbean",NA,"Meat and meat products","Gross Production Value (constant 2014-2016 thousand US$)","1000 USD",2022,39583.22222222222,"Meat of cattle with the bone","no"
NA,NA,"Caribbean",NA,"Meat and meat products","Gross Production Value (constant 2014-2016 thousand US$)","1000 USD",2023,41742.555555555555,"Meat of cattle with the bone","no"
NA,NA,"Caribbean",NA,"Meat and meat products","Gross Production Value (constant 2014-2016 thousand I$)","1000 Int$",1992,46492.75,"Meat of chickens","no"
NA,NA,"Caribbean",NA,"Meat and meat products","Gross Production Value (constant 2014-2016 thousand I$)","1000 Int$",1993,46907.125,"Meat of chickens","no"
NA,NA,"Caribbean",NA,"Meat and meat products","Gross Production Value (constant 2014-2016 thousand I$)","1000 Int$",1994,41926.9375,"Meat of chickens","no"
NA,NA,"Caribbean",NA,"Meat and meat products","Gross Production Value (constant 2014-2016 thousand I$)","1000 Int$",1995,42412.5625,"Meat of chickens","no"
NA,NA,"Caribbean",NA,"Meat and meat products","Gross Production Value (constant 2014-2016 thousand I$)","1000 Int$",1996,45264.625,"Meat of chickens","no"
NA,NA,"Caribbean",NA,"Meat and meat products","Gross Production Value (constant 2014-2016 thousand I$)","1000 Int$",1997,46493.625,"Meat of chickens","no"
NA,NA,"Caribbean",NA,"Meat and meat products","Gross Production Value (constant 2014-2016 thousand I$)","1000 Int$",1998,48167.625,"Meat of chickens","no"
NA,NA,"Caribbean",NA,"Meat and meat products","Gross Production Value (constant 2014-2016 thousand I$)","1000 Int$",1999,50911.6875,"Meat of chickens","no"
NA,NA,"Caribbean",NA,"Meat and meat products","Gross Production Value (constant 2014-2016 thousand I$)","1000 Int$",2000,56274,"Meat of chickens","no"
NA,NA,"Caribbean",NA,"Meat and meat products","Gross Production Value (constant 2014-2016 thousand I$)","1000 Int$",2001,65058.5,"Meat of chickens","no"
NA,NA,"Caribbean",NA,"Meat and meat products","Gross Production Value (constant 2014-2016 thousand I$)","1000 Int$",2002,61154.375,"Meat of chickens","no"
NA,NA,"Caribbean",NA,"Meat and meat products","Gross Production Value (constant 2014-2016 thousand I$)","1000 Int$",2003,58748.1875,"Meat of chickens","no"
NA,NA,"Caribbean",NA,"Meat and meat products","Gross Production Value (constant 2014-2016 thousand I$)","1000 Int$",2004,64472.4375,"Meat of chickens","no"
NA,NA,"Caribbean",NA,"Meat and meat products","Gross Production Value (constant 2014-2016 thousand I$)","1000 Int$",2005,72388.3125,"Meat of chickens","no"
NA,NA,"Caribbean",NA,"Meat and meat products","Gross Production Value (constant 2014-2016 thousand I$)","1000 Int$",2006,74368.75,"Meat of chickens","no"
NA,NA,"Caribbean",NA,"Meat and meat products","Gross Production Value (constant 2014-2016 thousand I$)","1000 Int$",2007,77153.5625,"Meat of chickens","no"
NA,NA,"Caribbean",NA,"Meat and meat products","Gross Production Value (constant 2014-2016 thousand I$)","1000 Int$",2008,72247.625,"Meat of chickens","no"
NA,NA,"Caribbean",NA,"Meat and meat products","Gross Production Value (constant 2014-2016 thousand I$)","1000 Int$",2009,73824.5625,"Meat of chickens","no"
NA,NA,"Caribbean",NA,"Meat and meat products","Gross Production Value (constant 2014-2016 thousand I$)","1000 Int$",2010,66888.25,"Meat of chickens","no"
NA,NA,"Caribbean",NA,"Meat and meat products","Gross Production Value (constant 2014-2016 thousand I$)","1000 Int$",2011,67179.4375,"Meat of chickens","no"
NA,NA,"Caribbean",NA,"Meat and meat products","Gross Production Value (constant 2014-2016 thousand I$)","1000 Int$",2012,64753.1875,"Meat of chickens","no"
NA,NA,"Caribbean",NA,"Meat and meat products","Gross Production Value (constant 2014-2016 thousand I$)","1000 Int$",2013,66409.4375,"Meat of chickens","no"
NA,NA,"Caribbean",NA,"Meat and meat products","Gross Production Value (constant 2014-2016 thousand I$)","1000 Int$",2014,69582.4375,"Meat of chickens","no"
NA,NA,"Caribbean",NA,"Meat and meat products","Gross Production Value (constant 2014-2016 thousand I$)","1000 Int$",2015,69095.4375,"Meat of chickens","no"
NA,NA,"Caribbean",NA,"Meat and meat products","Gross Production Value (constant 2014-2016 thousand I$)","1000 Int$",2016,72659.3125,"Meat of chickens","no"
NA,NA,"Caribbean",NA,"Meat and meat products","Gross Production Value (constant 2014-2016 thousand I$)","1000 Int$",2017,75103.125,"Meat of chickens","no"
NA,NA,"Caribbean",NA,"Meat and meat products","Gross Production Value (constant 2014-2016 thousand I$)","1000 Int$",2018,77104.125,"Meat of chickens","no"
NA,NA,"Caribbean",NA,"Meat and meat products","Gross Production Value (constant 2014-2016 thousand I$)","1000 Int$",2019,75329.375,"Meat of chickens","no"
NA,NA,"Caribbean",NA,"Meat and meat products","Gross Production Value (constant 2014-2016 thousand I$)","1000 Int$",2020,64813.5625,"Meat of chickens","no"
NA,NA,"Caribbean",NA,"Meat and meat products","Gross Production Value (constant 2014-2016 thousand I$)","1000 Int$",2021,70429.1875,"Meat of chickens","no"
NA,NA,"Caribbean",NA,"Meat and meat products","Gross Production Value (constant 2014-2016 thousand I$)","1000 Int$",2022,75392.0625,"Meat of chickens","no"
NA,NA,"Caribbean",NA,"Meat and meat products","Gross Production Value (constant 2014-2016 thousand I$)","1000 Int$",2023,77880.3125,"Meat of chickens","no"
NA,NA,"Caribbean",NA,"Meat and meat products","Gross Production Value (constant 2014-2016 thousand US$)","1000 USD",1992,104079.66666666667,"Meat of chickens","no"
NA,NA,"Caribbean",NA,"Meat and meat products","Gross Production Value (constant 2014-2016 thousand US$)","1000 USD",1993,108387.44444444444,"Meat of chickens","no"
NA,NA,"Caribbean",NA,"Meat and meat products","Gross Production Value (constant 2014-2016 thousand US$)","1000 USD",1994,91808.88888888889,"Meat of chickens","no"
NA,NA,"Caribbean",NA,"Meat and meat products","Gross Production Value (constant 2014-2016 thousand US$)","1000 USD",1995,93551.55555555556,"Meat of chickens","no"
NA,NA,"Caribbean",NA,"Meat and meat products","Gross Production Value (constant 2014-2016 thousand US$)","1000 USD",1996,98782.88888888889,"Meat of chickens","no"
NA,NA,"Caribbean",NA,"Meat and meat products","Gross Production Value (constant 2014-2016 thousand US$)","1000 USD",1997,99486.22222222222,"Meat of chickens","no"
NA,NA,"Caribbean",NA,"Meat and meat products","Gross Production Value (constant 2014-2016 thousand US$)","1000 USD",1998,103081.11111111111,"Meat of chickens","no"
NA,NA,"Caribbean",NA,"Meat and meat products","Gross Production Value (constant 2014-2016 thousand US$)","1000 USD",1999,109552.77777777778,"Meat of chickens","no"
NA,NA,"Caribbean",NA,"Meat and meat products","Gross Production Value (constant 2014-2016 thousand US$)","1000 USD",2000,126330.44444444444,"Meat of chickens","no"
NA,NA,"Caribbean",NA,"Meat and meat products","Gross Production Value (constant 2014-2016 thousand US$)","1000 USD",2001,154662.44444444444,"Meat of chickens","no"
NA,NA,"Caribbean",NA,"Meat and meat products","Gross Production Value (constant 2014-2016 thousand US$)","1000 USD",2002,152638.55555555556,"Meat of chickens","no"
NA,NA,"Caribbean",NA,"Meat and meat products","Gross Production Value (constant 2014-2016 thousand US$)","1000 USD",2003,144593.33333333334,"Meat of chickens","no"
NA,NA,"Caribbean",NA,"Meat and meat products","Gross Production Value (constant 2014-2016 thousand US$)","1000 USD",2004,159695.44444444444,"Meat of chickens","no"
NA,NA,"Caribbean",NA,"Meat and meat products","Gross Production Value (constant 2014-2016 thousand US$)","1000 USD",2005,183557.66666666666,"Meat of chickens","no"
NA,NA,"Caribbean",NA,"Meat and meat products","Gross Production Value (constant 2014-2016 thousand US$)","1000 USD",2006,183855,"Meat of chickens","no"
NA,NA,"Caribbean",NA,"Meat and meat products","Gross Production Value (constant 2014-2016 thousand US$)","1000 USD",2007,193086.55555555556,"Meat of chickens","no"
NA,NA,"Caribbean",NA,"Meat and meat products","Gross Production Value (constant 2014-2016 thousand US$)","1000 USD",2008,179707.11111111112,"Meat of chickens","no"
NA,NA,"Caribbean",NA,"Meat and meat products","Gross Production Value (constant 2014-2016 thousand US$)","1000 USD",2009,186181.88888888888,"Meat of chickens","no"
NA,NA,"Caribbean",NA,"Meat and meat products","Gross Production Value (constant 2014-2016 thousand US$)","1000 USD",2010,169424.33333333334,"Meat of chickens","no"
NA,NA,"Caribbean",NA,"Meat and meat products","Gross Production Value (constant 2014-2016 thousand US$)","1000 USD",2011,169909,"Meat of chickens","no"
NA,NA,"Caribbean",NA,"Meat and meat products","Gross Production Value (constant 2014-2016 thousand US$)","1000 USD",2012,163198.33333333334,"Meat of chickens","no"
NA,NA,"Caribbean",NA,"Meat and meat products","Gross Production Value (constant 2014-2016 thousand US$)","1000 USD",2013,169091.44444444444,"Meat of chickens","no"
NA,NA,"Caribbean",NA,"Meat and meat products","Gross Production Value (constant 2014-2016 thousand US$)","1000 USD",2014,177852.33333333334,"Meat of chickens","no"
NA,NA,"Caribbean",NA,"Meat and meat products","Gross Production Value (constant 2014-2016 thousand US$)","1000 USD",2015,170643,"Meat of chickens","no"
NA,NA,"Caribbean",NA,"Meat and meat products","Gross Production Value (constant 2014-2016 thousand US$)","1000 USD",2016,181512.22222222222,"Meat of chickens","no"
NA,NA,"Caribbean",NA,"Meat and meat products","Gross Production Value (constant 2014-2016 thousand US$)","1000 USD",2017,189348.22222222222,"Meat of chickens","no"
NA,NA,"Caribbean",NA,"Meat and meat products","Gross Production Value (constant 2014-2016 thousand US$)","1000 USD",2018,196184.33333333334,"Meat of chickens","no"
NA,NA,"Caribbean",NA,"Meat and meat products","Gross Production Value (constant 2014-2016 thousand US$)","1000 USD",2019,187706,"Meat of chickens","no"
NA,NA,"Caribbean",NA,"Meat and meat products","Gross Production Value (constant 2014-2016 thousand US$)","1000 USD",2020,157785.22222222222,"Meat of chickens","no"
NA,NA,"Caribbean",NA,"Meat and meat products","Gross Production Value (constant 2014-2016 thousand US$)","1000 USD",2021,176594.44444444444,"Meat of chickens","no"
NA,NA,"Caribbean",NA,"Meat and meat products","Gross Production Value (constant 2014-2016 thousand US$)","1000 USD",2022,186826.22222222222,"Meat of chickens","no"
NA,NA,"Caribbean",NA,"Meat and meat products","Gross Production Value (constant 2014-2016 thousand US$)","1000 USD",2023,193960.44444444444,"Meat of chickens","no"
NA,NA,"Caribbean",NA,"Meat and meat products","Gross Production Value (constant 2014-2016 thousand I$)","1000 Int$",1992,92,"Meat of ducks","no"
NA,NA,"Caribbean",NA,"Meat and meat products","Gross Production Value (constant 2014-2016 thousand I$)","1000 Int$",1993,92,"Meat of ducks","no"
NA,NA,"Caribbean",NA,"Meat and meat products","Gross Production Value (constant 2014-2016 thousand I$)","1000 Int$",1994,92,"Meat of ducks","no"
NA,NA,"Caribbean",NA,"Meat and meat products","Gross Production Value (constant 2014-2016 thousand I$)","1000 Int$",1995,92,"Meat of ducks","no"
NA,NA,"Caribbean",NA,"Meat and meat products","Gross Production Value (constant 2014-2016 thousand I$)","1000 Int$",1996,92,"Meat of ducks","no"
NA,NA,"Caribbean",NA,"Meat and meat products","Gross Production Value (constant 2014-2016 thousand I$)","1000 Int$",1997,92,"Meat of ducks","no"
NA,NA,"Caribbean",NA,"Meat and meat products","Gross Production Value (constant 2014-2016 thousand I$)","1000 Int$",1998,88,"Meat of ducks","no"
NA,NA,"Caribbean",NA,"Meat and meat products","Gross Production Value (constant 2014-2016 thousand I$)","1000 Int$",1999,92,"Meat of ducks","no"
NA,NA,"Caribbean",NA,"Meat and meat products","Gross Production Value (constant 2014-2016 thousand I$)","1000 Int$",2000,92,"Meat of ducks","no"
NA,NA,"Caribbean",NA,"Meat and meat products","Gross Production Value (constant 2014-2016 thousand I$)","1000 Int$",2001,95.66666666666667,"Meat of ducks","no"
NA,NA,"Caribbean",NA,"Meat and meat products","Gross Production Value (constant 2014-2016 thousand I$)","1000 Int$",2002,95,"Meat of ducks","no"
NA,NA,"Caribbean",NA,"Meat and meat products","Gross Production Value (constant 2014-2016 thousand I$)","1000 Int$",2003,100.33333333333333,"Meat of ducks","no"
NA,NA,"Caribbean",NA,"Meat and meat products","Gross Production Value (constant 2014-2016 thousand I$)","1000 Int$",2004,99,"Meat of ducks","no"
NA,NA,"Caribbean",NA,"Meat and meat products","Gross Production Value (constant 2014-2016 thousand I$)","1000 Int$",2005,98,"Meat of ducks","no"
NA,NA,"Caribbean",NA,"Meat and meat products","Gross Production Value (constant 2014-2016 thousand I$)","1000 Int$",2006,99,"Meat of ducks","no"
NA,NA,"Caribbean",NA,"Meat and meat products","Gross Production Value (constant 2014-2016 thousand I$)","1000 Int$",2007,95.66666666666667,"Meat of ducks","no"
NA,NA,"Caribbean",NA,"Meat and meat products","Gross Production Value (constant 2014-2016 thousand I$)","1000 Int$",2008,95.66666666666667,"Meat of ducks","no"
NA,NA,"Caribbean",NA,"Meat and meat products","Gross Production Value (constant 2014-2016 thousand I$)","1000 Int$",2009,95.66666666666667,"Meat of ducks","no"
NA,NA,"Caribbean",NA,"Meat and meat products","Gross Production Value (constant 2014-2016 thousand I$)","1000 Int$",2010,95.66666666666667,"Meat of ducks","no"
NA,NA,"Caribbean",NA,"Meat and meat products","Gross Production Value (constant 2014-2016 thousand I$)","1000 Int$",2011,95.66666666666667,"Meat of ducks","no"
NA,NA,"Caribbean",NA,"Meat and meat products","Gross Production Value (constant 2014-2016 thousand I$)","1000 Int$",2012,95.66666666666667,"Meat of ducks","no"
NA,NA,"Caribbean",NA,"Meat and meat products","Gross Production Value (constant 2014-2016 thousand I$)","1000 Int$",2013,95.66666666666667,"Meat of ducks","no"
NA,NA,"Caribbean",NA,"Meat and meat products","Gross Production Value (constant 2014-2016 thousand I$)","1000 Int$",2014,121,"Meat of ducks","no"
NA,NA,"Caribbean",NA,"Meat and meat products","Gross Production Value (constant 2014-2016 thousand I$)","1000 Int$",2015,135.33333333333334,"Meat of ducks","no"
NA,NA,"Caribbean",NA,"Meat and meat products","Gross Production Value (constant 2014-2016 thousand I$)","1000 Int$",2016,199.66666666666666,"Meat of ducks","no"
NA,NA,"Caribbean",NA,"Meat and meat products","Gross Production Value (constant 2014-2016 thousand I$)","1000 Int$",2017,155.33333333333334,"Meat of ducks","no"
NA,NA,"Caribbean",NA,"Meat and meat products","Gross Production Value (constant 2014-2016 thousand I$)","1000 Int$",2018,144.33333333333334,"Meat of ducks","no"
NA,NA,"Caribbean",NA,"Meat and meat products","Gross Production Value (constant 2014-2016 thousand I$)","1000 Int$",2019,154.33333333333334,"Meat of ducks","no"
NA,NA,"Caribbean",NA,"Meat and meat products","Gross Production Value (constant 2014-2016 thousand I$)","1000 Int$",2020,155.66666666666666,"Meat of ducks","no"
NA,NA,"Caribbean",NA,"Meat and meat products","Gross Production Value (constant 2014-2016 thousand I$)","1000 Int$",2021,162.66666666666666,"Meat of ducks","no"
NA,NA,"Caribbean",NA,"Meat and meat products","Gross Production Value (constant 2014-2016 thousand I$)","1000 Int$",2022,166.66666666666666,"Meat of ducks","no"
NA,NA,"Caribbean",NA,"Meat and meat products","Gross Production Value (constant 2014-2016 thousand I$)","1000 Int$",2023,171,"Meat of ducks","no"
NA,NA,"Caribbean",NA,"Meat and meat products","Gross Production Value (constant 2014-2016 thousand I$)","1000 Int$",1992,42.5,"Meat of geese","no"
NA,NA,"Caribbean",NA,"Meat and meat products","Gross Production Value (constant 2014-2016 thousand I$)","1000 Int$",1993,42.5,"Meat of geese","no"
NA,NA,"Caribbean",NA,"Meat and meat products","Gross Production Value (constant 2014-2016 thousand I$)","1000 Int$",1994,42.5,"Meat of geese","no"
NA,NA,"Caribbean",NA,"Meat and meat products","Gross Production Value (constant 2014-2016 thousand I$)","1000 Int$",1995,42.5,"Meat of geese","no"
NA,NA,"Caribbean",NA,"Meat and meat products","Gross Production Value (constant 2014-2016 thousand I$)","1000 Int$",1996,42.5,"Meat of geese","no"
NA,NA,"Caribbean",NA,"Meat and meat products","Gross Production Value (constant 2014-2016 thousand I$)","1000 Int$",1997,42.5,"Meat of geese","no"
NA,NA,"Caribbean",NA,"Meat and meat products","Gross Production Value (constant 2014-2016 thousand I$)","1000 Int$",1998,42.5,"Meat of geese","no"
NA,NA,"Caribbean",NA,"Meat and meat products","Gross Production Value (constant 2014-2016 thousand I$)","1000 Int$",1999,42.5,"Meat of geese","no"
NA,NA,"Caribbean",NA,"Meat and meat products","Gross Production Value (constant 2014-2016 thousand I$)","1000 Int$",2000,42.5,"Meat of geese","no"
NA,NA,"Caribbean",NA,"Meat and meat products","Gross Production Value (constant 2014-2016 thousand I$)","1000 Int$",2001,49,"Meat of geese","no"
NA,NA,"Caribbean",NA,"Meat and meat products","Gross Production Value (constant 2014-2016 thousand I$)","1000 Int$",2002,49,"Meat of geese","no"
NA,NA,"Caribbean",NA,"Meat and meat products","Gross Production Value (constant 2014-2016 thousand I$)","1000 Int$",2003,55.5,"Meat of geese","no"
NA,NA,"Caribbean",NA,"Meat and meat products","Gross Production Value (constant 2014-2016 thousand I$)","1000 Int$",2004,55.5,"Meat of geese","no"
NA,NA,"Caribbean",NA,"Meat and meat products","Gross Production Value (constant 2014-2016 thousand I$)","1000 Int$",2005,55.5,"Meat of geese","no"
NA,NA,"Caribbean",NA,"Meat and meat products","Gross Production Value (constant 2014-2016 thousand I$)","1000 Int$",2006,55.5,"Meat of geese","no"
NA,NA,"Caribbean",NA,"Meat and meat products","Gross Production Value (constant 2014-2016 thousand I$)","1000 Int$",2007,55.5,"Meat of geese","no"
NA,NA,"Caribbean",NA,"Meat and meat products","Gross Production Value (constant 2014-2016 thousand I$)","1000 Int$",2008,55.5,"Meat of geese","no"
NA,NA,"Caribbean",NA,"Meat and meat products","Gross Production Value (constant 2014-2016 thousand I$)","1000 Int$",2009,55.5,"Meat of geese","no"
NA,NA,"Caribbean",NA,"Meat and meat products","Gross Production Value (constant 2014-2016 thousand I$)","1000 Int$",2010,55.5,"Meat of geese","no"
NA,NA,"Caribbean",NA,"Meat and meat products","Gross Production Value (constant 2014-2016 thousand I$)","1000 Int$",2011,55.5,"Meat of geese","no"
NA,NA,"Caribbean",NA,"Meat and meat products","Gross Production Value (constant 2014-2016 thousand I$)","1000 Int$",2012,55.5,"Meat of geese","no"
NA,NA,"Caribbean",NA,"Meat and meat products","Gross Production Value (constant 2014-2016 thousand I$)","1000 Int$",2013,55.5,"Meat of geese","no"
NA,NA,"Caribbean",NA,"Meat and meat products","Gross Production Value (constant 2014-2016 thousand I$)","1000 Int$",2014,55.5,"Meat of geese","no"
NA,NA,"Caribbean",NA,"Meat and meat products","Gross Production Value (constant 2014-2016 thousand I$)","1000 Int$",2015,55.5,"Meat of geese","no"
NA,NA,"Caribbean",NA,"Meat and meat products","Gross Production Value (constant 2014-2016 thousand I$)","1000 Int$",2016,55.5,"Meat of geese","no"
NA,NA,"Caribbean",NA,"Meat and meat products","Gross Production Value (constant 2014-2016 thousand I$)","1000 Int$",2017,56,"Meat of geese","no"
NA,NA,"Caribbean",NA,"Meat and meat products","Gross Production Value (constant 2014-2016 thousand I$)","1000 Int$",2018,56,"Meat of geese","no"
NA,NA,"Caribbean",NA,"Meat and meat products","Gross Production Value (constant 2014-2016 thousand I$)","1000 Int$",2019,56,"Meat of geese","no"
NA,NA,"Caribbean",NA,"Meat and meat products","Gross Production Value (constant 2014-2016 thousand I$)","1000 Int$",2020,56,"Meat of geese","no"
NA,NA,"Caribbean",NA,"Meat and meat products","Gross Production Value (constant 2014-2016 thousand I$)","1000 Int$",2021,56,"Meat of geese","no"
NA,NA,"Caribbean",NA,"Meat and meat products","Gross Production Value (constant 2014-2016 thousand I$)","1000 Int$",2022,56,"Meat of geese","no"
NA,NA,"Caribbean",NA,"Meat and meat products","Gross Production Value (constant 2014-2016 thousand I$)","1000 Int$",2023,56,"Meat of geese","no"
NA,NA,"Caribbean",NA,"Meat and meat products","Gross Production Value (constant 2014-2016 thousand I$)","1000 Int$",1992,2495.4375,"Meat of goat","no"
NA,NA,"Caribbean",NA,"Meat and meat products","Gross Production Value (constant 2014-2016 thousand I$)","1000 Int$",1993,2493.125,"Meat of goat","no"
NA,NA,"Caribbean",NA,"Meat and meat products","Gross Production Value (constant 2014-2016 thousand I$)","1000 Int$",1994,2444.0625,"Meat of goat","no"
NA,NA,"Caribbean",NA,"Meat and meat products","Gross Production Value (constant 2014-2016 thousand I$)","1000 Int$",1995,2335.75,"Meat of goat","no"
NA,NA,"Caribbean",NA,"Meat and meat products","Gross Production Value (constant 2014-2016 thousand I$)","1000 Int$",1996,2508.3125,"Meat of goat","no"
NA,NA,"Caribbean",NA,"Meat and meat products","Gross Production Value (constant 2014-2016 thousand I$)","1000 Int$",1997,2710.5,"Meat of goat","no"
NA,NA,"Caribbean",NA,"Meat and meat products","Gross Production Value (constant 2014-2016 thousand I$)","1000 Int$",1998,2977.125,"Meat of goat","no"
NA,NA,"Caribbean",NA,"Meat and meat products","Gross Production Value (constant 2014-2016 thousand I$)","1000 Int$",1999,2982.125,"Meat of goat","no"
NA,NA,"Caribbean",NA,"Meat and meat products","Gross Production Value (constant 2014-2016 thousand I$)","1000 Int$",2000,3558.1875,"Meat of goat","no"
NA,NA,"Caribbean",NA,"Meat and meat products","Gross Production Value (constant 2014-2016 thousand I$)","1000 Int$",2001,3685.4375,"Meat of goat","no"
NA,NA,"Caribbean",NA,"Meat and meat products","Gross Production Value (constant 2014-2016 thousand I$)","1000 Int$",2002,3852.4375,"Meat of goat","no"
NA,NA,"Caribbean",NA,"Meat and meat products","Gross Production Value (constant 2014-2016 thousand I$)","1000 Int$",2003,3931,"Meat of goat","no"
NA,NA,"Caribbean",NA,"Meat and meat products","Gross Production Value (constant 2014-2016 thousand I$)","1000 Int$",2004,3946.8125,"Meat of goat","no"
NA,NA,"Caribbean",NA,"Meat and meat products","Gross Production Value (constant 2014-2016 thousand I$)","1000 Int$",2005,4229.9375,"Meat of goat","no"
NA,NA,"Caribbean",NA,"Meat and meat products","Gross Production Value (constant 2014-2016 thousand I$)","1000 Int$",2006,3813.5,"Meat of goat","no"
NA,NA,"Caribbean",NA,"Meat and meat products","Gross Production Value (constant 2014-2016 thousand I$)","1000 Int$",2007,4221.125,"Meat of goat","no"
NA,NA,"Caribbean",NA,"Meat and meat products","Gross Production Value (constant 2014-2016 thousand I$)","1000 Int$",2008,4549,"Meat of goat","no"
NA,NA,"Caribbean",NA,"Meat and meat products","Gross Production Value (constant 2014-2016 thousand I$)","1000 Int$",2009,4107.25,"Meat of goat","no"
NA,NA,"Caribbean",NA,"Meat and meat products","Gross Production Value (constant 2014-2016 thousand I$)","1000 Int$",2010,3825.75,"Meat of goat","no"
NA,NA,"Caribbean",NA,"Meat and meat products","Gross Production Value (constant 2014-2016 thousand I$)","1000 Int$",2011,3880.0625,"Meat of goat","no"
NA,NA,"Caribbean",NA,"Meat and meat products","Gross Production Value (constant 2014-2016 thousand I$)","1000 Int$",2012,3975.75,"Meat of goat","no"
NA,NA,"Caribbean",NA,"Meat and meat products","Gross Production Value (constant 2014-2016 thousand I$)","1000 Int$",2013,3840.875,"Meat of goat","no"
NA,NA,"Caribbean",NA,"Meat and meat products","Gross Production Value (constant 2014-2016 thousand I$)","1000 Int$",2014,4012,"Meat of goat","no"
NA,NA,"Caribbean",NA,"Meat and meat products","Gross Production Value (constant 2014-2016 thousand I$)","1000 Int$",2015,3809.1875,"Meat of goat","no"
NA,NA,"Caribbean",NA,"Meat and meat products","Gross Production Value (constant 2014-2016 thousand I$)","1000 Int$",2016,4350.3125,"Meat of goat","no"
NA,NA,"Caribbean",NA,"Meat and meat products","Gross Production Value (constant 2014-2016 thousand I$)","1000 Int$",2017,3987.25,"Meat of goat","no"
NA,NA,"Caribbean",NA,"Meat and meat products","Gross Production Value (constant 2014-2016 thousand I$)","1000 Int$",2018,3843.625,"Meat of goat","no"
NA,NA,"Caribbean",NA,"Meat and meat products","Gross Production Value (constant 2014-2016 thousand I$)","1000 Int$",2019,5215.5625,"Meat of goat","no"
NA,NA,"Caribbean",NA,"Meat and meat products","Gross Production Value (constant 2014-2016 thousand I$)","1000 Int$",2020,5335.5625,"Meat of goat","no"
NA,NA,"Caribbean",NA,"Meat and meat products","Gross Production Value (constant 2014-2016 thousand I$)","1000 Int$",2021,5145,"Meat of goat","no"
NA,NA,"Caribbean",NA,"Meat and meat products","Gross Production Value (constant 2014-2016 thousand I$)","1000 Int$",2022,4557.0625,"Meat of goat","no"
NA,NA,"Caribbean",NA,"Meat and meat products","Gross Production Value (constant 2014-2016 thousand I$)","1000 Int$",2023,4694.4375,"Meat of goat","no"
NA,NA,"Caribbean",NA,"Meat and meat products","Gross Production Value (constant 2014-2016 thousand US$)","1000 USD",1992,4770.111111111111,"Meat of goat","no"
NA,NA,"Caribbean",NA,"Meat and meat products","Gross Production Value (constant 2014-2016 thousand US$)","1000 USD",1993,4559.333333333333,"Meat of goat","no"
NA,NA,"Caribbean",NA,"Meat and meat products","Gross Production Value (constant 2014-2016 thousand US$)","1000 USD",1994,4489.777777777777,"Meat of goat","no"
NA,NA,"Caribbean",NA,"Meat and meat products","Gross Production Value (constant 2014-2016 thousand US$)","1000 USD",1995,4052.8888888888887,"Meat of goat","no"
NA,NA,"Caribbean",NA,"Meat and meat products","Gross Production Value (constant 2014-2016 thousand US$)","1000 USD",1996,3907.8888888888887,"Meat of goat","no"
NA,NA,"Caribbean",NA,"Meat and meat products","Gross Production Value (constant 2014-2016 thousand US$)","1000 USD",1997,3536.5555555555557,"Meat of goat","no"
NA,NA,"Caribbean",NA,"Meat and meat products","Gross Production Value (constant 2014-2016 thousand US$)","1000 USD",1998,3501.3333333333335,"Meat of goat","no"
NA,NA,"Caribbean",NA,"Meat and meat products","Gross Production Value (constant 2014-2016 thousand US$)","1000 USD",1999,2543.1111111111113,"Meat of goat","no"
NA,NA,"Caribbean",NA,"Meat and meat products","Gross Production Value (constant 2014-2016 thousand US$)","1000 USD",2000,2600.3333333333335,"Meat of goat","no"
NA,NA,"Caribbean",NA,"Meat and meat products","Gross Production Value (constant 2014-2016 thousand US$)","1000 USD",2001,2686.8888888888887,"Meat of goat","no"
NA,NA,"Caribbean",NA,"Meat and meat products","Gross Production Value (constant 2014-2016 thousand US$)","1000 USD",2002,2714.1111111111113,"Meat of goat","no"
NA,NA,"Caribbean",NA,"Meat and meat products","Gross Production Value (constant 2014-2016 thousand US$)","1000 USD",2003,2761.1111111111113,"Meat of goat","no"
NA,NA,"Caribbean",NA,"Meat and meat products","Gross Production Value (constant 2014-2016 thousand US$)","1000 USD",2004,2834.6666666666665,"Meat of goat","no"
NA,NA,"Caribbean",NA,"Meat and meat products","Gross Production Value (constant 2014-2016 thousand US$)","1000 USD",2005,2991.8888888888887,"Meat of goat","no"
NA,NA,"Caribbean",NA,"Meat and meat products","Gross Production Value (constant 2014-2016 thousand US$)","1000 USD",2006,2833.3333333333335,"Meat of goat","no"
NA,NA,"Caribbean",NA,"Meat and meat products","Gross Production Value (constant 2014-2016 thousand US$)","1000 USD",2007,2132.6666666666665,"Meat of goat","no"
NA,NA,"Caribbean",NA,"Meat and meat products","Gross Production Value (constant 2014-2016 thousand US$)","1000 USD",2008,2142.222222222222,"Meat of goat","no"
NA,NA,"Caribbean",NA,"Meat and meat products","Gross Production Value (constant 2014-2016 thousand US$)","1000 USD",2009,1766.7777777777778,"Meat of goat","no"
NA,NA,"Caribbean",NA,"Meat and meat products","Gross Production Value (constant 2014-2016 thousand US$)","1000 USD",2010,1813.5555555555557,"Meat of goat","no"
NA,NA,"Caribbean",NA,"Meat and meat products","Gross Production Value (constant 2014-2016 thousand US$)","1000 USD",2011,1937.7777777777778,"Meat of goat","no"
NA,NA,"Caribbean",NA,"Meat and meat products","Gross Production Value (constant 2014-2016 thousand US$)","1000 USD",2012,1811.5555555555557,"Meat of goat","no"
NA,NA,"Caribbean",NA,"Meat and meat products","Gross Production Value (constant 2014-2016 thousand US$)","1000 USD",2013,1877.4444444444443,"Meat of goat","no"
NA,NA,"Caribbean",NA,"Meat and meat products","Gross Production Value (constant 2014-2016 thousand US$)","1000 USD",2014,1803.888888888889,"Meat of goat","no"
NA,NA,"Caribbean",NA,"Meat and meat products","Gross Production Value (constant 2014-2016 thousand US$)","1000 USD",2015,1802,"Meat of goat","no"
NA,NA,"Caribbean",NA,"Meat and meat products","Gross Production Value (constant 2014-2016 thousand US$)","1000 USD",2016,1849.111111111111,"Meat of goat","no"
NA,NA,"Caribbean",NA,"Meat and meat products","Gross Production Value (constant 2014-2016 thousand US$)","1000 USD",2017,1882.2222222222222,"Meat of goat","no"
NA,NA,"Caribbean",NA,"Meat and meat products","Gross Production Value (constant 2014-2016 thousand US$)","1000 USD",2018,1750.7777777777778,"Meat of goat","no"
NA,NA,"Caribbean",NA,"Meat and meat products","Gross Production Value (constant 2014-2016 thousand US$)","1000 USD",2019,1723.7777777777778,"Meat of goat","no"
NA,NA,"Caribbean",NA,"Meat and meat products","Gross Production Value (constant 2014-2016 thousand US$)","1000 USD",2020,1805,"Meat of goat","no"
NA,NA,"Caribbean",NA,"Meat and meat products","Gross Production Value (constant 2014-2016 thousand US$)","1000 USD",2021,1822.6666666666667,"Meat of goat","no"
NA,NA,"Caribbean",NA,"Meat and meat products","Gross Production Value (constant 2014-2016 thousand US$)","1000 USD",2022,1824.7777777777778,"Meat of goat","no"
NA,NA,"Caribbean",NA,"Meat and meat products","Gross Production Value (constant 2014-2016 thousand US$)","1000 USD",2023,1722.6666666666667,"Meat of goat","no"
NA,NA,"Caribbean",NA,"Meat and meat products","Gross Production Value (constant 2014-2016 thousand I$)","1000 Int$",1992,18552.6875,"Meat of pig with the bone","no"
NA,NA,"Caribbean",NA,"Meat and meat products","Gross Production Value (constant 2014-2016 thousand I$)","1000 Int$",1993,22010.625,"Meat of pig with the bone","no"
NA,NA,"Caribbean",NA,"Meat and meat products","Gross Production Value (constant 2014-2016 thousand I$)","1000 Int$",1994,23140.25,"Meat of pig with the bone","no"
NA,NA,"Caribbean",NA,"Meat and meat products","Gross Production Value (constant 2014-2016 thousand I$)","1000 Int$",1995,27075.5625,"Meat of pig with the bone","no"
NA,NA,"Caribbean",NA,"Meat and meat products","Gross Production Value (constant 2014-2016 thousand I$)","1000 Int$",1996,28681.75,"Meat of pig with the bone","no"
NA,NA,"Caribbean",NA,"Meat and meat products","Gross Production Value (constant 2014-2016 thousand I$)","1000 Int$",1997,22501.75,"Meat of pig with the bone","no"
NA,NA,"Caribbean",NA,"Meat and meat products","Gross Production Value (constant 2014-2016 thousand I$)","1000 Int$",1998,25063.5,"Meat of pig with the bone","no"
NA,NA,"Caribbean",NA,"Meat and meat products","Gross Production Value (constant 2014-2016 thousand I$)","1000 Int$",1999,26011,"Meat of pig with the bone","no"
NA,NA,"Caribbean",NA,"Meat and meat products","Gross Production Value (constant 2014-2016 thousand I$)","1000 Int$",2000,25878.1875,"Meat of pig with the bone","no"
NA,NA,"Caribbean",NA,"Meat and meat products","Gross Production Value (constant 2014-2016 thousand I$)","1000 Int$",2001,28675.1875,"Meat of pig with the bone","no"
NA,NA,"Caribbean",NA,"Meat and meat products","Gross Production Value (constant 2014-2016 thousand I$)","1000 Int$",2002,31852.0625,"Meat of pig with the bone","no"
NA,NA,"Caribbean",NA,"Meat and meat products","Gross Production Value (constant 2014-2016 thousand I$)","1000 Int$",2003,30193,"Meat of pig with the bone","no"
NA,NA,"Caribbean",NA,"Meat and meat products","Gross Production Value (constant 2014-2016 thousand I$)","1000 Int$",2004,28676.0625,"Meat of pig with the bone","no"
NA,NA,"Caribbean",NA,"Meat and meat products","Gross Production Value (constant 2014-2016 thousand I$)","1000 Int$",2005,30577.5,"Meat of pig with the bone","no"
NA,NA,"Caribbean",NA,"Meat and meat products","Gross Production Value (constant 2014-2016 thousand I$)","1000 Int$",2006,32525.5,"Meat of pig with the bone","no"
NA,NA,"Caribbean",NA,"Meat and meat products","Gross Production Value (constant 2014-2016 thousand I$)","1000 Int$",2007,41183.0625,"Meat of pig with the bone","no"
NA,NA,"Caribbean",NA,"Meat and meat products","Gross Production Value (constant 2014-2016 thousand I$)","1000 Int$",2008,42013.3125,"Meat of pig with the bone","no"
NA,NA,"Caribbean",NA,"Meat and meat products","Gross Production Value (constant 2014-2016 thousand I$)","1000 Int$",2009,40219.8125,"Meat of pig with the bone","no"
NA,NA,"Caribbean",NA,"Meat and meat products","Gross Production Value (constant 2014-2016 thousand I$)","1000 Int$",2010,37134.25,"Meat of pig with the bone","no"
NA,NA,"Caribbean",NA,"Meat and meat products","Gross Production Value (constant 2014-2016 thousand I$)","1000 Int$",2011,42053.9375,"Meat of pig with the bone","no"
NA,NA,"Caribbean",NA,"Meat and meat products","Gross Production Value (constant 2014-2016 thousand I$)","1000 Int$",2012,37678.625,"Meat of pig with the bone","no"
NA,NA,"Caribbean",NA,"Meat and meat products","Gross Production Value (constant 2014-2016 thousand I$)","1000 Int$",2013,40773.75,"Meat of pig with the bone","no"
NA,NA,"Caribbean",NA,"Meat and meat products","Gross Production Value (constant 2014-2016 thousand I$)","1000 Int$",2014,40455.9375,"Meat of pig with the bone","no"
NA,NA,"Caribbean",NA,"Meat and meat products","Gross Production Value (constant 2014-2016 thousand I$)","1000 Int$",2015,41291.0625,"Meat of pig with the bone","no"
NA,NA,"Caribbean",NA,"Meat and meat products","Gross Production Value (constant 2014-2016 thousand I$)","1000 Int$",2016,44088.375,"Meat of pig with the bone","no"
NA,NA,"Caribbean",NA,"Meat and meat products","Gross Production Value (constant 2014-2016 thousand I$)","1000 Int$",2017,45470.3125,"Meat of pig with the bone","no"
NA,NA,"Caribbean",NA,"Meat and meat products","Gross Production Value (constant 2014-2016 thousand I$)","1000 Int$",2018,45453.9375,"Meat of pig with the bone","no"
NA,NA,"Caribbean",NA,"Meat and meat products","Gross Production Value (constant 2014-2016 thousand I$)","1000 Int$",2019,45824.0625,"Meat of pig with the bone","no"
NA,NA,"Caribbean",NA,"Meat and meat products","Gross Production Value (constant 2014-2016 thousand I$)","1000 Int$",2020,32931.4375,"Meat of pig with the bone","no"
NA,NA,"Caribbean",NA,"Meat and meat products","Gross Production Value (constant 2014-2016 thousand I$)","1000 Int$",2021,35694.1875,"Meat of pig with the bone","no"
NA,NA,"Caribbean",NA,"Meat and meat products","Gross Production Value (constant 2014-2016 thousand I$)","1000 Int$",2022,41673.9375,"Meat of pig with the bone","no"
NA,NA,"Caribbean",NA,"Meat and meat products","Gross Production Value (constant 2014-2016 thousand I$)","1000 Int$",2023,44047.3125,"Meat of pig with the bone","no"
NA,NA,"Caribbean",NA,"Meat and meat products","Gross Production Value (constant 2014-2016 thousand US$)","1000 USD",1992,41458.11111111111,"Meat of pig with the bone","no"
NA,NA,"Caribbean",NA,"Meat and meat products","Gross Production Value (constant 2014-2016 thousand US$)","1000 USD",1993,39504.666666666664,"Meat of pig with the bone","no"
NA,NA,"Caribbean",NA,"Meat and meat products","Gross Production Value (constant 2014-2016 thousand US$)","1000 USD",1994,35444.11111111111,"Meat of pig with the bone","no"
NA,NA,"Caribbean",NA,"Meat and meat products","Gross Production Value (constant 2014-2016 thousand US$)","1000 USD",1995,52723.666666666664,"Meat of pig with the bone","no"
NA,NA,"Caribbean",NA,"Meat and meat products","Gross Production Value (constant 2014-2016 thousand US$)","1000 USD",1996,54697.22222222222,"Meat of pig with the bone","no"
NA,NA,"Caribbean",NA,"Meat and meat products","Gross Production Value (constant 2014-2016 thousand US$)","1000 USD",1997,54209.666666666664,"Meat of pig with the bone","no"
NA,NA,"Caribbean",NA,"Meat and meat products","Gross Production Value (constant 2014-2016 thousand US$)","1000 USD",1998,55691.666666666664,"Meat of pig with the bone","no"
NA,NA,"Caribbean",NA,"Meat and meat products","Gross Production Value (constant 2014-2016 thousand US$)","1000 USD",1999,46881.77777777778,"Meat of pig with the bone","no"
NA,NA,"Caribbean",NA,"Meat and meat products","Gross Production Value (constant 2014-2016 thousand US$)","1000 USD",2000,47407.11111111111,"Meat of pig with the bone","no"
NA,NA,"Caribbean",NA,"Meat and meat products","Gross Production Value (constant 2014-2016 thousand US$)","1000 USD",2001,65034,"Meat of pig with the bone","no"
NA,NA,"Caribbean",NA,"Meat and meat products","Gross Production Value (constant 2014-2016 thousand US$)","1000 USD",2002,69877.22222222222,"Meat of pig with the bone","no"
NA,NA,"Caribbean",NA,"Meat and meat products","Gross Production Value (constant 2014-2016 thousand US$)","1000 USD",2003,62029.666666666664,"Meat of pig with the bone","no"
NA,NA,"Caribbean",NA,"Meat and meat products","Gross Production Value (constant 2014-2016 thousand US$)","1000 USD",2004,57164,"Meat of pig with the bone","no"
NA,NA,"Caribbean",NA,"Meat and meat products","Gross Production Value (constant 2014-2016 thousand US$)","1000 USD",2005,63505.444444444445,"Meat of pig with the bone","no"
NA,NA,"Caribbean",NA,"Meat and meat products","Gross Production Value (constant 2014-2016 thousand US$)","1000 USD",2006,69301.22222222222,"Meat of pig with the bone","no"
NA,NA,"Caribbean",NA,"Meat and meat products","Gross Production Value (constant 2014-2016 thousand US$)","1000 USD",2007,67919,"Meat of pig with the bone","no"
NA,NA,"Caribbean",NA,"Meat and meat products","Gross Production Value (constant 2014-2016 thousand US$)","1000 USD",2008,63223.11111111111,"Meat of pig with the bone","no"
NA,NA,"Caribbean",NA,"Meat and meat products","Gross Production Value (constant 2014-2016 thousand US$)","1000 USD",2009,63227.11111111111,"Meat of pig with the bone","no"
NA,NA,"Caribbean",NA,"Meat and meat products","Gross Production Value (constant 2014-2016 thousand US$)","1000 USD",2010,55349.11111111111,"Meat of pig with the bone","no"
NA,NA,"Caribbean",NA,"Meat and meat products","Gross Production Value (constant 2014-2016 thousand US$)","1000 USD",2011,70917.88888888889,"Meat of pig with the bone","no"
NA,NA,"Caribbean",NA,"Meat and meat products","Gross Production Value (constant 2014-2016 thousand US$)","1000 USD",2012,59837.555555555555,"Meat of pig with the bone","no"
NA,NA,"Caribbean",NA,"Meat and meat products","Gross Production Value (constant 2014-2016 thousand US$)","1000 USD",2013,57558.11111111111,"Meat of pig with the bone","no"
NA,NA,"Caribbean",NA,"Meat and meat products","Gross Production Value (constant 2014-2016 thousand US$)","1000 USD",2014,54643.22222222222,"Meat of pig with the bone","no"
NA,NA,"Caribbean",NA,"Meat and meat products","Gross Production Value (constant 2014-2016 thousand US$)","1000 USD",2015,54052.444444444445,"Meat of pig with the bone","no"
NA,NA,"Caribbean",NA,"Meat and meat products","Gross Production Value (constant 2014-2016 thousand US$)","1000 USD",2016,54226.666666666664,"Meat of pig with the bone","no"
NA,NA,"Caribbean",NA,"Meat and meat products","Gross Production Value (constant 2014-2016 thousand US$)","1000 USD",2017,54506.444444444445,"Meat of pig with the bone","no"
NA,NA,"Caribbean",NA,"Meat and meat products","Gross Production Value (constant 2014-2016 thousand US$)","1000 USD",2018,53744.666666666664,"Meat of pig with the bone","no"
NA,NA,"Caribbean",NA,"Meat and meat products","Gross Production Value (constant 2014-2016 thousand US$)","1000 USD",2019,54470.77777777778,"Meat of pig with the bone","no"
NA,NA,"Caribbean",NA,"Meat and meat products","Gross Production Value (constant 2014-2016 thousand US$)","1000 USD",2020,53628.333333333336,"Meat of pig with the bone","no"
NA,NA,"Caribbean",NA,"Meat and meat products","Gross Production Value (constant 2014-2016 thousand US$)","1000 USD",2021,64596.555555555555,"Meat of pig with the bone","no"
NA,NA,"Caribbean",NA,"Meat and meat products","Gross Production Value (constant 2014-2016 thousand US$)","1000 USD",2022,61329.444444444445,"Meat of pig with the bone","no"
NA,NA,"Caribbean",NA,"Meat and meat products","Gross Production Value (constant 2014-2016 thousand US$)","1000 USD",2023,57521.77777777778,"Meat of pig with the bone","no"
NA,NA,"Caribbean",NA,"Meat and meat products","Gross Production Value (constant 2014-2016 thousand I$)","1000 Int$",1992,166.75,"Meat of rabbits and hares","no"
NA,NA,"Caribbean",NA,"Meat and meat products","Gross Production Value (constant 2014-2016 thousand I$)","1000 Int$",1993,494,"Meat of rabbits and hares","no"
NA,NA,"Caribbean",NA,"Meat and meat products","Gross Production Value (constant 2014-2016 thousand I$)","1000 Int$",1994,464.75,"Meat of rabbits and hares","no"
NA,NA,"Caribbean",NA,"Meat and meat products","Gross Production Value (constant 2014-2016 thousand I$)","1000 Int$",1995,307.75,"Meat of rabbits and hares","no"
NA,NA,"Caribbean",NA,"Meat and meat products","Gross Production Value (constant 2014-2016 thousand I$)","1000 Int$",1996,275.25,"Meat of rabbits and hares","no"
NA,NA,"Caribbean",NA,"Meat and meat products","Gross Production Value (constant 2014-2016 thousand I$)","1000 Int$",1997,242.75,"Meat of rabbits and hares","no"
NA,NA,"Caribbean",NA,"Meat and meat products","Gross Production Value (constant 2014-2016 thousand I$)","1000 Int$",1998,274.75,"Meat of rabbits and hares","no"
NA,NA,"Caribbean",NA,"Meat and meat products","Gross Production Value (constant 2014-2016 thousand I$)","1000 Int$",1999,282.75,"Meat of rabbits and hares","no"
NA,NA,"Caribbean",NA,"Meat and meat products","Gross Production Value (constant 2014-2016 thousand I$)","1000 Int$",2000,283,"Meat of rabbits and hares","no"
NA,NA,"Caribbean",NA,"Meat and meat products","Gross Production Value (constant 2014-2016 thousand I$)","1000 Int$",2001,277,"Meat of rabbits and hares","no"
NA,NA,"Caribbean",NA,"Meat and meat products","Gross Production Value (constant 2014-2016 thousand I$)","1000 Int$",2002,342.5,"Meat of rabbits and hares","no"
NA,NA,"Caribbean",NA,"Meat and meat products","Gross Production Value (constant 2014-2016 thousand I$)","1000 Int$",2003,267.5,"Meat of rabbits and hares","no"
NA,NA,"Caribbean",NA,"Meat and meat products","Gross Production Value (constant 2014-2016 thousand I$)","1000 Int$",2004,168.5,"Meat of rabbits and hares","no"
NA,NA,"Caribbean",NA,"Meat and meat products","Gross Production Value (constant 2014-2016 thousand I$)","1000 Int$",2005,207.75,"Meat of rabbits and hares","no"
NA,NA,"Caribbean",NA,"Meat and meat products","Gross Production Value (constant 2014-2016 thousand I$)","1000 Int$",2006,159,"Meat of rabbits and hares","no"
NA,NA,"Caribbean",NA,"Meat and meat products","Gross Production Value (constant 2014-2016 thousand I$)","1000 Int$",2007,76.75,"Meat of rabbits and hares","no"
NA,NA,"Caribbean",NA,"Meat and meat products","Gross Production Value (constant 2014-2016 thousand I$)","1000 Int$",2008,85.75,"Meat of rabbits and hares","no"
NA,NA,"Caribbean",NA,"Meat and meat products","Gross Production Value (constant 2014-2016 thousand I$)","1000 Int$",2009,73.75,"Meat of rabbits and hares","no"
NA,NA,"Caribbean",NA,"Meat and meat products","Gross Production Value (constant 2014-2016 thousand I$)","1000 Int$",2010,74.75,"Meat of rabbits and hares","no"
NA,NA,"Caribbean",NA,"Meat and meat products","Gross Production Value (constant 2014-2016 thousand I$)","1000 Int$",2011,74.25,"Meat of rabbits and hares","no"
NA,NA,"Caribbean",NA,"Meat and meat products","Gross Production Value (constant 2014-2016 thousand I$)","1000 Int$",2012,65,"Meat of rabbits and hares","no"
NA,NA,"Caribbean",NA,"Meat and meat products","Gross Production Value (constant 2014-2016 thousand I$)","1000 Int$",2013,83.5,"Meat of rabbits and hares","no"
NA,NA,"Caribbean",NA,"Meat and meat products","Gross Production Value (constant 2014-2016 thousand I$)","1000 Int$",2014,88.25,"Meat of rabbits and hares","no"
NA,NA,"Caribbean",NA,"Meat and meat products","Gross Production Value (constant 2014-2016 thousand I$)","1000 Int$",2015,94,"Meat of rabbits and hares","no"
NA,NA,"Caribbean",NA,"Meat and meat products","Gross Production Value (constant 2014-2016 thousand I$)","1000 Int$",2016,97.75,"Meat of rabbits and hares","no"
NA,NA,"Caribbean",NA,"Meat and meat products","Gross Production Value (constant 2014-2016 thousand I$)","1000 Int$",2017,114,"Meat of rabbits and hares","no"
NA,NA,"Caribbean",NA,"Meat and meat products","Gross Production Value (constant 2014-2016 thousand I$)","1000 Int$",2018,119,"Meat of rabbits and hares","no"
NA,NA,"Caribbean",NA,"Meat and meat products","Gross Production Value (constant 2014-2016 thousand I$)","1000 Int$",2019,120,"Meat of rabbits and hares","no"
NA,NA,"Caribbean",NA,"Meat and meat products","Gross Production Value (constant 2014-2016 thousand I$)","1000 Int$",2020,116,"Meat of rabbits and hares","no"
NA,NA,"Caribbean",NA,"Meat and meat products","Gross Production Value (constant 2014-2016 thousand I$)","1000 Int$",2021,119.25,"Meat of rabbits and hares","no"
NA,NA,"Caribbean",NA,"Meat and meat products","Gross Production Value (constant 2014-2016 thousand I$)","1000 Int$",2022,120.25,"Meat of rabbits and hares","no"
NA,NA,"Caribbean",NA,"Meat and meat products","Gross Production Value (constant 2014-2016 thousand I$)","1000 Int$",2023,119.75,"Meat of rabbits and hares","no"
NA,NA,"Caribbean",NA,"Meat and meat products","Gross Production Value (constant 2014-2016 thousand US$)","1000 USD",1992,4443,"Meat of rabbits and hares","no"
NA,NA,"Caribbean",NA,"Meat and meat products","Gross Production Value (constant 2014-2016 thousand US$)","1000 USD",1993,8500,"Meat of rabbits and hares","no"
NA,NA,"Caribbean",NA,"Meat and meat products","Gross Production Value (constant 2014-2016 thousand US$)","1000 USD",1994,7770,"Meat of rabbits and hares","no"
NA,NA,"Caribbean",NA,"Meat and meat products","Gross Production Value (constant 2014-2016 thousand US$)","1000 USD",1995,5048,"Meat of rabbits and hares","no"
NA,NA,"Caribbean",NA,"Meat and meat products","Gross Production Value (constant 2014-2016 thousand US$)","1000 USD",1996,4916,"Meat of rabbits and hares","no"
NA,NA,"Caribbean",NA,"Meat and meat products","Gross Production Value (constant 2014-2016 thousand US$)","1000 USD",1997,4784,"Meat of rabbits and hares","no"
NA,NA,"Caribbean",NA,"Meat and meat products","Gross Production Value (constant 2014-2016 thousand US$)","1000 USD",1998,5582,"Meat of rabbits and hares","no"
NA,NA,"Caribbean",NA,"Meat and meat products","Gross Production Value (constant 2014-2016 thousand US$)","1000 USD",1999,5424,"Meat of rabbits and hares","no"
NA,NA,"Caribbean",NA,"Meat and meat products","Gross Production Value (constant 2014-2016 thousand US$)","1000 USD",2000,5266,"Meat of rabbits and hares","no"
NA,NA,"Caribbean",NA,"Meat and meat products","Gross Production Value (constant 2014-2016 thousand US$)","1000 USD",2001,5152,"Meat of rabbits and hares","no"
NA,NA,"Caribbean",NA,"Meat and meat products","Gross Production Value (constant 2014-2016 thousand US$)","1000 USD",2002,6942,"Meat of rabbits and hares","no"
NA,NA,"Caribbean",NA,"Meat and meat products","Gross Production Value (constant 2014-2016 thousand US$)","1000 USD",2003,5174,"Meat of rabbits and hares","no"
NA,NA,"Caribbean",NA,"Meat and meat products","Gross Production Value (constant 2014-2016 thousand US$)","1000 USD",2004,2376,"Meat of rabbits and hares","no"
NA,NA,"Caribbean",NA,"Meat and meat products","Gross Production Value (constant 2014-2016 thousand US$)","1000 USD",2005,2044,"Meat of rabbits and hares","no"
NA,NA,"Caribbean",NA,"Meat and meat products","Gross Production Value (constant 2014-2016 thousand US$)","1000 USD",2006,2094,"Meat of rabbits and hares","no"
NA,NA,"Caribbean",NA,"Meat and meat products","Gross Production Value (constant 2014-2016 thousand US$)","1000 USD",2007,1914,"Meat of rabbits and hares","no"
NA,NA,"Caribbean",NA,"Meat and meat products","Gross Production Value (constant 2014-2016 thousand US$)","1000 USD",2008,1968,"Meat of rabbits and hares","no"
NA,NA,"Caribbean",NA,"Meat and meat products","Gross Production Value (constant 2014-2016 thousand US$)","1000 USD",2009,1752,"Meat of rabbits and hares","no"
NA,NA,"Caribbean",NA,"Meat and meat products","Gross Production Value (constant 2014-2016 thousand US$)","1000 USD",2010,1734,"Meat of rabbits and hares","no"
NA,NA,"Caribbean",NA,"Meat and meat products","Gross Production Value (constant 2014-2016 thousand US$)","1000 USD",2011,1778,"Meat of rabbits and hares","no"
NA,NA,"Caribbean",NA,"Meat and meat products","Gross Production Value (constant 2014-2016 thousand US$)","1000 USD",2012,1504,"Meat of rabbits and hares","no"
NA,NA,"Caribbean",NA,"Meat and meat products","Gross Production Value (constant 2014-2016 thousand US$)","1000 USD",2013,1852,"Meat of rabbits and hares","no"
NA,NA,"Caribbean",NA,"Meat and meat products","Gross Production Value (constant 2014-2016 thousand US$)","1000 USD",2014,2026,"Meat of rabbits and hares","no"
NA,NA,"Caribbean",NA,"Meat and meat products","Gross Production Value (constant 2014-2016 thousand US$)","1000 USD",2015,2210,"Meat of rabbits and hares","no"
NA,NA,"Caribbean",NA,"Meat and meat products","Gross Production Value (constant 2014-2016 thousand US$)","1000 USD",2016,2400,"Meat of rabbits and hares","no"
NA,NA,"Caribbean",NA,"Meat and meat products","Gross Production Value (constant 2014-2016 thousand US$)","1000 USD",2017,2594,"Meat of rabbits and hares","no"
NA,NA,"Caribbean",NA,"Meat and meat products","Gross Production Value (constant 2014-2016 thousand US$)","1000 USD",2018,2878,"Meat of rabbits and hares","no"
NA,NA,"Caribbean",NA,"Meat and meat products","Gross Production Value (constant 2014-2016 thousand US$)","1000 USD",2019,2876,"Meat of rabbits and hares","no"
NA,NA,"Caribbean",NA,"Meat and meat products","Gross Production Value (constant 2014-2016 thousand US$)","1000 USD",2020,2834,"Meat of rabbits and hares","no"
NA,NA,"Caribbean",NA,"Meat and meat products","Gross Production Value (constant 2014-2016 thousand US$)","1000 USD",2021,2870,"Meat of rabbits and hares","no"
NA,NA,"Caribbean",NA,"Meat and meat products","Gross Production Value (constant 2014-2016 thousand US$)","1000 USD",2022,2856,"Meat of rabbits and hares","no"
NA,NA,"Caribbean",NA,"Meat and meat products","Gross Production Value (constant 2014-2016 thousand US$)","1000 USD",2023,2724,"Meat of rabbits and hares","no"
NA,NA,"Caribbean",NA,"Meat and meat products","Gross Production Value (constant 2014-2016 thousand I$)","1000 Int$",1992,2201.0625,"Meat of sheep","no"
NA,NA,"Caribbean",NA,"Meat and meat products","Gross Production Value (constant 2014-2016 thousand I$)","1000 Int$",1993,2111.75,"Meat of sheep","no"
NA,NA,"Caribbean",NA,"Meat and meat products","Gross Production Value (constant 2014-2016 thousand I$)","1000 Int$",1994,2096.5,"Meat of sheep","no"
NA,NA,"Caribbean",NA,"Meat and meat products","Gross Production Value (constant 2014-2016 thousand I$)","1000 Int$",1995,1416.5625,"Meat of sheep","no"
NA,NA,"Caribbean",NA,"Meat and meat products","Gross Production Value (constant 2014-2016 thousand I$)","1000 Int$",1996,1347.375,"Meat of sheep","no"
NA,NA,"Caribbean",NA,"Meat and meat products","Gross Production Value (constant 2014-2016 thousand I$)","1000 Int$",1997,1531.4375,"Meat of sheep","no"
NA,NA,"Caribbean",NA,"Meat and meat products","Gross Production Value (constant 2014-2016 thousand I$)","1000 Int$",1998,1762.5625,"Meat of sheep","no"
NA,NA,"Caribbean",NA,"Meat and meat products","Gross Production Value (constant 2014-2016 thousand I$)","1000 Int$",1999,1828.375,"Meat of sheep","no"
NA,NA,"Caribbean",NA,"Meat and meat products","Gross Production Value (constant 2014-2016 thousand I$)","1000 Int$",2000,2314.5,"Meat of sheep","no"
NA,NA,"Caribbean",NA,"Meat and meat products","Gross Production Value (constant 2014-2016 thousand I$)","1000 Int$",2001,2360.75,"Meat of sheep","no"
NA,NA,"Caribbean",NA,"Meat and meat products","Gross Production Value (constant 2014-2016 thousand I$)","1000 Int$",2002,2623.5625,"Meat of sheep","no"
NA,NA,"Caribbean",NA,"Meat and meat products","Gross Production Value (constant 2014-2016 thousand I$)","1000 Int$",2003,2581.3125,"Meat of sheep","no"
NA,NA,"Caribbean",NA,"Meat and meat products","Gross Production Value (constant 2014-2016 thousand I$)","1000 Int$",2004,2655.0625,"Meat of sheep","no"
NA,NA,"Caribbean",NA,"Meat and meat products","Gross Production Value (constant 2014-2016 thousand I$)","1000 Int$",2005,2657.75,"Meat of sheep","no"
NA,NA,"Caribbean",NA,"Meat and meat products","Gross Production Value (constant 2014-2016 thousand I$)","1000 Int$",2006,2571.6875,"Meat of sheep","no"
NA,NA,"Caribbean",NA,"Meat and meat products","Gross Production Value (constant 2014-2016 thousand I$)","1000 Int$",2007,3015.125,"Meat of sheep","no"
NA,NA,"Caribbean",NA,"Meat and meat products","Gross Production Value (constant 2014-2016 thousand I$)","1000 Int$",2008,3114.8125,"Meat of sheep","no"
NA,NA,"Caribbean",NA,"Meat and meat products","Gross Production Value (constant 2014-2016 thousand I$)","1000 Int$",2009,3342.5,"Meat of sheep","no"
NA,NA,"Caribbean",NA,"Meat and meat products","Gross Production Value (constant 2014-2016 thousand I$)","1000 Int$",2010,3400.75,"Meat of sheep","no"
NA,NA,"Caribbean",NA,"Meat and meat products","Gross Production Value (constant 2014-2016 thousand I$)","1000 Int$",2011,3809.3125,"Meat of sheep","no"
NA,NA,"Caribbean",NA,"Meat and meat products","Gross Production Value (constant 2014-2016 thousand I$)","1000 Int$",2012,3837.375,"Meat of sheep","no"
NA,NA,"Caribbean",NA,"Meat and meat products","Gross Production Value (constant 2014-2016 thousand I$)","1000 Int$",2013,3720.1875,"Meat of sheep","no"
NA,NA,"Caribbean",NA,"Meat and meat products","Gross Production Value (constant 2014-2016 thousand I$)","1000 Int$",2014,3692,"Meat of sheep","no"
NA,NA,"Caribbean",NA,"Meat and meat products","Gross Production Value (constant 2014-2016 thousand I$)","1000 Int$",2015,3544.5625,"Meat of sheep","no"
NA,NA,"Caribbean",NA,"Meat and meat products","Gross Production Value (constant 2014-2016 thousand I$)","1000 Int$",2016,3613.375,"Meat of sheep","no"
NA,NA,"Caribbean",NA,"Meat and meat products","Gross Production Value (constant 2014-2016 thousand I$)","1000 Int$",2017,3717.3125,"Meat of sheep","no"
NA,NA,"Caribbean",NA,"Meat and meat products","Gross Production Value (constant 2014-2016 thousand I$)","1000 Int$",2018,3864.1875,"Meat of sheep","no"
NA,NA,"Caribbean",NA,"Meat and meat products","Gross Production Value (constant 2014-2016 thousand I$)","1000 Int$",2019,4175.125,"Meat of sheep","no"
NA,NA,"Caribbean",NA,"Meat and meat products","Gross Production Value (constant 2014-2016 thousand I$)","1000 Int$",2020,4521.9375,"Meat of sheep","no"
NA,NA,"Caribbean",NA,"Meat and meat products","Gross Production Value (constant 2014-2016 thousand I$)","1000 Int$",2021,5717.875,"Meat of sheep","no"
NA,NA,"Caribbean",NA,"Meat and meat products","Gross Production Value (constant 2014-2016 thousand I$)","1000 Int$",2022,4662.6875,"Meat of sheep","no"
NA,NA,"Caribbean",NA,"Meat and meat products","Gross Production Value (constant 2014-2016 thousand I$)","1000 Int$",2023,4520.1875,"Meat of sheep","no"
NA,NA,"Caribbean",NA,"Meat and meat products","Gross Production Value (constant 2014-2016 thousand US$)","1000 USD",1992,951.2222222222222,"Meat of sheep","no"
NA,NA,"Caribbean",NA,"Meat and meat products","Gross Production Value (constant 2014-2016 thousand US$)","1000 USD",1993,924.8888888888889,"Meat of sheep","no"
NA,NA,"Caribbean",NA,"Meat and meat products","Gross Production Value (constant 2014-2016 thousand US$)","1000 USD",1994,928.6666666666666,"Meat of sheep","no"
NA,NA,"Caribbean",NA,"Meat and meat products","Gross Production Value (constant 2014-2016 thousand US$)","1000 USD",1995,952.3333333333334,"Meat of sheep","no"
NA,NA,"Caribbean",NA,"Meat and meat products","Gross Production Value (constant 2014-2016 thousand US$)","1000 USD",1996,962.6666666666666,"Meat of sheep","no"
NA,NA,"Caribbean",NA,"Meat and meat products","Gross Production Value (constant 2014-2016 thousand US$)","1000 USD",1997,988.3333333333334,"Meat of sheep","no"
NA,NA,"Caribbean",NA,"Meat and meat products","Gross Production Value (constant 2014-2016 thousand US$)","1000 USD",1998,1000.8888888888889,"Meat of sheep","no"
NA,NA,"Caribbean",NA,"Meat and meat products","Gross Production Value (constant 2014-2016 thousand US$)","1000 USD",1999,942.5555555555555,"Meat of sheep","no"
NA,NA,"Caribbean",NA,"Meat and meat products","Gross Production Value (constant 2014-2016 thousand US$)","1000 USD",2000,917.6666666666666,"Meat of sheep","no"
NA,NA,"Caribbean",NA,"Meat and meat products","Gross Production Value (constant 2014-2016 thousand US$)","1000 USD",2001,908.7777777777778,"Meat of sheep","no"
NA,NA,"Caribbean",NA,"Meat and meat products","Gross Production Value (constant 2014-2016 thousand US$)","1000 USD",2002,1021.3333333333334,"Meat of sheep","no"
NA,NA,"Caribbean",NA,"Meat and meat products","Gross Production Value (constant 2014-2016 thousand US$)","1000 USD",2003,940.2222222222222,"Meat of sheep","no"
NA,NA,"Caribbean",NA,"Meat and meat products","Gross Production Value (constant 2014-2016 thousand US$)","1000 USD",2004,1047.111111111111,"Meat of sheep","no"
NA,NA,"Caribbean",NA,"Meat and meat products","Gross Production Value (constant 2014-2016 thousand US$)","1000 USD",2005,1116.2222222222222,"Meat of sheep","no"
NA,NA,"Caribbean",NA,"Meat and meat products","Gross Production Value (constant 2014-2016 thousand US$)","1000 USD",2006,1257.4444444444443,"Meat of sheep","no"
NA,NA,"Caribbean",NA,"Meat and meat products","Gross Production Value (constant 2014-2016 thousand US$)","1000 USD",2007,1433.3333333333333,"Meat of sheep","no"
NA,NA,"Caribbean",NA,"Meat and meat products","Gross Production Value (constant 2014-2016 thousand US$)","1000 USD",2008,1318.6666666666667,"Meat of sheep","no"
NA,NA,"Caribbean",NA,"Meat and meat products","Gross Production Value (constant 2014-2016 thousand US$)","1000 USD",2009,1727.3333333333333,"Meat of sheep","no"
NA,NA,"Caribbean",NA,"Meat and meat products","Gross Production Value (constant 2014-2016 thousand US$)","1000 USD",2010,1706,"Meat of sheep","no"
NA,NA,"Caribbean",NA,"Meat and meat products","Gross Production Value (constant 2014-2016 thousand US$)","1000 USD",2011,1485.3333333333333,"Meat of sheep","no"
NA,NA,"Caribbean",NA,"Meat and meat products","Gross Production Value (constant 2014-2016 thousand US$)","1000 USD",2012,1395.6666666666667,"Meat of sheep","no"
NA,NA,"Caribbean",NA,"Meat and meat products","Gross Production Value (constant 2014-2016 thousand US$)","1000 USD",2013,1595.111111111111,"Meat of sheep","no"
NA,NA,"Caribbean",NA,"Meat and meat products","Gross Production Value (constant 2014-2016 thousand US$)","1000 USD",2014,1420,"Meat of sheep","no"
NA,NA,"Caribbean",NA,"Meat and meat products","Gross Production Value (constant 2014-2016 thousand US$)","1000 USD",2015,1411.2222222222222,"Meat of sheep","no"
NA,NA,"Caribbean",NA,"Meat and meat products","Gross Production Value (constant 2014-2016 thousand US$)","1000 USD",2016,1421.5555555555557,"Meat of sheep","no"
NA,NA,"Caribbean",NA,"Meat and meat products","Gross Production Value (constant 2014-2016 thousand US$)","1000 USD",2017,1433.2222222222222,"Meat of sheep","no"
NA,NA,"Caribbean",NA,"Meat and meat products","Gross Production Value (constant 2014-2016 thousand US$)","1000 USD",2018,1417.5555555555557,"Meat of sheep","no"
NA,NA,"Caribbean",NA,"Meat and meat products","Gross Production Value (constant 2014-2016 thousand US$)","1000 USD",2019,1311.6666666666667,"Meat of sheep","no"
NA,NA,"Caribbean",NA,"Meat and meat products","Gross Production Value (constant 2014-2016 thousand US$)","1000 USD",2020,1423.5555555555557,"Meat of sheep","no"
NA,NA,"Caribbean",NA,"Meat and meat products","Gross Production Value (constant 2014-2016 thousand US$)","1000 USD",2021,1507,"Meat of sheep","no"
NA,NA,"Caribbean",NA,"Meat and meat products","Gross Production Value (constant 2014-2016 thousand US$)","1000 USD",2022,1638.888888888889,"Meat of sheep","no"
NA,NA,"Caribbean",NA,"Meat and meat products","Gross Production Value (constant 2014-2016 thousand US$)","1000 USD",2023,1451.111111111111,"Meat of sheep","no"
NA,NA,"Caribbean",NA,"Meat and meat products","Gross Production Value (constant 2014-2016 thousand I$)","1000 Int$",1992,197.33333333333334,"Meat of turkeys","no"
NA,NA,"Caribbean",NA,"Meat and meat products","Gross Production Value (constant 2014-2016 thousand I$)","1000 Int$",1993,180.66666666666666,"Meat of turkeys","no"
NA,NA,"Caribbean",NA,"Meat and meat products","Gross Production Value (constant 2014-2016 thousand I$)","1000 Int$",1994,186,"Meat of turkeys","no"
NA,NA,"Caribbean",NA,"Meat and meat products","Gross Production Value (constant 2014-2016 thousand I$)","1000 Int$",1995,181.33333333333334,"Meat of turkeys","no"
NA,NA,"Caribbean",NA,"Meat and meat products","Gross Production Value (constant 2014-2016 thousand I$)","1000 Int$",1996,192,"Meat of turkeys","no"
NA,NA,"Caribbean",NA,"Meat and meat products","Gross Production Value (constant 2014-2016 thousand I$)","1000 Int$",1997,347,"Meat of turkeys","no"
NA,NA,"Caribbean",NA,"Meat and meat products","Gross Production Value (constant 2014-2016 thousand I$)","1000 Int$",1998,468.6666666666667,"Meat of turkeys","no"
NA,NA,"Caribbean",NA,"Meat and meat products","Gross Production Value (constant 2014-2016 thousand I$)","1000 Int$",1999,334.6666666666667,"Meat of turkeys","no"
NA,NA,"Caribbean",NA,"Meat and meat products","Gross Production Value (constant 2014-2016 thousand I$)","1000 Int$",2000,535.6666666666666,"Meat of turkeys","no"
NA,NA,"Caribbean",NA,"Meat and meat products","Gross Production Value (constant 2014-2016 thousand I$)","1000 Int$",2001,371.6666666666667,"Meat of turkeys","no"
NA,NA,"Caribbean",NA,"Meat and meat products","Gross Production Value (constant 2014-2016 thousand I$)","1000 Int$",2002,521.6666666666666,"Meat of turkeys","no"
NA,NA,"Caribbean",NA,"Meat and meat products","Gross Production Value (constant 2014-2016 thousand I$)","1000 Int$",2003,459.3333333333333,"Meat of turkeys","no"
NA,NA,"Caribbean",NA,"Meat and meat products","Gross Production Value (constant 2014-2016 thousand I$)","1000 Int$",2004,439.3333333333333,"Meat of turkeys","no"
NA,NA,"Caribbean",NA,"Meat and meat products","Gross Production Value (constant 2014-2016 thousand I$)","1000 Int$",2005,557.6666666666666,"Meat of turkeys","no"
NA,NA,"Caribbean",NA,"Meat and meat products","Gross Production Value (constant 2014-2016 thousand I$)","1000 Int$",2006,490,"Meat of turkeys","no"
NA,NA,"Caribbean",NA,"Meat and meat products","Gross Production Value (constant 2014-2016 thousand I$)","1000 Int$",2007,404.3333333333333,"Meat of turkeys","no"
NA,NA,"Caribbean",NA,"Meat and meat products","Gross Production Value (constant 2014-2016 thousand I$)","1000 Int$",2008,373,"Meat of turkeys","no"
NA,NA,"Caribbean",NA,"Meat and meat products","Gross Production Value (constant 2014-2016 thousand I$)","1000 Int$",2009,359,"Meat of turkeys","no"
NA,NA,"Caribbean",NA,"Meat and meat products","Gross Production Value (constant 2014-2016 thousand I$)","1000 Int$",2010,395.6666666666667,"Meat of turkeys","no"
NA,NA,"Caribbean",NA,"Meat and meat products","Gross Production Value (constant 2014-2016 thousand I$)","1000 Int$",2011,373,"Meat of turkeys","no"
NA,NA,"Caribbean",NA,"Meat and meat products","Gross Production Value (constant 2014-2016 thousand I$)","1000 Int$",2012,441.6666666666667,"Meat of turkeys","no"
NA,NA,"Caribbean",NA,"Meat and meat products","Gross Production Value (constant 2014-2016 thousand I$)","1000 Int$",2013,421.3333333333333,"Meat of turkeys","no"
NA,NA,"Caribbean",NA,"Meat and meat products","Gross Production Value (constant 2014-2016 thousand I$)","1000 Int$",2014,332,"Meat of turkeys","no"
NA,NA,"Caribbean",NA,"Meat and meat products","Gross Production Value (constant 2014-2016 thousand I$)","1000 Int$",2015,337.3333333333333,"Meat of turkeys","no"
NA,NA,"Caribbean",NA,"Meat and meat products","Gross Production Value (constant 2014-2016 thousand I$)","1000 Int$",2016,391,"Meat of turkeys","no"
NA,NA,"Caribbean",NA,"Meat and meat products","Gross Production Value (constant 2014-2016 thousand I$)","1000 Int$",2017,290.6666666666667,"Meat of turkeys","no"
NA,NA,"Caribbean",NA,"Meat and meat products","Gross Production Value (constant 2014-2016 thousand I$)","1000 Int$",2018,326.3333333333333,"Meat of turkeys","no"
NA,NA,"Caribbean",NA,"Meat and meat products","Gross Production Value (constant 2014-2016 thousand I$)","1000 Int$",2019,335,"Meat of turkeys","no"
NA,NA,"Caribbean",NA,"Meat and meat products","Gross Production Value (constant 2014-2016 thousand I$)","1000 Int$",2020,299.3333333333333,"Meat of turkeys","no"
NA,NA,"Caribbean",NA,"Meat and meat products","Gross Production Value (constant 2014-2016 thousand I$)","1000 Int$",2021,411.3333333333333,"Meat of turkeys","no"
NA,NA,"Caribbean",NA,"Meat and meat products","Gross Production Value (constant 2014-2016 thousand I$)","1000 Int$",2022,290,"Meat of turkeys","no"
NA,NA,"Caribbean",NA,"Meat and meat products","Gross Production Value (constant 2014-2016 thousand I$)","1000 Int$",2023,333.3333333333333,"Meat of turkeys","no"
NA,NA,"Caribbean",NA,"Meat and meat products","Gross Production Value (constant 2014-2016 thousand US$)","1000 USD",1992,0,"Meat of turkeys","no"
NA,NA,"Caribbean",NA,"Meat and meat products","Gross Production Value (constant 2014-2016 thousand US$)","1000 USD",1993,0,"Meat of turkeys","no"
NA,NA,"Caribbean",NA,"Meat and meat products","Gross Production Value (constant 2014-2016 thousand US$)","1000 USD",1994,0,"Meat of turkeys","no"
NA,NA,"Caribbean",NA,"Meat and meat products","Gross Production Value (constant 2014-2016 thousand US$)","1000 USD",1995,0,"Meat of turkeys","no"
NA,NA,"Caribbean",NA,"Meat and meat products","Gross Production Value (constant 2014-2016 thousand US$)","1000 USD",1996,0,"Meat of turkeys","no"
NA,NA,"Caribbean",NA,"Meat and meat products","Gross Production Value (constant 2014-2016 thousand US$)","1000 USD",1997,1066,"Meat of turkeys","no"
NA,NA,"Caribbean",NA,"Meat and meat products","Gross Production Value (constant 2014-2016 thousand US$)","1000 USD",1998,1830,"Meat of turkeys","no"
NA,NA,"Caribbean",NA,"Meat and meat products","Gross Production Value (constant 2014-2016 thousand US$)","1000 USD",1999,654,"Meat of turkeys","no"
NA,NA,"Caribbean",NA,"Meat and meat products","Gross Production Value (constant 2014-2016 thousand US$)","1000 USD",2000,2354,"Meat of turkeys","no"
NA,NA,"Caribbean",NA,"Meat and meat products","Gross Production Value (constant 2014-2016 thousand US$)","1000 USD",2001,926,"Meat of turkeys","no"
NA,NA,"Caribbean",NA,"Meat and meat products","Gross Production Value (constant 2014-2016 thousand US$)","1000 USD",2002,2256,"Meat of turkeys","no"
NA,NA,"Caribbean",NA,"Meat and meat products","Gross Production Value (constant 2014-2016 thousand US$)","1000 USD",2003,1818,"Meat of turkeys","no"
NA,NA,"Caribbean",NA,"Meat and meat products","Gross Production Value (constant 2014-2016 thousand US$)","1000 USD",2004,1418,"Meat of turkeys","no"
NA,NA,"Caribbean",NA,"Meat and meat products","Gross Production Value (constant 2014-2016 thousand US$)","1000 USD",2005,2426,"Meat of turkeys","no"
NA,NA,"Caribbean",NA,"Meat and meat products","Gross Production Value (constant 2014-2016 thousand US$)","1000 USD",2006,1798,"Meat of turkeys","no"
NA,NA,"Caribbean",NA,"Meat and meat products","Gross Production Value (constant 2014-2016 thousand US$)","1000 USD",2007,1830,"Meat of turkeys","no"
NA,NA,"Caribbean",NA,"Meat and meat products","Gross Production Value (constant 2014-2016 thousand US$)","1000 USD",2008,1570,"Meat of turkeys","no"
NA,NA,"Caribbean",NA,"Meat and meat products","Gross Production Value (constant 2014-2016 thousand US$)","1000 USD",2009,1432,"Meat of turkeys","no"
NA,NA,"Caribbean",NA,"Meat and meat products","Gross Production Value (constant 2014-2016 thousand US$)","1000 USD",2010,1778,"Meat of turkeys","no"
NA,NA,"Caribbean",NA,"Meat and meat products","Gross Production Value (constant 2014-2016 thousand US$)","1000 USD",2011,1556,"Meat of turkeys","no"
NA,NA,"Caribbean",NA,"Meat and meat products","Gross Production Value (constant 2014-2016 thousand US$)","1000 USD",2012,2158,"Meat of turkeys","no"
NA,NA,"Caribbean",NA,"Meat and meat products","Gross Production Value (constant 2014-2016 thousand US$)","1000 USD",2013,1982,"Meat of turkeys","no"
NA,NA,"Caribbean",NA,"Meat and meat products","Gross Production Value (constant 2014-2016 thousand US$)","1000 USD",2014,1196,"Meat of turkeys","no"
NA,NA,"Caribbean",NA,"Meat and meat products","Gross Production Value (constant 2014-2016 thousand US$)","1000 USD",2015,1244,"Meat of turkeys","no"
NA,NA,"Caribbean",NA,"Meat and meat products","Gross Production Value (constant 2014-2016 thousand US$)","1000 USD",2016,1712,"Meat of turkeys","no"
NA,NA,"Caribbean",NA,"Meat and meat products","Gross Production Value (constant 2014-2016 thousand US$)","1000 USD",2017,830,"Meat of turkeys","no"
NA,NA,"Caribbean",NA,"Meat and meat products","Gross Production Value (constant 2014-2016 thousand US$)","1000 USD",2018,1182,"Meat of turkeys","no"
NA,NA,"Caribbean",NA,"Meat and meat products","Gross Production Value (constant 2014-2016 thousand US$)","1000 USD",2019,1230,"Meat of turkeys","no"
NA,NA,"Caribbean",NA,"Meat and meat products","Gross Production Value (constant 2014-2016 thousand US$)","1000 USD",2020,922,"Meat of turkeys","no"
NA,NA,"Caribbean",NA,"Meat and meat products","Gross Production Value (constant 2014-2016 thousand US$)","1000 USD",2021,1948,"Meat of turkeys","no"
NA,NA,"Caribbean",NA,"Meat and meat products","Gross Production Value (constant 2014-2016 thousand US$)","1000 USD",2022,882,"Meat of turkeys","no"
NA,NA,"Caribbean",NA,"Meat and meat products","Gross Production Value (constant 2014-2016 thousand US$)","1000 USD",2023,1216,"Meat of turkeys","no"
NA,NA,"Caribbean",NA,"Meat and meat products","Gross Production Value (constant 2014-2016 thousand I$)","1000 Int$",1992,1571.6666666666667,"Other meat of mammals","no"
NA,NA,"Caribbean",NA,"Meat and meat products","Gross Production Value (constant 2014-2016 thousand I$)","1000 Int$",1993,1664.6666666666667,"Other meat of mammals","no"
NA,NA,"Caribbean",NA,"Meat and meat products","Gross Production Value (constant 2014-2016 thousand I$)","1000 Int$",1994,1662.3333333333333,"Other meat of mammals","no"
NA,NA,"Caribbean",NA,"Meat and meat products","Gross Production Value (constant 2014-2016 thousand I$)","1000 Int$",1995,1669.6666666666667,"Other meat of mammals","no"
NA,NA,"Caribbean",NA,"Meat and meat products","Gross Production Value (constant 2014-2016 thousand I$)","1000 Int$",1996,1690.3333333333333,"Other meat of mammals","no"
NA,NA,"Caribbean",NA,"Meat and meat products","Gross Production Value (constant 2014-2016 thousand I$)","1000 Int$",1997,1721,"Other meat of mammals","no"
NA,NA,"Caribbean",NA,"Meat and meat products","Gross Production Value (constant 2014-2016 thousand I$)","1000 Int$",1998,1765,"Other meat of mammals","no"
NA,NA,"Caribbean",NA,"Meat and meat products","Gross Production Value (constant 2014-2016 thousand I$)","1000 Int$",1999,1797.6666666666667,"Other meat of mammals","no"
NA,NA,"Caribbean",NA,"Meat and meat products","Gross Production Value (constant 2014-2016 thousand I$)","1000 Int$",2000,1829.3333333333333,"Other meat of mammals","no"
NA,NA,"Caribbean",NA,"Meat and meat products","Gross Production Value (constant 2014-2016 thousand I$)","1000 Int$",2001,1829,"Other meat of mammals","no"
NA,NA,"Caribbean",NA,"Meat and meat products","Gross Production Value (constant 2014-2016 thousand I$)","1000 Int$",2002,1873,"Other meat of mammals","no"
NA,NA,"Caribbean",NA,"Meat and meat products","Gross Production Value (constant 2014-2016 thousand I$)","1000 Int$",2003,1855.3333333333333,"Other meat of mammals","no"
NA,NA,"Caribbean",NA,"Meat and meat products","Gross Production Value (constant 2014-2016 thousand I$)","1000 Int$",2004,1881,"Other meat of mammals","no"
NA,NA,"Caribbean",NA,"Meat and meat products","Gross Production Value (constant 2014-2016 thousand I$)","1000 Int$",2005,1972,"Other meat of mammals","no"
NA,NA,"Caribbean",NA,"Meat and meat products","Gross Production Value (constant 2014-2016 thousand I$)","1000 Int$",2006,2057.3333333333335,"Other meat of mammals","no"
NA,NA,"Caribbean",NA,"Meat and meat products","Gross Production Value (constant 2014-2016 thousand I$)","1000 Int$",2007,2189,"Other meat of mammals","no"
NA,NA,"Caribbean",NA,"Meat and meat products","Gross Production Value (constant 2014-2016 thousand I$)","1000 Int$",2008,2286,"Other meat of mammals","no"
NA,NA,"Caribbean",NA,"Meat and meat products","Gross Production Value (constant 2014-2016 thousand I$)","1000 Int$",2009,2406,"Other meat of mammals","no"
NA,NA,"Caribbean",NA,"Meat and meat products","Gross Production Value (constant 2014-2016 thousand I$)","1000 Int$",2010,2463,"Other meat of mammals","no"
NA,NA,"Caribbean",NA,"Meat and meat products","Gross Production Value (constant 2014-2016 thousand I$)","1000 Int$",2011,2594.3333333333335,"Other meat of mammals","no"
NA,NA,"Caribbean",NA,"Meat and meat products","Gross Production Value (constant 2014-2016 thousand I$)","1000 Int$",2012,2594,"Other meat of mammals","no"
NA,NA,"Caribbean",NA,"Meat and meat products","Gross Production Value (constant 2014-2016 thousand I$)","1000 Int$",2013,2593.6666666666665,"Other meat of mammals","no"
NA,NA,"Caribbean",NA,"Meat and meat products","Gross Production Value (constant 2014-2016 thousand I$)","1000 Int$",2014,2658,"Other meat of mammals","no"
NA,NA,"Caribbean",NA,"Meat and meat products","Gross Production Value (constant 2014-2016 thousand I$)","1000 Int$",2015,2753.6666666666665,"Other meat of mammals","no"
NA,NA,"Caribbean",NA,"Meat and meat products","Gross Production Value (constant 2014-2016 thousand I$)","1000 Int$",2016,2670,"Other meat of mammals","no"
NA,NA,"Caribbean",NA,"Meat and meat products","Gross Production Value (constant 2014-2016 thousand I$)","1000 Int$",2017,2721.3333333333335,"Other meat of mammals","no"
NA,NA,"Caribbean",NA,"Meat and meat products","Gross Production Value (constant 2014-2016 thousand I$)","1000 Int$",2018,2748.3333333333335,"Other meat of mammals","no"
NA,NA,"Caribbean",NA,"Meat and meat products","Gross Production Value (constant 2014-2016 thousand I$)","1000 Int$",2019,2763,"Other meat of mammals","no"
NA,NA,"Caribbean",NA,"Meat and meat products","Gross Production Value (constant 2014-2016 thousand I$)","1000 Int$",2020,2846.3333333333335,"Other meat of mammals","no"
NA,NA,"Caribbean",NA,"Meat and meat products","Gross Production Value (constant 2014-2016 thousand I$)","1000 Int$",2021,2787.6666666666665,"Other meat of mammals","no"
NA,NA,"Caribbean",NA,"Meat and meat products","Gross Production Value (constant 2014-2016 thousand I$)","1000 Int$",2022,2821,"Other meat of mammals","no"
NA,NA,"Caribbean",NA,"Meat and meat products","Gross Production Value (constant 2014-2016 thousand I$)","1000 Int$",2023,2855.3333333333335,"Other meat of mammals","no"
NA,NA,"Caribbean",NA,"Oilseeds and oleaginous fruits","Gross Production Value (constant 2014-2016 thousand I$)","1000 Int$",1992,297.5,"Castor oil seeds","no"
NA,NA,"Caribbean",NA,"Oilseeds and oleaginous fruits","Gross Production Value (constant 2014-2016 thousand I$)","1000 Int$",1993,273,"Castor oil seeds","no"
NA,NA,"Caribbean",NA,"Oilseeds and oleaginous fruits","Gross Production Value (constant 2014-2016 thousand I$)","1000 Int$",1994,282.5,"Castor oil seeds","no"
NA,NA,"Caribbean",NA,"Oilseeds and oleaginous fruits","Gross Production Value (constant 2014-2016 thousand I$)","1000 Int$",1995,299,"Castor oil seeds","no"
NA,NA,"Caribbean",NA,"Oilseeds and oleaginous fruits","Gross Production Value (constant 2014-2016 thousand I$)","1000 Int$",1996,314,"Castor oil seeds","no"
NA,NA,"Caribbean",NA,"Oilseeds and oleaginous fruits","Gross Production Value (constant 2014-2016 thousand I$)","1000 Int$",1997,324,"Castor oil seeds","no"
NA,NA,"Caribbean",NA,"Oilseeds and oleaginous fruits","Gross Production Value (constant 2014-2016 thousand I$)","1000 Int$",1998,347.5,"Castor oil seeds","no"
NA,NA,"Caribbean",NA,"Oilseeds and oleaginous fruits","Gross Production Value (constant 2014-2016 thousand I$)","1000 Int$",1999,372,"Castor oil seeds","no"
NA,NA,"Caribbean",NA,"Oilseeds and oleaginous fruits","Gross Production Value (constant 2014-2016 thousand I$)","1000 Int$",2000,372,"Castor oil seeds","no"
NA,NA,"Caribbean",NA,"Oilseeds and oleaginous fruits","Gross Production Value (constant 2014-2016 thousand I$)","1000 Int$",2001,273,"Castor oil seeds","no"
NA,NA,"Caribbean",NA,"Oilseeds and oleaginous fruits","Gross Production Value (constant 2014-2016 thousand I$)","1000 Int$",2002,312.5,"Castor oil seeds","no"
NA,NA,"Caribbean",NA,"Oilseeds and oleaginous fruits","Gross Production Value (constant 2014-2016 thousand I$)","1000 Int$",2003,312.5,"Castor oil seeds","no"
NA,NA,"Caribbean",NA,"Oilseeds and oleaginous fruits","Gross Production Value (constant 2014-2016 thousand I$)","1000 Int$",2004,322.5,"Castor oil seeds","no"
NA,NA,"Caribbean",NA,"Oilseeds and oleaginous fruits","Gross Production Value (constant 2014-2016 thousand I$)","1000 Int$",2005,322.5,"Castor oil seeds","no"
NA,NA,"Caribbean",NA,"Oilseeds and oleaginous fruits","Gross Production Value (constant 2014-2016 thousand I$)","1000 Int$",2006,322.5,"Castor oil seeds","no"
NA,NA,"Caribbean",NA,"Oilseeds and oleaginous fruits","Gross Production Value (constant 2014-2016 thousand I$)","1000 Int$",2007,397,"Castor oil seeds","no"
NA,NA,"Caribbean",NA,"Oilseeds and oleaginous fruits","Gross Production Value (constant 2014-2016 thousand I$)","1000 Int$",2008,397,"Castor oil seeds","no"
NA,NA,"Caribbean",NA,"Oilseeds and oleaginous fruits","Gross Production Value (constant 2014-2016 thousand I$)","1000 Int$",2009,379.5,"Castor oil seeds","no"
NA,NA,"Caribbean",NA,"Oilseeds and oleaginous fruits","Gross Production Value (constant 2014-2016 thousand I$)","1000 Int$",2010,363,"Castor oil seeds","no"
NA,NA,"Caribbean",NA,"Oilseeds and oleaginous fruits","Gross Production Value (constant 2014-2016 thousand I$)","1000 Int$",2011,367,"Castor oil seeds","no"
NA,NA,"Caribbean",NA,"Oilseeds and oleaginous fruits","Gross Production Value (constant 2014-2016 thousand I$)","1000 Int$",2012,370.5,"Castor oil seeds","no"
NA,NA,"Caribbean",NA,"Oilseeds and oleaginous fruits","Gross Production Value (constant 2014-2016 thousand I$)","1000 Int$",2013,373.5,"Castor oil seeds","no"
NA,NA,"Caribbean",NA,"Oilseeds and oleaginous fruits","Gross Production Value (constant 2014-2016 thousand I$)","1000 Int$",2014,376,"Castor oil seeds","no"
NA,NA,"Caribbean",NA,"Oilseeds and oleaginous fruits","Gross Production Value (constant 2014-2016 thousand I$)","1000 Int$",2015,378.5,"Castor oil seeds","no"
NA,NA,"Caribbean",NA,"Oilseeds and oleaginous fruits","Gross Production Value (constant 2014-2016 thousand I$)","1000 Int$",2016,381.5,"Castor oil seeds","no"
NA,NA,"Caribbean",NA,"Oilseeds and oleaginous fruits","Gross Production Value (constant 2014-2016 thousand I$)","1000 Int$",2017,384,"Castor oil seeds","no"
NA,NA,"Caribbean",NA,"Oilseeds and oleaginous fruits","Gross Production Value (constant 2014-2016 thousand I$)","1000 Int$",2018,388.5,"Castor oil seeds","no"
NA,NA,"Caribbean",NA,"Oilseeds and oleaginous fruits","Gross Production Value (constant 2014-2016 thousand I$)","1000 Int$",2019,391,"Castor oil seeds","no"
NA,NA,"Caribbean",NA,"Oilseeds and oleaginous fruits","Gross Production Value (constant 2014-2016 thousand I$)","1000 Int$",2020,394,"Castor oil seeds","no"
NA,NA,"Caribbean",NA,"Oilseeds and oleaginous fruits","Gross Production Value (constant 2014-2016 thousand I$)","1000 Int$",2021,393,"Castor oil seeds","no"
NA,NA,"Caribbean",NA,"Oilseeds and oleaginous fruits","Gross Production Value (constant 2014-2016 thousand I$)","1000 Int$",2022,395,"Castor oil seeds","no"
NA,NA,"Caribbean",NA,"Oilseeds and oleaginous fruits","Gross Production Value (constant 2014-2016 thousand I$)","1000 Int$",2023,396.5,"Castor oil seeds","no"
NA,NA,"Caribbean",NA,"Oilseeds and oleaginous fruits","Gross Production Value (constant 2014-2016 thousand I$)","1000 Int$",1992,5010.066666666667,"Coconuts","no"
NA,NA,"Caribbean",NA,"Oilseeds and oleaginous fruits","Gross Production Value (constant 2014-2016 thousand I$)","1000 Int$",1993,5375.133333333333,"Coconuts","no"
NA,NA,"Caribbean",NA,"Oilseeds and oleaginous fruits","Gross Production Value (constant 2014-2016 thousand I$)","1000 Int$",1994,4796.133333333333,"Coconuts","no"
NA,NA,"Caribbean",NA,"Oilseeds and oleaginous fruits","Gross Production Value (constant 2014-2016 thousand I$)","1000 Int$",1995,5220.933333333333,"Coconuts","no"
NA,NA,"Caribbean",NA,"Oilseeds and oleaginous fruits","Gross Production Value (constant 2014-2016 thousand I$)","1000 Int$",1996,5001.4,"Coconuts","no"
NA,NA,"Caribbean",NA,"Oilseeds and oleaginous fruits","Gross Production Value (constant 2014-2016 thousand I$)","1000 Int$",1997,5887.2,"Coconuts","no"
NA,NA,"Caribbean",NA,"Oilseeds and oleaginous fruits","Gross Production Value (constant 2014-2016 thousand I$)","1000 Int$",1998,5206.133333333333,"Coconuts","no"
NA,NA,"Caribbean",NA,"Oilseeds and oleaginous fruits","Gross Production Value (constant 2014-2016 thousand I$)","1000 Int$",1999,5471.466666666666,"Coconuts","no"
NA,NA,"Caribbean",NA,"Oilseeds and oleaginous fruits","Gross Production Value (constant 2014-2016 thousand I$)","1000 Int$",2000,5592.333333333333,"Coconuts","no"
NA,NA,"Caribbean",NA,"Oilseeds and oleaginous fruits","Gross Production Value (constant 2014-2016 thousand I$)","1000 Int$",2001,5736.733333333334,"Coconuts","no"
NA,NA,"Caribbean",NA,"Oilseeds and oleaginous fruits","Gross Production Value (constant 2014-2016 thousand I$)","1000 Int$",2002,6934,"Coconuts","no"
NA,NA,"Caribbean",NA,"Oilseeds and oleaginous fruits","Gross Production Value (constant 2014-2016 thousand I$)","1000 Int$",2003,7020,"Coconuts","no"
NA,NA,"Caribbean",NA,"Oilseeds and oleaginous fruits","Gross Production Value (constant 2014-2016 thousand I$)","1000 Int$",2004,6878.866666666667,"Coconuts","no"
NA,NA,"Caribbean",NA,"Oilseeds and oleaginous fruits","Gross Production Value (constant 2014-2016 thousand I$)","1000 Int$",2005,6010.333333333333,"Coconuts","no"
NA,NA,"Caribbean",NA,"Oilseeds and oleaginous fruits","Gross Production Value (constant 2014-2016 thousand I$)","1000 Int$",2006,6443.133333333333,"Coconuts","no"
NA,NA,"Caribbean",NA,"Oilseeds and oleaginous fruits","Gross Production Value (constant 2014-2016 thousand I$)","1000 Int$",2007,6883.333333333333,"Coconuts","no"
NA,NA,"Caribbean",NA,"Oilseeds and oleaginous fruits","Gross Production Value (constant 2014-2016 thousand I$)","1000 Int$",2008,6778.266666666666,"Coconuts","no"
NA,NA,"Caribbean",NA,"Oilseeds and oleaginous fruits","Gross Production Value (constant 2014-2016 thousand I$)","1000 Int$",2009,5472,"Coconuts","no"
NA,NA,"Caribbean",NA,"Oilseeds and oleaginous fruits","Gross Production Value (constant 2014-2016 thousand I$)","1000 Int$",2010,3920.6666666666665,"Coconuts","no"
NA,NA,"Caribbean",NA,"Oilseeds and oleaginous fruits","Gross Production Value (constant 2014-2016 thousand I$)","1000 Int$",2011,4075.4,"Coconuts","no"
NA,NA,"Caribbean",NA,"Oilseeds and oleaginous fruits","Gross Production Value (constant 2014-2016 thousand I$)","1000 Int$",2012,4220.466666666666,"Coconuts","no"
NA,NA,"Caribbean",NA,"Oilseeds and oleaginous fruits","Gross Production Value (constant 2014-2016 thousand I$)","1000 Int$",2013,5580.4,"Coconuts","no"
NA,NA,"Caribbean",NA,"Oilseeds and oleaginous fruits","Gross Production Value (constant 2014-2016 thousand I$)","1000 Int$",2014,6073.866666666667,"Coconuts","no"
NA,NA,"Caribbean",NA,"Oilseeds and oleaginous fruits","Gross Production Value (constant 2014-2016 thousand I$)","1000 Int$",2015,6500.8,"Coconuts","no"
NA,NA,"Caribbean",NA,"Oilseeds and oleaginous fruits","Gross Production Value (constant 2014-2016 thousand I$)","1000 Int$",2016,6548.466666666666,"Coconuts","no"
NA,NA,"Caribbean",NA,"Oilseeds and oleaginous fruits","Gross Production Value (constant 2014-2016 thousand I$)","1000 Int$",2017,6943.066666666667,"Coconuts","no"
NA,NA,"Caribbean",NA,"Oilseeds and oleaginous fruits","Gross Production Value (constant 2014-2016 thousand I$)","1000 Int$",2018,7028.2,"Coconuts","no"
NA,NA,"Caribbean",NA,"Oilseeds and oleaginous fruits","Gross Production Value (constant 2014-2016 thousand I$)","1000 Int$",2019,7270.133333333333,"Coconuts","no"
NA,NA,"Caribbean",NA,"Oilseeds and oleaginous fruits","Gross Production Value (constant 2014-2016 thousand I$)","1000 Int$",2020,6943.266666666666,"Coconuts","no"
NA,NA,"Caribbean",NA,"Oilseeds and oleaginous fruits","Gross Production Value (constant 2014-2016 thousand I$)","1000 Int$",2021,7102.866666666667,"Coconuts","no"
NA,NA,"Caribbean",NA,"Oilseeds and oleaginous fruits","Gross Production Value (constant 2014-2016 thousand I$)","1000 Int$",2022,7712.866666666667,"Coconuts","no"
NA,NA,"Caribbean",NA,"Oilseeds and oleaginous fruits","Gross Production Value (constant 2014-2016 thousand I$)","1000 Int$",2023,8382.066666666668,"Coconuts","no"
NA,NA,"Caribbean",NA,"Oilseeds and oleaginous fruits","Gross Production Value (constant 2014-2016 thousand US$)","1000 USD",1992,20378.333333333332,"Coconuts","no"
NA,NA,"Caribbean",NA,"Oilseeds and oleaginous fruits","Gross Production Value (constant 2014-2016 thousand US$)","1000 USD",1993,21166.11111111111,"Coconuts","no"
NA,NA,"Caribbean",NA,"Oilseeds and oleaginous fruits","Gross Production Value (constant 2014-2016 thousand US$)","1000 USD",1994,16977.666666666668,"Coconuts","no"
NA,NA,"Caribbean",NA,"Oilseeds and oleaginous fruits","Gross Production Value (constant 2014-2016 thousand US$)","1000 USD",1995,18066.11111111111,"Coconuts","no"
NA,NA,"Caribbean",NA,"Oilseeds and oleaginous fruits","Gross Production Value (constant 2014-2016 thousand US$)","1000 USD",1996,15999,"Coconuts","no"
NA,NA,"Caribbean",NA,"Oilseeds and oleaginous fruits","Gross Production Value (constant 2014-2016 thousand US$)","1000 USD",1997,20521.777777777777,"Coconuts","no"
NA,NA,"Caribbean",NA,"Oilseeds and oleaginous fruits","Gross Production Value (constant 2014-2016 thousand US$)","1000 USD",1998,16038.222222222223,"Coconuts","no"
NA,NA,"Caribbean",NA,"Oilseeds and oleaginous fruits","Gross Production Value (constant 2014-2016 thousand US$)","1000 USD",1999,17852.222222222223,"Coconuts","no"
NA,NA,"Caribbean",NA,"Oilseeds and oleaginous fruits","Gross Production Value (constant 2014-2016 thousand US$)","1000 USD",2000,15949.777777777777,"Coconuts","no"
NA,NA,"Caribbean",NA,"Oilseeds and oleaginous fruits","Gross Production Value (constant 2014-2016 thousand US$)","1000 USD",2001,15862.111111111111,"Coconuts","no"
NA,NA,"Caribbean",NA,"Oilseeds and oleaginous fruits","Gross Production Value (constant 2014-2016 thousand US$)","1000 USD",2002,17124.333333333332,"Coconuts","no"
NA,NA,"Caribbean",NA,"Oilseeds and oleaginous fruits","Gross Production Value (constant 2014-2016 thousand US$)","1000 USD",2003,17150.222222222223,"Coconuts","no"
NA,NA,"Caribbean",NA,"Oilseeds and oleaginous fruits","Gross Production Value (constant 2014-2016 thousand US$)","1000 USD",2004,16133.555555555555,"Coconuts","no"
NA,NA,"Caribbean",NA,"Oilseeds and oleaginous fruits","Gross Production Value (constant 2014-2016 thousand US$)","1000 USD",2005,12340.555555555555,"Coconuts","no"
NA,NA,"Caribbean",NA,"Oilseeds and oleaginous fruits","Gross Production Value (constant 2014-2016 thousand US$)","1000 USD",2006,13487.333333333334,"Coconuts","no"
NA,NA,"Caribbean",NA,"Oilseeds and oleaginous fruits","Gross Production Value (constant 2014-2016 thousand US$)","1000 USD",2007,13832.333333333334,"Coconuts","no"
NA,NA,"Caribbean",NA,"Oilseeds and oleaginous fruits","Gross Production Value (constant 2014-2016 thousand US$)","1000 USD",2008,14079.888888888889,"Coconuts","no"
NA,NA,"Caribbean",NA,"Oilseeds and oleaginous fruits","Gross Production Value (constant 2014-2016 thousand US$)","1000 USD",2009,12195.111111111111,"Coconuts","no"
NA,NA,"Caribbean",NA,"Oilseeds and oleaginous fruits","Gross Production Value (constant 2014-2016 thousand US$)","1000 USD",2010,12694.111111111111,"Coconuts","no"
NA,NA,"Caribbean",NA,"Oilseeds and oleaginous fruits","Gross Production Value (constant 2014-2016 thousand US$)","1000 USD",2011,13990.111111111111,"Coconuts","no"
NA,NA,"Caribbean",NA,"Oilseeds and oleaginous fruits","Gross Production Value (constant 2014-2016 thousand US$)","1000 USD",2012,13784.444444444445,"Coconuts","no"
NA,NA,"Caribbean",NA,"Oilseeds and oleaginous fruits","Gross Production Value (constant 2014-2016 thousand US$)","1000 USD",2013,19250.444444444445,"Coconuts","no"
NA,NA,"Caribbean",NA,"Oilseeds and oleaginous fruits","Gross Production Value (constant 2014-2016 thousand US$)","1000 USD",2014,20937.444444444445,"Coconuts","no"
NA,NA,"Caribbean",NA,"Oilseeds and oleaginous fruits","Gross Production Value (constant 2014-2016 thousand US$)","1000 USD",2015,22842.777777777777,"Coconuts","no"
NA,NA,"Caribbean",NA,"Oilseeds and oleaginous fruits","Gross Production Value (constant 2014-2016 thousand US$)","1000 USD",2016,23334.555555555555,"Coconuts","no"
NA,NA,"Caribbean",NA,"Oilseeds and oleaginous fruits","Gross Production Value (constant 2014-2016 thousand US$)","1000 USD",2017,24285.333333333332,"Coconuts","no"
NA,NA,"Caribbean",NA,"Oilseeds and oleaginous fruits","Gross Production Value (constant 2014-2016 thousand US$)","1000 USD",2018,24893.666666666668,"Coconuts","no"
NA,NA,"Caribbean",NA,"Oilseeds and oleaginous fruits","Gross Production Value (constant 2014-2016 thousand US$)","1000 USD",2019,26210.777777777777,"Coconuts","no"
NA,NA,"Caribbean",NA,"Oilseeds and oleaginous fruits","Gross Production Value (constant 2014-2016 thousand US$)","1000 USD",2020,26091.444444444445,"Coconuts","no"
NA,NA,"Caribbean",NA,"Oilseeds and oleaginous fruits","Gross Production Value (constant 2014-2016 thousand US$)","1000 USD",2021,26586.444444444445,"Coconuts","no"
NA,NA,"Caribbean",NA,"Oilseeds and oleaginous fruits","Gross Production Value (constant 2014-2016 thousand US$)","1000 USD",2022,29062.666666666668,"Coconuts","no"
NA,NA,"Caribbean",NA,"Oilseeds and oleaginous fruits","Gross Production Value (constant 2014-2016 thousand US$)","1000 USD",2023,32898.666666666664,"Coconuts","no"
NA,NA,"Caribbean",NA,"Oilseeds and oleaginous fruits","Gross Production Value (constant 2014-2016 thousand I$)","1000 Int$",1992,4929.142857142857,"Groundnuts, excluding shelled","no"
NA,NA,"Caribbean",NA,"Oilseeds and oleaginous fruits","Gross Production Value (constant 2014-2016 thousand I$)","1000 Int$",1993,4362.428571428572,"Groundnuts, excluding shelled","no"
NA,NA,"Caribbean",NA,"Oilseeds and oleaginous fruits","Gross Production Value (constant 2014-2016 thousand I$)","1000 Int$",1994,4577.142857142857,"Groundnuts, excluding shelled","no"
NA,NA,"Caribbean",NA,"Oilseeds and oleaginous fruits","Gross Production Value (constant 2014-2016 thousand I$)","1000 Int$",1995,4675.285714285715,"Groundnuts, excluding shelled","no"
NA,NA,"Caribbean",NA,"Oilseeds and oleaginous fruits","Gross Production Value (constant 2014-2016 thousand I$)","1000 Int$",1996,4522.142857142857,"Groundnuts, excluding shelled","no"
NA,NA,"Caribbean",NA,"Oilseeds and oleaginous fruits","Gross Production Value (constant 2014-2016 thousand I$)","1000 Int$",1997,4566.428571428572,"Groundnuts, excluding shelled","no"
NA,NA,"Caribbean",NA,"Oilseeds and oleaginous fruits","Gross Production Value (constant 2014-2016 thousand I$)","1000 Int$",1998,4453.285714285715,"Groundnuts, excluding shelled","no"
NA,NA,"Caribbean",NA,"Oilseeds and oleaginous fruits","Gross Production Value (constant 2014-2016 thousand I$)","1000 Int$",1999,4142.142857142857,"Groundnuts, excluding shelled","no"
NA,NA,"Caribbean",NA,"Oilseeds and oleaginous fruits","Gross Production Value (constant 2014-2016 thousand I$)","1000 Int$",2000,4279.142857142857,"Groundnuts, excluding shelled","no"
NA,NA,"Caribbean",NA,"Oilseeds and oleaginous fruits","Gross Production Value (constant 2014-2016 thousand I$)","1000 Int$",2001,4223,"Groundnuts, excluding shelled","no"
NA,NA,"Caribbean",NA,"Oilseeds and oleaginous fruits","Gross Production Value (constant 2014-2016 thousand I$)","1000 Int$",2002,3918.8571428571427,"Groundnuts, excluding shelled","no"
NA,NA,"Caribbean",NA,"Oilseeds and oleaginous fruits","Gross Production Value (constant 2014-2016 thousand I$)","1000 Int$",2003,4009.8571428571427,"Groundnuts, excluding shelled","no"
NA,NA,"Caribbean",NA,"Oilseeds and oleaginous fruits","Gross Production Value (constant 2014-2016 thousand I$)","1000 Int$",2004,3942,"Groundnuts, excluding shelled","no"
NA,NA,"Caribbean",NA,"Oilseeds and oleaginous fruits","Gross Production Value (constant 2014-2016 thousand I$)","1000 Int$",2005,4011.5714285714284,"Groundnuts, excluding shelled","no"
NA,NA,"Caribbean",NA,"Oilseeds and oleaginous fruits","Gross Production Value (constant 2014-2016 thousand I$)","1000 Int$",2006,3850.5714285714284,"Groundnuts, excluding shelled","no"
NA,NA,"Caribbean",NA,"Oilseeds and oleaginous fruits","Gross Production Value (constant 2014-2016 thousand I$)","1000 Int$",2007,4124,"Groundnuts, excluding shelled","no"
NA,NA,"Caribbean",NA,"Oilseeds and oleaginous fruits","Gross Production Value (constant 2014-2016 thousand I$)","1000 Int$",2008,3756,"Groundnuts, excluding shelled","no"
NA,NA,"Caribbean",NA,"Oilseeds and oleaginous fruits","Gross Production Value (constant 2014-2016 thousand I$)","1000 Int$",2009,3333.285714285714,"Groundnuts, excluding shelled","no"
NA,NA,"Caribbean",NA,"Oilseeds and oleaginous fruits","Gross Production Value (constant 2014-2016 thousand I$)","1000 Int$",2010,3762.5714285714284,"Groundnuts, excluding shelled","no"
NA,NA,"Caribbean",NA,"Oilseeds and oleaginous fruits","Gross Production Value (constant 2014-2016 thousand I$)","1000 Int$",2011,4130.571428571428,"Groundnuts, excluding shelled","no"
NA,NA,"Caribbean",NA,"Oilseeds and oleaginous fruits","Gross Production Value (constant 2014-2016 thousand I$)","1000 Int$",2012,4618.714285714285,"Groundnuts, excluding shelled","no"
NA,NA,"Caribbean",NA,"Oilseeds and oleaginous fruits","Gross Production Value (constant 2014-2016 thousand I$)","1000 Int$",2013,5735.571428571428,"Groundnuts, excluding shelled","no"
NA,NA,"Caribbean",NA,"Oilseeds and oleaginous fruits","Gross Production Value (constant 2014-2016 thousand I$)","1000 Int$",2014,4720.142857142857,"Groundnuts, excluding shelled","no"
NA,NA,"Caribbean",NA,"Oilseeds and oleaginous fruits","Gross Production Value (constant 2014-2016 thousand I$)","1000 Int$",2015,3646.285714285714,"Groundnuts, excluding shelled","no"
NA,NA,"Caribbean",NA,"Oilseeds and oleaginous fruits","Gross Production Value (constant 2014-2016 thousand I$)","1000 Int$",2016,2875.8571428571427,"Groundnuts, excluding shelled","no"
NA,NA,"Caribbean",NA,"Oilseeds and oleaginous fruits","Gross Production Value (constant 2014-2016 thousand I$)","1000 Int$",2017,2917.714285714286,"Groundnuts, excluding shelled","no"
NA,NA,"Caribbean",NA,"Oilseeds and oleaginous fruits","Gross Production Value (constant 2014-2016 thousand I$)","1000 Int$",2018,2795.714285714286,"Groundnuts, excluding shelled","no"
NA,NA,"Caribbean",NA,"Oilseeds and oleaginous fruits","Gross Production Value (constant 2014-2016 thousand I$)","1000 Int$",2019,2423,"Groundnuts, excluding shelled","no"
NA,NA,"Caribbean",NA,"Oilseeds and oleaginous fruits","Gross Production Value (constant 2014-2016 thousand I$)","1000 Int$",2020,2271.1428571428573,"Groundnuts, excluding shelled","no"
NA,NA,"Caribbean",NA,"Oilseeds and oleaginous fruits","Gross Production Value (constant 2014-2016 thousand I$)","1000 Int$",2021,2270.8571428571427,"Groundnuts, excluding shelled","no"
NA,NA,"Caribbean",NA,"Oilseeds and oleaginous fruits","Gross Production Value (constant 2014-2016 thousand I$)","1000 Int$",2022,2272.5714285714284,"Groundnuts, excluding shelled","no"
NA,NA,"Caribbean",NA,"Oilseeds and oleaginous fruits","Gross Production Value (constant 2014-2016 thousand I$)","1000 Int$",2023,2337.714285714286,"Groundnuts, excluding shelled","no"
NA,NA,"Caribbean",NA,"Oilseeds and oleaginous fruits","Gross Production Value (constant 2014-2016 thousand US$)","1000 USD",1992,4602,"Groundnuts, excluding shelled","no"
NA,NA,"Caribbean",NA,"Oilseeds and oleaginous fruits","Gross Production Value (constant 2014-2016 thousand US$)","1000 USD",1993,3048.75,"Groundnuts, excluding shelled","no"
NA,NA,"Caribbean",NA,"Oilseeds and oleaginous fruits","Gross Production Value (constant 2014-2016 thousand US$)","1000 USD",1994,3144.5,"Groundnuts, excluding shelled","no"
NA,NA,"Caribbean",NA,"Oilseeds and oleaginous fruits","Gross Production Value (constant 2014-2016 thousand US$)","1000 USD",1995,3804.75,"Groundnuts, excluding shelled","no"
NA,NA,"Caribbean",NA,"Oilseeds and oleaginous fruits","Gross Production Value (constant 2014-2016 thousand US$)","1000 USD",1996,3383,"Groundnuts, excluding shelled","no"
NA,NA,"Caribbean",NA,"Oilseeds and oleaginous fruits","Gross Production Value (constant 2014-2016 thousand US$)","1000 USD",1997,3089.75,"Groundnuts, excluding shelled","no"
NA,NA,"Caribbean",NA,"Oilseeds and oleaginous fruits","Gross Production Value (constant 2014-2016 thousand US$)","1000 USD",1998,4117.25,"Groundnuts, excluding shelled","no"
NA,NA,"Caribbean",NA,"Oilseeds and oleaginous fruits","Gross Production Value (constant 2014-2016 thousand US$)","1000 USD",1999,3818.75,"Groundnuts, excluding shelled","no"
NA,NA,"Caribbean",NA,"Oilseeds and oleaginous fruits","Gross Production Value (constant 2014-2016 thousand US$)","1000 USD",2000,2681.25,"Groundnuts, excluding shelled","no"
NA,NA,"Caribbean",NA,"Oilseeds and oleaginous fruits","Gross Production Value (constant 2014-2016 thousand US$)","1000 USD",2001,3750,"Groundnuts, excluding shelled","no"
NA,NA,"Caribbean",NA,"Oilseeds and oleaginous fruits","Gross Production Value (constant 2014-2016 thousand US$)","1000 USD",2002,3099.5,"Groundnuts, excluding shelled","no"
NA,NA,"Caribbean",NA,"Oilseeds and oleaginous fruits","Gross Production Value (constant 2014-2016 thousand US$)","1000 USD",2003,2963.5,"Groundnuts, excluding shelled","no"
NA,NA,"Caribbean",NA,"Oilseeds and oleaginous fruits","Gross Production Value (constant 2014-2016 thousand US$)","1000 USD",2004,2773.5,"Groundnuts, excluding shelled","no"
NA,NA,"Caribbean",NA,"Oilseeds and oleaginous fruits","Gross Production Value (constant 2014-2016 thousand US$)","1000 USD",2005,3144.5,"Groundnuts, excluding shelled","no"
NA,NA,"Caribbean",NA,"Oilseeds and oleaginous fruits","Gross Production Value (constant 2014-2016 thousand US$)","1000 USD",2006,3151.75,"Groundnuts, excluding shelled","no"
NA,NA,"Caribbean",NA,"Oilseeds and oleaginous fruits","Gross Production Value (constant 2014-2016 thousand US$)","1000 USD",2007,3483.5,"Groundnuts, excluding shelled","no"
NA,NA,"Caribbean",NA,"Oilseeds and oleaginous fruits","Gross Production Value (constant 2014-2016 thousand US$)","1000 USD",2008,2812.25,"Groundnuts, excluding shelled","no"
NA,NA,"Caribbean",NA,"Oilseeds and oleaginous fruits","Gross Production Value (constant 2014-2016 thousand US$)","1000 USD",2009,3143,"Groundnuts, excluding shelled","no"
NA,NA,"Caribbean",NA,"Oilseeds and oleaginous fruits","Gross Production Value (constant 2014-2016 thousand US$)","1000 USD",2010,2603.5,"Groundnuts, excluding shelled","no"
NA,NA,"Caribbean",NA,"Oilseeds and oleaginous fruits","Gross Production Value (constant 2014-2016 thousand US$)","1000 USD",2011,3013.25,"Groundnuts, excluding shelled","no"
NA,NA,"Caribbean",NA,"Oilseeds and oleaginous fruits","Gross Production Value (constant 2014-2016 thousand US$)","1000 USD",2012,2953,"Groundnuts, excluding shelled","no"
NA,NA,"Caribbean",NA,"Oilseeds and oleaginous fruits","Gross Production Value (constant 2014-2016 thousand US$)","1000 USD",2013,3438,"Groundnuts, excluding shelled","no"
NA,NA,"Caribbean",NA,"Oilseeds and oleaginous fruits","Gross Production Value (constant 2014-2016 thousand US$)","1000 USD",2014,3225.5,"Groundnuts, excluding shelled","no"
NA,NA,"Caribbean",NA,"Oilseeds and oleaginous fruits","Gross Production Value (constant 2014-2016 thousand US$)","1000 USD",2015,3042.25,"Groundnuts, excluding shelled","no"
NA,NA,"Caribbean",NA,"Oilseeds and oleaginous fruits","Gross Production Value (constant 2014-2016 thousand US$)","1000 USD",2016,3702,"Groundnuts, excluding shelled","no"
NA,NA,"Caribbean",NA,"Oilseeds and oleaginous fruits","Gross Production Value (constant 2014-2016 thousand US$)","1000 USD",2017,3803.75,"Groundnuts, excluding shelled","no"
NA,NA,"Caribbean",NA,"Oilseeds and oleaginous fruits","Gross Production Value (constant 2014-2016 thousand US$)","1000 USD",2018,3351.75,"Groundnuts, excluding shelled","no"
NA,NA,"Caribbean",NA,"Oilseeds and oleaginous fruits","Gross Production Value (constant 2014-2016 thousand US$)","1000 USD",2019,3711.5,"Groundnuts, excluding shelled","no"
NA,NA,"Caribbean",NA,"Oilseeds and oleaginous fruits","Gross Production Value (constant 2014-2016 thousand US$)","1000 USD",2020,3111,"Groundnuts, excluding shelled","no"
NA,NA,"Caribbean",NA,"Oilseeds and oleaginous fruits","Gross Production Value (constant 2014-2016 thousand US$)","1000 USD",2021,2985.75,"Groundnuts, excluding shelled","no"
NA,NA,"Caribbean",NA,"Oilseeds and oleaginous fruits","Gross Production Value (constant 2014-2016 thousand US$)","1000 USD",2022,3133,"Groundnuts, excluding shelled","no"
NA,NA,"Caribbean",NA,"Oilseeds and oleaginous fruits","Gross Production Value (constant 2014-2016 thousand US$)","1000 USD",2023,3267.5,"Groundnuts, excluding shelled","no"
NA,NA,"Caribbean",NA,"Oilseeds and oleaginous fruits","Gross Production Value (constant 2014-2016 thousand I$)","1000 Int$",1992,8815,"Oil palm fruit","no"
NA,NA,"Caribbean",NA,"Oilseeds and oleaginous fruits","Gross Production Value (constant 2014-2016 thousand I$)","1000 Int$",1993,11263,"Oil palm fruit","no"
NA,NA,"Caribbean",NA,"Oilseeds and oleaginous fruits","Gross Production Value (constant 2014-2016 thousand I$)","1000 Int$",1994,12536,"Oil palm fruit","no"
NA,NA,"Caribbean",NA,"Oilseeds and oleaginous fruits","Gross Production Value (constant 2014-2016 thousand I$)","1000 Int$",1995,13320,"Oil palm fruit","no"
NA,NA,"Caribbean",NA,"Oilseeds and oleaginous fruits","Gross Production Value (constant 2014-2016 thousand I$)","1000 Int$",1996,12936,"Oil palm fruit","no"
NA,NA,"Caribbean",NA,"Oilseeds and oleaginous fruits","Gross Production Value (constant 2014-2016 thousand I$)","1000 Int$",1997,12742,"Oil palm fruit","no"
NA,NA,"Caribbean",NA,"Oilseeds and oleaginous fruits","Gross Production Value (constant 2014-2016 thousand I$)","1000 Int$",1998,16789,"Oil palm fruit","no"
NA,NA,"Caribbean",NA,"Oilseeds and oleaginous fruits","Gross Production Value (constant 2014-2016 thousand I$)","1000 Int$",1999,17897,"Oil palm fruit","no"
NA,NA,"Caribbean",NA,"Oilseeds and oleaginous fruits","Gross Production Value (constant 2014-2016 thousand I$)","1000 Int$",2000,19240,"Oil palm fruit","no"
NA,NA,"Caribbean",NA,"Oilseeds and oleaginous fruits","Gross Production Value (constant 2014-2016 thousand I$)","1000 Int$",2001,20582,"Oil palm fruit","no"
NA,NA,"Caribbean",NA,"Oilseeds and oleaginous fruits","Gross Production Value (constant 2014-2016 thousand I$)","1000 Int$",2002,21925,"Oil palm fruit","no"
NA,NA,"Caribbean",NA,"Oilseeds and oleaginous fruits","Gross Production Value (constant 2014-2016 thousand I$)","1000 Int$",2003,23268,"Oil palm fruit","no"
NA,NA,"Caribbean",NA,"Oilseeds and oleaginous fruits","Gross Production Value (constant 2014-2016 thousand I$)","1000 Int$",2004,24610,"Oil palm fruit","no"
NA,NA,"Caribbean",NA,"Oilseeds and oleaginous fruits","Gross Production Value (constant 2014-2016 thousand I$)","1000 Int$",2005,25953,"Oil palm fruit","no"
NA,NA,"Caribbean",NA,"Oilseeds and oleaginous fruits","Gross Production Value (constant 2014-2016 thousand I$)","1000 Int$",2006,27295,"Oil palm fruit","no"
NA,NA,"Caribbean",NA,"Oilseeds and oleaginous fruits","Gross Production Value (constant 2014-2016 thousand I$)","1000 Int$",2007,28638,"Oil palm fruit","no"
NA,NA,"Caribbean",NA,"Oilseeds and oleaginous fruits","Gross Production Value (constant 2014-2016 thousand I$)","1000 Int$",2008,29981,"Oil palm fruit","no"
NA,NA,"Caribbean",NA,"Oilseeds and oleaginous fruits","Gross Production Value (constant 2014-2016 thousand I$)","1000 Int$",2009,31323,"Oil palm fruit","no"
NA,NA,"Caribbean",NA,"Oilseeds and oleaginous fruits","Gross Production Value (constant 2014-2016 thousand I$)","1000 Int$",2010,23114,"Oil palm fruit","no"
NA,NA,"Caribbean",NA,"Oilseeds and oleaginous fruits","Gross Production Value (constant 2014-2016 thousand I$)","1000 Int$",2011,25318,"Oil palm fruit","no"
NA,NA,"Caribbean",NA,"Oilseeds and oleaginous fruits","Gross Production Value (constant 2014-2016 thousand I$)","1000 Int$",2012,25660,"Oil palm fruit","no"
NA,NA,"Caribbean",NA,"Oilseeds and oleaginous fruits","Gross Production Value (constant 2014-2016 thousand I$)","1000 Int$",2013,25660,"Oil palm fruit","no"
NA,NA,"Caribbean",NA,"Oilseeds and oleaginous fruits","Gross Production Value (constant 2014-2016 thousand I$)","1000 Int$",2014,25758,"Oil palm fruit","no"
NA,NA,"Caribbean",NA,"Oilseeds and oleaginous fruits","Gross Production Value (constant 2014-2016 thousand I$)","1000 Int$",2015,26248,"Oil palm fruit","no"
NA,NA,"Caribbean",NA,"Oilseeds and oleaginous fruits","Gross Production Value (constant 2014-2016 thousand I$)","1000 Int$",2016,24735,"Oil palm fruit","no"
NA,NA,"Caribbean",NA,"Oilseeds and oleaginous fruits","Gross Production Value (constant 2014-2016 thousand I$)","1000 Int$",2017,24615,"Oil palm fruit","no"
NA,NA,"Caribbean",NA,"Oilseeds and oleaginous fruits","Gross Production Value (constant 2014-2016 thousand I$)","1000 Int$",2018,25925,"Oil palm fruit","no"
NA,NA,"Caribbean",NA,"Oilseeds and oleaginous fruits","Gross Production Value (constant 2014-2016 thousand I$)","1000 Int$",2019,27239,"Oil palm fruit","no"
NA,NA,"Caribbean",NA,"Oilseeds and oleaginous fruits","Gross Production Value (constant 2014-2016 thousand I$)","1000 Int$",2020,28589,"Oil palm fruit","no"
NA,NA,"Caribbean",NA,"Oilseeds and oleaginous fruits","Gross Production Value (constant 2014-2016 thousand I$)","1000 Int$",2021,29899,"Oil palm fruit","no"
NA,NA,"Caribbean",NA,"Oilseeds and oleaginous fruits","Gross Production Value (constant 2014-2016 thousand I$)","1000 Int$",2022,31204,"Oil palm fruit","no"
NA,NA,"Caribbean",NA,"Oilseeds and oleaginous fruits","Gross Production Value (constant 2014-2016 thousand I$)","1000 Int$",2023,32515,"Oil palm fruit","no"
NA,NA,"Caribbean",NA,"Oilseeds and oleaginous fruits","Gross Production Value (constant 2014-2016 thousand US$)","1000 USD",1992,9616,"Oil palm fruit","no"
NA,NA,"Caribbean",NA,"Oilseeds and oleaginous fruits","Gross Production Value (constant 2014-2016 thousand US$)","1000 USD",1993,12288,"Oil palm fruit","no"
NA,NA,"Caribbean",NA,"Oilseeds and oleaginous fruits","Gross Production Value (constant 2014-2016 thousand US$)","1000 USD",1994,13677,"Oil palm fruit","no"
NA,NA,"Caribbean",NA,"Oilseeds and oleaginous fruits","Gross Production Value (constant 2014-2016 thousand US$)","1000 USD",1995,14531,"Oil palm fruit","no"
NA,NA,"Caribbean",NA,"Oilseeds and oleaginous fruits","Gross Production Value (constant 2014-2016 thousand US$)","1000 USD",1996,14113,"Oil palm fruit","no"
NA,NA,"Caribbean",NA,"Oilseeds and oleaginous fruits","Gross Production Value (constant 2014-2016 thousand US$)","1000 USD",1997,13902,"Oil palm fruit","no"
NA,NA,"Caribbean",NA,"Oilseeds and oleaginous fruits","Gross Production Value (constant 2014-2016 thousand US$)","1000 USD",1998,18316,"Oil palm fruit","no"
NA,NA,"Caribbean",NA,"Oilseeds and oleaginous fruits","Gross Production Value (constant 2014-2016 thousand US$)","1000 USD",1999,19525,"Oil palm fruit","no"
NA,NA,"Caribbean",NA,"Oilseeds and oleaginous fruits","Gross Production Value (constant 2014-2016 thousand US$)","1000 USD",2000,20990,"Oil palm fruit","no"
NA,NA,"Caribbean",NA,"Oilseeds and oleaginous fruits","Gross Production Value (constant 2014-2016 thousand US$)","1000 USD",2001,22454,"Oil palm fruit","no"
NA,NA,"Caribbean",NA,"Oilseeds and oleaginous fruits","Gross Production Value (constant 2014-2016 thousand US$)","1000 USD",2002,23919,"Oil palm fruit","no"
NA,NA,"Caribbean",NA,"Oilseeds and oleaginous fruits","Gross Production Value (constant 2014-2016 thousand US$)","1000 USD",2003,25384,"Oil palm fruit","no"
NA,NA,"Caribbean",NA,"Oilseeds and oleaginous fruits","Gross Production Value (constant 2014-2016 thousand US$)","1000 USD",2004,26849,"Oil palm fruit","no"
NA,NA,"Caribbean",NA,"Oilseeds and oleaginous fruits","Gross Production Value (constant 2014-2016 thousand US$)","1000 USD",2005,28313,"Oil palm fruit","no"
NA,NA,"Caribbean",NA,"Oilseeds and oleaginous fruits","Gross Production Value (constant 2014-2016 thousand US$)","1000 USD",2006,29778,"Oil palm fruit","no"
NA,NA,"Caribbean",NA,"Oilseeds and oleaginous fruits","Gross Production Value (constant 2014-2016 thousand US$)","1000 USD",2007,31243,"Oil palm fruit","no"
NA,NA,"Caribbean",NA,"Oilseeds and oleaginous fruits","Gross Production Value (constant 2014-2016 thousand US$)","1000 USD",2008,32708,"Oil palm fruit","no"
NA,NA,"Caribbean",NA,"Oilseeds and oleaginous fruits","Gross Production Value (constant 2014-2016 thousand US$)","1000 USD",2009,34172,"Oil palm fruit","no"
NA,NA,"Caribbean",NA,"Oilseeds and oleaginous fruits","Gross Production Value (constant 2014-2016 thousand US$)","1000 USD",2010,25216,"Oil palm fruit","no"
NA,NA,"Caribbean",NA,"Oilseeds and oleaginous fruits","Gross Production Value (constant 2014-2016 thousand US$)","1000 USD",2011,27620,"Oil palm fruit","no"
NA,NA,"Caribbean",NA,"Oilseeds and oleaginous fruits","Gross Production Value (constant 2014-2016 thousand US$)","1000 USD",2012,27994,"Oil palm fruit","no"
NA,NA,"Caribbean",NA,"Oilseeds and oleaginous fruits","Gross Production Value (constant 2014-2016 thousand US$)","1000 USD",2013,27994,"Oil palm fruit","no"
NA,NA,"Caribbean",NA,"Oilseeds and oleaginous fruits","Gross Production Value (constant 2014-2016 thousand US$)","1000 USD",2014,28101,"Oil palm fruit","no"
NA,NA,"Caribbean",NA,"Oilseeds and oleaginous fruits","Gross Production Value (constant 2014-2016 thousand US$)","1000 USD",2015,28635,"Oil palm fruit","no"
NA,NA,"Caribbean",NA,"Oilseeds and oleaginous fruits","Gross Production Value (constant 2014-2016 thousand US$)","1000 USD",2016,26985,"Oil palm fruit","no"
NA,NA,"Caribbean",NA,"Oilseeds and oleaginous fruits","Gross Production Value (constant 2014-2016 thousand US$)","1000 USD",2017,26855,"Oil palm fruit","no"
NA,NA,"Caribbean",NA,"Oilseeds and oleaginous fruits","Gross Production Value (constant 2014-2016 thousand US$)","1000 USD",2018,28283,"Oil palm fruit","no"
NA,NA,"Caribbean",NA,"Oilseeds and oleaginous fruits","Gross Production Value (constant 2014-2016 thousand US$)","1000 USD",2019,29716,"Oil palm fruit","no"
NA,NA,"Caribbean",NA,"Oilseeds and oleaginous fruits","Gross Production Value (constant 2014-2016 thousand US$)","1000 USD",2020,31189,"Oil palm fruit","no"
NA,NA,"Caribbean",NA,"Oilseeds and oleaginous fruits","Gross Production Value (constant 2014-2016 thousand US$)","1000 USD",2021,32618,"Oil palm fruit","no"
NA,NA,"Caribbean",NA,"Oilseeds and oleaginous fruits","Gross Production Value (constant 2014-2016 thousand US$)","1000 USD",2022,34043,"Oil palm fruit","no"
NA,NA,"Caribbean",NA,"Oilseeds and oleaginous fruits","Gross Production Value (constant 2014-2016 thousand US$)","1000 USD",2023,35473,"Oil palm fruit","no"
NA,NA,"Caribbean",NA,"Oilseeds and oleaginous fruits","Gross Production Value (constant 2014-2016 thousand I$)","1000 Int$",1992,2152,"Sesame seed","no"
NA,NA,"Caribbean",NA,"Oilseeds and oleaginous fruits","Gross Production Value (constant 2014-2016 thousand I$)","1000 Int$",1993,2039,"Sesame seed","no"
NA,NA,"Caribbean",NA,"Oilseeds and oleaginous fruits","Gross Production Value (constant 2014-2016 thousand I$)","1000 Int$",1994,2152,"Sesame seed","no"
NA,NA,"Caribbean",NA,"Oilseeds and oleaginous fruits","Gross Production Value (constant 2014-2016 thousand I$)","1000 Int$",1995,2152,"Sesame seed","no"
NA,NA,"Caribbean",NA,"Oilseeds and oleaginous fruits","Gross Production Value (constant 2014-2016 thousand I$)","1000 Int$",1996,2194.5,"Sesame seed","no"
NA,NA,"Caribbean",NA,"Oilseeds and oleaginous fruits","Gross Production Value (constant 2014-2016 thousand I$)","1000 Int$",1997,2154.5,"Sesame seed","no"
NA,NA,"Caribbean",NA,"Oilseeds and oleaginous fruits","Gross Production Value (constant 2014-2016 thousand I$)","1000 Int$",1998,2148.5,"Sesame seed","no"
NA,NA,"Caribbean",NA,"Oilseeds and oleaginous fruits","Gross Production Value (constant 2014-2016 thousand I$)","1000 Int$",1999,2167,"Sesame seed","no"
NA,NA,"Caribbean",NA,"Oilseeds and oleaginous fruits","Gross Production Value (constant 2014-2016 thousand I$)","1000 Int$",2000,2152,"Sesame seed","no"
NA,NA,"Caribbean",NA,"Oilseeds and oleaginous fruits","Gross Production Value (constant 2014-2016 thousand I$)","1000 Int$",2001,2152,"Sesame seed","no"
NA,NA,"Caribbean",NA,"Oilseeds and oleaginous fruits","Gross Production Value (constant 2014-2016 thousand I$)","1000 Int$",2002,1840.5,"Sesame seed","no"
NA,NA,"Caribbean",NA,"Oilseeds and oleaginous fruits","Gross Production Value (constant 2014-2016 thousand I$)","1000 Int$",2003,1812.5,"Sesame seed","no"
NA,NA,"Caribbean",NA,"Oilseeds and oleaginous fruits","Gross Production Value (constant 2014-2016 thousand I$)","1000 Int$",2004,2378.5,"Sesame seed","no"
NA,NA,"Caribbean",NA,"Oilseeds and oleaginous fruits","Gross Production Value (constant 2014-2016 thousand I$)","1000 Int$",2005,2378.5,"Sesame seed","no"
NA,NA,"Caribbean",NA,"Oilseeds and oleaginous fruits","Gross Production Value (constant 2014-2016 thousand I$)","1000 Int$",2006,2378.5,"Sesame seed","no"
NA,NA,"Caribbean",NA,"Oilseeds and oleaginous fruits","Gross Production Value (constant 2014-2016 thousand I$)","1000 Int$",2007,2378.5,"Sesame seed","no"
NA,NA,"Caribbean",NA,"Oilseeds and oleaginous fruits","Gross Production Value (constant 2014-2016 thousand I$)","1000 Int$",2008,2265.5,"Sesame seed","no"
NA,NA,"Caribbean",NA,"Oilseeds and oleaginous fruits","Gross Production Value (constant 2014-2016 thousand I$)","1000 Int$",2009,2232.5,"Sesame seed","no"
NA,NA,"Caribbean",NA,"Oilseeds and oleaginous fruits","Gross Production Value (constant 2014-2016 thousand I$)","1000 Int$",2010,2305,"Sesame seed","no"
NA,NA,"Caribbean",NA,"Oilseeds and oleaginous fruits","Gross Production Value (constant 2014-2016 thousand I$)","1000 Int$",2011,2332.5,"Sesame seed","no"
NA,NA,"Caribbean",NA,"Oilseeds and oleaginous fruits","Gross Production Value (constant 2014-2016 thousand I$)","1000 Int$",2012,2348,"Sesame seed","no"
NA,NA,"Caribbean",NA,"Oilseeds and oleaginous fruits","Gross Production Value (constant 2014-2016 thousand I$)","1000 Int$",2013,2363.5,"Sesame seed","no"
NA,NA,"Caribbean",NA,"Oilseeds and oleaginous fruits","Gross Production Value (constant 2014-2016 thousand I$)","1000 Int$",2014,2343.5,"Sesame seed","no"
NA,NA,"Caribbean",NA,"Oilseeds and oleaginous fruits","Gross Production Value (constant 2014-2016 thousand I$)","1000 Int$",2015,2320,"Sesame seed","no"
NA,NA,"Caribbean",NA,"Oilseeds and oleaginous fruits","Gross Production Value (constant 2014-2016 thousand I$)","1000 Int$",2016,2315.5,"Sesame seed","no"
NA,NA,"Caribbean",NA,"Oilseeds and oleaginous fruits","Gross Production Value (constant 2014-2016 thousand I$)","1000 Int$",2017,2321.5,"Sesame seed","no"
NA,NA,"Caribbean",NA,"Oilseeds and oleaginous fruits","Gross Production Value (constant 2014-2016 thousand I$)","1000 Int$",2018,2339,"Sesame seed","no"
NA,NA,"Caribbean",NA,"Oilseeds and oleaginous fruits","Gross Production Value (constant 2014-2016 thousand I$)","1000 Int$",2019,2355.5,"Sesame seed","no"
NA,NA,"Caribbean",NA,"Oilseeds and oleaginous fruits","Gross Production Value (constant 2014-2016 thousand I$)","1000 Int$",2020,2367,"Sesame seed","no"
NA,NA,"Caribbean",NA,"Oilseeds and oleaginous fruits","Gross Production Value (constant 2014-2016 thousand I$)","1000 Int$",2021,2370.5,"Sesame seed","no"
NA,NA,"Caribbean",NA,"Oilseeds and oleaginous fruits","Gross Production Value (constant 2014-2016 thousand I$)","1000 Int$",2022,2378,"Sesame seed","no"
NA,NA,"Caribbean",NA,"Oilseeds and oleaginous fruits","Gross Production Value (constant 2014-2016 thousand I$)","1000 Int$",2023,2385.5,"Sesame seed","no"
NA,NA,"Caribbean",NA,"Oilseeds and oleaginous fruits","Gross Production Value (constant 2014-2016 thousand I$)","1000 Int$",1992,0,"Soya beans","no"
NA,NA,"Caribbean",NA,"Oilseeds and oleaginous fruits","Gross Production Value (constant 2014-2016 thousand I$)","1000 Int$",1993,0,"Soya beans","no"
NA,NA,"Caribbean",NA,"Oilseeds and oleaginous fruits","Gross Production Value (constant 2014-2016 thousand I$)","1000 Int$",1994,0,"Soya beans","no"
NA,NA,"Caribbean",NA,"Oilseeds and oleaginous fruits","Gross Production Value (constant 2014-2016 thousand I$)","1000 Int$",1995,0,"Soya beans","no"
NA,NA,"Caribbean",NA,"Oilseeds and oleaginous fruits","Gross Production Value (constant 2014-2016 thousand I$)","1000 Int$",1996,0,"Soya beans","no"
NA,NA,"Caribbean",NA,"Oilseeds and oleaginous fruits","Gross Production Value (constant 2014-2016 thousand I$)","1000 Int$",1997,0,"Soya beans","no"
NA,NA,"Caribbean",NA,"Oilseeds and oleaginous fruits","Gross Production Value (constant 2014-2016 thousand I$)","1000 Int$",1998,0,"Soya beans","no"
NA,NA,"Caribbean",NA,"Oilseeds and oleaginous fruits","Gross Production Value (constant 2014-2016 thousand I$)","1000 Int$",1999,0,"Soya beans","no"
NA,NA,"Caribbean",NA,"Oilseeds and oleaginous fruits","Gross Production Value (constant 2014-2016 thousand I$)","1000 Int$",2000,0,"Soya beans","no"
NA,NA,"Caribbean",NA,"Oilseeds and oleaginous fruits","Gross Production Value (constant 2014-2016 thousand I$)","1000 Int$",2001,0,"Soya beans","no"
NA,NA,"Caribbean",NA,"Oilseeds and oleaginous fruits","Gross Production Value (constant 2014-2016 thousand I$)","1000 Int$",2002,0,"Soya beans","no"
NA,NA,"Caribbean",NA,"Oilseeds and oleaginous fruits","Gross Production Value (constant 2014-2016 thousand I$)","1000 Int$",2003,0,"Soya beans","no"
NA,NA,"Caribbean",NA,"Oilseeds and oleaginous fruits","Gross Production Value (constant 2014-2016 thousand I$)","1000 Int$",2004,0,"Soya beans","no"
NA,NA,"Caribbean",NA,"Oilseeds and oleaginous fruits","Gross Production Value (constant 2014-2016 thousand I$)","1000 Int$",2005,0,"Soya beans","no"
NA,NA,"Caribbean",NA,"Oilseeds and oleaginous fruits","Gross Production Value (constant 2014-2016 thousand I$)","1000 Int$",2006,0,"Soya beans","no"
NA,NA,"Caribbean",NA,"Oilseeds and oleaginous fruits","Gross Production Value (constant 2014-2016 thousand I$)","1000 Int$",2007,0,"Soya beans","no"
NA,NA,"Caribbean",NA,"Oilseeds and oleaginous fruits","Gross Production Value (constant 2014-2016 thousand I$)","1000 Int$",2008,0,"Soya beans","no"
NA,NA,"Caribbean",NA,"Oilseeds and oleaginous fruits","Gross Production Value (constant 2014-2016 thousand I$)","1000 Int$",2009,0,"Soya beans","no"
NA,NA,"Caribbean",NA,"Oilseeds and oleaginous fruits","Gross Production Value (constant 2014-2016 thousand I$)","1000 Int$",2010,0,"Soya beans","no"
NA,NA,"Caribbean",NA,"Oilseeds and oleaginous fruits","Gross Production Value (constant 2014-2016 thousand I$)","1000 Int$",2011,0,"Soya beans","no"
NA,NA,"Caribbean",NA,"Oilseeds and oleaginous fruits","Gross Production Value (constant 2014-2016 thousand I$)","1000 Int$",2012,0,"Soya beans","no"
NA,NA,"Caribbean",NA,"Oilseeds and oleaginous fruits","Gross Production Value (constant 2014-2016 thousand I$)","1000 Int$",2013,0,"Soya beans","no"
NA,NA,"Caribbean",NA,"Oilseeds and oleaginous fruits","Gross Production Value (constant 2014-2016 thousand I$)","1000 Int$",2014,0,"Soya beans","no"
NA,NA,"Caribbean",NA,"Oilseeds and oleaginous fruits","Gross Production Value (constant 2014-2016 thousand I$)","1000 Int$",2015,0,"Soya beans","no"
NA,NA,"Caribbean",NA,"Oilseeds and oleaginous fruits","Gross Production Value (constant 2014-2016 thousand I$)","1000 Int$",2016,0,"Soya beans","no"
NA,NA,"Caribbean",NA,"Oilseeds and oleaginous fruits","Gross Production Value (constant 2014-2016 thousand I$)","1000 Int$",2017,0,"Soya beans","no"
NA,NA,"Caribbean",NA,"Oilseeds and oleaginous fruits","Gross Production Value (constant 2014-2016 thousand I$)","1000 Int$",2018,0,"Soya beans","no"
NA,NA,"Caribbean",NA,"Oilseeds and oleaginous fruits","Gross Production Value (constant 2014-2016 thousand I$)","1000 Int$",2019,0,"Soya beans","no"
NA,NA,"Caribbean",NA,"Oilseeds and oleaginous fruits","Gross Production Value (constant 2014-2016 thousand I$)","1000 Int$",2020,0,"Soya beans","no"
NA,NA,"Caribbean",NA,"Oilseeds and oleaginous fruits","Gross Production Value (constant 2014-2016 thousand I$)","1000 Int$",2021,382,"Soya beans","no"
NA,NA,"Caribbean",NA,"Oilseeds and oleaginous fruits","Gross Production Value (constant 2014-2016 thousand I$)","1000 Int$",2022,382,"Soya beans","no"
NA,NA,"Caribbean",NA,"Oilseeds and oleaginous fruits","Gross Production Value (constant 2014-2016 thousand I$)","1000 Int$",2023,382,"Soya beans","no"
NA,NA,"Caribbean",NA,"Oilseeds and oleaginous fruits","Gross Production Value (constant 2014-2016 thousand I$)","1000 Int$",1992,0,"Sunflower seed","no"
NA,NA,"Caribbean",NA,"Oilseeds and oleaginous fruits","Gross Production Value (constant 2014-2016 thousand I$)","1000 Int$",1993,0,"Sunflower seed","no"
NA,NA,"Caribbean",NA,"Oilseeds and oleaginous fruits","Gross Production Value (constant 2014-2016 thousand I$)","1000 Int$",1994,0,"Sunflower seed","no"
NA,NA,"Caribbean",NA,"Oilseeds and oleaginous fruits","Gross Production Value (constant 2014-2016 thousand I$)","1000 Int$",1995,0,"Sunflower seed","no"
NA,NA,"Caribbean",NA,"Oilseeds and oleaginous fruits","Gross Production Value (constant 2014-2016 thousand I$)","1000 Int$",1996,0,"Sunflower seed","no"
NA,NA,"Caribbean",NA,"Oilseeds and oleaginous fruits","Gross Production Value (constant 2014-2016 thousand I$)","1000 Int$",1997,0,"Sunflower seed","no"
NA,NA,"Caribbean",NA,"Oilseeds and oleaginous fruits","Gross Production Value (constant 2014-2016 thousand I$)","1000 Int$",1998,0,"Sunflower seed","no"
NA,NA,"Caribbean",NA,"Oilseeds and oleaginous fruits","Gross Production Value (constant 2014-2016 thousand I$)","1000 Int$",1999,0,"Sunflower seed","no"
NA,NA,"Caribbean",NA,"Oilseeds and oleaginous fruits","Gross Production Value (constant 2014-2016 thousand I$)","1000 Int$",2000,0,"Sunflower seed","no"
NA,NA,"Caribbean",NA,"Oilseeds and oleaginous fruits","Gross Production Value (constant 2014-2016 thousand I$)","1000 Int$",2001,0,"Sunflower seed","no"
NA,NA,"Caribbean",NA,"Oilseeds and oleaginous fruits","Gross Production Value (constant 2014-2016 thousand I$)","1000 Int$",2002,0,"Sunflower seed","no"
NA,NA,"Caribbean",NA,"Oilseeds and oleaginous fruits","Gross Production Value (constant 2014-2016 thousand I$)","1000 Int$",2003,0,"Sunflower seed","no"
NA,NA,"Caribbean",NA,"Oilseeds and oleaginous fruits","Gross Production Value (constant 2014-2016 thousand I$)","1000 Int$",2004,0,"Sunflower seed","no"
NA,NA,"Caribbean",NA,"Oilseeds and oleaginous fruits","Gross Production Value (constant 2014-2016 thousand I$)","1000 Int$",2005,0,"Sunflower seed","no"
NA,NA,"Caribbean",NA,"Oilseeds and oleaginous fruits","Gross Production Value (constant 2014-2016 thousand I$)","1000 Int$",2006,0,"Sunflower seed","no"
NA,NA,"Caribbean",NA,"Oilseeds and oleaginous fruits","Gross Production Value (constant 2014-2016 thousand I$)","1000 Int$",2007,0,"Sunflower seed","no"
NA,NA,"Caribbean",NA,"Oilseeds and oleaginous fruits","Gross Production Value (constant 2014-2016 thousand I$)","1000 Int$",2008,0,"Sunflower seed","no"
NA,NA,"Caribbean",NA,"Oilseeds and oleaginous fruits","Gross Production Value (constant 2014-2016 thousand I$)","1000 Int$",2009,0,"Sunflower seed","no"
NA,NA,"Caribbean",NA,"Oilseeds and oleaginous fruits","Gross Production Value (constant 2014-2016 thousand I$)","1000 Int$",2010,0,"Sunflower seed","no"
NA,NA,"Caribbean",NA,"Oilseeds and oleaginous fruits","Gross Production Value (constant 2014-2016 thousand I$)","1000 Int$",2011,0,"Sunflower seed","no"
NA,NA,"Caribbean",NA,"Oilseeds and oleaginous fruits","Gross Production Value (constant 2014-2016 thousand I$)","1000 Int$",2012,0,"Sunflower seed","no"
NA,NA,"Caribbean",NA,"Oilseeds and oleaginous fruits","Gross Production Value (constant 2014-2016 thousand I$)","1000 Int$",2013,0,"Sunflower seed","no"
NA,NA,"Caribbean",NA,"Oilseeds and oleaginous fruits","Gross Production Value (constant 2014-2016 thousand I$)","1000 Int$",2014,0,"Sunflower seed","no"
NA,NA,"Caribbean",NA,"Oilseeds and oleaginous fruits","Gross Production Value (constant 2014-2016 thousand I$)","1000 Int$",2015,0,"Sunflower seed","no"
NA,NA,"Caribbean",NA,"Oilseeds and oleaginous fruits","Gross Production Value (constant 2014-2016 thousand I$)","1000 Int$",2016,0,"Sunflower seed","no"
NA,NA,"Caribbean",NA,"Oilseeds and oleaginous fruits","Gross Production Value (constant 2014-2016 thousand I$)","1000 Int$",2017,0,"Sunflower seed","no"
NA,NA,"Caribbean",NA,"Oilseeds and oleaginous fruits","Gross Production Value (constant 2014-2016 thousand I$)","1000 Int$",2018,0,"Sunflower seed","no"
NA,NA,"Caribbean",NA,"Oilseeds and oleaginous fruits","Gross Production Value (constant 2014-2016 thousand I$)","1000 Int$",2019,0,"Sunflower seed","no"
NA,NA,"Caribbean",NA,"Oilseeds and oleaginous fruits","Gross Production Value (constant 2014-2016 thousand I$)","1000 Int$",2020,0,"Sunflower seed","no"
NA,NA,"Caribbean",NA,"Oilseeds and oleaginous fruits","Gross Production Value (constant 2014-2016 thousand I$)","1000 Int$",2021,0,"Sunflower seed","no"
NA,NA,"Caribbean",NA,"Oilseeds and oleaginous fruits","Gross Production Value (constant 2014-2016 thousand I$)","1000 Int$",2022,2,"Sunflower seed","no"
NA,NA,"Caribbean",NA,"Oilseeds and oleaginous fruits","Gross Production Value (constant 2014-2016 thousand I$)","1000 Int$",2023,0,"Sunflower seed","no"
NA,NA,"Caribbean",NA,"Other animal products","Gross Production Value (constant 2014-2016 thousand I$)","1000 Int$",1992,1476,"Beeswax","no"
NA,NA,"Caribbean",NA,"Other animal products","Gross Production Value (constant 2014-2016 thousand I$)","1000 Int$",1993,1508.6666666666667,"Beeswax","no"
NA,NA,"Caribbean",NA,"Other animal products","Gross Production Value (constant 2014-2016 thousand I$)","1000 Int$",1994,1550.6666666666667,"Beeswax","no"
NA,NA,"Caribbean",NA,"Other animal products","Gross Production Value (constant 2014-2016 thousand I$)","1000 Int$",1995,1492.3333333333333,"Beeswax","no"
NA,NA,"Caribbean",NA,"Other animal products","Gross Production Value (constant 2014-2016 thousand I$)","1000 Int$",1996,1507,"Beeswax","no"
NA,NA,"Caribbean",NA,"Other animal products","Gross Production Value (constant 2014-2016 thousand I$)","1000 Int$",1997,1516,"Beeswax","no"
NA,NA,"Caribbean",NA,"Other animal products","Gross Production Value (constant 2014-2016 thousand I$)","1000 Int$",1998,1518,"Beeswax","no"
NA,NA,"Caribbean",NA,"Other animal products","Gross Production Value (constant 2014-2016 thousand I$)","1000 Int$",1999,1527,"Beeswax","no"
NA,NA,"Caribbean",NA,"Other animal products","Gross Production Value (constant 2014-2016 thousand I$)","1000 Int$",2000,1568.6666666666667,"Beeswax","no"
NA,NA,"Caribbean",NA,"Other animal products","Gross Production Value (constant 2014-2016 thousand I$)","1000 Int$",2001,1568.6666666666667,"Beeswax","no"
NA,NA,"Caribbean",NA,"Other animal products","Gross Production Value (constant 2014-2016 thousand I$)","1000 Int$",2002,1821.6666666666667,"Beeswax","no"
NA,NA,"Caribbean",NA,"Other animal products","Gross Production Value (constant 2014-2016 thousand I$)","1000 Int$",2003,2264,"Beeswax","no"
NA,NA,"Caribbean",NA,"Other animal products","Gross Production Value (constant 2014-2016 thousand I$)","1000 Int$",2004,2289.3333333333335,"Beeswax","no"
NA,NA,"Caribbean",NA,"Other animal products","Gross Production Value (constant 2014-2016 thousand I$)","1000 Int$",2005,2289.3333333333335,"Beeswax","no"
NA,NA,"Caribbean",NA,"Other animal products","Gross Production Value (constant 2014-2016 thousand I$)","1000 Int$",2006,2291.3333333333335,"Beeswax","no"
NA,NA,"Caribbean",NA,"Other animal products","Gross Production Value (constant 2014-2016 thousand I$)","1000 Int$",2007,2291.3333333333335,"Beeswax","no"
NA,NA,"Caribbean",NA,"Other animal products","Gross Production Value (constant 2014-2016 thousand I$)","1000 Int$",2008,2328,"Beeswax","no"
NA,NA,"Caribbean",NA,"Other animal products","Gross Production Value (constant 2014-2016 thousand I$)","1000 Int$",2009,2328,"Beeswax","no"
NA,NA,"Caribbean",NA,"Other animal products","Gross Production Value (constant 2014-2016 thousand I$)","1000 Int$",2010,2326.3333333333335,"Beeswax","no"
NA,NA,"Caribbean",NA,"Other animal products","Gross Production Value (constant 2014-2016 thousand I$)","1000 Int$",2011,2427.6666666666665,"Beeswax","no"
NA,NA,"Caribbean",NA,"Other animal products","Gross Production Value (constant 2014-2016 thousand I$)","1000 Int$",2012,2431.6666666666665,"Beeswax","no"
NA,NA,"Caribbean",NA,"Other animal products","Gross Production Value (constant 2014-2016 thousand I$)","1000 Int$",2013,2456.3333333333335,"Beeswax","no"
NA,NA,"Caribbean",NA,"Other animal products","Gross Production Value (constant 2014-2016 thousand I$)","1000 Int$",2014,2460.3333333333335,"Beeswax","no"
NA,NA,"Caribbean",NA,"Other animal products","Gross Production Value (constant 2014-2016 thousand I$)","1000 Int$",2015,2492.6666666666665,"Beeswax","no"
NA,NA,"Caribbean",NA,"Other animal products","Gross Production Value (constant 2014-2016 thousand I$)","1000 Int$",2016,2520.3333333333335,"Beeswax","no"
NA,NA,"Caribbean",NA,"Other animal products","Gross Production Value (constant 2014-2016 thousand I$)","1000 Int$",2017,2541.3333333333335,"Beeswax","no"
NA,NA,"Caribbean",NA,"Other animal products","Gross Production Value (constant 2014-2016 thousand I$)","1000 Int$",2018,2565,"Beeswax","no"
NA,NA,"Caribbean",NA,"Other animal products","Gross Production Value (constant 2014-2016 thousand I$)","1000 Int$",2019,2590.6666666666665,"Beeswax","no"
NA,NA,"Caribbean",NA,"Other animal products","Gross Production Value (constant 2014-2016 thousand I$)","1000 Int$",2020,2636.3333333333335,"Beeswax","no"
NA,NA,"Caribbean",NA,"Other animal products","Gross Production Value (constant 2014-2016 thousand I$)","1000 Int$",2021,2639,"Beeswax","no"
NA,NA,"Caribbean",NA,"Other animal products","Gross Production Value (constant 2014-2016 thousand I$)","1000 Int$",2022,2619.3333333333335,"Beeswax","no"
NA,NA,"Caribbean",NA,"Other animal products","Gross Production Value (constant 2014-2016 thousand I$)","1000 Int$",2023,2641.3333333333335,"Beeswax","no"
NA,NA,"Caribbean",NA,"Other animal products","Gross Production Value (constant 2014-2016 thousand US$)","1000 USD",1992,245,"Beeswax","no"
NA,NA,"Caribbean",NA,"Other animal products","Gross Production Value (constant 2014-2016 thousand US$)","1000 USD",1993,254,"Beeswax","no"
NA,NA,"Caribbean",NA,"Other animal products","Gross Production Value (constant 2014-2016 thousand US$)","1000 USD",1994,265,"Beeswax","no"
NA,NA,"Caribbean",NA,"Other animal products","Gross Production Value (constant 2014-2016 thousand US$)","1000 USD",1995,250,"Beeswax","no"
NA,NA,"Caribbean",NA,"Other animal products","Gross Production Value (constant 2014-2016 thousand US$)","1000 USD",1996,254,"Beeswax","no"
NA,NA,"Caribbean",NA,"Other animal products","Gross Production Value (constant 2014-2016 thousand US$)","1000 USD",1997,256,"Beeswax","no"
NA,NA,"Caribbean",NA,"Other animal products","Gross Production Value (constant 2014-2016 thousand US$)","1000 USD",1998,256,"Beeswax","no"
NA,NA,"Caribbean",NA,"Other animal products","Gross Production Value (constant 2014-2016 thousand US$)","1000 USD",1999,259,"Beeswax","no"
NA,NA,"Caribbean",NA,"Other animal products","Gross Production Value (constant 2014-2016 thousand US$)","1000 USD",2000,267,"Beeswax","no"
NA,NA,"Caribbean",NA,"Other animal products","Gross Production Value (constant 2014-2016 thousand US$)","1000 USD",2001,267,"Beeswax","no"
NA,NA,"Caribbean",NA,"Other animal products","Gross Production Value (constant 2014-2016 thousand US$)","1000 USD",2002,334,"Beeswax","no"
NA,NA,"Caribbean",NA,"Other animal products","Gross Production Value (constant 2014-2016 thousand US$)","1000 USD",2003,449,"Beeswax","no"
NA,NA,"Caribbean",NA,"Other animal products","Gross Production Value (constant 2014-2016 thousand US$)","1000 USD",2004,456,"Beeswax","no"
NA,NA,"Caribbean",NA,"Other animal products","Gross Production Value (constant 2014-2016 thousand US$)","1000 USD",2005,456,"Beeswax","no"
NA,NA,"Caribbean",NA,"Other animal products","Gross Production Value (constant 2014-2016 thousand US$)","1000 USD",2006,456,"Beeswax","no"
NA,NA,"Caribbean",NA,"Other animal products","Gross Production Value (constant 2014-2016 thousand US$)","1000 USD",2007,456,"Beeswax","no"
NA,NA,"Caribbean",NA,"Other animal products","Gross Production Value (constant 2014-2016 thousand US$)","1000 USD",2008,461,"Beeswax","no"
NA,NA,"Caribbean",NA,"Other animal products","Gross Production Value (constant 2014-2016 thousand US$)","1000 USD",2009,461,"Beeswax","no"
NA,NA,"Caribbean",NA,"Other animal products","Gross Production Value (constant 2014-2016 thousand US$)","1000 USD",2010,461,"Beeswax","no"
NA,NA,"Caribbean",NA,"Other animal products","Gross Production Value (constant 2014-2016 thousand US$)","1000 USD",2011,487,"Beeswax","no"
NA,NA,"Caribbean",NA,"Other animal products","Gross Production Value (constant 2014-2016 thousand US$)","1000 USD",2012,488,"Beeswax","no"
NA,NA,"Caribbean",NA,"Other animal products","Gross Production Value (constant 2014-2016 thousand US$)","1000 USD",2013,495,"Beeswax","no"
NA,NA,"Caribbean",NA,"Other animal products","Gross Production Value (constant 2014-2016 thousand US$)","1000 USD",2014,496,"Beeswax","no"
NA,NA,"Caribbean",NA,"Other animal products","Gross Production Value (constant 2014-2016 thousand US$)","1000 USD",2015,503,"Beeswax","no"
NA,NA,"Caribbean",NA,"Other animal products","Gross Production Value (constant 2014-2016 thousand US$)","1000 USD",2016,510,"Beeswax","no"
NA,NA,"Caribbean",NA,"Other animal products","Gross Production Value (constant 2014-2016 thousand US$)","1000 USD",2017,515,"Beeswax","no"
NA,NA,"Caribbean",NA,"Other animal products","Gross Production Value (constant 2014-2016 thousand US$)","1000 USD",2018,521,"Beeswax","no"
NA,NA,"Caribbean",NA,"Other animal products","Gross Production Value (constant 2014-2016 thousand US$)","1000 USD",2019,528,"Beeswax","no"
NA,NA,"Caribbean",NA,"Other animal products","Gross Production Value (constant 2014-2016 thousand US$)","1000 USD",2020,539,"Beeswax","no"
NA,NA,"Caribbean",NA,"Other animal products","Gross Production Value (constant 2014-2016 thousand US$)","1000 USD",2021,540,"Beeswax","no"
NA,NA,"Caribbean",NA,"Other animal products","Gross Production Value (constant 2014-2016 thousand US$)","1000 USD",2022,534,"Beeswax","no"
NA,NA,"Caribbean",NA,"Other animal products","Gross Production Value (constant 2014-2016 thousand US$)","1000 USD",2023,540,"Beeswax","no"
NA,NA,"Caribbean",NA,"Other animal products","Gross Production Value (constant 2014-2016 thousand I$)","1000 Int$",1992,4781.285714285715,"Natural honey","no"
NA,NA,"Caribbean",NA,"Other animal products","Gross Production Value (constant 2014-2016 thousand I$)","1000 Int$",1993,3741.714285714286,"Natural honey","no"
NA,NA,"Caribbean",NA,"Other animal products","Gross Production Value (constant 2014-2016 thousand I$)","1000 Int$",1994,3987.285714285714,"Natural honey","no"
NA,NA,"Caribbean",NA,"Other animal products","Gross Production Value (constant 2014-2016 thousand I$)","1000 Int$",1995,4262.571428571428,"Natural honey","no"
NA,NA,"Caribbean",NA,"Other animal products","Gross Production Value (constant 2014-2016 thousand I$)","1000 Int$",1996,3954.285714285714,"Natural honey","no"
NA,NA,"Caribbean",NA,"Other animal products","Gross Production Value (constant 2014-2016 thousand I$)","1000 Int$",1997,4076.4285714285716,"Natural honey","no"
NA,NA,"Caribbean",NA,"Other animal products","Gross Production Value (constant 2014-2016 thousand I$)","1000 Int$",1998,4401,"Natural honey","no"
NA,NA,"Caribbean",NA,"Other animal products","Gross Production Value (constant 2014-2016 thousand I$)","1000 Int$",1999,4979.857142857143,"Natural honey","no"
NA,NA,"Caribbean",NA,"Other animal products","Gross Production Value (constant 2014-2016 thousand I$)","1000 Int$",2000,5087.285714285715,"Natural honey","no"
NA,NA,"Caribbean",NA,"Other animal products","Gross Production Value (constant 2014-2016 thousand I$)","1000 Int$",2001,4961.142857142857,"Natural honey","no"
NA,NA,"Caribbean",NA,"Other animal products","Gross Production Value (constant 2014-2016 thousand I$)","1000 Int$",2002,4546,"Natural honey","no"
NA,NA,"Caribbean",NA,"Other animal products","Gross Production Value (constant 2014-2016 thousand I$)","1000 Int$",2003,6227.714285714285,"Natural honey","no"
NA,NA,"Caribbean",NA,"Other animal products","Gross Production Value (constant 2014-2016 thousand I$)","1000 Int$",2004,4742,"Natural honey","no"
NA,NA,"Caribbean",NA,"Other animal products","Gross Production Value (constant 2014-2016 thousand I$)","1000 Int$",2005,3456.285714285714,"Natural honey","no"
NA,NA,"Caribbean",NA,"Other animal products","Gross Production Value (constant 2014-2016 thousand I$)","1000 Int$",2006,4884.714285714285,"Natural honey","no"
NA,NA,"Caribbean",NA,"Other animal products","Gross Production Value (constant 2014-2016 thousand I$)","1000 Int$",2007,4452.285714285715,"Natural honey","no"
NA,NA,"Caribbean",NA,"Other animal products","Gross Production Value (constant 2014-2016 thousand I$)","1000 Int$",2008,3797.1428571428573,"Natural honey","no"
NA,NA,"Caribbean",NA,"Other animal products","Gross Production Value (constant 2014-2016 thousand I$)","1000 Int$",2009,3684.8571428571427,"Natural honey","no"
NA,NA,"Caribbean",NA,"Other animal products","Gross Production Value (constant 2014-2016 thousand I$)","1000 Int$",2010,3529.714285714286,"Natural honey","no"
NA,NA,"Caribbean",NA,"Other animal products","Gross Production Value (constant 2014-2016 thousand I$)","1000 Int$",2011,5007.285714285715,"Natural honey","no"
NA,NA,"Caribbean",NA,"Other animal products","Gross Production Value (constant 2014-2016 thousand I$)","1000 Int$",2012,4747,"Natural honey","no"
NA,NA,"Caribbean",NA,"Other animal products","Gross Production Value (constant 2014-2016 thousand I$)","1000 Int$",2013,5437.857142857143,"Natural honey","no"
NA,NA,"Caribbean",NA,"Other animal products","Gross Production Value (constant 2014-2016 thousand I$)","1000 Int$",2014,5505.571428571428,"Natural honey","no"
NA,NA,"Caribbean",NA,"Other animal products","Gross Production Value (constant 2014-2016 thousand I$)","1000 Int$",2015,4905.428571428572,"Natural honey","no"
NA,NA,"Caribbean",NA,"Other animal products","Gross Production Value (constant 2014-2016 thousand I$)","1000 Int$",2016,5841.857142857143,"Natural honey","no"
NA,NA,"Caribbean",NA,"Other animal products","Gross Production Value (constant 2014-2016 thousand I$)","1000 Int$",2017,4320.285714285715,"Natural honey","no"
NA,NA,"Caribbean",NA,"Other animal products","Gross Production Value (constant 2014-2016 thousand I$)","1000 Int$",2018,5657.857142857143,"Natural honey","no"
NA,NA,"Caribbean",NA,"Other animal products","Gross Production Value (constant 2014-2016 thousand I$)","1000 Int$",2019,6549.714285714285,"Natural honey","no"
NA,NA,"Caribbean",NA,"Other animal products","Gross Production Value (constant 2014-2016 thousand I$)","1000 Int$",2020,5280.714285714285,"Natural honey","no"
NA,NA,"Caribbean",NA,"Other animal products","Gross Production Value (constant 2014-2016 thousand I$)","1000 Int$",2021,6674.571428571428,"Natural honey","no"
NA,NA,"Caribbean",NA,"Other animal products","Gross Production Value (constant 2014-2016 thousand I$)","1000 Int$",2022,5903,"Natural honey","no"
NA,NA,"Caribbean",NA,"Other animal products","Gross Production Value (constant 2014-2016 thousand I$)","1000 Int$",2023,5725.857142857143,"Natural honey","no"
NA,NA,"Caribbean",NA,"Other animal products","Gross Production Value (constant 2014-2016 thousand US$)","1000 USD",1992,2092.75,"Natural honey","no"
NA,NA,"Caribbean",NA,"Other animal products","Gross Production Value (constant 2014-2016 thousand US$)","1000 USD",1993,2079.75,"Natural honey","no"
NA,NA,"Caribbean",NA,"Other animal products","Gross Production Value (constant 2014-2016 thousand US$)","1000 USD",1994,2079.25,"Natural honey","no"
NA,NA,"Caribbean",NA,"Other animal products","Gross Production Value (constant 2014-2016 thousand US$)","1000 USD",1995,1961.75,"Natural honey","no"
NA,NA,"Caribbean",NA,"Other animal products","Gross Production Value (constant 2014-2016 thousand US$)","1000 USD",1996,2075.75,"Natural honey","no"
NA,NA,"Caribbean",NA,"Other animal products","Gross Production Value (constant 2014-2016 thousand US$)","1000 USD",1997,2058.5,"Natural honey","no"
NA,NA,"Caribbean",NA,"Other animal products","Gross Production Value (constant 2014-2016 thousand US$)","1000 USD",1998,2045.75,"Natural honey","no"
NA,NA,"Caribbean",NA,"Other animal products","Gross Production Value (constant 2014-2016 thousand US$)","1000 USD",1999,2026.25,"Natural honey","no"
NA,NA,"Caribbean",NA,"Other animal products","Gross Production Value (constant 2014-2016 thousand US$)","1000 USD",2000,2013.75,"Natural honey","no"
NA,NA,"Caribbean",NA,"Other animal products","Gross Production Value (constant 2014-2016 thousand US$)","1000 USD",2001,2018.25,"Natural honey","no"
NA,NA,"Caribbean",NA,"Other animal products","Gross Production Value (constant 2014-2016 thousand US$)","1000 USD",2002,2044,"Natural honey","no"
NA,NA,"Caribbean",NA,"Other animal products","Gross Production Value (constant 2014-2016 thousand US$)","1000 USD",2003,2205.5,"Natural honey","no"
NA,NA,"Caribbean",NA,"Other animal products","Gross Production Value (constant 2014-2016 thousand US$)","1000 USD",2004,2015.75,"Natural honey","no"
NA,NA,"Caribbean",NA,"Other animal products","Gross Production Value (constant 2014-2016 thousand US$)","1000 USD",2005,1989.75,"Natural honey","no"
NA,NA,"Caribbean",NA,"Other animal products","Gross Production Value (constant 2014-2016 thousand US$)","1000 USD",2006,1979.25,"Natural honey","no"
NA,NA,"Caribbean",NA,"Other animal products","Gross Production Value (constant 2014-2016 thousand US$)","1000 USD",2007,1981.75,"Natural honey","no"
NA,NA,"Caribbean",NA,"Other animal products","Gross Production Value (constant 2014-2016 thousand US$)","1000 USD",2008,1914.75,"Natural honey","no"
NA,NA,"Caribbean",NA,"Other animal products","Gross Production Value (constant 2014-2016 thousand US$)","1000 USD",2009,2027,"Natural honey","no"
NA,NA,"Caribbean",NA,"Other animal products","Gross Production Value (constant 2014-2016 thousand US$)","1000 USD",2010,2169,"Natural honey","no"
NA,NA,"Caribbean",NA,"Other animal products","Gross Production Value (constant 2014-2016 thousand US$)","1000 USD",2011,1920.5,"Natural honey","no"
NA,NA,"Caribbean",NA,"Other animal products","Gross Production Value (constant 2014-2016 thousand US$)","1000 USD",2012,2066.5,"Natural honey","no"
NA,NA,"Caribbean",NA,"Other animal products","Gross Production Value (constant 2014-2016 thousand US$)","1000 USD",2013,2173,"Natural honey","no"
NA,NA,"Caribbean",NA,"Other animal products","Gross Production Value (constant 2014-2016 thousand US$)","1000 USD",2014,2072.75,"Natural honey","no"
NA,NA,"Caribbean",NA,"Other animal products","Gross Production Value (constant 2014-2016 thousand US$)","1000 USD",2015,2053,"Natural honey","no"
NA,NA,"Caribbean",NA,"Other animal products","Gross Production Value (constant 2014-2016 thousand US$)","1000 USD",2016,2039.25,"Natural honey","no"
NA,NA,"Caribbean",NA,"Other animal products","Gross Production Value (constant 2014-2016 thousand US$)","1000 USD",2017,2056,"Natural honey","no"
NA,NA,"Caribbean",NA,"Other animal products","Gross Production Value (constant 2014-2016 thousand US$)","1000 USD",2018,2148.5,"Natural honey","no"
NA,NA,"Caribbean",NA,"Other animal products","Gross Production Value (constant 2014-2016 thousand US$)","1000 USD",2019,2286.5,"Natural honey","no"
NA,NA,"Caribbean",NA,"Other animal products","Gross Production Value (constant 2014-2016 thousand US$)","1000 USD",2020,2412.25,"Natural honey","no"
NA,NA,"Caribbean",NA,"Other animal products","Gross Production Value (constant 2014-2016 thousand US$)","1000 USD",2021,2291.5,"Natural honey","no"
NA,NA,"Caribbean",NA,"Other animal products","Gross Production Value (constant 2014-2016 thousand US$)","1000 USD",2022,2523.75,"Natural honey","no"
NA,NA,"Caribbean",NA,"Other animal products","Gross Production Value (constant 2014-2016 thousand US$)","1000 USD",2023,2784.75,"Natural honey","no"
NA,NA,"Caribbean",NA,"Pulses (dried leguminous vegetables)","Gross Production Value (constant 2014-2016 thousand I$)","1000 Int$",1992,11878.25,"Beans","no"
NA,NA,"Caribbean",NA,"Pulses (dried leguminous vegetables)","Gross Production Value (constant 2014-2016 thousand I$)","1000 Int$",1993,10213.25,"Beans","no"
NA,NA,"Caribbean",NA,"Pulses (dried leguminous vegetables)","Gross Production Value (constant 2014-2016 thousand I$)","1000 Int$",1994,9913.875,"Beans","no"
NA,NA,"Caribbean",NA,"Pulses (dried leguminous vegetables)","Gross Production Value (constant 2014-2016 thousand I$)","1000 Int$",1995,8719.75,"Beans","no"
NA,NA,"Caribbean",NA,"Pulses (dried leguminous vegetables)","Gross Production Value (constant 2014-2016 thousand I$)","1000 Int$",1996,10851.625,"Beans","no"
NA,NA,"Caribbean",NA,"Pulses (dried leguminous vegetables)","Gross Production Value (constant 2014-2016 thousand I$)","1000 Int$",1997,10435.5,"Beans","no"
NA,NA,"Caribbean",NA,"Pulses (dried leguminous vegetables)","Gross Production Value (constant 2014-2016 thousand I$)","1000 Int$",1998,9735.5,"Beans","no"
NA,NA,"Caribbean",NA,"Pulses (dried leguminous vegetables)","Gross Production Value (constant 2014-2016 thousand I$)","1000 Int$",1999,13246.25,"Beans","no"
NA,NA,"Caribbean",NA,"Pulses (dried leguminous vegetables)","Gross Production Value (constant 2014-2016 thousand I$)","1000 Int$",2000,15500.875,"Beans","no"
NA,NA,"Caribbean",NA,"Pulses (dried leguminous vegetables)","Gross Production Value (constant 2014-2016 thousand I$)","1000 Int$",2001,15558.25,"Beans","no"
NA,NA,"Caribbean",NA,"Pulses (dried leguminous vegetables)","Gross Production Value (constant 2014-2016 thousand I$)","1000 Int$",2002,16211.25,"Beans","no"
NA,NA,"Caribbean",NA,"Pulses (dried leguminous vegetables)","Gross Production Value (constant 2014-2016 thousand I$)","1000 Int$",2003,18281.25,"Beans","no"
NA,NA,"Caribbean",NA,"Pulses (dried leguminous vegetables)","Gross Production Value (constant 2014-2016 thousand I$)","1000 Int$",2004,18130,"Beans","no"
NA,NA,"Caribbean",NA,"Pulses (dried leguminous vegetables)","Gross Production Value (constant 2014-2016 thousand I$)","1000 Int$",2005,16151.875,"Beans","no"
NA,NA,"Caribbean",NA,"Pulses (dried leguminous vegetables)","Gross Production Value (constant 2014-2016 thousand I$)","1000 Int$",2006,13360.625,"Beans","no"
NA,NA,"Caribbean",NA,"Pulses (dried leguminous vegetables)","Gross Production Value (constant 2014-2016 thousand I$)","1000 Int$",2007,18701.75,"Beans","no"
NA,NA,"Caribbean",NA,"Pulses (dried leguminous vegetables)","Gross Production Value (constant 2014-2016 thousand I$)","1000 Int$",2008,17529.875,"Beans","no"
NA,NA,"Caribbean",NA,"Pulses (dried leguminous vegetables)","Gross Production Value (constant 2014-2016 thousand I$)","1000 Int$",2009,20541,"Beans","no"
NA,NA,"Caribbean",NA,"Pulses (dried leguminous vegetables)","Gross Production Value (constant 2014-2016 thousand I$)","1000 Int$",2010,19651.125,"Beans","no"
NA,NA,"Caribbean",NA,"Pulses (dried leguminous vegetables)","Gross Production Value (constant 2014-2016 thousand I$)","1000 Int$",2011,25002.5,"Beans","no"
NA,NA,"Caribbean",NA,"Pulses (dried leguminous vegetables)","Gross Production Value (constant 2014-2016 thousand I$)","1000 Int$",2012,25100,"Beans","no"
NA,NA,"Caribbean",NA,"Pulses (dried leguminous vegetables)","Gross Production Value (constant 2014-2016 thousand I$)","1000 Int$",2013,27005,"Beans","no"
NA,NA,"Caribbean",NA,"Pulses (dried leguminous vegetables)","Gross Production Value (constant 2014-2016 thousand I$)","1000 Int$",2014,26103.375,"Beans","no"
NA,NA,"Caribbean",NA,"Pulses (dried leguminous vegetables)","Gross Production Value (constant 2014-2016 thousand I$)","1000 Int$",2015,22861.25,"Beans","no"
NA,NA,"Caribbean",NA,"Pulses (dried leguminous vegetables)","Gross Production Value (constant 2014-2016 thousand I$)","1000 Int$",2016,24675,"Beans","no"
NA,NA,"Caribbean",NA,"Pulses (dried leguminous vegetables)","Gross Production Value (constant 2014-2016 thousand I$)","1000 Int$",2017,25060.875,"Beans","no"
NA,NA,"Caribbean",NA,"Pulses (dried leguminous vegetables)","Gross Production Value (constant 2014-2016 thousand I$)","1000 Int$",2018,28740.25,"Beans","no"
NA,NA,"Caribbean",NA,"Pulses (dried leguminous vegetables)","Gross Production Value (constant 2014-2016 thousand I$)","1000 Int$",2019,24472.25,"Beans","no"
NA,NA,"Caribbean",NA,"Pulses (dried leguminous vegetables)","Gross Production Value (constant 2014-2016 thousand I$)","1000 Int$",2020,17716.625,"Beans","no"
NA,NA,"Caribbean",NA,"Pulses (dried leguminous vegetables)","Gross Production Value (constant 2014-2016 thousand I$)","1000 Int$",2021,17174.25,"Beans","no"
NA,NA,"Caribbean",NA,"Pulses (dried leguminous vegetables)","Gross Production Value (constant 2014-2016 thousand I$)","1000 Int$",2022,18324.25,"Beans","no"
NA,NA,"Caribbean",NA,"Pulses (dried leguminous vegetables)","Gross Production Value (constant 2014-2016 thousand I$)","1000 Int$",2023,19656.5,"Beans","no"
NA,NA,"Caribbean",NA,"Pulses (dried leguminous vegetables)","Gross Production Value (constant 2014-2016 thousand US$)","1000 USD",1992,11108.8,"Beans","no"
NA,NA,"Caribbean",NA,"Pulses (dried leguminous vegetables)","Gross Production Value (constant 2014-2016 thousand US$)","1000 USD",1993,11527.2,"Beans","no"
NA,NA,"Caribbean",NA,"Pulses (dried leguminous vegetables)","Gross Production Value (constant 2014-2016 thousand US$)","1000 USD",1994,11134.2,"Beans","no"
NA,NA,"Caribbean",NA,"Pulses (dried leguminous vegetables)","Gross Production Value (constant 2014-2016 thousand US$)","1000 USD",1995,10959,"Beans","no"
NA,NA,"Caribbean",NA,"Pulses (dried leguminous vegetables)","Gross Production Value (constant 2014-2016 thousand US$)","1000 USD",1996,10551.2,"Beans","no"
NA,NA,"Caribbean",NA,"Pulses (dried leguminous vegetables)","Gross Production Value (constant 2014-2016 thousand US$)","1000 USD",1997,7757.6,"Beans","no"
NA,NA,"Caribbean",NA,"Pulses (dried leguminous vegetables)","Gross Production Value (constant 2014-2016 thousand US$)","1000 USD",1998,7603,"Beans","no"
NA,NA,"Caribbean",NA,"Pulses (dried leguminous vegetables)","Gross Production Value (constant 2014-2016 thousand US$)","1000 USD",1999,8228.6,"Beans","no"
NA,NA,"Caribbean",NA,"Pulses (dried leguminous vegetables)","Gross Production Value (constant 2014-2016 thousand US$)","1000 USD",2000,7299.6,"Beans","no"
NA,NA,"Caribbean",NA,"Pulses (dried leguminous vegetables)","Gross Production Value (constant 2014-2016 thousand US$)","1000 USD",2001,9641.2,"Beans","no"
NA,NA,"Caribbean",NA,"Pulses (dried leguminous vegetables)","Gross Production Value (constant 2014-2016 thousand US$)","1000 USD",2002,9371.2,"Beans","no"
NA,NA,"Caribbean",NA,"Pulses (dried leguminous vegetables)","Gross Production Value (constant 2014-2016 thousand US$)","1000 USD",2003,9237.2,"Beans","no"
NA,NA,"Caribbean",NA,"Pulses (dried leguminous vegetables)","Gross Production Value (constant 2014-2016 thousand US$)","1000 USD",2004,7128.6,"Beans","no"
NA,NA,"Caribbean",NA,"Pulses (dried leguminous vegetables)","Gross Production Value (constant 2014-2016 thousand US$)","1000 USD",2005,7169.6,"Beans","no"
NA,NA,"Caribbean",NA,"Pulses (dried leguminous vegetables)","Gross Production Value (constant 2014-2016 thousand US$)","1000 USD",2006,9060.2,"Beans","no"
NA,NA,"Caribbean",NA,"Pulses (dried leguminous vegetables)","Gross Production Value (constant 2014-2016 thousand US$)","1000 USD",2007,8802.8,"Beans","no"
NA,NA,"Caribbean",NA,"Pulses (dried leguminous vegetables)","Gross Production Value (constant 2014-2016 thousand US$)","1000 USD",2008,6593.4,"Beans","no"
NA,NA,"Caribbean",NA,"Pulses (dried leguminous vegetables)","Gross Production Value (constant 2014-2016 thousand US$)","1000 USD",2009,9373.6,"Beans","no"
NA,NA,"Caribbean",NA,"Pulses (dried leguminous vegetables)","Gross Production Value (constant 2014-2016 thousand US$)","1000 USD",2010,10186.8,"Beans","no"
NA,NA,"Caribbean",NA,"Pulses (dried leguminous vegetables)","Gross Production Value (constant 2014-2016 thousand US$)","1000 USD",2011,10646,"Beans","no"
NA,NA,"Caribbean",NA,"Pulses (dried leguminous vegetables)","Gross Production Value (constant 2014-2016 thousand US$)","1000 USD",2012,10036.6,"Beans","no"
NA,NA,"Caribbean",NA,"Pulses (dried leguminous vegetables)","Gross Production Value (constant 2014-2016 thousand US$)","1000 USD",2013,12215.2,"Beans","no"
NA,NA,"Caribbean",NA,"Pulses (dried leguminous vegetables)","Gross Production Value (constant 2014-2016 thousand US$)","1000 USD",2014,11256.8,"Beans","no"
NA,NA,"Caribbean",NA,"Pulses (dried leguminous vegetables)","Gross Production Value (constant 2014-2016 thousand US$)","1000 USD",2015,8201.4,"Beans","no"
NA,NA,"Caribbean",NA,"Pulses (dried leguminous vegetables)","Gross Production Value (constant 2014-2016 thousand US$)","1000 USD",2016,10290.8,"Beans","no"
NA,NA,"Caribbean",NA,"Pulses (dried leguminous vegetables)","Gross Production Value (constant 2014-2016 thousand US$)","1000 USD",2017,10844,"Beans","no"
NA,NA,"Caribbean",NA,"Pulses (dried leguminous vegetables)","Gross Production Value (constant 2014-2016 thousand US$)","1000 USD",2018,11531.4,"Beans","no"
NA,NA,"Caribbean",NA,"Pulses (dried leguminous vegetables)","Gross Production Value (constant 2014-2016 thousand US$)","1000 USD",2019,12691,"Beans","no"
NA,NA,"Caribbean",NA,"Pulses (dried leguminous vegetables)","Gross Production Value (constant 2014-2016 thousand US$)","1000 USD",2020,11123.8,"Beans","no"
NA,NA,"Caribbean",NA,"Pulses (dried leguminous vegetables)","Gross Production Value (constant 2014-2016 thousand US$)","1000 USD",2021,11583.6,"Beans","no"
NA,NA,"Caribbean",NA,"Pulses (dried leguminous vegetables)","Gross Production Value (constant 2014-2016 thousand US$)","1000 USD",2022,11900.4,"Beans","no"
NA,NA,"Caribbean",NA,"Pulses (dried leguminous vegetables)","Gross Production Value (constant 2014-2016 thousand US$)","1000 USD",2023,13356.2,"Beans","no"
NA,NA,"Caribbean",NA,"Pulses (dried leguminous vegetables)","Gross Production Value (constant 2014-2016 thousand I$)","1000 Int$",1992,2634,"Broad beans and horse beans","no"
NA,NA,"Caribbean",NA,"Pulses (dried leguminous vegetables)","Gross Production Value (constant 2014-2016 thousand I$)","1000 Int$",1993,2657.5,"Broad beans and horse beans","no"
NA,NA,"Caribbean",NA,"Pulses (dried leguminous vegetables)","Gross Production Value (constant 2014-2016 thousand I$)","1000 Int$",1994,2994.5,"Broad beans and horse beans","no"
NA,NA,"Caribbean",NA,"Pulses (dried leguminous vegetables)","Gross Production Value (constant 2014-2016 thousand I$)","1000 Int$",1995,3005.5,"Broad beans and horse beans","no"
NA,NA,"Caribbean",NA,"Pulses (dried leguminous vegetables)","Gross Production Value (constant 2014-2016 thousand I$)","1000 Int$",1996,2711.5,"Broad beans and horse beans","no"
NA,NA,"Caribbean",NA,"Pulses (dried leguminous vegetables)","Gross Production Value (constant 2014-2016 thousand I$)","1000 Int$",1997,1959,"Broad beans and horse beans","no"
NA,NA,"Caribbean",NA,"Pulses (dried leguminous vegetables)","Gross Production Value (constant 2014-2016 thousand I$)","1000 Int$",1998,1699.5,"Broad beans and horse beans","no"
NA,NA,"Caribbean",NA,"Pulses (dried leguminous vegetables)","Gross Production Value (constant 2014-2016 thousand I$)","1000 Int$",1999,1719.5,"Broad beans and horse beans","no"
NA,NA,"Caribbean",NA,"Pulses (dried leguminous vegetables)","Gross Production Value (constant 2014-2016 thousand I$)","1000 Int$",2000,1791,"Broad beans and horse beans","no"
NA,NA,"Caribbean",NA,"Pulses (dried leguminous vegetables)","Gross Production Value (constant 2014-2016 thousand I$)","1000 Int$",2001,1847,"Broad beans and horse beans","no"
NA,NA,"Caribbean",NA,"Pulses (dried leguminous vegetables)","Gross Production Value (constant 2014-2016 thousand I$)","1000 Int$",2002,1882.5,"Broad beans and horse beans","no"
NA,NA,"Caribbean",NA,"Pulses (dried leguminous vegetables)","Gross Production Value (constant 2014-2016 thousand I$)","1000 Int$",2003,1866,"Broad beans and horse beans","no"
NA,NA,"Caribbean",NA,"Pulses (dried leguminous vegetables)","Gross Production Value (constant 2014-2016 thousand I$)","1000 Int$",2004,1879.5,"Broad beans and horse beans","no"
NA,NA,"Caribbean",NA,"Pulses (dried leguminous vegetables)","Gross Production Value (constant 2014-2016 thousand I$)","1000 Int$",2005,1822,"Broad beans and horse beans","no"
NA,NA,"Caribbean",NA,"Pulses (dried leguminous vegetables)","Gross Production Value (constant 2014-2016 thousand I$)","1000 Int$",2006,1867,"Broad beans and horse beans","no"
NA,NA,"Caribbean",NA,"Pulses (dried leguminous vegetables)","Gross Production Value (constant 2014-2016 thousand I$)","1000 Int$",2007,1914.5,"Broad beans and horse beans","no"
NA,NA,"Caribbean",NA,"Pulses (dried leguminous vegetables)","Gross Production Value (constant 2014-2016 thousand I$)","1000 Int$",2008,2021,"Broad beans and horse beans","no"
NA,NA,"Caribbean",NA,"Pulses (dried leguminous vegetables)","Gross Production Value (constant 2014-2016 thousand I$)","1000 Int$",2009,2144.5,"Broad beans and horse beans","no"
NA,NA,"Caribbean",NA,"Pulses (dried leguminous vegetables)","Gross Production Value (constant 2014-2016 thousand I$)","1000 Int$",2010,2389,"Broad beans and horse beans","no"
NA,NA,"Caribbean",NA,"Pulses (dried leguminous vegetables)","Gross Production Value (constant 2014-2016 thousand I$)","1000 Int$",2011,2289,"Broad beans and horse beans","no"
NA,NA,"Caribbean",NA,"Pulses (dried leguminous vegetables)","Gross Production Value (constant 2014-2016 thousand I$)","1000 Int$",2012,2402,"Broad beans and horse beans","no"
NA,NA,"Caribbean",NA,"Pulses (dried leguminous vegetables)","Gross Production Value (constant 2014-2016 thousand I$)","1000 Int$",2013,2288,"Broad beans and horse beans","no"
NA,NA,"Caribbean",NA,"Pulses (dried leguminous vegetables)","Gross Production Value (constant 2014-2016 thousand I$)","1000 Int$",2014,2096,"Broad beans and horse beans","no"
NA,NA,"Caribbean",NA,"Pulses (dried leguminous vegetables)","Gross Production Value (constant 2014-2016 thousand I$)","1000 Int$",2015,2254,"Broad beans and horse beans","no"
NA,NA,"Caribbean",NA,"Pulses (dried leguminous vegetables)","Gross Production Value (constant 2014-2016 thousand I$)","1000 Int$",2016,2210.5,"Broad beans and horse beans","no"
NA,NA,"Caribbean",NA,"Pulses (dried leguminous vegetables)","Gross Production Value (constant 2014-2016 thousand I$)","1000 Int$",2017,2180,"Broad beans and horse beans","no"
NA,NA,"Caribbean",NA,"Pulses (dried leguminous vegetables)","Gross Production Value (constant 2014-2016 thousand I$)","1000 Int$",2018,2213,"Broad beans and horse beans","no"
NA,NA,"Caribbean",NA,"Pulses (dried leguminous vegetables)","Gross Production Value (constant 2014-2016 thousand I$)","1000 Int$",2019,2189.5,"Broad beans and horse beans","no"
NA,NA,"Caribbean",NA,"Pulses (dried leguminous vegetables)","Gross Production Value (constant 2014-2016 thousand I$)","1000 Int$",2020,2144.5,"Broad beans and horse beans","no"
NA,NA,"Caribbean",NA,"Pulses (dried leguminous vegetables)","Gross Production Value (constant 2014-2016 thousand I$)","1000 Int$",2021,1627.5,"Broad beans and horse beans","no"
NA,NA,"Caribbean",NA,"Pulses (dried leguminous vegetables)","Gross Production Value (constant 2014-2016 thousand I$)","1000 Int$",2022,1340.5,"Broad beans and horse beans","no"
NA,NA,"Caribbean",NA,"Pulses (dried leguminous vegetables)","Gross Production Value (constant 2014-2016 thousand I$)","1000 Int$",2023,1142.5,"Broad beans and horse beans","no"
NA,NA,"Caribbean",NA,"Pulses (dried leguminous vegetables)","Gross Production Value (constant 2014-2016 thousand US$)","1000 USD",1992,6108.5,"Broad beans and horse beans","no"
NA,NA,"Caribbean",NA,"Pulses (dried leguminous vegetables)","Gross Production Value (constant 2014-2016 thousand US$)","1000 USD",1993,6130.5,"Broad beans and horse beans","no"
NA,NA,"Caribbean",NA,"Pulses (dried leguminous vegetables)","Gross Production Value (constant 2014-2016 thousand US$)","1000 USD",1994,6884.5,"Broad beans and horse beans","no"
NA,NA,"Caribbean",NA,"Pulses (dried leguminous vegetables)","Gross Production Value (constant 2014-2016 thousand US$)","1000 USD",1995,6904.5,"Broad beans and horse beans","no"
NA,NA,"Caribbean",NA,"Pulses (dried leguminous vegetables)","Gross Production Value (constant 2014-2016 thousand US$)","1000 USD",1996,6254.5,"Broad beans and horse beans","no"
NA,NA,"Caribbean",NA,"Pulses (dried leguminous vegetables)","Gross Production Value (constant 2014-2016 thousand US$)","1000 USD",1997,4537,"Broad beans and horse beans","no"
NA,NA,"Caribbean",NA,"Pulses (dried leguminous vegetables)","Gross Production Value (constant 2014-2016 thousand US$)","1000 USD",1998,3938.5,"Broad beans and horse beans","no"
NA,NA,"Caribbean",NA,"Pulses (dried leguminous vegetables)","Gross Production Value (constant 2014-2016 thousand US$)","1000 USD",1999,4007.5,"Broad beans and horse beans","no"
NA,NA,"Caribbean",NA,"Pulses (dried leguminous vegetables)","Gross Production Value (constant 2014-2016 thousand US$)","1000 USD",2000,4121,"Broad beans and horse beans","no"
NA,NA,"Caribbean",NA,"Pulses (dried leguminous vegetables)","Gross Production Value (constant 2014-2016 thousand US$)","1000 USD",2001,4240,"Broad beans and horse beans","no"
NA,NA,"Caribbean",NA,"Pulses (dried leguminous vegetables)","Gross Production Value (constant 2014-2016 thousand US$)","1000 USD",2002,4304.5,"Broad beans and horse beans","no"
NA,NA,"Caribbean",NA,"Pulses (dried leguminous vegetables)","Gross Production Value (constant 2014-2016 thousand US$)","1000 USD",2003,4275,"Broad beans and horse beans","no"
NA,NA,"Caribbean",NA,"Pulses (dried leguminous vegetables)","Gross Production Value (constant 2014-2016 thousand US$)","1000 USD",2004,4297,"Broad beans and horse beans","no"
NA,NA,"Caribbean",NA,"Pulses (dried leguminous vegetables)","Gross Production Value (constant 2014-2016 thousand US$)","1000 USD",2005,4177.5,"Broad beans and horse beans","no"
NA,NA,"Caribbean",NA,"Pulses (dried leguminous vegetables)","Gross Production Value (constant 2014-2016 thousand US$)","1000 USD",2006,4297.5,"Broad beans and horse beans","no"
NA,NA,"Caribbean",NA,"Pulses (dried leguminous vegetables)","Gross Production Value (constant 2014-2016 thousand US$)","1000 USD",2007,4387,"Broad beans and horse beans","no"
NA,NA,"Caribbean",NA,"Pulses (dried leguminous vegetables)","Gross Production Value (constant 2014-2016 thousand US$)","1000 USD",2008,4621,"Broad beans and horse beans","no"
NA,NA,"Caribbean",NA,"Pulses (dried leguminous vegetables)","Gross Production Value (constant 2014-2016 thousand US$)","1000 USD",2009,4930.5,"Broad beans and horse beans","no"
NA,NA,"Caribbean",NA,"Pulses (dried leguminous vegetables)","Gross Production Value (constant 2014-2016 thousand US$)","1000 USD",2010,5483.5,"Broad beans and horse beans","no"
NA,NA,"Caribbean",NA,"Pulses (dried leguminous vegetables)","Gross Production Value (constant 2014-2016 thousand US$)","1000 USD",2011,5283,"Broad beans and horse beans","no"
NA,NA,"Caribbean",NA,"Pulses (dried leguminous vegetables)","Gross Production Value (constant 2014-2016 thousand US$)","1000 USD",2012,5546.5,"Broad beans and horse beans","no"
NA,NA,"Caribbean",NA,"Pulses (dried leguminous vegetables)","Gross Production Value (constant 2014-2016 thousand US$)","1000 USD",2013,5288.5,"Broad beans and horse beans","no"
NA,NA,"Caribbean",NA,"Pulses (dried leguminous vegetables)","Gross Production Value (constant 2014-2016 thousand US$)","1000 USD",2014,4854.5,"Broad beans and horse beans","no"
NA,NA,"Caribbean",NA,"Pulses (dried leguminous vegetables)","Gross Production Value (constant 2014-2016 thousand US$)","1000 USD",2015,5210,"Broad beans and horse beans","no"
NA,NA,"Caribbean",NA,"Pulses (dried leguminous vegetables)","Gross Production Value (constant 2014-2016 thousand US$)","1000 USD",2016,5142,"Broad beans and horse beans","no"
NA,NA,"Caribbean",NA,"Pulses (dried leguminous vegetables)","Gross Production Value (constant 2014-2016 thousand US$)","1000 USD",2017,5061,"Broad beans and horse beans","no"
NA,NA,"Caribbean",NA,"Pulses (dried leguminous vegetables)","Gross Production Value (constant 2014-2016 thousand US$)","1000 USD",2018,5138.5,"Broad beans and horse beans","no"
NA,NA,"Caribbean",NA,"Pulses (dried leguminous vegetables)","Gross Production Value (constant 2014-2016 thousand US$)","1000 USD",2019,5067,"Broad beans and horse beans","no"
NA,NA,"Caribbean",NA,"Pulses (dried leguminous vegetables)","Gross Production Value (constant 2014-2016 thousand US$)","1000 USD",2020,4962,"Broad beans and horse beans","no"
NA,NA,"Caribbean",NA,"Pulses (dried leguminous vegetables)","Gross Production Value (constant 2014-2016 thousand US$)","1000 USD",2021,3824.5,"Broad beans and horse beans","no"
NA,NA,"Caribbean",NA,"Pulses (dried leguminous vegetables)","Gross Production Value (constant 2014-2016 thousand US$)","1000 USD",2022,3181.5,"Broad beans and horse beans","no"
NA,NA,"Caribbean",NA,"Pulses (dried leguminous vegetables)","Gross Production Value (constant 2014-2016 thousand US$)","1000 USD",2023,2709.5,"Broad beans and horse beans","no"
NA,NA,"Caribbean",NA,"Pulses (dried leguminous vegetables)","Gross Production Value (constant 2014-2016 thousand I$)","1000 Int$",1992,0,"Chick peas","no"
NA,NA,"Caribbean",NA,"Pulses (dried leguminous vegetables)","Gross Production Value (constant 2014-2016 thousand I$)","1000 Int$",1993,0,"Chick peas","no"
NA,NA,"Caribbean",NA,"Pulses (dried leguminous vegetables)","Gross Production Value (constant 2014-2016 thousand I$)","1000 Int$",1994,0,"Chick peas","no"
NA,NA,"Caribbean",NA,"Pulses (dried leguminous vegetables)","Gross Production Value (constant 2014-2016 thousand I$)","1000 Int$",1995,0,"Chick peas","no"
NA,NA,"Caribbean",NA,"Pulses (dried leguminous vegetables)","Gross Production Value (constant 2014-2016 thousand I$)","1000 Int$",1996,0,"Chick peas","no"
NA,NA,"Caribbean",NA,"Pulses (dried leguminous vegetables)","Gross Production Value (constant 2014-2016 thousand I$)","1000 Int$",1997,0,"Chick peas","no"
NA,NA,"Caribbean",NA,"Pulses (dried leguminous vegetables)","Gross Production Value (constant 2014-2016 thousand I$)","1000 Int$",1998,0,"Chick peas","no"
NA,NA,"Caribbean",NA,"Pulses (dried leguminous vegetables)","Gross Production Value (constant 2014-2016 thousand I$)","1000 Int$",1999,0,"Chick peas","no"
NA,NA,"Caribbean",NA,"Pulses (dried leguminous vegetables)","Gross Production Value (constant 2014-2016 thousand I$)","1000 Int$",2000,0,"Chick peas","no"
NA,NA,"Caribbean",NA,"Pulses (dried leguminous vegetables)","Gross Production Value (constant 2014-2016 thousand I$)","1000 Int$",2001,0,"Chick peas","no"
NA,NA,"Caribbean",NA,"Pulses (dried leguminous vegetables)","Gross Production Value (constant 2014-2016 thousand I$)","1000 Int$",2002,0,"Chick peas","no"
NA,NA,"Caribbean",NA,"Pulses (dried leguminous vegetables)","Gross Production Value (constant 2014-2016 thousand I$)","1000 Int$",2003,0,"Chick peas","no"
NA,NA,"Caribbean",NA,"Pulses (dried leguminous vegetables)","Gross Production Value (constant 2014-2016 thousand I$)","1000 Int$",2004,0,"Chick peas","no"
NA,NA,"Caribbean",NA,"Pulses (dried leguminous vegetables)","Gross Production Value (constant 2014-2016 thousand I$)","1000 Int$",2005,0,"Chick peas","no"
NA,NA,"Caribbean",NA,"Pulses (dried leguminous vegetables)","Gross Production Value (constant 2014-2016 thousand I$)","1000 Int$",2006,0,"Chick peas","no"
NA,NA,"Caribbean",NA,"Pulses (dried leguminous vegetables)","Gross Production Value (constant 2014-2016 thousand I$)","1000 Int$",2007,0,"Chick peas","no"
NA,NA,"Caribbean",NA,"Pulses (dried leguminous vegetables)","Gross Production Value (constant 2014-2016 thousand I$)","1000 Int$",2008,0,"Chick peas","no"
NA,NA,"Caribbean",NA,"Pulses (dried leguminous vegetables)","Gross Production Value (constant 2014-2016 thousand I$)","1000 Int$",2009,0.5,"Chick peas","no"
NA,NA,"Caribbean",NA,"Pulses (dried leguminous vegetables)","Gross Production Value (constant 2014-2016 thousand I$)","1000 Int$",2010,0.5,"Chick peas","no"
NA,NA,"Caribbean",NA,"Pulses (dried leguminous vegetables)","Gross Production Value (constant 2014-2016 thousand I$)","1000 Int$",2011,0.5,"Chick peas","no"
NA,NA,"Caribbean",NA,"Pulses (dried leguminous vegetables)","Gross Production Value (constant 2014-2016 thousand I$)","1000 Int$",2012,1,"Chick peas","no"
NA,NA,"Caribbean",NA,"Pulses (dried leguminous vegetables)","Gross Production Value (constant 2014-2016 thousand I$)","1000 Int$",2013,1,"Chick peas","no"
NA,NA,"Caribbean",NA,"Pulses (dried leguminous vegetables)","Gross Production Value (constant 2014-2016 thousand I$)","1000 Int$",2014,1,"Chick peas","no"
NA,NA,"Caribbean",NA,"Pulses (dried leguminous vegetables)","Gross Production Value (constant 2014-2016 thousand I$)","1000 Int$",2015,1,"Chick peas","no"
NA,NA,"Caribbean",NA,"Pulses (dried leguminous vegetables)","Gross Production Value (constant 2014-2016 thousand I$)","1000 Int$",2016,1,"Chick peas","no"
NA,NA,"Caribbean",NA,"Pulses (dried leguminous vegetables)","Gross Production Value (constant 2014-2016 thousand I$)","1000 Int$",2017,1,"Chick peas","no"
NA,NA,"Caribbean",NA,"Pulses (dried leguminous vegetables)","Gross Production Value (constant 2014-2016 thousand I$)","1000 Int$",2018,1,"Chick peas","no"
NA,NA,"Caribbean",NA,"Pulses (dried leguminous vegetables)","Gross Production Value (constant 2014-2016 thousand I$)","1000 Int$",2019,1,"Chick peas","no"
NA,NA,"Caribbean",NA,"Pulses (dried leguminous vegetables)","Gross Production Value (constant 2014-2016 thousand I$)","1000 Int$",2020,1,"Chick peas","no"
NA,NA,"Caribbean",NA,"Pulses (dried leguminous vegetables)","Gross Production Value (constant 2014-2016 thousand I$)","1000 Int$",2021,70.5,"Chick peas","no"
NA,NA,"Caribbean",NA,"Pulses (dried leguminous vegetables)","Gross Production Value (constant 2014-2016 thousand I$)","1000 Int$",2022,70.5,"Chick peas","no"
NA,NA,"Caribbean",NA,"Pulses (dried leguminous vegetables)","Gross Production Value (constant 2014-2016 thousand I$)","1000 Int$",2023,70.5,"Chick peas","no"
NA,NA,"Caribbean",NA,"Pulses (dried leguminous vegetables)","Gross Production Value (constant 2014-2016 thousand I$)","1000 Int$",1992,4157,"Cow peas","no"
NA,NA,"Caribbean",NA,"Pulses (dried leguminous vegetables)","Gross Production Value (constant 2014-2016 thousand I$)","1000 Int$",1993,3990.3333333333335,"Cow peas","no"
NA,NA,"Caribbean",NA,"Pulses (dried leguminous vegetables)","Gross Production Value (constant 2014-2016 thousand I$)","1000 Int$",1994,3769,"Cow peas","no"
NA,NA,"Caribbean",NA,"Pulses (dried leguminous vegetables)","Gross Production Value (constant 2014-2016 thousand I$)","1000 Int$",1995,3430,"Cow peas","no"
NA,NA,"Caribbean",NA,"Pulses (dried leguminous vegetables)","Gross Production Value (constant 2014-2016 thousand I$)","1000 Int$",1996,3758.3333333333335,"Cow peas","no"
NA,NA,"Caribbean",NA,"Pulses (dried leguminous vegetables)","Gross Production Value (constant 2014-2016 thousand I$)","1000 Int$",1997,3974.6666666666665,"Cow peas","no"
NA,NA,"Caribbean",NA,"Pulses (dried leguminous vegetables)","Gross Production Value (constant 2014-2016 thousand I$)","1000 Int$",1998,4156.333333333333,"Cow peas","no"
NA,NA,"Caribbean",NA,"Pulses (dried leguminous vegetables)","Gross Production Value (constant 2014-2016 thousand I$)","1000 Int$",1999,4365.666666666667,"Cow peas","no"
NA,NA,"Caribbean",NA,"Pulses (dried leguminous vegetables)","Gross Production Value (constant 2014-2016 thousand I$)","1000 Int$",2000,4026,"Cow peas","no"
NA,NA,"Caribbean",NA,"Pulses (dried leguminous vegetables)","Gross Production Value (constant 2014-2016 thousand I$)","1000 Int$",2001,3971.6666666666665,"Cow peas","no"
NA,NA,"Caribbean",NA,"Pulses (dried leguminous vegetables)","Gross Production Value (constant 2014-2016 thousand I$)","1000 Int$",2002,3755,"Cow peas","no"
NA,NA,"Caribbean",NA,"Pulses (dried leguminous vegetables)","Gross Production Value (constant 2014-2016 thousand I$)","1000 Int$",2003,3581,"Cow peas","no"
NA,NA,"Caribbean",NA,"Pulses (dried leguminous vegetables)","Gross Production Value (constant 2014-2016 thousand I$)","1000 Int$",2004,3186.3333333333335,"Cow peas","no"
NA,NA,"Caribbean",NA,"Pulses (dried leguminous vegetables)","Gross Production Value (constant 2014-2016 thousand I$)","1000 Int$",2005,3299.6666666666665,"Cow peas","no"
NA,NA,"Caribbean",NA,"Pulses (dried leguminous vegetables)","Gross Production Value (constant 2014-2016 thousand I$)","1000 Int$",2006,3193.3333333333335,"Cow peas","no"
NA,NA,"Caribbean",NA,"Pulses (dried leguminous vegetables)","Gross Production Value (constant 2014-2016 thousand I$)","1000 Int$",2007,3423.6666666666665,"Cow peas","no"
NA,NA,"Caribbean",NA,"Pulses (dried leguminous vegetables)","Gross Production Value (constant 2014-2016 thousand I$)","1000 Int$",2008,3468.6666666666665,"Cow peas","no"
NA,NA,"Caribbean",NA,"Pulses (dried leguminous vegetables)","Gross Production Value (constant 2014-2016 thousand I$)","1000 Int$",2009,3445,"Cow peas","no"
NA,NA,"Caribbean",NA,"Pulses (dried leguminous vegetables)","Gross Production Value (constant 2014-2016 thousand I$)","1000 Int$",2010,3445.6666666666665,"Cow peas","no"
NA,NA,"Caribbean",NA,"Pulses (dried leguminous vegetables)","Gross Production Value (constant 2014-2016 thousand I$)","1000 Int$",2011,3443.3333333333335,"Cow peas","no"
NA,NA,"Caribbean",NA,"Pulses (dried leguminous vegetables)","Gross Production Value (constant 2014-2016 thousand I$)","1000 Int$",2012,3480.3333333333335,"Cow peas","no"
NA,NA,"Caribbean",NA,"Pulses (dried leguminous vegetables)","Gross Production Value (constant 2014-2016 thousand I$)","1000 Int$",2013,3483.3333333333335,"Cow peas","no"
NA,NA,"Caribbean",NA,"Pulses (dried leguminous vegetables)","Gross Production Value (constant 2014-2016 thousand I$)","1000 Int$",2014,3462.3333333333335,"Cow peas","no"
NA,NA,"Caribbean",NA,"Pulses (dried leguminous vegetables)","Gross Production Value (constant 2014-2016 thousand I$)","1000 Int$",2015,3475.3333333333335,"Cow peas","no"
NA,NA,"Caribbean",NA,"Pulses (dried leguminous vegetables)","Gross Production Value (constant 2014-2016 thousand I$)","1000 Int$",2016,3465.6666666666665,"Cow peas","no"
NA,NA,"Caribbean",NA,"Pulses (dried leguminous vegetables)","Gross Production Value (constant 2014-2016 thousand I$)","1000 Int$",2017,3453.6666666666665,"Cow peas","no"
NA,NA,"Caribbean",NA,"Pulses (dried leguminous vegetables)","Gross Production Value (constant 2014-2016 thousand I$)","1000 Int$",2018,3426.6666666666665,"Cow peas","no"
NA,NA,"Caribbean",NA,"Pulses (dried leguminous vegetables)","Gross Production Value (constant 2014-2016 thousand I$)","1000 Int$",2019,3400,"Cow peas","no"
NA,NA,"Caribbean",NA,"Pulses (dried leguminous vegetables)","Gross Production Value (constant 2014-2016 thousand I$)","1000 Int$",2020,3412.3333333333335,"Cow peas","no"
NA,NA,"Caribbean",NA,"Pulses (dried leguminous vegetables)","Gross Production Value (constant 2014-2016 thousand I$)","1000 Int$",2021,3431,"Cow peas","no"
NA,NA,"Caribbean",NA,"Pulses (dried leguminous vegetables)","Gross Production Value (constant 2014-2016 thousand I$)","1000 Int$",2022,3425.3333333333335,"Cow peas","no"
NA,NA,"Caribbean",NA,"Pulses (dried leguminous vegetables)","Gross Production Value (constant 2014-2016 thousand I$)","1000 Int$",2023,3416,"Cow peas","no"
NA,NA,"Caribbean",NA,"Pulses (dried leguminous vegetables)","Gross Production Value (constant 2014-2016 thousand US$)","1000 USD",1992,858,"Cow peas","no"
NA,NA,"Caribbean",NA,"Pulses (dried leguminous vegetables)","Gross Production Value (constant 2014-2016 thousand US$)","1000 USD",1993,756,"Cow peas","no"
NA,NA,"Caribbean",NA,"Pulses (dried leguminous vegetables)","Gross Production Value (constant 2014-2016 thousand US$)","1000 USD",1994,816,"Cow peas","no"
NA,NA,"Caribbean",NA,"Pulses (dried leguminous vegetables)","Gross Production Value (constant 2014-2016 thousand US$)","1000 USD",1995,720,"Cow peas","no"
NA,NA,"Caribbean",NA,"Pulses (dried leguminous vegetables)","Gross Production Value (constant 2014-2016 thousand US$)","1000 USD",1996,646,"Cow peas","no"
NA,NA,"Caribbean",NA,"Pulses (dried leguminous vegetables)","Gross Production Value (constant 2014-2016 thousand US$)","1000 USD",1997,571.5,"Cow peas","no"
NA,NA,"Caribbean",NA,"Pulses (dried leguminous vegetables)","Gross Production Value (constant 2014-2016 thousand US$)","1000 USD",1998,603,"Cow peas","no"
NA,NA,"Caribbean",NA,"Pulses (dried leguminous vegetables)","Gross Production Value (constant 2014-2016 thousand US$)","1000 USD",1999,582.5,"Cow peas","no"
NA,NA,"Caribbean",NA,"Pulses (dried leguminous vegetables)","Gross Production Value (constant 2014-2016 thousand US$)","1000 USD",2000,522,"Cow peas","no"
NA,NA,"Caribbean",NA,"Pulses (dried leguminous vegetables)","Gross Production Value (constant 2014-2016 thousand US$)","1000 USD",2001,528,"Cow peas","no"
NA,NA,"Caribbean",NA,"Pulses (dried leguminous vegetables)","Gross Production Value (constant 2014-2016 thousand US$)","1000 USD",2002,461,"Cow peas","no"
NA,NA,"Caribbean",NA,"Pulses (dried leguminous vegetables)","Gross Production Value (constant 2014-2016 thousand US$)","1000 USD",2003,515.5,"Cow peas","no"
NA,NA,"Caribbean",NA,"Pulses (dried leguminous vegetables)","Gross Production Value (constant 2014-2016 thousand US$)","1000 USD",2004,450,"Cow peas","no"
NA,NA,"Caribbean",NA,"Pulses (dried leguminous vegetables)","Gross Production Value (constant 2014-2016 thousand US$)","1000 USD",2005,448.5,"Cow peas","no"
NA,NA,"Caribbean",NA,"Pulses (dried leguminous vegetables)","Gross Production Value (constant 2014-2016 thousand US$)","1000 USD",2006,491.5,"Cow peas","no"
NA,NA,"Caribbean",NA,"Pulses (dried leguminous vegetables)","Gross Production Value (constant 2014-2016 thousand US$)","1000 USD",2007,535,"Cow peas","no"
NA,NA,"Caribbean",NA,"Pulses (dried leguminous vegetables)","Gross Production Value (constant 2014-2016 thousand US$)","1000 USD",2008,483,"Cow peas","no"
NA,NA,"Caribbean",NA,"Pulses (dried leguminous vegetables)","Gross Production Value (constant 2014-2016 thousand US$)","1000 USD",2009,462,"Cow peas","no"
NA,NA,"Caribbean",NA,"Pulses (dried leguminous vegetables)","Gross Production Value (constant 2014-2016 thousand US$)","1000 USD",2010,463,"Cow peas","no"
NA,NA,"Caribbean",NA,"Pulses (dried leguminous vegetables)","Gross Production Value (constant 2014-2016 thousand US$)","1000 USD",2011,510,"Cow peas","no"
NA,NA,"Caribbean",NA,"Pulses (dried leguminous vegetables)","Gross Production Value (constant 2014-2016 thousand US$)","1000 USD",2012,545.5,"Cow peas","no"
NA,NA,"Caribbean",NA,"Pulses (dried leguminous vegetables)","Gross Production Value (constant 2014-2016 thousand US$)","1000 USD",2013,582.5,"Cow peas","no"
NA,NA,"Caribbean",NA,"Pulses (dried leguminous vegetables)","Gross Production Value (constant 2014-2016 thousand US$)","1000 USD",2014,553.5,"Cow peas","no"
NA,NA,"Caribbean",NA,"Pulses (dried leguminous vegetables)","Gross Production Value (constant 2014-2016 thousand US$)","1000 USD",2015,580.5,"Cow peas","no"
NA,NA,"Caribbean",NA,"Pulses (dried leguminous vegetables)","Gross Production Value (constant 2014-2016 thousand US$)","1000 USD",2016,628,"Cow peas","no"
NA,NA,"Caribbean",NA,"Pulses (dried leguminous vegetables)","Gross Production Value (constant 2014-2016 thousand US$)","1000 USD",2017,653.5,"Cow peas","no"
NA,NA,"Caribbean",NA,"Pulses (dried leguminous vegetables)","Gross Production Value (constant 2014-2016 thousand US$)","1000 USD",2018,671.5,"Cow peas","no"
NA,NA,"Caribbean",NA,"Pulses (dried leguminous vegetables)","Gross Production Value (constant 2014-2016 thousand US$)","1000 USD",2019,645,"Cow peas","no"
NA,NA,"Caribbean",NA,"Pulses (dried leguminous vegetables)","Gross Production Value (constant 2014-2016 thousand US$)","1000 USD",2020,636.5,"Cow peas","no"
NA,NA,"Caribbean",NA,"Pulses (dried leguminous vegetables)","Gross Production Value (constant 2014-2016 thousand US$)","1000 USD",2021,715.5,"Cow peas","no"
NA,NA,"Caribbean",NA,"Pulses (dried leguminous vegetables)","Gross Production Value (constant 2014-2016 thousand US$)","1000 USD",2022,709,"Cow peas","no"
NA,NA,"Caribbean",NA,"Pulses (dried leguminous vegetables)","Gross Production Value (constant 2014-2016 thousand US$)","1000 USD",2023,657.5,"Cow peas","no"
NA,NA,"Caribbean",NA,"Pulses (dried leguminous vegetables)","Gross Production Value (constant 2014-2016 thousand I$)","1000 Int$",1992,0,"Lentils","no"
NA,NA,"Caribbean",NA,"Pulses (dried leguminous vegetables)","Gross Production Value (constant 2014-2016 thousand I$)","1000 Int$",1993,0,"Lentils","no"
NA,NA,"Caribbean",NA,"Pulses (dried leguminous vegetables)","Gross Production Value (constant 2014-2016 thousand I$)","1000 Int$",1994,0,"Lentils","no"
NA,NA,"Caribbean",NA,"Pulses (dried leguminous vegetables)","Gross Production Value (constant 2014-2016 thousand I$)","1000 Int$",1995,0,"Lentils","no"
NA,NA,"Caribbean",NA,"Pulses (dried leguminous vegetables)","Gross Production Value (constant 2014-2016 thousand I$)","1000 Int$",1996,598,"Lentils","no"
NA,NA,"Caribbean",NA,"Pulses (dried leguminous vegetables)","Gross Production Value (constant 2014-2016 thousand I$)","1000 Int$",1997,592,"Lentils","no"
NA,NA,"Caribbean",NA,"Pulses (dried leguminous vegetables)","Gross Production Value (constant 2014-2016 thousand I$)","1000 Int$",1998,613,"Lentils","no"
NA,NA,"Caribbean",NA,"Pulses (dried leguminous vegetables)","Gross Production Value (constant 2014-2016 thousand I$)","1000 Int$",1999,663,"Lentils","no"
NA,NA,"Caribbean",NA,"Pulses (dried leguminous vegetables)","Gross Production Value (constant 2014-2016 thousand I$)","1000 Int$",2000,638,"Lentils","no"
NA,NA,"Caribbean",NA,"Pulses (dried leguminous vegetables)","Gross Production Value (constant 2014-2016 thousand I$)","1000 Int$",2001,641,"Lentils","no"
NA,NA,"Caribbean",NA,"Pulses (dried leguminous vegetables)","Gross Production Value (constant 2014-2016 thousand I$)","1000 Int$",2002,581,"Lentils","no"
NA,NA,"Caribbean",NA,"Pulses (dried leguminous vegetables)","Gross Production Value (constant 2014-2016 thousand I$)","1000 Int$",2003,664,"Lentils","no"
NA,NA,"Caribbean",NA,"Pulses (dried leguminous vegetables)","Gross Production Value (constant 2014-2016 thousand I$)","1000 Int$",2004,684,"Lentils","no"
NA,NA,"Caribbean",NA,"Pulses (dried leguminous vegetables)","Gross Production Value (constant 2014-2016 thousand I$)","1000 Int$",2005,705,"Lentils","no"
NA,NA,"Caribbean",NA,"Pulses (dried leguminous vegetables)","Gross Production Value (constant 2014-2016 thousand I$)","1000 Int$",2006,728,"Lentils","no"
NA,NA,"Caribbean",NA,"Pulses (dried leguminous vegetables)","Gross Production Value (constant 2014-2016 thousand I$)","1000 Int$",2007,0,"Lentils","no"
NA,NA,"Caribbean",NA,"Pulses (dried leguminous vegetables)","Gross Production Value (constant 2014-2016 thousand I$)","1000 Int$",2008,0,"Lentils","no"
NA,NA,"Caribbean",NA,"Pulses (dried leguminous vegetables)","Gross Production Value (constant 2014-2016 thousand I$)","1000 Int$",2009,0,"Lentils","no"
NA,NA,"Caribbean",NA,"Pulses (dried leguminous vegetables)","Gross Production Value (constant 2014-2016 thousand I$)","1000 Int$",2010,0,"Lentils","no"
NA,NA,"Caribbean",NA,"Pulses (dried leguminous vegetables)","Gross Production Value (constant 2014-2016 thousand I$)","1000 Int$",2011,0,"Lentils","no"
NA,NA,"Caribbean",NA,"Pulses (dried leguminous vegetables)","Gross Production Value (constant 2014-2016 thousand I$)","1000 Int$",2012,0,"Lentils","no"
NA,NA,"Caribbean",NA,"Pulses (dried leguminous vegetables)","Gross Production Value (constant 2014-2016 thousand I$)","1000 Int$",2013,0,"Lentils","no"
NA,NA,"Caribbean",NA,"Pulses (dried leguminous vegetables)","Gross Production Value (constant 2014-2016 thousand I$)","1000 Int$",2014,0,"Lentils","no"
NA,NA,"Caribbean",NA,"Pulses (dried leguminous vegetables)","Gross Production Value (constant 2014-2016 thousand I$)","1000 Int$",2015,0,"Lentils","no"
NA,NA,"Caribbean",NA,"Pulses (dried leguminous vegetables)","Gross Production Value (constant 2014-2016 thousand I$)","1000 Int$",2016,0,"Lentils","no"
NA,NA,"Caribbean",NA,"Pulses (dried leguminous vegetables)","Gross Production Value (constant 2014-2016 thousand I$)","1000 Int$",2017,0,"Lentils","no"
NA,NA,"Caribbean",NA,"Pulses (dried leguminous vegetables)","Gross Production Value (constant 2014-2016 thousand I$)","1000 Int$",2018,0,"Lentils","no"
NA,NA,"Caribbean",NA,"Pulses (dried leguminous vegetables)","Gross Production Value (constant 2014-2016 thousand I$)","1000 Int$",2019,0,"Lentils","no"
NA,NA,"Caribbean",NA,"Pulses (dried leguminous vegetables)","Gross Production Value (constant 2014-2016 thousand I$)","1000 Int$",2020,0,"Lentils","no"
NA,NA,"Caribbean",NA,"Pulses (dried leguminous vegetables)","Gross Production Value (constant 2014-2016 thousand I$)","1000 Int$",2021,0,"Lentils","no"
NA,NA,"Caribbean",NA,"Pulses (dried leguminous vegetables)","Gross Production Value (constant 2014-2016 thousand I$)","1000 Int$",2022,0,"Lentils","no"
NA,NA,"Caribbean",NA,"Pulses (dried leguminous vegetables)","Gross Production Value (constant 2014-2016 thousand I$)","1000 Int$",2023,0,"Lentils","no"
NA,NA,"Caribbean",NA,"Pulses (dried leguminous vegetables)","Gross Production Value (constant 2014-2016 thousand I$)","1000 Int$",1992,182.25,"Other pulses n.e.c.","no"
NA,NA,"Caribbean",NA,"Pulses (dried leguminous vegetables)","Gross Production Value (constant 2014-2016 thousand I$)","1000 Int$",1993,194.25,"Other pulses n.e.c.","no"
NA,NA,"Caribbean",NA,"Pulses (dried leguminous vegetables)","Gross Production Value (constant 2014-2016 thousand I$)","1000 Int$",1994,184.875,"Other pulses n.e.c.","no"
NA,NA,"Caribbean",NA,"Pulses (dried leguminous vegetables)","Gross Production Value (constant 2014-2016 thousand I$)","1000 Int$",1995,177.75,"Other pulses n.e.c.","no"
NA,NA,"Caribbean",NA,"Pulses (dried leguminous vegetables)","Gross Production Value (constant 2014-2016 thousand I$)","1000 Int$",1996,174.375,"Other pulses n.e.c.","no"
NA,NA,"Caribbean",NA,"Pulses (dried leguminous vegetables)","Gross Production Value (constant 2014-2016 thousand I$)","1000 Int$",1997,176.5,"Other pulses n.e.c.","no"
NA,NA,"Caribbean",NA,"Pulses (dried leguminous vegetables)","Gross Production Value (constant 2014-2016 thousand I$)","1000 Int$",1998,179.625,"Other pulses n.e.c.","no"
NA,NA,"Caribbean",NA,"Pulses (dried leguminous vegetables)","Gross Production Value (constant 2014-2016 thousand I$)","1000 Int$",1999,182.125,"Other pulses n.e.c.","no"
NA,NA,"Caribbean",NA,"Pulses (dried leguminous vegetables)","Gross Production Value (constant 2014-2016 thousand I$)","1000 Int$",2000,186.5,"Other pulses n.e.c.","no"
NA,NA,"Caribbean",NA,"Pulses (dried leguminous vegetables)","Gross Production Value (constant 2014-2016 thousand I$)","1000 Int$",2001,213.25,"Other pulses n.e.c.","no"
NA,NA,"Caribbean",NA,"Pulses (dried leguminous vegetables)","Gross Production Value (constant 2014-2016 thousand I$)","1000 Int$",2002,206.75,"Other pulses n.e.c.","no"
NA,NA,"Caribbean",NA,"Pulses (dried leguminous vegetables)","Gross Production Value (constant 2014-2016 thousand I$)","1000 Int$",2003,205.125,"Other pulses n.e.c.","no"
NA,NA,"Caribbean",NA,"Pulses (dried leguminous vegetables)","Gross Production Value (constant 2014-2016 thousand I$)","1000 Int$",2004,201.125,"Other pulses n.e.c.","no"
NA,NA,"Caribbean",NA,"Pulses (dried leguminous vegetables)","Gross Production Value (constant 2014-2016 thousand I$)","1000 Int$",2005,203.875,"Other pulses n.e.c.","no"
NA,NA,"Caribbean",NA,"Pulses (dried leguminous vegetables)","Gross Production Value (constant 2014-2016 thousand I$)","1000 Int$",2006,210.625,"Other pulses n.e.c.","no"
NA,NA,"Caribbean",NA,"Pulses (dried leguminous vegetables)","Gross Production Value (constant 2014-2016 thousand I$)","1000 Int$",2007,204,"Other pulses n.e.c.","no"
NA,NA,"Caribbean",NA,"Pulses (dried leguminous vegetables)","Gross Production Value (constant 2014-2016 thousand I$)","1000 Int$",2008,210.75,"Other pulses n.e.c.","no"
NA,NA,"Caribbean",NA,"Pulses (dried leguminous vegetables)","Gross Production Value (constant 2014-2016 thousand I$)","1000 Int$",2009,216.875,"Other pulses n.e.c.","no"
NA,NA,"Caribbean",NA,"Pulses (dried leguminous vegetables)","Gross Production Value (constant 2014-2016 thousand I$)","1000 Int$",2010,236.625,"Other pulses n.e.c.","no"
NA,NA,"Caribbean",NA,"Pulses (dried leguminous vegetables)","Gross Production Value (constant 2014-2016 thousand I$)","1000 Int$",2011,249.75,"Other pulses n.e.c.","no"
NA,NA,"Caribbean",NA,"Pulses (dried leguminous vegetables)","Gross Production Value (constant 2014-2016 thousand I$)","1000 Int$",2012,281.375,"Other pulses n.e.c.","no"
NA,NA,"Caribbean",NA,"Pulses (dried leguminous vegetables)","Gross Production Value (constant 2014-2016 thousand I$)","1000 Int$",2013,294,"Other pulses n.e.c.","no"
NA,NA,"Caribbean",NA,"Pulses (dried leguminous vegetables)","Gross Production Value (constant 2014-2016 thousand I$)","1000 Int$",2014,286.75,"Other pulses n.e.c.","no"
NA,NA,"Caribbean",NA,"Pulses (dried leguminous vegetables)","Gross Production Value (constant 2014-2016 thousand I$)","1000 Int$",2015,287.75,"Other pulses n.e.c.","no"
NA,NA,"Caribbean",NA,"Pulses (dried leguminous vegetables)","Gross Production Value (constant 2014-2016 thousand I$)","1000 Int$",2016,288,"Other pulses n.e.c.","no"
NA,NA,"Caribbean",NA,"Pulses (dried leguminous vegetables)","Gross Production Value (constant 2014-2016 thousand I$)","1000 Int$",2017,541.25,"Other pulses n.e.c.","no"
NA,NA,"Caribbean",NA,"Pulses (dried leguminous vegetables)","Gross Production Value (constant 2014-2016 thousand I$)","1000 Int$",2018,1035.125,"Other pulses n.e.c.","no"
NA,NA,"Caribbean",NA,"Pulses (dried leguminous vegetables)","Gross Production Value (constant 2014-2016 thousand I$)","1000 Int$",2019,1123.5,"Other pulses n.e.c.","no"
NA,NA,"Caribbean",NA,"Pulses (dried leguminous vegetables)","Gross Production Value (constant 2014-2016 thousand I$)","1000 Int$",2020,1178,"Other pulses n.e.c.","no"
NA,NA,"Caribbean",NA,"Pulses (dried leguminous vegetables)","Gross Production Value (constant 2014-2016 thousand I$)","1000 Int$",2021,909.25,"Other pulses n.e.c.","no"
NA,NA,"Caribbean",NA,"Pulses (dried leguminous vegetables)","Gross Production Value (constant 2014-2016 thousand I$)","1000 Int$",2022,888.125,"Other pulses n.e.c.","no"
NA,NA,"Caribbean",NA,"Pulses (dried leguminous vegetables)","Gross Production Value (constant 2014-2016 thousand I$)","1000 Int$",2023,1024.875,"Other pulses n.e.c.","no"
NA,NA,"Caribbean",NA,"Pulses (dried leguminous vegetables)","Gross Production Value (constant 2014-2016 thousand US$)","1000 USD",1992,909.75,"Other pulses n.e.c.","no"
NA,NA,"Caribbean",NA,"Pulses (dried leguminous vegetables)","Gross Production Value (constant 2014-2016 thousand US$)","1000 USD",1993,932.75,"Other pulses n.e.c.","no"
NA,NA,"Caribbean",NA,"Pulses (dried leguminous vegetables)","Gross Production Value (constant 2014-2016 thousand US$)","1000 USD",1994,914,"Other pulses n.e.c.","no"
NA,NA,"Caribbean",NA,"Pulses (dried leguminous vegetables)","Gross Production Value (constant 2014-2016 thousand US$)","1000 USD",1995,898.25,"Other pulses n.e.c.","no"
NA,NA,"Caribbean",NA,"Pulses (dried leguminous vegetables)","Gross Production Value (constant 2014-2016 thousand US$)","1000 USD",1996,876.5,"Other pulses n.e.c.","no"
NA,NA,"Caribbean",NA,"Pulses (dried leguminous vegetables)","Gross Production Value (constant 2014-2016 thousand US$)","1000 USD",1997,892.5,"Other pulses n.e.c.","no"
NA,NA,"Caribbean",NA,"Pulses (dried leguminous vegetables)","Gross Production Value (constant 2014-2016 thousand US$)","1000 USD",1998,908.5,"Other pulses n.e.c.","no"
NA,NA,"Caribbean",NA,"Pulses (dried leguminous vegetables)","Gross Production Value (constant 2014-2016 thousand US$)","1000 USD",1999,827.25,"Other pulses n.e.c.","no"
NA,NA,"Caribbean",NA,"Pulses (dried leguminous vegetables)","Gross Production Value (constant 2014-2016 thousand US$)","1000 USD",2000,810.5,"Other pulses n.e.c.","no"
NA,NA,"Caribbean",NA,"Pulses (dried leguminous vegetables)","Gross Production Value (constant 2014-2016 thousand US$)","1000 USD",2001,939,"Other pulses n.e.c.","no"
NA,NA,"Caribbean",NA,"Pulses (dried leguminous vegetables)","Gross Production Value (constant 2014-2016 thousand US$)","1000 USD",2002,902,"Other pulses n.e.c.","no"
NA,NA,"Caribbean",NA,"Pulses (dried leguminous vegetables)","Gross Production Value (constant 2014-2016 thousand US$)","1000 USD",2003,917,"Other pulses n.e.c.","no"
NA,NA,"Caribbean",NA,"Pulses (dried leguminous vegetables)","Gross Production Value (constant 2014-2016 thousand US$)","1000 USD",2004,943,"Other pulses n.e.c.","no"
NA,NA,"Caribbean",NA,"Pulses (dried leguminous vegetables)","Gross Production Value (constant 2014-2016 thousand US$)","1000 USD",2005,959.25,"Other pulses n.e.c.","no"
NA,NA,"Caribbean",NA,"Pulses (dried leguminous vegetables)","Gross Production Value (constant 2014-2016 thousand US$)","1000 USD",2006,1006.25,"Other pulses n.e.c.","no"
NA,NA,"Caribbean",NA,"Pulses (dried leguminous vegetables)","Gross Production Value (constant 2014-2016 thousand US$)","1000 USD",2007,981.75,"Other pulses n.e.c.","no"
NA,NA,"Caribbean",NA,"Pulses (dried leguminous vegetables)","Gross Production Value (constant 2014-2016 thousand US$)","1000 USD",2008,1032.25,"Other pulses n.e.c.","no"
NA,NA,"Caribbean",NA,"Pulses (dried leguminous vegetables)","Gross Production Value (constant 2014-2016 thousand US$)","1000 USD",2009,1074.25,"Other pulses n.e.c.","no"
NA,NA,"Caribbean",NA,"Pulses (dried leguminous vegetables)","Gross Production Value (constant 2014-2016 thousand US$)","1000 USD",2010,1220.5,"Other pulses n.e.c.","no"
NA,NA,"Caribbean",NA,"Pulses (dried leguminous vegetables)","Gross Production Value (constant 2014-2016 thousand US$)","1000 USD",2011,1332.75,"Other pulses n.e.c.","no"
NA,NA,"Caribbean",NA,"Pulses (dried leguminous vegetables)","Gross Production Value (constant 2014-2016 thousand US$)","1000 USD",2012,1547.5,"Other pulses n.e.c.","no"
NA,NA,"Caribbean",NA,"Pulses (dried leguminous vegetables)","Gross Production Value (constant 2014-2016 thousand US$)","1000 USD",2013,1641.25,"Other pulses n.e.c.","no"
NA,NA,"Caribbean",NA,"Pulses (dried leguminous vegetables)","Gross Production Value (constant 2014-2016 thousand US$)","1000 USD",2014,1594.5,"Other pulses n.e.c.","no"
NA,NA,"Caribbean",NA,"Pulses (dried leguminous vegetables)","Gross Production Value (constant 2014-2016 thousand US$)","1000 USD",2015,1563.25,"Other pulses n.e.c.","no"
NA,NA,"Caribbean",NA,"Pulses (dried leguminous vegetables)","Gross Production Value (constant 2014-2016 thousand US$)","1000 USD",2016,1590,"Other pulses n.e.c.","no"
NA,NA,"Caribbean",NA,"Pulses (dried leguminous vegetables)","Gross Production Value (constant 2014-2016 thousand US$)","1000 USD",2017,2132.5,"Other pulses n.e.c.","no"
NA,NA,"Caribbean",NA,"Pulses (dried leguminous vegetables)","Gross Production Value (constant 2014-2016 thousand US$)","1000 USD",2018,3106.25,"Other pulses n.e.c.","no"
NA,NA,"Caribbean",NA,"Pulses (dried leguminous vegetables)","Gross Production Value (constant 2014-2016 thousand US$)","1000 USD",2019,3246.75,"Other pulses n.e.c.","no"
NA,NA,"Caribbean",NA,"Pulses (dried leguminous vegetables)","Gross Production Value (constant 2014-2016 thousand US$)","1000 USD",2020,3388.75,"Other pulses n.e.c.","no"
NA,NA,"Caribbean",NA,"Pulses (dried leguminous vegetables)","Gross Production Value (constant 2014-2016 thousand US$)","1000 USD",2021,2835.25,"Other pulses n.e.c.","no"
NA,NA,"Caribbean",NA,"Pulses (dried leguminous vegetables)","Gross Production Value (constant 2014-2016 thousand US$)","1000 USD",2022,2793,"Other pulses n.e.c.","no"
NA,NA,"Caribbean",NA,"Pulses (dried leguminous vegetables)","Gross Production Value (constant 2014-2016 thousand US$)","1000 USD",2023,3079,"Other pulses n.e.c.","no"
NA,NA,"Caribbean",NA,"Pulses (dried leguminous vegetables)","Gross Production Value (constant 2014-2016 thousand I$)","1000 Int$",1992,772.5,"Peas","no"
NA,NA,"Caribbean",NA,"Pulses (dried leguminous vegetables)","Gross Production Value (constant 2014-2016 thousand I$)","1000 Int$",1993,771.5,"Peas","no"
NA,NA,"Caribbean",NA,"Pulses (dried leguminous vegetables)","Gross Production Value (constant 2014-2016 thousand I$)","1000 Int$",1994,825.5,"Peas","no"
NA,NA,"Caribbean",NA,"Pulses (dried leguminous vegetables)","Gross Production Value (constant 2014-2016 thousand I$)","1000 Int$",1995,674.5,"Peas","no"
NA,NA,"Caribbean",NA,"Pulses (dried leguminous vegetables)","Gross Production Value (constant 2014-2016 thousand I$)","1000 Int$",1996,607.5,"Peas","no"
NA,NA,"Caribbean",NA,"Pulses (dried leguminous vegetables)","Gross Production Value (constant 2014-2016 thousand I$)","1000 Int$",1997,469.5,"Peas","no"
NA,NA,"Caribbean",NA,"Pulses (dried leguminous vegetables)","Gross Production Value (constant 2014-2016 thousand I$)","1000 Int$",1998,347,"Peas","no"
NA,NA,"Caribbean",NA,"Pulses (dried leguminous vegetables)","Gross Production Value (constant 2014-2016 thousand I$)","1000 Int$",1999,330.5,"Peas","no"
NA,NA,"Caribbean",NA,"Pulses (dried leguminous vegetables)","Gross Production Value (constant 2014-2016 thousand I$)","1000 Int$",2000,230,"Peas","no"
NA,NA,"Caribbean",NA,"Pulses (dried leguminous vegetables)","Gross Production Value (constant 2014-2016 thousand I$)","1000 Int$",2001,228,"Peas","no"
NA,NA,"Caribbean",NA,"Pulses (dried leguminous vegetables)","Gross Production Value (constant 2014-2016 thousand I$)","1000 Int$",2002,193,"Peas","no"
NA,NA,"Caribbean",NA,"Pulses (dried leguminous vegetables)","Gross Production Value (constant 2014-2016 thousand I$)","1000 Int$",2003,221.5,"Peas","no"
NA,NA,"Caribbean",NA,"Pulses (dried leguminous vegetables)","Gross Production Value (constant 2014-2016 thousand I$)","1000 Int$",2004,183.5,"Peas","no"
NA,NA,"Caribbean",NA,"Pulses (dried leguminous vegetables)","Gross Production Value (constant 2014-2016 thousand I$)","1000 Int$",2005,189.5,"Peas","no"
NA,NA,"Caribbean",NA,"Pulses (dried leguminous vegetables)","Gross Production Value (constant 2014-2016 thousand I$)","1000 Int$",2006,171.5,"Peas","no"
NA,NA,"Caribbean",NA,"Pulses (dried leguminous vegetables)","Gross Production Value (constant 2014-2016 thousand I$)","1000 Int$",2007,156,"Peas","no"
NA,NA,"Caribbean",NA,"Pulses (dried leguminous vegetables)","Gross Production Value (constant 2014-2016 thousand I$)","1000 Int$",2008,150,"Peas","no"
NA,NA,"Caribbean",NA,"Pulses (dried leguminous vegetables)","Gross Production Value (constant 2014-2016 thousand I$)","1000 Int$",2009,197.5,"Peas","no"
NA,NA,"Caribbean",NA,"Pulses (dried leguminous vegetables)","Gross Production Value (constant 2014-2016 thousand I$)","1000 Int$",2010,184.5,"Peas","no"
NA,NA,"Caribbean",NA,"Pulses (dried leguminous vegetables)","Gross Production Value (constant 2014-2016 thousand I$)","1000 Int$",2011,225,"Peas","no"
NA,NA,"Caribbean",NA,"Pulses (dried leguminous vegetables)","Gross Production Value (constant 2014-2016 thousand I$)","1000 Int$",2012,244,"Peas","no"
NA,NA,"Caribbean",NA,"Pulses (dried leguminous vegetables)","Gross Production Value (constant 2014-2016 thousand I$)","1000 Int$",2013,258,"Peas","no"
NA,NA,"Caribbean",NA,"Pulses (dried leguminous vegetables)","Gross Production Value (constant 2014-2016 thousand I$)","1000 Int$",2014,232.5,"Peas","no"
NA,NA,"Caribbean",NA,"Pulses (dried leguminous vegetables)","Gross Production Value (constant 2014-2016 thousand I$)","1000 Int$",2015,237.5,"Peas","no"
NA,NA,"Caribbean",NA,"Pulses (dried leguminous vegetables)","Gross Production Value (constant 2014-2016 thousand I$)","1000 Int$",2016,249.5,"Peas","no"
NA,NA,"Caribbean",NA,"Pulses (dried leguminous vegetables)","Gross Production Value (constant 2014-2016 thousand I$)","1000 Int$",2017,229.5,"Peas","no"
NA,NA,"Caribbean",NA,"Pulses (dried leguminous vegetables)","Gross Production Value (constant 2014-2016 thousand I$)","1000 Int$",2018,217.5,"Peas","no"
NA,NA,"Caribbean",NA,"Pulses (dried leguminous vegetables)","Gross Production Value (constant 2014-2016 thousand I$)","1000 Int$",2019,220.5,"Peas","no"
NA,NA,"Caribbean",NA,"Pulses (dried leguminous vegetables)","Gross Production Value (constant 2014-2016 thousand I$)","1000 Int$",2020,231.5,"Peas","no"
NA,NA,"Caribbean",NA,"Pulses (dried leguminous vegetables)","Gross Production Value (constant 2014-2016 thousand I$)","1000 Int$",2021,244,"Peas","no"
NA,NA,"Caribbean",NA,"Pulses (dried leguminous vegetables)","Gross Production Value (constant 2014-2016 thousand I$)","1000 Int$",2022,238,"Peas","no"
NA,NA,"Caribbean",NA,"Pulses (dried leguminous vegetables)","Gross Production Value (constant 2014-2016 thousand I$)","1000 Int$",2023,217,"Peas","no"
NA,NA,"Caribbean",NA,"Pulses (dried leguminous vegetables)","Gross Production Value (constant 2014-2016 thousand US$)","1000 USD",1992,5574,"Peas","no"
NA,NA,"Caribbean",NA,"Pulses (dried leguminous vegetables)","Gross Production Value (constant 2014-2016 thousand US$)","1000 USD",1993,5604.5,"Peas","no"
NA,NA,"Caribbean",NA,"Pulses (dried leguminous vegetables)","Gross Production Value (constant 2014-2016 thousand US$)","1000 USD",1994,6057,"Peas","no"
NA,NA,"Caribbean",NA,"Pulses (dried leguminous vegetables)","Gross Production Value (constant 2014-2016 thousand US$)","1000 USD",1995,4936.5,"Peas","no"
NA,NA,"Caribbean",NA,"Pulses (dried leguminous vegetables)","Gross Production Value (constant 2014-2016 thousand US$)","1000 USD",1996,4400,"Peas","no"
NA,NA,"Caribbean",NA,"Pulses (dried leguminous vegetables)","Gross Production Value (constant 2014-2016 thousand US$)","1000 USD",1997,3333.5,"Peas","no"
NA,NA,"Caribbean",NA,"Pulses (dried leguminous vegetables)","Gross Production Value (constant 2014-2016 thousand US$)","1000 USD",1998,2392.5,"Peas","no"
NA,NA,"Caribbean",NA,"Pulses (dried leguminous vegetables)","Gross Production Value (constant 2014-2016 thousand US$)","1000 USD",1999,2278.5,"Peas","no"
NA,NA,"Caribbean",NA,"Pulses (dried leguminous vegetables)","Gross Production Value (constant 2014-2016 thousand US$)","1000 USD",2000,1486.5,"Peas","no"
NA,NA,"Caribbean",NA,"Pulses (dried leguminous vegetables)","Gross Production Value (constant 2014-2016 thousand US$)","1000 USD",2001,1466.5,"Peas","no"
NA,NA,"Caribbean",NA,"Pulses (dried leguminous vegetables)","Gross Production Value (constant 2014-2016 thousand US$)","1000 USD",2002,1201.5,"Peas","no"
NA,NA,"Caribbean",NA,"Pulses (dried leguminous vegetables)","Gross Production Value (constant 2014-2016 thousand US$)","1000 USD",2003,1377,"Peas","no"
NA,NA,"Caribbean",NA,"Pulses (dried leguminous vegetables)","Gross Production Value (constant 2014-2016 thousand US$)","1000 USD",2004,1080,"Peas","no"
NA,NA,"Caribbean",NA,"Pulses (dried leguminous vegetables)","Gross Production Value (constant 2014-2016 thousand US$)","1000 USD",2005,1054.5,"Peas","no"
NA,NA,"Caribbean",NA,"Pulses (dried leguminous vegetables)","Gross Production Value (constant 2014-2016 thousand US$)","1000 USD",2006,956.5,"Peas","no"
NA,NA,"Caribbean",NA,"Pulses (dried leguminous vegetables)","Gross Production Value (constant 2014-2016 thousand US$)","1000 USD",2007,859,"Peas","no"
NA,NA,"Caribbean",NA,"Pulses (dried leguminous vegetables)","Gross Production Value (constant 2014-2016 thousand US$)","1000 USD",2008,801,"Peas","no"
NA,NA,"Caribbean",NA,"Pulses (dried leguminous vegetables)","Gross Production Value (constant 2014-2016 thousand US$)","1000 USD",2009,1148.5,"Peas","no"
NA,NA,"Caribbean",NA,"Pulses (dried leguminous vegetables)","Gross Production Value (constant 2014-2016 thousand US$)","1000 USD",2010,1041.5,"Peas","no"
NA,NA,"Caribbean",NA,"Pulses (dried leguminous vegetables)","Gross Production Value (constant 2014-2016 thousand US$)","1000 USD",2011,1337,"Peas","no"
NA,NA,"Caribbean",NA,"Pulses (dried leguminous vegetables)","Gross Production Value (constant 2014-2016 thousand US$)","1000 USD",2012,1453.5,"Peas","no"
NA,NA,"Caribbean",NA,"Pulses (dried leguminous vegetables)","Gross Production Value (constant 2014-2016 thousand US$)","1000 USD",2013,1561.5,"Peas","no"
NA,NA,"Caribbean",NA,"Pulses (dried leguminous vegetables)","Gross Production Value (constant 2014-2016 thousand US$)","1000 USD",2014,1366.5,"Peas","no"
NA,NA,"Caribbean",NA,"Pulses (dried leguminous vegetables)","Gross Production Value (constant 2014-2016 thousand US$)","1000 USD",2015,1418.5,"Peas","no"
NA,NA,"Caribbean",NA,"Pulses (dried leguminous vegetables)","Gross Production Value (constant 2014-2016 thousand US$)","1000 USD",2016,1515.5,"Peas","no"
NA,NA,"Caribbean",NA,"Pulses (dried leguminous vegetables)","Gross Production Value (constant 2014-2016 thousand US$)","1000 USD",2017,1367,"Peas","no"
NA,NA,"Caribbean",NA,"Pulses (dried leguminous vegetables)","Gross Production Value (constant 2014-2016 thousand US$)","1000 USD",2018,1275,"Peas","no"
NA,NA,"Caribbean",NA,"Pulses (dried leguminous vegetables)","Gross Production Value (constant 2014-2016 thousand US$)","1000 USD",2019,1297,"Peas","no"
NA,NA,"Caribbean",NA,"Pulses (dried leguminous vegetables)","Gross Production Value (constant 2014-2016 thousand US$)","1000 USD",2020,1368.5,"Peas","no"
NA,NA,"Caribbean",NA,"Pulses (dried leguminous vegetables)","Gross Production Value (constant 2014-2016 thousand US$)","1000 USD",2021,1464,"Peas","no"
NA,NA,"Caribbean",NA,"Pulses (dried leguminous vegetables)","Gross Production Value (constant 2014-2016 thousand US$)","1000 USD",2022,1417,"Peas","no"
NA,NA,"Caribbean",NA,"Pulses (dried leguminous vegetables)","Gross Production Value (constant 2014-2016 thousand US$)","1000 USD",2023,1252,"Peas","no"
NA,NA,"Caribbean",NA,"Pulses (dried leguminous vegetables)","Gross Production Value (constant 2014-2016 thousand I$)","1000 Int$",1992,3195.625,"Pigeon peas","no"
NA,NA,"Caribbean",NA,"Pulses (dried leguminous vegetables)","Gross Production Value (constant 2014-2016 thousand I$)","1000 Int$",1993,3059.25,"Pigeon peas","no"
NA,NA,"Caribbean",NA,"Pulses (dried leguminous vegetables)","Gross Production Value (constant 2014-2016 thousand I$)","1000 Int$",1994,2591.875,"Pigeon peas","no"
NA,NA,"Caribbean",NA,"Pulses (dried leguminous vegetables)","Gross Production Value (constant 2014-2016 thousand I$)","1000 Int$",1995,3481.5,"Pigeon peas","no"
NA,NA,"Caribbean",NA,"Pulses (dried leguminous vegetables)","Gross Production Value (constant 2014-2016 thousand I$)","1000 Int$",1996,2279.25,"Pigeon peas","no"
NA,NA,"Caribbean",NA,"Pulses (dried leguminous vegetables)","Gross Production Value (constant 2014-2016 thousand I$)","1000 Int$",1997,2137.5,"Pigeon peas","no"
NA,NA,"Caribbean",NA,"Pulses (dried leguminous vegetables)","Gross Production Value (constant 2014-2016 thousand I$)","1000 Int$",1998,2283.625,"Pigeon peas","no"
NA,NA,"Caribbean",NA,"Pulses (dried leguminous vegetables)","Gross Production Value (constant 2014-2016 thousand I$)","1000 Int$",1999,2636.25,"Pigeon peas","no"
NA,NA,"Caribbean",NA,"Pulses (dried leguminous vegetables)","Gross Production Value (constant 2014-2016 thousand I$)","1000 Int$",2000,2645.875,"Pigeon peas","no"
NA,NA,"Caribbean",NA,"Pulses (dried leguminous vegetables)","Gross Production Value (constant 2014-2016 thousand I$)","1000 Int$",2001,2456.5,"Pigeon peas","no"
NA,NA,"Caribbean",NA,"Pulses (dried leguminous vegetables)","Gross Production Value (constant 2014-2016 thousand I$)","1000 Int$",2002,3847.875,"Pigeon peas","no"
NA,NA,"Caribbean",NA,"Pulses (dried leguminous vegetables)","Gross Production Value (constant 2014-2016 thousand I$)","1000 Int$",2003,4415.125,"Pigeon peas","no"
NA,NA,"Caribbean",NA,"Pulses (dried leguminous vegetables)","Gross Production Value (constant 2014-2016 thousand I$)","1000 Int$",2004,4669.25,"Pigeon peas","no"
NA,NA,"Caribbean",NA,"Pulses (dried leguminous vegetables)","Gross Production Value (constant 2014-2016 thousand I$)","1000 Int$",2005,4870.625,"Pigeon peas","no"
NA,NA,"Caribbean",NA,"Pulses (dried leguminous vegetables)","Gross Production Value (constant 2014-2016 thousand I$)","1000 Int$",2006,6177.5,"Pigeon peas","no"
NA,NA,"Caribbean",NA,"Pulses (dried leguminous vegetables)","Gross Production Value (constant 2014-2016 thousand I$)","1000 Int$",2007,6474.75,"Pigeon peas","no"
NA,NA,"Caribbean",NA,"Pulses (dried leguminous vegetables)","Gross Production Value (constant 2014-2016 thousand I$)","1000 Int$",2008,6930.875,"Pigeon peas","no"
NA,NA,"Caribbean",NA,"Pulses (dried leguminous vegetables)","Gross Production Value (constant 2014-2016 thousand I$)","1000 Int$",2009,8423.375,"Pigeon peas","no"
NA,NA,"Caribbean",NA,"Pulses (dried leguminous vegetables)","Gross Production Value (constant 2014-2016 thousand I$)","1000 Int$",2010,8877.625,"Pigeon peas","no"
NA,NA,"Caribbean",NA,"Pulses (dried leguminous vegetables)","Gross Production Value (constant 2014-2016 thousand I$)","1000 Int$",2011,9717.75,"Pigeon peas","no"
NA,NA,"Caribbean",NA,"Pulses (dried leguminous vegetables)","Gross Production Value (constant 2014-2016 thousand I$)","1000 Int$",2012,10753.375,"Pigeon peas","no"
NA,NA,"Caribbean",NA,"Pulses (dried leguminous vegetables)","Gross Production Value (constant 2014-2016 thousand I$)","1000 Int$",2013,10828.75,"Pigeon peas","no"
NA,NA,"Caribbean",NA,"Pulses (dried leguminous vegetables)","Gross Production Value (constant 2014-2016 thousand I$)","1000 Int$",2014,7683.625,"Pigeon peas","no"
NA,NA,"Caribbean",NA,"Pulses (dried leguminous vegetables)","Gross Production Value (constant 2014-2016 thousand I$)","1000 Int$",2015,6603.75,"Pigeon peas","no"
NA,NA,"Caribbean",NA,"Pulses (dried leguminous vegetables)","Gross Production Value (constant 2014-2016 thousand I$)","1000 Int$",2016,5868.625,"Pigeon peas","no"
NA,NA,"Caribbean",NA,"Pulses (dried leguminous vegetables)","Gross Production Value (constant 2014-2016 thousand I$)","1000 Int$",2017,6016.875,"Pigeon peas","no"
NA,NA,"Caribbean",NA,"Pulses (dried leguminous vegetables)","Gross Production Value (constant 2014-2016 thousand I$)","1000 Int$",2018,5957.25,"Pigeon peas","no"
NA,NA,"Caribbean",NA,"Pulses (dried leguminous vegetables)","Gross Production Value (constant 2014-2016 thousand I$)","1000 Int$",2019,4649,"Pigeon peas","no"
NA,NA,"Caribbean",NA,"Pulses (dried leguminous vegetables)","Gross Production Value (constant 2014-2016 thousand I$)","1000 Int$",2020,4135.125,"Pigeon peas","no"
NA,NA,"Caribbean",NA,"Pulses (dried leguminous vegetables)","Gross Production Value (constant 2014-2016 thousand I$)","1000 Int$",2021,3673.125,"Pigeon peas","no"
NA,NA,"Caribbean",NA,"Pulses (dried leguminous vegetables)","Gross Production Value (constant 2014-2016 thousand I$)","1000 Int$",2022,2804.625,"Pigeon peas","no"
NA,NA,"Caribbean",NA,"Pulses (dried leguminous vegetables)","Gross Production Value (constant 2014-2016 thousand I$)","1000 Int$",2023,3030.125,"Pigeon peas","no"
NA,NA,"Caribbean",NA,"Pulses (dried leguminous vegetables)","Gross Production Value (constant 2014-2016 thousand US$)","1000 USD",1992,4271.166666666667,"Pigeon peas","no"
NA,NA,"Caribbean",NA,"Pulses (dried leguminous vegetables)","Gross Production Value (constant 2014-2016 thousand US$)","1000 USD",1993,4508.333333333333,"Pigeon peas","no"
NA,NA,"Caribbean",NA,"Pulses (dried leguminous vegetables)","Gross Production Value (constant 2014-2016 thousand US$)","1000 USD",1994,3848.1666666666665,"Pigeon peas","no"
NA,NA,"Caribbean",NA,"Pulses (dried leguminous vegetables)","Gross Production Value (constant 2014-2016 thousand US$)","1000 USD",1995,4973.166666666667,"Pigeon peas","no"
NA,NA,"Caribbean",NA,"Pulses (dried leguminous vegetables)","Gross Production Value (constant 2014-2016 thousand US$)","1000 USD",1996,3737.3333333333335,"Pigeon peas","no"
NA,NA,"Caribbean",NA,"Pulses (dried leguminous vegetables)","Gross Production Value (constant 2014-2016 thousand US$)","1000 USD",1997,3550.1666666666665,"Pigeon peas","no"
NA,NA,"Caribbean",NA,"Pulses (dried leguminous vegetables)","Gross Production Value (constant 2014-2016 thousand US$)","1000 USD",1998,3293.8333333333335,"Pigeon peas","no"
NA,NA,"Caribbean",NA,"Pulses (dried leguminous vegetables)","Gross Production Value (constant 2014-2016 thousand US$)","1000 USD",1999,3802.1666666666665,"Pigeon peas","no"
NA,NA,"Caribbean",NA,"Pulses (dried leguminous vegetables)","Gross Production Value (constant 2014-2016 thousand US$)","1000 USD",2000,3166.5,"Pigeon peas","no"
NA,NA,"Caribbean",NA,"Pulses (dried leguminous vegetables)","Gross Production Value (constant 2014-2016 thousand US$)","1000 USD",2001,3086,"Pigeon peas","no"
NA,NA,"Caribbean",NA,"Pulses (dried leguminous vegetables)","Gross Production Value (constant 2014-2016 thousand US$)","1000 USD",2002,4106,"Pigeon peas","no"
NA,NA,"Caribbean",NA,"Pulses (dried leguminous vegetables)","Gross Production Value (constant 2014-2016 thousand US$)","1000 USD",2003,3558,"Pigeon peas","no"
NA,NA,"Caribbean",NA,"Pulses (dried leguminous vegetables)","Gross Production Value (constant 2014-2016 thousand US$)","1000 USD",2004,3101.6666666666665,"Pigeon peas","no"
NA,NA,"Caribbean",NA,"Pulses (dried leguminous vegetables)","Gross Production Value (constant 2014-2016 thousand US$)","1000 USD",2005,2389.1666666666665,"Pigeon peas","no"
NA,NA,"Caribbean",NA,"Pulses (dried leguminous vegetables)","Gross Production Value (constant 2014-2016 thousand US$)","1000 USD",2006,3099,"Pigeon peas","no"
NA,NA,"Caribbean",NA,"Pulses (dried leguminous vegetables)","Gross Production Value (constant 2014-2016 thousand US$)","1000 USD",2007,2901.5,"Pigeon peas","no"
NA,NA,"Caribbean",NA,"Pulses (dried leguminous vegetables)","Gross Production Value (constant 2014-2016 thousand US$)","1000 USD",2008,2393.5,"Pigeon peas","no"
NA,NA,"Caribbean",NA,"Pulses (dried leguminous vegetables)","Gross Production Value (constant 2014-2016 thousand US$)","1000 USD",2009,3260.8333333333335,"Pigeon peas","no"
NA,NA,"Caribbean",NA,"Pulses (dried leguminous vegetables)","Gross Production Value (constant 2014-2016 thousand US$)","1000 USD",2010,3183.6666666666665,"Pigeon peas","no"
NA,NA,"Caribbean",NA,"Pulses (dried leguminous vegetables)","Gross Production Value (constant 2014-2016 thousand US$)","1000 USD",2011,3453.6666666666665,"Pigeon peas","no"
NA,NA,"Caribbean",NA,"Pulses (dried leguminous vegetables)","Gross Production Value (constant 2014-2016 thousand US$)","1000 USD",2012,3961.6666666666665,"Pigeon peas","no"
NA,NA,"Caribbean",NA,"Pulses (dried leguminous vegetables)","Gross Production Value (constant 2014-2016 thousand US$)","1000 USD",2013,3568.6666666666665,"Pigeon peas","no"
NA,NA,"Caribbean",NA,"Pulses (dried leguminous vegetables)","Gross Production Value (constant 2014-2016 thousand US$)","1000 USD",2014,3707.5,"Pigeon peas","no"
NA,NA,"Caribbean",NA,"Pulses (dried leguminous vegetables)","Gross Production Value (constant 2014-2016 thousand US$)","1000 USD",2015,3243,"Pigeon peas","no"
NA,NA,"Caribbean",NA,"Pulses (dried leguminous vegetables)","Gross Production Value (constant 2014-2016 thousand US$)","1000 USD",2016,2923.8333333333335,"Pigeon peas","no"
NA,NA,"Caribbean",NA,"Pulses (dried leguminous vegetables)","Gross Production Value (constant 2014-2016 thousand US$)","1000 USD",2017,3509.3333333333335,"Pigeon peas","no"
NA,NA,"Caribbean",NA,"Pulses (dried leguminous vegetables)","Gross Production Value (constant 2014-2016 thousand US$)","1000 USD",2018,3924,"Pigeon peas","no"
NA,NA,"Caribbean",NA,"Pulses (dried leguminous vegetables)","Gross Production Value (constant 2014-2016 thousand US$)","1000 USD",2019,3401.5,"Pigeon peas","no"
NA,NA,"Caribbean",NA,"Pulses (dried leguminous vegetables)","Gross Production Value (constant 2014-2016 thousand US$)","1000 USD",2020,2906.5,"Pigeon peas","no"
NA,NA,"Caribbean",NA,"Pulses (dried leguminous vegetables)","Gross Production Value (constant 2014-2016 thousand US$)","1000 USD",2021,3126.1666666666665,"Pigeon peas","no"
NA,NA,"Caribbean",NA,"Pulses (dried leguminous vegetables)","Gross Production Value (constant 2014-2016 thousand US$)","1000 USD",2022,2754.8333333333335,"Pigeon peas","no"
NA,NA,"Caribbean",NA,"Pulses (dried leguminous vegetables)","Gross Production Value (constant 2014-2016 thousand US$)","1000 USD",2023,3178.1666666666665,"Pigeon peas","no"
NA,NA,"Caribbean",NA,"Raw milk","Gross Production Value (constant 2014-2016 thousand I$)","1000 Int$",1992,40835.26666666667,"Raw milk of cattle","no"
NA,NA,"Caribbean",NA,"Raw milk","Gross Production Value (constant 2014-2016 thousand I$)","1000 Int$",1993,39572.4,"Raw milk of cattle","no"
NA,NA,"Caribbean",NA,"Raw milk","Gross Production Value (constant 2014-2016 thousand I$)","1000 Int$",1994,41517.4,"Raw milk of cattle","no"
NA,NA,"Caribbean",NA,"Raw milk","Gross Production Value (constant 2014-2016 thousand I$)","1000 Int$",1995,41293.46666666667,"Raw milk of cattle","no"
NA,NA,"Caribbean",NA,"Raw milk","Gross Production Value (constant 2014-2016 thousand I$)","1000 Int$",1996,41184,"Raw milk of cattle","no"
NA,NA,"Caribbean",NA,"Raw milk","Gross Production Value (constant 2014-2016 thousand I$)","1000 Int$",1997,39194.26666666667,"Raw milk of cattle","no"
NA,NA,"Caribbean",NA,"Raw milk","Gross Production Value (constant 2014-2016 thousand I$)","1000 Int$",1998,42428.666666666664,"Raw milk of cattle","no"
NA,NA,"Caribbean",NA,"Raw milk","Gross Production Value (constant 2014-2016 thousand I$)","1000 Int$",1999,40915.86666666667,"Raw milk of cattle","no"
NA,NA,"Caribbean",NA,"Raw milk","Gross Production Value (constant 2014-2016 thousand I$)","1000 Int$",2000,41492,"Raw milk of cattle","no"
NA,NA,"Caribbean",NA,"Raw milk","Gross Production Value (constant 2014-2016 thousand I$)","1000 Int$",2001,42603.066666666666,"Raw milk of cattle","no"
NA,NA,"Caribbean",NA,"Raw milk","Gross Production Value (constant 2014-2016 thousand I$)","1000 Int$",2002,41759,"Raw milk of cattle","no"
NA,NA,"Caribbean",NA,"Raw milk","Gross Production Value (constant 2014-2016 thousand I$)","1000 Int$",2003,39756.26666666667,"Raw milk of cattle","no"
NA,NA,"Caribbean",NA,"Raw milk","Gross Production Value (constant 2014-2016 thousand I$)","1000 Int$",2004,37113.8,"Raw milk of cattle","no"
NA,NA,"Caribbean",NA,"Raw milk","Gross Production Value (constant 2014-2016 thousand I$)","1000 Int$",2005,34499.4,"Raw milk of cattle","no"
NA,NA,"Caribbean",NA,"Raw milk","Gross Production Value (constant 2014-2016 thousand I$)","1000 Int$",2006,37072.933333333334,"Raw milk of cattle","no"
NA,NA,"Caribbean",NA,"Raw milk","Gross Production Value (constant 2014-2016 thousand I$)","1000 Int$",2007,39819.53333333333,"Raw milk of cattle","no"
NA,NA,"Caribbean",NA,"Raw milk","Gross Production Value (constant 2014-2016 thousand I$)","1000 Int$",2008,42437.6,"Raw milk of cattle","no"
NA,NA,"Caribbean",NA,"Raw milk","Gross Production Value (constant 2014-2016 thousand I$)","1000 Int$",2009,43256.666666666664,"Raw milk of cattle","no"
NA,NA,"Caribbean",NA,"Raw milk","Gross Production Value (constant 2014-2016 thousand I$)","1000 Int$",2010,41949.2,"Raw milk of cattle","no"
NA,NA,"Caribbean",NA,"Raw milk","Gross Production Value (constant 2014-2016 thousand I$)","1000 Int$",2011,40852.53333333333,"Raw milk of cattle","no"
NA,NA,"Caribbean",NA,"Raw milk","Gross Production Value (constant 2014-2016 thousand I$)","1000 Int$",2012,42323.333333333336,"Raw milk of cattle","no"
NA,NA,"Caribbean",NA,"Raw milk","Gross Production Value (constant 2014-2016 thousand I$)","1000 Int$",2013,42522.333333333336,"Raw milk of cattle","no"
NA,NA,"Caribbean",NA,"Raw milk","Gross Production Value (constant 2014-2016 thousand I$)","1000 Int$",2014,43109.26666666667,"Raw milk of cattle","no"
NA,NA,"Caribbean",NA,"Raw milk","Gross Production Value (constant 2014-2016 thousand I$)","1000 Int$",2015,41402.26666666667,"Raw milk of cattle","no"
NA,NA,"Caribbean",NA,"Raw milk","Gross Production Value (constant 2014-2016 thousand I$)","1000 Int$",2016,47629.73333333333,"Raw milk of cattle","no"
NA,NA,"Caribbean",NA,"Raw milk","Gross Production Value (constant 2014-2016 thousand I$)","1000 Int$",2017,47717.6,"Raw milk of cattle","no"
NA,NA,"Caribbean",NA,"Raw milk","Gross Production Value (constant 2014-2016 thousand I$)","1000 Int$",2018,49710.53333333333,"Raw milk of cattle","no"
NA,NA,"Caribbean",NA,"Raw milk","Gross Production Value (constant 2014-2016 thousand I$)","1000 Int$",2019,48181.13333333333,"Raw milk of cattle","no"
NA,NA,"Caribbean",NA,"Raw milk","Gross Production Value (constant 2014-2016 thousand I$)","1000 Int$",2020,46257.86666666667,"Raw milk of cattle","no"
NA,NA,"Caribbean",NA,"Raw milk","Gross Production Value (constant 2014-2016 thousand I$)","1000 Int$",2021,42907.86666666667,"Raw milk of cattle","no"
NA,NA,"Caribbean",NA,"Raw milk","Gross Production Value (constant 2014-2016 thousand I$)","1000 Int$",2022,42808.4,"Raw milk of cattle","no"
NA,NA,"Caribbean",NA,"Raw milk","Gross Production Value (constant 2014-2016 thousand I$)","1000 Int$",2023,43330.13333333333,"Raw milk of cattle","no"
NA,NA,"Caribbean",NA,"Raw milk","Gross Production Value (constant 2014-2016 thousand US$)","1000 USD",1992,64876.125,"Raw milk of cattle","no"
NA,NA,"Caribbean",NA,"Raw milk","Gross Production Value (constant 2014-2016 thousand US$)","1000 USD",1993,63949,"Raw milk of cattle","no"
NA,NA,"Caribbean",NA,"Raw milk","Gross Production Value (constant 2014-2016 thousand US$)","1000 USD",1994,64928.875,"Raw milk of cattle","no"
NA,NA,"Caribbean",NA,"Raw milk","Gross Production Value (constant 2014-2016 thousand US$)","1000 USD",1995,65272,"Raw milk of cattle","no"
NA,NA,"Caribbean",NA,"Raw milk","Gross Production Value (constant 2014-2016 thousand US$)","1000 USD",1996,64333.125,"Raw milk of cattle","no"
NA,NA,"Caribbean",NA,"Raw milk","Gross Production Value (constant 2014-2016 thousand US$)","1000 USD",1997,59257.375,"Raw milk of cattle","no"
NA,NA,"Caribbean",NA,"Raw milk","Gross Production Value (constant 2014-2016 thousand US$)","1000 USD",1998,66336.25,"Raw milk of cattle","no"
NA,NA,"Caribbean",NA,"Raw milk","Gross Production Value (constant 2014-2016 thousand US$)","1000 USD",1999,64591.875,"Raw milk of cattle","no"
NA,NA,"Caribbean",NA,"Raw milk","Gross Production Value (constant 2014-2016 thousand US$)","1000 USD",2000,66961.625,"Raw milk of cattle","no"
NA,NA,"Caribbean",NA,"Raw milk","Gross Production Value (constant 2014-2016 thousand US$)","1000 USD",2001,69201.75,"Raw milk of cattle","no"
NA,NA,"Caribbean",NA,"Raw milk","Gross Production Value (constant 2014-2016 thousand US$)","1000 USD",2002,68124.5,"Raw milk of cattle","no"
NA,NA,"Caribbean",NA,"Raw milk","Gross Production Value (constant 2014-2016 thousand US$)","1000 USD",2003,62646.375,"Raw milk of cattle","no"
NA,NA,"Caribbean",NA,"Raw milk","Gross Production Value (constant 2014-2016 thousand US$)","1000 USD",2004,61868.125,"Raw milk of cattle","no"
NA,NA,"Caribbean",NA,"Raw milk","Gross Production Value (constant 2014-2016 thousand US$)","1000 USD",2005,64754.25,"Raw milk of cattle","no"
NA,NA,"Caribbean",NA,"Raw milk","Gross Production Value (constant 2014-2016 thousand US$)","1000 USD",2006,66021.625,"Raw milk of cattle","no"
NA,NA,"Caribbean",NA,"Raw milk","Gross Production Value (constant 2014-2016 thousand US$)","1000 USD",2007,65692.375,"Raw milk of cattle","no"
NA,NA,"Caribbean",NA,"Raw milk","Gross Production Value (constant 2014-2016 thousand US$)","1000 USD",2008,67095.875,"Raw milk of cattle","no"
NA,NA,"Caribbean",NA,"Raw milk","Gross Production Value (constant 2014-2016 thousand US$)","1000 USD",2009,65182.375,"Raw milk of cattle","no"
NA,NA,"Caribbean",NA,"Raw milk","Gross Production Value (constant 2014-2016 thousand US$)","1000 USD",2010,60097.5,"Raw milk of cattle","no"
NA,NA,"Caribbean",NA,"Raw milk","Gross Production Value (constant 2014-2016 thousand US$)","1000 USD",2011,59709.75,"Raw milk of cattle","no"
NA,NA,"Caribbean",NA,"Raw milk","Gross Production Value (constant 2014-2016 thousand US$)","1000 USD",2012,61887,"Raw milk of cattle","no"
NA,NA,"Caribbean",NA,"Raw milk","Gross Production Value (constant 2014-2016 thousand US$)","1000 USD",2013,62750.75,"Raw milk of cattle","no"
NA,NA,"Caribbean",NA,"Raw milk","Gross Production Value (constant 2014-2016 thousand US$)","1000 USD",2014,63172.875,"Raw milk of cattle","no"
NA,NA,"Caribbean",NA,"Raw milk","Gross Production Value (constant 2014-2016 thousand US$)","1000 USD",2015,64914.625,"Raw milk of cattle","no"
NA,NA,"Caribbean",NA,"Raw milk","Gross Production Value (constant 2014-2016 thousand US$)","1000 USD",2016,70728.75,"Raw milk of cattle","no"
NA,NA,"Caribbean",NA,"Raw milk","Gross Production Value (constant 2014-2016 thousand US$)","1000 USD",2017,74756.625,"Raw milk of cattle","no"
NA,NA,"Caribbean",NA,"Raw milk","Gross Production Value (constant 2014-2016 thousand US$)","1000 USD",2018,76156.625,"Raw milk of cattle","no"
NA,NA,"Caribbean",NA,"Raw milk","Gross Production Value (constant 2014-2016 thousand US$)","1000 USD",2019,76595.5,"Raw milk of cattle","no"
NA,NA,"Caribbean",NA,"Raw milk","Gross Production Value (constant 2014-2016 thousand US$)","1000 USD",2020,75873.5,"Raw milk of cattle","no"
NA,NA,"Caribbean",NA,"Raw milk","Gross Production Value (constant 2014-2016 thousand US$)","1000 USD",2021,73273.5,"Raw milk of cattle","no"
NA,NA,"Caribbean",NA,"Raw milk","Gross Production Value (constant 2014-2016 thousand US$)","1000 USD",2022,73364.125,"Raw milk of cattle","no"
NA,NA,"Caribbean",NA,"Raw milk","Gross Production Value (constant 2014-2016 thousand US$)","1000 USD",2023,72133.375,"Raw milk of cattle","no"
NA,NA,"Caribbean",NA,"Raw milk","Gross Production Value (constant 2014-2016 thousand I$)","1000 Int$",1992,16639.2,"Raw milk of goats","no"
NA,NA,"Caribbean",NA,"Raw milk","Gross Production Value (constant 2014-2016 thousand I$)","1000 Int$",1993,16718.2,"Raw milk of goats","no"
NA,NA,"Caribbean",NA,"Raw milk","Gross Production Value (constant 2014-2016 thousand I$)","1000 Int$",1994,16796.4,"Raw milk of goats","no"
NA,NA,"Caribbean",NA,"Raw milk","Gross Production Value (constant 2014-2016 thousand I$)","1000 Int$",1995,16878,"Raw milk of goats","no"
NA,NA,"Caribbean",NA,"Raw milk","Gross Production Value (constant 2014-2016 thousand I$)","1000 Int$",1996,17237.8,"Raw milk of goats","no"
NA,NA,"Caribbean",NA,"Raw milk","Gross Production Value (constant 2014-2016 thousand I$)","1000 Int$",1997,17647,"Raw milk of goats","no"
NA,NA,"Caribbean",NA,"Raw milk","Gross Production Value (constant 2014-2016 thousand I$)","1000 Int$",1998,18481.6,"Raw milk of goats","no"
NA,NA,"Caribbean",NA,"Raw milk","Gross Production Value (constant 2014-2016 thousand I$)","1000 Int$",1999,18731.2,"Raw milk of goats","no"
NA,NA,"Caribbean",NA,"Raw milk","Gross Production Value (constant 2014-2016 thousand I$)","1000 Int$",2000,19094,"Raw milk of goats","no"
NA,NA,"Caribbean",NA,"Raw milk","Gross Production Value (constant 2014-2016 thousand I$)","1000 Int$",2001,19394.4,"Raw milk of goats","no"
NA,NA,"Caribbean",NA,"Raw milk","Gross Production Value (constant 2014-2016 thousand I$)","1000 Int$",2002,19695.6,"Raw milk of goats","no"
NA,NA,"Caribbean",NA,"Raw milk","Gross Production Value (constant 2014-2016 thousand I$)","1000 Int$",2003,19781.4,"Raw milk of goats","no"
NA,NA,"Caribbean",NA,"Raw milk","Gross Production Value (constant 2014-2016 thousand I$)","1000 Int$",2004,20247.8,"Raw milk of goats","no"
NA,NA,"Caribbean",NA,"Raw milk","Gross Production Value (constant 2014-2016 thousand I$)","1000 Int$",2005,20280,"Raw milk of goats","no"
NA,NA,"Caribbean",NA,"Raw milk","Gross Production Value (constant 2014-2016 thousand I$)","1000 Int$",2006,20183.4,"Raw milk of goats","no"
NA,NA,"Caribbean",NA,"Raw milk","Gross Production Value (constant 2014-2016 thousand I$)","1000 Int$",2007,20560.4,"Raw milk of goats","no"
NA,NA,"Caribbean",NA,"Raw milk","Gross Production Value (constant 2014-2016 thousand I$)","1000 Int$",2008,20793.6,"Raw milk of goats","no"
NA,NA,"Caribbean",NA,"Raw milk","Gross Production Value (constant 2014-2016 thousand I$)","1000 Int$",2009,21773.8,"Raw milk of goats","no"
NA,NA,"Caribbean",NA,"Raw milk","Gross Production Value (constant 2014-2016 thousand I$)","1000 Int$",2010,21933,"Raw milk of goats","no"
NA,NA,"Caribbean",NA,"Raw milk","Gross Production Value (constant 2014-2016 thousand I$)","1000 Int$",2011,22321.6,"Raw milk of goats","no"
NA,NA,"Caribbean",NA,"Raw milk","Gross Production Value (constant 2014-2016 thousand I$)","1000 Int$",2012,22456.2,"Raw milk of goats","no"
NA,NA,"Caribbean",NA,"Raw milk","Gross Production Value (constant 2014-2016 thousand I$)","1000 Int$",2013,22621.4,"Raw milk of goats","no"
NA,NA,"Caribbean",NA,"Raw milk","Gross Production Value (constant 2014-2016 thousand I$)","1000 Int$",2014,23082.6,"Raw milk of goats","no"
NA,NA,"Caribbean",NA,"Raw milk","Gross Production Value (constant 2014-2016 thousand I$)","1000 Int$",2015,23416,"Raw milk of goats","no"
NA,NA,"Caribbean",NA,"Raw milk","Gross Production Value (constant 2014-2016 thousand I$)","1000 Int$",2016,24194,"Raw milk of goats","no"
NA,NA,"Caribbean",NA,"Raw milk","Gross Production Value (constant 2014-2016 thousand I$)","1000 Int$",2017,23681.2,"Raw milk of goats","no"
NA,NA,"Caribbean",NA,"Raw milk","Gross Production Value (constant 2014-2016 thousand I$)","1000 Int$",2018,22522.8,"Raw milk of goats","no"
NA,NA,"Caribbean",NA,"Raw milk","Gross Production Value (constant 2014-2016 thousand I$)","1000 Int$",2019,22654.4,"Raw milk of goats","no"
NA,NA,"Caribbean",NA,"Raw milk","Gross Production Value (constant 2014-2016 thousand I$)","1000 Int$",2020,22764.4,"Raw milk of goats","no"
NA,NA,"Caribbean",NA,"Raw milk","Gross Production Value (constant 2014-2016 thousand I$)","1000 Int$",2021,23008,"Raw milk of goats","no"
NA,NA,"Caribbean",NA,"Raw milk","Gross Production Value (constant 2014-2016 thousand I$)","1000 Int$",2022,23378.8,"Raw milk of goats","no"
NA,NA,"Caribbean",NA,"Raw milk","Gross Production Value (constant 2014-2016 thousand I$)","1000 Int$",2023,23585.2,"Raw milk of goats","no"
NA,NA,"Caribbean",NA,"Raw milk","Gross Production Value (constant 2014-2016 thousand US$)","1000 USD",1992,0,"Raw milk of goats","no"
NA,NA,"Caribbean",NA,"Raw milk","Gross Production Value (constant 2014-2016 thousand US$)","1000 USD",1993,0,"Raw milk of goats","no"
NA,NA,"Caribbean",NA,"Raw milk","Gross Production Value (constant 2014-2016 thousand US$)","1000 USD",1994,0,"Raw milk of goats","no"
NA,NA,"Caribbean",NA,"Raw milk","Gross Production Value (constant 2014-2016 thousand US$)","1000 USD",1995,0,"Raw milk of goats","no"
NA,NA,"Caribbean",NA,"Raw milk","Gross Production Value (constant 2014-2016 thousand US$)","1000 USD",1996,0,"Raw milk of goats","no"
NA,NA,"Caribbean",NA,"Raw milk","Gross Production Value (constant 2014-2016 thousand US$)","1000 USD",1997,0,"Raw milk of goats","no"
NA,NA,"Caribbean",NA,"Raw milk","Gross Production Value (constant 2014-2016 thousand US$)","1000 USD",1998,0,"Raw milk of goats","no"
NA,NA,"Caribbean",NA,"Raw milk","Gross Production Value (constant 2014-2016 thousand US$)","1000 USD",1999,0,"Raw milk of goats","no"
NA,NA,"Caribbean",NA,"Raw milk","Gross Production Value (constant 2014-2016 thousand US$)","1000 USD",2000,0,"Raw milk of goats","no"
NA,NA,"Caribbean",NA,"Raw milk","Gross Production Value (constant 2014-2016 thousand US$)","1000 USD",2001,0,"Raw milk of goats","no"
NA,NA,"Caribbean",NA,"Raw milk","Gross Production Value (constant 2014-2016 thousand US$)","1000 USD",2002,0,"Raw milk of goats","no"
NA,NA,"Caribbean",NA,"Raw milk","Gross Production Value (constant 2014-2016 thousand US$)","1000 USD",2003,79,"Raw milk of goats","no"
NA,NA,"Caribbean",NA,"Raw milk","Gross Production Value (constant 2014-2016 thousand US$)","1000 USD",2004,92,"Raw milk of goats","no"
NA,NA,"Caribbean",NA,"Raw milk","Gross Production Value (constant 2014-2016 thousand US$)","1000 USD",2005,129,"Raw milk of goats","no"
NA,NA,"Caribbean",NA,"Raw milk","Gross Production Value (constant 2014-2016 thousand US$)","1000 USD",2006,111,"Raw milk of goats","no"
NA,NA,"Caribbean",NA,"Raw milk","Gross Production Value (constant 2014-2016 thousand US$)","1000 USD",2007,111,"Raw milk of goats","no"
NA,NA,"Caribbean",NA,"Raw milk","Gross Production Value (constant 2014-2016 thousand US$)","1000 USD",2008,131,"Raw milk of goats","no"
NA,NA,"Caribbean",NA,"Raw milk","Gross Production Value (constant 2014-2016 thousand US$)","1000 USD",2009,113,"Raw milk of goats","no"
NA,NA,"Caribbean",NA,"Raw milk","Gross Production Value (constant 2014-2016 thousand US$)","1000 USD",2010,113,"Raw milk of goats","no"
NA,NA,"Caribbean",NA,"Raw milk","Gross Production Value (constant 2014-2016 thousand US$)","1000 USD",2011,113,"Raw milk of goats","no"
NA,NA,"Caribbean",NA,"Raw milk","Gross Production Value (constant 2014-2016 thousand US$)","1000 USD",2012,113,"Raw milk of goats","no"
NA,NA,"Caribbean",NA,"Raw milk","Gross Production Value (constant 2014-2016 thousand US$)","1000 USD",2013,113,"Raw milk of goats","no"
NA,NA,"Caribbean",NA,"Raw milk","Gross Production Value (constant 2014-2016 thousand US$)","1000 USD",2014,113,"Raw milk of goats","no"
NA,NA,"Caribbean",NA,"Raw milk","Gross Production Value (constant 2014-2016 thousand US$)","1000 USD",2015,105,"Raw milk of goats","no"
NA,NA,"Caribbean",NA,"Raw milk","Gross Production Value (constant 2014-2016 thousand US$)","1000 USD",2016,108,"Raw milk of goats","no"
NA,NA,"Caribbean",NA,"Raw milk","Gross Production Value (constant 2014-2016 thousand US$)","1000 USD",2017,108,"Raw milk of goats","no"
NA,NA,"Caribbean",NA,"Raw milk","Gross Production Value (constant 2014-2016 thousand US$)","1000 USD",2018,106,"Raw milk of goats","no"
NA,NA,"Caribbean",NA,"Raw milk","Gross Production Value (constant 2014-2016 thousand US$)","1000 USD",2019,106,"Raw milk of goats","no"
NA,NA,"Caribbean",NA,"Raw milk","Gross Production Value (constant 2014-2016 thousand US$)","1000 USD",2020,105,"Raw milk of goats","no"
NA,NA,"Caribbean",NA,"Raw milk","Gross Production Value (constant 2014-2016 thousand US$)","1000 USD",2021,104,"Raw milk of goats","no"
NA,NA,"Caribbean",NA,"Raw milk","Gross Production Value (constant 2014-2016 thousand US$)","1000 USD",2022,104,"Raw milk of goats","no"
NA,NA,"Caribbean",NA,"Raw milk","Gross Production Value (constant 2014-2016 thousand US$)","1000 USD",2023,103,"Raw milk of goats","no"
NA,NA,"Caribbean",NA,"Stimulant, spice and aromatic crops","Gross Production Value (constant 2014-2016 thousand I$)","1000 Int$",1992,70.5,"Chicory roots","no"
NA,NA,"Caribbean",NA,"Stimulant, spice and aromatic crops","Gross Production Value (constant 2014-2016 thousand I$)","1000 Int$",1993,70.5,"Chicory roots","no"
NA,NA,"Caribbean",NA,"Stimulant, spice and aromatic crops","Gross Production Value (constant 2014-2016 thousand I$)","1000 Int$",1994,70.5,"Chicory roots","no"
NA,NA,"Caribbean",NA,"Stimulant, spice and aromatic crops","Gross Production Value (constant 2014-2016 thousand I$)","1000 Int$",1995,70.5,"Chicory roots","no"
NA,NA,"Caribbean",NA,"Stimulant, spice and aromatic crops","Gross Production Value (constant 2014-2016 thousand I$)","1000 Int$",1996,70.5,"Chicory roots","no"
NA,NA,"Caribbean",NA,"Stimulant, spice and aromatic crops","Gross Production Value (constant 2014-2016 thousand I$)","1000 Int$",1997,70.5,"Chicory roots","no"
NA,NA,"Caribbean",NA,"Stimulant, spice and aromatic crops","Gross Production Value (constant 2014-2016 thousand I$)","1000 Int$",1998,70.5,"Chicory roots","no"
NA,NA,"Caribbean",NA,"Stimulant, spice and aromatic crops","Gross Production Value (constant 2014-2016 thousand I$)","1000 Int$",1999,2007,"Chicory roots","no"
NA,NA,"Caribbean",NA,"Stimulant, spice and aromatic crops","Gross Production Value (constant 2014-2016 thousand I$)","1000 Int$",2000,2042.5,"Chicory roots","no"
NA,NA,"Caribbean",NA,"Stimulant, spice and aromatic crops","Gross Production Value (constant 2014-2016 thousand I$)","1000 Int$",2001,2077.5,"Chicory roots","no"
NA,NA,"Caribbean",NA,"Stimulant, spice and aromatic crops","Gross Production Value (constant 2014-2016 thousand I$)","1000 Int$",2002,2113,"Chicory roots","no"
NA,NA,"Caribbean",NA,"Stimulant, spice and aromatic crops","Gross Production Value (constant 2014-2016 thousand I$)","1000 Int$",2003,2144,"Chicory roots","no"
NA,NA,"Caribbean",NA,"Stimulant, spice and aromatic crops","Gross Production Value (constant 2014-2016 thousand I$)","1000 Int$",2004,2155,"Chicory roots","no"
NA,NA,"Caribbean",NA,"Stimulant, spice and aromatic crops","Gross Production Value (constant 2014-2016 thousand I$)","1000 Int$",2005,2104.5,"Chicory roots","no"
NA,NA,"Caribbean",NA,"Stimulant, spice and aromatic crops","Gross Production Value (constant 2014-2016 thousand I$)","1000 Int$",2006,2104.5,"Chicory roots","no"
NA,NA,"Caribbean",NA,"Stimulant, spice and aromatic crops","Gross Production Value (constant 2014-2016 thousand I$)","1000 Int$",2007,2130.5,"Chicory roots","no"
NA,NA,"Caribbean",NA,"Stimulant, spice and aromatic crops","Gross Production Value (constant 2014-2016 thousand I$)","1000 Int$",2008,1737.5,"Chicory roots","no"
NA,NA,"Caribbean",NA,"Stimulant, spice and aromatic crops","Gross Production Value (constant 2014-2016 thousand I$)","1000 Int$",2009,1618.5,"Chicory roots","no"
NA,NA,"Caribbean",NA,"Stimulant, spice and aromatic crops","Gross Production Value (constant 2014-2016 thousand I$)","1000 Int$",2010,1432,"Chicory roots","no"
NA,NA,"Caribbean",NA,"Stimulant, spice and aromatic crops","Gross Production Value (constant 2014-2016 thousand I$)","1000 Int$",2011,1280.5,"Chicory roots","no"
NA,NA,"Caribbean",NA,"Stimulant, spice and aromatic crops","Gross Production Value (constant 2014-2016 thousand I$)","1000 Int$",2012,1129,"Chicory roots","no"
NA,NA,"Caribbean",NA,"Stimulant, spice and aromatic crops","Gross Production Value (constant 2014-2016 thousand I$)","1000 Int$",2013,979,"Chicory roots","no"
NA,NA,"Caribbean",NA,"Stimulant, spice and aromatic crops","Gross Production Value (constant 2014-2016 thousand I$)","1000 Int$",2014,818.5,"Chicory roots","no"
NA,NA,"Caribbean",NA,"Stimulant, spice and aromatic crops","Gross Production Value (constant 2014-2016 thousand I$)","1000 Int$",2015,620,"Chicory roots","no"
NA,NA,"Caribbean",NA,"Stimulant, spice and aromatic crops","Gross Production Value (constant 2014-2016 thousand I$)","1000 Int$",2016,806,"Chicory roots","no"
NA,NA,"Caribbean",NA,"Stimulant, spice and aromatic crops","Gross Production Value (constant 2014-2016 thousand I$)","1000 Int$",2017,781.5,"Chicory roots","no"
NA,NA,"Caribbean",NA,"Stimulant, spice and aromatic crops","Gross Production Value (constant 2014-2016 thousand I$)","1000 Int$",2018,735.5,"Chicory roots","no"
NA,NA,"Caribbean",NA,"Stimulant, spice and aromatic crops","Gross Production Value (constant 2014-2016 thousand I$)","1000 Int$",2019,774.5,"Chicory roots","no"
NA,NA,"Caribbean",NA,"Stimulant, spice and aromatic crops","Gross Production Value (constant 2014-2016 thousand I$)","1000 Int$",2020,763.5,"Chicory roots","no"
NA,NA,"Caribbean",NA,"Stimulant, spice and aromatic crops","Gross Production Value (constant 2014-2016 thousand I$)","1000 Int$",2021,758,"Chicory roots","no"
NA,NA,"Caribbean",NA,"Stimulant, spice and aromatic crops","Gross Production Value (constant 2014-2016 thousand I$)","1000 Int$",2022,765.5,"Chicory roots","no"
NA,NA,"Caribbean",NA,"Stimulant, spice and aromatic crops","Gross Production Value (constant 2014-2016 thousand I$)","1000 Int$",2023,762.5,"Chicory roots","no"
NA,NA,"Caribbean",NA,"Stimulant, spice and aromatic crops","Gross Production Value (constant 2014-2016 thousand US$)","1000 USD",1992,0,"Chicory roots","no"
NA,NA,"Caribbean",NA,"Stimulant, spice and aromatic crops","Gross Production Value (constant 2014-2016 thousand US$)","1000 USD",1993,0,"Chicory roots","no"
NA,NA,"Caribbean",NA,"Stimulant, spice and aromatic crops","Gross Production Value (constant 2014-2016 thousand US$)","1000 USD",1994,0,"Chicory roots","no"
NA,NA,"Caribbean",NA,"Stimulant, spice and aromatic crops","Gross Production Value (constant 2014-2016 thousand US$)","1000 USD",1995,0,"Chicory roots","no"
NA,NA,"Caribbean",NA,"Stimulant, spice and aromatic crops","Gross Production Value (constant 2014-2016 thousand US$)","1000 USD",1996,0,"Chicory roots","no"
NA,NA,"Caribbean",NA,"Stimulant, spice and aromatic crops","Gross Production Value (constant 2014-2016 thousand US$)","1000 USD",1997,0,"Chicory roots","no"
NA,NA,"Caribbean",NA,"Stimulant, spice and aromatic crops","Gross Production Value (constant 2014-2016 thousand US$)","1000 USD",1998,0,"Chicory roots","no"
NA,NA,"Caribbean",NA,"Stimulant, spice and aromatic crops","Gross Production Value (constant 2014-2016 thousand US$)","1000 USD",1999,5359,"Chicory roots","no"
NA,NA,"Caribbean",NA,"Stimulant, spice and aromatic crops","Gross Production Value (constant 2014-2016 thousand US$)","1000 USD",2000,5457,"Chicory roots","no"
NA,NA,"Caribbean",NA,"Stimulant, spice and aromatic crops","Gross Production Value (constant 2014-2016 thousand US$)","1000 USD",2001,5554,"Chicory roots","no"
NA,NA,"Caribbean",NA,"Stimulant, spice and aromatic crops","Gross Production Value (constant 2014-2016 thousand US$)","1000 USD",2002,5651,"Chicory roots","no"
NA,NA,"Caribbean",NA,"Stimulant, spice and aromatic crops","Gross Production Value (constant 2014-2016 thousand US$)","1000 USD",2003,5738,"Chicory roots","no"
NA,NA,"Caribbean",NA,"Stimulant, spice and aromatic crops","Gross Production Value (constant 2014-2016 thousand US$)","1000 USD",2004,5767,"Chicory roots","no"
NA,NA,"Caribbean",NA,"Stimulant, spice and aromatic crops","Gross Production Value (constant 2014-2016 thousand US$)","1000 USD",2005,5628,"Chicory roots","no"
NA,NA,"Caribbean",NA,"Stimulant, spice and aromatic crops","Gross Production Value (constant 2014-2016 thousand US$)","1000 USD",2006,5628,"Chicory roots","no"
NA,NA,"Caribbean",NA,"Stimulant, spice and aromatic crops","Gross Production Value (constant 2014-2016 thousand US$)","1000 USD",2007,5700,"Chicory roots","no"
NA,NA,"Caribbean",NA,"Stimulant, spice and aromatic crops","Gross Production Value (constant 2014-2016 thousand US$)","1000 USD",2008,4612,"Chicory roots","no"
NA,NA,"Caribbean",NA,"Stimulant, spice and aromatic crops","Gross Production Value (constant 2014-2016 thousand US$)","1000 USD",2009,4283,"Chicory roots","no"
NA,NA,"Caribbean",NA,"Stimulant, spice and aromatic crops","Gross Production Value (constant 2014-2016 thousand US$)","1000 USD",2010,3767,"Chicory roots","no"
NA,NA,"Caribbean",NA,"Stimulant, spice and aromatic crops","Gross Production Value (constant 2014-2016 thousand US$)","1000 USD",2011,3349,"Chicory roots","no"
NA,NA,"Caribbean",NA,"Stimulant, spice and aromatic crops","Gross Production Value (constant 2014-2016 thousand US$)","1000 USD",2012,2929,"Chicory roots","no"
NA,NA,"Caribbean",NA,"Stimulant, spice and aromatic crops","Gross Production Value (constant 2014-2016 thousand US$)","1000 USD",2013,2514,"Chicory roots","no"
NA,NA,"Caribbean",NA,"Stimulant, spice and aromatic crops","Gross Production Value (constant 2014-2016 thousand US$)","1000 USD",2014,2070,"Chicory roots","no"
NA,NA,"Caribbean",NA,"Stimulant, spice and aromatic crops","Gross Production Value (constant 2014-2016 thousand US$)","1000 USD",2015,1520,"Chicory roots","no"
NA,NA,"Caribbean",NA,"Stimulant, spice and aromatic crops","Gross Production Value (constant 2014-2016 thousand US$)","1000 USD",2016,2035,"Chicory roots","no"
NA,NA,"Caribbean",NA,"Stimulant, spice and aromatic crops","Gross Production Value (constant 2014-2016 thousand US$)","1000 USD",2017,1967,"Chicory roots","no"
NA,NA,"Caribbean",NA,"Stimulant, spice and aromatic crops","Gross Production Value (constant 2014-2016 thousand US$)","1000 USD",2018,1841,"Chicory roots","no"
NA,NA,"Caribbean",NA,"Stimulant, spice and aromatic crops","Gross Production Value (constant 2014-2016 thousand US$)","1000 USD",2019,1947,"Chicory roots","no"
NA,NA,"Caribbean",NA,"Stimulant, spice and aromatic crops","Gross Production Value (constant 2014-2016 thousand US$)","1000 USD",2020,1918,"Chicory roots","no"
NA,NA,"Caribbean",NA,"Stimulant, spice and aromatic crops","Gross Production Value (constant 2014-2016 thousand US$)","1000 USD",2021,1902,"Chicory roots","no"
NA,NA,"Caribbean",NA,"Stimulant, spice and aromatic crops","Gross Production Value (constant 2014-2016 thousand US$)","1000 USD",2022,1923,"Chicory roots","no"
NA,NA,"Caribbean",NA,"Stimulant, spice and aromatic crops","Gross Production Value (constant 2014-2016 thousand US$)","1000 USD",2023,1914,"Chicory roots","no"
NA,NA,"Caribbean",NA,"Stimulant, spice and aromatic crops","Gross Production Value (constant 2014-2016 thousand I$)","1000 Int$",1992,2228,"Chillies and peppers","no"
NA,NA,"Caribbean",NA,"Stimulant, spice and aromatic crops","Gross Production Value (constant 2014-2016 thousand I$)","1000 Int$",1993,2925.3333333333335,"Chillies and peppers","no"
NA,NA,"Caribbean",NA,"Stimulant, spice and aromatic crops","Gross Production Value (constant 2014-2016 thousand I$)","1000 Int$",1994,3990,"Chillies and peppers","no"
NA,NA,"Caribbean",NA,"Stimulant, spice and aromatic crops","Gross Production Value (constant 2014-2016 thousand I$)","1000 Int$",1995,4279.333333333333,"Chillies and peppers","no"
NA,NA,"Caribbean",NA,"Stimulant, spice and aromatic crops","Gross Production Value (constant 2014-2016 thousand I$)","1000 Int$",1996,4599.333333333333,"Chillies and peppers","no"
NA,NA,"Caribbean",NA,"Stimulant, spice and aromatic crops","Gross Production Value (constant 2014-2016 thousand I$)","1000 Int$",1997,3558.3333333333335,"Chillies and peppers","no"
NA,NA,"Caribbean",NA,"Stimulant, spice and aromatic crops","Gross Production Value (constant 2014-2016 thousand I$)","1000 Int$",1998,3317.6666666666665,"Chillies and peppers","no"
NA,NA,"Caribbean",NA,"Stimulant, spice and aromatic crops","Gross Production Value (constant 2014-2016 thousand I$)","1000 Int$",1999,3241.3333333333335,"Chillies and peppers","no"
NA,NA,"Caribbean",NA,"Stimulant, spice and aromatic crops","Gross Production Value (constant 2014-2016 thousand I$)","1000 Int$",2000,2314.6666666666665,"Chillies and peppers","no"
NA,NA,"Caribbean",NA,"Stimulant, spice and aromatic crops","Gross Production Value (constant 2014-2016 thousand I$)","1000 Int$",2001,2548,"Chillies and peppers","no"
NA,NA,"Caribbean",NA,"Stimulant, spice and aromatic crops","Gross Production Value (constant 2014-2016 thousand I$)","1000 Int$",2002,2313,"Chillies and peppers","no"
NA,NA,"Caribbean",NA,"Stimulant, spice and aromatic crops","Gross Production Value (constant 2014-2016 thousand I$)","1000 Int$",2003,2866,"Chillies and peppers","no"
NA,NA,"Caribbean",NA,"Stimulant, spice and aromatic crops","Gross Production Value (constant 2014-2016 thousand I$)","1000 Int$",2004,2387,"Chillies and peppers","no"
NA,NA,"Caribbean",NA,"Stimulant, spice and aromatic crops","Gross Production Value (constant 2014-2016 thousand I$)","1000 Int$",2005,2922.6666666666665,"Chillies and peppers","no"
NA,NA,"Caribbean",NA,"Stimulant, spice and aromatic crops","Gross Production Value (constant 2014-2016 thousand I$)","1000 Int$",2006,3758.3333333333335,"Chillies and peppers","no"
NA,NA,"Caribbean",NA,"Stimulant, spice and aromatic crops","Gross Production Value (constant 2014-2016 thousand I$)","1000 Int$",2007,3213.3333333333335,"Chillies and peppers","no"
NA,NA,"Caribbean",NA,"Stimulant, spice and aromatic crops","Gross Production Value (constant 2014-2016 thousand I$)","1000 Int$",2008,2603.3333333333335,"Chillies and peppers","no"
NA,NA,"Caribbean",NA,"Stimulant, spice and aromatic crops","Gross Production Value (constant 2014-2016 thousand I$)","1000 Int$",2009,5132.333333333333,"Chillies and peppers","no"
NA,NA,"Caribbean",NA,"Stimulant, spice and aromatic crops","Gross Production Value (constant 2014-2016 thousand I$)","1000 Int$",2010,5441.333333333333,"Chillies and peppers","no"
NA,NA,"Caribbean",NA,"Stimulant, spice and aromatic crops","Gross Production Value (constant 2014-2016 thousand I$)","1000 Int$",2011,6450.333333333333,"Chillies and peppers","no"
NA,NA,"Caribbean",NA,"Stimulant, spice and aromatic crops","Gross Production Value (constant 2014-2016 thousand I$)","1000 Int$",2012,6919,"Chillies and peppers","no"
NA,NA,"Caribbean",NA,"Stimulant, spice and aromatic crops","Gross Production Value (constant 2014-2016 thousand I$)","1000 Int$",2013,7373.333333333333,"Chillies and peppers","no"
NA,NA,"Caribbean",NA,"Stimulant, spice and aromatic crops","Gross Production Value (constant 2014-2016 thousand I$)","1000 Int$",2014,6839,"Chillies and peppers","no"
NA,NA,"Caribbean",NA,"Stimulant, spice and aromatic crops","Gross Production Value (constant 2014-2016 thousand I$)","1000 Int$",2015,6359,"Chillies and peppers","no"
NA,NA,"Caribbean",NA,"Stimulant, spice and aromatic crops","Gross Production Value (constant 2014-2016 thousand I$)","1000 Int$",2016,7785.666666666667,"Chillies and peppers","no"
NA,NA,"Caribbean",NA,"Stimulant, spice and aromatic crops","Gross Production Value (constant 2014-2016 thousand I$)","1000 Int$",2017,7050.666666666667,"Chillies and peppers","no"
NA,NA,"Caribbean",NA,"Stimulant, spice and aromatic crops","Gross Production Value (constant 2014-2016 thousand I$)","1000 Int$",2018,7754,"Chillies and peppers","no"
NA,NA,"Caribbean",NA,"Stimulant, spice and aromatic crops","Gross Production Value (constant 2014-2016 thousand I$)","1000 Int$",2019,8766.666666666666,"Chillies and peppers","no"
NA,NA,"Caribbean",NA,"Stimulant, spice and aromatic crops","Gross Production Value (constant 2014-2016 thousand I$)","1000 Int$",2020,9131.333333333334,"Chillies and peppers","no"
NA,NA,"Caribbean",NA,"Stimulant, spice and aromatic crops","Gross Production Value (constant 2014-2016 thousand I$)","1000 Int$",2021,9609,"Chillies and peppers","no"
NA,NA,"Caribbean",NA,"Stimulant, spice and aromatic crops","Gross Production Value (constant 2014-2016 thousand I$)","1000 Int$",2022,9743.333333333334,"Chillies and peppers","no"
NA,NA,"Caribbean",NA,"Stimulant, spice and aromatic crops","Gross Production Value (constant 2014-2016 thousand I$)","1000 Int$",2023,9469.333333333334,"Chillies and peppers","no"
NA,NA,"Caribbean",NA,"Stimulant, spice and aromatic crops","Gross Production Value (constant 2014-2016 thousand US$)","1000 USD",1992,16449,"Chillies and peppers","no"
NA,NA,"Caribbean",NA,"Stimulant, spice and aromatic crops","Gross Production Value (constant 2014-2016 thousand US$)","1000 USD",1993,21677,"Chillies and peppers","no"
NA,NA,"Caribbean",NA,"Stimulant, spice and aromatic crops","Gross Production Value (constant 2014-2016 thousand US$)","1000 USD",1994,29633,"Chillies and peppers","no"
NA,NA,"Caribbean",NA,"Stimulant, spice and aromatic crops","Gross Production Value (constant 2014-2016 thousand US$)","1000 USD",1995,30587,"Chillies and peppers","no"
NA,NA,"Caribbean",NA,"Stimulant, spice and aromatic crops","Gross Production Value (constant 2014-2016 thousand US$)","1000 USD",1996,32902,"Chillies and peppers","no"
NA,NA,"Caribbean",NA,"Stimulant, spice and aromatic crops","Gross Production Value (constant 2014-2016 thousand US$)","1000 USD",1997,25116,"Chillies and peppers","no"
NA,NA,"Caribbean",NA,"Stimulant, spice and aromatic crops","Gross Production Value (constant 2014-2016 thousand US$)","1000 USD",1998,23701,"Chillies and peppers","no"
NA,NA,"Caribbean",NA,"Stimulant, spice and aromatic crops","Gross Production Value (constant 2014-2016 thousand US$)","1000 USD",1999,23085,"Chillies and peppers","no"
NA,NA,"Caribbean",NA,"Stimulant, spice and aromatic crops","Gross Production Value (constant 2014-2016 thousand US$)","1000 USD",2000,16101,"Chillies and peppers","no"
NA,NA,"Caribbean",NA,"Stimulant, spice and aromatic crops","Gross Production Value (constant 2014-2016 thousand US$)","1000 USD",2001,17871,"Chillies and peppers","no"
NA,NA,"Caribbean",NA,"Stimulant, spice and aromatic crops","Gross Production Value (constant 2014-2016 thousand US$)","1000 USD",2002,16123,"Chillies and peppers","no"
NA,NA,"Caribbean",NA,"Stimulant, spice and aromatic crops","Gross Production Value (constant 2014-2016 thousand US$)","1000 USD",2003,20298,"Chillies and peppers","no"
NA,NA,"Caribbean",NA,"Stimulant, spice and aromatic crops","Gross Production Value (constant 2014-2016 thousand US$)","1000 USD",2004,16725,"Chillies and peppers","no"
NA,NA,"Caribbean",NA,"Stimulant, spice and aromatic crops","Gross Production Value (constant 2014-2016 thousand US$)","1000 USD",2005,20759,"Chillies and peppers","no"
NA,NA,"Caribbean",NA,"Stimulant, spice and aromatic crops","Gross Production Value (constant 2014-2016 thousand US$)","1000 USD",2006,26992,"Chillies and peppers","no"
NA,NA,"Caribbean",NA,"Stimulant, spice and aromatic crops","Gross Production Value (constant 2014-2016 thousand US$)","1000 USD",2007,23930,"Chillies and peppers","no"
NA,NA,"Caribbean",NA,"Stimulant, spice and aromatic crops","Gross Production Value (constant 2014-2016 thousand US$)","1000 USD",2008,19366,"Chillies and peppers","no"
NA,NA,"Caribbean",NA,"Stimulant, spice and aromatic crops","Gross Production Value (constant 2014-2016 thousand US$)","1000 USD",2009,38329,"Chillies and peppers","no"
NA,NA,"Caribbean",NA,"Stimulant, spice and aromatic crops","Gross Production Value (constant 2014-2016 thousand US$)","1000 USD",2010,40655,"Chillies and peppers","no"
NA,NA,"Caribbean",NA,"Stimulant, spice and aromatic crops","Gross Production Value (constant 2014-2016 thousand US$)","1000 USD",2011,48226,"Chillies and peppers","no"
NA,NA,"Caribbean",NA,"Stimulant, spice and aromatic crops","Gross Production Value (constant 2014-2016 thousand US$)","1000 USD",2012,51745,"Chillies and peppers","no"
NA,NA,"Caribbean",NA,"Stimulant, spice and aromatic crops","Gross Production Value (constant 2014-2016 thousand US$)","1000 USD",2013,55159,"Chillies and peppers","no"
NA,NA,"Caribbean",NA,"Stimulant, spice and aromatic crops","Gross Production Value (constant 2014-2016 thousand US$)","1000 USD",2014,51158,"Chillies and peppers","no"
NA,NA,"Caribbean",NA,"Stimulant, spice and aromatic crops","Gross Production Value (constant 2014-2016 thousand US$)","1000 USD",2015,47567,"Chillies and peppers","no"
NA,NA,"Caribbean",NA,"Stimulant, spice and aromatic crops","Gross Production Value (constant 2014-2016 thousand US$)","1000 USD",2016,58290,"Chillies and peppers","no"
NA,NA,"Caribbean",NA,"Stimulant, spice and aromatic crops","Gross Production Value (constant 2014-2016 thousand US$)","1000 USD",2017,52678,"Chillies and peppers","no"
NA,NA,"Caribbean",NA,"Stimulant, spice and aromatic crops","Gross Production Value (constant 2014-2016 thousand US$)","1000 USD",2018,58039,"Chillies and peppers","no"
NA,NA,"Caribbean",NA,"Stimulant, spice and aromatic crops","Gross Production Value (constant 2014-2016 thousand US$)","1000 USD",2019,65687,"Chillies and peppers","no"
NA,NA,"Caribbean",NA,"Stimulant, spice and aromatic crops","Gross Production Value (constant 2014-2016 thousand US$)","1000 USD",2020,68376,"Chillies and peppers","no"
NA,NA,"Caribbean",NA,"Stimulant, spice and aromatic crops","Gross Production Value (constant 2014-2016 thousand US$)","1000 USD",2021,72015,"Chillies and peppers","no"
NA,NA,"Caribbean",NA,"Stimulant, spice and aromatic crops","Gross Production Value (constant 2014-2016 thousand US$)","1000 USD",2022,72994,"Chillies and peppers","no"
NA,NA,"Caribbean",NA,"Stimulant, spice and aromatic crops","Gross Production Value (constant 2014-2016 thousand US$)","1000 USD",2023,70973,"Chillies and peppers","no"
NA,NA,"Caribbean",NA,"Stimulant, spice and aromatic crops","Gross Production Value (constant 2014-2016 thousand I$)","1000 Int$",1992,130.5,"Cinnamon and cinnamon-tree flowers","no"
NA,NA,"Caribbean",NA,"Stimulant, spice and aromatic crops","Gross Production Value (constant 2014-2016 thousand I$)","1000 Int$",1993,140,"Cinnamon and cinnamon-tree flowers","no"
NA,NA,"Caribbean",NA,"Stimulant, spice and aromatic crops","Gross Production Value (constant 2014-2016 thousand I$)","1000 Int$",1994,144.5,"Cinnamon and cinnamon-tree flowers","no"
NA,NA,"Caribbean",NA,"Stimulant, spice and aromatic crops","Gross Production Value (constant 2014-2016 thousand I$)","1000 Int$",1995,148.5,"Cinnamon and cinnamon-tree flowers","no"
NA,NA,"Caribbean",NA,"Stimulant, spice and aromatic crops","Gross Production Value (constant 2014-2016 thousand I$)","1000 Int$",1996,132,"Cinnamon and cinnamon-tree flowers","no"
NA,NA,"Caribbean",NA,"Stimulant, spice and aromatic crops","Gross Production Value (constant 2014-2016 thousand I$)","1000 Int$",1997,152.5,"Cinnamon and cinnamon-tree flowers","no"
NA,NA,"Caribbean",NA,"Stimulant, spice and aromatic crops","Gross Production Value (constant 2014-2016 thousand I$)","1000 Int$",1998,154,"Cinnamon and cinnamon-tree flowers","no"
NA,NA,"Caribbean",NA,"Stimulant, spice and aromatic crops","Gross Production Value (constant 2014-2016 thousand I$)","1000 Int$",1999,155.5,"Cinnamon and cinnamon-tree flowers","no"
NA,NA,"Caribbean",NA,"Stimulant, spice and aromatic crops","Gross Production Value (constant 2014-2016 thousand I$)","1000 Int$",2000,150.5,"Cinnamon and cinnamon-tree flowers","no"
NA,NA,"Caribbean",NA,"Stimulant, spice and aromatic crops","Gross Production Value (constant 2014-2016 thousand I$)","1000 Int$",2001,152.5,"Cinnamon and cinnamon-tree flowers","no"
NA,NA,"Caribbean",NA,"Stimulant, spice and aromatic crops","Gross Production Value (constant 2014-2016 thousand I$)","1000 Int$",2002,154,"Cinnamon and cinnamon-tree flowers","no"
NA,NA,"Caribbean",NA,"Stimulant, spice and aromatic crops","Gross Production Value (constant 2014-2016 thousand I$)","1000 Int$",2003,164.5,"Cinnamon and cinnamon-tree flowers","no"
NA,NA,"Caribbean",NA,"Stimulant, spice and aromatic crops","Gross Production Value (constant 2014-2016 thousand I$)","1000 Int$",2004,151,"Cinnamon and cinnamon-tree flowers","no"
NA,NA,"Caribbean",NA,"Stimulant, spice and aromatic crops","Gross Production Value (constant 2014-2016 thousand I$)","1000 Int$",2005,145,"Cinnamon and cinnamon-tree flowers","no"
NA,NA,"Caribbean",NA,"Stimulant, spice and aromatic crops","Gross Production Value (constant 2014-2016 thousand I$)","1000 Int$",2006,138.5,"Cinnamon and cinnamon-tree flowers","no"
NA,NA,"Caribbean",NA,"Stimulant, spice and aromatic crops","Gross Production Value (constant 2014-2016 thousand I$)","1000 Int$",2007,125.5,"Cinnamon and cinnamon-tree flowers","no"
NA,NA,"Caribbean",NA,"Stimulant, spice and aromatic crops","Gross Production Value (constant 2014-2016 thousand I$)","1000 Int$",2008,140,"Cinnamon and cinnamon-tree flowers","no"
NA,NA,"Caribbean",NA,"Stimulant, spice and aromatic crops","Gross Production Value (constant 2014-2016 thousand I$)","1000 Int$",2009,130.5,"Cinnamon and cinnamon-tree flowers","no"
NA,NA,"Caribbean",NA,"Stimulant, spice and aromatic crops","Gross Production Value (constant 2014-2016 thousand I$)","1000 Int$",2010,141,"Cinnamon and cinnamon-tree flowers","no"
NA,NA,"Caribbean",NA,"Stimulant, spice and aromatic crops","Gross Production Value (constant 2014-2016 thousand I$)","1000 Int$",2011,148,"Cinnamon and cinnamon-tree flowers","no"
NA,NA,"Caribbean",NA,"Stimulant, spice and aromatic crops","Gross Production Value (constant 2014-2016 thousand I$)","1000 Int$",2012,184,"Cinnamon and cinnamon-tree flowers","no"
NA,NA,"Caribbean",NA,"Stimulant, spice and aromatic crops","Gross Production Value (constant 2014-2016 thousand I$)","1000 Int$",2013,150.5,"Cinnamon and cinnamon-tree flowers","no"
NA,NA,"Caribbean",NA,"Stimulant, spice and aromatic crops","Gross Production Value (constant 2014-2016 thousand I$)","1000 Int$",2014,157.5,"Cinnamon and cinnamon-tree flowers","no"
NA,NA,"Caribbean",NA,"Stimulant, spice and aromatic crops","Gross Production Value (constant 2014-2016 thousand I$)","1000 Int$",2015,157,"Cinnamon and cinnamon-tree flowers","no"
NA,NA,"Caribbean",NA,"Stimulant, spice and aromatic crops","Gross Production Value (constant 2014-2016 thousand I$)","1000 Int$",2016,156.5,"Cinnamon and cinnamon-tree flowers","no"
NA,NA,"Caribbean",NA,"Stimulant, spice and aromatic crops","Gross Production Value (constant 2014-2016 thousand I$)","1000 Int$",2017,158,"Cinnamon and cinnamon-tree flowers","no"
NA,NA,"Caribbean",NA,"Stimulant, spice and aromatic crops","Gross Production Value (constant 2014-2016 thousand I$)","1000 Int$",2018,154.5,"Cinnamon and cinnamon-tree flowers","no"
NA,NA,"Caribbean",NA,"Stimulant, spice and aromatic crops","Gross Production Value (constant 2014-2016 thousand I$)","1000 Int$",2019,152.5,"Cinnamon and cinnamon-tree flowers","no"
NA,NA,"Caribbean",NA,"Stimulant, spice and aromatic crops","Gross Production Value (constant 2014-2016 thousand I$)","1000 Int$",2020,154,"Cinnamon and cinnamon-tree flowers","no"
NA,NA,"Caribbean",NA,"Stimulant, spice and aromatic crops","Gross Production Value (constant 2014-2016 thousand I$)","1000 Int$",2021,154,"Cinnamon and cinnamon-tree flowers","no"
NA,NA,"Caribbean",NA,"Stimulant, spice and aromatic crops","Gross Production Value (constant 2014-2016 thousand I$)","1000 Int$",2022,157,"Cinnamon and cinnamon-tree flowers","no"
NA,NA,"Caribbean",NA,"Stimulant, spice and aromatic crops","Gross Production Value (constant 2014-2016 thousand I$)","1000 Int$",2023,158,"Cinnamon and cinnamon-tree flowers","no"
NA,NA,"Caribbean",NA,"Stimulant, spice and aromatic crops","Gross Production Value (constant 2014-2016 thousand I$)","1000 Int$",1992,24,"Cloves","no"
NA,NA,"Caribbean",NA,"Stimulant, spice and aromatic crops","Gross Production Value (constant 2014-2016 thousand I$)","1000 Int$",1993,23,"Cloves","no"
NA,NA,"Caribbean",NA,"Stimulant, spice and aromatic crops","Gross Production Value (constant 2014-2016 thousand I$)","1000 Int$",1994,25,"Cloves","no"
NA,NA,"Caribbean",NA,"Stimulant, spice and aromatic crops","Gross Production Value (constant 2014-2016 thousand I$)","1000 Int$",1995,26,"Cloves","no"
NA,NA,"Caribbean",NA,"Stimulant, spice and aromatic crops","Gross Production Value (constant 2014-2016 thousand I$)","1000 Int$",1996,22,"Cloves","no"
NA,NA,"Caribbean",NA,"Stimulant, spice and aromatic crops","Gross Production Value (constant 2014-2016 thousand I$)","1000 Int$",1997,26,"Cloves","no"
NA,NA,"Caribbean",NA,"Stimulant, spice and aromatic crops","Gross Production Value (constant 2014-2016 thousand I$)","1000 Int$",1998,27,"Cloves","no"
NA,NA,"Caribbean",NA,"Stimulant, spice and aromatic crops","Gross Production Value (constant 2014-2016 thousand I$)","1000 Int$",1999,28,"Cloves","no"
NA,NA,"Caribbean",NA,"Stimulant, spice and aromatic crops","Gross Production Value (constant 2014-2016 thousand I$)","1000 Int$",2000,29,"Cloves","no"
NA,NA,"Caribbean",NA,"Stimulant, spice and aromatic crops","Gross Production Value (constant 2014-2016 thousand I$)","1000 Int$",2001,29,"Cloves","no"
NA,NA,"Caribbean",NA,"Stimulant, spice and aromatic crops","Gross Production Value (constant 2014-2016 thousand I$)","1000 Int$",2002,30,"Cloves","no"
NA,NA,"Caribbean",NA,"Stimulant, spice and aromatic crops","Gross Production Value (constant 2014-2016 thousand I$)","1000 Int$",2003,31,"Cloves","no"
NA,NA,"Caribbean",NA,"Stimulant, spice and aromatic crops","Gross Production Value (constant 2014-2016 thousand I$)","1000 Int$",2004,32,"Cloves","no"
NA,NA,"Caribbean",NA,"Stimulant, spice and aromatic crops","Gross Production Value (constant 2014-2016 thousand I$)","1000 Int$",2005,32,"Cloves","no"
NA,NA,"Caribbean",NA,"Stimulant, spice and aromatic crops","Gross Production Value (constant 2014-2016 thousand I$)","1000 Int$",2006,33,"Cloves","no"
NA,NA,"Caribbean",NA,"Stimulant, spice and aromatic crops","Gross Production Value (constant 2014-2016 thousand I$)","1000 Int$",2007,34,"Cloves","no"
NA,NA,"Caribbean",NA,"Stimulant, spice and aromatic crops","Gross Production Value (constant 2014-2016 thousand I$)","1000 Int$",2008,34,"Cloves","no"
NA,NA,"Caribbean",NA,"Stimulant, spice and aromatic crops","Gross Production Value (constant 2014-2016 thousand I$)","1000 Int$",2009,35,"Cloves","no"
NA,NA,"Caribbean",NA,"Stimulant, spice and aromatic crops","Gross Production Value (constant 2014-2016 thousand I$)","1000 Int$",2010,36,"Cloves","no"
NA,NA,"Caribbean",NA,"Stimulant, spice and aromatic crops","Gross Production Value (constant 2014-2016 thousand I$)","1000 Int$",2011,37,"Cloves","no"
NA,NA,"Caribbean",NA,"Stimulant, spice and aromatic crops","Gross Production Value (constant 2014-2016 thousand I$)","1000 Int$",2012,39,"Cloves","no"
NA,NA,"Caribbean",NA,"Stimulant, spice and aromatic crops","Gross Production Value (constant 2014-2016 thousand I$)","1000 Int$",2013,38,"Cloves","no"
NA,NA,"Caribbean",NA,"Stimulant, spice and aromatic crops","Gross Production Value (constant 2014-2016 thousand I$)","1000 Int$",2014,39,"Cloves","no"
NA,NA,"Caribbean",NA,"Stimulant, spice and aromatic crops","Gross Production Value (constant 2014-2016 thousand I$)","1000 Int$",2015,40,"Cloves","no"
NA,NA,"Caribbean",NA,"Stimulant, spice and aromatic crops","Gross Production Value (constant 2014-2016 thousand I$)","1000 Int$",2016,41,"Cloves","no"
NA,NA,"Caribbean",NA,"Stimulant, spice and aromatic crops","Gross Production Value (constant 2014-2016 thousand I$)","1000 Int$",2017,42,"Cloves","no"
NA,NA,"Caribbean",NA,"Stimulant, spice and aromatic crops","Gross Production Value (constant 2014-2016 thousand I$)","1000 Int$",2018,42,"Cloves","no"
NA,NA,"Caribbean",NA,"Stimulant, spice and aromatic crops","Gross Production Value (constant 2014-2016 thousand I$)","1000 Int$",2019,42,"Cloves","no"
NA,NA,"Caribbean",NA,"Stimulant, spice and aromatic crops","Gross Production Value (constant 2014-2016 thousand I$)","1000 Int$",2020,43,"Cloves","no"
NA,NA,"Caribbean",NA,"Stimulant, spice and aromatic crops","Gross Production Value (constant 2014-2016 thousand I$)","1000 Int$",2021,43,"Cloves","no"
NA,NA,"Caribbean",NA,"Stimulant, spice and aromatic crops","Gross Production Value (constant 2014-2016 thousand I$)","1000 Int$",2022,44,"Cloves","no"
NA,NA,"Caribbean",NA,"Stimulant, spice and aromatic crops","Gross Production Value (constant 2014-2016 thousand I$)","1000 Int$",2023,45,"Cloves","no"
NA,NA,"Caribbean",NA,"Stimulant, spice and aromatic crops","Gross Production Value (constant 2014-2016 thousand I$)","1000 Int$",1992,8257.272727272728,"Cocoa beans","no"
NA,NA,"Caribbean",NA,"Stimulant, spice and aromatic crops","Gross Production Value (constant 2014-2016 thousand I$)","1000 Int$",1993,8967.272727272728,"Cocoa beans","no"
NA,NA,"Caribbean",NA,"Stimulant, spice and aromatic crops","Gross Production Value (constant 2014-2016 thousand I$)","1000 Int$",1994,10113.727272727272,"Cocoa beans","no"
NA,NA,"Caribbean",NA,"Stimulant, spice and aromatic crops","Gross Production Value (constant 2014-2016 thousand I$)","1000 Int$",1995,9933,"Cocoa beans","no"
NA,NA,"Caribbean",NA,"Stimulant, spice and aromatic crops","Gross Production Value (constant 2014-2016 thousand I$)","1000 Int$",1996,10001.636363636364,"Cocoa beans","no"
NA,NA,"Caribbean",NA,"Stimulant, spice and aromatic crops","Gross Production Value (constant 2014-2016 thousand I$)","1000 Int$",1997,8497.90909090909,"Cocoa beans","no"
NA,NA,"Caribbean",NA,"Stimulant, spice and aromatic crops","Gross Production Value (constant 2014-2016 thousand I$)","1000 Int$",1998,9425.09090909091,"Cocoa beans","no"
NA,NA,"Caribbean",NA,"Stimulant, spice and aromatic crops","Gross Production Value (constant 2014-2016 thousand I$)","1000 Int$",1999,4811.545454545455,"Cocoa beans","no"
NA,NA,"Caribbean",NA,"Stimulant, spice and aromatic crops","Gross Production Value (constant 2014-2016 thousand I$)","1000 Int$",2000,6526.727272727273,"Cocoa beans","no"
NA,NA,"Caribbean",NA,"Stimulant, spice and aromatic crops","Gross Production Value (constant 2014-2016 thousand I$)","1000 Int$",2001,7217.727272727273,"Cocoa beans","no"
NA,NA,"Caribbean",NA,"Stimulant, spice and aromatic crops","Gross Production Value (constant 2014-2016 thousand I$)","1000 Int$",2002,7443.272727272727,"Cocoa beans","no"
NA,NA,"Caribbean",NA,"Stimulant, spice and aromatic crops","Gross Production Value (constant 2014-2016 thousand I$)","1000 Int$",2003,7529.636363636364,"Cocoa beans","no"
NA,NA,"Caribbean",NA,"Stimulant, spice and aromatic crops","Gross Production Value (constant 2014-2016 thousand I$)","1000 Int$",2004,7699.727272727273,"Cocoa beans","no"
NA,NA,"Caribbean",NA,"Stimulant, spice and aromatic crops","Gross Production Value (constant 2014-2016 thousand I$)","1000 Int$",2005,5370.636363636364,"Cocoa beans","no"
NA,NA,"Caribbean",NA,"Stimulant, spice and aromatic crops","Gross Production Value (constant 2014-2016 thousand I$)","1000 Int$",2006,7587.363636363636,"Cocoa beans","no"
NA,NA,"Caribbean",NA,"Stimulant, spice and aromatic crops","Gross Production Value (constant 2014-2016 thousand I$)","1000 Int$",2007,7400.090909090909,"Cocoa beans","no"
NA,NA,"Caribbean",NA,"Stimulant, spice and aromatic crops","Gross Production Value (constant 2014-2016 thousand I$)","1000 Int$",2008,7608.818181818182,"Cocoa beans","no"
NA,NA,"Caribbean",NA,"Stimulant, spice and aromatic crops","Gross Production Value (constant 2014-2016 thousand I$)","1000 Int$",2009,9040,"Cocoa beans","no"
NA,NA,"Caribbean",NA,"Stimulant, spice and aromatic crops","Gross Production Value (constant 2014-2016 thousand I$)","1000 Int$",2010,9674.272727272728,"Cocoa beans","no"
NA,NA,"Caribbean",NA,"Stimulant, spice and aromatic crops","Gross Production Value (constant 2014-2016 thousand I$)","1000 Int$",2011,9109.727272727272,"Cocoa beans","no"
NA,NA,"Caribbean",NA,"Stimulant, spice and aromatic crops","Gross Production Value (constant 2014-2016 thousand I$)","1000 Int$",2012,11877.454545454546,"Cocoa beans","no"
NA,NA,"Caribbean",NA,"Stimulant, spice and aromatic crops","Gross Production Value (constant 2014-2016 thousand I$)","1000 Int$",2013,11377.363636363636,"Cocoa beans","no"
NA,NA,"Caribbean",NA,"Stimulant, spice and aromatic crops","Gross Production Value (constant 2014-2016 thousand I$)","1000 Int$",2014,12034.363636363636,"Cocoa beans","no"
NA,NA,"Caribbean",NA,"Stimulant, spice and aromatic crops","Gross Production Value (constant 2014-2016 thousand I$)","1000 Int$",2015,12774.545454545454,"Cocoa beans","no"
NA,NA,"Caribbean",NA,"Stimulant, spice and aromatic crops","Gross Production Value (constant 2014-2016 thousand I$)","1000 Int$",2016,13583.272727272728,"Cocoa beans","no"
NA,NA,"Caribbean",NA,"Stimulant, spice and aromatic crops","Gross Production Value (constant 2014-2016 thousand I$)","1000 Int$",2017,12305.727272727272,"Cocoa beans","no"
NA,NA,"Caribbean",NA,"Stimulant, spice and aromatic crops","Gross Production Value (constant 2014-2016 thousand I$)","1000 Int$",2018,12433,"Cocoa beans","no"
NA,NA,"Caribbean",NA,"Stimulant, spice and aromatic crops","Gross Production Value (constant 2014-2016 thousand I$)","1000 Int$",2019,11308.363636363636,"Cocoa beans","no"
NA,NA,"Caribbean",NA,"Stimulant, spice and aromatic crops","Gross Production Value (constant 2014-2016 thousand I$)","1000 Int$",2020,11167.727272727272,"Cocoa beans","no"
NA,NA,"Caribbean",NA,"Stimulant, spice and aromatic crops","Gross Production Value (constant 2014-2016 thousand I$)","1000 Int$",2021,10167.545454545454,"Cocoa beans","no"
NA,NA,"Caribbean",NA,"Stimulant, spice and aromatic crops","Gross Production Value (constant 2014-2016 thousand I$)","1000 Int$",2022,12687.272727272728,"Cocoa beans","no"
NA,NA,"Caribbean",NA,"Stimulant, spice and aromatic crops","Gross Production Value (constant 2014-2016 thousand I$)","1000 Int$",2023,9615.727272727272,"Cocoa beans","no"
NA,NA,"Caribbean",NA,"Stimulant, spice and aromatic crops","Gross Production Value (constant 2014-2016 thousand US$)","1000 USD",1992,24387.833333333332,"Cocoa beans","no"
NA,NA,"Caribbean",NA,"Stimulant, spice and aromatic crops","Gross Production Value (constant 2014-2016 thousand US$)","1000 USD",1993,26553.166666666668,"Cocoa beans","no"
NA,NA,"Caribbean",NA,"Stimulant, spice and aromatic crops","Gross Production Value (constant 2014-2016 thousand US$)","1000 USD",1994,29942,"Cocoa beans","no"
NA,NA,"Caribbean",NA,"Stimulant, spice and aromatic crops","Gross Production Value (constant 2014-2016 thousand US$)","1000 USD",1995,28871,"Cocoa beans","no"
NA,NA,"Caribbean",NA,"Stimulant, spice and aromatic crops","Gross Production Value (constant 2014-2016 thousand US$)","1000 USD",1996,30508.833333333332,"Cocoa beans","no"
NA,NA,"Caribbean",NA,"Stimulant, spice and aromatic crops","Gross Production Value (constant 2014-2016 thousand US$)","1000 USD",1997,25544,"Cocoa beans","no"
NA,NA,"Caribbean",NA,"Stimulant, spice and aromatic crops","Gross Production Value (constant 2014-2016 thousand US$)","1000 USD",1998,28137.166666666668,"Cocoa beans","no"
NA,NA,"Caribbean",NA,"Stimulant, spice and aromatic crops","Gross Production Value (constant 2014-2016 thousand US$)","1000 USD",1999,12989.166666666666,"Cocoa beans","no"
NA,NA,"Caribbean",NA,"Stimulant, spice and aromatic crops","Gross Production Value (constant 2014-2016 thousand US$)","1000 USD",2000,18342.833333333332,"Cocoa beans","no"
NA,NA,"Caribbean",NA,"Stimulant, spice and aromatic crops","Gross Production Value (constant 2014-2016 thousand US$)","1000 USD",2001,20887.5,"Cocoa beans","no"
NA,NA,"Caribbean",NA,"Stimulant, spice and aromatic crops","Gross Production Value (constant 2014-2016 thousand US$)","1000 USD",2002,21906.333333333332,"Cocoa beans","no"
NA,NA,"Caribbean",NA,"Stimulant, spice and aromatic crops","Gross Production Value (constant 2014-2016 thousand US$)","1000 USD",2003,21920.833333333332,"Cocoa beans","no"
NA,NA,"Caribbean",NA,"Stimulant, spice and aromatic crops","Gross Production Value (constant 2014-2016 thousand US$)","1000 USD",2004,22499.666666666668,"Cocoa beans","no"
NA,NA,"Caribbean",NA,"Stimulant, spice and aromatic crops","Gross Production Value (constant 2014-2016 thousand US$)","1000 USD",2005,14754.166666666666,"Cocoa beans","no"
NA,NA,"Caribbean",NA,"Stimulant, spice and aromatic crops","Gross Production Value (constant 2014-2016 thousand US$)","1000 USD",2006,21656.166666666668,"Cocoa beans","no"
NA,NA,"Caribbean",NA,"Stimulant, spice and aromatic crops","Gross Production Value (constant 2014-2016 thousand US$)","1000 USD",2007,19930,"Cocoa beans","no"
NA,NA,"Caribbean",NA,"Stimulant, spice and aromatic crops","Gross Production Value (constant 2014-2016 thousand US$)","1000 USD",2008,21054.833333333332,"Cocoa beans","no"
NA,NA,"Caribbean",NA,"Stimulant, spice and aromatic crops","Gross Production Value (constant 2014-2016 thousand US$)","1000 USD",2009,25330,"Cocoa beans","no"
NA,NA,"Caribbean",NA,"Stimulant, spice and aromatic crops","Gross Production Value (constant 2014-2016 thousand US$)","1000 USD",2010,26881,"Cocoa beans","no"
NA,NA,"Caribbean",NA,"Stimulant, spice and aromatic crops","Gross Production Value (constant 2014-2016 thousand US$)","1000 USD",2011,24684.166666666668,"Cocoa beans","no"
NA,NA,"Caribbean",NA,"Stimulant, spice and aromatic crops","Gross Production Value (constant 2014-2016 thousand US$)","1000 USD",2012,32886,"Cocoa beans","no"
NA,NA,"Caribbean",NA,"Stimulant, spice and aromatic crops","Gross Production Value (constant 2014-2016 thousand US$)","1000 USD",2013,30896.333333333332,"Cocoa beans","no"
NA,NA,"Caribbean",NA,"Stimulant, spice and aromatic crops","Gross Production Value (constant 2014-2016 thousand US$)","1000 USD",2014,31752.333333333332,"Cocoa beans","no"
NA,NA,"Caribbean",NA,"Stimulant, spice and aromatic crops","Gross Production Value (constant 2014-2016 thousand US$)","1000 USD",2015,33825,"Cocoa beans","no"
NA,NA,"Caribbean",NA,"Stimulant, spice and aromatic crops","Gross Production Value (constant 2014-2016 thousand US$)","1000 USD",2016,36589.666666666664,"Cocoa beans","no"
NA,NA,"Caribbean",NA,"Stimulant, spice and aromatic crops","Gross Production Value (constant 2014-2016 thousand US$)","1000 USD",2017,38787.166666666664,"Cocoa beans","no"
NA,NA,"Caribbean",NA,"Stimulant, spice and aromatic crops","Gross Production Value (constant 2014-2016 thousand US$)","1000 USD",2018,38509.166666666664,"Cocoa beans","no"
NA,NA,"Caribbean",NA,"Stimulant, spice and aromatic crops","Gross Production Value (constant 2014-2016 thousand US$)","1000 USD",2019,34175.166666666664,"Cocoa beans","no"
NA,NA,"Caribbean",NA,"Stimulant, spice and aromatic crops","Gross Production Value (constant 2014-2016 thousand US$)","1000 USD",2020,34660.166666666664,"Cocoa beans","no"
NA,NA,"Caribbean",NA,"Stimulant, spice and aromatic crops","Gross Production Value (constant 2014-2016 thousand US$)","1000 USD",2021,31641.5,"Cocoa beans","no"
NA,NA,"Caribbean",NA,"Stimulant, spice and aromatic crops","Gross Production Value (constant 2014-2016 thousand US$)","1000 USD",2022,39512.166666666664,"Cocoa beans","no"
NA,NA,"Caribbean",NA,"Stimulant, spice and aromatic crops","Gross Production Value (constant 2014-2016 thousand US$)","1000 USD",2023,29453.666666666668,"Cocoa beans","no"
NA,NA,"Caribbean",NA,"Stimulant, spice and aromatic crops","Gross Production Value (constant 2014-2016 thousand I$)","1000 Int$",1992,19823,"Coffee","no"
NA,NA,"Caribbean",NA,"Stimulant, spice and aromatic crops","Gross Production Value (constant 2014-2016 thousand I$)","1000 Int$",1993,20310.454545454544,"Coffee","no"
NA,NA,"Caribbean",NA,"Stimulant, spice and aromatic crops","Gross Production Value (constant 2014-2016 thousand I$)","1000 Int$",1994,18528.454545454544,"Coffee","no"
NA,NA,"Caribbean",NA,"Stimulant, spice and aromatic crops","Gross Production Value (constant 2014-2016 thousand I$)","1000 Int$",1995,19980.636363636364,"Coffee","no"
NA,NA,"Caribbean",NA,"Stimulant, spice and aromatic crops","Gross Production Value (constant 2014-2016 thousand I$)","1000 Int$",1996,20379,"Coffee","no"
NA,NA,"Caribbean",NA,"Stimulant, spice and aromatic crops","Gross Production Value (constant 2014-2016 thousand I$)","1000 Int$",1997,18860,"Coffee","no"
NA,NA,"Caribbean",NA,"Stimulant, spice and aromatic crops","Gross Production Value (constant 2014-2016 thousand I$)","1000 Int$",1998,21616.272727272728,"Coffee","no"
NA,NA,"Caribbean",NA,"Stimulant, spice and aromatic crops","Gross Production Value (constant 2014-2016 thousand I$)","1000 Int$",1999,18033.090909090908,"Coffee","no"
NA,NA,"Caribbean",NA,"Stimulant, spice and aromatic crops","Gross Production Value (constant 2014-2016 thousand I$)","1000 Int$",2000,19683.18181818182,"Coffee","no"
NA,NA,"Caribbean",NA,"Stimulant, spice and aromatic crops","Gross Production Value (constant 2014-2016 thousand I$)","1000 Int$",2001,17411.090909090908,"Coffee","no"
NA,NA,"Caribbean",NA,"Stimulant, spice and aromatic crops","Gross Production Value (constant 2014-2016 thousand I$)","1000 Int$",2002,17122.090909090908,"Coffee","no"
NA,NA,"Caribbean",NA,"Stimulant, spice and aromatic crops","Gross Production Value (constant 2014-2016 thousand I$)","1000 Int$",2003,18158.727272727272,"Coffee","no"
NA,NA,"Caribbean",NA,"Stimulant, spice and aromatic crops","Gross Production Value (constant 2014-2016 thousand I$)","1000 Int$",2004,17632.636363636364,"Coffee","no"
NA,NA,"Caribbean",NA,"Stimulant, spice and aromatic crops","Gross Production Value (constant 2014-2016 thousand I$)","1000 Int$",2005,19705.363636363636,"Coffee","no"
NA,NA,"Caribbean",NA,"Stimulant, spice and aromatic crops","Gross Production Value (constant 2014-2016 thousand I$)","1000 Int$",2006,20063.727272727272,"Coffee","no"
NA,NA,"Caribbean",NA,"Stimulant, spice and aromatic crops","Gross Production Value (constant 2014-2016 thousand I$)","1000 Int$",2007,23557.18181818182,"Coffee","no"
NA,NA,"Caribbean",NA,"Stimulant, spice and aromatic crops","Gross Production Value (constant 2014-2016 thousand I$)","1000 Int$",2008,17642.18181818182,"Coffee","no"
NA,NA,"Caribbean",NA,"Stimulant, spice and aromatic crops","Gross Production Value (constant 2014-2016 thousand I$)","1000 Int$",2009,16366.454545454546,"Coffee","no"
NA,NA,"Caribbean",NA,"Stimulant, spice and aromatic crops","Gross Production Value (constant 2014-2016 thousand I$)","1000 Int$",2010,12680.363636363636,"Coffee","no"
NA,NA,"Caribbean",NA,"Stimulant, spice and aromatic crops","Gross Production Value (constant 2014-2016 thousand I$)","1000 Int$",2011,12990.90909090909,"Coffee","no"
NA,NA,"Caribbean",NA,"Stimulant, spice and aromatic crops","Gross Production Value (constant 2014-2016 thousand I$)","1000 Int$",2012,13020.181818181818,"Coffee","no"
NA,NA,"Caribbean",NA,"Stimulant, spice and aromatic crops","Gross Production Value (constant 2014-2016 thousand I$)","1000 Int$",2013,9551.181818181818,"Coffee","no"
NA,NA,"Caribbean",NA,"Stimulant, spice and aromatic crops","Gross Production Value (constant 2014-2016 thousand I$)","1000 Int$",2014,6950.454545454545,"Coffee","no"
NA,NA,"Caribbean",NA,"Stimulant, spice and aromatic crops","Gross Production Value (constant 2014-2016 thousand I$)","1000 Int$",2015,5826.363636363636,"Coffee","no"
NA,NA,"Caribbean",NA,"Stimulant, spice and aromatic crops","Gross Production Value (constant 2014-2016 thousand I$)","1000 Int$",2016,6613.181818181818,"Coffee","no"
NA,NA,"Caribbean",NA,"Stimulant, spice and aromatic crops","Gross Production Value (constant 2014-2016 thousand I$)","1000 Int$",2017,6701.272727272727,"Coffee","no"
NA,NA,"Caribbean",NA,"Stimulant, spice and aromatic crops","Gross Production Value (constant 2014-2016 thousand I$)","1000 Int$",2018,7523.272727272727,"Coffee","no"
NA,NA,"Caribbean",NA,"Stimulant, spice and aromatic crops","Gross Production Value (constant 2014-2016 thousand I$)","1000 Int$",2019,6822.545454545455,"Coffee","no"
NA,NA,"Caribbean",NA,"Stimulant, spice and aromatic crops","Gross Production Value (constant 2014-2016 thousand I$)","1000 Int$",2020,6997.818181818182,"Coffee","no"
NA,NA,"Caribbean",NA,"Stimulant, spice and aromatic crops","Gross Production Value (constant 2014-2016 thousand I$)","1000 Int$",2021,7615.181818181818,"Coffee","no"
NA,NA,"Caribbean",NA,"Stimulant, spice and aromatic crops","Gross Production Value (constant 2014-2016 thousand I$)","1000 Int$",2022,8018.818181818182,"Coffee","no"
NA,NA,"Caribbean",NA,"Stimulant, spice and aromatic crops","Gross Production Value (constant 2014-2016 thousand I$)","1000 Int$",2023,8658.727272727272,"Coffee","no"
NA,NA,"Caribbean",NA,"Stimulant, spice and aromatic crops","Gross Production Value (constant 2014-2016 thousand US$)","1000 USD",1992,48511.25,"Coffee","no"
NA,NA,"Caribbean",NA,"Stimulant, spice and aromatic crops","Gross Production Value (constant 2014-2016 thousand US$)","1000 USD",1993,48859.25,"Coffee","no"
NA,NA,"Caribbean",NA,"Stimulant, spice and aromatic crops","Gross Production Value (constant 2014-2016 thousand US$)","1000 USD",1994,42134.5,"Coffee","no"
NA,NA,"Caribbean",NA,"Stimulant, spice and aromatic crops","Gross Production Value (constant 2014-2016 thousand US$)","1000 USD",1995,48900.75,"Coffee","no"
NA,NA,"Caribbean",NA,"Stimulant, spice and aromatic crops","Gross Production Value (constant 2014-2016 thousand US$)","1000 USD",1996,51822,"Coffee","no"
NA,NA,"Caribbean",NA,"Stimulant, spice and aromatic crops","Gross Production Value (constant 2014-2016 thousand US$)","1000 USD",1997,41751,"Coffee","no"
NA,NA,"Caribbean",NA,"Stimulant, spice and aromatic crops","Gross Production Value (constant 2014-2016 thousand US$)","1000 USD",1998,59337,"Coffee","no"
NA,NA,"Caribbean",NA,"Stimulant, spice and aromatic crops","Gross Production Value (constant 2014-2016 thousand US$)","1000 USD",1999,35282.25,"Coffee","no"
NA,NA,"Caribbean",NA,"Stimulant, spice and aromatic crops","Gross Production Value (constant 2014-2016 thousand US$)","1000 USD",2000,44652,"Coffee","no"
NA,NA,"Caribbean",NA,"Stimulant, spice and aromatic crops","Gross Production Value (constant 2014-2016 thousand US$)","1000 USD",2001,38493.75,"Coffee","no"
NA,NA,"Caribbean",NA,"Stimulant, spice and aromatic crops","Gross Production Value (constant 2014-2016 thousand US$)","1000 USD",2002,38212.5,"Coffee","no"
NA,NA,"Caribbean",NA,"Stimulant, spice and aromatic crops","Gross Production Value (constant 2014-2016 thousand US$)","1000 USD",2003,40727,"Coffee","no"
NA,NA,"Caribbean",NA,"Stimulant, spice and aromatic crops","Gross Production Value (constant 2014-2016 thousand US$)","1000 USD",2004,40203.75,"Coffee","no"
NA,NA,"Caribbean",NA,"Stimulant, spice and aromatic crops","Gross Production Value (constant 2014-2016 thousand US$)","1000 USD",2005,44335,"Coffee","no"
NA,NA,"Caribbean",NA,"Stimulant, spice and aromatic crops","Gross Production Value (constant 2014-2016 thousand US$)","1000 USD",2006,46381.25,"Coffee","no"
NA,NA,"Caribbean",NA,"Stimulant, spice and aromatic crops","Gross Production Value (constant 2014-2016 thousand US$)","1000 USD",2007,46939,"Coffee","no"
NA,NA,"Caribbean",NA,"Stimulant, spice and aromatic crops","Gross Production Value (constant 2014-2016 thousand US$)","1000 USD",2008,39278.25,"Coffee","no"
NA,NA,"Caribbean",NA,"Stimulant, spice and aromatic crops","Gross Production Value (constant 2014-2016 thousand US$)","1000 USD",2009,42456.25,"Coffee","no"
NA,NA,"Caribbean",NA,"Stimulant, spice and aromatic crops","Gross Production Value (constant 2014-2016 thousand US$)","1000 USD",2010,28893.5,"Coffee","no"
NA,NA,"Caribbean",NA,"Stimulant, spice and aromatic crops","Gross Production Value (constant 2014-2016 thousand US$)","1000 USD",2011,28432.75,"Coffee","no"
NA,NA,"Caribbean",NA,"Stimulant, spice and aromatic crops","Gross Production Value (constant 2014-2016 thousand US$)","1000 USD",2012,30662.75,"Coffee","no"
NA,NA,"Caribbean",NA,"Stimulant, spice and aromatic crops","Gross Production Value (constant 2014-2016 thousand US$)","1000 USD",2013,23719.75,"Coffee","no"
NA,NA,"Caribbean",NA,"Stimulant, spice and aromatic crops","Gross Production Value (constant 2014-2016 thousand US$)","1000 USD",2014,18734.75,"Coffee","no"
NA,NA,"Caribbean",NA,"Stimulant, spice and aromatic crops","Gross Production Value (constant 2014-2016 thousand US$)","1000 USD",2015,14872.5,"Coffee","no"
NA,NA,"Caribbean",NA,"Stimulant, spice and aromatic crops","Gross Production Value (constant 2014-2016 thousand US$)","1000 USD",2016,16953,"Coffee","no"
NA,NA,"Caribbean",NA,"Stimulant, spice and aromatic crops","Gross Production Value (constant 2014-2016 thousand US$)","1000 USD",2017,16985.5,"Coffee","no"
NA,NA,"Caribbean",NA,"Stimulant, spice and aromatic crops","Gross Production Value (constant 2014-2016 thousand US$)","1000 USD",2018,18570.25,"Coffee","no"
NA,NA,"Caribbean",NA,"Stimulant, spice and aromatic crops","Gross Production Value (constant 2014-2016 thousand US$)","1000 USD",2019,16370.75,"Coffee","no"
NA,NA,"Caribbean",NA,"Stimulant, spice and aromatic crops","Gross Production Value (constant 2014-2016 thousand US$)","1000 USD",2020,17287.75,"Coffee","no"
NA,NA,"Caribbean",NA,"Stimulant, spice and aromatic crops","Gross Production Value (constant 2014-2016 thousand US$)","1000 USD",2021,18207.75,"Coffee","no"
NA,NA,"Caribbean",NA,"Stimulant, spice and aromatic crops","Gross Production Value (constant 2014-2016 thousand US$)","1000 USD",2022,21968.25,"Coffee","no"
NA,NA,"Caribbean",NA,"Stimulant, spice and aromatic crops","Gross Production Value (constant 2014-2016 thousand US$)","1000 USD",2023,23601,"Coffee","no"
NA,NA,"Caribbean",NA,"Stimulant, spice and aromatic crops","Gross Production Value (constant 2014-2016 thousand I$)","1000 Int$",1992,267.42857142857144,"Ginger","no"
NA,NA,"Caribbean",NA,"Stimulant, spice and aromatic crops","Gross Production Value (constant 2014-2016 thousand I$)","1000 Int$",1993,263.7142857142857,"Ginger","no"
NA,NA,"Caribbean",NA,"Stimulant, spice and aromatic crops","Gross Production Value (constant 2014-2016 thousand I$)","1000 Int$",1994,273.14285714285717,"Ginger","no"
NA,NA,"Caribbean",NA,"Stimulant, spice and aromatic crops","Gross Production Value (constant 2014-2016 thousand I$)","1000 Int$",1995,229.28571428571428,"Ginger","no"
NA,NA,"Caribbean",NA,"Stimulant, spice and aromatic crops","Gross Production Value (constant 2014-2016 thousand I$)","1000 Int$",1996,251.28571428571428,"Ginger","no"
NA,NA,"Caribbean",NA,"Stimulant, spice and aromatic crops","Gross Production Value (constant 2014-2016 thousand I$)","1000 Int$",1997,236.14285714285714,"Ginger","no"
NA,NA,"Caribbean",NA,"Stimulant, spice and aromatic crops","Gross Production Value (constant 2014-2016 thousand I$)","1000 Int$",1998,203.85714285714286,"Ginger","no"
NA,NA,"Caribbean",NA,"Stimulant, spice and aromatic crops","Gross Production Value (constant 2014-2016 thousand I$)","1000 Int$",1999,193.57142857142858,"Ginger","no"
NA,NA,"Caribbean",NA,"Stimulant, spice and aromatic crops","Gross Production Value (constant 2014-2016 thousand I$)","1000 Int$",2000,169.42857142857142,"Ginger","no"
NA,NA,"Caribbean",NA,"Stimulant, spice and aromatic crops","Gross Production Value (constant 2014-2016 thousand I$)","1000 Int$",2001,188.28571428571428,"Ginger","no"
NA,NA,"Caribbean",NA,"Stimulant, spice and aromatic crops","Gross Production Value (constant 2014-2016 thousand I$)","1000 Int$",2002,175.14285714285714,"Ginger","no"
NA,NA,"Caribbean",NA,"Stimulant, spice and aromatic crops","Gross Production Value (constant 2014-2016 thousand I$)","1000 Int$",2003,204.85714285714286,"Ginger","no"
NA,NA,"Caribbean",NA,"Stimulant, spice and aromatic crops","Gross Production Value (constant 2014-2016 thousand I$)","1000 Int$",2004,186.28571428571428,"Ginger","no"
NA,NA,"Caribbean",NA,"Stimulant, spice and aromatic crops","Gross Production Value (constant 2014-2016 thousand I$)","1000 Int$",2005,232,"Ginger","no"
NA,NA,"Caribbean",NA,"Stimulant, spice and aromatic crops","Gross Production Value (constant 2014-2016 thousand I$)","1000 Int$",2006,168.57142857142858,"Ginger","no"
NA,NA,"Caribbean",NA,"Stimulant, spice and aromatic crops","Gross Production Value (constant 2014-2016 thousand I$)","1000 Int$",2007,163.71428571428572,"Ginger","no"
NA,NA,"Caribbean",NA,"Stimulant, spice and aromatic crops","Gross Production Value (constant 2014-2016 thousand I$)","1000 Int$",2008,183,"Ginger","no"
NA,NA,"Caribbean",NA,"Stimulant, spice and aromatic crops","Gross Production Value (constant 2014-2016 thousand I$)","1000 Int$",2009,258.2857142857143,"Ginger","no"
NA,NA,"Caribbean",NA,"Stimulant, spice and aromatic crops","Gross Production Value (constant 2014-2016 thousand I$)","1000 Int$",2010,202.85714285714286,"Ginger","no"
NA,NA,"Caribbean",NA,"Stimulant, spice and aromatic crops","Gross Production Value (constant 2014-2016 thousand I$)","1000 Int$",2011,224,"Ginger","no"
NA,NA,"Caribbean",NA,"Stimulant, spice and aromatic crops","Gross Production Value (constant 2014-2016 thousand I$)","1000 Int$",2012,308.2857142857143,"Ginger","no"
NA,NA,"Caribbean",NA,"Stimulant, spice and aromatic crops","Gross Production Value (constant 2014-2016 thousand I$)","1000 Int$",2013,311.7142857142857,"Ginger","no"
NA,NA,"Caribbean",NA,"Stimulant, spice and aromatic crops","Gross Production Value (constant 2014-2016 thousand I$)","1000 Int$",2014,357.14285714285717,"Ginger","no"
NA,NA,"Caribbean",NA,"Stimulant, spice and aromatic crops","Gross Production Value (constant 2014-2016 thousand I$)","1000 Int$",2015,360.14285714285717,"Ginger","no"
NA,NA,"Caribbean",NA,"Stimulant, spice and aromatic crops","Gross Production Value (constant 2014-2016 thousand I$)","1000 Int$",2016,316.7142857142857,"Ginger","no"
NA,NA,"Caribbean",NA,"Stimulant, spice and aromatic crops","Gross Production Value (constant 2014-2016 thousand I$)","1000 Int$",2017,194,"Ginger","no"
NA,NA,"Caribbean",NA,"Stimulant, spice and aromatic crops","Gross Production Value (constant 2014-2016 thousand I$)","1000 Int$",2018,197.14285714285714,"Ginger","no"
NA,NA,"Caribbean",NA,"Stimulant, spice and aromatic crops","Gross Production Value (constant 2014-2016 thousand I$)","1000 Int$",2019,185.85714285714286,"Ginger","no"
NA,NA,"Caribbean",NA,"Stimulant, spice and aromatic crops","Gross Production Value (constant 2014-2016 thousand I$)","1000 Int$",2020,225,"Ginger","no"
NA,NA,"Caribbean",NA,"Stimulant, spice and aromatic crops","Gross Production Value (constant 2014-2016 thousand I$)","1000 Int$",2021,234.71428571428572,"Ginger","no"
NA,NA,"Caribbean",NA,"Stimulant, spice and aromatic crops","Gross Production Value (constant 2014-2016 thousand I$)","1000 Int$",2022,276.85714285714283,"Ginger","no"
NA,NA,"Caribbean",NA,"Stimulant, spice and aromatic crops","Gross Production Value (constant 2014-2016 thousand I$)","1000 Int$",2023,214.28571428571428,"Ginger","no"
NA,NA,"Caribbean",NA,"Stimulant, spice and aromatic crops","Gross Production Value (constant 2014-2016 thousand US$)","1000 USD",1992,495.6666666666667,"Ginger","no"
NA,NA,"Caribbean",NA,"Stimulant, spice and aromatic crops","Gross Production Value (constant 2014-2016 thousand US$)","1000 USD",1993,488.6666666666667,"Ginger","no"
NA,NA,"Caribbean",NA,"Stimulant, spice and aromatic crops","Gross Production Value (constant 2014-2016 thousand US$)","1000 USD",1994,506.8333333333333,"Ginger","no"
NA,NA,"Caribbean",NA,"Stimulant, spice and aromatic crops","Gross Production Value (constant 2014-2016 thousand US$)","1000 USD",1995,419.1666666666667,"Ginger","no"
NA,NA,"Caribbean",NA,"Stimulant, spice and aromatic crops","Gross Production Value (constant 2014-2016 thousand US$)","1000 USD",1996,459.8333333333333,"Ginger","no"
NA,NA,"Caribbean",NA,"Stimulant, spice and aromatic crops","Gross Production Value (constant 2014-2016 thousand US$)","1000 USD",1997,427.6666666666667,"Ginger","no"
NA,NA,"Caribbean",NA,"Stimulant, spice and aromatic crops","Gross Production Value (constant 2014-2016 thousand US$)","1000 USD",1998,365.5,"Ginger","no"
NA,NA,"Caribbean",NA,"Stimulant, spice and aromatic crops","Gross Production Value (constant 2014-2016 thousand US$)","1000 USD",1999,366.8333333333333,"Ginger","no"
NA,NA,"Caribbean",NA,"Stimulant, spice and aromatic crops","Gross Production Value (constant 2014-2016 thousand US$)","1000 USD",2000,308,"Ginger","no"
NA,NA,"Caribbean",NA,"Stimulant, spice and aromatic crops","Gross Production Value (constant 2014-2016 thousand US$)","1000 USD",2001,434.3333333333333,"Ginger","no"
NA,NA,"Caribbean",NA,"Stimulant, spice and aromatic crops","Gross Production Value (constant 2014-2016 thousand US$)","1000 USD",2002,377.5,"Ginger","no"
NA,NA,"Caribbean",NA,"Stimulant, spice and aromatic crops","Gross Production Value (constant 2014-2016 thousand US$)","1000 USD",2003,431.3333333333333,"Ginger","no"
NA,NA,"Caribbean",NA,"Stimulant, spice and aromatic crops","Gross Production Value (constant 2014-2016 thousand US$)","1000 USD",2004,400,"Ginger","no"
NA,NA,"Caribbean",NA,"Stimulant, spice and aromatic crops","Gross Production Value (constant 2014-2016 thousand US$)","1000 USD",2005,527.1666666666666,"Ginger","no"
NA,NA,"Caribbean",NA,"Stimulant, spice and aromatic crops","Gross Production Value (constant 2014-2016 thousand US$)","1000 USD",2006,438.8333333333333,"Ginger","no"
NA,NA,"Caribbean",NA,"Stimulant, spice and aromatic crops","Gross Production Value (constant 2014-2016 thousand US$)","1000 USD",2007,479.5,"Ginger","no"
NA,NA,"Caribbean",NA,"Stimulant, spice and aromatic crops","Gross Production Value (constant 2014-2016 thousand US$)","1000 USD",2008,548.5,"Ginger","no"
NA,NA,"Caribbean",NA,"Stimulant, spice and aromatic crops","Gross Production Value (constant 2014-2016 thousand US$)","1000 USD",2009,709.6666666666666,"Ginger","no"
NA,NA,"Caribbean",NA,"Stimulant, spice and aromatic crops","Gross Production Value (constant 2014-2016 thousand US$)","1000 USD",2010,656.5,"Ginger","no"
NA,NA,"Caribbean",NA,"Stimulant, spice and aromatic crops","Gross Production Value (constant 2014-2016 thousand US$)","1000 USD",2011,716.1666666666666,"Ginger","no"
NA,NA,"Caribbean",NA,"Stimulant, spice and aromatic crops","Gross Production Value (constant 2014-2016 thousand US$)","1000 USD",2012,956.5,"Ginger","no"
NA,NA,"Caribbean",NA,"Stimulant, spice and aromatic crops","Gross Production Value (constant 2014-2016 thousand US$)","1000 USD",2013,1046,"Ginger","no"
NA,NA,"Caribbean",NA,"Stimulant, spice and aromatic crops","Gross Production Value (constant 2014-2016 thousand US$)","1000 USD",2014,1208.8333333333333,"Ginger","no"
NA,NA,"Caribbean",NA,"Stimulant, spice and aromatic crops","Gross Production Value (constant 2014-2016 thousand US$)","1000 USD",2015,1112.5,"Ginger","no"
NA,NA,"Caribbean",NA,"Stimulant, spice and aromatic crops","Gross Production Value (constant 2014-2016 thousand US$)","1000 USD",2016,1229.8333333333333,"Ginger","no"
NA,NA,"Caribbean",NA,"Stimulant, spice and aromatic crops","Gross Production Value (constant 2014-2016 thousand US$)","1000 USD",2017,385.5,"Ginger","no"
NA,NA,"Caribbean",NA,"Stimulant, spice and aromatic crops","Gross Production Value (constant 2014-2016 thousand US$)","1000 USD",2018,381.1666666666667,"Ginger","no"
NA,NA,"Caribbean",NA,"Stimulant, spice and aromatic crops","Gross Production Value (constant 2014-2016 thousand US$)","1000 USD",2019,336.5,"Ginger","no"
NA,NA,"Caribbean",NA,"Stimulant, spice and aromatic crops","Gross Production Value (constant 2014-2016 thousand US$)","1000 USD",2020,438.3333333333333,"Ginger","no"
NA,NA,"Caribbean",NA,"Stimulant, spice and aromatic crops","Gross Production Value (constant 2014-2016 thousand US$)","1000 USD",2021,452.3333333333333,"Ginger","no"
NA,NA,"Caribbean",NA,"Stimulant, spice and aromatic crops","Gross Production Value (constant 2014-2016 thousand US$)","1000 USD",2022,634.3333333333334,"Ginger","no"
NA,NA,"Caribbean",NA,"Stimulant, spice and aromatic crops","Gross Production Value (constant 2014-2016 thousand US$)","1000 USD",2023,391.6666666666667,"Ginger","no"
NA,NA,"Caribbean",NA,"Stimulant, spice and aromatic crops","Gross Production Value (constant 2014-2016 thousand I$)","1000 Int$",1992,1699,"Nutmeg, mace, cardamoms","no"
NA,NA,"Caribbean",NA,"Stimulant, spice and aromatic crops","Gross Production Value (constant 2014-2016 thousand I$)","1000 Int$",1993,2074,"Nutmeg, mace, cardamoms","no"
NA,NA,"Caribbean",NA,"Stimulant, spice and aromatic crops","Gross Production Value (constant 2014-2016 thousand I$)","1000 Int$",1994,2388.6,"Nutmeg, mace, cardamoms","no"
NA,NA,"Caribbean",NA,"Stimulant, spice and aromatic crops","Gross Production Value (constant 2014-2016 thousand I$)","1000 Int$",1995,1895.2,"Nutmeg, mace, cardamoms","no"
NA,NA,"Caribbean",NA,"Stimulant, spice and aromatic crops","Gross Production Value (constant 2014-2016 thousand I$)","1000 Int$",1996,2065.8,"Nutmeg, mace, cardamoms","no"
NA,NA,"Caribbean",NA,"Stimulant, spice and aromatic crops","Gross Production Value (constant 2014-2016 thousand I$)","1000 Int$",1997,2323.4,"Nutmeg, mace, cardamoms","no"
NA,NA,"Caribbean",NA,"Stimulant, spice and aromatic crops","Gross Production Value (constant 2014-2016 thousand I$)","1000 Int$",1998,2162.6,"Nutmeg, mace, cardamoms","no"
NA,NA,"Caribbean",NA,"Stimulant, spice and aromatic crops","Gross Production Value (constant 2014-2016 thousand I$)","1000 Int$",1999,2510,"Nutmeg, mace, cardamoms","no"
NA,NA,"Caribbean",NA,"Stimulant, spice and aromatic crops","Gross Production Value (constant 2014-2016 thousand I$)","1000 Int$",2000,2413.6,"Nutmeg, mace, cardamoms","no"
NA,NA,"Caribbean",NA,"Stimulant, spice and aromatic crops","Gross Production Value (constant 2014-2016 thousand I$)","1000 Int$",2001,2091.4,"Nutmeg, mace, cardamoms","no"
NA,NA,"Caribbean",NA,"Stimulant, spice and aromatic crops","Gross Production Value (constant 2014-2016 thousand I$)","1000 Int$",2002,2858.4,"Nutmeg, mace, cardamoms","no"
NA,NA,"Caribbean",NA,"Stimulant, spice and aromatic crops","Gross Production Value (constant 2014-2016 thousand I$)","1000 Int$",2003,2293.2,"Nutmeg, mace, cardamoms","no"
NA,NA,"Caribbean",NA,"Stimulant, spice and aromatic crops","Gross Production Value (constant 2014-2016 thousand I$)","1000 Int$",2004,2520,"Nutmeg, mace, cardamoms","no"
NA,NA,"Caribbean",NA,"Stimulant, spice and aromatic crops","Gross Production Value (constant 2014-2016 thousand I$)","1000 Int$",2005,364.4,"Nutmeg, mace, cardamoms","no"
NA,NA,"Caribbean",NA,"Stimulant, spice and aromatic crops","Gross Production Value (constant 2014-2016 thousand I$)","1000 Int$",2006,465.2,"Nutmeg, mace, cardamoms","no"
NA,NA,"Caribbean",NA,"Stimulant, spice and aromatic crops","Gross Production Value (constant 2014-2016 thousand I$)","1000 Int$",2007,542.4,"Nutmeg, mace, cardamoms","no"
NA,NA,"Caribbean",NA,"Stimulant, spice and aromatic crops","Gross Production Value (constant 2014-2016 thousand I$)","1000 Int$",2008,550.2,"Nutmeg, mace, cardamoms","no"
NA,NA,"Caribbean",NA,"Stimulant, spice and aromatic crops","Gross Production Value (constant 2014-2016 thousand I$)","1000 Int$",2009,665.4,"Nutmeg, mace, cardamoms","no"
NA,NA,"Caribbean",NA,"Stimulant, spice and aromatic crops","Gross Production Value (constant 2014-2016 thousand I$)","1000 Int$",2010,849.4,"Nutmeg, mace, cardamoms","no"
NA,NA,"Caribbean",NA,"Stimulant, spice and aromatic crops","Gross Production Value (constant 2014-2016 thousand I$)","1000 Int$",2011,833.6,"Nutmeg, mace, cardamoms","no"
NA,NA,"Caribbean",NA,"Stimulant, spice and aromatic crops","Gross Production Value (constant 2014-2016 thousand I$)","1000 Int$",2012,794.6,"Nutmeg, mace, cardamoms","no"
NA,NA,"Caribbean",NA,"Stimulant, spice and aromatic crops","Gross Production Value (constant 2014-2016 thousand I$)","1000 Int$",2013,801.2,"Nutmeg, mace, cardamoms","no"
NA,NA,"Caribbean",NA,"Stimulant, spice and aromatic crops","Gross Production Value (constant 2014-2016 thousand I$)","1000 Int$",2014,902.6,"Nutmeg, mace, cardamoms","no"
NA,NA,"Caribbean",NA,"Stimulant, spice and aromatic crops","Gross Production Value (constant 2014-2016 thousand I$)","1000 Int$",2015,938.6,"Nutmeg, mace, cardamoms","no"
NA,NA,"Caribbean",NA,"Stimulant, spice and aromatic crops","Gross Production Value (constant 2014-2016 thousand I$)","1000 Int$",2016,853.6,"Nutmeg, mace, cardamoms","no"
NA,NA,"Caribbean",NA,"Stimulant, spice and aromatic crops","Gross Production Value (constant 2014-2016 thousand I$)","1000 Int$",2017,927.8,"Nutmeg, mace, cardamoms","no"
NA,NA,"Caribbean",NA,"Stimulant, spice and aromatic crops","Gross Production Value (constant 2014-2016 thousand I$)","1000 Int$",2018,886.4,"Nutmeg, mace, cardamoms","no"
NA,NA,"Caribbean",NA,"Stimulant, spice and aromatic crops","Gross Production Value (constant 2014-2016 thousand I$)","1000 Int$",2019,883.2,"Nutmeg, mace, cardamoms","no"
NA,NA,"Caribbean",NA,"Stimulant, spice and aromatic crops","Gross Production Value (constant 2014-2016 thousand I$)","1000 Int$",2020,915.8,"Nutmeg, mace, cardamoms","no"
NA,NA,"Caribbean",NA,"Stimulant, spice and aromatic crops","Gross Production Value (constant 2014-2016 thousand I$)","1000 Int$",2021,870.4,"Nutmeg, mace, cardamoms","no"
NA,NA,"Caribbean",NA,"Stimulant, spice and aromatic crops","Gross Production Value (constant 2014-2016 thousand I$)","1000 Int$",2022,786.8,"Nutmeg, mace, cardamoms","no"
NA,NA,"Caribbean",NA,"Stimulant, spice and aromatic crops","Gross Production Value (constant 2014-2016 thousand I$)","1000 Int$",2023,881.8,"Nutmeg, mace, cardamoms","no"
NA,NA,"Caribbean",NA,"Stimulant, spice and aromatic crops","Gross Production Value (constant 2014-2016 thousand US$)","1000 USD",1992,1703.25,"Nutmeg, mace, cardamoms","no"
NA,NA,"Caribbean",NA,"Stimulant, spice and aromatic crops","Gross Production Value (constant 2014-2016 thousand US$)","1000 USD",1993,2050.75,"Nutmeg, mace, cardamoms","no"
NA,NA,"Caribbean",NA,"Stimulant, spice and aromatic crops","Gross Production Value (constant 2014-2016 thousand US$)","1000 USD",1994,2374.75,"Nutmeg, mace, cardamoms","no"
NA,NA,"Caribbean",NA,"Stimulant, spice and aromatic crops","Gross Production Value (constant 2014-2016 thousand US$)","1000 USD",1995,1912.75,"Nutmeg, mace, cardamoms","no"
NA,NA,"Caribbean",NA,"Stimulant, spice and aromatic crops","Gross Production Value (constant 2014-2016 thousand US$)","1000 USD",1996,2082.75,"Nutmeg, mace, cardamoms","no"
NA,NA,"Caribbean",NA,"Stimulant, spice and aromatic crops","Gross Production Value (constant 2014-2016 thousand US$)","1000 USD",1997,2331.25,"Nutmeg, mace, cardamoms","no"
NA,NA,"Caribbean",NA,"Stimulant, spice and aromatic crops","Gross Production Value (constant 2014-2016 thousand US$)","1000 USD",1998,2184.75,"Nutmeg, mace, cardamoms","no"
NA,NA,"Caribbean",NA,"Stimulant, spice and aromatic crops","Gross Production Value (constant 2014-2016 thousand US$)","1000 USD",1999,2518.5,"Nutmeg, mace, cardamoms","no"
NA,NA,"Caribbean",NA,"Stimulant, spice and aromatic crops","Gross Production Value (constant 2014-2016 thousand US$)","1000 USD",2000,2439.25,"Nutmeg, mace, cardamoms","no"
NA,NA,"Caribbean",NA,"Stimulant, spice and aromatic crops","Gross Production Value (constant 2014-2016 thousand US$)","1000 USD",2001,2138.75,"Nutmeg, mace, cardamoms","no"
NA,NA,"Caribbean",NA,"Stimulant, spice and aromatic crops","Gross Production Value (constant 2014-2016 thousand US$)","1000 USD",2002,2892.25,"Nutmeg, mace, cardamoms","no"
NA,NA,"Caribbean",NA,"Stimulant, spice and aromatic crops","Gross Production Value (constant 2014-2016 thousand US$)","1000 USD",2003,2335.25,"Nutmeg, mace, cardamoms","no"
NA,NA,"Caribbean",NA,"Stimulant, spice and aromatic crops","Gross Production Value (constant 2014-2016 thousand US$)","1000 USD",2004,2554.75,"Nutmeg, mace, cardamoms","no"
NA,NA,"Caribbean",NA,"Stimulant, spice and aromatic crops","Gross Production Value (constant 2014-2016 thousand US$)","1000 USD",2005,485.25,"Nutmeg, mace, cardamoms","no"
NA,NA,"Caribbean",NA,"Stimulant, spice and aromatic crops","Gross Production Value (constant 2014-2016 thousand US$)","1000 USD",2006,599,"Nutmeg, mace, cardamoms","no"
NA,NA,"Caribbean",NA,"Stimulant, spice and aromatic crops","Gross Production Value (constant 2014-2016 thousand US$)","1000 USD",2007,679.75,"Nutmeg, mace, cardamoms","no"
NA,NA,"Caribbean",NA,"Stimulant, spice and aromatic crops","Gross Production Value (constant 2014-2016 thousand US$)","1000 USD",2008,682.75,"Nutmeg, mace, cardamoms","no"
NA,NA,"Caribbean",NA,"Stimulant, spice and aromatic crops","Gross Production Value (constant 2014-2016 thousand US$)","1000 USD",2009,809.25,"Nutmeg, mace, cardamoms","no"
NA,NA,"Caribbean",NA,"Stimulant, spice and aromatic crops","Gross Production Value (constant 2014-2016 thousand US$)","1000 USD",2010,1038.5,"Nutmeg, mace, cardamoms","no"
NA,NA,"Caribbean",NA,"Stimulant, spice and aromatic crops","Gross Production Value (constant 2014-2016 thousand US$)","1000 USD",2011,1029.75,"Nutmeg, mace, cardamoms","no"
NA,NA,"Caribbean",NA,"Stimulant, spice and aromatic crops","Gross Production Value (constant 2014-2016 thousand US$)","1000 USD",2012,997.75,"Nutmeg, mace, cardamoms","no"
NA,NA,"Caribbean",NA,"Stimulant, spice and aromatic crops","Gross Production Value (constant 2014-2016 thousand US$)","1000 USD",2013,1012.5,"Nutmeg, mace, cardamoms","no"
NA,NA,"Caribbean",NA,"Stimulant, spice and aromatic crops","Gross Production Value (constant 2014-2016 thousand US$)","1000 USD",2014,1089.5,"Nutmeg, mace, cardamoms","no"
NA,NA,"Caribbean",NA,"Stimulant, spice and aromatic crops","Gross Production Value (constant 2014-2016 thousand US$)","1000 USD",2015,1129,"Nutmeg, mace, cardamoms","no"
NA,NA,"Caribbean",NA,"Stimulant, spice and aromatic crops","Gross Production Value (constant 2014-2016 thousand US$)","1000 USD",2016,1049.5,"Nutmeg, mace, cardamoms","no"
NA,NA,"Caribbean",NA,"Stimulant, spice and aromatic crops","Gross Production Value (constant 2014-2016 thousand US$)","1000 USD",2017,1122,"Nutmeg, mace, cardamoms","no"
NA,NA,"Caribbean",NA,"Stimulant, spice and aromatic crops","Gross Production Value (constant 2014-2016 thousand US$)","1000 USD",2018,1085.5,"Nutmeg, mace, cardamoms","no"
NA,NA,"Caribbean",NA,"Stimulant, spice and aromatic crops","Gross Production Value (constant 2014-2016 thousand US$)","1000 USD",2019,1083.5,"Nutmeg, mace, cardamoms","no"
NA,NA,"Caribbean",NA,"Stimulant, spice and aromatic crops","Gross Production Value (constant 2014-2016 thousand US$)","1000 USD",2020,1090.5,"Nutmeg, mace, cardamoms","no"
NA,NA,"Caribbean",NA,"Stimulant, spice and aromatic crops","Gross Production Value (constant 2014-2016 thousand US$)","1000 USD",2021,1006.25,"Nutmeg, mace, cardamoms","no"
NA,NA,"Caribbean",NA,"Stimulant, spice and aromatic crops","Gross Production Value (constant 2014-2016 thousand US$)","1000 USD",2022,927.25,"Nutmeg, mace, cardamoms","no"
NA,NA,"Caribbean",NA,"Stimulant, spice and aromatic crops","Gross Production Value (constant 2014-2016 thousand US$)","1000 USD",2023,1019,"Nutmeg, mace, cardamoms","no"
NA,NA,"Caribbean",NA,"Stimulant, spice and aromatic crops","Gross Production Value (constant 2014-2016 thousand I$)","1000 Int$",1992,373.7142857142857,"Other stimulant, spice and aromatic crops, n.e.c.","no"
NA,NA,"Caribbean",NA,"Stimulant, spice and aromatic crops","Gross Production Value (constant 2014-2016 thousand I$)","1000 Int$",1993,361.7142857142857,"Other stimulant, spice and aromatic crops, n.e.c.","no"
NA,NA,"Caribbean",NA,"Stimulant, spice and aromatic crops","Gross Production Value (constant 2014-2016 thousand I$)","1000 Int$",1994,322.42857142857144,"Other stimulant, spice and aromatic crops, n.e.c.","no"
NA,NA,"Caribbean",NA,"Stimulant, spice and aromatic crops","Gross Production Value (constant 2014-2016 thousand I$)","1000 Int$",1995,394.7142857142857,"Other stimulant, spice and aromatic crops, n.e.c.","no"
NA,NA,"Caribbean",NA,"Stimulant, spice and aromatic crops","Gross Production Value (constant 2014-2016 thousand I$)","1000 Int$",1996,421.85714285714283,"Other stimulant, spice and aromatic crops, n.e.c.","no"
NA,NA,"Caribbean",NA,"Stimulant, spice and aromatic crops","Gross Production Value (constant 2014-2016 thousand I$)","1000 Int$",1997,355,"Other stimulant, spice and aromatic crops, n.e.c.","no"
NA,NA,"Caribbean",NA,"Stimulant, spice and aromatic crops","Gross Production Value (constant 2014-2016 thousand I$)","1000 Int$",1998,349.2857142857143,"Other stimulant, spice and aromatic crops, n.e.c.","no"
NA,NA,"Caribbean",NA,"Stimulant, spice and aromatic crops","Gross Production Value (constant 2014-2016 thousand I$)","1000 Int$",1999,445.42857142857144,"Other stimulant, spice and aromatic crops, n.e.c.","no"
NA,NA,"Caribbean",NA,"Stimulant, spice and aromatic crops","Gross Production Value (constant 2014-2016 thousand I$)","1000 Int$",2000,407.14285714285717,"Other stimulant, spice and aromatic crops, n.e.c.","no"
NA,NA,"Caribbean",NA,"Stimulant, spice and aromatic crops","Gross Production Value (constant 2014-2016 thousand I$)","1000 Int$",2001,461.7142857142857,"Other stimulant, spice and aromatic crops, n.e.c.","no"
NA,NA,"Caribbean",NA,"Stimulant, spice and aromatic crops","Gross Production Value (constant 2014-2016 thousand I$)","1000 Int$",2002,423,"Other stimulant, spice and aromatic crops, n.e.c.","no"
NA,NA,"Caribbean",NA,"Stimulant, spice and aromatic crops","Gross Production Value (constant 2014-2016 thousand I$)","1000 Int$",2003,470.85714285714283,"Other stimulant, spice and aromatic crops, n.e.c.","no"
NA,NA,"Caribbean",NA,"Stimulant, spice and aromatic crops","Gross Production Value (constant 2014-2016 thousand I$)","1000 Int$",2004,412.85714285714283,"Other stimulant, spice and aromatic crops, n.e.c.","no"
NA,NA,"Caribbean",NA,"Stimulant, spice and aromatic crops","Gross Production Value (constant 2014-2016 thousand I$)","1000 Int$",2005,559.7142857142857,"Other stimulant, spice and aromatic crops, n.e.c.","no"
NA,NA,"Caribbean",NA,"Stimulant, spice and aromatic crops","Gross Production Value (constant 2014-2016 thousand I$)","1000 Int$",2006,500.2857142857143,"Other stimulant, spice and aromatic crops, n.e.c.","no"
NA,NA,"Caribbean",NA,"Stimulant, spice and aromatic crops","Gross Production Value (constant 2014-2016 thousand I$)","1000 Int$",2007,586.2857142857143,"Other stimulant, spice and aromatic crops, n.e.c.","no"
NA,NA,"Caribbean",NA,"Stimulant, spice and aromatic crops","Gross Production Value (constant 2014-2016 thousand I$)","1000 Int$",2008,523.4285714285714,"Other stimulant, spice and aromatic crops, n.e.c.","no"
NA,NA,"Caribbean",NA,"Stimulant, spice and aromatic crops","Gross Production Value (constant 2014-2016 thousand I$)","1000 Int$",2009,458,"Other stimulant, spice and aromatic crops, n.e.c.","no"
NA,NA,"Caribbean",NA,"Stimulant, spice and aromatic crops","Gross Production Value (constant 2014-2016 thousand I$)","1000 Int$",2010,361.7142857142857,"Other stimulant, spice and aromatic crops, n.e.c.","no"
NA,NA,"Caribbean",NA,"Stimulant, spice and aromatic crops","Gross Production Value (constant 2014-2016 thousand I$)","1000 Int$",2011,314.14285714285717,"Other stimulant, spice and aromatic crops, n.e.c.","no"
NA,NA,"Caribbean",NA,"Stimulant, spice and aromatic crops","Gross Production Value (constant 2014-2016 thousand I$)","1000 Int$",2012,815.1428571428571,"Other stimulant, spice and aromatic crops, n.e.c.","no"
NA,NA,"Caribbean",NA,"Stimulant, spice and aromatic crops","Gross Production Value (constant 2014-2016 thousand I$)","1000 Int$",2013,890.2857142857143,"Other stimulant, spice and aromatic crops, n.e.c.","no"
NA,NA,"Caribbean",NA,"Stimulant, spice and aromatic crops","Gross Production Value (constant 2014-2016 thousand I$)","1000 Int$",2014,799.2857142857143,"Other stimulant, spice and aromatic crops, n.e.c.","no"
NA,NA,"Caribbean",NA,"Stimulant, spice and aromatic crops","Gross Production Value (constant 2014-2016 thousand I$)","1000 Int$",2015,772.1428571428571,"Other stimulant, spice and aromatic crops, n.e.c.","no"
NA,NA,"Caribbean",NA,"Stimulant, spice and aromatic crops","Gross Production Value (constant 2014-2016 thousand I$)","1000 Int$",2016,702.7142857142857,"Other stimulant, spice and aromatic crops, n.e.c.","no"
NA,NA,"Caribbean",NA,"Stimulant, spice and aromatic crops","Gross Production Value (constant 2014-2016 thousand I$)","1000 Int$",2017,735.8571428571429,"Other stimulant, spice and aromatic crops, n.e.c.","no"
NA,NA,"Caribbean",NA,"Stimulant, spice and aromatic crops","Gross Production Value (constant 2014-2016 thousand I$)","1000 Int$",2018,732.4285714285714,"Other stimulant, spice and aromatic crops, n.e.c.","no"
NA,NA,"Caribbean",NA,"Stimulant, spice and aromatic crops","Gross Production Value (constant 2014-2016 thousand I$)","1000 Int$",2019,800.5714285714286,"Other stimulant, spice and aromatic crops, n.e.c.","no"
NA,NA,"Caribbean",NA,"Stimulant, spice and aromatic crops","Gross Production Value (constant 2014-2016 thousand I$)","1000 Int$",2020,800.8571428571429,"Other stimulant, spice and aromatic crops, n.e.c.","no"
NA,NA,"Caribbean",NA,"Stimulant, spice and aromatic crops","Gross Production Value (constant 2014-2016 thousand I$)","1000 Int$",2021,727.1428571428571,"Other stimulant, spice and aromatic crops, n.e.c.","no"
NA,NA,"Caribbean",NA,"Stimulant, spice and aromatic crops","Gross Production Value (constant 2014-2016 thousand I$)","1000 Int$",2022,785.8571428571429,"Other stimulant, spice and aromatic crops, n.e.c.","no"
NA,NA,"Caribbean",NA,"Stimulant, spice and aromatic crops","Gross Production Value (constant 2014-2016 thousand I$)","1000 Int$",2023,774.2857142857143,"Other stimulant, spice and aromatic crops, n.e.c.","no"
NA,NA,"Caribbean",NA,"Stimulant, spice and aromatic crops","Gross Production Value (constant 2014-2016 thousand US$)","1000 USD",1992,2228.2,"Other stimulant, spice and aromatic crops, n.e.c.","no"
NA,NA,"Caribbean",NA,"Stimulant, spice and aromatic crops","Gross Production Value (constant 2014-2016 thousand US$)","1000 USD",1993,2132.4,"Other stimulant, spice and aromatic crops, n.e.c.","no"
NA,NA,"Caribbean",NA,"Stimulant, spice and aromatic crops","Gross Production Value (constant 2014-2016 thousand US$)","1000 USD",1994,1544.4,"Other stimulant, spice and aromatic crops, n.e.c.","no"
NA,NA,"Caribbean",NA,"Stimulant, spice and aromatic crops","Gross Production Value (constant 2014-2016 thousand US$)","1000 USD",1995,1850.6,"Other stimulant, spice and aromatic crops, n.e.c.","no"
NA,NA,"Caribbean",NA,"Stimulant, spice and aromatic crops","Gross Production Value (constant 2014-2016 thousand US$)","1000 USD",1996,2067.2,"Other stimulant, spice and aromatic crops, n.e.c.","no"
NA,NA,"Caribbean",NA,"Stimulant, spice and aromatic crops","Gross Production Value (constant 2014-2016 thousand US$)","1000 USD",1997,2246,"Other stimulant, spice and aromatic crops, n.e.c.","no"
NA,NA,"Caribbean",NA,"Stimulant, spice and aromatic crops","Gross Production Value (constant 2014-2016 thousand US$)","1000 USD",1998,1798.8,"Other stimulant, spice and aromatic crops, n.e.c.","no"
NA,NA,"Caribbean",NA,"Stimulant, spice and aromatic crops","Gross Production Value (constant 2014-2016 thousand US$)","1000 USD",1999,1927.4,"Other stimulant, spice and aromatic crops, n.e.c.","no"
NA,NA,"Caribbean",NA,"Stimulant, spice and aromatic crops","Gross Production Value (constant 2014-2016 thousand US$)","1000 USD",2000,1813.8,"Other stimulant, spice and aromatic crops, n.e.c.","no"
NA,NA,"Caribbean",NA,"Stimulant, spice and aromatic crops","Gross Production Value (constant 2014-2016 thousand US$)","1000 USD",2001,2137.6,"Other stimulant, spice and aromatic crops, n.e.c.","no"
NA,NA,"Caribbean",NA,"Stimulant, spice and aromatic crops","Gross Production Value (constant 2014-2016 thousand US$)","1000 USD",2002,1821.4,"Other stimulant, spice and aromatic crops, n.e.c.","no"
NA,NA,"Caribbean",NA,"Stimulant, spice and aromatic crops","Gross Production Value (constant 2014-2016 thousand US$)","1000 USD",2003,2164.6,"Other stimulant, spice and aromatic crops, n.e.c.","no"
NA,NA,"Caribbean",NA,"Stimulant, spice and aromatic crops","Gross Production Value (constant 2014-2016 thousand US$)","1000 USD",2004,1963,"Other stimulant, spice and aromatic crops, n.e.c.","no"
NA,NA,"Caribbean",NA,"Stimulant, spice and aromatic crops","Gross Production Value (constant 2014-2016 thousand US$)","1000 USD",2005,2460.8,"Other stimulant, spice and aromatic crops, n.e.c.","no"
NA,NA,"Caribbean",NA,"Stimulant, spice and aromatic crops","Gross Production Value (constant 2014-2016 thousand US$)","1000 USD",2006,2274,"Other stimulant, spice and aromatic crops, n.e.c.","no"
NA,NA,"Caribbean",NA,"Stimulant, spice and aromatic crops","Gross Production Value (constant 2014-2016 thousand US$)","1000 USD",2007,2538,"Other stimulant, spice and aromatic crops, n.e.c.","no"
NA,NA,"Caribbean",NA,"Stimulant, spice and aromatic crops","Gross Production Value (constant 2014-2016 thousand US$)","1000 USD",2008,2250,"Other stimulant, spice and aromatic crops, n.e.c.","no"
NA,NA,"Caribbean",NA,"Stimulant, spice and aromatic crops","Gross Production Value (constant 2014-2016 thousand US$)","1000 USD",2009,2192.8,"Other stimulant, spice and aromatic crops, n.e.c.","no"
NA,NA,"Caribbean",NA,"Stimulant, spice and aromatic crops","Gross Production Value (constant 2014-2016 thousand US$)","1000 USD",2010,1383.8,"Other stimulant, spice and aromatic crops, n.e.c.","no"
NA,NA,"Caribbean",NA,"Stimulant, spice and aromatic crops","Gross Production Value (constant 2014-2016 thousand US$)","1000 USD",2011,1019.6,"Other stimulant, spice and aromatic crops, n.e.c.","no"
NA,NA,"Caribbean",NA,"Stimulant, spice and aromatic crops","Gross Production Value (constant 2014-2016 thousand US$)","1000 USD",2012,5366.4,"Other stimulant, spice and aromatic crops, n.e.c.","no"
NA,NA,"Caribbean",NA,"Stimulant, spice and aromatic crops","Gross Production Value (constant 2014-2016 thousand US$)","1000 USD",2013,5406.6,"Other stimulant, spice and aromatic crops, n.e.c.","no"
NA,NA,"Caribbean",NA,"Stimulant, spice and aromatic crops","Gross Production Value (constant 2014-2016 thousand US$)","1000 USD",2014,4890,"Other stimulant, spice and aromatic crops, n.e.c.","no"
NA,NA,"Caribbean",NA,"Stimulant, spice and aromatic crops","Gross Production Value (constant 2014-2016 thousand US$)","1000 USD",2015,4257,"Other stimulant, spice and aromatic crops, n.e.c.","no"
NA,NA,"Caribbean",NA,"Stimulant, spice and aromatic crops","Gross Production Value (constant 2014-2016 thousand US$)","1000 USD",2016,3957,"Other stimulant, spice and aromatic crops, n.e.c.","no"
NA,NA,"Caribbean",NA,"Stimulant, spice and aromatic crops","Gross Production Value (constant 2014-2016 thousand US$)","1000 USD",2017,4058.8,"Other stimulant, spice and aromatic crops, n.e.c.","no"
NA,NA,"Caribbean",NA,"Stimulant, spice and aromatic crops","Gross Production Value (constant 2014-2016 thousand US$)","1000 USD",2018,4177.8,"Other stimulant, spice and aromatic crops, n.e.c.","no"
NA,NA,"Caribbean",NA,"Stimulant, spice and aromatic crops","Gross Production Value (constant 2014-2016 thousand US$)","1000 USD",2019,5123.2,"Other stimulant, spice and aromatic crops, n.e.c.","no"
NA,NA,"Caribbean",NA,"Stimulant, spice and aromatic crops","Gross Production Value (constant 2014-2016 thousand US$)","1000 USD",2020,4961.4,"Other stimulant, spice and aromatic crops, n.e.c.","no"
NA,NA,"Caribbean",NA,"Stimulant, spice and aromatic crops","Gross Production Value (constant 2014-2016 thousand US$)","1000 USD",2021,3946.2,"Other stimulant, spice and aromatic crops, n.e.c.","no"
NA,NA,"Caribbean",NA,"Stimulant, spice and aromatic crops","Gross Production Value (constant 2014-2016 thousand US$)","1000 USD",2022,4239.4,"Other stimulant, spice and aromatic crops, n.e.c.","no"
NA,NA,"Caribbean",NA,"Stimulant, spice and aromatic crops","Gross Production Value (constant 2014-2016 thousand US$)","1000 USD",2023,4599,"Other stimulant, spice and aromatic crops, n.e.c.","no"
NA,NA,"Caribbean",NA,"Stimulant, spice and aromatic crops","Gross Production Value (constant 2014-2016 thousand I$)","1000 Int$",1992,533,"Pepper","no"
NA,NA,"Caribbean",NA,"Stimulant, spice and aromatic crops","Gross Production Value (constant 2014-2016 thousand I$)","1000 Int$",1993,280.5,"Pepper","no"
NA,NA,"Caribbean",NA,"Stimulant, spice and aromatic crops","Gross Production Value (constant 2014-2016 thousand I$)","1000 Int$",1994,448.5,"Pepper","no"
NA,NA,"Caribbean",NA,"Stimulant, spice and aromatic crops","Gross Production Value (constant 2014-2016 thousand I$)","1000 Int$",1995,737.5,"Pepper","no"
NA,NA,"Caribbean",NA,"Stimulant, spice and aromatic crops","Gross Production Value (constant 2014-2016 thousand I$)","1000 Int$",1996,549.5,"Pepper","no"
NA,NA,"Caribbean",NA,"Stimulant, spice and aromatic crops","Gross Production Value (constant 2014-2016 thousand I$)","1000 Int$",1997,561,"Pepper","no"
NA,NA,"Caribbean",NA,"Stimulant, spice and aromatic crops","Gross Production Value (constant 2014-2016 thousand I$)","1000 Int$",1998,701,"Pepper","no"
NA,NA,"Caribbean",NA,"Stimulant, spice and aromatic crops","Gross Production Value (constant 2014-2016 thousand I$)","1000 Int$",1999,701,"Pepper","no"
NA,NA,"Caribbean",NA,"Stimulant, spice and aromatic crops","Gross Production Value (constant 2014-2016 thousand I$)","1000 Int$",2000,701,"Pepper","no"
NA,NA,"Caribbean",NA,"Stimulant, spice and aromatic crops","Gross Production Value (constant 2014-2016 thousand I$)","1000 Int$",2001,981.5,"Pepper","no"
NA,NA,"Caribbean",NA,"Stimulant, spice and aromatic crops","Gross Production Value (constant 2014-2016 thousand I$)","1000 Int$",2002,1262,"Pepper","no"
NA,NA,"Caribbean",NA,"Stimulant, spice and aromatic crops","Gross Production Value (constant 2014-2016 thousand I$)","1000 Int$",2003,981.5,"Pepper","no"
NA,NA,"Caribbean",NA,"Stimulant, spice and aromatic crops","Gross Production Value (constant 2014-2016 thousand I$)","1000 Int$",2004,782.5,"Pepper","no"
NA,NA,"Caribbean",NA,"Stimulant, spice and aromatic crops","Gross Production Value (constant 2014-2016 thousand I$)","1000 Int$",2005,392.5,"Pepper","no"
NA,NA,"Caribbean",NA,"Stimulant, spice and aromatic crops","Gross Production Value (constant 2014-2016 thousand I$)","1000 Int$",2006,308.5,"Pepper","no"
NA,NA,"Caribbean",NA,"Stimulant, spice and aromatic crops","Gross Production Value (constant 2014-2016 thousand I$)","1000 Int$",2007,339.5,"Pepper","no"
NA,NA,"Caribbean",NA,"Stimulant, spice and aromatic crops","Gross Production Value (constant 2014-2016 thousand I$)","1000 Int$",2008,482.5,"Pepper","no"
NA,NA,"Caribbean",NA,"Stimulant, spice and aromatic crops","Gross Production Value (constant 2014-2016 thousand I$)","1000 Int$",2009,533,"Pepper","no"
NA,NA,"Caribbean",NA,"Stimulant, spice and aromatic crops","Gross Production Value (constant 2014-2016 thousand I$)","1000 Int$",2010,521,"Pepper","no"
NA,NA,"Caribbean",NA,"Stimulant, spice and aromatic crops","Gross Production Value (constant 2014-2016 thousand I$)","1000 Int$",2011,513,"Pepper","no"
NA,NA,"Caribbean",NA,"Stimulant, spice and aromatic crops","Gross Production Value (constant 2014-2016 thousand I$)","1000 Int$",2012,500.5,"Pepper","no"
NA,NA,"Caribbean",NA,"Stimulant, spice and aromatic crops","Gross Production Value (constant 2014-2016 thousand I$)","1000 Int$",2013,504,"Pepper","no"
NA,NA,"Caribbean",NA,"Stimulant, spice and aromatic crops","Gross Production Value (constant 2014-2016 thousand I$)","1000 Int$",2014,506,"Pepper","no"
NA,NA,"Caribbean",NA,"Stimulant, spice and aromatic crops","Gross Production Value (constant 2014-2016 thousand I$)","1000 Int$",2015,507,"Pepper","no"
NA,NA,"Caribbean",NA,"Stimulant, spice and aromatic crops","Gross Production Value (constant 2014-2016 thousand I$)","1000 Int$",2016,2030.5,"Pepper","no"
NA,NA,"Caribbean",NA,"Stimulant, spice and aromatic crops","Gross Production Value (constant 2014-2016 thousand I$)","1000 Int$",2017,1883,"Pepper","no"
NA,NA,"Caribbean",NA,"Stimulant, spice and aromatic crops","Gross Production Value (constant 2014-2016 thousand I$)","1000 Int$",2018,1982,"Pepper","no"
NA,NA,"Caribbean",NA,"Stimulant, spice and aromatic crops","Gross Production Value (constant 2014-2016 thousand I$)","1000 Int$",2019,1235.5,"Pepper","no"
NA,NA,"Caribbean",NA,"Stimulant, spice and aromatic crops","Gross Production Value (constant 2014-2016 thousand I$)","1000 Int$",2020,1422,"Pepper","no"
NA,NA,"Caribbean",NA,"Stimulant, spice and aromatic crops","Gross Production Value (constant 2014-2016 thousand I$)","1000 Int$",2021,1055,"Pepper","no"
NA,NA,"Caribbean",NA,"Stimulant, spice and aromatic crops","Gross Production Value (constant 2014-2016 thousand I$)","1000 Int$",2022,992,"Pepper","no"
NA,NA,"Caribbean",NA,"Stimulant, spice and aromatic crops","Gross Production Value (constant 2014-2016 thousand I$)","1000 Int$",2023,557.5,"Pepper","no"
NA,NA,"Caribbean",NA,"Stimulant, spice and aromatic crops","Gross Production Value (constant 2014-2016 thousand US$)","1000 USD",1992,1655,"Pepper","no"
NA,NA,"Caribbean",NA,"Stimulant, spice and aromatic crops","Gross Production Value (constant 2014-2016 thousand US$)","1000 USD",1993,871,"Pepper","no"
NA,NA,"Caribbean",NA,"Stimulant, spice and aromatic crops","Gross Production Value (constant 2014-2016 thousand US$)","1000 USD",1994,1393,"Pepper","no"
NA,NA,"Caribbean",NA,"Stimulant, spice and aromatic crops","Gross Production Value (constant 2014-2016 thousand US$)","1000 USD",1995,2290,"Pepper","no"
NA,NA,"Caribbean",NA,"Stimulant, spice and aromatic crops","Gross Production Value (constant 2014-2016 thousand US$)","1000 USD",1996,1707,"Pepper","no"
NA,NA,"Caribbean",NA,"Stimulant, spice and aromatic crops","Gross Production Value (constant 2014-2016 thousand US$)","1000 USD",1997,1742,"Pepper","no"
NA,NA,"Caribbean",NA,"Stimulant, spice and aromatic crops","Gross Production Value (constant 2014-2016 thousand US$)","1000 USD",1998,2177,"Pepper","no"
NA,NA,"Caribbean",NA,"Stimulant, spice and aromatic crops","Gross Production Value (constant 2014-2016 thousand US$)","1000 USD",1999,2177,"Pepper","no"
NA,NA,"Caribbean",NA,"Stimulant, spice and aromatic crops","Gross Production Value (constant 2014-2016 thousand US$)","1000 USD",2000,2177,"Pepper","no"
NA,NA,"Caribbean",NA,"Stimulant, spice and aromatic crops","Gross Production Value (constant 2014-2016 thousand US$)","1000 USD",2001,3048,"Pepper","no"
NA,NA,"Caribbean",NA,"Stimulant, spice and aromatic crops","Gross Production Value (constant 2014-2016 thousand US$)","1000 USD",2002,3919,"Pepper","no"
NA,NA,"Caribbean",NA,"Stimulant, spice and aromatic crops","Gross Production Value (constant 2014-2016 thousand US$)","1000 USD",2003,3048,"Pepper","no"
NA,NA,"Caribbean",NA,"Stimulant, spice and aromatic crops","Gross Production Value (constant 2014-2016 thousand US$)","1000 USD",2004,2430,"Pepper","no"
NA,NA,"Caribbean",NA,"Stimulant, spice and aromatic crops","Gross Production Value (constant 2014-2016 thousand US$)","1000 USD",2005,1219,"Pepper","no"
NA,NA,"Caribbean",NA,"Stimulant, spice and aromatic crops","Gross Production Value (constant 2014-2016 thousand US$)","1000 USD",2006,958,"Pepper","no"
NA,NA,"Caribbean",NA,"Stimulant, spice and aromatic crops","Gross Production Value (constant 2014-2016 thousand US$)","1000 USD",2007,1054,"Pepper","no"
NA,NA,"Caribbean",NA,"Stimulant, spice and aromatic crops","Gross Production Value (constant 2014-2016 thousand US$)","1000 USD",2008,1498,"Pepper","no"
NA,NA,"Caribbean",NA,"Stimulant, spice and aromatic crops","Gross Production Value (constant 2014-2016 thousand US$)","1000 USD",2009,1655,"Pepper","no"
NA,NA,"Caribbean",NA,"Stimulant, spice and aromatic crops","Gross Production Value (constant 2014-2016 thousand US$)","1000 USD",2010,1617,"Pepper","no"
NA,NA,"Caribbean",NA,"Stimulant, spice and aromatic crops","Gross Production Value (constant 2014-2016 thousand US$)","1000 USD",2011,1593,"Pepper","no"
NA,NA,"Caribbean",NA,"Stimulant, spice and aromatic crops","Gross Production Value (constant 2014-2016 thousand US$)","1000 USD",2012,1555,"Pepper","no"
NA,NA,"Caribbean",NA,"Stimulant, spice and aromatic crops","Gross Production Value (constant 2014-2016 thousand US$)","1000 USD",2013,1565,"Pepper","no"
NA,NA,"Caribbean",NA,"Stimulant, spice and aromatic crops","Gross Production Value (constant 2014-2016 thousand US$)","1000 USD",2014,1571,"Pepper","no"
NA,NA,"Caribbean",NA,"Stimulant, spice and aromatic crops","Gross Production Value (constant 2014-2016 thousand US$)","1000 USD",2015,1575,"Pepper","no"
NA,NA,"Caribbean",NA,"Stimulant, spice and aromatic crops","Gross Production Value (constant 2014-2016 thousand US$)","1000 USD",2016,1044,"Pepper","no"
NA,NA,"Caribbean",NA,"Stimulant, spice and aromatic crops","Gross Production Value (constant 2014-2016 thousand US$)","1000 USD",2017,565,"Pepper","no"
NA,NA,"Caribbean",NA,"Stimulant, spice and aromatic crops","Gross Production Value (constant 2014-2016 thousand US$)","1000 USD",2018,11,"Pepper","no"
NA,NA,"Caribbean",NA,"Stimulant, spice and aromatic crops","Gross Production Value (constant 2014-2016 thousand US$)","1000 USD",2019,15,"Pepper","no"
NA,NA,"Caribbean",NA,"Stimulant, spice and aromatic crops","Gross Production Value (constant 2014-2016 thousand US$)","1000 USD",2020,14,"Pepper","no"
NA,NA,"Caribbean",NA,"Stimulant, spice and aromatic crops","Gross Production Value (constant 2014-2016 thousand US$)","1000 USD",2021,35,"Pepper","no"
NA,NA,"Caribbean",NA,"Stimulant, spice and aromatic crops","Gross Production Value (constant 2014-2016 thousand US$)","1000 USD",2022,200,"Pepper","no"
NA,NA,"Caribbean",NA,"Stimulant, spice and aromatic crops","Gross Production Value (constant 2014-2016 thousand US$)","1000 USD",2023,96,"Pepper","no"
NA,NA,"Caribbean",NA,"Stimulant, spice and aromatic crops","Gross Production Value (constant 2014-2016 thousand I$)","1000 Int$",1992,17,"Vanilla","no"
NA,NA,"Caribbean",NA,"Stimulant, spice and aromatic crops","Gross Production Value (constant 2014-2016 thousand I$)","1000 Int$",1993,17,"Vanilla","no"
NA,NA,"Caribbean",NA,"Stimulant, spice and aromatic crops","Gross Production Value (constant 2014-2016 thousand I$)","1000 Int$",1994,17,"Vanilla","no"
NA,NA,"Caribbean",NA,"Stimulant, spice and aromatic crops","Gross Production Value (constant 2014-2016 thousand I$)","1000 Int$",1995,17,"Vanilla","no"
NA,NA,"Caribbean",NA,"Stimulant, spice and aromatic crops","Gross Production Value (constant 2014-2016 thousand I$)","1000 Int$",1996,19,"Vanilla","no"
NA,NA,"Caribbean",NA,"Stimulant, spice and aromatic crops","Gross Production Value (constant 2014-2016 thousand I$)","1000 Int$",1997,19,"Vanilla","no"
NA,NA,"Caribbean",NA,"Stimulant, spice and aromatic crops","Gross Production Value (constant 2014-2016 thousand I$)","1000 Int$",1998,19,"Vanilla","no"
NA,NA,"Caribbean",NA,"Stimulant, spice and aromatic crops","Gross Production Value (constant 2014-2016 thousand I$)","1000 Int$",1999,19,"Vanilla","no"
NA,NA,"Caribbean",NA,"Stimulant, spice and aromatic crops","Gross Production Value (constant 2014-2016 thousand I$)","1000 Int$",2000,19,"Vanilla","no"
NA,NA,"Caribbean",NA,"Stimulant, spice and aromatic crops","Gross Production Value (constant 2014-2016 thousand I$)","1000 Int$",2001,19,"Vanilla","no"
NA,NA,"Caribbean",NA,"Stimulant, spice and aromatic crops","Gross Production Value (constant 2014-2016 thousand I$)","1000 Int$",2002,19,"Vanilla","no"
NA,NA,"Caribbean",NA,"Stimulant, spice and aromatic crops","Gross Production Value (constant 2014-2016 thousand I$)","1000 Int$",2003,21,"Vanilla","no"
NA,NA,"Caribbean",NA,"Stimulant, spice and aromatic crops","Gross Production Value (constant 2014-2016 thousand I$)","1000 Int$",2004,21,"Vanilla","no"
NA,NA,"Caribbean",NA,"Stimulant, spice and aromatic crops","Gross Production Value (constant 2014-2016 thousand I$)","1000 Int$",2005,21,"Vanilla","no"
NA,NA,"Caribbean",NA,"Stimulant, spice and aromatic crops","Gross Production Value (constant 2014-2016 thousand I$)","1000 Int$",2006,21,"Vanilla","no"
NA,NA,"Caribbean",NA,"Stimulant, spice and aromatic crops","Gross Production Value (constant 2014-2016 thousand I$)","1000 Int$",2007,0,"Vanilla","no"
NA,NA,"Caribbean",NA,"Stimulant, spice and aromatic crops","Gross Production Value (constant 2014-2016 thousand I$)","1000 Int$",2008,0,"Vanilla","no"
NA,NA,"Caribbean",NA,"Stimulant, spice and aromatic crops","Gross Production Value (constant 2014-2016 thousand I$)","1000 Int$",2009,0,"Vanilla","no"
NA,NA,"Caribbean",NA,"Stimulant, spice and aromatic crops","Gross Production Value (constant 2014-2016 thousand I$)","1000 Int$",2010,0,"Vanilla","no"
NA,NA,"Caribbean",NA,"Stimulant, spice and aromatic crops","Gross Production Value (constant 2014-2016 thousand I$)","1000 Int$",2011,0,"Vanilla","no"
NA,NA,"Caribbean",NA,"Stimulant, spice and aromatic crops","Gross Production Value (constant 2014-2016 thousand I$)","1000 Int$",2012,0,"Vanilla","no"
NA,NA,"Caribbean",NA,"Stimulant, spice and aromatic crops","Gross Production Value (constant 2014-2016 thousand I$)","1000 Int$",2013,0,"Vanilla","no"
NA,NA,"Caribbean",NA,"Stimulant, spice and aromatic crops","Gross Production Value (constant 2014-2016 thousand I$)","1000 Int$",2014,0,"Vanilla","no"
NA,NA,"Caribbean",NA,"Stimulant, spice and aromatic crops","Gross Production Value (constant 2014-2016 thousand I$)","1000 Int$",2015,0,"Vanilla","no"
NA,NA,"Caribbean",NA,"Stimulant, spice and aromatic crops","Gross Production Value (constant 2014-2016 thousand I$)","1000 Int$",2016,0,"Vanilla","no"
NA,NA,"Caribbean",NA,"Stimulant, spice and aromatic crops","Gross Production Value (constant 2014-2016 thousand I$)","1000 Int$",2017,0,"Vanilla","no"
NA,NA,"Caribbean",NA,"Stimulant, spice and aromatic crops","Gross Production Value (constant 2014-2016 thousand I$)","1000 Int$",2018,0,"Vanilla","no"
NA,NA,"Caribbean",NA,"Stimulant, spice and aromatic crops","Gross Production Value (constant 2014-2016 thousand I$)","1000 Int$",2019,0,"Vanilla","no"
NA,NA,"Caribbean",NA,"Stimulant, spice and aromatic crops","Gross Production Value (constant 2014-2016 thousand I$)","1000 Int$",2020,0,"Vanilla","no"
NA,NA,"Caribbean",NA,"Stimulant, spice and aromatic crops","Gross Production Value (constant 2014-2016 thousand I$)","1000 Int$",2021,0,"Vanilla","no"
NA,NA,"Caribbean",NA,"Stimulant, spice and aromatic crops","Gross Production Value (constant 2014-2016 thousand I$)","1000 Int$",2022,0,"Vanilla","no"
NA,NA,"Caribbean",NA,"Stimulant, spice and aromatic crops","Gross Production Value (constant 2014-2016 thousand I$)","1000 Int$",2023,0,"Vanilla","no"
NA,NA,"Caribbean",NA,"Sugar crops","Gross Production Value (constant 2014-2016 thousand I$)","1000 Int$",1992,0,"Sugar beet","no"
NA,NA,"Caribbean",NA,"Sugar crops","Gross Production Value (constant 2014-2016 thousand I$)","1000 Int$",1993,0,"Sugar beet","no"
NA,NA,"Caribbean",NA,"Sugar crops","Gross Production Value (constant 2014-2016 thousand I$)","1000 Int$",1994,0,"Sugar beet","no"
NA,NA,"Caribbean",NA,"Sugar crops","Gross Production Value (constant 2014-2016 thousand I$)","1000 Int$",1995,0,"Sugar beet","no"
NA,NA,"Caribbean",NA,"Sugar crops","Gross Production Value (constant 2014-2016 thousand I$)","1000 Int$",1996,0,"Sugar beet","no"
NA,NA,"Caribbean",NA,"Sugar crops","Gross Production Value (constant 2014-2016 thousand I$)","1000 Int$",1997,0,"Sugar beet","no"
NA,NA,"Caribbean",NA,"Sugar crops","Gross Production Value (constant 2014-2016 thousand I$)","1000 Int$",1998,0,"Sugar beet","no"
NA,NA,"Caribbean",NA,"Sugar crops","Gross Production Value (constant 2014-2016 thousand I$)","1000 Int$",1999,0,"Sugar beet","no"
NA,NA,"Caribbean",NA,"Sugar crops","Gross Production Value (constant 2014-2016 thousand I$)","1000 Int$",2000,0,"Sugar beet","no"
NA,NA,"Caribbean",NA,"Sugar crops","Gross Production Value (constant 2014-2016 thousand I$)","1000 Int$",2001,0,"Sugar beet","no"
NA,NA,"Caribbean",NA,"Sugar crops","Gross Production Value (constant 2014-2016 thousand I$)","1000 Int$",2002,0,"Sugar beet","no"
NA,NA,"Caribbean",NA,"Sugar crops","Gross Production Value (constant 2014-2016 thousand I$)","1000 Int$",2003,0,"Sugar beet","no"
NA,NA,"Caribbean",NA,"Sugar crops","Gross Production Value (constant 2014-2016 thousand I$)","1000 Int$",2004,0,"Sugar beet","no"
NA,NA,"Caribbean",NA,"Sugar crops","Gross Production Value (constant 2014-2016 thousand I$)","1000 Int$",2005,0,"Sugar beet","no"
NA,NA,"Caribbean",NA,"Sugar crops","Gross Production Value (constant 2014-2016 thousand I$)","1000 Int$",2006,0,"Sugar beet","no"
NA,NA,"Caribbean",NA,"Sugar crops","Gross Production Value (constant 2014-2016 thousand I$)","1000 Int$",2007,0,"Sugar beet","no"
NA,NA,"Caribbean",NA,"Sugar crops","Gross Production Value (constant 2014-2016 thousand I$)","1000 Int$",2008,0,"Sugar beet","no"
NA,NA,"Caribbean",NA,"Sugar crops","Gross Production Value (constant 2014-2016 thousand I$)","1000 Int$",2009,0,"Sugar beet","no"
NA,NA,"Caribbean",NA,"Sugar crops","Gross Production Value (constant 2014-2016 thousand I$)","1000 Int$",2010,0,"Sugar beet","no"
NA,NA,"Caribbean",NA,"Sugar crops","Gross Production Value (constant 2014-2016 thousand I$)","1000 Int$",2011,0,"Sugar beet","no"
NA,NA,"Caribbean",NA,"Sugar crops","Gross Production Value (constant 2014-2016 thousand I$)","1000 Int$",2012,0,"Sugar beet","no"
NA,NA,"Caribbean",NA,"Sugar crops","Gross Production Value (constant 2014-2016 thousand I$)","1000 Int$",2013,0,"Sugar beet","no"
NA,NA,"Caribbean",NA,"Sugar crops","Gross Production Value (constant 2014-2016 thousand I$)","1000 Int$",2014,0,"Sugar beet","no"
NA,NA,"Caribbean",NA,"Sugar crops","Gross Production Value (constant 2014-2016 thousand I$)","1000 Int$",2015,0,"Sugar beet","no"
NA,NA,"Caribbean",NA,"Sugar crops","Gross Production Value (constant 2014-2016 thousand I$)","1000 Int$",2016,0,"Sugar beet","no"
NA,NA,"Caribbean",NA,"Sugar crops","Gross Production Value (constant 2014-2016 thousand I$)","1000 Int$",2017,0,"Sugar beet","no"
NA,NA,"Caribbean",NA,"Sugar crops","Gross Production Value (constant 2014-2016 thousand I$)","1000 Int$",2018,0,"Sugar beet","no"
NA,NA,"Caribbean",NA,"Sugar crops","Gross Production Value (constant 2014-2016 thousand I$)","1000 Int$",2019,0,"Sugar beet","no"
NA,NA,"Caribbean",NA,"Sugar crops","Gross Production Value (constant 2014-2016 thousand I$)","1000 Int$",2020,0,"Sugar beet","no"
NA,NA,"Caribbean",NA,"Sugar crops","Gross Production Value (constant 2014-2016 thousand I$)","1000 Int$",2021,451,"Sugar beet","no"
NA,NA,"Caribbean",NA,"Sugar crops","Gross Production Value (constant 2014-2016 thousand I$)","1000 Int$",2022,497,"Sugar beet","no"
NA,NA,"Caribbean",NA,"Sugar crops","Gross Production Value (constant 2014-2016 thousand I$)","1000 Int$",2023,609,"Sugar beet","no"
NA,NA,"Caribbean",NA,"Sugar crops","Gross Production Value (constant 2014-2016 thousand I$)","1000 Int$",1992,226600.0625,"Sugar cane","no"
NA,NA,"Caribbean",NA,"Sugar crops","Gross Production Value (constant 2014-2016 thousand I$)","1000 Int$",1993,165275.625,"Sugar cane","no"
NA,NA,"Caribbean",NA,"Sugar crops","Gross Production Value (constant 2014-2016 thousand I$)","1000 Int$",1994,159101.0625,"Sugar cane","no"
NA,NA,"Caribbean",NA,"Sugar crops","Gross Production Value (constant 2014-2016 thousand I$)","1000 Int$",1995,128173.625,"Sugar cane","no"
NA,NA,"Caribbean",NA,"Sugar crops","Gross Production Value (constant 2014-2016 thousand I$)","1000 Int$",1996,153391.875,"Sugar cane","no"
NA,NA,"Caribbean",NA,"Sugar crops","Gross Production Value (constant 2014-2016 thousand I$)","1000 Int$",1997,147299.1875,"Sugar cane","no"
NA,NA,"Caribbean",NA,"Sugar crops","Gross Production Value (constant 2014-2016 thousand I$)","1000 Int$",1998,123146.125,"Sugar cane","no"
NA,NA,"Caribbean",NA,"Sugar crops","Gross Production Value (constant 2014-2016 thousand I$)","1000 Int$",1999,125888.375,"Sugar cane","no"
NA,NA,"Caribbean",NA,"Sugar crops","Gross Production Value (constant 2014-2016 thousand I$)","1000 Int$",2000,131762.375,"Sugar cane","no"
NA,NA,"Caribbean",NA,"Sugar crops","Gross Production Value (constant 2014-2016 thousand I$)","1000 Int$",2001,119808.25,"Sugar cane","no"
NA,NA,"Caribbean",NA,"Sugar crops","Gross Production Value (constant 2014-2016 thousand I$)","1000 Int$",2002,127532.3125,"Sugar cane","no"
NA,NA,"Caribbean",NA,"Sugar crops","Gross Production Value (constant 2014-2016 thousand I$)","1000 Int$",2003,89231.375,"Sugar cane","no"
NA,NA,"Caribbean",NA,"Sugar crops","Gross Production Value (constant 2014-2016 thousand I$)","1000 Int$",2004,97431.25,"Sugar cane","no"
NA,NA,"Caribbean",NA,"Sugar crops","Gross Production Value (constant 2014-2016 thousand I$)","1000 Int$",2005,58955.0625,"Sugar cane","no"
NA,NA,"Caribbean",NA,"Sugar crops","Gross Production Value (constant 2014-2016 thousand I$)","1000 Int$",2006,58649,"Sugar cane","no"
NA,NA,"Caribbean",NA,"Sugar crops","Gross Production Value (constant 2014-2016 thousand I$)","1000 Int$",2007,59375.5,"Sugar cane","no"
NA,NA,"Caribbean",NA,"Sugar crops","Gross Production Value (constant 2014-2016 thousand I$)","1000 Int$",2008,66451.375,"Sugar cane","no"
NA,NA,"Caribbean",NA,"Sugar crops","Gross Production Value (constant 2014-2016 thousand I$)","1000 Int$",2009,62816.0625,"Sugar cane","no"
NA,NA,"Caribbean",NA,"Sugar crops","Gross Production Value (constant 2014-2016 thousand I$)","1000 Int$",2010,53624.8125,"Sugar cane","no"
NA,NA,"Caribbean",NA,"Sugar crops","Gross Production Value (constant 2014-2016 thousand I$)","1000 Int$",2011,55290.625,"Sugar cane","no"
NA,NA,"Caribbean",NA,"Sugar crops","Gross Production Value (constant 2014-2016 thousand I$)","1000 Int$",2012,63924.1875,"Sugar cane","no"
NA,NA,"Caribbean",NA,"Sugar crops","Gross Production Value (constant 2014-2016 thousand I$)","1000 Int$",2013,67340.625,"Sugar cane","no"
NA,NA,"Caribbean",NA,"Sugar crops","Gross Production Value (constant 2014-2016 thousand I$)","1000 Int$",2014,73966.4375,"Sugar cane","no"
NA,NA,"Caribbean",NA,"Sugar crops","Gross Production Value (constant 2014-2016 thousand I$)","1000 Int$",2015,76022.4375,"Sugar cane","no"
NA,NA,"Caribbean",NA,"Sugar crops","Gross Production Value (constant 2014-2016 thousand I$)","1000 Int$",2016,69465.8125,"Sugar cane","no"
NA,NA,"Caribbean",NA,"Sugar crops","Gross Production Value (constant 2014-2016 thousand I$)","1000 Int$",2017,79100.125,"Sugar cane","no"
NA,NA,"Caribbean",NA,"Sugar crops","Gross Production Value (constant 2014-2016 thousand I$)","1000 Int$",2018,59324.5,"Sugar cane","no"
NA,NA,"Caribbean",NA,"Sugar crops","Gross Production Value (constant 2014-2016 thousand I$)","1000 Int$",2019,68185.25,"Sugar cane","no"
NA,NA,"Caribbean",NA,"Sugar crops","Gross Production Value (constant 2014-2016 thousand I$)","1000 Int$",2020,59960.0625,"Sugar cane","no"
NA,NA,"Caribbean",NA,"Sugar crops","Gross Production Value (constant 2014-2016 thousand I$)","1000 Int$",2021,50214.75,"Sugar cane","no"
NA,NA,"Caribbean",NA,"Sugar crops","Gross Production Value (constant 2014-2016 thousand I$)","1000 Int$",2022,47888.9375,"Sugar cane","no"
NA,NA,"Caribbean",NA,"Sugar crops","Gross Production Value (constant 2014-2016 thousand I$)","1000 Int$",2023,41807.0625,"Sugar cane","no"
NA,NA,"Caribbean",NA,"Sugar crops","Gross Production Value (constant 2014-2016 thousand US$)","1000 USD",1992,65541,"Sugar cane","no"
NA,NA,"Caribbean",NA,"Sugar crops","Gross Production Value (constant 2014-2016 thousand US$)","1000 USD",1993,68219.5,"Sugar cane","no"
NA,NA,"Caribbean",NA,"Sugar crops","Gross Production Value (constant 2014-2016 thousand US$)","1000 USD",1994,61316.333333333336,"Sugar cane","no"
NA,NA,"Caribbean",NA,"Sugar crops","Gross Production Value (constant 2014-2016 thousand US$)","1000 USD",1995,55446.166666666664,"Sugar cane","no"
NA,NA,"Caribbean",NA,"Sugar crops","Gross Production Value (constant 2014-2016 thousand US$)","1000 USD",1996,61054.333333333336,"Sugar cane","no"
NA,NA,"Caribbean",NA,"Sugar crops","Gross Production Value (constant 2014-2016 thousand US$)","1000 USD",1997,61738,"Sugar cane","no"
NA,NA,"Caribbean",NA,"Sugar crops","Gross Production Value (constant 2014-2016 thousand US$)","1000 USD",1998,49983,"Sugar cane","no"
NA,NA,"Caribbean",NA,"Sugar crops","Gross Production Value (constant 2014-2016 thousand US$)","1000 USD",1999,47826.333333333336,"Sugar cane","no"
NA,NA,"Caribbean",NA,"Sugar crops","Gross Production Value (constant 2014-2016 thousand US$)","1000 USD",2000,47360.5,"Sugar cane","no"
NA,NA,"Caribbean",NA,"Sugar crops","Gross Production Value (constant 2014-2016 thousand US$)","1000 USD",2001,46748.333333333336,"Sugar cane","no"
NA,NA,"Caribbean",NA,"Sugar crops","Gross Production Value (constant 2014-2016 thousand US$)","1000 USD",2002,49111,"Sugar cane","no"
NA,NA,"Caribbean",NA,"Sugar crops","Gross Production Value (constant 2014-2016 thousand US$)","1000 USD",2003,43511.166666666664,"Sugar cane","no"
NA,NA,"Caribbean",NA,"Sugar crops","Gross Production Value (constant 2014-2016 thousand US$)","1000 USD",2004,44869.666666666664,"Sugar cane","no"
NA,NA,"Caribbean",NA,"Sugar crops","Gross Production Value (constant 2014-2016 thousand US$)","1000 USD",2005,37474,"Sugar cane","no"
NA,NA,"Caribbean",NA,"Sugar crops","Gross Production Value (constant 2014-2016 thousand US$)","1000 USD",2006,42113.833333333336,"Sugar cane","no"
NA,NA,"Caribbean",NA,"Sugar crops","Gross Production Value (constant 2014-2016 thousand US$)","1000 USD",2007,43901.333333333336,"Sugar cane","no"
NA,NA,"Caribbean",NA,"Sugar crops","Gross Production Value (constant 2014-2016 thousand US$)","1000 USD",2008,35463,"Sugar cane","no"
NA,NA,"Caribbean",NA,"Sugar crops","Gross Production Value (constant 2014-2016 thousand US$)","1000 USD",2009,32738.333333333332,"Sugar cane","no"
NA,NA,"Caribbean",NA,"Sugar crops","Gross Production Value (constant 2014-2016 thousand US$)","1000 USD",2010,32371.5,"Sugar cane","no"
NA,NA,"Caribbean",NA,"Sugar crops","Gross Production Value (constant 2014-2016 thousand US$)","1000 USD",2011,33578.833333333336,"Sugar cane","no"
NA,NA,"Caribbean",NA,"Sugar crops","Gross Production Value (constant 2014-2016 thousand US$)","1000 USD",2012,34270.166666666664,"Sugar cane","no"
NA,NA,"Caribbean",NA,"Sugar crops","Gross Production Value (constant 2014-2016 thousand US$)","1000 USD",2013,32969.666666666664,"Sugar cane","no"
NA,NA,"Caribbean",NA,"Sugar crops","Gross Production Value (constant 2014-2016 thousand US$)","1000 USD",2014,36390,"Sugar cane","no"
NA,NA,"Caribbean",NA,"Sugar crops","Gross Production Value (constant 2014-2016 thousand US$)","1000 USD",2015,32552.166666666668,"Sugar cane","no"
NA,NA,"Caribbean",NA,"Sugar crops","Gross Production Value (constant 2014-2016 thousand US$)","1000 USD",2016,27093.166666666668,"Sugar cane","no"
NA,NA,"Caribbean",NA,"Sugar crops","Gross Production Value (constant 2014-2016 thousand US$)","1000 USD",2017,34454.833333333336,"Sugar cane","no"
NA,NA,"Caribbean",NA,"Sugar crops","Gross Production Value (constant 2014-2016 thousand US$)","1000 USD",2018,35554.5,"Sugar cane","no"
NA,NA,"Caribbean",NA,"Sugar crops","Gross Production Value (constant 2014-2016 thousand US$)","1000 USD",2019,29050.166666666668,"Sugar cane","no"
NA,NA,"Caribbean",NA,"Sugar crops","Gross Production Value (constant 2014-2016 thousand US$)","1000 USD",2020,29672,"Sugar cane","no"
NA,NA,"Caribbean",NA,"Sugar crops","Gross Production Value (constant 2014-2016 thousand US$)","1000 USD",2021,30690.833333333332,"Sugar cane","no"
NA,NA,"Caribbean",NA,"Sugar crops","Gross Production Value (constant 2014-2016 thousand US$)","1000 USD",2022,31211.833333333332,"Sugar cane","no"
NA,NA,"Caribbean",NA,"Sugar crops","Gross Production Value (constant 2014-2016 thousand US$)","1000 USD",2023,25877.833333333332,"Sugar cane","no"
NA,NA,"Caribbean",NA,"Vegetables","Gross Production Value (constant 2014-2016 thousand I$)","1000 Int$",1992,2299.9333333333334,"Cabbages","no"
NA,NA,"Caribbean",NA,"Vegetables","Gross Production Value (constant 2014-2016 thousand I$)","1000 Int$",1993,2129.3333333333335,"Cabbages","no"
NA,NA,"Caribbean",NA,"Vegetables","Gross Production Value (constant 2014-2016 thousand I$)","1000 Int$",1994,2059.0666666666666,"Cabbages","no"
NA,NA,"Caribbean",NA,"Vegetables","Gross Production Value (constant 2014-2016 thousand I$)","1000 Int$",1995,3204.4666666666667,"Cabbages","no"
NA,NA,"Caribbean",NA,"Vegetables","Gross Production Value (constant 2014-2016 thousand I$)","1000 Int$",1996,2799.866666666667,"Cabbages","no"
NA,NA,"Caribbean",NA,"Vegetables","Gross Production Value (constant 2014-2016 thousand I$)","1000 Int$",1997,2438.866666666667,"Cabbages","no"
NA,NA,"Caribbean",NA,"Vegetables","Gross Production Value (constant 2014-2016 thousand I$)","1000 Int$",1998,2121.733333333333,"Cabbages","no"
NA,NA,"Caribbean",NA,"Vegetables","Gross Production Value (constant 2014-2016 thousand I$)","1000 Int$",1999,3263.3333333333335,"Cabbages","no"
NA,NA,"Caribbean",NA,"Vegetables","Gross Production Value (constant 2014-2016 thousand I$)","1000 Int$",2000,3370.4666666666667,"Cabbages","no"
NA,NA,"Caribbean",NA,"Vegetables","Gross Production Value (constant 2014-2016 thousand I$)","1000 Int$",2001,3212.6,"Cabbages","no"
NA,NA,"Caribbean",NA,"Vegetables","Gross Production Value (constant 2014-2016 thousand I$)","1000 Int$",2002,3531.9333333333334,"Cabbages","no"
NA,NA,"Caribbean",NA,"Vegetables","Gross Production Value (constant 2014-2016 thousand I$)","1000 Int$",2003,4067.4666666666667,"Cabbages","no"
NA,NA,"Caribbean",NA,"Vegetables","Gross Production Value (constant 2014-2016 thousand I$)","1000 Int$",2004,4446.733333333334,"Cabbages","no"
NA,NA,"Caribbean",NA,"Vegetables","Gross Production Value (constant 2014-2016 thousand I$)","1000 Int$",2005,5000.8,"Cabbages","no"
NA,NA,"Caribbean",NA,"Vegetables","Gross Production Value (constant 2014-2016 thousand I$)","1000 Int$",2006,3804.8,"Cabbages","no"
NA,NA,"Caribbean",NA,"Vegetables","Gross Production Value (constant 2014-2016 thousand I$)","1000 Int$",2007,3848.733333333333,"Cabbages","no"
NA,NA,"Caribbean",NA,"Vegetables","Gross Production Value (constant 2014-2016 thousand I$)","1000 Int$",2008,3783.6666666666665,"Cabbages","no"
NA,NA,"Caribbean",NA,"Vegetables","Gross Production Value (constant 2014-2016 thousand I$)","1000 Int$",2009,3587.733333333333,"Cabbages","no"
NA,NA,"Caribbean",NA,"Vegetables","Gross Production Value (constant 2014-2016 thousand I$)","1000 Int$",2010,3338.3333333333335,"Cabbages","no"
NA,NA,"Caribbean",NA,"Vegetables","Gross Production Value (constant 2014-2016 thousand I$)","1000 Int$",2011,3950.6,"Cabbages","no"
NA,NA,"Caribbean",NA,"Vegetables","Gross Production Value (constant 2014-2016 thousand I$)","1000 Int$",2012,3406.4666666666667,"Cabbages","no"
NA,NA,"Caribbean",NA,"Vegetables","Gross Production Value (constant 2014-2016 thousand I$)","1000 Int$",2013,3095.3333333333335,"Cabbages","no"
NA,NA,"Caribbean",NA,"Vegetables","Gross Production Value (constant 2014-2016 thousand I$)","1000 Int$",2014,2927.4666666666667,"Cabbages","no"
NA,NA,"Caribbean",NA,"Vegetables","Gross Production Value (constant 2014-2016 thousand I$)","1000 Int$",2015,3133.866666666667,"Cabbages","no"
NA,NA,"Caribbean",NA,"Vegetables","Gross Production Value (constant 2014-2016 thousand I$)","1000 Int$",2016,3362.733333333333,"Cabbages","no"
NA,NA,"Caribbean",NA,"Vegetables","Gross Production Value (constant 2014-2016 thousand I$)","1000 Int$",2017,4045.6,"Cabbages","no"
NA,NA,"Caribbean",NA,"Vegetables","Gross Production Value (constant 2014-2016 thousand I$)","1000 Int$",2018,3278.8,"Cabbages","no"
NA,NA,"Caribbean",NA,"Vegetables","Gross Production Value (constant 2014-2016 thousand I$)","1000 Int$",2019,2863.3333333333335,"Cabbages","no"
NA,NA,"Caribbean",NA,"Vegetables","Gross Production Value (constant 2014-2016 thousand I$)","1000 Int$",2020,2398.8,"Cabbages","no"
NA,NA,"Caribbean",NA,"Vegetables","Gross Production Value (constant 2014-2016 thousand I$)","1000 Int$",2021,2446.133333333333,"Cabbages","no"
NA,NA,"Caribbean",NA,"Vegetables","Gross Production Value (constant 2014-2016 thousand I$)","1000 Int$",2022,2564.866666666667,"Cabbages","no"
NA,NA,"Caribbean",NA,"Vegetables","Gross Production Value (constant 2014-2016 thousand I$)","1000 Int$",2023,2625.3333333333335,"Cabbages","no"
NA,NA,"Caribbean",NA,"Vegetables","Gross Production Value (constant 2014-2016 thousand US$)","1000 USD",1992,1786.6666666666667,"Cabbages","no"
NA,NA,"Caribbean",NA,"Vegetables","Gross Production Value (constant 2014-2016 thousand US$)","1000 USD",1993,2026.111111111111,"Cabbages","no"
NA,NA,"Caribbean",NA,"Vegetables","Gross Production Value (constant 2014-2016 thousand US$)","1000 USD",1994,2721.222222222222,"Cabbages","no"
NA,NA,"Caribbean",NA,"Vegetables","Gross Production Value (constant 2014-2016 thousand US$)","1000 USD",1995,3709.222222222222,"Cabbages","no"
NA,NA,"Caribbean",NA,"Vegetables","Gross Production Value (constant 2014-2016 thousand US$)","1000 USD",1996,3887.8888888888887,"Cabbages","no"
NA,NA,"Caribbean",NA,"Vegetables","Gross Production Value (constant 2014-2016 thousand US$)","1000 USD",1997,2970.1111111111113,"Cabbages","no"
NA,NA,"Caribbean",NA,"Vegetables","Gross Production Value (constant 2014-2016 thousand US$)","1000 USD",1998,3109.777777777778,"Cabbages","no"
NA,NA,"Caribbean",NA,"Vegetables","Gross Production Value (constant 2014-2016 thousand US$)","1000 USD",1999,3864,"Cabbages","no"
NA,NA,"Caribbean",NA,"Vegetables","Gross Production Value (constant 2014-2016 thousand US$)","1000 USD",2000,2601.3333333333335,"Cabbages","no"
NA,NA,"Caribbean",NA,"Vegetables","Gross Production Value (constant 2014-2016 thousand US$)","1000 USD",2001,3000.4444444444443,"Cabbages","no"
NA,NA,"Caribbean",NA,"Vegetables","Gross Production Value (constant 2014-2016 thousand US$)","1000 USD",2002,2794.6666666666665,"Cabbages","no"
NA,NA,"Caribbean",NA,"Vegetables","Gross Production Value (constant 2014-2016 thousand US$)","1000 USD",2003,3408.8888888888887,"Cabbages","no"
NA,NA,"Caribbean",NA,"Vegetables","Gross Production Value (constant 2014-2016 thousand US$)","1000 USD",2004,2785.1111111111113,"Cabbages","no"
NA,NA,"Caribbean",NA,"Vegetables","Gross Production Value (constant 2014-2016 thousand US$)","1000 USD",2005,2542.1111111111113,"Cabbages","no"
NA,NA,"Caribbean",NA,"Vegetables","Gross Production Value (constant 2014-2016 thousand US$)","1000 USD",2006,2971.777777777778,"Cabbages","no"
NA,NA,"Caribbean",NA,"Vegetables","Gross Production Value (constant 2014-2016 thousand US$)","1000 USD",2007,2586.222222222222,"Cabbages","no"
NA,NA,"Caribbean",NA,"Vegetables","Gross Production Value (constant 2014-2016 thousand US$)","1000 USD",2008,2432.1111111111113,"Cabbages","no"
NA,NA,"Caribbean",NA,"Vegetables","Gross Production Value (constant 2014-2016 thousand US$)","1000 USD",2009,2903.6666666666665,"Cabbages","no"
NA,NA,"Caribbean",NA,"Vegetables","Gross Production Value (constant 2014-2016 thousand US$)","1000 USD",2010,2963.1111111111113,"Cabbages","no"
NA,NA,"Caribbean",NA,"Vegetables","Gross Production Value (constant 2014-2016 thousand US$)","1000 USD",2011,3739,"Cabbages","no"
NA,NA,"Caribbean",NA,"Vegetables","Gross Production Value (constant 2014-2016 thousand US$)","1000 USD",2012,3842.3333333333335,"Cabbages","no"
NA,NA,"Caribbean",NA,"Vegetables","Gross Production Value (constant 2014-2016 thousand US$)","1000 USD",2013,3824.6666666666665,"Cabbages","no"
NA,NA,"Caribbean",NA,"Vegetables","Gross Production Value (constant 2014-2016 thousand US$)","1000 USD",2014,3674.5555555555557,"Cabbages","no"
NA,NA,"Caribbean",NA,"Vegetables","Gross Production Value (constant 2014-2016 thousand US$)","1000 USD",2015,3910.3333333333335,"Cabbages","no"
NA,NA,"Caribbean",NA,"Vegetables","Gross Production Value (constant 2014-2016 thousand US$)","1000 USD",2016,3981.222222222222,"Cabbages","no"
NA,NA,"Caribbean",NA,"Vegetables","Gross Production Value (constant 2014-2016 thousand US$)","1000 USD",2017,3907.1111111111113,"Cabbages","no"
NA,NA,"Caribbean",NA,"Vegetables","Gross Production Value (constant 2014-2016 thousand US$)","1000 USD",2018,4299.333333333333,"Cabbages","no"
NA,NA,"Caribbean",NA,"Vegetables","Gross Production Value (constant 2014-2016 thousand US$)","1000 USD",2019,4114.333333333333,"Cabbages","no"
NA,NA,"Caribbean",NA,"Vegetables","Gross Production Value (constant 2014-2016 thousand US$)","1000 USD",2020,4076.3333333333335,"Cabbages","no"
NA,NA,"Caribbean",NA,"Vegetables","Gross Production Value (constant 2014-2016 thousand US$)","1000 USD",2021,4523,"Cabbages","no"
NA,NA,"Caribbean",NA,"Vegetables","Gross Production Value (constant 2014-2016 thousand US$)","1000 USD",2022,5045.777777777777,"Cabbages","no"
NA,NA,"Caribbean",NA,"Vegetables","Gross Production Value (constant 2014-2016 thousand US$)","1000 USD",2023,4765.222222222223,"Cabbages","no"
NA,NA,"Caribbean",NA,"Vegetables","Gross Production Value (constant 2014-2016 thousand I$)","1000 Int$",1992,2228.8,"Cantaloupes and other melons","no"
NA,NA,"Caribbean",NA,"Vegetables","Gross Production Value (constant 2014-2016 thousand I$)","1000 Int$",1993,2073.1,"Cantaloupes and other melons","no"
NA,NA,"Caribbean",NA,"Vegetables","Gross Production Value (constant 2014-2016 thousand I$)","1000 Int$",1994,2209.6,"Cantaloupes and other melons","no"
NA,NA,"Caribbean",NA,"Vegetables","Gross Production Value (constant 2014-2016 thousand I$)","1000 Int$",1995,2622.9,"Cantaloupes and other melons","no"
NA,NA,"Caribbean",NA,"Vegetables","Gross Production Value (constant 2014-2016 thousand I$)","1000 Int$",1996,2695.5,"Cantaloupes and other melons","no"
NA,NA,"Caribbean",NA,"Vegetables","Gross Production Value (constant 2014-2016 thousand I$)","1000 Int$",1997,2815.4,"Cantaloupes and other melons","no"
NA,NA,"Caribbean",NA,"Vegetables","Gross Production Value (constant 2014-2016 thousand I$)","1000 Int$",1998,3372.7,"Cantaloupes and other melons","no"
NA,NA,"Caribbean",NA,"Vegetables","Gross Production Value (constant 2014-2016 thousand I$)","1000 Int$",1999,4564.8,"Cantaloupes and other melons","no"
NA,NA,"Caribbean",NA,"Vegetables","Gross Production Value (constant 2014-2016 thousand I$)","1000 Int$",2000,4231.9,"Cantaloupes and other melons","no"
NA,NA,"Caribbean",NA,"Vegetables","Gross Production Value (constant 2014-2016 thousand I$)","1000 Int$",2001,5223.6,"Cantaloupes and other melons","no"
NA,NA,"Caribbean",NA,"Vegetables","Gross Production Value (constant 2014-2016 thousand I$)","1000 Int$",2002,5573.5,"Cantaloupes and other melons","no"
NA,NA,"Caribbean",NA,"Vegetables","Gross Production Value (constant 2014-2016 thousand I$)","1000 Int$",2003,6397.9,"Cantaloupes and other melons","no"
NA,NA,"Caribbean",NA,"Vegetables","Gross Production Value (constant 2014-2016 thousand I$)","1000 Int$",2004,6279.6,"Cantaloupes and other melons","no"
NA,NA,"Caribbean",NA,"Vegetables","Gross Production Value (constant 2014-2016 thousand I$)","1000 Int$",2005,5329.2,"Cantaloupes and other melons","no"
NA,NA,"Caribbean",NA,"Vegetables","Gross Production Value (constant 2014-2016 thousand I$)","1000 Int$",2006,4250.4,"Cantaloupes and other melons","no"
NA,NA,"Caribbean",NA,"Vegetables","Gross Production Value (constant 2014-2016 thousand I$)","1000 Int$",2007,3998.8,"Cantaloupes and other melons","no"
NA,NA,"Caribbean",NA,"Vegetables","Gross Production Value (constant 2014-2016 thousand I$)","1000 Int$",2008,3487.5,"Cantaloupes and other melons","no"
NA,NA,"Caribbean",NA,"Vegetables","Gross Production Value (constant 2014-2016 thousand I$)","1000 Int$",2009,3144.7,"Cantaloupes and other melons","no"
NA,NA,"Caribbean",NA,"Vegetables","Gross Production Value (constant 2014-2016 thousand I$)","1000 Int$",2010,2997.4,"Cantaloupes and other melons","no"
NA,NA,"Caribbean",NA,"Vegetables","Gross Production Value (constant 2014-2016 thousand I$)","1000 Int$",2011,3334.7,"Cantaloupes and other melons","no"
NA,NA,"Caribbean",NA,"Vegetables","Gross Production Value (constant 2014-2016 thousand I$)","1000 Int$",2012,3223.6,"Cantaloupes and other melons","no"
NA,NA,"Caribbean",NA,"Vegetables","Gross Production Value (constant 2014-2016 thousand I$)","1000 Int$",2013,3478.3,"Cantaloupes and other melons","no"
NA,NA,"Caribbean",NA,"Vegetables","Gross Production Value (constant 2014-2016 thousand I$)","1000 Int$",2014,3584.2,"Cantaloupes and other melons","no"
NA,NA,"Caribbean",NA,"Vegetables","Gross Production Value (constant 2014-2016 thousand I$)","1000 Int$",2015,3673.9,"Cantaloupes and other melons","no"
NA,NA,"Caribbean",NA,"Vegetables","Gross Production Value (constant 2014-2016 thousand I$)","1000 Int$",2016,3490.8,"Cantaloupes and other melons","no"
NA,NA,"Caribbean",NA,"Vegetables","Gross Production Value (constant 2014-2016 thousand I$)","1000 Int$",2017,3692.3,"Cantaloupes and other melons","no"
NA,NA,"Caribbean",NA,"Vegetables","Gross Production Value (constant 2014-2016 thousand I$)","1000 Int$",2018,3725.4,"Cantaloupes and other melons","no"
NA,NA,"Caribbean",NA,"Vegetables","Gross Production Value (constant 2014-2016 thousand I$)","1000 Int$",2019,3858.5,"Cantaloupes and other melons","no"
NA,NA,"Caribbean",NA,"Vegetables","Gross Production Value (constant 2014-2016 thousand I$)","1000 Int$",2020,3180.6,"Cantaloupes and other melons","no"
NA,NA,"Caribbean",NA,"Vegetables","Gross Production Value (constant 2014-2016 thousand I$)","1000 Int$",2021,3209.9,"Cantaloupes and other melons","no"
NA,NA,"Caribbean",NA,"Vegetables","Gross Production Value (constant 2014-2016 thousand I$)","1000 Int$",2022,3437,"Cantaloupes and other melons","no"
NA,NA,"Caribbean",NA,"Vegetables","Gross Production Value (constant 2014-2016 thousand I$)","1000 Int$",2023,3856.9,"Cantaloupes and other melons","no"
NA,NA,"Caribbean",NA,"Vegetables","Gross Production Value (constant 2014-2016 thousand US$)","1000 USD",1992,1658.8333333333333,"Cantaloupes and other melons","no"
NA,NA,"Caribbean",NA,"Vegetables","Gross Production Value (constant 2014-2016 thousand US$)","1000 USD",1993,1413,"Cantaloupes and other melons","no"
NA,NA,"Caribbean",NA,"Vegetables","Gross Production Value (constant 2014-2016 thousand US$)","1000 USD",1994,1763.5,"Cantaloupes and other melons","no"
NA,NA,"Caribbean",NA,"Vegetables","Gross Production Value (constant 2014-2016 thousand US$)","1000 USD",1995,2587.5,"Cantaloupes and other melons","no"
NA,NA,"Caribbean",NA,"Vegetables","Gross Production Value (constant 2014-2016 thousand US$)","1000 USD",1996,2822.1666666666665,"Cantaloupes and other melons","no"
NA,NA,"Caribbean",NA,"Vegetables","Gross Production Value (constant 2014-2016 thousand US$)","1000 USD",1997,3104.8333333333335,"Cantaloupes and other melons","no"
NA,NA,"Caribbean",NA,"Vegetables","Gross Production Value (constant 2014-2016 thousand US$)","1000 USD",1998,4036.1666666666665,"Cantaloupes and other melons","no"
NA,NA,"Caribbean",NA,"Vegetables","Gross Production Value (constant 2014-2016 thousand US$)","1000 USD",1999,4168.666666666667,"Cantaloupes and other melons","no"
NA,NA,"Caribbean",NA,"Vegetables","Gross Production Value (constant 2014-2016 thousand US$)","1000 USD",2000,3427.8333333333335,"Cantaloupes and other melons","no"
NA,NA,"Caribbean",NA,"Vegetables","Gross Production Value (constant 2014-2016 thousand US$)","1000 USD",2001,4917.666666666667,"Cantaloupes and other melons","no"
NA,NA,"Caribbean",NA,"Vegetables","Gross Production Value (constant 2014-2016 thousand US$)","1000 USD",2002,4905.666666666667,"Cantaloupes and other melons","no"
NA,NA,"Caribbean",NA,"Vegetables","Gross Production Value (constant 2014-2016 thousand US$)","1000 USD",2003,5480.833333333333,"Cantaloupes and other melons","no"
NA,NA,"Caribbean",NA,"Vegetables","Gross Production Value (constant 2014-2016 thousand US$)","1000 USD",2004,4333,"Cantaloupes and other melons","no"
NA,NA,"Caribbean",NA,"Vegetables","Gross Production Value (constant 2014-2016 thousand US$)","1000 USD",2005,3502.6666666666665,"Cantaloupes and other melons","no"
NA,NA,"Caribbean",NA,"Vegetables","Gross Production Value (constant 2014-2016 thousand US$)","1000 USD",2006,2399.3333333333335,"Cantaloupes and other melons","no"
NA,NA,"Caribbean",NA,"Vegetables","Gross Production Value (constant 2014-2016 thousand US$)","1000 USD",2007,3378.8333333333335,"Cantaloupes and other melons","no"
NA,NA,"Caribbean",NA,"Vegetables","Gross Production Value (constant 2014-2016 thousand US$)","1000 USD",2008,2668.8333333333335,"Cantaloupes and other melons","no"
NA,NA,"Caribbean",NA,"Vegetables","Gross Production Value (constant 2014-2016 thousand US$)","1000 USD",2009,2243.5,"Cantaloupes and other melons","no"
NA,NA,"Caribbean",NA,"Vegetables","Gross Production Value (constant 2014-2016 thousand US$)","1000 USD",2010,2176.3333333333335,"Cantaloupes and other melons","no"
NA,NA,"Caribbean",NA,"Vegetables","Gross Production Value (constant 2014-2016 thousand US$)","1000 USD",2011,2803.6666666666665,"Cantaloupes and other melons","no"
NA,NA,"Caribbean",NA,"Vegetables","Gross Production Value (constant 2014-2016 thousand US$)","1000 USD",2012,2822.8333333333335,"Cantaloupes and other melons","no"
NA,NA,"Caribbean",NA,"Vegetables","Gross Production Value (constant 2014-2016 thousand US$)","1000 USD",2013,3283.5,"Cantaloupes and other melons","no"
NA,NA,"Caribbean",NA,"Vegetables","Gross Production Value (constant 2014-2016 thousand US$)","1000 USD",2014,3635.1666666666665,"Cantaloupes and other melons","no"
NA,NA,"Caribbean",NA,"Vegetables","Gross Production Value (constant 2014-2016 thousand US$)","1000 USD",2015,3875.1666666666665,"Cantaloupes and other melons","no"
NA,NA,"Caribbean",NA,"Vegetables","Gross Production Value (constant 2014-2016 thousand US$)","1000 USD",2016,3663.6666666666665,"Cantaloupes and other melons","no"
NA,NA,"Caribbean",NA,"Vegetables","Gross Production Value (constant 2014-2016 thousand US$)","1000 USD",2017,3649.8333333333335,"Cantaloupes and other melons","no"
NA,NA,"Caribbean",NA,"Vegetables","Gross Production Value (constant 2014-2016 thousand US$)","1000 USD",2018,3834.5,"Cantaloupes and other melons","no"
NA,NA,"Caribbean",NA,"Vegetables","Gross Production Value (constant 2014-2016 thousand US$)","1000 USD",2019,3851.5,"Cantaloupes and other melons","no"
NA,NA,"Caribbean",NA,"Vegetables","Gross Production Value (constant 2014-2016 thousand US$)","1000 USD",2020,2584,"Cantaloupes and other melons","no"
NA,NA,"Caribbean",NA,"Vegetables","Gross Production Value (constant 2014-2016 thousand US$)","1000 USD",2021,2729.3333333333335,"Cantaloupes and other melons","no"
NA,NA,"Caribbean",NA,"Vegetables","Gross Production Value (constant 2014-2016 thousand US$)","1000 USD",2022,3476,"Cantaloupes and other melons","no"
NA,NA,"Caribbean",NA,"Vegetables","Gross Production Value (constant 2014-2016 thousand US$)","1000 USD",2023,3902,"Cantaloupes and other melons","no"
NA,NA,"Caribbean",NA,"Vegetables","Gross Production Value (constant 2014-2016 thousand I$)","1000 Int$",1992,715.0833333333334,"Carrots and turnips","no"
NA,NA,"Caribbean",NA,"Vegetables","Gross Production Value (constant 2014-2016 thousand I$)","1000 Int$",1993,826.1666666666666,"Carrots and turnips","no"
NA,NA,"Caribbean",NA,"Vegetables","Gross Production Value (constant 2014-2016 thousand I$)","1000 Int$",1994,965.9166666666666,"Carrots and turnips","no"
NA,NA,"Caribbean",NA,"Vegetables","Gross Production Value (constant 2014-2016 thousand I$)","1000 Int$",1995,1010.5833333333334,"Carrots and turnips","no"
NA,NA,"Caribbean",NA,"Vegetables","Gross Production Value (constant 2014-2016 thousand I$)","1000 Int$",1996,941.0833333333334,"Carrots and turnips","no"
NA,NA,"Caribbean",NA,"Vegetables","Gross Production Value (constant 2014-2016 thousand I$)","1000 Int$",1997,766.3333333333334,"Carrots and turnips","no"
NA,NA,"Caribbean",NA,"Vegetables","Gross Production Value (constant 2014-2016 thousand I$)","1000 Int$",1998,853.25,"Carrots and turnips","no"
NA,NA,"Caribbean",NA,"Vegetables","Gross Production Value (constant 2014-2016 thousand I$)","1000 Int$",1999,1056.8333333333333,"Carrots and turnips","no"
NA,NA,"Caribbean",NA,"Vegetables","Gross Production Value (constant 2014-2016 thousand I$)","1000 Int$",2000,840.9166666666666,"Carrots and turnips","no"
NA,NA,"Caribbean",NA,"Vegetables","Gross Production Value (constant 2014-2016 thousand I$)","1000 Int$",2001,1152.1666666666667,"Carrots and turnips","no"
NA,NA,"Caribbean",NA,"Vegetables","Gross Production Value (constant 2014-2016 thousand I$)","1000 Int$",2002,987.8333333333334,"Carrots and turnips","no"
NA,NA,"Caribbean",NA,"Vegetables","Gross Production Value (constant 2014-2016 thousand I$)","1000 Int$",2003,1129.6666666666667,"Carrots and turnips","no"
NA,NA,"Caribbean",NA,"Vegetables","Gross Production Value (constant 2014-2016 thousand I$)","1000 Int$",2004,936.1666666666666,"Carrots and turnips","no"
NA,NA,"Caribbean",NA,"Vegetables","Gross Production Value (constant 2014-2016 thousand I$)","1000 Int$",2005,1096.5,"Carrots and turnips","no"
NA,NA,"Caribbean",NA,"Vegetables","Gross Production Value (constant 2014-2016 thousand I$)","1000 Int$",2006,1112.9166666666667,"Carrots and turnips","no"
NA,NA,"Caribbean",NA,"Vegetables","Gross Production Value (constant 2014-2016 thousand I$)","1000 Int$",2007,949.75,"Carrots and turnips","no"
NA,NA,"Caribbean",NA,"Vegetables","Gross Production Value (constant 2014-2016 thousand I$)","1000 Int$",2008,978.5,"Carrots and turnips","no"
NA,NA,"Caribbean",NA,"Vegetables","Gross Production Value (constant 2014-2016 thousand I$)","1000 Int$",2009,1138,"Carrots and turnips","no"
NA,NA,"Caribbean",NA,"Vegetables","Gross Production Value (constant 2014-2016 thousand I$)","1000 Int$",2010,1171.75,"Carrots and turnips","no"
NA,NA,"Caribbean",NA,"Vegetables","Gross Production Value (constant 2014-2016 thousand I$)","1000 Int$",2011,1852.1666666666667,"Carrots and turnips","no"
NA,NA,"Caribbean",NA,"Vegetables","Gross Production Value (constant 2014-2016 thousand I$)","1000 Int$",2012,1887.1666666666667,"Carrots and turnips","no"
NA,NA,"Caribbean",NA,"Vegetables","Gross Production Value (constant 2014-2016 thousand I$)","1000 Int$",2013,1835.25,"Carrots and turnips","no"
NA,NA,"Caribbean",NA,"Vegetables","Gross Production Value (constant 2014-2016 thousand I$)","1000 Int$",2014,1578.1666666666667,"Carrots and turnips","no"
NA,NA,"Caribbean",NA,"Vegetables","Gross Production Value (constant 2014-2016 thousand I$)","1000 Int$",2015,1638.6666666666667,"Carrots and turnips","no"
NA,NA,"Caribbean",NA,"Vegetables","Gross Production Value (constant 2014-2016 thousand I$)","1000 Int$",2016,1718.3333333333333,"Carrots and turnips","no"
NA,NA,"Caribbean",NA,"Vegetables","Gross Production Value (constant 2014-2016 thousand I$)","1000 Int$",2017,1616.5833333333333,"Carrots and turnips","no"
NA,NA,"Caribbean",NA,"Vegetables","Gross Production Value (constant 2014-2016 thousand I$)","1000 Int$",2018,1732.9166666666667,"Carrots and turnips","no"
NA,NA,"Caribbean",NA,"Vegetables","Gross Production Value (constant 2014-2016 thousand I$)","1000 Int$",2019,1765.9166666666667,"Carrots and turnips","no"
NA,NA,"Caribbean",NA,"Vegetables","Gross Production Value (constant 2014-2016 thousand I$)","1000 Int$",2020,1743.4166666666667,"Carrots and turnips","no"
NA,NA,"Caribbean",NA,"Vegetables","Gross Production Value (constant 2014-2016 thousand I$)","1000 Int$",2021,1940.1666666666667,"Carrots and turnips","no"
NA,NA,"Caribbean",NA,"Vegetables","Gross Production Value (constant 2014-2016 thousand I$)","1000 Int$",2022,2243.3333333333335,"Carrots and turnips","no"
NA,NA,"Caribbean",NA,"Vegetables","Gross Production Value (constant 2014-2016 thousand I$)","1000 Int$",2023,2384.4166666666665,"Carrots and turnips","no"
NA,NA,"Caribbean",NA,"Vegetables","Gross Production Value (constant 2014-2016 thousand US$)","1000 USD",1992,3479.5,"Carrots and turnips","no"
NA,NA,"Caribbean",NA,"Vegetables","Gross Production Value (constant 2014-2016 thousand US$)","1000 USD",1993,4044.5,"Carrots and turnips","no"
NA,NA,"Caribbean",NA,"Vegetables","Gross Production Value (constant 2014-2016 thousand US$)","1000 USD",1994,4531.25,"Carrots and turnips","no"
NA,NA,"Caribbean",NA,"Vegetables","Gross Production Value (constant 2014-2016 thousand US$)","1000 USD",1995,4831.75,"Carrots and turnips","no"
NA,NA,"Caribbean",NA,"Vegetables","Gross Production Value (constant 2014-2016 thousand US$)","1000 USD",1996,4823.375,"Carrots and turnips","no"
NA,NA,"Caribbean",NA,"Vegetables","Gross Production Value (constant 2014-2016 thousand US$)","1000 USD",1997,3508.625,"Carrots and turnips","no"
NA,NA,"Caribbean",NA,"Vegetables","Gross Production Value (constant 2014-2016 thousand US$)","1000 USD",1998,3975.625,"Carrots and turnips","no"
NA,NA,"Caribbean",NA,"Vegetables","Gross Production Value (constant 2014-2016 thousand US$)","1000 USD",1999,4686,"Carrots and turnips","no"
NA,NA,"Caribbean",NA,"Vegetables","Gross Production Value (constant 2014-2016 thousand US$)","1000 USD",2000,3862.25,"Carrots and turnips","no"
NA,NA,"Caribbean",NA,"Vegetables","Gross Production Value (constant 2014-2016 thousand US$)","1000 USD",2001,4369.75,"Carrots and turnips","no"
NA,NA,"Caribbean",NA,"Vegetables","Gross Production Value (constant 2014-2016 thousand US$)","1000 USD",2002,3976.75,"Carrots and turnips","no"
NA,NA,"Caribbean",NA,"Vegetables","Gross Production Value (constant 2014-2016 thousand US$)","1000 USD",2003,4743.125,"Carrots and turnips","no"
NA,NA,"Caribbean",NA,"Vegetables","Gross Production Value (constant 2014-2016 thousand US$)","1000 USD",2004,3777.875,"Carrots and turnips","no"
NA,NA,"Caribbean",NA,"Vegetables","Gross Production Value (constant 2014-2016 thousand US$)","1000 USD",2005,4401.25,"Carrots and turnips","no"
NA,NA,"Caribbean",NA,"Vegetables","Gross Production Value (constant 2014-2016 thousand US$)","1000 USD",2006,4617.625,"Carrots and turnips","no"
NA,NA,"Caribbean",NA,"Vegetables","Gross Production Value (constant 2014-2016 thousand US$)","1000 USD",2007,4001.125,"Carrots and turnips","no"
NA,NA,"Caribbean",NA,"Vegetables","Gross Production Value (constant 2014-2016 thousand US$)","1000 USD",2008,4021,"Carrots and turnips","no"
NA,NA,"Caribbean",NA,"Vegetables","Gross Production Value (constant 2014-2016 thousand US$)","1000 USD",2009,4906.75,"Carrots and turnips","no"
NA,NA,"Caribbean",NA,"Vegetables","Gross Production Value (constant 2014-2016 thousand US$)","1000 USD",2010,4565.625,"Carrots and turnips","no"
NA,NA,"Caribbean",NA,"Vegetables","Gross Production Value (constant 2014-2016 thousand US$)","1000 USD",2011,6807.75,"Carrots and turnips","no"
NA,NA,"Caribbean",NA,"Vegetables","Gross Production Value (constant 2014-2016 thousand US$)","1000 USD",2012,6661.75,"Carrots and turnips","no"
NA,NA,"Caribbean",NA,"Vegetables","Gross Production Value (constant 2014-2016 thousand US$)","1000 USD",2013,6774.875,"Carrots and turnips","no"
NA,NA,"Caribbean",NA,"Vegetables","Gross Production Value (constant 2014-2016 thousand US$)","1000 USD",2014,5520,"Carrots and turnips","no"
NA,NA,"Caribbean",NA,"Vegetables","Gross Production Value (constant 2014-2016 thousand US$)","1000 USD",2015,5510.375,"Carrots and turnips","no"
NA,NA,"Caribbean",NA,"Vegetables","Gross Production Value (constant 2014-2016 thousand US$)","1000 USD",2016,6104.25,"Carrots and turnips","no"
NA,NA,"Caribbean",NA,"Vegetables","Gross Production Value (constant 2014-2016 thousand US$)","1000 USD",2017,5316.125,"Carrots and turnips","no"
NA,NA,"Caribbean",NA,"Vegetables","Gross Production Value (constant 2014-2016 thousand US$)","1000 USD",2018,5993.25,"Carrots and turnips","no"
NA,NA,"Caribbean",NA,"Vegetables","Gross Production Value (constant 2014-2016 thousand US$)","1000 USD",2019,5934.125,"Carrots and turnips","no"
NA,NA,"Caribbean",NA,"Vegetables","Gross Production Value (constant 2014-2016 thousand US$)","1000 USD",2020,5832.25,"Carrots and turnips","no"
NA,NA,"Caribbean",NA,"Vegetables","Gross Production Value (constant 2014-2016 thousand US$)","1000 USD",2021,6772.125,"Carrots and turnips","no"
NA,NA,"Caribbean",NA,"Vegetables","Gross Production Value (constant 2014-2016 thousand US$)","1000 USD",2022,7738.375,"Carrots and turnips","no"
NA,NA,"Caribbean",NA,"Vegetables","Gross Production Value (constant 2014-2016 thousand US$)","1000 USD",2023,7604.875,"Carrots and turnips","no"
NA,NA,"Caribbean",NA,"Vegetables","Gross Production Value (constant 2014-2016 thousand I$)","1000 Int$",1992,80.5,"Cauliflowers and broccoli","no"
NA,NA,"Caribbean",NA,"Vegetables","Gross Production Value (constant 2014-2016 thousand I$)","1000 Int$",1993,107,"Cauliflowers and broccoli","no"
NA,NA,"Caribbean",NA,"Vegetables","Gross Production Value (constant 2014-2016 thousand I$)","1000 Int$",1994,147.25,"Cauliflowers and broccoli","no"
NA,NA,"Caribbean",NA,"Vegetables","Gross Production Value (constant 2014-2016 thousand I$)","1000 Int$",1995,199.75,"Cauliflowers and broccoli","no"
NA,NA,"Caribbean",NA,"Vegetables","Gross Production Value (constant 2014-2016 thousand I$)","1000 Int$",1996,144,"Cauliflowers and broccoli","no"
NA,NA,"Caribbean",NA,"Vegetables","Gross Production Value (constant 2014-2016 thousand I$)","1000 Int$",1997,127.25,"Cauliflowers and broccoli","no"
NA,NA,"Caribbean",NA,"Vegetables","Gross Production Value (constant 2014-2016 thousand I$)","1000 Int$",1998,130.75,"Cauliflowers and broccoli","no"
NA,NA,"Caribbean",NA,"Vegetables","Gross Production Value (constant 2014-2016 thousand I$)","1000 Int$",1999,160.5,"Cauliflowers and broccoli","no"
NA,NA,"Caribbean",NA,"Vegetables","Gross Production Value (constant 2014-2016 thousand I$)","1000 Int$",2000,173.75,"Cauliflowers and broccoli","no"
NA,NA,"Caribbean",NA,"Vegetables","Gross Production Value (constant 2014-2016 thousand I$)","1000 Int$",2001,265.5,"Cauliflowers and broccoli","no"
NA,NA,"Caribbean",NA,"Vegetables","Gross Production Value (constant 2014-2016 thousand I$)","1000 Int$",2002,210,"Cauliflowers and broccoli","no"
NA,NA,"Caribbean",NA,"Vegetables","Gross Production Value (constant 2014-2016 thousand I$)","1000 Int$",2003,212.25,"Cauliflowers and broccoli","no"
NA,NA,"Caribbean",NA,"Vegetables","Gross Production Value (constant 2014-2016 thousand I$)","1000 Int$",2004,182.25,"Cauliflowers and broccoli","no"
NA,NA,"Caribbean",NA,"Vegetables","Gross Production Value (constant 2014-2016 thousand I$)","1000 Int$",2005,179,"Cauliflowers and broccoli","no"
NA,NA,"Caribbean",NA,"Vegetables","Gross Production Value (constant 2014-2016 thousand I$)","1000 Int$",2006,212.5,"Cauliflowers and broccoli","no"
NA,NA,"Caribbean",NA,"Vegetables","Gross Production Value (constant 2014-2016 thousand I$)","1000 Int$",2007,263.5,"Cauliflowers and broccoli","no"
NA,NA,"Caribbean",NA,"Vegetables","Gross Production Value (constant 2014-2016 thousand I$)","1000 Int$",2008,221.75,"Cauliflowers and broccoli","no"
NA,NA,"Caribbean",NA,"Vegetables","Gross Production Value (constant 2014-2016 thousand I$)","1000 Int$",2009,269.75,"Cauliflowers and broccoli","no"
NA,NA,"Caribbean",NA,"Vegetables","Gross Production Value (constant 2014-2016 thousand I$)","1000 Int$",2010,195.5,"Cauliflowers and broccoli","no"
NA,NA,"Caribbean",NA,"Vegetables","Gross Production Value (constant 2014-2016 thousand I$)","1000 Int$",2011,273,"Cauliflowers and broccoli","no"
NA,NA,"Caribbean",NA,"Vegetables","Gross Production Value (constant 2014-2016 thousand I$)","1000 Int$",2012,268.25,"Cauliflowers and broccoli","no"
NA,NA,"Caribbean",NA,"Vegetables","Gross Production Value (constant 2014-2016 thousand I$)","1000 Int$",2013,297.25,"Cauliflowers and broccoli","no"
NA,NA,"Caribbean",NA,"Vegetables","Gross Production Value (constant 2014-2016 thousand I$)","1000 Int$",2014,250.5,"Cauliflowers and broccoli","no"
NA,NA,"Caribbean",NA,"Vegetables","Gross Production Value (constant 2014-2016 thousand I$)","1000 Int$",2015,248.5,"Cauliflowers and broccoli","no"
NA,NA,"Caribbean",NA,"Vegetables","Gross Production Value (constant 2014-2016 thousand I$)","1000 Int$",2016,285.25,"Cauliflowers and broccoli","no"
NA,NA,"Caribbean",NA,"Vegetables","Gross Production Value (constant 2014-2016 thousand I$)","1000 Int$",2017,212,"Cauliflowers and broccoli","no"
NA,NA,"Caribbean",NA,"Vegetables","Gross Production Value (constant 2014-2016 thousand I$)","1000 Int$",2018,220.75,"Cauliflowers and broccoli","no"
NA,NA,"Caribbean",NA,"Vegetables","Gross Production Value (constant 2014-2016 thousand I$)","1000 Int$",2019,258.25,"Cauliflowers and broccoli","no"
NA,NA,"Caribbean",NA,"Vegetables","Gross Production Value (constant 2014-2016 thousand I$)","1000 Int$",2020,270.75,"Cauliflowers and broccoli","no"
NA,NA,"Caribbean",NA,"Vegetables","Gross Production Value (constant 2014-2016 thousand I$)","1000 Int$",2021,902.25,"Cauliflowers and broccoli","no"
NA,NA,"Caribbean",NA,"Vegetables","Gross Production Value (constant 2014-2016 thousand I$)","1000 Int$",2022,982.75,"Cauliflowers and broccoli","no"
NA,NA,"Caribbean",NA,"Vegetables","Gross Production Value (constant 2014-2016 thousand I$)","1000 Int$",2023,1161.25,"Cauliflowers and broccoli","no"
NA,NA,"Caribbean",NA,"Vegetables","Gross Production Value (constant 2014-2016 thousand US$)","1000 USD",1992,426.6666666666667,"Cauliflowers and broccoli","no"
NA,NA,"Caribbean",NA,"Vegetables","Gross Production Value (constant 2014-2016 thousand US$)","1000 USD",1993,552.6666666666666,"Cauliflowers and broccoli","no"
NA,NA,"Caribbean",NA,"Vegetables","Gross Production Value (constant 2014-2016 thousand US$)","1000 USD",1994,771.6666666666666,"Cauliflowers and broccoli","no"
NA,NA,"Caribbean",NA,"Vegetables","Gross Production Value (constant 2014-2016 thousand US$)","1000 USD",1995,1054,"Cauliflowers and broccoli","no"
NA,NA,"Caribbean",NA,"Vegetables","Gross Production Value (constant 2014-2016 thousand US$)","1000 USD",1996,751.3333333333334,"Cauliflowers and broccoli","no"
NA,NA,"Caribbean",NA,"Vegetables","Gross Production Value (constant 2014-2016 thousand US$)","1000 USD",1997,674,"Cauliflowers and broccoli","no"
NA,NA,"Caribbean",NA,"Vegetables","Gross Production Value (constant 2014-2016 thousand US$)","1000 USD",1998,691.3333333333334,"Cauliflowers and broccoli","no"
NA,NA,"Caribbean",NA,"Vegetables","Gross Production Value (constant 2014-2016 thousand US$)","1000 USD",1999,835.6666666666666,"Cauliflowers and broccoli","no"
NA,NA,"Caribbean",NA,"Vegetables","Gross Production Value (constant 2014-2016 thousand US$)","1000 USD",2000,895.6666666666666,"Cauliflowers and broccoli","no"
NA,NA,"Caribbean",NA,"Vegetables","Gross Production Value (constant 2014-2016 thousand US$)","1000 USD",2001,1400.3333333333333,"Cauliflowers and broccoli","no"
NA,NA,"Caribbean",NA,"Vegetables","Gross Production Value (constant 2014-2016 thousand US$)","1000 USD",2002,1083,"Cauliflowers and broccoli","no"
NA,NA,"Caribbean",NA,"Vegetables","Gross Production Value (constant 2014-2016 thousand US$)","1000 USD",2003,1102.3333333333333,"Cauliflowers and broccoli","no"
NA,NA,"Caribbean",NA,"Vegetables","Gross Production Value (constant 2014-2016 thousand US$)","1000 USD",2004,957.3333333333334,"Cauliflowers and broccoli","no"
NA,NA,"Caribbean",NA,"Vegetables","Gross Production Value (constant 2014-2016 thousand US$)","1000 USD",2005,947,"Cauliflowers and broccoli","no"
NA,NA,"Caribbean",NA,"Vegetables","Gross Production Value (constant 2014-2016 thousand US$)","1000 USD",2006,1104.3333333333333,"Cauliflowers and broccoli","no"
NA,NA,"Caribbean",NA,"Vegetables","Gross Production Value (constant 2014-2016 thousand US$)","1000 USD",2007,1360.3333333333333,"Cauliflowers and broccoli","no"
NA,NA,"Caribbean",NA,"Vegetables","Gross Production Value (constant 2014-2016 thousand US$)","1000 USD",2008,1148.3333333333333,"Cauliflowers and broccoli","no"
NA,NA,"Caribbean",NA,"Vegetables","Gross Production Value (constant 2014-2016 thousand US$)","1000 USD",2009,1405.3333333333333,"Cauliflowers and broccoli","no"
NA,NA,"Caribbean",NA,"Vegetables","Gross Production Value (constant 2014-2016 thousand US$)","1000 USD",2010,1030.3333333333333,"Cauliflowers and broccoli","no"
NA,NA,"Caribbean",NA,"Vegetables","Gross Production Value (constant 2014-2016 thousand US$)","1000 USD",2011,1424.6666666666667,"Cauliflowers and broccoli","no"
NA,NA,"Caribbean",NA,"Vegetables","Gross Production Value (constant 2014-2016 thousand US$)","1000 USD",2012,1408,"Cauliflowers and broccoli","no"
NA,NA,"Caribbean",NA,"Vegetables","Gross Production Value (constant 2014-2016 thousand US$)","1000 USD",2013,1565.3333333333333,"Cauliflowers and broccoli","no"
NA,NA,"Caribbean",NA,"Vegetables","Gross Production Value (constant 2014-2016 thousand US$)","1000 USD",2014,1328,"Cauliflowers and broccoli","no"
NA,NA,"Caribbean",NA,"Vegetables","Gross Production Value (constant 2014-2016 thousand US$)","1000 USD",2015,1345.3333333333333,"Cauliflowers and broccoli","no"
NA,NA,"Caribbean",NA,"Vegetables","Gross Production Value (constant 2014-2016 thousand US$)","1000 USD",2016,1591.6666666666667,"Cauliflowers and broccoli","no"
NA,NA,"Caribbean",NA,"Vegetables","Gross Production Value (constant 2014-2016 thousand US$)","1000 USD",2017,1139.6666666666667,"Cauliflowers and broccoli","no"
NA,NA,"Caribbean",NA,"Vegetables","Gross Production Value (constant 2014-2016 thousand US$)","1000 USD",2018,1214.6666666666667,"Cauliflowers and broccoli","no"
NA,NA,"Caribbean",NA,"Vegetables","Gross Production Value (constant 2014-2016 thousand US$)","1000 USD",2019,1385,"Cauliflowers and broccoli","no"
NA,NA,"Caribbean",NA,"Vegetables","Gross Production Value (constant 2014-2016 thousand US$)","1000 USD",2020,1491,"Cauliflowers and broccoli","no"
NA,NA,"Caribbean",NA,"Vegetables","Gross Production Value (constant 2014-2016 thousand US$)","1000 USD",2021,1820.3333333333333,"Cauliflowers and broccoli","no"
NA,NA,"Caribbean",NA,"Vegetables","Gross Production Value (constant 2014-2016 thousand US$)","1000 USD",2022,1990.6666666666667,"Cauliflowers and broccoli","no"
NA,NA,"Caribbean",NA,"Vegetables","Gross Production Value (constant 2014-2016 thousand US$)","1000 USD",2023,1960.3333333333333,"Cauliflowers and broccoli","no"
NA,NA,"Caribbean",NA,"Vegetables","Gross Production Value (constant 2014-2016 thousand I$)","1000 Int$",1992,2914,"Chillies and peppers","no"
NA,NA,"Caribbean",NA,"Vegetables","Gross Production Value (constant 2014-2016 thousand I$)","1000 Int$",1993,2679.090909090909,"Chillies and peppers","no"
NA,NA,"Caribbean",NA,"Vegetables","Gross Production Value (constant 2014-2016 thousand I$)","1000 Int$",1994,1745.8181818181818,"Chillies and peppers","no"
NA,NA,"Caribbean",NA,"Vegetables","Gross Production Value (constant 2014-2016 thousand I$)","1000 Int$",1995,2317.818181818182,"Chillies and peppers","no"
NA,NA,"Caribbean",NA,"Vegetables","Gross Production Value (constant 2014-2016 thousand I$)","1000 Int$",1996,2671.2727272727275,"Chillies and peppers","no"
NA,NA,"Caribbean",NA,"Vegetables","Gross Production Value (constant 2014-2016 thousand I$)","1000 Int$",1997,2424.7272727272725,"Chillies and peppers","no"
NA,NA,"Caribbean",NA,"Vegetables","Gross Production Value (constant 2014-2016 thousand I$)","1000 Int$",1998,2617.4545454545455,"Chillies and peppers","no"
NA,NA,"Caribbean",NA,"Vegetables","Gross Production Value (constant 2014-2016 thousand I$)","1000 Int$",1999,3833.090909090909,"Chillies and peppers","no"
NA,NA,"Caribbean",NA,"Vegetables","Gross Production Value (constant 2014-2016 thousand I$)","1000 Int$",2000,4559.181818181818,"Chillies and peppers","no"
NA,NA,"Caribbean",NA,"Vegetables","Gross Production Value (constant 2014-2016 thousand I$)","1000 Int$",2001,6031.727272727273,"Chillies and peppers","no"
NA,NA,"Caribbean",NA,"Vegetables","Gross Production Value (constant 2014-2016 thousand I$)","1000 Int$",2002,6319.727272727273,"Chillies and peppers","no"
NA,NA,"Caribbean",NA,"Vegetables","Gross Production Value (constant 2014-2016 thousand I$)","1000 Int$",2003,7396,"Chillies and peppers","no"
NA,NA,"Caribbean",NA,"Vegetables","Gross Production Value (constant 2014-2016 thousand I$)","1000 Int$",2004,8235.363636363636,"Chillies and peppers","no"
NA,NA,"Caribbean",NA,"Vegetables","Gross Production Value (constant 2014-2016 thousand I$)","1000 Int$",2005,7531.636363636364,"Chillies and peppers","no"
NA,NA,"Caribbean",NA,"Vegetables","Gross Production Value (constant 2014-2016 thousand I$)","1000 Int$",2006,6485.636363636364,"Chillies and peppers","no"
NA,NA,"Caribbean",NA,"Vegetables","Gross Production Value (constant 2014-2016 thousand I$)","1000 Int$",2007,6055.636363636364,"Chillies and peppers","no"
NA,NA,"Caribbean",NA,"Vegetables","Gross Production Value (constant 2014-2016 thousand I$)","1000 Int$",2008,6710,"Chillies and peppers","no"
NA,NA,"Caribbean",NA,"Vegetables","Gross Production Value (constant 2014-2016 thousand I$)","1000 Int$",2009,6779.181818181818,"Chillies and peppers","no"
NA,NA,"Caribbean",NA,"Vegetables","Gross Production Value (constant 2014-2016 thousand I$)","1000 Int$",2010,5928.090909090909,"Chillies and peppers","no"
NA,NA,"Caribbean",NA,"Vegetables","Gross Production Value (constant 2014-2016 thousand I$)","1000 Int$",2011,6872.545454545455,"Chillies and peppers","no"
NA,NA,"Caribbean",NA,"Vegetables","Gross Production Value (constant 2014-2016 thousand I$)","1000 Int$",2012,7217,"Chillies and peppers","no"
NA,NA,"Caribbean",NA,"Vegetables","Gross Production Value (constant 2014-2016 thousand I$)","1000 Int$",2013,8327.272727272728,"Chillies and peppers","no"
NA,NA,"Caribbean",NA,"Vegetables","Gross Production Value (constant 2014-2016 thousand I$)","1000 Int$",2014,7419.727272727273,"Chillies and peppers","no"
NA,NA,"Caribbean",NA,"Vegetables","Gross Production Value (constant 2014-2016 thousand I$)","1000 Int$",2015,8152.181818181818,"Chillies and peppers","no"
NA,NA,"Caribbean",NA,"Vegetables","Gross Production Value (constant 2014-2016 thousand I$)","1000 Int$",2016,8313.90909090909,"Chillies and peppers","no"
NA,NA,"Caribbean",NA,"Vegetables","Gross Production Value (constant 2014-2016 thousand I$)","1000 Int$",2017,10119.363636363636,"Chillies and peppers","no"
NA,NA,"Caribbean",NA,"Vegetables","Gross Production Value (constant 2014-2016 thousand I$)","1000 Int$",2018,9226.181818181818,"Chillies and peppers","no"
NA,NA,"Caribbean",NA,"Vegetables","Gross Production Value (constant 2014-2016 thousand I$)","1000 Int$",2019,9256,"Chillies and peppers","no"
NA,NA,"Caribbean",NA,"Vegetables","Gross Production Value (constant 2014-2016 thousand I$)","1000 Int$",2020,8200.818181818182,"Chillies and peppers","no"
NA,NA,"Caribbean",NA,"Vegetables","Gross Production Value (constant 2014-2016 thousand I$)","1000 Int$",2021,8340.363636363636,"Chillies and peppers","no"
NA,NA,"Caribbean",NA,"Vegetables","Gross Production Value (constant 2014-2016 thousand I$)","1000 Int$",2022,9146.818181818182,"Chillies and peppers","no"
NA,NA,"Caribbean",NA,"Vegetables","Gross Production Value (constant 2014-2016 thousand I$)","1000 Int$",2023,9838.545454545454,"Chillies and peppers","no"
NA,NA,"Caribbean",NA,"Vegetables","Gross Production Value (constant 2014-2016 thousand US$)","1000 USD",1992,4104.75,"Chillies and peppers","no"
NA,NA,"Caribbean",NA,"Vegetables","Gross Production Value (constant 2014-2016 thousand US$)","1000 USD",1993,4494.25,"Chillies and peppers","no"
NA,NA,"Caribbean",NA,"Vegetables","Gross Production Value (constant 2014-2016 thousand US$)","1000 USD",1994,4964.5,"Chillies and peppers","no"
NA,NA,"Caribbean",NA,"Vegetables","Gross Production Value (constant 2014-2016 thousand US$)","1000 USD",1995,5376.75,"Chillies and peppers","no"
NA,NA,"Caribbean",NA,"Vegetables","Gross Production Value (constant 2014-2016 thousand US$)","1000 USD",1996,6087.125,"Chillies and peppers","no"
NA,NA,"Caribbean",NA,"Vegetables","Gross Production Value (constant 2014-2016 thousand US$)","1000 USD",1997,4973,"Chillies and peppers","no"
NA,NA,"Caribbean",NA,"Vegetables","Gross Production Value (constant 2014-2016 thousand US$)","1000 USD",1998,5758,"Chillies and peppers","no"
NA,NA,"Caribbean",NA,"Vegetables","Gross Production Value (constant 2014-2016 thousand US$)","1000 USD",1999,6543.875,"Chillies and peppers","no"
NA,NA,"Caribbean",NA,"Vegetables","Gross Production Value (constant 2014-2016 thousand US$)","1000 USD",2000,5788.5,"Chillies and peppers","no"
NA,NA,"Caribbean",NA,"Vegetables","Gross Production Value (constant 2014-2016 thousand US$)","1000 USD",2001,7244.625,"Chillies and peppers","no"
NA,NA,"Caribbean",NA,"Vegetables","Gross Production Value (constant 2014-2016 thousand US$)","1000 USD",2002,7495.875,"Chillies and peppers","no"
NA,NA,"Caribbean",NA,"Vegetables","Gross Production Value (constant 2014-2016 thousand US$)","1000 USD",2003,9552,"Chillies and peppers","no"
NA,NA,"Caribbean",NA,"Vegetables","Gross Production Value (constant 2014-2016 thousand US$)","1000 USD",2004,7735,"Chillies and peppers","no"
NA,NA,"Caribbean",NA,"Vegetables","Gross Production Value (constant 2014-2016 thousand US$)","1000 USD",2005,7451.75,"Chillies and peppers","no"
NA,NA,"Caribbean",NA,"Vegetables","Gross Production Value (constant 2014-2016 thousand US$)","1000 USD",2006,7975.5,"Chillies and peppers","no"
NA,NA,"Caribbean",NA,"Vegetables","Gross Production Value (constant 2014-2016 thousand US$)","1000 USD",2007,7823.75,"Chillies and peppers","no"
NA,NA,"Caribbean",NA,"Vegetables","Gross Production Value (constant 2014-2016 thousand US$)","1000 USD",2008,8016.25,"Chillies and peppers","no"
NA,NA,"Caribbean",NA,"Vegetables","Gross Production Value (constant 2014-2016 thousand US$)","1000 USD",2009,9491.75,"Chillies and peppers","no"
NA,NA,"Caribbean",NA,"Vegetables","Gross Production Value (constant 2014-2016 thousand US$)","1000 USD",2010,9173.75,"Chillies and peppers","no"
NA,NA,"Caribbean",NA,"Vegetables","Gross Production Value (constant 2014-2016 thousand US$)","1000 USD",2011,10510.375,"Chillies and peppers","no"
NA,NA,"Caribbean",NA,"Vegetables","Gross Production Value (constant 2014-2016 thousand US$)","1000 USD",2012,10006.875,"Chillies and peppers","no"
NA,NA,"Caribbean",NA,"Vegetables","Gross Production Value (constant 2014-2016 thousand US$)","1000 USD",2013,11361.25,"Chillies and peppers","no"
NA,NA,"Caribbean",NA,"Vegetables","Gross Production Value (constant 2014-2016 thousand US$)","1000 USD",2014,10892.5,"Chillies and peppers","no"
NA,NA,"Caribbean",NA,"Vegetables","Gross Production Value (constant 2014-2016 thousand US$)","1000 USD",2015,11476.375,"Chillies and peppers","no"
NA,NA,"Caribbean",NA,"Vegetables","Gross Production Value (constant 2014-2016 thousand US$)","1000 USD",2016,11944.625,"Chillies and peppers","no"
NA,NA,"Caribbean",NA,"Vegetables","Gross Production Value (constant 2014-2016 thousand US$)","1000 USD",2017,11863.625,"Chillies and peppers","no"
NA,NA,"Caribbean",NA,"Vegetables","Gross Production Value (constant 2014-2016 thousand US$)","1000 USD",2018,14323.75,"Chillies and peppers","no"
NA,NA,"Caribbean",NA,"Vegetables","Gross Production Value (constant 2014-2016 thousand US$)","1000 USD",2019,12920.25,"Chillies and peppers","no"
NA,NA,"Caribbean",NA,"Vegetables","Gross Production Value (constant 2014-2016 thousand US$)","1000 USD",2020,13398.375,"Chillies and peppers","no"
NA,NA,"Caribbean",NA,"Vegetables","Gross Production Value (constant 2014-2016 thousand US$)","1000 USD",2021,14822.625,"Chillies and peppers","no"
NA,NA,"Caribbean",NA,"Vegetables","Gross Production Value (constant 2014-2016 thousand US$)","1000 USD",2022,16349.5,"Chillies and peppers","no"
NA,NA,"Caribbean",NA,"Vegetables","Gross Production Value (constant 2014-2016 thousand US$)","1000 USD",2023,16197.75,"Chillies and peppers","no"
NA,NA,"Caribbean",NA,"Vegetables","Gross Production Value (constant 2014-2016 thousand I$)","1000 Int$",1992,2064.6153846153848,"Cucumbers and gherkins","no"
NA,NA,"Caribbean",NA,"Vegetables","Gross Production Value (constant 2014-2016 thousand I$)","1000 Int$",1993,1835.6923076923076,"Cucumbers and gherkins","no"
NA,NA,"Caribbean",NA,"Vegetables","Gross Production Value (constant 2014-2016 thousand I$)","1000 Int$",1994,2385.3076923076924,"Cucumbers and gherkins","no"
NA,NA,"Caribbean",NA,"Vegetables","Gross Production Value (constant 2014-2016 thousand I$)","1000 Int$",1995,2000,"Cucumbers and gherkins","no"
NA,NA,"Caribbean",NA,"Vegetables","Gross Production Value (constant 2014-2016 thousand I$)","1000 Int$",1996,2516,"Cucumbers and gherkins","no"
NA,NA,"Caribbean",NA,"Vegetables","Gross Production Value (constant 2014-2016 thousand I$)","1000 Int$",1997,2355.846153846154,"Cucumbers and gherkins","no"
NA,NA,"Caribbean",NA,"Vegetables","Gross Production Value (constant 2014-2016 thousand I$)","1000 Int$",1998,3189.230769230769,"Cucumbers and gherkins","no"
NA,NA,"Caribbean",NA,"Vegetables","Gross Production Value (constant 2014-2016 thousand I$)","1000 Int$",1999,3989.5384615384614,"Cucumbers and gherkins","no"
NA,NA,"Caribbean",NA,"Vegetables","Gross Production Value (constant 2014-2016 thousand I$)","1000 Int$",2000,6867.538461538462,"Cucumbers and gherkins","no"
NA,NA,"Caribbean",NA,"Vegetables","Gross Production Value (constant 2014-2016 thousand I$)","1000 Int$",2001,8406.307692307691,"Cucumbers and gherkins","no"
NA,NA,"Caribbean",NA,"Vegetables","Gross Production Value (constant 2014-2016 thousand I$)","1000 Int$",2002,9800.846153846154,"Cucumbers and gherkins","no"
NA,NA,"Caribbean",NA,"Vegetables","Gross Production Value (constant 2014-2016 thousand I$)","1000 Int$",2003,11374.153846153846,"Cucumbers and gherkins","no"
NA,NA,"Caribbean",NA,"Vegetables","Gross Production Value (constant 2014-2016 thousand I$)","1000 Int$",2004,11511.076923076924,"Cucumbers and gherkins","no"
NA,NA,"Caribbean",NA,"Vegetables","Gross Production Value (constant 2014-2016 thousand I$)","1000 Int$",2005,7391.461538461538,"Cucumbers and gherkins","no"
NA,NA,"Caribbean",NA,"Vegetables","Gross Production Value (constant 2014-2016 thousand I$)","1000 Int$",2006,5535.692307692308,"Cucumbers and gherkins","no"
NA,NA,"Caribbean",NA,"Vegetables","Gross Production Value (constant 2014-2016 thousand I$)","1000 Int$",2007,5106.692307692308,"Cucumbers and gherkins","no"
NA,NA,"Caribbean",NA,"Vegetables","Gross Production Value (constant 2014-2016 thousand I$)","1000 Int$",2008,4664.615384615385,"Cucumbers and gherkins","no"
NA,NA,"Caribbean",NA,"Vegetables","Gross Production Value (constant 2014-2016 thousand I$)","1000 Int$",2009,3891.076923076923,"Cucumbers and gherkins","no"
NA,NA,"Caribbean",NA,"Vegetables","Gross Production Value (constant 2014-2016 thousand I$)","1000 Int$",2010,3374,"Cucumbers and gherkins","no"
NA,NA,"Caribbean",NA,"Vegetables","Gross Production Value (constant 2014-2016 thousand I$)","1000 Int$",2011,3598.3076923076924,"Cucumbers and gherkins","no"
NA,NA,"Caribbean",NA,"Vegetables","Gross Production Value (constant 2014-2016 thousand I$)","1000 Int$",2012,3676.6153846153848,"Cucumbers and gherkins","no"
NA,NA,"Caribbean",NA,"Vegetables","Gross Production Value (constant 2014-2016 thousand I$)","1000 Int$",2013,4388,"Cucumbers and gherkins","no"
NA,NA,"Caribbean",NA,"Vegetables","Gross Production Value (constant 2014-2016 thousand I$)","1000 Int$",2014,3909.076923076923,"Cucumbers and gherkins","no"
NA,NA,"Caribbean",NA,"Vegetables","Gross Production Value (constant 2014-2016 thousand I$)","1000 Int$",2015,4484.153846153846,"Cucumbers and gherkins","no"
NA,NA,"Caribbean",NA,"Vegetables","Gross Production Value (constant 2014-2016 thousand I$)","1000 Int$",2016,5031,"Cucumbers and gherkins","no"
NA,NA,"Caribbean",NA,"Vegetables","Gross Production Value (constant 2014-2016 thousand I$)","1000 Int$",2017,5450.538461538462,"Cucumbers and gherkins","no"
NA,NA,"Caribbean",NA,"Vegetables","Gross Production Value (constant 2014-2016 thousand I$)","1000 Int$",2018,4281.7692307692305,"Cucumbers and gherkins","no"
NA,NA,"Caribbean",NA,"Vegetables","Gross Production Value (constant 2014-2016 thousand I$)","1000 Int$",2019,3986.3076923076924,"Cucumbers and gherkins","no"
NA,NA,"Caribbean",NA,"Vegetables","Gross Production Value (constant 2014-2016 thousand I$)","1000 Int$",2020,3514.6923076923076,"Cucumbers and gherkins","no"
NA,NA,"Caribbean",NA,"Vegetables","Gross Production Value (constant 2014-2016 thousand I$)","1000 Int$",2021,3519.846153846154,"Cucumbers and gherkins","no"
NA,NA,"Caribbean",NA,"Vegetables","Gross Production Value (constant 2014-2016 thousand I$)","1000 Int$",2022,3551.5384615384614,"Cucumbers and gherkins","no"
NA,NA,"Caribbean",NA,"Vegetables","Gross Production Value (constant 2014-2016 thousand I$)","1000 Int$",2023,3558.923076923077,"Cucumbers and gherkins","no"
NA,NA,"Caribbean",NA,"Vegetables","Gross Production Value (constant 2014-2016 thousand US$)","1000 USD",1992,1210.2222222222222,"Cucumbers and gherkins","no"
NA,NA,"Caribbean",NA,"Vegetables","Gross Production Value (constant 2014-2016 thousand US$)","1000 USD",1993,1530,"Cucumbers and gherkins","no"
NA,NA,"Caribbean",NA,"Vegetables","Gross Production Value (constant 2014-2016 thousand US$)","1000 USD",1994,1895.5555555555557,"Cucumbers and gherkins","no"
NA,NA,"Caribbean",NA,"Vegetables","Gross Production Value (constant 2014-2016 thousand US$)","1000 USD",1995,2191.5555555555557,"Cucumbers and gherkins","no"
NA,NA,"Caribbean",NA,"Vegetables","Gross Production Value (constant 2014-2016 thousand US$)","1000 USD",1996,2103.777777777778,"Cucumbers and gherkins","no"
NA,NA,"Caribbean",NA,"Vegetables","Gross Production Value (constant 2014-2016 thousand US$)","1000 USD",1997,1740.7777777777778,"Cucumbers and gherkins","no"
NA,NA,"Caribbean",NA,"Vegetables","Gross Production Value (constant 2014-2016 thousand US$)","1000 USD",1998,1940.111111111111,"Cucumbers and gherkins","no"
NA,NA,"Caribbean",NA,"Vegetables","Gross Production Value (constant 2014-2016 thousand US$)","1000 USD",1999,1937.7777777777778,"Cucumbers and gherkins","no"
NA,NA,"Caribbean",NA,"Vegetables","Gross Production Value (constant 2014-2016 thousand US$)","1000 USD",2000,1899.6666666666667,"Cucumbers and gherkins","no"
NA,NA,"Caribbean",NA,"Vegetables","Gross Production Value (constant 2014-2016 thousand US$)","1000 USD",2001,2270.3333333333335,"Cucumbers and gherkins","no"
NA,NA,"Caribbean",NA,"Vegetables","Gross Production Value (constant 2014-2016 thousand US$)","1000 USD",2002,1988.111111111111,"Cucumbers and gherkins","no"
NA,NA,"Caribbean",NA,"Vegetables","Gross Production Value (constant 2014-2016 thousand US$)","1000 USD",2003,2149.777777777778,"Cucumbers and gherkins","no"
NA,NA,"Caribbean",NA,"Vegetables","Gross Production Value (constant 2014-2016 thousand US$)","1000 USD",2004,1906.6666666666667,"Cucumbers and gherkins","no"
NA,NA,"Caribbean",NA,"Vegetables","Gross Production Value (constant 2014-2016 thousand US$)","1000 USD",2005,1864.3333333333333,"Cucumbers and gherkins","no"
NA,NA,"Caribbean",NA,"Vegetables","Gross Production Value (constant 2014-2016 thousand US$)","1000 USD",2006,1857.5555555555557,"Cucumbers and gherkins","no"
NA,NA,"Caribbean",NA,"Vegetables","Gross Production Value (constant 2014-2016 thousand US$)","1000 USD",2007,1694,"Cucumbers and gherkins","no"
NA,NA,"Caribbean",NA,"Vegetables","Gross Production Value (constant 2014-2016 thousand US$)","1000 USD",2008,1537.3333333333333,"Cucumbers and gherkins","no"
NA,NA,"Caribbean",NA,"Vegetables","Gross Production Value (constant 2014-2016 thousand US$)","1000 USD",2009,1650.6666666666667,"Cucumbers and gherkins","no"
NA,NA,"Caribbean",NA,"Vegetables","Gross Production Value (constant 2014-2016 thousand US$)","1000 USD",2010,1674.2222222222222,"Cucumbers and gherkins","no"
NA,NA,"Caribbean",NA,"Vegetables","Gross Production Value (constant 2014-2016 thousand US$)","1000 USD",2011,2051.777777777778,"Cucumbers and gherkins","no"
NA,NA,"Caribbean",NA,"Vegetables","Gross Production Value (constant 2014-2016 thousand US$)","1000 USD",2012,2148.1111111111113,"Cucumbers and gherkins","no"
NA,NA,"Caribbean",NA,"Vegetables","Gross Production Value (constant 2014-2016 thousand US$)","1000 USD",2013,2265.4444444444443,"Cucumbers and gherkins","no"
NA,NA,"Caribbean",NA,"Vegetables","Gross Production Value (constant 2014-2016 thousand US$)","1000 USD",2014,2167.4444444444443,"Cucumbers and gherkins","no"
NA,NA,"Caribbean",NA,"Vegetables","Gross Production Value (constant 2014-2016 thousand US$)","1000 USD",2015,2239.3333333333335,"Cucumbers and gherkins","no"
NA,NA,"Caribbean",NA,"Vegetables","Gross Production Value (constant 2014-2016 thousand US$)","1000 USD",2016,2623.222222222222,"Cucumbers and gherkins","no"
NA,NA,"Caribbean",NA,"Vegetables","Gross Production Value (constant 2014-2016 thousand US$)","1000 USD",2017,2445.222222222222,"Cucumbers and gherkins","no"
NA,NA,"Caribbean",NA,"Vegetables","Gross Production Value (constant 2014-2016 thousand US$)","1000 USD",2018,2503.1111111111113,"Cucumbers and gherkins","no"
NA,NA,"Caribbean",NA,"Vegetables","Gross Production Value (constant 2014-2016 thousand US$)","1000 USD",2019,2545.3333333333335,"Cucumbers and gherkins","no"
NA,NA,"Caribbean",NA,"Vegetables","Gross Production Value (constant 2014-2016 thousand US$)","1000 USD",2020,2493.6666666666665,"Cucumbers and gherkins","no"
NA,NA,"Caribbean",NA,"Vegetables","Gross Production Value (constant 2014-2016 thousand US$)","1000 USD",2021,2626.8888888888887,"Cucumbers and gherkins","no"
NA,NA,"Caribbean",NA,"Vegetables","Gross Production Value (constant 2014-2016 thousand US$)","1000 USD",2022,2874,"Cucumbers and gherkins","no"
NA,NA,"Caribbean",NA,"Vegetables","Gross Production Value (constant 2014-2016 thousand US$)","1000 USD",2023,2625.222222222222,"Cucumbers and gherkins","no"
NA,NA,"Caribbean",NA,"Vegetables","Gross Production Value (constant 2014-2016 thousand I$)","1000 Int$",1992,456.6666666666667,"Eggplants","no"
NA,NA,"Caribbean",NA,"Vegetables","Gross Production Value (constant 2014-2016 thousand I$)","1000 Int$",1993,352.3333333333333,"Eggplants","no"
NA,NA,"Caribbean",NA,"Vegetables","Gross Production Value (constant 2014-2016 thousand I$)","1000 Int$",1994,386.1111111111111,"Eggplants","no"
NA,NA,"Caribbean",NA,"Vegetables","Gross Production Value (constant 2014-2016 thousand I$)","1000 Int$",1995,313.22222222222223,"Eggplants","no"
NA,NA,"Caribbean",NA,"Vegetables","Gross Production Value (constant 2014-2016 thousand I$)","1000 Int$",1996,362.22222222222223,"Eggplants","no"
NA,NA,"Caribbean",NA,"Vegetables","Gross Production Value (constant 2014-2016 thousand I$)","1000 Int$",1997,342.8888888888889,"Eggplants","no"
NA,NA,"Caribbean",NA,"Vegetables","Gross Production Value (constant 2014-2016 thousand I$)","1000 Int$",1998,334.77777777777777,"Eggplants","no"
NA,NA,"Caribbean",NA,"Vegetables","Gross Production Value (constant 2014-2016 thousand I$)","1000 Int$",1999,437.6666666666667,"Eggplants","no"
NA,NA,"Caribbean",NA,"Vegetables","Gross Production Value (constant 2014-2016 thousand I$)","1000 Int$",2000,403.8888888888889,"Eggplants","no"
NA,NA,"Caribbean",NA,"Vegetables","Gross Production Value (constant 2014-2016 thousand I$)","1000 Int$",2001,613.2222222222222,"Eggplants","no"
NA,NA,"Caribbean",NA,"Vegetables","Gross Production Value (constant 2014-2016 thousand I$)","1000 Int$",2002,664.6666666666666,"Eggplants","no"
NA,NA,"Caribbean",NA,"Vegetables","Gross Production Value (constant 2014-2016 thousand I$)","1000 Int$",2003,764.2222222222222,"Eggplants","no"
NA,NA,"Caribbean",NA,"Vegetables","Gross Production Value (constant 2014-2016 thousand I$)","1000 Int$",2004,882.5555555555555,"Eggplants","no"
NA,NA,"Caribbean",NA,"Vegetables","Gross Production Value (constant 2014-2016 thousand I$)","1000 Int$",2005,796.4444444444445,"Eggplants","no"
NA,NA,"Caribbean",NA,"Vegetables","Gross Production Value (constant 2014-2016 thousand I$)","1000 Int$",2006,914.8888888888889,"Eggplants","no"
NA,NA,"Caribbean",NA,"Vegetables","Gross Production Value (constant 2014-2016 thousand I$)","1000 Int$",2007,742.4444444444445,"Eggplants","no"
NA,NA,"Caribbean",NA,"Vegetables","Gross Production Value (constant 2014-2016 thousand I$)","1000 Int$",2008,937.8888888888889,"Eggplants","no"
NA,NA,"Caribbean",NA,"Vegetables","Gross Production Value (constant 2014-2016 thousand I$)","1000 Int$",2009,1032.6666666666667,"Eggplants","no"
NA,NA,"Caribbean",NA,"Vegetables","Gross Production Value (constant 2014-2016 thousand I$)","1000 Int$",2010,853.4444444444445,"Eggplants","no"
NA,NA,"Caribbean",NA,"Vegetables","Gross Production Value (constant 2014-2016 thousand I$)","1000 Int$",2011,907.5555555555555,"Eggplants","no"
NA,NA,"Caribbean",NA,"Vegetables","Gross Production Value (constant 2014-2016 thousand I$)","1000 Int$",2012,904.8888888888889,"Eggplants","no"
NA,NA,"Caribbean",NA,"Vegetables","Gross Production Value (constant 2014-2016 thousand I$)","1000 Int$",2013,910.8888888888889,"Eggplants","no"
NA,NA,"Caribbean",NA,"Vegetables","Gross Production Value (constant 2014-2016 thousand I$)","1000 Int$",2014,834.7777777777778,"Eggplants","no"
NA,NA,"Caribbean",NA,"Vegetables","Gross Production Value (constant 2014-2016 thousand I$)","1000 Int$",2015,793.4444444444445,"Eggplants","no"
NA,NA,"Caribbean",NA,"Vegetables","Gross Production Value (constant 2014-2016 thousand I$)","1000 Int$",2016,925.5555555555555,"Eggplants","no"
NA,NA,"Caribbean",NA,"Vegetables","Gross Production Value (constant 2014-2016 thousand I$)","1000 Int$",2017,917.5555555555555,"Eggplants","no"
NA,NA,"Caribbean",NA,"Vegetables","Gross Production Value (constant 2014-2016 thousand I$)","1000 Int$",2018,958.6666666666666,"Eggplants","no"
NA,NA,"Caribbean",NA,"Vegetables","Gross Production Value (constant 2014-2016 thousand I$)","1000 Int$",2019,1019.4444444444445,"Eggplants","no"
NA,NA,"Caribbean",NA,"Vegetables","Gross Production Value (constant 2014-2016 thousand I$)","1000 Int$",2020,947.7777777777778,"Eggplants","no"
NA,NA,"Caribbean",NA,"Vegetables","Gross Production Value (constant 2014-2016 thousand I$)","1000 Int$",2021,913.8888888888889,"Eggplants","no"
NA,NA,"Caribbean",NA,"Vegetables","Gross Production Value (constant 2014-2016 thousand I$)","1000 Int$",2022,923.2222222222222,"Eggplants","no"
NA,NA,"Caribbean",NA,"Vegetables","Gross Production Value (constant 2014-2016 thousand I$)","1000 Int$",2023,1057.2222222222222,"Eggplants","no"
NA,NA,"Caribbean",NA,"Vegetables","Gross Production Value (constant 2014-2016 thousand US$)","1000 USD",1992,1470.4,"Eggplants","no"
NA,NA,"Caribbean",NA,"Vegetables","Gross Production Value (constant 2014-2016 thousand US$)","1000 USD",1993,1254.6,"Eggplants","no"
NA,NA,"Caribbean",NA,"Vegetables","Gross Production Value (constant 2014-2016 thousand US$)","1000 USD",1994,1412,"Eggplants","no"
NA,NA,"Caribbean",NA,"Vegetables","Gross Production Value (constant 2014-2016 thousand US$)","1000 USD",1995,1144.2,"Eggplants","no"
NA,NA,"Caribbean",NA,"Vegetables","Gross Production Value (constant 2014-2016 thousand US$)","1000 USD",1996,1202.4,"Eggplants","no"
NA,NA,"Caribbean",NA,"Vegetables","Gross Production Value (constant 2014-2016 thousand US$)","1000 USD",1997,1304.4,"Eggplants","no"
NA,NA,"Caribbean",NA,"Vegetables","Gross Production Value (constant 2014-2016 thousand US$)","1000 USD",1998,1210,"Eggplants","no"
NA,NA,"Caribbean",NA,"Vegetables","Gross Production Value (constant 2014-2016 thousand US$)","1000 USD",1999,1383.4,"Eggplants","no"
NA,NA,"Caribbean",NA,"Vegetables","Gross Production Value (constant 2014-2016 thousand US$)","1000 USD",2000,1223,"Eggplants","no"
NA,NA,"Caribbean",NA,"Vegetables","Gross Production Value (constant 2014-2016 thousand US$)","1000 USD",2001,1944.4,"Eggplants","no"
NA,NA,"Caribbean",NA,"Vegetables","Gross Production Value (constant 2014-2016 thousand US$)","1000 USD",2002,2094,"Eggplants","no"
NA,NA,"Caribbean",NA,"Vegetables","Gross Production Value (constant 2014-2016 thousand US$)","1000 USD",2003,2632,"Eggplants","no"
NA,NA,"Caribbean",NA,"Vegetables","Gross Production Value (constant 2014-2016 thousand US$)","1000 USD",2004,2971.2,"Eggplants","no"
NA,NA,"Caribbean",NA,"Vegetables","Gross Production Value (constant 2014-2016 thousand US$)","1000 USD",2005,2740.8,"Eggplants","no"
NA,NA,"Caribbean",NA,"Vegetables","Gross Production Value (constant 2014-2016 thousand US$)","1000 USD",2006,2862.4,"Eggplants","no"
NA,NA,"Caribbean",NA,"Vegetables","Gross Production Value (constant 2014-2016 thousand US$)","1000 USD",2007,2280.4,"Eggplants","no"
NA,NA,"Caribbean",NA,"Vegetables","Gross Production Value (constant 2014-2016 thousand US$)","1000 USD",2008,3063.4,"Eggplants","no"
NA,NA,"Caribbean",NA,"Vegetables","Gross Production Value (constant 2014-2016 thousand US$)","1000 USD",2009,3092.4,"Eggplants","no"
NA,NA,"Caribbean",NA,"Vegetables","Gross Production Value (constant 2014-2016 thousand US$)","1000 USD",2010,2530.8,"Eggplants","no"
NA,NA,"Caribbean",NA,"Vegetables","Gross Production Value (constant 2014-2016 thousand US$)","1000 USD",2011,2812.8,"Eggplants","no"
NA,NA,"Caribbean",NA,"Vegetables","Gross Production Value (constant 2014-2016 thousand US$)","1000 USD",2012,2812.2,"Eggplants","no"
NA,NA,"Caribbean",NA,"Vegetables","Gross Production Value (constant 2014-2016 thousand US$)","1000 USD",2013,2698.2,"Eggplants","no"
NA,NA,"Caribbean",NA,"Vegetables","Gross Production Value (constant 2014-2016 thousand US$)","1000 USD",2014,2477.2,"Eggplants","no"
NA,NA,"Caribbean",NA,"Vegetables","Gross Production Value (constant 2014-2016 thousand US$)","1000 USD",2015,2342,"Eggplants","no"
NA,NA,"Caribbean",NA,"Vegetables","Gross Production Value (constant 2014-2016 thousand US$)","1000 USD",2016,2839.4,"Eggplants","no"
NA,NA,"Caribbean",NA,"Vegetables","Gross Production Value (constant 2014-2016 thousand US$)","1000 USD",2017,2619.4,"Eggplants","no"
NA,NA,"Caribbean",NA,"Vegetables","Gross Production Value (constant 2014-2016 thousand US$)","1000 USD",2018,2612.8,"Eggplants","no"
NA,NA,"Caribbean",NA,"Vegetables","Gross Production Value (constant 2014-2016 thousand US$)","1000 USD",2019,2950,"Eggplants","no"
NA,NA,"Caribbean",NA,"Vegetables","Gross Production Value (constant 2014-2016 thousand US$)","1000 USD",2020,2919.6,"Eggplants","no"
NA,NA,"Caribbean",NA,"Vegetables","Gross Production Value (constant 2014-2016 thousand US$)","1000 USD",2021,2647.2,"Eggplants","no"
NA,NA,"Caribbean",NA,"Vegetables","Gross Production Value (constant 2014-2016 thousand US$)","1000 USD",2022,2578.2,"Eggplants","no"
NA,NA,"Caribbean",NA,"Vegetables","Gross Production Value (constant 2014-2016 thousand US$)","1000 USD",2023,2971.8,"Eggplants","no"
NA,NA,"Caribbean",NA,"Vegetables","Gross Production Value (constant 2014-2016 thousand I$)","1000 Int$",1992,16,"Green corn","no"
NA,NA,"Caribbean",NA,"Vegetables","Gross Production Value (constant 2014-2016 thousand I$)","1000 Int$",1993,5.666666666666667,"Green corn","no"
NA,NA,"Caribbean",NA,"Vegetables","Gross Production Value (constant 2014-2016 thousand I$)","1000 Int$",1994,21.5,"Green corn","no"
NA,NA,"Caribbean",NA,"Vegetables","Gross Production Value (constant 2014-2016 thousand I$)","1000 Int$",1995,56.5,"Green corn","no"
NA,NA,"Caribbean",NA,"Vegetables","Gross Production Value (constant 2014-2016 thousand I$)","1000 Int$",1996,56.833333333333336,"Green corn","no"
NA,NA,"Caribbean",NA,"Vegetables","Gross Production Value (constant 2014-2016 thousand I$)","1000 Int$",1997,49.333333333333336,"Green corn","no"
NA,NA,"Caribbean",NA,"Vegetables","Gross Production Value (constant 2014-2016 thousand I$)","1000 Int$",1998,49.333333333333336,"Green corn","no"
NA,NA,"Caribbean",NA,"Vegetables","Gross Production Value (constant 2014-2016 thousand I$)","1000 Int$",1999,49.333333333333336,"Green corn","no"
NA,NA,"Caribbean",NA,"Vegetables","Gross Production Value (constant 2014-2016 thousand I$)","1000 Int$",2000,49.666666666666664,"Green corn","no"
NA,NA,"Caribbean",NA,"Vegetables","Gross Production Value (constant 2014-2016 thousand I$)","1000 Int$",2001,50,"Green corn","no"
NA,NA,"Caribbean",NA,"Vegetables","Gross Production Value (constant 2014-2016 thousand I$)","1000 Int$",2002,51.5,"Green corn","no"
NA,NA,"Caribbean",NA,"Vegetables","Gross Production Value (constant 2014-2016 thousand I$)","1000 Int$",2003,57,"Green corn","no"
NA,NA,"Caribbean",NA,"Vegetables","Gross Production Value (constant 2014-2016 thousand I$)","1000 Int$",2004,102,"Green corn","no"
NA,NA,"Caribbean",NA,"Vegetables","Gross Production Value (constant 2014-2016 thousand I$)","1000 Int$",2005,97.66666666666667,"Green corn","no"
NA,NA,"Caribbean",NA,"Vegetables","Gross Production Value (constant 2014-2016 thousand I$)","1000 Int$",2006,102.83333333333333,"Green corn","no"
NA,NA,"Caribbean",NA,"Vegetables","Gross Production Value (constant 2014-2016 thousand I$)","1000 Int$",2007,134.66666666666666,"Green corn","no"
NA,NA,"Caribbean",NA,"Vegetables","Gross Production Value (constant 2014-2016 thousand I$)","1000 Int$",2008,116.16666666666667,"Green corn","no"
NA,NA,"Caribbean",NA,"Vegetables","Gross Production Value (constant 2014-2016 thousand I$)","1000 Int$",2009,130,"Green corn","no"
NA,NA,"Caribbean",NA,"Vegetables","Gross Production Value (constant 2014-2016 thousand I$)","1000 Int$",2010,187.16666666666666,"Green corn","no"
NA,NA,"Caribbean",NA,"Vegetables","Gross Production Value (constant 2014-2016 thousand I$)","1000 Int$",2011,210.5,"Green corn","no"
NA,NA,"Caribbean",NA,"Vegetables","Gross Production Value (constant 2014-2016 thousand I$)","1000 Int$",2012,257.5,"Green corn","no"
NA,NA,"Caribbean",NA,"Vegetables","Gross Production Value (constant 2014-2016 thousand I$)","1000 Int$",2013,156.16666666666666,"Green corn","no"
NA,NA,"Caribbean",NA,"Vegetables","Gross Production Value (constant 2014-2016 thousand I$)","1000 Int$",2014,158.66666666666666,"Green corn","no"
NA,NA,"Caribbean",NA,"Vegetables","Gross Production Value (constant 2014-2016 thousand I$)","1000 Int$",2015,122,"Green corn","no"
NA,NA,"Caribbean",NA,"Vegetables","Gross Production Value (constant 2014-2016 thousand I$)","1000 Int$",2016,154,"Green corn","no"
NA,NA,"Caribbean",NA,"Vegetables","Gross Production Value (constant 2014-2016 thousand I$)","1000 Int$",2017,192.66666666666666,"Green corn","no"
NA,NA,"Caribbean",NA,"Vegetables","Gross Production Value (constant 2014-2016 thousand I$)","1000 Int$",2018,144,"Green corn","no"
NA,NA,"Caribbean",NA,"Vegetables","Gross Production Value (constant 2014-2016 thousand I$)","1000 Int$",2019,201,"Green corn","no"
NA,NA,"Caribbean",NA,"Vegetables","Gross Production Value (constant 2014-2016 thousand I$)","1000 Int$",2020,226.5,"Green corn","no"
NA,NA,"Caribbean",NA,"Vegetables","Gross Production Value (constant 2014-2016 thousand I$)","1000 Int$",2021,146,"Green corn","no"
NA,NA,"Caribbean",NA,"Vegetables","Gross Production Value (constant 2014-2016 thousand I$)","1000 Int$",2022,170.5,"Green corn","no"
NA,NA,"Caribbean",NA,"Vegetables","Gross Production Value (constant 2014-2016 thousand I$)","1000 Int$",2023,162.5,"Green corn","no"
NA,NA,"Caribbean",NA,"Vegetables","Gross Production Value (constant 2014-2016 thousand US$)","1000 USD",1992,62.25,"Green corn","no"
NA,NA,"Caribbean",NA,"Vegetables","Gross Production Value (constant 2014-2016 thousand US$)","1000 USD",1993,20.25,"Green corn","no"
NA,NA,"Caribbean",NA,"Vegetables","Gross Production Value (constant 2014-2016 thousand US$)","1000 USD",1994,94.75,"Green corn","no"
NA,NA,"Caribbean",NA,"Vegetables","Gross Production Value (constant 2014-2016 thousand US$)","1000 USD",1995,185,"Green corn","no"
NA,NA,"Caribbean",NA,"Vegetables","Gross Production Value (constant 2014-2016 thousand US$)","1000 USD",1996,187.75,"Green corn","no"
NA,NA,"Caribbean",NA,"Vegetables","Gross Production Value (constant 2014-2016 thousand US$)","1000 USD",1997,162.75,"Green corn","no"
NA,NA,"Caribbean",NA,"Vegetables","Gross Production Value (constant 2014-2016 thousand US$)","1000 USD",1998,162.75,"Green corn","no"
NA,NA,"Caribbean",NA,"Vegetables","Gross Production Value (constant 2014-2016 thousand US$)","1000 USD",1999,162.75,"Green corn","no"
NA,NA,"Caribbean",NA,"Vegetables","Gross Production Value (constant 2014-2016 thousand US$)","1000 USD",2000,164,"Green corn","no"
NA,NA,"Caribbean",NA,"Vegetables","Gross Production Value (constant 2014-2016 thousand US$)","1000 USD",2001,165.25,"Green corn","no"
NA,NA,"Caribbean",NA,"Vegetables","Gross Production Value (constant 2014-2016 thousand US$)","1000 USD",2002,170,"Green corn","no"
NA,NA,"Caribbean",NA,"Vegetables","Gross Production Value (constant 2014-2016 thousand US$)","1000 USD",2003,208.75,"Green corn","no"
NA,NA,"Caribbean",NA,"Vegetables","Gross Production Value (constant 2014-2016 thousand US$)","1000 USD",2004,583.75,"Green corn","no"
NA,NA,"Caribbean",NA,"Vegetables","Gross Production Value (constant 2014-2016 thousand US$)","1000 USD",2005,542.25,"Green corn","no"
NA,NA,"Caribbean",NA,"Vegetables","Gross Production Value (constant 2014-2016 thousand US$)","1000 USD",2006,571,"Green corn","no"
NA,NA,"Caribbean",NA,"Vegetables","Gross Production Value (constant 2014-2016 thousand US$)","1000 USD",2007,929.75,"Green corn","no"
NA,NA,"Caribbean",NA,"Vegetables","Gross Production Value (constant 2014-2016 thousand US$)","1000 USD",2008,728.25,"Green corn","no"
NA,NA,"Caribbean",NA,"Vegetables","Gross Production Value (constant 2014-2016 thousand US$)","1000 USD",2009,923,"Green corn","no"
NA,NA,"Caribbean",NA,"Vegetables","Gross Production Value (constant 2014-2016 thousand US$)","1000 USD",2010,1624,"Green corn","no"
NA,NA,"Caribbean",NA,"Vegetables","Gross Production Value (constant 2014-2016 thousand US$)","1000 USD",2011,1922.5,"Green corn","no"
NA,NA,"Caribbean",NA,"Vegetables","Gross Production Value (constant 2014-2016 thousand US$)","1000 USD",2012,2501.5,"Green corn","no"
NA,NA,"Caribbean",NA,"Vegetables","Gross Production Value (constant 2014-2016 thousand US$)","1000 USD",2013,1299.5,"Green corn","no"
NA,NA,"Caribbean",NA,"Vegetables","Gross Production Value (constant 2014-2016 thousand US$)","1000 USD",2014,1328.5,"Green corn","no"
NA,NA,"Caribbean",NA,"Vegetables","Gross Production Value (constant 2014-2016 thousand US$)","1000 USD",2015,895.25,"Green corn","no"
NA,NA,"Caribbean",NA,"Vegetables","Gross Production Value (constant 2014-2016 thousand US$)","1000 USD",2016,1222.5,"Green corn","no"
NA,NA,"Caribbean",NA,"Vegetables","Gross Production Value (constant 2014-2016 thousand US$)","1000 USD",2017,1699,"Green corn","no"
NA,NA,"Caribbean",NA,"Vegetables","Gross Production Value (constant 2014-2016 thousand US$)","1000 USD",2018,1100.5,"Green corn","no"
NA,NA,"Caribbean",NA,"Vegetables","Gross Production Value (constant 2014-2016 thousand US$)","1000 USD",2019,1730.5,"Green corn","no"
NA,NA,"Caribbean",NA,"Vegetables","Gross Production Value (constant 2014-2016 thousand US$)","1000 USD",2020,1898.75,"Green corn","no"
NA,NA,"Caribbean",NA,"Vegetables","Gross Production Value (constant 2014-2016 thousand US$)","1000 USD",2021,1033.75,"Green corn","no"
NA,NA,"Caribbean",NA,"Vegetables","Gross Production Value (constant 2014-2016 thousand US$)","1000 USD",2022,1299,"Green corn","no"
NA,NA,"Caribbean",NA,"Vegetables","Gross Production Value (constant 2014-2016 thousand US$)","1000 USD",2023,1276.25,"Green corn","no"
NA,NA,"Caribbean",NA,"Vegetables","Gross Production Value (constant 2014-2016 thousand I$)","1000 Int$",1992,3089.6666666666665,"Green garlic","no"
NA,NA,"Caribbean",NA,"Vegetables","Gross Production Value (constant 2014-2016 thousand I$)","1000 Int$",1993,2805,"Green garlic","no"
NA,NA,"Caribbean",NA,"Vegetables","Gross Production Value (constant 2014-2016 thousand I$)","1000 Int$",1994,3459,"Green garlic","no"
NA,NA,"Caribbean",NA,"Vegetables","Gross Production Value (constant 2014-2016 thousand I$)","1000 Int$",1995,2940.3333333333335,"Green garlic","no"
NA,NA,"Caribbean",NA,"Vegetables","Gross Production Value (constant 2014-2016 thousand I$)","1000 Int$",1996,3140.3333333333335,"Green garlic","no"
NA,NA,"Caribbean",NA,"Vegetables","Gross Production Value (constant 2014-2016 thousand I$)","1000 Int$",1997,4140.666666666667,"Green garlic","no"
NA,NA,"Caribbean",NA,"Vegetables","Gross Production Value (constant 2014-2016 thousand I$)","1000 Int$",1998,4272,"Green garlic","no"
NA,NA,"Caribbean",NA,"Vegetables","Gross Production Value (constant 2014-2016 thousand I$)","1000 Int$",1999,5678,"Green garlic","no"
NA,NA,"Caribbean",NA,"Vegetables","Gross Production Value (constant 2014-2016 thousand I$)","1000 Int$",2000,12485.666666666666,"Green garlic","no"
NA,NA,"Caribbean",NA,"Vegetables","Gross Production Value (constant 2014-2016 thousand I$)","1000 Int$",2001,10801,"Green garlic","no"
NA,NA,"Caribbean",NA,"Vegetables","Gross Production Value (constant 2014-2016 thousand I$)","1000 Int$",2002,9402.333333333334,"Green garlic","no"
NA,NA,"Caribbean",NA,"Vegetables","Gross Production Value (constant 2014-2016 thousand I$)","1000 Int$",2003,10108,"Green garlic","no"
NA,NA,"Caribbean",NA,"Vegetables","Gross Production Value (constant 2014-2016 thousand I$)","1000 Int$",2004,14725,"Green garlic","no"
NA,NA,"Caribbean",NA,"Vegetables","Gross Production Value (constant 2014-2016 thousand I$)","1000 Int$",2005,12671.333333333334,"Green garlic","no"
NA,NA,"Caribbean",NA,"Vegetables","Gross Production Value (constant 2014-2016 thousand I$)","1000 Int$",2006,8945,"Green garlic","no"
NA,NA,"Caribbean",NA,"Vegetables","Gross Production Value (constant 2014-2016 thousand I$)","1000 Int$",2007,9396,"Green garlic","no"
NA,NA,"Caribbean",NA,"Vegetables","Gross Production Value (constant 2014-2016 thousand I$)","1000 Int$",2008,9242,"Green garlic","no"
NA,NA,"Caribbean",NA,"Vegetables","Gross Production Value (constant 2014-2016 thousand I$)","1000 Int$",2009,10163,"Green garlic","no"
NA,NA,"Caribbean",NA,"Vegetables","Gross Production Value (constant 2014-2016 thousand I$)","1000 Int$",2010,8826,"Green garlic","no"
NA,NA,"Caribbean",NA,"Vegetables","Gross Production Value (constant 2014-2016 thousand I$)","1000 Int$",2011,7218.666666666667,"Green garlic","no"
NA,NA,"Caribbean",NA,"Vegetables","Gross Production Value (constant 2014-2016 thousand I$)","1000 Int$",2012,6505.333333333333,"Green garlic","no"
NA,NA,"Caribbean",NA,"Vegetables","Gross Production Value (constant 2014-2016 thousand I$)","1000 Int$",2013,6947.333333333333,"Green garlic","no"
NA,NA,"Caribbean",NA,"Vegetables","Gross Production Value (constant 2014-2016 thousand I$)","1000 Int$",2014,6667,"Green garlic","no"
NA,NA,"Caribbean",NA,"Vegetables","Gross Production Value (constant 2014-2016 thousand I$)","1000 Int$",2015,6408.333333333333,"Green garlic","no"
NA,NA,"Caribbean",NA,"Vegetables","Gross Production Value (constant 2014-2016 thousand I$)","1000 Int$",2016,6407.333333333333,"Green garlic","no"
NA,NA,"Caribbean",NA,"Vegetables","Gross Production Value (constant 2014-2016 thousand I$)","1000 Int$",2017,5296.333333333333,"Green garlic","no"
NA,NA,"Caribbean",NA,"Vegetables","Gross Production Value (constant 2014-2016 thousand I$)","1000 Int$",2018,4791,"Green garlic","no"
NA,NA,"Caribbean",NA,"Vegetables","Gross Production Value (constant 2014-2016 thousand I$)","1000 Int$",2019,5386.333333333333,"Green garlic","no"
NA,NA,"Caribbean",NA,"Vegetables","Gross Production Value (constant 2014-2016 thousand I$)","1000 Int$",2020,3671.3333333333335,"Green garlic","no"
NA,NA,"Caribbean",NA,"Vegetables","Gross Production Value (constant 2014-2016 thousand I$)","1000 Int$",2021,3377.3333333333335,"Green garlic","no"
NA,NA,"Caribbean",NA,"Vegetables","Gross Production Value (constant 2014-2016 thousand I$)","1000 Int$",2022,3549.3333333333335,"Green garlic","no"
NA,NA,"Caribbean",NA,"Vegetables","Gross Production Value (constant 2014-2016 thousand I$)","1000 Int$",2023,4693.666666666667,"Green garlic","no"
NA,NA,"Caribbean",NA,"Vegetables","Gross Production Value (constant 2014-2016 thousand US$)","1000 USD",1992,9983,"Green garlic","no"
NA,NA,"Caribbean",NA,"Vegetables","Gross Production Value (constant 2014-2016 thousand US$)","1000 USD",1993,14806,"Green garlic","no"
NA,NA,"Caribbean",NA,"Vegetables","Gross Production Value (constant 2014-2016 thousand US$)","1000 USD",1994,14205,"Green garlic","no"
NA,NA,"Caribbean",NA,"Vegetables","Gross Production Value (constant 2014-2016 thousand US$)","1000 USD",1995,13373,"Green garlic","no"
NA,NA,"Caribbean",NA,"Vegetables","Gross Production Value (constant 2014-2016 thousand US$)","1000 USD",1996,11059,"Green garlic","no"
NA,NA,"Caribbean",NA,"Vegetables","Gross Production Value (constant 2014-2016 thousand US$)","1000 USD",1997,13001,"Green garlic","no"
NA,NA,"Caribbean",NA,"Vegetables","Gross Production Value (constant 2014-2016 thousand US$)","1000 USD",1998,14990,"Green garlic","no"
NA,NA,"Caribbean",NA,"Vegetables","Gross Production Value (constant 2014-2016 thousand US$)","1000 USD",1999,13104,"Green garlic","no"
NA,NA,"Caribbean",NA,"Vegetables","Gross Production Value (constant 2014-2016 thousand US$)","1000 USD",2000,14256,"Green garlic","no"
NA,NA,"Caribbean",NA,"Vegetables","Gross Production Value (constant 2014-2016 thousand US$)","1000 USD",2001,11350,"Green garlic","no"
NA,NA,"Caribbean",NA,"Vegetables","Gross Production Value (constant 2014-2016 thousand US$)","1000 USD",2002,19426,"Green garlic","no"
NA,NA,"Caribbean",NA,"Vegetables","Gross Production Value (constant 2014-2016 thousand US$)","1000 USD",2003,13778,"Green garlic","no"
NA,NA,"Caribbean",NA,"Vegetables","Gross Production Value (constant 2014-2016 thousand US$)","1000 USD",2004,5678,"Green garlic","no"
NA,NA,"Caribbean",NA,"Vegetables","Gross Production Value (constant 2014-2016 thousand US$)","1000 USD",2005,2937,"Green garlic","no"
NA,NA,"Caribbean",NA,"Vegetables","Gross Production Value (constant 2014-2016 thousand US$)","1000 USD",2006,8328,"Green garlic","no"
NA,NA,"Caribbean",NA,"Vegetables","Gross Production Value (constant 2014-2016 thousand US$)","1000 USD",2007,8888,"Green garlic","no"
NA,NA,"Caribbean",NA,"Vegetables","Gross Production Value (constant 2014-2016 thousand US$)","1000 USD",2008,7211,"Green garlic","no"
NA,NA,"Caribbean",NA,"Vegetables","Gross Production Value (constant 2014-2016 thousand US$)","1000 USD",2009,3199,"Green garlic","no"
NA,NA,"Caribbean",NA,"Vegetables","Gross Production Value (constant 2014-2016 thousand US$)","1000 USD",2010,5574,"Green garlic","no"
NA,NA,"Caribbean",NA,"Vegetables","Gross Production Value (constant 2014-2016 thousand US$)","1000 USD",2011,8599,"Green garlic","no"
NA,NA,"Caribbean",NA,"Vegetables","Gross Production Value (constant 2014-2016 thousand US$)","1000 USD",2012,12090,"Green garlic","no"
NA,NA,"Caribbean",NA,"Vegetables","Gross Production Value (constant 2014-2016 thousand US$)","1000 USD",2013,7655,"Green garlic","no"
NA,NA,"Caribbean",NA,"Vegetables","Gross Production Value (constant 2014-2016 thousand US$)","1000 USD",2014,7561,"Green garlic","no"
NA,NA,"Caribbean",NA,"Vegetables","Gross Production Value (constant 2014-2016 thousand US$)","1000 USD",2015,9359,"Green garlic","no"
NA,NA,"Caribbean",NA,"Vegetables","Gross Production Value (constant 2014-2016 thousand US$)","1000 USD",2016,6598,"Green garlic","no"
NA,NA,"Caribbean",NA,"Vegetables","Gross Production Value (constant 2014-2016 thousand US$)","1000 USD",2017,4246,"Green garlic","no"
NA,NA,"Caribbean",NA,"Vegetables","Gross Production Value (constant 2014-2016 thousand US$)","1000 USD",2018,4228,"Green garlic","no"
NA,NA,"Caribbean",NA,"Vegetables","Gross Production Value (constant 2014-2016 thousand US$)","1000 USD",2019,5437,"Green garlic","no"
NA,NA,"Caribbean",NA,"Vegetables","Gross Production Value (constant 2014-2016 thousand US$)","1000 USD",2020,5918,"Green garlic","no"
NA,NA,"Caribbean",NA,"Vegetables","Gross Production Value (constant 2014-2016 thousand US$)","1000 USD",2021,4676,"Green garlic","no"
NA,NA,"Caribbean",NA,"Vegetables","Gross Production Value (constant 2014-2016 thousand US$)","1000 USD",2022,8423,"Green garlic","no"
NA,NA,"Caribbean",NA,"Vegetables","Gross Production Value (constant 2014-2016 thousand US$)","1000 USD",2023,23949,"Green garlic","no"
NA,NA,"Caribbean",NA,"Vegetables","Gross Production Value (constant 2014-2016 thousand I$)","1000 Int$",1992,480.9230769230769,"Lettuce and chicory","no"
NA,NA,"Caribbean",NA,"Vegetables","Gross Production Value (constant 2014-2016 thousand I$)","1000 Int$",1993,478.15384615384613,"Lettuce and chicory","no"
NA,NA,"Caribbean",NA,"Vegetables","Gross Production Value (constant 2014-2016 thousand I$)","1000 Int$",1994,537.1538461538462,"Lettuce and chicory","no"
NA,NA,"Caribbean",NA,"Vegetables","Gross Production Value (constant 2014-2016 thousand I$)","1000 Int$",1995,660.6153846153846,"Lettuce and chicory","no"
NA,NA,"Caribbean",NA,"Vegetables","Gross Production Value (constant 2014-2016 thousand I$)","1000 Int$",1996,753.3076923076923,"Lettuce and chicory","no"
NA,NA,"Caribbean",NA,"Vegetables","Gross Production Value (constant 2014-2016 thousand I$)","1000 Int$",1997,641.0769230769231,"Lettuce and chicory","no"
NA,NA,"Caribbean",NA,"Vegetables","Gross Production Value (constant 2014-2016 thousand I$)","1000 Int$",1998,574.7692307692307,"Lettuce and chicory","no"
NA,NA,"Caribbean",NA,"Vegetables","Gross Production Value (constant 2014-2016 thousand I$)","1000 Int$",1999,606.4615384615385,"Lettuce and chicory","no"
NA,NA,"Caribbean",NA,"Vegetables","Gross Production Value (constant 2014-2016 thousand I$)","1000 Int$",2000,485.53846153846155,"Lettuce and chicory","no"
NA,NA,"Caribbean",NA,"Vegetables","Gross Production Value (constant 2014-2016 thousand I$)","1000 Int$",2001,456.9230769230769,"Lettuce and chicory","no"
NA,NA,"Caribbean",NA,"Vegetables","Gross Production Value (constant 2014-2016 thousand I$)","1000 Int$",2002,476,"Lettuce and chicory","no"
NA,NA,"Caribbean",NA,"Vegetables","Gross Production Value (constant 2014-2016 thousand I$)","1000 Int$",2003,575.7692307692307,"Lettuce and chicory","no"
NA,NA,"Caribbean",NA,"Vegetables","Gross Production Value (constant 2014-2016 thousand I$)","1000 Int$",2004,446.84615384615387,"Lettuce and chicory","no"
NA,NA,"Caribbean",NA,"Vegetables","Gross Production Value (constant 2014-2016 thousand I$)","1000 Int$",2005,516.9230769230769,"Lettuce and chicory","no"
NA,NA,"Caribbean",NA,"Vegetables","Gross Production Value (constant 2014-2016 thousand I$)","1000 Int$",2006,569.0769230769231,"Lettuce and chicory","no"
NA,NA,"Caribbean",NA,"Vegetables","Gross Production Value (constant 2014-2016 thousand I$)","1000 Int$",2007,334.61538461538464,"Lettuce and chicory","no"
NA,NA,"Caribbean",NA,"Vegetables","Gross Production Value (constant 2014-2016 thousand I$)","1000 Int$",2008,291.0769230769231,"Lettuce and chicory","no"
NA,NA,"Caribbean",NA,"Vegetables","Gross Production Value (constant 2014-2016 thousand I$)","1000 Int$",2009,378.53846153846155,"Lettuce and chicory","no"
NA,NA,"Caribbean",NA,"Vegetables","Gross Production Value (constant 2014-2016 thousand I$)","1000 Int$",2010,421.2307692307692,"Lettuce and chicory","no"
NA,NA,"Caribbean",NA,"Vegetables","Gross Production Value (constant 2014-2016 thousand I$)","1000 Int$",2011,572.1538461538462,"Lettuce and chicory","no"
NA,NA,"Caribbean",NA,"Vegetables","Gross Production Value (constant 2014-2016 thousand I$)","1000 Int$",2012,577.5384615384615,"Lettuce and chicory","no"
NA,NA,"Caribbean",NA,"Vegetables","Gross Production Value (constant 2014-2016 thousand I$)","1000 Int$",2013,653.4615384615385,"Lettuce and chicory","no"
NA,NA,"Caribbean",NA,"Vegetables","Gross Production Value (constant 2014-2016 thousand I$)","1000 Int$",2014,609.0769230769231,"Lettuce and chicory","no"
NA,NA,"Caribbean",NA,"Vegetables","Gross Production Value (constant 2014-2016 thousand I$)","1000 Int$",2015,677.6923076923077,"Lettuce and chicory","no"
NA,NA,"Caribbean",NA,"Vegetables","Gross Production Value (constant 2014-2016 thousand I$)","1000 Int$",2016,744.3076923076923,"Lettuce and chicory","no"
NA,NA,"Caribbean",NA,"Vegetables","Gross Production Value (constant 2014-2016 thousand I$)","1000 Int$",2017,729.3076923076923,"Lettuce and chicory","no"
NA,NA,"Caribbean",NA,"Vegetables","Gross Production Value (constant 2014-2016 thousand I$)","1000 Int$",2018,830.2307692307693,"Lettuce and chicory","no"
NA,NA,"Caribbean",NA,"Vegetables","Gross Production Value (constant 2014-2016 thousand I$)","1000 Int$",2019,795.9230769230769,"Lettuce and chicory","no"
NA,NA,"Caribbean",NA,"Vegetables","Gross Production Value (constant 2014-2016 thousand I$)","1000 Int$",2020,801.7692307692307,"Lettuce and chicory","no"
NA,NA,"Caribbean",NA,"Vegetables","Gross Production Value (constant 2014-2016 thousand I$)","1000 Int$",2021,870.7692307692307,"Lettuce and chicory","no"
NA,NA,"Caribbean",NA,"Vegetables","Gross Production Value (constant 2014-2016 thousand I$)","1000 Int$",2022,969.9230769230769,"Lettuce and chicory","no"
NA,NA,"Caribbean",NA,"Vegetables","Gross Production Value (constant 2014-2016 thousand I$)","1000 Int$",2023,939.6923076923077,"Lettuce and chicory","no"
NA,NA,"Caribbean",NA,"Vegetables","Gross Production Value (constant 2014-2016 thousand US$)","1000 USD",1992,2055.5,"Lettuce and chicory","no"
NA,NA,"Caribbean",NA,"Vegetables","Gross Production Value (constant 2014-2016 thousand US$)","1000 USD",1993,2034.3333333333333,"Lettuce and chicory","no"
NA,NA,"Caribbean",NA,"Vegetables","Gross Production Value (constant 2014-2016 thousand US$)","1000 USD",1994,2377.5,"Lettuce and chicory","no"
NA,NA,"Caribbean",NA,"Vegetables","Gross Production Value (constant 2014-2016 thousand US$)","1000 USD",1995,2976,"Lettuce and chicory","no"
NA,NA,"Caribbean",NA,"Vegetables","Gross Production Value (constant 2014-2016 thousand US$)","1000 USD",1996,3598,"Lettuce and chicory","no"
NA,NA,"Caribbean",NA,"Vegetables","Gross Production Value (constant 2014-2016 thousand US$)","1000 USD",1997,2671,"Lettuce and chicory","no"
NA,NA,"Caribbean",NA,"Vegetables","Gross Production Value (constant 2014-2016 thousand US$)","1000 USD",1998,2265.8333333333335,"Lettuce and chicory","no"
NA,NA,"Caribbean",NA,"Vegetables","Gross Production Value (constant 2014-2016 thousand US$)","1000 USD",1999,2341,"Lettuce and chicory","no"
NA,NA,"Caribbean",NA,"Vegetables","Gross Production Value (constant 2014-2016 thousand US$)","1000 USD",2000,2066.3333333333335,"Lettuce and chicory","no"
NA,NA,"Caribbean",NA,"Vegetables","Gross Production Value (constant 2014-2016 thousand US$)","1000 USD",2001,2312.1666666666665,"Lettuce and chicory","no"
NA,NA,"Caribbean",NA,"Vegetables","Gross Production Value (constant 2014-2016 thousand US$)","1000 USD",2002,2703.1666666666665,"Lettuce and chicory","no"
NA,NA,"Caribbean",NA,"Vegetables","Gross Production Value (constant 2014-2016 thousand US$)","1000 USD",2003,3232.1666666666665,"Lettuce and chicory","no"
NA,NA,"Caribbean",NA,"Vegetables","Gross Production Value (constant 2014-2016 thousand US$)","1000 USD",2004,3155.3333333333335,"Lettuce and chicory","no"
NA,NA,"Caribbean",NA,"Vegetables","Gross Production Value (constant 2014-2016 thousand US$)","1000 USD",2005,3165.3333333333335,"Lettuce and chicory","no"
NA,NA,"Caribbean",NA,"Vegetables","Gross Production Value (constant 2014-2016 thousand US$)","1000 USD",2006,3436.3333333333335,"Lettuce and chicory","no"
NA,NA,"Caribbean",NA,"Vegetables","Gross Production Value (constant 2014-2016 thousand US$)","1000 USD",2007,2949.6666666666665,"Lettuce and chicory","no"
NA,NA,"Caribbean",NA,"Vegetables","Gross Production Value (constant 2014-2016 thousand US$)","1000 USD",2008,2860.6666666666665,"Lettuce and chicory","no"
NA,NA,"Caribbean",NA,"Vegetables","Gross Production Value (constant 2014-2016 thousand US$)","1000 USD",2009,3555.6666666666665,"Lettuce and chicory","no"
NA,NA,"Caribbean",NA,"Vegetables","Gross Production Value (constant 2014-2016 thousand US$)","1000 USD",2010,4270.333333333333,"Lettuce and chicory","no"
NA,NA,"Caribbean",NA,"Vegetables","Gross Production Value (constant 2014-2016 thousand US$)","1000 USD",2011,6004.5,"Lettuce and chicory","no"
NA,NA,"Caribbean",NA,"Vegetables","Gross Production Value (constant 2014-2016 thousand US$)","1000 USD",2012,6207,"Lettuce and chicory","no"
NA,NA,"Caribbean",NA,"Vegetables","Gross Production Value (constant 2014-2016 thousand US$)","1000 USD",2013,7052.666666666667,"Lettuce and chicory","no"
NA,NA,"Caribbean",NA,"Vegetables","Gross Production Value (constant 2014-2016 thousand US$)","1000 USD",2014,6590.833333333333,"Lettuce and chicory","no"
NA,NA,"Caribbean",NA,"Vegetables","Gross Production Value (constant 2014-2016 thousand US$)","1000 USD",2015,7700.166666666667,"Lettuce and chicory","no"
NA,NA,"Caribbean",NA,"Vegetables","Gross Production Value (constant 2014-2016 thousand US$)","1000 USD",2016,7856.166666666667,"Lettuce and chicory","no"
NA,NA,"Caribbean",NA,"Vegetables","Gross Production Value (constant 2014-2016 thousand US$)","1000 USD",2017,7412,"Lettuce and chicory","no"
NA,NA,"Caribbean",NA,"Vegetables","Gross Production Value (constant 2014-2016 thousand US$)","1000 USD",2018,7988.333333333333,"Lettuce and chicory","no"
NA,NA,"Caribbean",NA,"Vegetables","Gross Production Value (constant 2014-2016 thousand US$)","1000 USD",2019,7513.166666666667,"Lettuce and chicory","no"
NA,NA,"Caribbean",NA,"Vegetables","Gross Production Value (constant 2014-2016 thousand US$)","1000 USD",2020,7723.333333333333,"Lettuce and chicory","no"
NA,NA,"Caribbean",NA,"Vegetables","Gross Production Value (constant 2014-2016 thousand US$)","1000 USD",2021,8711.833333333334,"Lettuce and chicory","no"
NA,NA,"Caribbean",NA,"Vegetables","Gross Production Value (constant 2014-2016 thousand US$)","1000 USD",2022,9563.833333333334,"Lettuce and chicory","no"
NA,NA,"Caribbean",NA,"Vegetables","Gross Production Value (constant 2014-2016 thousand US$)","1000 USD",2023,8656.833333333334,"Lettuce and chicory","no"
NA,NA,"Caribbean",NA,"Vegetables","Gross Production Value (constant 2014-2016 thousand I$)","1000 Int$",1992,306.7142857142857,"Okra","no"
NA,NA,"Caribbean",NA,"Vegetables","Gross Production Value (constant 2014-2016 thousand I$)","1000 Int$",1993,385.2857142857143,"Okra","no"
NA,NA,"Caribbean",NA,"Vegetables","Gross Production Value (constant 2014-2016 thousand I$)","1000 Int$",1994,310.85714285714283,"Okra","no"
NA,NA,"Caribbean",NA,"Vegetables","Gross Production Value (constant 2014-2016 thousand I$)","1000 Int$",1995,337.14285714285717,"Okra","no"
NA,NA,"Caribbean",NA,"Vegetables","Gross Production Value (constant 2014-2016 thousand I$)","1000 Int$",1996,391.85714285714283,"Okra","no"
NA,NA,"Caribbean",NA,"Vegetables","Gross Production Value (constant 2014-2016 thousand I$)","1000 Int$",1997,353,"Okra","no"
NA,NA,"Caribbean",NA,"Vegetables","Gross Production Value (constant 2014-2016 thousand I$)","1000 Int$",1998,391,"Okra","no"
NA,NA,"Caribbean",NA,"Vegetables","Gross Production Value (constant 2014-2016 thousand I$)","1000 Int$",1999,558.7142857142857,"Okra","no"
NA,NA,"Caribbean",NA,"Vegetables","Gross Production Value (constant 2014-2016 thousand I$)","1000 Int$",2000,517.8571428571429,"Okra","no"
NA,NA,"Caribbean",NA,"Vegetables","Gross Production Value (constant 2014-2016 thousand I$)","1000 Int$",2001,530.8571428571429,"Okra","no"
NA,NA,"Caribbean",NA,"Vegetables","Gross Production Value (constant 2014-2016 thousand I$)","1000 Int$",2002,505.85714285714283,"Okra","no"
NA,NA,"Caribbean",NA,"Vegetables","Gross Production Value (constant 2014-2016 thousand I$)","1000 Int$",2003,630.1428571428571,"Okra","no"
NA,NA,"Caribbean",NA,"Vegetables","Gross Production Value (constant 2014-2016 thousand I$)","1000 Int$",2004,446.85714285714283,"Okra","no"
NA,NA,"Caribbean",NA,"Vegetables","Gross Production Value (constant 2014-2016 thousand I$)","1000 Int$",2005,487.85714285714283,"Okra","no"
NA,NA,"Caribbean",NA,"Vegetables","Gross Production Value (constant 2014-2016 thousand I$)","1000 Int$",2006,580.4285714285714,"Okra","no"
NA,NA,"Caribbean",NA,"Vegetables","Gross Production Value (constant 2014-2016 thousand I$)","1000 Int$",2007,636.8571428571429,"Okra","no"
NA,NA,"Caribbean",NA,"Vegetables","Gross Production Value (constant 2014-2016 thousand I$)","1000 Int$",2008,636.2857142857143,"Okra","no"
NA,NA,"Caribbean",NA,"Vegetables","Gross Production Value (constant 2014-2016 thousand I$)","1000 Int$",2009,720.2857142857143,"Okra","no"
NA,NA,"Caribbean",NA,"Vegetables","Gross Production Value (constant 2014-2016 thousand I$)","1000 Int$",2010,811.2857142857143,"Okra","no"
NA,NA,"Caribbean",NA,"Vegetables","Gross Production Value (constant 2014-2016 thousand I$)","1000 Int$",2011,1053.5714285714287,"Okra","no"
NA,NA,"Caribbean",NA,"Vegetables","Gross Production Value (constant 2014-2016 thousand I$)","1000 Int$",2012,1161.2857142857142,"Okra","no"
NA,NA,"Caribbean",NA,"Vegetables","Gross Production Value (constant 2014-2016 thousand I$)","1000 Int$",2013,1205.7142857142858,"Okra","no"
NA,NA,"Caribbean",NA,"Vegetables","Gross Production Value (constant 2014-2016 thousand I$)","1000 Int$",2014,1052.7142857142858,"Okra","no"
NA,NA,"Caribbean",NA,"Vegetables","Gross Production Value (constant 2014-2016 thousand I$)","1000 Int$",2015,1034,"Okra","no"
NA,NA,"Caribbean",NA,"Vegetables","Gross Production Value (constant 2014-2016 thousand I$)","1000 Int$",2016,1196.857142857143,"Okra","no"
NA,NA,"Caribbean",NA,"Vegetables","Gross Production Value (constant 2014-2016 thousand I$)","1000 Int$",2017,1199.857142857143,"Okra","no"
NA,NA,"Caribbean",NA,"Vegetables","Gross Production Value (constant 2014-2016 thousand I$)","1000 Int$",2018,1267.142857142857,"Okra","no"
NA,NA,"Caribbean",NA,"Vegetables","Gross Production Value (constant 2014-2016 thousand I$)","1000 Int$",2019,1240.5714285714287,"Okra","no"
NA,NA,"Caribbean",NA,"Vegetables","Gross Production Value (constant 2014-2016 thousand I$)","1000 Int$",2020,1197.4285714285713,"Okra","no"
NA,NA,"Caribbean",NA,"Vegetables","Gross Production Value (constant 2014-2016 thousand I$)","1000 Int$",2021,2272.1428571428573,"Okra","no"
NA,NA,"Caribbean",NA,"Vegetables","Gross Production Value (constant 2014-2016 thousand I$)","1000 Int$",2022,2525.714285714286,"Okra","no"
NA,NA,"Caribbean",NA,"Vegetables","Gross Production Value (constant 2014-2016 thousand I$)","1000 Int$",2023,2868.714285714286,"Okra","no"
NA,NA,"Caribbean",NA,"Vegetables","Gross Production Value (constant 2014-2016 thousand US$)","1000 USD",1992,878,"Okra","no"
NA,NA,"Caribbean",NA,"Vegetables","Gross Production Value (constant 2014-2016 thousand US$)","1000 USD",1993,1192,"Okra","no"
NA,NA,"Caribbean",NA,"Vegetables","Gross Production Value (constant 2014-2016 thousand US$)","1000 USD",1994,894.25,"Okra","no"
NA,NA,"Caribbean",NA,"Vegetables","Gross Production Value (constant 2014-2016 thousand US$)","1000 USD",1995,999.5,"Okra","no"
NA,NA,"Caribbean",NA,"Vegetables","Gross Production Value (constant 2014-2016 thousand US$)","1000 USD",1996,1148.75,"Okra","no"
NA,NA,"Caribbean",NA,"Vegetables","Gross Production Value (constant 2014-2016 thousand US$)","1000 USD",1997,1060.75,"Okra","no"
NA,NA,"Caribbean",NA,"Vegetables","Gross Production Value (constant 2014-2016 thousand US$)","1000 USD",1998,1181.5,"Okra","no"
NA,NA,"Caribbean",NA,"Vegetables","Gross Production Value (constant 2014-2016 thousand US$)","1000 USD",1999,1705.5,"Okra","no"
NA,NA,"Caribbean",NA,"Vegetables","Gross Production Value (constant 2014-2016 thousand US$)","1000 USD",2000,1603.5,"Okra","no"
NA,NA,"Caribbean",NA,"Vegetables","Gross Production Value (constant 2014-2016 thousand US$)","1000 USD",2001,1647.75,"Okra","no"
NA,NA,"Caribbean",NA,"Vegetables","Gross Production Value (constant 2014-2016 thousand US$)","1000 USD",2002,1595.5,"Okra","no"
NA,NA,"Caribbean",NA,"Vegetables","Gross Production Value (constant 2014-2016 thousand US$)","1000 USD",2003,1977,"Okra","no"
NA,NA,"Caribbean",NA,"Vegetables","Gross Production Value (constant 2014-2016 thousand US$)","1000 USD",2004,1324,"Okra","no"
NA,NA,"Caribbean",NA,"Vegetables","Gross Production Value (constant 2014-2016 thousand US$)","1000 USD",2005,1418,"Okra","no"
NA,NA,"Caribbean",NA,"Vegetables","Gross Production Value (constant 2014-2016 thousand US$)","1000 USD",2006,1676.25,"Okra","no"
NA,NA,"Caribbean",NA,"Vegetables","Gross Production Value (constant 2014-2016 thousand US$)","1000 USD",2007,2085.75,"Okra","no"
NA,NA,"Caribbean",NA,"Vegetables","Gross Production Value (constant 2014-2016 thousand US$)","1000 USD",2008,2118,"Okra","no"
NA,NA,"Caribbean",NA,"Vegetables","Gross Production Value (constant 2014-2016 thousand US$)","1000 USD",2009,2253.25,"Okra","no"
NA,NA,"Caribbean",NA,"Vegetables","Gross Production Value (constant 2014-2016 thousand US$)","1000 USD",2010,2492.25,"Okra","no"
NA,NA,"Caribbean",NA,"Vegetables","Gross Production Value (constant 2014-2016 thousand US$)","1000 USD",2011,3343.75,"Okra","no"
NA,NA,"Caribbean",NA,"Vegetables","Gross Production Value (constant 2014-2016 thousand US$)","1000 USD",2012,3627.5,"Okra","no"
NA,NA,"Caribbean",NA,"Vegetables","Gross Production Value (constant 2014-2016 thousand US$)","1000 USD",2013,3741.25,"Okra","no"
NA,NA,"Caribbean",NA,"Vegetables","Gross Production Value (constant 2014-2016 thousand US$)","1000 USD",2014,3152.5,"Okra","no"
NA,NA,"Caribbean",NA,"Vegetables","Gross Production Value (constant 2014-2016 thousand US$)","1000 USD",2015,3124.75,"Okra","no"
NA,NA,"Caribbean",NA,"Vegetables","Gross Production Value (constant 2014-2016 thousand US$)","1000 USD",2016,3573.25,"Okra","no"
NA,NA,"Caribbean",NA,"Vegetables","Gross Production Value (constant 2014-2016 thousand US$)","1000 USD",2017,3712.5,"Okra","no"
NA,NA,"Caribbean",NA,"Vegetables","Gross Production Value (constant 2014-2016 thousand US$)","1000 USD",2018,4053.75,"Okra","no"
NA,NA,"Caribbean",NA,"Vegetables","Gross Production Value (constant 2014-2016 thousand US$)","1000 USD",2019,3782.75,"Okra","no"
NA,NA,"Caribbean",NA,"Vegetables","Gross Production Value (constant 2014-2016 thousand US$)","1000 USD",2020,3537,"Okra","no"
NA,NA,"Caribbean",NA,"Vegetables","Gross Production Value (constant 2014-2016 thousand US$)","1000 USD",2021,3964.25,"Okra","no"
NA,NA,"Caribbean",NA,"Vegetables","Gross Production Value (constant 2014-2016 thousand US$)","1000 USD",2022,4117,"Okra","no"
NA,NA,"Caribbean",NA,"Vegetables","Gross Production Value (constant 2014-2016 thousand US$)","1000 USD",2023,3485.25,"Okra","no"
NA,NA,"Caribbean",NA,"Vegetables","Gross Production Value (constant 2014-2016 thousand I$)","1000 Int$",1992,2182,"Onions and shallots","no"
NA,NA,"Caribbean",NA,"Vegetables","Gross Production Value (constant 2014-2016 thousand I$)","1000 Int$",1993,2166.7,"Onions and shallots","no"
NA,NA,"Caribbean",NA,"Vegetables","Gross Production Value (constant 2014-2016 thousand I$)","1000 Int$",1994,2262.3,"Onions and shallots","no"
NA,NA,"Caribbean",NA,"Vegetables","Gross Production Value (constant 2014-2016 thousand I$)","1000 Int$",1995,2468.1,"Onions and shallots","no"
NA,NA,"Caribbean",NA,"Vegetables","Gross Production Value (constant 2014-2016 thousand I$)","1000 Int$",1996,2409.4,"Onions and shallots","no"
NA,NA,"Caribbean",NA,"Vegetables","Gross Production Value (constant 2014-2016 thousand I$)","1000 Int$",1997,2236.6,"Onions and shallots","no"
NA,NA,"Caribbean",NA,"Vegetables","Gross Production Value (constant 2014-2016 thousand I$)","1000 Int$",1998,2665.1,"Onions and shallots","no"
NA,NA,"Caribbean",NA,"Vegetables","Gross Production Value (constant 2014-2016 thousand I$)","1000 Int$",1999,4765.7,"Onions and shallots","no"
NA,NA,"Caribbean",NA,"Vegetables","Gross Production Value (constant 2014-2016 thousand I$)","1000 Int$",2000,5614.1,"Onions and shallots","no"
NA,NA,"Caribbean",NA,"Vegetables","Gross Production Value (constant 2014-2016 thousand I$)","1000 Int$",2001,6771,"Onions and shallots","no"
NA,NA,"Caribbean",NA,"Vegetables","Gross Production Value (constant 2014-2016 thousand I$)","1000 Int$",2002,6463.6,"Onions and shallots","no"
NA,NA,"Caribbean",NA,"Vegetables","Gross Production Value (constant 2014-2016 thousand I$)","1000 Int$",2003,6914.3,"Onions and shallots","no"
NA,NA,"Caribbean",NA,"Vegetables","Gross Production Value (constant 2014-2016 thousand I$)","1000 Int$",2004,8453.2,"Onions and shallots","no"
NA,NA,"Caribbean",NA,"Vegetables","Gross Production Value (constant 2014-2016 thousand I$)","1000 Int$",2005,8298,"Onions and shallots","no"
NA,NA,"Caribbean",NA,"Vegetables","Gross Production Value (constant 2014-2016 thousand I$)","1000 Int$",2006,7434.1,"Onions and shallots","no"
NA,NA,"Caribbean",NA,"Vegetables","Gross Production Value (constant 2014-2016 thousand I$)","1000 Int$",2007,7491.3,"Onions and shallots","no"
NA,NA,"Caribbean",NA,"Vegetables","Gross Production Value (constant 2014-2016 thousand I$)","1000 Int$",2008,8399.6,"Onions and shallots","no"
NA,NA,"Caribbean",NA,"Vegetables","Gross Production Value (constant 2014-2016 thousand I$)","1000 Int$",2009,8430.9,"Onions and shallots","no"
NA,NA,"Caribbean",NA,"Vegetables","Gross Production Value (constant 2014-2016 thousand I$)","1000 Int$",2010,7739.1,"Onions and shallots","no"
NA,NA,"Caribbean",NA,"Vegetables","Gross Production Value (constant 2014-2016 thousand I$)","1000 Int$",2011,10345.2,"Onions and shallots","no"
NA,NA,"Caribbean",NA,"Vegetables","Gross Production Value (constant 2014-2016 thousand I$)","1000 Int$",2012,8461.4,"Onions and shallots","no"
NA,NA,"Caribbean",NA,"Vegetables","Gross Production Value (constant 2014-2016 thousand I$)","1000 Int$",2013,8634.1,"Onions and shallots","no"
NA,NA,"Caribbean",NA,"Vegetables","Gross Production Value (constant 2014-2016 thousand I$)","1000 Int$",2014,8329.8,"Onions and shallots","no"
NA,NA,"Caribbean",NA,"Vegetables","Gross Production Value (constant 2014-2016 thousand I$)","1000 Int$",2015,7979,"Onions and shallots","no"
NA,NA,"Caribbean",NA,"Vegetables","Gross Production Value (constant 2014-2016 thousand I$)","1000 Int$",2016,7411.6,"Onions and shallots","no"
NA,NA,"Caribbean",NA,"Vegetables","Gross Production Value (constant 2014-2016 thousand I$)","1000 Int$",2017,8136.7,"Onions and shallots","no"
NA,NA,"Caribbean",NA,"Vegetables","Gross Production Value (constant 2014-2016 thousand I$)","1000 Int$",2018,7390.5,"Onions and shallots","no"
NA,NA,"Caribbean",NA,"Vegetables","Gross Production Value (constant 2014-2016 thousand I$)","1000 Int$",2019,7457.7,"Onions and shallots","no"
NA,NA,"Caribbean",NA,"Vegetables","Gross Production Value (constant 2014-2016 thousand I$)","1000 Int$",2020,6215.2,"Onions and shallots","no"
NA,NA,"Caribbean",NA,"Vegetables","Gross Production Value (constant 2014-2016 thousand I$)","1000 Int$",2021,6339.1,"Onions and shallots","no"
NA,NA,"Caribbean",NA,"Vegetables","Gross Production Value (constant 2014-2016 thousand I$)","1000 Int$",2022,6677.7,"Onions and shallots","no"
NA,NA,"Caribbean",NA,"Vegetables","Gross Production Value (constant 2014-2016 thousand I$)","1000 Int$",2023,8115.7,"Onions and shallots","no"
NA,NA,"Caribbean",NA,"Vegetables","Gross Production Value (constant 2014-2016 thousand US$)","1000 USD",1992,6318.833333333333,"Onions and shallots","no"
NA,NA,"Caribbean",NA,"Vegetables","Gross Production Value (constant 2014-2016 thousand US$)","1000 USD",1993,7133.666666666667,"Onions and shallots","no"
NA,NA,"Caribbean",NA,"Vegetables","Gross Production Value (constant 2014-2016 thousand US$)","1000 USD",1994,8161.833333333333,"Onions and shallots","no"
NA,NA,"Caribbean",NA,"Vegetables","Gross Production Value (constant 2014-2016 thousand US$)","1000 USD",1995,8684.5,"Onions and shallots","no"
NA,NA,"Caribbean",NA,"Vegetables","Gross Production Value (constant 2014-2016 thousand US$)","1000 USD",1996,7984.5,"Onions and shallots","no"
NA,NA,"Caribbean",NA,"Vegetables","Gross Production Value (constant 2014-2016 thousand US$)","1000 USD",1997,6291.5,"Onions and shallots","no"
NA,NA,"Caribbean",NA,"Vegetables","Gross Production Value (constant 2014-2016 thousand US$)","1000 USD",1998,7030.166666666667,"Onions and shallots","no"
NA,NA,"Caribbean",NA,"Vegetables","Gross Production Value (constant 2014-2016 thousand US$)","1000 USD",1999,10623.5,"Onions and shallots","no"
NA,NA,"Caribbean",NA,"Vegetables","Gross Production Value (constant 2014-2016 thousand US$)","1000 USD",2000,9168.833333333334,"Onions and shallots","no"
NA,NA,"Caribbean",NA,"Vegetables","Gross Production Value (constant 2014-2016 thousand US$)","1000 USD",2001,11096.833333333334,"Onions and shallots","no"
NA,NA,"Caribbean",NA,"Vegetables","Gross Production Value (constant 2014-2016 thousand US$)","1000 USD",2002,9659.666666666666,"Onions and shallots","no"
NA,NA,"Caribbean",NA,"Vegetables","Gross Production Value (constant 2014-2016 thousand US$)","1000 USD",2003,9806.833333333334,"Onions and shallots","no"
NA,NA,"Caribbean",NA,"Vegetables","Gross Production Value (constant 2014-2016 thousand US$)","1000 USD",2004,8744.5,"Onions and shallots","no"
NA,NA,"Caribbean",NA,"Vegetables","Gross Production Value (constant 2014-2016 thousand US$)","1000 USD",2005,10496.166666666666,"Onions and shallots","no"
NA,NA,"Caribbean",NA,"Vegetables","Gross Production Value (constant 2014-2016 thousand US$)","1000 USD",2006,9963.333333333334,"Onions and shallots","no"
NA,NA,"Caribbean",NA,"Vegetables","Gross Production Value (constant 2014-2016 thousand US$)","1000 USD",2007,10680.5,"Onions and shallots","no"
NA,NA,"Caribbean",NA,"Vegetables","Gross Production Value (constant 2014-2016 thousand US$)","1000 USD",2008,11200.166666666666,"Onions and shallots","no"
NA,NA,"Caribbean",NA,"Vegetables","Gross Production Value (constant 2014-2016 thousand US$)","1000 USD",2009,10667.5,"Onions and shallots","no"
NA,NA,"Caribbean",NA,"Vegetables","Gross Production Value (constant 2014-2016 thousand US$)","1000 USD",2010,10947,"Onions and shallots","no"
NA,NA,"Caribbean",NA,"Vegetables","Gross Production Value (constant 2014-2016 thousand US$)","1000 USD",2011,16206.333333333334,"Onions and shallots","no"
NA,NA,"Caribbean",NA,"Vegetables","Gross Production Value (constant 2014-2016 thousand US$)","1000 USD",2012,12827.5,"Onions and shallots","no"
NA,NA,"Caribbean",NA,"Vegetables","Gross Production Value (constant 2014-2016 thousand US$)","1000 USD",2013,12036.166666666666,"Onions and shallots","no"
NA,NA,"Caribbean",NA,"Vegetables","Gross Production Value (constant 2014-2016 thousand US$)","1000 USD",2014,13082,"Onions and shallots","no"
NA,NA,"Caribbean",NA,"Vegetables","Gross Production Value (constant 2014-2016 thousand US$)","1000 USD",2015,12611.666666666666,"Onions and shallots","no"
NA,NA,"Caribbean",NA,"Vegetables","Gross Production Value (constant 2014-2016 thousand US$)","1000 USD",2016,13291.166666666666,"Onions and shallots","no"
NA,NA,"Caribbean",NA,"Vegetables","Gross Production Value (constant 2014-2016 thousand US$)","1000 USD",2017,12497.833333333334,"Onions and shallots","no"
NA,NA,"Caribbean",NA,"Vegetables","Gross Production Value (constant 2014-2016 thousand US$)","1000 USD",2018,13169,"Onions and shallots","no"
NA,NA,"Caribbean",NA,"Vegetables","Gross Production Value (constant 2014-2016 thousand US$)","1000 USD",2019,14329,"Onions and shallots","no"
NA,NA,"Caribbean",NA,"Vegetables","Gross Production Value (constant 2014-2016 thousand US$)","1000 USD",2020,14040.166666666666,"Onions and shallots","no"
NA,NA,"Caribbean",NA,"Vegetables","Gross Production Value (constant 2014-2016 thousand US$)","1000 USD",2021,14788,"Onions and shallots","no"
NA,NA,"Caribbean",NA,"Vegetables","Gross Production Value (constant 2014-2016 thousand US$)","1000 USD",2022,15753.833333333334,"Onions and shallots","no"
NA,NA,"Caribbean",NA,"Vegetables","Gross Production Value (constant 2014-2016 thousand US$)","1000 USD",2023,21028.333333333332,"Onions and shallots","no"
NA,NA,"Caribbean",NA,"Vegetables","Gross Production Value (constant 2014-2016 thousand I$)","1000 Int$",1992,150.6,"Other beans","no"
NA,NA,"Caribbean",NA,"Vegetables","Gross Production Value (constant 2014-2016 thousand I$)","1000 Int$",1993,142,"Other beans","no"
NA,NA,"Caribbean",NA,"Vegetables","Gross Production Value (constant 2014-2016 thousand I$)","1000 Int$",1994,149.8,"Other beans","no"
NA,NA,"Caribbean",NA,"Vegetables","Gross Production Value (constant 2014-2016 thousand I$)","1000 Int$",1995,144.6,"Other beans","no"
NA,NA,"Caribbean",NA,"Vegetables","Gross Production Value (constant 2014-2016 thousand I$)","1000 Int$",1996,156.6,"Other beans","no"
NA,NA,"Caribbean",NA,"Vegetables","Gross Production Value (constant 2014-2016 thousand I$)","1000 Int$",1997,152.8,"Other beans","no"
NA,NA,"Caribbean",NA,"Vegetables","Gross Production Value (constant 2014-2016 thousand I$)","1000 Int$",1998,154,"Other beans","no"
NA,NA,"Caribbean",NA,"Vegetables","Gross Production Value (constant 2014-2016 thousand I$)","1000 Int$",1999,180.4,"Other beans","no"
NA,NA,"Caribbean",NA,"Vegetables","Gross Production Value (constant 2014-2016 thousand I$)","1000 Int$",2000,164.4,"Other beans","no"
NA,NA,"Caribbean",NA,"Vegetables","Gross Production Value (constant 2014-2016 thousand I$)","1000 Int$",2001,154.4,"Other beans","no"
NA,NA,"Caribbean",NA,"Vegetables","Gross Production Value (constant 2014-2016 thousand I$)","1000 Int$",2002,161.6,"Other beans","no"
NA,NA,"Caribbean",NA,"Vegetables","Gross Production Value (constant 2014-2016 thousand I$)","1000 Int$",2003,120.8,"Other beans","no"
NA,NA,"Caribbean",NA,"Vegetables","Gross Production Value (constant 2014-2016 thousand I$)","1000 Int$",2004,114.2,"Other beans","no"
NA,NA,"Caribbean",NA,"Vegetables","Gross Production Value (constant 2014-2016 thousand I$)","1000 Int$",2005,101.2,"Other beans","no"
NA,NA,"Caribbean",NA,"Vegetables","Gross Production Value (constant 2014-2016 thousand I$)","1000 Int$",2006,98.2,"Other beans","no"
NA,NA,"Caribbean",NA,"Vegetables","Gross Production Value (constant 2014-2016 thousand I$)","1000 Int$",2007,11.4,"Other beans","no"
NA,NA,"Caribbean",NA,"Vegetables","Gross Production Value (constant 2014-2016 thousand I$)","1000 Int$",2008,14.2,"Other beans","no"
NA,NA,"Caribbean",NA,"Vegetables","Gross Production Value (constant 2014-2016 thousand I$)","1000 Int$",2009,16.8,"Other beans","no"
NA,NA,"Caribbean",NA,"Vegetables","Gross Production Value (constant 2014-2016 thousand I$)","1000 Int$",2010,19.4,"Other beans","no"
NA,NA,"Caribbean",NA,"Vegetables","Gross Production Value (constant 2014-2016 thousand I$)","1000 Int$",2011,21,"Other beans","no"
NA,NA,"Caribbean",NA,"Vegetables","Gross Production Value (constant 2014-2016 thousand I$)","1000 Int$",2012,26.2,"Other beans","no"
NA,NA,"Caribbean",NA,"Vegetables","Gross Production Value (constant 2014-2016 thousand I$)","1000 Int$",2013,19.2,"Other beans","no"
NA,NA,"Caribbean",NA,"Vegetables","Gross Production Value (constant 2014-2016 thousand I$)","1000 Int$",2014,16.8,"Other beans","no"
NA,NA,"Caribbean",NA,"Vegetables","Gross Production Value (constant 2014-2016 thousand I$)","1000 Int$",2015,15.6,"Other beans","no"
NA,NA,"Caribbean",NA,"Vegetables","Gross Production Value (constant 2014-2016 thousand I$)","1000 Int$",2016,41.4,"Other beans","no"
NA,NA,"Caribbean",NA,"Vegetables","Gross Production Value (constant 2014-2016 thousand I$)","1000 Int$",2017,32.6,"Other beans","no"
NA,NA,"Caribbean",NA,"Vegetables","Gross Production Value (constant 2014-2016 thousand I$)","1000 Int$",2018,31.4,"Other beans","no"
NA,NA,"Caribbean",NA,"Vegetables","Gross Production Value (constant 2014-2016 thousand I$)","1000 Int$",2019,33.6,"Other beans","no"
NA,NA,"Caribbean",NA,"Vegetables","Gross Production Value (constant 2014-2016 thousand I$)","1000 Int$",2020,34.2,"Other beans","no"
NA,NA,"Caribbean",NA,"Vegetables","Gross Production Value (constant 2014-2016 thousand I$)","1000 Int$",2021,37.4,"Other beans","no"
NA,NA,"Caribbean",NA,"Vegetables","Gross Production Value (constant 2014-2016 thousand I$)","1000 Int$",2022,30.8,"Other beans","no"
NA,NA,"Caribbean",NA,"Vegetables","Gross Production Value (constant 2014-2016 thousand I$)","1000 Int$",2023,29.8,"Other beans","no"
NA,NA,"Caribbean",NA,"Vegetables","Gross Production Value (constant 2014-2016 thousand US$)","1000 USD",1992,108.5,"Other beans","no"
NA,NA,"Caribbean",NA,"Vegetables","Gross Production Value (constant 2014-2016 thousand US$)","1000 USD",1993,91.5,"Other beans","no"
NA,NA,"Caribbean",NA,"Vegetables","Gross Production Value (constant 2014-2016 thousand US$)","1000 USD",1994,91.5,"Other beans","no"
NA,NA,"Caribbean",NA,"Vegetables","Gross Production Value (constant 2014-2016 thousand US$)","1000 USD",1995,88,"Other beans","no"
NA,NA,"Caribbean",NA,"Vegetables","Gross Production Value (constant 2014-2016 thousand US$)","1000 USD",1996,92.5,"Other beans","no"
NA,NA,"Caribbean",NA,"Vegetables","Gross Production Value (constant 2014-2016 thousand US$)","1000 USD",1997,94,"Other beans","no"
NA,NA,"Caribbean",NA,"Vegetables","Gross Production Value (constant 2014-2016 thousand US$)","1000 USD",1998,95.5,"Other beans","no"
NA,NA,"Caribbean",NA,"Vegetables","Gross Production Value (constant 2014-2016 thousand US$)","1000 USD",1999,97.5,"Other beans","no"
NA,NA,"Caribbean",NA,"Vegetables","Gross Production Value (constant 2014-2016 thousand US$)","1000 USD",2000,95,"Other beans","no"
NA,NA,"Caribbean",NA,"Vegetables","Gross Production Value (constant 2014-2016 thousand US$)","1000 USD",2001,101.5,"Other beans","no"
NA,NA,"Caribbean",NA,"Vegetables","Gross Production Value (constant 2014-2016 thousand US$)","1000 USD",2002,108.5,"Other beans","no"
NA,NA,"Caribbean",NA,"Vegetables","Gross Production Value (constant 2014-2016 thousand US$)","1000 USD",2003,133.5,"Other beans","no"
NA,NA,"Caribbean",NA,"Vegetables","Gross Production Value (constant 2014-2016 thousand US$)","1000 USD",2004,140.5,"Other beans","no"
NA,NA,"Caribbean",NA,"Vegetables","Gross Production Value (constant 2014-2016 thousand US$)","1000 USD",2005,135,"Other beans","no"
NA,NA,"Caribbean",NA,"Vegetables","Gross Production Value (constant 2014-2016 thousand US$)","1000 USD",2006,193,"Other beans","no"
NA,NA,"Caribbean",NA,"Vegetables","Gross Production Value (constant 2014-2016 thousand US$)","1000 USD",2007,227.5,"Other beans","no"
NA,NA,"Caribbean",NA,"Vegetables","Gross Production Value (constant 2014-2016 thousand US$)","1000 USD",2008,280,"Other beans","no"
NA,NA,"Caribbean",NA,"Vegetables","Gross Production Value (constant 2014-2016 thousand US$)","1000 USD",2009,327.5,"Other beans","no"
NA,NA,"Caribbean",NA,"Vegetables","Gross Production Value (constant 2014-2016 thousand US$)","1000 USD",2010,371.5,"Other beans","no"
NA,NA,"Caribbean",NA,"Vegetables","Gross Production Value (constant 2014-2016 thousand US$)","1000 USD",2011,404,"Other beans","no"
NA,NA,"Caribbean",NA,"Vegetables","Gross Production Value (constant 2014-2016 thousand US$)","1000 USD",2012,501,"Other beans","no"
NA,NA,"Caribbean",NA,"Vegetables","Gross Production Value (constant 2014-2016 thousand US$)","1000 USD",2013,374.5,"Other beans","no"
NA,NA,"Caribbean",NA,"Vegetables","Gross Production Value (constant 2014-2016 thousand US$)","1000 USD",2014,328,"Other beans","no"
NA,NA,"Caribbean",NA,"Vegetables","Gross Production Value (constant 2014-2016 thousand US$)","1000 USD",2015,305,"Other beans","no"
NA,NA,"Caribbean",NA,"Vegetables","Gross Production Value (constant 2014-2016 thousand US$)","1000 USD",2016,348,"Other beans","no"
NA,NA,"Caribbean",NA,"Vegetables","Gross Production Value (constant 2014-2016 thousand US$)","1000 USD",2017,374,"Other beans","no"
NA,NA,"Caribbean",NA,"Vegetables","Gross Production Value (constant 2014-2016 thousand US$)","1000 USD",2018,400.5,"Other beans","no"
NA,NA,"Caribbean",NA,"Vegetables","Gross Production Value (constant 2014-2016 thousand US$)","1000 USD",2019,412,"Other beans","no"
NA,NA,"Caribbean",NA,"Vegetables","Gross Production Value (constant 2014-2016 thousand US$)","1000 USD",2020,411.5,"Other beans","no"
NA,NA,"Caribbean",NA,"Vegetables","Gross Production Value (constant 2014-2016 thousand US$)","1000 USD",2021,422.5,"Other beans","no"
NA,NA,"Caribbean",NA,"Vegetables","Gross Production Value (constant 2014-2016 thousand US$)","1000 USD",2022,433,"Other beans","no"
NA,NA,"Caribbean",NA,"Vegetables","Gross Production Value (constant 2014-2016 thousand US$)","1000 USD",2023,426,"Other beans","no"
NA,NA,"Caribbean",NA,"Vegetables","Gross Production Value (constant 2014-2016 thousand I$)","1000 Int$",1992,7713,"Other vegetables n.e.c.","no"
NA,NA,"Caribbean",NA,"Vegetables","Gross Production Value (constant 2014-2016 thousand I$)","1000 Int$",1993,7239.533333333334,"Other vegetables n.e.c.","no"
NA,NA,"Caribbean",NA,"Vegetables","Gross Production Value (constant 2014-2016 thousand I$)","1000 Int$",1994,7196.133333333333,"Other vegetables n.e.c.","no"
NA,NA,"Caribbean",NA,"Vegetables","Gross Production Value (constant 2014-2016 thousand I$)","1000 Int$",1995,6799.866666666667,"Other vegetables n.e.c.","no"
NA,NA,"Caribbean",NA,"Vegetables","Gross Production Value (constant 2014-2016 thousand I$)","1000 Int$",1996,7878.333333333333,"Other vegetables n.e.c.","no"
NA,NA,"Caribbean",NA,"Vegetables","Gross Production Value (constant 2014-2016 thousand I$)","1000 Int$",1997,7591.266666666666,"Other vegetables n.e.c.","no"
NA,NA,"Caribbean",NA,"Vegetables","Gross Production Value (constant 2014-2016 thousand I$)","1000 Int$",1998,11922.466666666667,"Other vegetables n.e.c.","no"
NA,NA,"Caribbean",NA,"Vegetables","Gross Production Value (constant 2014-2016 thousand I$)","1000 Int$",1999,15278.466666666667,"Other vegetables n.e.c.","no"
NA,NA,"Caribbean",NA,"Vegetables","Gross Production Value (constant 2014-2016 thousand I$)","1000 Int$",2000,24030.933333333334,"Other vegetables n.e.c.","no"
NA,NA,"Caribbean",NA,"Vegetables","Gross Production Value (constant 2014-2016 thousand I$)","1000 Int$",2001,29728.066666666666,"Other vegetables n.e.c.","no"
NA,NA,"Caribbean",NA,"Vegetables","Gross Production Value (constant 2014-2016 thousand I$)","1000 Int$",2002,39694.13333333333,"Other vegetables n.e.c.","no"
NA,NA,"Caribbean",NA,"Vegetables","Gross Production Value (constant 2014-2016 thousand I$)","1000 Int$",2003,43906.53333333333,"Other vegetables n.e.c.","no"
NA,NA,"Caribbean",NA,"Vegetables","Gross Production Value (constant 2014-2016 thousand I$)","1000 Int$",2004,41566.333333333336,"Other vegetables n.e.c.","no"
NA,NA,"Caribbean",NA,"Vegetables","Gross Production Value (constant 2014-2016 thousand I$)","1000 Int$",2005,42217.666666666664,"Other vegetables n.e.c.","no"
NA,NA,"Caribbean",NA,"Vegetables","Gross Production Value (constant 2014-2016 thousand I$)","1000 Int$",2006,24967.066666666666,"Other vegetables n.e.c.","no"
NA,NA,"Caribbean",NA,"Vegetables","Gross Production Value (constant 2014-2016 thousand I$)","1000 Int$",2007,22942.333333333332,"Other vegetables n.e.c.","no"
NA,NA,"Caribbean",NA,"Vegetables","Gross Production Value (constant 2014-2016 thousand I$)","1000 Int$",2008,20954.266666666666,"Other vegetables n.e.c.","no"
NA,NA,"Caribbean",NA,"Vegetables","Gross Production Value (constant 2014-2016 thousand I$)","1000 Int$",2009,20814.6,"Other vegetables n.e.c.","no"
NA,NA,"Caribbean",NA,"Vegetables","Gross Production Value (constant 2014-2016 thousand I$)","1000 Int$",2010,20332.133333333335,"Other vegetables n.e.c.","no"
NA,NA,"Caribbean",NA,"Vegetables","Gross Production Value (constant 2014-2016 thousand I$)","1000 Int$",2011,18582.933333333334,"Other vegetables n.e.c.","no"
NA,NA,"Caribbean",NA,"Vegetables","Gross Production Value (constant 2014-2016 thousand I$)","1000 Int$",2012,19667.866666666665,"Other vegetables n.e.c.","no"
NA,NA,"Caribbean",NA,"Vegetables","Gross Production Value (constant 2014-2016 thousand I$)","1000 Int$",2013,19186.266666666666,"Other vegetables n.e.c.","no"
NA,NA,"Caribbean",NA,"Vegetables","Gross Production Value (constant 2014-2016 thousand I$)","1000 Int$",2014,25833.533333333333,"Other vegetables n.e.c.","no"
NA,NA,"Caribbean",NA,"Vegetables","Gross Production Value (constant 2014-2016 thousand I$)","1000 Int$",2015,24036.666666666668,"Other vegetables n.e.c.","no"
NA,NA,"Caribbean",NA,"Vegetables","Gross Production Value (constant 2014-2016 thousand I$)","1000 Int$",2016,24918.4,"Other vegetables n.e.c.","no"
NA,NA,"Caribbean",NA,"Vegetables","Gross Production Value (constant 2014-2016 thousand I$)","1000 Int$",2017,24296.6,"Other vegetables n.e.c.","no"
NA,NA,"Caribbean",NA,"Vegetables","Gross Production Value (constant 2014-2016 thousand I$)","1000 Int$",2018,24687.666666666668,"Other vegetables n.e.c.","no"
NA,NA,"Caribbean",NA,"Vegetables","Gross Production Value (constant 2014-2016 thousand I$)","1000 Int$",2019,25078.933333333334,"Other vegetables n.e.c.","no"
NA,NA,"Caribbean",NA,"Vegetables","Gross Production Value (constant 2014-2016 thousand I$)","1000 Int$",2020,24476.066666666666,"Other vegetables n.e.c.","no"
NA,NA,"Caribbean",NA,"Vegetables","Gross Production Value (constant 2014-2016 thousand I$)","1000 Int$",2021,23434.4,"Other vegetables n.e.c.","no"
NA,NA,"Caribbean",NA,"Vegetables","Gross Production Value (constant 2014-2016 thousand I$)","1000 Int$",2022,25093.866666666665,"Other vegetables n.e.c.","no"
NA,NA,"Caribbean",NA,"Vegetables","Gross Production Value (constant 2014-2016 thousand I$)","1000 Int$",2023,28239.933333333334,"Other vegetables n.e.c.","no"
NA,NA,"Caribbean",NA,"Vegetables","Gross Production Value (constant 2014-2016 thousand US$)","1000 USD",1992,5180.571428571428,"Other vegetables n.e.c.","no"
NA,NA,"Caribbean",NA,"Vegetables","Gross Production Value (constant 2014-2016 thousand US$)","1000 USD",1993,5422.571428571428,"Other vegetables n.e.c.","no"
NA,NA,"Caribbean",NA,"Vegetables","Gross Production Value (constant 2014-2016 thousand US$)","1000 USD",1994,5533.571428571428,"Other vegetables n.e.c.","no"
NA,NA,"Caribbean",NA,"Vegetables","Gross Production Value (constant 2014-2016 thousand US$)","1000 USD",1995,5740.714285714285,"Other vegetables n.e.c.","no"
NA,NA,"Caribbean",NA,"Vegetables","Gross Production Value (constant 2014-2016 thousand US$)","1000 USD",1996,5822.857142857143,"Other vegetables n.e.c.","no"
NA,NA,"Caribbean",NA,"Vegetables","Gross Production Value (constant 2014-2016 thousand US$)","1000 USD",1997,5420.428571428572,"Other vegetables n.e.c.","no"
NA,NA,"Caribbean",NA,"Vegetables","Gross Production Value (constant 2014-2016 thousand US$)","1000 USD",1998,5793.857142857143,"Other vegetables n.e.c.","no"
NA,NA,"Caribbean",NA,"Vegetables","Gross Production Value (constant 2014-2016 thousand US$)","1000 USD",1999,5801.285714285715,"Other vegetables n.e.c.","no"
NA,NA,"Caribbean",NA,"Vegetables","Gross Production Value (constant 2014-2016 thousand US$)","1000 USD",2000,5943.285714285715,"Other vegetables n.e.c.","no"
NA,NA,"Caribbean",NA,"Vegetables","Gross Production Value (constant 2014-2016 thousand US$)","1000 USD",2001,6088.428571428572,"Other vegetables n.e.c.","no"
NA,NA,"Caribbean",NA,"Vegetables","Gross Production Value (constant 2014-2016 thousand US$)","1000 USD",2002,6164.571428571428,"Other vegetables n.e.c.","no"
NA,NA,"Caribbean",NA,"Vegetables","Gross Production Value (constant 2014-2016 thousand US$)","1000 USD",2003,6342.571428571428,"Other vegetables n.e.c.","no"
NA,NA,"Caribbean",NA,"Vegetables","Gross Production Value (constant 2014-2016 thousand US$)","1000 USD",2004,6520,"Other vegetables n.e.c.","no"
NA,NA,"Caribbean",NA,"Vegetables","Gross Production Value (constant 2014-2016 thousand US$)","1000 USD",2005,6753,"Other vegetables n.e.c.","no"
NA,NA,"Caribbean",NA,"Vegetables","Gross Production Value (constant 2014-2016 thousand US$)","1000 USD",2006,6966.714285714285,"Other vegetables n.e.c.","no"
NA,NA,"Caribbean",NA,"Vegetables","Gross Production Value (constant 2014-2016 thousand US$)","1000 USD",2007,6611.142857142857,"Other vegetables n.e.c.","no"
NA,NA,"Caribbean",NA,"Vegetables","Gross Production Value (constant 2014-2016 thousand US$)","1000 USD",2008,6659.714285714285,"Other vegetables n.e.c.","no"
NA,NA,"Caribbean",NA,"Vegetables","Gross Production Value (constant 2014-2016 thousand US$)","1000 USD",2009,6733.857142857143,"Other vegetables n.e.c.","no"
NA,NA,"Caribbean",NA,"Vegetables","Gross Production Value (constant 2014-2016 thousand US$)","1000 USD",2010,6791.857142857143,"Other vegetables n.e.c.","no"
NA,NA,"Caribbean",NA,"Vegetables","Gross Production Value (constant 2014-2016 thousand US$)","1000 USD",2011,6918.428571428572,"Other vegetables n.e.c.","no"
NA,NA,"Caribbean",NA,"Vegetables","Gross Production Value (constant 2014-2016 thousand US$)","1000 USD",2012,7335.857142857143,"Other vegetables n.e.c.","no"
NA,NA,"Caribbean",NA,"Vegetables","Gross Production Value (constant 2014-2016 thousand US$)","1000 USD",2013,7300.714285714285,"Other vegetables n.e.c.","no"
NA,NA,"Caribbean",NA,"Vegetables","Gross Production Value (constant 2014-2016 thousand US$)","1000 USD",2014,8494.57142857143,"Other vegetables n.e.c.","no"
NA,NA,"Caribbean",NA,"Vegetables","Gross Production Value (constant 2014-2016 thousand US$)","1000 USD",2015,12287.285714285714,"Other vegetables n.e.c.","no"
NA,NA,"Caribbean",NA,"Vegetables","Gross Production Value (constant 2014-2016 thousand US$)","1000 USD",2016,15453.42857142857,"Other vegetables n.e.c.","no"
NA,NA,"Caribbean",NA,"Vegetables","Gross Production Value (constant 2014-2016 thousand US$)","1000 USD",2017,17877.571428571428,"Other vegetables n.e.c.","no"
NA,NA,"Caribbean",NA,"Vegetables","Gross Production Value (constant 2014-2016 thousand US$)","1000 USD",2018,19143,"Other vegetables n.e.c.","no"
NA,NA,"Caribbean",NA,"Vegetables","Gross Production Value (constant 2014-2016 thousand US$)","1000 USD",2019,19399.85714285714,"Other vegetables n.e.c.","no"
NA,NA,"Caribbean",NA,"Vegetables","Gross Production Value (constant 2014-2016 thousand US$)","1000 USD",2020,17891.714285714286,"Other vegetables n.e.c.","no"
NA,NA,"Caribbean",NA,"Vegetables","Gross Production Value (constant 2014-2016 thousand US$)","1000 USD",2021,16815.428571428572,"Other vegetables n.e.c.","no"
NA,NA,"Caribbean",NA,"Vegetables","Gross Production Value (constant 2014-2016 thousand US$)","1000 USD",2022,31048.428571428572,"Other vegetables n.e.c.","no"
NA,NA,"Caribbean",NA,"Vegetables","Gross Production Value (constant 2014-2016 thousand US$)","1000 USD",2023,38872.142857142855,"Other vegetables n.e.c.","no"
NA,NA,"Caribbean",NA,"Vegetables","Gross Production Value (constant 2014-2016 thousand I$)","1000 Int$",1992,2100.8,"Pumpkins, squash and gourds","no"
NA,NA,"Caribbean",NA,"Vegetables","Gross Production Value (constant 2014-2016 thousand I$)","1000 Int$",1993,2043.1333333333334,"Pumpkins, squash and gourds","no"
NA,NA,"Caribbean",NA,"Vegetables","Gross Production Value (constant 2014-2016 thousand I$)","1000 Int$",1994,2312.6666666666665,"Pumpkins, squash and gourds","no"
NA,NA,"Caribbean",NA,"Vegetables","Gross Production Value (constant 2014-2016 thousand I$)","1000 Int$",1995,2506.2,"Pumpkins, squash and gourds","no"
NA,NA,"Caribbean",NA,"Vegetables","Gross Production Value (constant 2014-2016 thousand I$)","1000 Int$",1996,2758.0666666666666,"Pumpkins, squash and gourds","no"
NA,NA,"Caribbean",NA,"Vegetables","Gross Production Value (constant 2014-2016 thousand I$)","1000 Int$",1997,3109.866666666667,"Pumpkins, squash and gourds","no"
NA,NA,"Caribbean",NA,"Vegetables","Gross Production Value (constant 2014-2016 thousand I$)","1000 Int$",1998,3898.733333333333,"Pumpkins, squash and gourds","no"
NA,NA,"Caribbean",NA,"Vegetables","Gross Production Value (constant 2014-2016 thousand I$)","1000 Int$",1999,4885.266666666666,"Pumpkins, squash and gourds","no"
NA,NA,"Caribbean",NA,"Vegetables","Gross Production Value (constant 2014-2016 thousand I$)","1000 Int$",2000,7295.866666666667,"Pumpkins, squash and gourds","no"
NA,NA,"Caribbean",NA,"Vegetables","Gross Production Value (constant 2014-2016 thousand I$)","1000 Int$",2001,8523.2,"Pumpkins, squash and gourds","no"
NA,NA,"Caribbean",NA,"Vegetables","Gross Production Value (constant 2014-2016 thousand I$)","1000 Int$",2002,9605.133333333333,"Pumpkins, squash and gourds","no"
NA,NA,"Caribbean",NA,"Vegetables","Gross Production Value (constant 2014-2016 thousand I$)","1000 Int$",2003,11020.666666666666,"Pumpkins, squash and gourds","no"
NA,NA,"Caribbean",NA,"Vegetables","Gross Production Value (constant 2014-2016 thousand I$)","1000 Int$",2004,11501.8,"Pumpkins, squash and gourds","no"
NA,NA,"Caribbean",NA,"Vegetables","Gross Production Value (constant 2014-2016 thousand I$)","1000 Int$",2005,12239.133333333333,"Pumpkins, squash and gourds","no"
NA,NA,"Caribbean",NA,"Vegetables","Gross Production Value (constant 2014-2016 thousand I$)","1000 Int$",2006,10323.333333333334,"Pumpkins, squash and gourds","no"
NA,NA,"Caribbean",NA,"Vegetables","Gross Production Value (constant 2014-2016 thousand I$)","1000 Int$",2007,10450.4,"Pumpkins, squash and gourds","no"
NA,NA,"Caribbean",NA,"Vegetables","Gross Production Value (constant 2014-2016 thousand I$)","1000 Int$",2008,9911.466666666667,"Pumpkins, squash and gourds","no"
NA,NA,"Caribbean",NA,"Vegetables","Gross Production Value (constant 2014-2016 thousand I$)","1000 Int$",2009,9875.866666666667,"Pumpkins, squash and gourds","no"
NA,NA,"Caribbean",NA,"Vegetables","Gross Production Value (constant 2014-2016 thousand I$)","1000 Int$",2010,8535.133333333333,"Pumpkins, squash and gourds","no"
NA,NA,"Caribbean",NA,"Vegetables","Gross Production Value (constant 2014-2016 thousand I$)","1000 Int$",2011,8662.266666666666,"Pumpkins, squash and gourds","no"
NA,NA,"Caribbean",NA,"Vegetables","Gross Production Value (constant 2014-2016 thousand I$)","1000 Int$",2012,9153,"Pumpkins, squash and gourds","no"
NA,NA,"Caribbean",NA,"Vegetables","Gross Production Value (constant 2014-2016 thousand I$)","1000 Int$",2013,10942.6,"Pumpkins, squash and gourds","no"
NA,NA,"Caribbean",NA,"Vegetables","Gross Production Value (constant 2014-2016 thousand I$)","1000 Int$",2014,11608.933333333332,"Pumpkins, squash and gourds","no"
NA,NA,"Caribbean",NA,"Vegetables","Gross Production Value (constant 2014-2016 thousand I$)","1000 Int$",2015,11193.066666666668,"Pumpkins, squash and gourds","no"
NA,NA,"Caribbean",NA,"Vegetables","Gross Production Value (constant 2014-2016 thousand I$)","1000 Int$",2016,12024.8,"Pumpkins, squash and gourds","no"
NA,NA,"Caribbean",NA,"Vegetables","Gross Production Value (constant 2014-2016 thousand I$)","1000 Int$",2017,11425.466666666667,"Pumpkins, squash and gourds","no"
NA,NA,"Caribbean",NA,"Vegetables","Gross Production Value (constant 2014-2016 thousand I$)","1000 Int$",2018,10864,"Pumpkins, squash and gourds","no"
NA,NA,"Caribbean",NA,"Vegetables","Gross Production Value (constant 2014-2016 thousand I$)","1000 Int$",2019,9801.466666666667,"Pumpkins, squash and gourds","no"
NA,NA,"Caribbean",NA,"Vegetables","Gross Production Value (constant 2014-2016 thousand I$)","1000 Int$",2020,7759.533333333334,"Pumpkins, squash and gourds","no"
NA,NA,"Caribbean",NA,"Vegetables","Gross Production Value (constant 2014-2016 thousand I$)","1000 Int$",2021,8476.333333333334,"Pumpkins, squash and gourds","no"
NA,NA,"Caribbean",NA,"Vegetables","Gross Production Value (constant 2014-2016 thousand I$)","1000 Int$",2022,8844.6,"Pumpkins, squash and gourds","no"
NA,NA,"Caribbean",NA,"Vegetables","Gross Production Value (constant 2014-2016 thousand I$)","1000 Int$",2023,9031.533333333333,"Pumpkins, squash and gourds","no"
NA,NA,"Caribbean",NA,"Vegetables","Gross Production Value (constant 2014-2016 thousand US$)","1000 USD",1992,4655.777777777777,"Pumpkins, squash and gourds","no"
NA,NA,"Caribbean",NA,"Vegetables","Gross Production Value (constant 2014-2016 thousand US$)","1000 USD",1993,4963.333333333333,"Pumpkins, squash and gourds","no"
NA,NA,"Caribbean",NA,"Vegetables","Gross Production Value (constant 2014-2016 thousand US$)","1000 USD",1994,5514.444444444444,"Pumpkins, squash and gourds","no"
NA,NA,"Caribbean",NA,"Vegetables","Gross Production Value (constant 2014-2016 thousand US$)","1000 USD",1995,5619.111111111111,"Pumpkins, squash and gourds","no"
NA,NA,"Caribbean",NA,"Vegetables","Gross Production Value (constant 2014-2016 thousand US$)","1000 USD",1996,5574.888888888889,"Pumpkins, squash and gourds","no"
NA,NA,"Caribbean",NA,"Vegetables","Gross Production Value (constant 2014-2016 thousand US$)","1000 USD",1997,5370.111111111111,"Pumpkins, squash and gourds","no"
NA,NA,"Caribbean",NA,"Vegetables","Gross Production Value (constant 2014-2016 thousand US$)","1000 USD",1998,5038.555555555556,"Pumpkins, squash and gourds","no"
NA,NA,"Caribbean",NA,"Vegetables","Gross Production Value (constant 2014-2016 thousand US$)","1000 USD",1999,4704.555555555556,"Pumpkins, squash and gourds","no"
NA,NA,"Caribbean",NA,"Vegetables","Gross Production Value (constant 2014-2016 thousand US$)","1000 USD",2000,5437.444444444444,"Pumpkins, squash and gourds","no"
NA,NA,"Caribbean",NA,"Vegetables","Gross Production Value (constant 2014-2016 thousand US$)","1000 USD",2001,5635.666666666667,"Pumpkins, squash and gourds","no"
NA,NA,"Caribbean",NA,"Vegetables","Gross Production Value (constant 2014-2016 thousand US$)","1000 USD",2002,5067.555555555556,"Pumpkins, squash and gourds","no"
NA,NA,"Caribbean",NA,"Vegetables","Gross Production Value (constant 2014-2016 thousand US$)","1000 USD",2003,5753.111111111111,"Pumpkins, squash and gourds","no"
NA,NA,"Caribbean",NA,"Vegetables","Gross Production Value (constant 2014-2016 thousand US$)","1000 USD",2004,5027.777777777777,"Pumpkins, squash and gourds","no"
NA,NA,"Caribbean",NA,"Vegetables","Gross Production Value (constant 2014-2016 thousand US$)","1000 USD",2005,5326.444444444444,"Pumpkins, squash and gourds","no"
NA,NA,"Caribbean",NA,"Vegetables","Gross Production Value (constant 2014-2016 thousand US$)","1000 USD",2006,5627.777777777777,"Pumpkins, squash and gourds","no"
NA,NA,"Caribbean",NA,"Vegetables","Gross Production Value (constant 2014-2016 thousand US$)","1000 USD",2007,5491.666666666667,"Pumpkins, squash and gourds","no"
NA,NA,"Caribbean",NA,"Vegetables","Gross Production Value (constant 2014-2016 thousand US$)","1000 USD",2008,5677.222222222223,"Pumpkins, squash and gourds","no"
NA,NA,"Caribbean",NA,"Vegetables","Gross Production Value (constant 2014-2016 thousand US$)","1000 USD",2009,6188.333333333333,"Pumpkins, squash and gourds","no"
NA,NA,"Caribbean",NA,"Vegetables","Gross Production Value (constant 2014-2016 thousand US$)","1000 USD",2010,5899.555555555556,"Pumpkins, squash and gourds","no"
NA,NA,"Caribbean",NA,"Vegetables","Gross Production Value (constant 2014-2016 thousand US$)","1000 USD",2011,6810.888888888889,"Pumpkins, squash and gourds","no"
NA,NA,"Caribbean",NA,"Vegetables","Gross Production Value (constant 2014-2016 thousand US$)","1000 USD",2012,7148.888888888889,"Pumpkins, squash and gourds","no"
NA,NA,"Caribbean",NA,"Vegetables","Gross Production Value (constant 2014-2016 thousand US$)","1000 USD",2013,7240.444444444444,"Pumpkins, squash and gourds","no"
NA,NA,"Caribbean",NA,"Vegetables","Gross Production Value (constant 2014-2016 thousand US$)","1000 USD",2014,6551.777777777777,"Pumpkins, squash and gourds","no"
NA,NA,"Caribbean",NA,"Vegetables","Gross Production Value (constant 2014-2016 thousand US$)","1000 USD",2015,6197.666666666667,"Pumpkins, squash and gourds","no"
NA,NA,"Caribbean",NA,"Vegetables","Gross Production Value (constant 2014-2016 thousand US$)","1000 USD",2016,6815.777777777777,"Pumpkins, squash and gourds","no"
NA,NA,"Caribbean",NA,"Vegetables","Gross Production Value (constant 2014-2016 thousand US$)","1000 USD",2017,6521.222222222223,"Pumpkins, squash and gourds","no"
NA,NA,"Caribbean",NA,"Vegetables","Gross Production Value (constant 2014-2016 thousand US$)","1000 USD",2018,7183.444444444444,"Pumpkins, squash and gourds","no"
NA,NA,"Caribbean",NA,"Vegetables","Gross Production Value (constant 2014-2016 thousand US$)","1000 USD",2019,7429.555555555556,"Pumpkins, squash and gourds","no"
NA,NA,"Caribbean",NA,"Vegetables","Gross Production Value (constant 2014-2016 thousand US$)","1000 USD",2020,7511.666666666667,"Pumpkins, squash and gourds","no"
NA,NA,"Caribbean",NA,"Vegetables","Gross Production Value (constant 2014-2016 thousand US$)","1000 USD",2021,7346.888888888889,"Pumpkins, squash and gourds","no"
NA,NA,"Caribbean",NA,"Vegetables","Gross Production Value (constant 2014-2016 thousand US$)","1000 USD",2022,8591.111111111111,"Pumpkins, squash and gourds","no"
NA,NA,"Caribbean",NA,"Vegetables","Gross Production Value (constant 2014-2016 thousand US$)","1000 USD",2023,8585.333333333334,"Pumpkins, squash and gourds","no"
NA,NA,"Caribbean",NA,"Vegetables","Gross Production Value (constant 2014-2016 thousand I$)","1000 Int$",1992,2146.3333333333335,"Spinach","no"
NA,NA,"Caribbean",NA,"Vegetables","Gross Production Value (constant 2014-2016 thousand I$)","1000 Int$",1993,2351,"Spinach","no"
NA,NA,"Caribbean",NA,"Vegetables","Gross Production Value (constant 2014-2016 thousand I$)","1000 Int$",1994,2480.6666666666665,"Spinach","no"
NA,NA,"Caribbean",NA,"Vegetables","Gross Production Value (constant 2014-2016 thousand I$)","1000 Int$",1995,2464.6666666666665,"Spinach","no"
NA,NA,"Caribbean",NA,"Vegetables","Gross Production Value (constant 2014-2016 thousand I$)","1000 Int$",1996,2487,"Spinach","no"
NA,NA,"Caribbean",NA,"Vegetables","Gross Production Value (constant 2014-2016 thousand I$)","1000 Int$",1997,1893.6666666666667,"Spinach","no"
NA,NA,"Caribbean",NA,"Vegetables","Gross Production Value (constant 2014-2016 thousand I$)","1000 Int$",1998,1966.3333333333333,"Spinach","no"
NA,NA,"Caribbean",NA,"Vegetables","Gross Production Value (constant 2014-2016 thousand I$)","1000 Int$",1999,2024,"Spinach","no"
NA,NA,"Caribbean",NA,"Vegetables","Gross Production Value (constant 2014-2016 thousand I$)","1000 Int$",2000,1692,"Spinach","no"
NA,NA,"Caribbean",NA,"Vegetables","Gross Production Value (constant 2014-2016 thousand I$)","1000 Int$",2001,1834,"Spinach","no"
NA,NA,"Caribbean",NA,"Vegetables","Gross Production Value (constant 2014-2016 thousand I$)","1000 Int$",2002,1619.6666666666667,"Spinach","no"
NA,NA,"Caribbean",NA,"Vegetables","Gross Production Value (constant 2014-2016 thousand I$)","1000 Int$",2003,1935.6666666666667,"Spinach","no"
NA,NA,"Caribbean",NA,"Vegetables","Gross Production Value (constant 2014-2016 thousand I$)","1000 Int$",2004,1648.3333333333333,"Spinach","no"
NA,NA,"Caribbean",NA,"Vegetables","Gross Production Value (constant 2014-2016 thousand I$)","1000 Int$",2005,1710.3333333333333,"Spinach","no"
NA,NA,"Caribbean",NA,"Vegetables","Gross Production Value (constant 2014-2016 thousand I$)","1000 Int$",2006,1961.3333333333333,"Spinach","no"
NA,NA,"Caribbean",NA,"Vegetables","Gross Production Value (constant 2014-2016 thousand I$)","1000 Int$",2007,1770.3333333333333,"Spinach","no"
NA,NA,"Caribbean",NA,"Vegetables","Gross Production Value (constant 2014-2016 thousand I$)","1000 Int$",2008,1621.3333333333333,"Spinach","no"
NA,NA,"Caribbean",NA,"Vegetables","Gross Production Value (constant 2014-2016 thousand I$)","1000 Int$",2009,1865.6666666666667,"Spinach","no"
NA,NA,"Caribbean",NA,"Vegetables","Gross Production Value (constant 2014-2016 thousand I$)","1000 Int$",2010,1865,"Spinach","no"
NA,NA,"Caribbean",NA,"Vegetables","Gross Production Value (constant 2014-2016 thousand I$)","1000 Int$",2011,2234.3333333333335,"Spinach","no"
NA,NA,"Caribbean",NA,"Vegetables","Gross Production Value (constant 2014-2016 thousand I$)","1000 Int$",2012,2358.6666666666665,"Spinach","no"
NA,NA,"Caribbean",NA,"Vegetables","Gross Production Value (constant 2014-2016 thousand I$)","1000 Int$",2013,2256.6666666666665,"Spinach","no"
NA,NA,"Caribbean",NA,"Vegetables","Gross Production Value (constant 2014-2016 thousand I$)","1000 Int$",2014,2077.6666666666665,"Spinach","no"
NA,NA,"Caribbean",NA,"Vegetables","Gross Production Value (constant 2014-2016 thousand I$)","1000 Int$",2015,2014.6666666666667,"Spinach","no"
NA,NA,"Caribbean",NA,"Vegetables","Gross Production Value (constant 2014-2016 thousand I$)","1000 Int$",2016,2350,"Spinach","no"
NA,NA,"Caribbean",NA,"Vegetables","Gross Production Value (constant 2014-2016 thousand I$)","1000 Int$",2017,2331.3333333333335,"Spinach","no"
NA,NA,"Caribbean",NA,"Vegetables","Gross Production Value (constant 2014-2016 thousand I$)","1000 Int$",2018,2425.3333333333335,"Spinach","no"
NA,NA,"Caribbean",NA,"Vegetables","Gross Production Value (constant 2014-2016 thousand I$)","1000 Int$",2019,2384.3333333333335,"Spinach","no"
NA,NA,"Caribbean",NA,"Vegetables","Gross Production Value (constant 2014-2016 thousand I$)","1000 Int$",2020,2288.3333333333335,"Spinach","no"
NA,NA,"Caribbean",NA,"Vegetables","Gross Production Value (constant 2014-2016 thousand I$)","1000 Int$",2021,2392,"Spinach","no"
NA,NA,"Caribbean",NA,"Vegetables","Gross Production Value (constant 2014-2016 thousand I$)","1000 Int$",2022,2485.6666666666665,"Spinach","no"
NA,NA,"Caribbean",NA,"Vegetables","Gross Production Value (constant 2014-2016 thousand I$)","1000 Int$",2023,2200,"Spinach","no"
NA,NA,"Caribbean",NA,"Vegetables","Gross Production Value (constant 2014-2016 thousand US$)","1000 USD",1992,9120,"Spinach","no"
NA,NA,"Caribbean",NA,"Vegetables","Gross Production Value (constant 2014-2016 thousand US$)","1000 USD",1993,10002,"Spinach","no"
NA,NA,"Caribbean",NA,"Vegetables","Gross Production Value (constant 2014-2016 thousand US$)","1000 USD",1994,10556,"Spinach","no"
NA,NA,"Caribbean",NA,"Vegetables","Gross Production Value (constant 2014-2016 thousand US$)","1000 USD",1995,10470,"Spinach","no"
NA,NA,"Caribbean",NA,"Vegetables","Gross Production Value (constant 2014-2016 thousand US$)","1000 USD",1996,10556,"Spinach","no"
NA,NA,"Caribbean",NA,"Vegetables","Gross Production Value (constant 2014-2016 thousand US$)","1000 USD",1997,7950,"Spinach","no"
NA,NA,"Caribbean",NA,"Vegetables","Gross Production Value (constant 2014-2016 thousand US$)","1000 USD",1998,8251,"Spinach","no"
NA,NA,"Caribbean",NA,"Vegetables","Gross Production Value (constant 2014-2016 thousand US$)","1000 USD",1999,8487,"Spinach","no"
NA,NA,"Caribbean",NA,"Vegetables","Gross Production Value (constant 2014-2016 thousand US$)","1000 USD",2000,7023,"Spinach","no"
NA,NA,"Caribbean",NA,"Vegetables","Gross Production Value (constant 2014-2016 thousand US$)","1000 USD",2001,7627,"Spinach","no"
NA,NA,"Caribbean",NA,"Vegetables","Gross Production Value (constant 2014-2016 thousand US$)","1000 USD",2002,6673,"Spinach","no"
NA,NA,"Caribbean",NA,"Vegetables","Gross Production Value (constant 2014-2016 thousand US$)","1000 USD",2003,8042,"Spinach","no"
NA,NA,"Caribbean",NA,"Vegetables","Gross Production Value (constant 2014-2016 thousand US$)","1000 USD",2004,6787,"Spinach","no"
NA,NA,"Caribbean",NA,"Vegetables","Gross Production Value (constant 2014-2016 thousand US$)","1000 USD",2005,6969,"Spinach","no"
NA,NA,"Caribbean",NA,"Vegetables","Gross Production Value (constant 2014-2016 thousand US$)","1000 USD",2006,8065,"Spinach","no"
NA,NA,"Caribbean",NA,"Vegetables","Gross Production Value (constant 2014-2016 thousand US$)","1000 USD",2007,7173,"Spinach","no"
NA,NA,"Caribbean",NA,"Vegetables","Gross Production Value (constant 2014-2016 thousand US$)","1000 USD",2008,6580,"Spinach","no"
NA,NA,"Caribbean",NA,"Vegetables","Gross Production Value (constant 2014-2016 thousand US$)","1000 USD",2009,7612,"Spinach","no"
NA,NA,"Caribbean",NA,"Vegetables","Gross Production Value (constant 2014-2016 thousand US$)","1000 USD",2010,7582,"Spinach","no"
NA,NA,"Caribbean",NA,"Vegetables","Gross Production Value (constant 2014-2016 thousand US$)","1000 USD",2011,9233,"Spinach","no"
NA,NA,"Caribbean",NA,"Vegetables","Gross Production Value (constant 2014-2016 thousand US$)","1000 USD",2012,9771,"Spinach","no"
NA,NA,"Caribbean",NA,"Vegetables","Gross Production Value (constant 2014-2016 thousand US$)","1000 USD",2013,9320,"Spinach","no"
NA,NA,"Caribbean",NA,"Vegetables","Gross Production Value (constant 2014-2016 thousand US$)","1000 USD",2014,8515,"Spinach","no"
NA,NA,"Caribbean",NA,"Vegetables","Gross Production Value (constant 2014-2016 thousand US$)","1000 USD",2015,8213,"Spinach","no"
NA,NA,"Caribbean",NA,"Vegetables","Gross Production Value (constant 2014-2016 thousand US$)","1000 USD",2016,9702,"Spinach","no"
NA,NA,"Caribbean",NA,"Vegetables","Gross Production Value (constant 2014-2016 thousand US$)","1000 USD",2017,9613,"Spinach","no"
NA,NA,"Caribbean",NA,"Vegetables","Gross Production Value (constant 2014-2016 thousand US$)","1000 USD",2018,10017,"Spinach","no"
NA,NA,"Caribbean",NA,"Vegetables","Gross Production Value (constant 2014-2016 thousand US$)","1000 USD",2019,9831,"Spinach","no"
NA,NA,"Caribbean",NA,"Vegetables","Gross Production Value (constant 2014-2016 thousand US$)","1000 USD",2020,9400,"Spinach","no"
NA,NA,"Caribbean",NA,"Vegetables","Gross Production Value (constant 2014-2016 thousand US$)","1000 USD",2021,9854,"Spinach","no"
NA,NA,"Caribbean",NA,"Vegetables","Gross Production Value (constant 2014-2016 thousand US$)","1000 USD",2022,10257,"Spinach","no"
NA,NA,"Caribbean",NA,"Vegetables","Gross Production Value (constant 2014-2016 thousand US$)","1000 USD",2023,9007,"Spinach","no"
NA,NA,"Caribbean",NA,"Vegetables","Gross Production Value (constant 2014-2016 thousand I$)","1000 Int$",1992,1441,"String beans","no"
NA,NA,"Caribbean",NA,"Vegetables","Gross Production Value (constant 2014-2016 thousand I$)","1000 Int$",1993,1716,"String beans","no"
NA,NA,"Caribbean",NA,"Vegetables","Gross Production Value (constant 2014-2016 thousand I$)","1000 Int$",1994,1920.3333333333333,"String beans","no"
NA,NA,"Caribbean",NA,"Vegetables","Gross Production Value (constant 2014-2016 thousand I$)","1000 Int$",1995,3867.3333333333335,"String beans","no"
NA,NA,"Caribbean",NA,"Vegetables","Gross Production Value (constant 2014-2016 thousand I$)","1000 Int$",1996,3081.6666666666665,"String beans","no"
NA,NA,"Caribbean",NA,"Vegetables","Gross Production Value (constant 2014-2016 thousand I$)","1000 Int$",1997,2095,"String beans","no"
NA,NA,"Caribbean",NA,"Vegetables","Gross Production Value (constant 2014-2016 thousand I$)","1000 Int$",1998,2160.3333333333335,"String beans","no"
NA,NA,"Caribbean",NA,"Vegetables","Gross Production Value (constant 2014-2016 thousand I$)","1000 Int$",1999,2373,"String beans","no"
NA,NA,"Caribbean",NA,"Vegetables","Gross Production Value (constant 2014-2016 thousand I$)","1000 Int$",2000,2207.6666666666665,"String beans","no"
NA,NA,"Caribbean",NA,"Vegetables","Gross Production Value (constant 2014-2016 thousand I$)","1000 Int$",2001,2698,"String beans","no"
NA,NA,"Caribbean",NA,"Vegetables","Gross Production Value (constant 2014-2016 thousand I$)","1000 Int$",2002,2522.6666666666665,"String beans","no"
NA,NA,"Caribbean",NA,"Vegetables","Gross Production Value (constant 2014-2016 thousand I$)","1000 Int$",2003,3441.3333333333335,"String beans","no"
NA,NA,"Caribbean",NA,"Vegetables","Gross Production Value (constant 2014-2016 thousand I$)","1000 Int$",2004,3005,"String beans","no"
NA,NA,"Caribbean",NA,"Vegetables","Gross Production Value (constant 2014-2016 thousand I$)","1000 Int$",2005,3025.3333333333335,"String beans","no"
NA,NA,"Caribbean",NA,"Vegetables","Gross Production Value (constant 2014-2016 thousand I$)","1000 Int$",2006,3114,"String beans","no"
NA,NA,"Caribbean",NA,"Vegetables","Gross Production Value (constant 2014-2016 thousand I$)","1000 Int$",2007,2874,"String beans","no"
NA,NA,"Caribbean",NA,"Vegetables","Gross Production Value (constant 2014-2016 thousand I$)","1000 Int$",2008,2674.3333333333335,"String beans","no"
NA,NA,"Caribbean",NA,"Vegetables","Gross Production Value (constant 2014-2016 thousand I$)","1000 Int$",2009,2944,"String beans","no"
NA,NA,"Caribbean",NA,"Vegetables","Gross Production Value (constant 2014-2016 thousand I$)","1000 Int$",2010,2508,"String beans","no"
NA,NA,"Caribbean",NA,"Vegetables","Gross Production Value (constant 2014-2016 thousand I$)","1000 Int$",2011,3857.6666666666665,"String beans","no"
NA,NA,"Caribbean",NA,"Vegetables","Gross Production Value (constant 2014-2016 thousand I$)","1000 Int$",2012,3560,"String beans","no"
NA,NA,"Caribbean",NA,"Vegetables","Gross Production Value (constant 2014-2016 thousand I$)","1000 Int$",2013,3414.3333333333335,"String beans","no"
NA,NA,"Caribbean",NA,"Vegetables","Gross Production Value (constant 2014-2016 thousand I$)","1000 Int$",2014,2828.3333333333335,"String beans","no"
NA,NA,"Caribbean",NA,"Vegetables","Gross Production Value (constant 2014-2016 thousand I$)","1000 Int$",2015,2728,"String beans","no"
NA,NA,"Caribbean",NA,"Vegetables","Gross Production Value (constant 2014-2016 thousand I$)","1000 Int$",2016,3133,"String beans","no"
NA,NA,"Caribbean",NA,"Vegetables","Gross Production Value (constant 2014-2016 thousand I$)","1000 Int$",2017,3116,"String beans","no"
NA,NA,"Caribbean",NA,"Vegetables","Gross Production Value (constant 2014-2016 thousand I$)","1000 Int$",2018,3125.6666666666665,"String beans","no"
NA,NA,"Caribbean",NA,"Vegetables","Gross Production Value (constant 2014-2016 thousand I$)","1000 Int$",2019,2852,"String beans","no"
NA,NA,"Caribbean",NA,"Vegetables","Gross Production Value (constant 2014-2016 thousand I$)","1000 Int$",2020,2523.6666666666665,"String beans","no"
NA,NA,"Caribbean",NA,"Vegetables","Gross Production Value (constant 2014-2016 thousand I$)","1000 Int$",2021,2383.3333333333335,"String beans","no"
NA,NA,"Caribbean",NA,"Vegetables","Gross Production Value (constant 2014-2016 thousand I$)","1000 Int$",2022,2772.3333333333335,"String beans","no"
NA,NA,"Caribbean",NA,"Vegetables","Gross Production Value (constant 2014-2016 thousand I$)","1000 Int$",2023,2558.3333333333335,"String beans","no"
NA,NA,"Caribbean",NA,"Vegetables","Gross Production Value (constant 2014-2016 thousand US$)","1000 USD",1992,3730.5,"String beans","no"
NA,NA,"Caribbean",NA,"Vegetables","Gross Production Value (constant 2014-2016 thousand US$)","1000 USD",1993,3642.5,"String beans","no"
NA,NA,"Caribbean",NA,"Vegetables","Gross Production Value (constant 2014-2016 thousand US$)","1000 USD",1994,3497.5,"String beans","no"
NA,NA,"Caribbean",NA,"Vegetables","Gross Production Value (constant 2014-2016 thousand US$)","1000 USD",1995,8636.5,"String beans","no"
NA,NA,"Caribbean",NA,"Vegetables","Gross Production Value (constant 2014-2016 thousand US$)","1000 USD",1996,7127,"String beans","no"
NA,NA,"Caribbean",NA,"Vegetables","Gross Production Value (constant 2014-2016 thousand US$)","1000 USD",1997,4295.5,"String beans","no"
NA,NA,"Caribbean",NA,"Vegetables","Gross Production Value (constant 2014-2016 thousand US$)","1000 USD",1998,4388.5,"String beans","no"
NA,NA,"Caribbean",NA,"Vegetables","Gross Production Value (constant 2014-2016 thousand US$)","1000 USD",1999,4781,"String beans","no"
NA,NA,"Caribbean",NA,"Vegetables","Gross Production Value (constant 2014-2016 thousand US$)","1000 USD",2000,4479.5,"String beans","no"
NA,NA,"Caribbean",NA,"Vegetables","Gross Production Value (constant 2014-2016 thousand US$)","1000 USD",2001,5181.5,"String beans","no"
NA,NA,"Caribbean",NA,"Vegetables","Gross Production Value (constant 2014-2016 thousand US$)","1000 USD",2002,5019,"String beans","no"
NA,NA,"Caribbean",NA,"Vegetables","Gross Production Value (constant 2014-2016 thousand US$)","1000 USD",2003,6353.5,"String beans","no"
NA,NA,"Caribbean",NA,"Vegetables","Gross Production Value (constant 2014-2016 thousand US$)","1000 USD",2004,5793.5,"String beans","no"
NA,NA,"Caribbean",NA,"Vegetables","Gross Production Value (constant 2014-2016 thousand US$)","1000 USD",2005,5871.5,"String beans","no"
NA,NA,"Caribbean",NA,"Vegetables","Gross Production Value (constant 2014-2016 thousand US$)","1000 USD",2006,6095,"String beans","no"
NA,NA,"Caribbean",NA,"Vegetables","Gross Production Value (constant 2014-2016 thousand US$)","1000 USD",2007,5842,"String beans","no"
NA,NA,"Caribbean",NA,"Vegetables","Gross Production Value (constant 2014-2016 thousand US$)","1000 USD",2008,5039.5,"String beans","no"
NA,NA,"Caribbean",NA,"Vegetables","Gross Production Value (constant 2014-2016 thousand US$)","1000 USD",2009,5007,"String beans","no"
NA,NA,"Caribbean",NA,"Vegetables","Gross Production Value (constant 2014-2016 thousand US$)","1000 USD",2010,3875,"String beans","no"
NA,NA,"Caribbean",NA,"Vegetables","Gross Production Value (constant 2014-2016 thousand US$)","1000 USD",2011,5842,"String beans","no"
NA,NA,"Caribbean",NA,"Vegetables","Gross Production Value (constant 2014-2016 thousand US$)","1000 USD",2012,5353,"String beans","no"
NA,NA,"Caribbean",NA,"Vegetables","Gross Production Value (constant 2014-2016 thousand US$)","1000 USD",2013,4961,"String beans","no"
NA,NA,"Caribbean",NA,"Vegetables","Gross Production Value (constant 2014-2016 thousand US$)","1000 USD",2014,4136.5,"String beans","no"
NA,NA,"Caribbean",NA,"Vegetables","Gross Production Value (constant 2014-2016 thousand US$)","1000 USD",2015,4064,"String beans","no"
NA,NA,"Caribbean",NA,"Vegetables","Gross Production Value (constant 2014-2016 thousand US$)","1000 USD",2016,4349.5,"String beans","no"
NA,NA,"Caribbean",NA,"Vegetables","Gross Production Value (constant 2014-2016 thousand US$)","1000 USD",2017,4639.5,"String beans","no"
NA,NA,"Caribbean",NA,"Vegetables","Gross Production Value (constant 2014-2016 thousand US$)","1000 USD",2018,4712,"String beans","no"
NA,NA,"Caribbean",NA,"Vegetables","Gross Production Value (constant 2014-2016 thousand US$)","1000 USD",2019,4384,"String beans","no"
NA,NA,"Caribbean",NA,"Vegetables","Gross Production Value (constant 2014-2016 thousand US$)","1000 USD",2020,4015.5,"String beans","no"
NA,NA,"Caribbean",NA,"Vegetables","Gross Production Value (constant 2014-2016 thousand US$)","1000 USD",2021,3444,"String beans","no"
NA,NA,"Caribbean",NA,"Vegetables","Gross Production Value (constant 2014-2016 thousand US$)","1000 USD",2022,4106.5,"String beans","no"
NA,NA,"Caribbean",NA,"Vegetables","Gross Production Value (constant 2014-2016 thousand US$)","1000 USD",2023,3835.5,"String beans","no"
NA,NA,"Caribbean",NA,"Vegetables","Gross Production Value (constant 2014-2016 thousand I$)","1000 Int$",1992,13286.533333333333,"Tomatoes","no"
NA,NA,"Caribbean",NA,"Vegetables","Gross Production Value (constant 2014-2016 thousand I$)","1000 Int$",1993,9657.266666666666,"Tomatoes","no"
NA,NA,"Caribbean",NA,"Vegetables","Gross Production Value (constant 2014-2016 thousand I$)","1000 Int$",1994,7115.266666666666,"Tomatoes","no"
NA,NA,"Caribbean",NA,"Vegetables","Gross Production Value (constant 2014-2016 thousand I$)","1000 Int$",1995,10233.133333333333,"Tomatoes","no"
NA,NA,"Caribbean",NA,"Vegetables","Gross Production Value (constant 2014-2016 thousand I$)","1000 Int$",1996,14528.666666666666,"Tomatoes","no"
NA,NA,"Caribbean",NA,"Vegetables","Gross Production Value (constant 2014-2016 thousand I$)","1000 Int$",1997,15364.866666666667,"Tomatoes","no"
NA,NA,"Caribbean",NA,"Vegetables","Gross Production Value (constant 2014-2016 thousand I$)","1000 Int$",1998,12272.466666666667,"Tomatoes","no"
NA,NA,"Caribbean",NA,"Vegetables","Gross Production Value (constant 2014-2016 thousand I$)","1000 Int$",1999,23578.2,"Tomatoes","no"
NA,NA,"Caribbean",NA,"Vegetables","Gross Production Value (constant 2014-2016 thousand I$)","1000 Int$",2000,28451.466666666667,"Tomatoes","no"
NA,NA,"Caribbean",NA,"Vegetables","Gross Production Value (constant 2014-2016 thousand I$)","1000 Int$",2001,22606.866666666665,"Tomatoes","no"
NA,NA,"Caribbean",NA,"Vegetables","Gross Production Value (constant 2014-2016 thousand I$)","1000 Int$",2002,22203,"Tomatoes","no"
NA,NA,"Caribbean",NA,"Vegetables","Gross Production Value (constant 2014-2016 thousand I$)","1000 Int$",2003,28255.466666666667,"Tomatoes","no"
NA,NA,"Caribbean",NA,"Vegetables","Gross Production Value (constant 2014-2016 thousand I$)","1000 Int$",2004,32774.066666666666,"Tomatoes","no"
NA,NA,"Caribbean",NA,"Vegetables","Gross Production Value (constant 2014-2016 thousand I$)","1000 Int$",2005,35336.666666666664,"Tomatoes","no"
NA,NA,"Caribbean",NA,"Vegetables","Gross Production Value (constant 2014-2016 thousand I$)","1000 Int$",2006,30138,"Tomatoes","no"
NA,NA,"Caribbean",NA,"Vegetables","Gross Production Value (constant 2014-2016 thousand I$)","1000 Int$",2007,28242.2,"Tomatoes","no"
NA,NA,"Caribbean",NA,"Vegetables","Gross Production Value (constant 2014-2016 thousand I$)","1000 Int$",2008,26254.8,"Tomatoes","no"
NA,NA,"Caribbean",NA,"Vegetables","Gross Production Value (constant 2014-2016 thousand I$)","1000 Int$",2009,32815.4,"Tomatoes","no"
NA,NA,"Caribbean",NA,"Vegetables","Gross Production Value (constant 2014-2016 thousand I$)","1000 Int$",2010,25568,"Tomatoes","no"
NA,NA,"Caribbean",NA,"Vegetables","Gross Production Value (constant 2014-2016 thousand I$)","1000 Int$",2011,30078.733333333334,"Tomatoes","no"
NA,NA,"Caribbean",NA,"Vegetables","Gross Production Value (constant 2014-2016 thousand I$)","1000 Int$",2012,27703.733333333334,"Tomatoes","no"
NA,NA,"Caribbean",NA,"Vegetables","Gross Production Value (constant 2014-2016 thousand I$)","1000 Int$",2013,30481.533333333333,"Tomatoes","no"
NA,NA,"Caribbean",NA,"Vegetables","Gross Production Value (constant 2014-2016 thousand I$)","1000 Int$",2014,21330.266666666666,"Tomatoes","no"
NA,NA,"Caribbean",NA,"Vegetables","Gross Production Value (constant 2014-2016 thousand I$)","1000 Int$",2015,27010.066666666666,"Tomatoes","no"
NA,NA,"Caribbean",NA,"Vegetables","Gross Production Value (constant 2014-2016 thousand I$)","1000 Int$",2016,25311.466666666667,"Tomatoes","no"
NA,NA,"Caribbean",NA,"Vegetables","Gross Production Value (constant 2014-2016 thousand I$)","1000 Int$",2017,26720.2,"Tomatoes","no"
NA,NA,"Caribbean",NA,"Vegetables","Gross Production Value (constant 2014-2016 thousand I$)","1000 Int$",2018,27330.533333333333,"Tomatoes","no"
NA,NA,"Caribbean",NA,"Vegetables","Gross Production Value (constant 2014-2016 thousand I$)","1000 Int$",2019,25519.266666666666,"Tomatoes","no"
NA,NA,"Caribbean",NA,"Vegetables","Gross Production Value (constant 2014-2016 thousand I$)","1000 Int$",2020,19531.933333333334,"Tomatoes","no"
NA,NA,"Caribbean",NA,"Vegetables","Gross Production Value (constant 2014-2016 thousand I$)","1000 Int$",2021,20279.533333333333,"Tomatoes","no"
NA,NA,"Caribbean",NA,"Vegetables","Gross Production Value (constant 2014-2016 thousand I$)","1000 Int$",2022,19529.066666666666,"Tomatoes","no"
NA,NA,"Caribbean",NA,"Vegetables","Gross Production Value (constant 2014-2016 thousand I$)","1000 Int$",2023,21750.466666666667,"Tomatoes","no"
NA,NA,"Caribbean",NA,"Vegetables","Gross Production Value (constant 2014-2016 thousand US$)","1000 USD",1992,9419.777777777777,"Tomatoes","no"
NA,NA,"Caribbean",NA,"Vegetables","Gross Production Value (constant 2014-2016 thousand US$)","1000 USD",1993,8481.777777777777,"Tomatoes","no"
NA,NA,"Caribbean",NA,"Vegetables","Gross Production Value (constant 2014-2016 thousand US$)","1000 USD",1994,8609.777777777777,"Tomatoes","no"
NA,NA,"Caribbean",NA,"Vegetables","Gross Production Value (constant 2014-2016 thousand US$)","1000 USD",1995,9342.111111111111,"Tomatoes","no"
NA,NA,"Caribbean",NA,"Vegetables","Gross Production Value (constant 2014-2016 thousand US$)","1000 USD",1996,14830.444444444445,"Tomatoes","no"
NA,NA,"Caribbean",NA,"Vegetables","Gross Production Value (constant 2014-2016 thousand US$)","1000 USD",1997,16374.444444444445,"Tomatoes","no"
NA,NA,"Caribbean",NA,"Vegetables","Gross Production Value (constant 2014-2016 thousand US$)","1000 USD",1998,13315.222222222223,"Tomatoes","no"
NA,NA,"Caribbean",NA,"Vegetables","Gross Production Value (constant 2014-2016 thousand US$)","1000 USD",1999,18927.444444444445,"Tomatoes","no"
NA,NA,"Caribbean",NA,"Vegetables","Gross Production Value (constant 2014-2016 thousand US$)","1000 USD",2000,18990.777777777777,"Tomatoes","no"
NA,NA,"Caribbean",NA,"Vegetables","Gross Production Value (constant 2014-2016 thousand US$)","1000 USD",2001,15368,"Tomatoes","no"
NA,NA,"Caribbean",NA,"Vegetables","Gross Production Value (constant 2014-2016 thousand US$)","1000 USD",2002,12032.777777777777,"Tomatoes","no"
NA,NA,"Caribbean",NA,"Vegetables","Gross Production Value (constant 2014-2016 thousand US$)","1000 USD",2003,15079.666666666666,"Tomatoes","no"
NA,NA,"Caribbean",NA,"Vegetables","Gross Production Value (constant 2014-2016 thousand US$)","1000 USD",2004,14597.555555555555,"Tomatoes","no"
NA,NA,"Caribbean",NA,"Vegetables","Gross Production Value (constant 2014-2016 thousand US$)","1000 USD",2005,17909.11111111111,"Tomatoes","no"
NA,NA,"Caribbean",NA,"Vegetables","Gross Production Value (constant 2014-2016 thousand US$)","1000 USD",2006,18303.444444444445,"Tomatoes","no"
NA,NA,"Caribbean",NA,"Vegetables","Gross Production Value (constant 2014-2016 thousand US$)","1000 USD",2007,16309,"Tomatoes","no"
NA,NA,"Caribbean",NA,"Vegetables","Gross Production Value (constant 2014-2016 thousand US$)","1000 USD",2008,15333.666666666666,"Tomatoes","no"
NA,NA,"Caribbean",NA,"Vegetables","Gross Production Value (constant 2014-2016 thousand US$)","1000 USD",2009,17023.555555555555,"Tomatoes","no"
NA,NA,"Caribbean",NA,"Vegetables","Gross Production Value (constant 2014-2016 thousand US$)","1000 USD",2010,17093.333333333332,"Tomatoes","no"
NA,NA,"Caribbean",NA,"Vegetables","Gross Production Value (constant 2014-2016 thousand US$)","1000 USD",2011,20541.88888888889,"Tomatoes","no"
NA,NA,"Caribbean",NA,"Vegetables","Gross Production Value (constant 2014-2016 thousand US$)","1000 USD",2012,19048.555555555555,"Tomatoes","no"
NA,NA,"Caribbean",NA,"Vegetables","Gross Production Value (constant 2014-2016 thousand US$)","1000 USD",2013,17736.777777777777,"Tomatoes","no"
NA,NA,"Caribbean",NA,"Vegetables","Gross Production Value (constant 2014-2016 thousand US$)","1000 USD",2014,14322.111111111111,"Tomatoes","no"
NA,NA,"Caribbean",NA,"Vegetables","Gross Production Value (constant 2014-2016 thousand US$)","1000 USD",2015,18553.555555555555,"Tomatoes","no"
NA,NA,"Caribbean",NA,"Vegetables","Gross Production Value (constant 2014-2016 thousand US$)","1000 USD",2016,19688.555555555555,"Tomatoes","no"
NA,NA,"Caribbean",NA,"Vegetables","Gross Production Value (constant 2014-2016 thousand US$)","1000 USD",2017,16384.777777777777,"Tomatoes","no"
NA,NA,"Caribbean",NA,"Vegetables","Gross Production Value (constant 2014-2016 thousand US$)","1000 USD",2018,19039.444444444445,"Tomatoes","no"
NA,NA,"Caribbean",NA,"Vegetables","Gross Production Value (constant 2014-2016 thousand US$)","1000 USD",2019,19600.333333333332,"Tomatoes","no"
NA,NA,"Caribbean",NA,"Vegetables","Gross Production Value (constant 2014-2016 thousand US$)","1000 USD",2020,19517.777777777777,"Tomatoes","no"
NA,NA,"Caribbean",NA,"Vegetables","Gross Production Value (constant 2014-2016 thousand US$)","1000 USD",2021,19558.222222222223,"Tomatoes","no"
NA,NA,"Caribbean",NA,"Vegetables","Gross Production Value (constant 2014-2016 thousand US$)","1000 USD",2022,19251.666666666668,"Tomatoes","no"
NA,NA,"Caribbean",NA,"Vegetables","Gross Production Value (constant 2014-2016 thousand US$)","1000 USD",2023,20443.11111111111,"Tomatoes","no"
NA,NA,"Caribbean",NA,"Vegetables","Gross Production Value (constant 2014-2016 thousand I$)","1000 Int$",1992,571.9090909090909,"Watermelons","no"
NA,NA,"Caribbean",NA,"Vegetables","Gross Production Value (constant 2014-2016 thousand I$)","1000 Int$",1993,610,"Watermelons","no"
NA,NA,"Caribbean",NA,"Vegetables","Gross Production Value (constant 2014-2016 thousand I$)","1000 Int$",1994,616.4545454545455,"Watermelons","no"
NA,NA,"Caribbean",NA,"Vegetables","Gross Production Value (constant 2014-2016 thousand I$)","1000 Int$",1995,690.3636363636364,"Watermelons","no"
NA,NA,"Caribbean",NA,"Vegetables","Gross Production Value (constant 2014-2016 thousand I$)","1000 Int$",1996,1078.909090909091,"Watermelons","no"
NA,NA,"Caribbean",NA,"Vegetables","Gross Production Value (constant 2014-2016 thousand I$)","1000 Int$",1997,1224.5454545454545,"Watermelons","no"
NA,NA,"Caribbean",NA,"Vegetables","Gross Production Value (constant 2014-2016 thousand I$)","1000 Int$",1998,1460.2727272727273,"Watermelons","no"
NA,NA,"Caribbean",NA,"Vegetables","Gross Production Value (constant 2014-2016 thousand I$)","1000 Int$",1999,1326.5454545454545,"Watermelons","no"
NA,NA,"Caribbean",NA,"Vegetables","Gross Production Value (constant 2014-2016 thousand I$)","1000 Int$",2000,1396.8181818181818,"Watermelons","no"
NA,NA,"Caribbean",NA,"Vegetables","Gross Production Value (constant 2014-2016 thousand I$)","1000 Int$",2001,1784.2727272727273,"Watermelons","no"
NA,NA,"Caribbean",NA,"Vegetables","Gross Production Value (constant 2014-2016 thousand I$)","1000 Int$",2002,1575.5454545454545,"Watermelons","no"
NA,NA,"Caribbean",NA,"Vegetables","Gross Production Value (constant 2014-2016 thousand I$)","1000 Int$",2003,1925.6363636363637,"Watermelons","no"
NA,NA,"Caribbean",NA,"Vegetables","Gross Production Value (constant 2014-2016 thousand I$)","1000 Int$",2004,2149.818181818182,"Watermelons","no"
NA,NA,"Caribbean",NA,"Vegetables","Gross Production Value (constant 2014-2016 thousand I$)","1000 Int$",2005,1973.3636363636363,"Watermelons","no"
NA,NA,"Caribbean",NA,"Vegetables","Gross Production Value (constant 2014-2016 thousand I$)","1000 Int$",2006,1886.5454545454545,"Watermelons","no"
NA,NA,"Caribbean",NA,"Vegetables","Gross Production Value (constant 2014-2016 thousand I$)","1000 Int$",2007,1614.090909090909,"Watermelons","no"
NA,NA,"Caribbean",NA,"Vegetables","Gross Production Value (constant 2014-2016 thousand I$)","1000 Int$",2008,1618.1818181818182,"Watermelons","no"
NA,NA,"Caribbean",NA,"Vegetables","Gross Production Value (constant 2014-2016 thousand I$)","1000 Int$",2009,1704,"Watermelons","no"
NA,NA,"Caribbean",NA,"Vegetables","Gross Production Value (constant 2014-2016 thousand I$)","1000 Int$",2010,1486.1818181818182,"Watermelons","no"
NA,NA,"Caribbean",NA,"Vegetables","Gross Production Value (constant 2014-2016 thousand I$)","1000 Int$",2011,1560,"Watermelons","no"
NA,NA,"Caribbean",NA,"Vegetables","Gross Production Value (constant 2014-2016 thousand I$)","1000 Int$",2012,1556.2727272727273,"Watermelons","no"
NA,NA,"Caribbean",NA,"Vegetables","Gross Production Value (constant 2014-2016 thousand I$)","1000 Int$",2013,1923.4545454545455,"Watermelons","no"
NA,NA,"Caribbean",NA,"Vegetables","Gross Production Value (constant 2014-2016 thousand I$)","1000 Int$",2014,1799.3636363636363,"Watermelons","no"
NA,NA,"Caribbean",NA,"Vegetables","Gross Production Value (constant 2014-2016 thousand I$)","1000 Int$",2015,2041.7272727272727,"Watermelons","no"
NA,NA,"Caribbean",NA,"Vegetables","Gross Production Value (constant 2014-2016 thousand I$)","1000 Int$",2016,2339,"Watermelons","no"
NA,NA,"Caribbean",NA,"Vegetables","Gross Production Value (constant 2014-2016 thousand I$)","1000 Int$",2017,2366.7272727272725,"Watermelons","no"
NA,NA,"Caribbean",NA,"Vegetables","Gross Production Value (constant 2014-2016 thousand I$)","1000 Int$",2018,10001.454545454546,"Watermelons","no"
NA,NA,"Caribbean",NA,"Vegetables","Gross Production Value (constant 2014-2016 thousand I$)","1000 Int$",2019,10894.181818181818,"Watermelons","no"
NA,NA,"Caribbean",NA,"Vegetables","Gross Production Value (constant 2014-2016 thousand I$)","1000 Int$",2020,10833.454545454546,"Watermelons","no"
NA,NA,"Caribbean",NA,"Vegetables","Gross Production Value (constant 2014-2016 thousand I$)","1000 Int$",2021,10907.90909090909,"Watermelons","no"
NA,NA,"Caribbean",NA,"Vegetables","Gross Production Value (constant 2014-2016 thousand I$)","1000 Int$",2022,14982.181818181818,"Watermelons","no"
NA,NA,"Caribbean",NA,"Vegetables","Gross Production Value (constant 2014-2016 thousand I$)","1000 Int$",2023,18792.727272727272,"Watermelons","no"
NA,NA,"Caribbean",NA,"Vegetables","Gross Production Value (constant 2014-2016 thousand US$)","1000 USD",1992,1135.3333333333333,"Watermelons","no"
NA,NA,"Caribbean",NA,"Vegetables","Gross Production Value (constant 2014-2016 thousand US$)","1000 USD",1993,1319.5,"Watermelons","no"
NA,NA,"Caribbean",NA,"Vegetables","Gross Production Value (constant 2014-2016 thousand US$)","1000 USD",1994,1809,"Watermelons","no"
NA,NA,"Caribbean",NA,"Vegetables","Gross Production Value (constant 2014-2016 thousand US$)","1000 USD",1995,1958.6666666666667,"Watermelons","no"
NA,NA,"Caribbean",NA,"Vegetables","Gross Production Value (constant 2014-2016 thousand US$)","1000 USD",1996,2394,"Watermelons","no"
NA,NA,"Caribbean",NA,"Vegetables","Gross Production Value (constant 2014-2016 thousand US$)","1000 USD",1997,2379.5,"Watermelons","no"
NA,NA,"Caribbean",NA,"Vegetables","Gross Production Value (constant 2014-2016 thousand US$)","1000 USD",1998,2614.1666666666665,"Watermelons","no"
NA,NA,"Caribbean",NA,"Vegetables","Gross Production Value (constant 2014-2016 thousand US$)","1000 USD",1999,1887.1666666666667,"Watermelons","no"
NA,NA,"Caribbean",NA,"Vegetables","Gross Production Value (constant 2014-2016 thousand US$)","1000 USD",2000,1243.8333333333333,"Watermelons","no"
NA,NA,"Caribbean",NA,"Vegetables","Gross Production Value (constant 2014-2016 thousand US$)","1000 USD",2001,2107,"Watermelons","no"
NA,NA,"Caribbean",NA,"Vegetables","Gross Production Value (constant 2014-2016 thousand US$)","1000 USD",2002,1108.3333333333333,"Watermelons","no"
NA,NA,"Caribbean",NA,"Vegetables","Gross Production Value (constant 2014-2016 thousand US$)","1000 USD",2003,1901.3333333333333,"Watermelons","no"
NA,NA,"Caribbean",NA,"Vegetables","Gross Production Value (constant 2014-2016 thousand US$)","1000 USD",2004,1217.6666666666667,"Watermelons","no"
NA,NA,"Caribbean",NA,"Vegetables","Gross Production Value (constant 2014-2016 thousand US$)","1000 USD",2005,1589.8333333333333,"Watermelons","no"
NA,NA,"Caribbean",NA,"Vegetables","Gross Production Value (constant 2014-2016 thousand US$)","1000 USD",2006,2039,"Watermelons","no"
NA,NA,"Caribbean",NA,"Vegetables","Gross Production Value (constant 2014-2016 thousand US$)","1000 USD",2007,1456.3333333333333,"Watermelons","no"
NA,NA,"Caribbean",NA,"Vegetables","Gross Production Value (constant 2014-2016 thousand US$)","1000 USD",2008,1915.3333333333333,"Watermelons","no"
NA,NA,"Caribbean",NA,"Vegetables","Gross Production Value (constant 2014-2016 thousand US$)","1000 USD",2009,2160.8333333333335,"Watermelons","no"
NA,NA,"Caribbean",NA,"Vegetables","Gross Production Value (constant 2014-2016 thousand US$)","1000 USD",2010,2100.5,"Watermelons","no"
NA,NA,"Caribbean",NA,"Vegetables","Gross Production Value (constant 2014-2016 thousand US$)","1000 USD",2011,2433,"Watermelons","no"
NA,NA,"Caribbean",NA,"Vegetables","Gross Production Value (constant 2014-2016 thousand US$)","1000 USD",2012,2914.5,"Watermelons","no"
NA,NA,"Caribbean",NA,"Vegetables","Gross Production Value (constant 2014-2016 thousand US$)","1000 USD",2013,2875.5,"Watermelons","no"
NA,NA,"Caribbean",NA,"Vegetables","Gross Production Value (constant 2014-2016 thousand US$)","1000 USD",2014,2741.3333333333335,"Watermelons","no"
NA,NA,"Caribbean",NA,"Vegetables","Gross Production Value (constant 2014-2016 thousand US$)","1000 USD",2015,3017.5,"Watermelons","no"
NA,NA,"Caribbean",NA,"Vegetables","Gross Production Value (constant 2014-2016 thousand US$)","1000 USD",2016,3479,"Watermelons","no"
NA,NA,"Caribbean",NA,"Vegetables","Gross Production Value (constant 2014-2016 thousand US$)","1000 USD",2017,3184.6666666666665,"Watermelons","no"
NA,NA,"Caribbean",NA,"Vegetables","Gross Production Value (constant 2014-2016 thousand US$)","1000 USD",2018,3791,"Watermelons","no"
NA,NA,"Caribbean",NA,"Vegetables","Gross Production Value (constant 2014-2016 thousand US$)","1000 USD",2019,3676,"Watermelons","no"
NA,NA,"Caribbean",NA,"Vegetables","Gross Production Value (constant 2014-2016 thousand US$)","1000 USD",2020,3207.1666666666665,"Watermelons","no"
NA,NA,"Caribbean",NA,"Vegetables","Gross Production Value (constant 2014-2016 thousand US$)","1000 USD",2021,3183.1666666666665,"Watermelons","no"
NA,NA,"Caribbean",NA,"Vegetables","Gross Production Value (constant 2014-2016 thousand US$)","1000 USD",2022,3292.5,"Watermelons","no"
NA,NA,"Caribbean",NA,"Vegetables","Gross Production Value (constant 2014-2016 thousand US$)","1000 USD",2023,3344.3333333333335,"Watermelons","no"
NA,NA,"Caribbean",NA,"Cereals","Gross Production Value (constant 2014-2016 thousand I$)","1000 Int$",1992,24818.45238095238,NA,"yes"
NA,NA,"Caribbean",NA,"Cereals","Gross Production Value (constant 2014-2016 thousand I$)","1000 Int$",1993,18488.35714285714,NA,"yes"
NA,NA,"Caribbean",NA,"Cereals","Gross Production Value (constant 2014-2016 thousand I$)","1000 Int$",1994,20767.555555555555,NA,"yes"
NA,NA,"Caribbean",NA,"Cereals","Gross Production Value (constant 2014-2016 thousand I$)","1000 Int$",1995,23057.055555555555,NA,"yes"
NA,NA,"Caribbean",NA,"Cereals","Gross Production Value (constant 2014-2016 thousand I$)","1000 Int$",1996,26430.404761904763,NA,"yes"
NA,NA,"Caribbean",NA,"Cereals","Gross Production Value (constant 2014-2016 thousand I$)","1000 Int$",1997,29250.658730158728,NA,"yes"
NA,NA,"Caribbean",NA,"Cereals","Gross Production Value (constant 2014-2016 thousand I$)","1000 Int$",1998,23639.5,NA,"yes"
NA,NA,"Caribbean",NA,"Cereals","Gross Production Value (constant 2014-2016 thousand I$)","1000 Int$",1999,28456.579365079364,NA,"yes"
NA,NA,"Caribbean",NA,"Cereals","Gross Production Value (constant 2014-2016 thousand I$)","1000 Int$",2000,28558.20634920635,NA,"yes"
NA,NA,"Caribbean",NA,"Cereals","Gross Production Value (constant 2014-2016 thousand I$)","1000 Int$",2001,31343.97619047619,NA,"yes"
NA,NA,"Caribbean",NA,"Cereals","Gross Production Value (constant 2014-2016 thousand I$)","1000 Int$",2002,33364.230158730155,NA,"yes"
NA,NA,"Caribbean",NA,"Cereals","Gross Production Value (constant 2014-2016 thousand I$)","1000 Int$",2003,31842.34920634921,NA,"yes"
NA,NA,"Caribbean",NA,"Cereals","Gross Production Value (constant 2014-2016 thousand I$)","1000 Int$",2004,27366.9126984127,NA,"yes"
NA,NA,"Caribbean",NA,"Cereals","Gross Production Value (constant 2014-2016 thousand I$)","1000 Int$",2005,26253.507936507936,NA,"yes"
NA,NA,"Caribbean",NA,"Cereals","Gross Production Value (constant 2014-2016 thousand I$)","1000 Int$",2006,28616.595238095237,NA,"yes"
NA,NA,"Caribbean",NA,"Cereals","Gross Production Value (constant 2014-2016 thousand I$)","1000 Int$",2007,30789.396825396827,NA,"yes"
NA,NA,"Caribbean",NA,"Cereals","Gross Production Value (constant 2014-2016 thousand I$)","1000 Int$",2008,29885.134920634922,NA,"yes"
NA,NA,"Caribbean",NA,"Cereals","Gross Production Value (constant 2014-2016 thousand I$)","1000 Int$",2009,33528.68253968254,NA,"yes"
NA,NA,"Caribbean",NA,"Cereals","Gross Production Value (constant 2014-2016 thousand I$)","1000 Int$",2010,33901.031746031746,NA,"yes"
NA,NA,"Caribbean",NA,"Cereals","Gross Production Value (constant 2014-2016 thousand I$)","1000 Int$",2011,35955.18253968254,NA,"yes"
NA,NA,"Caribbean",NA,"Cereals","Gross Production Value (constant 2014-2016 thousand I$)","1000 Int$",2012,32355.777777777777,NA,"yes"
NA,NA,"Caribbean",NA,"Cereals","Gross Production Value (constant 2014-2016 thousand I$)","1000 Int$",2013,35946.10317460317,NA,"yes"
NA,NA,"Caribbean",NA,"Cereals","Gross Production Value (constant 2014-2016 thousand I$)","1000 Int$",2014,35750.74603174603,NA,"yes"
NA,NA,"Caribbean",NA,"Cereals","Gross Production Value (constant 2014-2016 thousand I$)","1000 Int$",2015,29909.214285714286,NA,"yes"
NA,NA,"Caribbean",NA,"Cereals","Gross Production Value (constant 2014-2016 thousand I$)","1000 Int$",2016,32930.51587301587,NA,"yes"
NA,NA,"Caribbean",NA,"Cereals","Gross Production Value (constant 2014-2016 thousand I$)","1000 Int$",2017,33030.769841269845,NA,"yes"
NA,NA,"Caribbean",NA,"Cereals","Gross Production Value (constant 2014-2016 thousand I$)","1000 Int$",2018,33250.57142857143,NA,"yes"
NA,NA,"Caribbean",NA,"Cereals","Gross Production Value (constant 2014-2016 thousand I$)","1000 Int$",2019,30951.992063492067,NA,"yes"
NA,NA,"Caribbean",NA,"Cereals","Gross Production Value (constant 2014-2016 thousand I$)","1000 Int$",2020,27828.753968253972,NA,"yes"
NA,NA,"Caribbean",NA,"Cereals","Gross Production Value (constant 2014-2016 thousand I$)","1000 Int$",2021,28767.04761904762,NA,"yes"
NA,NA,"Caribbean",NA,"Cereals","Gross Production Value (constant 2014-2016 thousand I$)","1000 Int$",2022,27016.74603174603,NA,"yes"
NA,NA,"Caribbean",NA,"Cereals","Gross Production Value (constant 2014-2016 thousand I$)","1000 Int$",2023,25175.777777777777,NA,"yes"
NA,NA,"Caribbean",NA,"Cereals","Gross Production Value (constant 2014-2016 thousand US$)","1000 USD",1992,21095.972222222223,NA,"yes"
NA,NA,"Caribbean",NA,"Cereals","Gross Production Value (constant 2014-2016 thousand US$)","1000 USD",1993,16766.694444444445,NA,"yes"
NA,NA,"Caribbean",NA,"Cereals","Gross Production Value (constant 2014-2016 thousand US$)","1000 USD",1994,14410.046296296296,NA,"yes"
NA,NA,"Caribbean",NA,"Cereals","Gross Production Value (constant 2014-2016 thousand US$)","1000 USD",1995,18380.10185185185,NA,"yes"
NA,NA,"Caribbean",NA,"Cereals","Gross Production Value (constant 2014-2016 thousand US$)","1000 USD",1996,17564.63888888889,NA,"yes"
NA,NA,"Caribbean",NA,"Cereals","Gross Production Value (constant 2014-2016 thousand US$)","1000 USD",1997,18846.425925925927,NA,"yes"
NA,NA,"Caribbean",NA,"Cereals","Gross Production Value (constant 2014-2016 thousand US$)","1000 USD",1998,16536.814814814814,NA,"yes"
NA,NA,"Caribbean",NA,"Cereals","Gross Production Value (constant 2014-2016 thousand US$)","1000 USD",1999,18908.694444444445,NA,"yes"
NA,NA,"Caribbean",NA,"Cereals","Gross Production Value (constant 2014-2016 thousand US$)","1000 USD",2000,19051.296296296296,NA,"yes"
NA,NA,"Caribbean",NA,"Cereals","Gross Production Value (constant 2014-2016 thousand US$)","1000 USD",2001,24160.98148148148,NA,"yes"
NA,NA,"Caribbean",NA,"Cereals","Gross Production Value (constant 2014-2016 thousand US$)","1000 USD",2002,23658.324074074073,NA,"yes"
NA,NA,"Caribbean",NA,"Cereals","Gross Production Value (constant 2014-2016 thousand US$)","1000 USD",2003,19972.185185185186,NA,"yes"
NA,NA,"Caribbean",NA,"Cereals","Gross Production Value (constant 2014-2016 thousand US$)","1000 USD",2004,19018.027777777777,NA,"yes"
NA,NA,"Caribbean",NA,"Cereals","Gross Production Value (constant 2014-2016 thousand US$)","1000 USD",2005,20762.777777777777,NA,"yes"
NA,NA,"Caribbean",NA,"Cereals","Gross Production Value (constant 2014-2016 thousand US$)","1000 USD",2006,22667.472222222223,NA,"yes"
NA,NA,"Caribbean",NA,"Cereals","Gross Production Value (constant 2014-2016 thousand US$)","1000 USD",2007,23801.49074074074,NA,"yes"
NA,NA,"Caribbean",NA,"Cereals","Gross Production Value (constant 2014-2016 thousand US$)","1000 USD",2008,24625.425925925927,NA,"yes"
NA,NA,"Caribbean",NA,"Cereals","Gross Production Value (constant 2014-2016 thousand US$)","1000 USD",2009,24837.444444444445,NA,"yes"
NA,NA,"Caribbean",NA,"Cereals","Gross Production Value (constant 2014-2016 thousand US$)","1000 USD",2010,27014.037037037036,NA,"yes"
NA,NA,"Caribbean",NA,"Cereals","Gross Production Value (constant 2014-2016 thousand US$)","1000 USD",2011,27931.5,NA,"yes"
NA,NA,"Caribbean",NA,"Cereals","Gross Production Value (constant 2014-2016 thousand US$)","1000 USD",2012,21585.49074074074,NA,"yes"
NA,NA,"Caribbean",NA,"Cereals","Gross Production Value (constant 2014-2016 thousand US$)","1000 USD",2013,23645.203703703704,NA,"yes"
NA,NA,"Caribbean",NA,"Cereals","Gross Production Value (constant 2014-2016 thousand US$)","1000 USD",2014,26130.962962962964,NA,"yes"
NA,NA,"Caribbean",NA,"Cereals","Gross Production Value (constant 2014-2016 thousand US$)","1000 USD",2015,26277.685185185186,NA,"yes"
NA,NA,"Caribbean",NA,"Cereals","Gross Production Value (constant 2014-2016 thousand US$)","1000 USD",2016,27348.824074074073,NA,"yes"
NA,NA,"Caribbean",NA,"Cereals","Gross Production Value (constant 2014-2016 thousand US$)","1000 USD",2017,28932.472222222223,NA,"yes"
NA,NA,"Caribbean",NA,"Cereals","Gross Production Value (constant 2014-2016 thousand US$)","1000 USD",2018,30732.296296296296,NA,"yes"
NA,NA,"Caribbean",NA,"Cereals","Gross Production Value (constant 2014-2016 thousand US$)","1000 USD",2019,29432.86111111111,NA,"yes"
NA,NA,"Caribbean",NA,"Cereals","Gross Production Value (constant 2014-2016 thousand US$)","1000 USD",2020,29946.10185185185,NA,"yes"
NA,NA,"Caribbean",NA,"Cereals","Gross Production Value (constant 2014-2016 thousand US$)","1000 USD",2021,32229.50925925926,NA,"yes"
NA,NA,"Caribbean",NA,"Cereals","Gross Production Value (constant 2014-2016 thousand US$)","1000 USD",2022,33122.76851851852,NA,"yes"
NA,NA,"Caribbean",NA,"Cereals","Gross Production Value (constant 2014-2016 thousand US$)","1000 USD",2023,30943.60185185185,NA,"yes"
NA,NA,"Caribbean",NA,"Edible roots and tubers with high starch or inulin content","Gross Production Value (constant 2014-2016 thousand I$)","1000 Int$",1992,6124.345225013082,NA,"yes"
NA,NA,"Caribbean",NA,"Edible roots and tubers with high starch or inulin content","Gross Production Value (constant 2014-2016 thousand I$)","1000 Int$",1993,5515.593288854003,NA,"yes"
NA,NA,"Caribbean",NA,"Edible roots and tubers with high starch or inulin content","Gross Production Value (constant 2014-2016 thousand I$)","1000 Int$",1994,5292.25209314495,NA,"yes"
NA,NA,"Caribbean",NA,"Edible roots and tubers with high starch or inulin content","Gross Production Value (constant 2014-2016 thousand I$)","1000 Int$",1995,6307.7517268445845,NA,"yes"
NA,NA,"Caribbean",NA,"Edible roots and tubers with high starch or inulin content","Gross Production Value (constant 2014-2016 thousand I$)","1000 Int$",1996,6758.908647305076,NA,"yes"
NA,NA,"Caribbean",NA,"Edible roots and tubers with high starch or inulin content","Gross Production Value (constant 2014-2016 thousand I$)","1000 Int$",1997,6446.243805599162,NA,"yes"
NA,NA,"Caribbean",NA,"Edible roots and tubers with high starch or inulin content","Gross Production Value (constant 2014-2016 thousand I$)","1000 Int$",1998,5993.591529304029,NA,"yes"
NA,NA,"Caribbean",NA,"Edible roots and tubers with high starch or inulin content","Gross Production Value (constant 2014-2016 thousand I$)","1000 Int$",1999,7795.488670852957,NA,"yes"
NA,NA,"Caribbean",NA,"Edible roots and tubers with high starch or inulin content","Gross Production Value (constant 2014-2016 thousand I$)","1000 Int$",2000,8275.092281527996,NA,"yes"
NA,NA,"Caribbean",NA,"Edible roots and tubers with high starch or inulin content","Gross Production Value (constant 2014-2016 thousand I$)","1000 Int$",2001,8589.537094453166,NA,"yes"
NA,NA,"Caribbean",NA,"Edible roots and tubers with high starch or inulin content","Gross Production Value (constant 2014-2016 thousand I$)","1000 Int$",2002,9142.679644165359,NA,"yes"
NA,NA,"Caribbean",NA,"Edible roots and tubers with high starch or inulin content","Gross Production Value (constant 2014-2016 thousand I$)","1000 Int$",2003,11272.148724489796,NA,"yes"
NA,NA,"Caribbean",NA,"Edible roots and tubers with high starch or inulin content","Gross Production Value (constant 2014-2016 thousand I$)","1000 Int$",2004,11732.167608581894,NA,"yes"
NA,NA,"Caribbean",NA,"Edible roots and tubers with high starch or inulin content","Gross Production Value (constant 2014-2016 thousand I$)","1000 Int$",2005,10783.32206959707,NA,"yes"
NA,NA,"Caribbean",NA,"Edible roots and tubers with high starch or inulin content","Gross Production Value (constant 2014-2016 thousand I$)","1000 Int$",2006,9213.484654631084,NA,"yes"
NA,NA,"Caribbean",NA,"Edible roots and tubers with high starch or inulin content","Gross Production Value (constant 2014-2016 thousand I$)","1000 Int$",2007,9552.280069335426,NA,"yes"
NA,NA,"Caribbean",NA,"Edible roots and tubers with high starch or inulin content","Gross Production Value (constant 2014-2016 thousand I$)","1000 Int$",2008,10046.656011250654,NA,"yes"
NA,NA,"Caribbean",NA,"Edible roots and tubers with high starch or inulin content","Gross Production Value (constant 2014-2016 thousand I$)","1000 Int$",2009,10741.366810570382,NA,"yes"
NA,NA,"Caribbean",NA,"Edible roots and tubers with high starch or inulin content","Gross Production Value (constant 2014-2016 thousand I$)","1000 Int$",2010,10220.056841967556,NA,"yes"
NA,NA,"Caribbean",NA,"Edible roots and tubers with high starch or inulin content","Gross Production Value (constant 2014-2016 thousand I$)","1000 Int$",2011,9865.061132914705,NA,"yes"
NA,NA,"Caribbean",NA,"Edible roots and tubers with high starch or inulin content","Gross Production Value (constant 2014-2016 thousand I$)","1000 Int$",2012,10048.261283359498,NA,"yes"
NA,NA,"Caribbean",NA,"Edible roots and tubers with high starch or inulin content","Gross Production Value (constant 2014-2016 thousand I$)","1000 Int$",2013,11309.825137362637,NA,"yes"
NA,NA,"Caribbean",NA,"Edible roots and tubers with high starch or inulin content","Gross Production Value (constant 2014-2016 thousand I$)","1000 Int$",2014,11850.661656200942,NA,"yes"
NA,NA,"Caribbean",NA,"Edible roots and tubers with high starch or inulin content","Gross Production Value (constant 2014-2016 thousand I$)","1000 Int$",2015,11570.297180795395,NA,"yes"
NA,NA,"Caribbean",NA,"Edible roots and tubers with high starch or inulin content","Gross Production Value (constant 2014-2016 thousand I$)","1000 Int$",2016,10471.366509680794,NA,"yes"
NA,NA,"Caribbean",NA,"Edible roots and tubers with high starch or inulin content","Gross Production Value (constant 2014-2016 thousand I$)","1000 Int$",2017,9912.085910518053,NA,"yes"
NA,NA,"Caribbean",NA,"Edible roots and tubers with high starch or inulin content","Gross Production Value (constant 2014-2016 thousand I$)","1000 Int$",2018,10370.802845368917,NA,"yes"
NA,NA,"Caribbean",NA,"Edible roots and tubers with high starch or inulin content","Gross Production Value (constant 2014-2016 thousand I$)","1000 Int$",2019,9772.512100994243,NA,"yes"
NA,NA,"Caribbean",NA,"Edible roots and tubers with high starch or inulin content","Gross Production Value (constant 2014-2016 thousand I$)","1000 Int$",2020,8029.2128532182105,NA,"yes"
NA,NA,"Caribbean",NA,"Edible roots and tubers with high starch or inulin content","Gross Production Value (constant 2014-2016 thousand I$)","1000 Int$",2021,7686.407083987441,NA,"yes"
NA,NA,"Caribbean",NA,"Edible roots and tubers with high starch or inulin content","Gross Production Value (constant 2014-2016 thousand I$)","1000 Int$",2022,8111.9472135007845,NA,"yes"
NA,NA,"Caribbean",NA,"Edible roots and tubers with high starch or inulin content","Gross Production Value (constant 2014-2016 thousand I$)","1000 Int$",2023,8571.738814756673,NA,"yes"
NA,NA,"Caribbean",NA,"Edible roots and tubers with high starch or inulin content","Gross Production Value (constant 2014-2016 thousand US$)","1000 USD",1992,9797.484523809524,NA,"yes"
NA,NA,"Caribbean",NA,"Edible roots and tubers with high starch or inulin content","Gross Production Value (constant 2014-2016 thousand US$)","1000 USD",1993,9328.976984126984,NA,"yes"
NA,NA,"Caribbean",NA,"Edible roots and tubers with high starch or inulin content","Gross Production Value (constant 2014-2016 thousand US$)","1000 USD",1994,10023.864285714286,NA,"yes"
NA,NA,"Caribbean",NA,"Edible roots and tubers with high starch or inulin content","Gross Production Value (constant 2014-2016 thousand US$)","1000 USD",1995,11740.40873015873,NA,"yes"
NA,NA,"Caribbean",NA,"Edible roots and tubers with high starch or inulin content","Gross Production Value (constant 2014-2016 thousand US$)","1000 USD",1996,11200.344444444445,NA,"yes"
NA,NA,"Caribbean",NA,"Edible roots and tubers with high starch or inulin content","Gross Production Value (constant 2014-2016 thousand US$)","1000 USD",1997,9827.863492063492,NA,"yes"
NA,NA,"Caribbean",NA,"Edible roots and tubers with high starch or inulin content","Gross Production Value (constant 2014-2016 thousand US$)","1000 USD",1998,8869.667460317462,NA,"yes"
NA,NA,"Caribbean",NA,"Edible roots and tubers with high starch or inulin content","Gross Production Value (constant 2014-2016 thousand US$)","1000 USD",1999,9672.711111111112,NA,"yes"
NA,NA,"Caribbean",NA,"Edible roots and tubers with high starch or inulin content","Gross Production Value (constant 2014-2016 thousand US$)","1000 USD",2000,8135.744841269841,NA,"yes"
NA,NA,"Caribbean",NA,"Edible roots and tubers with high starch or inulin content","Gross Production Value (constant 2014-2016 thousand US$)","1000 USD",2001,9457.748412698413,NA,"yes"
NA,NA,"Caribbean",NA,"Edible roots and tubers with high starch or inulin content","Gross Production Value (constant 2014-2016 thousand US$)","1000 USD",2002,9466.66746031746,NA,"yes"
NA,NA,"Caribbean",NA,"Edible roots and tubers with high starch or inulin content","Gross Production Value (constant 2014-2016 thousand US$)","1000 USD",2003,10334.885714285714,NA,"yes"
NA,NA,"Caribbean",NA,"Edible roots and tubers with high starch or inulin content","Gross Production Value (constant 2014-2016 thousand US$)","1000 USD",2004,8984.790873015872,NA,"yes"
NA,NA,"Caribbean",NA,"Edible roots and tubers with high starch or inulin content","Gross Production Value (constant 2014-2016 thousand US$)","1000 USD",2005,7800.064285714286,NA,"yes"
NA,NA,"Caribbean",NA,"Edible roots and tubers with high starch or inulin content","Gross Production Value (constant 2014-2016 thousand US$)","1000 USD",2006,8150.542857142857,NA,"yes"
NA,NA,"Caribbean",NA,"Edible roots and tubers with high starch or inulin content","Gross Production Value (constant 2014-2016 thousand US$)","1000 USD",2007,8041.315476190476,NA,"yes"
NA,NA,"Caribbean",NA,"Edible roots and tubers with high starch or inulin content","Gross Production Value (constant 2014-2016 thousand US$)","1000 USD",2008,6960.0952380952385,NA,"yes"
NA,NA,"Caribbean",NA,"Edible roots and tubers with high starch or inulin content","Gross Production Value (constant 2014-2016 thousand US$)","1000 USD",2009,8651.933730158731,NA,"yes"
NA,NA,"Caribbean",NA,"Edible roots and tubers with high starch or inulin content","Gross Production Value (constant 2014-2016 thousand US$)","1000 USD",2010,9631.212698412699,NA,"yes"
NA,NA,"Caribbean",NA,"Edible roots and tubers with high starch or inulin content","Gross Production Value (constant 2014-2016 thousand US$)","1000 USD",2011,10096.385714285714,NA,"yes"
NA,NA,"Caribbean",NA,"Edible roots and tubers with high starch or inulin content","Gross Production Value (constant 2014-2016 thousand US$)","1000 USD",2012,10433.96507936508,NA,"yes"
NA,NA,"Caribbean",NA,"Edible roots and tubers with high starch or inulin content","Gross Production Value (constant 2014-2016 thousand US$)","1000 USD",2013,10557.490476190476,NA,"yes"
NA,NA,"Caribbean",NA,"Edible roots and tubers with high starch or inulin content","Gross Production Value (constant 2014-2016 thousand US$)","1000 USD",2014,10603.640873015873,NA,"yes"
NA,NA,"Caribbean",NA,"Edible roots and tubers with high starch or inulin content","Gross Production Value (constant 2014-2016 thousand US$)","1000 USD",2015,10554.321031746033,NA,"yes"
NA,NA,"Caribbean",NA,"Edible roots and tubers with high starch or inulin content","Gross Production Value (constant 2014-2016 thousand US$)","1000 USD",2016,11314.876984126984,NA,"yes"
NA,NA,"Caribbean",NA,"Edible roots and tubers with high starch or inulin content","Gross Production Value (constant 2014-2016 thousand US$)","1000 USD",2017,11214.734523809524,NA,"yes"
NA,NA,"Caribbean",NA,"Edible roots and tubers with high starch or inulin content","Gross Production Value (constant 2014-2016 thousand US$)","1000 USD",2018,11331.153968253968,NA,"yes"
NA,NA,"Caribbean",NA,"Edible roots and tubers with high starch or inulin content","Gross Production Value (constant 2014-2016 thousand US$)","1000 USD",2019,11839.980555555556,NA,"yes"
NA,NA,"Caribbean",NA,"Edible roots and tubers with high starch or inulin content","Gross Production Value (constant 2014-2016 thousand US$)","1000 USD",2020,11841.86746031746,NA,"yes"
NA,NA,"Caribbean",NA,"Edible roots and tubers with high starch or inulin content","Gross Production Value (constant 2014-2016 thousand US$)","1000 USD",2021,12481.65,NA,"yes"
NA,NA,"Caribbean",NA,"Edible roots and tubers with high starch or inulin content","Gross Production Value (constant 2014-2016 thousand US$)","1000 USD",2022,13651.473412698413,NA,"yes"
NA,NA,"Caribbean",NA,"Edible roots and tubers with high starch or inulin content","Gross Production Value (constant 2014-2016 thousand US$)","1000 USD",2023,14199.742857142857,NA,"yes"
NA,NA,"Caribbean",NA,"Eggs of hens or other birds in shell, fresh","Gross Production Value (constant 2014-2016 thousand I$)","1000 Int$",1992,8146.65625,NA,"yes"
NA,NA,"Caribbean",NA,"Eggs of hens or other birds in shell, fresh","Gross Production Value (constant 2014-2016 thousand I$)","1000 Int$",1993,6641.375,NA,"yes"
NA,NA,"Caribbean",NA,"Eggs of hens or other birds in shell, fresh","Gross Production Value (constant 2014-2016 thousand I$)","1000 Int$",1994,6702.625,NA,"yes"
NA,NA,"Caribbean",NA,"Eggs of hens or other birds in shell, fresh","Gross Production Value (constant 2014-2016 thousand I$)","1000 Int$",1995,6656.28125,NA,"yes"
NA,NA,"Caribbean",NA,"Eggs of hens or other birds in shell, fresh","Gross Production Value (constant 2014-2016 thousand I$)","1000 Int$",1996,6513.53125,NA,"yes"
NA,NA,"Caribbean",NA,"Eggs of hens or other birds in shell, fresh","Gross Production Value (constant 2014-2016 thousand I$)","1000 Int$",1997,6855.71875,NA,"yes"
NA,NA,"Caribbean",NA,"Eggs of hens or other birds in shell, fresh","Gross Production Value (constant 2014-2016 thousand I$)","1000 Int$",1998,6667.65625,NA,"yes"
NA,NA,"Caribbean",NA,"Eggs of hens or other birds in shell, fresh","Gross Production Value (constant 2014-2016 thousand I$)","1000 Int$",1999,7129.25,NA,"yes"
NA,NA,"Caribbean",NA,"Eggs of hens or other birds in shell, fresh","Gross Production Value (constant 2014-2016 thousand I$)","1000 Int$",2000,7257.75,NA,"yes"
NA,NA,"Caribbean",NA,"Eggs of hens or other birds in shell, fresh","Gross Production Value (constant 2014-2016 thousand I$)","1000 Int$",2001,7355.53125,NA,"yes"
NA,NA,"Caribbean",NA,"Eggs of hens or other birds in shell, fresh","Gross Production Value (constant 2014-2016 thousand I$)","1000 Int$",2002,8421.3125,NA,"yes"
NA,NA,"Caribbean",NA,"Eggs of hens or other birds in shell, fresh","Gross Production Value (constant 2014-2016 thousand I$)","1000 Int$",2003,7976.59375,NA,"yes"
NA,NA,"Caribbean",NA,"Eggs of hens or other birds in shell, fresh","Gross Production Value (constant 2014-2016 thousand I$)","1000 Int$",2004,7790.21875,NA,"yes"
NA,NA,"Caribbean",NA,"Eggs of hens or other birds in shell, fresh","Gross Production Value (constant 2014-2016 thousand I$)","1000 Int$",2005,8928.03125,NA,"yes"
NA,NA,"Caribbean",NA,"Eggs of hens or other birds in shell, fresh","Gross Production Value (constant 2014-2016 thousand I$)","1000 Int$",2006,9790.125,NA,"yes"
NA,NA,"Caribbean",NA,"Eggs of hens or other birds in shell, fresh","Gross Production Value (constant 2014-2016 thousand I$)","1000 Int$",2007,9610.78125,NA,"yes"
NA,NA,"Caribbean",NA,"Eggs of hens or other birds in shell, fresh","Gross Production Value (constant 2014-2016 thousand I$)","1000 Int$",2008,9672.53125,NA,"yes"
NA,NA,"Caribbean",NA,"Eggs of hens or other birds in shell, fresh","Gross Production Value (constant 2014-2016 thousand I$)","1000 Int$",2009,10118.09375,NA,"yes"
NA,NA,"Caribbean",NA,"Eggs of hens or other birds in shell, fresh","Gross Production Value (constant 2014-2016 thousand I$)","1000 Int$",2010,10530.09375,NA,"yes"
NA,NA,"Caribbean",NA,"Eggs of hens or other birds in shell, fresh","Gross Production Value (constant 2014-2016 thousand I$)","1000 Int$",2011,10575.375,NA,"yes"
NA,NA,"Caribbean",NA,"Eggs of hens or other birds in shell, fresh","Gross Production Value (constant 2014-2016 thousand I$)","1000 Int$",2012,10429.78125,NA,"yes"
NA,NA,"Caribbean",NA,"Eggs of hens or other birds in shell, fresh","Gross Production Value (constant 2014-2016 thousand I$)","1000 Int$",2013,10414.625,NA,"yes"
NA,NA,"Caribbean",NA,"Eggs of hens or other birds in shell, fresh","Gross Production Value (constant 2014-2016 thousand I$)","1000 Int$",2014,11552.34375,NA,"yes"
NA,NA,"Caribbean",NA,"Eggs of hens or other birds in shell, fresh","Gross Production Value (constant 2014-2016 thousand I$)","1000 Int$",2015,11351.5625,NA,"yes"
NA,NA,"Caribbean",NA,"Eggs of hens or other birds in shell, fresh","Gross Production Value (constant 2014-2016 thousand I$)","1000 Int$",2016,11483.28125,NA,"yes"
NA,NA,"Caribbean",NA,"Eggs of hens or other birds in shell, fresh","Gross Production Value (constant 2014-2016 thousand I$)","1000 Int$",2017,11918.875,NA,"yes"
NA,NA,"Caribbean",NA,"Eggs of hens or other birds in shell, fresh","Gross Production Value (constant 2014-2016 thousand I$)","1000 Int$",2018,12910.625,NA,"yes"
NA,NA,"Caribbean",NA,"Eggs of hens or other birds in shell, fresh","Gross Production Value (constant 2014-2016 thousand I$)","1000 Int$",2019,13705.75,NA,"yes"
NA,NA,"Caribbean",NA,"Eggs of hens or other birds in shell, fresh","Gross Production Value (constant 2014-2016 thousand I$)","1000 Int$",2020,14271.78125,NA,"yes"
NA,NA,"Caribbean",NA,"Eggs of hens or other birds in shell, fresh","Gross Production Value (constant 2014-2016 thousand I$)","1000 Int$",2021,14077.9375,NA,"yes"
NA,NA,"Caribbean",NA,"Eggs of hens or other birds in shell, fresh","Gross Production Value (constant 2014-2016 thousand I$)","1000 Int$",2022,15852.8125,NA,"yes"
NA,NA,"Caribbean",NA,"Eggs of hens or other birds in shell, fresh","Gross Production Value (constant 2014-2016 thousand I$)","1000 Int$",2023,16281.5625,NA,"yes"
NA,NA,"Caribbean",NA,"Eggs of hens or other birds in shell, fresh","Gross Production Value (constant 2014-2016 thousand US$)","1000 USD",1992,14837.4,NA,"yes"
NA,NA,"Caribbean",NA,"Eggs of hens or other birds in shell, fresh","Gross Production Value (constant 2014-2016 thousand US$)","1000 USD",1993,14629.8,NA,"yes"
NA,NA,"Caribbean",NA,"Eggs of hens or other birds in shell, fresh","Gross Production Value (constant 2014-2016 thousand US$)","1000 USD",1994,14387.9,NA,"yes"
NA,NA,"Caribbean",NA,"Eggs of hens or other birds in shell, fresh","Gross Production Value (constant 2014-2016 thousand US$)","1000 USD",1995,14866.9,NA,"yes"
NA,NA,"Caribbean",NA,"Eggs of hens or other birds in shell, fresh","Gross Production Value (constant 2014-2016 thousand US$)","1000 USD",1996,15116.7,NA,"yes"
NA,NA,"Caribbean",NA,"Eggs of hens or other birds in shell, fresh","Gross Production Value (constant 2014-2016 thousand US$)","1000 USD",1997,14560.3,NA,"yes"
NA,NA,"Caribbean",NA,"Eggs of hens or other birds in shell, fresh","Gross Production Value (constant 2014-2016 thousand US$)","1000 USD",1998,15536.6,NA,"yes"
NA,NA,"Caribbean",NA,"Eggs of hens or other birds in shell, fresh","Gross Production Value (constant 2014-2016 thousand US$)","1000 USD",1999,14095.9,NA,"yes"
NA,NA,"Caribbean",NA,"Eggs of hens or other birds in shell, fresh","Gross Production Value (constant 2014-2016 thousand US$)","1000 USD",2000,14143.9,NA,"yes"
NA,NA,"Caribbean",NA,"Eggs of hens or other birds in shell, fresh","Gross Production Value (constant 2014-2016 thousand US$)","1000 USD",2001,15947.2,NA,"yes"
NA,NA,"Caribbean",NA,"Eggs of hens or other birds in shell, fresh","Gross Production Value (constant 2014-2016 thousand US$)","1000 USD",2002,18333.4,NA,"yes"
NA,NA,"Caribbean",NA,"Eggs of hens or other birds in shell, fresh","Gross Production Value (constant 2014-2016 thousand US$)","1000 USD",2003,16728.3,NA,"yes"
NA,NA,"Caribbean",NA,"Eggs of hens or other birds in shell, fresh","Gross Production Value (constant 2014-2016 thousand US$)","1000 USD",2004,16484.9,NA,"yes"
NA,NA,"Caribbean",NA,"Eggs of hens or other birds in shell, fresh","Gross Production Value (constant 2014-2016 thousand US$)","1000 USD",2005,17839.9,NA,"yes"
NA,NA,"Caribbean",NA,"Eggs of hens or other birds in shell, fresh","Gross Production Value (constant 2014-2016 thousand US$)","1000 USD",2006,20240.2,NA,"yes"
NA,NA,"Caribbean",NA,"Eggs of hens or other birds in shell, fresh","Gross Production Value (constant 2014-2016 thousand US$)","1000 USD",2007,19855.7,NA,"yes"
NA,NA,"Caribbean",NA,"Eggs of hens or other birds in shell, fresh","Gross Production Value (constant 2014-2016 thousand US$)","1000 USD",2008,20461,NA,"yes"
NA,NA,"Caribbean",NA,"Eggs of hens or other birds in shell, fresh","Gross Production Value (constant 2014-2016 thousand US$)","1000 USD",2009,21693,NA,"yes"
NA,NA,"Caribbean",NA,"Eggs of hens or other birds in shell, fresh","Gross Production Value (constant 2014-2016 thousand US$)","1000 USD",2010,22247.5,NA,"yes"
NA,NA,"Caribbean",NA,"Eggs of hens or other birds in shell, fresh","Gross Production Value (constant 2014-2016 thousand US$)","1000 USD",2011,21008,NA,"yes"
NA,NA,"Caribbean",NA,"Eggs of hens or other birds in shell, fresh","Gross Production Value (constant 2014-2016 thousand US$)","1000 USD",2012,21718.7,NA,"yes"
NA,NA,"Caribbean",NA,"Eggs of hens or other birds in shell, fresh","Gross Production Value (constant 2014-2016 thousand US$)","1000 USD",2013,20660.1,NA,"yes"
NA,NA,"Caribbean",NA,"Eggs of hens or other birds in shell, fresh","Gross Production Value (constant 2014-2016 thousand US$)","1000 USD",2014,24684.5,NA,"yes"
NA,NA,"Caribbean",NA,"Eggs of hens or other birds in shell, fresh","Gross Production Value (constant 2014-2016 thousand US$)","1000 USD",2015,26036.6,NA,"yes"
NA,NA,"Caribbean",NA,"Eggs of hens or other birds in shell, fresh","Gross Production Value (constant 2014-2016 thousand US$)","1000 USD",2016,26615.8,NA,"yes"
NA,NA,"Caribbean",NA,"Eggs of hens or other birds in shell, fresh","Gross Production Value (constant 2014-2016 thousand US$)","1000 USD",2017,27200.6,NA,"yes"
NA,NA,"Caribbean",NA,"Eggs of hens or other birds in shell, fresh","Gross Production Value (constant 2014-2016 thousand US$)","1000 USD",2018,29893,NA,"yes"
NA,NA,"Caribbean",NA,"Eggs of hens or other birds in shell, fresh","Gross Production Value (constant 2014-2016 thousand US$)","1000 USD",2019,34320.4,NA,"yes"
NA,NA,"Caribbean",NA,"Eggs of hens or other birds in shell, fresh","Gross Production Value (constant 2014-2016 thousand US$)","1000 USD",2020,37723.9,NA,"yes"
NA,NA,"Caribbean",NA,"Eggs of hens or other birds in shell, fresh","Gross Production Value (constant 2014-2016 thousand US$)","1000 USD",2021,38011.8,NA,"yes"
NA,NA,"Caribbean",NA,"Eggs of hens or other birds in shell, fresh","Gross Production Value (constant 2014-2016 thousand US$)","1000 USD",2022,43350.5,NA,"yes"
NA,NA,"Caribbean",NA,"Eggs of hens or other birds in shell, fresh","Gross Production Value (constant 2014-2016 thousand US$)","1000 USD",2023,45324.8,NA,"yes"
NA,NA,"Caribbean",NA,"Forage products; fibre crops; plants used in perfumery, pharmacy, or for insecticidal, fungicidal or similar purposes; beet, forage plant and flower seeds; natural rubber; living plants, cut flowers and flower buds; unmanufactured tobacco; other raw vegetable materials","Gross Production Value (constant 2014-2016 thousand I$)","1000 Int$",1992,4099.375,NA,"yes"
NA,NA,"Caribbean",NA,"Forage products; fibre crops; plants used in perfumery, pharmacy, or for insecticidal, fungicidal or similar purposes; beet, forage plant and flower seeds; natural rubber; living plants, cut flowers and flower buds; unmanufactured tobacco; other raw vegetable materials","Gross Production Value (constant 2014-2016 thousand I$)","1000 Int$",1993,3798.9285714285716,NA,"yes"
NA,NA,"Caribbean",NA,"Forage products; fibre crops; plants used in perfumery, pharmacy, or for insecticidal, fungicidal or similar purposes; beet, forage plant and flower seeds; natural rubber; living plants, cut flowers and flower buds; unmanufactured tobacco; other raw vegetable materials","Gross Production Value (constant 2014-2016 thousand I$)","1000 Int$",1994,3403.035714285714,NA,"yes"
NA,NA,"Caribbean",NA,"Forage products; fibre crops; plants used in perfumery, pharmacy, or for insecticidal, fungicidal or similar purposes; beet, forage plant and flower seeds; natural rubber; living plants, cut flowers and flower buds; unmanufactured tobacco; other raw vegetable materials","Gross Production Value (constant 2014-2016 thousand I$)","1000 Int$",1995,3933.2321428571427,NA,"yes"
NA,NA,"Caribbean",NA,"Forage products; fibre crops; plants used in perfumery, pharmacy, or for insecticidal, fungicidal or similar purposes; beet, forage plant and flower seeds; natural rubber; living plants, cut flowers and flower buds; unmanufactured tobacco; other raw vegetable materials","Gross Production Value (constant 2014-2016 thousand I$)","1000 Int$",1996,4230.875,NA,"yes"
NA,NA,"Caribbean",NA,"Forage products; fibre crops; plants used in perfumery, pharmacy, or for insecticidal, fungicidal or similar purposes; beet, forage plant and flower seeds; natural rubber; living plants, cut flowers and flower buds; unmanufactured tobacco; other raw vegetable materials","Gross Production Value (constant 2014-2016 thousand I$)","1000 Int$",1997,4273,NA,"yes"
NA,NA,"Caribbean",NA,"Forage products; fibre crops; plants used in perfumery, pharmacy, or for insecticidal, fungicidal or similar purposes; beet, forage plant and flower seeds; natural rubber; living plants, cut flowers and flower buds; unmanufactured tobacco; other raw vegetable materials","Gross Production Value (constant 2014-2016 thousand I$)","1000 Int$",1998,5135.285714285715,NA,"yes"
NA,NA,"Caribbean",NA,"Forage products; fibre crops; plants used in perfumery, pharmacy, or for insecticidal, fungicidal or similar purposes; beet, forage plant and flower seeds; natural rubber; living plants, cut flowers and flower buds; unmanufactured tobacco; other raw vegetable materials","Gross Production Value (constant 2014-2016 thousand I$)","1000 Int$",1999,3762.9285714285716,NA,"yes"
NA,NA,"Caribbean",NA,"Forage products; fibre crops; plants used in perfumery, pharmacy, or for insecticidal, fungicidal or similar purposes; beet, forage plant and flower seeds; natural rubber; living plants, cut flowers and flower buds; unmanufactured tobacco; other raw vegetable materials","Gross Production Value (constant 2014-2016 thousand I$)","1000 Int$",2000,3258.714285714286,NA,"yes"
NA,NA,"Caribbean",NA,"Forage products; fibre crops; plants used in perfumery, pharmacy, or for insecticidal, fungicidal or similar purposes; beet, forage plant and flower seeds; natural rubber; living plants, cut flowers and flower buds; unmanufactured tobacco; other raw vegetable materials","Gross Production Value (constant 2014-2016 thousand I$)","1000 Int$",2001,3258.2321428571427,NA,"yes"
NA,NA,"Caribbean",NA,"Forage products; fibre crops; plants used in perfumery, pharmacy, or for insecticidal, fungicidal or similar purposes; beet, forage plant and flower seeds; natural rubber; living plants, cut flowers and flower buds; unmanufactured tobacco; other raw vegetable materials","Gross Production Value (constant 2014-2016 thousand I$)","1000 Int$",2002,3343.8035714285716,NA,"yes"
NA,NA,"Caribbean",NA,"Forage products; fibre crops; plants used in perfumery, pharmacy, or for insecticidal, fungicidal or similar purposes; beet, forage plant and flower seeds; natural rubber; living plants, cut flowers and flower buds; unmanufactured tobacco; other raw vegetable materials","Gross Production Value (constant 2014-2016 thousand I$)","1000 Int$",2003,3086.75,NA,"yes"
NA,NA,"Caribbean",NA,"Forage products; fibre crops; plants used in perfumery, pharmacy, or for insecticidal, fungicidal or similar purposes; beet, forage plant and flower seeds; natural rubber; living plants, cut flowers and flower buds; unmanufactured tobacco; other raw vegetable materials","Gross Production Value (constant 2014-2016 thousand I$)","1000 Int$",2004,3353.75,NA,"yes"
NA,NA,"Caribbean",NA,"Forage products; fibre crops; plants used in perfumery, pharmacy, or for insecticidal, fungicidal or similar purposes; beet, forage plant and flower seeds; natural rubber; living plants, cut flowers and flower buds; unmanufactured tobacco; other raw vegetable materials","Gross Production Value (constant 2014-2016 thousand I$)","1000 Int$",2005,3158.875,NA,"yes"
NA,NA,"Caribbean",NA,"Forage products; fibre crops; plants used in perfumery, pharmacy, or for insecticidal, fungicidal or similar purposes; beet, forage plant and flower seeds; natural rubber; living plants, cut flowers and flower buds; unmanufactured tobacco; other raw vegetable materials","Gross Production Value (constant 2014-2016 thousand I$)","1000 Int$",2006,3271.8214285714284,NA,"yes"
NA,NA,"Caribbean",NA,"Forage products; fibre crops; plants used in perfumery, pharmacy, or for insecticidal, fungicidal or similar purposes; beet, forage plant and flower seeds; natural rubber; living plants, cut flowers and flower buds; unmanufactured tobacco; other raw vegetable materials","Gross Production Value (constant 2014-2016 thousand I$)","1000 Int$",2007,3260.035714285714,NA,"yes"
NA,NA,"Caribbean",NA,"Forage products; fibre crops; plants used in perfumery, pharmacy, or for insecticidal, fungicidal or similar purposes; beet, forage plant and flower seeds; natural rubber; living plants, cut flowers and flower buds; unmanufactured tobacco; other raw vegetable materials","Gross Production Value (constant 2014-2016 thousand I$)","1000 Int$",2008,2928.6428571428573,NA,"yes"
NA,NA,"Caribbean",NA,"Forage products; fibre crops; plants used in perfumery, pharmacy, or for insecticidal, fungicidal or similar purposes; beet, forage plant and flower seeds; natural rubber; living plants, cut flowers and flower buds; unmanufactured tobacco; other raw vegetable materials","Gross Production Value (constant 2014-2016 thousand I$)","1000 Int$",2009,3220.7321428571427,NA,"yes"
NA,NA,"Caribbean",NA,"Forage products; fibre crops; plants used in perfumery, pharmacy, or for insecticidal, fungicidal or similar purposes; beet, forage plant and flower seeds; natural rubber; living plants, cut flowers and flower buds; unmanufactured tobacco; other raw vegetable materials","Gross Production Value (constant 2014-2016 thousand I$)","1000 Int$",2010,2846.2678571428573,NA,"yes"
NA,NA,"Caribbean",NA,"Forage products; fibre crops; plants used in perfumery, pharmacy, or for insecticidal, fungicidal or similar purposes; beet, forage plant and flower seeds; natural rubber; living plants, cut flowers and flower buds; unmanufactured tobacco; other raw vegetable materials","Gross Production Value (constant 2014-2016 thousand I$)","1000 Int$",2011,2912.089285714286,NA,"yes"
NA,NA,"Caribbean",NA,"Forage products; fibre crops; plants used in perfumery, pharmacy, or for insecticidal, fungicidal or similar purposes; beet, forage plant and flower seeds; natural rubber; living plants, cut flowers and flower buds; unmanufactured tobacco; other raw vegetable materials","Gross Production Value (constant 2014-2016 thousand I$)","1000 Int$",2012,2806.785714285714,NA,"yes"
NA,NA,"Caribbean",NA,"Forage products; fibre crops; plants used in perfumery, pharmacy, or for insecticidal, fungicidal or similar purposes; beet, forage plant and flower seeds; natural rubber; living plants, cut flowers and flower buds; unmanufactured tobacco; other raw vegetable materials","Gross Production Value (constant 2014-2016 thousand I$)","1000 Int$",2013,3085.5714285714284,NA,"yes"
NA,NA,"Caribbean",NA,"Forage products; fibre crops; plants used in perfumery, pharmacy, or for insecticidal, fungicidal or similar purposes; beet, forage plant and flower seeds; natural rubber; living plants, cut flowers and flower buds; unmanufactured tobacco; other raw vegetable materials","Gross Production Value (constant 2014-2016 thousand I$)","1000 Int$",2014,2871.6428571428573,NA,"yes"
NA,NA,"Caribbean",NA,"Forage products; fibre crops; plants used in perfumery, pharmacy, or for insecticidal, fungicidal or similar purposes; beet, forage plant and flower seeds; natural rubber; living plants, cut flowers and flower buds; unmanufactured tobacco; other raw vegetable materials","Gross Production Value (constant 2014-2016 thousand I$)","1000 Int$",2015,3181.1428571428573,NA,"yes"
NA,NA,"Caribbean",NA,"Forage products; fibre crops; plants used in perfumery, pharmacy, or for insecticidal, fungicidal or similar purposes; beet, forage plant and flower seeds; natural rubber; living plants, cut flowers and flower buds; unmanufactured tobacco; other raw vegetable materials","Gross Production Value (constant 2014-2016 thousand I$)","1000 Int$",2016,2856.214285714286,NA,"yes"
NA,NA,"Caribbean",NA,"Forage products; fibre crops; plants used in perfumery, pharmacy, or for insecticidal, fungicidal or similar purposes; beet, forage plant and flower seeds; natural rubber; living plants, cut flowers and flower buds; unmanufactured tobacco; other raw vegetable materials","Gross Production Value (constant 2014-2016 thousand I$)","1000 Int$",2017,3357.75,NA,"yes"
NA,NA,"Caribbean",NA,"Forage products; fibre crops; plants used in perfumery, pharmacy, or for insecticidal, fungicidal or similar purposes; beet, forage plant and flower seeds; natural rubber; living plants, cut flowers and flower buds; unmanufactured tobacco; other raw vegetable materials","Gross Production Value (constant 2014-2016 thousand I$)","1000 Int$",2018,3269.6071428571427,NA,"yes"
NA,NA,"Caribbean",NA,"Forage products; fibre crops; plants used in perfumery, pharmacy, or for insecticidal, fungicidal or similar purposes; beet, forage plant and flower seeds; natural rubber; living plants, cut flowers and flower buds; unmanufactured tobacco; other raw vegetable materials","Gross Production Value (constant 2014-2016 thousand I$)","1000 Int$",2019,3091.0535714285716,NA,"yes"
NA,NA,"Caribbean",NA,"Forage products; fibre crops; plants used in perfumery, pharmacy, or for insecticidal, fungicidal or similar purposes; beet, forage plant and flower seeds; natural rubber; living plants, cut flowers and flower buds; unmanufactured tobacco; other raw vegetable materials","Gross Production Value (constant 2014-2016 thousand I$)","1000 Int$",2020,3294.089285714286,NA,"yes"
NA,NA,"Caribbean",NA,"Forage products; fibre crops; plants used in perfumery, pharmacy, or for insecticidal, fungicidal or similar purposes; beet, forage plant and flower seeds; natural rubber; living plants, cut flowers and flower buds; unmanufactured tobacco; other raw vegetable materials","Gross Production Value (constant 2014-2016 thousand I$)","1000 Int$",2021,3020.75,NA,"yes"
NA,NA,"Caribbean",NA,"Forage products; fibre crops; plants used in perfumery, pharmacy, or for insecticidal, fungicidal or similar purposes; beet, forage plant and flower seeds; natural rubber; living plants, cut flowers and flower buds; unmanufactured tobacco; other raw vegetable materials","Gross Production Value (constant 2014-2016 thousand I$)","1000 Int$",2022,2959.6785714285716,NA,"yes"
NA,NA,"Caribbean",NA,"Forage products; fibre crops; plants used in perfumery, pharmacy, or for insecticidal, fungicidal or similar purposes; beet, forage plant and flower seeds; natural rubber; living plants, cut flowers and flower buds; unmanufactured tobacco; other raw vegetable materials","Gross Production Value (constant 2014-2016 thousand I$)","1000 Int$",2023,3069.4464285714284,NA,"yes"
NA,NA,"Caribbean",NA,"Forage products; fibre crops; plants used in perfumery, pharmacy, or for insecticidal, fungicidal or similar purposes; beet, forage plant and flower seeds; natural rubber; living plants, cut flowers and flower buds; unmanufactured tobacco; other raw vegetable materials","Gross Production Value (constant 2014-2016 thousand US$)","1000 USD",1992,3418.6875,NA,"yes"
NA,NA,"Caribbean",NA,"Forage products; fibre crops; plants used in perfumery, pharmacy, or for insecticidal, fungicidal or similar purposes; beet, forage plant and flower seeds; natural rubber; living plants, cut flowers and flower buds; unmanufactured tobacco; other raw vegetable materials","Gross Production Value (constant 2014-2016 thousand US$)","1000 USD",1993,3223.5625,NA,"yes"
NA,NA,"Caribbean",NA,"Forage products; fibre crops; plants used in perfumery, pharmacy, or for insecticidal, fungicidal or similar purposes; beet, forage plant and flower seeds; natural rubber; living plants, cut flowers and flower buds; unmanufactured tobacco; other raw vegetable materials","Gross Production Value (constant 2014-2016 thousand US$)","1000 USD",1994,2358.875,NA,"yes"
NA,NA,"Caribbean",NA,"Forage products; fibre crops; plants used in perfumery, pharmacy, or for insecticidal, fungicidal or similar purposes; beet, forage plant and flower seeds; natural rubber; living plants, cut flowers and flower buds; unmanufactured tobacco; other raw vegetable materials","Gross Production Value (constant 2014-2016 thousand US$)","1000 USD",1995,3540.5,NA,"yes"
NA,NA,"Caribbean",NA,"Forage products; fibre crops; plants used in perfumery, pharmacy, or for insecticidal, fungicidal or similar purposes; beet, forage plant and flower seeds; natural rubber; living plants, cut flowers and flower buds; unmanufactured tobacco; other raw vegetable materials","Gross Production Value (constant 2014-2016 thousand US$)","1000 USD",1996,4045.25,NA,"yes"
NA,NA,"Caribbean",NA,"Forage products; fibre crops; plants used in perfumery, pharmacy, or for insecticidal, fungicidal or similar purposes; beet, forage plant and flower seeds; natural rubber; living plants, cut flowers and flower buds; unmanufactured tobacco; other raw vegetable materials","Gross Production Value (constant 2014-2016 thousand US$)","1000 USD",1997,4484.9375,NA,"yes"
NA,NA,"Caribbean",NA,"Forage products; fibre crops; plants used in perfumery, pharmacy, or for insecticidal, fungicidal or similar purposes; beet, forage plant and flower seeds; natural rubber; living plants, cut flowers and flower buds; unmanufactured tobacco; other raw vegetable materials","Gross Production Value (constant 2014-2016 thousand US$)","1000 USD",1998,7014.0625,NA,"yes"
NA,NA,"Caribbean",NA,"Forage products; fibre crops; plants used in perfumery, pharmacy, or for insecticidal, fungicidal or similar purposes; beet, forage plant and flower seeds; natural rubber; living plants, cut flowers and flower buds; unmanufactured tobacco; other raw vegetable materials","Gross Production Value (constant 2014-2016 thousand US$)","1000 USD",1999,2939.1875,NA,"yes"
NA,NA,"Caribbean",NA,"Forage products; fibre crops; plants used in perfumery, pharmacy, or for insecticidal, fungicidal or similar purposes; beet, forage plant and flower seeds; natural rubber; living plants, cut flowers and flower buds; unmanufactured tobacco; other raw vegetable materials","Gross Production Value (constant 2014-2016 thousand US$)","1000 USD",2000,768.125,NA,"yes"
NA,NA,"Caribbean",NA,"Forage products; fibre crops; plants used in perfumery, pharmacy, or for insecticidal, fungicidal or similar purposes; beet, forage plant and flower seeds; natural rubber; living plants, cut flowers and flower buds; unmanufactured tobacco; other raw vegetable materials","Gross Production Value (constant 2014-2016 thousand US$)","1000 USD",2001,982.4375,NA,"yes"
NA,NA,"Caribbean",NA,"Forage products; fibre crops; plants used in perfumery, pharmacy, or for insecticidal, fungicidal or similar purposes; beet, forage plant and flower seeds; natural rubber; living plants, cut flowers and flower buds; unmanufactured tobacco; other raw vegetable materials","Gross Production Value (constant 2014-2016 thousand US$)","1000 USD",2002,1011.9375,NA,"yes"
NA,NA,"Caribbean",NA,"Forage products; fibre crops; plants used in perfumery, pharmacy, or for insecticidal, fungicidal or similar purposes; beet, forage plant and flower seeds; natural rubber; living plants, cut flowers and flower buds; unmanufactured tobacco; other raw vegetable materials","Gross Production Value (constant 2014-2016 thousand US$)","1000 USD",2003,1498.0625,NA,"yes"
NA,NA,"Caribbean",NA,"Forage products; fibre crops; plants used in perfumery, pharmacy, or for insecticidal, fungicidal or similar purposes; beet, forage plant and flower seeds; natural rubber; living plants, cut flowers and flower buds; unmanufactured tobacco; other raw vegetable materials","Gross Production Value (constant 2014-2016 thousand US$)","1000 USD",2004,1637.6875,NA,"yes"
NA,NA,"Caribbean",NA,"Forage products; fibre crops; plants used in perfumery, pharmacy, or for insecticidal, fungicidal or similar purposes; beet, forage plant and flower seeds; natural rubber; living plants, cut flowers and flower buds; unmanufactured tobacco; other raw vegetable materials","Gross Production Value (constant 2014-2016 thousand US$)","1000 USD",2005,1898.375,NA,"yes"
NA,NA,"Caribbean",NA,"Forage products; fibre crops; plants used in perfumery, pharmacy, or for insecticidal, fungicidal or similar purposes; beet, forage plant and flower seeds; natural rubber; living plants, cut flowers and flower buds; unmanufactured tobacco; other raw vegetable materials","Gross Production Value (constant 2014-2016 thousand US$)","1000 USD",2006,1876,NA,"yes"
NA,NA,"Caribbean",NA,"Forage products; fibre crops; plants used in perfumery, pharmacy, or for insecticidal, fungicidal or similar purposes; beet, forage plant and flower seeds; natural rubber; living plants, cut flowers and flower buds; unmanufactured tobacco; other raw vegetable materials","Gross Production Value (constant 2014-2016 thousand US$)","1000 USD",2007,2368.9375,NA,"yes"
NA,NA,"Caribbean",NA,"Forage products; fibre crops; plants used in perfumery, pharmacy, or for insecticidal, fungicidal or similar purposes; beet, forage plant and flower seeds; natural rubber; living plants, cut flowers and flower buds; unmanufactured tobacco; other raw vegetable materials","Gross Production Value (constant 2014-2016 thousand US$)","1000 USD",2008,1754.3125,NA,"yes"
NA,NA,"Caribbean",NA,"Forage products; fibre crops; plants used in perfumery, pharmacy, or for insecticidal, fungicidal or similar purposes; beet, forage plant and flower seeds; natural rubber; living plants, cut flowers and flower buds; unmanufactured tobacco; other raw vegetable materials","Gross Production Value (constant 2014-2016 thousand US$)","1000 USD",2009,2237.9375,NA,"yes"
NA,NA,"Caribbean",NA,"Forage products; fibre crops; plants used in perfumery, pharmacy, or for insecticidal, fungicidal or similar purposes; beet, forage plant and flower seeds; natural rubber; living plants, cut flowers and flower buds; unmanufactured tobacco; other raw vegetable materials","Gross Production Value (constant 2014-2016 thousand US$)","1000 USD",2010,1594.9375,NA,"yes"
NA,NA,"Caribbean",NA,"Forage products; fibre crops; plants used in perfumery, pharmacy, or for insecticidal, fungicidal or similar purposes; beet, forage plant and flower seeds; natural rubber; living plants, cut flowers and flower buds; unmanufactured tobacco; other raw vegetable materials","Gross Production Value (constant 2014-2016 thousand US$)","1000 USD",2011,1960.5625,NA,"yes"
NA,NA,"Caribbean",NA,"Forage products; fibre crops; plants used in perfumery, pharmacy, or for insecticidal, fungicidal or similar purposes; beet, forage plant and flower seeds; natural rubber; living plants, cut flowers and flower buds; unmanufactured tobacco; other raw vegetable materials","Gross Production Value (constant 2014-2016 thousand US$)","1000 USD",2012,1756.125,NA,"yes"
NA,NA,"Caribbean",NA,"Forage products; fibre crops; plants used in perfumery, pharmacy, or for insecticidal, fungicidal or similar purposes; beet, forage plant and flower seeds; natural rubber; living plants, cut flowers and flower buds; unmanufactured tobacco; other raw vegetable materials","Gross Production Value (constant 2014-2016 thousand US$)","1000 USD",2013,1754.5625,NA,"yes"
NA,NA,"Caribbean",NA,"Forage products; fibre crops; plants used in perfumery, pharmacy, or for insecticidal, fungicidal or similar purposes; beet, forage plant and flower seeds; natural rubber; living plants, cut flowers and flower buds; unmanufactured tobacco; other raw vegetable materials","Gross Production Value (constant 2014-2016 thousand US$)","1000 USD",2014,1747.125,NA,"yes"
NA,NA,"Caribbean",NA,"Forage products; fibre crops; plants used in perfumery, pharmacy, or for insecticidal, fungicidal or similar purposes; beet, forage plant and flower seeds; natural rubber; living plants, cut flowers and flower buds; unmanufactured tobacco; other raw vegetable materials","Gross Production Value (constant 2014-2016 thousand US$)","1000 USD",2015,2349.3125,NA,"yes"
NA,NA,"Caribbean",NA,"Forage products; fibre crops; plants used in perfumery, pharmacy, or for insecticidal, fungicidal or similar purposes; beet, forage plant and flower seeds; natural rubber; living plants, cut flowers and flower buds; unmanufactured tobacco; other raw vegetable materials","Gross Production Value (constant 2014-2016 thousand US$)","1000 USD",2016,1702.8125,NA,"yes"
NA,NA,"Caribbean",NA,"Forage products; fibre crops; plants used in perfumery, pharmacy, or for insecticidal, fungicidal or similar purposes; beet, forage plant and flower seeds; natural rubber; living plants, cut flowers and flower buds; unmanufactured tobacco; other raw vegetable materials","Gross Production Value (constant 2014-2016 thousand US$)","1000 USD",2017,1974.5,NA,"yes"
NA,NA,"Caribbean",NA,"Forage products; fibre crops; plants used in perfumery, pharmacy, or for insecticidal, fungicidal or similar purposes; beet, forage plant and flower seeds; natural rubber; living plants, cut flowers and flower buds; unmanufactured tobacco; other raw vegetable materials","Gross Production Value (constant 2014-2016 thousand US$)","1000 USD",2018,1698.125,NA,"yes"
NA,NA,"Caribbean",NA,"Forage products; fibre crops; plants used in perfumery, pharmacy, or for insecticidal, fungicidal or similar purposes; beet, forage plant and flower seeds; natural rubber; living plants, cut flowers and flower buds; unmanufactured tobacco; other raw vegetable materials","Gross Production Value (constant 2014-2016 thousand US$)","1000 USD",2019,1169.3125,NA,"yes"
NA,NA,"Caribbean",NA,"Forage products; fibre crops; plants used in perfumery, pharmacy, or for insecticidal, fungicidal or similar purposes; beet, forage plant and flower seeds; natural rubber; living plants, cut flowers and flower buds; unmanufactured tobacco; other raw vegetable materials","Gross Production Value (constant 2014-2016 thousand US$)","1000 USD",2020,2387.6875,NA,"yes"
NA,NA,"Caribbean",NA,"Forage products; fibre crops; plants used in perfumery, pharmacy, or for insecticidal, fungicidal or similar purposes; beet, forage plant and flower seeds; natural rubber; living plants, cut flowers and flower buds; unmanufactured tobacco; other raw vegetable materials","Gross Production Value (constant 2014-2016 thousand US$)","1000 USD",2021,1856.5625,NA,"yes"
NA,NA,"Caribbean",NA,"Forage products; fibre crops; plants used in perfumery, pharmacy, or for insecticidal, fungicidal or similar purposes; beet, forage plant and flower seeds; natural rubber; living plants, cut flowers and flower buds; unmanufactured tobacco; other raw vegetable materials","Gross Production Value (constant 2014-2016 thousand US$)","1000 USD",2022,2034.9375,NA,"yes"
NA,NA,"Caribbean",NA,"Forage products; fibre crops; plants used in perfumery, pharmacy, or for insecticidal, fungicidal or similar purposes; beet, forage plant and flower seeds; natural rubber; living plants, cut flowers and flower buds; unmanufactured tobacco; other raw vegetable materials","Gross Production Value (constant 2014-2016 thousand US$)","1000 USD",2023,2287.0625,NA,"yes"
NA,NA,"Caribbean",NA,"Fruits and nuts","Gross Production Value (constant 2014-2016 thousand I$)","1000 Int$",1992,7716.33956043956,NA,"yes"
NA,NA,"Caribbean",NA,"Fruits and nuts","Gross Production Value (constant 2014-2016 thousand I$)","1000 Int$",1993,7294.964599686028,NA,"yes"
NA,NA,"Caribbean",NA,"Fruits and nuts","Gross Production Value (constant 2014-2016 thousand I$)","1000 Int$",1994,7071.901761730333,NA,"yes"
NA,NA,"Caribbean",NA,"Fruits and nuts","Gross Production Value (constant 2014-2016 thousand I$)","1000 Int$",1995,7251.507831850689,NA,"yes"
NA,NA,"Caribbean",NA,"Fruits and nuts","Gross Production Value (constant 2014-2016 thousand I$)","1000 Int$",1996,7602.900758765044,NA,"yes"
NA,NA,"Caribbean",NA,"Fruits and nuts","Gross Production Value (constant 2014-2016 thousand I$)","1000 Int$",1997,7791.293755450898,NA,"yes"
NA,NA,"Caribbean",NA,"Fruits and nuts","Gross Production Value (constant 2014-2016 thousand I$)","1000 Int$",1998,7694.999084249084,NA,"yes"
NA,NA,"Caribbean",NA,"Fruits and nuts","Gross Production Value (constant 2014-2016 thousand I$)","1000 Int$",1999,9403.164617128903,NA,"yes"
NA,NA,"Caribbean",NA,"Fruits and nuts","Gross Production Value (constant 2014-2016 thousand I$)","1000 Int$",2000,10676.768288854004,NA,"yes"
NA,NA,"Caribbean",NA,"Fruits and nuts","Gross Production Value (constant 2014-2016 thousand I$)","1000 Int$",2001,11084.588269666841,NA,"yes"
NA,NA,"Caribbean",NA,"Fruits and nuts","Gross Production Value (constant 2014-2016 thousand I$)","1000 Int$",2002,10412.61098901099,NA,"yes"
NA,NA,"Caribbean",NA,"Fruits and nuts","Gross Production Value (constant 2014-2016 thousand I$)","1000 Int$",2003,12090.71549799407,NA,"yes"
NA,NA,"Caribbean",NA,"Fruits and nuts","Gross Production Value (constant 2014-2016 thousand I$)","1000 Int$",2004,11726.729809872666,NA,"yes"
NA,NA,"Caribbean",NA,"Fruits and nuts","Gross Production Value (constant 2014-2016 thousand I$)","1000 Int$",2005,10397.741374498517,NA,"yes"
NA,NA,"Caribbean",NA,"Fruits and nuts","Gross Production Value (constant 2014-2016 thousand I$)","1000 Int$",2006,10728.911756497471,NA,"yes"
NA,NA,"Caribbean",NA,"Fruits and nuts","Gross Production Value (constant 2014-2016 thousand I$)","1000 Int$",2007,10897.235906157335,NA,"yes"
NA,NA,"Caribbean",NA,"Fruits and nuts","Gross Production Value (constant 2014-2016 thousand I$)","1000 Int$",2008,9847.557526600383,NA,"yes"
NA,NA,"Caribbean",NA,"Fruits and nuts","Gross Production Value (constant 2014-2016 thousand I$)","1000 Int$",2009,11028.791051805338,NA,"yes"
NA,NA,"Caribbean",NA,"Fruits and nuts","Gross Production Value (constant 2014-2016 thousand I$)","1000 Int$",2010,11630.50328798186,NA,"yes"
NA,NA,"Caribbean",NA,"Fruits and nuts","Gross Production Value (constant 2014-2016 thousand I$)","1000 Int$",2011,12747.805756148613,NA,"yes"
NA,NA,"Caribbean",NA,"Fruits and nuts","Gross Production Value (constant 2014-2016 thousand I$)","1000 Int$",2012,13696.019876155591,NA,"yes"
NA,NA,"Caribbean",NA,"Fruits and nuts","Gross Production Value (constant 2014-2016 thousand I$)","1000 Int$",2013,13784.446799232514,NA,"yes"
NA,NA,"Caribbean",NA,"Fruits and nuts","Gross Production Value (constant 2014-2016 thousand I$)","1000 Int$",2014,14722.411015175301,NA,"yes"
NA,NA,"Caribbean",NA,"Fruits and nuts","Gross Production Value (constant 2014-2016 thousand I$)","1000 Int$",2015,15371.439133089134,NA,"yes"
NA,NA,"Caribbean",NA,"Fruits and nuts","Gross Production Value (constant 2014-2016 thousand I$)","1000 Int$",2016,16529.94788069074,NA,"yes"
NA,NA,"Caribbean",NA,"Fruits and nuts","Gross Production Value (constant 2014-2016 thousand I$)","1000 Int$",2017,16427.88859236002,NA,"yes"
NA,NA,"Caribbean",NA,"Fruits and nuts","Gross Production Value (constant 2014-2016 thousand I$)","1000 Int$",2018,16336.40937554509,NA,"yes"
NA,NA,"Caribbean",NA,"Fruits and nuts","Gross Production Value (constant 2014-2016 thousand I$)","1000 Int$",2019,16347.64938949939,NA,"yes"
NA,NA,"Caribbean",NA,"Fruits and nuts","Gross Production Value (constant 2014-2016 thousand I$)","1000 Int$",2020,15290.775457875458,NA,"yes"
NA,NA,"Caribbean",NA,"Fruits and nuts","Gross Production Value (constant 2014-2016 thousand I$)","1000 Int$",2021,15993.19278737136,NA,"yes"
NA,NA,"Caribbean",NA,"Fruits and nuts","Gross Production Value (constant 2014-2016 thousand I$)","1000 Int$",2022,17477.856523635095,NA,"yes"
NA,NA,"Caribbean",NA,"Fruits and nuts","Gross Production Value (constant 2014-2016 thousand I$)","1000 Int$",2023,20304.264102564102,NA,"yes"
NA,NA,"Caribbean",NA,"Fruits and nuts","Gross Production Value (constant 2014-2016 thousand US$)","1000 USD",1992,10777.107043650794,NA,"yes"
NA,NA,"Caribbean",NA,"Fruits and nuts","Gross Production Value (constant 2014-2016 thousand US$)","1000 USD",1993,11573.813120039684,NA,"yes"
NA,NA,"Caribbean",NA,"Fruits and nuts","Gross Production Value (constant 2014-2016 thousand US$)","1000 USD",1994,12539.52710813492,NA,"yes"
NA,NA,"Caribbean",NA,"Fruits and nuts","Gross Production Value (constant 2014-2016 thousand US$)","1000 USD",1995,12586.697470238096,NA,"yes"
NA,NA,"Caribbean",NA,"Fruits and nuts","Gross Production Value (constant 2014-2016 thousand US$)","1000 USD",1996,12461.581448412699,NA,"yes"
NA,NA,"Caribbean",NA,"Fruits and nuts","Gross Production Value (constant 2014-2016 thousand US$)","1000 USD",1997,12452.36552579365,NA,"yes"
NA,NA,"Caribbean",NA,"Fruits and nuts","Gross Production Value (constant 2014-2016 thousand US$)","1000 USD",1998,11983.09154265873,NA,"yes"
NA,NA,"Caribbean",NA,"Fruits and nuts","Gross Production Value (constant 2014-2016 thousand US$)","1000 USD",1999,11588.544965277777,NA,"yes"
NA,NA,"Caribbean",NA,"Fruits and nuts","Gross Production Value (constant 2014-2016 thousand US$)","1000 USD",2000,12382.793948412698,NA,"yes"
NA,NA,"Caribbean",NA,"Fruits and nuts","Gross Production Value (constant 2014-2016 thousand US$)","1000 USD",2001,12678.413095238095,NA,"yes"
NA,NA,"Caribbean",NA,"Fruits and nuts","Gross Production Value (constant 2014-2016 thousand US$)","1000 USD",2002,13078.444890873016,NA,"yes"
NA,NA,"Caribbean",NA,"Fruits and nuts","Gross Production Value (constant 2014-2016 thousand US$)","1000 USD",2003,13770.122098214286,NA,"yes"
NA,NA,"Caribbean",NA,"Fruits and nuts","Gross Production Value (constant 2014-2016 thousand US$)","1000 USD",2004,13076.337921626984,NA,"yes"
NA,NA,"Caribbean",NA,"Fruits and nuts","Gross Production Value (constant 2014-2016 thousand US$)","1000 USD",2005,11865.46966765873,NA,"yes"
NA,NA,"Caribbean",NA,"Fruits and nuts","Gross Production Value (constant 2014-2016 thousand US$)","1000 USD",2006,12841.249404761904,NA,"yes"
NA,NA,"Caribbean",NA,"Fruits and nuts","Gross Production Value (constant 2014-2016 thousand US$)","1000 USD",2007,12712.581646825396,NA,"yes"
NA,NA,"Caribbean",NA,"Fruits and nuts","Gross Production Value (constant 2014-2016 thousand US$)","1000 USD",2008,11428.340178571429,NA,"yes"
NA,NA,"Caribbean",NA,"Fruits and nuts","Gross Production Value (constant 2014-2016 thousand US$)","1000 USD",2009,12880.13464781746,NA,"yes"
NA,NA,"Caribbean",NA,"Fruits and nuts","Gross Production Value (constant 2014-2016 thousand US$)","1000 USD",2010,12945.920734126985,NA,"yes"
NA,NA,"Caribbean",NA,"Fruits and nuts","Gross Production Value (constant 2014-2016 thousand US$)","1000 USD",2011,13619.077628968254,NA,"yes"
NA,NA,"Caribbean",NA,"Fruits and nuts","Gross Production Value (constant 2014-2016 thousand US$)","1000 USD",2012,14818.167782738095,NA,"yes"
NA,NA,"Caribbean",NA,"Fruits and nuts","Gross Production Value (constant 2014-2016 thousand US$)","1000 USD",2013,14491.991865079364,NA,"yes"
NA,NA,"Caribbean",NA,"Fruits and nuts","Gross Production Value (constant 2014-2016 thousand US$)","1000 USD",2014,15011.057093253969,NA,"yes"
NA,NA,"Caribbean",NA,"Fruits and nuts","Gross Production Value (constant 2014-2016 thousand US$)","1000 USD",2015,15171.24107142857,NA,"yes"
NA,NA,"Caribbean",NA,"Fruits and nuts","Gross Production Value (constant 2014-2016 thousand US$)","1000 USD",2016,15989.782390873015,NA,"yes"
NA,NA,"Caribbean",NA,"Fruits and nuts","Gross Production Value (constant 2014-2016 thousand US$)","1000 USD",2017,16319.539632936507,NA,"yes"
NA,NA,"Caribbean",NA,"Fruits and nuts","Gross Production Value (constant 2014-2016 thousand US$)","1000 USD",2018,16761.340029761905,NA,"yes"
NA,NA,"Caribbean",NA,"Fruits and nuts","Gross Production Value (constant 2014-2016 thousand US$)","1000 USD",2019,17512.97524801587,NA,"yes"
NA,NA,"Caribbean",NA,"Fruits and nuts","Gross Production Value (constant 2014-2016 thousand US$)","1000 USD",2020,17385.06507936508,NA,"yes"
NA,NA,"Caribbean",NA,"Fruits and nuts","Gross Production Value (constant 2014-2016 thousand US$)","1000 USD",2021,17526.651165674604,NA,"yes"
NA,NA,"Caribbean",NA,"Fruits and nuts","Gross Production Value (constant 2014-2016 thousand US$)","1000 USD",2022,19135.344692460316,NA,"yes"
NA,NA,"Caribbean",NA,"Fruits and nuts","Gross Production Value (constant 2014-2016 thousand US$)","1000 USD",2023,21932.668452380953,NA,"yes"
NA,NA,"Caribbean",NA,"Meat and meat products","Gross Production Value (constant 2014-2016 thousand I$)","1000 Int$",1992,11156.59375,NA,"yes"
NA,NA,"Caribbean",NA,"Meat and meat products","Gross Production Value (constant 2014-2016 thousand I$)","1000 Int$",1993,11219.501736111111,NA,"yes"
NA,NA,"Caribbean",NA,"Meat and meat products","Gross Production Value (constant 2014-2016 thousand I$)","1000 Int$",1994,10978.527777777777,NA,"yes"
NA,NA,"Caribbean",NA,"Meat and meat products","Gross Production Value (constant 2014-2016 thousand I$)","1000 Int$",1995,11317.447916666666,NA,"yes"
NA,NA,"Caribbean",NA,"Meat and meat products","Gross Production Value (constant 2014-2016 thousand I$)","1000 Int$",1996,11914.199652777777,NA,"yes"
NA,NA,"Caribbean",NA,"Meat and meat products","Gross Production Value (constant 2014-2016 thousand I$)","1000 Int$",1997,11136.140625,NA,"yes"
NA,NA,"Caribbean",NA,"Meat and meat products","Gross Production Value (constant 2014-2016 thousand I$)","1000 Int$",1998,11720.342013888889,NA,"yes"
NA,NA,"Caribbean",NA,"Meat and meat products","Gross Production Value (constant 2014-2016 thousand I$)","1000 Int$",1999,12279.480902777777,NA,"yes"
NA,NA,"Caribbean",NA,"Meat and meat products","Gross Production Value (constant 2014-2016 thousand I$)","1000 Int$",2000,13028.307291666666,NA,"yes"
NA,NA,"Caribbean",NA,"Meat and meat products","Gross Production Value (constant 2014-2016 thousand I$)","1000 Int$",2001,13930.762152777777,NA,"yes"
NA,NA,"Caribbean",NA,"Meat and meat products","Gross Production Value (constant 2014-2016 thousand I$)","1000 Int$",2002,13754.805555555555,NA,"yes"
NA,NA,"Caribbean",NA,"Meat and meat products","Gross Production Value (constant 2014-2016 thousand I$)","1000 Int$",2003,13175.229166666666,NA,"yes"
NA,NA,"Caribbean",NA,"Meat and meat products","Gross Production Value (constant 2014-2016 thousand I$)","1000 Int$",2004,13501.668402777777,NA,"yes"
NA,NA,"Caribbean",NA,"Meat and meat products","Gross Production Value (constant 2014-2016 thousand I$)","1000 Int$",2005,14379.899305555555,NA,"yes"
NA,NA,"Caribbean",NA,"Meat and meat products","Gross Production Value (constant 2014-2016 thousand I$)","1000 Int$",2006,14724.871527777777,NA,"yes"
NA,NA,"Caribbean",NA,"Meat and meat products","Gross Production Value (constant 2014-2016 thousand I$)","1000 Int$",2007,15957.729166666666,NA,"yes"
NA,NA,"Caribbean",NA,"Meat and meat products","Gross Production Value (constant 2014-2016 thousand I$)","1000 Int$",2008,15794.789930555555,NA,"yes"
NA,NA,"Caribbean",NA,"Meat and meat products","Gross Production Value (constant 2014-2016 thousand I$)","1000 Int$",2009,15885.649305555555,NA,"yes"
NA,NA,"Caribbean",NA,"Meat and meat products","Gross Production Value (constant 2014-2016 thousand I$)","1000 Int$",2010,15266.053819444445,NA,"yes"
NA,NA,"Caribbean",NA,"Meat and meat products","Gross Production Value (constant 2014-2016 thousand I$)","1000 Int$",2011,15551.786458333334,NA,"yes"
NA,NA,"Caribbean",NA,"Meat and meat products","Gross Production Value (constant 2014-2016 thousand I$)","1000 Int$",2012,14883.152777777777,NA,"yes"
NA,NA,"Caribbean",NA,"Meat and meat products","Gross Production Value (constant 2014-2016 thousand I$)","1000 Int$",2013,15377.815972222223,NA,"yes"
NA,NA,"Caribbean",NA,"Meat and meat products","Gross Production Value (constant 2014-2016 thousand I$)","1000 Int$",2014,15196.854166666666,NA,"yes"
NA,NA,"Caribbean",NA,"Meat and meat products","Gross Production Value (constant 2014-2016 thousand I$)","1000 Int$",2015,15711.506944444445,NA,"yes"
NA,NA,"Caribbean",NA,"Meat and meat products","Gross Production Value (constant 2014-2016 thousand I$)","1000 Int$",2016,16391.368055555555,NA,"yes"
NA,NA,"Caribbean",NA,"Meat and meat products","Gross Production Value (constant 2014-2016 thousand I$)","1000 Int$",2017,15904.100694444445,NA,"yes"
NA,NA,"Caribbean",NA,"Meat and meat products","Gross Production Value (constant 2014-2016 thousand I$)","1000 Int$",2018,16323.057291666666,NA,"yes"
NA,NA,"Caribbean",NA,"Meat and meat products","Gross Production Value (constant 2014-2016 thousand I$)","1000 Int$",2019,15952.137152777777,NA,"yes"
NA,NA,"Caribbean",NA,"Meat and meat products","Gross Production Value (constant 2014-2016 thousand I$)","1000 Int$",2020,13926.871527777777,NA,"yes"
NA,NA,"Caribbean",NA,"Meat and meat products","Gross Production Value (constant 2014-2016 thousand I$)","1000 Int$",2021,15050.602430555555,NA,"yes"
NA,NA,"Caribbean",NA,"Meat and meat products","Gross Production Value (constant 2014-2016 thousand I$)","1000 Int$",2022,15912.967013888889,NA,"yes"
NA,NA,"Caribbean",NA,"Meat and meat products","Gross Production Value (constant 2014-2016 thousand I$)","1000 Int$",2023,16242.342013888889,NA,"yes"
NA,NA,"Caribbean",NA,"Meat and meat products","Gross Production Value (constant 2014-2016 thousand US$)","1000 USD",1992,27440.902777777777,NA,"yes"
NA,NA,"Caribbean",NA,"Meat and meat products","Gross Production Value (constant 2014-2016 thousand US$)","1000 USD",1993,27955.277777777777,NA,"yes"
NA,NA,"Caribbean",NA,"Meat and meat products","Gross Production Value (constant 2014-2016 thousand US$)","1000 USD",1994,25577.680555555555,NA,"yes"
NA,NA,"Caribbean",NA,"Meat and meat products","Gross Production Value (constant 2014-2016 thousand US$)","1000 USD",1995,27472.666666666668,NA,"yes"
NA,NA,"Caribbean",NA,"Meat and meat products","Gross Production Value (constant 2014-2016 thousand US$)","1000 USD",1996,28123.222222222223,NA,"yes"
NA,NA,"Caribbean",NA,"Meat and meat products","Gross Production Value (constant 2014-2016 thousand US$)","1000 USD",1997,27471.625,NA,"yes"
NA,NA,"Caribbean",NA,"Meat and meat products","Gross Production Value (constant 2014-2016 thousand US$)","1000 USD",1998,28098.833333333332,NA,"yes"
NA,NA,"Caribbean",NA,"Meat and meat products","Gross Production Value (constant 2014-2016 thousand US$)","1000 USD",1999,28490.708333333336,NA,"yes"
NA,NA,"Caribbean",NA,"Meat and meat products","Gross Production Value (constant 2014-2016 thousand US$)","1000 USD",2000,30580.48611111111,NA,"yes"
NA,NA,"Caribbean",NA,"Meat and meat products","Gross Production Value (constant 2014-2016 thousand US$)","1000 USD",2001,35700.61111111111,NA,"yes"
NA,NA,"Caribbean",NA,"Meat and meat products","Gross Production Value (constant 2014-2016 thousand US$)","1000 USD",2002,36226.930555555555,NA,"yes"
NA,NA,"Caribbean",NA,"Meat and meat products","Gross Production Value (constant 2014-2016 thousand US$)","1000 USD",2003,33769.055555555555,NA,"yes"
NA,NA,"Caribbean",NA,"Meat and meat products","Gross Production Value (constant 2014-2016 thousand US$)","1000 USD",2004,35145.75,NA,"yes"
NA,NA,"Caribbean",NA,"Meat and meat products","Gross Production Value (constant 2014-2016 thousand US$)","1000 USD",2005,38485.11111111111,NA,"yes"
NA,NA,"Caribbean",NA,"Meat and meat products","Gross Production Value (constant 2014-2016 thousand US$)","1000 USD",2006,39854.652777777774,NA,"yes"
NA,NA,"Caribbean",NA,"Meat and meat products","Gross Production Value (constant 2014-2016 thousand US$)","1000 USD",2007,41537.319444444445,NA,"yes"
NA,NA,"Caribbean",NA,"Meat and meat products","Gross Production Value (constant 2014-2016 thousand US$)","1000 USD",2008,39119.597222222226,NA,"yes"
NA,NA,"Caribbean",NA,"Meat and meat products","Gross Production Value (constant 2014-2016 thousand US$)","1000 USD",2009,40176.777777777774,NA,"yes"
NA,NA,"Caribbean",NA,"Meat and meat products","Gross Production Value (constant 2014-2016 thousand US$)","1000 USD",2010,37601.194444444445,NA,"yes"
NA,NA,"Caribbean",NA,"Meat and meat products","Gross Production Value (constant 2014-2016 thousand US$)","1000 USD",2011,38776.194444444445,NA,"yes"
NA,NA,"Caribbean",NA,"Meat and meat products","Gross Production Value (constant 2014-2016 thousand US$)","1000 USD",2012,36082.319444444445,NA,"yes"
NA,NA,"Caribbean",NA,"Meat and meat products","Gross Production Value (constant 2014-2016 thousand US$)","1000 USD",2013,36873.902777777774,NA,"yes"
NA,NA,"Caribbean",NA,"Meat and meat products","Gross Production Value (constant 2014-2016 thousand US$)","1000 USD",2014,36196.166666666664,NA,"yes"
NA,NA,"Caribbean",NA,"Meat and meat products","Gross Production Value (constant 2014-2016 thousand US$)","1000 USD",2015,36233.625,NA,"yes"
NA,NA,"Caribbean",NA,"Meat and meat products","Gross Production Value (constant 2014-2016 thousand US$)","1000 USD",2016,37395.875,NA,"yes"
NA,NA,"Caribbean",NA,"Meat and meat products","Gross Production Value (constant 2014-2016 thousand US$)","1000 USD",2017,36267.180555555555,NA,"yes"
NA,NA,"Caribbean",NA,"Meat and meat products","Gross Production Value (constant 2014-2016 thousand US$)","1000 USD",2018,37368.833333333336,NA,"yes"
NA,NA,"Caribbean",NA,"Meat and meat products","Gross Production Value (constant 2014-2016 thousand US$)","1000 USD",2019,36446.38888888889,NA,"yes"
NA,NA,"Caribbean",NA,"Meat and meat products","Gross Production Value (constant 2014-2016 thousand US$)","1000 USD",2020,32657.708333333332,NA,"yes"
NA,NA,"Caribbean",NA,"Meat and meat products","Gross Production Value (constant 2014-2016 thousand US$)","1000 USD",2021,36204,NA,"yes"
NA,NA,"Caribbean",NA,"Meat and meat products","Gross Production Value (constant 2014-2016 thousand US$)","1000 USD",2022,36874.569444444445,NA,"yes"
NA,NA,"Caribbean",NA,"Meat and meat products","Gross Production Value (constant 2014-2016 thousand US$)","1000 USD",2023,37548.944444444445,NA,"yes"
NA,NA,"Caribbean",NA,"Oilseeds and oleaginous fruits","Gross Production Value (constant 2014-2016 thousand I$)","1000 Int$",1992,3029.1013605442176,NA,"yes"
NA,NA,"Caribbean",NA,"Oilseeds and oleaginous fruits","Gross Production Value (constant 2014-2016 thousand I$)","1000 Int$",1993,3330.3659863945577,NA,"yes"
NA,NA,"Caribbean",NA,"Oilseeds and oleaginous fruits","Gross Production Value (constant 2014-2016 thousand I$)","1000 Int$",1994,3477.68231292517,NA,"yes"
NA,NA,"Caribbean",NA,"Oilseeds and oleaginous fruits","Gross Production Value (constant 2014-2016 thousand I$)","1000 Int$",1995,3666.7455782312927,NA,"yes"
NA,NA,"Caribbean",NA,"Oilseeds and oleaginous fruits","Gross Production Value (constant 2014-2016 thousand I$)","1000 Int$",1996,3566.8632653061222,NA,"yes"
NA,NA,"Caribbean",NA,"Oilseeds and oleaginous fruits","Gross Production Value (constant 2014-2016 thousand I$)","1000 Int$",1997,3667.7326530612245,NA,"yes"
NA,NA,"Caribbean",NA,"Oilseeds and oleaginous fruits","Gross Production Value (constant 2014-2016 thousand I$)","1000 Int$",1998,4134.9170068027215,NA,"yes"
NA,NA,"Caribbean",NA,"Oilseeds and oleaginous fruits","Gross Production Value (constant 2014-2016 thousand I$)","1000 Int$",1999,4292.8013605442175,NA,"yes"
NA,NA,"Caribbean",NA,"Oilseeds and oleaginous fruits","Gross Production Value (constant 2014-2016 thousand I$)","1000 Int$",2000,4519.353741496599,NA,"yes"
NA,NA,"Caribbean",NA,"Oilseeds and oleaginous fruits","Gross Production Value (constant 2014-2016 thousand I$)","1000 Int$",2001,4709.533333333334,NA,"yes"
NA,NA,"Caribbean",NA,"Oilseeds and oleaginous fruits","Gross Production Value (constant 2014-2016 thousand I$)","1000 Int$",2002,4990.122448979591,NA,"yes"
NA,NA,"Caribbean",NA,"Oilseeds and oleaginous fruits","Gross Production Value (constant 2014-2016 thousand I$)","1000 Int$",2003,5203.265306122449,NA,"yes"
NA,NA,"Caribbean",NA,"Oilseeds and oleaginous fruits","Gross Production Value (constant 2014-2016 thousand I$)","1000 Int$",2004,5447.409523809524,NA,"yes"
NA,NA,"Caribbean",NA,"Oilseeds and oleaginous fruits","Gross Production Value (constant 2014-2016 thousand I$)","1000 Int$",2005,5525.1292517006805,NA,"yes"
NA,NA,"Caribbean",NA,"Oilseeds and oleaginous fruits","Gross Production Value (constant 2014-2016 thousand I$)","1000 Int$",2006,5755.672108843537,NA,"yes"
NA,NA,"Caribbean",NA,"Oilseeds and oleaginous fruits","Gross Production Value (constant 2014-2016 thousand I$)","1000 Int$",2007,6060.119047619048,NA,"yes"
NA,NA,"Caribbean",NA,"Oilseeds and oleaginous fruits","Gross Production Value (constant 2014-2016 thousand I$)","1000 Int$",2008,6168.252380952381,NA,"yes"
NA,NA,"Caribbean",NA,"Oilseeds and oleaginous fruits","Gross Production Value (constant 2014-2016 thousand I$)","1000 Int$",2009,6105.755102040816,NA,"yes"
NA,NA,"Caribbean",NA,"Oilseeds and oleaginous fruits","Gross Production Value (constant 2014-2016 thousand I$)","1000 Int$",2010,4780.748299319728,NA,"yes"
NA,NA,"Caribbean",NA,"Oilseeds and oleaginous fruits","Gross Production Value (constant 2014-2016 thousand I$)","1000 Int$",2011,5174.781632653061,NA,"yes"
NA,NA,"Caribbean",NA,"Oilseeds and oleaginous fruits","Gross Production Value (constant 2014-2016 thousand I$)","1000 Int$",2012,5316.81156462585,NA,"yes"
NA,NA,"Caribbean",NA,"Oilseeds and oleaginous fruits","Gross Production Value (constant 2014-2016 thousand I$)","1000 Int$",2013,5673.281632653061,NA,"yes"
NA,NA,"Caribbean",NA,"Oilseeds and oleaginous fruits","Gross Production Value (constant 2014-2016 thousand I$)","1000 Int$",2014,5610.2156462585035,NA,"yes"
NA,NA,"Caribbean",NA,"Oilseeds and oleaginous fruits","Gross Production Value (constant 2014-2016 thousand I$)","1000 Int$",2015,5584.797959183674,NA,"yes"
NA,NA,"Caribbean",NA,"Oilseeds and oleaginous fruits","Gross Production Value (constant 2014-2016 thousand I$)","1000 Int$",2016,5265.189115646259,NA,"yes"
NA,NA,"Caribbean",NA,"Oilseeds and oleaginous fruits","Gross Production Value (constant 2014-2016 thousand I$)","1000 Int$",2017,5311.61156462585,NA,"yes"
NA,NA,"Caribbean",NA,"Oilseeds and oleaginous fruits","Gross Production Value (constant 2014-2016 thousand I$)","1000 Int$",2018,5496.630612244898,NA,"yes"
NA,NA,"Caribbean",NA,"Oilseeds and oleaginous fruits","Gross Production Value (constant 2014-2016 thousand I$)","1000 Int$",2019,5668.3761904761905,NA,"yes"
NA,NA,"Caribbean",NA,"Oilseeds and oleaginous fruits","Gross Production Value (constant 2014-2016 thousand I$)","1000 Int$",2020,5794.915646258503,NA,"yes"
NA,NA,"Caribbean",NA,"Oilseeds and oleaginous fruits","Gross Production Value (constant 2014-2016 thousand I$)","1000 Int$",2021,6059.746258503401,NA,"yes"
NA,NA,"Caribbean",NA,"Oilseeds and oleaginous fruits","Gross Production Value (constant 2014-2016 thousand I$)","1000 Int$",2022,6335.205442176871,NA,"yes"
NA,NA,"Caribbean",NA,"Oilseeds and oleaginous fruits","Gross Production Value (constant 2014-2016 thousand I$)","1000 Int$",2023,6628.397278911565,NA,"yes"
NA,NA,"Caribbean",NA,"Oilseeds and oleaginous fruits","Gross Production Value (constant 2014-2016 thousand US$)","1000 USD",1992,11532.111111111111,NA,"yes"
NA,NA,"Caribbean",NA,"Oilseeds and oleaginous fruits","Gross Production Value (constant 2014-2016 thousand US$)","1000 USD",1993,12167.62037037037,NA,"yes"
NA,NA,"Caribbean",NA,"Oilseeds and oleaginous fruits","Gross Production Value (constant 2014-2016 thousand US$)","1000 USD",1994,11266.388888888889,NA,"yes"
NA,NA,"Caribbean",NA,"Oilseeds and oleaginous fruits","Gross Production Value (constant 2014-2016 thousand US$)","1000 USD",1995,12133.953703703703,NA,"yes"
NA,NA,"Caribbean",NA,"Oilseeds and oleaginous fruits","Gross Production Value (constant 2014-2016 thousand US$)","1000 USD",1996,11165,NA,"yes"
NA,NA,"Caribbean",NA,"Oilseeds and oleaginous fruits","Gross Production Value (constant 2014-2016 thousand US$)","1000 USD",1997,12504.50925925926,NA,"yes"
NA,NA,"Caribbean",NA,"Oilseeds and oleaginous fruits","Gross Production Value (constant 2014-2016 thousand US$)","1000 USD",1998,12823.824074074075,NA,"yes"
NA,NA,"Caribbean",NA,"Oilseeds and oleaginous fruits","Gross Production Value (constant 2014-2016 thousand US$)","1000 USD",1999,13731.99074074074,NA,"yes"
NA,NA,"Caribbean",NA,"Oilseeds and oleaginous fruits","Gross Production Value (constant 2014-2016 thousand US$)","1000 USD",2000,13207.00925925926,NA,"yes"
NA,NA,"Caribbean",NA,"Oilseeds and oleaginous fruits","Gross Production Value (constant 2014-2016 thousand US$)","1000 USD",2001,14022.037037037036,NA,"yes"
NA,NA,"Caribbean",NA,"Oilseeds and oleaginous fruits","Gross Production Value (constant 2014-2016 thousand US$)","1000 USD",2002,14714.277777777777,NA,"yes"
NA,NA,"Caribbean",NA,"Oilseeds and oleaginous fruits","Gross Production Value (constant 2014-2016 thousand US$)","1000 USD",2003,15165.907407407407,NA,"yes"
NA,NA,"Caribbean",NA,"Oilseeds and oleaginous fruits","Gross Production Value (constant 2014-2016 thousand US$)","1000 USD",2004,15252.018518518518,NA,"yes"
NA,NA,"Caribbean",NA,"Oilseeds and oleaginous fruits","Gross Production Value (constant 2014-2016 thousand US$)","1000 USD",2005,14599.351851851852,NA,"yes"
NA,NA,"Caribbean",NA,"Oilseeds and oleaginous fruits","Gross Production Value (constant 2014-2016 thousand US$)","1000 USD",2006,15472.361111111111,NA,"yes"
NA,NA,"Caribbean",NA,"Oilseeds and oleaginous fruits","Gross Production Value (constant 2014-2016 thousand US$)","1000 USD",2007,16186.277777777777,NA,"yes"
NA,NA,"Caribbean",NA,"Oilseeds and oleaginous fruits","Gross Production Value (constant 2014-2016 thousand US$)","1000 USD",2008,16533.379629629628,NA,"yes"
NA,NA,"Caribbean",NA,"Oilseeds and oleaginous fruits","Gross Production Value (constant 2014-2016 thousand US$)","1000 USD",2009,16503.370370370372,NA,"yes"
NA,NA,"Caribbean",NA,"Oilseeds and oleaginous fruits","Gross Production Value (constant 2014-2016 thousand US$)","1000 USD",2010,13504.537037037036,NA,"yes"
NA,NA,"Caribbean",NA,"Oilseeds and oleaginous fruits","Gross Production Value (constant 2014-2016 thousand US$)","1000 USD",2011,14874.453703703704,NA,"yes"
NA,NA,"Caribbean",NA,"Oilseeds and oleaginous fruits","Gross Production Value (constant 2014-2016 thousand US$)","1000 USD",2012,14910.481481481482,NA,"yes"
NA,NA,"Caribbean",NA,"Oilseeds and oleaginous fruits","Gross Production Value (constant 2014-2016 thousand US$)","1000 USD",2013,16894.14814814815,NA,"yes"
NA,NA,"Caribbean",NA,"Oilseeds and oleaginous fruits","Gross Production Value (constant 2014-2016 thousand US$)","1000 USD",2014,17421.314814814814,NA,"yes"
NA,NA,"Caribbean",NA,"Oilseeds and oleaginous fruits","Gross Production Value (constant 2014-2016 thousand US$)","1000 USD",2015,18173.34259259259,NA,"yes"
NA,NA,"Caribbean",NA,"Oilseeds and oleaginous fruits","Gross Production Value (constant 2014-2016 thousand US$)","1000 USD",2016,18007.185185185186,NA,"yes"
NA,NA,"Caribbean",NA,"Oilseeds and oleaginous fruits","Gross Production Value (constant 2014-2016 thousand US$)","1000 USD",2017,18314.694444444445,NA,"yes"
NA,NA,"Caribbean",NA,"Oilseeds and oleaginous fruits","Gross Production Value (constant 2014-2016 thousand US$)","1000 USD",2018,18842.805555555555,NA,"yes"
NA,NA,"Caribbean",NA,"Oilseeds and oleaginous fruits","Gross Production Value (constant 2014-2016 thousand US$)","1000 USD",2019,19879.425925925927,NA,"yes"
NA,NA,"Caribbean",NA,"Oilseeds and oleaginous fruits","Gross Production Value (constant 2014-2016 thousand US$)","1000 USD",2020,20130.48148148148,NA,"yes"
NA,NA,"Caribbean",NA,"Oilseeds and oleaginous fruits","Gross Production Value (constant 2014-2016 thousand US$)","1000 USD",2021,20730.064814814814,NA,"yes"
NA,NA,"Caribbean",NA,"Oilseeds and oleaginous fruits","Gross Production Value (constant 2014-2016 thousand US$)","1000 USD",2022,22079.555555555555,NA,"yes"
NA,NA,"Caribbean",NA,"Oilseeds and oleaginous fruits","Gross Production Value (constant 2014-2016 thousand US$)","1000 USD",2023,23879.722222222223,NA,"yes"
NA,NA,"Caribbean",NA,"Other animal products","Gross Production Value (constant 2014-2016 thousand I$)","1000 Int$",1992,3128.6428571428573,NA,"yes"
NA,NA,"Caribbean",NA,"Other animal products","Gross Production Value (constant 2014-2016 thousand I$)","1000 Int$",1993,2625.190476190476,NA,"yes"
NA,NA,"Caribbean",NA,"Other animal products","Gross Production Value (constant 2014-2016 thousand I$)","1000 Int$",1994,2768.9761904761904,NA,"yes"
NA,NA,"Caribbean",NA,"Other animal products","Gross Production Value (constant 2014-2016 thousand I$)","1000 Int$",1995,2877.4523809523807,NA,"yes"
NA,NA,"Caribbean",NA,"Other animal products","Gross Production Value (constant 2014-2016 thousand I$)","1000 Int$",1996,2730.642857142857,NA,"yes"
NA,NA,"Caribbean",NA,"Other animal products","Gross Production Value (constant 2014-2016 thousand I$)","1000 Int$",1997,2796.214285714286,NA,"yes"
NA,NA,"Caribbean",NA,"Other animal products","Gross Production Value (constant 2014-2016 thousand I$)","1000 Int$",1998,2959.5,NA,"yes"
NA,NA,"Caribbean",NA,"Other animal products","Gross Production Value (constant 2014-2016 thousand I$)","1000 Int$",1999,3253.4285714285716,NA,"yes"
NA,NA,"Caribbean",NA,"Other animal products","Gross Production Value (constant 2014-2016 thousand I$)","1000 Int$",2000,3327.976190476191,NA,"yes"
NA,NA,"Caribbean",NA,"Other animal products","Gross Production Value (constant 2014-2016 thousand I$)","1000 Int$",2001,3264.904761904762,NA,"yes"
NA,NA,"Caribbean",NA,"Other animal products","Gross Production Value (constant 2014-2016 thousand I$)","1000 Int$",2002,3183.8333333333335,NA,"yes"
NA,NA,"Caribbean",NA,"Other animal products","Gross Production Value (constant 2014-2016 thousand I$)","1000 Int$",2003,4245.857142857143,NA,"yes"
NA,NA,"Caribbean",NA,"Other animal products","Gross Production Value (constant 2014-2016 thousand I$)","1000 Int$",2004,3515.666666666667,NA,"yes"
NA,NA,"Caribbean",NA,"Other animal products","Gross Production Value (constant 2014-2016 thousand I$)","1000 Int$",2005,2872.809523809524,NA,"yes"
NA,NA,"Caribbean",NA,"Other animal products","Gross Production Value (constant 2014-2016 thousand I$)","1000 Int$",2006,3588.023809523809,NA,"yes"
NA,NA,"Caribbean",NA,"Other animal products","Gross Production Value (constant 2014-2016 thousand I$)","1000 Int$",2007,3371.809523809524,NA,"yes"
NA,NA,"Caribbean",NA,"Other animal products","Gross Production Value (constant 2014-2016 thousand I$)","1000 Int$",2008,3062.5714285714284,NA,"yes"
NA,NA,"Caribbean",NA,"Other animal products","Gross Production Value (constant 2014-2016 thousand I$)","1000 Int$",2009,3006.4285714285716,NA,"yes"
NA,NA,"Caribbean",NA,"Other animal products","Gross Production Value (constant 2014-2016 thousand I$)","1000 Int$",2010,2928.0238095238096,NA,"yes"
NA,NA,"Caribbean",NA,"Other animal products","Gross Production Value (constant 2014-2016 thousand I$)","1000 Int$",2011,3717.476190476191,NA,"yes"
NA,NA,"Caribbean",NA,"Other animal products","Gross Production Value (constant 2014-2016 thousand I$)","1000 Int$",2012,3589.333333333333,NA,"yes"
NA,NA,"Caribbean",NA,"Other animal products","Gross Production Value (constant 2014-2016 thousand I$)","1000 Int$",2013,3947.0952380952385,NA,"yes"
NA,NA,"Caribbean",NA,"Other animal products","Gross Production Value (constant 2014-2016 thousand I$)","1000 Int$",2014,3982.9523809523807,NA,"yes"
NA,NA,"Caribbean",NA,"Other animal products","Gross Production Value (constant 2014-2016 thousand I$)","1000 Int$",2015,3699.0476190476193,NA,"yes"
NA,NA,"Caribbean",NA,"Other animal products","Gross Production Value (constant 2014-2016 thousand I$)","1000 Int$",2016,4181.0952380952385,NA,"yes"
NA,NA,"Caribbean",NA,"Other animal products","Gross Production Value (constant 2014-2016 thousand I$)","1000 Int$",2017,3430.809523809524,NA,"yes"
NA,NA,"Caribbean",NA,"Other animal products","Gross Production Value (constant 2014-2016 thousand I$)","1000 Int$",2018,4111.428571428572,NA,"yes"
NA,NA,"Caribbean",NA,"Other animal products","Gross Production Value (constant 2014-2016 thousand I$)","1000 Int$",2019,4570.190476190476,NA,"yes"
NA,NA,"Caribbean",NA,"Other animal products","Gross Production Value (constant 2014-2016 thousand I$)","1000 Int$",2020,3958.523809523809,NA,"yes"
NA,NA,"Caribbean",NA,"Other animal products","Gross Production Value (constant 2014-2016 thousand I$)","1000 Int$",2021,4656.785714285714,NA,"yes"
NA,NA,"Caribbean",NA,"Other animal products","Gross Production Value (constant 2014-2016 thousand I$)","1000 Int$",2022,4261.166666666667,NA,"yes"
NA,NA,"Caribbean",NA,"Other animal products","Gross Production Value (constant 2014-2016 thousand I$)","1000 Int$",2023,4183.5952380952385,NA,"yes"
NA,NA,"Caribbean",NA,"Other animal products","Gross Production Value (constant 2014-2016 thousand US$)","1000 USD",1992,1168.875,NA,"yes"
NA,NA,"Caribbean",NA,"Other animal products","Gross Production Value (constant 2014-2016 thousand US$)","1000 USD",1993,1166.875,NA,"yes"
NA,NA,"Caribbean",NA,"Other animal products","Gross Production Value (constant 2014-2016 thousand US$)","1000 USD",1994,1172.125,NA,"yes"
NA,NA,"Caribbean",NA,"Other animal products","Gross Production Value (constant 2014-2016 thousand US$)","1000 USD",1995,1105.875,NA,"yes"
NA,NA,"Caribbean",NA,"Other animal products","Gross Production Value (constant 2014-2016 thousand US$)","1000 USD",1996,1164.875,NA,"yes"
NA,NA,"Caribbean",NA,"Other animal products","Gross Production Value (constant 2014-2016 thousand US$)","1000 USD",1997,1157.25,NA,"yes"
NA,NA,"Caribbean",NA,"Other animal products","Gross Production Value (constant 2014-2016 thousand US$)","1000 USD",1998,1150.875,NA,"yes"
NA,NA,"Caribbean",NA,"Other animal products","Gross Production Value (constant 2014-2016 thousand US$)","1000 USD",1999,1142.625,NA,"yes"
NA,NA,"Caribbean",NA,"Other animal products","Gross Production Value (constant 2014-2016 thousand US$)","1000 USD",2000,1140.375,NA,"yes"
NA,NA,"Caribbean",NA,"Other animal products","Gross Production Value (constant 2014-2016 thousand US$)","1000 USD",2001,1142.625,NA,"yes"
NA,NA,"Caribbean",NA,"Other animal products","Gross Production Value (constant 2014-2016 thousand US$)","1000 USD",2002,1189,NA,"yes"
NA,NA,"Caribbean",NA,"Other animal products","Gross Production Value (constant 2014-2016 thousand US$)","1000 USD",2003,1327.25,NA,"yes"
NA,NA,"Caribbean",NA,"Other animal products","Gross Production Value (constant 2014-2016 thousand US$)","1000 USD",2004,1235.875,NA,"yes"
NA,NA,"Caribbean",NA,"Other animal products","Gross Production Value (constant 2014-2016 thousand US$)","1000 USD",2005,1222.875,NA,"yes"
NA,NA,"Caribbean",NA,"Other animal products","Gross Production Value (constant 2014-2016 thousand US$)","1000 USD",2006,1217.625,NA,"yes"
NA,NA,"Caribbean",NA,"Other animal products","Gross Production Value (constant 2014-2016 thousand US$)","1000 USD",2007,1218.875,NA,"yes"
NA,NA,"Caribbean",NA,"Other animal products","Gross Production Value (constant 2014-2016 thousand US$)","1000 USD",2008,1187.875,NA,"yes"
NA,NA,"Caribbean",NA,"Other animal products","Gross Production Value (constant 2014-2016 thousand US$)","1000 USD",2009,1244,NA,"yes"
NA,NA,"Caribbean",NA,"Other animal products","Gross Production Value (constant 2014-2016 thousand US$)","1000 USD",2010,1315,NA,"yes"
NA,NA,"Caribbean",NA,"Other animal products","Gross Production Value (constant 2014-2016 thousand US$)","1000 USD",2011,1203.75,NA,"yes"
NA,NA,"Caribbean",NA,"Other animal products","Gross Production Value (constant 2014-2016 thousand US$)","1000 USD",2012,1277.25,NA,"yes"
NA,NA,"Caribbean",NA,"Other animal products","Gross Production Value (constant 2014-2016 thousand US$)","1000 USD",2013,1334,NA,"yes"
NA,NA,"Caribbean",NA,"Other animal products","Gross Production Value (constant 2014-2016 thousand US$)","1000 USD",2014,1284.375,NA,"yes"
NA,NA,"Caribbean",NA,"Other animal products","Gross Production Value (constant 2014-2016 thousand US$)","1000 USD",2015,1278,NA,"yes"
NA,NA,"Caribbean",NA,"Other animal products","Gross Production Value (constant 2014-2016 thousand US$)","1000 USD",2016,1274.625,NA,"yes"
NA,NA,"Caribbean",NA,"Other animal products","Gross Production Value (constant 2014-2016 thousand US$)","1000 USD",2017,1285.5,NA,"yes"
NA,NA,"Caribbean",NA,"Other animal products","Gross Production Value (constant 2014-2016 thousand US$)","1000 USD",2018,1334.75,NA,"yes"
NA,NA,"Caribbean",NA,"Other animal products","Gross Production Value (constant 2014-2016 thousand US$)","1000 USD",2019,1407.25,NA,"yes"
NA,NA,"Caribbean",NA,"Other animal products","Gross Production Value (constant 2014-2016 thousand US$)","1000 USD",2020,1475.625,NA,"yes"
NA,NA,"Caribbean",NA,"Other animal products","Gross Production Value (constant 2014-2016 thousand US$)","1000 USD",2021,1415.75,NA,"yes"
NA,NA,"Caribbean",NA,"Other animal products","Gross Production Value (constant 2014-2016 thousand US$)","1000 USD",2022,1528.875,NA,"yes"
NA,NA,"Caribbean",NA,"Other animal products","Gross Production Value (constant 2014-2016 thousand US$)","1000 USD",2023,1662.375,NA,"yes"
NA,NA,"Caribbean",NA,"Pulses (dried leguminous vegetables)","Gross Production Value (constant 2014-2016 thousand I$)","1000 Int$",1992,2852.453125,NA,"yes"
NA,NA,"Caribbean",NA,"Pulses (dried leguminous vegetables)","Gross Production Value (constant 2014-2016 thousand I$)","1000 Int$",1993,2610.7604166666665,NA,"yes"
NA,NA,"Caribbean",NA,"Pulses (dried leguminous vegetables)","Gross Production Value (constant 2014-2016 thousand I$)","1000 Int$",1994,2534.953125,NA,"yes"
NA,NA,"Caribbean",NA,"Pulses (dried leguminous vegetables)","Gross Production Value (constant 2014-2016 thousand I$)","1000 Int$",1995,2436.125,NA,"yes"
NA,NA,"Caribbean",NA,"Pulses (dried leguminous vegetables)","Gross Production Value (constant 2014-2016 thousand I$)","1000 Int$",1996,2622.5729166666665,NA,"yes"
NA,NA,"Caribbean",NA,"Pulses (dried leguminous vegetables)","Gross Production Value (constant 2014-2016 thousand I$)","1000 Int$",1997,2468.0833333333335,NA,"yes"
NA,NA,"Caribbean",NA,"Pulses (dried leguminous vegetables)","Gross Production Value (constant 2014-2016 thousand I$)","1000 Int$",1998,2376.8229166666665,NA,"yes"
NA,NA,"Caribbean",NA,"Pulses (dried leguminous vegetables)","Gross Production Value (constant 2014-2016 thousand I$)","1000 Int$",1999,2892.9114583333335,NA,"yes"
NA,NA,"Caribbean",NA,"Pulses (dried leguminous vegetables)","Gross Production Value (constant 2014-2016 thousand I$)","1000 Int$",2000,3127.28125,NA,"yes"
NA,NA,"Caribbean",NA,"Pulses (dried leguminous vegetables)","Gross Production Value (constant 2014-2016 thousand I$)","1000 Int$",2001,3114.4583333333335,NA,"yes"
NA,NA,"Caribbean",NA,"Pulses (dried leguminous vegetables)","Gross Production Value (constant 2014-2016 thousand I$)","1000 Int$",2002,3334.671875,NA,"yes"
NA,NA,"Caribbean",NA,"Pulses (dried leguminous vegetables)","Gross Production Value (constant 2014-2016 thousand I$)","1000 Int$",2003,3654.25,NA,"yes"
NA,NA,"Caribbean",NA,"Pulses (dried leguminous vegetables)","Gross Production Value (constant 2014-2016 thousand I$)","1000 Int$",2004,3616.7135416666665,NA,"yes"
NA,NA,"Caribbean",NA,"Pulses (dried leguminous vegetables)","Gross Production Value (constant 2014-2016 thousand I$)","1000 Int$",2005,3405.3177083333335,NA,"yes"
NA,NA,"Caribbean",NA,"Pulses (dried leguminous vegetables)","Gross Production Value (constant 2014-2016 thousand I$)","1000 Int$",2006,3213.5729166666665,NA,"yes"
NA,NA,"Caribbean",NA,"Pulses (dried leguminous vegetables)","Gross Production Value (constant 2014-2016 thousand I$)","1000 Int$",2007,3859.3333333333335,NA,"yes"
NA,NA,"Caribbean",NA,"Pulses (dried leguminous vegetables)","Gross Production Value (constant 2014-2016 thousand I$)","1000 Int$",2008,3788.8958333333335,NA,"yes"
NA,NA,"Caribbean",NA,"Pulses (dried leguminous vegetables)","Gross Production Value (constant 2014-2016 thousand I$)","1000 Int$",2009,4371.09375,NA,"yes"
NA,NA,"Caribbean",NA,"Pulses (dried leguminous vegetables)","Gross Production Value (constant 2014-2016 thousand I$)","1000 Int$",2010,4348.130208333333,NA,"yes"
NA,NA,"Caribbean",NA,"Pulses (dried leguminous vegetables)","Gross Production Value (constant 2014-2016 thousand I$)","1000 Int$",2011,5115.979166666667,NA,"yes"
NA,NA,"Caribbean",NA,"Pulses (dried leguminous vegetables)","Gross Production Value (constant 2014-2016 thousand I$)","1000 Int$",2012,5282.760416666667,NA,"yes"
NA,NA,"Caribbean",NA,"Pulses (dried leguminous vegetables)","Gross Production Value (constant 2014-2016 thousand I$)","1000 Int$",2013,5519.760416666667,NA,"yes"
NA,NA,"Caribbean",NA,"Pulses (dried leguminous vegetables)","Gross Production Value (constant 2014-2016 thousand I$)","1000 Int$",2014,4983.197916666667,NA,"yes"
NA,NA,"Caribbean",NA,"Pulses (dried leguminous vegetables)","Gross Production Value (constant 2014-2016 thousand I$)","1000 Int$",2015,4465.072916666667,NA,"yes"
NA,NA,"Caribbean",NA,"Pulses (dried leguminous vegetables)","Gross Production Value (constant 2014-2016 thousand I$)","1000 Int$",2016,4594.786458333333,NA,"yes"
NA,NA,"Caribbean",NA,"Pulses (dried leguminous vegetables)","Gross Production Value (constant 2014-2016 thousand I$)","1000 Int$",2017,4685.395833333333,NA,"yes"
NA,NA,"Caribbean",NA,"Pulses (dried leguminous vegetables)","Gross Production Value (constant 2014-2016 thousand I$)","1000 Int$",2018,5198.848958333333,NA,"yes"
NA,NA,"Caribbean",NA,"Pulses (dried leguminous vegetables)","Gross Production Value (constant 2014-2016 thousand I$)","1000 Int$",2019,4506.96875,NA,"yes"
NA,NA,"Caribbean",NA,"Pulses (dried leguminous vegetables)","Gross Production Value (constant 2014-2016 thousand I$)","1000 Int$",2020,3602.3854166666665,NA,"yes"
NA,NA,"Caribbean",NA,"Pulses (dried leguminous vegetables)","Gross Production Value (constant 2014-2016 thousand I$)","1000 Int$",2021,3391.203125,NA,"yes"
NA,NA,"Caribbean",NA,"Pulses (dried leguminous vegetables)","Gross Production Value (constant 2014-2016 thousand I$)","1000 Int$",2022,3386.4166666666665,NA,"yes"
NA,NA,"Caribbean",NA,"Pulses (dried leguminous vegetables)","Gross Production Value (constant 2014-2016 thousand I$)","1000 Int$",2023,3569.6875,NA,"yes"
NA,NA,"Caribbean",NA,"Pulses (dried leguminous vegetables)","Gross Production Value (constant 2014-2016 thousand US$)","1000 USD",1992,4805.036111111111,NA,"yes"
NA,NA,"Caribbean",NA,"Pulses (dried leguminous vegetables)","Gross Production Value (constant 2014-2016 thousand US$)","1000 USD",1993,4909.8805555555555,NA,"yes"
NA,NA,"Caribbean",NA,"Pulses (dried leguminous vegetables)","Gross Production Value (constant 2014-2016 thousand US$)","1000 USD",1994,4942.311111111111,NA,"yes"
NA,NA,"Caribbean",NA,"Pulses (dried leguminous vegetables)","Gross Production Value (constant 2014-2016 thousand US$)","1000 USD",1995,4898.569444444444,NA,"yes"
NA,NA,"Caribbean",NA,"Pulses (dried leguminous vegetables)","Gross Production Value (constant 2014-2016 thousand US$)","1000 USD",1996,4410.922222222222,NA,"yes"
NA,NA,"Caribbean",NA,"Pulses (dried leguminous vegetables)","Gross Production Value (constant 2014-2016 thousand US$)","1000 USD",1997,3440.3777777777777,NA,"yes"
NA,NA,"Caribbean",NA,"Pulses (dried leguminous vegetables)","Gross Production Value (constant 2014-2016 thousand US$)","1000 USD",1998,3123.222222222222,NA,"yes"
NA,NA,"Caribbean",NA,"Pulses (dried leguminous vegetables)","Gross Production Value (constant 2014-2016 thousand US$)","1000 USD",1999,3287.7527777777777,NA,"yes"
NA,NA,"Caribbean",NA,"Pulses (dried leguminous vegetables)","Gross Production Value (constant 2014-2016 thousand US$)","1000 USD",2000,2901.016666666667,NA,"yes"
NA,NA,"Caribbean",NA,"Pulses (dried leguminous vegetables)","Gross Production Value (constant 2014-2016 thousand US$)","1000 USD",2001,3316.7833333333333,NA,"yes"
NA,NA,"Caribbean",NA,"Pulses (dried leguminous vegetables)","Gross Production Value (constant 2014-2016 thousand US$)","1000 USD",2002,3391.0333333333333,NA,"yes"
NA,NA,"Caribbean",NA,"Pulses (dried leguminous vegetables)","Gross Production Value (constant 2014-2016 thousand US$)","1000 USD",2003,3313.2833333333333,NA,"yes"
NA,NA,"Caribbean",NA,"Pulses (dried leguminous vegetables)","Gross Production Value (constant 2014-2016 thousand US$)","1000 USD",2004,2833.3777777777777,NA,"yes"
NA,NA,"Caribbean",NA,"Pulses (dried leguminous vegetables)","Gross Production Value (constant 2014-2016 thousand US$)","1000 USD",2005,2699.7527777777777,NA,"yes"
NA,NA,"Caribbean",NA,"Pulses (dried leguminous vegetables)","Gross Production Value (constant 2014-2016 thousand US$)","1000 USD",2006,3151.8250000000003,NA,"yes"
NA,NA,"Caribbean",NA,"Pulses (dried leguminous vegetables)","Gross Production Value (constant 2014-2016 thousand US$)","1000 USD",2007,3077.8416666666667,NA,"yes"
NA,NA,"Caribbean",NA,"Pulses (dried leguminous vegetables)","Gross Production Value (constant 2014-2016 thousand US$)","1000 USD",2008,2654.025,NA,"yes"
NA,NA,"Caribbean",NA,"Pulses (dried leguminous vegetables)","Gross Production Value (constant 2014-2016 thousand US$)","1000 USD",2009,3374.947222222222,NA,"yes"
NA,NA,"Caribbean",NA,"Pulses (dried leguminous vegetables)","Gross Production Value (constant 2014-2016 thousand US$)","1000 USD",2010,3596.4944444444445,NA,"yes"
NA,NA,"Caribbean",NA,"Pulses (dried leguminous vegetables)","Gross Production Value (constant 2014-2016 thousand US$)","1000 USD",2011,3760.402777777778,NA,"yes"
NA,NA,"Caribbean",NA,"Pulses (dried leguminous vegetables)","Gross Production Value (constant 2014-2016 thousand US$)","1000 USD",2012,3848.5444444444447,NA,"yes"
NA,NA,"Caribbean",NA,"Pulses (dried leguminous vegetables)","Gross Production Value (constant 2014-2016 thousand US$)","1000 USD",2013,4142.936111111111,NA,"yes"
NA,NA,"Caribbean",NA,"Pulses (dried leguminous vegetables)","Gross Production Value (constant 2014-2016 thousand US$)","1000 USD",2014,3888.883333333333,NA,"yes"
NA,NA,"Caribbean",NA,"Pulses (dried leguminous vegetables)","Gross Production Value (constant 2014-2016 thousand US$)","1000 USD",2015,3369.4416666666666,NA,"yes"
NA,NA,"Caribbean",NA,"Pulses (dried leguminous vegetables)","Gross Production Value (constant 2014-2016 thousand US$)","1000 USD",2016,3681.688888888889,NA,"yes"
NA,NA,"Caribbean",NA,"Pulses (dried leguminous vegetables)","Gross Production Value (constant 2014-2016 thousand US$)","1000 USD",2017,3927.8888888888887,NA,"yes"
NA,NA,"Caribbean",NA,"Pulses (dried leguminous vegetables)","Gross Production Value (constant 2014-2016 thousand US$)","1000 USD",2018,4274.441666666667,NA,"yes"
NA,NA,"Caribbean",NA,"Pulses (dried leguminous vegetables)","Gross Production Value (constant 2014-2016 thousand US$)","1000 USD",2019,4391.375,NA,"yes"
NA,NA,"Caribbean",NA,"Pulses (dried leguminous vegetables)","Gross Production Value (constant 2014-2016 thousand US$)","1000 USD",2020,4064.3416666666667,NA,"yes"
NA,NA,"Caribbean",NA,"Pulses (dried leguminous vegetables)","Gross Production Value (constant 2014-2016 thousand US$)","1000 USD",2021,3924.836111111111,NA,"yes"
NA,NA,"Caribbean",NA,"Pulses (dried leguminous vegetables)","Gross Production Value (constant 2014-2016 thousand US$)","1000 USD",2022,3792.6222222222223,NA,"yes"
NA,NA,"Caribbean",NA,"Pulses (dried leguminous vegetables)","Gross Production Value (constant 2014-2016 thousand US$)","1000 USD",2023,4038.727777777778,NA,"yes"
NA,NA,"Caribbean",NA,"Raw milk","Gross Production Value (constant 2014-2016 thousand I$)","1000 Int$",1992,28737.233333333337,NA,"yes"
NA,NA,"Caribbean",NA,"Raw milk","Gross Production Value (constant 2014-2016 thousand I$)","1000 Int$",1993,28145.300000000003,NA,"yes"
NA,NA,"Caribbean",NA,"Raw milk","Gross Production Value (constant 2014-2016 thousand I$)","1000 Int$",1994,29156.9,NA,"yes"
NA,NA,"Caribbean",NA,"Raw milk","Gross Production Value (constant 2014-2016 thousand I$)","1000 Int$",1995,29085.733333333334,NA,"yes"
NA,NA,"Caribbean",NA,"Raw milk","Gross Production Value (constant 2014-2016 thousand I$)","1000 Int$",1996,29210.9,NA,"yes"
NA,NA,"Caribbean",NA,"Raw milk","Gross Production Value (constant 2014-2016 thousand I$)","1000 Int$",1997,28420.633333333335,NA,"yes"
NA,NA,"Caribbean",NA,"Raw milk","Gross Production Value (constant 2014-2016 thousand I$)","1000 Int$",1998,30455.13333333333,NA,"yes"
NA,NA,"Caribbean",NA,"Raw milk","Gross Production Value (constant 2014-2016 thousand I$)","1000 Int$",1999,29823.533333333333,NA,"yes"
NA,NA,"Caribbean",NA,"Raw milk","Gross Production Value (constant 2014-2016 thousand I$)","1000 Int$",2000,30293,NA,"yes"
NA,NA,"Caribbean",NA,"Raw milk","Gross Production Value (constant 2014-2016 thousand I$)","1000 Int$",2001,30998.733333333334,NA,"yes"
NA,NA,"Caribbean",NA,"Raw milk","Gross Production Value (constant 2014-2016 thousand I$)","1000 Int$",2002,30727.3,NA,"yes"
NA,NA,"Caribbean",NA,"Raw milk","Gross Production Value (constant 2014-2016 thousand I$)","1000 Int$",2003,29768.833333333336,NA,"yes"
NA,NA,"Caribbean",NA,"Raw milk","Gross Production Value (constant 2014-2016 thousand I$)","1000 Int$",2004,28680.800000000003,NA,"yes"
NA,NA,"Caribbean",NA,"Raw milk","Gross Production Value (constant 2014-2016 thousand I$)","1000 Int$",2005,27389.7,NA,"yes"
NA,NA,"Caribbean",NA,"Raw milk","Gross Production Value (constant 2014-2016 thousand I$)","1000 Int$",2006,28628.166666666668,NA,"yes"
NA,NA,"Caribbean",NA,"Raw milk","Gross Production Value (constant 2014-2016 thousand I$)","1000 Int$",2007,30189.966666666667,NA,"yes"
NA,NA,"Caribbean",NA,"Raw milk","Gross Production Value (constant 2014-2016 thousand I$)","1000 Int$",2008,31615.6,NA,"yes"
NA,NA,"Caribbean",NA,"Raw milk","Gross Production Value (constant 2014-2016 thousand I$)","1000 Int$",2009,32515.23333333333,NA,"yes"
NA,NA,"Caribbean",NA,"Raw milk","Gross Production Value (constant 2014-2016 thousand I$)","1000 Int$",2010,31941.1,NA,"yes"
NA,NA,"Caribbean",NA,"Raw milk","Gross Production Value (constant 2014-2016 thousand I$)","1000 Int$",2011,31587.066666666666,NA,"yes"
NA,NA,"Caribbean",NA,"Raw milk","Gross Production Value (constant 2014-2016 thousand I$)","1000 Int$",2012,32389.76666666667,NA,"yes"
NA,NA,"Caribbean",NA,"Raw milk","Gross Production Value (constant 2014-2016 thousand I$)","1000 Int$",2013,32571.86666666667,NA,"yes"
NA,NA,"Caribbean",NA,"Raw milk","Gross Production Value (constant 2014-2016 thousand I$)","1000 Int$",2014,33095.933333333334,NA,"yes"
NA,NA,"Caribbean",NA,"Raw milk","Gross Production Value (constant 2014-2016 thousand I$)","1000 Int$",2015,32409.133333333335,NA,"yes"
NA,NA,"Caribbean",NA,"Raw milk","Gross Production Value (constant 2014-2016 thousand I$)","1000 Int$",2016,35911.86666666667,NA,"yes"
NA,NA,"Caribbean",NA,"Raw milk","Gross Production Value (constant 2014-2016 thousand I$)","1000 Int$",2017,35699.4,NA,"yes"
NA,NA,"Caribbean",NA,"Raw milk","Gross Production Value (constant 2014-2016 thousand I$)","1000 Int$",2018,36116.666666666664,NA,"yes"
NA,NA,"Caribbean",NA,"Raw milk","Gross Production Value (constant 2014-2016 thousand I$)","1000 Int$",2019,35417.76666666666,NA,"yes"
NA,NA,"Caribbean",NA,"Raw milk","Gross Production Value (constant 2014-2016 thousand I$)","1000 Int$",2020,34511.13333333333,NA,"yes"
NA,NA,"Caribbean",NA,"Raw milk","Gross Production Value (constant 2014-2016 thousand I$)","1000 Int$",2021,32957.933333333334,NA,"yes"
NA,NA,"Caribbean",NA,"Raw milk","Gross Production Value (constant 2014-2016 thousand I$)","1000 Int$",2022,33093.6,NA,"yes"
NA,NA,"Caribbean",NA,"Raw milk","Gross Production Value (constant 2014-2016 thousand I$)","1000 Int$",2023,33457.666666666664,NA,"yes"
NA,NA,"Caribbean",NA,"Raw milk","Gross Production Value (constant 2014-2016 thousand US$)","1000 USD",1992,32438.0625,NA,"yes"
NA,NA,"Caribbean",NA,"Raw milk","Gross Production Value (constant 2014-2016 thousand US$)","1000 USD",1993,31974.5,NA,"yes"
NA,NA,"Caribbean",NA,"Raw milk","Gross Production Value (constant 2014-2016 thousand US$)","1000 USD",1994,32464.4375,NA,"yes"
NA,NA,"Caribbean",NA,"Raw milk","Gross Production Value (constant 2014-2016 thousand US$)","1000 USD",1995,32636,NA,"yes"
NA,NA,"Caribbean",NA,"Raw milk","Gross Production Value (constant 2014-2016 thousand US$)","1000 USD",1996,32166.5625,NA,"yes"
NA,NA,"Caribbean",NA,"Raw milk","Gross Production Value (constant 2014-2016 thousand US$)","1000 USD",1997,29628.6875,NA,"yes"
NA,NA,"Caribbean",NA,"Raw milk","Gross Production Value (constant 2014-2016 thousand US$)","1000 USD",1998,33168.125,NA,"yes"
NA,NA,"Caribbean",NA,"Raw milk","Gross Production Value (constant 2014-2016 thousand US$)","1000 USD",1999,32295.9375,NA,"yes"
NA,NA,"Caribbean",NA,"Raw milk","Gross Production Value (constant 2014-2016 thousand US$)","1000 USD",2000,33480.8125,NA,"yes"
NA,NA,"Caribbean",NA,"Raw milk","Gross Production Value (constant 2014-2016 thousand US$)","1000 USD",2001,34600.875,NA,"yes"
NA,NA,"Caribbean",NA,"Raw milk","Gross Production Value (constant 2014-2016 thousand US$)","1000 USD",2002,34062.25,NA,"yes"
NA,NA,"Caribbean",NA,"Raw milk","Gross Production Value (constant 2014-2016 thousand US$)","1000 USD",2003,31362.6875,NA,"yes"
NA,NA,"Caribbean",NA,"Raw milk","Gross Production Value (constant 2014-2016 thousand US$)","1000 USD",2004,30980.0625,NA,"yes"
NA,NA,"Caribbean",NA,"Raw milk","Gross Production Value (constant 2014-2016 thousand US$)","1000 USD",2005,32441.625,NA,"yes"
NA,NA,"Caribbean",NA,"Raw milk","Gross Production Value (constant 2014-2016 thousand US$)","1000 USD",2006,33066.3125,NA,"yes"
NA,NA,"Caribbean",NA,"Raw milk","Gross Production Value (constant 2014-2016 thousand US$)","1000 USD",2007,32901.6875,NA,"yes"
NA,NA,"Caribbean",NA,"Raw milk","Gross Production Value (constant 2014-2016 thousand US$)","1000 USD",2008,33613.4375,NA,"yes"
NA,NA,"Caribbean",NA,"Raw milk","Gross Production Value (constant 2014-2016 thousand US$)","1000 USD",2009,32647.6875,NA,"yes"
NA,NA,"Caribbean",NA,"Raw milk","Gross Production Value (constant 2014-2016 thousand US$)","1000 USD",2010,30105.25,NA,"yes"
NA,NA,"Caribbean",NA,"Raw milk","Gross Production Value (constant 2014-2016 thousand US$)","1000 USD",2011,29911.375,NA,"yes"
NA,NA,"Caribbean",NA,"Raw milk","Gross Production Value (constant 2014-2016 thousand US$)","1000 USD",2012,31000,NA,"yes"
NA,NA,"Caribbean",NA,"Raw milk","Gross Production Value (constant 2014-2016 thousand US$)","1000 USD",2013,31431.875,NA,"yes"
NA,NA,"Caribbean",NA,"Raw milk","Gross Production Value (constant 2014-2016 thousand US$)","1000 USD",2014,31642.9375,NA,"yes"
NA,NA,"Caribbean",NA,"Raw milk","Gross Production Value (constant 2014-2016 thousand US$)","1000 USD",2015,32509.8125,NA,"yes"
NA,NA,"Caribbean",NA,"Raw milk","Gross Production Value (constant 2014-2016 thousand US$)","1000 USD",2016,35418.375,NA,"yes"
NA,NA,"Caribbean",NA,"Raw milk","Gross Production Value (constant 2014-2016 thousand US$)","1000 USD",2017,37432.3125,NA,"yes"
NA,NA,"Caribbean",NA,"Raw milk","Gross Production Value (constant 2014-2016 thousand US$)","1000 USD",2018,38131.3125,NA,"yes"
NA,NA,"Caribbean",NA,"Raw milk","Gross Production Value (constant 2014-2016 thousand US$)","1000 USD",2019,38350.75,NA,"yes"
NA,NA,"Caribbean",NA,"Raw milk","Gross Production Value (constant 2014-2016 thousand US$)","1000 USD",2020,37989.25,NA,"yes"
NA,NA,"Caribbean",NA,"Raw milk","Gross Production Value (constant 2014-2016 thousand US$)","1000 USD",2021,36688.75,NA,"yes"
NA,NA,"Caribbean",NA,"Raw milk","Gross Production Value (constant 2014-2016 thousand US$)","1000 USD",2022,36734.0625,NA,"yes"
NA,NA,"Caribbean",NA,"Raw milk","Gross Production Value (constant 2014-2016 thousand US$)","1000 USD",2023,36118.1875,NA,"yes"
NA,NA,"Caribbean",NA,"Stimulant, spice and aromatic crops","Gross Production Value (constant 2014-2016 thousand I$)","1000 Int$",1992,3038.4923258559625,NA,"yes"
NA,NA,"Caribbean",NA,"Stimulant, spice and aromatic crops","Gross Production Value (constant 2014-2016 thousand I$)","1000 Int$",1993,3221.2262888626524,NA,"yes"
NA,NA,"Caribbean",NA,"Stimulant, spice and aromatic crops","Gross Production Value (constant 2014-2016 thousand I$)","1000 Int$",1994,3301.9866587957495,NA,"yes"
NA,NA,"Caribbean",NA,"Stimulant, spice and aromatic crops","Gross Production Value (constant 2014-2016 thousand I$)","1000 Int$",1995,3428.333608815427,NA,"yes"
NA,NA,"Caribbean",NA,"Stimulant, spice and aromatic crops","Gross Production Value (constant 2014-2016 thousand I$)","1000 Int$",1996,3501.0829594647776,NA,"yes"
NA,NA,"Caribbean",NA,"Stimulant, spice and aromatic crops","Gross Production Value (constant 2014-2016 thousand I$)","1000 Int$",1997,3150.8895710350257,NA,"yes"
NA,NA,"Caribbean",NA,"Stimulant, spice and aromatic crops","Gross Production Value (constant 2014-2016 thousand I$)","1000 Int$",1998,3458.7521054702875,NA,"yes"
NA,NA,"Caribbean",NA,"Stimulant, spice and aromatic crops","Gross Production Value (constant 2014-2016 thousand I$)","1000 Int$",1999,2922.315426997245,NA,"yes"
NA,NA,"Caribbean",NA,"Stimulant, spice and aromatic crops","Gross Production Value (constant 2014-2016 thousand I$)","1000 Int$",2000,3132.431562377017,NA,"yes"
NA,NA,"Caribbean",NA,"Stimulant, spice and aromatic crops","Gross Production Value (constant 2014-2016 thousand I$)","1000 Int$",2001,3016.1561983471074,NA,"yes"
NA,NA,"Caribbean",NA,"Stimulant, spice and aromatic crops","Gross Production Value (constant 2014-2016 thousand I$)","1000 Int$",2002,3082.991499409681,NA,"yes"
NA,NA,"Caribbean",NA,"Stimulant, spice and aromatic crops","Gross Production Value (constant 2014-2016 thousand I$)","1000 Int$",2003,3169.5707201889018,NA,"yes"
NA,NA,"Caribbean",NA,"Stimulant, spice and aromatic crops","Gross Production Value (constant 2014-2016 thousand I$)","1000 Int$",2004,3089.091499409681,NA,"yes"
NA,NA,"Caribbean",NA,"Stimulant, spice and aromatic crops","Gross Production Value (constant 2014-2016 thousand I$)","1000 Int$",2005,2895.434632034632,NA,"yes"
NA,NA,"Caribbean",NA,"Stimulant, spice and aromatic crops","Gross Production Value (constant 2014-2016 thousand I$)","1000 Int$",2006,3195.3619441164897,NA,"yes"
NA,NA,"Caribbean",NA,"Stimulant, spice and aromatic crops","Gross Production Value (constant 2014-2016 thousand I$)","1000 Int$",2007,3462.955096418733,NA,"yes"
NA,NA,"Caribbean",NA,"Stimulant, spice and aromatic crops","Gross Production Value (constant 2014-2016 thousand I$)","1000 Int$",2008,2864.087445887446,NA,"yes"
NA,NA,"Caribbean",NA,"Stimulant, spice and aromatic crops","Gross Production Value (constant 2014-2016 thousand I$)","1000 Int$",2009,3112.4975993703265,NA,"yes"
NA,NA,"Caribbean",NA,"Stimulant, spice and aromatic crops","Gross Production Value (constant 2014-2016 thousand I$)","1000 Int$",2010,2849.085556867375,NA,"yes"
NA,NA,"Caribbean",NA,"Stimulant, spice and aromatic crops","Gross Production Value (constant 2014-2016 thousand I$)","1000 Int$",2011,2900.1102321920503,NA,"yes"
NA,NA,"Caribbean",NA,"Stimulant, spice and aromatic crops","Gross Production Value (constant 2014-2016 thousand I$)","1000 Int$",2012,3235.1968122786307,NA,"yes"
NA,NA,"Caribbean",NA,"Stimulant, spice and aromatic crops","Gross Production Value (constant 2014-2016 thousand I$)","1000 Int$",2013,2906.961707988981,NA,"yes"
NA,NA,"Caribbean",NA,"Stimulant, spice and aromatic crops","Gross Production Value (constant 2014-2016 thousand I$)","1000 Int$",2014,2673.0769775678864,NA,"yes"
NA,NA,"Caribbean",NA,"Stimulant, spice and aromatic crops","Gross Production Value (constant 2014-2016 thousand I$)","1000 Int$",2015,2577.7086186540732,NA,"yes"
NA,NA,"Caribbean",NA,"Stimulant, spice and aromatic crops","Gross Production Value (constant 2014-2016 thousand I$)","1000 Int$",2016,2989.922707595435,NA,"yes"
NA,NA,"Caribbean",NA,"Stimulant, spice and aromatic crops","Gross Production Value (constant 2014-2016 thousand I$)","1000 Int$",2017,2798.165800865801,NA,"yes"
NA,NA,"Caribbean",NA,"Stimulant, spice and aromatic crops","Gross Production Value (constant 2014-2016 thousand I$)","1000 Int$",2018,2949.1131050767412,NA,"yes"
NA,NA,"Caribbean",NA,"Stimulant, spice and aromatic crops","Gross Production Value (constant 2014-2016 thousand I$)","1000 Int$",2019,2815.609484454939,NA,"yes"
NA,NA,"Caribbean",NA,"Stimulant, spice and aromatic crops","Gross Production Value (constant 2014-2016 thousand I$)","1000 Int$",2020,2874.639630066903,NA,"yes"
NA,NA,"Caribbean",NA,"Stimulant, spice and aromatic crops","Gross Production Value (constant 2014-2016 thousand I$)","1000 Int$",2021,2839.453128689492,NA,"yes"
NA,NA,"Caribbean",NA,"Stimulant, spice and aromatic crops","Gross Production Value (constant 2014-2016 thousand I$)","1000 Int$",2022,3114.312593467139,NA,"yes"
NA,NA,"Caribbean",NA,"Stimulant, spice and aromatic crops","Gross Production Value (constant 2014-2016 thousand I$)","1000 Int$",2023,2830.6508461235735,NA,"yes"
NA,NA,"Caribbean",NA,"Stimulant, spice and aromatic crops","Gross Production Value (constant 2014-2016 thousand US$)","1000 USD",1992,11928.775,NA,"yes"
NA,NA,"Caribbean",NA,"Stimulant, spice and aromatic crops","Gross Production Value (constant 2014-2016 thousand US$)","1000 USD",1993,12829.029166666667,NA,"yes"
NA,NA,"Caribbean",NA,"Stimulant, spice and aromatic crops","Gross Production Value (constant 2014-2016 thousand US$)","1000 USD",1994,13441.060416666667,NA,"yes"
NA,NA,"Caribbean",NA,"Stimulant, spice and aromatic crops","Gross Production Value (constant 2014-2016 thousand US$)","1000 USD",1995,14353.908333333333,NA,"yes"
NA,NA,"Caribbean",NA,"Stimulant, spice and aromatic crops","Gross Production Value (constant 2014-2016 thousand US$)","1000 USD",1996,15193.702083333334,NA,"yes"
NA,NA,"Caribbean",NA,"Stimulant, spice and aromatic crops","Gross Production Value (constant 2014-2016 thousand US$)","1000 USD",1997,12394.739583333334,NA,"yes"
NA,NA,"Caribbean",NA,"Stimulant, spice and aromatic crops","Gross Production Value (constant 2014-2016 thousand US$)","1000 USD",1998,14712.652083333334,NA,"yes"
NA,NA,"Caribbean",NA,"Stimulant, spice and aromatic crops","Gross Production Value (constant 2014-2016 thousand US$)","1000 USD",1999,10463.14375,NA,"yes"
NA,NA,"Caribbean",NA,"Stimulant, spice and aromatic crops","Gross Production Value (constant 2014-2016 thousand US$)","1000 USD",2000,11411.360416666666,NA,"yes"
NA,NA,"Caribbean",NA,"Stimulant, spice and aromatic crops","Gross Production Value (constant 2014-2016 thousand US$)","1000 USD",2001,11320.616666666667,NA,"yes"
NA,NA,"Caribbean",NA,"Stimulant, spice and aromatic crops","Gross Production Value (constant 2014-2016 thousand US$)","1000 USD",2002,11362.872916666667,NA,"yes"
NA,NA,"Caribbean",NA,"Stimulant, spice and aromatic crops","Gross Production Value (constant 2014-2016 thousand US$)","1000 USD",2003,12082.877083333333,NA,"yes"
NA,NA,"Caribbean",NA,"Stimulant, spice and aromatic crops","Gross Production Value (constant 2014-2016 thousand US$)","1000 USD",2004,11567.895833333334,NA,"yes"
NA,NA,"Caribbean",NA,"Stimulant, spice and aromatic crops","Gross Production Value (constant 2014-2016 thousand US$)","1000 USD",2005,11271.047916666666,NA,"yes"
NA,NA,"Caribbean",NA,"Stimulant, spice and aromatic crops","Gross Production Value (constant 2014-2016 thousand US$)","1000 USD",2006,13115.90625,NA,"yes"
NA,NA,"Caribbean",NA,"Stimulant, spice and aromatic crops","Gross Production Value (constant 2014-2016 thousand US$)","1000 USD",2007,12656.28125,NA,"yes"
NA,NA,"Caribbean",NA,"Stimulant, spice and aromatic crops","Gross Production Value (constant 2014-2016 thousand US$)","1000 USD",2008,11161.291666666666,NA,"yes"
NA,NA,"Caribbean",NA,"Stimulant, spice and aromatic crops","Gross Production Value (constant 2014-2016 thousand US$)","1000 USD",2009,14470.620833333332,NA,"yes"
NA,NA,"Caribbean",NA,"Stimulant, spice and aromatic crops","Gross Production Value (constant 2014-2016 thousand US$)","1000 USD",2010,13111.5375,NA,"yes"
NA,NA,"Caribbean",NA,"Stimulant, spice and aromatic crops","Gross Production Value (constant 2014-2016 thousand US$)","1000 USD",2011,13631.304166666667,NA,"yes"
NA,NA,"Caribbean",NA,"Stimulant, spice and aromatic crops","Gross Production Value (constant 2014-2016 thousand US$)","1000 USD",2012,15887.3,NA,"yes"
NA,NA,"Caribbean",NA,"Stimulant, spice and aromatic crops","Gross Production Value (constant 2014-2016 thousand US$)","1000 USD",2013,15164.897916666667,NA,"yes"
NA,NA,"Caribbean",NA,"Stimulant, spice and aromatic crops","Gross Production Value (constant 2014-2016 thousand US$)","1000 USD",2014,14059.302083333334,NA,"yes"
NA,NA,"Caribbean",NA,"Stimulant, spice and aromatic crops","Gross Production Value (constant 2014-2016 thousand US$)","1000 USD",2015,13232.25,NA,"yes"
NA,NA,"Caribbean",NA,"Stimulant, spice and aromatic crops","Gross Production Value (constant 2014-2016 thousand US$)","1000 USD",2016,15143.5,NA,"yes"
NA,NA,"Caribbean",NA,"Stimulant, spice and aromatic crops","Gross Production Value (constant 2014-2016 thousand US$)","1000 USD",2017,14568.620833333332,NA,"yes"
NA,NA,"Caribbean",NA,"Stimulant, spice and aromatic crops","Gross Production Value (constant 2014-2016 thousand US$)","1000 USD",2018,15326.860416666666,NA,"yes"
NA,NA,"Caribbean",NA,"Stimulant, spice and aromatic crops","Gross Production Value (constant 2014-2016 thousand US$)","1000 USD",2019,15592.264583333334,NA,"yes"
NA,NA,"Caribbean",NA,"Stimulant, spice and aromatic crops","Gross Production Value (constant 2014-2016 thousand US$)","1000 USD",2020,16093.26875,NA,"yes"
NA,NA,"Caribbean",NA,"Stimulant, spice and aromatic crops","Gross Production Value (constant 2014-2016 thousand US$)","1000 USD",2021,16150.754166666668,NA,"yes"
NA,NA,"Caribbean",NA,"Stimulant, spice and aromatic crops","Gross Production Value (constant 2014-2016 thousand US$)","1000 USD",2022,17799.8,NA,"yes"
NA,NA,"Caribbean",NA,"Stimulant, spice and aromatic crops","Gross Production Value (constant 2014-2016 thousand US$)","1000 USD",2023,16505.916666666668,NA,"yes"
NA,NA,"Caribbean",NA,"Sugar crops","Gross Production Value (constant 2014-2016 thousand I$)","1000 Int$",1992,113300.03125,NA,"yes"
NA,NA,"Caribbean",NA,"Sugar crops","Gross Production Value (constant 2014-2016 thousand I$)","1000 Int$",1993,82637.8125,NA,"yes"
NA,NA,"Caribbean",NA,"Sugar crops","Gross Production Value (constant 2014-2016 thousand I$)","1000 Int$",1994,79550.53125,NA,"yes"
NA,NA,"Caribbean",NA,"Sugar crops","Gross Production Value (constant 2014-2016 thousand I$)","1000 Int$",1995,64086.8125,NA,"yes"
NA,NA,"Caribbean",NA,"Sugar crops","Gross Production Value (constant 2014-2016 thousand I$)","1000 Int$",1996,76695.9375,NA,"yes"
NA,NA,"Caribbean",NA,"Sugar crops","Gross Production Value (constant 2014-2016 thousand I$)","1000 Int$",1997,73649.59375,NA,"yes"
NA,NA,"Caribbean",NA,"Sugar crops","Gross Production Value (constant 2014-2016 thousand I$)","1000 Int$",1998,61573.0625,NA,"yes"
NA,NA,"Caribbean",NA,"Sugar crops","Gross Production Value (constant 2014-2016 thousand I$)","1000 Int$",1999,62944.1875,NA,"yes"
NA,NA,"Caribbean",NA,"Sugar crops","Gross Production Value (constant 2014-2016 thousand I$)","1000 Int$",2000,65881.1875,NA,"yes"
NA,NA,"Caribbean",NA,"Sugar crops","Gross Production Value (constant 2014-2016 thousand I$)","1000 Int$",2001,59904.125,NA,"yes"
NA,NA,"Caribbean",NA,"Sugar crops","Gross Production Value (constant 2014-2016 thousand I$)","1000 Int$",2002,63766.15625,NA,"yes"
NA,NA,"Caribbean",NA,"Sugar crops","Gross Production Value (constant 2014-2016 thousand I$)","1000 Int$",2003,44615.6875,NA,"yes"
NA,NA,"Caribbean",NA,"Sugar crops","Gross Production Value (constant 2014-2016 thousand I$)","1000 Int$",2004,48715.625,NA,"yes"
NA,NA,"Caribbean",NA,"Sugar crops","Gross Production Value (constant 2014-2016 thousand I$)","1000 Int$",2005,29477.53125,NA,"yes"
NA,NA,"Caribbean",NA,"Sugar crops","Gross Production Value (constant 2014-2016 thousand I$)","1000 Int$",2006,29324.5,NA,"yes"
NA,NA,"Caribbean",NA,"Sugar crops","Gross Production Value (constant 2014-2016 thousand I$)","1000 Int$",2007,29687.75,NA,"yes"
NA,NA,"Caribbean",NA,"Sugar crops","Gross Production Value (constant 2014-2016 thousand I$)","1000 Int$",2008,33225.6875,NA,"yes"
NA,NA,"Caribbean",NA,"Sugar crops","Gross Production Value (constant 2014-2016 thousand I$)","1000 Int$",2009,31408.03125,NA,"yes"
NA,NA,"Caribbean",NA,"Sugar crops","Gross Production Value (constant 2014-2016 thousand I$)","1000 Int$",2010,26812.40625,NA,"yes"
NA,NA,"Caribbean",NA,"Sugar crops","Gross Production Value (constant 2014-2016 thousand I$)","1000 Int$",2011,27645.3125,NA,"yes"
NA,NA,"Caribbean",NA,"Sugar crops","Gross Production Value (constant 2014-2016 thousand I$)","1000 Int$",2012,31962.09375,NA,"yes"
NA,NA,"Caribbean",NA,"Sugar crops","Gross Production Value (constant 2014-2016 thousand I$)","1000 Int$",2013,33670.3125,NA,"yes"
NA,NA,"Caribbean",NA,"Sugar crops","Gross Production Value (constant 2014-2016 thousand I$)","1000 Int$",2014,36983.21875,NA,"yes"
NA,NA,"Caribbean",NA,"Sugar crops","Gross Production Value (constant 2014-2016 thousand I$)","1000 Int$",2015,38011.21875,NA,"yes"
NA,NA,"Caribbean",NA,"Sugar crops","Gross Production Value (constant 2014-2016 thousand I$)","1000 Int$",2016,34732.90625,NA,"yes"
NA,NA,"Caribbean",NA,"Sugar crops","Gross Production Value (constant 2014-2016 thousand I$)","1000 Int$",2017,39550.0625,NA,"yes"
NA,NA,"Caribbean",NA,"Sugar crops","Gross Production Value (constant 2014-2016 thousand I$)","1000 Int$",2018,29662.25,NA,"yes"
NA,NA,"Caribbean",NA,"Sugar crops","Gross Production Value (constant 2014-2016 thousand I$)","1000 Int$",2019,34092.625,NA,"yes"
NA,NA,"Caribbean",NA,"Sugar crops","Gross Production Value (constant 2014-2016 thousand I$)","1000 Int$",2020,29980.03125,NA,"yes"
NA,NA,"Caribbean",NA,"Sugar crops","Gross Production Value (constant 2014-2016 thousand I$)","1000 Int$",2021,25332.875,NA,"yes"
NA,NA,"Caribbean",NA,"Sugar crops","Gross Production Value (constant 2014-2016 thousand I$)","1000 Int$",2022,24192.96875,NA,"yes"
NA,NA,"Caribbean",NA,"Sugar crops","Gross Production Value (constant 2014-2016 thousand I$)","1000 Int$",2023,21208.03125,NA,"yes"
NA,NA,"Caribbean",NA,"Sugar crops","Gross Production Value (constant 2014-2016 thousand US$)","1000 USD",1992,65541,NA,"yes"
NA,NA,"Caribbean",NA,"Sugar crops","Gross Production Value (constant 2014-2016 thousand US$)","1000 USD",1993,68219.5,NA,"yes"
NA,NA,"Caribbean",NA,"Sugar crops","Gross Production Value (constant 2014-2016 thousand US$)","1000 USD",1994,61316.333333333336,NA,"yes"
NA,NA,"Caribbean",NA,"Sugar crops","Gross Production Value (constant 2014-2016 thousand US$)","1000 USD",1995,55446.166666666664,NA,"yes"
NA,NA,"Caribbean",NA,"Sugar crops","Gross Production Value (constant 2014-2016 thousand US$)","1000 USD",1996,61054.333333333336,NA,"yes"
NA,NA,"Caribbean",NA,"Sugar crops","Gross Production Value (constant 2014-2016 thousand US$)","1000 USD",1997,61738,NA,"yes"
NA,NA,"Caribbean",NA,"Sugar crops","Gross Production Value (constant 2014-2016 thousand US$)","1000 USD",1998,49983,NA,"yes"
NA,NA,"Caribbean",NA,"Sugar crops","Gross Production Value (constant 2014-2016 thousand US$)","1000 USD",1999,47826.333333333336,NA,"yes"
NA,NA,"Caribbean",NA,"Sugar crops","Gross Production Value (constant 2014-2016 thousand US$)","1000 USD",2000,47360.5,NA,"yes"
NA,NA,"Caribbean",NA,"Sugar crops","Gross Production Value (constant 2014-2016 thousand US$)","1000 USD",2001,46748.333333333336,NA,"yes"
NA,NA,"Caribbean",NA,"Sugar crops","Gross Production Value (constant 2014-2016 thousand US$)","1000 USD",2002,49111,NA,"yes"
NA,NA,"Caribbean",NA,"Sugar crops","Gross Production Value (constant 2014-2016 thousand US$)","1000 USD",2003,43511.166666666664,NA,"yes"
NA,NA,"Caribbean",NA,"Sugar crops","Gross Production Value (constant 2014-2016 thousand US$)","1000 USD",2004,44869.666666666664,NA,"yes"
NA,NA,"Caribbean",NA,"Sugar crops","Gross Production Value (constant 2014-2016 thousand US$)","1000 USD",2005,37474,NA,"yes"
NA,NA,"Caribbean",NA,"Sugar crops","Gross Production Value (constant 2014-2016 thousand US$)","1000 USD",2006,42113.833333333336,NA,"yes"
NA,NA,"Caribbean",NA,"Sugar crops","Gross Production Value (constant 2014-2016 thousand US$)","1000 USD",2007,43901.333333333336,NA,"yes"
NA,NA,"Caribbean",NA,"Sugar crops","Gross Production Value (constant 2014-2016 thousand US$)","1000 USD",2008,35463,NA,"yes"
NA,NA,"Caribbean",NA,"Sugar crops","Gross Production Value (constant 2014-2016 thousand US$)","1000 USD",2009,32738.333333333332,NA,"yes"
NA,NA,"Caribbean",NA,"Sugar crops","Gross Production Value (constant 2014-2016 thousand US$)","1000 USD",2010,32371.5,NA,"yes"
NA,NA,"Caribbean",NA,"Sugar crops","Gross Production Value (constant 2014-2016 thousand US$)","1000 USD",2011,33578.833333333336,NA,"yes"
NA,NA,"Caribbean",NA,"Sugar crops","Gross Production Value (constant 2014-2016 thousand US$)","1000 USD",2012,34270.166666666664,NA,"yes"
NA,NA,"Caribbean",NA,"Sugar crops","Gross Production Value (constant 2014-2016 thousand US$)","1000 USD",2013,32969.666666666664,NA,"yes"
NA,NA,"Caribbean",NA,"Sugar crops","Gross Production Value (constant 2014-2016 thousand US$)","1000 USD",2014,36390,NA,"yes"
NA,NA,"Caribbean",NA,"Sugar crops","Gross Production Value (constant 2014-2016 thousand US$)","1000 USD",2015,32552.166666666668,NA,"yes"
NA,NA,"Caribbean",NA,"Sugar crops","Gross Production Value (constant 2014-2016 thousand US$)","1000 USD",2016,27093.166666666668,NA,"yes"
NA,NA,"Caribbean",NA,"Sugar crops","Gross Production Value (constant 2014-2016 thousand US$)","1000 USD",2017,34454.833333333336,NA,"yes"
NA,NA,"Caribbean",NA,"Sugar crops","Gross Production Value (constant 2014-2016 thousand US$)","1000 USD",2018,35554.5,NA,"yes"
NA,NA,"Caribbean",NA,"Sugar crops","Gross Production Value (constant 2014-2016 thousand US$)","1000 USD",2019,29050.166666666668,NA,"yes"
NA,NA,"Caribbean",NA,"Sugar crops","Gross Production Value (constant 2014-2016 thousand US$)","1000 USD",2020,29672,NA,"yes"
NA,NA,"Caribbean",NA,"Sugar crops","Gross Production Value (constant 2014-2016 thousand US$)","1000 USD",2021,30690.833333333332,NA,"yes"
NA,NA,"Caribbean",NA,"Sugar crops","Gross Production Value (constant 2014-2016 thousand US$)","1000 USD",2022,31211.833333333332,NA,"yes"
NA,NA,"Caribbean",NA,"Sugar crops","Gross Production Value (constant 2014-2016 thousand US$)","1000 USD",2023,25877.833333333332,NA,"yes"
NA,NA,"Caribbean",NA,"Vegetables","Gross Production Value (constant 2014-2016 thousand I$)","1000 Int$",1992,2328.688342359395,NA,"yes"
NA,NA,"Caribbean",NA,"Vegetables","Gross Production Value (constant 2014-2016 thousand I$)","1000 Int$",1993,2084.339795292427,NA,"yes"
NA,NA,"Caribbean",NA,"Vegetables","Gross Production Value (constant 2014-2016 thousand I$)","1000 Int$",1994,2014.800132615922,NA,"yes"
NA,NA,"Caribbean",NA,"Vegetables","Gross Production Value (constant 2014-2016 thousand I$)","1000 Int$",1995,2359.8734534471378,NA,"yes"
NA,NA,"Caribbean",NA,"Vegetables","Gross Production Value (constant 2014-2016 thousand I$)","1000 Int$",1996,2676.36415134573,NA,"yes"
NA,NA,"Caribbean",NA,"Vegetables","Gross Production Value (constant 2014-2016 thousand I$)","1000 Int$",1997,2638.1053347237557,NA,"yes"
NA,NA,"Caribbean",NA,"Vegetables","Gross Production Value (constant 2014-2016 thousand I$)","1000 Int$",1998,2863.510792131845,NA,"yes"
NA,NA,"Caribbean",NA,"Vegetables","Gross Production Value (constant 2014-2016 thousand I$)","1000 Int$",1999,4137.3605604921395,NA,"yes"
NA,NA,"Caribbean",NA,"Vegetables","Gross Production Value (constant 2014-2016 thousand I$)","1000 Int$",2000,5517.874892359103,NA,"yes"
NA,NA,"Caribbean",NA,"Vegetables","Gross Production Value (constant 2014-2016 thousand I$)","1000 Int$",2001,5833.879480753165,NA,"yes"
NA,NA,"Caribbean",NA,"Vegetables","Gross Production Value (constant 2014-2016 thousand I$)","1000 Int$",2002,6387.870667928562,NA,"yes"
NA,NA,"Caribbean",NA,"Vegetables","Gross Production Value (constant 2014-2016 thousand I$)","1000 Int$",2003,7380.6828694697115,NA,"yes"
NA,NA,"Caribbean",NA,"Vegetables","Gross Production Value (constant 2014-2016 thousand I$)","1000 Int$",2004,7863.536890886891,NA,"yes"
NA,NA,"Caribbean",NA,"Vegetables","Gross Production Value (constant 2014-2016 thousand I$)","1000 Int$",2005,7684.237870316818,NA,"yes"
NA,NA,"Caribbean",NA,"Vegetables","Gross Production Value (constant 2014-2016 thousand I$)","1000 Int$",2006,5917.72378118957,NA,"yes"
NA,NA,"Caribbean",NA,"Vegetables","Gross Production Value (constant 2014-2016 thousand I$)","1000 Int$",2007,5624.408064158064,NA,"yes"
NA,NA,"Caribbean",NA,"Vegetables","Gross Production Value (constant 2014-2016 thousand I$)","1000 Int$",2008,5395.66484538853,NA,"yes"
NA,NA,"Caribbean",NA,"Vegetables","Gross Production Value (constant 2014-2016 thousand I$)","1000 Int$",2009,5773.798223706119,NA,"yes"
NA,NA,"Caribbean",NA,"Vegetables","Gross Production Value (constant 2014-2016 thousand I$)","1000 Int$",2010,5060.90264852107,NA,"yes"
NA,NA,"Caribbean",NA,"Vegetables","Gross Production Value (constant 2014-2016 thousand I$)","1000 Int$",2011,5536.100033884244,NA,"yes"
NA,NA,"Caribbean",NA,"Vegetables","Gross Production Value (constant 2014-2016 thousand I$)","1000 Int$",2012,5345.936026838658,NA,"yes"
NA,NA,"Caribbean",NA,"Vegetables","Gross Production Value (constant 2014-2016 thousand I$)","1000 Int$",2013,5692.269753638175,NA,"yes"
NA,NA,"Caribbean",NA,"Vegetables","Gross Production Value (constant 2014-2016 thousand I$)","1000 Int$",2014,5411.37211326685,NA,"yes"
NA,NA,"Caribbean",NA,"Vegetables","Gross Production Value (constant 2014-2016 thousand I$)","1000 Int$",2015,5651.870159080686,NA,"yes"
NA,NA,"Caribbean",NA,"Vegetables","Gross Production Value (constant 2014-2016 thousand I$)","1000 Int$",2016,5745.249797278745,NA,"yes"
NA,NA,"Caribbean",NA,"Vegetables","Gross Production Value (constant 2014-2016 thousand I$)","1000 Int$",2017,5889.354373404373,NA,"yes"
NA,NA,"Caribbean",NA,"Vegetables","Gross Production Value (constant 2014-2016 thousand I$)","1000 Int$",2018,6121.758555479608,NA,"yes"
NA,NA,"Caribbean",NA,"Vegetables","Gross Production Value (constant 2014-2016 thousand I$)","1000 Int$",2019,6034.371673355884,NA,"yes"
NA,NA,"Caribbean",NA,"Vegetables","Gross Production Value (constant 2014-2016 thousand I$)","1000 Int$",2020,5253.488102540734,NA,"yes"
NA,NA,"Caribbean",NA,"Vegetables","Gross Production Value (constant 2014-2016 thousand I$)","1000 Int$",2021,5378.358062697536,NA,"yes"
NA,NA,"Caribbean",NA,"Vegetables","Gross Production Value (constant 2014-2016 thousand I$)","1000 Int$",2022,5814.800774371827,NA,"yes"
NA,NA,"Caribbean",NA,"Vegetables","Gross Production Value (constant 2014-2016 thousand I$)","1000 Int$",2023,6519.245155429366,NA,"yes"
NA,NA,"Caribbean",NA,"Vegetables","Gross Production Value (constant 2014-2016 thousand US$)","1000 USD",1992,3515.004344193818,NA,"yes"
NA,NA,"Caribbean",NA,"Vegetables","Gross Production Value (constant 2014-2016 thousand US$)","1000 USD",1993,3917.082121971596,NA,"yes"
NA,NA,"Caribbean",NA,"Vegetables","Gross Production Value (constant 2014-2016 thousand US$)","1000 USD",1994,4179.201127819549,NA,"yes"
NA,NA,"Caribbean",NA,"Vegetables","Gross Production Value (constant 2014-2016 thousand US$)","1000 USD",1995,4682.530576441102,NA,"yes"
NA,NA,"Caribbean",NA,"Vegetables","Gross Production Value (constant 2014-2016 thousand US$)","1000 USD",1996,4844.9345864661655,NA,"yes"
NA,NA,"Caribbean",NA,"Vegetables","Gross Production Value (constant 2014-2016 thousand US$)","1000 USD",1997,4386.670071010861,NA,"yes"
NA,NA,"Caribbean",NA,"Vegetables","Gross Production Value (constant 2014-2016 thousand US$)","1000 USD",1998,4518.319235588972,NA,"yes"
NA,NA,"Caribbean",NA,"Vegetables","Gross Production Value (constant 2014-2016 thousand US$)","1000 USD",1999,5054.846762740184,NA,"yes"
NA,NA,"Caribbean",NA,"Vegetables","Gross Production Value (constant 2014-2016 thousand US$)","1000 USD",2000,4745.776733500417,NA,"yes"
NA,NA,"Caribbean",NA,"Vegetables","Gross Production Value (constant 2014-2016 thousand US$)","1000 USD",2001,4938.349895572264,NA,"yes"
NA,NA,"Caribbean",NA,"Vegetables","Gross Production Value (constant 2014-2016 thousand US$)","1000 USD",2002,4950.849519632415,NA,"yes"
NA,NA,"Caribbean",NA,"Vegetables","Gross Production Value (constant 2014-2016 thousand US$)","1000 USD",2003,5351.441624895572,NA,"yes"
NA,NA,"Caribbean",NA,"Vegetables","Gross Production Value (constant 2014-2016 thousand US$)","1000 USD",2004,4422.935233918129,NA,"yes"
NA,NA,"Caribbean",NA,"Vegetables","Gross Production Value (constant 2014-2016 thousand US$)","1000 USD",2005,4555.9236842105265,NA,"yes"
NA,NA,"Caribbean",NA,"Vegetables","Gross Production Value (constant 2014-2016 thousand US$)","1000 USD",2006,5002.809377610693,NA,"yes"
NA,NA,"Caribbean",NA,"Vegetables","Gross Production Value (constant 2014-2016 thousand US$)","1000 USD",2007,4829.94596908939,NA,"yes"
NA,NA,"Caribbean",NA,"Vegetables","Gross Production Value (constant 2014-2016 thousand US$)","1000 USD",2008,4657.409523809523,NA,"yes"
NA,NA,"Caribbean",NA,"Vegetables","Gross Production Value (constant 2014-2016 thousand US$)","1000 USD",2009,4807.6611946533,NA,"yes"
NA,NA,"Caribbean",NA,"Vegetables","Gross Production Value (constant 2014-2016 thousand US$)","1000 USD",2010,4880.816019214703,NA,"yes"
NA,NA,"Caribbean",NA,"Vegetables","Gross Production Value (constant 2014-2016 thousand US$)","1000 USD",2011,6232.0697786132,NA,"yes"
NA,NA,"Caribbean",NA,"Vegetables","Gross Production Value (constant 2014-2016 thousand US$)","1000 USD",2012,6264.652861319966,NA,"yes"
NA,NA,"Caribbean",NA,"Vegetables","Gross Production Value (constant 2014-2016 thousand US$)","1000 USD",2013,5966.673120300752,NA,"yes"
NA,NA,"Caribbean",NA,"Vegetables","Gross Production Value (constant 2014-2016 thousand US$)","1000 USD",2014,5605.210192147034,NA,"yes"
NA,NA,"Caribbean",NA,"Vegetables","Gross Production Value (constant 2014-2016 thousand US$)","1000 USD",2015,6159.355680868839,NA,"yes"
NA,NA,"Caribbean",NA,"Vegetables","Gross Production Value (constant 2014-2016 thousand US$)","1000 USD",2016,6585.547263993317,NA,"yes"
NA,NA,"Caribbean",NA,"Vegetables","Gross Production Value (constant 2014-2016 thousand US$)","1000 USD",2017,6268.581829573935,NA,"yes"
NA,NA,"Caribbean",NA,"Vegetables","Gross Production Value (constant 2014-2016 thousand US$)","1000 USD",2018,6821.441228070175,NA,"yes"
NA,NA,"Caribbean",NA,"Vegetables","Gross Production Value (constant 2014-2016 thousand US$)","1000 USD",2019,6906.616019214704,NA,"yes"
NA,NA,"Caribbean",NA,"Vegetables","Gross Production Value (constant 2014-2016 thousand US$)","1000 USD",2020,6729.884231411863,NA,"yes"
NA,NA,"Caribbean",NA,"Vegetables","Gross Production Value (constant 2014-2016 thousand US$)","1000 USD",2021,6828.397117794486,NA,"yes"
NA,NA,"Caribbean",NA,"Vegetables","Gross Production Value (constant 2014-2016 thousand US$)","1000 USD",2022,8220.494340016709,NA,"yes"
NA,NA,"Caribbean",NA,"Vegetables","Gross Production Value (constant 2014-2016 thousand US$)","1000 USD",2023,9628.225793650794,NA,"yes"
